 Entering Gaussian System, Link 0=g09
 AtFile(1): H.gbs
            H     0
            S   10   1.00
               1000.000000000000            0.000068713567
                316.227766000000            0.000169141320
                100.000000000000            0.000823394812
                 31.622776600000            0.003425569236
                 10.000000000000            0.013951996000
                  3.162277660000            0.056909313560
                  1.000000000000            0.198286399900
                  0.316227766000            0.496922426700
                  0.100000000000            0.369846276400
                  0.031622776600            0.003752720039
            ****
 Initial command:
 /projects/guscus/apps/gau/g09-e1/g09/l1.exe "/users/lcj1/gaussian/h12/rhfstability/rect/Gau-3983.inp" -scrdir="/users/lcj1/gaussian/h12/rhfstability/rect/"
 Entering Link 1 = /projects/guscus/apps/gau/g09-e1/g09/l1.exe PID=      3984.
  
 Copyright (c) 1988,1990,1992,1993,1995,1998,2003,2009,2015,
            Gaussian, Inc.  All Rights Reserved.
  
 This is part of the Gaussian(R) 09 program.  It is based on
 the Gaussian(R) 03 system (copyright 2003, Gaussian, Inc.),
 the Gaussian(R) 98 system (copyright 1998, Gaussian, Inc.),
 the Gaussian(R) 94 system (copyright 1995, Gaussian, Inc.),
 the Gaussian 92(TM) system (copyright 1992, Gaussian, Inc.),
 the Gaussian 90(TM) system (copyright 1990, Gaussian, Inc.),
 the Gaussian 88(TM) system (copyright 1988, Gaussian, Inc.),
 the Gaussian 86(TM) system (copyright 1986, Carnegie Mellon
 University), and the Gaussian 82(TM) system (copyright 1983,
 Carnegie Mellon University). Gaussian is a federally registered
 trademark of Gaussian, Inc.
  
 This software contains proprietary and confidential information,
 including trade secrets, belonging to Gaussian, Inc.
  
 This software is provided under written license and may be
 used, copied, transmitted, or stored only in accord with that
 written license.
  
 The following legend is applicable only to US Government
 contracts under FAR:
  
                    RESTRICTED RIGHTS LEGEND
  
 Use, reproduction and disclosure by the US Government is
 subject to restrictions as set forth in subparagraphs (a)
 and (c) of the Commercial Computer Software - Restricted
 Rights clause in FAR 52.227-19.
  
 Gaussian, Inc.
 340 Quinnipiac St., Bldg. 40, Wallingford CT 06492
  
  
 ---------------------------------------------------------------
 Warning -- This program may not be used in any manner that
 competes with the business of Gaussian, Inc. or will provide
 assistance to any competitor of Gaussian, Inc.  The licensee
 of this program is prohibited from giving any competitor of
 Gaussian, Inc. access to this program.  By using this program,
 the user acknowledges that Gaussian, Inc. is engaged in the
 business of creating and licensing software in the field of
 computational chemistry and represents and warrants to the
 licensee that it is not a competitor of Gaussian, Inc. and that
 it will not use this program in any manner prohibited above.
 ---------------------------------------------------------------
  

 Cite this work as:
 Gaussian 09, Revision E.01,
 M. J. Frisch, G. W. Trucks, H. B. Schlegel, G. E. Scuseria, 
 M. A. Robb, J. R. Cheeseman, G. Scalmani, V. Barone, B. Mennucci, 
 G. A. Petersson, H. Nakatsuji, M. Caricato, X. Li, H. P. Hratchian, 
 A. F. Izmaylov, J. Bloino, G. Zheng, J. L. Sonnenberg, M. Hada, 
 M. Ehara, K. Toyota, R. Fukuda, J. Hasegawa, M. Ishida, T. Nakajima, 
 Y. Honda, O. Kitao, H. Nakai, T. Vreven, J. A. Montgomery, Jr., 
 J. E. Peralta, F. Ogliaro, M. Bearpark, J. J. Heyd, E. Brothers, 
 K. N. Kudin, V. N. Staroverov, T. Keith, R. Kobayashi, J. Normand, 
 K. Raghavachari, A. Rendell, J. C. Burant, S. S. Iyengar, J. Tomasi, 
 M. Cossi, N. Rega, J. M. Millam, M. Klene, J. E. Knox, J. B. Cross, 
 V. Bakken, C. Adamo, J. Jaramillo, R. Gomperts, R. E. Stratmann, 
 O. Yazyev, A. J. Austin, R. Cammi, C. Pomelli, J. W. Ochterski, 
 R. L. Martin, K. Morokuma, V. G. Zakrzewski, G. A. Voth, 
 P. Salvador, J. J. Dannenberg, S. Dapprich, A. D. Daniels, 
 O. Farkas, J. B. Foresman, J. V. Ortiz, J. Cioslowski, 
 and D. J. Fox, Gaussian, Inc., Wallingford CT, 2013.
 
 ******************************************
 Gaussian 09:  ES64L-G09RevE.01 30-Nov-2015
                10-Feb-2017 
 ******************************************
 %chk=h12.chk
 ----------------------------------------------------------------------
 #rhf/gen scf(symm,tight,novaracc,noincfock,fulldiag) stable(crhf) gues
 s=read geom=nocrowd test
 ----------------------------------------------------------------------
 1/38=1/1;
 2/12=1,17=6,18=5,40=1/2;
 3/5=7,16=1,25=1,30=1,116=1/1,2,3;
 4/5=1,9=4/1;
 5/5=100002,15=2,16=1,32=2,38=6/2;
 8/6=1,10=90,11=11/1,4;
 9/8=4,13=1/2;
 6/7=2,8=2,9=2,10=2,28=1/1;
 99/5=1,9=1/99;
 ----------------------------------------------------------------------
 hf stability analysis of h10 triangular lattice, y= 0.3650915174764740
 0
 ----------------------------------------------------------------------
 Symbolic Z-matrix:
 Charge =  0 Multiplicity = 1
 H
 H                    1     1.62298 
 H                    1     1.62298  2     154. 
 H                    2     1.62298  1     26.      3     0.       0
 H                    2     1.62298  1     180.     3     0.       0
 H                    4     1.62298  3     180.     5     0.       0
 H                    6     1.62298  5     180.     3     0.       0
 H                    4     1.62298  2     180.     3     0.       0
 H                    3     1.62298  1     180.     4     0.       0
 H                    9     1.62298  3     180.     4     0.       0
 H                    8     1.62298  4     180.     3     0.       0
 H                    7     1.62298  6     180.     3     0.       0
 
                          Input orientation:                          
 ---------------------------------------------------------------------
 Center     Atomic      Atomic             Coordinates (Angstroms)
 Number     Number       Type             X           Y           Z
 ---------------------------------------------------------------------
      1          1           0        0.000000    0.000000    0.000000
      2          1           0        0.000000    0.000000    1.622982
      3          1           0        0.711468    0.000000   -1.458727
      4          1           0        0.711468    0.000000    0.164255
      5          1           0        0.000000    0.000000    3.245964
      6          1           0        0.711468    0.000000    1.787237
      7          1           0        1.422937    0.000000    0.328511
      8          1           0        1.422937    0.000000   -1.294471
      9          1           0        1.422937    0.000000   -2.917453
     10          1           0        2.134405    0.000000   -4.376180
     11          1           0        2.134405    0.000000   -2.753198
     12          1           0        2.134405    0.000000   -1.130216
 ---------------------------------------------------------------------
                    Distance matrix (angstroms):
                    1          2          3          4          5
     1  H    0.000000
     2  H    1.622982   0.000000
     3  H    1.622982   3.162770   0.000000
     4  H    0.730183   1.622982   1.622982   0.000000
     5  H    3.245964   1.622982   4.758182   3.162770   0.000000
     6  H    1.923644   0.730183   3.245964   1.622982   1.622982
     7  H    1.460366   1.923644   1.923644   0.730183   3.245964
     8  H    1.923644   3.245964   0.730183   1.622982   4.758182
     9  H    3.245964   4.758182   1.622982   3.162770   6.325540
    10  H    4.868946   6.367545   3.245964   4.758182   7.915350
    11  H    3.483645   4.868946   1.923644   3.245964   6.367545
    12  H    2.415176   3.483645   1.460366   1.923644   4.868946
                    6          7          8          9         10
     6  H    0.000000
     7  H    1.622982   0.000000
     8  H    3.162770   1.622982   0.000000
     9  H    4.758182   3.245964   1.622982   0.000000
    10  H    6.325540   4.758182   3.162770   1.622982   0.000000
    11  H    4.758182   3.162770   1.622982   0.730183   1.622982
    12  H    3.245964   1.622982   0.730183   1.923644   3.245964
                   11         12
    11  H    0.000000
    12  H    1.622982   0.000000
 Stoichiometry    H12
 Framework group  C2H[SGH(H12)]
 Deg. of freedom    11
 Full point group                 C2H     NOp   4
 Largest Abelian subgroup         C2H     NOp   4
 Largest concise Abelian subgroup C2      NOp   2
                         Standard orientation:                         
 ---------------------------------------------------------------------
 Center     Atomic      Atomic             Coordinates (Angstroms)
 Number     Number       Type             X           Y           Z
 ---------------------------------------------------------------------
      1          1           0        0.711468    0.975746    0.000000
      2          1           0        0.000000    2.434473    0.000000
      3          1           0        0.711468   -0.647236    0.000000
      4          1           0        0.000000    0.811491    0.000000
      5          1           0       -0.711468    3.893200    0.000000
      6          1           0       -0.711468    2.270218    0.000000
      7          1           0       -0.711468    0.647236    0.000000
      8          1           0        0.000000   -0.811491    0.000000
      9          1           0        0.711468   -2.270218    0.000000
     10          1           0        0.711468   -3.893200    0.000000
     11          1           0        0.000000   -2.434473    0.000000
     12          1           0       -0.711468   -0.975746    0.000000
 ---------------------------------------------------------------------
 Rotational constants (GHZ):    181.2015398      8.6732579      8.2770737
 General basis read from cards:  (5D, 7F)
 There are     6 symmetry adapted cartesian basis functions of AG  symmetry.
 There are     0 symmetry adapted cartesian basis functions of BG  symmetry.
 There are     0 symmetry adapted cartesian basis functions of AU  symmetry.
 There are     6 symmetry adapted cartesian basis functions of BU  symmetry.
 There are     6 symmetry adapted basis functions of AG  symmetry.
 There are     0 symmetry adapted basis functions of BG  symmetry.
 There are     0 symmetry adapted basis functions of AU  symmetry.
 There are     6 symmetry adapted basis functions of BU  symmetry.
    12 basis functions,   120 primitive gaussians,    12 cartesian basis functions
     6 alpha electrons        6 beta electrons
       nuclear repulsion energy        17.2035507607 Hartrees.
 NAtoms=   12 NActive=   12 NUniq=    6 SFac= 4.00D+00 NAtFMM=   60 NAOKFM=F Big=F
 Integral buffers will be    131072 words long.
 Regular integral format.
 Two-electron integral symmetry is turned on.
 One-electron integrals computed using PRISM.
 NBasis=    12 RedAO= T EigKep=  9.60D-02  NBF=     6     0     0     6
 NBsUse=    12 1.00D-06 EigRej= -1.00D+00 NBFU=     6     0     0     6
 Initial guess from the checkpoint file:  "h12.chk"
 B after Tr=     0.000000   -0.000000    0.000000
         Rot=    0.999982    0.000000   -0.000000   -0.006070 Ang=  -0.70 deg.
 Initial guess orbital symmetries:
       Occupied  (AG) (BU) (AG) (BU) (AG) (AG)
       Virtual   (BU) (BU) (BU) (AG) (AG) (BU)
 Keep R1 ints in memory in symmetry-blocked form, NReq=897442.
 Requested convergence on RMS density matrix=1.00D-08 within 128 cycles.
 Requested convergence on MAX density matrix=1.00D-06.
 Requested convergence on             energy=1.00D-06.
 No special actions if energy rises.
 SCF Done:  E(RHF) =  -5.40765743824     A.U. after    9 cycles
            NFock=  9  Conv=0.12D-08     -V/T= 1.7861
 Range of M.O.s used for correlation:     1    12
 NBasis=    12 NAE=     6 NBE=     6 NFC=     0 NFV=     0
 NROrb=     12 NOA=     6 NOB=     6 NVA=     6 NVB=     6

 **** Warning!!: The smallest alpha delta epsilon is  0.92777114D-02

 Semi-Direct transformation.
 ModeAB=           4 MOrb=             6 LenV=     134090275
 LASXX=         2181 LTotXX=        2181 LenRXX=        5115
 LTotAB=        2934 MaxLAS=        3024 LenRXY=           0
 NonZer=        7296 LenScr=      655360 LnRSAI=        3024
 LnScr1=      655360 LExtra=           0 Total=      1318859
 MaxDsk=          -1 SrtSym=           T ITran=            3
 JobTyp=0 Pass  1:  I=   1 to   6.
 (rs|ai) integrals will be sorted in core.
 Spin components of T(2) and E(2):
     alpha-alpha T2 =       0.4510841611D-01 E2=     -0.1137327502D-01
     alpha-beta  T2 =       0.4038220311D+01 E2=     -0.6413991797D+00
     beta-beta   T2 =       0.4510841611D-01 E2=     -0.1137327502D-01
 ANorm=    0.2264605295D+01
 E2 =    -0.6641457298D+00 EUMP2 =    -0.60718031680174D+01
 Second order stability test of a single determinant RHF wave function:
 Stabil:  MDV=134217728
 ***********************************************************************
 Matrix         Lowest Root    Major Pairs
 ***********************************************************************
 Internal RHF    -0.1392123    6A=7A
 RRHF --> CRHF   -0.1680553    5A=7A
 RRHF --> RUHF   -0.5379146    6A=8B
 Not stable.
 ***********************************************************************

 **********************************************************************

            Population analysis using the SCF density.

 **********************************************************************

 Orbital symmetries:
       Occupied  (AG) (BU) (AG) (BU) (AG) (AG)
       Virtual   (BU) (BU) (BU) (AG) (AG) (BU)
 The electronic state is 1-AG.
 Alpha  occ. eigenvalues --   -0.88100  -0.78287  -0.62736  -0.57973  -0.22997
 Alpha  occ. eigenvalues --   -0.15541
 Alpha virt. eigenvalues --   -0.14613  -0.08020   0.44655   0.47648   0.72313
 Alpha virt. eigenvalues --    0.91997
          Condensed to atoms (all electrons):
               1          2          3          4          5          6
     1  H    1.261393   0.028110  -0.366163   0.327153  -0.000332  -0.100764
     2  H    0.028110   0.704611  -0.010007  -0.079452  -0.054229   0.471177
     3  H   -0.366163  -0.010007   1.090674  -0.053052   0.000211   0.010406
     4  H    0.327153  -0.079452  -0.053052   0.939135  -0.000765  -0.088714
     5  H   -0.000332  -0.054229   0.000211  -0.000765   1.176479  -0.059519
     6  H   -0.100764   0.471177   0.010406  -0.088714  -0.059519   0.769186
     7  H   -0.322514  -0.084015   0.200997   0.285875  -0.000153   0.033909
     8  H   -0.039668   0.001543   0.285875  -0.066508   0.000399   0.001065
     9  H   -0.009217   0.000054   0.033909   0.001065  -0.000070   0.000507
    10  H    0.000205  -0.000061  -0.000153   0.000399   0.000018  -0.000070
    11  H    0.008138   0.000351  -0.084015   0.001543  -0.000061   0.000054
    12  H    0.124056   0.008138  -0.322514  -0.039668   0.000205  -0.009217
               7          8          9         10         11         12
     1  H   -0.322514  -0.039668  -0.009217   0.000205   0.008138   0.124056
     2  H   -0.084015   0.001543   0.000054  -0.000061   0.000351   0.008138
     3  H    0.200997   0.285875   0.033909  -0.000153  -0.084015  -0.322514
     4  H    0.285875  -0.066508   0.001065   0.000399   0.001543  -0.039668
     5  H   -0.000153   0.000399  -0.000070   0.000018  -0.000061   0.000205
     6  H    0.033909   0.001065   0.000507  -0.000070   0.000054  -0.009217
     7  H    1.090674  -0.053052   0.010406   0.000211  -0.010007  -0.366163
     8  H   -0.053052   0.939135  -0.088714  -0.000765  -0.079452   0.327153
     9  H    0.010406  -0.088714   0.769186  -0.059519   0.471177  -0.100764
    10  H    0.000211  -0.000765  -0.059519   1.176479  -0.054229  -0.000332
    11  H   -0.010007  -0.079452   0.471177  -0.054229   0.704611   0.028110
    12  H   -0.366163   0.327153  -0.100764  -0.000332   0.028110   1.261393
 Mulliken charges:
               1
     1  H    0.089602
     2  H    0.013779
     3  H    0.213833
     4  H   -0.227011
     5  H   -0.062182
     6  H   -0.028021
     7  H    0.213833
     8  H   -0.227011
     9  H   -0.028021
    10  H   -0.062182
    11  H    0.013779
    12  H    0.089602
 Sum of Mulliken charges =  -0.00000
 Mulliken charges with hydrogens summed into heavy atoms:
               1
 Electronic spatial extent (au):  <R**2>=            261.2213
 Charge=             -0.0000 electrons
 Dipole moment (field-independent basis, Debye):
    X=              0.0000    Y=              0.0000    Z=             -0.0000  Tot=              0.0000
 Quadrupole moment (field-independent basis, Debye-Ang):
   XX=            -14.2310   YY=            -31.2562   ZZ=            -14.8688
   XY=              2.3651   XZ=             -0.0000   YZ=              0.0000
 Traceless Quadrupole moment (field-independent basis, Debye-Ang):
   XX=              5.8877   YY=            -11.1376   ZZ=              5.2498
   XY=              2.3651   XZ=             -0.0000   YZ=              0.0000
 Octapole moment (field-independent basis, Debye-Ang**2):
  XXX=             -0.0000  YYY=              0.0000  ZZZ=             -0.0000  XYY=             -0.0000
  XXY=              0.0000  XXZ=             -0.0000  XZZ=              0.0000  YZZ=              0.0000
  YYZ=             -0.0000  XYZ=              0.0000
 Hexadecapole moment (field-independent basis, Debye-Ang**3):
 XXXX=            -45.8931 YYYY=           -732.0667 ZZZZ=            -17.4795 XXXY=             34.8985
 XXXZ=              0.0000 YYYX=             82.7590 YYYZ=              0.0000 ZZZX=              0.0000
 ZZZY=              0.0000 XXYY=            -97.0595 XXZZ=            -10.6940 YYZZ=            -84.2198
 XXYZ=              0.0000 YYXZ=             -0.0000 ZZXY=             11.6196
 N-N= 1.720355076074D+01 E-N=-4.558896708068D+01  KE= 6.879242814736D+00
 Symmetry AG   KE= 4.715984048029D+00
 Symmetry BG   KE= 0.000000000000D+00
 Symmetry AU   KE= 0.000000000000D+00
 Symmetry BU   KE= 2.163258766707D+00

 Test job not archived.
 1\1\GINC-SULU\Stability\RHF\Gen\H12\LCJ1\10-Feb-2017\0\\#rhf/gen scf(s
 ymm,tight,novaracc,noincfock,fulldiag) stable(crhf) guess=read geom=no
 crowd test\\hf stability analysis of h10 triangular lattice, y= 0.3650
 9151747647400\\0,1\H\H,1,1.6229819796\H,1,1.6229819796,2,154.\H,2,1.62
 29819796,1,26.,3,0.,0\H,2,1.6229819796,1,180.,3,0.,0\H,4,1.6229819796,
 3,180.,5,0.,0\H,6,1.6229819796,5,180.,3,0.,0\H,4,1.6229819796,2,180.,3
 ,0.,0\H,3,1.6229819796,1,180.,4,0.,0\H,9,1.6229819796,3,180.,4,0.,0\H,
 8,1.6229819796,4,180.,3,0.,0\H,7,1.6229819796,6,180.,3,0.,0\\Version=E
 S64L-G09RevE.01\State=1-AG\HF=-5.4076574\MP2=-6.0718032\RMSD=1.190e-09
 \Dipole=0.,0.,0.\Quadrupole=3.3305609,3.9031321,-7.233693,0.,3.9046788
 ,0.\PG=C02H [SGH(H12)]\\@


 THE TEST OF A FIRST RATE INTELLIGENCE IS THE ABILITY TO HOLD TWO OPPOSED
 IDEAS IN THE MIND AT THE SAME TIME, AND STILL RETAIN THE ABILITY TO FUNCTION.
 ONE SHOULD, FOR EXAMPLE, BE ABLE TO SEE THAT THINGS ARE HOPELESS AND YET BE
 DETERMINED TO MAKE THEM OTHERWISE.

                                                       -- F. SCOTT FITZGERALD
 Job cpu time:       0 days  0 hours  0 minutes  0.9 seconds.
 File lengths (MBytes):  RWF=     84 Int=      0 D2E=      0 Chk=      2 Scr=      2
 Normal termination of Gaussian 09 at Fri Feb 10 14:37:45 2017.
