 Entering Gaussian System, Link 0=g09
 AtFile(1): H.gbs
            H     0
            S   10   1.00
               1000.000000000000            0.000068713567
                316.227766000000            0.000169141320
                100.000000000000            0.000823394812
                 31.622776600000            0.003425569236
                 10.000000000000            0.013951996000
                  3.162277660000            0.056909313560
                  1.000000000000            0.198286399900
                  0.316227766000            0.496922426700
                  0.100000000000            0.369846276400
                  0.031622776600            0.003752720039
            ****
 Initial command:
 /projects/guscus/apps/gau/g09-e1/g09/l1.exe "/users/lcj1/gaussian/h12/rhfstability/rect/Gau-6174.inp" -scrdir="/users/lcj1/gaussian/h12/rhfstability/rect/"
 Entering Link 1 = /projects/guscus/apps/gau/g09-e1/g09/l1.exe PID=      6175.
  
 Copyright (c) 1988,1990,1992,1993,1995,1998,2003,2009,2015,
            Gaussian, Inc.  All Rights Reserved.
  
 This is part of the Gaussian(R) 09 program.  It is based on
 the Gaussian(R) 03 system (copyright 2003, Gaussian, Inc.),
 the Gaussian(R) 98 system (copyright 1998, Gaussian, Inc.),
 the Gaussian(R) 94 system (copyright 1995, Gaussian, Inc.),
 the Gaussian 92(TM) system (copyright 1992, Gaussian, Inc.),
 the Gaussian 90(TM) system (copyright 1990, Gaussian, Inc.),
 the Gaussian 88(TM) system (copyright 1988, Gaussian, Inc.),
 the Gaussian 86(TM) system (copyright 1986, Carnegie Mellon
 University), and the Gaussian 82(TM) system (copyright 1983,
 Carnegie Mellon University). Gaussian is a federally registered
 trademark of Gaussian, Inc.
  
 This software contains proprietary and confidential information,
 including trade secrets, belonging to Gaussian, Inc.
  
 This software is provided under written license and may be
 used, copied, transmitted, or stored only in accord with that
 written license.
  
 The following legend is applicable only to US Government
 contracts under FAR:
  
                    RESTRICTED RIGHTS LEGEND
  
 Use, reproduction and disclosure by the US Government is
 subject to restrictions as set forth in subparagraphs (a)
 and (c) of the Commercial Computer Software - Restricted
 Rights clause in FAR 52.227-19.
  
 Gaussian, Inc.
 340 Quinnipiac St., Bldg. 40, Wallingford CT 06492
  
  
 ---------------------------------------------------------------
 Warning -- This program may not be used in any manner that
 competes with the business of Gaussian, Inc. or will provide
 assistance to any competitor of Gaussian, Inc.  The licensee
 of this program is prohibited from giving any competitor of
 Gaussian, Inc. access to this program.  By using this program,
 the user acknowledges that Gaussian, Inc. is engaged in the
 business of creating and licensing software in the field of
 computational chemistry and represents and warrants to the
 licensee that it is not a competitor of Gaussian, Inc. and that
 it will not use this program in any manner prohibited above.
 ---------------------------------------------------------------
  

 Cite this work as:
 Gaussian 09, Revision E.01,
 M. J. Frisch, G. W. Trucks, H. B. Schlegel, G. E. Scuseria, 
 M. A. Robb, J. R. Cheeseman, G. Scalmani, V. Barone, B. Mennucci, 
 G. A. Petersson, H. Nakatsuji, M. Caricato, X. Li, H. P. Hratchian, 
 A. F. Izmaylov, J. Bloino, G. Zheng, J. L. Sonnenberg, M. Hada, 
 M. Ehara, K. Toyota, R. Fukuda, J. Hasegawa, M. Ishida, T. Nakajima, 
 Y. Honda, O. Kitao, H. Nakai, T. Vreven, J. A. Montgomery, Jr., 
 J. E. Peralta, F. Ogliaro, M. Bearpark, J. J. Heyd, E. Brothers, 
 K. N. Kudin, V. N. Staroverov, T. Keith, R. Kobayashi, J. Normand, 
 K. Raghavachari, A. Rendell, J. C. Burant, S. S. Iyengar, J. Tomasi, 
 M. Cossi, N. Rega, J. M. Millam, M. Klene, J. E. Knox, J. B. Cross, 
 V. Bakken, C. Adamo, J. Jaramillo, R. Gomperts, R. E. Stratmann, 
 O. Yazyev, A. J. Austin, R. Cammi, C. Pomelli, J. W. Ochterski, 
 R. L. Martin, K. Morokuma, V. G. Zakrzewski, G. A. Voth, 
 P. Salvador, J. J. Dannenberg, S. Dapprich, A. D. Daniels, 
 O. Farkas, J. B. Foresman, J. V. Ortiz, J. Cioslowski, 
 and D. J. Fox, Gaussian, Inc., Wallingford CT, 2013.
 
 ******************************************
 Gaussian 09:  ES64L-G09RevE.01 30-Nov-2015
                10-Feb-2017 
 ******************************************
 %chk=h12.chk
 ----------------------------------------------------------------------
 #rhf/gen scf(symm,tight,novaracc,noincfock,fulldiag) stable(crhf) gues
 s=read geom=nocrowd test
 ----------------------------------------------------------------------
 1/38=1/1;
 2/12=1,17=6,18=5,40=1/2;
 3/5=7,16=1,25=1,30=1,116=1/1,2,3;
 4/5=1,9=4/1;
 5/5=100002,15=2,16=1,32=2,38=6/2;
 8/6=1,10=90,11=11/1,4;
 9/8=4,13=1/2;
 6/7=2,8=2,9=2,10=2,28=1/1;
 99/5=1,9=1/99;
 ----------------------------------------------------------------------
 hf stability analysis of h10 triangular lattice, y= 1.1662555983306084
 ----------------------------------------------------------------------
 Symbolic Z-matrix:
 Charge =  0 Multiplicity = 1
 H
 H                    1     1.26697 
 H                    1     1.26697  2     46. 
 H                    2     1.26697  1     134.     3     0.       0
 H                    2     1.26697  1     180.     3     0.       0
 H                    4     1.26697  3     180.     5     0.       0
 H                    6     1.26697  5     180.     3     0.       0
 H                    4     1.26697  2     180.     3     0.       0
 H                    3     1.26697  1     180.     4     0.       0
 H                    9     1.26697  3     180.     4     0.       0
 H                    8     1.26697  4     180.     3     0.       0
 H                    7     1.26697  6     180.     3     0.       0
 
                          Input orientation:                          
 ---------------------------------------------------------------------
 Center     Atomic      Atomic             Coordinates (Angstroms)
 Number     Number       Type             X           Y           Z
 ---------------------------------------------------------------------
      1          1           0        0.000000    0.000000    0.000000
      2          1           0        0.000000    0.000000    1.266974
      3          1           0        0.911385    0.000000    0.880114
      4          1           0        0.911385    0.000000    2.147088
      5          1           0        0.000000    0.000000    2.533948
      6          1           0        0.911385    0.000000    3.414062
      7          1           0        1.822769    0.000000    4.294176
      8          1           0        1.822769    0.000000    3.027202
      9          1           0        1.822769    0.000000    1.760228
     10          1           0        2.734154    0.000000    2.640342
     11          1           0        2.734154    0.000000    3.907316
     12          1           0        2.734154    0.000000    5.174290
 ---------------------------------------------------------------------
                    Distance matrix (angstroms):
                    1          2          3          4          5
     1  H    0.000000
     2  H    1.266974   0.000000
     3  H    1.266974   0.990092   0.000000
     4  H    2.332511   1.266974   1.266974   0.000000
     5  H    2.533948   1.266974   1.888329   0.990092   0.000000
     6  H    3.533616   2.332511   2.533948   1.266974   1.266974
     7  H    4.665022   3.533616   3.533616   2.332511   2.533948
     8  H    3.533616   2.533948   2.332511   1.266974   1.888329
     9  H    2.533948   1.888329   1.266974   0.990092   1.980184
    10  H    3.800922   3.059696   2.533948   1.888329   2.736223
    11  H    4.768932   3.800922   3.533616   2.533948   3.059696
    12  H    5.852254   4.768932   4.665022   3.533616   3.800922
                    6          7          8          9         10
     6  H    0.000000
     7  H    1.266974   0.000000
     8  H    0.990092   1.266974   0.000000
     9  H    1.888329   2.533948   1.266974   0.000000
    10  H    1.980184   1.888329   0.990092   1.266974   0.000000
    11  H    1.888329   0.990092   1.266974   2.332511   1.266974
    12  H    2.533948   1.266974   2.332511   3.533616   2.533948
                   11         12
    11  H    0.000000
    12  H    1.266974   0.000000
 Stoichiometry    H12
 Framework group  C2H[SGH(H12)]
 Deg. of freedom    11
 Full point group                 C2H     NOp   4
 Largest Abelian subgroup         C2H     NOp   4
 Largest concise Abelian subgroup C2      NOp   2
                         Standard orientation:                         
 ---------------------------------------------------------------------
 Center     Atomic      Atomic             Coordinates (Angstroms)
 Number     Number       Type             X           Y           Z
 ---------------------------------------------------------------------
      1          1           0        0.911385    2.780575    0.000000
      2          1           0        0.000000    1.900461    0.000000
      3          1           0        0.911385    1.513601    0.000000
      4          1           0        0.000000    0.633487    0.000000
      5          1           0       -0.911385    1.020347    0.000000
      6          1           0       -0.911385   -0.246627    0.000000
      7          1           0       -0.911385   -1.513601    0.000000
      8          1           0       -0.000000   -0.633487    0.000000
      9          1           0        0.911385    0.246627    0.000000
     10          1           0        0.911385   -1.020347    0.000000
     11          1           0       -0.000000   -1.900461    0.000000
     12          1           0       -0.911385   -2.780575    0.000000
 ---------------------------------------------------------------------
 Rotational constants (GHZ):     99.9941410     15.7169950     13.5821622
 General basis read from cards:  (5D, 7F)
 There are     6 symmetry adapted cartesian basis functions of AG  symmetry.
 There are     0 symmetry adapted cartesian basis functions of BG  symmetry.
 There are     0 symmetry adapted cartesian basis functions of AU  symmetry.
 There are     6 symmetry adapted cartesian basis functions of BU  symmetry.
 There are     6 symmetry adapted basis functions of AG  symmetry.
 There are     0 symmetry adapted basis functions of BG  symmetry.
 There are     0 symmetry adapted basis functions of AU  symmetry.
 There are     6 symmetry adapted basis functions of BU  symmetry.
    12 basis functions,   120 primitive gaussians,    12 cartesian basis functions
     6 alpha electrons        6 beta electrons
       nuclear repulsion energy        18.7973981005 Hartrees.
 NAtoms=   12 NActive=   12 NUniq=    6 SFac= 4.00D+00 NAtFMM=   60 NAOKFM=F Big=F
 Integral buffers will be    131072 words long.
 Regular integral format.
 Two-electron integral symmetry is turned on.
 One-electron integrals computed using PRISM.
 NBasis=    12 RedAO= T EigKep=  1.74D-01  NBF=     6     0     0     6
 NBsUse=    12 1.00D-06 EigRej= -1.00D+00 NBFU=     6     0     0     6
 Initial guess from the checkpoint file:  "h12.chk"
 B after Tr=    -0.000000   -0.000000    0.000000
         Rot=    0.999982    0.000000    0.000000   -0.006070 Ang=  -0.70 deg.
 Initial guess orbital symmetries:
       Occupied  (AG) (BU) (BU) (AG) (AG) (AG)
       Virtual   (BU) (AG) (BU) (BU) (BU) (AG)
 Keep R1 ints in memory in symmetry-blocked form, NReq=902188.
 Requested convergence on RMS density matrix=1.00D-08 within 128 cycles.
 Requested convergence on MAX density matrix=1.00D-06.
 Requested convergence on             energy=1.00D-06.
 No special actions if energy rises.
 SCF Done:  E(RHF) =  -5.40458391501     A.U. after   12 cycles
            NFock= 12  Conv=0.17D-08     -V/T= 1.8120
 Range of M.O.s used for correlation:     1    12
 NBasis=    12 NAE=     6 NBE=     6 NFC=     0 NFV=     0
 NROrb=     12 NOA=     6 NOB=     6 NVA=     6 NVB=     6

 **** Warning!!: The smallest alpha delta epsilon is -0.97158756D-01

 Semi-Direct transformation.
 ModeAB=           4 MOrb=             6 LenV=     134086355
 LASXX=         2181 LTotXX=        2181 LenRXX=        5115
 LTotAB=        2934 MaxLAS=        3024 LenRXY=           0
 NonZer=        7296 LenScr=      655360 LnRSAI=        3024
 LnScr1=      655360 LExtra=           0 Total=      1318859
 MaxDsk=          -1 SrtSym=           T ITran=            3
 JobTyp=0 Pass  1:  I=   1 to   6.
 (rs|ai) integrals will be sorted in core.
 Spin components of T(2) and E(2):
     alpha-alpha T2 =       0.2928234133D-01 E2=     -0.2303929450D-01
     alpha-beta  T2 =       0.1898301999D+01 E2=     -0.3002118602D+00
     beta-beta   T2 =       0.2928234133D-01 E2=     -0.2303929450D-01
 ANorm=    0.1719554210D+01
 E2 =    -0.3462904492D+00 EUMP2 =    -0.57508743641975D+01
 Second order stability test of a single determinant RHF wave function:
 Stabil:  MDV=134217728
 ***********************************************************************
 Matrix         Lowest Root    Major Pairs
 ***********************************************************************
 Internal RHF    -0.1984217    6A=7A 6A=8A 4A=7A 5A=7A
 RRHF --> CRHF   -0.2941689    6A=7A
 RRHF --> RUHF   -0.6256279    6A=7B 6A=8B 4A=7B 4A=8B
 Not stable.
 ***********************************************************************

 **********************************************************************

            Population analysis using the SCF density.

 **********************************************************************

 Orbital symmetries:
       Occupied  (AG) (BU) (BU) (AG) (AG) (AG)
       Virtual   (BU) (BU) (AG) (BU) (AG) (BU)
 The electronic state is 1-AG.
 Alpha  occ. eigenvalues --   -0.96256  -0.77305  -0.57168  -0.54777  -0.32290
 Alpha  occ. eigenvalues --   -0.07926
 Alpha virt. eigenvalues --   -0.17642   0.18247   0.23445   0.27717   0.52210
 Alpha virt. eigenvalues --    0.52224
          Condensed to atoms (all electrons):
               1          2          3          4          5          6
     1  H    1.463767  -0.230219  -0.245805  -0.000950   0.011583   0.004711
     2  H   -0.230219   0.930058   0.295298  -0.009951   0.193814  -0.074351
     3  H   -0.245805   0.295298   1.219887  -0.022731  -0.183771  -0.022523
     4  H   -0.000950  -0.009951  -0.022731   0.545679   0.144769   0.155261
     5  H    0.011583   0.193814  -0.183771   0.144769   1.185109  -0.039132
     6  H    0.004711  -0.074351  -0.022523   0.155261  -0.039132   0.896344
     7  H   -0.002516   0.006683   0.020734  -0.032389  -0.061382   0.129357
     8  H   -0.000481  -0.039004  -0.032389   0.070819  -0.035707   0.102259
     9  H    0.032424  -0.128314   0.129357   0.102259  -0.162795   0.021985
    10  H    0.003077   0.009677  -0.061382  -0.035707   0.043069  -0.162795
    11  H   -0.001768   0.011575   0.006683  -0.039004   0.009677  -0.128314
    12  H    0.000729  -0.001768  -0.002516  -0.000481   0.003077   0.032424
               7          8          9         10         11         12
     1  H   -0.002516  -0.000481   0.032424   0.003077  -0.001768   0.000729
     2  H    0.006683  -0.039004  -0.128314   0.009677   0.011575  -0.001768
     3  H    0.020734  -0.032389   0.129357  -0.061382   0.006683  -0.002516
     4  H   -0.032389   0.070819   0.102259  -0.035707  -0.039004  -0.000481
     5  H   -0.061382  -0.035707  -0.162795   0.043069   0.009677   0.003077
     6  H    0.129357   0.102259   0.021985  -0.162795  -0.128314   0.032424
     7  H    1.219887  -0.022731  -0.022523  -0.183771   0.295298  -0.245805
     8  H   -0.022731   0.545679   0.155261   0.144769  -0.009951  -0.000950
     9  H   -0.022523   0.155261   0.896344  -0.039132  -0.074351   0.004711
    10  H   -0.183771   0.144769  -0.039132   1.185109   0.193814   0.011583
    11  H    0.295298  -0.009951  -0.074351   0.193814   0.930058  -0.230219
    12  H   -0.245805  -0.000950   0.004711   0.011583  -0.230219   1.463767
 Mulliken charges:
               1
     1  H   -0.034552
     2  H    0.036502
     3  H   -0.100842
     4  H    0.122425
     5  H   -0.108309
     6  H    0.084775
     7  H   -0.100842
     8  H    0.122425
     9  H    0.084775
    10  H   -0.108309
    11  H    0.036502
    12  H   -0.034552
 Sum of Mulliken charges =   0.00000
 Mulliken charges with hydrogens summed into heavy atoms:
               1
 Electronic spatial extent (au):  <R**2>=            174.8031
 Charge=              0.0000 electrons
 Dipole moment (field-independent basis, Debye):
    X=              0.0000    Y=              0.0000    Z=             -0.0000  Tot=              0.0000
 Quadrupole moment (field-independent basis, Debye-Ang):
   XX=            -19.1001   YY=            -23.6176   ZZ=            -15.0636
   XY=             -1.2802   XZ=             -0.0000   YZ=              0.0000
 Traceless Quadrupole moment (field-independent basis, Debye-Ang):
   XX=              0.1603   YY=             -4.3571   ZZ=              4.1969
   XY=             -1.2802   XZ=             -0.0000   YZ=              0.0000
 Octapole moment (field-independent basis, Debye-Ang**2):
  XXX=              0.0000  YYY=              0.0000  ZZZ=             -0.0000  XYY=              0.0000
  XXY=              0.0000  XXZ=             -0.0000  XZZ=              0.0000  YZZ=              0.0000
  YYZ=             -0.0000  XYZ=             -0.0000
 Hexadecapole moment (field-independent basis, Debye-Ang**3):
 XXXX=            -79.8796 YYYY=           -342.3455 ZZZZ=            -17.7960 XXXY=            -28.0519
 XXXZ=              0.0000 YYYX=            -52.6917 YYYZ=              0.0000 ZZZX=              0.0000
 ZZZY=              0.0000 XXYY=            -71.9807 XXZZ=            -15.7725 YYZZ=            -46.4609
 XXYZ=              0.0000 YYXZ=              0.0000 ZZXY=             -8.2250
 N-N= 1.879739810053D+01 E-N=-4.854500710775D+01  KE= 6.655495123250D+00
 Symmetry AG   KE= 4.938979626382D+00
 Symmetry BG   KE= 0.000000000000D+00
 Symmetry AU   KE= 0.000000000000D+00
 Symmetry BU   KE= 1.716515496869D+00

 Test job not archived.
 1\1\GINC-SULU\Stability\RHF\Gen\H12\LCJ1\10-Feb-2017\0\\#rhf/gen scf(s
 ymm,tight,novaracc,noincfock,fulldiag) stable(crhf) guess=read geom=no
 crowd test\\hf stability analysis of h10 triangular lattice, y= 1.1662
 555983306084\\0,1\H\H,1,1.2669738545\H,1,1.2669738545,2,46.\H,2,1.2669
 738545,1,134.,3,0.,0\H,2,1.2669738545,1,180.,3,0.,0\H,4,1.2669738545,3
 ,180.,5,0.,0\H,6,1.2669738545,5,180.,3,0.,0\H,4,1.2669738545,2,180.,3,
 0.,0\H,3,1.2669738545,1,180.,4,0.,0\H,9,1.2669738545,3,180.,4,0.,0\H,8
 ,1.2669738545,4,180.,3,0.,0\H,7,1.2669738545,6,180.,3,0.,0\\Version=ES
 64L-G09RevE.01\State=1-AG\HF=-5.4045839\MP2=-5.7508744\RMSD=1.739e-09\
 Dipole=0.,0.,0.\Quadrupole=-0.66752,3.1202577,-2.4527376,0.,-1.7114991
 ,0.\PG=C02H [SGH(H12)]\\@


 IF YOU WANT TO LEARN FROM THE THEORETICAL PHYSICISTS ABOUT THE
 METHODS WHICH THEY USE, I ADVISE YOU TO FOLLOW THIS PRINCIPLE VERY STRICTLY:
 DON'T LISTEN TO THEIR WORDS; PAY ATTENTION, INSTEAD, TO THEIR ACTIONS.
 -- A.EINSTEIN, 1934
 Job cpu time:       0 days  0 hours  0 minutes  1.0 seconds.
 File lengths (MBytes):  RWF=     84 Int=      0 D2E=      0 Chk=      2 Scr=      2
 Normal termination of Gaussian 09 at Fri Feb 10 14:39:55 2017.
