 Entering Gaussian System, Link 0=g09
 AtFile(1): H.gbs
            H     0
            S   10   1.00
               1000.000000000000            0.000068713567
                316.227766000000            0.000169141320
                100.000000000000            0.000823394812
                 31.622776600000            0.003425569236
                 10.000000000000            0.013951996000
                  3.162277660000            0.056909313560
                  1.000000000000            0.198286399900
                  0.316227766000            0.496922426700
                  0.100000000000            0.369846276400
                  0.031622776600            0.003752720039
            ****
 Initial command:
 /projects/guscus/apps/gau/g09-e1/g09/l1.exe "/users/lcj1/gaussian/h12/rhfstability/rect/Gau-5200.inp" -scrdir="/users/lcj1/gaussian/h12/rhfstability/rect/"
 Entering Link 1 = /projects/guscus/apps/gau/g09-e1/g09/l1.exe PID=      5201.
  
 Copyright (c) 1988,1990,1992,1993,1995,1998,2003,2009,2015,
            Gaussian, Inc.  All Rights Reserved.
  
 This is part of the Gaussian(R) 09 program.  It is based on
 the Gaussian(R) 03 system (copyright 2003, Gaussian, Inc.),
 the Gaussian(R) 98 system (copyright 1998, Gaussian, Inc.),
 the Gaussian(R) 94 system (copyright 1995, Gaussian, Inc.),
 the Gaussian 92(TM) system (copyright 1992, Gaussian, Inc.),
 the Gaussian 90(TM) system (copyright 1990, Gaussian, Inc.),
 the Gaussian 88(TM) system (copyright 1988, Gaussian, Inc.),
 the Gaussian 86(TM) system (copyright 1986, Carnegie Mellon
 University), and the Gaussian 82(TM) system (copyright 1983,
 Carnegie Mellon University). Gaussian is a federally registered
 trademark of Gaussian, Inc.
  
 This software contains proprietary and confidential information,
 including trade secrets, belonging to Gaussian, Inc.
  
 This software is provided under written license and may be
 used, copied, transmitted, or stored only in accord with that
 written license.
  
 The following legend is applicable only to US Government
 contracts under FAR:
  
                    RESTRICTED RIGHTS LEGEND
  
 Use, reproduction and disclosure by the US Government is
 subject to restrictions as set forth in subparagraphs (a)
 and (c) of the Commercial Computer Software - Restricted
 Rights clause in FAR 52.227-19.
  
 Gaussian, Inc.
 340 Quinnipiac St., Bldg. 40, Wallingford CT 06492
  
  
 ---------------------------------------------------------------
 Warning -- This program may not be used in any manner that
 competes with the business of Gaussian, Inc. or will provide
 assistance to any competitor of Gaussian, Inc.  The licensee
 of this program is prohibited from giving any competitor of
 Gaussian, Inc. access to this program.  By using this program,
 the user acknowledges that Gaussian, Inc. is engaged in the
 business of creating and licensing software in the field of
 computational chemistry and represents and warrants to the
 licensee that it is not a competitor of Gaussian, Inc. and that
 it will not use this program in any manner prohibited above.
 ---------------------------------------------------------------
  

 Cite this work as:
 Gaussian 09, Revision E.01,
 M. J. Frisch, G. W. Trucks, H. B. Schlegel, G. E. Scuseria, 
 M. A. Robb, J. R. Cheeseman, G. Scalmani, V. Barone, B. Mennucci, 
 G. A. Petersson, H. Nakatsuji, M. Caricato, X. Li, H. P. Hratchian, 
 A. F. Izmaylov, J. Bloino, G. Zheng, J. L. Sonnenberg, M. Hada, 
 M. Ehara, K. Toyota, R. Fukuda, J. Hasegawa, M. Ishida, T. Nakajima, 
 Y. Honda, O. Kitao, H. Nakai, T. Vreven, J. A. Montgomery, Jr., 
 J. E. Peralta, F. Ogliaro, M. Bearpark, J. J. Heyd, E. Brothers, 
 K. N. Kudin, V. N. Staroverov, T. Keith, R. Kobayashi, J. Normand, 
 K. Raghavachari, A. Rendell, J. C. Burant, S. S. Iyengar, J. Tomasi, 
 M. Cossi, N. Rega, J. M. Millam, M. Klene, J. E. Knox, J. B. Cross, 
 V. Bakken, C. Adamo, J. Jaramillo, R. Gomperts, R. E. Stratmann, 
 O. Yazyev, A. J. Austin, R. Cammi, C. Pomelli, J. W. Ochterski, 
 R. L. Martin, K. Morokuma, V. G. Zakrzewski, G. A. Voth, 
 P. Salvador, J. J. Dannenberg, S. Dapprich, A. D. Daniels, 
 O. Farkas, J. B. Foresman, J. V. Ortiz, J. Cioslowski, 
 and D. J. Fox, Gaussian, Inc., Wallingford CT, 2013.
 
 ******************************************
 Gaussian 09:  ES64L-G09RevE.01 30-Nov-2015
                10-Feb-2017 
 ******************************************
 %chk=h12.chk
 ----------------------------------------------------------------------
 #rhf/gen scf(symm,tight,novaracc,noincfock,fulldiag) stable(crhf) gues
 s=read geom=nocrowd test
 ----------------------------------------------------------------------
 1/38=1/1;
 2/12=1,17=6,18=5,40=1/2;
 3/5=7,16=1,25=1,30=1,116=1/1,2,3;
 4/5=1,9=4/1;
 5/5=100002,15=2,16=1,32=2,38=6/2;
 8/6=1,10=90,11=11/1,4;
 9/8=4,13=1/2;
 6/7=2,8=2,9=2,10=2,28=1/1;
 99/5=1,9=1/99;
 ----------------------------------------------------------------------
 hf stability analysis of h10 triangular lattice, y= 0.7337491795890599
 4
 ----------------------------------------------------------------------
 Symbolic Z-matrix:
 Charge =  0 Multiplicity = 1
 H
 H                    1     1.07588 
 H                    1     1.07588  2     94. 
 H                    2     1.07588  1     86.      3     0.       0
 H                    2     1.07588  1     180.     3     0.       0
 H                    4     1.07588  3     180.     5     0.       0
 H                    6     1.07588  5     180.     3     0.       0
 H                    4     1.07588  2     180.     3     0.       0
 H                    3     1.07588  1     180.     4     0.       0
 H                    9     1.07588  3     180.     4     0.       0
 H                    8     1.07588  4     180.     3     0.       0
 H                    7     1.07588  6     180.     3     0.       0
 
                          Input orientation:                          
 ---------------------------------------------------------------------
 Center     Atomic      Atomic             Coordinates (Angstroms)
 Number     Number       Type             X           Y           Z
 ---------------------------------------------------------------------
      1          1           0        0.000000    0.000000    0.000000
      2          1           0        0.000000    0.000000    1.075881
      3          1           0        1.073260    0.000000   -0.075050
      4          1           0        1.073260    0.000000    1.000831
      5          1           0        0.000000    0.000000    2.151762
      6          1           0        1.073260    0.000000    2.076713
      7          1           0        2.146521    0.000000    2.001663
      8          1           0        2.146521    0.000000    0.925782
      9          1           0        2.146521    0.000000   -0.150099
     10          1           0        3.219781    0.000000   -0.225149
     11          1           0        3.219781    0.000000    0.850732
     12          1           0        3.219781    0.000000    1.926613
 ---------------------------------------------------------------------
                    Distance matrix (angstroms):
                    1          2          3          4          5
     1  H    0.000000
     2  H    1.075881   0.000000
     3  H    1.075881   1.573699   0.000000
     4  H    1.467498   1.075881   1.075881   0.000000
     5  H    2.151762   1.075881   2.471959   1.573699   0.000000
     6  H    2.337653   1.467498   2.151762   1.075881   1.075881
     7  H    2.934997   2.337653   2.337653   1.467498   2.151762
     8  H    2.337653   2.151762   1.467498   1.075881   2.471959
     9  H    2.151762   2.471959   1.075881   1.573699   3.147399
    10  H    3.227643   3.472703   2.151762   2.471959   4.002087
    11  H    3.330275   3.227643   2.337653   2.151762   3.472703
    12  H    3.752176   3.330275   2.934997   2.337653   3.227643
                    6          7          8          9         10
     6  H    0.000000
     7  H    1.075881   0.000000
     8  H    1.573699   1.075881   0.000000
     9  H    2.471959   2.151762   1.075881   0.000000
    10  H    3.147399   2.471959   1.573699   1.075881   0.000000
    11  H    2.471959   1.573699   1.075881   1.467498   1.075881
    12  H    2.151762   1.075881   1.467498   2.337653   2.151762
                   11         12
    11  H    0.000000
    12  H    1.075881   0.000000
 Stoichiometry    H12
 Framework group  C2H[SGH(H12)]
 Deg. of freedom    11
 Full point group                 C2H     NOp   4
 Largest Abelian subgroup         C2H     NOp   4
 Largest concise Abelian subgroup C2      NOp   2
                         Standard orientation:                         
 ---------------------------------------------------------------------
 Center     Atomic      Atomic             Coordinates (Angstroms)
 Number     Number       Type             X           Y           Z
 ---------------------------------------------------------------------
      1          1           0        1.073260    1.538772   -0.000000
      2          1           0        0.000000    1.613822   -0.000000
      3          1           0        1.073260    0.462891   -0.000000
      4          1           0        0.000000    0.537941   -0.000000
      5          1           0       -1.073260    1.688871   -0.000000
      6          1           0       -1.073260    0.612990   -0.000000
      7          1           0       -1.073260   -0.462891    0.000000
      8          1           0       -0.000000   -0.537941    0.000000
      9          1           0        1.073260   -0.612990   -0.000000
     10          1           0        1.073260   -1.688871   -0.000000
     11          1           0       -0.000000   -1.613822    0.000000
     12          1           0       -1.073260   -1.538772    0.000000
 ---------------------------------------------------------------------
 Rotational constants (GHZ):     54.7157574     28.7231265     18.8354344
 General basis read from cards:  (5D, 7F)
 There are     6 symmetry adapted cartesian basis functions of AG  symmetry.
 There are     0 symmetry adapted cartesian basis functions of BG  symmetry.
 There are     0 symmetry adapted cartesian basis functions of AU  symmetry.
 There are     6 symmetry adapted cartesian basis functions of BU  symmetry.
 There are     6 symmetry adapted basis functions of AG  symmetry.
 There are     0 symmetry adapted basis functions of BG  symmetry.
 There are     0 symmetry adapted basis functions of AU  symmetry.
 There are     6 symmetry adapted basis functions of BU  symmetry.
    12 basis functions,   120 primitive gaussians,    12 cartesian basis functions
     6 alpha electrons        6 beta electrons
       nuclear repulsion energy        20.1696095955 Hartrees.
 NAtoms=   12 NActive=   12 NUniq=    6 SFac= 4.00D+00 NAtFMM=   60 NAOKFM=F Big=F
 Integral buffers will be    131072 words long.
 Regular integral format.
 Two-electron integral symmetry is turned on.
 One-electron integrals computed using PRISM.
 NBasis=    12 RedAO= T EigKep=  1.08D-01  NBF=     6     0     0     6
 NBsUse=    12 1.00D-06 EigRej= -1.00D+00 NBFU=     6     0     0     6
 Initial guess from the checkpoint file:  "h12.chk"
 B after Tr=    -0.000000    0.000000   -0.000000
         Rot=    0.999982   -0.000000   -0.000000   -0.006070 Ang=  -0.70 deg.
 Initial guess orbital symmetries:
       Occupied  (AG) (BU) (BU) (AG) (AG) (AG)
       Virtual   (BU) (BU) (BU) (AG) (AG) (BU)
 Keep R1 ints in memory in symmetry-blocked form, NReq=903868.
 Requested convergence on RMS density matrix=1.00D-08 within 128 cycles.
 Requested convergence on MAX density matrix=1.00D-06.
 Requested convergence on             energy=1.00D-06.
 No special actions if energy rises.
 SCF Done:  E(RHF) =  -5.85367610714     A.U. after    8 cycles
            NFock=  8  Conv=0.56D-09     -V/T= 1.9133
 Range of M.O.s used for correlation:     1    12
 NBasis=    12 NAE=     6 NBE=     6 NFC=     0 NFV=     0
 NROrb=     12 NOA=     6 NOB=     6 NVA=     6 NVB=     6
 Semi-Direct transformation.
 ModeAB=           4 MOrb=             6 LenV=     134084353
 LASXX=         2181 LTotXX=        2181 LenRXX=        5115
 LTotAB=        2934 MaxLAS=        3024 LenRXY=           0
 NonZer=        7296 LenScr=      655360 LnRSAI=        3024
 LnScr1=      655360 LExtra=           0 Total=      1318859
 MaxDsk=          -1 SrtSym=           T ITran=            3
 JobTyp=0 Pass  1:  I=   1 to   6.
 (rs|ai) integrals will be sorted in core.
 Spin components of T(2) and E(2):
     alpha-alpha T2 =       0.1111344911D-01 E2=     -0.1373928737D-01
     alpha-beta  T2 =       0.7913553159D-01 E2=     -0.1105871022D+00
     beta-beta   T2 =       0.1111344911D-01 E2=     -0.1373928737D-01
 ANorm=    0.1049458160D+01
 E2 =    -0.1380656770D+00 EUMP2 =    -0.59917417840906D+01
 Second order stability test of a single determinant RHF wave function:
 Stabil:  MDV=134217728
 ***********************************************************************
 Matrix         Lowest Root    Major Pairs
 ***********************************************************************
 Internal RHF     0.0763019    Stable
 RRHF --> CRHF    0.050312     Stable


 RRHF --> RUHF   -0.0713521    6A=8B 6A=9B 4A=7B 6A=7B 5A=7B 4A=9B 5A=9B 3A=10B 1
 A=12B 2A=11B 2A=10B 1A=9B 3A=11B 4A=8B 5A=8B
 Not stable.
 ***********************************************************************

 **********************************************************************

            Population analysis using the SCF density.

 **********************************************************************

 Orbital symmetries:
       Occupied  (AG) (BU) (BU) (AG) (AG) (AG)
       Virtual   (BU) (BU) (BU) (AG) (AG) (BU)
 The electronic state is 1-AG.
 Alpha  occ. eigenvalues --   -0.93713  -0.75488  -0.66349  -0.47071  -0.44025
 Alpha  occ. eigenvalues --   -0.26863
 Alpha virt. eigenvalues --    0.05615   0.18564   0.19394   0.50838   0.58229
 Alpha virt. eigenvalues --    0.99840
          Condensed to atoms (all electrons):
               1          2          3          4          5          6
     1  H    0.774952   0.150055   0.316846  -0.156338  -0.019687  -0.035331
     2  H    0.150055   0.964226  -0.136814   0.186656   0.146017  -0.145655
     3  H    0.316846  -0.136814   0.963309  -0.225560  -0.026115   0.023263
     4  H   -0.156338   0.186656  -0.225560   1.375583  -0.120396  -0.212569
     5  H   -0.019687   0.146017  -0.026115  -0.120396   0.675050   0.303110
     6  H   -0.035331  -0.145655   0.023263  -0.212569   0.303110   0.954952
     7  H    0.012708  -0.079853   0.064152  -0.198564  -0.008164   0.303514
     8  H   -0.078707   0.010267  -0.198564   0.694608  -0.058011  -0.164191
     9  H   -0.010914  -0.063654   0.303514  -0.164191   0.009267   0.053188
    10  H   -0.003267   0.001249  -0.008164  -0.058011   0.005517   0.009267
    11  H    0.001302   0.023882  -0.079853   0.010267   0.001249  -0.063654
    12  H    0.009648   0.001302   0.012708  -0.078707  -0.003267  -0.010914
               7          8          9         10         11         12
     1  H    0.012708  -0.078707  -0.010914  -0.003267   0.001302   0.009648
     2  H   -0.079853   0.010267  -0.063654   0.001249   0.023882   0.001302
     3  H    0.064152  -0.198564   0.303514  -0.008164  -0.079853   0.012708
     4  H   -0.198564   0.694608  -0.164191  -0.058011   0.010267  -0.078707
     5  H   -0.008164  -0.058011   0.009267   0.005517   0.001249  -0.003267
     6  H    0.303514  -0.164191   0.053188   0.009267  -0.063654  -0.010914
     7  H    0.963309  -0.225560   0.023263  -0.026115  -0.136814   0.316846
     8  H   -0.225560   1.375583  -0.212569  -0.120396   0.186656  -0.156338
     9  H    0.023263  -0.212569   0.954952   0.303110  -0.145655  -0.035331
    10  H   -0.026115  -0.120396   0.303110   0.675050   0.146017  -0.019687
    11  H   -0.136814   0.186656  -0.145655   0.146017   0.964226   0.150055
    12  H    0.316846  -0.156338  -0.035331  -0.019687   0.150055   0.774952
 Mulliken charges:
               1
     1  H    0.038732
     2  H   -0.057679
     3  H   -0.008723
     4  H   -0.052779
     5  H    0.095429
     6  H   -0.014981
     7  H   -0.008723
     8  H   -0.052779
     9  H   -0.014981
    10  H    0.095429
    11  H   -0.057679
    12  H    0.038732
 Sum of Mulliken charges =  -0.00000
 Mulliken charges with hydrogens summed into heavy atoms:
               1
 Electronic spatial extent (au):  <R**2>=            131.8708
 Charge=             -0.0000 electrons
 Dipole moment (field-independent basis, Debye):
    X=              0.0000    Y=             -0.0000    Z=             -0.0000  Tot=              0.0000
 Quadrupole moment (field-independent basis, Debye-Ang):
   XX=            -19.3642   YY=            -14.9340   ZZ=            -15.1970
   XY=             -1.2078   XZ=              0.0000   YZ=              0.0000
 Traceless Quadrupole moment (field-independent basis, Debye-Ang):
   XX=             -2.8658   YY=              1.5644   ZZ=              1.3014
   XY=             -1.2078   XZ=              0.0000   YZ=              0.0000
 Octapole moment (field-independent basis, Debye-Ang**2):
  XXX=             -0.0000  YYY=             -0.0000  ZZZ=              0.0000  XYY=              0.0000
  XXY=             -0.0000  XXZ=              0.0000  XZZ=              0.0000  YZZ=             -0.0000
  YYZ=              0.0000  XYZ=              0.0000
 Hexadecapole moment (field-independent basis, Debye-Ang**3):
 XXXX=           -111.5491 YYYY=           -157.3741 ZZZZ=            -18.0272 XXXY=              0.4282
 XXXZ=              0.0000 YYYX=             -2.6797 YYYZ=              0.0000 ZZZX=              0.0000
 ZZZY=              0.0000 XXYY=            -41.8294 XXZZ=            -19.9110 YYZZ=            -29.2772
 XXYZ=              0.0000 YYXZ=              0.0000 ZZXY=              0.5642
 N-N= 2.016960959552D+01 E-N=-5.138583271176D+01  KE= 6.409425136077D+00
 Symmetry AG   KE= 4.858157184571D+00
 Symmetry BG   KE= 0.000000000000D+00
 Symmetry AU   KE= 0.000000000000D+00
 Symmetry BU   KE= 1.551267951506D+00

 Test job not archived.
 1\1\GINC-SULU\Stability\RHF\Gen\H12\LCJ1\10-Feb-2017\0\\#rhf/gen scf(s
 ymm,tight,novaracc,noincfock,fulldiag) stable(crhf) guess=read geom=no
 crowd test\\hf stability analysis of h10 triangular lattice, y= 0.7337
 4917958905994\\0,1\H\H,1,1.0758811254\H,1,1.0758811254,2,94.\H,2,1.075
 8811254,1,86.,3,0.,0\H,2,1.0758811254,1,180.,3,0.,0\H,4,1.0758811254,3
 ,180.,5,0.,0\H,6,1.0758811254,5,180.,3,0.,0\H,4,1.0758811254,2,180.,3,
 0.,0\H,3,1.0758811254,1,180.,4,0.,0\H,9,1.0758811254,3,180.,4,0.,0\H,8
 ,1.0758811254,4,180.,3,0.,0\H,7,1.0758811254,6,180.,3,0.,0\\Version=ES
 64L-G09RevE.01\State=1-AG\HF=-5.8536761\MP2=-5.9917418\RMSD=5.590e-10\
 Dipole=0.,0.,0.\Quadrupole=1.0220639,0.967564,-1.9896279,0.,-1.1184275
 ,0.\PG=C02H [SGH(H12)]\\@


 IT IS A PROFOUNDLY ERRONEOUS TRUISM ... THAT WE SHOULD CULTIVATE
 THE HABIT OF THINKING OF WHAT WE ARE DOING.
 THE PRECISE OPPOSITE IS THE CASE.
 CIVILIZATION ADVANCES BY EXTENDING THE NUMBER OF IMPORTANT OPERATIONS
 WHICH WE CAN PERFORM WITHOUT THINKING ABOUT THEM.

                                    -- ALFRED NORTH WHITEHEAD
 Job cpu time:       0 days  0 hours  0 minutes  1.0 seconds.
 File lengths (MBytes):  RWF=     84 Int=      0 D2E=      0 Chk=      2 Scr=      2
 Normal termination of Gaussian 09 at Fri Feb 10 14:38:56 2017.
