 Entering Gaussian System, Link 0=g09
 AtFile(1): H.gbs
            H     0
            S   10   1.00
               1000.000000000000            0.000068713567
                316.227766000000            0.000169141320
                100.000000000000            0.000823394812
                 31.622776600000            0.003425569236
                 10.000000000000            0.013951996000
                  3.162277660000            0.056909313560
                  1.000000000000            0.198286399900
                  0.316227766000            0.496922426700
                  0.100000000000            0.369846276400
                  0.031622776600            0.003752720039
            ****
 Initial command:
 /projects/guscus/apps/gau/g09-e1/g09/l1.exe "/users/lcj1/gaussian/h12/rhfstability/rect/Gau-6743.inp" -scrdir="/users/lcj1/gaussian/h12/rhfstability/rect/"
 Entering Link 1 = /projects/guscus/apps/gau/g09-e1/g09/l1.exe PID=      6744.
  
 Copyright (c) 1988,1990,1992,1993,1995,1998,2003,2009,2015,
            Gaussian, Inc.  All Rights Reserved.
  
 This is part of the Gaussian(R) 09 program.  It is based on
 the Gaussian(R) 03 system (copyright 2003, Gaussian, Inc.),
 the Gaussian(R) 98 system (copyright 1998, Gaussian, Inc.),
 the Gaussian(R) 94 system (copyright 1995, Gaussian, Inc.),
 the Gaussian 92(TM) system (copyright 1992, Gaussian, Inc.),
 the Gaussian 90(TM) system (copyright 1990, Gaussian, Inc.),
 the Gaussian 88(TM) system (copyright 1988, Gaussian, Inc.),
 the Gaussian 86(TM) system (copyright 1986, Carnegie Mellon
 University), and the Gaussian 82(TM) system (copyright 1983,
 Carnegie Mellon University). Gaussian is a federally registered
 trademark of Gaussian, Inc.
  
 This software contains proprietary and confidential information,
 including trade secrets, belonging to Gaussian, Inc.
  
 This software is provided under written license and may be
 used, copied, transmitted, or stored only in accord with that
 written license.
  
 The following legend is applicable only to US Government
 contracts under FAR:
  
                    RESTRICTED RIGHTS LEGEND
  
 Use, reproduction and disclosure by the US Government is
 subject to restrictions as set forth in subparagraphs (a)
 and (c) of the Commercial Computer Software - Restricted
 Rights clause in FAR 52.227-19.
  
 Gaussian, Inc.
 340 Quinnipiac St., Bldg. 40, Wallingford CT 06492
  
  
 ---------------------------------------------------------------
 Warning -- This program may not be used in any manner that
 competes with the business of Gaussian, Inc. or will provide
 assistance to any competitor of Gaussian, Inc.  The licensee
 of this program is prohibited from giving any competitor of
 Gaussian, Inc. access to this program.  By using this program,
 the user acknowledges that Gaussian, Inc. is engaged in the
 business of creating and licensing software in the field of
 computational chemistry and represents and warrants to the
 licensee that it is not a competitor of Gaussian, Inc. and that
 it will not use this program in any manner prohibited above.
 ---------------------------------------------------------------
  

 Cite this work as:
 Gaussian 09, Revision E.01,
 M. J. Frisch, G. W. Trucks, H. B. Schlegel, G. E. Scuseria, 
 M. A. Robb, J. R. Cheeseman, G. Scalmani, V. Barone, B. Mennucci, 
 G. A. Petersson, H. Nakatsuji, M. Caricato, X. Li, H. P. Hratchian, 
 A. F. Izmaylov, J. Bloino, G. Zheng, J. L. Sonnenberg, M. Hada, 
 M. Ehara, K. Toyota, R. Fukuda, J. Hasegawa, M. Ishida, T. Nakajima, 
 Y. Honda, O. Kitao, H. Nakai, T. Vreven, J. A. Montgomery, Jr., 
 J. E. Peralta, F. Ogliaro, M. Bearpark, J. J. Heyd, E. Brothers, 
 K. N. Kudin, V. N. Staroverov, T. Keith, R. Kobayashi, J. Normand, 
 K. Raghavachari, A. Rendell, J. C. Burant, S. S. Iyengar, J. Tomasi, 
 M. Cossi, N. Rega, J. M. Millam, M. Klene, J. E. Knox, J. B. Cross, 
 V. Bakken, C. Adamo, J. Jaramillo, R. Gomperts, R. E. Stratmann, 
 O. Yazyev, A. J. Austin, R. Cammi, C. Pomelli, J. W. Ochterski, 
 R. L. Martin, K. Morokuma, V. G. Zakrzewski, G. A. Voth, 
 P. Salvador, J. J. Dannenberg, S. Dapprich, A. D. Daniels, 
 O. Farkas, J. B. Foresman, J. V. Ortiz, J. Cioslowski, 
 and D. J. Fox, Gaussian, Inc., Wallingford CT, 2013.
 
 ******************************************
 Gaussian 09:  ES64L-G09RevE.01 30-Nov-2015
                10-Feb-2017 
 ******************************************
 %chk=h12.chk
 ----------------------------------------------------------------------
 #rhf/gen scf(symm,tight,novaracc,noincfock,fulldiag) stable(crhf) gues
 s=read geom=nocrowd test
 ----------------------------------------------------------------------
 1/38=1/1;
 2/12=1,17=6,18=5,40=1/2;
 3/5=7,16=1,25=1,30=1,116=1/1,2,3;
 4/5=1,9=4/1;
 5/5=100002,15=2,16=1,32=2,38=6/2;
 8/6=1,10=90,11=11/1,4;
 9/8=4,13=1/2;
 6/7=2,8=2,9=2,10=2,28=1/1;
 99/5=1,9=1/99;
 ----------------------------------------------------------------------
 hf stability analysis of h10 triangular lattice, y= 1.9092530122354845
 ----------------------------------------------------------------------
 Symbolic Z-matrix:
 Charge =  0 Multiplicity = 1
 H
 H                    1     1.93305 
 H                    1     1.93305  2     18. 
 H                    2     1.93305  1     162.     3     0.       0
 H                    2     1.93305  1     180.     3     0.       0
 H                    4     1.93305  3     180.     5     0.       0
 H                    6     1.93305  5     180.     3     0.       0
 H                    4     1.93305  2     180.     3     0.       0
 H                    3     1.93305  1     180.     4     0.       0
 H                    9     1.93305  3     180.     4     0.       0
 H                    8     1.93305  4     180.     3     0.       0
 H                    7     1.93305  6     180.     3     0.       0
 
                          Input orientation:                          
 ---------------------------------------------------------------------
 Center     Atomic      Atomic             Coordinates (Angstroms)
 Number     Number       Type             X           Y           Z
 ---------------------------------------------------------------------
      1          1           0        0.000000    0.000000    0.000000
      2          1           0        0.000000    0.000000    1.933052
      3          1           0        0.597346    0.000000    1.838442
      4          1           0        0.597346    0.000000    3.771494
      5          1           0        0.000000    0.000000    3.866104
      6          1           0        0.597346    0.000000    5.704546
      7          1           0        1.194692    0.000000    7.542988
      8          1           0        1.194692    0.000000    5.609936
      9          1           0        1.194692    0.000000    3.676884
     10          1           0        1.792038    0.000000    5.515325
     11          1           0        1.792038    0.000000    7.448377
     12          1           0        1.792038    0.000000    9.381429
 ---------------------------------------------------------------------
                    Distance matrix (angstroms):
                    1          2          3          4          5
     1  H    0.000000
     2  H    1.933052   0.000000
     3  H    1.933052   0.604792   0.000000
     4  H    3.818506   1.933052   1.933052   0.000000
     5  H    3.866104   1.933052   2.113820   0.604792   0.000000
     6  H    5.735736   3.818506   3.866104   1.933052   1.933052
     7  H    7.637012   5.735736   5.735736   3.818506   3.866104
     8  H    5.735736   3.866104   3.818506   1.933052   2.113820
     9  H    3.866104   2.113820   1.933052   0.604792   1.209584
    10  H    5.799156   4.005506   3.866104   2.113820   2.435432
    11  H    7.660922   5.799156   5.735736   3.866104   4.005506
    12  H    9.551053   7.660922   7.637012   5.735736   5.799156
                    6          7          8          9         10
     6  H    0.000000
     7  H    1.933052   0.000000
     8  H    0.604792   1.933052   0.000000
     9  H    2.113820   3.866104   1.933052   0.000000
    10  H    1.209584   2.113820   0.604792   1.933052   0.000000
    11  H    2.113820   0.604792   1.933052   3.818506   1.933052
    12  H    3.866104   1.933052   3.818506   5.735736   3.866104
                   11         12
    11  H    0.000000
    12  H    1.933052   0.000000
 Stoichiometry    H12
 Framework group  C2H[SGH(H12)]
 Deg. of freedom    11
 Full point group                 C2H     NOp   4
 Largest Abelian subgroup         C2H     NOp   4
 Largest concise Abelian subgroup C2      NOp   2
                         Standard orientation:                         
 ---------------------------------------------------------------------
 Center     Atomic      Atomic             Coordinates (Angstroms)
 Number     Number       Type             X           Y           Z
 ---------------------------------------------------------------------
      1          1           0        0.597346    4.738020    0.000000
      2          1           0        0.000000    2.899578    0.000000
      3          1           0        0.597346    2.804968    0.000000
      4          1           0        0.000000    0.966526    0.000000
      5          1           0       -0.597346    1.061136    0.000000
      6          1           0       -0.597346   -0.871916   -0.000000
      7          1           0       -0.597346   -2.804968    0.000000
      8          1           0       -0.000000   -0.966526    0.000000
      9          1           0        0.597346    0.871916   -0.000000
     10          1           0        0.597346   -1.061136    0.000000
     11          1           0       -0.000000   -2.899578    0.000000
     12          1           0       -0.597346   -4.738020    0.000000
 ---------------------------------------------------------------------
 Rotational constants (GHZ):    263.3892332      5.9668606      5.8346809
 General basis read from cards:  (5D, 7F)
 There are     6 symmetry adapted cartesian basis functions of AG  symmetry.
 There are     0 symmetry adapted cartesian basis functions of BG  symmetry.
 There are     0 symmetry adapted cartesian basis functions of AU  symmetry.
 There are     6 symmetry adapted cartesian basis functions of BU  symmetry.
 There are     6 symmetry adapted basis functions of AG  symmetry.
 There are     0 symmetry adapted basis functions of BG  symmetry.
 There are     0 symmetry adapted basis functions of AU  symmetry.
 There are     6 symmetry adapted basis functions of BU  symmetry.
    12 basis functions,   120 primitive gaussians,    12 cartesian basis functions
     6 alpha electrons        6 beta electrons
       nuclear repulsion energy        16.4644651926 Hartrees.
 NAtoms=   12 NActive=   12 NUniq=    6 SFac= 4.00D+00 NAtFMM=   60 NAOKFM=F Big=F
 Integral buffers will be    131072 words long.
 Regular integral format.
 Two-electron integral symmetry is turned on.
 One-electron integrals computed using PRISM.
 NBasis=    12 RedAO= T EigKep=  6.10D-02  NBF=     6     0     0     6
 NBsUse=    12 1.00D-06 EigRej= -1.00D+00 NBFU=     6     0     0     6
 Initial guess from the checkpoint file:  "h12.chk"
 B after Tr=    -0.000000    0.000000    0.000000
         Rot=    0.999982    0.000000   -0.000000   -0.006070 Ang=  -0.70 deg.
 Initial guess orbital symmetries:
       Occupied  (AG) (BU) (AG) (BU) (AG) (AG)
       Virtual   (BU) (BU) (BU) (AG) (AG) (BU)
 Keep R1 ints in memory in symmetry-blocked form, NReq=896098.
 Requested convergence on RMS density matrix=1.00D-08 within 128 cycles.
 Requested convergence on MAX density matrix=1.00D-06.
 Requested convergence on             energy=1.00D-06.
 No special actions if energy rises.
 SCF Done:  E(RHF) =  -5.17018851481     A.U. after    8 cycles
            NFock=  8  Conv=0.17D-08     -V/T= 1.7619
 Range of M.O.s used for correlation:     1    12
 NBasis=    12 NAE=     6 NBE=     6 NFC=     0 NFV=     0
 NROrb=     12 NOA=     6 NOB=     6 NVA=     6 NVB=     6

 **** Warning!!: The smallest alpha delta epsilon is  0.44298047D-01

 Semi-Direct transformation.
 ModeAB=           4 MOrb=             6 LenV=     134091969
 LASXX=         2181 LTotXX=        2181 LenRXX=        5115
 LTotAB=        2934 MaxLAS=        3024 LenRXY=           0
 NonZer=        7296 LenScr=      655360 LnRSAI=        3024
 LnScr1=      655360 LExtra=           0 Total=      1318859
 MaxDsk=          -1 SrtSym=           T ITran=            3
 JobTyp=0 Pass  1:  I=   1 to   6.
 (rs|ai) integrals will be sorted in core.
 Spin components of T(2) and E(2):
     alpha-alpha T2 =       0.2087415069D-01 E2=     -0.6663795678D-02
     alpha-beta  T2 =       0.6897271256D+01 E2=     -0.8605612424D+00
     beta-beta   T2 =       0.2087415069D-01 E2=     -0.6663795678D-02
 ANorm=    0.2817626582D+01
 E2 =    -0.8738888338D+00 EUMP2 =    -0.60440773485696D+01
 Second order stability test of a single determinant RHF wave function:
 Stabil:  MDV=134217728
 ***********************************************************************
 Matrix         Lowest Root    Major Pairs
 ***********************************************************************
 Internal RHF    -0.0786972    6A=7A
 RRHF --> CRHF   -0.1132879    6A=8A
 RRHF --> RUHF   -0.5737057    5A=7B
 Not stable.
 ***********************************************************************

 **********************************************************************

            Population analysis using the SCF density.

 **********************************************************************

 Orbital symmetries:
       Occupied  (AG) (BU) (AG) (BU) (AG) (AG)
       Virtual   (BU) (BU) (BU) (AG) (AG) (BU)
 The electronic state is 1-AG.
 Alpha  occ. eigenvalues --   -0.87305  -0.82575  -0.67085  -0.66339  -0.19310
 Alpha  occ. eigenvalues --   -0.18110
 Alpha virt. eigenvalues --   -0.13681  -0.06112   0.53139   0.53881   1.05101
 Alpha virt. eigenvalues --    1.20378
          Condensed to atoms (all electrons):
               1          2          3          4          5          6
     1  H    1.068793  -0.030489  -0.031094   0.000346   0.000135   0.000008
     2  H   -0.030489   0.619537   0.478437  -0.038279   0.018367  -0.002437
     3  H   -0.031094   0.478437   0.633390  -0.040543  -0.048110   0.002896
     4  H    0.000346  -0.038279  -0.040543   0.991872   0.263361  -0.028246
     5  H    0.000135   0.018367  -0.048110   0.263361   1.302342  -0.290047
     6  H    0.000008  -0.002437   0.002896  -0.028246  -0.290047   1.246041
     7  H   -0.000004  -0.000002   0.000027   0.000335  -0.002452   0.019462
     8  H    0.000021   0.000421   0.000335  -0.026386  -0.015201   0.238871
     9  H    0.000091  -0.045062   0.019462   0.238871  -0.549379   0.208907
    10  H    0.000008   0.002268  -0.002452  -0.015201   0.148095  -0.549379
    11  H   -0.000004   0.000022  -0.000002   0.000421   0.002268  -0.045062
    12  H    0.000001  -0.000004  -0.000004   0.000021   0.000008   0.000091
               7          8          9         10         11         12
     1  H   -0.000004   0.000021   0.000091   0.000008  -0.000004   0.000001
     2  H   -0.000002   0.000421  -0.045062   0.002268   0.000022  -0.000004
     3  H    0.000027   0.000335   0.019462  -0.002452  -0.000002  -0.000004
     4  H    0.000335  -0.026386   0.238871  -0.015201   0.000421   0.000021
     5  H   -0.002452  -0.015201  -0.549379   0.148095   0.002268   0.000008
     6  H    0.019462   0.238871   0.208907  -0.549379  -0.045062   0.000091
     7  H    0.633390  -0.040543   0.002896  -0.048110   0.478437  -0.031094
     8  H   -0.040543   0.991872  -0.028246   0.263361  -0.038279   0.000346
     9  H    0.002896  -0.028246   1.246041  -0.290047  -0.002437   0.000008
    10  H   -0.048110   0.263361  -0.290047   1.302342   0.018367   0.000135
    11  H    0.478437  -0.038279  -0.002437   0.018367   0.619537  -0.030489
    12  H   -0.031094   0.000346   0.000008   0.000135  -0.030489   1.068793
 Mulliken charges:
               1
     1  H   -0.007814
     2  H   -0.002780
     3  H   -0.012342
     4  H   -0.346573
     5  H    0.170613
     6  H    0.198895
     7  H   -0.012342
     8  H   -0.346573
     9  H    0.198895
    10  H    0.170613
    11  H   -0.002780
    12  H   -0.007814
 Sum of Mulliken charges =   0.00000
 Mulliken charges with hydrogens summed into heavy atoms:
               1
 Electronic spatial extent (au):  <R**2>=            346.2127
 Charge=             -0.0000 electrons
 Dipole moment (field-independent basis, Debye):
    X=              0.0000    Y=             -0.0000    Z=             -0.0000  Tot=              0.0000
 Quadrupole moment (field-independent basis, Debye-Ang):
   XX=            -14.9938   YY=            -22.7985   ZZ=            -15.0696
   XY=             -0.5108   XZ=              0.0000   YZ=              0.0000
 Traceless Quadrupole moment (field-independent basis, Debye-Ang):
   XX=              2.6268   YY=             -5.1778   ZZ=              2.5510
   XY=             -0.5108   XZ=              0.0000   YZ=              0.0000
 Octapole moment (field-independent basis, Debye-Ang**2):
  XXX=              0.0000  YYY=             -0.0000  ZZZ=             -0.0000  XYY=              0.0000
  XXY=              0.0000  XXZ=             -0.0000  XZZ=              0.0000  YZZ=              0.0000
  YYZ=             -0.0000  XYZ=             -0.0000
 Hexadecapole moment (field-independent basis, Debye-Ang**3):
 XXXX=            -39.1551 YYYY=           -851.7541 ZZZZ=            -17.9402 XXXY=            -34.4276
 XXXZ=              0.0000 YYYX=            -57.7974 YYYZ=              0.0000 ZZZX=              0.0000
 ZZZY=              0.0000 XXYY=           -122.0620 XXZZ=             -9.5546 YYZZ=           -117.8623
 XXYZ=              0.0000 YYXZ=              0.0000 ZZXY=            -11.8319
 N-N= 1.646446519261D+01 E-N=-4.324111374886D+01  KE= 6.786279689251D+00
 Symmetry AG   KE= 4.725911618804D+00
 Symmetry BG   KE= 0.000000000000D+00
 Symmetry AU   KE= 0.000000000000D+00
 Symmetry BU   KE= 2.060368070447D+00

 Test job not archived.
 1\1\GINC-SULU\Stability\RHF\Gen\H12\LCJ1\10-Feb-2017\0\\#rhf/gen scf(s
 ymm,tight,novaracc,noincfock,fulldiag) stable(crhf) guess=read geom=no
 crowd test\\hf stability analysis of h10 triangular lattice, y= 1.9092
 530122354845\\0,1\H\H,1,1.9330520791\H,1,1.9330520791,2,18.\H,2,1.9330
 520791,1,162.,3,0.,0\H,2,1.9330520791,1,180.,3,0.,0\H,4,1.9330520791,3
 ,180.,5,0.,0\H,6,1.9330520791,5,180.,3,0.,0\H,4,1.9330520791,2,180.,3,
 0.,0\H,3,1.9330520791,1,180.,4,0.,0\H,9,1.9330520791,3,180.,4,0.,0\H,8
 ,1.9330520791,4,180.,3,0.,0\H,7,1.9330520791,6,180.,3,0.,0\\Version=ES
 64L-G09RevE.01\State=1-AG\HF=-5.1701885\MP2=-6.0440773\RMSD=1.665e-09\
 Dipole=0.,0.,0.\Quadrupole=1.6221172,1.8966109,-3.5187281,0.,-1.398076
 2,0.\PG=C02H [SGH(H12)]\\@


 IT IS WELL TO REMEMBER THAT MAN IS A PART OF NATURE AND THAT HIS WORKS,
 WHATEVER THEY MAY BE, ARE NO MORE "UNNATURAL" THAN 
 THE FLIGHT OF AN EAGLE OR THE PASSAGE OF A TORNADO.

                                    -- CHARLES MCCARRY IN "THE GREAT SOUTHWEST"
 Job cpu time:       0 days  0 hours  0 minutes  0.9 seconds.
 File lengths (MBytes):  RWF=     84 Int=      0 D2E=      0 Chk=      2 Scr=      2
 Normal termination of Gaussian 09 at Fri Feb 10 14:40:28 2017.
