 Entering Gaussian System, Link 0=g09
 AtFile(1): H.gbs
            H     0
            S   10   1.00
               1000.000000000000            0.000068713567
                316.227766000000            0.000169141320
                100.000000000000            0.000823394812
                 31.622776600000            0.003425569236
                 10.000000000000            0.013951996000
                  3.162277660000            0.056909313560
                  1.000000000000            0.198286399900
                  0.316227766000            0.496922426700
                  0.100000000000            0.369846276400
                  0.031622776600            0.003752720039
            ****
 Initial command:
 /projects/guscus/apps/gau/g09-e1/g09/l1.exe "/users/lcj1/gaussian/h12/rhfstability/rect/Gau-6382.inp" -scrdir="/users/lcj1/gaussian/h12/rhfstability/rect/"
 Entering Link 1 = /projects/guscus/apps/gau/g09-e1/g09/l1.exe PID=      6383.
  
 Copyright (c) 1988,1990,1992,1993,1995,1998,2003,2009,2015,
            Gaussian, Inc.  All Rights Reserved.
  
 This is part of the Gaussian(R) 09 program.  It is based on
 the Gaussian(R) 03 system (copyright 2003, Gaussian, Inc.),
 the Gaussian(R) 98 system (copyright 1998, Gaussian, Inc.),
 the Gaussian(R) 94 system (copyright 1995, Gaussian, Inc.),
 the Gaussian 92(TM) system (copyright 1992, Gaussian, Inc.),
 the Gaussian 90(TM) system (copyright 1990, Gaussian, Inc.),
 the Gaussian 88(TM) system (copyright 1988, Gaussian, Inc.),
 the Gaussian 86(TM) system (copyright 1986, Carnegie Mellon
 University), and the Gaussian 82(TM) system (copyright 1983,
 Carnegie Mellon University). Gaussian is a federally registered
 trademark of Gaussian, Inc.
  
 This software contains proprietary and confidential information,
 including trade secrets, belonging to Gaussian, Inc.
  
 This software is provided under written license and may be
 used, copied, transmitted, or stored only in accord with that
 written license.
  
 The following legend is applicable only to US Government
 contracts under FAR:
  
                    RESTRICTED RIGHTS LEGEND
  
 Use, reproduction and disclosure by the US Government is
 subject to restrictions as set forth in subparagraphs (a)
 and (c) of the Commercial Computer Software - Restricted
 Rights clause in FAR 52.227-19.
  
 Gaussian, Inc.
 340 Quinnipiac St., Bldg. 40, Wallingford CT 06492
  
  
 ---------------------------------------------------------------
 Warning -- This program may not be used in any manner that
 competes with the business of Gaussian, Inc. or will provide
 assistance to any competitor of Gaussian, Inc.  The licensee
 of this program is prohibited from giving any competitor of
 Gaussian, Inc. access to this program.  By using this program,
 the user acknowledges that Gaussian, Inc. is engaged in the
 business of creating and licensing software in the field of
 computational chemistry and represents and warrants to the
 licensee that it is not a competitor of Gaussian, Inc. and that
 it will not use this program in any manner prohibited above.
 ---------------------------------------------------------------
  

 Cite this work as:
 Gaussian 09, Revision E.01,
 M. J. Frisch, G. W. Trucks, H. B. Schlegel, G. E. Scuseria, 
 M. A. Robb, J. R. Cheeseman, G. Scalmani, V. Barone, B. Mennucci, 
 G. A. Petersson, H. Nakatsuji, M. Caricato, X. Li, H. P. Hratchian, 
 A. F. Izmaylov, J. Bloino, G. Zheng, J. L. Sonnenberg, M. Hada, 
 M. Ehara, K. Toyota, R. Fukuda, J. Hasegawa, M. Ishida, T. Nakajima, 
 Y. Honda, O. Kitao, H. Nakai, T. Vreven, J. A. Montgomery, Jr., 
 J. E. Peralta, F. Ogliaro, M. Bearpark, J. J. Heyd, E. Brothers, 
 K. N. Kudin, V. N. Staroverov, T. Keith, R. Kobayashi, J. Normand, 
 K. Raghavachari, A. Rendell, J. C. Burant, S. S. Iyengar, J. Tomasi, 
 M. Cossi, N. Rega, J. M. Millam, M. Klene, J. E. Knox, J. B. Cross, 
 V. Bakken, C. Adamo, J. Jaramillo, R. Gomperts, R. E. Stratmann, 
 O. Yazyev, A. J. Austin, R. Cammi, C. Pomelli, J. W. Ochterski, 
 R. L. Martin, K. Morokuma, V. G. Zakrzewski, G. A. Voth, 
 P. Salvador, J. J. Dannenberg, S. Dapprich, A. D. Daniels, 
 O. Farkas, J. B. Foresman, J. V. Ortiz, J. Cioslowski, 
 and D. J. Fox, Gaussian, Inc., Wallingford CT, 2013.
 
 ******************************************
 Gaussian 09:  ES64L-G09RevE.01 30-Nov-2015
                10-Feb-2017 
 ******************************************
 %chk=h12.chk
 ----------------------------------------------------------------------
 #rhf/gen scf(symm,tight,novaracc,noincfock,fulldiag) stable(crhf) gues
 s=read geom=nocrowd test
 ----------------------------------------------------------------------
 1/38=1/1;
 2/12=1,17=6,18=5,40=1/2;
 3/5=7,16=1,25=1,30=1,116=1/1,2,3;
 4/5=1,9=4/1;
 5/5=100002,15=2,16=1,32=2,38=6/2;
 8/6=1,10=90,11=11/1,4;
 9/8=4,13=1/2;
 6/7=2,8=2,9=2,10=2,28=1/1;
 99/5=1,9=1/99;
 ----------------------------------------------------------------------
 hf stability analysis of h10 triangular lattice, y= 1.3330047374615932
 ----------------------------------------------------------------------
 Symbolic Z-matrix:
 Charge =  0 Multiplicity = 1
 H
 H                    1     1.4016 
 H                    1     1.4016   2     36. 
 H                    2     1.4016   1     144.     3     0.       0
 H                    2     1.4016   1     180.     3     0.       0
 H                    4     1.4016   3     180.     5     0.       0
 H                    6     1.4016   5     180.     3     0.       0
 H                    4     1.4016   2     180.     3     0.       0
 H                    3     1.4016   1     180.     4     0.       0
 H                    9     1.4016   3     180.     4     0.       0
 H                    8     1.4016   4     180.     3     0.       0
 H                    7     1.4016   6     180.     3     0.       0
 
                          Input orientation:                          
 ---------------------------------------------------------------------
 Center     Atomic      Atomic             Coordinates (Angstroms)
 Number     Number       Type             X           Y           Z
 ---------------------------------------------------------------------
      1          1           0        0.000000    0.000000    0.000000
      2          1           0        0.000000    0.000000    1.401604
      3          1           0        0.823842    0.000000    1.133922
      4          1           0        0.823842    0.000000    2.535526
      5          1           0        0.000000    0.000000    2.803208
      6          1           0        0.823842    0.000000    3.937130
      7          1           0        1.647684    0.000000    5.071051
      8          1           0        1.647684    0.000000    3.669447
      9          1           0        1.647684    0.000000    2.267843
     10          1           0        2.471527    0.000000    3.401765
     11          1           0        2.471527    0.000000    4.803369
     12          1           0        2.471527    0.000000    6.204973
 ---------------------------------------------------------------------
                    Distance matrix (angstroms):
                    1          2          3          4          5
     1  H    0.000000
     2  H    1.401604   0.000000
     3  H    1.401604   0.866239   0.000000
     4  H    2.666009   1.401604   1.401604   0.000000
     5  H    2.803208   1.401604   1.861514   0.866239   0.000000
     6  H    4.022401   2.666009   2.803208   1.401604   1.401604
     7  H    5.332019   4.022401   4.022401   2.666009   2.803208
     8  H    4.022401   2.803208   2.666009   1.401604   1.861514
     9  H    2.803208   1.861514   1.401604   0.866239   1.732478
    10  H    4.204812   3.179479   2.803208   1.861514   2.542973
    11  H    5.401925   4.204812   4.022401   2.803208   3.179479
    12  H    6.679082   5.401925   5.332019   4.022401   4.204812
                    6          7          8          9         10
     6  H    0.000000
     7  H    1.401604   0.000000
     8  H    0.866239   1.401604   0.000000
     9  H    1.861514   2.803208   1.401604   0.000000
    10  H    1.732478   1.861514   0.866239   1.401604   0.000000
    11  H    1.861514   0.866239   1.401604   2.666009   1.401604
    12  H    2.803208   1.401604   2.666009   4.022401   2.803208
                   11         12
    11  H    0.000000
    12  H    1.401604   0.000000
 Stoichiometry    H12
 Framework group  C2H[SGH(H12)]
 Deg. of freedom    11
 Full point group                 C2H     NOp   4
 Largest Abelian subgroup         C2H     NOp   4
 Largest concise Abelian subgroup C2      NOp   2
                         Standard orientation:                         
 ---------------------------------------------------------------------
 Center     Atomic      Atomic             Coordinates (Angstroms)
 Number     Number       Type             X           Y           Z
 ---------------------------------------------------------------------
      1          1           0        0.823842    3.236328   -0.000000
      2          1           0        0.000000    2.102406    0.000000
      3          1           0        0.823842    1.834724   -0.000000
      4          1           0        0.000000    0.700802    0.000000
      5          1           0       -0.823842    0.968485    0.000000
      6          1           0       -0.823842   -0.433119    0.000000
      7          1           0       -0.823842   -1.834724   -0.000000
      8          1           0       -0.000000   -0.700802    0.000000
      9          1           0        0.823842    0.433119    0.000000
     10          1           0        0.823842   -0.968485    0.000000
     11          1           0       -0.000000   -2.102406    0.000000
     12          1           0       -0.823842   -3.236328   -0.000000
 ---------------------------------------------------------------------
 Rotational constants (GHZ):    129.4701364     12.1387631     11.0982242
 General basis read from cards:  (5D, 7F)
 There are     6 symmetry adapted cartesian basis functions of AG  symmetry.
 There are     0 symmetry adapted cartesian basis functions of BG  symmetry.
 There are     0 symmetry adapted cartesian basis functions of AU  symmetry.
 There are     6 symmetry adapted cartesian basis functions of BU  symmetry.
 There are     6 symmetry adapted basis functions of AG  symmetry.
 There are     0 symmetry adapted basis functions of BG  symmetry.
 There are     0 symmetry adapted basis functions of AU  symmetry.
 There are     6 symmetry adapted basis functions of BU  symmetry.
    12 basis functions,   120 primitive gaussians,    12 cartesian basis functions
     6 alpha electrons        6 beta electrons
       nuclear repulsion energy        18.0762677819 Hartrees.
 NAtoms=   12 NActive=   12 NUniq=    6 SFac= 4.00D+00 NAtFMM=   60 NAOKFM=F Big=F
 Integral buffers will be    131072 words long.
 Regular integral format.
 Two-electron integral symmetry is turned on.
 One-electron integrals computed using PRISM.
 NBasis=    12 RedAO= T EigKep=  1.37D-01  NBF=     6     0     0     6
 NBsUse=    12 1.00D-06 EigRej= -1.00D+00 NBFU=     6     0     0     6
 Initial guess from the checkpoint file:  "h12.chk"
 B after Tr=    -0.000000    0.000000    0.000000
         Rot=    0.999982   -0.000000    0.000000   -0.006070 Ang=  -0.70 deg.
 Initial guess orbital symmetries:
       Occupied  (AG) (BU) (AG) (BU) (AG) (AG)
       Virtual   (BU) (BU) (BU) (AG) (AG) (BU)
 Keep R1 ints in memory in symmetry-blocked form, NReq=899388.
 Requested convergence on RMS density matrix=1.00D-08 within 128 cycles.
 Requested convergence on MAX density matrix=1.00D-06.
 Requested convergence on             energy=1.00D-06.
 No special actions if energy rises.
 SCF Done:  E(RHF) =  -5.36521819008     A.U. after   12 cycles
            NFock= 12  Conv=0.14D-08     -V/T= 1.8060
 Range of M.O.s used for correlation:     1    12
 NBasis=    12 NAE=     6 NBE=     6 NFC=     0 NFV=     0
 NROrb=     12 NOA=     6 NOB=     6 NVA=     6 NVB=     6

 **** Warning!!: The smallest alpha delta epsilon is -0.95414650D-01

 Semi-Direct transformation.
 ModeAB=           4 MOrb=             6 LenV=     134088721
 LASXX=         2181 LTotXX=        2181 LenRXX=        5115
 LTotAB=        2934 MaxLAS=        3024 LenRXY=           0
 NonZer=        7296 LenScr=      655360 LnRSAI=        3024
 LnScr1=      655360 LExtra=           0 Total=      1318859
 MaxDsk=          -1 SrtSym=           T ITran=            3
 JobTyp=0 Pass  1:  I=   1 to   6.
 (rs|ai) integrals will be sorted in core.
 Spin components of T(2) and E(2):
     alpha-alpha T2 =       0.3921646236D-01 E2=     -0.2046427461D-01
     alpha-beta  T2 =       0.1022112971D+02 E2=     -0.7267532418D+00
     beta-beta   T2 =       0.3921646236D-01 E2=     -0.2046427461D-01
 ANorm=    0.3361482208D+01
 E2 =    -0.7676817911D+00 EUMP2 =    -0.61328999811304D+01
 Second order stability test of a single determinant RHF wave function:
 Stabil:  MDV=134217728
 ***********************************************************************
 Matrix         Lowest Root    Major Pairs
 ***********************************************************************
 Internal RHF    -0.2427393    6A=7A 6A=8A 5A=7A
 RRHF --> CRHF   -0.2839851    6A=7A
 RRHF --> RUHF   -0.5698314    6A=7B 6A=8B
 Not stable.
 ***********************************************************************

 **********************************************************************

            Population analysis using the SCF density.

 **********************************************************************

 Orbital symmetries:
       Occupied  (AG) (BU) (AG) (BU) (AG) (AG)
       Virtual   (BU) (BU) (BU) (AG) (AG) (BU)
 The electronic state is 1-AG.
 Alpha  occ. eigenvalues --   -0.93068  -0.77490  -0.58397  -0.51325  -0.28317
 Alpha  occ. eigenvalues --   -0.13340
 Alpha virt. eigenvalues --   -0.22882   0.01234   0.32977   0.39102   0.49222
 Alpha virt. eigenvalues --    0.68474
          Condensed to atoms (all electrons):
               1          2          3          4          5          6
     1  H    1.335875  -0.132977  -0.137181  -0.000697  -0.004329   0.000001
     2  H   -0.132977   0.716014   0.314622  -0.015889   0.124427  -0.051073
     3  H   -0.137181   0.314622   1.035082  -0.098280  -0.177513   0.000909
     4  H   -0.000697  -0.015889  -0.098280   0.754278   0.376706   0.110547
     5  H   -0.004329   0.124427  -0.177513   0.376706   1.339412  -0.184523
     6  H    0.000001  -0.051073   0.000909   0.110547  -0.184523   0.922836
     7  H   -0.000636   0.001747   0.005929  -0.015462  -0.025338   0.187254
     8  H    0.001731  -0.017318  -0.015462  -0.016747  -0.060994  -0.000399
     9  H    0.012899  -0.091036   0.187254  -0.000399  -0.272187   0.138523
    10  H    0.001613   0.013603  -0.025338  -0.060994   0.044670  -0.272187
    11  H   -0.000426   0.004378   0.001747  -0.017318   0.013603  -0.091036
    12  H    0.000148  -0.000426  -0.000636   0.001731   0.001613   0.012899
               7          8          9         10         11         12
     1  H   -0.000636   0.001731   0.012899   0.001613  -0.000426   0.000148
     2  H    0.001747  -0.017318  -0.091036   0.013603   0.004378  -0.000426
     3  H    0.005929  -0.015462   0.187254  -0.025338   0.001747  -0.000636
     4  H   -0.015462  -0.016747  -0.000399  -0.060994  -0.017318   0.001731
     5  H   -0.025338  -0.060994  -0.272187   0.044670   0.013603   0.001613
     6  H    0.187254  -0.000399   0.138523  -0.272187  -0.091036   0.012899
     7  H    1.035082  -0.098280   0.000909  -0.177513   0.314622  -0.137181
     8  H   -0.098280   0.754278   0.110547   0.376706  -0.015889  -0.000697
     9  H    0.000909   0.110547   0.922836  -0.184523  -0.051073   0.000001
    10  H   -0.177513   0.376706  -0.184523   1.339412   0.124427  -0.004329
    11  H    0.314622  -0.015889  -0.051073   0.124427   0.716014  -0.132977
    12  H   -0.137181  -0.000697   0.000001  -0.004329  -0.132977   1.335875
 Mulliken charges:
               1
     1  H   -0.076020
     2  H    0.133927
     3  H   -0.091133
     4  H   -0.017476
     5  H   -0.175546
     6  H    0.226249
     7  H   -0.091133
     8  H   -0.017476
     9  H    0.226249
    10  H   -0.175546
    11  H    0.133927
    12  H   -0.076020
 Sum of Mulliken charges =   0.00000
 Mulliken charges with hydrogens summed into heavy atoms:
               1
 Electronic spatial extent (au):  <R**2>=            205.3290
 Charge=              0.0000 electrons
 Dipole moment (field-independent basis, Debye):
    X=              0.0000    Y=              0.0000    Z=              0.0000  Tot=              0.0000
 Quadrupole moment (field-independent basis, Debye-Ang):
   XX=            -18.3080   YY=            -25.7579   ZZ=            -15.0837
   XY=             -1.5098   XZ=             -0.0000   YZ=             -0.0000
 Traceless Quadrupole moment (field-independent basis, Debye-Ang):
   XX=              1.4085   YY=             -6.0414   ZZ=              4.6328
   XY=             -1.5098   XZ=             -0.0000   YZ=             -0.0000
 Octapole moment (field-independent basis, Debye-Ang**2):
  XXX=              0.0000  YYY=             -0.0000  ZZZ=             -0.0000  XYY=             -0.0000
  XXY=             -0.0000  XXZ=             -0.0000  XZZ=              0.0000  YZZ=             -0.0000
  YYZ=              0.0000  XYZ=              0.0000
 Hexadecapole moment (field-independent basis, Debye-Ang**3):
 XXXX=            -68.0736 YYYY=           -480.4488 ZZZZ=            -17.8655 XXXY=            -32.6460
 XXXZ=             -0.0000 YYYX=            -75.2712 YYYZ=             -0.0000 ZZZX=             -0.0000
 ZZZY=             -0.0000 XXYY=            -85.0056 XXZZ=            -14.0112 YYZZ=            -59.8437
 XXYZ=             -0.0000 YYXZ=             -0.0000 ZZXY=            -10.0612
 N-N= 1.807626778195D+01 E-N=-4.710094588842D+01  KE= 6.656715679891D+00
 Symmetry AG   KE= 4.779989938505D+00
 Symmetry BG   KE= 0.000000000000D+00
 Symmetry AU   KE= 0.000000000000D+00
 Symmetry BU   KE= 1.876725741387D+00

 Test job not archived.
 1\1\GINC-SULU\Stability\RHF\Gen\H12\LCJ1\10-Feb-2017\0\\#rhf/gen scf(s
 ymm,tight,novaracc,noincfock,fulldiag) stable(crhf) guess=read geom=no
 crowd test\\hf stability analysis of h10 triangular lattice, y= 1.3330
 047374615932\\0,1\H\H,1,1.4016041102\H,1,1.4016041102,2,36.\H,2,1.4016
 041102,1,144.,3,0.,0\H,2,1.4016041102,1,180.,3,0.,0\H,4,1.4016041102,3
 ,180.,5,0.,0\H,6,1.4016041102,5,180.,3,0.,0\H,4,1.4016041102,2,180.,3,
 0.,0\H,3,1.4016041102,1,180.,4,0.,0\H,9,1.4016041102,3,180.,4,0.,0\H,8
 ,1.4016041102,4,180.,3,0.,0\H,7,1.4016041102,6,180.,3,0.,0\\Version=ES
 64L-G09RevE.01\State=1-AG\HF=-5.3652182\MP2=-6.1329\RMSD=1.406e-09\Dip
 ole=0.,0.,0.\Quadrupole=0.2011779,3.444401,-3.6455789,0.,-2.2869857,0.
 \PG=C02H [SGH(H12)]\\@


  DISAPPOINTMENT IS THE NURSE OF WISDOM.               
                              SIR BOYLE ROCHE                 
 Job cpu time:       0 days  0 hours  0 minutes  0.9 seconds.
 File lengths (MBytes):  RWF=     84 Int=      0 D2E=      0 Chk=      2 Scr=      2
 Normal termination of Gaussian 09 at Fri Feb 10 14:40:07 2017.
