 Entering Gaussian System, Link 0=g09
 AtFile(1): H.gbs
            H     0
            S   10   1.00
               1000.000000000000            0.000068713567
                316.227766000000            0.000169141320
                100.000000000000            0.000823394812
                 31.622776600000            0.003425569236
                 10.000000000000            0.013951996000
                  3.162277660000            0.056909313560
                  1.000000000000            0.198286399900
                  0.316227766000            0.496922426700
                  0.100000000000            0.369846276400
                  0.031622776600            0.003752720039
            ****
 Initial command:
 /projects/guscus/apps/gau/g09-e1/g09/l1.exe "/users/lcj1/gaussian/h12/rhfstability/rect/Gau-4675.inp" -scrdir="/users/lcj1/gaussian/h12/rhfstability/rect/"
 Entering Link 1 = /projects/guscus/apps/gau/g09-e1/g09/l1.exe PID=      4676.
  
 Copyright (c) 1988,1990,1992,1993,1995,1998,2003,2009,2015,
            Gaussian, Inc.  All Rights Reserved.
  
 This is part of the Gaussian(R) 09 program.  It is based on
 the Gaussian(R) 03 system (copyright 2003, Gaussian, Inc.),
 the Gaussian(R) 98 system (copyright 1998, Gaussian, Inc.),
 the Gaussian(R) 94 system (copyright 1995, Gaussian, Inc.),
 the Gaussian 92(TM) system (copyright 1992, Gaussian, Inc.),
 the Gaussian 90(TM) system (copyright 1990, Gaussian, Inc.),
 the Gaussian 88(TM) system (copyright 1988, Gaussian, Inc.),
 the Gaussian 86(TM) system (copyright 1986, Carnegie Mellon
 University), and the Gaussian 82(TM) system (copyright 1983,
 Carnegie Mellon University). Gaussian is a federally registered
 trademark of Gaussian, Inc.
  
 This software contains proprietary and confidential information,
 including trade secrets, belonging to Gaussian, Inc.
  
 This software is provided under written license and may be
 used, copied, transmitted, or stored only in accord with that
 written license.
  
 The following legend is applicable only to US Government
 contracts under FAR:
  
                    RESTRICTED RIGHTS LEGEND
  
 Use, reproduction and disclosure by the US Government is
 subject to restrictions as set forth in subparagraphs (a)
 and (c) of the Commercial Computer Software - Restricted
 Rights clause in FAR 52.227-19.
  
 Gaussian, Inc.
 340 Quinnipiac St., Bldg. 40, Wallingford CT 06492
  
  
 ---------------------------------------------------------------
 Warning -- This program may not be used in any manner that
 competes with the business of Gaussian, Inc. or will provide
 assistance to any competitor of Gaussian, Inc.  The licensee
 of this program is prohibited from giving any competitor of
 Gaussian, Inc. access to this program.  By using this program,
 the user acknowledges that Gaussian, Inc. is engaged in the
 business of creating and licensing software in the field of
 computational chemistry and represents and warrants to the
 licensee that it is not a competitor of Gaussian, Inc. and that
 it will not use this program in any manner prohibited above.
 ---------------------------------------------------------------
  

 Cite this work as:
 Gaussian 09, Revision E.01,
 M. J. Frisch, G. W. Trucks, H. B. Schlegel, G. E. Scuseria, 
 M. A. Robb, J. R. Cheeseman, G. Scalmani, V. Barone, B. Mennucci, 
 G. A. Petersson, H. Nakatsuji, M. Caricato, X. Li, H. P. Hratchian, 
 A. F. Izmaylov, J. Bloino, G. Zheng, J. L. Sonnenberg, M. Hada, 
 M. Ehara, K. Toyota, R. Fukuda, J. Hasegawa, M. Ishida, T. Nakajima, 
 Y. Honda, O. Kitao, H. Nakai, T. Vreven, J. A. Montgomery, Jr., 
 J. E. Peralta, F. Ogliaro, M. Bearpark, J. J. Heyd, E. Brothers, 
 K. N. Kudin, V. N. Staroverov, T. Keith, R. Kobayashi, J. Normand, 
 K. Raghavachari, A. Rendell, J. C. Burant, S. S. Iyengar, J. Tomasi, 
 M. Cossi, N. Rega, J. M. Millam, M. Klene, J. E. Knox, J. B. Cross, 
 V. Bakken, C. Adamo, J. Jaramillo, R. Gomperts, R. E. Stratmann, 
 O. Yazyev, A. J. Austin, R. Cammi, C. Pomelli, J. W. Ochterski, 
 R. L. Martin, K. Morokuma, V. G. Zakrzewski, G. A. Voth, 
 P. Salvador, J. J. Dannenberg, S. Dapprich, A. D. Daniels, 
 O. Farkas, J. B. Foresman, J. V. Ortiz, J. Cioslowski, 
 and D. J. Fox, Gaussian, Inc., Wallingford CT, 2013.
 
 ******************************************
 Gaussian 09:  ES64L-G09RevE.01 30-Nov-2015
                10-Feb-2017 
 ******************************************
 %chk=h12.chk
 ----------------------------------------------------------------------
 #rhf/gen scf(symm,tight,novaracc,noincfock,fulldiag) stable(crhf) gues
 s=read geom=nocrowd test
 ----------------------------------------------------------------------
 1/38=1/1;
 2/12=1,17=6,18=5,40=1/2;
 3/5=7,16=1,25=1,30=1,116=1/1,2,3;
 4/5=1,9=4/1;
 5/5=100002,15=2,16=1,32=2,38=6/2;
 8/6=1,10=90,11=11/1,4;
 9/8=4,13=1/2;
 6/7=2,8=2,9=2,10=2,28=1/1;
 99/5=1,9=1/99;
 ----------------------------------------------------------------------
 hf stability analysis of h10 triangular lattice, y= 0.5773502789032680
 7
 ----------------------------------------------------------------------
 Symbolic Z-matrix:
 Charge =  0 Multiplicity = 1
 H
 H                    1     1.1547 
 H                    1     1.1547   2     120. 
 H                    2     1.1547   1     60.      3     0.       0
 H                    2     1.1547   1     180.     3     0.       0
 H                    4     1.1547   3     180.     5     0.       0
 H                    6     1.1547   5     180.     3     0.       0
 H                    4     1.1547   2     180.     3     0.       0
 H                    3     1.1547   1     180.     4     0.       0
 H                    9     1.1547   3     180.     4     0.       0
 H                    8     1.1547   4     180.     3     0.       0
 H                    7     1.1547   6     180.     3     0.       0
 
                          Input orientation:                          
 ---------------------------------------------------------------------
 Center     Atomic      Atomic             Coordinates (Angstroms)
 Number     Number       Type             X           Y           Z
 ---------------------------------------------------------------------
      1          1           0        0.000000    0.000000    0.000000
      2          1           0        0.000000    0.000000    1.154701
      3          1           0        1.000000    0.000000   -0.577350
      4          1           0        1.000000    0.000000    0.577350
      5          1           0        0.000000    0.000000    2.309401
      6          1           0        1.000000    0.000000    1.732051
      7          1           0        2.000000    0.000000    1.154701
      8          1           0        2.000000    0.000000    0.000000
      9          1           0        2.000000    0.000000   -1.154701
     10          1           0        3.000000    0.000000   -1.732051
     11          1           0        3.000000    0.000000   -0.577350
     12          1           0        3.000000    0.000000    0.577350
 ---------------------------------------------------------------------
                    Distance matrix (angstroms):
                    1          2          3          4          5
     1  H    0.000000
     2  H    1.154701   0.000000
     3  H    1.154701   2.000000   0.000000
     4  H    1.154701   1.154701   1.154701   0.000000
     5  H    2.309401   1.154701   3.055050   2.000000   0.000000
     6  H    2.000000   1.154701   2.309401   1.154701   1.154701
     7  H    2.309401   2.000000   2.000000   1.154701   2.309401
     8  H    2.000000   2.309401   1.154701   1.154701   3.055050
     9  H    2.309401   3.055050   1.154701   2.000000   4.000000
    10  H    3.464102   4.163332   2.309401   3.055050   5.033223
    11  H    3.055050   3.464102   2.000000   2.309401   4.163332
    12  H    3.055050   3.055050   2.309401   2.000000   3.464102
                    6          7          8          9         10
     6  H    0.000000
     7  H    1.154701   0.000000
     8  H    2.000000   1.154701   0.000000
     9  H    3.055050   2.309401   1.154701   0.000000
    10  H    4.000000   3.055050   2.000000   1.154701   0.000000
    11  H    3.055050   2.000000   1.154701   1.154701   1.154701
    12  H    2.309401   1.154701   1.154701   2.000000   2.309401
                   11         12
    11  H    0.000000
    12  H    1.154701   0.000000
 Stoichiometry    H12
 Framework group  C2H[SGH(H12)]
 Deg. of freedom    11
 Full point group                 C2H     NOp   4
 Largest Abelian subgroup         C2H     NOp   4
 Largest concise Abelian subgroup C2      NOp   2
                         Standard orientation:                         
 ---------------------------------------------------------------------
 Center     Atomic      Atomic             Coordinates (Angstroms)
 Number     Number       Type             X           Y           Z
 ---------------------------------------------------------------------
      1          1           0        1.000000    1.154701   -0.000000
      2          1           0        0.000000    1.732051    0.000000
      3          1           0        1.000000    0.000000   -0.000000
      4          1           0        0.000000    0.577350    0.000000
      5          1           0       -1.000000    2.309401    0.000000
      6          1           0       -1.000000    1.154701    0.000000
      7          1           0       -1.000000    0.000000   -0.000000
      8          1           0       -0.000000   -0.577350   -0.000000
      9          1           0        1.000000   -1.154701    0.000000
     10          1           0        1.000000   -2.309401    0.000000
     11          1           0       -0.000000   -1.732051   -0.000000
     12          1           0       -1.000000   -1.154701   -0.000000
 ---------------------------------------------------------------------
 Rotational constants (GHZ):     75.2182663     20.8939629     16.3517970
 General basis read from cards:  (5D, 7F)
 There are     6 symmetry adapted cartesian basis functions of AG  symmetry.
 There are     0 symmetry adapted cartesian basis functions of BG  symmetry.
 There are     0 symmetry adapted cartesian basis functions of AU  symmetry.
 There are     6 symmetry adapted cartesian basis functions of BU  symmetry.
 There are     6 symmetry adapted basis functions of AG  symmetry.
 There are     0 symmetry adapted basis functions of BG  symmetry.
 There are     0 symmetry adapted basis functions of AU  symmetry.
 There are     6 symmetry adapted basis functions of BU  symmetry.
    12 basis functions,   120 primitive gaussians,    12 cartesian basis functions
     6 alpha electrons        6 beta electrons
       nuclear repulsion energy        19.5441521658 Hartrees.
 NAtoms=   12 NActive=   12 NUniq=    6 SFac= 4.00D+00 NAtFMM=   60 NAOKFM=F Big=F
 Integral buffers will be    131072 words long.
 Regular integral format.
 Two-electron integral symmetry is turned on.
 One-electron integrals computed using PRISM.
 NBasis=    12 RedAO= T EigKep=  1.79D-01  NBF=     6     0     0     6
 NBsUse=    12 1.00D-06 EigRej= -1.00D+00 NBFU=     6     0     0     6
 Initial guess from the checkpoint file:  "h12.chk"
 B after Tr=     0.000000   -0.000000    0.000000
         Rot=    0.999982    0.000000    0.000000   -0.006070 Ang=  -0.70 deg.
 Initial guess orbital symmetries:
       Occupied  (AG) (BU) (BU) (AG) (AG) (AG)
       Virtual   (BU) (AG) (BU) (BU) (BU) (AG)
 Keep R1 ints in memory in symmetry-blocked form, NReq=903448.
 Requested convergence on RMS density matrix=1.00D-08 within 128 cycles.
 Requested convergence on MAX density matrix=1.00D-06.
 Requested convergence on             energy=1.00D-06.
 No special actions if energy rises.
 SCF Done:  E(RHF) =  -5.56910296415     A.U. after   11 cycles
            NFock= 11  Conv=0.29D-08     -V/T= 1.8406
 Range of M.O.s used for correlation:     1    12
 NBasis=    12 NAE=     6 NBE=     6 NFC=     0 NFV=     0
 NROrb=     12 NOA=     6 NOB=     6 NVA=     6 NVB=     6

 **** Warning!!: The smallest alpha delta epsilon is  0.43024364D-01

 Semi-Direct transformation.
 ModeAB=           4 MOrb=             6 LenV=     134084409
 LASXX=         2181 LTotXX=        2181 LenRXX=        5115
 LTotAB=        2934 MaxLAS=        3024 LenRXY=           0
 NonZer=        7296 LenScr=      655360 LnRSAI=        3024
 LnScr1=      655360 LExtra=           0 Total=      1318859
 MaxDsk=          -1 SrtSym=           T ITran=            3
 JobTyp=0 Pass  1:  I=   1 to   6.
 (rs|ai) integrals will be sorted in core.
 Spin components of T(2) and E(2):
     alpha-alpha T2 =       0.1193363864D-01 E2=     -0.1415894329D-01
     alpha-beta  T2 =       0.1623783533D+00 E2=     -0.1293099725D+00
     beta-beta   T2 =       0.1193363864D-01 E2=     -0.1415894329D-01
 ANorm=    0.1089149040D+01
 E2 =    -0.1576278591D+00 EUMP2 =    -0.57267308232495D+01
 Second order stability test of a single determinant RHF wave function:
 Stabil:  MDV=134217728
 ***********************************************************************
 Matrix         Lowest Root    Major Pairs
 ***********************************************************************
 Internal RHF    -0.1755497    6A=7A
 RRHF --> CRHF   -0.2168523    6A=7A
 RRHF --> RUHF   -0.2961827    6A=7B
 Not stable.
 ***********************************************************************

 **********************************************************************

            Population analysis using the SCF density.

 **********************************************************************

 Orbital symmetries:
       Occupied  (AG) (BU) (BU) (AG) (AG) (AG)
       Virtual   (BU) (BU) (AG) (BU) (BU) (AG)
 The electronic state is 1-AG.
 Alpha  occ. eigenvalues --   -0.89663  -0.75351  -0.57534  -0.53968  -0.32819
 Alpha  occ. eigenvalues --   -0.12847
 Alpha virt. eigenvalues --   -0.08545   0.21923   0.23049   0.42484   0.59903
 Alpha virt. eigenvalues --    0.64059
          Condensed to atoms (all electrons):
               1          2          3          4          5          6
     1  H    1.286256   0.120892   0.364989  -0.383749  -0.006206  -0.078393
     2  H    0.120892   1.050227  -0.115424   0.244171   0.088267  -0.178904
     3  H    0.364989  -0.115424   1.087852  -0.279723  -0.003771   0.022431
     4  H   -0.383749   0.244171  -0.279723   1.562119  -0.068799  -0.154550
     5  H   -0.006206   0.088267  -0.003771  -0.068799   0.464630   0.264573
     6  H   -0.078393  -0.178904   0.022431  -0.154550   0.264573   0.933416
     7  H    0.030498  -0.162973   0.114535  -0.371156   0.012673   0.298081
     8  H   -0.201049   0.028200  -0.371156   0.748933  -0.022375  -0.073881
     9  H   -0.016008  -0.025807   0.298081  -0.073881   0.002444   0.022005
    10  H    0.000509  -0.000047   0.012673  -0.022375   0.000595   0.002444
    11  H   -0.003434   0.019100  -0.162973   0.028200  -0.000047  -0.025807
    12  H    0.047374  -0.003434   0.030498  -0.201049   0.000509  -0.016008
               7          8          9         10         11         12
     1  H    0.030498  -0.201049  -0.016008   0.000509  -0.003434   0.047374
     2  H   -0.162973   0.028200  -0.025807  -0.000047   0.019100  -0.003434
     3  H    0.114535  -0.371156   0.298081   0.012673  -0.162973   0.030498
     4  H   -0.371156   0.748933  -0.073881  -0.022375   0.028200  -0.201049
     5  H    0.012673  -0.022375   0.002444   0.000595  -0.000047   0.000509
     6  H    0.298081  -0.073881   0.022005   0.002444  -0.025807  -0.016008
     7  H    1.087852  -0.279723   0.022431  -0.003771  -0.115424   0.364989
     8  H   -0.279723   1.562119  -0.154550  -0.068799   0.244171  -0.383749
     9  H    0.022431  -0.154550   0.933416   0.264573  -0.178904  -0.078393
    10  H   -0.003771  -0.068799   0.264573   0.464630   0.088267  -0.006206
    11  H   -0.115424   0.244171  -0.178904   0.088267   1.050227   0.120892
    12  H    0.364989  -0.383749  -0.078393  -0.006206   0.120892   1.286256
 Mulliken charges:
               1
     1  H   -0.161679
     2  H   -0.064267
     3  H    0.001987
     4  H   -0.028140
     5  H    0.267508
     6  H   -0.015408
     7  H    0.001987
     8  H   -0.028140
     9  H   -0.015408
    10  H    0.267508
    11  H   -0.064267
    12  H   -0.161679
 Sum of Mulliken charges =   0.00000
 Mulliken charges with hydrogens summed into heavy atoms:
               1
 Electronic spatial extent (au):  <R**2>=            140.5160
 Charge=             -0.0000 electrons
 Dipole moment (field-independent basis, Debye):
    X=              0.0000    Y=              0.0000    Z=              0.0000  Tot=              0.0000
 Quadrupole moment (field-independent basis, Debye-Ang):
   XX=            -20.4112   YY=             -6.1085   ZZ=            -15.1808
   XY=             -8.9719   XZ=             -0.0000   YZ=              0.0000
 Traceless Quadrupole moment (field-independent basis, Debye-Ang):
   XX=             -6.5110   YY=              7.7916   ZZ=             -1.2806
   XY=             -8.9719   XZ=             -0.0000   YZ=              0.0000
 Octapole moment (field-independent basis, Debye-Ang**2):
  XXX=              0.0000  YYY=              0.0000  ZZZ=             -0.0000  XYY=              0.0000
  XXY=             -0.0000  XXZ=              0.0000  XZZ=              0.0000  YZZ=              0.0000
  YYZ=              0.0000  XYZ=             -0.0000
 Hexadecapole moment (field-independent basis, Debye-Ang**3):
 XXXX=           -104.3176 YYYY=           -112.3696 ZZZZ=            -18.0716 XXXY=              4.1770
 XXXZ=              0.0000 YYYX=            -30.3189 YYYZ=             -0.0000 ZZZX=              0.0000
 ZZZY=             -0.0000 XXYY=            -38.4173 XXZZ=            -18.6225 YYZZ=            -34.0334
 XXYZ=             -0.0000 YYXZ=             -0.0000 ZZXY=              4.0052
 N-N= 1.954415216576D+01 E-N=-5.040772781387D+01  KE= 6.624863604869D+00
 Symmetry AG   KE= 5.042480311480D+00
 Symmetry BG   KE= 0.000000000000D+00
 Symmetry AU   KE= 0.000000000000D+00
 Symmetry BU   KE= 1.582383293388D+00

 Test job not archived.
 1\1\GINC-SULU\Stability\RHF\Gen\H12\LCJ1\10-Feb-2017\0\\#rhf/gen scf(s
 ymm,tight,novaracc,noincfock,fulldiag) stable(crhf) guess=read geom=no
 crowd test\\hf stability analysis of h10 triangular lattice, y= 0.5773
 5027890326807\\0,1\H\H,1,1.1547005287\H,1,1.1547005287,2,120.\H,2,1.15
 47005287,1,60.,3,0.,0\H,2,1.1547005287,1,180.,3,0.,0\H,4,1.1547005287,
 3,180.,5,0.,0\H,6,1.1547005287,5,180.,3,0.,0\H,4,1.1547005287,2,180.,3
 ,0.,0\H,3,1.1547005287,1,180.,4,0.,0\H,9,1.1547005287,3,180.,4,0.,0\H,
 8,1.1547005287,4,180.,3,0.,0\H,7,1.1547005287,6,180.,3,0.,0\\Version=E
 S64L-G09RevE.01\State=1-AG\HF=-5.569103\MP2=-5.7267308\RMSD=2.861e-09\
 Dipole=0.,0.,0.\Quadrupole=-2.6422573,-0.9521211,3.5943784,0.,-7.93971
 38,0.\PG=C02H [SGH(H12)]\\@


  THE LARGE PRINT GIVETH,
  AND THE SMALL PRINT TAKETH AWAY.

                     -- TOM WAITS
 Job cpu time:       0 days  0 hours  0 minutes  1.0 seconds.
 File lengths (MBytes):  RWF=     84 Int=      0 D2E=      0 Chk=      2 Scr=      2
 Normal termination of Gaussian 09 at Fri Feb 10 14:38:25 2017.
