 Entering Gaussian System, Link 0=g09
 AtFile(1): H.gbs
            H     0
            S   10   1.00
               1000.000000000000            0.000068713567
                316.227766000000            0.000169141320
                100.000000000000            0.000823394812
                 31.622776600000            0.003425569236
                 10.000000000000            0.013951996000
                  3.162277660000            0.056909313560
                  1.000000000000            0.198286399900
                  0.316227766000            0.496922426700
                  0.100000000000            0.369846276400
                  0.031622776600            0.003752720039
            ****
 Initial command:
 /projects/guscus/apps/gau/g09-e1/g09/l1.exe "/users/lcj1/gaussian/h12/rhfstability/rect/Gau-6503.inp" -scrdir="/users/lcj1/gaussian/h12/rhfstability/rect/"
 Entering Link 1 = /projects/guscus/apps/gau/g09-e1/g09/l1.exe PID=      6504.
  
 Copyright (c) 1988,1990,1992,1993,1995,1998,2003,2009,2015,
            Gaussian, Inc.  All Rights Reserved.
  
 This is part of the Gaussian(R) 09 program.  It is based on
 the Gaussian(R) 03 system (copyright 2003, Gaussian, Inc.),
 the Gaussian(R) 98 system (copyright 1998, Gaussian, Inc.),
 the Gaussian(R) 94 system (copyright 1995, Gaussian, Inc.),
 the Gaussian 92(TM) system (copyright 1992, Gaussian, Inc.),
 the Gaussian 90(TM) system (copyright 1990, Gaussian, Inc.),
 the Gaussian 88(TM) system (copyright 1988, Gaussian, Inc.),
 the Gaussian 86(TM) system (copyright 1986, Carnegie Mellon
 University), and the Gaussian 82(TM) system (copyright 1983,
 Carnegie Mellon University). Gaussian is a federally registered
 trademark of Gaussian, Inc.
  
 This software contains proprietary and confidential information,
 including trade secrets, belonging to Gaussian, Inc.
  
 This software is provided under written license and may be
 used, copied, transmitted, or stored only in accord with that
 written license.
  
 The following legend is applicable only to US Government
 contracts under FAR:
  
                    RESTRICTED RIGHTS LEGEND
  
 Use, reproduction and disclosure by the US Government is
 subject to restrictions as set forth in subparagraphs (a)
 and (c) of the Commercial Computer Software - Restricted
 Rights clause in FAR 52.227-19.
  
 Gaussian, Inc.
 340 Quinnipiac St., Bldg. 40, Wallingford CT 06492
  
  
 ---------------------------------------------------------------
 Warning -- This program may not be used in any manner that
 competes with the business of Gaussian, Inc. or will provide
 assistance to any competitor of Gaussian, Inc.  The licensee
 of this program is prohibited from giving any competitor of
 Gaussian, Inc. access to this program.  By using this program,
 the user acknowledges that Gaussian, Inc. is engaged in the
 business of creating and licensing software in the field of
 computational chemistry and represents and warrants to the
 licensee that it is not a competitor of Gaussian, Inc. and that
 it will not use this program in any manner prohibited above.
 ---------------------------------------------------------------
  

 Cite this work as:
 Gaussian 09, Revision E.01,
 M. J. Frisch, G. W. Trucks, H. B. Schlegel, G. E. Scuseria, 
 M. A. Robb, J. R. Cheeseman, G. Scalmani, V. Barone, B. Mennucci, 
 G. A. Petersson, H. Nakatsuji, M. Caricato, X. Li, H. P. Hratchian, 
 A. F. Izmaylov, J. Bloino, G. Zheng, J. L. Sonnenberg, M. Hada, 
 M. Ehara, K. Toyota, R. Fukuda, J. Hasegawa, M. Ishida, T. Nakajima, 
 Y. Honda, O. Kitao, H. Nakai, T. Vreven, J. A. Montgomery, Jr., 
 J. E. Peralta, F. Ogliaro, M. Bearpark, J. J. Heyd, E. Brothers, 
 K. N. Kudin, V. N. Staroverov, T. Keith, R. Kobayashi, J. Normand, 
 K. Raghavachari, A. Rendell, J. C. Burant, S. S. Iyengar, J. Tomasi, 
 M. Cossi, N. Rega, J. M. Millam, M. Klene, J. E. Knox, J. B. Cross, 
 V. Bakken, C. Adamo, J. Jaramillo, R. Gomperts, R. E. Stratmann, 
 O. Yazyev, A. J. Austin, R. Cammi, C. Pomelli, J. W. Ochterski, 
 R. L. Martin, K. Morokuma, V. G. Zakrzewski, G. A. Voth, 
 P. Salvador, J. J. Dannenberg, S. Dapprich, A. D. Daniels, 
 O. Farkas, J. B. Foresman, J. V. Ortiz, J. Cioslowski, 
 and D. J. Fox, Gaussian, Inc., Wallingford CT, 2013.
 
 ******************************************
 Gaussian 09:  ES64L-G09RevE.01 30-Nov-2015
                10-Feb-2017 
 ******************************************
 %chk=h12.chk
 ----------------------------------------------------------------------
 #rhf/gen scf(symm,tight,novaracc,noincfock,fulldiag) stable(crhf) gues
 s=read geom=nocrowd test
 ----------------------------------------------------------------------
 1/38=1/1;
 2/12=1,17=6,18=5,40=1/2;
 3/5=7,16=1,25=1,30=1,116=1/1,2,3;
 4/5=1,9=4/1;
 5/5=100002,15=2,16=1,32=2,38=6/2;
 8/6=1,10=90,11=11/1,4;
 9/8=4,13=1/2;
 6/7=2,8=2,9=2,10=2,28=1/1;
 99/5=1,9=1/99;
 ----------------------------------------------------------------------
 hf stability analysis of h10 triangular lattice, y= 1.4678899319530556
 ----------------------------------------------------------------------
 Symbolic Z-matrix:
 Charge =  0 Multiplicity = 1
 H
 H                    1     1.51967 
 H                    1     1.51967  2     30. 
 H                    2     1.51967  1     150.     3     0.       0
 H                    2     1.51967  1     180.     3     0.       0
 H                    4     1.51967  3     180.     5     0.       0
 H                    6     1.51967  5     180.     3     0.       0
 H                    4     1.51967  2     180.     3     0.       0
 H                    3     1.51967  1     180.     4     0.       0
 H                    9     1.51967  3     180.     4     0.       0
 H                    8     1.51967  4     180.     3     0.       0
 H                    7     1.51967  6     180.     3     0.       0
 
                          Input orientation:                          
 ---------------------------------------------------------------------
 Center     Atomic      Atomic             Coordinates (Angstroms)
 Number     Number       Type             X           Y           Z
 ---------------------------------------------------------------------
      1          1           0        0.000000    0.000000    0.000000
      2          1           0        0.000000    0.000000    1.519671
      3          1           0        0.759836    0.000000    1.316074
      4          1           0        0.759836    0.000000    2.835746
      5          1           0        0.000000    0.000000    3.039343
      6          1           0        0.759836    0.000000    4.355417
      7          1           0        1.519671    0.000000    5.671491
      8          1           0        1.519671    0.000000    4.151820
      9          1           0        1.519671    0.000000    2.632148
     10          1           0        2.279507    0.000000    3.948222
     11          1           0        2.279507    0.000000    5.467894
     12          1           0        2.279507    0.000000    6.987565
 ---------------------------------------------------------------------
                    Distance matrix (angstroms):
                    1          2          3          4          5
     1  H    0.000000
     2  H    1.519671   0.000000
     3  H    1.519671   0.786640   0.000000
     4  H    2.935780   1.519671   1.519671   0.000000
     5  H    3.039343   1.519671   1.883350   0.786640   0.000000
     6  H    4.421200   2.935780   3.039343   1.519671   1.519671
     7  H    5.871560   4.421200   4.421200   2.935780   3.039343
     8  H    4.421200   3.039343   2.935780   1.519671   1.883350
     9  H    3.039343   1.883350   1.519671   0.786640   1.573280
    10  H    4.559014   3.330768   3.039343   1.883350   2.454020
    11  H    5.924020   4.559014   4.421200   3.039343   3.330768
    12  H    7.349981   5.924020   5.871560   4.421200   4.559014
                    6          7          8          9         10
     6  H    0.000000
     7  H    1.519671   0.000000
     8  H    0.786640   1.519671   0.000000
     9  H    1.883350   3.039343   1.519671   0.000000
    10  H    1.573280   1.883350   0.786640   1.519671   0.000000
    11  H    1.883350   0.786640   1.519671   2.935780   1.519671
    12  H    3.039343   1.519671   2.935780   4.421200   3.039343
                   11         12
    11  H    0.000000
    12  H    1.519671   0.000000
 Stoichiometry    H12
 Framework group  C2H[SGH(H12)]
 Deg. of freedom    11
 Full point group                 C2H     NOp   4
 Largest Abelian subgroup         C2H     NOp   4
 Largest concise Abelian subgroup C2      NOp   2
                         Standard orientation:                         
 ---------------------------------------------------------------------
 Center     Atomic      Atomic             Coordinates (Angstroms)
 Number     Number       Type             X           Y           Z
 ---------------------------------------------------------------------
      1          1           0        0.759836    3.595581    0.000000
      2          1           0        0.000000    2.279507    0.000000
      3          1           0        0.759836    2.075910    0.000000
      4          1           0        0.000000    0.759836    0.000000
      5          1           0       -0.759836    0.963433   -0.000000
      6          1           0       -0.759836   -0.556238   -0.000000
      7          1           0       -0.759836   -2.075910   -0.000000
      8          1           0       -0.000000   -0.759836    0.000000
      9          1           0        0.759836    0.556238    0.000000
     10          1           0        0.759836   -0.963433    0.000000
     11          1           0       -0.000000   -2.279507    0.000000
     12          1           0       -0.759836   -3.595581   -0.000000
 ---------------------------------------------------------------------
 Rotational constants (GHZ):    156.4241524     10.0470879      9.4407131
 General basis read from cards:  (5D, 7F)
 There are     6 symmetry adapted cartesian basis functions of AG  symmetry.
 There are     0 symmetry adapted cartesian basis functions of BG  symmetry.
 There are     0 symmetry adapted cartesian basis functions of AU  symmetry.
 There are     6 symmetry adapted cartesian basis functions of BU  symmetry.
 There are     6 symmetry adapted basis functions of AG  symmetry.
 There are     0 symmetry adapted basis functions of BG  symmetry.
 There are     0 symmetry adapted basis functions of AU  symmetry.
 There are     6 symmetry adapted basis functions of BU  symmetry.
    12 basis functions,   120 primitive gaussians,    12 cartesian basis functions
     6 alpha electrons        6 beta electrons
       nuclear repulsion energy        17.5684274979 Hartrees.
 NAtoms=   12 NActive=   12 NUniq=    6 SFac= 4.00D+00 NAtFMM=   60 NAOKFM=F Big=F
 Integral buffers will be    131072 words long.
 Regular integral format.
 Two-electron integral symmetry is turned on.
 One-electron integrals computed using PRISM.
 NBasis=    12 RedAO= T EigKep=  1.13D-01  NBF=     6     0     0     6
 NBsUse=    12 1.00D-06 EigRej= -1.00D+00 NBFU=     6     0     0     6
 Initial guess from the checkpoint file:  "h12.chk"
 B after Tr=    -0.000000   -0.000000    0.000000
         Rot=    0.999982   -0.000000    0.000000   -0.006070 Ang=  -0.70 deg.
 Initial guess orbital symmetries:
       Occupied  (AG) (BU) (AG) (BU) (AG) (AG)
       Virtual   (BU) (BU) (BU) (AG) (AG) (BU)
 Keep R1 ints in memory in symmetry-blocked form, NReq=898058.
 Requested convergence on RMS density matrix=1.00D-08 within 128 cycles.
 Requested convergence on MAX density matrix=1.00D-06.
 Requested convergence on             energy=1.00D-06.
 No special actions if energy rises.
 SCF Done:  E(RHF) =  -5.39868468237     A.U. after   10 cycles
            NFock= 10  Conv=0.30D-08     -V/T= 1.7791
 Range of M.O.s used for correlation:     1    12
 NBasis=    12 NAE=     6 NBE=     6 NFC=     0 NFV=     0
 NROrb=     12 NOA=     6 NOB=     6 NVA=     6 NVB=     6

 **** Warning!!: The smallest alpha delta epsilon is -0.58831516D-01

 Semi-Direct transformation.
 ModeAB=           4 MOrb=             6 LenV=     134089491
 LASXX=         2181 LTotXX=        2181 LenRXX=        5115
 LTotAB=        2934 MaxLAS=        3024 LenRXY=           0
 NonZer=        7296 LenScr=      655360 LnRSAI=        3024
 LnScr1=      655360 LExtra=           0 Total=      1318859
 MaxDsk=          -1 SrtSym=           T ITran=            3
 JobTyp=0 Pass  1:  I=   1 to   6.
 (rs|ai) integrals will be sorted in core.
 Spin components of T(2) and E(2):
     alpha-alpha T2 =       0.5612533966D-01 E2=     -0.1399731644D-01
     alpha-beta  T2 =       0.6467884774D+01 E2=     -0.5993037769D+00
     beta-beta   T2 =       0.5612533966D-01 E2=     -0.1399731644D-01
 ANorm=    0.2753204579D+01
 E2 =    -0.6272984097D+00 EUMP2 =    -0.60259830920911D+01
 Second order stability test of a single determinant RHF wave function:
 Stabil:  MDV=134217728
 ***********************************************************************
 Matrix         Lowest Root    Major Pairs
 ***********************************************************************
 Internal RHF    -0.2163481    6A=7A
 RRHF --> CRHF   -0.2221928    6A=7A
 RRHF --> RUHF   -0.5100025    6A=8B
 Not stable.
 ***********************************************************************

 **********************************************************************

            Population analysis using the SCF density.

 **********************************************************************

 Orbital symmetries:
       Occupied  (AG) (BU) (AG) (BU) (AG) (AG)
       Virtual   (BU) (BU) (BU) (AG) (AG) (BU)
 The electronic state is 1-AG.
 Alpha  occ. eigenvalues --   -0.90015  -0.78106  -0.61224  -0.53878  -0.25695
 Alpha  occ. eigenvalues --   -0.13087
 Alpha virt. eigenvalues --   -0.18970  -0.04059   0.40884   0.45344   0.60066
 Alpha virt. eigenvalues --    0.80663
          Condensed to atoms (all electrons):
               1          2          3          4          5          6
     1  H    1.254928  -0.065699  -0.075774  -0.003572  -0.002106   0.000568
     2  H   -0.065699   0.726926   0.459425  -0.095047   0.029179  -0.017987
     3  H   -0.075774   0.459425   0.854269  -0.114627  -0.128031   0.013431
     4  H   -0.003572  -0.095047  -0.114627   0.966410   0.370809  -0.053542
     5  H   -0.002106   0.029179  -0.128031   0.370809   1.280131  -0.385344
     6  H    0.000568  -0.017987   0.013431  -0.053542  -0.385344   1.003025
     7  H   -0.000205   0.000277   0.001394   0.000701  -0.013377   0.047024
     8  H    0.001073   0.001390   0.000701  -0.090505  -0.056786   0.274360
     9  H    0.000015  -0.093143   0.047024   0.274360  -0.253321   0.195528
    10  H    0.000615   0.011965  -0.013377  -0.056786   0.102709  -0.253321
    11  H   -0.000167   0.000940   0.000277   0.001390   0.011965  -0.093143
    12  H    0.000045  -0.000167  -0.000205   0.001073   0.000615   0.000015
               7          8          9         10         11         12
     1  H   -0.000205   0.001073   0.000015   0.000615  -0.000167   0.000045
     2  H    0.000277   0.001390  -0.093143   0.011965   0.000940  -0.000167
     3  H    0.001394   0.000701   0.047024  -0.013377   0.000277  -0.000205
     4  H    0.000701  -0.090505   0.274360  -0.056786   0.001390   0.001073
     5  H   -0.013377  -0.056786  -0.253321   0.102709   0.011965   0.000615
     6  H    0.047024   0.274360   0.195528  -0.253321  -0.093143   0.000015
     7  H    0.854269  -0.114627   0.013431  -0.128031   0.459425  -0.075774
     8  H   -0.114627   0.966410  -0.053542   0.370809  -0.095047  -0.003572
     9  H    0.013431  -0.053542   1.003025  -0.385344  -0.017987   0.000568
    10  H   -0.128031   0.370809  -0.385344   1.280131   0.029179  -0.002106
    11  H    0.459425  -0.095047  -0.017987   0.029179   0.726926  -0.065699
    12  H   -0.075774  -0.003572   0.000568  -0.002106  -0.065699   1.254928
 Mulliken charges:
               1
     1  H   -0.109719
     2  H    0.041942
     3  H   -0.044506
     4  H   -0.200663
     5  H    0.043558
     6  H    0.269387
     7  H   -0.044506
     8  H   -0.200663
     9  H    0.269387
    10  H    0.043558
    11  H    0.041942
    12  H   -0.109719
 Sum of Mulliken charges =   0.00000
 Mulliken charges with hydrogens summed into heavy atoms:
               1
 Electronic spatial extent (au):  <R**2>=            237.6842
 Charge=              0.0000 electrons
 Dipole moment (field-independent basis, Debye):
    X=              0.0000    Y=             -0.0000    Z=              0.0000  Tot=              0.0000
 Quadrupole moment (field-independent basis, Debye-Ang):
   XX=            -14.2263   YY=            -35.5282   ZZ=            -14.8109
   XY=             -3.7069   XZ=              0.0000   YZ=             -0.0000
 Traceless Quadrupole moment (field-independent basis, Debye-Ang):
   XX=              7.2955   YY=            -14.0064   ZZ=              6.7109
   XY=             -3.7069   XZ=              0.0000   YZ=             -0.0000
 Octapole moment (field-independent basis, Debye-Ang**2):
  XXX=              0.0000  YYY=             -0.0000  ZZZ=              0.0000  XYY=              0.0000
  XXY=              0.0000  XXZ=              0.0000  XZZ=              0.0000  YZZ=              0.0000
  YYZ=              0.0000  XYZ=              0.0000
 Hexadecapole moment (field-independent basis, Debye-Ang**3):
 XXXX=            -49.9990 YYYY=           -699.8579 ZZZZ=            -17.3494 XXXY=            -35.9860
 XXXZ=             -0.0000 YYYX=            -96.8063 YYYZ=             -0.0000 ZZZX=             -0.0000
 ZZZY=             -0.0000 XXYY=            -93.5829 XXZZ=            -11.3780 YYZZ=            -74.5573
 XXYZ=             -0.0000 YYXZ=             -0.0000 ZZXY=            -11.5757
 N-N= 1.756842749791D+01 E-N=-4.642330860811D+01  KE= 6.929169946328D+00
 Symmetry AG   KE= 4.747252503061D+00
 Symmetry BG   KE= 0.000000000000D+00
 Symmetry AU   KE= 0.000000000000D+00
 Symmetry BU   KE= 2.181917443267D+00

 Test job not archived.
 1\1\GINC-SULU\Stability\RHF\Gen\H12\LCJ1\10-Feb-2017\0\\#rhf/gen scf(s
 ymm,tight,novaracc,noincfock,fulldiag) stable(crhf) guess=read geom=no
 crowd test\\hf stability analysis of h10 triangular lattice, y= 1.4678
 899319530556\\0,1\H\H,1,1.5196714672\H,1,1.5196714672,2,30.\H,2,1.5196
 714672,1,150.,3,0.,0\H,2,1.5196714672,1,180.,3,0.,0\H,4,1.5196714672,3
 ,180.,5,0.,0\H,6,1.5196714672,5,180.,3,0.,0\H,4,1.5196714672,2,180.,3,
 0.,0\H,3,1.5196714672,1,180.,4,0.,0\H,9,1.5196714672,3,180.,4,0.,0\H,8
 ,1.5196714672,4,180.,3,0.,0\H,7,1.5196714672,6,180.,3,0.,0\\Version=ES
 64L-G09RevE.01\State=1-AG\HF=-5.3986847\MP2=-6.0259831\RMSD=3.006e-09\
 Dipole=0.,0.,0.\Quadrupole=3.8514007,4.9893998,-8.8408005,0.,-5.479823
 3,0.\PG=C02H [SGH(H12)]\\@


 IF YOU BELIEVE CERTAIN WORDS, YOU BELIEVE THEIR HIDDEN ARGUMENTS.
 WHEN YOU BELIEVE SOMETHING IS RIGHT OR WRONG, TRUE OR FALSE, 
 YOU BELIEVE THE ASSUMPTIONS IN THE WORDS WHICH EXPRESS THE ARGUMENTS.
 SUCH ASSUMPTIONS ARE OFTEN FULL OF HOLES, BUT REMAIN MOST PRECIOUS 
 TO THE CONVINCED.

                 -- THE OPEN-ENDED PROOF FROM THE PANOPLIA PROPHETICA
                    CHILDREN OF DUNE BY FRANK HERBERT
 Job cpu time:       0 days  0 hours  0 minutes  0.9 seconds.
 File lengths (MBytes):  RWF=     84 Int=      0 D2E=      0 Chk=      2 Scr=      2
 Normal termination of Gaussian 09 at Fri Feb 10 14:40:14 2017.
