 Entering Gaussian System, Link 0=g09
 AtFile(1): H.gbs
            H     0
            S   10   1.00
               1000.000000000000            0.000068713567
                316.227766000000            0.000169141320
                100.000000000000            0.000823394812
                 31.622776600000            0.003425569236
                 10.000000000000            0.013951996000
                  3.162277660000            0.056909313560
                  1.000000000000            0.198286399900
                  0.316227766000            0.496922426700
                  0.100000000000            0.369846276400
                  0.031622776600            0.003752720039
            ****
 Initial command:
 /projects/guscus/apps/gau/g09-e1/g09/l1.exe "/users/lcj1/gaussian/h12/rhfstability/rect/Gau-5079.inp" -scrdir="/users/lcj1/gaussian/h12/rhfstability/rect/"
 Entering Link 1 = /projects/guscus/apps/gau/g09-e1/g09/l1.exe PID=      5080.
  
 Copyright (c) 1988,1990,1992,1993,1995,1998,2003,2009,2015,
            Gaussian, Inc.  All Rights Reserved.
  
 This is part of the Gaussian(R) 09 program.  It is based on
 the Gaussian(R) 03 system (copyright 2003, Gaussian, Inc.),
 the Gaussian(R) 98 system (copyright 1998, Gaussian, Inc.),
 the Gaussian(R) 94 system (copyright 1995, Gaussian, Inc.),
 the Gaussian 92(TM) system (copyright 1992, Gaussian, Inc.),
 the Gaussian 90(TM) system (copyright 1990, Gaussian, Inc.),
 the Gaussian 88(TM) system (copyright 1988, Gaussian, Inc.),
 the Gaussian 86(TM) system (copyright 1986, Carnegie Mellon
 University), and the Gaussian 82(TM) system (copyright 1983,
 Carnegie Mellon University). Gaussian is a federally registered
 trademark of Gaussian, Inc.
  
 This software contains proprietary and confidential information,
 including trade secrets, belonging to Gaussian, Inc.
  
 This software is provided under written license and may be
 used, copied, transmitted, or stored only in accord with that
 written license.
  
 The following legend is applicable only to US Government
 contracts under FAR:
  
                    RESTRICTED RIGHTS LEGEND
  
 Use, reproduction and disclosure by the US Government is
 subject to restrictions as set forth in subparagraphs (a)
 and (c) of the Commercial Computer Software - Restricted
 Rights clause in FAR 52.227-19.
  
 Gaussian, Inc.
 340 Quinnipiac St., Bldg. 40, Wallingford CT 06492
  
  
 ---------------------------------------------------------------
 Warning -- This program may not be used in any manner that
 competes with the business of Gaussian, Inc. or will provide
 assistance to any competitor of Gaussian, Inc.  The licensee
 of this program is prohibited from giving any competitor of
 Gaussian, Inc. access to this program.  By using this program,
 the user acknowledges that Gaussian, Inc. is engaged in the
 business of creating and licensing software in the field of
 computational chemistry and represents and warrants to the
 licensee that it is not a competitor of Gaussian, Inc. and that
 it will not use this program in any manner prohibited above.
 ---------------------------------------------------------------
  

 Cite this work as:
 Gaussian 09, Revision E.01,
 M. J. Frisch, G. W. Trucks, H. B. Schlegel, G. E. Scuseria, 
 M. A. Robb, J. R. Cheeseman, G. Scalmani, V. Barone, B. Mennucci, 
 G. A. Petersson, H. Nakatsuji, M. Caricato, X. Li, H. P. Hratchian, 
 A. F. Izmaylov, J. Bloino, G. Zheng, J. L. Sonnenberg, M. Hada, 
 M. Ehara, K. Toyota, R. Fukuda, J. Hasegawa, M. Ishida, T. Nakajima, 
 Y. Honda, O. Kitao, H. Nakai, T. Vreven, J. A. Montgomery, Jr., 
 J. E. Peralta, F. Ogliaro, M. Bearpark, J. J. Heyd, E. Brothers, 
 K. N. Kudin, V. N. Staroverov, T. Keith, R. Kobayashi, J. Normand, 
 K. Raghavachari, A. Rendell, J. C. Burant, S. S. Iyengar, J. Tomasi, 
 M. Cossi, N. Rega, J. M. Millam, M. Klene, J. E. Knox, J. B. Cross, 
 V. Bakken, C. Adamo, J. Jaramillo, R. Gomperts, R. E. Stratmann, 
 O. Yazyev, A. J. Austin, R. Cammi, C. Pomelli, J. W. Ochterski, 
 R. L. Martin, K. Morokuma, V. G. Zakrzewski, G. A. Voth, 
 P. Salvador, J. J. Dannenberg, S. Dapprich, A. D. Daniels, 
 O. Farkas, J. B. Foresman, J. V. Ortiz, J. Cioslowski, 
 and D. J. Fox, Gaussian, Inc., Wallingford CT, 2013.
 
 ******************************************
 Gaussian 09:  ES64L-G09RevE.01 30-Nov-2015
                10-Feb-2017 
 ******************************************
 %chk=h12.chk
 ----------------------------------------------------------------------
 #rhf/gen scf(symm,tight,novaracc,noincfock,fulldiag) stable(crhf) gues
 s=read geom=nocrowd test
 ----------------------------------------------------------------------
 1/38=1/1;
 2/12=1,17=6,18=5,40=1/2;
 3/5=7,16=1,25=1,30=1,116=1/1,2,3;
 4/5=1,9=4/1;
 5/5=100002,15=2,16=1,32=2,38=6/2;
 8/6=1,10=90,11=11/1,4;
 9/8=4,13=1/2;
 6/7=2,8=2,9=2,10=2,28=1/1;
 99/5=1,9=1/99;
 ----------------------------------------------------------------------
 hf stability analysis of h10 triangular lattice, y= 0.6960275979088506
 0
 ----------------------------------------------------------------------
 Symbolic Z-matrix:
 Charge =  0 Multiplicity = 1
 H
 H                    1     1.08283 
 H                    1     1.08283  2     100. 
 H                    2     1.08283  1     80.      3     0.       0
 H                    2     1.08283  1     180.     3     0.       0
 H                    4     1.08283  3     180.     5     0.       0
 H                    6     1.08283  5     180.     3     0.       0
 H                    4     1.08283  2     180.     3     0.       0
 H                    3     1.08283  1     180.     4     0.       0
 H                    9     1.08283  3     180.     4     0.       0
 H                    8     1.08283  4     180.     3     0.       0
 H                    7     1.08283  6     180.     3     0.       0
 
                          Input orientation:                          
 ---------------------------------------------------------------------
 Center     Atomic      Atomic             Coordinates (Angstroms)
 Number     Number       Type             X           Y           Z
 ---------------------------------------------------------------------
      1          1           0        0.000000    0.000000    0.000000
      2          1           0        0.000000    0.000000    1.082827
      3          1           0        1.066376    0.000000   -0.188031
      4          1           0        1.066376    0.000000    0.894796
      5          1           0        0.000000    0.000000    2.165653
      6          1           0        1.066376    0.000000    1.977623
      7          1           0        2.132752    0.000000    1.789592
      8          1           0        2.132752    0.000000    0.706765
      9          1           0        2.132752    0.000000   -0.376062
     10          1           0        3.199128    0.000000   -0.564093
     11          1           0        3.199128    0.000000    0.518734
     12          1           0        3.199128    0.000000    1.601561
 ---------------------------------------------------------------------
                    Distance matrix (angstroms):
                    1          2          3          4          5
     1  H    0.000000
     2  H    1.082827   0.000000
     3  H    1.082827   1.658987   0.000000
     4  H    1.392055   1.082827   1.082827   0.000000
     5  H    2.165653   1.082827   2.583987   1.658987   0.000000
     6  H    2.246809   1.392055   2.165653   1.082827   1.082827
     7  H    2.784110   2.246809   2.246809   1.392055   2.165653
     8  H    2.246809   2.165653   1.392055   1.082827   2.583987
     9  H    2.165653   2.583987   1.082827   1.658987   3.317973
    10  H    3.248480   3.598161   2.165653   2.583987   4.205465
    11  H    3.240911   3.248480   2.246809   2.165653   3.598161
    12  H    3.577628   3.240911   2.784110   2.246809   3.248480
                    6          7          8          9         10
     6  H    0.000000
     7  H    1.082827   0.000000
     8  H    1.658987   1.082827   0.000000
     9  H    2.583987   2.165653   1.082827   0.000000
    10  H    3.317973   2.583987   1.658987   1.082827   0.000000
    11  H    2.583987   1.658987   1.082827   1.392055   1.082827
    12  H    2.165653   1.082827   1.392055   2.246809   2.165653
                   11         12
    11  H    0.000000
    12  H    1.082827   0.000000
 Stoichiometry    H12
 Framework group  C2H[SGH(H12)]
 Deg. of freedom    11
 Full point group                 C2H     NOp   4
 Largest Abelian subgroup         C2H     NOp   4
 Largest concise Abelian subgroup C2      NOp   2
                         Standard orientation:                         
 ---------------------------------------------------------------------
 Center     Atomic      Atomic             Coordinates (Angstroms)
 Number     Number       Type             X           Y           Z
 ---------------------------------------------------------------------
      1          1           0        1.066376    1.436209    0.000000
      2          1           0       -0.000000    1.624240   -0.000000
      3          1           0        1.066376    0.353382    0.000000
      4          1           0       -0.000000    0.541413   -0.000000
      5          1           0       -1.066376    1.812271   -0.000000
      6          1           0       -1.066376    0.729444   -0.000000
      7          1           0       -1.066376   -0.353382    0.000000
      8          1           0       -0.000000   -0.541413   -0.000000
      9          1           0        1.066376   -0.729444   -0.000000
     10          1           0        1.066376   -1.812271   -0.000000
     11          1           0       -0.000000   -1.624240   -0.000000
     12          1           0       -1.066376   -1.436209    0.000000
 ---------------------------------------------------------------------
 Rotational constants (GHZ):     56.8983564     27.6213186     18.5945773
 General basis read from cards:  (5D, 7F)
 There are     6 symmetry adapted cartesian basis functions of AG  symmetry.
 There are     0 symmetry adapted cartesian basis functions of BG  symmetry.
 There are     0 symmetry adapted cartesian basis functions of AU  symmetry.
 There are     6 symmetry adapted cartesian basis functions of BU  symmetry.
 There are     6 symmetry adapted basis functions of AG  symmetry.
 There are     0 symmetry adapted basis functions of BG  symmetry.
 There are     0 symmetry adapted basis functions of AU  symmetry.
 There are     6 symmetry adapted basis functions of BU  symmetry.
    12 basis functions,   120 primitive gaussians,    12 cartesian basis functions
     6 alpha electrons        6 beta electrons
       nuclear repulsion energy        20.1105622463 Hartrees.
 NAtoms=   12 NActive=   12 NUniq=    6 SFac= 4.00D+00 NAtFMM=   60 NAOKFM=F Big=F
 Integral buffers will be    131072 words long.
 Regular integral format.
 Two-electron integral symmetry is turned on.
 One-electron integrals computed using PRISM.
 NBasis=    12 RedAO= T EigKep=  1.15D-01  NBF=     6     0     0     6
 NBsUse=    12 1.00D-06 EigRej= -1.00D+00 NBFU=     6     0     0     6
 Initial guess from the checkpoint file:  "h12.chk"
 B after Tr=     0.000000    0.000000   -0.000000
         Rot=    0.999982    0.000000    0.000000   -0.006070 Ang=  -0.70 deg.
 Initial guess orbital symmetries:
       Occupied  (AG) (BU) (BU) (AG) (AG) (AG)
       Virtual   (BU) (BU) (BU) (AG) (AG) (BU)
 Keep R1 ints in memory in symmetry-blocked form, NReq=904008.
 Requested convergence on RMS density matrix=1.00D-08 within 128 cycles.
 Requested convergence on MAX density matrix=1.00D-06.
 Requested convergence on             energy=1.00D-06.
 No special actions if energy rises.
 SCF Done:  E(RHF) =  -5.83034326795     A.U. after    8 cycles
            NFock=  8  Conv=0.20D-08     -V/T= 1.9071
 Range of M.O.s used for correlation:     1    12
 NBasis=    12 NAE=     6 NBE=     6 NFC=     0 NFV=     0
 NROrb=     12 NOA=     6 NOB=     6 NVA=     6 NVB=     6
 Semi-Direct transformation.
 ModeAB=           4 MOrb=             6 LenV=     134084143
 LASXX=         2181 LTotXX=        2181 LenRXX=        5115
 LTotAB=        2934 MaxLAS=        3024 LenRXY=           0
 NonZer=        7296 LenScr=      655360 LnRSAI=        3024
 LnScr1=      655360 LExtra=           0 Total=      1318859
 MaxDsk=          -1 SrtSym=           T ITran=            3
 JobTyp=0 Pass  1:  I=   1 to   6.
 (rs|ai) integrals will be sorted in core.
 Spin components of T(2) and E(2):
     alpha-alpha T2 =       0.1116369416D-01 E2=     -0.1376176400D-01
     alpha-beta  T2 =       0.8068380978D-01 E2=     -0.1116436276D+00
     beta-beta   T2 =       0.1116369416D-01 E2=     -0.1376176400D-01
 ANorm=    0.1050243399D+01
 E2 =    -0.1391671556D+00 EUMP2 =    -0.59695104235369D+01
 Second order stability test of a single determinant RHF wave function:
 Stabil:  MDV=134217728
 ***********************************************************************
 Matrix         Lowest Root    Major Pairs
 ***********************************************************************
 Internal RHF     0.0405323    Stable
 RRHF --> CRHF    0.0094083    Stable


 RRHF --> RUHF   -0.089014     6A=7B 6A=9B 4A=7B 6A=8B 4A=9B 5A=7B 5A=9B 2A=10B 1
 A=9B 3A=10B 1A=12B 6A=12B 4A=8B
 Not stable.
 ***********************************************************************

 **********************************************************************

            Population analysis using the SCF density.

 **********************************************************************

 Orbital symmetries:
       Occupied  (AG) (BU) (BU) (AG) (AG) (AG)
       Virtual   (BU) (BU) (BU) (AG) (AG) (BU)
 The electronic state is 1-AG.
 Alpha  occ. eigenvalues --   -0.93321  -0.75591  -0.65405  -0.49015  -0.41725
 Alpha  occ. eigenvalues --   -0.25558
 Alpha virt. eigenvalues --    0.02754   0.18936   0.23092   0.44982   0.61814
 Alpha virt. eigenvalues --    0.94698
          Condensed to atoms (all electrons):
               1          2          3          4          5          6
     1  H    0.863165   0.150545   0.326924  -0.191322  -0.018856  -0.043104
     2  H    0.150545   0.969526  -0.130586   0.190691   0.140434  -0.152935
     3  H    0.326924  -0.130586   0.975266  -0.236661  -0.020103   0.023731
     4  H   -0.191322   0.190691  -0.236661   1.393491  -0.099777  -0.203823
     5  H   -0.018856   0.140434  -0.020103  -0.099777   0.611294   0.292626
     6  H   -0.043104  -0.152935   0.023731  -0.203823   0.292626   0.952497
     7  H    0.015728  -0.093993   0.073188  -0.228772  -0.005426   0.304800
     8  H   -0.098354   0.011853  -0.228772   0.701447  -0.045824  -0.141902
     9  H   -0.012259  -0.053183   0.304800  -0.141902   0.007107   0.045563
    10  H   -0.002980   0.001055  -0.005426  -0.045824   0.003506   0.007107
    11  H    0.001094   0.023329  -0.093993   0.011853   0.001055  -0.053183
    12  H    0.014274   0.001094   0.015728  -0.098354  -0.002980  -0.012259
               7          8          9         10         11         12
     1  H    0.015728  -0.098354  -0.012259  -0.002980   0.001094   0.014274
     2  H   -0.093993   0.011853  -0.053183   0.001055   0.023329   0.001094
     3  H    0.073188  -0.228772   0.304800  -0.005426  -0.093993   0.015728
     4  H   -0.228772   0.701447  -0.141902  -0.045824   0.011853  -0.098354
     5  H   -0.005426  -0.045824   0.007107   0.003506   0.001055  -0.002980
     6  H    0.304800  -0.141902   0.045563   0.007107  -0.053183  -0.012259
     7  H    0.975266  -0.236661   0.023731  -0.020103  -0.130586   0.326924
     8  H   -0.236661   1.393491  -0.203823  -0.099777   0.190691  -0.191322
     9  H    0.023731  -0.203823   0.952497   0.292626  -0.152935  -0.043104
    10  H   -0.020103  -0.099777   0.292626   0.611294   0.140434  -0.018856
    11  H   -0.130586   0.190691  -0.152935   0.140434   0.969526   0.150545
    12  H    0.326924  -0.191322  -0.043104  -0.018856   0.150545   0.863165
 Mulliken charges:
               1
     1  H   -0.004855
     2  H   -0.057831
     3  H   -0.004096
     4  H   -0.051046
     5  H    0.136943
     6  H   -0.019116
     7  H   -0.004096
     8  H   -0.051046
     9  H   -0.019116
    10  H    0.136943
    11  H   -0.057831
    12  H   -0.004855
 Sum of Mulliken charges =  -0.00000
 Mulliken charges with hydrogens summed into heavy atoms:
               1
 Electronic spatial extent (au):  <R**2>=            132.5908
 Charge=             -0.0000 electrons
 Dipole moment (field-independent basis, Debye):
    X=              0.0000    Y=             -0.0000    Z=             -0.0000  Tot=              0.0000
 Quadrupole moment (field-independent basis, Debye-Ang):
   XX=            -19.4698   YY=            -14.1413   ZZ=            -15.1962
   XY=             -3.0152   XZ=             -0.0000   YZ=             -0.0000
 Traceless Quadrupole moment (field-independent basis, Debye-Ang):
   XX=             -3.2007   YY=              2.1278   ZZ=              1.0729
   XY=             -3.0152   XZ=             -0.0000   YZ=             -0.0000
 Octapole moment (field-independent basis, Debye-Ang**2):
  XXX=              0.0000  YYY=             -0.0000  ZZZ=              0.0000  XYY=             -0.0000
  XXY=             -0.0000  XXZ=              0.0000  XZZ=              0.0000  YZZ=             -0.0000
  YYZ=             -0.0000  XYZ=              0.0000
 Hexadecapole moment (field-independent basis, Debye-Ang**3):
 XXXX=           -110.8892 YYYY=           -154.3669 ZZZZ=            -18.0325 XXXY=              1.1049
 XXXZ=             -0.0000 YYYX=             -7.0229 YYYZ=              0.0000 ZZZX=             -0.0000
 ZZZY=              0.0000 XXYY=            -41.3813 XXZZ=            -19.7880 YYZZ=            -29.6947
 XXYZ=              0.0000 YYXZ=             -0.0000 ZZXY=              1.4035
 N-N= 2.011056224627D+01 E-N=-5.129723050951D+01  KE= 6.427724303219D+00
 Symmetry AG   KE= 4.874157721085D+00
 Symmetry BG   KE= 0.000000000000D+00
 Symmetry AU   KE= 0.000000000000D+00
 Symmetry BU   KE= 1.553566582135D+00

 Test job not archived.
 1\1\GINC-SULU\Stability\RHF\Gen\H12\LCJ1\10-Feb-2017\0\\#rhf/gen scf(s
 ymm,tight,novaracc,noincfock,fulldiag) stable(crhf) guess=read geom=no
 crowd test\\hf stability analysis of h10 triangular lattice, y= 0.6960
 2759790885060\\0,1\H\H,1,1.0828266931\H,1,1.0828266931,2,100.\H,2,1.08
 28266931,1,80.,3,0.,0\H,2,1.0828266931,1,180.,3,0.,0\H,4,1.0828266931,
 3,180.,5,0.,0\H,6,1.0828266931,5,180.,3,0.,0\H,4,1.0828266931,2,180.,3
 ,0.,0\H,3,1.0828266931,1,180.,4,0.,0\H,9,1.0828266931,3,180.,4,0.,0\H,
 8,1.0828266931,4,180.,3,0.,0\H,7,1.0828266931,6,180.,3,0.,0\\Version=E
 S64L-G09RevE.01\State=1-AG\HF=-5.8303433\MP2=-5.9695104\RMSD=2.022e-09
 \Dipole=0.,0.,0.\Quadrupole=0.6957787,0.7976824,-1.493461,0.,-2.784025
 3,0.\PG=C02H [SGH(H12)]\\@


 "WHERE SHALL I START, PLEASE YOUR MAJESTY?" HE ASKED.
 "BEGIN AT THE BEGINNING," THE KING SAID GRAVELY,
 "AND GO ON TILL YOU COME TO THE END: THEN STOP." 

                                      -- LEWIS CARROLL
 Job cpu time:       0 days  0 hours  0 minutes  1.0 seconds.
 File lengths (MBytes):  RWF=     84 Int=      0 D2E=      0 Chk=      2 Scr=      2
 Normal termination of Gaussian 09 at Fri Feb 10 14:38:49 2017.
