 Entering Gaussian System, Link 0=g09
 AtFile(1): H.gbs
            H     0
            S   10   1.00
               1000.000000000000            0.000068713567
                316.227766000000            0.000169141320
                100.000000000000            0.000823394812
                 31.622776600000            0.003425569236
                 10.000000000000            0.013951996000
                  3.162277660000            0.056909313560
                  1.000000000000            0.198286399900
                  0.316227766000            0.496922426700
                  0.100000000000            0.369846276400
                  0.031622776600            0.003752720039
            ****
 Initial command:
 /projects/guscus/apps/gau/g09-e1/g09/l1.exe "/users/lcj1/gaussian/h12/rhfstability/rect/Gau-5119.inp" -scrdir="/users/lcj1/gaussian/h12/rhfstability/rect/"
 Entering Link 1 = /projects/guscus/apps/gau/g09-e1/g09/l1.exe PID=      5120.
  
 Copyright (c) 1988,1990,1992,1993,1995,1998,2003,2009,2015,
            Gaussian, Inc.  All Rights Reserved.
  
 This is part of the Gaussian(R) 09 program.  It is based on
 the Gaussian(R) 03 system (copyright 2003, Gaussian, Inc.),
 the Gaussian(R) 98 system (copyright 1998, Gaussian, Inc.),
 the Gaussian(R) 94 system (copyright 1995, Gaussian, Inc.),
 the Gaussian 92(TM) system (copyright 1992, Gaussian, Inc.),
 the Gaussian 90(TM) system (copyright 1990, Gaussian, Inc.),
 the Gaussian 88(TM) system (copyright 1988, Gaussian, Inc.),
 the Gaussian 86(TM) system (copyright 1986, Carnegie Mellon
 University), and the Gaussian 82(TM) system (copyright 1983,
 Carnegie Mellon University). Gaussian is a federally registered
 trademark of Gaussian, Inc.
  
 This software contains proprietary and confidential information,
 including trade secrets, belonging to Gaussian, Inc.
  
 This software is provided under written license and may be
 used, copied, transmitted, or stored only in accord with that
 written license.
  
 The following legend is applicable only to US Government
 contracts under FAR:
  
                    RESTRICTED RIGHTS LEGEND
  
 Use, reproduction and disclosure by the US Government is
 subject to restrictions as set forth in subparagraphs (a)
 and (c) of the Commercial Computer Software - Restricted
 Rights clause in FAR 52.227-19.
  
 Gaussian, Inc.
 340 Quinnipiac St., Bldg. 40, Wallingford CT 06492
  
  
 ---------------------------------------------------------------
 Warning -- This program may not be used in any manner that
 competes with the business of Gaussian, Inc. or will provide
 assistance to any competitor of Gaussian, Inc.  The licensee
 of this program is prohibited from giving any competitor of
 Gaussian, Inc. access to this program.  By using this program,
 the user acknowledges that Gaussian, Inc. is engaged in the
 business of creating and licensing software in the field of
 computational chemistry and represents and warrants to the
 licensee that it is not a competitor of Gaussian, Inc. and that
 it will not use this program in any manner prohibited above.
 ---------------------------------------------------------------
  

 Cite this work as:
 Gaussian 09, Revision E.01,
 M. J. Frisch, G. W. Trucks, H. B. Schlegel, G. E. Scuseria, 
 M. A. Robb, J. R. Cheeseman, G. Scalmani, V. Barone, B. Mennucci, 
 G. A. Petersson, H. Nakatsuji, M. Caricato, X. Li, H. P. Hratchian, 
 A. F. Izmaylov, J. Bloino, G. Zheng, J. L. Sonnenberg, M. Hada, 
 M. Ehara, K. Toyota, R. Fukuda, J. Hasegawa, M. Ishida, T. Nakajima, 
 Y. Honda, O. Kitao, H. Nakai, T. Vreven, J. A. Montgomery, Jr., 
 J. E. Peralta, F. Ogliaro, M. Bearpark, J. J. Heyd, E. Brothers, 
 K. N. Kudin, V. N. Staroverov, T. Keith, R. Kobayashi, J. Normand, 
 K. Raghavachari, A. Rendell, J. C. Burant, S. S. Iyengar, J. Tomasi, 
 M. Cossi, N. Rega, J. M. Millam, M. Klene, J. E. Knox, J. B. Cross, 
 V. Bakken, C. Adamo, J. Jaramillo, R. Gomperts, R. E. Stratmann, 
 O. Yazyev, A. J. Austin, R. Cammi, C. Pomelli, J. W. Ochterski, 
 R. L. Martin, K. Morokuma, V. G. Zakrzewski, G. A. Voth, 
 P. Salvador, J. J. Dannenberg, S. Dapprich, A. D. Daniels, 
 O. Farkas, J. B. Foresman, J. V. Ortiz, J. Cioslowski, 
 and D. J. Fox, Gaussian, Inc., Wallingford CT, 2013.
 
 ******************************************
 Gaussian 09:  ES64L-G09RevE.01 30-Nov-2015
                10-Feb-2017 
 ******************************************
 %chk=h12.chk
 ----------------------------------------------------------------------
 #rhf/gen scf(symm,tight,novaracc,noincfock,fulldiag) stable(crhf) gues
 s=read geom=nocrowd test
 ----------------------------------------------------------------------
 1/38=1/1;
 2/12=1,17=6,18=5,40=1/2;
 3/5=7,16=1,25=1,30=1,116=1/1,2,3;
 4/5=1,9=4/1;
 5/5=100002,15=2,16=1,32=2,38=6/2;
 8/6=1,10=90,11=11/1,4;
 9/8=4,13=1/2;
 6/7=2,8=2,9=2,10=2,28=1/1;
 99/5=1,9=1/99;
 ----------------------------------------------------------------------
 hf stability analysis of h10 triangular lattice, y= 0.7084369783301545
 1
 ----------------------------------------------------------------------
 Symbolic Z-matrix:
 Charge =  0 Multiplicity = 1
 H
 H                    1     1.07984 
 H                    1     1.07984  2     98. 
 H                    2     1.07984  1     82.      3     0.       0
 H                    2     1.07984  1     180.     3     0.       0
 H                    4     1.07984  3     180.     5     0.       0
 H                    6     1.07984  5     180.     3     0.       0
 H                    4     1.07984  2     180.     3     0.       0
 H                    3     1.07984  1     180.     4     0.       0
 H                    9     1.07984  3     180.     4     0.       0
 H                    8     1.07984  4     180.     3     0.       0
 H                    7     1.07984  6     180.     3     0.       0
 
                          Input orientation:                          
 ---------------------------------------------------------------------
 Center     Atomic      Atomic             Coordinates (Angstroms)
 Number     Number       Type             X           Y           Z
 ---------------------------------------------------------------------
      1          1           0        0.000000    0.000000    0.000000
      2          1           0        0.000000    0.000000    1.079837
      3          1           0        1.069328    0.000000   -0.150284
      4          1           0        1.069328    0.000000    0.929553
      5          1           0        0.000000    0.000000    2.159674
      6          1           0        1.069328    0.000000    2.009390
      7          1           0        2.138657    0.000000    1.859106
      8          1           0        2.138657    0.000000    0.779269
      9          1           0        2.138657    0.000000   -0.300569
     10          1           0        3.207985    0.000000   -0.450853
     11          1           0        3.207985    0.000000    0.628984
     12          1           0        3.207985    0.000000    1.708822
 ---------------------------------------------------------------------
                    Distance matrix (angstroms):
                    1          2          3          4          5
     1  H    0.000000
     2  H    1.079837   0.000000
     3  H    1.079837   1.629927   0.000000
     4  H    1.416874   1.079837   1.079837   0.000000
     5  H    2.159674   1.079837   2.545461   1.629927   0.000000
     6  H    2.276206   1.416874   2.159674   1.079837   1.079837
     7  H    2.833748   2.276206   2.276206   1.416874   2.159674
     8  H    2.276206   2.159674   1.416874   1.079837   2.545461
     9  H    2.159674   2.545461   1.079837   1.629927   3.259854
    10  H    3.239512   3.554459   2.159674   2.545461   4.135943
    11  H    3.269065   3.239512   2.276206   2.159674   3.554459
    12  H    3.634727   3.269065   2.833748   2.276206   3.239512
                    6          7          8          9         10
     6  H    0.000000
     7  H    1.079837   0.000000
     8  H    1.629927   1.079837   0.000000
     9  H    2.545461   2.159674   1.079837   0.000000
    10  H    3.259854   2.545461   1.629927   1.079837   0.000000
    11  H    2.545461   1.629927   1.079837   1.416874   1.079837
    12  H    2.159674   1.079837   1.416874   2.276206   2.159674
                   11         12
    11  H    0.000000
    12  H    1.079837   0.000000
 Stoichiometry    H12
 Framework group  C2H[SGH(H12)]
 Deg. of freedom    11
 Full point group                 C2H     NOp   4
 Largest Abelian subgroup         C2H     NOp   4
 Largest concise Abelian subgroup C2      NOp   2
                         Standard orientation:                         
 ---------------------------------------------------------------------
 Center     Atomic      Atomic             Coordinates (Angstroms)
 Number     Number       Type             X           Y           Z
 ---------------------------------------------------------------------
      1          1           0        1.069328    1.469472   -0.000000
      2          1           0        0.000000    1.619756   -0.000000
      3          1           0        1.069328    0.389634   -0.000000
      4          1           0        0.000000    0.539919   -0.000000
      5          1           0       -1.069328    1.770040    0.000000
      6          1           0       -1.069328    0.690203    0.000000
      7          1           0       -1.069328   -0.389634    0.000000
      8          1           0       -0.000000   -0.539919   -0.000000
      9          1           0        1.069328   -0.690203   -0.000000
     10          1           0        1.069328   -1.770040   -0.000000
     11          1           0       -0.000000   -1.619756   -0.000000
     12          1           0       -1.069328   -1.469472   -0.000000
 ---------------------------------------------------------------------
 Rotational constants (GHZ):     55.9783687     28.0752666     18.6976758
 General basis read from cards:  (5D, 7F)
 There are     6 symmetry adapted cartesian basis functions of AG  symmetry.
 There are     0 symmetry adapted cartesian basis functions of BG  symmetry.
 There are     0 symmetry adapted cartesian basis functions of AU  symmetry.
 There are     6 symmetry adapted cartesian basis functions of BU  symmetry.
 There are     6 symmetry adapted basis functions of AG  symmetry.
 There are     0 symmetry adapted basis functions of BG  symmetry.
 There are     0 symmetry adapted basis functions of AU  symmetry.
 There are     6 symmetry adapted basis functions of BU  symmetry.
    12 basis functions,   120 primitive gaussians,    12 cartesian basis functions
     6 alpha electrons        6 beta electrons
       nuclear repulsion energy        20.1358770885 Hartrees.
 NAtoms=   12 NActive=   12 NUniq=    6 SFac= 4.00D+00 NAtFMM=   60 NAOKFM=F Big=F
 Integral buffers will be    131072 words long.
 Regular integral format.
 Two-electron integral symmetry is turned on.
 One-electron integrals computed using PRISM.
 NBasis=    12 RedAO= T EigKep=  1.12D-01  NBF=     6     0     0     6
 NBsUse=    12 1.00D-06 EigRej= -1.00D+00 NBFU=     6     0     0     6
 Initial guess from the checkpoint file:  "h12.chk"
 B after Tr=    -0.000000    0.000000    0.000000
         Rot=    0.999982    0.000000    0.000000   -0.006070 Ang=  -0.70 deg.
 Initial guess orbital symmetries:
       Occupied  (AG) (BU) (BU) (AG) (AG) (AG)
       Virtual   (BU) (BU) (BU) (AG) (AG) (BU)
 Keep R1 ints in memory in symmetry-blocked form, NReq=903840.
 Requested convergence on RMS density matrix=1.00D-08 within 128 cycles.
 Requested convergence on MAX density matrix=1.00D-06.
 Requested convergence on             energy=1.00D-06.
 No special actions if energy rises.
 SCF Done:  E(RHF) =  -5.84043482141     A.U. after    8 cycles
            NFock=  8  Conv=0.10D-08     -V/T= 1.9098
 Range of M.O.s used for correlation:     1    12
 NBasis=    12 NAE=     6 NBE=     6 NFC=     0 NFV=     0
 NROrb=     12 NOA=     6 NOB=     6 NVA=     6 NVB=     6
 Semi-Direct transformation.
 ModeAB=           4 MOrb=             6 LenV=     134084311
 LASXX=         2181 LTotXX=        2181 LenRXX=        5115
 LTotAB=        2934 MaxLAS=        3024 LenRXY=           0
 NonZer=        7296 LenScr=      655360 LnRSAI=        3024
 LnScr1=      655360 LExtra=           0 Total=      1318859
 MaxDsk=          -1 SrtSym=           T ITran=            3
 JobTyp=0 Pass  1:  I=   1 to   6.
 (rs|ai) integrals will be sorted in core.
 Spin components of T(2) and E(2):
     alpha-alpha T2 =       0.1114184503D-01 E2=     -0.1375212647D-01
     alpha-beta  T2 =       0.8000216571D-01 E2=     -0.1111840554D+00
     beta-beta   T2 =       0.1114184503D-01 E2=     -0.1375212647D-01
 ANorm=    0.1049898022D+01
 E2 =    -0.1386883084D+00 EUMP2 =    -0.59791231297643D+01
 Second order stability test of a single determinant RHF wave function:
 Stabil:  MDV=134217728
 ***********************************************************************
 Matrix         Lowest Root    Major Pairs
 ***********************************************************************
 Internal RHF     0.0545695    Stable
 RRHF --> CRHF    0.0249552    Stable


 RRHF --> RUHF   -0.0804429    6A=7B 6A=9B 4A=7B 6A=8B 4A=9B 5A=7B 5A=9B 3A=10B 2
 A=10B 1A=12B 1A=9B 5A=8B 4A=8B 2A=11B 6A=12B
 Not stable.
 ***********************************************************************

 **********************************************************************

            Population analysis using the SCF density.

 **********************************************************************

 Orbital symmetries:
       Occupied  (AG) (BU) (BU) (AG) (AG) (AG)
       Virtual   (BU) (BU) (BU) (AG) (AG) (BU)
 The electronic state is 1-AG.
 Alpha  occ. eigenvalues --   -0.93489  -0.75553  -0.65804  -0.48383  -0.42510
 Alpha  occ. eigenvalues --   -0.26119
 Alpha virt. eigenvalues --    0.03831   0.18795   0.21637   0.47027   0.60739
 Alpha virt. eigenvalues --    0.96852
          Condensed to atoms (all electrons):
               1          2          3          4          5          6
     1  H    0.832336   0.150638   0.323578  -0.178772  -0.019214  -0.040435
     2  H    0.150638   0.967217  -0.132632   0.188945   0.142555  -0.150428
     3  H    0.323578  -0.132632   0.970618  -0.232816  -0.022022   0.023537
     4  H   -0.178772   0.188945  -0.232816   1.385757  -0.106117  -0.206672
     5  H   -0.019214   0.142555  -0.022022  -0.106117   0.631572   0.296125
     6  H   -0.040435  -0.150428   0.023537  -0.206672   0.296125   0.953051
     7  H    0.014677  -0.089067   0.070082  -0.218217  -0.006402   0.304266
     8  H   -0.091357   0.011175  -0.218217   0.698516  -0.049604  -0.149047
     9  H   -0.011881  -0.056529   0.304266  -0.149047   0.007787   0.048057
    10  H   -0.003103   0.001130  -0.006402  -0.049604   0.004093   0.007787
    11  H    0.001194   0.023564  -0.089067   0.011175   0.001130  -0.056529
    12  H    0.012555   0.001194   0.014677  -0.091357  -0.003103  -0.011881
               7          8          9         10         11         12
     1  H    0.014677  -0.091357  -0.011881  -0.003103   0.001194   0.012555
     2  H   -0.089067   0.011175  -0.056529   0.001130   0.023564   0.001194
     3  H    0.070082  -0.218217   0.304266  -0.006402  -0.089067   0.014677
     4  H   -0.218217   0.698516  -0.149047  -0.049604   0.011175  -0.091357
     5  H   -0.006402  -0.049604   0.007787   0.004093   0.001130  -0.003103
     6  H    0.304266  -0.149047   0.048057   0.007787  -0.056529  -0.011881
     7  H    0.970618  -0.232816   0.023537  -0.022022  -0.132632   0.323578
     8  H   -0.232816   1.385757  -0.206672  -0.106117   0.188945  -0.178772
     9  H    0.023537  -0.206672   0.953051   0.296125  -0.150428  -0.040435
    10  H   -0.022022  -0.106117   0.296125   0.631572   0.142555  -0.019214
    11  H   -0.132632   0.188945  -0.150428   0.142555   0.967217   0.150638
    12  H    0.323578  -0.178772  -0.040435  -0.019214   0.150638   0.832336
 Mulliken charges:
               1
     1  H    0.009784
     2  H   -0.057762
     3  H   -0.005601
     4  H   -0.051791
     5  H    0.123201
     6  H   -0.017832
     7  H   -0.005601
     8  H   -0.051791
     9  H   -0.017832
    10  H    0.123201
    11  H   -0.057762
    12  H    0.009784
 Sum of Mulliken charges =  -0.00000
 Mulliken charges with hydrogens summed into heavy atoms:
               1
 Electronic spatial extent (au):  <R**2>=            132.2801
 Charge=             -0.0000 electrons
 Dipole moment (field-independent basis, Debye):
    X=             -0.0000    Y=              0.0000    Z=              0.0000  Tot=              0.0000
 Quadrupole moment (field-independent basis, Debye-Ang):
   XX=            -19.4247   YY=            -14.4823   ZZ=            -15.1965
   XY=             -2.4136   XZ=              0.0000   YZ=              0.0000
 Traceless Quadrupole moment (field-independent basis, Debye-Ang):
   XX=             -3.0568   YY=              1.8855   ZZ=              1.1713
   XY=             -2.4136   XZ=              0.0000   YZ=              0.0000
 Octapole moment (field-independent basis, Debye-Ang**2):
  XXX=              0.0000  YYY=             -0.0000  ZZZ=              0.0000  XYY=             -0.0000
  XXY=              0.0000  XXZ=              0.0000  XZZ=              0.0000  YZZ=             -0.0000
  YYZ=              0.0000  XYZ=              0.0000
 Hexadecapole moment (field-independent basis, Debye-Ang**3):
 XXXX=           -111.1725 YYYY=           -155.6851 ZZZZ=            -18.0302 XXXY=              0.8722
 XXXZ=              0.0000 YYYX=             -5.5071 YYYZ=             -0.0000 ZZZX=              0.0000
 ZZZY=             -0.0000 XXYY=            -41.5706 XXZZ=            -19.8407 YYZZ=            -29.5150
 XXYZ=             -0.0000 YYXZ=              0.0000 ZZXY=              1.1253
 N-N= 2.013587708852D+01 E-N=-5.133529714605D+01  KE= 6.419823690918D+00
 Symmetry AG   KE= 4.867255695773D+00
 Symmetry BG   KE= 0.000000000000D+00
 Symmetry AU   KE= 0.000000000000D+00
 Symmetry BU   KE= 1.552567995145D+00

 Test job not archived.
 1\1\GINC-SULU\Stability\RHF\Gen\H12\LCJ1\10-Feb-2017\0\\#rhf/gen scf(s
 ymm,tight,novaracc,noincfock,fulldiag) stable(crhf) guess=read geom=no
 crowd test\\hf stability analysis of h10 triangular lattice, y= 0.7084
 3697833015451\\0,1\H\H,1,1.0798372262\H,1,1.0798372262,2,98.\H,2,1.079
 8372262,1,82.,3,0.,0\H,2,1.0798372262,1,180.,3,0.,0\H,4,1.0798372262,3
 ,180.,5,0.,0\H,6,1.0798372262,5,180.,3,0.,0\H,4,1.0798372262,2,180.,3,
 0.,0\H,3,1.0798372262,1,180.,4,0.,0\H,9,1.0798372262,3,180.,4,0.,0\H,8
 ,1.0798372262,4,180.,3,0.,0\H,7,1.0798372262,6,180.,3,0.,0\\Version=ES
 64L-G09RevE.01\State=1-AG\HF=-5.8404348\MP2=-5.9791231\RMSD=9.993e-10\
 Dipole=0.,0.,0.\Quadrupole=0.8360279,0.8708419,-1.7068698,0.,-2.231356
 2,0.\PG=C02H [SGH(H12)]\\@


 REFRAIN FROM ILLUSIONS, INSIST ON WORK AND NOT WORDS,
 PATIENTLY SEEK DIVINE AND SCIENTIFIC TRUTH.
 LAST WORDS OF MARIA MENDELEEVA TO HER SON DMITRI, C. 1850
 Job cpu time:       0 days  0 hours  0 minutes  1.0 seconds.
 File lengths (MBytes):  RWF=     84 Int=      0 D2E=      0 Chk=      2 Scr=      2
 Normal termination of Gaussian 09 at Fri Feb 10 14:38:52 2017.
