 Entering Gaussian System, Link 0=g09
 AtFile(1): H.gbs
            H     0
            S   10   1.00
               1000.000000000000            0.000068713567
                316.227766000000            0.000169141320
                100.000000000000            0.000823394812
                 31.622776600000            0.003425569236
                 10.000000000000            0.013951996000
                  3.162277660000            0.056909313560
                  1.000000000000            0.198286399900
                  0.316227766000            0.496922426700
                  0.100000000000            0.369846276400
                  0.031622776600            0.003752720039
            ****
 Initial command:
 /projects/guscus/apps/gau/g09-e1/g09/l1.exe "/users/lcj1/gaussian/h12/rhfstability/rect/Gau-6785.inp" -scrdir="/users/lcj1/gaussian/h12/rhfstability/rect/"
 Entering Link 1 = /projects/guscus/apps/gau/g09-e1/g09/l1.exe PID=      6786.
  
 Copyright (c) 1988,1990,1992,1993,1995,1998,2003,2009,2015,
            Gaussian, Inc.  All Rights Reserved.
  
 This is part of the Gaussian(R) 09 program.  It is based on
 the Gaussian(R) 03 system (copyright 2003, Gaussian, Inc.),
 the Gaussian(R) 98 system (copyright 1998, Gaussian, Inc.),
 the Gaussian(R) 94 system (copyright 1995, Gaussian, Inc.),
 the Gaussian 92(TM) system (copyright 1992, Gaussian, Inc.),
 the Gaussian 90(TM) system (copyright 1990, Gaussian, Inc.),
 the Gaussian 88(TM) system (copyright 1988, Gaussian, Inc.),
 the Gaussian 86(TM) system (copyright 1986, Carnegie Mellon
 University), and the Gaussian 82(TM) system (copyright 1983,
 Carnegie Mellon University). Gaussian is a federally registered
 trademark of Gaussian, Inc.
  
 This software contains proprietary and confidential information,
 including trade secrets, belonging to Gaussian, Inc.
  
 This software is provided under written license and may be
 used, copied, transmitted, or stored only in accord with that
 written license.
  
 The following legend is applicable only to US Government
 contracts under FAR:
  
                    RESTRICTED RIGHTS LEGEND
  
 Use, reproduction and disclosure by the US Government is
 subject to restrictions as set forth in subparagraphs (a)
 and (c) of the Commercial Computer Software - Restricted
 Rights clause in FAR 52.227-19.
  
 Gaussian, Inc.
 340 Quinnipiac St., Bldg. 40, Wallingford CT 06492
  
  
 ---------------------------------------------------------------
 Warning -- This program may not be used in any manner that
 competes with the business of Gaussian, Inc. or will provide
 assistance to any competitor of Gaussian, Inc.  The licensee
 of this program is prohibited from giving any competitor of
 Gaussian, Inc. access to this program.  By using this program,
 the user acknowledges that Gaussian, Inc. is engaged in the
 business of creating and licensing software in the field of
 computational chemistry and represents and warrants to the
 licensee that it is not a competitor of Gaussian, Inc. and that
 it will not use this program in any manner prohibited above.
 ---------------------------------------------------------------
  

 Cite this work as:
 Gaussian 09, Revision E.01,
 M. J. Frisch, G. W. Trucks, H. B. Schlegel, G. E. Scuseria, 
 M. A. Robb, J. R. Cheeseman, G. Scalmani, V. Barone, B. Mennucci, 
 G. A. Petersson, H. Nakatsuji, M. Caricato, X. Li, H. P. Hratchian, 
 A. F. Izmaylov, J. Bloino, G. Zheng, J. L. Sonnenberg, M. Hada, 
 M. Ehara, K. Toyota, R. Fukuda, J. Hasegawa, M. Ishida, T. Nakajima, 
 Y. Honda, O. Kitao, H. Nakai, T. Vreven, J. A. Montgomery, Jr., 
 J. E. Peralta, F. Ogliaro, M. Bearpark, J. J. Heyd, E. Brothers, 
 K. N. Kudin, V. N. Staroverov, T. Keith, R. Kobayashi, J. Normand, 
 K. Raghavachari, A. Rendell, J. C. Burant, S. S. Iyengar, J. Tomasi, 
 M. Cossi, N. Rega, J. M. Millam, M. Klene, J. E. Knox, J. B. Cross, 
 V. Bakken, C. Adamo, J. Jaramillo, R. Gomperts, R. E. Stratmann, 
 O. Yazyev, A. J. Austin, R. Cammi, C. Pomelli, J. W. Ochterski, 
 R. L. Martin, K. Morokuma, V. G. Zakrzewski, G. A. Voth, 
 P. Salvador, J. J. Dannenberg, S. Dapprich, A. D. Daniels, 
 O. Farkas, J. B. Foresman, J. V. Ortiz, J. Cioslowski, 
 and D. J. Fox, Gaussian, Inc., Wallingford CT, 2013.
 
 ******************************************
 Gaussian 09:  ES64L-G09RevE.01 30-Nov-2015
                10-Feb-2017 
 ******************************************
 %chk=h12.chk
 ----------------------------------------------------------------------
 #rhf/gen scf(symm,tight,novaracc,noincfock,fulldiag) stable(crhf) gues
 s=read geom=nocrowd test
 ----------------------------------------------------------------------
 1/38=1/1;
 2/12=1,17=6,18=5,40=1/2;
 3/5=7,16=1,25=1,30=1,116=1/1,2,3;
 4/5=1,9=4/1;
 5/5=100002,15=2,16=1,32=2,38=6/2;
 8/6=1,10=90,11=11/1,4;
 9/8=4,13=1/2;
 6/7=2,8=2,9=2,10=2,28=1/1;
 99/5=1,9=1/99;
 ----------------------------------------------------------------------
 hf stability analysis of h10 triangular lattice, y= 2.0268354180156947
 ----------------------------------------------------------------------
 Symbolic Z-matrix:
 Charge =  0 Multiplicity = 1
 H
 H                    1     2.04675 
 H                    1     2.04675  2     16. 
 H                    2     2.04675  1     164.     3     0.       0
 H                    2     2.04675  1     180.     3     0.       0
 H                    4     2.04675  3     180.     5     0.       0
 H                    6     2.04675  5     180.     3     0.       0
 H                    4     2.04675  2     180.     3     0.       0
 H                    3     2.04675  1     180.     4     0.       0
 H                    9     2.04675  3     180.     4     0.       0
 H                    8     2.04675  4     180.     3     0.       0
 H                    7     2.04675  6     180.     3     0.       0
 
                          Input orientation:                          
 ---------------------------------------------------------------------
 Center     Atomic      Atomic             Coordinates (Angstroms)
 Number     Number       Type             X           Y           Z
 ---------------------------------------------------------------------
      1          1           0        0.000000    0.000000    0.000000
      2          1           0        0.000000    0.000000    2.046754
      3          1           0        0.564162    0.000000    1.967466
      4          1           0        0.564162    0.000000    4.014221
      5          1           0        0.000000    0.000000    4.093509
      6          1           0        0.564162    0.000000    6.060975
      7          1           0        1.128324    0.000000    8.028442
      8          1           0        1.128324    0.000000    5.981687
      9          1           0        1.128324    0.000000    3.934933
     10          1           0        1.692486    0.000000    5.902399
     11          1           0        1.692486    0.000000    7.949154
     12          1           0        1.692486    0.000000    9.995908
 ---------------------------------------------------------------------
                    Distance matrix (angstroms):
                    1          2          3          4          5
     1  H    0.000000
     2  H    2.046754   0.000000
     3  H    2.046754   0.569706   0.000000
     4  H    4.053671   2.046754   2.046754   0.000000
     5  H    4.093509   2.046754   2.199621   0.569706   0.000000
     6  H    6.087175   4.053671   4.093509   2.046754   2.046754
     7  H    8.107342   6.087175   6.087175   4.053671   4.093509
     8  H    6.087175   4.093509   4.053671   2.046754   2.199621
     9  H    4.093509   2.199621   2.046754   0.569706   1.139413
    10  H    6.140263   4.210761   4.093509   2.199621   2.477215
    11  H    8.127334   6.140263   6.087175   4.093509   4.210761
    12  H   10.138180   8.127334   8.107342   6.087175   6.140263
                    6          7          8          9         10
     6  H    0.000000
     7  H    2.046754   0.000000
     8  H    0.569706   2.046754   0.000000
     9  H    2.199621   4.093509   2.046754   0.000000
    10  H    1.139413   2.199621   0.569706   2.046754   0.000000
    11  H    2.199621   0.569706   2.046754   4.053671   2.046754
    12  H    4.093509   2.046754   4.053671   6.087175   4.093509
                   11         12
    11  H    0.000000
    12  H    2.046754   0.000000
 Stoichiometry    H12
 Framework group  C2H[SGH(H12)]
 Deg. of freedom    11
 Full point group                 C2H     NOp   4
 Largest Abelian subgroup         C2H     NOp   4
 Largest concise Abelian subgroup C2      NOp   2
                         Standard orientation:                         
 ---------------------------------------------------------------------
 Center     Atomic      Atomic             Coordinates (Angstroms)
 Number     Number       Type             X           Y           Z
 ---------------------------------------------------------------------
      1          1           0        0.564162    5.037598    0.000000
      2          1           0        0.000000    3.070131   -0.000000
      3          1           0        0.564162    2.990844    0.000000
      4          1           0        0.000000    1.023377   -0.000000
      5          1           0       -0.564162    1.102665   -0.000000
      6          1           0       -0.564162   -0.944089   -0.000000
      7          1           0       -0.564162   -2.990844    0.000000
      8          1           0       -0.000000   -1.023377   -0.000000
      9          1           0        0.564162    0.944089   -0.000000
     10          1           0        0.564162   -1.102665   -0.000000
     11          1           0       -0.000000   -3.070131   -0.000000
     12          1           0       -0.564162   -5.037598   -0.000000
 ---------------------------------------------------------------------
 Rotational constants (GHZ):    296.6777082      5.2973536      5.2044256
 General basis read from cards:  (5D, 7F)
 There are     6 symmetry adapted cartesian basis functions of AG  symmetry.
 There are     0 symmetry adapted cartesian basis functions of BG  symmetry.
 There are     0 symmetry adapted cartesian basis functions of AU  symmetry.
 There are     6 symmetry adapted cartesian basis functions of BU  symmetry.
 There are     6 symmetry adapted basis functions of AG  symmetry.
 There are     0 symmetry adapted basis functions of BG  symmetry.
 There are     0 symmetry adapted basis functions of AU  symmetry.
 There are     6 symmetry adapted basis functions of BU  symmetry.
    12 basis functions,   120 primitive gaussians,    12 cartesian basis functions
     6 alpha electrons        6 beta electrons
       nuclear repulsion energy        16.3022907330 Hartrees.
 NAtoms=   12 NActive=   12 NUniq=    6 SFac= 4.00D+00 NAtFMM=   60 NAOKFM=F Big=F
 Integral buffers will be    131072 words long.
 Regular integral format.
 Two-electron integral symmetry is turned on.
 One-electron integrals computed using PRISM.
 NBasis=    12 RedAO= T EigKep=  5.21D-02  NBF=     6     0     0     6
 NBsUse=    12 1.00D-06 EigRej= -1.00D+00 NBFU=     6     0     0     6
 Initial guess from the checkpoint file:  "h12.chk"
 B after Tr=    -0.000000   -0.000000   -0.000000
         Rot=    0.999982   -0.000000    0.000000   -0.006070 Ang=  -0.70 deg.
 Initial guess orbital symmetries:
       Occupied  (AG) (BU) (AG) (BU) (AG) (AG)
       Virtual   (BU) (BU) (BU) (AG) (AG) (BU)
 Keep R1 ints in memory in symmetry-blocked form, NReq=895300.
 Requested convergence on RMS density matrix=1.00D-08 within 128 cycles.
 Requested convergence on MAX density matrix=1.00D-06.
 Requested convergence on             energy=1.00D-06.
 No special actions if energy rises.
 SCF Done:  E(RHF) =  -5.01252559009     A.U. after    8 cycles
            NFock=  8  Conv=0.11D-08     -V/T= 1.7386
 Range of M.O.s used for correlation:     1    12
 NBasis=    12 NAE=     6 NBE=     6 NFC=     0 NFV=     0
 NROrb=     12 NOA=     6 NOB=     6 NVA=     6 NVB=     6

 **** Warning!!: The smallest alpha delta epsilon is  0.22729044D-01

 Semi-Direct transformation.
 ModeAB=           4 MOrb=             6 LenV=     134093271
 LASXX=         2181 LTotXX=        2181 LenRXX=        5115
 LTotAB=        2934 MaxLAS=        3024 LenRXY=           0
 NonZer=        7296 LenScr=      655360 LnRSAI=        3024
 LnScr1=      655360 LExtra=           0 Total=      1318859
 MaxDsk=          -1 SrtSym=           T ITran=            3
 JobTyp=0 Pass  1:  I=   1 to   6.
 (rs|ai) integrals will be sorted in core.
 Spin components of T(2) and E(2):
     alpha-alpha T2 =       0.1687995838D-01 E2=     -0.5859143649D-02
     alpha-beta  T2 =       0.7941516252D+01 E2=     -0.9245720407D+00
     beta-beta   T2 =       0.1687995838D-01 E2=     -0.5859143649D-02
 ANorm=    0.2995876528D+01
 E2 =    -0.9362903280D+00 EUMP2 =    -0.59488159181008D+01
 Second order stability test of a single determinant RHF wave function:
 Stabil:  MDV=134217728
 ***********************************************************************
 Matrix         Lowest Root    Major Pairs
 ***********************************************************************
 Internal RHF    -0.0901953    6A=7A
 RRHF --> CRHF   -0.0973377    6A=8A
 RRHF --> RUHF   -0.5782378    5A=7B
 Not stable.
 ***********************************************************************

 **********************************************************************

            Population analysis using the SCF density.

 **********************************************************************

 Orbital symmetries:
       Occupied  (AG) (BU) (AG) (BU) (AG) (AG)
       Virtual   (BU) (BU) (BU) (AG) (AG) (BU)
 The electronic state is 1-AG.
 Alpha  occ. eigenvalues --   -0.88058  -0.84914  -0.68456  -0.68143  -0.19849
 Alpha  occ. eigenvalues --   -0.16865
 Alpha virt. eigenvalues --   -0.14592  -0.04027   0.55786   0.56223   1.16057
 Alpha virt. eigenvalues --    1.29706
          Condensed to atoms (all electrons):
               1          2          3          4          5          6
     1  H    1.050467  -0.023953  -0.024231   0.000245   0.000082   0.000002
     2  H   -0.023953   0.597328   0.478245  -0.029128   0.015157  -0.001470
     3  H   -0.024231   0.478245   0.605801  -0.030560  -0.036271   0.001722
     4  H    0.000245  -0.029128  -0.030560   1.052748   0.244006  -0.021920
     5  H    0.000082   0.015157  -0.036271   0.244006   1.336474  -0.264875
     6  H    0.000002  -0.001470   0.001722  -0.021920  -0.264875   1.299264
     7  H   -0.000001  -0.000001   0.000010   0.000187  -0.001478   0.015878
     8  H    0.000008   0.000232   0.000187  -0.019109  -0.010930   0.219545
     9  H    0.000060  -0.034583   0.015878   0.219545  -0.634889   0.203263
    10  H    0.000003   0.001378  -0.001478  -0.010930   0.148828  -0.634889
    11  H   -0.000001   0.000008  -0.000001   0.000232   0.001378  -0.034583
    12  H    0.000000  -0.000001  -0.000001   0.000008   0.000003   0.000060
               7          8          9         10         11         12
     1  H   -0.000001   0.000008   0.000060   0.000003  -0.000001   0.000000
     2  H   -0.000001   0.000232  -0.034583   0.001378   0.000008  -0.000001
     3  H    0.000010   0.000187   0.015878  -0.001478  -0.000001  -0.000001
     4  H    0.000187  -0.019109   0.219545  -0.010930   0.000232   0.000008
     5  H   -0.001478  -0.010930  -0.634889   0.148828   0.001378   0.000003
     6  H    0.015878   0.219545   0.203263  -0.634889  -0.034583   0.000060
     7  H    0.605801  -0.030560   0.001722  -0.036271   0.478245  -0.024231
     8  H   -0.030560   1.052748  -0.021920   0.244006  -0.029128   0.000245
     9  H    0.001722  -0.021920   1.299264  -0.264875  -0.001470   0.000002
    10  H   -0.036271   0.244006  -0.264875   1.336474   0.015157   0.000082
    11  H    0.478245  -0.029128  -0.001470   0.015157   0.597328  -0.023953
    12  H   -0.024231   0.000245   0.000002   0.000082  -0.023953   1.050467
 Mulliken charges:
               1
     1  H   -0.002680
     2  H   -0.003211
     3  H   -0.009301
     4  H   -0.405324
     5  H    0.202515
     6  H    0.218002
     7  H   -0.009301
     8  H   -0.405324
     9  H    0.218002
    10  H    0.202515
    11  H   -0.003211
    12  H   -0.002680
 Sum of Mulliken charges =   0.00000
 Mulliken charges with hydrogens summed into heavy atoms:
               1
 Electronic spatial extent (au):  <R**2>=            382.3835
 Charge=              0.0000 electrons
 Dipole moment (field-independent basis, Debye):
    X=              0.0000    Y=              0.0000    Z=             -0.0000  Tot=              0.0000
 Quadrupole moment (field-independent basis, Debye-Ang):
   XX=            -15.2637   YY=            -21.1294   ZZ=            -15.1290
   XY=             -0.2677   XZ=             -0.0000   YZ=             -0.0000
 Traceless Quadrupole moment (field-independent basis, Debye-Ang):
   XX=              1.9103   YY=             -3.9553   ZZ=              2.0450
   XY=             -0.2677   XZ=             -0.0000   YZ=             -0.0000
 Octapole moment (field-independent basis, Debye-Ang**2):
  XXX=              0.0000  YYY=             -0.0000  ZZZ=              0.0000  XYY=             -0.0000
  XXY=             -0.0000  XXZ=              0.0000  XZZ=              0.0000  YZZ=              0.0000
  YYZ=             -0.0000  XYZ=              0.0000
 Hexadecapole moment (field-independent basis, Debye-Ang**3):
 XXXX=            -37.5525 YYYY=           -914.4561 ZZZZ=            -18.0855 XXXY=            -34.6570
 XXXZ=             -0.0000 YYYX=            -53.0363 YYYZ=             -0.0000 ZZZX=             -0.0000
 ZZZY=             -0.0000 XXYY=           -134.8005 XXZZ=             -9.2899 YYZZ=           -132.0059
 XXYZ=             -0.0000 YYXZ=             -0.0000 ZZXY=            -11.9245
 N-N= 1.630229073296D+01 E-N=-4.249088765805D+01  KE= 6.786939345802D+00
 Symmetry AG   KE= 4.754403464754D+00
 Symmetry BG   KE= 0.000000000000D+00
 Symmetry AU   KE= 0.000000000000D+00
 Symmetry BU   KE= 2.032535881048D+00

 Test job not archived.
 1\1\GINC-SULU\Stability\RHF\Gen\H12\LCJ1\10-Feb-2017\0\\#rhf/gen scf(s
 ymm,tight,novaracc,noincfock,fulldiag) stable(crhf) guess=read geom=no
 crowd test\\hf stability analysis of h10 triangular lattice, y= 2.0268
 354180156947\\0,1\H\H,1,2.0467542786\H,1,2.0467542786,2,16.\H,2,2.0467
 542786,1,164.,3,0.,0\H,2,2.0467542786,1,180.,3,0.,0\H,4,2.0467542786,3
 ,180.,5,0.,0\H,6,2.0467542786,5,180.,3,0.,0\H,4,2.0467542786,2,180.,3,
 0.,0\H,3,2.0467542786,1,180.,4,0.,0\H,9,2.0467542786,3,180.,4,0.,0\H,8
 ,2.0467542786,4,180.,3,0.,0\H,7,2.0467542786,6,180.,3,0.,0\\Version=ES
 64L-G09RevE.01\State=1-AG\HF=-5.0125256\MP2=-5.9488159\RMSD=1.111e-09\
 Dipole=0.,0.,0.\Quadrupole=1.1944104,1.5204095,-2.7148199,0.,-0.986713
 9,0.\PG=C02H [SGH(H12)]\\@


 THEREFORE SHALL EVIL COME UPON THEE...
 THOU SHALT NOT KNOW FROM WHENCE IT RISETH...
 AND MISCHIEF SHALL FALL UPON THEE...
 THOU SHALT NOT BE ABLE TO PUT IT OFF...
 AND DESOLATION SHALL COME UPON THEE SUDDENLY...
 WHICH THOU SHALT NOT KNOW...

                                         ISAIAH 47.11
 Job cpu time:       0 days  0 hours  0 minutes  0.9 seconds.
 File lengths (MBytes):  RWF=     84 Int=      0 D2E=      0 Chk=      2 Scr=      2
 Normal termination of Gaussian 09 at Fri Feb 10 14:40:30 2017.
