 Entering Gaussian System, Link 0=g09
 AtFile(1): H.gbs
            H     0
            S   10   1.00
               1000.000000000000            0.000068713567
                316.227766000000            0.000169141320
                100.000000000000            0.000823394812
                 31.622776600000            0.003425569236
                 10.000000000000            0.013951996000
                  3.162277660000            0.056909313560
                  1.000000000000            0.198286399900
                  0.316227766000            0.496922426700
                  0.100000000000            0.369846276400
                  0.031622776600            0.003752720039
            ****
 Initial command:
 /projects/guscus/apps/gau/g09-e1/g09/l1.exe "/users/lcj1/gaussian/h12/rhfstability/rect/Gau-5933.inp" -scrdir="/users/lcj1/gaussian/h12/rhfstability/rect/"
 Entering Link 1 = /projects/guscus/apps/gau/g09-e1/g09/l1.exe PID=      5934.
  
 Copyright (c) 1988,1990,1992,1993,1995,1998,2003,2009,2015,
            Gaussian, Inc.  All Rights Reserved.
  
 This is part of the Gaussian(R) 09 program.  It is based on
 the Gaussian(R) 03 system (copyright 2003, Gaussian, Inc.),
 the Gaussian(R) 98 system (copyright 1998, Gaussian, Inc.),
 the Gaussian(R) 94 system (copyright 1995, Gaussian, Inc.),
 the Gaussian 92(TM) system (copyright 1992, Gaussian, Inc.),
 the Gaussian 90(TM) system (copyright 1990, Gaussian, Inc.),
 the Gaussian 88(TM) system (copyright 1988, Gaussian, Inc.),
 the Gaussian 86(TM) system (copyright 1986, Carnegie Mellon
 University), and the Gaussian 82(TM) system (copyright 1983,
 Carnegie Mellon University). Gaussian is a federally registered
 trademark of Gaussian, Inc.
  
 This software contains proprietary and confidential information,
 including trade secrets, belonging to Gaussian, Inc.
  
 This software is provided under written license and may be
 used, copied, transmitted, or stored only in accord with that
 written license.
  
 The following legend is applicable only to US Government
 contracts under FAR:
  
                    RESTRICTED RIGHTS LEGEND
  
 Use, reproduction and disclosure by the US Government is
 subject to restrictions as set forth in subparagraphs (a)
 and (c) of the Commercial Computer Software - Restricted
 Rights clause in FAR 52.227-19.
  
 Gaussian, Inc.
 340 Quinnipiac St., Bldg. 40, Wallingford CT 06492
  
  
 ---------------------------------------------------------------
 Warning -- This program may not be used in any manner that
 competes with the business of Gaussian, Inc. or will provide
 assistance to any competitor of Gaussian, Inc.  The licensee
 of this program is prohibited from giving any competitor of
 Gaussian, Inc. access to this program.  By using this program,
 the user acknowledges that Gaussian, Inc. is engaged in the
 business of creating and licensing software in the field of
 computational chemistry and represents and warrants to the
 licensee that it is not a competitor of Gaussian, Inc. and that
 it will not use this program in any manner prohibited above.
 ---------------------------------------------------------------
  

 Cite this work as:
 Gaussian 09, Revision E.01,
 M. J. Frisch, G. W. Trucks, H. B. Schlegel, G. E. Scuseria, 
 M. A. Robb, J. R. Cheeseman, G. Scalmani, V. Barone, B. Mennucci, 
 G. A. Petersson, H. Nakatsuji, M. Caricato, X. Li, H. P. Hratchian, 
 A. F. Izmaylov, J. Bloino, G. Zheng, J. L. Sonnenberg, M. Hada, 
 M. Ehara, K. Toyota, R. Fukuda, J. Hasegawa, M. Ishida, T. Nakajima, 
 Y. Honda, O. Kitao, H. Nakai, T. Vreven, J. A. Montgomery, Jr., 
 J. E. Peralta, F. Ogliaro, M. Bearpark, J. J. Heyd, E. Brothers, 
 K. N. Kudin, V. N. Staroverov, T. Keith, R. Kobayashi, J. Normand, 
 K. Raghavachari, A. Rendell, J. C. Burant, S. S. Iyengar, J. Tomasi, 
 M. Cossi, N. Rega, J. M. Millam, M. Klene, J. E. Knox, J. B. Cross, 
 V. Bakken, C. Adamo, J. Jaramillo, R. Gomperts, R. E. Stratmann, 
 O. Yazyev, A. J. Austin, R. Cammi, C. Pomelli, J. W. Ochterski, 
 R. L. Martin, K. Morokuma, V. G. Zakrzewski, G. A. Voth, 
 P. Salvador, J. J. Dannenberg, S. Dapprich, A. D. Daniels, 
 O. Farkas, J. B. Foresman, J. V. Ortiz, J. Cioslowski, 
 and D. J. Fox, Gaussian, Inc., Wallingford CT, 2013.
 
 ******************************************
 Gaussian 09:  ES64L-G09RevE.01 30-Nov-2015
                10-Feb-2017 
 ******************************************
 %chk=h12.chk
 ----------------------------------------------------------------------
 #rhf/gen scf(symm,tight,novaracc,noincfock,fulldiag) stable(crhf) gues
 s=read geom=nocrowd test
 ----------------------------------------------------------------------
 1/38=1/1;
 2/12=1,17=6,18=5,40=1/2;
 3/5=7,16=1,25=1,30=1,116=1/1,2,3;
 4/5=1,9=4/1;
 5/5=100002,15=2,16=1,32=2,38=6/2;
 8/6=1,10=90,11=11/1,4;
 9/8=4,13=1/2;
 6/7=2,8=2,9=2,10=2,28=1/1;
 99/5=1,9=1/99;
 ----------------------------------------------------------------------
 hf stability analysis of h10 triangular lattice, y= 1.0205721581109972
 ----------------------------------------------------------------------
 Symbolic Z-matrix:
 Charge =  0 Multiplicity = 1
 H
 H                    1     1.16688 
 H                    1     1.16688  2     58. 
 H                    2     1.16688  1     122.     3     0.       0
 H                    2     1.16688  1     180.     3     0.       0
 H                    4     1.16688  3     180.     5     0.       0
 H                    6     1.16688  5     180.     3     0.       0
 H                    4     1.16688  2     180.     3     0.       0
 H                    3     1.16688  1     180.     4     0.       0
 H                    9     1.16688  3     180.     4     0.       0
 H                    8     1.16688  4     180.     3     0.       0
 H                    7     1.16688  6     180.     3     0.       0
 
                          Input orientation:                          
 ---------------------------------------------------------------------
 Center     Atomic      Atomic             Coordinates (Angstroms)
 Number     Number       Type             X           Y           Z
 ---------------------------------------------------------------------
      1          1           0        0.000000    0.000000    0.000000
      2          1           0        0.000000    0.000000    1.166875
      3          1           0        0.989566    0.000000    0.618350
      4          1           0        0.989566    0.000000    1.785225
      5          1           0        0.000000    0.000000    2.333751
      6          1           0        0.989566    0.000000    2.952100
      7          1           0        1.979133    0.000000    3.570450
      8          1           0        1.979133    0.000000    2.403575
      9          1           0        1.979133    0.000000    1.236699
     10          1           0        2.968699    0.000000    1.855049
     11          1           0        2.968699    0.000000    3.021924
     12          1           0        2.968699    0.000000    4.188800
 ---------------------------------------------------------------------
                    Distance matrix (angstroms):
                    1          2          3          4          5
     1  H    0.000000
     2  H    1.166875   0.000000
     3  H    1.166875   1.131425   0.000000
     4  H    2.041144   1.166875   1.166875   0.000000
     5  H    2.333751   1.166875   1.980364   1.131425   0.000000
     6  H    3.113541   2.041144   2.333751   1.166875   1.166875
     7  H    4.082289   3.113541   3.113541   2.041144   2.333751
     8  H    3.113541   2.333751   2.041144   1.166875   1.980364
     9  H    2.333751   1.980364   1.166875   1.131425   2.262850
    10  H    3.500626   3.047418   2.333751   1.980364   3.007047
    11  H    4.236178   3.500626   3.113541   2.333751   3.047418
    12  H    5.134123   4.236178   4.082289   3.113541   3.500626
                    6          7          8          9         10
     6  H    0.000000
     7  H    1.166875   0.000000
     8  H    1.131425   1.166875   0.000000
     9  H    1.980364   2.333751   1.166875   0.000000
    10  H    2.262850   1.980364   1.131425   1.166875   0.000000
    11  H    1.980364   1.131425   1.166875   2.041144   1.166875
    12  H    2.333751   1.166875   2.041144   3.113541   2.333751
                   11         12
    11  H    0.000000
    12  H    1.166875   0.000000
 Stoichiometry    H12
 Framework group  C2H[SGH(H12)]
 Deg. of freedom    11
 Full point group                 C2H     NOp   4
 Largest Abelian subgroup         C2H     NOp   4
 Largest concise Abelian subgroup C2      NOp   2
                         Standard orientation:                         
 ---------------------------------------------------------------------
 Center     Atomic      Atomic             Coordinates (Angstroms)
 Number     Number       Type             X           Y           Z
 ---------------------------------------------------------------------
      1          1           0        0.989566    2.368663   -0.000000
      2          1           0        0.000000    1.750313   -0.000000
      3          1           0        0.989566    1.201787   -0.000000
      4          1           0        0.000000    0.583438   -0.000000
      5          1           0       -0.989566    1.131963   -0.000000
      6          1           0       -0.989566   -0.034912    0.000000
      7          1           0       -0.989566   -1.201787    0.000000
      8          1           0       -0.000000   -0.583438    0.000000
      9          1           0        0.989566    0.034912    0.000000
     10          1           0        0.989566   -1.131963    0.000000
     11          1           0       -0.000000   -1.750313    0.000000
     12          1           0       -0.989566   -2.368663    0.000000
 ---------------------------------------------------------------------
 Rotational constants (GHZ):     78.0011331     20.1485213     16.0123589
 General basis read from cards:  (5D, 7F)
 There are     6 symmetry adapted cartesian basis functions of AG  symmetry.
 There are     0 symmetry adapted cartesian basis functions of BG  symmetry.
 There are     0 symmetry adapted cartesian basis functions of AU  symmetry.
 There are     6 symmetry adapted cartesian basis functions of BU  symmetry.
 There are     6 symmetry adapted basis functions of AG  symmetry.
 There are     0 symmetry adapted basis functions of BG  symmetry.
 There are     0 symmetry adapted basis functions of AU  symmetry.
 There are     6 symmetry adapted basis functions of BU  symmetry.
    12 basis functions,   120 primitive gaussians,    12 cartesian basis functions
     6 alpha electrons        6 beta electrons
       nuclear repulsion energy        19.4556187282 Hartrees.
 NAtoms=   12 NActive=   12 NUniq=    6 SFac= 4.00D+00 NAtFMM=   60 NAOKFM=F Big=F
 Integral buffers will be    131072 words long.
 Regular integral format.
 Two-electron integral symmetry is turned on.
 One-electron integrals computed using PRISM.
 NBasis=    12 RedAO= T EigKep=  1.83D-01  NBF=     6     0     0     6
 NBsUse=    12 1.00D-06 EigRej= -1.00D+00 NBFU=     6     0     0     6
 Initial guess from the checkpoint file:  "h12.chk"
 B after Tr=     0.000000    0.000000   -0.000000
         Rot=    0.999982    0.000000   -0.000000   -0.006070 Ang=  -0.70 deg.
 Initial guess orbital symmetries:
       Occupied  (AG) (BU) (BU) (AG) (AG) (AG)
       Virtual   (BU) (BU) (AG) (BU) (BU) (AG)
 Keep R1 ints in memory in symmetry-blocked form, NReq=903448.
 Requested convergence on RMS density matrix=1.00D-08 within 128 cycles.
 Requested convergence on MAX density matrix=1.00D-06.
 Requested convergence on             energy=1.00D-06.
 No special actions if energy rises.
 SCF Done:  E(RHF) =  -5.52247867584     A.U. after   11 cycles
            NFock= 11  Conv=0.18D-08     -V/T= 1.8296
 Range of M.O.s used for correlation:     1    12
 NBasis=    12 NAE=     6 NBE=     6 NFC=     0 NFV=     0
 NROrb=     12 NOA=     6 NOB=     6 NVA=     6 NVB=     6

 **** Warning!!: The smallest alpha delta epsilon is  0.12195564D-01

 Semi-Direct transformation.
 ModeAB=           4 MOrb=             6 LenV=     134084437
 LASXX=         2181 LTotXX=        2181 LenRXX=        5115
 LTotAB=        2934 MaxLAS=        3024 LenRXY=           0
 NonZer=        7296 LenScr=      655360 LnRSAI=        3024
 LnScr1=      655360 LExtra=           0 Total=      1318859
 MaxDsk=          -1 SrtSym=           T ITran=            3
 JobTyp=0 Pass  1:  I=   1 to   6.
 (rs|ai) integrals will be sorted in core.
 Spin components of T(2) and E(2):
     alpha-alpha T2 =       0.1225851614D-01 E2=     -0.1440846877D-01
     alpha-beta  T2 =       0.9750728589D+00 E2=     -0.1490147251D+00
     beta-beta   T2 =       0.1225851614D-01 E2=     -0.1440846877D-01
 ANorm=    0.1414068560D+01
 E2 =    -0.1778316627D+00 EUMP2 =    -0.57003103385112D+01
 Second order stability test of a single determinant RHF wave function:
 Stabil:  MDV=134217728
 ***********************************************************************
 Matrix         Lowest Root    Major Pairs
 ***********************************************************************
 Internal RHF    -0.2029527    6A=7A
 RRHF --> CRHF   -0.2455876    6A=7A
 RRHF --> RUHF   -0.3263463    6A=7B
 Not stable.
 ***********************************************************************

 **********************************************************************

            Population analysis using the SCF density.

 **********************************************************************

 Orbital symmetries:
       Occupied  (AG) (BU) (BU) (AG) (AG) (AG)
       Virtual   (BU) (AG) (BU) (BU) (BU) (AG)
 The electronic state is 1-AG.
 Alpha  occ. eigenvalues --   -0.89221  -0.75250  -0.56446  -0.54308  -0.31732
 Alpha  occ. eigenvalues --   -0.10873
 Alpha virt. eigenvalues --   -0.09653   0.20903   0.22346   0.44284   0.56223
 Alpha virt. eigenvalues --    0.63452
          Condensed to atoms (all electrons):
               1          2          3          4          5          6
     1  H    0.466564   0.068092   0.263791  -0.075077  -0.000139  -0.001209
     2  H    0.068092   1.078322  -0.174172   0.259879   0.107042  -0.117455
     3  H    0.263791  -0.174172   0.915375  -0.128092  -0.088143   0.018634
     4  H   -0.075077   0.259879  -0.128092   1.562097  -0.405119  -0.280299
     5  H   -0.000139   0.107042  -0.088143  -0.405119   1.344144   0.371154
     6  H   -0.001209  -0.117455   0.018634  -0.280299   0.371154   1.118417
     7  H    0.002188  -0.023070   0.019243  -0.060566  -0.020109   0.283238
     8  H   -0.022694   0.031922  -0.060566   0.737622  -0.213104  -0.387685
     9  H    0.019222  -0.175783   0.283238  -0.387685   0.032999   0.121723
    10  H    0.001824  -0.005011  -0.020109  -0.213104   0.053137   0.032999
    11  H   -0.000299   0.018933  -0.023070   0.031922  -0.005011  -0.175783
    12  H    0.000509  -0.000299   0.002188  -0.022694   0.001824   0.019222
               7          8          9         10         11         12
     1  H    0.002188  -0.022694   0.019222   0.001824  -0.000299   0.000509
     2  H   -0.023070   0.031922  -0.175783  -0.005011   0.018933  -0.000299
     3  H    0.019243  -0.060566   0.283238  -0.020109  -0.023070   0.002188
     4  H   -0.060566   0.737622  -0.387685  -0.213104   0.031922  -0.022694
     5  H   -0.020109  -0.213104   0.032999   0.053137  -0.005011   0.001824
     6  H    0.283238  -0.387685   0.121723   0.032999  -0.175783   0.019222
     7  H    0.915375  -0.128092   0.018634  -0.088143  -0.174172   0.263791
     8  H   -0.128092   1.562097  -0.280299  -0.405119   0.259879  -0.075077
     9  H    0.018634  -0.280299   1.118417   0.371154  -0.117455  -0.001209
    10  H   -0.088143  -0.405119   0.371154   1.344144   0.107042  -0.000139
    11  H   -0.174172   0.259879  -0.117455   0.107042   1.078322   0.068092
    12  H    0.263791  -0.075077  -0.001209  -0.000139   0.068092   0.466564
 Mulliken charges:
               1
     1  H    0.277229
     2  H   -0.068400
     3  H   -0.008319
     4  H   -0.018883
     5  H   -0.178673
     6  H   -0.002955
     7  H   -0.008319
     8  H   -0.018883
     9  H   -0.002955
    10  H   -0.178673
    11  H   -0.068400
    12  H    0.277229
 Sum of Mulliken charges =  -0.00000
 Mulliken charges with hydrogens summed into heavy atoms:
               1
 Electronic spatial extent (au):  <R**2>=            142.0558
 Charge=             -0.0000 electrons
 Dipole moment (field-independent basis, Debye):
    X=             -0.0000    Y=              0.0000    Z=             -0.0000  Tot=              0.0000
 Quadrupole moment (field-independent basis, Debye-Ang):
   XX=            -20.5374   YY=             -4.9359   ZZ=            -15.1758
   XY=              9.5189   XZ=             -0.0000   YZ=             -0.0000
 Traceless Quadrupole moment (field-independent basis, Debye-Ang):
   XX=             -6.9877   YY=              8.6138   ZZ=             -1.6261
   XY=              9.5189   XZ=             -0.0000   YZ=             -0.0000
 Octapole moment (field-independent basis, Debye-Ang**2):
  XXX=              0.0000  YYY=             -0.0000  ZZZ=              0.0000  XYY=             -0.0000
  XXY=              0.0000  XXZ=             -0.0000  XZZ=             -0.0000  YZZ=              0.0000
  YYZ=             -0.0000  XYZ=             -0.0000
 Hexadecapole moment (field-independent basis, Debye-Ang**3):
 XXXX=           -103.1522 YYYY=           -104.4807 ZZZZ=            -18.0715 XXXY=             -4.6627
 XXXZ=             -0.0000 YYYX=             33.2514 YYYZ=              0.0000 ZZZX=              0.0000
 ZZZY=              0.0000 XXYY=            -38.3925 XXZZ=            -18.4335 YYZZ=            -34.7887
 XXYZ=              0.0000 YYXZ=             -0.0000 ZZXY=             -4.2487
 N-N= 1.945561872824D+01 E-N=-5.025655954240D+01  KE= 6.656956927155D+00
 Symmetry AG   KE= 5.068189505763D+00
 Symmetry BG   KE= 0.000000000000D+00
 Symmetry AU   KE= 0.000000000000D+00
 Symmetry BU   KE= 1.588767421392D+00

 Test job not archived.
 1\1\GINC-SULU\Stability\RHF\Gen\H12\LCJ1\10-Feb-2017\0\\#rhf/gen scf(s
 ymm,tight,novaracc,noincfock,fulldiag) stable(crhf) guess=read geom=no
 crowd test\\hf stability analysis of h10 triangular lattice, y= 1.0205
 721581109972\\0,1\H\H,1,1.1668753094\H,1,1.1668753094,2,58.\H,2,1.1668
 753094,1,122.,3,0.,0\H,2,1.1668753094,1,180.,3,0.,0\H,4,1.1668753094,3
 ,180.,5,0.,0\H,6,1.1668753094,5,180.,3,0.,0\H,4,1.1668753094,2,180.,3,
 0.,0\H,3,1.1668753094,1,180.,4,0.,0\H,9,1.1668753094,3,180.,4,0.,0\H,8
 ,1.1668753094,4,180.,3,0.,0\H,7,1.1668753094,6,180.,3,0.,0\\Version=ES
 64L-G09RevE.01\State=1-AG\HF=-5.5224787\MP2=-5.7003103\RMSD=1.843e-09\
 Dipole=0.,0.,0.\Quadrupole=-3.2139107,-1.2089857,4.4228964,0.,8.315052
 3,0.\PG=C02H [SGH(H12)]\\@


 THE RED LIGHT IS ALWAYS LONGER THAN THE GREEN LIGHT.

                     -- PETER'S THEORY OF RELATIVITY
 Job cpu time:       0 days  0 hours  0 minutes  1.0 seconds.
 File lengths (MBytes):  RWF=     84 Int=      0 D2E=      0 Chk=      2 Scr=      2
 Normal termination of Gaussian 09 at Fri Feb 10 14:39:42 2017.
