 Entering Gaussian System, Link 0=g09
 AtFile(1): H.gbs
            H     0
            S   10   1.00
               1000.000000000000            0.000068713567
                316.227766000000            0.000169141320
                100.000000000000            0.000823394812
                 31.622776600000            0.003425569236
                 10.000000000000            0.013951996000
                  3.162277660000            0.056909313560
                  1.000000000000            0.198286399900
                  0.316227766000            0.496922426700
                  0.100000000000            0.369846276400
                  0.031622776600            0.003752720039
            ****
 Initial command:
 /projects/guscus/apps/gau/g09-e1/g09/l1.exe "/users/lcj1/gaussian/h12/rhfstability/rect/guessfrommix/alpha15/Gau-2933.inp" -scrdir="/users/lcj1/gaussian/h12/rhfstability/rect/guessfrommix/alpha15/"
 Entering Link 1 = /projects/guscus/apps/gau/g09-e1/g09/l1.exe PID=      2934.
  
 Copyright (c) 1988,1990,1992,1993,1995,1998,2003,2009,2015,
            Gaussian, Inc.  All Rights Reserved.
  
 This is part of the Gaussian(R) 09 program.  It is based on
 the Gaussian(R) 03 system (copyright 2003, Gaussian, Inc.),
 the Gaussian(R) 98 system (copyright 1998, Gaussian, Inc.),
 the Gaussian(R) 94 system (copyright 1995, Gaussian, Inc.),
 the Gaussian 92(TM) system (copyright 1992, Gaussian, Inc.),
 the Gaussian 90(TM) system (copyright 1990, Gaussian, Inc.),
 the Gaussian 88(TM) system (copyright 1988, Gaussian, Inc.),
 the Gaussian 86(TM) system (copyright 1986, Carnegie Mellon
 University), and the Gaussian 82(TM) system (copyright 1983,
 Carnegie Mellon University). Gaussian is a federally registered
 trademark of Gaussian, Inc.
  
 This software contains proprietary and confidential information,
 including trade secrets, belonging to Gaussian, Inc.
  
 This software is provided under written license and may be
 used, copied, transmitted, or stored only in accord with that
 written license.
  
 The following legend is applicable only to US Government
 contracts under FAR:
  
                    RESTRICTED RIGHTS LEGEND
  
 Use, reproduction and disclosure by the US Government is
 subject to restrictions as set forth in subparagraphs (a)
 and (c) of the Commercial Computer Software - Restricted
 Rights clause in FAR 52.227-19.
  
 Gaussian, Inc.
 340 Quinnipiac St., Bldg. 40, Wallingford CT 06492
  
  
 ---------------------------------------------------------------
 Warning -- This program may not be used in any manner that
 competes with the business of Gaussian, Inc. or will provide
 assistance to any competitor of Gaussian, Inc.  The licensee
 of this program is prohibited from giving any competitor of
 Gaussian, Inc. access to this program.  By using this program,
 the user acknowledges that Gaussian, Inc. is engaged in the
 business of creating and licensing software in the field of
 computational chemistry and represents and warrants to the
 licensee that it is not a competitor of Gaussian, Inc. and that
 it will not use this program in any manner prohibited above.
 ---------------------------------------------------------------
  

 Cite this work as:
 Gaussian 09, Revision E.01,
 M. J. Frisch, G. W. Trucks, H. B. Schlegel, G. E. Scuseria, 
 M. A. Robb, J. R. Cheeseman, G. Scalmani, V. Barone, B. Mennucci, 
 G. A. Petersson, H. Nakatsuji, M. Caricato, X. Li, H. P. Hratchian, 
 A. F. Izmaylov, J. Bloino, G. Zheng, J. L. Sonnenberg, M. Hada, 
 M. Ehara, K. Toyota, R. Fukuda, J. Hasegawa, M. Ishida, T. Nakajima, 
 Y. Honda, O. Kitao, H. Nakai, T. Vreven, J. A. Montgomery, Jr., 
 J. E. Peralta, F. Ogliaro, M. Bearpark, J. J. Heyd, E. Brothers, 
 K. N. Kudin, V. N. Staroverov, T. Keith, R. Kobayashi, J. Normand, 
 K. Raghavachari, A. Rendell, J. C. Burant, S. S. Iyengar, J. Tomasi, 
 M. Cossi, N. Rega, J. M. Millam, M. Klene, J. E. Knox, J. B. Cross, 
 V. Bakken, C. Adamo, J. Jaramillo, R. Gomperts, R. E. Stratmann, 
 O. Yazyev, A. J. Austin, R. Cammi, C. Pomelli, J. W. Ochterski, 
 R. L. Martin, K. Morokuma, V. G. Zakrzewski, G. A. Voth, 
 P. Salvador, J. J. Dannenberg, S. Dapprich, A. D. Daniels, 
 O. Farkas, J. B. Foresman, J. V. Ortiz, J. Cioslowski, 
 and D. J. Fox, Gaussian, Inc., Wallingford CT, 2013.
 
 ******************************************
 Gaussian 09:  ES64L-G09RevE.01 30-Nov-2015
                16-Feb-2017 
 ******************************************
 %chk=h12.chk
 ----------------------------------------------------------------------
 #rhf/gen scf(symm,tight,novaracc,noincfock,fulldiag) stable(crhf) gues
 s=read geom=nocrowd test
 ----------------------------------------------------------------------
 1/38=1/1;
 2/12=1,17=6,18=5,40=1/2;
 3/5=7,16=1,25=1,30=1,116=1/1,2,3;
 4/5=1,9=4/1;
 5/5=100002,15=2,16=1,32=2,38=6/2;
 8/6=1,10=90,11=11/1,4;
 9/8=4,13=1/2;
 6/7=2,8=2,9=2,10=2,28=1/1;
 99/5=1,9=1/99;
 ----------------------------------------------------------------------
 hf stability analysis of h12 triangular lattice, y= 0.7210052279144877
 3
 ----------------------------------------------------------------------
 Symbolic Z-matrix:
 Charge =  0 Multiplicity = 1
 H
 H                    1     1.07753 
 H                    1     1.07753  2     96. 
 H                    2     1.07753  1     84.      3     0.       0
 H                    2     1.07753  1     180.     3     0.       0
 H                    4     1.07753  3     180.     5     0.       0
 H                    6     1.07753  5     180.     3     0.       0
 H                    4     1.07753  2     180.     3     0.       0
 H                    3     1.07753  1     180.     4     0.       0
 H                    9     1.07753  3     180.     4     0.       0
 H                    8     1.07753  4     180.     3     0.       0
 H                    7     1.07753  6     180.     3     0.       0
 
                          Input orientation:                          
 ---------------------------------------------------------------------
 Center     Atomic      Atomic             Coordinates (Angstroms)
 Number     Number       Type             X           Y           Z
 ---------------------------------------------------------------------
      1          1           0        0.000000    0.000000    0.000000
      2          1           0        0.000000    0.000000    1.077525
      3          1           0        1.071623    0.000000   -0.112632
      4          1           0        1.071623    0.000000    0.964893
      5          1           0        0.000000    0.000000    2.155051
      6          1           0        1.071623    0.000000    2.042419
      7          1           0        2.143245    0.000000    1.929787
      8          1           0        2.143245    0.000000    0.852261
      9          1           0        2.143245    0.000000   -0.225264
     10          1           0        3.214868    0.000000   -0.337896
     11          1           0        3.214868    0.000000    0.739629
     12          1           0        3.214868    0.000000    1.817155
 ---------------------------------------------------------------------
                    Distance matrix (angstroms):
                    1          2          3          4          5
     1  H    0.000000
     2  H    1.077525   0.000000
     3  H    1.077525   1.601515   0.000000
     4  H    1.442010   1.077525   1.077525   0.000000
     5  H    2.155051   1.077525   2.508139   1.601515   0.000000
     6  H    2.306480   1.442010   2.155051   1.077525   1.077525
     7  H    2.884021   2.306480   2.306480   1.442010   2.155051
     8  H    2.306480   2.155051   1.442010   1.077525   2.508139
     9  H    2.155051   2.508139   1.077525   1.601515   3.203030
    10  H    3.232576   3.512662   2.155051   2.508139   4.068189
    11  H    3.298852   3.232576   2.306480   2.155051   3.512662
    12  H    3.692888   3.298852   2.884021   2.306480   3.232576
                    6          7          8          9         10
     6  H    0.000000
     7  H    1.077525   0.000000
     8  H    1.601515   1.077525   0.000000
     9  H    2.508139   2.155051   1.077525   0.000000
    10  H    3.203030   2.508139   1.601515   1.077525   0.000000
    11  H    2.508139   1.601515   1.077525   1.442010   1.077525
    12  H    2.155051   1.077525   1.442010   2.306480   2.155051
                   11         12
    11  H    0.000000
    12  H    1.077525   0.000000
 Stoichiometry    H12
 Framework group  C2H[SGH(H12)]
 Deg. of freedom    11
 Full point group                 C2H     NOp   4
 Largest Abelian subgroup         C2H     NOp   4
 Largest concise Abelian subgroup C2      NOp   2
                         Standard orientation:                         
 ---------------------------------------------------------------------
 Center     Atomic      Atomic             Coordinates (Angstroms)
 Number     Number       Type             X           Y           Z
 ---------------------------------------------------------------------
      1          1           0        1.071623    1.503656    0.000000
      2          1           0        0.000000    1.616288    0.000000
      3          1           0        1.071623    0.426131    0.000000
      4          1           0        0.000000    0.538763    0.000000
      5          1           0       -1.071623    1.728920    0.000000
      6          1           0       -1.071623    0.651395    0.000000
      7          1           0       -1.071623   -0.426131   -0.000000
      8          1           0       -0.000000   -0.538763    0.000000
      9          1           0        1.071623   -0.651395    0.000000
     10          1           0        1.071623   -1.728920    0.000000
     11          1           0       -0.000000   -1.616288    0.000000
     12          1           0       -1.071623   -1.503656   -0.000000
 ---------------------------------------------------------------------
 Rotational constants (GHZ):     55.2473807     28.4467355     18.7779941
 General basis read from cards:  (5D, 7F)
 There are     6 symmetry adapted cartesian basis functions of AG  symmetry.
 There are     0 symmetry adapted cartesian basis functions of BG  symmetry.
 There are     0 symmetry adapted cartesian basis functions of AU  symmetry.
 There are     6 symmetry adapted cartesian basis functions of BU  symmetry.
 There are     6 symmetry adapted basis functions of AG  symmetry.
 There are     0 symmetry adapted basis functions of BG  symmetry.
 There are     0 symmetry adapted basis functions of AU  symmetry.
 There are     6 symmetry adapted basis functions of BU  symmetry.
    12 basis functions,   120 primitive gaussians,    12 cartesian basis functions
     6 alpha electrons        6 beta electrons
       nuclear repulsion energy        20.1555572217 Hartrees.
 NAtoms=   12 NActive=   12 NUniq=    6 SFac= 4.00D+00 NAtFMM=   60 NAOKFM=F Big=F
 Integral buffers will be    131072 words long.
 Regular integral format.
 Two-electron integral symmetry is turned on.
 One-electron integrals computed using PRISM.
 NBasis=    12 RedAO= T EigKep=  1.10D-01  NBF=     6     0     0     6
 NBsUse=    12 1.00D-06 EigRej= -1.00D+00 NBFU=     6     0     0     6
 Initial guess from the checkpoint file:  "h12.chk"
 B after Tr=     0.000000    0.000000    0.000000
         Rot=    0.987434    0.000000    0.000000   -0.158030 Ang= -18.19 deg.
 Initial guess orbital symmetries:
       Occupied  (AG) (BU) (AG) (BU) (BU) (AG)
       Virtual   (BU) (AG) (BU) (AG) (AG) (BU)
 Keep R1 ints in memory in symmetry-blocked form, NReq=903672.
 Requested convergence on RMS density matrix=1.00D-08 within 128 cycles.
 Requested convergence on MAX density matrix=1.00D-06.
 Requested convergence on             energy=1.00D-06.
 No special actions if energy rises.
 SCF Done:  E(RHF) =  -5.69561048833     A.U. after   15 cycles
            NFock= 15  Conv=0.65D-08     -V/T= 1.8759
 Range of M.O.s used for correlation:     1    12
 NBasis=    12 NAE=     6 NBE=     6 NFC=     0 NFV=     0
 NROrb=     12 NOA=     6 NOB=     6 NVA=     6 NVB=     6
 Semi-Direct transformation.
 ModeAB=           4 MOrb=             6 LenV=     134084479
 LASXX=         2181 LTotXX=        2181 LenRXX=        5115
 LTotAB=        2934 MaxLAS=        3024 LenRXY=           0
 NonZer=        7296 LenScr=      655360 LnRSAI=        3024
 LnScr1=      655360 LExtra=           0 Total=      1318859
 MaxDsk=          -1 SrtSym=           T ITran=            3
 JobTyp=0 Pass  1:  I=   1 to   6.
 (rs|ai) integrals will be sorted in core.
 Spin components of T(2) and E(2):
     alpha-alpha T2 =       0.4996162910D-02 E2=     -0.7267161974D-02
     alpha-beta  T2 =       0.7786824956D-01 E2=     -0.1095355835D+00
     beta-beta   T2 =       0.4996162910D-02 E2=     -0.7267161974D-02
 ANorm=    0.1043005549D+01
 E2 =    -0.1240699074D+00 EUMP2 =    -0.58196803957429D+01
 Second order stability test of a single determinant RHF wave function:
 Stabil:  MDV=134217728
 ***********************************************************************
 Matrix         Lowest Root    Major Pairs
 ***********************************************************************
 Internal RHF    -0.0754861    6A=7A
 RRHF --> CRHF   -0.1120348    6A=7A
 RRHF --> RUHF   -0.189746     6A=7B
 Not stable.
 ***********************************************************************

 **********************************************************************

            Population analysis using the SCF density.

 **********************************************************************

 Orbital symmetries:
       Occupied  (AG) (BU) (BU) (AG) (AG) (BU)
       Virtual   (AG) (BU) (BU) (AG) (AG) (BU)
 The electronic state is 1-AG.
 Alpha  occ. eigenvalues --   -1.00888  -0.78917  -0.68902  -0.50825  -0.46865
 Alpha  occ. eigenvalues --   -0.19513
 Alpha virt. eigenvalues --   -0.02747   0.09955   0.21881   0.43498   0.55057
 Alpha virt. eigenvalues --    0.91701
          Condensed to atoms (all electrons):
               1          2          3          4          5          6
     1  H    1.057721   0.104739   0.119447   0.104303  -0.125184  -0.016040
     2  H    0.104739   0.726083  -0.003455  -0.167489   0.396884  -0.066825
     3  H    0.119447  -0.003455   0.707069   0.012744  -0.005850  -0.097531
     4  H    0.104303  -0.167489   0.012744   1.007337  -0.248872   0.415161
     5  H   -0.125184   0.396884  -0.005850  -0.248872   1.445313  -0.195481
     6  H   -0.016040  -0.066825  -0.097531   0.415161  -0.195481   0.977165
     7  H    0.011958  -0.045669  -0.025592   0.131915  -0.098350   0.167800
     8  H   -0.099692  -0.040882   0.131915  -0.107022   0.047669  -0.112595
     9  H   -0.123009  -0.000611   0.167800  -0.112595   0.029395  -0.041776
    10  H    0.017769  -0.001532  -0.098350   0.047669  -0.007155   0.029395
    11  H    0.013037   0.009837  -0.045669  -0.040882  -0.001532  -0.000611
    12  H    0.003506   0.013037   0.011958  -0.099692   0.017769  -0.123009
               7          8          9         10         11         12
     1  H    0.011958  -0.099692  -0.123009   0.017769   0.013037   0.003506
     2  H   -0.045669  -0.040882  -0.000611  -0.001532   0.009837   0.013037
     3  H   -0.025592   0.131915   0.167800  -0.098350  -0.045669   0.011958
     4  H    0.131915  -0.107022  -0.112595   0.047669  -0.040882  -0.099692
     5  H   -0.098350   0.047669   0.029395  -0.007155  -0.001532   0.017769
     6  H    0.167800  -0.112595  -0.041776   0.029395  -0.000611  -0.123009
     7  H    0.707069   0.012744  -0.097531  -0.005850  -0.003455   0.119447
     8  H    0.012744   1.007337   0.415161  -0.248872  -0.167489   0.104303
     9  H   -0.097531   0.415161   0.977165  -0.195481  -0.066825  -0.016040
    10  H   -0.005850  -0.248872  -0.195481   1.445313   0.396884  -0.125184
    11  H   -0.003455  -0.167489  -0.066825   0.396884   0.726083   0.104739
    12  H    0.119447   0.104303  -0.016040  -0.125184   0.104739   1.057721
 Mulliken charges:
               1
     1  H   -0.068557
     2  H    0.075881
     3  H    0.125514
     4  H    0.057422
     5  H   -0.254607
     6  H    0.064346
     7  H    0.125514
     8  H    0.057422
     9  H    0.064346
    10  H   -0.254607
    11  H    0.075881
    12  H   -0.068557
 Sum of Mulliken charges =  -0.00000
 Mulliken charges with hydrogens summed into heavy atoms:
               1
 Electronic spatial extent (au):  <R**2>=            140.3868
 Charge=             -0.0000 electrons
 Dipole moment (field-independent basis, Debye):
    X=              0.0000    Y=             -0.0000    Z=             -0.0000  Tot=              0.0000
 Quadrupole moment (field-independent basis, Debye-Ang):
   XX=            -17.9264   YY=            -27.5426   ZZ=            -15.0892
   XY=              4.3931   XZ=             -0.0000   YZ=              0.0000
 Traceless Quadrupole moment (field-independent basis, Debye-Ang):
   XX=              2.2597   YY=             -7.3565   ZZ=              5.0969
   XY=              4.3931   XZ=             -0.0000   YZ=              0.0000
 Octapole moment (field-independent basis, Debye-Ang**2):
  XXX=             -0.0000  YYY=             -0.0000  ZZZ=             -0.0000  XYY=             -0.0000
  XXY=             -0.0000  XXZ=             -0.0000  XZZ=              0.0000  YZZ=             -0.0000
  YYZ=             -0.0000  XYZ=              0.0000
 Hexadecapole moment (field-independent basis, Debye-Ang**3):
 XXXX=            -95.5232 YYYY=           -229.1916 ZZZZ=            -17.7821 XXXY=              9.4154
 XXXZ=             -0.0000 YYYX=             26.8567 YYYZ=              0.0000 ZZZX=             -0.0000
 ZZZY=              0.0000 XXYY=            -60.6624 XXZZ=            -18.6540 YYZZ=            -32.4079
 XXYZ=              0.0000 YYXZ=             -0.0000 ZZXY=              2.2193
 N-N= 2.015555722165D+01 E-N=-5.088659045477D+01  KE= 6.502472670579D+00
 Symmetry AG   KE= 2.952042717599D+00
 Symmetry BG   KE= 0.000000000000D+00
 Symmetry AU   KE= 0.000000000000D+00
 Symmetry BU   KE= 3.550429952980D+00

 Test job not archived.
 1\1\GINC-SULU\Stability\RHF\Gen\H12\LCJ1\16-Feb-2017\0\\#rhf/gen scf(s
 ymm,tight,novaracc,noincfock,fulldiag) stable(crhf) guess=read geom=no
 crowd test\\hf stability analysis of h12 triangular lattice, y= 0.7210
 0522791448773\\0,1\H\H,1,1.077525381\H,1,1.077525381,2,96.\H,2,1.07752
 5381,1,84.,3,0.,0\H,2,1.077525381,1,180.,3,0.,0\H,4,1.077525381,3,180.
 ,5,0.,0\H,6,1.077525381,5,180.,3,0.,0\H,4,1.077525381,2,180.,3,0.,0\H,
 3,1.077525381,1,180.,4,0.,0\H,9,1.077525381,3,180.,4,0.,0\H,8,1.077525
 381,4,180.,3,0.,0\H,7,1.077525381,6,180.,3,0.,0\\Version=ES64L-G09RevE
 .01\State=1-AG\HF=-5.6956105\MP2=-5.8196804\RMSD=6.475e-09\Dipole=0.,0
 .,0.\Quadrupole=-4.712219,3.7893992,0.9228198,0.,3.9380259,0.\PG=C02H 
 [SGH(H12)]\\@


 IMAGINATION WILL OFTEN CARRY US TO WORLDS THAT NEVER WERE.
 BUT WITHOUT IT, WE GO NOWHERE. -- CARL SAGAN (COSMOS)
 Job cpu time:       0 days  0 hours  0 minutes  1.0 seconds.
 File lengths (MBytes):  RWF=     84 Int=      0 D2E=      0 Chk=      2 Scr=      2
 Normal termination of Gaussian 09 at Thu Feb 16 18:52:36 2017.
