 Entering Gaussian System, Link 0=g09
 AtFile(1): H.gbs
            H     0
            S   10   1.00
               1000.000000000000            0.000068713567
                316.227766000000            0.000169141320
                100.000000000000            0.000823394812
                 31.622776600000            0.003425569236
                 10.000000000000            0.013951996000
                  3.162277660000            0.056909313560
                  1.000000000000            0.198286399900
                  0.316227766000            0.496922426700
                  0.100000000000            0.369846276400
                  0.031622776600            0.003752720039
            ****
 Initial command:
 /projects/guscus/apps/gau/g09-e1/g09/l1.exe "/users/lcj1/gaussian/h12/rhfstability/rect/guessfrommix/alpha15/Gau-2685.inp" -scrdir="/users/lcj1/gaussian/h12/rhfstability/rect/guessfrommix/alpha15/"
 Entering Link 1 = /projects/guscus/apps/gau/g09-e1/g09/l1.exe PID=      2686.
  
 Copyright (c) 1988,1990,1992,1993,1995,1998,2003,2009,2015,
            Gaussian, Inc.  All Rights Reserved.
  
 This is part of the Gaussian(R) 09 program.  It is based on
 the Gaussian(R) 03 system (copyright 2003, Gaussian, Inc.),
 the Gaussian(R) 98 system (copyright 1998, Gaussian, Inc.),
 the Gaussian(R) 94 system (copyright 1995, Gaussian, Inc.),
 the Gaussian 92(TM) system (copyright 1992, Gaussian, Inc.),
 the Gaussian 90(TM) system (copyright 1990, Gaussian, Inc.),
 the Gaussian 88(TM) system (copyright 1988, Gaussian, Inc.),
 the Gaussian 86(TM) system (copyright 1986, Carnegie Mellon
 University), and the Gaussian 82(TM) system (copyright 1983,
 Carnegie Mellon University). Gaussian is a federally registered
 trademark of Gaussian, Inc.
  
 This software contains proprietary and confidential information,
 including trade secrets, belonging to Gaussian, Inc.
  
 This software is provided under written license and may be
 used, copied, transmitted, or stored only in accord with that
 written license.
  
 The following legend is applicable only to US Government
 contracts under FAR:
  
                    RESTRICTED RIGHTS LEGEND
  
 Use, reproduction and disclosure by the US Government is
 subject to restrictions as set forth in subparagraphs (a)
 and (c) of the Commercial Computer Software - Restricted
 Rights clause in FAR 52.227-19.
  
 Gaussian, Inc.
 340 Quinnipiac St., Bldg. 40, Wallingford CT 06492
  
  
 ---------------------------------------------------------------
 Warning -- This program may not be used in any manner that
 competes with the business of Gaussian, Inc. or will provide
 assistance to any competitor of Gaussian, Inc.  The licensee
 of this program is prohibited from giving any competitor of
 Gaussian, Inc. access to this program.  By using this program,
 the user acknowledges that Gaussian, Inc. is engaged in the
 business of creating and licensing software in the field of
 computational chemistry and represents and warrants to the
 licensee that it is not a competitor of Gaussian, Inc. and that
 it will not use this program in any manner prohibited above.
 ---------------------------------------------------------------
  

 Cite this work as:
 Gaussian 09, Revision E.01,
 M. J. Frisch, G. W. Trucks, H. B. Schlegel, G. E. Scuseria, 
 M. A. Robb, J. R. Cheeseman, G. Scalmani, V. Barone, B. Mennucci, 
 G. A. Petersson, H. Nakatsuji, M. Caricato, X. Li, H. P. Hratchian, 
 A. F. Izmaylov, J. Bloino, G. Zheng, J. L. Sonnenberg, M. Hada, 
 M. Ehara, K. Toyota, R. Fukuda, J. Hasegawa, M. Ishida, T. Nakajima, 
 Y. Honda, O. Kitao, H. Nakai, T. Vreven, J. A. Montgomery, Jr., 
 J. E. Peralta, F. Ogliaro, M. Bearpark, J. J. Heyd, E. Brothers, 
 K. N. Kudin, V. N. Staroverov, T. Keith, R. Kobayashi, J. Normand, 
 K. Raghavachari, A. Rendell, J. C. Burant, S. S. Iyengar, J. Tomasi, 
 M. Cossi, N. Rega, J. M. Millam, M. Klene, J. E. Knox, J. B. Cross, 
 V. Bakken, C. Adamo, J. Jaramillo, R. Gomperts, R. E. Stratmann, 
 O. Yazyev, A. J. Austin, R. Cammi, C. Pomelli, J. W. Ochterski, 
 R. L. Martin, K. Morokuma, V. G. Zakrzewski, G. A. Voth, 
 P. Salvador, J. J. Dannenberg, S. Dapprich, A. D. Daniels, 
 O. Farkas, J. B. Foresman, J. V. Ortiz, J. Cioslowski, 
 and D. J. Fox, Gaussian, Inc., Wallingford CT, 2013.
 
 ******************************************
 Gaussian 09:  ES64L-G09RevE.01 30-Nov-2015
                16-Feb-2017 
 ******************************************
 %chk=h12.chk
 ----------------------------------------------------------------------
 #rhf/gen scf(symm,tight,novaracc,noincfock,fulldiag) stable(crhf) gues
 s=read geom=nocrowd test
 ----------------------------------------------------------------------
 1/38=1/1;
 2/12=1,17=6,18=5,40=1/2;
 3/5=7,16=1,25=1,30=1,116=1/1,2,3;
 4/5=1,9=4/1;
 5/5=100002,15=2,16=1,32=2,38=6/2;
 8/6=1,10=90,11=11/1,4;
 9/8=4,13=1/2;
 6/7=2,8=2,9=2,10=2,28=1/1;
 99/5=1,9=1/99;
 ----------------------------------------------------------------------
 hf stability analysis of h12 triangular lattice, y= 0.6476646814092581
 5
 ----------------------------------------------------------------------
 Symbolic Z-matrix:
 Charge =  0 Multiplicity = 1
 H
 H                    1     1.10187 
 H                    1     1.10187  2     108. 
 H                    2     1.10187  1     72.      3     0.       0
 H                    2     1.10187  1     180.     3     0.       0
 H                    4     1.10187  3     180.     5     0.       0
 H                    6     1.10187  5     180.     3     0.       0
 H                    4     1.10187  2     180.     3     0.       0
 H                    3     1.10187  1     180.     4     0.       0
 H                    9     1.10187  3     180.     4     0.       0
 H                    8     1.10187  4     180.     3     0.       0
 H                    7     1.10187  6     180.     3     0.       0
 
                          Input orientation:                          
 ---------------------------------------------------------------------
 Center     Atomic      Atomic             Coordinates (Angstroms)
 Number     Number       Type             X           Y           Z
 ---------------------------------------------------------------------
      1          1           0        0.000000    0.000000    0.000000
      2          1           0        0.000000    0.000000    1.101873
      3          1           0        1.047943    0.000000   -0.340497
      4          1           0        1.047943    0.000000    0.761375
      5          1           0        0.000000    0.000000    2.203746
      6          1           0        1.047943    0.000000    1.863248
      7          1           0        2.095887    0.000000    1.522751
      8          1           0        2.095887    0.000000    0.420878
      9          1           0        2.095887    0.000000   -0.680995
     10          1           0        3.143830    0.000000   -1.021492
     11          1           0        3.143830    0.000000    0.080381
     12          1           0        3.143830    0.000000    1.182253
 ---------------------------------------------------------------------
                    Distance matrix (angstroms):
                    1          2          3          4          5
     1  H    0.000000
     2  H    1.101873   0.000000
     3  H    1.101873   1.782868   0.000000
     4  H    1.295329   1.101873   1.101873   0.000000
     5  H    2.203746   1.101873   2.751610   1.782868   0.000000
     6  H    2.137728   1.295329   2.203746   1.101873   1.101873
     7  H    2.590659   2.137728   2.137728   1.295329   2.203746
     8  H    2.137728   2.203746   1.295329   1.101873   2.751610
     9  H    2.203746   2.751610   1.101873   1.782868   3.565736
    10  H    3.305619   3.793725   2.203746   2.751610   4.503979
    11  H    3.144858   3.305619   2.137728   2.203746   3.793725
    12  H    3.358778   3.144858   2.590659   2.137728   3.305619
                    6          7          8          9         10
     6  H    0.000000
     7  H    1.101873   0.000000
     8  H    1.782868   1.101873   0.000000
     9  H    2.751610   2.203746   1.101873   0.000000
    10  H    3.565736   2.751610   1.782868   1.101873   0.000000
    11  H    2.751610   1.782868   1.101873   1.295329   1.101873
    12  H    2.203746   1.101873   1.295329   2.137728   2.203746
                   11         12
    11  H    0.000000
    12  H    1.101873   0.000000
 Stoichiometry    H12
 Framework group  C2H[SGH(H12)]
 Deg. of freedom    11
 Full point group                 C2H     NOp   4
 Largest Abelian subgroup         C2H     NOp   4
 Largest concise Abelian subgroup C2      NOp   2
                         Standard orientation:                         
 ---------------------------------------------------------------------
 Center     Atomic      Atomic             Coordinates (Angstroms)
 Number     Number       Type             X           Y           Z
 ---------------------------------------------------------------------
      1          1           0        1.047943    1.312312   -0.000000
      2          1           0       -0.000000    1.652809   -0.000000
      3          1           0        1.047943    0.210439   -0.000000
      4          1           0       -0.000000    0.550936   -0.000000
      5          1           0       -1.047943    1.993307   -0.000000
      6          1           0       -1.047943    0.891434    0.000000
      7          1           0       -1.047943   -0.210439   -0.000000
      8          1           0        0.000000   -0.550936   -0.000000
      9          1           0        1.047943   -0.891434   -0.000000
     10          1           0        1.047943   -1.993307   -0.000000
     11          1           0        0.000000   -1.652809   -0.000000
     12          1           0       -1.047943   -1.312312   -0.000000
 ---------------------------------------------------------------------
 Rotational constants (GHZ):     62.2876898     25.2314326     17.9573058
 General basis read from cards:  (5D, 7F)
 There are     6 symmetry adapted cartesian basis functions of AG  symmetry.
 There are     0 symmetry adapted cartesian basis functions of BG  symmetry.
 There are     0 symmetry adapted cartesian basis functions of AU  symmetry.
 There are     6 symmetry adapted cartesian basis functions of BU  symmetry.
 There are     6 symmetry adapted basis functions of AG  symmetry.
 There are     0 symmetry adapted basis functions of BG  symmetry.
 There are     0 symmetry adapted basis functions of AU  symmetry.
 There are     6 symmetry adapted basis functions of BU  symmetry.
    12 basis functions,   120 primitive gaussians,    12 cartesian basis functions
     6 alpha electrons        6 beta electrons
       nuclear repulsion energy        19.9527364674 Hartrees.
 NAtoms=   12 NActive=   12 NUniq=    6 SFac= 4.00D+00 NAtFMM=   60 NAOKFM=F Big=F
 Integral buffers will be    131072 words long.
 Regular integral format.
 Two-electron integral symmetry is turned on.
 One-electron integrals computed using PRISM.
 NBasis=    12 RedAO= T EigKep=  1.33D-01  NBF=     6     0     0     6
 NBsUse=    12 1.00D-06 EigRej= -1.00D+00 NBFU=     6     0     0     6
 Initial guess from the checkpoint file:  "h12.chk"
 B after Tr=     0.000000    0.000000    0.000000
         Rot=    0.992184    0.000000    0.000000   -0.124783 Ang= -14.34 deg.
 Initial guess orbital symmetries:
       Occupied  (AG) (BU) (AG) (BU) (BU) (AG)
       Virtual   (BU) (AG) (BU) (AG) (AG) (BU)
 Keep R1 ints in memory in symmetry-blocked form, NReq=903966.
 Requested convergence on RMS density matrix=1.00D-08 within 128 cycles.
 Requested convergence on MAX density matrix=1.00D-06.
 Requested convergence on             energy=1.00D-06.
 No special actions if energy rises.
 SCF Done:  E(RHF) =  -5.81536962158     A.U. after   14 cycles
            NFock= 14  Conv=0.18D-08     -V/T= 1.9183
 Range of M.O.s used for correlation:     1    12
 NBasis=    12 NAE=     6 NBE=     6 NFC=     0 NFV=     0
 NROrb=     12 NOA=     6 NOB=     6 NVA=     6 NVB=     6
 Semi-Direct transformation.
 ModeAB=           4 MOrb=             6 LenV=     134084311
 LASXX=         2181 LTotXX=        2181 LenRXX=        5115
 LTotAB=        2934 MaxLAS=        3024 LenRXY=           0
 NonZer=        7296 LenScr=      655360 LnRSAI=        3024
 LnScr1=      655360 LExtra=           0 Total=      1318859
 MaxDsk=          -1 SrtSym=           T ITran=            3
 JobTyp=0 Pass  1:  I=   1 to   6.
 (rs|ai) integrals will be sorted in core.
 Spin components of T(2) and E(2):
     alpha-alpha T2 =       0.4996544750D-02 E2=     -0.7371315942D-02
     alpha-beta  T2 =       0.6741980072D-01 E2=     -0.1020186472D+00
     beta-beta   T2 =       0.4996544750D-02 E2=     -0.7371315942D-02
 ANorm=    0.1037985014D+01
 E2 =    -0.1167612791D+00 EUMP2 =    -0.59321309006939D+01
 Second order stability test of a single determinant RHF wave function:
 Stabil:  MDV=134217728
 ***********************************************************************
 Matrix         Lowest Root    Major Pairs
 ***********************************************************************
 Internal RHF     0.0210483    Stable
 RRHF --> CRHF   -0.016242     6A=7A
 RRHF --> RUHF   -0.0931935    6A=7B
 Not stable.
 ***********************************************************************

 **********************************************************************

            Population analysis using the SCF density.

 **********************************************************************

 Orbital symmetries:
       Occupied  (AG) (BU) (BU) (AG) (AG) (BU)
       Virtual   (AG) (BU) (BU) (AG) (AG) (BU)
 The electronic state is 1-AG.
 Alpha  occ. eigenvalues --   -1.00040  -0.79231  -0.67603  -0.53312  -0.43555
 Alpha  occ. eigenvalues --   -0.24784
 Alpha virt. eigenvalues --    0.00598   0.15587   0.25598   0.34450   0.57715
 Alpha virt. eigenvalues --    0.75919
          Condensed to atoms (all electrons):
               1          2          3          4          5          6
     1  H    1.031333   0.208206   0.008525   0.144013  -0.089163  -0.075995
     2  H    0.208206   0.671092  -0.018119  -0.130531   0.283187  -0.025598
     3  H    0.008525  -0.018119   0.748630  -0.027421   0.013450  -0.068966
     4  H    0.144013  -0.130531  -0.027421   1.125282  -0.236842   0.252102
     5  H   -0.089163   0.283187   0.013450  -0.236842   1.296770   0.014871
     6  H   -0.075995  -0.025598  -0.068966   0.252102   0.014871   0.799739
     7  H   -0.005940  -0.064474  -0.065135   0.257753  -0.097399   0.191149
     8  H   -0.101285  -0.039789   0.257753  -0.220594   0.042005  -0.074969
     9  H   -0.092275  -0.009397   0.191149  -0.074969   0.011618   0.006248
    10  H    0.009797  -0.000265  -0.097399   0.042005  -0.003442   0.011618
    11  H    0.015261   0.010864  -0.064474  -0.039789  -0.000265  -0.009397
    12  H    0.012191   0.015261  -0.005940  -0.101285   0.009797  -0.092275
               7          8          9         10         11         12
     1  H   -0.005940  -0.101285  -0.092275   0.009797   0.015261   0.012191
     2  H   -0.064474  -0.039789  -0.009397  -0.000265   0.010864   0.015261
     3  H   -0.065135   0.257753   0.191149  -0.097399  -0.064474  -0.005940
     4  H    0.257753  -0.220594  -0.074969   0.042005  -0.039789  -0.101285
     5  H   -0.097399   0.042005   0.011618  -0.003442  -0.000265   0.009797
     6  H    0.191149  -0.074969   0.006248   0.011618  -0.009397  -0.092275
     7  H    0.748630  -0.027421  -0.068966   0.013450  -0.018119   0.008525
     8  H   -0.027421   1.125282   0.252102  -0.236842  -0.130531   0.144013
     9  H   -0.068966   0.252102   0.799739   0.014871  -0.025598  -0.075995
    10  H    0.013450  -0.236842   0.014871   1.296770   0.283187  -0.089163
    11  H   -0.018119  -0.130531  -0.025598   0.283187   0.671092   0.208206
    12  H    0.008525   0.144013  -0.075995  -0.089163   0.208206   1.031333
 Mulliken charges:
               1
     1  H   -0.064668
     2  H    0.099562
     3  H    0.127947
     4  H    0.010276
     5  H   -0.244589
     6  H    0.071472
     7  H    0.127947
     8  H    0.010276
     9  H    0.071472
    10  H   -0.244589
    11  H    0.099562
    12  H   -0.064668
 Sum of Mulliken charges =   0.00000
 Mulliken charges with hydrogens summed into heavy atoms:
               1
 Electronic spatial extent (au):  <R**2>=            145.1847
 Charge=              0.0000 electrons
 Dipole moment (field-independent basis, Debye):
    X=              0.0000    Y=             -0.0000    Z=              0.0000  Tot=              0.0000
 Quadrupole moment (field-independent basis, Debye-Ang):
   XX=            -17.7058   YY=            -28.2377   ZZ=            -15.2061
   XY=              4.4700   XZ=              0.0000   YZ=             -0.0000
 Traceless Quadrupole moment (field-independent basis, Debye-Ang):
   XX=              2.6774   YY=             -7.8545   ZZ=              5.1771
   XY=              4.4700   XZ=              0.0000   YZ=             -0.0000
 Octapole moment (field-independent basis, Debye-Ang**2):
  XXX=              0.0000  YYY=             -0.0000  ZZZ=              0.0000  XYY=              0.0000
  XXY=             -0.0000  XXZ=              0.0000  XZZ=              0.0000  YZZ=             -0.0000
  YYZ=              0.0000  XYZ=             -0.0000
 Hexadecapole moment (field-independent basis, Debye-Ang**3):
 XXXX=            -92.7995 YYYY=           -256.3696 ZZZZ=            -17.9958 XXXY=             19.5137
 XXXZ=              0.0000 YYYX=             38.8878 YYYZ=             -0.0000 ZZZX=              0.0000
 ZZZY=             -0.0000 XXYY=            -63.1128 XXZZ=            -18.2921 YYZZ=            -34.9995
 XXYZ=             -0.0000 YYXZ=              0.0000 ZZXY=              4.8715
 N-N= 1.995273646744D+01 E-N=-5.049852127492D+01  KE= 6.332798326435D+00
 Symmetry AG   KE= 2.942154310944D+00
 Symmetry BG   KE= 0.000000000000D+00
 Symmetry AU   KE= 0.000000000000D+00
 Symmetry BU   KE= 3.390644015491D+00

 Test job not archived.
 1\1\GINC-SULU\Stability\RHF\Gen\H12\LCJ1\16-Feb-2017\0\\#rhf/gen scf(s
 ymm,tight,novaracc,noincfock,fulldiag) stable(crhf) guess=read geom=no
 crowd test\\hf stability analysis of h12 triangular lattice, y= 0.6476
 6468140925815\\0,1\H\H,1,1.101872943\H,1,1.101872943,2,108.\H,2,1.1018
 72943,1,72.,3,0.,0\H,2,1.101872943,1,180.,3,0.,0\H,4,1.101872943,3,180
 .,5,0.,0\H,6,1.101872943,5,180.,3,0.,0\H,4,1.101872943,2,180.,3,0.,0\H
 ,3,1.101872943,1,180.,4,0.,0\H,9,1.101872943,3,180.,4,0.,0\H,8,1.10187
 2943,4,180.,3,0.,0\H,7,1.101872943,6,180.,3,0.,0\\Version=ES64L-G09Rev
 E.01\State=1-AG\HF=-5.8153696\MP2=-5.9321309\RMSD=1.816e-09\Dipole=0.,
 0.,0.\Quadrupole=-3.1384734,3.8490303,-0.710557,0.,4.9898956,0.\PG=C02
 H [SGH(H12)]\\@


 LIFE CAN ONLY BE UNDERSTOOD BACKWARD, BUT MUST
 BE LIVED FORWARD. -- KIRKEGAARD
 Job cpu time:       0 days  0 hours  0 minutes  1.0 seconds.
 File lengths (MBytes):  RWF=     84 Int=      0 D2E=      0 Chk=      2 Scr=      2
 Normal termination of Gaussian 09 at Thu Feb 16 18:52:21 2017.
