 Entering Gaussian System, Link 0=g09
 AtFile(1): H.gbs
            H     0
            S   10   1.00
               1000.000000000000            0.000068713567
                316.227766000000            0.000169141320
                100.000000000000            0.000823394812
                 31.622776600000            0.003425569236
                 10.000000000000            0.013951996000
                  3.162277660000            0.056909313560
                  1.000000000000            0.198286399900
                  0.316227766000            0.496922426700
                  0.100000000000            0.369846276400
                  0.031622776600            0.003752720039
            ****
 Initial command:
 /projects/guscus/apps/gau/g09-e1/g09/l1.exe "/users/lcj1/gaussian/h12/rhfstability/rect/guessfrommix/alpha15/Gau-1240.inp" -scrdir="/users/lcj1/gaussian/h12/rhfstability/rect/guessfrommix/alpha15/"
 Entering Link 1 = /projects/guscus/apps/gau/g09-e1/g09/l1.exe PID=      1241.
  
 Copyright (c) 1988,1990,1992,1993,1995,1998,2003,2009,2015,
            Gaussian, Inc.  All Rights Reserved.
  
 This is part of the Gaussian(R) 09 program.  It is based on
 the Gaussian(R) 03 system (copyright 2003, Gaussian, Inc.),
 the Gaussian(R) 98 system (copyright 1998, Gaussian, Inc.),
 the Gaussian(R) 94 system (copyright 1995, Gaussian, Inc.),
 the Gaussian 92(TM) system (copyright 1992, Gaussian, Inc.),
 the Gaussian 90(TM) system (copyright 1990, Gaussian, Inc.),
 the Gaussian 88(TM) system (copyright 1988, Gaussian, Inc.),
 the Gaussian 86(TM) system (copyright 1986, Carnegie Mellon
 University), and the Gaussian 82(TM) system (copyright 1983,
 Carnegie Mellon University). Gaussian is a federally registered
 trademark of Gaussian, Inc.
  
 This software contains proprietary and confidential information,
 including trade secrets, belonging to Gaussian, Inc.
  
 This software is provided under written license and may be
 used, copied, transmitted, or stored only in accord with that
 written license.
  
 The following legend is applicable only to US Government
 contracts under FAR:
  
                    RESTRICTED RIGHTS LEGEND
  
 Use, reproduction and disclosure by the US Government is
 subject to restrictions as set forth in subparagraphs (a)
 and (c) of the Commercial Computer Software - Restricted
 Rights clause in FAR 52.227-19.
  
 Gaussian, Inc.
 340 Quinnipiac St., Bldg. 40, Wallingford CT 06492
  
  
 ---------------------------------------------------------------
 Warning -- This program may not be used in any manner that
 competes with the business of Gaussian, Inc. or will provide
 assistance to any competitor of Gaussian, Inc.  The licensee
 of this program is prohibited from giving any competitor of
 Gaussian, Inc. access to this program.  By using this program,
 the user acknowledges that Gaussian, Inc. is engaged in the
 business of creating and licensing software in the field of
 computational chemistry and represents and warrants to the
 licensee that it is not a competitor of Gaussian, Inc. and that
 it will not use this program in any manner prohibited above.
 ---------------------------------------------------------------
  

 Cite this work as:
 Gaussian 09, Revision E.01,
 M. J. Frisch, G. W. Trucks, H. B. Schlegel, G. E. Scuseria, 
 M. A. Robb, J. R. Cheeseman, G. Scalmani, V. Barone, B. Mennucci, 
 G. A. Petersson, H. Nakatsuji, M. Caricato, X. Li, H. P. Hratchian, 
 A. F. Izmaylov, J. Bloino, G. Zheng, J. L. Sonnenberg, M. Hada, 
 M. Ehara, K. Toyota, R. Fukuda, J. Hasegawa, M. Ishida, T. Nakajima, 
 Y. Honda, O. Kitao, H. Nakai, T. Vreven, J. A. Montgomery, Jr., 
 J. E. Peralta, F. Ogliaro, M. Bearpark, J. J. Heyd, E. Brothers, 
 K. N. Kudin, V. N. Staroverov, T. Keith, R. Kobayashi, J. Normand, 
 K. Raghavachari, A. Rendell, J. C. Burant, S. S. Iyengar, J. Tomasi, 
 M. Cossi, N. Rega, J. M. Millam, M. Klene, J. E. Knox, J. B. Cross, 
 V. Bakken, C. Adamo, J. Jaramillo, R. Gomperts, R. E. Stratmann, 
 O. Yazyev, A. J. Austin, R. Cammi, C. Pomelli, J. W. Ochterski, 
 R. L. Martin, K. Morokuma, V. G. Zakrzewski, G. A. Voth, 
 P. Salvador, J. J. Dannenberg, S. Dapprich, A. D. Daniels, 
 O. Farkas, J. B. Foresman, J. V. Ortiz, J. Cioslowski, 
 and D. J. Fox, Gaussian, Inc., Wallingford CT, 2013.
 
 ******************************************
 Gaussian 09:  ES64L-G09RevE.01 30-Nov-2015
                16-Feb-2017 
 ******************************************
 %chk=h12.chk
 ----------------------------------------------------------------------
 #rhf/gen scf(symm,tight,novaracc,noincfock,fulldiag) stable(crhf) gues
 s=read geom=nocrowd test
 ----------------------------------------------------------------------
 1/38=1/1;
 2/12=1,17=6,18=5,40=1/2;
 3/5=7,16=1,25=1,30=1,116=1/1,2,3;
 4/5=1,9=4/1;
 5/5=100002,15=2,16=1,32=2,38=6/2;
 8/6=1,10=90,11=11/1,4;
 9/8=4,13=1/2;
 6/7=2,8=2,9=2,10=2,28=1/1;
 99/5=1,9=1/99;
 ----------------------------------------------------------------------
 hf stability analysis of h12 triangular lattice, y= 0.2247478695127229
 1
 ----------------------------------------------------------------------
 Symbolic Z-matrix:
 Charge =  0 Multiplicity = 1
 H
 H                    1     2.57869 
 H                    1     2.57869  2     170. 
 H                    2     2.57869  1     10.      3     0.       0
 H                    2     2.57869  1     180.     3     0.       0
 H                    4     2.57869  3     180.     5     0.       0
 H                    6     2.57869  5     180.     3     0.       0
 H                    4     2.57869  2     180.     3     0.       0
 H                    3     2.57869  1     180.     4     0.       0
 H                    9     2.57869  3     180.     4     0.       0
 H                    8     2.57869  4     180.     3     0.       0
 H                    7     2.57869  6     180.     3     0.       0
 
                          Input orientation:                          
 ---------------------------------------------------------------------
 Center     Atomic      Atomic             Coordinates (Angstroms)
 Number     Number       Type             X           Y           Z
 ---------------------------------------------------------------------
      1          1           0        0.000000    0.000000    0.000000
      2          1           0        0.000000    0.000000    2.578693
      3          1           0        0.447785    0.000000   -2.539516
      4          1           0        0.447785    0.000000    0.039176
      5          1           0        0.000000    0.000000    5.157385
      6          1           0        0.447785    0.000000    2.617869
      7          1           0        0.895571    0.000000    0.078352
      8          1           0        0.895571    0.000000   -2.500340
      9          1           0        0.895571    0.000000   -5.079033
     10          1           0        1.343356    0.000000   -7.618549
     11          1           0        1.343356    0.000000   -5.039857
     12          1           0        1.343356    0.000000   -2.461164
 ---------------------------------------------------------------------
                    Distance matrix (angstroms):
                    1          2          3          4          5
     1  H    0.000000
     2  H    2.578693   0.000000
     3  H    2.578693   5.137760   0.000000
     4  H    0.449496   2.578693   2.578693   0.000000
     5  H    5.157385   2.578693   7.709916   5.137760   0.000000
     6  H    2.655889   0.449496   5.157385   2.578693   2.578693
     7  H    0.898991   2.655889   2.655889   0.449496   5.157385
     8  H    2.655889   5.157385   0.449496   2.578693   7.709916
     9  H    5.157385   7.709916   2.578693   5.137760  10.275519
    10  H    7.736078  10.285346   5.157385   7.709916  12.846365
    11  H    5.215818   7.736078   2.655889   5.157385  10.285346
    12  H    2.803914   5.215818   0.898991   2.655889   7.736078
                    6          7          8          9         10
     6  H    0.000000
     7  H    2.578693   0.000000
     8  H    5.137760   2.578693   0.000000
     9  H    7.709916   5.157385   2.578693   0.000000
    10  H   10.275519   7.709916   5.137760   2.578693   0.000000
    11  H    7.709916   5.137760   2.578693   0.449496   2.578693
    12  H    5.157385   2.578693   0.449496   2.655889   5.157385
                   11         12
    11  H    0.000000
    12  H    2.578693   0.000000
 Stoichiometry    H12
 Framework group  C2H[SGH(H12)]
 Deg. of freedom    11
 Full point group                 C2H     NOp   4
 Largest Abelian subgroup         C2H     NOp   4
 Largest concise Abelian subgroup C2      NOp   2
                         Standard orientation:                         
 ---------------------------------------------------------------------
 Center     Atomic      Atomic             Coordinates (Angstroms)
 Number     Number       Type             X           Y           Z
 ---------------------------------------------------------------------
      1          1           0        0.447785    1.328522    0.000000
      2          1           0        0.000000    3.868039    0.000000
      3          1           0        0.447785   -1.250170    0.000000
      4          1           0        0.000000    1.289346    0.000000
      5          1           0       -0.447785    6.407555    0.000000
      6          1           0       -0.447785    3.828863    0.000000
      7          1           0       -0.447785    1.250170   -0.000000
      8          1           0       -0.000000   -1.289346    0.000000
      9          1           0        0.447785   -3.828863    0.000000
     10          1           0        0.447785   -6.407555    0.000000
     11          1           0       -0.000000   -3.868039    0.000000
     12          1           0       -0.447785   -1.328522    0.000000
 ---------------------------------------------------------------------
 Rotational constants (GHZ):    476.0334414      3.3014649      3.2787257
 General basis read from cards:  (5D, 7F)
 There are     6 symmetry adapted cartesian basis functions of AG  symmetry.
 There are     0 symmetry adapted cartesian basis functions of BG  symmetry.
 There are     0 symmetry adapted cartesian basis functions of AU  symmetry.
 There are     6 symmetry adapted cartesian basis functions of BU  symmetry.
 There are     6 symmetry adapted basis functions of AG  symmetry.
 There are     0 symmetry adapted basis functions of BG  symmetry.
 There are     0 symmetry adapted basis functions of AU  symmetry.
 There are     6 symmetry adapted basis functions of BU  symmetry.
    12 basis functions,   120 primitive gaussians,    12 cartesian basis functions
     6 alpha electrons        6 beta electrons
       nuclear repulsion energy        16.0926379250 Hartrees.
 NAtoms=   12 NActive=   12 NUniq=    6 SFac= 4.00D+00 NAtFMM=   60 NAOKFM=F Big=F
 Integral buffers will be    131072 words long.
 Regular integral format.
 Two-electron integral symmetry is turned on.
 One-electron integrals computed using PRISM.
 NBasis=    12 RedAO= T EigKep=  2.67D-02  NBF=     6     0     0     6
 NBsUse=    12 1.00D-06 EigRej= -1.00D+00 NBFU=     6     0     0     6
 Initial guess from the checkpoint file:  "h12.chk"
 B after Tr=    -0.000000   -0.000000    0.000000
         Rot=    0.998173    0.000000    0.000000    0.060423 Ang=   6.93 deg.
 Initial guess orbital symmetries:
       Occupied  (AG) (BU) (AG) (BU) (BU) (AG)
       Virtual   (BU) (AG) (BU) (AG) (AG) (BU)
 Keep R1 ints in memory in symmetry-blocked form, NReq=888776.
 Requested convergence on RMS density matrix=1.00D-08 within 128 cycles.
 Requested convergence on MAX density matrix=1.00D-06.
 Requested convergence on             energy=1.00D-06.
 No special actions if energy rises.
 SCF Done:  E(RHF) =  -4.10558674911     A.U. after   12 cycles
            NFock= 12  Conv=0.59D-09     -V/T= 1.6211
 Range of M.O.s used for correlation:     1    12
 NBasis=    12 NAE=     6 NBE=     6 NFC=     0 NFV=     0
 NROrb=     12 NOA=     6 NOB=     6 NVA=     6 NVB=     6

 **** Warning!!: The smallest alpha delta epsilon is  0.49706498D-01

 Semi-Direct transformation.
 ModeAB=           4 MOrb=             6 LenV=     134099417
 LASXX=         2181 LTotXX=        2181 LenRXX=        5115
 LTotAB=        2934 MaxLAS=        3024 LenRXY=           0
 NonZer=        7296 LenScr=      655360 LnRSAI=        3024
 LnScr1=      655360 LExtra=           0 Total=      1318859
 MaxDsk=          -1 SrtSym=           T ITran=            3
 JobTyp=0 Pass  1:  I=   1 to   6.
 (rs|ai) integrals will be sorted in core.
 Spin components of T(2) and E(2):
     alpha-alpha T2 =       0.4335017245D-02 E2=     -0.3528383681D-02
     alpha-beta  T2 =       0.6264895026D+01 E2=     -0.7055798462D+00
     beta-beta   T2 =       0.4335017245D-02 E2=     -0.3528383681D-02
 ANorm=    0.2696954775D+01
 E2 =    -0.7126366135D+00 EUMP2 =    -0.48182233626373D+01
 Second order stability test of a single determinant RHF wave function:
 Stabil:  MDV=134217728
 ***********************************************************************
 Matrix         Lowest Root    Major Pairs
 ***********************************************************************
 Internal RHF     0.0764475    Stable
 RRHF --> CRHF    0.0000161    Stable
 RRHF --> RUHF   -0.4885652    6A=7B
 Not stable.
 ***********************************************************************

 **********************************************************************

            Population analysis using the SCF density.

 **********************************************************************

 Orbital symmetries:
       Occupied  (BU) (AG) (BU) (AG) (BU) (AG)
       Virtual   (BU) (AG) (BU) (AG) (AG) (BU)
 The electronic state is 1-AG.
 Alpha  occ. eigenvalues --   -1.04116  -1.04007  -0.74226  -0.74225  -0.21172
 Alpha  occ. eigenvalues --   -0.17320
 Alpha virt. eigenvalues --   -0.12349   0.00657   0.65848   0.65919   1.53047
 Alpha virt. eigenvalues --    1.62057
          Condensed to atoms (all electrons):
               1          2          3          4          5          6
     1  H    1.190647  -0.000470   0.125276   0.090139   0.000940  -0.008259
     2  H   -0.000470   0.538974   0.000048  -0.008771  -0.005468   0.480688
     3  H    0.125276   0.000048   1.213443  -0.004250   0.000008  -0.000095
     4  H    0.090139  -0.008771  -0.004250   1.678948   0.000025  -0.008766
     5  H    0.000940  -0.005468   0.000008   0.000025   1.177742  -0.010205
     6  H   -0.008259   0.480688  -0.000095  -0.008766  -0.010205   0.542314
     7  H   -0.796107  -0.003259  -0.115023   0.084267  -0.000943   0.005151
     8  H   -0.002822   0.000011   0.084267  -0.009180   0.000000   0.000013
     9  H    0.000101   0.000000   0.005151   0.000013  -0.000000  -0.000000
    10  H   -0.000007  -0.000000  -0.000943   0.000000   0.000000  -0.000000
    11  H   -0.000034   0.000000  -0.003259   0.000011  -0.000000   0.000000
    12  H   -0.092286  -0.000034  -0.796107  -0.002822  -0.000007   0.000101
               7          8          9         10         11         12
     1  H   -0.796107  -0.002822   0.000101  -0.000007  -0.000034  -0.092286
     2  H   -0.003259   0.000011   0.000000  -0.000000   0.000000  -0.000034
     3  H   -0.115023   0.084267   0.005151  -0.000943  -0.003259  -0.796107
     4  H    0.084267  -0.009180   0.000013   0.000000   0.000011  -0.002822
     5  H   -0.000943   0.000000  -0.000000   0.000000  -0.000000  -0.000007
     6  H    0.005151   0.000013  -0.000000  -0.000000   0.000000   0.000101
     7  H    1.213443  -0.004250  -0.000095   0.000008   0.000048   0.125276
     8  H   -0.004250   1.678948  -0.008766   0.000025  -0.008771   0.090139
     9  H   -0.000095  -0.008766   0.542314  -0.010205   0.480688  -0.008259
    10  H    0.000008   0.000025  -0.010205   1.177742  -0.005468   0.000940
    11  H    0.000048  -0.008771   0.480688  -0.005468   0.538974  -0.000470
    12  H    0.125276   0.090139  -0.008259   0.000940  -0.000470   1.190647
 Mulliken charges:
               1
     1  H    0.492883
     2  H   -0.001719
     3  H    0.491483
     4  H   -0.819613
     5  H   -0.162092
     6  H   -0.000943
     7  H    0.491483
     8  H   -0.819613
     9  H   -0.000943
    10  H   -0.162092
    11  H   -0.001719
    12  H    0.492883
 Sum of Mulliken charges =  -0.00000
 Mulliken charges with hydrogens summed into heavy atoms:
               1
 Electronic spatial extent (au):  <R**2>=            627.8995
 Charge=             -0.0000 electrons
 Dipole moment (field-independent basis, Debye):
    X=             -0.0000    Y=              0.0000    Z=              0.0000  Tot=              0.0000
 Quadrupole moment (field-independent basis, Debye-Ang):
   XX=            -16.3240   YY=            -78.0215   ZZ=            -15.5888
   XY=              4.6694   XZ=             -0.0000   YZ=             -0.0000
 Traceless Quadrupole moment (field-independent basis, Debye-Ang):
   XX=             20.3208   YY=            -41.3768   ZZ=             21.0560
   XY=              4.6694   XZ=             -0.0000   YZ=             -0.0000
 Octapole moment (field-independent basis, Debye-Ang**2):
  XXX=              0.0000  YYY=              0.0000  ZZZ=             -0.0000  XYY=              0.0000
  XXY=              0.0000  XXZ=             -0.0000  XZZ=              0.0000  YZZ=              0.0000
  YYZ=             -0.0000  XYZ=              0.0000
 Hexadecapole moment (field-independent basis, Debye-Ang**3):
 XXXX=            -34.1947 YYYY=          -4055.7365 ZZZZ=            -19.1408 XXXY=             40.6471
 XXXZ=             -0.0000 YYYX=            231.7977 YYYZ=             -0.0000 ZZZX=             -0.0000
 ZZZY=             -0.0000 XXYY=           -237.8628 XXZZ=             -8.8642 YYZZ=           -226.6433
 XXYZ=             -0.0000 YYXZ=              0.0000 ZZXY=             13.5445
 N-N= 1.609263792498D+01 E-N=-3.910557762774D+01  KE= 6.610418431749D+00
 Symmetry AG   KE= 2.809858029137D+00
 Symmetry BG   KE= 0.000000000000D+00
 Symmetry AU   KE= 0.000000000000D+00
 Symmetry BU   KE= 3.800560402612D+00

 Test job not archived.
 1\1\GINC-SULU\Stability\RHF\Gen\H12\LCJ1\16-Feb-2017\0\\#rhf/gen scf(s
 ymm,tight,novaracc,noincfock,fulldiag) stable(crhf) guess=read geom=no
 crowd test\\hf stability analysis of h12 triangular lattice, y= 0.2247
 4786951272291\\0,1\H\H,1,2.5786925358\H,1,2.5786925358,2,170.\H,2,2.57
 86925358,1,10.,3,0.,0\H,2,2.5786925358,1,180.,3,0.,0\H,4,2.5786925358,
 3,180.,5,0.,0\H,6,2.5786925358,5,180.,3,0.,0\H,4,2.5786925358,2,180.,3
 ,0.,0\H,3,2.5786925358,1,180.,4,0.,0\H,9,2.5786925358,3,180.,4,0.,0\H,
 8,2.5786925358,4,180.,3,0.,0\H,7,2.5786925358,6,180.,3,0.,0\\Version=E
 S64L-G09RevE.01\State=1-AG\HF=-4.1055867\MP2=-4.8182234\RMSD=5.910e-10
 \Dipole=0.,0.,0.\Quadrupole=14.9121988,15.654584,-30.5667828,0.,4.5821
 349,0.\PG=C02H [SGH(H12)]\\@


 YOU ARE IN A MAZE OF TWISTY LITTLE PASSAGES.
 Job cpu time:       0 days  0 hours  0 minutes  0.9 seconds.
 File lengths (MBytes):  RWF=     84 Int=      0 D2E=      0 Chk=      2 Scr=      2
 Normal termination of Gaussian 09 at Thu Feb 16 18:51:06 2017.
