 Entering Gaussian System, Link 0=g09
 AtFile(1): H.gbs
            H     0
            S   10   1.00
               1000.000000000000            0.000068713567
                316.227766000000            0.000169141320
                100.000000000000            0.000823394812
                 31.622776600000            0.003425569236
                 10.000000000000            0.013951996000
                  3.162277660000            0.056909313560
                  1.000000000000            0.198286399900
                  0.316227766000            0.496922426700
                  0.100000000000            0.369846276400
                  0.031622776600            0.003752720039
            ****
 Initial command:
 /projects/guscus/apps/gau/g09-e1/g09/l1.exe "/users/lcj1/gaussian/h12/rhfstability/rect/guessfrommix/alpha15/Gau-2550.inp" -scrdir="/users/lcj1/gaussian/h12/rhfstability/rect/guessfrommix/alpha15/"
 Entering Link 1 = /projects/guscus/apps/gau/g09-e1/g09/l1.exe PID=      2551.
  
 Copyright (c) 1988,1990,1992,1993,1995,1998,2003,2009,2015,
            Gaussian, Inc.  All Rights Reserved.
  
 This is part of the Gaussian(R) 09 program.  It is based on
 the Gaussian(R) 03 system (copyright 2003, Gaussian, Inc.),
 the Gaussian(R) 98 system (copyright 1998, Gaussian, Inc.),
 the Gaussian(R) 94 system (copyright 1995, Gaussian, Inc.),
 the Gaussian 92(TM) system (copyright 1992, Gaussian, Inc.),
 the Gaussian 90(TM) system (copyright 1990, Gaussian, Inc.),
 the Gaussian 88(TM) system (copyright 1988, Gaussian, Inc.),
 the Gaussian 86(TM) system (copyright 1986, Carnegie Mellon
 University), and the Gaussian 82(TM) system (copyright 1983,
 Carnegie Mellon University). Gaussian is a federally registered
 trademark of Gaussian, Inc.
  
 This software contains proprietary and confidential information,
 including trade secrets, belonging to Gaussian, Inc.
  
 This software is provided under written license and may be
 used, copied, transmitted, or stored only in accord with that
 written license.
  
 The following legend is applicable only to US Government
 contracts under FAR:
  
                    RESTRICTED RIGHTS LEGEND
  
 Use, reproduction and disclosure by the US Government is
 subject to restrictions as set forth in subparagraphs (a)
 and (c) of the Commercial Computer Software - Restricted
 Rights clause in FAR 52.227-19.
  
 Gaussian, Inc.
 340 Quinnipiac St., Bldg. 40, Wallingford CT 06492
  
  
 ---------------------------------------------------------------
 Warning -- This program may not be used in any manner that
 competes with the business of Gaussian, Inc. or will provide
 assistance to any competitor of Gaussian, Inc.  The licensee
 of this program is prohibited from giving any competitor of
 Gaussian, Inc. access to this program.  By using this program,
 the user acknowledges that Gaussian, Inc. is engaged in the
 business of creating and licensing software in the field of
 computational chemistry and represents and warrants to the
 licensee that it is not a competitor of Gaussian, Inc. and that
 it will not use this program in any manner prohibited above.
 ---------------------------------------------------------------
  

 Cite this work as:
 Gaussian 09, Revision E.01,
 M. J. Frisch, G. W. Trucks, H. B. Schlegel, G. E. Scuseria, 
 M. A. Robb, J. R. Cheeseman, G. Scalmani, V. Barone, B. Mennucci, 
 G. A. Petersson, H. Nakatsuji, M. Caricato, X. Li, H. P. Hratchian, 
 A. F. Izmaylov, J. Bloino, G. Zheng, J. L. Sonnenberg, M. Hada, 
 M. Ehara, K. Toyota, R. Fukuda, J. Hasegawa, M. Ishida, T. Nakajima, 
 Y. Honda, O. Kitao, H. Nakai, T. Vreven, J. A. Montgomery, Jr., 
 J. E. Peralta, F. Ogliaro, M. Bearpark, J. J. Heyd, E. Brothers, 
 K. N. Kudin, V. N. Staroverov, T. Keith, R. Kobayashi, J. Normand, 
 K. Raghavachari, A. Rendell, J. C. Burant, S. S. Iyengar, J. Tomasi, 
 M. Cossi, N. Rega, J. M. Millam, M. Klene, J. E. Knox, J. B. Cross, 
 V. Bakken, C. Adamo, J. Jaramillo, R. Gomperts, R. E. Stratmann, 
 O. Yazyev, A. J. Austin, R. Cammi, C. Pomelli, J. W. Ochterski, 
 R. L. Martin, K. Morokuma, V. G. Zakrzewski, G. A. Voth, 
 P. Salvador, J. J. Dannenberg, S. Dapprich, A. D. Daniels, 
 O. Farkas, J. B. Foresman, J. V. Ortiz, J. Cioslowski, 
 and D. J. Fox, Gaussian, Inc., Wallingford CT, 2013.
 
 ******************************************
 Gaussian 09:  ES64L-G09RevE.01 30-Nov-2015
                16-Feb-2017 
 ******************************************
 %chk=h12.chk
 ----------------------------------------------------------------------
 #rhf/gen scf(symm,tight,novaracc,noincfock,fulldiag) stable(crhf) gues
 s=read geom=nocrowd test
 ----------------------------------------------------------------------
 1/38=1/1;
 2/12=1,17=6,18=5,40=1/2;
 3/5=7,16=1,25=1,30=1,116=1/1,2,3;
 4/5=1,9=4/1;
 5/5=100002,15=2,16=1,32=2,38=6/2;
 8/6=1,10=90,11=11/1,4;
 9/8=4,13=1/2;
 6/7=2,8=2,9=2,10=2,28=1/1;
 99/5=1,9=1/99;
 ----------------------------------------------------------------------
 hf stability analysis of h12 triangular lattice, y= 0.6123199016056329
 9
 ----------------------------------------------------------------------
 Symbolic Z-matrix:
 Charge =  0 Multiplicity = 1
 H
 H                    1     1.12427 
 H                    1     1.12427  2     114. 
 H                    2     1.12427  1     66.      3     0.       0
 H                    2     1.12427  1     180.     3     0.       0
 H                    4     1.12427  3     180.     5     0.       0
 H                    6     1.12427  5     180.     3     0.       0
 H                    4     1.12427  2     180.     3     0.       0
 H                    3     1.12427  1     180.     4     0.       0
 H                    9     1.12427  3     180.     4     0.       0
 H                    8     1.12427  4     180.     3     0.       0
 H                    7     1.12427  6     180.     3     0.       0
 
                          Input orientation:                          
 ---------------------------------------------------------------------
 Center     Atomic      Atomic             Coordinates (Angstroms)
 Number     Number       Type             X           Y           Z
 ---------------------------------------------------------------------
      1          1           0        0.000000    0.000000    0.000000
      2          1           0        0.000000    0.000000    1.124267
      3          1           0        1.027069    0.000000   -0.457281
      4          1           0        1.027069    0.000000    0.666987
      5          1           0        0.000000    0.000000    2.248535
      6          1           0        1.027069    0.000000    1.791254
      7          1           0        2.054139    0.000000    1.333973
      8          1           0        2.054139    0.000000    0.209706
      9          1           0        2.054139    0.000000   -0.914561
     10          1           0        3.081208    0.000000   -1.371842
     11          1           0        3.081208    0.000000   -0.247575
     12          1           0        3.081208    0.000000    0.876693
 ---------------------------------------------------------------------
                    Distance matrix (angstroms):
                    1          2          3          4          5
     1  H    0.000000
     2  H    1.124267   0.000000
     3  H    1.124267   1.885780   0.000000
     4  H    1.224640   1.124267   1.124267   0.000000
     5  H    2.248535   1.124267   2.894185   1.885780   0.000000
     6  H    2.064815   1.224640   2.248535   1.124267   1.124267
     7  H    2.449280   2.064815   2.064815   1.224640   2.248535
     8  H    2.064815   2.248535   1.224640   1.124267   2.894185
     9  H    2.248535   2.894185   1.124267   1.885780   3.771560
    10  H    3.372802   3.965401   2.248535   2.894185   4.754048
    11  H    3.091138   3.372802   2.064815   2.248535   3.965401
    12  H    3.203503   3.091138   2.449280   2.064815   3.372802
                    6          7          8          9         10
     6  H    0.000000
     7  H    1.124267   0.000000
     8  H    1.885780   1.124267   0.000000
     9  H    2.894185   2.248535   1.124267   0.000000
    10  H    3.771560   2.894185   1.885780   1.124267   0.000000
    11  H    2.894185   1.885780   1.124267   1.224640   1.124267
    12  H    2.248535   1.124267   1.224640   2.064815   2.248535
                   11         12
    11  H    0.000000
    12  H    1.124267   0.000000
 Stoichiometry    H12
 Framework group  C2H[SGH(H12)]
 Deg. of freedom    11
 Full point group                 C2H     NOp   4
 Largest Abelian subgroup         C2H     NOp   4
 Largest concise Abelian subgroup C2      NOp   2
                         Standard orientation:                         
 ---------------------------------------------------------------------
 Center     Atomic      Atomic             Coordinates (Angstroms)
 Number     Number       Type             X           Y           Z
 ---------------------------------------------------------------------
      1          1           0        1.027069    1.229120   -0.000000
      2          1           0        0.000000    1.686401    0.000000
      3          1           0        1.027069    0.104853   -0.000000
      4          1           0        0.000000    0.562134    0.000000
      5          1           0       -1.027069    2.143682    0.000000
      6          1           0       -1.027069    1.019414    0.000000
      7          1           0       -1.027069   -0.104853   -0.000000
      8          1           0       -0.000000   -0.562134    0.000000
      9          1           0        1.027069   -1.019414    0.000000
     10          1           0        1.027069   -2.143682    0.000000
     11          1           0       -0.000000   -1.686401    0.000000
     12          1           0       -1.027069   -1.229120    0.000000
 ---------------------------------------------------------------------
 Rotational constants (GHZ):     68.0013104     23.1114319     17.2490435
 General basis read from cards:  (5D, 7F)
 There are     6 symmetry adapted cartesian basis functions of AG  symmetry.
 There are     0 symmetry adapted cartesian basis functions of BG  symmetry.
 There are     0 symmetry adapted cartesian basis functions of AU  symmetry.
 There are     6 symmetry adapted cartesian basis functions of BU  symmetry.
 There are     6 symmetry adapted basis functions of AG  symmetry.
 There are     0 symmetry adapted basis functions of BG  symmetry.
 There are     0 symmetry adapted basis functions of AU  symmetry.
 There are     6 symmetry adapted basis functions of BU  symmetry.
    12 basis functions,   120 primitive gaussians,    12 cartesian basis functions
     6 alpha electrons        6 beta electrons
       nuclear repulsion energy        19.7744956492 Hartrees.
 NAtoms=   12 NActive=   12 NUniq=    6 SFac= 4.00D+00 NAtFMM=   60 NAOKFM=F Big=F
 Integral buffers will be    131072 words long.
 Regular integral format.
 Two-electron integral symmetry is turned on.
 One-electron integrals computed using PRISM.
 NBasis=    12 RedAO= T EigKep=  1.54D-01  NBF=     6     0     0     6
 NBsUse=    12 1.00D-06 EigRej= -1.00D+00 NBFU=     6     0     0     6
 Initial guess from the checkpoint file:  "h12.chk"
 B after Tr=     0.000000    0.000000    0.000000
         Rot=    0.994196    0.000000    0.000000   -0.107587 Ang= -12.35 deg.
 Initial guess orbital symmetries:
       Occupied  (AG) (BU) (AG) (BU) (BU) (AG)
       Virtual   (BU) (AG) (BU) (AG) (AG) (BU)
 Keep R1 ints in memory in symmetry-blocked form, NReq=903994.
 Requested convergence on RMS density matrix=1.00D-08 within 128 cycles.
 Requested convergence on MAX density matrix=1.00D-06.
 Requested convergence on             energy=1.00D-06.
 No special actions if energy rises.
 SCF Done:  E(RHF) =  -5.87568058048     A.U. after   14 cycles
            NFock= 14  Conv=0.37D-08     -V/T= 1.9395
 Range of M.O.s used for correlation:     1    12
 NBasis=    12 NAE=     6 NBE=     6 NFC=     0 NFV=     0
 NROrb=     12 NOA=     6 NOB=     6 NVA=     6 NVB=     6
 Semi-Direct transformation.
 ModeAB=           4 MOrb=             6 LenV=     134084283
 LASXX=         2181 LTotXX=        2181 LenRXX=        5115
 LTotAB=        2934 MaxLAS=        3024 LenRXY=           0
 NonZer=        7296 LenScr=      655360 LnRSAI=        3024
 LnScr1=      655360 LExtra=           0 Total=      1318859
 MaxDsk=          -1 SrtSym=           T ITran=            3
 JobTyp=0 Pass  1:  I=   1 to   6.
 (rs|ai) integrals will be sorted in core.
 Spin components of T(2) and E(2):
     alpha-alpha T2 =       0.4834356007D-02 E2=     -0.7237403947D-02
     alpha-beta  T2 =       0.6457755892D-01 E2=     -0.1001340357D+00
     beta-beta   T2 =       0.4834356007D-02 E2=     -0.7237403947D-02
 ANorm=    0.1036458523D+01
 E2 =    -0.1146088436D+00 EUMP2 =    -0.59902894240862D+01
 Second order stability test of a single determinant RHF wave function:
 Stabil:  MDV=134217728
 ***********************************************************************
 Matrix         Lowest Root    Major Pairs
 ***********************************************************************
 Internal RHF     0.0941782    Stable
 RRHF --> CRHF    0.0551825    Stable
 RRHF --> RUHF   -0.0263251    6A=7B
 Not stable.
 ***********************************************************************

 **********************************************************************

            Population analysis using the SCF density.

 **********************************************************************

 Orbital symmetries:
       Occupied  (AG) (BU) (BU) (AG) (AG) (BU)
       Virtual   (AG) (BU) (AG) (BU) (AG) (BU)
 The electronic state is 1-AG.
 Alpha  occ. eigenvalues --   -0.98939  -0.79292  -0.65556  -0.54712  -0.41422
 Alpha  occ. eigenvalues --   -0.27772
 Alpha virt. eigenvalues --    0.04387   0.18304   0.29008   0.29930   0.57849
 Alpha virt. eigenvalues --    0.64965
          Condensed to atoms (all electrons):
               1          2          3          4          5          6
     1  H    1.033774   0.235527  -0.044834   0.169612  -0.075834  -0.099316
     2  H    0.235527   0.677497  -0.027421  -0.103929   0.243392  -0.022357
     3  H   -0.044834  -0.027421   0.812438  -0.042559   0.015576  -0.047145
     4  H    0.169612  -0.103929  -0.042559   1.093195  -0.201654   0.162792
     5  H   -0.075834   0.243392   0.015576  -0.201654   1.176756   0.087816
     6  H   -0.099316  -0.022357  -0.047145   0.162792   0.087816   0.769339
     7  H   -0.022945  -0.079248  -0.077055   0.296952  -0.088453   0.205386
     8  H   -0.094904  -0.035536   0.296952  -0.222089   0.032414  -0.054549
     9  H   -0.079672  -0.009991   0.205386  -0.054549   0.006521   0.013161
    10  H    0.007105  -0.000169  -0.088453   0.032414  -0.002042   0.006521
    11  H    0.016778   0.010576  -0.079248  -0.035536  -0.000169  -0.009991
    12  H    0.015737   0.016778  -0.022945  -0.094904   0.007105  -0.079672
               7          8          9         10         11         12
     1  H   -0.022945  -0.094904  -0.079672   0.007105   0.016778   0.015737
     2  H   -0.079248  -0.035536  -0.009991  -0.000169   0.010576   0.016778
     3  H   -0.077055   0.296952   0.205386  -0.088453  -0.079248  -0.022945
     4  H    0.296952  -0.222089  -0.054549   0.032414  -0.035536  -0.094904
     5  H   -0.088453   0.032414   0.006521  -0.002042  -0.000169   0.007105
     6  H    0.205386  -0.054549   0.013161   0.006521  -0.009991  -0.079672
     7  H    0.812438  -0.042559  -0.047145   0.015576  -0.027421  -0.044834
     8  H   -0.042559   1.093195   0.162792  -0.201654  -0.103929   0.169612
     9  H   -0.047145   0.162792   0.769339   0.087816  -0.022357  -0.099316
    10  H    0.015576  -0.201654   0.087816   1.176756   0.243392  -0.075834
    11  H   -0.027421  -0.103929  -0.022357   0.243392   0.677497   0.235527
    12  H   -0.044834   0.169612  -0.099316  -0.075834   0.235527   1.033774
 Mulliken charges:
               1
     1  H   -0.061030
     2  H    0.094881
     3  H    0.099307
     4  H    0.000254
     5  H   -0.201428
     6  H    0.068015
     7  H    0.099307
     8  H    0.000254
     9  H    0.068015
    10  H   -0.201428
    11  H    0.094881
    12  H   -0.061030
 Sum of Mulliken charges =  -0.00000
 Mulliken charges with hydrogens summed into heavy atoms:
               1
 Electronic spatial extent (au):  <R**2>=            148.6337
 Charge=             -0.0000 electrons
 Dipole moment (field-independent basis, Debye):
    X=              0.0000    Y=             -0.0000    Z=             -0.0000  Tot=              0.0000
 Quadrupole moment (field-independent basis, Debye-Ang):
   XX=            -17.7293   YY=            -27.2861   ZZ=            -15.2657
   XY=              3.5974   XZ=             -0.0000   YZ=              0.0000
 Traceless Quadrupole moment (field-independent basis, Debye-Ang):
   XX=              2.3645   YY=             -7.1924   ZZ=              4.8280
   XY=              3.5974   XZ=             -0.0000   YZ=              0.0000
 Octapole moment (field-independent basis, Debye-Ang**2):
  XXX=             -0.0000  YYY=             -0.0000  ZZZ=             -0.0000  XYY=              0.0000
  XXY=              0.0000  XXZ=             -0.0000  XZZ=              0.0000  YZZ=              0.0000
  YYZ=             -0.0000  XYZ=              0.0000
 Hexadecapole moment (field-independent basis, Debye-Ang**3):
 XXXX=            -90.6523 YYYY=           -267.9314 ZZZZ=            -18.1078 XXXY=             22.3033
 XXXZ=             -0.0000 YYYX=             40.2121 YYYZ=              0.0000 ZZZX=             -0.0000
 ZZZY=              0.0000 XXYY=            -63.0179 XXZZ=            -17.9410 YYZZ=            -36.8983
 XXYZ=              0.0000 YYXZ=             -0.0000 ZZXY=              5.9328
 N-N= 1.977449564924D+01 E-N=-5.020074459575D+01  KE= 6.254269445017D+00
 Symmetry AG   KE= 2.943005419059D+00
 Symmetry BG   KE= 0.000000000000D+00
 Symmetry AU   KE= 0.000000000000D+00
 Symmetry BU   KE= 3.311264025958D+00

 Test job not archived.
 1\1\GINC-SULU\Stability\RHF\Gen\H12\LCJ1\16-Feb-2017\0\\#rhf/gen scf(s
 ymm,tight,novaracc,noincfock,fulldiag) stable(crhf) guess=read geom=no
 crowd test\\hf stability analysis of h12 triangular lattice, y= 0.6123
 1990160563299\\0,1\H\H,1,1.1242673535\H,1,1.1242673535,2,114.\H,2,1.12
 42673535,1,66.,3,0.,0\H,2,1.1242673535,1,180.,3,0.,0\H,4,1.1242673535,
 3,180.,5,0.,0\H,6,1.1242673535,5,180.,3,0.,0\H,4,1.1242673535,2,180.,3
 ,0.,0\H,3,1.1242673535,1,180.,4,0.,0\H,9,1.1242673535,3,180.,4,0.,0\H,
 8,1.1242673535,4,180.,3,0.,0\H,7,1.1242673535,6,180.,3,0.,0\\Version=E
 S64L-G09RevE.01\State=1-AG\HF=-5.8756806\MP2=-5.9902894\RMSD=3.705e-09
 \Dipole=0.,0.,0.\Quadrupole=-2.1843075,3.5894784,-1.4051709,0.,4.42979
 61,0.\PG=C02H [SGH(H12)]\\@


 THE WORLD OF CHEMICAL REACTIONS IS LIKE A STAGE,
 ON WHICH SCENE AFTER SCENE IS CEASELESSLY PLAYED.
 THE ACTORS ON IT ARE THE ELEMENTS.
   -- CLEMENS WINKLER   BER. 30,13(1897)
 (DISCOVERER OF GERMANIUM, FEB 6, 1886)
 Job cpu time:       0 days  0 hours  0 minutes  1.0 seconds.
 File lengths (MBytes):  RWF=     84 Int=      0 D2E=      0 Chk=      2 Scr=      2
 Normal termination of Gaussian 09 at Thu Feb 16 18:52:13 2017.
