 Entering Gaussian System, Link 0=g09
 AtFile(1): H.gbs
            H     0
            S   10   1.00
               1000.000000000000            0.000068713567
                316.227766000000            0.000169141320
                100.000000000000            0.000823394812
                 31.622776600000            0.003425569236
                 10.000000000000            0.013951996000
                  3.162277660000            0.056909313560
                  1.000000000000            0.198286399900
                  0.316227766000            0.496922426700
                  0.100000000000            0.369846276400
                  0.031622776600            0.003752720039
            ****
 Initial command:
 /projects/guscus/apps/gau/g09-e1/g09/l1.exe "/users/lcj1/gaussian/h12/rhfstability/2rows/d2hguess/bck/Gau-16030.inp" -scrdir="/users/lcj1/gaussian/h12/rhfstability/2rows/d2hguess/bck/"
 Entering Link 1 = /projects/guscus/apps/gau/g09-e1/g09/l1.exe PID=     16031.
  
 Copyright (c) 1988,1990,1992,1993,1995,1998,2003,2009,2015,
            Gaussian, Inc.  All Rights Reserved.
  
 This is part of the Gaussian(R) 09 program.  It is based on
 the Gaussian(R) 03 system (copyright 2003, Gaussian, Inc.),
 the Gaussian(R) 98 system (copyright 1998, Gaussian, Inc.),
 the Gaussian(R) 94 system (copyright 1995, Gaussian, Inc.),
 the Gaussian 92(TM) system (copyright 1992, Gaussian, Inc.),
 the Gaussian 90(TM) system (copyright 1990, Gaussian, Inc.),
 the Gaussian 88(TM) system (copyright 1988, Gaussian, Inc.),
 the Gaussian 86(TM) system (copyright 1986, Carnegie Mellon
 University), and the Gaussian 82(TM) system (copyright 1983,
 Carnegie Mellon University). Gaussian is a federally registered
 trademark of Gaussian, Inc.
  
 This software contains proprietary and confidential information,
 including trade secrets, belonging to Gaussian, Inc.
  
 This software is provided under written license and may be
 used, copied, transmitted, or stored only in accord with that
 written license.
  
 The following legend is applicable only to US Government
 contracts under FAR:
  
                    RESTRICTED RIGHTS LEGEND
  
 Use, reproduction and disclosure by the US Government is
 subject to restrictions as set forth in subparagraphs (a)
 and (c) of the Commercial Computer Software - Restricted
 Rights clause in FAR 52.227-19.
  
 Gaussian, Inc.
 340 Quinnipiac St., Bldg. 40, Wallingford CT 06492
  
  
 ---------------------------------------------------------------
 Warning -- This program may not be used in any manner that
 competes with the business of Gaussian, Inc. or will provide
 assistance to any competitor of Gaussian, Inc.  The licensee
 of this program is prohibited from giving any competitor of
 Gaussian, Inc. access to this program.  By using this program,
 the user acknowledges that Gaussian, Inc. is engaged in the
 business of creating and licensing software in the field of
 computational chemistry and represents and warrants to the
 licensee that it is not a competitor of Gaussian, Inc. and that
 it will not use this program in any manner prohibited above.
 ---------------------------------------------------------------
  

 Cite this work as:
 Gaussian 09, Revision E.01,
 M. J. Frisch, G. W. Trucks, H. B. Schlegel, G. E. Scuseria, 
 M. A. Robb, J. R. Cheeseman, G. Scalmani, V. Barone, B. Mennucci, 
 G. A. Petersson, H. Nakatsuji, M. Caricato, X. Li, H. P. Hratchian, 
 A. F. Izmaylov, J. Bloino, G. Zheng, J. L. Sonnenberg, M. Hada, 
 M. Ehara, K. Toyota, R. Fukuda, J. Hasegawa, M. Ishida, T. Nakajima, 
 Y. Honda, O. Kitao, H. Nakai, T. Vreven, J. A. Montgomery, Jr., 
 J. E. Peralta, F. Ogliaro, M. Bearpark, J. J. Heyd, E. Brothers, 
 K. N. Kudin, V. N. Staroverov, T. Keith, R. Kobayashi, J. Normand, 
 K. Raghavachari, A. Rendell, J. C. Burant, S. S. Iyengar, J. Tomasi, 
 M. Cossi, N. Rega, J. M. Millam, M. Klene, J. E. Knox, J. B. Cross, 
 V. Bakken, C. Adamo, J. Jaramillo, R. Gomperts, R. E. Stratmann, 
 O. Yazyev, A. J. Austin, R. Cammi, C. Pomelli, J. W. Ochterski, 
 R. L. Martin, K. Morokuma, V. G. Zakrzewski, G. A. Voth, 
 P. Salvador, J. J. Dannenberg, S. Dapprich, A. D. Daniels, 
 O. Farkas, J. B. Foresman, J. V. Ortiz, J. Cioslowski, 
 and D. J. Fox, Gaussian, Inc., Wallingford CT, 2013.
 
 ******************************************
 Gaussian 09:  ES64L-G09RevE.01 30-Nov-2015
                17-Feb-2017 
 ******************************************
 %chk=h12.chk
 ----------------------------------------------------------------------
 #rhf/gen scf(symm,tight,novaracc,noincfock,fulldiag) stable(crhf) gues
 s=read geom=nocrowd test
 ----------------------------------------------------------------------
 1/38=1/1;
 2/12=1,17=6,18=5,40=1/2;
 3/5=7,16=1,25=1,30=1,116=1/1,2,3;
 4/5=1,9=4/1;
 5/5=100002,15=2,16=1,32=2,38=6/2;
 8/6=1,10=90,11=11/1,4;
 9/8=4,13=1/2;
 6/7=2,8=2,9=2,10=2,28=1/1;
 99/5=1,9=1/99;
 ----------------------------------------------------------------------
 hf stability analysis of h12 triangular lattice, y= 0.4201353311163031
 9 alpha= 17.000000000000000
 ----------------------------------------------------------------------
 Symbolic Z-matrix:
 Charge =  0 Multiplicity = 1
 H
 H                    1     1.43699 
 H                    1     1.43699  2     146. 
 H                    2     1.43699  1     34.      3     0.       0
 H                    3     1.43699  1     180.     2     0.       0
 H                    4     1.43699  2     180.     1     0.       0
 H                    5     1.43699  3     180.     2     0.       0
 H                    6     1.43699  4     180.     1     0.       0
 H                    7     1.43699  5     180.     2     0.       0
 H                    8     1.43699  6     180.     1     0.       0
 H                    9     1.43699  5     180.     2     0.       0
 H                    10    1.43699  6     180.     1     0.       0
 
                          Input orientation:                          
 ---------------------------------------------------------------------
 Center     Atomic      Atomic             Coordinates (Angstroms)
 Number     Number       Type             X           Y           Z
 ---------------------------------------------------------------------
      1          1           0        0.000000    0.000000    0.000000
      2          1           0        0.000000    0.000000    1.436990
      3          1           0        0.803555    0.000000   -1.191319
      4          1           0        0.803555    0.000000    0.245671
      5          1           0        1.607110    0.000000   -2.382638
      6          1           0        1.607110    0.000000   -0.945648
      7          1           0        2.410664    0.000000   -3.573957
      8          1           0        2.410664    0.000000   -2.136967
      9          1           0        3.214219    0.000000   -4.765276
     10          1           0        3.214219    0.000000   -3.328286
     11          1           0        4.017774    0.000000   -5.956595
     12          1           0        4.017774    0.000000   -4.519605
 ---------------------------------------------------------------------
                    Distance matrix (angstroms):
                    1          2          3          4          5
     1  H    0.000000
     2  H    1.436990   0.000000
     3  H    1.436990   2.748401   0.000000
     4  H    0.840271   1.436990   1.436990   0.000000
     5  H    2.873981   4.143955   1.436990   2.748401   0.000000
     6  H    1.864685   2.873981   0.840271   1.436990   1.436990
     7  H    4.310971   5.560656   2.873981   4.143955   1.436990
     8  H    3.221479   4.310971   1.864685   2.873981   0.840271
     9  H    5.747961   6.985651   4.310971   5.560656   2.873981
    10  H    4.626953   5.747961   3.221479   4.310971   1.864685
    11  H    7.184952   8.414726   5.747961   6.985651   4.310971
    12  H    6.047258   7.184952   4.626953   5.747961   3.221479
                    6          7          8          9         10
     6  H    0.000000
     7  H    2.748401   0.000000
     8  H    1.436990   1.436990   0.000000
     9  H    4.143955   1.436990   2.748401   0.000000
    10  H    2.873981   0.840271   1.436990   1.436990   0.000000
    11  H    5.560656   2.873981   4.143955   1.436990   2.748401
    12  H    4.310971   1.864685   2.873981   0.840271   1.436990
                   11         12
    11  H    0.000000
    12  H    1.436990   0.000000
 Stoichiometry    H12
 Framework group  C2H[SGH(H12)]
 Deg. of freedom    11
 Full point group                 C2H     NOp   4
 Largest Abelian subgroup         C2H     NOp   4
 Largest concise Abelian subgroup C2      NOp   2
                         Standard orientation:                         
 ---------------------------------------------------------------------
 Center     Atomic      Atomic             Coordinates (Angstroms)
 Number     Number       Type             X           Y           Z
 ---------------------------------------------------------------------
      1          1           0        2.748401    1.260406   -0.000000
      2          1           0        4.122602    0.840271   -0.000000
      3          1           0        1.374201    0.840271   -0.000000
      4          1           0        2.748401    0.420135   -0.000000
      5          1           0        0.000000    0.420135    0.000000
      6          1           0        1.374201    0.000000   -0.000000
      7          1           0       -1.374201    0.000000   -0.000000
      8          1           0       -0.000000   -0.420135   -0.000000
      9          1           0       -2.748401   -0.420135   -0.000000
     10          1           0       -1.374201   -0.840271   -0.000000
     11          1           0       -4.122602   -0.840271   -0.000000
     12          1           0       -2.748401   -1.260406   -0.000000
 ---------------------------------------------------------------------
 Rotational constants (GHZ):    274.5147022      6.5429030      6.3905870
 General basis read from cards:  (5D, 7F)
 There are     6 symmetry adapted cartesian basis functions of AG  symmetry.
 There are     0 symmetry adapted cartesian basis functions of BG  symmetry.
 There are     0 symmetry adapted cartesian basis functions of AU  symmetry.
 There are     6 symmetry adapted cartesian basis functions of BU  symmetry.
 There are     6 symmetry adapted basis functions of AG  symmetry.
 There are     0 symmetry adapted basis functions of BG  symmetry.
 There are     0 symmetry adapted basis functions of AU  symmetry.
 There are     6 symmetry adapted basis functions of BU  symmetry.
    12 basis functions,   120 primitive gaussians,    12 cartesian basis functions
     6 alpha electrons        6 beta electrons
       nuclear repulsion energy        15.6835643589 Hartrees.
 NAtoms=   12 NActive=   12 NUniq=    6 SFac= 4.00D+00 NAtFMM=   60 NAOKFM=F Big=F
 Integral buffers will be    131072 words long.
 Regular integral format.
 Two-electron integral symmetry is turned on.
 One-electron integrals computed using PRISM.
 NBasis=    12 RedAO= T EigKep=  1.72D-01  NBF=     6     0     0     6
 NBsUse=    12 1.00D-06 EigRej= -1.00D+00 NBFU=     6     0     0     6
 Initial guess from the checkpoint file:  "h12.chk"
 B after Tr=    -0.000000    0.000000   -0.000000
         Rot=    0.999998    0.000000    0.000000    0.001837 Ang=   0.21 deg.
 Initial guess orbital symmetries:
       Occupied  (AG) (BU) (AG) (BU) (AG) (BU)
       Virtual   (AG) (BU) (AG) (BU) (AG) (BU)
 Keep R1 ints in memory in symmetry-blocked form, NReq=895118.
 Requested convergence on RMS density matrix=1.00D-08 within 128 cycles.
 Requested convergence on MAX density matrix=1.00D-06.
 Requested convergence on             energy=1.00D-06.
 No special actions if energy rises.
 SCF Done:  E(RHF) =  -5.78395290662     A.U. after    9 cycles
            NFock=  9  Conv=0.69D-08     -V/T= 1.9023
 Range of M.O.s used for correlation:     1    12
 NBasis=    12 NAE=     6 NBE=     6 NFC=     0 NFV=     0
 NROrb=     12 NOA=     6 NOB=     6 NVA=     6 NVB=     6

 **** Warning!!: The smallest alpha delta epsilon is  0.93246060D-01

 Semi-Direct transformation.
 ModeAB=           4 MOrb=             6 LenV=     134093103
 LASXX=         2181 LTotXX=        2181 LenRXX=        5115
 LTotAB=        2934 MaxLAS=        3024 LenRXY=           0
 NonZer=        7296 LenScr=      655360 LnRSAI=        3024
 LnScr1=      655360 LExtra=           0 Total=      1318859
 MaxDsk=          -1 SrtSym=           T ITran=            3
 JobTyp=0 Pass  1:  I=   1 to   6.
 (rs|ai) integrals will be sorted in core.
 Spin components of T(2) and E(2):
     alpha-alpha T2 =       0.1652482895D-02 E2=     -0.2392152017D-02
     alpha-beta  T2 =       0.1454627468D+01 E2=     -0.3414710695D+00
     beta-beta   T2 =       0.1652482895D-02 E2=     -0.2392152017D-02
 ANorm=    0.1567779459D+01
 E2 =    -0.3462553735D+00 EUMP2 =    -0.61302082801204D+01
 Second order stability test of a single determinant RHF wave function:
 Stabil:  MDV=134217728
 ***********************************************************************
 Matrix         Lowest Root    Major Pairs
 ***********************************************************************
 Internal RHF     0.0735433    Stable
 RRHF --> CRHF    0.0169009    Stable
 RRHF --> RUHF   -0.43778      6A=7B
 Not stable.
 ***********************************************************************

 **********************************************************************

            Population analysis using the SCF density.

 **********************************************************************

 Orbital symmetries:
       Occupied  (AG) (BU) (AG) (BU) (AG) (BU)
       Virtual   (AG) (BU) (AG) (BU) (AG) (BU)
 The electronic state is 1-AG.
 Alpha  occ. eigenvalues --   -0.80258  -0.74954  -0.65874  -0.53803  -0.39114
 Alpha  occ. eigenvalues --   -0.10691
 Alpha virt. eigenvalues --   -0.01366   0.11218   0.20003   0.33387   0.49168
 Alpha virt. eigenvalues --    0.62217
          Condensed to atoms (all electrons):
               1          2          3          4          5          6
     1  H    0.813382  -0.114708  -0.082358   0.474837   0.003668  -0.123467
     2  H   -0.114708   1.339048  -0.032256  -0.021924   0.001625   0.007450
     3  H   -0.082358  -0.032256   0.852200  -0.046848  -0.153461   0.542042
     4  H    0.474837  -0.021924  -0.046848   0.614828  -0.002079  -0.121713
     5  H    0.003668   0.001625  -0.153461  -0.002079   0.861704  -0.104960
     6  H   -0.123467   0.007450   0.542042  -0.121713  -0.104960   0.921823
     7  H    0.001783  -0.000427   0.006153   0.001568  -0.119241  -0.014665
     8  H    0.001846   0.002195  -0.114093  -0.001149   0.595888  -0.119241
     9  H   -0.000097   0.000020   0.000116  -0.000079  -0.001149   0.001568
    10  H   -0.000137  -0.000049   0.007254   0.000116  -0.114093   0.006153
    11  H    0.000029  -0.000007  -0.000049   0.000020   0.002195  -0.000427
    12  H   -0.000100   0.000029  -0.000137  -0.000097   0.001846   0.001783
               7          8          9         10         11         12
     1  H    0.001783   0.001846  -0.000097  -0.000137   0.000029  -0.000100
     2  H   -0.000427   0.002195   0.000020  -0.000049  -0.000007   0.000029
     3  H    0.006153  -0.114093   0.000116   0.007254  -0.000049  -0.000137
     4  H    0.001568  -0.001149  -0.000079   0.000116   0.000020  -0.000097
     5  H   -0.119241   0.595888  -0.001149  -0.114093   0.002195   0.001846
     6  H   -0.014665  -0.119241   0.001568   0.006153  -0.000427   0.001783
     7  H    0.921823  -0.104960  -0.121713   0.542042   0.007450  -0.123467
     8  H   -0.104960   0.861704  -0.002079  -0.153461   0.001625   0.003668
     9  H   -0.121713  -0.002079   0.614828  -0.046848  -0.021924   0.474837
    10  H    0.542042  -0.153461  -0.046848   0.852200  -0.032256  -0.082358
    11  H    0.007450   0.001625  -0.021924  -0.032256   1.339048  -0.114708
    12  H   -0.123467   0.003668   0.474837  -0.082358  -0.114708   0.813382
 Mulliken charges:
               1
     1  H    0.025323
     2  H   -0.180994
     3  H    0.021438
     4  H    0.102521
     5  H    0.028058
     6  H    0.003655
     7  H    0.003655
     8  H    0.028058
     9  H    0.102521
    10  H    0.021438
    11  H   -0.180994
    12  H    0.025323
 Sum of Mulliken charges =  -0.00000
 Mulliken charges with hydrogens summed into heavy atoms:
               1
 Electronic spatial extent (au):  <R**2>=            333.6181
 Charge=             -0.0000 electrons
 Dipole moment (field-independent basis, Debye):
    X=              0.0000    Y=             -0.0000    Z=              0.0000  Tot=              0.0000
 Quadrupole moment (field-independent basis, Debye-Ang):
   XX=            -42.5280   YY=            -14.0262   ZZ=            -15.2768
   XY=             -5.5628   XZ=             -0.0000   YZ=             -0.0000
 Traceless Quadrupole moment (field-independent basis, Debye-Ang):
   XX=            -18.5843   YY=              9.9175   ZZ=              8.6668
   XY=             -5.5628   XZ=             -0.0000   YZ=             -0.0000
 Octapole moment (field-independent basis, Debye-Ang**2):
  XXX=              0.0000  YYY=             -0.0000  ZZZ=              0.0000  XYY=              0.0000
  XXY=              0.0000  XXZ=              0.0000  XZZ=              0.0000  YZZ=             -0.0000
  YYZ=              0.0000  XYZ=              0.0000
 Hexadecapole moment (field-independent basis, Debye-Ang**3):
 XXXX=          -1235.0993 YYYY=            -63.9295 ZZZZ=            -18.2930 XXXY=           -196.7683
 XXXZ=             -0.0000 YYYX=            -74.0110 YYYZ=             -0.0000 ZZZX=             -0.0000
 ZZZY=             -0.0000 XXYY=           -130.9738 XXZZ=           -107.2507 YYZZ=            -14.3450
 XXYZ=             -0.0000 YYXZ=             -0.0000 ZZXY=            -25.5297
 N-N= 1.568356435894D+01 E-N=-4.285119212985D+01  KE= 6.410045987471D+00
 Symmetry AG   KE= 3.031472367004D+00
 Symmetry BG   KE= 0.000000000000D+00
 Symmetry AU   KE= 0.000000000000D+00
 Symmetry BU   KE= 3.378573620467D+00

 Test job not archived.
 1\1\GINC-SULU\Stability\RHF\Gen\H12\LCJ1\17-Feb-2017\0\\#rhf/gen scf(s
 ymm,tight,novaracc,noincfock,fulldiag) stable(crhf) guess=read geom=no
 crowd test\\hf stability analysis of h12 triangular lattice, y= 0.4201
 3533111630319 alpha= 17.000000000000000\\0,1\H\H,1,1.436990355\H,1,1.4
 36990355,2,146.\H,2,1.436990355,1,34.,3,0.,0\H,3,1.436990355,1,180.,2,
 0.,0\H,4,1.436990355,2,180.,1,0.,0\H,5,1.436990355,3,180.,2,0.,0\H,6,1
 .436990355,4,180.,1,0.,0\H,7,1.436990355,5,180.,2,0.,0\H,8,1.436990355
 ,6,180.,1,0.,0\H,9,1.436990355,5,180.,2,0.,0\H,10,1.436990355,6,180.,1
 ,0.,0\\Version=ES64L-G09RevE.01\State=1-AG\HF=-5.7839529\MP2=-6.130208
 3\RMSD=6.938e-09\Dipole=0.,0.,0.\Quadrupole=3.2492906,6.443579,-9.6928
 696,0.,9.3535057,0.\PG=C02H [SGH(H12)]\\@


 LET US LEARN TO DREAM, GENTLEMEN, THEN PERHAPS WE SHALL
 DISCOVER THE TRUTH;  BUT LET US BEWARE OF PUBLISHING
 OUR DREAMS ABROAD BEFORE THEY HAVE BEEN SCRUTINIZED
 BY OUR VIGILANT INTELLECT ... LET US ALWAYS ALLOW
 THE FRUIT TO HANG UNTIL IT IS RIPE.  UNRIPE FRUIT
 BRINGS EVEN THE GROWER BUT LITTLE PROFIT; IT DAMAGES
 THE HEALTH OF THOSE WHO CONSUME IT; IT ENDANGERS
 PARTICULARLY THE YOUTH WHO CANNOT YET DISTINGUISH
 BETWEEN RIPE AND UNRIPE FRUIT.

                                  -- KEKULE, 1890
 Job cpu time:       0 days  0 hours  0 minutes  1.0 seconds.
 File lengths (MBytes):  RWF=     84 Int=      0 D2E=      0 Chk=      2 Scr=      2
 Normal termination of Gaussian 09 at Fri Feb 17 13:54:35 2017.
