 Entering Gaussian System, Link 0=g09
 AtFile(1): H.gbs
            H     0
            S   10   1.00
               1000.000000000000            0.000068713567
                316.227766000000            0.000169141320
                100.000000000000            0.000823394812
                 31.622776600000            0.003425569236
                 10.000000000000            0.013951996000
                  3.162277660000            0.056909313560
                  1.000000000000            0.198286399900
                  0.316227766000            0.496922426700
                  0.100000000000            0.369846276400
                  0.031622776600            0.003752720039
            ****
 Initial command:
 /projects/guscus/apps/gau/g09-e1/g09/l1.exe "/users/lcj1/gaussian/h12/rhfstability/2rows/d2hguess/fwd/Gau-31031.inp" -scrdir="/users/lcj1/gaussian/h12/rhfstability/2rows/d2hguess/fwd/"
 Entering Link 1 = /projects/guscus/apps/gau/g09-e1/g09/l1.exe PID=     31033.
  
 Copyright (c) 1988,1990,1992,1993,1995,1998,2003,2009,2015,
            Gaussian, Inc.  All Rights Reserved.
  
 This is part of the Gaussian(R) 09 program.  It is based on
 the Gaussian(R) 03 system (copyright 2003, Gaussian, Inc.),
 the Gaussian(R) 98 system (copyright 1998, Gaussian, Inc.),
 the Gaussian(R) 94 system (copyright 1995, Gaussian, Inc.),
 the Gaussian 92(TM) system (copyright 1992, Gaussian, Inc.),
 the Gaussian 90(TM) system (copyright 1990, Gaussian, Inc.),
 the Gaussian 88(TM) system (copyright 1988, Gaussian, Inc.),
 the Gaussian 86(TM) system (copyright 1986, Carnegie Mellon
 University), and the Gaussian 82(TM) system (copyright 1983,
 Carnegie Mellon University). Gaussian is a federally registered
 trademark of Gaussian, Inc.
  
 This software contains proprietary and confidential information,
 including trade secrets, belonging to Gaussian, Inc.
  
 This software is provided under written license and may be
 used, copied, transmitted, or stored only in accord with that
 written license.
  
 The following legend is applicable only to US Government
 contracts under FAR:
  
                    RESTRICTED RIGHTS LEGEND
  
 Use, reproduction and disclosure by the US Government is
 subject to restrictions as set forth in subparagraphs (a)
 and (c) of the Commercial Computer Software - Restricted
 Rights clause in FAR 52.227-19.
  
 Gaussian, Inc.
 340 Quinnipiac St., Bldg. 40, Wallingford CT 06492
  
  
 ---------------------------------------------------------------
 Warning -- This program may not be used in any manner that
 competes with the business of Gaussian, Inc. or will provide
 assistance to any competitor of Gaussian, Inc.  The licensee
 of this program is prohibited from giving any competitor of
 Gaussian, Inc. access to this program.  By using this program,
 the user acknowledges that Gaussian, Inc. is engaged in the
 business of creating and licensing software in the field of
 computational chemistry and represents and warrants to the
 licensee that it is not a competitor of Gaussian, Inc. and that
 it will not use this program in any manner prohibited above.
 ---------------------------------------------------------------
  

 Cite this work as:
 Gaussian 09, Revision E.01,
 M. J. Frisch, G. W. Trucks, H. B. Schlegel, G. E. Scuseria, 
 M. A. Robb, J. R. Cheeseman, G. Scalmani, V. Barone, B. Mennucci, 
 G. A. Petersson, H. Nakatsuji, M. Caricato, X. Li, H. P. Hratchian, 
 A. F. Izmaylov, J. Bloino, G. Zheng, J. L. Sonnenberg, M. Hada, 
 M. Ehara, K. Toyota, R. Fukuda, J. Hasegawa, M. Ishida, T. Nakajima, 
 Y. Honda, O. Kitao, H. Nakai, T. Vreven, J. A. Montgomery, Jr., 
 J. E. Peralta, F. Ogliaro, M. Bearpark, J. J. Heyd, E. Brothers, 
 K. N. Kudin, V. N. Staroverov, T. Keith, R. Kobayashi, J. Normand, 
 K. Raghavachari, A. Rendell, J. C. Burant, S. S. Iyengar, J. Tomasi, 
 M. Cossi, N. Rega, J. M. Millam, M. Klene, J. E. Knox, J. B. Cross, 
 V. Bakken, C. Adamo, J. Jaramillo, R. Gomperts, R. E. Stratmann, 
 O. Yazyev, A. J. Austin, R. Cammi, C. Pomelli, J. W. Ochterski, 
 R. L. Martin, K. Morokuma, V. G. Zakrzewski, G. A. Voth, 
 P. Salvador, J. J. Dannenberg, S. Dapprich, A. D. Daniels, 
 O. Farkas, J. B. Foresman, J. V. Ortiz, J. Cioslowski, 
 and D. J. Fox, Gaussian, Inc., Wallingford CT, 2013.
 
 ******************************************
 Gaussian 09:  ES64L-G09RevE.01 30-Nov-2015
                17-Feb-2017 
 ******************************************
 %chk=h12.chk
 ----------------------------------------------------------------------
 #rhf/gen scf(symm,tight,novaracc,noincfock,fulldiag) stable(crhf) gues
 s=read geom=nocrowd test
 ----------------------------------------------------------------------
 1/38=1/1;
 2/12=1,17=6,18=5,40=1/2;
 3/5=7,16=1,25=1,30=1,116=1/1,2,3;
 4/5=1,9=4/1;
 5/5=100002,15=2,16=1,32=2,38=6/2;
 8/6=1,10=90,11=11/1,4;
 9/8=4,13=1/2;
 6/7=2,8=2,9=2,10=2,28=1/1;
 99/5=1,9=1/99;
 ----------------------------------------------------------------------
 hf stability analysis of h12 triangular lattice, y= 1.1127136872907215
  alpha= 65.000000000000000
 ----------------------------------------------------------------------
 Symbolic Z-matrix:
 Charge =  0 Multiplicity = 1
 H
 H                    1     1.22774 
 H                    1     1.22774  2     50. 
 H                    2     1.22774  1     130.     3     0.       0
 H                    3     1.22774  1     180.     2     0.       0
 H                    4     1.22774  2     180.     1     0.       0
 H                    5     1.22774  3     180.     2     0.       0
 H                    6     1.22774  4     180.     1     0.       0
 H                    7     1.22774  5     180.     2     0.       0
 H                    8     1.22774  6     180.     1     0.       0
 H                    9     1.22774  5     180.     2     0.       0
 H                    10    1.22774  6     180.     1     0.       0
 
                          Input orientation:                          
 ---------------------------------------------------------------------
 Center     Atomic      Atomic             Coordinates (Angstroms)
 Number     Number       Type             X           Y           Z
 ---------------------------------------------------------------------
      1          1           0        0.000000    0.000000    0.000000
      2          1           0        0.000000    0.000000    1.227744
      3          1           0        0.940506    0.000000    0.789178
      4          1           0        0.940506    0.000000    2.016922
      5          1           0        1.881012    0.000000    1.578357
      6          1           0        1.881012    0.000000    2.806101
      7          1           0        2.821519    0.000000    2.367535
      8          1           0        2.821519    0.000000    3.595279
      9          1           0        3.762025    0.000000    3.156714
     10          1           0        3.762025    0.000000    4.384457
     11          1           0        4.702531    0.000000    3.945892
     12          1           0        4.702531    0.000000    5.173636
 ---------------------------------------------------------------------
                    Distance matrix (angstroms):
                    1          2          3          4          5
     1  H    0.000000
     2  H    1.227744   0.000000
     3  H    1.227744   1.037734   0.000000
     4  H    2.225427   1.227744   1.227744   0.000000
     5  H    2.455487   1.913410   1.227744   1.037734   0.000000
     6  H    3.378226   2.455487   2.225427   1.227744   1.227744
     7  H    3.683231   3.043040   2.455487   1.913410   1.227744
     8  H    4.570230   3.683231   3.378226   2.455487   2.225427
     9  H    4.910975   4.227737   3.683231   3.043040   2.455487
    10  H    5.777222   4.910975   4.570230   3.683231   3.378226
    11  H    6.138718   5.431586   4.910975   4.227737   3.683231
    12  H    6.991445   6.138718   5.777222   4.910975   4.570230
                    6          7          8          9         10
     6  H    0.000000
     7  H    1.037734   0.000000
     8  H    1.227744   1.227744   0.000000
     9  H    1.913410   1.227744   1.037734   0.000000
    10  H    2.455487   2.225427   1.227744   1.227744   0.000000
    11  H    3.043040   2.455487   1.913410   1.227744   1.037734
    12  H    3.683231   3.378226   2.455487   2.225427   1.227744
                   11         12
    11  H    0.000000
    12  H    1.227744   0.000000
 Stoichiometry    H12
 Framework group  C2H[SGH(H12)]
 Deg. of freedom    11
 Full point group                 C2H     NOp   4
 Largest Abelian subgroup         C2H     NOp   4
 Largest concise Abelian subgroup C2      NOp   2
                         Standard orientation:                         
 ---------------------------------------------------------------------
 Center     Atomic      Atomic             Coordinates (Angstroms)
 Number     Number       Type             X           Y           Z
 ---------------------------------------------------------------------
      1          1           0        3.338141    1.037734    0.000000
      2          1           0        2.225427    1.556601    0.000000
      3          1           0        2.225427    0.518867    0.000000
      4          1           0        1.112714    1.037734    0.000000
      5          1           0        1.112714   -0.000000    0.000000
      6          1           0        0.000000    0.518867   -0.000000
      7          1           0       -0.000000   -0.518867   -0.000000
      8          1           0       -1.112714    0.000000    0.000000
      9          1           0       -1.112714   -1.037734    0.000000
     10          1           0       -2.225427   -0.518867    0.000000
     11          1           0       -2.225427   -1.556601    0.000000
     12          1           0       -3.338141   -1.037734    0.000000
 ---------------------------------------------------------------------
 Rotational constants (GHZ):    196.0010228      9.1638440      8.7545340
 General basis read from cards:  (5D, 7F)
 There are     6 symmetry adapted cartesian basis functions of AG  symmetry.
 There are     0 symmetry adapted cartesian basis functions of BG  symmetry.
 There are     0 symmetry adapted cartesian basis functions of AU  symmetry.
 There are     6 symmetry adapted cartesian basis functions of BU  symmetry.
 There are     6 symmetry adapted basis functions of AG  symmetry.
 There are     0 symmetry adapted basis functions of BG  symmetry.
 There are     0 symmetry adapted basis functions of AU  symmetry.
 There are     6 symmetry adapted basis functions of BU  symmetry.
    12 basis functions,   120 primitive gaussians,    12 cartesian basis functions
     6 alpha electrons        6 beta electrons
       nuclear repulsion energy        17.0329113419 Hartrees.
 NAtoms=   12 NActive=   12 NUniq=    6 SFac= 4.00D+00 NAtFMM=   60 NAOKFM=F Big=F
 Integral buffers will be    131072 words long.
 Regular integral format.
 Two-electron integral symmetry is turned on.
 One-electron integrals computed using PRISM.
 NBasis=    12 RedAO= T EigKep=  1.82D-01  NBF=     6     0     0     6
 NBsUse=    12 1.00D-06 EigRej= -1.00D+00 NBFU=     6     0     0     6
 Initial guess from the checkpoint file:  "h12.chk"
 B after Tr=    -0.000000   -0.000000    0.000000
         Rot=    0.999998   -0.000000    0.000000    0.001837 Ang=   0.21 deg.
 Initial guess orbital symmetries:
       Occupied  (AG) (BU) (AG) (BU) (BU) (AG)
       Virtual   (AG) (BU) (BU) (AG) (AG) (BU)
 Keep R1 ints in memory in symmetry-blocked form, NReq=899080.
 Requested convergence on RMS density matrix=1.00D-08 within 128 cycles.
 Requested convergence on MAX density matrix=1.00D-06.
 Requested convergence on             energy=1.00D-06.
 No special actions if energy rises.
 SCF Done:  E(RHF) =  -5.77932800026     A.U. after   11 cycles
            NFock= 11  Conv=0.30D-08     -V/T= 1.9536
 Range of M.O.s used for correlation:     1    12
 NBasis=    12 NAE=     6 NBE=     6 NFC=     0 NFV=     0
 NROrb=     12 NOA=     6 NOB=     6 NVA=     6 NVB=     6
 Semi-Direct transformation.
 ModeAB=           4 MOrb=             6 LenV=     134089715
 LASXX=         2181 LTotXX=        2181 LenRXX=        5115
 LTotAB=        2934 MaxLAS=        3024 LenRXY=           0
 NonZer=        7296 LenScr=      655360 LnRSAI=        3024
 LnScr1=      655360 LExtra=           0 Total=      1318859
 MaxDsk=          -1 SrtSym=           T ITran=            3
 JobTyp=0 Pass  1:  I=   1 to   6.
 (rs|ai) integrals will be sorted in core.
 Spin components of T(2) and E(2):
     alpha-alpha T2 =       0.7391079104D-02 E2=     -0.8826149390D-02
     alpha-beta  T2 =       0.1109033538D+00 E2=     -0.1274295497D+00
     beta-beta   T2 =       0.7391079104D-02 E2=     -0.8826149390D-02
 ANorm=    0.1060983276D+01
 E2 =    -0.1450818485D+00 EUMP2 =    -0.59244098487295D+01
 Second order stability test of a single determinant RHF wave function:
 Stabil:  MDV=134217728
 ***********************************************************************
 Matrix         Lowest Root    Major Pairs
 ***********************************************************************
 Internal RHF     0.0610979    Stable
 RRHF --> CRHF    0.0316568    Stable
 RRHF --> RUHF   -0.1084332    5A=7B 6A=8B 5A=11B 4A=7B 3A=8B 5A=10B
 Not stable.
 ***********************************************************************

 **********************************************************************

            Population analysis using the SCF density.

 **********************************************************************

 Orbital symmetries:
       Occupied  (AG) (BU) (AG) (BU) (BU) (AG)
       Virtual   (AG) (BU) (BU) (AG) (AG) (BU)
 The electronic state is 1-AG.
 Alpha  occ. eigenvalues --   -0.84041  -0.77911  -0.65232  -0.46882  -0.29549
 Alpha  occ. eigenvalues --   -0.26549
 Alpha virt. eigenvalues --    0.01157   0.09926   0.24038   0.29528   0.47542
 Alpha virt. eigenvalues --    0.62030
          Condensed to atoms (all electrons):
               1          2          3          4          5          6
     1  H    1.092727   0.023855   0.194526  -0.164413  -0.017178   0.004104
     2  H    0.023855   0.602879   0.125628   0.219214  -0.119622  -0.001380
     3  H    0.194526   0.125628   0.496040  -0.067556   0.095889  -0.048727
     4  H   -0.164413   0.219214  -0.067556   1.404143  -0.039144   0.020166
     5  H   -0.017178  -0.119622   0.095889  -0.039144   1.072278  -0.093414
     6  H    0.004104  -0.001380  -0.048727   0.020166  -0.093414   0.883877
     7  H    0.010224  -0.027057   0.016622  -0.187423   0.299882   0.061530
     8  H    0.000716   0.007889  -0.008361   0.008501  -0.133483   0.299882
     9  H   -0.000816   0.000807   0.004261   0.005561   0.008501  -0.187423
    10  H   -0.000036   0.000388  -0.000408   0.004261  -0.008361   0.016622
    11  H   -0.000064  -0.000133   0.000388   0.000807   0.007889  -0.027057
    12  H    0.000025  -0.000064  -0.000036  -0.000816   0.000716   0.010224
               7          8          9         10         11         12
     1  H    0.010224   0.000716  -0.000816  -0.000036  -0.000064   0.000025
     2  H   -0.027057   0.007889   0.000807   0.000388  -0.000133  -0.000064
     3  H    0.016622  -0.008361   0.004261  -0.000408   0.000388  -0.000036
     4  H   -0.187423   0.008501   0.005561   0.004261   0.000807  -0.000816
     5  H    0.299882  -0.133483   0.008501  -0.008361   0.007889   0.000716
     6  H    0.061530   0.299882  -0.187423   0.016622  -0.027057   0.010224
     7  H    0.883877  -0.093414   0.020166  -0.048727  -0.001380   0.004104
     8  H   -0.093414   1.072278  -0.039144   0.095889  -0.119622  -0.017178
     9  H    0.020166  -0.039144   1.404143  -0.067556   0.219214  -0.164413
    10  H   -0.048727   0.095889  -0.067556   0.496040   0.125628   0.194526
    11  H   -0.001380  -0.119622   0.219214   0.125628   0.602879   0.023855
    12  H    0.004104  -0.017178  -0.164413   0.194526   0.023855   1.092727
 Mulliken charges:
               1
     1  H   -0.143671
     2  H    0.167597
     3  H    0.191734
     4  H   -0.203303
     5  H   -0.073953
     6  H    0.061596
     7  H    0.061596
     8  H   -0.073953
     9  H   -0.203303
    10  H    0.191734
    11  H    0.167597
    12  H   -0.143671
 Sum of Mulliken charges =  -0.00000
 Mulliken charges with hydrogens summed into heavy atoms:
               1
 Electronic spatial extent (au):  <R**2>=            243.4714
 Charge=             -0.0000 electrons
 Dipole moment (field-independent basis, Debye):
    X=              0.0000    Y=              0.0000    Z=             -0.0000  Tot=              0.0000
 Quadrupole moment (field-independent basis, Debye-Ang):
   XX=            -20.2349   YY=            -16.4861   ZZ=            -15.6314
   XY=              0.8394   XZ=              0.0000   YZ=             -0.0000
 Traceless Quadrupole moment (field-independent basis, Debye-Ang):
   XX=             -2.7841   YY=              0.9647   ZZ=              1.8194
   XY=              0.8394   XZ=              0.0000   YZ=             -0.0000
 Octapole moment (field-independent basis, Debye-Ang**2):
  XXX=              0.0000  YYY=              0.0000  ZZZ=             -0.0000  XYY=             -0.0000
  XXY=              0.0000  XXZ=             -0.0000  XZZ=              0.0000  YZZ=              0.0000
  YYZ=             -0.0000  XYZ=             -0.0000
 Hexadecapole moment (field-independent basis, Debye-Ang**3):
 XXXX=           -545.0742 YYYY=            -98.4838 ZZZZ=            -18.9494 XXXY=            -96.4442
 XXXZ=              0.0000 YYYX=            -66.0204 YYYZ=              0.0000 ZZZX=              0.0000
 ZZZY=              0.0000 XXYY=            -81.6503 XXZZ=            -71.0366 YYZZ=            -20.3633
 XXYZ=              0.0000 YYXZ=              0.0000 ZZXY=            -24.3349
 N-N= 1.703291134193D+01 E-N=-4.508147799846D+01  KE= 6.060289961312D+00
 Symmetry AG   KE= 2.871189454762D+00
 Symmetry BG   KE= 0.000000000000D+00
 Symmetry AU   KE= 0.000000000000D+00
 Symmetry BU   KE= 3.189100506550D+00

 Test job not archived.
 1\1\GINC-SULU\Stability\RHF\Gen\H12\LCJ1\17-Feb-2017\0\\#rhf/gen scf(s
 ymm,tight,novaracc,noincfock,fulldiag) stable(crhf) guess=read geom=no
 crowd test\\hf stability analysis of h12 triangular lattice, y= 1.1127
 136872907215 alpha= 65.000000000000000\\0,1\H\H,1,1.2277436946\H,1,1.2
 277436946,2,50.\H,2,1.2277436946,1,130.,3,0.,0\H,3,1.2277436946,1,180.
 ,2,0.,0\H,4,1.2277436946,2,180.,1,0.,0\H,5,1.2277436946,3,180.,2,0.,0\
 H,6,1.2277436946,4,180.,1,0.,0\H,7,1.2277436946,5,180.,2,0.,0\H,8,1.22
 77436946,6,180.,1,0.,0\H,9,1.2277436946,5,180.,2,0.,0\H,10,1.227743694
 6,6,180.,1,0.,0\\Version=ES64L-G09RevE.01\State=1-AG\HF=-5.779328\MP2=
 -5.9244098\RMSD=3.048e-09\Dipole=0.,0.,0.\Quadrupole=0.6975111,1.35265
 97,-2.0501708,0.,-0.666365,0.\PG=C02H [SGH(H12)]\\@


 A politician is a person who can make waves and then
 make you think he's the only one who can save the ship.
 -- Ivern Ball
 Job cpu time:       0 days  0 hours  0 minutes  1.0 seconds.
 File lengths (MBytes):  RWF=     84 Int=      0 D2E=      0 Chk=      2 Scr=      2
 Normal termination of Gaussian 09 at Fri Feb 17 14:00:49 2017.
