 Entering Gaussian System, Link 0=g09
 AtFile(1): H.gbs
            H     0
            S   10   1.00
               1000.000000000000            0.000068713567
                316.227766000000            0.000169141320
                100.000000000000            0.000823394812
                 31.622776600000            0.003425569236
                 10.000000000000            0.013951996000
                  3.162277660000            0.056909313560
                  1.000000000000            0.198286399900
                  0.316227766000            0.496922426700
                  0.100000000000            0.369846276400
                  0.031622776600            0.003752720039
            ****
 Initial command:
 /projects/guscus/apps/gau/g09-e1/g09/l1.exe "/users/lcj1/gaussian/h12/rhfstability/2rows/d2hguess/bck/Gau-19308.inp" -scrdir="/users/lcj1/gaussian/h12/rhfstability/2rows/d2hguess/bck/"
 Entering Link 1 = /projects/guscus/apps/gau/g09-e1/g09/l1.exe PID=     19310.
  
 Copyright (c) 1988,1990,1992,1993,1995,1998,2003,2009,2015,
            Gaussian, Inc.  All Rights Reserved.
  
 This is part of the Gaussian(R) 09 program.  It is based on
 the Gaussian(R) 03 system (copyright 2003, Gaussian, Inc.),
 the Gaussian(R) 98 system (copyright 1998, Gaussian, Inc.),
 the Gaussian(R) 94 system (copyright 1995, Gaussian, Inc.),
 the Gaussian 92(TM) system (copyright 1992, Gaussian, Inc.),
 the Gaussian 90(TM) system (copyright 1990, Gaussian, Inc.),
 the Gaussian 88(TM) system (copyright 1988, Gaussian, Inc.),
 the Gaussian 86(TM) system (copyright 1986, Carnegie Mellon
 University), and the Gaussian 82(TM) system (copyright 1983,
 Carnegie Mellon University). Gaussian is a federally registered
 trademark of Gaussian, Inc.
  
 This software contains proprietary and confidential information,
 including trade secrets, belonging to Gaussian, Inc.
  
 This software is provided under written license and may be
 used, copied, transmitted, or stored only in accord with that
 written license.
  
 The following legend is applicable only to US Government
 contracts under FAR:
  
                    RESTRICTED RIGHTS LEGEND
  
 Use, reproduction and disclosure by the US Government is
 subject to restrictions as set forth in subparagraphs (a)
 and (c) of the Commercial Computer Software - Restricted
 Rights clause in FAR 52.227-19.
  
 Gaussian, Inc.
 340 Quinnipiac St., Bldg. 40, Wallingford CT 06492
  
  
 ---------------------------------------------------------------
 Warning -- This program may not be used in any manner that
 competes with the business of Gaussian, Inc. or will provide
 assistance to any competitor of Gaussian, Inc.  The licensee
 of this program is prohibited from giving any competitor of
 Gaussian, Inc. access to this program.  By using this program,
 the user acknowledges that Gaussian, Inc. is engaged in the
 business of creating and licensing software in the field of
 computational chemistry and represents and warrants to the
 licensee that it is not a competitor of Gaussian, Inc. and that
 it will not use this program in any manner prohibited above.
 ---------------------------------------------------------------
  

 Cite this work as:
 Gaussian 09, Revision E.01,
 M. J. Frisch, G. W. Trucks, H. B. Schlegel, G. E. Scuseria, 
 M. A. Robb, J. R. Cheeseman, G. Scalmani, V. Barone, B. Mennucci, 
 G. A. Petersson, H. Nakatsuji, M. Caricato, X. Li, H. P. Hratchian, 
 A. F. Izmaylov, J. Bloino, G. Zheng, J. L. Sonnenberg, M. Hada, 
 M. Ehara, K. Toyota, R. Fukuda, J. Hasegawa, M. Ishida, T. Nakajima, 
 Y. Honda, O. Kitao, H. Nakai, T. Vreven, J. A. Montgomery, Jr., 
 J. E. Peralta, F. Ogliaro, M. Bearpark, J. J. Heyd, E. Brothers, 
 K. N. Kudin, V. N. Staroverov, T. Keith, R. Kobayashi, J. Normand, 
 K. Raghavachari, A. Rendell, J. C. Burant, S. S. Iyengar, J. Tomasi, 
 M. Cossi, N. Rega, J. M. Millam, M. Klene, J. E. Knox, J. B. Cross, 
 V. Bakken, C. Adamo, J. Jaramillo, R. Gomperts, R. E. Stratmann, 
 O. Yazyev, A. J. Austin, R. Cammi, C. Pomelli, J. W. Ochterski, 
 R. L. Martin, K. Morokuma, V. G. Zakrzewski, G. A. Voth, 
 P. Salvador, J. J. Dannenberg, S. Dapprich, A. D. Daniels, 
 O. Farkas, J. B. Foresman, J. V. Ortiz, J. Cioslowski, 
 and D. J. Fox, Gaussian, Inc., Wallingford CT, 2013.
 
 ******************************************
 Gaussian 09:  ES64L-G09RevE.01 30-Nov-2015
                17-Feb-2017 
 ******************************************
 %chk=h12.chk
 ----------------------------------------------------------------------
 #rhf/gen scf(symm,tight,novaracc,noincfock,fulldiag) stable(crhf) gues
 s=read geom=nocrowd test
 ----------------------------------------------------------------------
 1/38=1/1;
 2/12=1,17=6,18=5,40=1/2;
 3/5=7,16=1,25=1,30=1,116=1/1,2,3;
 4/5=1,9=4/1;
 5/5=100002,15=2,16=1,32=2,38=6/2;
 8/6=1,10=90,11=11/1,4;
 9/8=4,13=1/2;
 6/7=2,8=2,9=2,10=2,28=1/1;
 99/5=1,9=1/99;
 ----------------------------------------------------------------------
 hf stability analysis of h12 triangular lattice, y= 0.3190649348779894
 3 alpha= 10.000000000000000
 ----------------------------------------------------------------------
 Symbolic Z-matrix:
 Charge =  0 Multiplicity = 1
 H
 H                    1     1.83742 
 H                    1     1.83742  2     160. 
 H                    2     1.83742  1     20.      3     0.       0
 H                    3     1.83742  1     180.     2     0.       0
 H                    4     1.83742  2     180.     1     0.       0
 H                    5     1.83742  3     180.     2     0.       0
 H                    6     1.83742  4     180.     1     0.       0
 H                    7     1.83742  5     180.     2     0.       0
 H                    8     1.83742  6     180.     1     0.       0
 H                    9     1.83742  5     180.     2     0.       0
 H                    10    1.83742  6     180.     1     0.       0
 
                          Input orientation:                          
 ---------------------------------------------------------------------
 Center     Atomic      Atomic             Coordinates (Angstroms)
 Number     Number       Type             X           Y           Z
 ---------------------------------------------------------------------
      1          1           0        0.000000    0.000000    0.000000
      2          1           0        0.000000    0.000000    1.837422
      3          1           0        0.628435    0.000000   -1.726612
      4          1           0        0.628435    0.000000    0.110810
      5          1           0        1.256870    0.000000   -3.453223
      6          1           0        1.256870    0.000000   -1.615802
      7          1           0        1.885306    0.000000   -5.179835
      8          1           0        1.885306    0.000000   -3.342413
      9          1           0        2.513741    0.000000   -6.906446
     10          1           0        2.513741    0.000000   -5.069025
     11          1           0        3.142176    0.000000   -8.633058
     12          1           0        3.142176    0.000000   -6.795636
 ---------------------------------------------------------------------
                    Distance matrix (angstroms):
                    1          2          3          4          5
     1  H    0.000000
     2  H    1.837422   0.000000
     3  H    1.837422   3.619014   0.000000
     4  H    0.638130   1.837422   1.837422   0.000000
     5  H    3.674843   5.437890   1.837422   3.619014   0.000000
     6  H    2.047080   3.674843   0.638130   1.837422   1.837422
     7  H    5.512265   7.266104   3.674843   5.437890   1.837422
     8  H    3.837460   5.512265   2.047080   3.674843   0.638130
     9  H    7.349687   9.098028   5.512265   7.266104   3.674843
    10  H    5.658083   7.349687   3.837460   5.512265   2.047080
    11  H    9.187108  10.931798   7.349687   9.098028   5.512265
    12  H    7.486918   9.187108   5.658083   7.349687   3.837460
                    6          7          8          9         10
     6  H    0.000000
     7  H    3.619014   0.000000
     8  H    1.837422   1.837422   0.000000
     9  H    5.437890   1.837422   3.619014   0.000000
    10  H    3.674843   0.638130   1.837422   1.837422   0.000000
    11  H    7.266104   3.674843   5.437890   1.837422   3.619014
    12  H    5.512265   2.047080   3.674843   0.638130   1.837422
                   11         12
    11  H    0.000000
    12  H    1.837422   0.000000
 Stoichiometry    H12
 Framework group  C2H[SGH(H12)]
 Deg. of freedom    11
 Full point group                 C2H     NOp   4
 Largest Abelian subgroup         C2H     NOp   4
 Largest concise Abelian subgroup C2      NOp   2
                         Standard orientation:                         
 ---------------------------------------------------------------------
 Center     Atomic      Atomic             Coordinates (Angstroms)
 Number     Number       Type             X           Y           Z
 ---------------------------------------------------------------------
      1          1           0        3.619014    0.957195    0.000000
      2          1           0        5.428521    0.638130    0.000000
      3          1           0        1.809507    0.638130    0.000000
      4          1           0        3.619014    0.319065    0.000000
      5          1           0        0.000000    0.319065    0.000000
      6          1           0        1.809507    0.000000    0.000000
      7          1           0       -1.809507    0.000000    0.000000
      8          1           0       -0.000000   -0.319065    0.000000
      9          1           0       -3.619014   -0.319065    0.000000
     10          1           0       -1.809507   -0.638130    0.000000
     11          1           0       -5.428521   -0.638130    0.000000
     12          1           0       -3.619014   -0.957195    0.000000
 ---------------------------------------------------------------------
 Rotational constants (GHZ):    455.5784313      3.9425112      3.9086860
 General basis read from cards:  (5D, 7F)
 There are     6 symmetry adapted cartesian basis functions of AG  symmetry.
 There are     0 symmetry adapted cartesian basis functions of BG  symmetry.
 There are     0 symmetry adapted cartesian basis functions of AU  symmetry.
 There are     6 symmetry adapted cartesian basis functions of BU  symmetry.
 There are     6 symmetry adapted basis functions of AG  symmetry.
 There are     0 symmetry adapted basis functions of BG  symmetry.
 There are     0 symmetry adapted basis functions of AU  symmetry.
 There are     6 symmetry adapted basis functions of BU  symmetry.
    12 basis functions,   120 primitive gaussians,    12 cartesian basis functions
     6 alpha electrons        6 beta electrons
       nuclear repulsion energy        14.0945271042 Hartrees.
 NAtoms=   12 NActive=   12 NUniq=    6 SFac= 4.00D+00 NAtFMM=   60 NAOKFM=F Big=F
 Integral buffers will be    131072 words long.
 Regular integral format.
 Two-electron integral symmetry is turned on.
 One-electron integrals computed using PRISM.
 NBasis=    12 RedAO= T EigKep=  1.46D-01  NBF=     6     0     0     6
 NBsUse=    12 1.00D-06 EigRej= -1.00D+00 NBFU=     6     0     0     6
 Initial guess from the checkpoint file:  "h12.chk"
 B after Tr=     0.000000    0.000000    0.000000
         Rot=    0.999998   -0.000000    0.000000    0.001837 Ang=   0.21 deg.
 Initial guess orbital symmetries:
       Occupied  (AG) (BU) (AG) (BU) (AG) (BU)
       Virtual   (AG) (BU) (AG) (BU) (AG) (BU)
 Keep R1 ints in memory in symmetry-blocked form, NReq=891310.
 Requested convergence on RMS density matrix=1.00D-08 within 128 cycles.
 Requested convergence on MAX density matrix=1.00D-06.
 Requested convergence on             energy=1.00D-06.
 No special actions if energy rises.
 SCF Done:  E(RHF) =  -5.93902777580     A.U. after    6 cycles
            NFock=  6  Conv=0.17D-08     -V/T= 2.0076
 Range of M.O.s used for correlation:     1    12
 NBasis=    12 NAE=     6 NBE=     6 NFC=     0 NFV=     0
 NROrb=     12 NOA=     6 NOB=     6 NVA=     6 NVB=     6

 **** Warning!!: The smallest alpha delta epsilon is  0.49303020D-01

 Semi-Direct transformation.
 ModeAB=           4 MOrb=             6 LenV=     134096309
 LASXX=         2181 LTotXX=        2181 LenRXX=        5115
 LTotAB=        2934 MaxLAS=        3024 LenRXY=           0
 NonZer=        7296 LenScr=      655360 LnRSAI=        3024
 LnScr1=      655360 LExtra=           0 Total=      1318859
 MaxDsk=          -1 SrtSym=           T ITran=            3
 JobTyp=0 Pass  1:  I=   1 to   6.
 (rs|ai) integrals will be sorted in core.
 Spin components of T(2) and E(2):
     alpha-alpha T2 =       0.2282868284D-03 E2=     -0.5090368675D-03
     alpha-beta  T2 =       0.8498527880D+01 E2=     -0.8848888519D+00
     beta-beta   T2 =       0.2282868284D-03 E2=     -0.5090368675D-03
 ANorm=    0.3082042254D+01
 E2 =    -0.8859069256D+00 EUMP2 =    -0.68249347014273D+01
 Second order stability test of a single determinant RHF wave function:
 Stabil:  MDV=134217728
 ***********************************************************************
 Matrix         Lowest Root    Major Pairs
 ***********************************************************************
 Internal RHF     0.3218058    Stable
 RRHF --> CRHF    0.0003545    Stable
 RRHF --> RUHF   -0.5771069    6A=7B
 Not stable.
 ***********************************************************************

 **********************************************************************

            Population analysis using the SCF density.

 **********************************************************************

 Orbital symmetries:
       Occupied  (AG) (BU) (AG) (BU) (AG) (BU)
       Virtual   (AG) (BU) (AG) (BU) (AG) (BU)
 The electronic state is 1-AG.
 Alpha  occ. eigenvalues --   -0.73986  -0.71594  -0.67309  -0.62024  -0.56580
 Alpha  occ. eigenvalues --   -0.18341
 Alpha virt. eigenvalues --   -0.13411   0.33970   0.39643   0.48893   0.59589
 Alpha virt. eigenvalues --    0.68816
          Condensed to atoms (all electrons):
               1          2          3          4          5          6
     1  H    0.616824  -0.037958  -0.046596   0.498249   0.000726  -0.038400
     2  H   -0.037958   1.091018  -0.000108  -0.036393   0.000024   0.000493
     3  H   -0.046596  -0.000108   0.653851  -0.044454  -0.049470   0.525581
     4  H    0.498249  -0.036393  -0.044454   0.620211   0.000652  -0.046906
     5  H    0.000726   0.000024  -0.049470   0.000652   0.655134  -0.047350
     6  H   -0.038400   0.000493   0.525581  -0.046906  -0.047350   0.651677
     7  H    0.000006  -0.000003   0.000785   0.000008  -0.049143   0.000687
     8  H    0.000663   0.000013  -0.040066   0.000728   0.527734  -0.049143
     9  H   -0.000001   0.000000   0.000001  -0.000001   0.000728   0.000008
    10  H   -0.000001  -0.000002   0.000716   0.000001  -0.040066   0.000785
    11  H    0.000000  -0.000000  -0.000002   0.000000   0.000013  -0.000003
    12  H   -0.000001   0.000000  -0.000001  -0.000001   0.000663   0.000006
               7          8          9         10         11         12
     1  H    0.000006   0.000663  -0.000001  -0.000001   0.000000  -0.000001
     2  H   -0.000003   0.000013   0.000000  -0.000002  -0.000000   0.000000
     3  H    0.000785  -0.040066   0.000001   0.000716  -0.000002  -0.000001
     4  H    0.000008   0.000728  -0.000001   0.000001   0.000000  -0.000001
     5  H   -0.049143   0.527734   0.000728  -0.040066   0.000013   0.000663
     6  H    0.000687  -0.049143   0.000008   0.000785  -0.000003   0.000006
     7  H    0.651677  -0.047350  -0.046906   0.525581   0.000493  -0.038400
     8  H   -0.047350   0.655134   0.000652  -0.049470   0.000024   0.000726
     9  H   -0.046906   0.000652   0.620211  -0.044454  -0.036393   0.498249
    10  H    0.525581  -0.049470  -0.044454   0.653851  -0.000108  -0.046596
    11  H    0.000493   0.000024  -0.036393  -0.000108   1.091018  -0.037958
    12  H   -0.038400   0.000726   0.498249  -0.046596  -0.037958   0.616824
 Mulliken charges:
               1
     1  H    0.006490
     2  H   -0.017084
     3  H   -0.000235
     4  H    0.007906
     5  H    0.000356
     6  H    0.002567
     7  H    0.002567
     8  H    0.000356
     9  H    0.007906
    10  H   -0.000235
    11  H   -0.017084
    12  H    0.006490
 Sum of Mulliken charges =  -0.00000
 Mulliken charges with hydrogens summed into heavy atoms:
               1
 Electronic spatial extent (au):  <R**2>=            498.1467
 Charge=             -0.0000 electrons
 Dipole moment (field-independent basis, Debye):
    X=             -0.0000    Y=             -0.0000    Z=             -0.0000  Tot=              0.0000
 Quadrupole moment (field-independent basis, Debye-Ang):
   XX=            -23.9393   YY=            -14.1321   ZZ=            -15.7378
   XY=             -0.9650   XZ=              0.0000   YZ=              0.0000
 Traceless Quadrupole moment (field-independent basis, Debye-Ang):
   XX=             -6.0029   YY=              3.8043   ZZ=              2.1986
   XY=             -0.9650   XZ=              0.0000   YZ=              0.0000
 Octapole moment (field-independent basis, Debye-Ang**2):
  XXX=              0.0000  YYY=             -0.0000  ZZZ=             -0.0000  XYY=             -0.0000
  XXY=             -0.0000  XXZ=             -0.0000  XZZ=             -0.0000  YZZ=             -0.0000
  YYZ=             -0.0000  XYZ=             -0.0000
 Hexadecapole moment (field-independent basis, Debye-Ang**3):
 XXXX=          -1363.2004 YYYY=            -44.7672 ZZZZ=            -19.2409 XXXY=           -113.3555
 XXXZ=              0.0000 YYYX=            -68.8753 YYYZ=              0.0000 ZZZX=              0.0000
 ZZZY=              0.0000 XXYY=           -171.2924 XXZZ=           -173.2668 YYZZ=            -11.0325
 XXYZ=              0.0000 YYXZ=              0.0000 ZZXY=            -24.7297
 N-N= 1.409452710416D+01 E-N=-3.896449299069D+01  KE= 5.894054873063D+00
 Symmetry AG   KE= 2.890919542857D+00
 Symmetry BG   KE= 0.000000000000D+00
 Symmetry AU   KE= 0.000000000000D+00
 Symmetry BU   KE= 3.003135330205D+00

 Test job not archived.
 1\1\GINC-SULU\Stability\RHF\Gen\H12\LCJ1\17-Feb-2017\0\\#rhf/gen scf(s
 ymm,tight,novaracc,noincfock,fulldiag) stable(crhf) guess=read geom=no
 crowd test\\hf stability analysis of h12 triangular lattice, y= 0.3190
 6493487798943 alpha= 10.000000000000000\\0,1\H\H,1,1.8374216786\H,1,1.
 8374216786,2,160.\H,2,1.8374216786,1,20.,3,0.,0\H,3,1.8374216786,1,180
 .,2,0.,0\H,4,1.8374216786,2,180.,1,0.,0\H,5,1.8374216786,3,180.,2,0.,0
 \H,6,1.8374216786,4,180.,1,0.,0\H,7,1.8374216786,5,180.,2,0.,0\H,8,1.8
 374216786,6,180.,1,0.,0\H,9,1.8374216786,5,180.,2,0.,0\H,10,1.83742167
 86,6,180.,1,0.,0\\Version=ES64L-G09RevE.01\State=1-AG\HF=-5.9390278\MP
 2=-6.8249347\RMSD=1.675e-09\Dipole=0.,0.,0.\Quadrupole=2.3631333,1.634
 5984,-3.9977317,0.,1.9211057,0.\PG=C02H [SGH(H12)]\\@


 GOORD'S AXIOM:  A MEETING IS AN EVENT AT WHICH
 THE MINUTES ARE KEPT AND THE HOURS ARE LOST.
 Job cpu time:       0 days  0 hours  0 minutes  0.9 seconds.
 File lengths (MBytes):  RWF=     84 Int=      0 D2E=      0 Chk=      2 Scr=      2
 Normal termination of Gaussian 09 at Fri Feb 17 13:55:57 2017.
