 Entering Gaussian System, Link 0=g09
 AtFile(1): H.gbs
            H     0
            S   10   1.00
               1000.000000000000            0.000068713567
                316.227766000000            0.000169141320
                100.000000000000            0.000823394812
                 31.622776600000            0.003425569236
                 10.000000000000            0.013951996000
                  3.162277660000            0.056909313560
                  1.000000000000            0.198286399900
                  0.316227766000            0.496922426700
                  0.100000000000            0.369846276400
                  0.031622776600            0.003752720039
            ****
 Initial command:
 /projects/guscus/apps/gau/g09-e1/g09/l1.exe "/users/lcj1/gaussian/h12/rhfstability/2rows/d2hguess/fwd/Gau-30050.inp" -scrdir="/users/lcj1/gaussian/h12/rhfstability/2rows/d2hguess/fwd/"
 Entering Link 1 = /projects/guscus/apps/gau/g09-e1/g09/l1.exe PID=     30051.
  
 Copyright (c) 1988,1990,1992,1993,1995,1998,2003,2009,2015,
            Gaussian, Inc.  All Rights Reserved.
  
 This is part of the Gaussian(R) 09 program.  It is based on
 the Gaussian(R) 03 system (copyright 2003, Gaussian, Inc.),
 the Gaussian(R) 98 system (copyright 1998, Gaussian, Inc.),
 the Gaussian(R) 94 system (copyright 1995, Gaussian, Inc.),
 the Gaussian 92(TM) system (copyright 1992, Gaussian, Inc.),
 the Gaussian 90(TM) system (copyright 1990, Gaussian, Inc.),
 the Gaussian 88(TM) system (copyright 1988, Gaussian, Inc.),
 the Gaussian 86(TM) system (copyright 1986, Carnegie Mellon
 University), and the Gaussian 82(TM) system (copyright 1983,
 Carnegie Mellon University). Gaussian is a federally registered
 trademark of Gaussian, Inc.
  
 This software contains proprietary and confidential information,
 including trade secrets, belonging to Gaussian, Inc.
  
 This software is provided under written license and may be
 used, copied, transmitted, or stored only in accord with that
 written license.
  
 The following legend is applicable only to US Government
 contracts under FAR:
  
                    RESTRICTED RIGHTS LEGEND
  
 Use, reproduction and disclosure by the US Government is
 subject to restrictions as set forth in subparagraphs (a)
 and (c) of the Commercial Computer Software - Restricted
 Rights clause in FAR 52.227-19.
  
 Gaussian, Inc.
 340 Quinnipiac St., Bldg. 40, Wallingford CT 06492
  
  
 ---------------------------------------------------------------
 Warning -- This program may not be used in any manner that
 competes with the business of Gaussian, Inc. or will provide
 assistance to any competitor of Gaussian, Inc.  The licensee
 of this program is prohibited from giving any competitor of
 Gaussian, Inc. access to this program.  By using this program,
 the user acknowledges that Gaussian, Inc. is engaged in the
 business of creating and licensing software in the field of
 computational chemistry and represents and warrants to the
 licensee that it is not a competitor of Gaussian, Inc. and that
 it will not use this program in any manner prohibited above.
 ---------------------------------------------------------------
  

 Cite this work as:
 Gaussian 09, Revision E.01,
 M. J. Frisch, G. W. Trucks, H. B. Schlegel, G. E. Scuseria, 
 M. A. Robb, J. R. Cheeseman, G. Scalmani, V. Barone, B. Mennucci, 
 G. A. Petersson, H. Nakatsuji, M. Caricato, X. Li, H. P. Hratchian, 
 A. F. Izmaylov, J. Bloino, G. Zheng, J. L. Sonnenberg, M. Hada, 
 M. Ehara, K. Toyota, R. Fukuda, J. Hasegawa, M. Ishida, T. Nakajima, 
 Y. Honda, O. Kitao, H. Nakai, T. Vreven, J. A. Montgomery, Jr., 
 J. E. Peralta, F. Ogliaro, M. Bearpark, J. J. Heyd, E. Brothers, 
 K. N. Kudin, V. N. Staroverov, T. Keith, R. Kobayashi, J. Normand, 
 K. Raghavachari, A. Rendell, J. C. Burant, S. S. Iyengar, J. Tomasi, 
 M. Cossi, N. Rega, J. M. Millam, M. Klene, J. E. Knox, J. B. Cross, 
 V. Bakken, C. Adamo, J. Jaramillo, R. Gomperts, R. E. Stratmann, 
 O. Yazyev, A. J. Austin, R. Cammi, C. Pomelli, J. W. Ochterski, 
 R. L. Martin, K. Morokuma, V. G. Zakrzewski, G. A. Voth, 
 P. Salvador, J. J. Dannenberg, S. Dapprich, A. D. Daniels, 
 O. Farkas, J. B. Foresman, J. V. Ortiz, J. Cioslowski, 
 and D. J. Fox, Gaussian, Inc., Wallingford CT, 2013.
 
 ******************************************
 Gaussian 09:  ES64L-G09RevE.01 30-Nov-2015
                17-Feb-2017 
 ******************************************
 %chk=h12.chk
 ----------------------------------------------------------------------
 #rhf/gen scf(symm,tight,novaracc,noincfock,fulldiag) stable(crhf) gues
 s=read geom=nocrowd test
 ----------------------------------------------------------------------
 1/38=1/1;
 2/12=1,17=6,18=5,40=1/2;
 3/5=7,16=1,25=1,30=1,116=1/1,2,3;
 4/5=1,9=4/1;
 5/5=100002,15=2,16=1,32=2,38=6/2;
 8/6=1,10=90,11=11/1,4;
 9/8=4,13=1/2;
 6/7=2,8=2,9=2,10=2,28=1/1;
 99/5=1,9=1/99;
 ----------------------------------------------------------------------
 hf stability analysis of h12 triangular lattice, y= 1.0644781770328475
  alpha= 63.000000000000000
 ----------------------------------------------------------------------
 Symbolic Z-matrix:
 Charge =  0 Multiplicity = 1
 H
 H                    1     1.19469 
 H                    1     1.19469  2     54. 
 H                    2     1.19469  1     126.     3     0.       0
 H                    3     1.19469  1     180.     2     0.       0
 H                    4     1.19469  2     180.     1     0.       0
 H                    5     1.19469  3     180.     2     0.       0
 H                    6     1.19469  4     180.     1     0.       0
 H                    7     1.19469  5     180.     2     0.       0
 H                    8     1.19469  6     180.     1     0.       0
 H                    9     1.19469  5     180.     2     0.       0
 H                    10    1.19469  6     180.     1     0.       0
 
                          Input orientation:                          
 ---------------------------------------------------------------------
 Center     Atomic      Atomic             Coordinates (Angstroms)
 Number     Number       Type             X           Y           Z
 ---------------------------------------------------------------------
      1          1           0        0.000000    0.000000    0.000000
      2          1           0        0.000000    0.000000    1.194692
      3          1           0        0.966526    0.000000    0.702222
      4          1           0        0.966526    0.000000    1.896914
      5          1           0        1.933052    0.000000    1.404444
      6          1           0        1.933052    0.000000    2.599136
      7          1           0        2.899578    0.000000    2.106667
      8          1           0        2.899578    0.000000    3.301358
      9          1           0        3.866104    0.000000    2.808889
     10          1           0        3.866104    0.000000    4.003581
     11          1           0        4.832630    0.000000    3.511111
     12          1           0        4.832630    0.000000    4.705803
 ---------------------------------------------------------------------
                    Distance matrix (angstroms):
                    1          2          3          4          5
     1  H    0.000000
     2  H    1.194692   0.000000
     3  H    1.194692   1.084757   0.000000
     4  H    2.128956   1.194692   1.194692   0.000000
     5  H    2.389384   1.944399   1.194692   1.084757   0.000000
     6  H    3.239166   2.389384   2.128956   1.194692   1.194692
     7  H    3.584075   3.039613   2.389384   1.944399   1.194692
     8  H    4.393918   3.584075   3.239166   2.389384   2.128956
     9  H    4.778767   4.189557   3.584075   3.039613   2.389384
    10  H    5.565556   4.778767   4.393918   3.584075   3.239166
    11  H    5.973459   5.359114   4.778767   4.189557   3.584075
    12  H    6.745286   5.973459   5.565556   4.778767   4.393918
                    6          7          8          9         10
     6  H    0.000000
     7  H    1.084757   0.000000
     8  H    1.194692   1.194692   0.000000
     9  H    1.944399   1.194692   1.084757   0.000000
    10  H    2.389384   2.128956   1.194692   1.194692   0.000000
    11  H    3.039613   2.389384   1.944399   1.194692   1.084757
    12  H    3.584075   3.239166   2.389384   2.128956   1.194692
                   11         12
    11  H    0.000000
    12  H    1.194692   0.000000
 Stoichiometry    H12
 Framework group  C2H[SGH(H12)]
 Deg. of freedom    11
 Full point group                 C2H     NOp   4
 Largest Abelian subgroup         C2H     NOp   4
 Largest concise Abelian subgroup C2      NOp   2
                         Standard orientation:                         
 ---------------------------------------------------------------------
 Center     Atomic      Atomic             Coordinates (Angstroms)
 Number     Number       Type             X           Y           Z
 ---------------------------------------------------------------------
      1          1           0        3.193434    1.084757    0.000000
      2          1           0        2.128956    1.627136    0.000000
      3          1           0        2.128956    0.542379    0.000000
      4          1           0        1.064478    1.084757    0.000000
      5          1           0        1.064478    0.000000    0.000000
      6          1           0        0.000000    0.542379    0.000000
      7          1           0       -0.000000   -0.542379   -0.000000
      8          1           0       -1.064478    0.000000    0.000000
      9          1           0       -1.064478   -1.084757    0.000000
     10          1           0       -2.128956   -0.542379    0.000000
     11          1           0       -2.128956   -1.627136    0.000000
     12          1           0       -3.193434   -1.084757    0.000000
 ---------------------------------------------------------------------
 Rotational constants (GHZ):    184.5338289      9.7332984      9.2456343
 General basis read from cards:  (5D, 7F)
 There are     6 symmetry adapted cartesian basis functions of AG  symmetry.
 There are     0 symmetry adapted cartesian basis functions of BG  symmetry.
 There are     0 symmetry adapted cartesian basis functions of AU  symmetry.
 There are     6 symmetry adapted cartesian basis functions of BU  symmetry.
 There are     6 symmetry adapted basis functions of AG  symmetry.
 There are     0 symmetry adapted basis functions of BG  symmetry.
 There are     0 symmetry adapted basis functions of AU  symmetry.
 There are     6 symmetry adapted basis functions of BU  symmetry.
    12 basis functions,   120 primitive gaussians,    12 cartesian basis functions
     6 alpha electrons        6 beta electrons
       nuclear repulsion energy        17.2924119761 Hartrees.
 NAtoms=   12 NActive=   12 NUniq=    6 SFac= 4.00D+00 NAtFMM=   60 NAOKFM=F Big=F
 Integral buffers will be    131072 words long.
 Regular integral format.
 Two-electron integral symmetry is turned on.
 One-electron integrals computed using PRISM.
 NBasis=    12 RedAO= T EigKep=  1.82D-01  NBF=     6     0     0     6
 NBsUse=    12 1.00D-06 EigRej= -1.00D+00 NBFU=     6     0     0     6
 Initial guess from the checkpoint file:  "h12.chk"
 B after Tr=     0.000000    0.000000    0.000000
         Rot=    0.999998    0.000000    0.000000    0.001837 Ang=   0.21 deg.
 Initial guess orbital symmetries:
       Occupied  (AG) (BU) (AG) (BU) (BU) (AG)
       Virtual   (AG) (BU) (BU) (AG) (AG) (BU)
 Keep R1 ints in memory in symmetry-blocked form, NReq=899458.
 Requested convergence on RMS density matrix=1.00D-08 within 128 cycles.
 Requested convergence on MAX density matrix=1.00D-06.
 Requested convergence on             energy=1.00D-06.
 No special actions if energy rises.
 SCF Done:  E(RHF) =  -5.80242967562     A.U. after   10 cycles
            NFock= 10  Conv=0.64D-08     -V/T= 1.9591
 Range of M.O.s used for correlation:     1    12
 NBasis=    12 NAE=     6 NBE=     6 NFC=     0 NFV=     0
 NROrb=     12 NOA=     6 NOB=     6 NVA=     6 NVB=     6
 Semi-Direct transformation.
 ModeAB=           4 MOrb=             6 LenV=     134088735
 LASXX=         2181 LTotXX=        2181 LenRXX=        5115
 LTotAB=        2934 MaxLAS=        3024 LenRXY=           0
 NonZer=        7296 LenScr=      655360 LnRSAI=        3024
 LnScr1=      655360 LExtra=           0 Total=      1318859
 MaxDsk=          -1 SrtSym=           T ITran=            3
 JobTyp=0 Pass  1:  I=   1 to   6.
 (rs|ai) integrals will be sorted in core.
 Spin components of T(2) and E(2):
     alpha-alpha T2 =       0.7333056192D-02 E2=     -0.9083777500D-02
     alpha-beta  T2 =       0.9625528236D-01 E2=     -0.1187452073D+00
     beta-beta   T2 =       0.7333056192D-02 E2=     -0.9083777500D-02
 ANorm=    0.1054002559D+01
 E2 =    -0.1369127623D+00 EUMP2 =    -0.59393424378781D+01
 Second order stability test of a single determinant RHF wave function:
 Stabil:  MDV=134217728
 ***********************************************************************
 Matrix         Lowest Root    Major Pairs
 ***********************************************************************
 Internal RHF     0.0662696    Stable
 RRHF --> CRHF    0.0260729    Stable

 RRHF --> RUHF   -0.0673117    5A=7B 6A=8B 4A=7B 5A=11B 5A=10B 3A=8B 4A=10B 3A=9B
  1A=12B 2A=10B
 Not stable.
 ***********************************************************************

 **********************************************************************

            Population analysis using the SCF density.

 **********************************************************************

 Orbital symmetries:
       Occupied  (AG) (BU) (AG) (BU) (BU) (AG)
       Virtual   (AG) (BU) (BU) (AG) (AG) (BU)
 The electronic state is 1-AG.
 Alpha  occ. eigenvalues --   -0.85395  -0.77940  -0.65094  -0.45908  -0.34113
 Alpha  occ. eigenvalues --   -0.27014
 Alpha virt. eigenvalues --    0.00553   0.09366   0.25914   0.32896   0.51022
 Alpha virt. eigenvalues --    0.61348
          Condensed to atoms (all electrons):
               1          2          3          4          5          6
     1  H    1.020835  -0.014695   0.272466  -0.175180  -0.008176  -0.002226
     2  H   -0.014695   0.668152   0.063022   0.301638  -0.132364  -0.005347
     3  H    0.272466   0.063022   0.531400  -0.148750   0.121308  -0.043984
     4  H   -0.175180   0.301638  -0.148750   1.450292  -0.116833   0.081370
     5  H   -0.008176  -0.132364   0.121308  -0.116833   1.145159  -0.036220
     6  H   -0.002226  -0.005347  -0.043984   0.081370  -0.036220   0.719882
     7  H    0.007874  -0.025851   0.025658  -0.152577   0.306852  -0.013572
     8  H    0.002017   0.006366  -0.008363  -0.018132  -0.138692   0.306852
     9  H   -0.000974   0.002420   0.001001   0.011869  -0.018132  -0.152577
    10  H    0.000059   0.000218  -0.000294   0.001001  -0.008363   0.025658
    11  H   -0.000127   0.000005   0.000218   0.002420   0.006366  -0.025851
    12  H    0.000026  -0.000127   0.000059  -0.000974   0.002017   0.007874
               7          8          9         10         11         12
     1  H    0.007874   0.002017  -0.000974   0.000059  -0.000127   0.000026
     2  H   -0.025851   0.006366   0.002420   0.000218   0.000005  -0.000127
     3  H    0.025658  -0.008363   0.001001  -0.000294   0.000218   0.000059
     4  H   -0.152577  -0.018132   0.011869   0.001001   0.002420  -0.000974
     5  H    0.306852  -0.138692  -0.018132  -0.008363   0.006366   0.002017
     6  H   -0.013572   0.306852  -0.152577   0.025658  -0.025851   0.007874
     7  H    0.719882  -0.036220   0.081370  -0.043984  -0.005347  -0.002226
     8  H   -0.036220   1.145159  -0.116833   0.121308  -0.132364  -0.008176
     9  H    0.081370  -0.116833   1.450292  -0.148750   0.301638  -0.175180
    10  H   -0.043984   0.121308  -0.148750   0.531400   0.063022   0.272466
    11  H   -0.005347  -0.132364   0.301638   0.063022   0.668152  -0.014695
    12  H   -0.002226  -0.008176  -0.175180   0.272466  -0.014695   1.020835
 Mulliken charges:
               1
     1  H   -0.101900
     2  H    0.136564
     3  H    0.186260
     4  H   -0.236144
     5  H   -0.122923
     6  H    0.138142
     7  H    0.138142
     8  H   -0.122923
     9  H   -0.236144
    10  H    0.186260
    11  H    0.136564
    12  H   -0.101900
 Sum of Mulliken charges =  -0.00000
 Mulliken charges with hydrogens summed into heavy atoms:
               1
 Electronic spatial extent (au):  <R**2>=            231.6479
 Charge=              0.0000 electrons
 Dipole moment (field-independent basis, Debye):
    X=             -0.0000    Y=             -0.0000    Z=             -0.0000  Tot=              0.0000
 Quadrupole moment (field-independent basis, Debye-Ang):
   XX=            -17.9969   YY=            -17.4301   ZZ=            -15.6362
   XY=              1.4660   XZ=              0.0000   YZ=             -0.0000
 Traceless Quadrupole moment (field-independent basis, Debye-Ang):
   XX=             -0.9758   YY=             -0.4090   ZZ=              1.3849
   XY=              1.4660   XZ=              0.0000   YZ=             -0.0000
 Octapole moment (field-independent basis, Debye-Ang**2):
  XXX=             -0.0000  YYY=             -0.0000  ZZZ=             -0.0000  XYY=             -0.0000
  XXY=             -0.0000  XXZ=             -0.0000  XZZ=             -0.0000  YZZ=             -0.0000
  YYZ=             -0.0000  XYZ=              0.0000
 Hexadecapole moment (field-independent basis, Debye-Ang**3):
 XXXX=           -449.0795 YYYY=           -110.9445 ZZZZ=            -18.9538 XXXY=            -75.9535
 XXXZ=             -0.0000 YYYX=            -66.2477 YYYZ=             -0.0000 ZZZX=             -0.0000
 ZZZY=             -0.0000 XXYY=            -72.4499 XXZZ=            -65.0036 YYZZ=            -21.8746
 XXYZ=             -0.0000 YYXZ=             -0.0000 ZZXY=            -24.0524
 N-N= 1.729241197611D+01 E-N=-4.553020706666D+01  KE= 6.049818107857D+00
 Symmetry AG   KE= 2.866608890234D+00
 Symmetry BG   KE= 0.000000000000D+00
 Symmetry AU   KE= 0.000000000000D+00
 Symmetry BU   KE= 3.183209217624D+00

 Test job not archived.
 1\1\GINC-SULU\Stability\RHF\Gen\H12\LCJ1\17-Feb-2017\0\\#rhf/gen scf(s
 ymm,tight,novaracc,noincfock,fulldiag) stable(crhf) guess=read geom=no
 crowd test\\hf stability analysis of h12 triangular lattice, y= 1.0644
 781770328475 alpha= 63.000000000000000\\0,1\H\H,1,1.1946917688\H,1,1.1
 946917688,2,54.\H,2,1.1946917688,1,126.,3,0.,0\H,3,1.1946917688,1,180.
 ,2,0.,0\H,4,1.1946917688,2,180.,1,0.,0\H,5,1.1946917688,3,180.,2,0.,0\
 H,6,1.1946917688,4,180.,1,0.,0\H,7,1.1946917688,5,180.,2,0.,0\H,8,1.19
 46917688,6,180.,1,0.,0\H,9,1.1946917688,5,180.,2,0.,0\H,10,1.194691768
 8,6,180.,1,0.,0\\Version=ES64L-G09RevE.01\State=1-AG\HF=-5.8024297\MP2
 =-5.9393424\RMSD=6.391e-09\Dipole=0.,0.,0.\Quadrupole=0.4907972,1.0296
 082,-1.5204054,0.,0.4701852,0.\PG=C02H [SGH(H12)]\\@


 GOD GAVE US TWO ENDS... ONE TO SIT ON...    
 AND THE OTHER TO THINK WITH...              
 YOUR SUCCESS DEPENDS UPON WHICH END YOU     
 USE THE MOST...                             
                                             
 IT'S A CASE OF HEADS YOU WIN TAILS YOU LOSE.
          SOURCE UNKNOWN(IT'S JUST AS WELL.) 
 Job cpu time:       0 days  0 hours  0 minutes  1.0 seconds.
 File lengths (MBytes):  RWF=     84 Int=      0 D2E=      0 Chk=      2 Scr=      2
 Normal termination of Gaussian 09 at Fri Feb 17 14:00:25 2017.
