 Entering Gaussian System, Link 0=g09
 AtFile(1): H.gbs
            H     0
            S   10   1.00
               1000.000000000000            0.000068713567
                316.227766000000            0.000169141320
                100.000000000000            0.000823394812
                 31.622776600000            0.003425569236
                 10.000000000000            0.013951996000
                  3.162277660000            0.056909313560
                  1.000000000000            0.198286399900
                  0.316227766000            0.496922426700
                  0.100000000000            0.369846276400
                  0.031622776600            0.003752720039
            ****
 Initial command:
 /projects/guscus/apps/gau/g09-e1/g09/l1.exe "/users/lcj1/gaussian/h12/rhfstability/2rows/d2hguess/bck/Gau-6894.inp" -scrdir="/users/lcj1/gaussian/h12/rhfstability/2rows/d2hguess/bck/"
 Entering Link 1 = /projects/guscus/apps/gau/g09-e1/g09/l1.exe PID=      6896.
  
 Copyright (c) 1988,1990,1992,1993,1995,1998,2003,2009,2015,
            Gaussian, Inc.  All Rights Reserved.
  
 This is part of the Gaussian(R) 09 program.  It is based on
 the Gaussian(R) 03 system (copyright 2003, Gaussian, Inc.),
 the Gaussian(R) 98 system (copyright 1998, Gaussian, Inc.),
 the Gaussian(R) 94 system (copyright 1995, Gaussian, Inc.),
 the Gaussian 92(TM) system (copyright 1992, Gaussian, Inc.),
 the Gaussian 90(TM) system (copyright 1990, Gaussian, Inc.),
 the Gaussian 88(TM) system (copyright 1988, Gaussian, Inc.),
 the Gaussian 86(TM) system (copyright 1986, Carnegie Mellon
 University), and the Gaussian 82(TM) system (copyright 1983,
 Carnegie Mellon University). Gaussian is a federally registered
 trademark of Gaussian, Inc.
  
 This software contains proprietary and confidential information,
 including trade secrets, belonging to Gaussian, Inc.
  
 This software is provided under written license and may be
 used, copied, transmitted, or stored only in accord with that
 written license.
  
 The following legend is applicable only to US Government
 contracts under FAR:
  
                    RESTRICTED RIGHTS LEGEND
  
 Use, reproduction and disclosure by the US Government is
 subject to restrictions as set forth in subparagraphs (a)
 and (c) of the Commercial Computer Software - Restricted
 Rights clause in FAR 52.227-19.
  
 Gaussian, Inc.
 340 Quinnipiac St., Bldg. 40, Wallingford CT 06492
  
  
 ---------------------------------------------------------------
 Warning -- This program may not be used in any manner that
 competes with the business of Gaussian, Inc. or will provide
 assistance to any competitor of Gaussian, Inc.  The licensee
 of this program is prohibited from giving any competitor of
 Gaussian, Inc. access to this program.  By using this program,
 the user acknowledges that Gaussian, Inc. is engaged in the
 business of creating and licensing software in the field of
 computational chemistry and represents and warrants to the
 licensee that it is not a competitor of Gaussian, Inc. and that
 it will not use this program in any manner prohibited above.
 ---------------------------------------------------------------
  

 Cite this work as:
 Gaussian 09, Revision E.01,
 M. J. Frisch, G. W. Trucks, H. B. Schlegel, G. E. Scuseria, 
 M. A. Robb, J. R. Cheeseman, G. Scalmani, V. Barone, B. Mennucci, 
 G. A. Petersson, H. Nakatsuji, M. Caricato, X. Li, H. P. Hratchian, 
 A. F. Izmaylov, J. Bloino, G. Zheng, J. L. Sonnenberg, M. Hada, 
 M. Ehara, K. Toyota, R. Fukuda, J. Hasegawa, M. Ishida, T. Nakajima, 
 Y. Honda, O. Kitao, H. Nakai, T. Vreven, J. A. Montgomery, Jr., 
 J. E. Peralta, F. Ogliaro, M. Bearpark, J. J. Heyd, E. Brothers, 
 K. N. Kudin, V. N. Staroverov, T. Keith, R. Kobayashi, J. Normand, 
 K. Raghavachari, A. Rendell, J. C. Burant, S. S. Iyengar, J. Tomasi, 
 M. Cossi, N. Rega, J. M. Millam, M. Klene, J. E. Knox, J. B. Cross, 
 V. Bakken, C. Adamo, J. Jaramillo, R. Gomperts, R. E. Stratmann, 
 O. Yazyev, A. J. Austin, R. Cammi, C. Pomelli, J. W. Ochterski, 
 R. L. Martin, K. Morokuma, V. G. Zakrzewski, G. A. Voth, 
 P. Salvador, J. J. Dannenberg, S. Dapprich, A. D. Daniels, 
 O. Farkas, J. B. Foresman, J. V. Ortiz, J. Cioslowski, 
 and D. J. Fox, Gaussian, Inc., Wallingford CT, 2013.
 
 ******************************************
 Gaussian 09:  ES64L-G09RevE.01 30-Nov-2015
                17-Feb-2017 
 ******************************************
 %chk=h12.chk
 ----------------------------------------------------------------------
 #rhf/gen scf(symm,tight,novaracc,noincfock,fulldiag) stable(crhf) gues
 s=read geom=nocrowd test
 ----------------------------------------------------------------------
 1/38=1/1;
 2/12=1,17=6,18=5,40=1/2;
 3/5=7,16=1,25=1,30=1,116=1/1,2,3;
 4/5=1,9=4/1;
 5/5=100002,15=2,16=1,32=2,38=6/2;
 8/6=1,10=90,11=11/1,4;
 9/8=4,13=1/2;
 6/7=2,8=2,9=2,10=2,28=1/1;
 99/5=1,9=1/99;
 ----------------------------------------------------------------------
 hf stability analysis of h12 triangular lattice, y= 0.6476646814092581
 5 alpha= 36.000000000000000
 ----------------------------------------------------------------------
 Symbolic Z-matrix:
 Charge =  0 Multiplicity = 1
 H
 H                    1     1.10187 
 H                    1     1.10187  2     108. 
 H                    2     1.10187  1     72.      3     0.       0
 H                    3     1.10187  1     180.     2     0.       0
 H                    4     1.10187  2     180.     1     0.       0
 H                    5     1.10187  3     180.     2     0.       0
 H                    6     1.10187  4     180.     1     0.       0
 H                    7     1.10187  5     180.     2     0.       0
 H                    8     1.10187  6     180.     1     0.       0
 H                    9     1.10187  5     180.     2     0.       0
 H                    10    1.10187  6     180.     1     0.       0
 
                          Input orientation:                          
 ---------------------------------------------------------------------
 Center     Atomic      Atomic             Coordinates (Angstroms)
 Number     Number       Type             X           Y           Z
 ---------------------------------------------------------------------
      1          1           0        0.000000    0.000000    0.000000
      2          1           0        0.000000    0.000000    1.101873
      3          1           0        1.047943    0.000000   -0.340497
      4          1           0        1.047943    0.000000    0.761375
      5          1           0        2.095887    0.000000   -0.680995
      6          1           0        2.095887    0.000000    0.420878
      7          1           0        3.143830    0.000000   -1.021492
      8          1           0        3.143830    0.000000    0.080381
      9          1           0        4.191774    0.000000   -1.361990
     10          1           0        4.191774    0.000000   -0.260117
     11          1           0        5.239717    0.000000   -1.702487
     12          1           0        5.239717    0.000000   -0.600614
 ---------------------------------------------------------------------
                    Distance matrix (angstroms):
                    1          2          3          4          5
     1  H    0.000000
     2  H    1.101873   0.000000
     3  H    1.101873   1.782868   0.000000
     4  H    1.295329   1.101873   1.101873   0.000000
     5  H    2.203746   2.751610   1.101873   1.782868   0.000000
     6  H    2.137728   2.203746   1.295329   1.101873   1.101873
     7  H    3.305619   3.793725   2.203746   2.751610   1.101873
     8  H    3.144858   3.305619   2.137728   2.203746   1.295329
     9  H    4.407492   4.862262   3.305619   3.793725   2.203746
    10  H    4.199837   4.407492   3.144858   3.305619   2.137728
    11  H    5.509365   5.942985   4.407492   4.862262   3.305619
    12  H    5.274028   5.509365   4.199837   4.407492   3.144858
                    6          7          8          9         10
     6  H    0.000000
     7  H    1.782868   0.000000
     8  H    1.101873   1.101873   0.000000
     9  H    2.751610   1.101873   1.782868   0.000000
    10  H    2.203746   1.295329   1.101873   1.101873   0.000000
    11  H    3.793725   2.203746   2.751610   1.101873   1.782868
    12  H    3.305619   2.137728   2.203746   1.295329   1.101873
                   11         12
    11  H    0.000000
    12  H    1.101873   0.000000
 Stoichiometry    H12
 Framework group  C2H[SGH(H12)]
 Deg. of freedom    11
 Full point group                 C2H     NOp   4
 Largest Abelian subgroup         C2H     NOp   4
 Largest concise Abelian subgroup C2      NOp   2
                         Standard orientation:                         
 ---------------------------------------------------------------------
 Center     Atomic      Atomic             Coordinates (Angstroms)
 Number     Number       Type             X           Y           Z
 ---------------------------------------------------------------------
      1          1           0        1.782868    1.942994   -0.000000
      2          1           0        2.674302    1.295329    0.000000
      3          1           0        0.891434    1.295329   -0.000000
      4          1           0        1.782868    0.647665    0.000000
      5          1           0        0.000000    0.647665   -0.000000
      6          1           0        0.891434    0.000000    0.000000
      7          1           0       -0.891434    0.000000    0.000000
      8          1           0       -0.000000   -0.647665   -0.000000
      9          1           0       -1.782868   -0.647665   -0.000000
     10          1           0       -0.891434   -1.295329   -0.000000
     11          1           0       -2.674302   -1.295329   -0.000000
     12          1           0       -1.782868   -1.942994   -0.000000
 ---------------------------------------------------------------------
 Rotational constants (GHZ):    153.5566908     11.6968073     10.8688956
 General basis read from cards:  (5D, 7F)
 There are     6 symmetry adapted cartesian basis functions of AG  symmetry.
 There are     0 symmetry adapted cartesian basis functions of BG  symmetry.
 There are     0 symmetry adapted cartesian basis functions of AU  symmetry.
 There are     6 symmetry adapted cartesian basis functions of BU  symmetry.
 There are     6 symmetry adapted basis functions of AG  symmetry.
 There are     0 symmetry adapted basis functions of BG  symmetry.
 There are     0 symmetry adapted basis functions of AU  symmetry.
 There are     6 symmetry adapted basis functions of BU  symmetry.
    12 basis functions,   120 primitive gaussians,    12 cartesian basis functions
     6 alpha electrons        6 beta electrons
       nuclear repulsion energy        18.1063445943 Hartrees.
 NAtoms=   12 NActive=   12 NUniq=    6 SFac= 4.00D+00 NAtFMM=   60 NAOKFM=F Big=F
 Integral buffers will be    131072 words long.
 Regular integral format.
 Two-electron integral symmetry is turned on.
 One-electron integrals computed using PRISM.
 NBasis=    12 RedAO= T EigKep=  1.38D-01  NBF=     6     0     0     6
 NBsUse=    12 1.00D-06 EigRej= -1.00D+00 NBFU=     6     0     0     6
 Initial guess from the checkpoint file:  "h12.chk"
 B after Tr=     0.000000    0.000000   -0.000000
         Rot=    0.999998   -0.000000    0.000000    0.001837 Ang=   0.21 deg.
 Initial guess orbital symmetries:
       Occupied  (AG) (BU) (AG) (BU) (BU) (AG)
       Virtual   (AG) (BU) (AG) (BU) (BU) (AG)
 Keep R1 ints in memory in symmetry-blocked form, NReq=900494.
 Requested convergence on RMS density matrix=1.00D-08 within 128 cycles.
 Requested convergence on MAX density matrix=1.00D-06.
 Requested convergence on             energy=1.00D-06.
 No special actions if energy rises.
 SCF Done:  E(RHF) =  -5.91339475491     A.U. after   10 cycles
            NFock= 10  Conv=0.18D-08     -V/T= 1.9792
 Range of M.O.s used for correlation:     1    12
 NBasis=    12 NAE=     6 NBE=     6 NFC=     0 NFV=     0
 NROrb=     12 NOA=     6 NOB=     6 NVA=     6 NVB=     6
 Semi-Direct transformation.
 ModeAB=           4 MOrb=             6 LenV=     134087713
 LASXX=         2181 LTotXX=        2181 LenRXX=        5115
 LTotAB=        2934 MaxLAS=        3024 LenRXY=           0
 NonZer=        7296 LenScr=      655360 LnRSAI=        3024
 LnScr1=      655360 LExtra=           0 Total=      1318859
 MaxDsk=          -1 SrtSym=           T ITran=            3
 JobTyp=0 Pass  1:  I=   1 to   6.
 (rs|ai) integrals will be sorted in core.
 Spin components of T(2) and E(2):
     alpha-alpha T2 =       0.8831841614D-02 E2=     -0.1112176558D-01
     alpha-beta  T2 =       0.7602466670D-01 E2=     -0.1041600424D+00
     beta-beta   T2 =       0.8831841614D-02 E2=     -0.1112176558D-01
 ANorm=    0.1045795558D+01
 E2 =    -0.1264035735D+00 EUMP2 =    -0.60397983284412D+01
 Second order stability test of a single determinant RHF wave function:
 Stabil:  MDV=134217728
 ***********************************************************************
 Matrix         Lowest Root    Major Pairs
 ***********************************************************************
 Internal RHF     0.1341191    Stable
 RRHF --> CRHF    0.0909927    Stable

 RRHF --> RUHF   -0.0530288    6A=7B 5A=8B 4A=10B 4A=8B 3A=9B 6A=9B 2A=11B 3A=7B 
 5A=10B 1A=12B
 Not stable.
 ***********************************************************************

 **********************************************************************

            Population analysis using the SCF density.

 **********************************************************************

 Orbital symmetries:
       Occupied  (AG) (BU) (AG) (BU) (BU) (AG)
       Virtual   (AG) (BU) (AG) (BU) (BU) (AG)
 The electronic state is 1-AG.
 Alpha  occ. eigenvalues --   -0.88137  -0.79086  -0.63867  -0.45018  -0.42601
 Alpha  occ. eigenvalues --   -0.32462
 Alpha virt. eigenvalues --    0.04437   0.06132   0.32159   0.37775   0.61954
 Alpha virt. eigenvalues --    0.80575
          Condensed to atoms (all electrons):
               1          2          3          4          5          6
     1  H    0.777677   0.122763   0.298946  -0.109324   0.001874  -0.133717
     2  H    0.122763   0.757637  -0.143158   0.291065  -0.039220  -0.022507
     3  H    0.298946  -0.143158   1.170069  -0.289015   0.341430  -0.147908
     4  H   -0.109324   0.291065  -0.289015   0.805437  -0.093743   0.338178
     5  H    0.001874  -0.039220   0.341430  -0.093743   0.658044   0.030457
     6  H   -0.133717  -0.022507  -0.147908   0.338178   0.030457   1.157133
     7  H    0.003481   0.005703  -0.053931  -0.009332   0.095212  -0.119053
     8  H   -0.003816   0.003170  -0.054236   0.006994  -0.081144   0.095212
     9  H   -0.000616   0.000714  -0.010280   0.002908   0.006994  -0.009332
    10  H    0.003459  -0.000058   0.006578  -0.010280  -0.054236  -0.053931
    11  H   -0.000267  -0.000037  -0.000058   0.000714   0.003170   0.005703
    12  H    0.000113  -0.000267   0.003459  -0.000616  -0.003816   0.003481
               7          8          9         10         11         12
     1  H    0.003481  -0.003816  -0.000616   0.003459  -0.000267   0.000113
     2  H    0.005703   0.003170   0.000714  -0.000058  -0.000037  -0.000267
     3  H   -0.053931  -0.054236  -0.010280   0.006578  -0.000058   0.003459
     4  H   -0.009332   0.006994   0.002908  -0.010280   0.000714  -0.000616
     5  H    0.095212  -0.081144   0.006994  -0.054236   0.003170  -0.003816
     6  H   -0.119053   0.095212  -0.009332  -0.053931   0.005703   0.003481
     7  H    1.157133   0.030457   0.338178  -0.147908  -0.022507  -0.133717
     8  H    0.030457   0.658044  -0.093743   0.341430  -0.039220   0.001874
     9  H    0.338178  -0.093743   0.805437  -0.289015   0.291065  -0.109324
    10  H   -0.147908   0.341430  -0.289015   1.170069  -0.143158   0.298946
    11  H   -0.022507  -0.039220   0.291065  -0.143158   0.757637   0.122763
    12  H   -0.133717   0.001874  -0.109324   0.298946   0.122763   0.777677
 Mulliken charges:
               1
     1  H    0.039426
     2  H    0.024194
     3  H   -0.121895
     4  H    0.067014
     5  H    0.134977
     6  H   -0.143716
     7  H   -0.143716
     8  H    0.134977
     9  H    0.067014
    10  H   -0.121895
    11  H    0.024194
    12  H    0.039426
 Sum of Mulliken charges =  -0.00000
 Mulliken charges with hydrogens summed into heavy atoms:
               1
 Electronic spatial extent (au):  <R**2>=            200.8333
 Charge=             -0.0000 electrons
 Dipole moment (field-independent basis, Debye):
    X=             -0.0000    Y=             -0.0000    Z=             -0.0000  Tot=              0.0000
 Quadrupole moment (field-independent basis, Debye-Ang):
   XX=            -14.9631   YY=            -17.9866   ZZ=            -15.5740
   XY=              2.8079   XZ=              0.0000   YZ=              0.0000
 Traceless Quadrupole moment (field-independent basis, Debye-Ang):
   XX=              1.2115   YY=             -1.8120   ZZ=              0.6006
   XY=              2.8079   XZ=              0.0000   YZ=              0.0000
 Octapole moment (field-independent basis, Debye-Ang**2):
  XXX=             -0.0000  YYY=             -0.0000  ZZZ=              0.0000  XYY=             -0.0000
  XXY=              0.0000  XXZ=             -0.0000  XZZ=             -0.0000  YZZ=             -0.0000
  YYZ=              0.0000  XYZ=              0.0000
 Hexadecapole moment (field-independent basis, Debye-Ang**3):
 XXXX=           -253.8277 YYYY=           -160.7360 ZZZZ=            -18.8001 XXXY=            -56.2616
 XXXZ=             -0.0000 YYYX=            -70.0037 YYYZ=             -0.0000 ZZZX=             -0.0000
 ZZZY=             -0.0000 XXYY=            -59.5019 XXZZ=            -46.8352 YYZZ=            -28.4987
 XXYZ=             -0.0000 YYXZ=             -0.0000 ZZXY=            -23.7823
 N-N= 1.810634459426D+01 E-N=-4.705532030465D+01  KE= 6.039266135637D+00
 Symmetry AG   KE= 2.841894090263D+00
 Symmetry BG   KE= 0.000000000000D+00
 Symmetry AU   KE= 0.000000000000D+00
 Symmetry BU   KE= 3.197372045374D+00

 Test job not archived.
 1\1\GINC-SULU\Stability\RHF\Gen\H12\LCJ1\17-Feb-2017\0\\#rhf/gen scf(s
 ymm,tight,novaracc,noincfock,fulldiag) stable(crhf) guess=read geom=no
 crowd test\\hf stability analysis of h12 triangular lattice, y= 0.6476
 6468140925815 alpha= 36.000000000000000\\0,1\H\H,1,1.101872943\H,1,1.1
 01872943,2,108.\H,2,1.101872943,1,72.,3,0.,0\H,3,1.101872943,1,180.,2,
 0.,0\H,4,1.101872943,2,180.,1,0.,0\H,5,1.101872943,3,180.,2,0.,0\H,6,1
 .101872943,4,180.,1,0.,0\H,7,1.101872943,5,180.,2,0.,0\H,8,1.101872943
 ,6,180.,1,0.,0\H,9,1.101872943,5,180.,2,0.,0\H,10,1.101872943,6,180.,1
 ,0.,0\\Version=ES64L-G09RevE.01\State=1-AG\HF=-5.9133948\MP2=-6.039798
 3\RMSD=1.821e-09\Dipole=0.,0.,0.\Quadrupole=1.4148767,0.4465082,-1.861
 3849,0.,-1.7140454,0.\PG=C02H [SGH(H12)]\\@


 LOGIC IS A SYSTEMATIC METHOD OF COMING TO THE
 WRONG CONCLUSION WITH CONFIDENCE.
 Job cpu time:       0 days  0 hours  0 minutes  1.1 seconds.
 File lengths (MBytes):  RWF=     84 Int=      0 D2E=      0 Chk=      2 Scr=      2
 Normal termination of Gaussian 09 at Fri Feb 17 13:50:47 2017.
