 Entering Gaussian System, Link 0=g09
 AtFile(1): H.gbs
            H     0
            S   10   1.00
               1000.000000000000            0.000068713567
                316.227766000000            0.000169141320
                100.000000000000            0.000823394812
                 31.622776600000            0.003425569236
                 10.000000000000            0.013951996000
                  3.162277660000            0.056909313560
                  1.000000000000            0.198286399900
                  0.316227766000            0.496922426700
                  0.100000000000            0.369846276400
                  0.031622776600            0.003752720039
            ****
 Initial command:
 /projects/guscus/apps/gau/g09-e1/g09/l1.exe "/users/lcj1/gaussian/h12/rhfstability/2rows/Gau-9032.inp" -scrdir="/users/lcj1/gaussian/h12/rhfstability/2rows/"
 Entering Link 1 = /projects/guscus/apps/gau/g09-e1/g09/l1.exe PID=      9033.
  
 Copyright (c) 1988,1990,1992,1993,1995,1998,2003,2009,2015,
            Gaussian, Inc.  All Rights Reserved.
  
 This is part of the Gaussian(R) 09 program.  It is based on
 the Gaussian(R) 03 system (copyright 2003, Gaussian, Inc.),
 the Gaussian(R) 98 system (copyright 1998, Gaussian, Inc.),
 the Gaussian(R) 94 system (copyright 1995, Gaussian, Inc.),
 the Gaussian 92(TM) system (copyright 1992, Gaussian, Inc.),
 the Gaussian 90(TM) system (copyright 1990, Gaussian, Inc.),
 the Gaussian 88(TM) system (copyright 1988, Gaussian, Inc.),
 the Gaussian 86(TM) system (copyright 1986, Carnegie Mellon
 University), and the Gaussian 82(TM) system (copyright 1983,
 Carnegie Mellon University). Gaussian is a federally registered
 trademark of Gaussian, Inc.
  
 This software contains proprietary and confidential information,
 including trade secrets, belonging to Gaussian, Inc.
  
 This software is provided under written license and may be
 used, copied, transmitted, or stored only in accord with that
 written license.
  
 The following legend is applicable only to US Government
 contracts under FAR:
  
                    RESTRICTED RIGHTS LEGEND
  
 Use, reproduction and disclosure by the US Government is
 subject to restrictions as set forth in subparagraphs (a)
 and (c) of the Commercial Computer Software - Restricted
 Rights clause in FAR 52.227-19.
  
 Gaussian, Inc.
 340 Quinnipiac St., Bldg. 40, Wallingford CT 06492
  
  
 ---------------------------------------------------------------
 Warning -- This program may not be used in any manner that
 competes with the business of Gaussian, Inc. or will provide
 assistance to any competitor of Gaussian, Inc.  The licensee
 of this program is prohibited from giving any competitor of
 Gaussian, Inc. access to this program.  By using this program,
 the user acknowledges that Gaussian, Inc. is engaged in the
 business of creating and licensing software in the field of
 computational chemistry and represents and warrants to the
 licensee that it is not a competitor of Gaussian, Inc. and that
 it will not use this program in any manner prohibited above.
 ---------------------------------------------------------------
  

 Cite this work as:
 Gaussian 09, Revision E.01,
 M. J. Frisch, G. W. Trucks, H. B. Schlegel, G. E. Scuseria, 
 M. A. Robb, J. R. Cheeseman, G. Scalmani, V. Barone, B. Mennucci, 
 G. A. Petersson, H. Nakatsuji, M. Caricato, X. Li, H. P. Hratchian, 
 A. F. Izmaylov, J. Bloino, G. Zheng, J. L. Sonnenberg, M. Hada, 
 M. Ehara, K. Toyota, R. Fukuda, J. Hasegawa, M. Ishida, T. Nakajima, 
 Y. Honda, O. Kitao, H. Nakai, T. Vreven, J. A. Montgomery, Jr., 
 J. E. Peralta, F. Ogliaro, M. Bearpark, J. J. Heyd, E. Brothers, 
 K. N. Kudin, V. N. Staroverov, T. Keith, R. Kobayashi, J. Normand, 
 K. Raghavachari, A. Rendell, J. C. Burant, S. S. Iyengar, J. Tomasi, 
 M. Cossi, N. Rega, J. M. Millam, M. Klene, J. E. Knox, J. B. Cross, 
 V. Bakken, C. Adamo, J. Jaramillo, R. Gomperts, R. E. Stratmann, 
 O. Yazyev, A. J. Austin, R. Cammi, C. Pomelli, J. W. Ochterski, 
 R. L. Martin, K. Morokuma, V. G. Zakrzewski, G. A. Voth, 
 P. Salvador, J. J. Dannenberg, S. Dapprich, A. D. Daniels, 
 O. Farkas, J. B. Foresman, J. V. Ortiz, J. Cioslowski, 
 and D. J. Fox, Gaussian, Inc., Wallingford CT, 2013.
 
 ******************************************
 Gaussian 09:  ES64L-G09RevE.01 30-Nov-2015
                 9-Feb-2017 
 ******************************************
 %chk=h12.chk
 ----------------------------------------------------------------------
 #rhf/gen scf(symm,tight,novaracc,noincfock,fulldiag) stable(crhf) gues
 s=read geom=nocrowd test
 ----------------------------------------------------------------------
 1/38=1/1;
 2/12=1,17=6,18=5,40=1/2;
 3/5=7,16=1,25=1,30=1,116=1/1,2,3;
 4/5=1,9=4/1;
 5/5=100002,15=2,16=1,32=2,38=6/2;
 8/6=1,10=90,11=11/1,4;
 9/8=4,13=1/2;
 6/7=2,8=2,9=2,10=2,28=1/1;
 99/5=1,9=1/99;
 ----------------------------------------------------------------------
 hf stability analysis of h10 triangular lattice, y= 0.2247478695127229
 1
 ----------------------------------------------------------------------
 Symbolic Z-matrix:
 Charge =  0 Multiplicity = 1
 H
 H                    1     2.57869 
 H                    1     2.57869  2     170. 
 H                    2     2.57869  1     10.      3     0.       0
 H                    3     2.57869  1     180.     2     0.       0
 H                    4     2.57869  2     180.     1     0.       0
 H                    5     2.57869  3     180.     2     0.       0
 H                    6     2.57869  4     180.     1     0.       0
 H                    7     2.57869  5     180.     2     0.       0
 H                    8     2.57869  6     180.     1     0.       0
 H                    9     2.57869  7     180.     2     0.       0
 H                    10    2.57869  8     180.     1     0.       0
 
                          Input orientation:                          
 ---------------------------------------------------------------------
 Center     Atomic      Atomic             Coordinates (Angstroms)
 Number     Number       Type             X           Y           Z
 ---------------------------------------------------------------------
      1          1           0        0.000000    0.000000    0.000000
      2          1           0        0.000000    0.000000    2.578693
      3          1           0        0.447785    0.000000   -2.539516
      4          1           0        0.447785    0.000000    0.039176
      5          1           0        0.895571    0.000000   -5.079033
      6          1           0        0.895571    0.000000   -2.500340
      7          1           0        1.343356    0.000000   -7.618549
      8          1           0        1.343356    0.000000   -5.039857
      9          1           0        1.791141    0.000000  -10.158066
     10          1           0        1.791141    0.000000   -7.579373
     11          1           0        2.238926    0.000000  -12.697582
     12          1           0        2.238926    0.000000  -10.118889
 ---------------------------------------------------------------------
                    Distance matrix (angstroms):
                    1          2          3          4          5
     1  H    0.000000
     2  H    2.578693   0.000000
     3  H    2.578693   5.137760   0.000000
     4  H    0.449496   2.578693   2.578693   0.000000
     5  H    5.157385   7.709916   2.578693   5.137760   0.000000
     6  H    2.655889   5.157385   0.449496   2.578693   2.578693
     7  H    7.736078  10.285346   5.157385   7.709916   2.578693
     8  H    5.215818   7.736078   2.655889   5.157385   0.449496
     9  H   10.314770  12.862084   7.736078  10.285346   5.157385
    10  H    7.788137  10.314770   5.215818   7.736078   2.655889
    11  H   12.893463  15.439474  10.314770  12.862084   7.736078
    12  H   10.363625  12.893463   7.788137  10.314770   5.215818
                    6          7          8          9         10
     6  H    0.000000
     7  H    5.137760   0.000000
     8  H    2.578693   2.578693   0.000000
     9  H    7.709916   2.578693   5.137760   0.000000
    10  H    5.157385   0.449496   2.578693   2.578693   0.000000
    11  H   10.285346   5.157385   7.709916   2.578693   5.137760
    12  H    7.736078   2.655889   5.157385   0.449496   2.578693
                   11         12
    11  H    0.000000
    12  H    2.578693   0.000000
 Stoichiometry    H12
 Framework group  C2H[SGH(H12)]
 Deg. of freedom    11
 Full point group                 C2H     NOp   4
 Largest Abelian subgroup         C2H     NOp   4
 Largest concise Abelian subgroup C2      NOp   2
                         Standard orientation:                         
 ---------------------------------------------------------------------
 Center     Atomic      Atomic             Coordinates (Angstroms)
 Number     Number       Type             X           Y           Z
 ---------------------------------------------------------------------
      1          1           0        5.137760    0.674244    0.000000
      2          1           0        7.706639    0.449496    0.000000
      3          1           0        2.568880    0.449496    0.000000
      4          1           0        5.137760    0.224748    0.000000
      5          1           0        0.000000    0.224748    0.000000
      6          1           0        2.568880    0.000000    0.000000
      7          1           0       -2.568880    0.000000    0.000000
      8          1           0       -0.000000   -0.224748   -0.000000
      9          1           0       -5.137760   -0.224748    0.000000
     10          1           0       -2.568880   -0.449496    0.000000
     11          1           0       -7.706639   -0.449496    0.000000
     12          1           0       -5.137760   -0.674244    0.000000
 ---------------------------------------------------------------------
 Rotational constants (GHZ):    903.0907123      1.9888623      1.9844919
 General basis read from cards:  (5D, 7F)
 There are     6 symmetry adapted cartesian basis functions of AG  symmetry.
 There are     0 symmetry adapted cartesian basis functions of BG  symmetry.
 There are     0 symmetry adapted cartesian basis functions of AU  symmetry.
 There are     6 symmetry adapted cartesian basis functions of BU  symmetry.
 There are     6 symmetry adapted basis functions of AG  symmetry.
 There are     0 symmetry adapted basis functions of BG  symmetry.
 There are     0 symmetry adapted basis functions of AU  symmetry.
 There are     6 symmetry adapted basis functions of BU  symmetry.
    12 basis functions,   120 primitive gaussians,    12 cartesian basis functions
     6 alpha electrons        6 beta electrons
       nuclear repulsion energy        13.0370403992 Hartrees.
 NAtoms=   12 NActive=   12 NUniq=    6 SFac= 4.00D+00 NAtFMM=   60 NAOKFM=F Big=F
 Integral buffers will be    131072 words long.
 Regular integral format.
 Two-electron integral symmetry is turned on.
 One-electron integrals computed using PRISM.
 NBasis=    12 RedAO= T EigKep=  9.73D-02  NBF=     6     0     0     6
 NBsUse=    12 1.00D-06 EigRej= -1.00D+00 NBFU=     6     0     0     6
 Initial guess from the checkpoint file:  "h12.chk"
 B after Tr=     0.000000    0.000000    0.000000
         Rot=    1.000000    0.000000    0.000000    0.000000 Ang=   0.00 deg.
 Initial guess orbital symmetries:
       Occupied  (AG) (BU) (AG) (BU) (AG) (BU)
       Virtual   (AG) (BU) (AG) (BU) (AG) (BU)
 Keep R1 ints in memory in symmetry-blocked form, NReq=882770.
 Requested convergence on RMS density matrix=1.00D-08 within 128 cycles.
 Requested convergence on MAX density matrix=1.00D-06.
 Requested convergence on             energy=1.00D-06.
 No special actions if energy rises.
 Skip diagonalization as Alpha Fock matrix is already diagonal.
 SCF Done:  E(RHF) =  -5.12288272711     A.U. after    1 cycles
            NFock=  1  Conv=0.00D+00     -V/T= 1.9169
 Range of M.O.s used for correlation:     1    12
 NBasis=    12 NAE=     6 NBE=     6 NFC=     0 NFV=     0
 NROrb=     12 NOA=     6 NOB=     6 NVA=     6 NVB=     6

 **** Warning!!: The smallest alpha delta epsilon is  0.34268784D-01

 Semi-Direct transformation.
 ModeAB=           4 MOrb=             6 LenV=     134105787
 LASXX=         2181 LTotXX=        2181 LenRXX=        5115
 LTotAB=        2934 MaxLAS=        3024 LenRXY=           0
 NonZer=        7296 LenScr=      655360 LnRSAI=        3024
 LnScr1=      655360 LExtra=           0 Total=      1318859
 MaxDsk=          -1 SrtSym=           T ITran=            3
 JobTyp=0 Pass  1:  I=   1 to   6.
 (rs|ai) integrals will be sorted in core.
 Spin components of T(2) and E(2):
     alpha-alpha T2 =       0.2545305777D-04 E2=     -0.7084667927D-04
     alpha-beta  T2 =       0.1876581925D+02 E2=     -0.1317405821D+01
     beta-beta   T2 =       0.2545305777D-04 E2=     -0.7084667927D-04
 ANorm=    0.4445882382D+01
 E2 =    -0.1317547515D+01 EUMP2 =    -0.64404302417450D+01
 Second order stability test of a single determinant RHF wave function:
 Stabil:  MDV=134217728
 ***********************************************************************
 Matrix         Lowest Root    Major Pairs
 ***********************************************************************
 Internal RHF     0.440862     Stable
 RRHF --> CRHF    0.0000004    Zero root
 RRHF --> RUHF   -0.5937658    6A=7B
 Not stable.
 ***********************************************************************

 **********************************************************************

            Population analysis using the SCF density.

 **********************************************************************

 Orbital symmetries:
       Occupied  (AG) (BU) (AG) (BU) (AG) (BU)
       Virtual   (AG) (BU) (AG) (BU) (AG) (BU)
 The electronic state is 1-AG.
 Alpha  occ. eigenvalues --   -0.74353  -0.73842  -0.73086  -0.72307  -0.71692
 Alpha  occ. eigenvalues --   -0.20194
 Alpha virt. eigenvalues --   -0.16767   0.59927   0.62667   0.66682   0.70996
 Alpha virt. eigenvalues --    0.74387
          Condensed to atoms (all electrons):
               1          2          3          4          5          6
     1  H    0.537374  -0.006812  -0.006330   0.481299   0.000010  -0.005320
     2  H   -0.006812   1.012369   0.000010  -0.006807  -0.000000   0.000012
     3  H   -0.006330   0.000010   0.541207  -0.006794  -0.006369   0.483659
     4  H    0.481299  -0.006807  -0.006794   0.539634   0.000011  -0.006355
     5  H    0.000010  -0.000000  -0.006369   0.000011   0.541182  -0.006820
     6  H   -0.005320   0.000012   0.483659  -0.006355  -0.006820   0.541114
     7  H   -0.000000  -0.000000   0.000010  -0.000000  -0.006368   0.000011
     8  H    0.000008  -0.000000  -0.005342   0.000010   0.483679  -0.006368
     9  H   -0.000000   0.000000  -0.000000  -0.000000   0.000010  -0.000000
    10  H   -0.000000  -0.000000   0.000008  -0.000000  -0.005342   0.000010
    11  H    0.000000  -0.000000  -0.000000   0.000000  -0.000000  -0.000000
    12  H   -0.000000   0.000000  -0.000000  -0.000000   0.000008  -0.000000
               7          8          9         10         11         12
     1  H   -0.000000   0.000008  -0.000000  -0.000000   0.000000  -0.000000
     2  H   -0.000000  -0.000000   0.000000  -0.000000  -0.000000   0.000000
     3  H    0.000010  -0.005342  -0.000000   0.000008  -0.000000  -0.000000
     4  H   -0.000000   0.000010  -0.000000  -0.000000   0.000000  -0.000000
     5  H   -0.006368   0.483679   0.000010  -0.005342  -0.000000   0.000008
     6  H    0.000011  -0.006368  -0.000000   0.000010  -0.000000  -0.000000
     7  H    0.541114  -0.006820  -0.006355   0.483659   0.000012  -0.005320
     8  H   -0.006820   0.541182   0.000011  -0.006369  -0.000000   0.000010
     9  H   -0.006355   0.000011   0.539634  -0.006794  -0.006807   0.481299
    10  H    0.483659  -0.006369  -0.006794   0.541207   0.000010  -0.006330
    11  H    0.000012  -0.000000  -0.006807   0.000010   1.012369  -0.006812
    12  H   -0.005320   0.000010   0.481299  -0.006330  -0.006812   0.537374
 Mulliken charges:
               1
     1  H   -0.000229
     2  H    0.001228
     3  H   -0.000058
     4  H   -0.000998
     5  H    0.000000
     6  H    0.000057
     7  H    0.000057
     8  H    0.000000
     9  H   -0.000998
    10  H   -0.000058
    11  H    0.001228
    12  H   -0.000229
 Sum of Mulliken charges =  -0.00000
 Mulliken charges with hydrogens summed into heavy atoms:
               1
 Electronic spatial extent (au):  <R**2>=            938.8179
 Charge=             -0.0000 electrons
 Dipole moment (field-independent basis, Debye):
    X=              0.0000    Y=             -0.0000    Z=              0.0000  Tot=              0.0000
 Quadrupole moment (field-independent basis, Debye-Ang):
   XX=            -17.4709   YY=            -15.3281   ZZ=            -16.2363
   XY=             -0.0768   XZ=              0.0000   YZ=              0.0000
 Traceless Quadrupole moment (field-independent basis, Debye-Ang):
   XX=             -1.1258   YY=              1.0170   ZZ=              0.1088
   XY=             -0.0768   XZ=              0.0000   YZ=              0.0000
 Octapole moment (field-independent basis, Debye-Ang**2):
  XXX=             -0.0000  YYY=             -0.0000  ZZZ=             -0.0000  XYY=             -0.0000
  XXY=              0.0000  XXZ=             -0.0000  XZZ=             -0.0000  YZZ=             -0.0000
  YYZ=             -0.0000  XYZ=              0.0000
 Hexadecapole moment (field-independent basis, Debye-Ang**3):
 XXXX=          -2172.0444 YYYY=            -33.6683 ZZZZ=            -20.3713 XXXY=            -81.4397
 XXXZ=              0.0000 YYYX=            -71.8367 YYYZ=              0.0000 ZZZX=              0.0000
 ZZZY=              0.0000 XXYY=           -336.1717 XXZZ=           -345.5274 YYZZ=             -9.1071
 XXYZ=              0.0000 YYXZ=              0.0000 ZZXY=            -24.9903
 N-N= 1.303704039921D+01 E-N=-3.419740179578D+01  KE= 5.587044859737D+00
 Symmetry AG   KE= 2.750116767945D+00
 Symmetry BG   KE= 0.000000000000D+00
 Symmetry AU   KE= 0.000000000000D+00
 Symmetry BU   KE= 2.836928091793D+00

 Test job not archived.
 1\1\GINC-SULU\Stability\RHF\Gen\H12\UNKNOWN\09-Feb-2017\0\\#rhf/gen sc
 f(symm,tight,novaracc,noincfock,fulldiag) stable(crhf) guess=read geom
 =nocrowd test\\hf stability analysis of h10 triangular lattice, y= 0.2
 2474786951272291\\0,1\H\H,1,2.5786925358\H,1,2.5786925358,2,170.\H,2,2
 .5786925358,1,10.,3,0.,0\H,3,2.5786925358,1,180.,2,0.,0\H,4,2.57869253
 58,2,180.,1,0.,0\H,5,2.5786925358,3,180.,2,0.,0\H,6,2.5786925358,4,180
 .,1,0.,0\H,7,2.5786925358,5,180.,2,0.,0\H,8,2.5786925358,6,180.,1,0.,0
 \H,9,2.5786925358,7,180.,2,0.,0\H,10,2.5786925358,8,180.,1,0.,0\\Versi
 on=ES64L-G09RevE.01\State=1-AG\HF=-5.1228827\MP2=-6.4404302\RMSD=0.000
 e+00\Dipole=0.,0.,0.\Quadrupole=0.7340897,0.0808817,-0.8149713,0.,0.19
 45507,0.\PG=C02H [SGH(H12)]\\@


 AN OPTIMIST IS A GUY
 THAT HAS NEVER HAD
 MUCH EXPERIENCE
   (CERTAIN MAXIMS OF ARCHY  -- DON MARQUIS)
 Job cpu time:       0 days  0 hours  0 minutes  0.8 seconds.
 File lengths (MBytes):  RWF=     84 Int=      0 D2E=      0 Chk=      2 Scr=      2
 Normal termination of Gaussian 09 at Thu Feb  9 18:41:42 2017.
