 Entering Gaussian System, Link 0=g09
 AtFile(1): H.gbs
            H     0
            S   10   1.00
               1000.000000000000            0.000068713567
                316.227766000000            0.000169141320
                100.000000000000            0.000823394812
                 31.622776600000            0.003425569236
                 10.000000000000            0.013951996000
                  3.162277660000            0.056909313560
                  1.000000000000            0.198286399900
                  0.316227766000            0.496922426700
                  0.100000000000            0.369846276400
                  0.031622776600            0.003752720039
            ****
 Initial command:
 /projects/guscus/apps/gau/g09-e1/g09/l1.exe "/users/lcj1/gaussian/h12/rhfstability/2rows/Gau-10408.inp" -scrdir="/users/lcj1/gaussian/h12/rhfstability/2rows/"
 Entering Link 1 = /projects/guscus/apps/gau/g09-e1/g09/l1.exe PID=     10409.
  
 Copyright (c) 1988,1990,1992,1993,1995,1998,2003,2009,2015,
            Gaussian, Inc.  All Rights Reserved.
  
 This is part of the Gaussian(R) 09 program.  It is based on
 the Gaussian(R) 03 system (copyright 2003, Gaussian, Inc.),
 the Gaussian(R) 98 system (copyright 1998, Gaussian, Inc.),
 the Gaussian(R) 94 system (copyright 1995, Gaussian, Inc.),
 the Gaussian 92(TM) system (copyright 1992, Gaussian, Inc.),
 the Gaussian 90(TM) system (copyright 1990, Gaussian, Inc.),
 the Gaussian 88(TM) system (copyright 1988, Gaussian, Inc.),
 the Gaussian 86(TM) system (copyright 1986, Carnegie Mellon
 University), and the Gaussian 82(TM) system (copyright 1983,
 Carnegie Mellon University). Gaussian is a federally registered
 trademark of Gaussian, Inc.
  
 This software contains proprietary and confidential information,
 including trade secrets, belonging to Gaussian, Inc.
  
 This software is provided under written license and may be
 used, copied, transmitted, or stored only in accord with that
 written license.
  
 The following legend is applicable only to US Government
 contracts under FAR:
  
                    RESTRICTED RIGHTS LEGEND
  
 Use, reproduction and disclosure by the US Government is
 subject to restrictions as set forth in subparagraphs (a)
 and (c) of the Commercial Computer Software - Restricted
 Rights clause in FAR 52.227-19.
  
 Gaussian, Inc.
 340 Quinnipiac St., Bldg. 40, Wallingford CT 06492
  
  
 ---------------------------------------------------------------
 Warning -- This program may not be used in any manner that
 competes with the business of Gaussian, Inc. or will provide
 assistance to any competitor of Gaussian, Inc.  The licensee
 of this program is prohibited from giving any competitor of
 Gaussian, Inc. access to this program.  By using this program,
 the user acknowledges that Gaussian, Inc. is engaged in the
 business of creating and licensing software in the field of
 computational chemistry and represents and warrants to the
 licensee that it is not a competitor of Gaussian, Inc. and that
 it will not use this program in any manner prohibited above.
 ---------------------------------------------------------------
  

 Cite this work as:
 Gaussian 09, Revision E.01,
 M. J. Frisch, G. W. Trucks, H. B. Schlegel, G. E. Scuseria, 
 M. A. Robb, J. R. Cheeseman, G. Scalmani, V. Barone, B. Mennucci, 
 G. A. Petersson, H. Nakatsuji, M. Caricato, X. Li, H. P. Hratchian, 
 A. F. Izmaylov, J. Bloino, G. Zheng, J. L. Sonnenberg, M. Hada, 
 M. Ehara, K. Toyota, R. Fukuda, J. Hasegawa, M. Ishida, T. Nakajima, 
 Y. Honda, O. Kitao, H. Nakai, T. Vreven, J. A. Montgomery, Jr., 
 J. E. Peralta, F. Ogliaro, M. Bearpark, J. J. Heyd, E. Brothers, 
 K. N. Kudin, V. N. Staroverov, T. Keith, R. Kobayashi, J. Normand, 
 K. Raghavachari, A. Rendell, J. C. Burant, S. S. Iyengar, J. Tomasi, 
 M. Cossi, N. Rega, J. M. Millam, M. Klene, J. E. Knox, J. B. Cross, 
 V. Bakken, C. Adamo, J. Jaramillo, R. Gomperts, R. E. Stratmann, 
 O. Yazyev, A. J. Austin, R. Cammi, C. Pomelli, J. W. Ochterski, 
 R. L. Martin, K. Morokuma, V. G. Zakrzewski, G. A. Voth, 
 P. Salvador, J. J. Dannenberg, S. Dapprich, A. D. Daniels, 
 O. Farkas, J. B. Foresman, J. V. Ortiz, J. Cioslowski, 
 and D. J. Fox, Gaussian, Inc., Wallingford CT, 2013.
 
 ******************************************
 Gaussian 09:  ES64L-G09RevE.01 30-Nov-2015
                 9-Feb-2017 
 ******************************************
 %chk=h12.chk
 ----------------------------------------------------------------------
 #rhf/gen scf(symm,tight,novaracc,noincfock,fulldiag) stable(crhf) gues
 s=read geom=nocrowd test
 ----------------------------------------------------------------------
 1/38=1/1;
 2/12=1,17=6,18=5,40=1/2;
 3/5=7,16=1,25=1,30=1,116=1/1,2,3;
 4/5=1,9=4/1;
 5/5=100002,15=2,16=1,32=2,38=6/2;
 8/6=1,10=90,11=11/1,4;
 9/8=4,13=1/2;
 6/7=2,8=2,9=2,10=2,28=1/1;
 99/5=1,9=1/99;
 ----------------------------------------------------------------------
 hf stability analysis of h10 triangular lattice, y= 0.6837609579800398
 9
 ----------------------------------------------------------------------
 Symbolic Z-matrix:
 Charge =  0 Multiplicity = 1
 H
 H                    1     1.08651 
 H                    1     1.08651  2     102. 
 H                    2     1.08651  1     78.      3     0.       0
 H                    3     1.08651  1     180.     2     0.       0
 H                    4     1.08651  2     180.     1     0.       0
 H                    5     1.08651  3     180.     2     0.       0
 H                    6     1.08651  4     180.     1     0.       0
 H                    7     1.08651  5     180.     2     0.       0
 H                    8     1.08651  6     180.     1     0.       0
 H                    9     1.08651  7     180.     2     0.       0
 H                    10    1.08651  8     180.     1     0.       0
 
                          Input orientation:                          
 ---------------------------------------------------------------------
 Center     Atomic      Atomic             Coordinates (Angstroms)
 Number     Number       Type             X           Y           Z
 ---------------------------------------------------------------------
      1          1           0        0.000000    0.000000    0.000000
      2          1           0        0.000000    0.000000    1.086507
      3          1           0        1.062764    0.000000   -0.225897
      4          1           0        1.062764    0.000000    0.860609
      5          1           0        2.125528    0.000000   -0.451795
      6          1           0        2.125528    0.000000    0.634712
      7          1           0        3.188292    0.000000   -0.677692
      8          1           0        3.188292    0.000000    0.408814
      9          1           0        4.251056    0.000000   -0.903590
     10          1           0        4.251056    0.000000    0.182917
     11          1           0        5.313821    0.000000   -1.129487
     12          1           0        5.313821    0.000000   -0.042981
 ---------------------------------------------------------------------
                    Distance matrix (angstroms):
                    1          2          3          4          5
     1  H    0.000000
     2  H    1.086507   0.000000
     3  H    1.086507   1.688749   0.000000
     4  H    1.367522   1.086507   1.086507   0.000000
     5  H    2.173014   2.623784   1.086507   1.688749   0.000000
     6  H    2.218272   2.173014   1.367522   1.086507   1.086507
     7  H    3.259521   3.643845   2.173014   2.623784   1.086507
     8  H    3.214395   3.259521   2.218272   2.173014   1.367522
     9  H    4.346028   4.693822   3.259521   3.643845   2.173014
    10  H    4.254990   4.346028   3.214395   3.259521   2.218272
    11  H    5.432534   5.757371   4.346028   4.693822   3.259521
    12  H    5.313994   5.432534   4.254990   4.346028   3.214395
                    6          7          8          9         10
     6  H    0.000000
     7  H    1.688749   0.000000
     8  H    1.086507   1.086507   0.000000
     9  H    2.623784   1.086507   1.688749   0.000000
    10  H    2.173014   1.367522   1.086507   1.086507   0.000000
    11  H    3.643845   2.173014   2.623784   1.086507   1.688749
    12  H    3.259521   2.218272   2.173014   1.367522   1.086507
                   11         12
    11  H    0.000000
    12  H    1.086507   0.000000
 Stoichiometry    H12
 Framework group  C2H[SGH(H12)]
 Deg. of freedom    11
 Full point group                 C2H     NOp   4
 Largest Abelian subgroup         C2H     NOp   4
 Largest concise Abelian subgroup C2      NOp   2
                         Standard orientation:                         
 ---------------------------------------------------------------------
 Center     Atomic      Atomic             Coordinates (Angstroms)
 Number     Number       Type             X           Y           Z
 ---------------------------------------------------------------------
      1          1           0        1.688749    2.051283    0.000000
      2          1           0        2.533123    1.367522    0.000000
      3          1           0        0.844374    1.367522    0.000000
      4          1           0        1.688749    0.683761    0.000000
      5          1           0        0.000000    0.683761    0.000000
      6          1           0        0.844374    0.000000    0.000000
      7          1           0       -0.844374    0.000000    0.000000
      8          1           0       -0.000000   -0.683761    0.000000
      9          1           0       -1.688749   -0.683761    0.000000
     10          1           0       -0.844374   -1.367522    0.000000
     11          1           0       -2.533123   -1.367522    0.000000
     12          1           0       -1.688749   -2.051283    0.000000
 ---------------------------------------------------------------------
 Rotational constants (GHZ):    148.5887003     12.0878843     11.1784988
 General basis read from cards:  (5D, 7F)
 There are     6 symmetry adapted cartesian basis functions of AG  symmetry.
 There are     0 symmetry adapted cartesian basis functions of BG  symmetry.
 There are     0 symmetry adapted cartesian basis functions of AU  symmetry.
 There are     6 symmetry adapted cartesian basis functions of BU  symmetry.
 There are     6 symmetry adapted basis functions of AG  symmetry.
 There are     0 symmetry adapted basis functions of BG  symmetry.
 There are     0 symmetry adapted basis functions of AU  symmetry.
 There are     6 symmetry adapted basis functions of BU  symmetry.
    12 basis functions,   120 primitive gaussians,    12 cartesian basis functions
     6 alpha electrons        6 beta electrons
       nuclear repulsion energy        18.2546342341 Hartrees.
 NAtoms=   12 NActive=   12 NUniq=    6 SFac= 4.00D+00 NAtFMM=   60 NAOKFM=F Big=F
 Integral buffers will be    131072 words long.
 Regular integral format.
 Two-electron integral symmetry is turned on.
 One-electron integrals computed using PRISM.
 NBasis=    12 RedAO= T EigKep=  1.25D-01  NBF=     6     0     0     6
 NBsUse=    12 1.00D-06 EigRej= -1.00D+00 NBFU=     6     0     0     6
 Initial guess from the checkpoint file:  "h12.chk"
 B after Tr=     0.000000    0.000000    0.000000
         Rot=    0.999973    0.000000   -0.000000   -0.007349 Ang=  -0.84 deg.
 Initial guess orbital symmetries:
       Occupied  (AG) (BU) (AG) (BU) (BU) (AG)
       Virtual   (AG) (BU) (AG) (BU) (BU) (AG)
 Keep R1 ints in memory in symmetry-blocked form, NReq=900550.
 Requested convergence on RMS density matrix=1.00D-08 within 128 cycles.
 Requested convergence on MAX density matrix=1.00D-06.
 Requested convergence on             energy=1.00D-06.
 No special actions if energy rises.
 SCF Done:  E(RHF) =  -5.93048231437     A.U. after   10 cycles
            NFock= 10  Conv=0.22D-08     -V/T= 1.9806
 Range of M.O.s used for correlation:     1    12
 NBasis=    12 NAE=     6 NBE=     6 NFC=     0 NFV=     0
 NROrb=     12 NOA=     6 NOB=     6 NVA=     6 NVB=     6
 Semi-Direct transformation.
 ModeAB=           4 MOrb=             6 LenV=     134087559
 LASXX=         2181 LTotXX=        2181 LenRXX=        5115
 LTotAB=        2934 MaxLAS=        3024 LenRXY=           0
 NonZer=        7296 LenScr=      655360 LnRSAI=        3024
 LnScr1=      655360 LExtra=           0 Total=      1318859
 MaxDsk=          -1 SrtSym=           T ITran=            3
 JobTyp=0 Pass  1:  I=   1 to   6.
 (rs|ai) integrals will be sorted in core.
 Spin components of T(2) and E(2):
     alpha-alpha T2 =       0.8855174802D-02 E2=     -0.1123198878D-01
     alpha-beta  T2 =       0.7483402706D-01 E2=     -0.1037903117D+00
     beta-beta   T2 =       0.8855174802D-02 E2=     -0.1123198878D-01
 ANorm=    0.1045248476D+01
 E2 =    -0.1262542892D+00 EUMP2 =    -0.60567366035925D+01
 Second order stability test of a single determinant RHF wave function:
 Stabil:  MDV=134217728
 ***********************************************************************
 Matrix         Lowest Root    Major Pairs
 ***********************************************************************
 Internal RHF     0.1373751    Stable
 RRHF --> CRHF    0.109146     Stable

 RRHF --> RUHF   -0.0553924    6A=8B 5A=7B 4A=10B 3A=9B 2A=11B 6A=9B 4A=7B 1A=12B
  3A=8B
 Not stable.
 ***********************************************************************

 **********************************************************************

            Population analysis using the SCF density.

 **********************************************************************

 Orbital symmetries:
       Occupied  (AG) (BU) (AG) (BU) (BU) (AG)
       Virtual   (BU) (AG) (AG) (BU) (BU) (AG)
 The electronic state is 1-AG.
 Alpha  occ. eigenvalues --   -0.88649  -0.79489  -0.63703  -0.45924  -0.42825
 Alpha  occ. eigenvalues --   -0.33734
 Alpha virt. eigenvalues --    0.05486   0.05909   0.31114   0.40060   0.62582
 Alpha virt. eigenvalues --    0.88675
          Condensed to atoms (all electrons):
               1          2          3          4          5          6
     1  H    0.768609   0.151298   0.279190  -0.120041  -0.003719  -0.117806
     2  H    0.151298   0.754140  -0.140851   0.276611  -0.052795  -0.023857
     3  H    0.279190  -0.140851   1.096809  -0.286940   0.372173  -0.136924
     4  H   -0.120041   0.276611  -0.286940   0.857186  -0.106328   0.368297
     5  H   -0.003719  -0.052795   0.372173  -0.106328   0.729067   0.045819
     6  H   -0.117806  -0.023857  -0.136924   0.368297   0.045819   1.083286
     7  H    0.004169   0.006174  -0.048647  -0.013983   0.054266  -0.117030
     8  H    0.000338   0.003822  -0.043732  -0.004660  -0.087988   0.054266
     9  H   -0.000555   0.001065  -0.012012   0.003866  -0.004660  -0.013983
    10  H    0.003041  -0.000007   0.005856  -0.012012  -0.043732  -0.048647
    11  H   -0.000303  -0.000052  -0.000007   0.001065   0.003822   0.006174
    12  H    0.000048  -0.000303   0.003041  -0.000555   0.000338   0.004169
               7          8          9         10         11         12
     1  H    0.004169   0.000338  -0.000555   0.003041  -0.000303   0.000048
     2  H    0.006174   0.003822   0.001065  -0.000007  -0.000052  -0.000303
     3  H   -0.048647  -0.043732  -0.012012   0.005856  -0.000007   0.003041
     4  H   -0.013983  -0.004660   0.003866  -0.012012   0.001065  -0.000555
     5  H    0.054266  -0.087988  -0.004660  -0.043732   0.003822   0.000338
     6  H   -0.117030   0.054266  -0.013983  -0.048647   0.006174   0.004169
     7  H    1.083286   0.045819   0.368297  -0.136924  -0.023857  -0.117806
     8  H    0.045819   0.729067  -0.106328   0.372173  -0.052795  -0.003719
     9  H    0.368297  -0.106328   0.857186  -0.286940   0.276611  -0.120041
    10  H   -0.136924   0.372173  -0.286940   1.096809  -0.140851   0.279190
    11  H   -0.023857  -0.052795   0.276611  -0.140851   0.754140   0.151298
    12  H   -0.117806  -0.003719  -0.120041   0.279190   0.151298   0.768609
 Mulliken charges:
               1
     1  H    0.035732
     2  H    0.024756
     3  H   -0.087956
     4  H    0.037494
     5  H    0.093738
     6  H   -0.103764
     7  H   -0.103764
     8  H    0.093738
     9  H    0.037494
    10  H   -0.087956
    11  H    0.024756
    12  H    0.035732
 Sum of Mulliken charges =  -0.00000
 Mulliken charges with hydrogens summed into heavy atoms:
               1
 Electronic spatial extent (au):  <R**2>=            196.6390
 Charge=             -0.0000 electrons
 Dipole moment (field-independent basis, Debye):
    X=              0.0000    Y=              0.0000    Z=              0.0000  Tot=              0.0000
 Quadrupole moment (field-independent basis, Debye-Ang):
   XX=            -15.8170   YY=            -17.6545   ZZ=            -15.5483
   XY=              2.6309   XZ=              0.0000   YZ=             -0.0000
 Traceless Quadrupole moment (field-independent basis, Debye-Ang):
   XX=              0.5229   YY=             -1.3145   ZZ=              0.7916
   XY=              2.6309   XZ=              0.0000   YZ=             -0.0000
 Octapole moment (field-independent basis, Debye-Ang**2):
  XXX=              0.0000  YYY=              0.0000  ZZZ=             -0.0000  XYY=              0.0000
  XXY=              0.0000  XXZ=             -0.0000  XZZ=             -0.0000  YZZ=             -0.0000
  YYZ=             -0.0000  XYZ=              0.0000
 Hexadecapole moment (field-independent basis, Debye-Ang**3):
 XXXX=           -236.6749 YYYY=           -174.4301 ZZZZ=            -18.7423 XXXY=            -61.1338
 XXXZ=             -0.0000 YYYX=            -69.5727 YYYZ=             -0.0000 ZZZX=             -0.0000
 ZZZY=             -0.0000 XXYY=            -59.2620 XXZZ=            -42.8525 YYZZ=            -30.8366
 XXYZ=             -0.0000 YYXZ=             -0.0000 ZZXY=            -23.8331
 N-N= 1.825463423405D+01 E-N=-4.733170312284D+01  KE= 6.047968339864D+00
 Symmetry AG   KE= 2.839537156230D+00
 Symmetry BG   KE= 0.000000000000D+00
 Symmetry AU   KE= 0.000000000000D+00
 Symmetry BU   KE= 3.208431183634D+00

 Test job not archived.
 1\1\GINC-SULU\Stability\RHF\Gen\H12\UNKNOWN\09-Feb-2017\0\\#rhf/gen sc
 f(symm,tight,novaracc,noincfock,fulldiag) stable(crhf) guess=read geom
 =nocrowd test\\hf stability analysis of h10 triangular lattice, y= 0.6
 8376095798003989\\0,1\H\H,1,1.0865068917\H,1,1.0865068917,2,102.\H,2,1
 .0865068917,1,78.,3,0.,0\H,3,1.0865068917,1,180.,2,0.,0\H,4,1.08650689
 17,2,180.,1,0.,0\H,5,1.0865068917,3,180.,2,0.,0\H,6,1.0865068917,4,180
 .,1,0.,0\H,7,1.0865068917,5,180.,2,0.,0\H,8,1.0865068917,6,180.,1,0.,0
 \H,9,1.0865068917,7,180.,2,0.,0\H,10,1.0865068917,8,180.,1,0.,0\\Versi
 on=ES64L-G09RevE.01\State=1-AG\HF=-5.9304823\MP2=-6.0567366\RMSD=2.205
 e-09\Dipole=0.,0.,0.\Quadrupole=1.4769471,0.5885637,-2.0655107,0.,-1.0
 74797,0.\PG=C02H [SGH(H12)]\\@


 Cherishing children is the mark of a civilized society.
 -- Joan Ganz Cooney
 Job cpu time:       0 days  0 hours  0 minutes  1.0 seconds.
 File lengths (MBytes):  RWF=     84 Int=      0 D2E=      0 Chk=      2 Scr=      2
 Normal termination of Gaussian 09 at Thu Feb  9 18:43:00 2017.
