 Entering Gaussian System, Link 0=g09
 AtFile(1): H.gbs
            H     0
            S   10   1.00
               1000.000000000000            0.000068713567
                316.227766000000            0.000169141320
                100.000000000000            0.000823394812
                 31.622776600000            0.003425569236
                 10.000000000000            0.013951996000
                  3.162277660000            0.056909313560
                  1.000000000000            0.198286399900
                  0.316227766000            0.496922426700
                  0.100000000000            0.369846276400
                  0.031622776600            0.003752720039
            ****
 Initial command:
 /projects/guscus/apps/gau/g09-e1/g09/l1.exe "/users/lcj1/gaussian/h12/rhfstability/2rows/Gau-11054.inp" -scrdir="/users/lcj1/gaussian/h12/rhfstability/2rows/"
 Entering Link 1 = /projects/guscus/apps/gau/g09-e1/g09/l1.exe PID=     11055.
  
 Copyright (c) 1988,1990,1992,1993,1995,1998,2003,2009,2015,
            Gaussian, Inc.  All Rights Reserved.
  
 This is part of the Gaussian(R) 09 program.  It is based on
 the Gaussian(R) 03 system (copyright 2003, Gaussian, Inc.),
 the Gaussian(R) 98 system (copyright 1998, Gaussian, Inc.),
 the Gaussian(R) 94 system (copyright 1995, Gaussian, Inc.),
 the Gaussian 92(TM) system (copyright 1992, Gaussian, Inc.),
 the Gaussian 90(TM) system (copyright 1990, Gaussian, Inc.),
 the Gaussian 88(TM) system (copyright 1988, Gaussian, Inc.),
 the Gaussian 86(TM) system (copyright 1986, Carnegie Mellon
 University), and the Gaussian 82(TM) system (copyright 1983,
 Carnegie Mellon University). Gaussian is a federally registered
 trademark of Gaussian, Inc.
  
 This software contains proprietary and confidential information,
 including trade secrets, belonging to Gaussian, Inc.
  
 This software is provided under written license and may be
 used, copied, transmitted, or stored only in accord with that
 written license.
  
 The following legend is applicable only to US Government
 contracts under FAR:
  
                    RESTRICTED RIGHTS LEGEND
  
 Use, reproduction and disclosure by the US Government is
 subject to restrictions as set forth in subparagraphs (a)
 and (c) of the Commercial Computer Software - Restricted
 Rights clause in FAR 52.227-19.
  
 Gaussian, Inc.
 340 Quinnipiac St., Bldg. 40, Wallingford CT 06492
  
  
 ---------------------------------------------------------------
 Warning -- This program may not be used in any manner that
 competes with the business of Gaussian, Inc. or will provide
 assistance to any competitor of Gaussian, Inc.  The licensee
 of this program is prohibited from giving any competitor of
 Gaussian, Inc. access to this program.  By using this program,
 the user acknowledges that Gaussian, Inc. is engaged in the
 business of creating and licensing software in the field of
 computational chemistry and represents and warrants to the
 licensee that it is not a competitor of Gaussian, Inc. and that
 it will not use this program in any manner prohibited above.
 ---------------------------------------------------------------
  

 Cite this work as:
 Gaussian 09, Revision E.01,
 M. J. Frisch, G. W. Trucks, H. B. Schlegel, G. E. Scuseria, 
 M. A. Robb, J. R. Cheeseman, G. Scalmani, V. Barone, B. Mennucci, 
 G. A. Petersson, H. Nakatsuji, M. Caricato, X. Li, H. P. Hratchian, 
 A. F. Izmaylov, J. Bloino, G. Zheng, J. L. Sonnenberg, M. Hada, 
 M. Ehara, K. Toyota, R. Fukuda, J. Hasegawa, M. Ishida, T. Nakajima, 
 Y. Honda, O. Kitao, H. Nakai, T. Vreven, J. A. Montgomery, Jr., 
 J. E. Peralta, F. Ogliaro, M. Bearpark, J. J. Heyd, E. Brothers, 
 K. N. Kudin, V. N. Staroverov, T. Keith, R. Kobayashi, J. Normand, 
 K. Raghavachari, A. Rendell, J. C. Burant, S. S. Iyengar, J. Tomasi, 
 M. Cossi, N. Rega, J. M. Millam, M. Klene, J. E. Knox, J. B. Cross, 
 V. Bakken, C. Adamo, J. Jaramillo, R. Gomperts, R. E. Stratmann, 
 O. Yazyev, A. J. Austin, R. Cammi, C. Pomelli, J. W. Ochterski, 
 R. L. Martin, K. Morokuma, V. G. Zakrzewski, G. A. Voth, 
 P. Salvador, J. J. Dannenberg, S. Dapprich, A. D. Daniels, 
 O. Farkas, J. B. Foresman, J. V. Ortiz, J. Cioslowski, 
 and D. J. Fox, Gaussian, Inc., Wallingford CT, 2013.
 
 ******************************************
 Gaussian 09:  ES64L-G09RevE.01 30-Nov-2015
                 9-Feb-2017 
 ******************************************
 %chk=h12.chk
 ----------------------------------------------------------------------
 #rhf/gen scf(symm,tight,novaracc,noincfock,fulldiag) stable(crhf) gues
 s=read geom=nocrowd test
 ----------------------------------------------------------------------
 1/38=1/1;
 2/12=1,17=6,18=5,40=1/2;
 3/5=7,16=1,25=1,30=1,116=1/1,2,3;
 4/5=1,9=4/1;
 5/5=100002,15=2,16=1,32=2,38=6/2;
 8/6=1,10=90,11=11/1,4;
 9/8=4,13=1/2;
 6/7=2,8=2,9=2,10=2,28=1/1;
 99/5=1,9=1/99;
 ----------------------------------------------------------------------
 hf stability analysis of h10 triangular lattice, y= 0.9080427759821990
 7
 ----------------------------------------------------------------------
 Symbolic Z-matrix:
 Charge =  0 Multiplicity = 1
 H
 H                    1     1.10852 
 H                    1     1.10852  2     70. 
 H                    2     1.10852  1     110.     3     0.       0
 H                    3     1.10852  1     180.     2     0.       0
 H                    4     1.10852  2     180.     1     0.       0
 H                    5     1.10852  3     180.     2     0.       0
 H                    6     1.10852  4     180.     1     0.       0
 H                    7     1.10852  5     180.     2     0.       0
 H                    8     1.10852  6     180.     1     0.       0
 H                    9     1.10852  7     180.     2     0.       0
 H                    10    1.10852  8     180.     1     0.       0
 
                          Input orientation:                          
 ---------------------------------------------------------------------
 Center     Atomic      Atomic             Coordinates (Angstroms)
 Number     Number       Type             X           Y           Z
 ---------------------------------------------------------------------
      1          1           0        0.000000    0.000000    0.000000
      2          1           0        0.000000    0.000000    1.108516
      3          1           0        1.041664    0.000000    0.379135
      4          1           0        1.041664    0.000000    1.487650
      5          1           0        2.083328    0.000000    0.758269
      6          1           0        2.083328    0.000000    1.866785
      7          1           0        3.124992    0.000000    1.137404
      8          1           0        3.124992    0.000000    2.245919
      9          1           0        4.166655    0.000000    1.516539
     10          1           0        4.166655    0.000000    2.625054
     11          1           0        5.208319    0.000000    1.895673
     12          1           0        5.208319    0.000000    3.004189
 ---------------------------------------------------------------------
                    Distance matrix (angstroms):
                    1          2          3          4          5
     1  H    0.000000
     2  H    1.108516   0.000000
     3  H    1.108516   1.271637   0.000000
     4  H    1.816086   1.108516   1.108516   0.000000
     5  H    2.217031   2.112564   1.108516   1.271637   0.000000
     6  H    2.797345   2.217031   1.816086   1.108516   1.108516
     7  H    3.325547   3.125125   2.217031   2.112564   1.108516
     8  H    3.848341   3.325547   2.797345   2.217031   1.816086
     9  H    4.434062   4.186586   3.325547   3.125125   2.217031
    10  H    4.924625   4.434062   3.848341   3.325547   2.797345
    11  H    5.542578   5.267467   4.434062   4.186586   3.325547
    12  H    6.012632   5.542578   4.924625   4.434062   3.848341
                    6          7          8          9         10
     6  H    0.000000
     7  H    1.271637   0.000000
     8  H    1.108516   1.108516   0.000000
     9  H    2.112564   1.108516   1.271637   0.000000
    10  H    2.217031   1.816086   1.108516   1.108516   0.000000
    11  H    3.125125   2.217031   2.112564   1.108516   1.271637
    12  H    3.325547   2.797345   2.217031   1.816086   1.108516
                   11         12
    11  H    0.000000
    12  H    1.108516   0.000000
 Stoichiometry    H12
 Framework group  C2H[SGH(H12)]
 Deg. of freedom    11
 Full point group                 C2H     NOp   4
 Largest Abelian subgroup         C2H     NOp   4
 Largest concise Abelian subgroup C2      NOp   2
                         Standard orientation:                         
 ---------------------------------------------------------------------
 Center     Atomic      Atomic             Coordinates (Angstroms)
 Number     Number       Type             X           Y           Z
 ---------------------------------------------------------------------
      1          1           0        2.724128    1.271637   -0.000000
      2          1           0        1.816086    1.907455   -0.000000
      3          1           0        1.816086    0.635818   -0.000000
      4          1           0        0.908043    1.271637   -0.000000
      5          1           0        0.908043    0.000000    0.000000
      6          1           0       -0.000000    0.635818   -0.000000
      7          1           0       -0.000000   -0.635818   -0.000000
      8          1           0       -0.908043    0.000000    0.000000
      9          1           0       -0.908043   -1.271637    0.000000
     10          1           0       -1.816086   -0.635818    0.000000
     11          1           0       -1.816086   -1.907455    0.000000
     12          1           0       -2.724128   -1.271637    0.000000
 ---------------------------------------------------------------------
 Rotational constants (GHZ):    155.7174365     11.5345009     10.7390261
 General basis read from cards:  (5D, 7F)
 There are     6 symmetry adapted cartesian basis functions of AG  symmetry.
 There are     0 symmetry adapted cartesian basis functions of BG  symmetry.
 There are     0 symmetry adapted cartesian basis functions of AU  symmetry.
 There are     6 symmetry adapted cartesian basis functions of BU  symmetry.
 There are     6 symmetry adapted basis functions of AG  symmetry.
 There are     0 symmetry adapted basis functions of BG  symmetry.
 There are     0 symmetry adapted basis functions of AU  symmetry.
 There are     6 symmetry adapted basis functions of BU  symmetry.
    12 basis functions,   120 primitive gaussians,    12 cartesian basis functions
     6 alpha electrons        6 beta electrons
       nuclear repulsion energy        18.0435169908 Hartrees.
 NAtoms=   12 NActive=   12 NUniq=    6 SFac= 4.00D+00 NAtFMM=   60 NAOKFM=F Big=F
 Integral buffers will be    131072 words long.
 Regular integral format.
 Two-electron integral symmetry is turned on.
 One-electron integrals computed using PRISM.
 NBasis=    12 RedAO= T EigKep=  1.44D-01  NBF=     6     0     0     6
 NBsUse=    12 1.00D-06 EigRej= -1.00D+00 NBFU=     6     0     0     6
 Initial guess from the checkpoint file:  "h12.chk"
 B after Tr=    -0.000000   -0.000000   -0.000000
         Rot=    0.999973   -0.000000    0.000000    0.007349 Ang=   0.84 deg.
 Initial guess orbital symmetries:
       Occupied  (AG) (BU) (AG) (BU) (BU) (AG)
       Virtual   (AG) (BU) (AG) (BU) (BU) (AG)
 Keep R1 ints in memory in symmetry-blocked form, NReq=900606.
 Requested convergence on RMS density matrix=1.00D-08 within 128 cycles.
 Requested convergence on MAX density matrix=1.00D-06.
 Requested convergence on             energy=1.00D-06.
 No special actions if energy rises.
 SCF Done:  E(RHF) =  -5.90544513497     A.U. after   10 cycles
            NFock= 10  Conv=0.72D-08     -V/T= 1.9783
 Range of M.O.s used for correlation:     1    12
 NBasis=    12 NAE=     6 NBE=     6 NFC=     0 NFV=     0
 NROrb=     12 NOA=     6 NOB=     6 NVA=     6 NVB=     6
 Semi-Direct transformation.
 ModeAB=           4 MOrb=             6 LenV=     134087713
 LASXX=         2181 LTotXX=        2181 LenRXX=        5115
 LTotAB=        2934 MaxLAS=        3024 LenRXY=           0
 NonZer=        7296 LenScr=      655360 LnRSAI=        3024
 LnScr1=      655360 LExtra=           0 Total=      1318859
 MaxDsk=          -1 SrtSym=           T ITran=            3
 JobTyp=0 Pass  1:  I=   1 to   6.
 (rs|ai) integrals will be sorted in core.
 Spin components of T(2) and E(2):
     alpha-alpha T2 =       0.8811919042D-02 E2=     -0.1106318959D-01
     alpha-beta  T2 =       0.7668697382D-01 E2=     -0.1044829401D+00
     beta-beta   T2 =       0.8811919042D-02 E2=     -0.1106318959D-01
 ANorm=    0.1046093118D+01
 E2 =    -0.1266093193D+00 EUMP2 =    -0.60320544542822D+01
 Second order stability test of a single determinant RHF wave function:
 Stabil:  MDV=134217728
 ***********************************************************************
 Matrix         Lowest Root    Major Pairs
 ***********************************************************************
 Internal RHF     0.1254971    Stable
 RRHF --> CRHF    0.0833925    Stable

 RRHF --> RUHF   -0.0529868    6A=7B 5A=8B 4A=8B 4A=10B 3A=9B 5A=10B 6A=9B 3A=7B 
 2A=11B 2A=10B
 Not stable.
 ***********************************************************************

 **********************************************************************

            Population analysis using the SCF density.

 **********************************************************************

 Orbital symmetries:
       Occupied  (AG) (BU) (AG) (BU) (BU) (AG)
       Virtual   (AG) (BU) (AG) (BU) (BU) (AG)
 The electronic state is 1-AG.
 Alpha  occ. eigenvalues --   -0.87922  -0.78921  -0.63936  -0.44782  -0.42342
 Alpha  occ. eigenvalues --   -0.31934
 Alpha virt. eigenvalues --    0.03875   0.06399   0.32546   0.36780   0.61783
 Alpha virt. eigenvalues --    0.77456
          Condensed to atoms (all electrons):
               1          2          3          4          5          6
     1  H    0.761651   0.110131   0.296732  -0.144254  -0.021196  -0.035036
     2  H    0.110131   0.780826  -0.104331   0.307112  -0.138558   0.003177
     3  H    0.296732  -0.104331   0.786942  -0.288528   0.325011  -0.088683
     4  H   -0.144254   0.307112  -0.288528   1.196970  -0.152447   0.327522
     5  H   -0.021196  -0.138558   0.325011  -0.152447   1.177979   0.024994
     6  H   -0.035036   0.003177  -0.088683   0.327522   0.024994   0.638369
     7  H    0.003014  -0.005514   0.010688  -0.058555   0.112540  -0.079437
     8  H    0.005456   0.003272  -0.008189  -0.054729  -0.119513   0.112540
     9  H   -0.000108   0.003568  -0.009562   0.006991  -0.054729  -0.058555
    10  H    0.000617  -0.000608   0.002551  -0.009562  -0.008189   0.010688
    11  H   -0.000254   0.000133  -0.000608   0.003568   0.003272  -0.005514
    12  H   -0.000030  -0.000254   0.000617  -0.000108   0.005456   0.003014
               7          8          9         10         11         12
     1  H    0.003014   0.005456  -0.000108   0.000617  -0.000254  -0.000030
     2  H   -0.005514   0.003272   0.003568  -0.000608   0.000133  -0.000254
     3  H    0.010688  -0.008189  -0.009562   0.002551  -0.000608   0.000617
     4  H   -0.058555  -0.054729   0.006991  -0.009562   0.003568  -0.000108
     5  H    0.112540  -0.119513  -0.054729  -0.008189   0.003272   0.005456
     6  H   -0.079437   0.112540  -0.058555   0.010688  -0.005514   0.003014
     7  H    0.638369   0.024994   0.327522  -0.088683   0.003177  -0.035036
     8  H    0.024994   1.177979  -0.152447   0.325011  -0.138558  -0.021196
     9  H    0.327522  -0.152447   1.196970  -0.288528   0.307112  -0.144254
    10  H   -0.088683   0.325011  -0.288528   0.786942  -0.104331   0.296732
    11  H    0.003177  -0.138558   0.307112  -0.104331   0.780826   0.110131
    12  H   -0.035036  -0.021196  -0.144254   0.296732   0.110131   0.761651
 Mulliken charges:
               1
     1  H    0.023275
     2  H    0.041045
     3  H    0.077360
     4  H   -0.133981
     5  H   -0.154621
     6  H    0.146921
     7  H    0.146921
     8  H   -0.154621
     9  H   -0.133981
    10  H    0.077360
    11  H    0.041045
    12  H    0.023275
 Sum of Mulliken charges =  -0.00000
 Mulliken charges with hydrogens summed into heavy atoms:
               1
 Electronic spatial extent (au):  <R**2>=            202.6899
 Charge=             -0.0000 electrons
 Dipole moment (field-independent basis, Debye):
    X=              0.0000    Y=              0.0000    Z=             -0.0000  Tot=              0.0000
 Quadrupole moment (field-independent basis, Debye-Ang):
   XX=            -14.6578   YY=            -18.0989   ZZ=            -15.5842
   XY=              2.8564   XZ=             -0.0000   YZ=             -0.0000
 Traceless Quadrupole moment (field-independent basis, Debye-Ang):
   XX=              1.4558   YY=             -1.9853   ZZ=              0.5294
   XY=              2.8564   XZ=             -0.0000   YZ=             -0.0000
 Octapole moment (field-independent basis, Debye-Ang**2):
  XXX=              0.0000  YYY=             -0.0000  ZZZ=             -0.0000  XYY=              0.0000
  XXY=             -0.0000  XXZ=             -0.0000  XZZ=             -0.0000  YZZ=             -0.0000
  YYZ=              0.0000  XYZ=              0.0000
 Hexadecapole moment (field-independent basis, Debye-Ang**3):
 XXXX=           -260.2218 YYYY=           -156.2611 ZZZZ=            -18.8233 XXXY=            -54.5241
 XXXZ=              0.0000 YYYX=            -70.0642 YYYZ=              0.0000 ZZZX=              0.0000
 ZZZY=              0.0000 XXYY=            -59.7099 XXZZ=            -48.2970 YYZZ=            -27.7595
 XXYZ=              0.0000 YYXZ=              0.0000 ZZXY=            -23.7655
 N-N= 1.804351699082D+01 E-N=-4.693765981970D+01  KE= 6.036478124143D+00
 Symmetry AG   KE= 2.843013839713D+00
 Symmetry BG   KE= 0.000000000000D+00
 Symmetry AU   KE= 0.000000000000D+00
 Symmetry BU   KE= 3.193464284431D+00

 Test job not archived.
 1\1\GINC-SULU\Stability\RHF\Gen\H12\UNKNOWN\09-Feb-2017\0\\#rhf/gen sc
 f(symm,tight,novaracc,noincfock,fulldiag) stable(crhf) guess=read geom
 =nocrowd test\\hf stability analysis of h10 triangular lattice, y= 0.9
 0804277598219907\\0,1\H\H,1,1.1085155257\H,1,1.1085155257,2,70.\H,2,1.
 1085155257,1,110.,3,0.,0\H,3,1.1085155257,1,180.,2,0.,0\H,4,1.10851552
 57,2,180.,1,0.,0\H,5,1.1085155257,3,180.,2,0.,0\H,6,1.1085155257,4,180
 .,1,0.,0\H,7,1.1085155257,5,180.,2,0.,0\H,8,1.1085155257,6,180.,1,0.,0
 \H,9,1.1085155257,7,180.,2,0.,0\H,10,1.1085155257,8,180.,1,0.,0\\Versi
 on=ES64L-G09RevE.01\State=1-AG\HF=-5.9054451\MP2=-6.0320545\RMSD=7.249
 e-09\Dipole=0.,0.,0.\Quadrupole=1.3612481,0.3936227,-1.7548708,0.,1.92
 8379,0.\PG=C02H [SGH(H12)]\\@


 THOSE WITH THE GOLD MAKE THE RULES.

             -- PETER'S GOLDEN RULE
 Job cpu time:       0 days  0 hours  0 minutes  1.0 seconds.
 File lengths (MBytes):  RWF=     84 Int=      0 D2E=      0 Chk=      2 Scr=      2
 Normal termination of Gaussian 09 at Thu Feb  9 18:43:36 2017.
