 Entering Gaussian System, Link 0=g09
 AtFile(1): H.gbs
            H     0
            S   10   1.00
               1000.000000000000            0.000068713567
                316.227766000000            0.000169141320
                100.000000000000            0.000823394812
                 31.622776600000            0.003425569236
                 10.000000000000            0.013951996000
                  3.162277660000            0.056909313560
                  1.000000000000            0.198286399900
                  0.316227766000            0.496922426700
                  0.100000000000            0.369846276400
                  0.031622776600            0.003752720039
            ****
 Initial command:
 /projects/guscus/apps/gau/g09-e1/g09/l1.exe "/users/lcj1/gaussian/h12/rhfstability/2rows/Gau-10163.inp" -scrdir="/users/lcj1/gaussian/h12/rhfstability/2rows/"
 Entering Link 1 = /projects/guscus/apps/gau/g09-e1/g09/l1.exe PID=     10164.
  
 Copyright (c) 1988,1990,1992,1993,1995,1998,2003,2009,2015,
            Gaussian, Inc.  All Rights Reserved.
  
 This is part of the Gaussian(R) 09 program.  It is based on
 the Gaussian(R) 03 system (copyright 2003, Gaussian, Inc.),
 the Gaussian(R) 98 system (copyright 1998, Gaussian, Inc.),
 the Gaussian(R) 94 system (copyright 1995, Gaussian, Inc.),
 the Gaussian 92(TM) system (copyright 1992, Gaussian, Inc.),
 the Gaussian 90(TM) system (copyright 1990, Gaussian, Inc.),
 the Gaussian 88(TM) system (copyright 1988, Gaussian, Inc.),
 the Gaussian 86(TM) system (copyright 1986, Carnegie Mellon
 University), and the Gaussian 82(TM) system (copyright 1983,
 Carnegie Mellon University). Gaussian is a federally registered
 trademark of Gaussian, Inc.
  
 This software contains proprietary and confidential information,
 including trade secrets, belonging to Gaussian, Inc.
  
 This software is provided under written license and may be
 used, copied, transmitted, or stored only in accord with that
 written license.
  
 The following legend is applicable only to US Government
 contracts under FAR:
  
                    RESTRICTED RIGHTS LEGEND
  
 Use, reproduction and disclosure by the US Government is
 subject to restrictions as set forth in subparagraphs (a)
 and (c) of the Commercial Computer Software - Restricted
 Rights clause in FAR 52.227-19.
  
 Gaussian, Inc.
 340 Quinnipiac St., Bldg. 40, Wallingford CT 06492
  
  
 ---------------------------------------------------------------
 Warning -- This program may not be used in any manner that
 competes with the business of Gaussian, Inc. or will provide
 assistance to any competitor of Gaussian, Inc.  The licensee
 of this program is prohibited from giving any competitor of
 Gaussian, Inc. access to this program.  By using this program,
 the user acknowledges that Gaussian, Inc. is engaged in the
 business of creating and licensing software in the field of
 computational chemistry and represents and warrants to the
 licensee that it is not a competitor of Gaussian, Inc. and that
 it will not use this program in any manner prohibited above.
 ---------------------------------------------------------------
  

 Cite this work as:
 Gaussian 09, Revision E.01,
 M. J. Frisch, G. W. Trucks, H. B. Schlegel, G. E. Scuseria, 
 M. A. Robb, J. R. Cheeseman, G. Scalmani, V. Barone, B. Mennucci, 
 G. A. Petersson, H. Nakatsuji, M. Caricato, X. Li, H. P. Hratchian, 
 A. F. Izmaylov, J. Bloino, G. Zheng, J. L. Sonnenberg, M. Hada, 
 M. Ehara, K. Toyota, R. Fukuda, J. Hasegawa, M. Ishida, T. Nakajima, 
 Y. Honda, O. Kitao, H. Nakai, T. Vreven, J. A. Montgomery, Jr., 
 J. E. Peralta, F. Ogliaro, M. Bearpark, J. J. Heyd, E. Brothers, 
 K. N. Kudin, V. N. Staroverov, T. Keith, R. Kobayashi, J. Normand, 
 K. Raghavachari, A. Rendell, J. C. Burant, S. S. Iyengar, J. Tomasi, 
 M. Cossi, N. Rega, J. M. Millam, M. Klene, J. E. Knox, J. B. Cross, 
 V. Bakken, C. Adamo, J. Jaramillo, R. Gomperts, R. E. Stratmann, 
 O. Yazyev, A. J. Austin, R. Cammi, C. Pomelli, J. W. Ochterski, 
 R. L. Martin, K. Morokuma, V. G. Zakrzewski, G. A. Voth, 
 P. Salvador, J. J. Dannenberg, S. Dapprich, A. D. Daniels, 
 O. Farkas, J. B. Foresman, J. V. Ortiz, J. Cioslowski, 
 and D. J. Fox, Gaussian, Inc., Wallingford CT, 2013.
 
 ******************************************
 Gaussian 09:  ES64L-G09RevE.01 30-Nov-2015
                 9-Feb-2017 
 ******************************************
 %chk=h12.chk
 ----------------------------------------------------------------------
 #rhf/gen scf(symm,tight,novaracc,noincfock,fulldiag) stable(crhf) gues
 s=read geom=nocrowd test
 ----------------------------------------------------------------------
 1/38=1/1;
 2/12=1,17=6,18=5,40=1/2;
 3/5=7,16=1,25=1,30=1,116=1/1,2,3;
 4/5=1,9=4/1;
 5/5=100002,15=2,16=1,32=2,38=6/2;
 8/6=1,10=90,11=11/1,4;
 9/8=4,13=1/2;
 6/7=2,8=2,9=2,10=2,28=1/1;
 99/5=1,9=1/99;
 ----------------------------------------------------------------------
 hf stability analysis of h10 triangular lattice, y= 0.6123199016056329
 9
 ----------------------------------------------------------------------
 Symbolic Z-matrix:
 Charge =  0 Multiplicity = 1
 H
 H                    1     1.12427 
 H                    1     1.12427  2     114. 
 H                    2     1.12427  1     66.      3     0.       0
 H                    3     1.12427  1     180.     2     0.       0
 H                    4     1.12427  2     180.     1     0.       0
 H                    5     1.12427  3     180.     2     0.       0
 H                    6     1.12427  4     180.     1     0.       0
 H                    7     1.12427  5     180.     2     0.       0
 H                    8     1.12427  6     180.     1     0.       0
 H                    9     1.12427  7     180.     2     0.       0
 H                    10    1.12427  8     180.     1     0.       0
 
                          Input orientation:                          
 ---------------------------------------------------------------------
 Center     Atomic      Atomic             Coordinates (Angstroms)
 Number     Number       Type             X           Y           Z
 ---------------------------------------------------------------------
      1          1           0        0.000000    0.000000    0.000000
      2          1           0        0.000000    0.000000    1.124267
      3          1           0        1.027069    0.000000   -0.457281
      4          1           0        1.027069    0.000000    0.666987
      5          1           0        2.054139    0.000000   -0.914561
      6          1           0        2.054139    0.000000    0.209706
      7          1           0        3.081208    0.000000   -1.371842
      8          1           0        3.081208    0.000000   -0.247575
      9          1           0        4.108277    0.000000   -1.829123
     10          1           0        4.108277    0.000000   -0.704856
     11          1           0        5.135347    0.000000   -2.286404
     12          1           0        5.135347    0.000000   -1.162136
 ---------------------------------------------------------------------
                    Distance matrix (angstroms):
                    1          2          3          4          5
     1  H    0.000000
     2  H    1.124267   0.000000
     3  H    1.124267   1.885780   0.000000
     4  H    1.224640   1.124267   1.124267   0.000000
     5  H    2.248535   2.894185   1.124267   1.885780   0.000000
     6  H    2.064815   2.248535   1.224640   1.124267   1.124267
     7  H    3.372802   3.965401   2.248535   2.894185   1.124267
     8  H    3.091138   3.372802   2.064815   2.248535   1.224640
     9  H    4.497069   5.059689   3.372802   3.965401   2.248535
    10  H    4.168305   4.497069   3.091138   3.372802   2.064815
    11  H    5.621337   6.164776   4.497069   5.059689   3.372802
    12  H    5.265201   5.621337   4.168305   4.497069   3.091138
                    6          7          8          9         10
     6  H    0.000000
     7  H    1.885780   0.000000
     8  H    1.124267   1.124267   0.000000
     9  H    2.894185   1.124267   1.885780   0.000000
    10  H    2.248535   1.224640   1.124267   1.124267   0.000000
    11  H    3.965401   2.248535   2.894185   1.124267   1.885780
    12  H    3.372802   2.064815   2.248535   1.224640   1.124267
                   11         12
    11  H    0.000000
    12  H    1.124267   0.000000
 Stoichiometry    H12
 Framework group  C2H[SGH(H12)]
 Deg. of freedom    11
 Full point group                 C2H     NOp   4
 Largest Abelian subgroup         C2H     NOp   4
 Largest concise Abelian subgroup C2      NOp   2
                         Standard orientation:                         
 ---------------------------------------------------------------------
 Center     Atomic      Atomic             Coordinates (Angstroms)
 Number     Number       Type             X           Y           Z
 ---------------------------------------------------------------------
      1          1           0        1.885780    1.836960    0.000000
      2          1           0        2.828670    1.224640    0.000000
      3          1           0        0.942890    1.224640    0.000000
      4          1           0        1.885780    0.612320    0.000000
      5          1           0        0.000000    0.612320    0.000000
      6          1           0        0.942890    0.000000    0.000000
      7          1           0       -0.942890    0.000000   -0.000000
      8          1           0       -0.000000   -0.612320    0.000000
      9          1           0       -1.885780   -0.612320   -0.000000
     10          1           0       -0.942890   -1.224640   -0.000000
     11          1           0       -2.828670   -1.224640   -0.000000
     12          1           0       -1.885780   -1.836960   -0.000000
 ---------------------------------------------------------------------
 Rotational constants (GHZ):    160.8741993     11.1647675     10.4402105
 General basis read from cards:  (5D, 7F)
 There are     6 symmetry adapted cartesian basis functions of AG  symmetry.
 There are     0 symmetry adapted cartesian basis functions of BG  symmetry.
 There are     0 symmetry adapted cartesian basis functions of AU  symmetry.
 There are     6 symmetry adapted cartesian basis functions of BU  symmetry.
 There are     6 symmetry adapted basis functions of AG  symmetry.
 There are     0 symmetry adapted basis functions of BG  symmetry.
 There are     0 symmetry adapted basis functions of AU  symmetry.
 There are     6 symmetry adapted basis functions of BU  symmetry.
    12 basis functions,   120 primitive gaussians,    12 cartesian basis functions
     6 alpha electrons        6 beta electrons
       nuclear repulsion energy        17.8975153617 Hartrees.
 NAtoms=   12 NActive=   12 NUniq=    6 SFac= 4.00D+00 NAtFMM=   60 NAOKFM=F Big=F
 Integral buffers will be    131072 words long.
 Regular integral format.
 Two-electron integral symmetry is turned on.
 One-electron integrals computed using PRISM.
 NBasis=    12 RedAO= T EigKep=  1.57D-01  NBF=     6     0     0     6
 NBsUse=    12 1.00D-06 EigRej= -1.00D+00 NBFU=     6     0     0     6
 Initial guess from the checkpoint file:  "h12.chk"
 B after Tr=     0.000000    0.000000    0.000000
         Rot=    0.999973    0.000000    0.000000   -0.007349 Ang=  -0.84 deg.
 Initial guess orbital symmetries:
       Occupied  (AG) (BU) (AG) (BU) (BU) (AG)
       Virtual   (AG) (BU) (BU) (AG) (BU) (AG)
 Keep R1 ints in memory in symmetry-blocked form, NReq=900564.
 Requested convergence on RMS density matrix=1.00D-08 within 128 cycles.
 Requested convergence on MAX density matrix=1.00D-06.
 Requested convergence on             energy=1.00D-06.
 No special actions if energy rises.
 SCF Done:  E(RHF) =  -5.88560093275     A.U. after   11 cycles
            NFock= 11  Conv=0.18D-08     -V/T= 1.9757
 Range of M.O.s used for correlation:     1    12
 NBasis=    12 NAE=     6 NBE=     6 NFC=     0 NFV=     0
 NROrb=     12 NOA=     6 NOB=     6 NVA=     6 NVB=     6
 Semi-Direct transformation.
 ModeAB=           4 MOrb=             6 LenV=     134087685
 LASXX=         2181 LTotXX=        2181 LenRXX=        5115
 LTotAB=        2934 MaxLAS=        3024 LenRXY=           0
 NonZer=        7296 LenScr=      655360 LnRSAI=        3024
 LnScr1=      655360 LExtra=           0 Total=      1318859
 MaxDsk=          -1 SrtSym=           T ITran=            3
 JobTyp=0 Pass  1:  I=   1 to   6.
 (rs|ai) integrals will be sorted in core.
 Spin components of T(2) and E(2):
     alpha-alpha T2 =       0.8721191426D-02 E2=     -0.1088005002D-01
     alpha-beta  T2 =       0.7862415522D-01 E2=     -0.1056460648D+00
     beta-beta   T2 =       0.8721191426D-02 E2=     -0.1088005002D-01
 ANorm=    0.1046931964D+01
 E2 =    -0.1274061648D+00 EUMP2 =    -0.60130070975660D+01
 Second order stability test of a single determinant RHF wave function:
 Stabil:  MDV=134217728
 ***********************************************************************
 Matrix         Lowest Root    Major Pairs
 ***********************************************************************
 Internal RHF     0.1069014    Stable
 RRHF --> CRHF    0.0664561    Stable

 RRHF --> RUHF   -0.0546454    6A=7B 4A=8B 5A=8B 4A=10B 5A=10B 3A=9B 3A=7B 6A=9B 
 2A=11B 2A=10B
 Not stable.
 ***********************************************************************

 **********************************************************************

            Population analysis using the SCF density.

 **********************************************************************

 Orbital symmetries:
       Occupied  (AG) (BU) (AG) (BU) (BU) (AG)
       Virtual   (AG) (BU) (AG) (BU) (BU) (AG)
 The electronic state is 1-AG.
 Alpha  occ. eigenvalues --   -0.87433  -0.78561  -0.64103  -0.44586  -0.41354
 Alpha  occ. eigenvalues --   -0.30739
 Alpha virt. eigenvalues --    0.02707   0.06998   0.33312   0.34455   0.61534
 Alpha virt. eigenvalues --    0.70812
          Condensed to atoms (all electrons):
               1          2          3          4          5          6
     1  H    0.784768   0.079152   0.324903  -0.089662   0.004421  -0.146766
     2  H    0.079152   0.779070  -0.147974   0.308655  -0.027058  -0.017257
     3  H    0.324903  -0.147974   1.257043  -0.283118   0.292034  -0.162164
     4  H   -0.089662   0.308655  -0.283118   0.744128  -0.077107   0.291992
     5  H    0.004421  -0.027058   0.292034  -0.077107   0.607174   0.014500
     6  H   -0.146766  -0.017257  -0.162164   0.291992   0.014500   1.211506
     7  H    0.003023   0.004867  -0.054411  -0.006650   0.153591  -0.121006
     8  H   -0.009512   0.002933  -0.069597   0.017732  -0.076459   0.153591
     9  H   -0.000535   0.000450  -0.007874   0.001790   0.017732  -0.006650
    10  H    0.003721  -0.000266   0.008241  -0.007874  -0.069597  -0.054411
    11  H   -0.000228  -0.000016  -0.000266   0.000450   0.002933   0.004867
    12  H    0.000166  -0.000228   0.003721  -0.000535  -0.009512   0.003023
               7          8          9         10         11         12
     1  H    0.003023  -0.009512  -0.000535   0.003721  -0.000228   0.000166
     2  H    0.004867   0.002933   0.000450  -0.000266  -0.000016  -0.000228
     3  H   -0.054411  -0.069597  -0.007874   0.008241  -0.000266   0.003721
     4  H   -0.006650   0.017732   0.001790  -0.007874   0.000450  -0.000535
     5  H    0.153591  -0.076459   0.017732  -0.069597   0.002933  -0.009512
     6  H   -0.121006   0.153591  -0.006650  -0.054411   0.004867   0.003023
     7  H    1.211506   0.014500   0.291992  -0.162164  -0.017257  -0.146766
     8  H    0.014500   0.607174  -0.077107   0.292034  -0.027058   0.004421
     9  H    0.291992  -0.077107   0.744128  -0.283118   0.308655  -0.089662
    10  H   -0.162164   0.292034  -0.283118   1.257043  -0.147974   0.324903
    11  H   -0.017257  -0.027058   0.308655  -0.147974   0.779070   0.079152
    12  H   -0.146766   0.004421  -0.089662   0.324903   0.079152   0.784768
 Mulliken charges:
               1
     1  H    0.046548
     2  H    0.017670
     3  H   -0.160538
     4  H    0.100199
     5  H    0.167348
     6  H   -0.171226
     7  H   -0.171226
     8  H    0.167348
     9  H    0.100199
    10  H   -0.160538
    11  H    0.017670
    12  H    0.046548
 Sum of Mulliken charges =   0.00000
 Mulliken charges with hydrogens summed into heavy atoms:
               1
 Electronic spatial extent (au):  <R**2>=            207.2381
 Charge=              0.0000 electrons
 Dipole moment (field-independent basis, Debye):
    X=             -0.0000    Y=              0.0000    Z=              0.0000  Tot=              0.0000
 Quadrupole moment (field-independent basis, Debye-Ang):
   XX=            -14.1275   YY=            -18.3057   ZZ=            -15.6058
   XY=              2.8920   XZ=              0.0000   YZ=              0.0000
 Traceless Quadrupole moment (field-independent basis, Debye-Ang):
   XX=              1.8855   YY=             -2.2927   ZZ=              0.4072
   XY=              2.8920   XZ=              0.0000   YZ=              0.0000
 Octapole moment (field-independent basis, Debye-Ang**2):
  XXX=              0.0000  YYY=             -0.0000  ZZZ=             -0.0000  XYY=              0.0000
  XXY=              0.0000  XXZ=             -0.0000  XZZ=             -0.0000  YZZ=             -0.0000
  YYZ=              0.0000  XYZ=              0.0000
 Hexadecapole moment (field-independent basis, Debye-Ang**3):
 XXXX=           -276.1903 YYYY=           -147.1635 ZZZZ=            -18.8733 XXXY=            -51.5211
 XXXZ=             -0.0000 YYYX=            -69.9886 YYYZ=             -0.0000 ZZZX=             -0.0000
 ZZZY=             -0.0000 XXYY=            -60.4857 XXZZ=            -51.4853 YYZZ=            -26.3239
 XXYZ=             -0.0000 YYXZ=             -0.0000 ZZXY=            -23.7406
 N-N= 1.789751536173D+01 E-N=-4.666283915681D+01  KE= 6.032134575640D+00
 Symmetry AG   KE= 2.845930251661D+00
 Symmetry BG   KE= 0.000000000000D+00
 Symmetry AU   KE= 0.000000000000D+00
 Symmetry BU   KE= 3.186204323979D+00

 Test job not archived.
 1\1\GINC-SULU\Stability\RHF\Gen\H12\UNKNOWN\09-Feb-2017\0\\#rhf/gen sc
 f(symm,tight,novaracc,noincfock,fulldiag) stable(crhf) guess=read geom
 =nocrowd test\\hf stability analysis of h10 triangular lattice, y= 0.6
 1231990160563299\\0,1\H\H,1,1.1242673535\H,1,1.1242673535,2,114.\H,2,1
 .1242673535,1,66.,3,0.,0\H,3,1.1242673535,1,180.,2,0.,0\H,4,1.12426735
 35,2,180.,1,0.,0\H,5,1.1242673535,3,180.,2,0.,0\H,6,1.1242673535,4,180
 .,1,0.,0\H,7,1.1242673535,5,180.,2,0.,0\H,8,1.1242673535,6,180.,1,0.,0
 \H,9,1.1242673535,7,180.,2,0.,0\H,10,1.1242673535,8,180.,1,0.,0\\Versi
 on=ES64L-G09RevE.01\State=1-AG\HF=-5.8856009\MP2=-6.0130071\RMSD=1.796
 e-09\Dipole=0.,0.,0.\Quadrupole=1.1811549,0.3027185,-1.4838735,0.,-2.2
 934435,0.\PG=C02H [SGH(H12)]\\@


 THE TRULY SUCCESSFUL PERFORMANCE OF RESEARCHES IN
 INORGANIC CHEMISTRY IS POSSIBLE ONLY TO ONE WHO IS NOT
 ONLY A THEORETICAL CHEMIST, BUT ALSO AN ACCOMPLISHED
 ANALYST AND, MOREOVER, NOT MERELY A PRACTICALLY TRAINED,
 MECHANICAL WORKER, BUT A THINKING CREATIVE ARTIST.
   --  CLEMENS WINKLER, BER. 33, 1697(1900)
 Job cpu time:       0 days  0 hours  0 minutes  1.0 seconds.
 File lengths (MBytes):  RWF=     84 Int=      0 D2E=      0 Chk=      2 Scr=      2
 Normal termination of Gaussian 09 at Thu Feb  9 18:42:46 2017.
