 Entering Gaussian System, Link 0=g09
 AtFile(1): H.gbs
            H     0
            S   10   1.00
               1000.000000000000            0.000068713567
                316.227766000000            0.000169141320
                100.000000000000            0.000823394812
                 31.622776600000            0.003425569236
                 10.000000000000            0.013951996000
                  3.162277660000            0.056909313560
                  1.000000000000            0.198286399900
                  0.316227766000            0.496922426700
                  0.100000000000            0.369846276400
                  0.031622776600            0.003752720039
            ****
 Initial command:
 /projects/guscus/apps/gau/g09-e1/g09/l1.exe "/users/lcj1/gaussian/h12/rhfstability/2rows/Gau-11579.inp" -scrdir="/users/lcj1/gaussian/h12/rhfstability/2rows/"
 Entering Link 1 = /projects/guscus/apps/gau/g09-e1/g09/l1.exe PID=     11580.
  
 Copyright (c) 1988,1990,1992,1993,1995,1998,2003,2009,2015,
            Gaussian, Inc.  All Rights Reserved.
  
 This is part of the Gaussian(R) 09 program.  It is based on
 the Gaussian(R) 03 system (copyright 2003, Gaussian, Inc.),
 the Gaussian(R) 98 system (copyright 1998, Gaussian, Inc.),
 the Gaussian(R) 94 system (copyright 1995, Gaussian, Inc.),
 the Gaussian 92(TM) system (copyright 1992, Gaussian, Inc.),
 the Gaussian 90(TM) system (copyright 1990, Gaussian, Inc.),
 the Gaussian 88(TM) system (copyright 1988, Gaussian, Inc.),
 the Gaussian 86(TM) system (copyright 1986, Carnegie Mellon
 University), and the Gaussian 82(TM) system (copyright 1983,
 Carnegie Mellon University). Gaussian is a federally registered
 trademark of Gaussian, Inc.
  
 This software contains proprietary and confidential information,
 including trade secrets, belonging to Gaussian, Inc.
  
 This software is provided under written license and may be
 used, copied, transmitted, or stored only in accord with that
 written license.
  
 The following legend is applicable only to US Government
 contracts under FAR:
  
                    RESTRICTED RIGHTS LEGEND
  
 Use, reproduction and disclosure by the US Government is
 subject to restrictions as set forth in subparagraphs (a)
 and (c) of the Commercial Computer Software - Restricted
 Rights clause in FAR 52.227-19.
  
 Gaussian, Inc.
 340 Quinnipiac St., Bldg. 40, Wallingford CT 06492
  
  
 ---------------------------------------------------------------
 Warning -- This program may not be used in any manner that
 competes with the business of Gaussian, Inc. or will provide
 assistance to any competitor of Gaussian, Inc.  The licensee
 of this program is prohibited from giving any competitor of
 Gaussian, Inc. access to this program.  By using this program,
 the user acknowledges that Gaussian, Inc. is engaged in the
 business of creating and licensing software in the field of
 computational chemistry and represents and warrants to the
 licensee that it is not a competitor of Gaussian, Inc. and that
 it will not use this program in any manner prohibited above.
 ---------------------------------------------------------------
  

 Cite this work as:
 Gaussian 09, Revision E.01,
 M. J. Frisch, G. W. Trucks, H. B. Schlegel, G. E. Scuseria, 
 M. A. Robb, J. R. Cheeseman, G. Scalmani, V. Barone, B. Mennucci, 
 G. A. Petersson, H. Nakatsuji, M. Caricato, X. Li, H. P. Hratchian, 
 A. F. Izmaylov, J. Bloino, G. Zheng, J. L. Sonnenberg, M. Hada, 
 M. Ehara, K. Toyota, R. Fukuda, J. Hasegawa, M. Ishida, T. Nakajima, 
 Y. Honda, O. Kitao, H. Nakai, T. Vreven, J. A. Montgomery, Jr., 
 J. E. Peralta, F. Ogliaro, M. Bearpark, J. J. Heyd, E. Brothers, 
 K. N. Kudin, V. N. Staroverov, T. Keith, R. Kobayashi, J. Normand, 
 K. Raghavachari, A. Rendell, J. C. Burant, S. S. Iyengar, J. Tomasi, 
 M. Cossi, N. Rega, J. M. Millam, M. Klene, J. E. Knox, J. B. Cross, 
 V. Bakken, C. Adamo, J. Jaramillo, R. Gomperts, R. E. Stratmann, 
 O. Yazyev, A. J. Austin, R. Cammi, C. Pomelli, J. W. Ochterski, 
 R. L. Martin, K. Morokuma, V. G. Zakrzewski, G. A. Voth, 
 P. Salvador, J. J. Dannenberg, S. Dapprich, A. D. Daniels, 
 O. Farkas, J. B. Foresman, J. V. Ortiz, J. Cioslowski, 
 and D. J. Fox, Gaussian, Inc., Wallingford CT, 2013.
 
 ******************************************
 Gaussian 09:  ES64L-G09RevE.01 30-Nov-2015
                 9-Feb-2017 
 ******************************************
 %chk=h12.chk
 ----------------------------------------------------------------------
 #rhf/gen scf(symm,tight,novaracc,noincfock,fulldiag) stable(crhf) gues
 s=read geom=nocrowd test
 ----------------------------------------------------------------------
 1/38=1/1;
 2/12=1,17=6,18=5,40=1/2;
 3/5=7,16=1,25=1,30=1,116=1/1,2,3;
 4/5=1,9=4/1;
 5/5=100002,15=2,16=1,32=2,38=6/2;
 8/6=1,10=90,11=11/1,4;
 9/8=4,13=1/2;
 6/7=2,8=2,9=2,10=2,28=1/1;
 99/5=1,9=1/99;
 ----------------------------------------------------------------------
 hf stability analysis of h10 triangular lattice, y= 1.1954046164231349
 ----------------------------------------------------------------------
 Symbolic Z-matrix:
 Charge =  0 Multiplicity = 1
 H
 H                    1     1.28929 
 H                    1     1.28929  2     44. 
 H                    2     1.28929  1     136.     3     0.       0
 H                    3     1.28929  1     180.     2     0.       0
 H                    4     1.28929  2     180.     1     0.       0
 H                    5     1.28929  3     180.     2     0.       0
 H                    6     1.28929  4     180.     1     0.       0
 H                    7     1.28929  5     180.     2     0.       0
 H                    8     1.28929  6     180.     1     0.       0
 H                    9     1.28929  7     180.     2     0.       0
 H                    10    1.28929  8     180.     1     0.       0
 
                          Input orientation:                          
 ---------------------------------------------------------------------
 Center     Atomic      Atomic             Coordinates (Angstroms)
 Number     Number       Type             X           Y           Z
 ---------------------------------------------------------------------
      1          1           0        0.000000    0.000000    0.000000
      2          1           0        0.000000    0.000000    1.289285
      3          1           0        0.895613    0.000000    0.927434
      4          1           0        0.895613    0.000000    2.216720
      5          1           0        1.791226    0.000000    1.854869
      6          1           0        1.791226    0.000000    3.144154
      7          1           0        2.686839    0.000000    2.782303
      8          1           0        2.686839    0.000000    4.071588
      9          1           0        3.582452    0.000000    3.709737
     10          1           0        3.582452    0.000000    4.999023
     11          1           0        4.478064    0.000000    4.637171
     12          1           0        4.478064    0.000000    5.926457
 ---------------------------------------------------------------------
                    Distance matrix (angstroms):
                    1          2          3          4          5
     1  H    0.000000
     2  H    1.289285   0.000000
     3  H    1.289285   0.965950   0.000000
     4  H    2.390809   1.289285   1.289285   0.000000
     5  H    2.578571   1.878397   1.289285   0.965950   0.000000
     6  H    3.618590   2.578571   2.390809   1.289285   1.289285
     7  H    3.867856   3.073793   2.578571   1.878397   1.289285
     8  H    4.878210   3.867856   3.618590   2.578571   2.390809
     9  H    5.157142   4.323488   3.867856   3.073793   2.578571
    10  H    6.150137   5.157142   4.878210   3.867856   3.618590
    11  H    6.446427   5.591190   5.157142   4.323488   3.867856
    12  H    7.428052   6.446427   6.150137   5.157142   4.878210
                    6          7          8          9         10
     6  H    0.000000
     7  H    0.965950   0.000000
     8  H    1.289285   1.289285   0.000000
     9  H    1.878397   1.289285   0.965950   0.000000
    10  H    2.578571   2.390809   1.289285   1.289285   0.000000
    11  H    3.073793   2.578571   1.878397   1.289285   0.965950
    12  H    3.867856   3.618590   2.578571   2.390809   1.289285
                   11         12
    11  H    0.000000
    12  H    1.289285   0.000000
 Stoichiometry    H12
 Framework group  C2H[SGH(H12)]
 Deg. of freedom    11
 Full point group                 C2H     NOp   4
 Largest Abelian subgroup         C2H     NOp   4
 Largest concise Abelian subgroup C2      NOp   2
                         Standard orientation:                         
 ---------------------------------------------------------------------
 Center     Atomic      Atomic             Coordinates (Angstroms)
 Number     Number       Type             X           Y           Z
 ---------------------------------------------------------------------
      1          1           0        3.586214    0.965950    0.000000
      2          1           0        2.390809    1.448924    0.000000
      3          1           0        2.390809    0.482975    0.000000
      4          1           0        1.195405    0.965950    0.000000
      5          1           0        1.195405    0.000000    0.000000
      6          1           0        0.000000    0.482975    0.000000
      7          1           0       -0.000000   -0.482975    0.000000
      8          1           0       -1.195405    0.000000    0.000000
      9          1           0       -1.195405   -0.965950    0.000000
     10          1           0       -2.390809   -0.482975    0.000000
     11          1           0       -2.390809   -1.448924    0.000000
     12          1           0       -3.586214   -0.965950    0.000000
 ---------------------------------------------------------------------
 Rotational constants (GHZ):    218.0097584      8.2387263      7.9387172
 General basis read from cards:  (5D, 7F)
 There are     6 symmetry adapted cartesian basis functions of AG  symmetry.
 There are     0 symmetry adapted cartesian basis functions of BG  symmetry.
 There are     0 symmetry adapted cartesian basis functions of AU  symmetry.
 There are     6 symmetry adapted cartesian basis functions of BU  symmetry.
 There are     6 symmetry adapted basis functions of AG  symmetry.
 There are     0 symmetry adapted basis functions of BG  symmetry.
 There are     0 symmetry adapted basis functions of AU  symmetry.
 There are     6 symmetry adapted basis functions of BU  symmetry.
    12 basis functions,   120 primitive gaussians,    12 cartesian basis functions
     6 alpha electrons        6 beta electrons
       nuclear repulsion energy        16.5866885061 Hartrees.
 NAtoms=   12 NActive=   12 NUniq=    6 SFac= 4.00D+00 NAtFMM=   60 NAOKFM=F Big=F
 Integral buffers will be    131072 words long.
 Regular integral format.
 Two-electron integral symmetry is turned on.
 One-electron integrals computed using PRISM.
 NBasis=    12 RedAO= T EigKep=  1.80D-01  NBF=     6     0     0     6
 NBsUse=    12 1.00D-06 EigRej= -1.00D+00 NBFU=     6     0     0     6
 Initial guess from the checkpoint file:  "h12.chk"
 B after Tr=     0.000000    0.000000    0.000000
         Rot=    0.999973   -0.000000    0.000000    0.007349 Ang=   0.84 deg.
 Initial guess orbital symmetries:
       Occupied  (AG) (BU) (AG) (BU) (AG) (BU)
       Virtual   (AG) (BU) (BU) (AG) (AG) (BU)
 Keep R1 ints in memory in symmetry-blocked form, NReq=897778.
 Requested convergence on RMS density matrix=1.00D-08 within 128 cycles.
 Requested convergence on MAX density matrix=1.00D-06.
 Requested convergence on             energy=1.00D-06.
 No special actions if energy rises.
 SCF Done:  E(RHF) =  -5.74691016424     A.U. after   12 cycles
            NFock= 12  Conv=0.34D-08     -V/T= 1.9485
 Range of M.O.s used for correlation:     1    12
 NBasis=    12 NAE=     6 NBE=     6 NFC=     0 NFV=     0
 NROrb=     12 NOA=     6 NOB=     6 NVA=     6 NVB=     6
 Semi-Direct transformation.
 ModeAB=           4 MOrb=             6 LenV=     134090359
 LASXX=         2181 LTotXX=        2181 LenRXX=        5115
 LTotAB=        2934 MaxLAS=        3024 LenRXY=           0
 NonZer=        7296 LenScr=      655360 LnRSAI=        3024
 LnScr1=      655360 LExtra=           0 Total=      1318859
 MaxDsk=          -1 SrtSym=           T ITran=            3
 JobTyp=0 Pass  1:  I=   1 to   6.
 (rs|ai) integrals will be sorted in core.
 Spin components of T(2) and E(2):
     alpha-alpha T2 =       0.8140636280D-02 E2=     -0.8893184380D-02
     alpha-beta  T2 =       0.1422890756D+00 E2=     -0.1421353600D+00
     beta-beta   T2 =       0.8140636280D-02 E2=     -0.8893184380D-02
 ANorm=    0.1076369058D+01
 E2 =    -0.1599217287D+00 EUMP2 =    -0.59068318929716D+01
 Second order stability test of a single determinant RHF wave function:
 Stabil:  MDV=134217728
 ***********************************************************************
 Matrix         Lowest Root    Major Pairs
 ***********************************************************************
 Internal RHF     0.092496     Stable
 RRHF --> CRHF    0.0625634    Stable
 RRHF --> RUHF   -0.1474128    6A=7B
 Not stable.
 ***********************************************************************

 **********************************************************************

            Population analysis using the SCF density.

 **********************************************************************

 Orbital symmetries:
       Occupied  (AG) (BU) (AG) (BU) (AG) (BU)
       Virtual   (AG) (BU) (AG) (BU) (AG) (BU)
 The electronic state is 1-AG.
 Alpha  occ. eigenvalues --   -0.81523  -0.77029  -0.64738  -0.48058  -0.27639
 Alpha  occ. eigenvalues --   -0.22235
 Alpha virt. eigenvalues --    0.03817   0.07850   0.21645   0.24844   0.46692
 Alpha virt. eigenvalues --    0.64134
          Condensed to atoms (all electrons):
               1          2          3          4          5          6
     1  H    1.040651   0.054678   0.142147  -0.125592  -0.020899   0.004592
     2  H    0.054678   0.655849   0.144623   0.152189  -0.132225   0.012539
     3  H    0.142147   0.144623   0.514090  -0.032683   0.102610  -0.049080
     4  H   -0.125592   0.152189  -0.032683   1.245318   0.043004   0.009891
     5  H   -0.020899  -0.132225   0.102610   0.043004   1.083330  -0.175448
     6  H    0.004592   0.012539  -0.049080   0.009891  -0.175448   1.021438
     7  H    0.009614  -0.025233   0.006238  -0.194823   0.236863   0.158543
     8  H   -0.000315   0.007779  -0.005430   0.029736  -0.110409   0.236863
     9  H   -0.000299  -0.000873   0.004677  -0.005448   0.029736  -0.194823
    10  H   -0.000054   0.000316  -0.000232   0.004677  -0.005430   0.006238
    11  H   -0.000004  -0.000216   0.000316  -0.000873   0.007779  -0.025233
    12  H    0.000011  -0.000004  -0.000054  -0.000299  -0.000315   0.009614
               7          8          9         10         11         12
     1  H    0.009614  -0.000315  -0.000299  -0.000054  -0.000004   0.000011
     2  H   -0.025233   0.007779  -0.000873   0.000316  -0.000216  -0.000004
     3  H    0.006238  -0.005430   0.004677  -0.000232   0.000316  -0.000054
     4  H   -0.194823   0.029736  -0.005448   0.004677  -0.000873  -0.000299
     5  H    0.236863  -0.110409   0.029736  -0.005430   0.007779  -0.000315
     6  H    0.158543   0.236863  -0.194823   0.006238  -0.025233   0.009614
     7  H    1.021438  -0.175448   0.009891  -0.049080   0.012539   0.004592
     8  H   -0.175448   1.083330   0.043004   0.102610  -0.132225  -0.020899
     9  H    0.009891   0.043004   1.245318  -0.032683   0.152189  -0.125592
    10  H   -0.049080   0.102610  -0.032683   0.514090   0.144623   0.142147
    11  H    0.012539  -0.132225   0.152189   0.144623   0.655849   0.054678
    12  H    0.004592  -0.020899  -0.125592   0.142147   0.054678   1.040651
 Mulliken charges:
               1
     1  H   -0.104530
     2  H    0.130577
     3  H    0.172779
     4  H   -0.125097
     5  H   -0.058597
     6  H   -0.015132
     7  H   -0.015132
     8  H   -0.058597
     9  H   -0.125097
    10  H    0.172779
    11  H    0.130577
    12  H   -0.104530
 Sum of Mulliken charges =  -0.00000
 Mulliken charges with hydrogens summed into heavy atoms:
               1
 Electronic spatial extent (au):  <R**2>=            262.3236
 Charge=             -0.0000 electrons
 Dipole moment (field-independent basis, Debye):
    X=             -0.0000    Y=              0.0000    Z=              0.0000  Tot=              0.0000
 Quadrupole moment (field-independent basis, Debye-Ang):
   XX=            -17.6432   YY=            -16.1315   ZZ=            -15.6615
   XY=              1.1393   XZ=              0.0000   YZ=             -0.0000
 Traceless Quadrupole moment (field-independent basis, Debye-Ang):
   XX=             -1.1645   YY=              0.3472   ZZ=              0.8173
   XY=              1.1393   XZ=              0.0000   YZ=             -0.0000
 Octapole moment (field-independent basis, Debye-Ang**2):
  XXX=             -0.0000  YYY=             -0.0000  ZZZ=             -0.0000  XYY=              0.0000
  XXY=              0.0000  XXZ=             -0.0000  XZZ=             -0.0000  YZZ=             -0.0000
  YYZ=             -0.0000  XYZ=              0.0000
 Hexadecapole moment (field-independent basis, Debye-Ang**3):
 XXXX=           -583.8190 YYYY=            -88.7658 ZZZZ=            -19.0283 XXXY=            -94.4259
 XXXZ=              0.0000 YYYX=            -68.6221 YYYZ=              0.0000 ZZZX=              0.0000
 ZZZY=              0.0000 XXYY=            -91.0419 XXZZ=            -80.3731 YYZZ=            -18.5158
 XXYZ=              0.0000 YYXZ=              0.0000 ZZXY=            -24.4384
 N-N= 1.658668850611D+01 E-N=-4.430157011987D+01  KE= 6.058821787444D+00
 Symmetry AG   KE= 2.843935890738D+00
 Symmetry BG   KE= 0.000000000000D+00
 Symmetry AU   KE= 0.000000000000D+00
 Symmetry BU   KE= 3.214885896706D+00

 Test job not archived.
 1\1\GINC-SULU\Stability\RHF\Gen\H12\UNKNOWN\09-Feb-2017\0\\#rhf/gen sc
 f(symm,tight,novaracc,noincfock,fulldiag) stable(crhf) guess=read geom
 =nocrowd test\\hf stability analysis of h10 triangular lattice, y= 1.1
 954046164231349\\0,1\H\H,1,1.2892853932\H,1,1.2892853932,2,44.\H,2,1.2
 892853932,1,136.,3,0.,0\H,3,1.2892853932,1,180.,2,0.,0\H,4,1.289285393
 2,2,180.,1,0.,0\H,5,1.2892853932,3,180.,2,0.,0\H,6,1.2892853932,4,180.
 ,1,0.,0\H,7,1.2892853932,5,180.,2,0.,0\H,8,1.2892853932,6,180.,1,0.,0\
 H,9,1.2892853932,7,180.,2,0.,0\H,10,1.2892853932,8,180.,1,0.,0\\Versio
 n=ES64L-G09RevE.01\State=1-AG\HF=-5.7469102\MP2=-5.9068319\RMSD=3.441e
 -09\Dipole=0.,0.,0.\Quadrupole=0.6888402,0.6076066,-1.2964468,0.,0.218
 9332,0.\PG=C02H [SGH(H12)]\\@


    WHAT WE HAVE LEARNED
 IS LIKE A HANDFUL OF EARTH;
  WHAT WE HAVE YET TO LEARN
   IS LIKE THE WHOLE WORLD.

         -- AVVAYIAR
 Job cpu time:       0 days  0 hours  0 minutes  0.9 seconds.
 File lengths (MBytes):  RWF=     84 Int=      0 D2E=      0 Chk=      2 Scr=      2
 Normal termination of Gaussian 09 at Thu Feb  9 18:44:06 2017.
