 Entering Gaussian System, Link 0=g09
 AtFile(1): H.gbs
            H     0
            S   10   1.00
               1000.000000000000            0.000068713567
                316.227766000000            0.000169141320
                100.000000000000            0.000823394812
                 31.622776600000            0.003425569236
                 10.000000000000            0.013951996000
                  3.162277660000            0.056909313560
                  1.000000000000            0.198286399900
                  0.316227766000            0.496922426700
                  0.100000000000            0.369846276400
                  0.031622776600            0.003752720039
            ****
 Initial command:
 /projects/guscus/apps/gau/g09-e1/g09/l1.exe "/users/lcj1/gaussian/h12/rhfstability/2rows/Gau-10648.inp" -scrdir="/users/lcj1/gaussian/h12/rhfstability/2rows/"
 Entering Link 1 = /projects/guscus/apps/gau/g09-e1/g09/l1.exe PID=     10649.
  
 Copyright (c) 1988,1990,1992,1993,1995,1998,2003,2009,2015,
            Gaussian, Inc.  All Rights Reserved.
  
 This is part of the Gaussian(R) 09 program.  It is based on
 the Gaussian(R) 03 system (copyright 2003, Gaussian, Inc.),
 the Gaussian(R) 98 system (copyright 1998, Gaussian, Inc.),
 the Gaussian(R) 94 system (copyright 1995, Gaussian, Inc.),
 the Gaussian 92(TM) system (copyright 1992, Gaussian, Inc.),
 the Gaussian 90(TM) system (copyright 1990, Gaussian, Inc.),
 the Gaussian 88(TM) system (copyright 1988, Gaussian, Inc.),
 the Gaussian 86(TM) system (copyright 1986, Carnegie Mellon
 University), and the Gaussian 82(TM) system (copyright 1983,
 Carnegie Mellon University). Gaussian is a federally registered
 trademark of Gaussian, Inc.
  
 This software contains proprietary and confidential information,
 including trade secrets, belonging to Gaussian, Inc.
  
 This software is provided under written license and may be
 used, copied, transmitted, or stored only in accord with that
 written license.
  
 The following legend is applicable only to US Government
 contracts under FAR:
  
                    RESTRICTED RIGHTS LEGEND
  
 Use, reproduction and disclosure by the US Government is
 subject to restrictions as set forth in subparagraphs (a)
 and (c) of the Commercial Computer Software - Restricted
 Rights clause in FAR 52.227-19.
  
 Gaussian, Inc.
 340 Quinnipiac St., Bldg. 40, Wallingford CT 06492
  
  
 ---------------------------------------------------------------
 Warning -- This program may not be used in any manner that
 competes with the business of Gaussian, Inc. or will provide
 assistance to any competitor of Gaussian, Inc.  The licensee
 of this program is prohibited from giving any competitor of
 Gaussian, Inc. access to this program.  By using this program,
 the user acknowledges that Gaussian, Inc. is engaged in the
 business of creating and licensing software in the field of
 computational chemistry and represents and warrants to the
 licensee that it is not a competitor of Gaussian, Inc. and that
 it will not use this program in any manner prohibited above.
 ---------------------------------------------------------------
  

 Cite this work as:
 Gaussian 09, Revision E.01,
 M. J. Frisch, G. W. Trucks, H. B. Schlegel, G. E. Scuseria, 
 M. A. Robb, J. R. Cheeseman, G. Scalmani, V. Barone, B. Mennucci, 
 G. A. Petersson, H. Nakatsuji, M. Caricato, X. Li, H. P. Hratchian, 
 A. F. Izmaylov, J. Bloino, G. Zheng, J. L. Sonnenberg, M. Hada, 
 M. Ehara, K. Toyota, R. Fukuda, J. Hasegawa, M. Ishida, T. Nakajima, 
 Y. Honda, O. Kitao, H. Nakai, T. Vreven, J. A. Montgomery, Jr., 
 J. E. Peralta, F. Ogliaro, M. Bearpark, J. J. Heyd, E. Brothers, 
 K. N. Kudin, V. N. Staroverov, T. Keith, R. Kobayashi, J. Normand, 
 K. Raghavachari, A. Rendell, J. C. Burant, S. S. Iyengar, J. Tomasi, 
 M. Cossi, N. Rega, J. M. Millam, M. Klene, J. E. Knox, J. B. Cross, 
 V. Bakken, C. Adamo, J. Jaramillo, R. Gomperts, R. E. Stratmann, 
 O. Yazyev, A. J. Austin, R. Cammi, C. Pomelli, J. W. Ochterski, 
 R. L. Martin, K. Morokuma, V. G. Zakrzewski, G. A. Voth, 
 P. Salvador, J. J. Dannenberg, S. Dapprich, A. D. Daniels, 
 O. Farkas, J. B. Foresman, J. V. Ortiz, J. Cioslowski, 
 and D. J. Fox, Gaussian, Inc., Wallingford CT, 2013.
 
 ******************************************
 Gaussian 09:  ES64L-G09RevE.01 30-Nov-2015
                 9-Feb-2017 
 ******************************************
 %chk=h12.chk
 ----------------------------------------------------------------------
 #rhf/gen scf(symm,tight,novaracc,noincfock,fulldiag) stable(crhf) gues
 s=read geom=nocrowd test
 ----------------------------------------------------------------------
 1/38=1/1;
 2/12=1,17=6,18=5,40=1/2;
 3/5=7,16=1,25=1,30=1,116=1/1,2,3;
 4/5=1,9=4/1;
 5/5=100002,15=2,16=1,32=2,38=6/2;
 8/6=1,10=90,11=11/1,4;
 9/8=4,13=1/2;
 6/7=2,8=2,9=2,10=2,28=1/1;
 99/5=1,9=1/99;
 ----------------------------------------------------------------------
 hf stability analysis of h10 triangular lattice, y= 0.7598357022583297
 5
 ----------------------------------------------------------------------
 Symbolic Z-matrix:
 Charge =  0 Multiplicity = 1
 H
 H                    1     1.07457 
 H                    1     1.07457  2     90. 
 H                    2     1.07457  1     90.      3     0.       0
 H                    3     1.07457  1     180.     2     0.       0
 H                    4     1.07457  2     180.     1     0.       0
 H                    5     1.07457  3     180.     2     0.       0
 H                    6     1.07457  4     180.     1     0.       0
 H                    7     1.07457  5     180.     2     0.       0
 H                    8     1.07457  6     180.     1     0.       0
 H                    9     1.07457  7     180.     2     0.       0
 H                    10    1.07457  8     180.     1     0.       0
 
                          Input orientation:                          
 ---------------------------------------------------------------------
 Center     Atomic      Atomic             Coordinates (Angstroms)
 Number     Number       Type             X           Y           Z
 ---------------------------------------------------------------------
      1          1           0        0.000000    0.000000    0.000000
      2          1           0        0.000000    0.000000    1.074570
      3          1           0        1.074570    0.000000    0.000000
      4          1           0        1.074570    0.000000    1.074570
      5          1           0        2.149140    0.000000    0.000000
      6          1           0        2.149140    0.000000    1.074570
      7          1           0        3.223710    0.000000    0.000000
      8          1           0        3.223710    0.000000    1.074570
      9          1           0        4.298280    0.000000    0.000000
     10          1           0        4.298280    0.000000    1.074570
     11          1           0        5.372850    0.000000    0.000000
     12          1           0        5.372850    0.000000    1.074570
 ---------------------------------------------------------------------
                    Distance matrix (angstroms):
                    1          2          3          4          5
     1  H    0.000000
     2  H    1.074570   0.000000
     3  H    1.074570   1.519671   0.000000
     4  H    1.519671   1.074570   1.074570   0.000000
     5  H    2.149140   2.402811   1.074570   1.519671   0.000000
     6  H    2.402811   2.149140   1.519671   1.074570   1.074570
     7  H    3.223710   3.398088   2.149140   2.402811   1.074570
     8  H    3.398088   3.223710   2.402811   2.149140   1.519671
     9  H    4.298280   4.430565   3.223710   3.398088   2.149140
    10  H    4.430565   4.298280   3.398088   3.223710   2.402811
    11  H    5.372850   5.479253   4.298280   4.430565   3.223710
    12  H    5.479253   5.372850   4.430565   4.298280   3.398088
                    6          7          8          9         10
     6  H    0.000000
     7  H    1.519671   0.000000
     8  H    1.074570   1.074570   0.000000
     9  H    2.402811   1.074570   1.519671   0.000000
    10  H    2.149140   1.519671   1.074570   1.074570   0.000000
    11  H    3.398088   2.149140   2.402811   1.074570   1.519671
    12  H    3.223710   2.402811   2.149140   1.519671   1.074570
                   11         12
    11  H    0.000000
    12  H    1.074570   0.000000
 Stoichiometry    H12
 Framework group  D2H[SG(H12)]
 Deg. of freedom     6
 Full point group                 D2H     NOp   8
 Largest Abelian subgroup         D2H     NOp   8
 Largest concise Abelian subgroup D2      NOp   4
                         Standard orientation:                         
 ---------------------------------------------------------------------
 Center     Atomic      Atomic             Coordinates (Angstroms)
 Number     Number       Type             X           Y           Z
 ---------------------------------------------------------------------
      1          1           0        0.000000    0.537285    2.686425
      2          1           0       -0.000000   -0.537285    2.686425
      3          1           0        0.000000    0.537285    1.611855
      4          1           0       -0.000000   -0.537285    1.611855
      5          1           0        0.000000    0.537285    0.537285
      6          1           0       -0.000000   -0.537285    0.537285
      7          1           0        0.000000    0.537285   -0.537285
      8          1           0       -0.000000   -0.537285   -0.537285
      9          1           0        0.000000    0.537285   -1.611855
     10          1           0       -0.000000   -0.537285   -1.611855
     11          1           0        0.000000    0.537285   -2.686425
     12          1           0       -0.000000   -0.537285   -2.686425
 ---------------------------------------------------------------------
 Rotational constants (GHZ):    144.7576186     12.4077959     11.4282330
 General basis read from cards:  (5D, 7F)
 There are     3 symmetry adapted cartesian basis functions of AG  symmetry.
 There are     0 symmetry adapted cartesian basis functions of B1G symmetry.
 There are     0 symmetry adapted cartesian basis functions of B2G symmetry.
 There are     3 symmetry adapted cartesian basis functions of B3G symmetry.
 There are     0 symmetry adapted cartesian basis functions of AU  symmetry.
 There are     3 symmetry adapted cartesian basis functions of B1U symmetry.
 There are     3 symmetry adapted cartesian basis functions of B2U symmetry.
 There are     0 symmetry adapted cartesian basis functions of B3U symmetry.
 There are     3 symmetry adapted basis functions of AG  symmetry.
 There are     0 symmetry adapted basis functions of B1G symmetry.
 There are     0 symmetry adapted basis functions of B2G symmetry.
 There are     3 symmetry adapted basis functions of B3G symmetry.
 There are     0 symmetry adapted basis functions of AU  symmetry.
 There are     3 symmetry adapted basis functions of B1U symmetry.
 There are     3 symmetry adapted basis functions of B2U symmetry.
 There are     0 symmetry adapted basis functions of B3U symmetry.
    12 basis functions,   120 primitive gaussians,    12 cartesian basis functions
     6 alpha electrons        6 beta electrons
       nuclear repulsion energy        18.3727617875 Hartrees.
 NAtoms=   12 NActive=   12 NUniq=    3 SFac= 4.00D+00 NAtFMM=   60 NAOKFM=F Big=F
 Integral buffers will be    131072 words long.
 Regular integral format.
 Two-electron integral symmetry is turned on.
 One-electron integrals computed using PRISM.
 NBasis=    12 RedAO= T EigKep=  8.12D-02  NBF=     3     0     0     3     0     3     3     0
 NBsUse=    12 1.00D-06 EigRej= -1.00D+00 NBFU=     3     0     0     3     0     3     3     0
 Initial guess from the checkpoint file:  "h12.chk"
 B after Tr=     0.000000    0.000000   -0.000000
         Rot=    0.655252   -0.265790    0.655252    0.265790 Ang= -98.12 deg.
 Initial guess orbital symmetries:
       Occupied  (AG) (B1U) (AG) (B2U) (B1U) (B3G)
       Virtual   (B2U) (AG) (B3G) (B1U) (B2U) (B3G)
 Keep R1 ints in memory in symmetry-blocked form, NReq=900530.
 Requested convergence on RMS density matrix=1.00D-08 within 128 cycles.
 Requested convergence on MAX density matrix=1.00D-06.
 Requested convergence on             energy=1.00D-06.
 No special actions if energy rises.
 SCF Done:  E(RHF) =  -5.94224541179     A.U. after    7 cycles
            NFock=  7  Conv=0.81D-08     -V/T= 1.9810
 Range of M.O.s used for correlation:     1    12
 NBasis=    12 NAE=     6 NBE=     6 NFC=     0 NFV=     0
 NROrb=     12 NOA=     6 NOB=     6 NVA=     6 NVB=     6
 Semi-Direct transformation.
 ModeAB=           4 MOrb=             6 LenV=     134086583
 LASXX=         2181 LTotXX=        2181 LenRXX=        5115
 LTotAB=        2934 MaxLAS=        1728 LenRXY=           0
 NonZer=        7296 LenScr=      655360 LnRSAI=        1728
 LnScr1=      655360 LExtra=           0 Total=      1317563
 MaxDsk=          -1 SrtSym=           T ITran=            3
 JobTyp=0 Pass  1:  I=   1 to   6.
 (rs|ai) integrals will be sorted in core.
 Spin components of T(2) and E(2):
     alpha-alpha T2 =       0.8864233480D-02 E2=     -0.1130477362D-01
     alpha-beta  T2 =       0.7425470604D-01 E2=     -0.1038936750D+00
     beta-beta   T2 =       0.8864233480D-02 E2=     -0.1130477362D-01
 ANorm=    0.1044979987D+01
 E2 =    -0.1265032223D+00 EUMP2 =    -0.60687486340728D+01
 Second order stability test of a single determinant RHF wave function:
 Stabil:  MDV=134217728
 ***********************************************************************
 Matrix         Lowest Root    Major Pairs
 ***********************************************************************
 Internal RHF     0.1394735    Stable
 RRHF --> CRHF    0.1232628    Stable
 RRHF --> RUHF   -0.0598935    6A=8B 5A=7B 4A=10B 3A=9B 2A=11B 1A=12B
 Not stable.
 ***********************************************************************

 **********************************************************************

            Population analysis using the SCF density.

 **********************************************************************

 Orbital symmetries:
       Occupied  (AG) (B1U) (AG) (B2U) (B1U) (B3G)
       Virtual   (B2U) (AG) (B3G) (B1U) (B2U) (B3G)
 The electronic state is 1-AG.
 Alpha  occ. eigenvalues --   -0.89056  -0.79818  -0.63563  -0.46837  -0.42779
 Alpha  occ. eigenvalues --   -0.34764
 Alpha virt. eigenvalues --    0.04957   0.07242   0.30132   0.41761   0.63391
 Alpha virt. eigenvalues --    0.96017
          Condensed to atoms (all electrons):
               1          2          3          4          5          6
     1  H    0.758372   0.173213   0.263574  -0.133767  -0.016920  -0.084138
     2  H    0.173213   0.758372  -0.133767   0.263574  -0.084138  -0.016920
     3  H    0.263574  -0.133767   0.967742  -0.282706   0.393987  -0.122779
     4  H   -0.133767   0.263574  -0.282706   0.967742  -0.122779   0.393987
     5  H   -0.016920  -0.084138   0.393987  -0.122779   0.905208   0.060646
     6  H   -0.084138  -0.016920  -0.122779   0.393987   0.060646   0.905208
     7  H    0.004761   0.005155  -0.029013  -0.027184   0.020808  -0.105478
     8  H    0.005155   0.004761  -0.027184  -0.029013  -0.105478   0.020808
     9  H   -0.000228   0.002009  -0.013474   0.005136  -0.029013  -0.027184
    10  H    0.002009  -0.000228   0.005136  -0.013474  -0.027184  -0.029013
    11  H   -0.000338  -0.000041  -0.000228   0.002009   0.004761   0.005155
    12  H   -0.000041  -0.000338   0.002009  -0.000228   0.005155   0.004761
               7          8          9         10         11         12
     1  H    0.004761   0.005155  -0.000228   0.002009  -0.000338  -0.000041
     2  H    0.005155   0.004761   0.002009  -0.000228  -0.000041  -0.000338
     3  H   -0.029013  -0.027184  -0.013474   0.005136  -0.000228   0.002009
     4  H   -0.027184  -0.029013   0.005136  -0.013474   0.002009  -0.000228
     5  H    0.020808  -0.105478  -0.029013  -0.027184   0.004761   0.005155
     6  H   -0.105478   0.020808  -0.027184  -0.029013   0.005155   0.004761
     7  H    0.905208   0.060646   0.393987  -0.122779  -0.016920  -0.084138
     8  H    0.060646   0.905208  -0.122779   0.393987  -0.084138  -0.016920
     9  H    0.393987  -0.122779   0.967742  -0.282706   0.263574  -0.133767
    10  H   -0.122779   0.393987  -0.282706   0.967742  -0.133767   0.263574
    11  H   -0.016920  -0.084138   0.263574  -0.133767   0.758372   0.173213
    12  H   -0.084138  -0.016920  -0.133767   0.263574   0.173213   0.758372
 Mulliken charges:
               1
     1  H    0.028349
     2  H    0.028349
     3  H   -0.023296
     4  H   -0.023296
     5  H   -0.005053
     6  H   -0.005053
     7  H   -0.005053
     8  H   -0.005053
     9  H   -0.023296
    10  H   -0.023296
    11  H    0.028349
    12  H    0.028349
 Sum of Mulliken charges =   0.00000
 Mulliken charges with hydrogens summed into heavy atoms:
               1
 Electronic spatial extent (au):  <R**2>=            193.4528
 Charge=             -0.0000 electrons
 Dipole moment (field-independent basis, Debye):
    X=              0.0000    Y=              0.0000    Z=             -0.0000  Tot=              0.0000
 Quadrupole moment (field-independent basis, Debye-Ang):
   XX=            -15.5265   YY=            -19.3948   ZZ=            -14.5214
   XY=             -0.0000   XZ=             -0.0000   YZ=              0.0000
 Traceless Quadrupole moment (field-independent basis, Debye-Ang):
   XX=              0.9544   YY=             -2.9139   ZZ=              1.9595
   XY=             -0.0000   XZ=             -0.0000   YZ=              0.0000
 Octapole moment (field-independent basis, Debye-Ang**2):
  XXX=             -0.0000  YYY=             -0.0000  ZZZ=             -0.0000  XYY=             -0.0000
  XXY=             -0.0000  XXZ=             -0.0000  XZZ=             -0.0000  YZZ=             -0.0000
  YYZ=             -0.0000  XYZ=              0.0000
 Hexadecapole moment (field-independent basis, Debye-Ang**3):
 XXXX=            -18.6941 YYYY=            -56.5763 ZZZZ=           -325.6394 XXXY=             -0.0000
 XXXZ=              0.0000 YYYX=             -0.0000 YYYZ=              0.0000 ZZZX=              0.0000
 ZZZY=             -0.0000 XXYY=            -12.3323 XXZZ=            -60.0979 YYZZ=            -72.5011
 XXYZ=              0.0000 YYXZ=              0.0000 ZZXY=             -0.0000
 N-N= 1.837276178748D+01 E-N=-4.755073691527D+01  KE= 6.057062425496D+00
 Symmetry AG   KE= 1.332515341815D+00
 Symmetry B1G  KE= 0.000000000000D+00
 Symmetry B2G  KE= 0.000000000000D+00
 Symmetry B3G  KE= 1.505447141326D+00
 Symmetry AU   KE= 0.000000000000D+00
 Symmetry B1U  KE= 1.979147215519D+00
 Symmetry B2U  KE= 1.239952726836D+00
 Symmetry B3U  KE= 0.000000000000D+00

 Test job not archived.
 1\1\GINC-SULU\Stability\RHF\Gen\H12\UNKNOWN\09-Feb-2017\0\\#rhf/gen sc
 f(symm,tight,novaracc,noincfock,fulldiag) stable(crhf) guess=read geom
 =nocrowd test\\hf stability analysis of h10 triangular lattice, y= 0.7
 5983570225832975\\0,1\H\H,1,1.0745699318\H,1,1.0745699318,2,90.\H,2,1.
 0745699318,1,90.,3,0.,0\H,3,1.0745699318,1,180.,2,0.,0\H,4,1.074569931
 8,2,180.,1,0.,0\H,5,1.0745699318,3,180.,2,0.,0\H,6,1.0745699318,4,180.
 ,1,0.,0\H,7,1.0745699318,5,180.,2,0.,0\H,8,1.0745699318,6,180.,1,0.,0\
 H,9,1.0745699318,7,180.,2,0.,0\H,10,1.0745699318,8,180.,1,0.,0\\Versio
 n=ES64L-G09RevE.01\State=1-AG\HF=-5.9422454\MP2=-6.0687486\RMSD=8.085e
 -09\Dipole=0.,0.,0.\Quadrupole=1.4568374,0.7095682,-2.1664056,0.,0.,0.
 \PG=D02H [SG(H12)]\\@


 LET US LEARN TO DREAM, GENTLEMEN, THEN PERHAPS WE SHALL
 DISCOVER THE TRUTH;  BUT LET US BEWARE OF PUBLISHING
 OUR DREAMS ABROAD BEFORE THEY HAVE BEEN SCRUTINIZED
 BY OUR VIGILANT INTELLECT ... LET US ALWAYS ALLOW
 THE FRUIT TO HANG UNTIL IT IS RIPE.  UNRIPE FRUIT
 BRINGS EVEN THE GROWER BUT LITTLE PROFIT; IT DAMAGES
 THE HEALTH OF THOSE WHO CONSUME IT; IT ENDANGERS
 PARTICULARLY THE YOUTH WHO CANNOT YET DISTINGUISH
 BETWEEN RIPE AND UNRIPE FRUIT.

                                  -- KEKULE, 1890
 Job cpu time:       0 days  0 hours  0 minutes  0.8 seconds.
 File lengths (MBytes):  RWF=     84 Int=      0 D2E=      0 Chk=      2 Scr=      2
 Normal termination of Gaussian 09 at Thu Feb  9 18:43:13 2017.
