 Entering Gaussian System, Link 0=g09
 AtFile(1): H.gbs
            H     0
            S   10   1.00
               1000.000000000000            0.000068713567
                316.227766000000            0.000169141320
                100.000000000000            0.000823394812
                 31.622776600000            0.003425569236
                 10.000000000000            0.013951996000
                  3.162277660000            0.056909313560
                  1.000000000000            0.198286399900
                  0.316227766000            0.496922426700
                  0.100000000000            0.369846276400
                  0.031622776600            0.003752720039
            ****
 Initial command:
 /projects/guscus/apps/gau/g09-e1/g09/l1.exe "/users/lcj1/gaussian/h12/rhfstability/2rows/Gau-10488.inp" -scrdir="/users/lcj1/gaussian/h12/rhfstability/2rows/"
 Entering Link 1 = /projects/guscus/apps/gau/g09-e1/g09/l1.exe PID=     10489.
  
 Copyright (c) 1988,1990,1992,1993,1995,1998,2003,2009,2015,
            Gaussian, Inc.  All Rights Reserved.
  
 This is part of the Gaussian(R) 09 program.  It is based on
 the Gaussian(R) 03 system (copyright 2003, Gaussian, Inc.),
 the Gaussian(R) 98 system (copyright 1998, Gaussian, Inc.),
 the Gaussian(R) 94 system (copyright 1995, Gaussian, Inc.),
 the Gaussian 92(TM) system (copyright 1992, Gaussian, Inc.),
 the Gaussian 90(TM) system (copyright 1990, Gaussian, Inc.),
 the Gaussian 88(TM) system (copyright 1988, Gaussian, Inc.),
 the Gaussian 86(TM) system (copyright 1986, Carnegie Mellon
 University), and the Gaussian 82(TM) system (copyright 1983,
 Carnegie Mellon University). Gaussian is a federally registered
 trademark of Gaussian, Inc.
  
 This software contains proprietary and confidential information,
 including trade secrets, belonging to Gaussian, Inc.
  
 This software is provided under written license and may be
 used, copied, transmitted, or stored only in accord with that
 written license.
  
 The following legend is applicable only to US Government
 contracts under FAR:
  
                    RESTRICTED RIGHTS LEGEND
  
 Use, reproduction and disclosure by the US Government is
 subject to restrictions as set forth in subparagraphs (a)
 and (c) of the Commercial Computer Software - Restricted
 Rights clause in FAR 52.227-19.
  
 Gaussian, Inc.
 340 Quinnipiac St., Bldg. 40, Wallingford CT 06492
  
  
 ---------------------------------------------------------------
 Warning -- This program may not be used in any manner that
 competes with the business of Gaussian, Inc. or will provide
 assistance to any competitor of Gaussian, Inc.  The licensee
 of this program is prohibited from giving any competitor of
 Gaussian, Inc. access to this program.  By using this program,
 the user acknowledges that Gaussian, Inc. is engaged in the
 business of creating and licensing software in the field of
 computational chemistry and represents and warrants to the
 licensee that it is not a competitor of Gaussian, Inc. and that
 it will not use this program in any manner prohibited above.
 ---------------------------------------------------------------
  

 Cite this work as:
 Gaussian 09, Revision E.01,
 M. J. Frisch, G. W. Trucks, H. B. Schlegel, G. E. Scuseria, 
 M. A. Robb, J. R. Cheeseman, G. Scalmani, V. Barone, B. Mennucci, 
 G. A. Petersson, H. Nakatsuji, M. Caricato, X. Li, H. P. Hratchian, 
 A. F. Izmaylov, J. Bloino, G. Zheng, J. L. Sonnenberg, M. Hada, 
 M. Ehara, K. Toyota, R. Fukuda, J. Hasegawa, M. Ishida, T. Nakajima, 
 Y. Honda, O. Kitao, H. Nakai, T. Vreven, J. A. Montgomery, Jr., 
 J. E. Peralta, F. Ogliaro, M. Bearpark, J. J. Heyd, E. Brothers, 
 K. N. Kudin, V. N. Staroverov, T. Keith, R. Kobayashi, J. Normand, 
 K. Raghavachari, A. Rendell, J. C. Burant, S. S. Iyengar, J. Tomasi, 
 M. Cossi, N. Rega, J. M. Millam, M. Klene, J. E. Knox, J. B. Cross, 
 V. Bakken, C. Adamo, J. Jaramillo, R. Gomperts, R. E. Stratmann, 
 O. Yazyev, A. J. Austin, R. Cammi, C. Pomelli, J. W. Ochterski, 
 R. L. Martin, K. Morokuma, V. G. Zakrzewski, G. A. Voth, 
 P. Salvador, J. J. Dannenberg, S. Dapprich, A. D. Daniels, 
 O. Farkas, J. B. Foresman, J. V. Ortiz, J. Cioslowski, 
 and D. J. Fox, Gaussian, Inc., Wallingford CT, 2013.
 
 ******************************************
 Gaussian 09:  ES64L-G09RevE.01 30-Nov-2015
                 9-Feb-2017 
 ******************************************
 %chk=h12.chk
 ----------------------------------------------------------------------
 #rhf/gen scf(symm,tight,novaracc,noincfock,fulldiag) stable(crhf) gues
 s=read geom=nocrowd test
 ----------------------------------------------------------------------
 1/38=1/1;
 2/12=1,17=6,18=5,40=1/2;
 3/5=7,16=1,25=1,30=1,116=1/1,2,3;
 4/5=1,9=4/1;
 5/5=100002,15=2,16=1,32=2,38=6/2;
 8/6=1,10=90,11=11/1,4;
 9/8=4,13=1/2;
 6/7=2,8=2,9=2,10=2,28=1/1;
 99/5=1,9=1/99;
 ----------------------------------------------------------------------
 hf stability analysis of h10 triangular lattice, y= 0.7084369783301545
 1
 ----------------------------------------------------------------------
 Symbolic Z-matrix:
 Charge =  0 Multiplicity = 1
 H
 H                    1     1.07984 
 H                    1     1.07984  2     98. 
 H                    2     1.07984  1     82.      3     0.       0
 H                    3     1.07984  1     180.     2     0.       0
 H                    4     1.07984  2     180.     1     0.       0
 H                    5     1.07984  3     180.     2     0.       0
 H                    6     1.07984  4     180.     1     0.       0
 H                    7     1.07984  5     180.     2     0.       0
 H                    8     1.07984  6     180.     1     0.       0
 H                    9     1.07984  7     180.     2     0.       0
 H                    10    1.07984  8     180.     1     0.       0
 
                          Input orientation:                          
 ---------------------------------------------------------------------
 Center     Atomic      Atomic             Coordinates (Angstroms)
 Number     Number       Type             X           Y           Z
 ---------------------------------------------------------------------
      1          1           0        0.000000    0.000000    0.000000
      2          1           0        0.000000    0.000000    1.079837
      3          1           0        1.069328    0.000000   -0.150284
      4          1           0        1.069328    0.000000    0.929553
      5          1           0        2.138657    0.000000   -0.300569
      6          1           0        2.138657    0.000000    0.779269
      7          1           0        3.207985    0.000000   -0.450853
      8          1           0        3.207985    0.000000    0.628984
      9          1           0        4.277313    0.000000   -0.601137
     10          1           0        4.277313    0.000000    0.478700
     11          1           0        5.346642    0.000000   -0.751421
     12          1           0        5.346642    0.000000    0.328416
 ---------------------------------------------------------------------
                    Distance matrix (angstroms):
                    1          2          3          4          5
     1  H    0.000000
     2  H    1.079837   0.000000
     3  H    1.079837   1.629927   0.000000
     4  H    1.416874   1.079837   1.079837   0.000000
     5  H    2.159674   2.545461   1.079837   1.629927   0.000000
     6  H    2.276206   2.159674   1.416874   1.079837   1.079837
     7  H    3.239512   3.554459   2.159674   2.545461   1.079837
     8  H    3.269065   3.239512   2.276206   2.159674   1.416874
     9  H    4.319349   4.595768   3.239512   3.554459   2.159674
    10  H    4.304017   4.319349   3.269065   3.239512   2.276206
    11  H    5.399186   5.651556   4.319349   4.595768   3.239512
    12  H    5.356719   5.399186   4.304017   4.319349   3.269065
                    6          7          8          9         10
     6  H    0.000000
     7  H    1.629927   0.000000
     8  H    1.079837   1.079837   0.000000
     9  H    2.545461   1.079837   1.629927   0.000000
    10  H    2.159674   1.416874   1.079837   1.079837   0.000000
    11  H    3.554459   2.159674   2.545461   1.079837   1.629927
    12  H    3.239512   2.276206   2.159674   1.416874   1.079837
                   11         12
    11  H    0.000000
    12  H    1.079837   0.000000
 Stoichiometry    H12
 Framework group  C2H[SGH(H12)]
 Deg. of freedom    11
 Full point group                 C2H     NOp   4
 Largest Abelian subgroup         C2H     NOp   4
 Largest concise Abelian subgroup C2      NOp   2
                         Standard orientation:                         
 ---------------------------------------------------------------------
 Center     Atomic      Atomic             Coordinates (Angstroms)
 Number     Number       Type             X           Y           Z
 ---------------------------------------------------------------------
      1          1           0        1.629927    2.125311   -0.000000
      2          1           0        2.444890    1.416874   -0.000000
      3          1           0        0.814963    1.416874   -0.000000
      4          1           0        1.629927    0.708437   -0.000000
      5          1           0        0.000000    0.708437    0.000000
      6          1           0        0.814963    0.000000   -0.000000
      7          1           0       -0.814963    0.000000   -0.000000
      8          1           0       -0.000000   -0.708437    0.000000
      9          1           0       -1.629927   -0.708437   -0.000000
     10          1           0       -0.814963   -1.416874   -0.000000
     11          1           0       -2.444890   -1.416874   -0.000000
     12          1           0       -1.629927   -2.125311   -0.000000
 ---------------------------------------------------------------------
 Rotational constants (GHZ):    146.4451528     12.2648170     11.3170143
 General basis read from cards:  (5D, 7F)
 There are     6 symmetry adapted cartesian basis functions of AG  symmetry.
 There are     0 symmetry adapted cartesian basis functions of BG  symmetry.
 There are     0 symmetry adapted cartesian basis functions of AU  symmetry.
 There are     6 symmetry adapted cartesian basis functions of BU  symmetry.
 There are     6 symmetry adapted basis functions of AG  symmetry.
 There are     0 symmetry adapted basis functions of BG  symmetry.
 There are     0 symmetry adapted basis functions of AU  symmetry.
 There are     6 symmetry adapted basis functions of BU  symmetry.
    12 basis functions,   120 primitive gaussians,    12 cartesian basis functions
     6 alpha electrons        6 beta electrons
       nuclear repulsion energy        18.3203149754 Hartrees.
 NAtoms=   12 NActive=   12 NUniq=    6 SFac= 4.00D+00 NAtFMM=   60 NAOKFM=F Big=F
 Integral buffers will be    131072 words long.
 Regular integral format.
 Two-electron integral symmetry is turned on.
 One-electron integrals computed using PRISM.
 NBasis=    12 RedAO= T EigKep=  1.19D-01  NBF=     6     0     0     6
 NBsUse=    12 1.00D-06 EigRej= -1.00D+00 NBFU=     6     0     0     6
 Initial guess from the checkpoint file:  "h12.chk"
 B after Tr=     0.000000    0.000000    0.000000
         Rot=    0.999973    0.000000    0.000000   -0.007349 Ang=  -0.84 deg.
 Initial guess orbital symmetries:
       Occupied  (AG) (BU) (AG) (BU) (BU) (AG)
       Virtual   (BU) (AG) (AG) (BU) (BU) (AG)
 Keep R1 ints in memory in symmetry-blocked form, NReq=900550.
 Requested convergence on RMS density matrix=1.00D-08 within 128 cycles.
 Requested convergence on MAX density matrix=1.00D-06.
 Requested convergence on             energy=1.00D-06.
 No special actions if energy rises.
 SCF Done:  E(RHF) =  -5.93723436911     A.U. after   10 cycles
            NFock= 10  Conv=0.40D-08     -V/T= 1.9809
 Range of M.O.s used for correlation:     1    12
 NBasis=    12 NAE=     6 NBE=     6 NFC=     0 NFV=     0
 NROrb=     12 NOA=     6 NOB=     6 NVA=     6 NVB=     6
 Semi-Direct transformation.
 ModeAB=           4 MOrb=             6 LenV=     134087587
 LASXX=         2181 LTotXX=        2181 LenRXX=        5115
 LTotAB=        2934 MaxLAS=        3024 LenRXY=           0
 NonZer=        7296 LenScr=      655360 LnRSAI=        3024
 LnScr1=      655360 LExtra=           0 Total=      1318859
 MaxDsk=          -1 SrtSym=           T ITran=            3
 JobTyp=0 Pass  1:  I=   1 to   6.
 (rs|ai) integrals will be sorted in core.
 Spin components of T(2) and E(2):
     alpha-alpha T2 =       0.8860431185D-02 E2=     -0.1127334622D-01
     alpha-beta  T2 =       0.7447097436D-01 E2=     -0.1038028632D+00
     beta-beta   T2 =       0.8860431185D-02 E2=     -0.1127334622D-01
 ANorm=    0.1045079823D+01
 E2 =    -0.1263495557D+00 EUMP2 =    -0.60635839247717D+01
 Second order stability test of a single determinant RHF wave function:
 Stabil:  MDV=134217728
 ***********************************************************************
 Matrix         Lowest Root    Major Pairs
 ***********************************************************************
 Internal RHF     0.1385942    Stable
 RRHF --> CRHF    0.1170795    Stable

 RRHF --> RUHF   -0.057588     6A=8B 5A=7B 4A=10B 3A=9B 2A=11B 1A=12B 6A=9B
 Not stable.
 ***********************************************************************

 **********************************************************************

            Population analysis using the SCF density.

 **********************************************************************

 Orbital symmetries:
       Occupied  (AG) (BU) (AG) (BU) (BU) (AG)
       Virtual   (BU) (AG) (AG) (BU) (BU) (AG)
 The electronic state is 1-AG.
 Alpha  occ. eigenvalues --   -0.88875  -0.79671  -0.63627  -0.46421  -0.42814
 Alpha  occ. eigenvalues --   -0.34306
 Alpha virt. eigenvalues --    0.05193   0.06631   0.30586   0.41024   0.62992
 Alpha virt. eigenvalues --    0.92648
          Condensed to atoms (all electrons):
               1          2          3          4          5          6
     1  H    0.764094   0.163539   0.270422  -0.125406  -0.008192  -0.106639
     2  H    0.163539   0.754898  -0.139143   0.269606  -0.062703  -0.022788
     3  H    0.270422  -0.139143   1.051756  -0.284835   0.385002  -0.131527
     4  H   -0.125406   0.269606  -0.284835   0.892085  -0.112855   0.381857
     5  H   -0.008192  -0.062703   0.385002  -0.112855   0.784220   0.053772
     6  H   -0.106639  -0.022788  -0.131527   0.381857   0.053772   1.026995
     7  H    0.004535   0.006178  -0.043175  -0.017913   0.035810  -0.114389
     8  H    0.002427   0.004256  -0.037815  -0.012789  -0.093689   0.035810
     9  H   -0.000463   0.001349  -0.012813   0.004390  -0.012789  -0.017913
    10  H    0.002712  -0.000043   0.005598  -0.012813  -0.037815  -0.043175
    11  H   -0.000322  -0.000056  -0.000043   0.001349   0.004256   0.006178
    12  H    0.000010  -0.000322   0.002712  -0.000463   0.002427   0.004535
               7          8          9         10         11         12
     1  H    0.004535   0.002427  -0.000463   0.002712  -0.000322   0.000010
     2  H    0.006178   0.004256   0.001349  -0.000043  -0.000056  -0.000322
     3  H   -0.043175  -0.037815  -0.012813   0.005598  -0.000043   0.002712
     4  H   -0.017913  -0.012789   0.004390  -0.012813   0.001349  -0.000463
     5  H    0.035810  -0.093689  -0.012789  -0.037815   0.004256   0.002427
     6  H   -0.114389   0.035810  -0.017913  -0.043175   0.006178   0.004535
     7  H    1.026995   0.053772   0.381857  -0.131527  -0.022788  -0.106639
     8  H    0.053772   0.784220  -0.112855   0.385002  -0.062703  -0.008192
     9  H    0.381857  -0.112855   0.892085  -0.284835   0.269606  -0.125406
    10  H   -0.131527   0.385002  -0.284835   1.051756  -0.139143   0.270422
    11  H   -0.022788  -0.062703   0.269606  -0.139143   0.754898   0.163539
    12  H   -0.106639  -0.008192  -0.125406   0.270422   0.163539   0.764094
 Mulliken charges:
               1
     1  H    0.033283
     2  H    0.025229
     3  H   -0.066138
     4  H    0.017786
     5  H    0.062556
     6  H   -0.072716
     7  H   -0.072716
     8  H    0.062556
     9  H    0.017786
    10  H   -0.066138
    11  H    0.025229
    12  H    0.033283
 Sum of Mulliken charges =  -0.00000
 Mulliken charges with hydrogens summed into heavy atoms:
               1
 Electronic spatial extent (au):  <R**2>=            194.8524
 Charge=              0.0000 electrons
 Dipole moment (field-independent basis, Debye):
    X=             -0.0000    Y=             -0.0000    Z=             -0.0000  Tot=              0.0000
 Quadrupole moment (field-independent basis, Debye-Ang):
   XX=            -16.2797   YY=            -17.4379   ZZ=            -15.5363
   XY=              2.5282   XZ=             -0.0000   YZ=              0.0000
 Traceless Quadrupole moment (field-independent basis, Debye-Ang):
   XX=              0.1383   YY=             -1.0199   ZZ=              0.8817
   XY=              2.5282   XZ=             -0.0000   YZ=              0.0000
 Octapole moment (field-independent basis, Debye-Ang**2):
  XXX=             -0.0000  YYY=             -0.0000  ZZZ=              0.0000  XYY=             -0.0000
  XXY=             -0.0000  XXZ=              0.0000  XZZ=             -0.0000  YZZ=             -0.0000
  YYZ=              0.0000  XYZ=             -0.0000
 Hexadecapole moment (field-independent basis, Debye-Ang**3):
 XXXX=           -225.7401 YYYY=           -183.9933 ZZZZ=            -18.7157 XXXY=            -63.7392
 XXXZ=              0.0000 YYYX=            -69.0729 YYYZ=              0.0000 ZZZX=              0.0000
 ZZZY=              0.0000 XXYY=            -59.2603 XXZZ=            -40.4694 YYZZ=            -32.5146
 XXYZ=              0.0000 YYXZ=             -0.0000 ZZXY=            -23.8598
 N-N= 1.832031497537D+01 E-N=-4.745359711724D+01  KE= 6.052783416043D+00
 Symmetry AG   KE= 2.838626300292D+00
 Symmetry BG   KE= 0.000000000000D+00
 Symmetry AU   KE= 0.000000000000D+00
 Symmetry BU   KE= 3.214157115750D+00

 Test job not archived.
 1\1\GINC-SULU\Stability\RHF\Gen\H12\UNKNOWN\09-Feb-2017\0\\#rhf/gen sc
 f(symm,tight,novaracc,noincfock,fulldiag) stable(crhf) guess=read geom
 =nocrowd test\\hf stability analysis of h10 triangular lattice, y= 0.7
 0843697833015451\\0,1\H\H,1,1.0798372262\H,1,1.0798372262,2,98.\H,2,1.
 0798372262,1,82.,3,0.,0\H,3,1.0798372262,1,180.,2,0.,0\H,4,1.079837226
 2,2,180.,1,0.,0\H,5,1.0798372262,3,180.,2,0.,0\H,6,1.0798372262,4,180.
 ,1,0.,0\H,7,1.0798372262,5,180.,2,0.,0\H,8,1.0798372262,6,180.,1,0.,0\
 H,9,1.0798372262,7,180.,2,0.,0\H,10,1.0798372262,8,180.,1,0.,0\\Versio
 n=ES64L-G09RevE.01\State=1-AG\HF=-5.9372344\MP2=-6.0635839\RMSD=3.978e
 -09\Dipole=0.,0.,0.\Quadrupole=1.4736837,0.6555054,-2.1291891,0.,-0.68
 79492,0.\PG=C02H [SGH(H12)]\\@


 IT IS A QUALITY OF REVOLUTIONS NOT TO GO BY OLD LINES OR OLD LAWS,
 BUT TO BREAK UP BOTH, AND MAKE NEW ONES.
                                              -- A. LINCOLN (1848)
 Job cpu time:       0 days  0 hours  0 minutes  1.0 seconds.
 File lengths (MBytes):  RWF=     84 Int=      0 D2E=      0 Chk=      2 Scr=      2
 Normal termination of Gaussian 09 at Thu Feb  9 18:43:04 2017.
