 Entering Gaussian System, Link 0=g09
 AtFile(1): H.gbs
            H     0
            S   10   1.00
               1000.000000000000            0.000068713567
                316.227766000000            0.000169141320
                100.000000000000            0.000823394812
                 31.622776600000            0.003425569236
                 10.000000000000            0.013951996000
                  3.162277660000            0.056909313560
                  1.000000000000            0.198286399900
                  0.316227766000            0.496922426700
                  0.100000000000            0.369846276400
                  0.031622776600            0.003752720039
            ****
 Initial command:
 /projects/guscus/apps/gau/g09-e1/g09/l1.exe "/users/lcj1/gaussian/h12/rhfstability/2rows/Gau-11984.inp" -scrdir="/users/lcj1/gaussian/h12/rhfstability/2rows/"
 Entering Link 1 = /projects/guscus/apps/gau/g09-e1/g09/l1.exe PID=     11985.
  
 Copyright (c) 1988,1990,1992,1993,1995,1998,2003,2009,2015,
            Gaussian, Inc.  All Rights Reserved.
  
 This is part of the Gaussian(R) 09 program.  It is based on
 the Gaussian(R) 03 system (copyright 2003, Gaussian, Inc.),
 the Gaussian(R) 98 system (copyright 1998, Gaussian, Inc.),
 the Gaussian(R) 94 system (copyright 1995, Gaussian, Inc.),
 the Gaussian 92(TM) system (copyright 1992, Gaussian, Inc.),
 the Gaussian 90(TM) system (copyright 1990, Gaussian, Inc.),
 the Gaussian 88(TM) system (copyright 1988, Gaussian, Inc.),
 the Gaussian 86(TM) system (copyright 1986, Carnegie Mellon
 University), and the Gaussian 82(TM) system (copyright 1983,
 Carnegie Mellon University). Gaussian is a federally registered
 trademark of Gaussian, Inc.
  
 This software contains proprietary and confidential information,
 including trade secrets, belonging to Gaussian, Inc.
  
 This software is provided under written license and may be
 used, copied, transmitted, or stored only in accord with that
 written license.
  
 The following legend is applicable only to US Government
 contracts under FAR:
  
                    RESTRICTED RIGHTS LEGEND
  
 Use, reproduction and disclosure by the US Government is
 subject to restrictions as set forth in subparagraphs (a)
 and (c) of the Commercial Computer Software - Restricted
 Rights clause in FAR 52.227-19.
  
 Gaussian, Inc.
 340 Quinnipiac St., Bldg. 40, Wallingford CT 06492
  
  
 ---------------------------------------------------------------
 Warning -- This program may not be used in any manner that
 competes with the business of Gaussian, Inc. or will provide
 assistance to any competitor of Gaussian, Inc.  The licensee
 of this program is prohibited from giving any competitor of
 Gaussian, Inc. access to this program.  By using this program,
 the user acknowledges that Gaussian, Inc. is engaged in the
 business of creating and licensing software in the field of
 computational chemistry and represents and warrants to the
 licensee that it is not a competitor of Gaussian, Inc. and that
 it will not use this program in any manner prohibited above.
 ---------------------------------------------------------------
  

 Cite this work as:
 Gaussian 09, Revision E.01,
 M. J. Frisch, G. W. Trucks, H. B. Schlegel, G. E. Scuseria, 
 M. A. Robb, J. R. Cheeseman, G. Scalmani, V. Barone, B. Mennucci, 
 G. A. Petersson, H. Nakatsuji, M. Caricato, X. Li, H. P. Hratchian, 
 A. F. Izmaylov, J. Bloino, G. Zheng, J. L. Sonnenberg, M. Hada, 
 M. Ehara, K. Toyota, R. Fukuda, J. Hasegawa, M. Ishida, T. Nakajima, 
 Y. Honda, O. Kitao, H. Nakai, T. Vreven, J. A. Montgomery, Jr., 
 J. E. Peralta, F. Ogliaro, M. Bearpark, J. J. Heyd, E. Brothers, 
 K. N. Kudin, V. N. Staroverov, T. Keith, R. Kobayashi, J. Normand, 
 K. Raghavachari, A. Rendell, J. C. Burant, S. S. Iyengar, J. Tomasi, 
 M. Cossi, N. Rega, J. M. Millam, M. Klene, J. E. Knox, J. B. Cross, 
 V. Bakken, C. Adamo, J. Jaramillo, R. Gomperts, R. E. Stratmann, 
 O. Yazyev, A. J. Austin, R. Cammi, C. Pomelli, J. W. Ochterski, 
 R. L. Martin, K. Morokuma, V. G. Zakrzewski, G. A. Voth, 
 P. Salvador, J. J. Dannenberg, S. Dapprich, A. D. Daniels, 
 O. Farkas, J. B. Foresman, J. V. Ortiz, J. Cioslowski, 
 and D. J. Fox, Gaussian, Inc., Wallingford CT, 2013.
 
 ******************************************
 Gaussian 09:  ES64L-G09RevE.01 30-Nov-2015
                 9-Feb-2017 
 ******************************************
 %chk=h12.chk
 ----------------------------------------------------------------------
 #rhf/gen scf(symm,tight,novaracc,noincfock,fulldiag) stable(crhf) gues
 s=read geom=nocrowd test
 ----------------------------------------------------------------------
 1/38=1/1;
 2/12=1,17=6,18=5,40=1/2;
 3/5=7,16=1,25=1,30=1,116=1/1,2,3;
 4/5=1,9=4/1;
 5/5=100002,15=2,16=1,32=2,38=6/2;
 8/6=1,10=90,11=11/1,4;
 9/8=4,13=1/2;
 6/7=2,8=2,9=2,10=2,28=1/1;
 99/5=1,9=1/99;
 ----------------------------------------------------------------------
 hf stability analysis of h10 triangular lattice, y= 1.6480958607190197
 ----------------------------------------------------------------------
 Symbolic Z-matrix:
 Charge =  0 Multiplicity = 1
 H
 H                    1     1.68492 
 H                    1     1.68492  2     24. 
 H                    2     1.68492  1     156.     3     0.       0
 H                    3     1.68492  1     180.     2     0.       0
 H                    4     1.68492  2     180.     1     0.       0
 H                    5     1.68492  3     180.     2     0.       0
 H                    6     1.68492  4     180.     1     0.       0
 H                    7     1.68492  5     180.     2     0.       0
 H                    8     1.68492  6     180.     1     0.       0
 H                    9     1.68492  7     180.     2     0.       0
 H                    10    1.68492  8     180.     1     0.       0
 
                          Input orientation:                          
 ---------------------------------------------------------------------
 Center     Atomic      Atomic             Coordinates (Angstroms)
 Number     Number       Type             X           Y           Z
 ---------------------------------------------------------------------
      1          1           0        0.000000    0.000000    0.000000
      2          1           0        0.000000    0.000000    1.684915
      3          1           0        0.685317    0.000000    1.539247
      4          1           0        0.685317    0.000000    3.224162
      5          1           0        1.370634    0.000000    3.078493
      6          1           0        1.370634    0.000000    4.763409
      7          1           0        2.055950    0.000000    4.617740
      8          1           0        2.055950    0.000000    6.302655
      9          1           0        2.741267    0.000000    6.156987
     10          1           0        2.741267    0.000000    7.841902
     11          1           0        3.426584    0.000000    7.696234
     12          1           0        3.426584    0.000000    9.381149
 ---------------------------------------------------------------------
                    Distance matrix (angstroms):
                    1          2          3          4          5
     1  H    0.000000
     2  H    1.684915   0.000000
     3  H    1.684915   0.700627   0.000000
     4  H    3.296192   1.684915   1.684915   0.000000
     5  H    3.369831   1.954660   1.684915   0.700627   0.000000
     6  H    4.956682   3.369831   3.296192   1.684915   1.684915
     7  H    5.054746   3.581675   3.369831   1.954660   1.684915
     8  H    6.629510   5.054746   4.956682   3.369831   3.296192
     9  H    6.739661   5.245376   5.054746   3.581675   3.369831
    10  H    8.307224   6.739661   6.629510   5.054746   4.956682
    11  H    8.424576   6.919351   6.739661   5.245376   5.054746
    12  H    9.987364   8.424576   8.307224   6.739661   6.629510
                    6          7          8          9         10
     6  H    0.000000
     7  H    0.700627   0.000000
     8  H    1.684915   1.684915   0.000000
     9  H    1.954660   1.684915   0.700627   0.000000
    10  H    3.369831   3.296192   1.684915   1.684915   0.000000
    11  H    3.581675   3.369831   1.954660   1.684915   0.700627
    12  H    5.054746   4.956682   3.369831   3.296192   1.684915
                   11         12
    11  H    0.000000
    12  H    1.684915   0.000000
 Stoichiometry    H12
 Framework group  C2H[SGH(H12)]
 Deg. of freedom    11
 Full point group                 C2H     NOp   4
 Largest Abelian subgroup         C2H     NOp   4
 Largest concise Abelian subgroup C2      NOp   2
                         Standard orientation:                         
 ---------------------------------------------------------------------
 Center     Atomic      Atomic             Coordinates (Angstroms)
 Number     Number       Type             X           Y           Z
 ---------------------------------------------------------------------
      1          1           0        4.944288    0.700627    0.000000
      2          1           0        3.296192    1.050941    0.000000
      3          1           0        3.296192    0.350314    0.000000
      4          1           0        1.648096    0.700627    0.000000
      5          1           0        1.648096    0.000000    0.000000
      6          1           0        0.000000    0.350314    0.000000
      7          1           0       -0.000000   -0.350314   -0.000000
      8          1           0       -1.648096    0.000000    0.000000
      9          1           0       -1.648096   -0.700627    0.000000
     10          1           0       -3.296192   -0.350314    0.000000
     11          1           0       -3.296192   -1.050941    0.000000
     12          1           0       -4.944288   -0.700627    0.000000
 ---------------------------------------------------------------------
 Rotational constants (GHZ):    381.7001906      4.7055842      4.6482804
 General basis read from cards:  (5D, 7F)
 There are     6 symmetry adapted cartesian basis functions of AG  symmetry.
 There are     0 symmetry adapted cartesian basis functions of BG  symmetry.
 There are     0 symmetry adapted cartesian basis functions of AU  symmetry.
 There are     6 symmetry adapted cartesian basis functions of BU  symmetry.
 There are     6 symmetry adapted basis functions of AG  symmetry.
 There are     0 symmetry adapted basis functions of BG  symmetry.
 There are     0 symmetry adapted basis functions of AU  symmetry.
 There are     6 symmetry adapted basis functions of BU  symmetry.
    12 basis functions,   120 primitive gaussians,    12 cartesian basis functions
     6 alpha electrons        6 beta electrons
       nuclear repulsion energy        14.5796243346 Hartrees.
 NAtoms=   12 NActive=   12 NUniq=    6 SFac= 4.00D+00 NAtFMM=   60 NAOKFM=F Big=F
 Integral buffers will be    131072 words long.
 Regular integral format.
 Two-electron integral symmetry is turned on.
 One-electron integrals computed using PRISM.
 NBasis=    12 RedAO= T EigKep=  1.57D-01  NBF=     6     0     0     6
 NBsUse=    12 1.00D-06 EigRej= -1.00D+00 NBFU=     6     0     0     6
 Initial guess from the checkpoint file:  "h12.chk"
 B after Tr=    -0.000000   -0.000000    0.000000
         Rot=    0.999973    0.000000    0.000000    0.007349 Ang=   0.84 deg.
 Initial guess orbital symmetries:
       Occupied  (AG) (BU) (AG) (BU) (AG) (BU)
       Virtual   (AG) (BU) (AG) (BU) (AG) (BU)
 Keep R1 ints in memory in symmetry-blocked form, NReq=892850.
 Requested convergence on RMS density matrix=1.00D-08 within 128 cycles.
 Requested convergence on MAX density matrix=1.00D-06.
 Requested convergence on             energy=1.00D-06.
 No special actions if energy rises.
 SCF Done:  E(RHF) =  -5.96417291123     A.U. after    7 cycles
            NFock=  7  Conv=0.39D-08     -V/T= 1.9829
 Range of M.O.s used for correlation:     1    12
 NBasis=    12 NAE=     6 NBE=     6 NFC=     0 NFV=     0
 NROrb=     12 NOA=     6 NOB=     6 NVA=     6 NVB=     6

 **** Warning!!: The smallest alpha delta epsilon is  0.56089399D-01

 Semi-Direct transformation.
 ModeAB=           4 MOrb=             6 LenV=     134095385
 LASXX=         2181 LTotXX=        2181 LenRXX=        5115
 LTotAB=        2934 MaxLAS=        3024 LenRXY=           0
 NonZer=        7296 LenScr=      655360 LnRSAI=        3024
 LnScr1=      655360 LExtra=           0 Total=      1318859
 MaxDsk=          -1 SrtSym=           T ITran=            3
 JobTyp=0 Pass  1:  I=   1 to   6.
 (rs|ai) integrals will be sorted in core.
 Spin components of T(2) and E(2):
     alpha-alpha T2 =       0.4042221441D-03 E2=     -0.8246694163D-03
     alpha-beta  T2 =       0.6140753867D+01 E2=     -0.7430442917D+00
     beta-beta   T2 =       0.4042221441D-03 E2=     -0.8246694163D-03
 ANorm=    0.2672370167D+01
 E2 =    -0.7446936305D+00 EUMP2 =    -0.67088665417786D+01
 Second order stability test of a single determinant RHF wave function:
 Stabil:  MDV=134217728
 ***********************************************************************
 Matrix         Lowest Root    Major Pairs
 ***********************************************************************
 Internal RHF     0.2917056    Stable
 RRHF --> CRHF    0.0015416    Stable
 RRHF --> RUHF   -0.558623     6A=7B
 Not stable.
 ***********************************************************************

 **********************************************************************

            Population analysis using the SCF density.

 **********************************************************************

 Orbital symmetries:
       Occupied  (AG) (BU) (AG) (BU) (AG) (BU)
       Virtual   (AG) (BU) (AG) (BU) (AG) (BU)
 The electronic state is 1-AG.
 Alpha  occ. eigenvalues --   -0.75133  -0.72018  -0.66276  -0.58987  -0.50877
 Alpha  occ. eigenvalues --   -0.16511
 Alpha virt. eigenvalues --   -0.10902   0.26769   0.33216   0.43963   0.56496
 Alpha virt. eigenvalues --    0.67473
          Condensed to atoms (all electrons):
               1          2          3          4          5          6
     1  H    1.147065  -0.052325  -0.047329  -0.001551   0.000688   0.000152
     2  H   -0.052325   0.657087   0.504419  -0.068995  -0.057194   0.001473
     3  H   -0.047329   0.504419   0.647979  -0.060596  -0.069262   0.000985
     4  H   -0.001551  -0.068995  -0.060596   0.714198   0.549415  -0.076566
     5  H    0.000688  -0.057194  -0.069262   0.549415   0.710289  -0.068483
     6  H    0.000152   0.001473   0.000985  -0.076566  -0.068483   0.718373
     7  H    0.000086   0.001500   0.001452  -0.060947  -0.075279   0.555269
     8  H   -0.000017   0.000046   0.000067   0.001726   0.001070  -0.075279
     9  H   -0.000008   0.000001   0.000016   0.001742   0.001726  -0.060947
    10  H    0.000002  -0.000007  -0.000008   0.000016   0.000067   0.001452
    11  H    0.000002  -0.000005  -0.000007   0.000001   0.000046   0.001500
    12  H   -0.000001   0.000002   0.000002  -0.000008  -0.000017   0.000086
               7          8          9         10         11         12
     1  H    0.000086  -0.000017  -0.000008   0.000002   0.000002  -0.000001
     2  H    0.001500   0.000046   0.000001  -0.000007  -0.000005   0.000002
     3  H    0.001452   0.000067   0.000016  -0.000008  -0.000007   0.000002
     4  H   -0.060947   0.001726   0.001742   0.000016   0.000001  -0.000008
     5  H   -0.075279   0.001070   0.001726   0.000067   0.000046  -0.000017
     6  H    0.555269  -0.075279  -0.060947   0.001452   0.001500   0.000086
     7  H    0.718373  -0.068483  -0.076566   0.000985   0.001473   0.000152
     8  H   -0.068483   0.710289   0.549415  -0.069262  -0.057194   0.000688
     9  H   -0.076566   0.549415   0.714198  -0.060596  -0.068995  -0.001551
    10  H    0.000985  -0.069262  -0.060596   0.647979   0.504419  -0.047329
    11  H    0.001473  -0.057194  -0.068995   0.504419   0.657087  -0.052325
    12  H    0.000152   0.000688  -0.001551  -0.047329  -0.052325   1.147065
 Mulliken charges:
               1
     1  H   -0.046763
     2  H    0.013998
     3  H    0.022282
     4  H    0.001563
     5  H    0.006934
     6  H    0.001986
     7  H    0.001986
     8  H    0.006934
     9  H    0.001563
    10  H    0.022282
    11  H    0.013998
    12  H   -0.046763
 Sum of Mulliken charges =   0.00000
 Mulliken charges with hydrogens summed into heavy atoms:
               1
 Electronic spatial extent (au):  <R**2>=            428.4871
 Charge=              0.0000 electrons
 Dipole moment (field-independent basis, Debye):
    X=              0.0000    Y=             -0.0000    Z=             -0.0000  Tot=              0.0000
 Quadrupole moment (field-independent basis, Debye-Ang):
   XX=            -28.8104   YY=            -13.7968   ZZ=            -15.5543
   XY=             -1.8617   XZ=             -0.0000   YZ=             -0.0000
 Traceless Quadrupole moment (field-independent basis, Debye-Ang):
   XX=             -9.4233   YY=              5.5904   ZZ=              3.8329
   XY=             -1.8617   XZ=             -0.0000   YZ=             -0.0000
 Octapole moment (field-independent basis, Debye-Ang**2):
  XXX=             -0.0000  YYY=             -0.0000  ZZZ=             -0.0000  XYY=             -0.0000
  XXY=             -0.0000  XXZ=             -0.0000  XZZ=              0.0000  YZZ=              0.0000
  YYZ=             -0.0000  XYZ=             -0.0000
 Hexadecapole moment (field-independent basis, Debye-Ang**3):
 XXXX=          -1299.5237 YYYY=            -49.3034 ZZZZ=            -18.8566 XXXY=           -136.0514
 XXXZ=             -0.0000 YYYX=            -68.8796 YYYZ=             -0.0000 ZZZX=             -0.0000
 ZZZY=             -0.0000 XXYY=           -149.0911 XXZZ=           -145.6600 YYZZ=            -11.8548
 XXYZ=             -0.0000 YYXZ=             -0.0000 ZZXY=            -24.8158
 N-N= 1.457962433464D+01 E-N=-4.035972567191D+01  KE= 6.068198233666D+00
 Symmetry AG   KE= 2.959330448339D+00
 Symmetry BG   KE= 0.000000000000D+00
 Symmetry AU   KE= 0.000000000000D+00
 Symmetry BU   KE= 3.108867785327D+00

 Test job not archived.
 1\1\GINC-SULU\Stability\RHF\Gen\H12\UNKNOWN\09-Feb-2017\0\\#rhf/gen sc
 f(symm,tight,novaracc,noincfock,fulldiag) stable(crhf) guess=read geom
 =nocrowd test\\hf stability analysis of h10 triangular lattice, y= 1.6
 480958607190197\\0,1\H\H,1,1.6849152891\H,1,1.6849152891,2,24.\H,2,1.6
 849152891,1,156.,3,0.,0\H,3,1.6849152891,1,180.,2,0.,0\H,4,1.684915289
 1,2,180.,1,0.,0\H,5,1.6849152891,3,180.,2,0.,0\H,6,1.6849152891,4,180.
 ,1,0.,0\H,7,1.6849152891,5,180.,2,0.,0\H,8,1.6849152891,6,180.,1,0.,0\
 H,9,1.6849152891,7,180.,2,0.,0\H,10,1.6849152891,8,180.,1,0.,0\\Versio
 n=ES64L-G09RevE.01\State=1-AG\HF=-5.9641729\MP2=-6.7088665\RMSD=3.855e
 -09\Dipole=0.,0.,0.\Quadrupole=3.1108563,2.8496302,-5.9604865,0.,-3.53
 44924,0.\PG=C02H [SGH(H12)]\\@


 THE REAL VOYAGE OF DISCOVERY CONSISTS NOT IN SEEKING NEW LANDSCAPES 
 BUT IN HAVING NEW EYES.
                                                    -- MARCEL PROUST
 Job cpu time:       0 days  0 hours  0 minutes  0.9 seconds.
 File lengths (MBytes):  RWF=     84 Int=      0 D2E=      0 Chk=      2 Scr=      2
 Normal termination of Gaussian 09 at Thu Feb  9 18:44:29 2017.
