 Entering Gaussian System, Link 0=g09
 AtFile(1): H.gbs
            H     0
            S   10   1.00
               1000.000000000000            0.000068713567
                316.227766000000            0.000169141320
                100.000000000000            0.000823394812
                 31.622776600000            0.003425569236
                 10.000000000000            0.013951996000
                  3.162277660000            0.056909313560
                  1.000000000000            0.198286399900
                  0.316227766000            0.496922426700
                  0.100000000000            0.369846276400
                  0.031622776600            0.003752720039
            ****
 Initial command:
 /projects/guscus/apps/gau/g09-e1/g09/l1.exe "/users/lcj1/gaussian/h12/rhfstability/2rows/Gau-10367.inp" -scrdir="/users/lcj1/gaussian/h12/rhfstability/2rows/"
 Entering Link 1 = /projects/guscus/apps/gau/g09-e1/g09/l1.exe PID=     10368.
  
 Copyright (c) 1988,1990,1992,1993,1995,1998,2003,2009,2015,
            Gaussian, Inc.  All Rights Reserved.
  
 This is part of the Gaussian(R) 09 program.  It is based on
 the Gaussian(R) 03 system (copyright 2003, Gaussian, Inc.),
 the Gaussian(R) 98 system (copyright 1998, Gaussian, Inc.),
 the Gaussian(R) 94 system (copyright 1995, Gaussian, Inc.),
 the Gaussian 92(TM) system (copyright 1992, Gaussian, Inc.),
 the Gaussian 90(TM) system (copyright 1990, Gaussian, Inc.),
 the Gaussian 88(TM) system (copyright 1988, Gaussian, Inc.),
 the Gaussian 86(TM) system (copyright 1986, Carnegie Mellon
 University), and the Gaussian 82(TM) system (copyright 1983,
 Carnegie Mellon University). Gaussian is a federally registered
 trademark of Gaussian, Inc.
  
 This software contains proprietary and confidential information,
 including trade secrets, belonging to Gaussian, Inc.
  
 This software is provided under written license and may be
 used, copied, transmitted, or stored only in accord with that
 written license.
  
 The following legend is applicable only to US Government
 contracts under FAR:
  
                    RESTRICTED RIGHTS LEGEND
  
 Use, reproduction and disclosure by the US Government is
 subject to restrictions as set forth in subparagraphs (a)
 and (c) of the Commercial Computer Software - Restricted
 Rights clause in FAR 52.227-19.
  
 Gaussian, Inc.
 340 Quinnipiac St., Bldg. 40, Wallingford CT 06492
  
  
 ---------------------------------------------------------------
 Warning -- This program may not be used in any manner that
 competes with the business of Gaussian, Inc. or will provide
 assistance to any competitor of Gaussian, Inc.  The licensee
 of this program is prohibited from giving any competitor of
 Gaussian, Inc. access to this program.  By using this program,
 the user acknowledges that Gaussian, Inc. is engaged in the
 business of creating and licensing software in the field of
 computational chemistry and represents and warrants to the
 licensee that it is not a competitor of Gaussian, Inc. and that
 it will not use this program in any manner prohibited above.
 ---------------------------------------------------------------
  

 Cite this work as:
 Gaussian 09, Revision E.01,
 M. J. Frisch, G. W. Trucks, H. B. Schlegel, G. E. Scuseria, 
 M. A. Robb, J. R. Cheeseman, G. Scalmani, V. Barone, B. Mennucci, 
 G. A. Petersson, H. Nakatsuji, M. Caricato, X. Li, H. P. Hratchian, 
 A. F. Izmaylov, J. Bloino, G. Zheng, J. L. Sonnenberg, M. Hada, 
 M. Ehara, K. Toyota, R. Fukuda, J. Hasegawa, M. Ishida, T. Nakajima, 
 Y. Honda, O. Kitao, H. Nakai, T. Vreven, J. A. Montgomery, Jr., 
 J. E. Peralta, F. Ogliaro, M. Bearpark, J. J. Heyd, E. Brothers, 
 K. N. Kudin, V. N. Staroverov, T. Keith, R. Kobayashi, J. Normand, 
 K. Raghavachari, A. Rendell, J. C. Burant, S. S. Iyengar, J. Tomasi, 
 M. Cossi, N. Rega, J. M. Millam, M. Klene, J. E. Knox, J. B. Cross, 
 V. Bakken, C. Adamo, J. Jaramillo, R. Gomperts, R. E. Stratmann, 
 O. Yazyev, A. J. Austin, R. Cammi, C. Pomelli, J. W. Ochterski, 
 R. L. Martin, K. Morokuma, V. G. Zakrzewski, G. A. Voth, 
 P. Salvador, J. J. Dannenberg, S. Dapprich, A. D. Daniels, 
 O. Farkas, J. B. Foresman, J. V. Ortiz, J. Cioslowski, 
 and D. J. Fox, Gaussian, Inc., Wallingford CT, 2013.
 
 ******************************************
 Gaussian 09:  ES64L-G09RevE.01 30-Nov-2015
                 9-Feb-2017 
 ******************************************
 %chk=h12.chk
 ----------------------------------------------------------------------
 #rhf/gen scf(symm,tight,novaracc,noincfock,fulldiag) stable(crhf) gues
 s=read geom=nocrowd test
 ----------------------------------------------------------------------
 1/38=1/1;
 2/12=1,17=6,18=5,40=1/2;
 3/5=7,16=1,25=1,30=1,116=1/1,2,3;
 4/5=1,9=4/1;
 5/5=100002,15=2,16=1,32=2,38=6/2;
 8/6=1,10=90,11=11/1,4;
 9/8=4,13=1/2;
 6/7=2,8=2,9=2,10=2,28=1/1;
 99/5=1,9=1/99;
 ----------------------------------------------------------------------
 hf stability analysis of h10 triangular lattice, y= 0.6716215332591580
 8
 ----------------------------------------------------------------------
 Symbolic Z-matrix:
 Charge =  0 Multiplicity = 1
 H
 H                    1     1.09089 
 H                    1     1.09089  2     104. 
 H                    2     1.09089  1     76.      3     0.       0
 H                    3     1.09089  1     180.     2     0.       0
 H                    4     1.09089  2     180.     1     0.       0
 H                    5     1.09089  3     180.     2     0.       0
 H                    6     1.09089  4     180.     1     0.       0
 H                    7     1.09089  5     180.     2     0.       0
 H                    8     1.09089  6     180.     1     0.       0
 H                    9     1.09089  7     180.     2     0.       0
 H                    10    1.09089  8     180.     1     0.       0
 
                          Input orientation:                          
 ---------------------------------------------------------------------
 Center     Atomic      Atomic             Coordinates (Angstroms)
 Number     Number       Type             X           Y           Z
 ---------------------------------------------------------------------
      1          1           0        0.000000    0.000000    0.000000
      2          1           0        0.000000    0.000000    1.090894
      3          1           0        1.058490    0.000000   -0.263911
      4          1           0        1.058490    0.000000    0.826983
      5          1           0        2.116980    0.000000   -0.527822
      6          1           0        2.116980    0.000000    0.563072
      7          1           0        3.175470    0.000000   -0.791734
      8          1           0        3.175470    0.000000    0.299161
      9          1           0        4.233960    0.000000   -1.055645
     10          1           0        4.233960    0.000000    0.035249
     11          1           0        5.292450    0.000000   -1.319556
     12          1           0        5.292450    0.000000   -0.228662
 ---------------------------------------------------------------------
                    Distance matrix (angstroms):
                    1          2          3          4          5
     1  H    0.000000
     2  H    1.090894   0.000000
     3  H    1.090894   1.719273   0.000000
     4  H    1.343243   1.090894   1.090894   0.000000
     5  H    2.181788   2.664929   1.090894   1.719273   0.000000
     6  H    2.190583   2.181788   1.343243   1.090894   1.090894
     7  H    3.272683   3.691598   2.181788   2.664929   1.090894
     8  H    3.189531   3.272683   2.190583   2.181788   1.343243
     9  H    4.363577   4.747004   3.272683   3.691598   2.181788
    10  H    4.234107   4.363577   3.189531   3.272683   2.190583
    11  H    5.454471   5.815522   4.363577   4.747004   3.272683
    12  H    5.297387   5.454471   4.234107   4.363577   3.189531
                    6          7          8          9         10
     6  H    0.000000
     7  H    1.719273   0.000000
     8  H    1.090894   1.090894   0.000000
     9  H    2.664929   1.090894   1.719273   0.000000
    10  H    2.181788   1.343243   1.090894   1.090894   0.000000
    11  H    3.691598   2.181788   2.664929   1.090894   1.719273
    12  H    3.272683   2.190583   2.181788   1.343243   1.090894
                   11         12
    11  H    0.000000
    12  H    1.090894   0.000000
 Stoichiometry    H12
 Framework group  C2H[SGH(H12)]
 Deg. of freedom    11
 Full point group                 C2H     NOp   4
 Largest Abelian subgroup         C2H     NOp   4
 Largest concise Abelian subgroup C2      NOp   2
                         Standard orientation:                         
 ---------------------------------------------------------------------
 Center     Atomic      Atomic             Coordinates (Angstroms)
 Number     Number       Type             X           Y           Z
 ---------------------------------------------------------------------
      1          1           0        1.719273    2.014865   -0.000000
      2          1           0        2.578909    1.343243   -0.000000
      3          1           0        0.859636    1.343243   -0.000000
      4          1           0        1.719273    0.671622   -0.000000
      5          1           0        0.000000    0.671622   -0.000000
      6          1           0        0.859636    0.000000   -0.000000
      7          1           0       -0.859636    0.000000   -0.000000
      8          1           0       -0.000000   -0.671622    0.000000
      9          1           0       -1.719273   -0.671622   -0.000000
     10          1           0       -0.859636   -1.343243    0.000000
     11          1           0       -2.578909   -1.343243   -0.000000
     12          1           0       -1.719273   -2.014865   -0.000000
 ---------------------------------------------------------------------
 Rotational constants (GHZ):    150.0028975     11.9739221     11.0887658
 General basis read from cards:  (5D, 7F)
 There are     6 symmetry adapted cartesian basis functions of AG  symmetry.
 There are     0 symmetry adapted cartesian basis functions of BG  symmetry.
 There are     0 symmetry adapted cartesian basis functions of AU  symmetry.
 There are     6 symmetry adapted cartesian basis functions of BU  symmetry.
 There are     6 symmetry adapted basis functions of AG  symmetry.
 There are     0 symmetry adapted basis functions of BG  symmetry.
 There are     0 symmetry adapted basis functions of AU  symmetry.
 There are     6 symmetry adapted basis functions of BU  symmetry.
    12 basis functions,   120 primitive gaussians,    12 cartesian basis functions
     6 alpha electrons        6 beta electrons
       nuclear repulsion energy        18.2118679178 Hartrees.
 NAtoms=   12 NActive=   12 NUniq=    6 SFac= 4.00D+00 NAtFMM=   60 NAOKFM=F Big=F
 Integral buffers will be    131072 words long.
 Regular integral format.
 Two-electron integral symmetry is turned on.
 One-electron integrals computed using PRISM.
 NBasis=    12 RedAO= T EigKep=  1.29D-01  NBF=     6     0     0     6
 NBsUse=    12 1.00D-06 EigRej= -1.00D+00 NBFU=     6     0     0     6
 Initial guess from the checkpoint file:  "h12.chk"
 B after Tr=    -0.000000   -0.000000    0.000000
         Rot=    0.999973   -0.000000    0.000000   -0.007349 Ang=  -0.84 deg.
 Initial guess orbital symmetries:
       Occupied  (AG) (BU) (AG) (BU) (BU) (AG)
       Virtual   (AG) (BU) (AG) (BU) (BU) (AG)
 Keep R1 ints in memory in symmetry-blocked form, NReq=900410.
 Requested convergence on RMS density matrix=1.00D-08 within 128 cycles.
 Requested convergence on MAX density matrix=1.00D-06.
 Requested convergence on             energy=1.00D-06.
 No special actions if energy rises.
 SCF Done:  E(RHF) =  -5.92580952474     A.U. after   10 cycles
            NFock= 10  Conv=0.71D-08     -V/T= 1.9803
 Range of M.O.s used for correlation:     1    12
 NBasis=    12 NAE=     6 NBE=     6 NFC=     0 NFV=     0
 NROrb=     12 NOA=     6 NOB=     6 NVA=     6 NVB=     6
 Semi-Direct transformation.
 ModeAB=           4 MOrb=             6 LenV=     134087783
 LASXX=         2181 LTotXX=        2181 LenRXX=        5115
 LTotAB=        2934 MaxLAS=        3024 LenRXY=           0
 NonZer=        7296 LenScr=      655360 LnRSAI=        3024
 LnScr1=      655360 LExtra=           0 Total=      1318859
 MaxDsk=          -1 SrtSym=           T ITran=            3
 JobTyp=0 Pass  1:  I=   1 to   6.
 (rs|ai) integrals will be sorted in core.
 Spin components of T(2) and E(2):
     alpha-alpha T2 =       0.8850687787D-02 E2=     -0.1120315985D-01
     alpha-beta  T2 =       0.7512467418D-01 E2=     -0.1038408300D+00
     beta-beta   T2 =       0.8850687787D-02 E2=     -0.1120315985D-01
 ANorm=    0.1045383207D+01
 E2 =    -0.1262471497D+00 EUMP2 =    -0.60520566743980D+01
 Second order stability test of a single determinant RHF wave function:
 Stabil:  MDV=134217728
 ***********************************************************************
 Matrix         Lowest Root    Major Pairs
 ***********************************************************************
 Internal RHF     0.1365085    Stable
 RRHF --> CRHF    0.1039174    Stable

 RRHF --> RUHF   -0.054357     6A=7B 5A=8B 4A=10B 3A=9B 2A=11B 4A=8B 6A=9B 3A=7B 
 1A=12B
 Not stable.
 ***********************************************************************

 **********************************************************************

            Population analysis using the SCF density.

 **********************************************************************

 Orbital symmetries:
       Occupied  (AG) (BU) (AG) (BU) (BU) (AG)
       Virtual   (AG) (BU) (AG) (BU) (BU) (AG)
 The electronic state is 1-AG.
 Alpha  occ. eigenvalues --   -0.88501  -0.79371  -0.63751  -0.45624  -0.42804
 Alpha  occ. eigenvalues --   -0.33365
 Alpha virt. eigenvalues --    0.05463   0.05674   0.31436   0.39414   0.62363
 Alpha virt. eigenvalues --    0.86223
          Condensed to atoms (all electrons):
               1          2          3          4          5          6
     1  H    0.771379   0.143219   0.284920  -0.116942  -0.001645  -0.123266
     2  H    0.143219   0.754397  -0.141577   0.280948  -0.048094  -0.023822
     3  H    0.284920  -0.141577   1.120293  -0.287947   0.363555  -0.140146
     4  H   -0.116942   0.280948  -0.287947   0.840118  -0.102536   0.359638
     5  H   -0.001645  -0.048094   0.363555  -0.102536   0.703625   0.041024
     6  H   -0.123266  -0.023822  -0.140146   0.359638   0.041024   1.109524
     7  H    0.003946   0.006070  -0.050840  -0.012249   0.066141  -0.117910
     8  H   -0.000903   0.003591  -0.046945  -0.000688  -0.085429   0.066141
     9  H   -0.000588   0.000938  -0.011503   0.003568  -0.000688  -0.012249
    10  H    0.003193  -0.000009   0.006034  -0.011503  -0.046945  -0.050840
    11  H   -0.000292  -0.000047  -0.000009   0.000938   0.003591   0.006070
    12  H    0.000069  -0.000292   0.003193  -0.000588  -0.000903   0.003946
               7          8          9         10         11         12
     1  H    0.003946  -0.000903  -0.000588   0.003193  -0.000292   0.000069
     2  H    0.006070   0.003591   0.000938  -0.000009  -0.000047  -0.000292
     3  H   -0.050840  -0.046945  -0.011503   0.006034  -0.000009   0.003193
     4  H   -0.012249  -0.000688   0.003568  -0.011503   0.000938  -0.000588
     5  H    0.066141  -0.085429  -0.000688  -0.046945   0.003591  -0.000903
     6  H   -0.117910   0.066141  -0.012249  -0.050840   0.006070   0.003946
     7  H    1.109524   0.041024   0.359638  -0.140146  -0.023822  -0.123266
     8  H    0.041024   0.703625  -0.102536   0.363555  -0.048094  -0.001645
     9  H    0.359638  -0.102536   0.840118  -0.287947   0.280948  -0.116942
    10  H   -0.140146   0.363555  -0.287947   1.120293  -0.141577   0.284920
    11  H   -0.023822  -0.048094   0.280948  -0.141577   0.754397   0.143219
    12  H   -0.123266  -0.001645  -0.116942   0.284920   0.143219   0.771379
 Mulliken charges:
               1
     1  H    0.036909
     2  H    0.024679
     3  H   -0.099027
     4  H    0.047244
     5  H    0.108304
     6  H   -0.118109
     7  H   -0.118109
     8  H    0.108304
     9  H    0.047244
    10  H   -0.099027
    11  H    0.024679
    12  H    0.036909
 Sum of Mulliken charges =   0.00000
 Mulliken charges with hydrogens summed into heavy atoms:
               1
 Electronic spatial extent (au):  <R**2>=            197.8244
 Charge=              0.0000 electrons
 Dipole moment (field-independent basis, Debye):
    X=              0.0000    Y=             -0.0000    Z=             -0.0000  Tot=              0.0000
 Quadrupole moment (field-independent basis, Debye-Ang):
   XX=            -15.5511   YY=            -17.7635   ZZ=            -15.5559
   XY=              2.6901   XZ=             -0.0000   YZ=             -0.0000
 Traceless Quadrupole moment (field-independent basis, Debye-Ang):
   XX=              0.7391   YY=             -1.4734   ZZ=              0.7343
   XY=              2.6901   XZ=             -0.0000   YZ=             -0.0000
 Octapole moment (field-independent basis, Debye-Ang**2):
  XXX=             -0.0000  YYY=             -0.0000  ZZZ=              0.0000  XYY=             -0.0000
  XXY=              0.0000  XXZ=              0.0000  XZZ=              0.0000  YZZ=             -0.0000
  YYZ=              0.0000  XYZ=             -0.0000
 Hexadecapole moment (field-independent basis, Debye-Ang**3):
 XXXX=           -242.2245 YYYY=           -169.7927 ZZZZ=            -18.7593 XXXY=            -59.6180
 XXXZ=              0.0000 YYYX=            -69.7550 YYYZ=              0.0000 ZZZX=              0.0000
 ZZZY=              0.0000 XXYY=            -59.2970 XXZZ=            -44.1204 YYZZ=            -30.0351
 XXYZ=              0.0000 YYXZ=              0.0000 ZZXY=            -23.8170
 N-N= 1.821186791783D+01 E-N=-4.725217297390D+01  KE= 6.045152427117D+00
 Symmetry AG   KE= 2.840175288506D+00
 Symmetry BG   KE= 0.000000000000D+00
 Symmetry AU   KE= 0.000000000000D+00
 Symmetry BU   KE= 3.204977138610D+00

 Test job not archived.
 1\1\GINC-SULU\Stability\RHF\Gen\H12\UNKNOWN\09-Feb-2017\0\\#rhf/gen sc
 f(symm,tight,novaracc,noincfock,fulldiag) stable(crhf) guess=read geom
 =nocrowd test\\hf stability analysis of h10 triangular lattice, y= 0.6
 7162153325915808\\0,1\H\H,1,1.0908941753\H,1,1.0908941753,2,104.\H,2,1
 .0908941753,1,76.,3,0.,0\H,3,1.0908941753,1,180.,2,0.,0\H,4,1.09089417
 53,2,180.,1,0.,0\H,5,1.0908941753,3,180.,2,0.,0\H,6,1.0908941753,4,180
 .,1,0.,0\H,7,1.0908941753,5,180.,2,0.,0\H,8,1.0908941753,6,180.,1,0.,0
 \H,9,1.0908941753,7,180.,2,0.,0\H,10,1.0908941753,8,180.,1,0.,0\\Versi
 on=ES64L-G09RevE.01\State=1-AG\HF=-5.9258095\MP2=-6.0520567\RMSD=7.077
 e-09\Dipole=0.,0.,0.\Quadrupole=1.4687149,0.5459063,-2.0146213,0.,-1.2
 818765,0.\PG=C02H [SGH(H12)]\\@


 IT IS IMPOSSIBLE TO MEDITATE ON TIME AND THE MYSTERY 
 OF NATURE WITHOUT AN OVERWHELMING EMOTION AT THE
 LIMITATIONS OF HUMAN INTELLIGENCE.

                                         -- ALFRED NORTH WHITEHEAD
 Job cpu time:       0 days  0 hours  0 minutes  0.9 seconds.
 File lengths (MBytes):  RWF=     84 Int=      0 D2E=      0 Chk=      2 Scr=      2
 Normal termination of Gaussian 09 at Thu Feb  9 18:42:58 2017.
