 Entering Gaussian System, Link 0=g09
 AtFile(1): H.gbs
            H     0
            S   10   1.00
               1000.000000000000            0.000068713567
                316.227766000000            0.000169141320
                100.000000000000            0.000823394812
                 31.622776600000            0.003425569236
                 10.000000000000            0.013951996000
                  3.162277660000            0.056909313560
                  1.000000000000            0.198286399900
                  0.316227766000            0.496922426700
                  0.100000000000            0.369846276400
                  0.031622776600            0.003752720039
            ****
 Initial command:
 /projects/guscus/apps/gau/g09-e1/g09/l1.exe "/users/lcj1/gaussian/h12/rhfstability/2rows/Gau-10448.inp" -scrdir="/users/lcj1/gaussian/h12/rhfstability/2rows/"
 Entering Link 1 = /projects/guscus/apps/gau/g09-e1/g09/l1.exe PID=     10449.
  
 Copyright (c) 1988,1990,1992,1993,1995,1998,2003,2009,2015,
            Gaussian, Inc.  All Rights Reserved.
  
 This is part of the Gaussian(R) 09 program.  It is based on
 the Gaussian(R) 03 system (copyright 2003, Gaussian, Inc.),
 the Gaussian(R) 98 system (copyright 1998, Gaussian, Inc.),
 the Gaussian(R) 94 system (copyright 1995, Gaussian, Inc.),
 the Gaussian 92(TM) system (copyright 1992, Gaussian, Inc.),
 the Gaussian 90(TM) system (copyright 1990, Gaussian, Inc.),
 the Gaussian 88(TM) system (copyright 1988, Gaussian, Inc.),
 the Gaussian 86(TM) system (copyright 1986, Carnegie Mellon
 University), and the Gaussian 82(TM) system (copyright 1983,
 Carnegie Mellon University). Gaussian is a federally registered
 trademark of Gaussian, Inc.
  
 This software contains proprietary and confidential information,
 including trade secrets, belonging to Gaussian, Inc.
  
 This software is provided under written license and may be
 used, copied, transmitted, or stored only in accord with that
 written license.
  
 The following legend is applicable only to US Government
 contracts under FAR:
  
                    RESTRICTED RIGHTS LEGEND
  
 Use, reproduction and disclosure by the US Government is
 subject to restrictions as set forth in subparagraphs (a)
 and (c) of the Commercial Computer Software - Restricted
 Rights clause in FAR 52.227-19.
  
 Gaussian, Inc.
 340 Quinnipiac St., Bldg. 40, Wallingford CT 06492
  
  
 ---------------------------------------------------------------
 Warning -- This program may not be used in any manner that
 competes with the business of Gaussian, Inc. or will provide
 assistance to any competitor of Gaussian, Inc.  The licensee
 of this program is prohibited from giving any competitor of
 Gaussian, Inc. access to this program.  By using this program,
 the user acknowledges that Gaussian, Inc. is engaged in the
 business of creating and licensing software in the field of
 computational chemistry and represents and warrants to the
 licensee that it is not a competitor of Gaussian, Inc. and that
 it will not use this program in any manner prohibited above.
 ---------------------------------------------------------------
  

 Cite this work as:
 Gaussian 09, Revision E.01,
 M. J. Frisch, G. W. Trucks, H. B. Schlegel, G. E. Scuseria, 
 M. A. Robb, J. R. Cheeseman, G. Scalmani, V. Barone, B. Mennucci, 
 G. A. Petersson, H. Nakatsuji, M. Caricato, X. Li, H. P. Hratchian, 
 A. F. Izmaylov, J. Bloino, G. Zheng, J. L. Sonnenberg, M. Hada, 
 M. Ehara, K. Toyota, R. Fukuda, J. Hasegawa, M. Ishida, T. Nakajima, 
 Y. Honda, O. Kitao, H. Nakai, T. Vreven, J. A. Montgomery, Jr., 
 J. E. Peralta, F. Ogliaro, M. Bearpark, J. J. Heyd, E. Brothers, 
 K. N. Kudin, V. N. Staroverov, T. Keith, R. Kobayashi, J. Normand, 
 K. Raghavachari, A. Rendell, J. C. Burant, S. S. Iyengar, J. Tomasi, 
 M. Cossi, N. Rega, J. M. Millam, M. Klene, J. E. Knox, J. B. Cross, 
 V. Bakken, C. Adamo, J. Jaramillo, R. Gomperts, R. E. Stratmann, 
 O. Yazyev, A. J. Austin, R. Cammi, C. Pomelli, J. W. Ochterski, 
 R. L. Martin, K. Morokuma, V. G. Zakrzewski, G. A. Voth, 
 P. Salvador, J. J. Dannenberg, S. Dapprich, A. D. Daniels, 
 O. Farkas, J. B. Foresman, J. V. Ortiz, J. Cioslowski, 
 and D. J. Fox, Gaussian, Inc., Wallingford CT, 2013.
 
 ******************************************
 Gaussian 09:  ES64L-G09RevE.01 30-Nov-2015
                 9-Feb-2017 
 ******************************************
 %chk=h12.chk
 ----------------------------------------------------------------------
 #rhf/gen scf(symm,tight,novaracc,noincfock,fulldiag) stable(crhf) gues
 s=read geom=nocrowd test
 ----------------------------------------------------------------------
 1/38=1/1;
 2/12=1,17=6,18=5,40=1/2;
 3/5=7,16=1,25=1,30=1,116=1/1,2,3;
 4/5=1,9=4/1;
 5/5=100002,15=2,16=1,32=2,38=6/2;
 8/6=1,10=90,11=11/1,4;
 9/8=4,13=1/2;
 6/7=2,8=2,9=2,10=2,28=1/1;
 99/5=1,9=1/99;
 ----------------------------------------------------------------------
 hf stability analysis of h10 triangular lattice, y= 0.6960275979088506
 0
 ----------------------------------------------------------------------
 Symbolic Z-matrix:
 Charge =  0 Multiplicity = 1
 H
 H                    1     1.08283 
 H                    1     1.08283  2     100. 
 H                    2     1.08283  1     80.      3     0.       0
 H                    3     1.08283  1     180.     2     0.       0
 H                    4     1.08283  2     180.     1     0.       0
 H                    5     1.08283  3     180.     2     0.       0
 H                    6     1.08283  4     180.     1     0.       0
 H                    7     1.08283  5     180.     2     0.       0
 H                    8     1.08283  6     180.     1     0.       0
 H                    9     1.08283  7     180.     2     0.       0
 H                    10    1.08283  8     180.     1     0.       0
 
                          Input orientation:                          
 ---------------------------------------------------------------------
 Center     Atomic      Atomic             Coordinates (Angstroms)
 Number     Number       Type             X           Y           Z
 ---------------------------------------------------------------------
      1          1           0        0.000000    0.000000    0.000000
      2          1           0        0.000000    0.000000    1.082827
      3          1           0        1.066376    0.000000   -0.188031
      4          1           0        1.066376    0.000000    0.894796
      5          1           0        2.132752    0.000000   -0.376062
      6          1           0        2.132752    0.000000    0.706765
      7          1           0        3.199128    0.000000   -0.564093
      8          1           0        3.199128    0.000000    0.518734
      9          1           0        4.265504    0.000000   -0.752124
     10          1           0        4.265504    0.000000    0.330703
     11          1           0        5.331881    0.000000   -0.940154
     12          1           0        5.331881    0.000000    0.142672
 ---------------------------------------------------------------------
                    Distance matrix (angstroms):
                    1          2          3          4          5
     1  H    0.000000
     2  H    1.082827   0.000000
     3  H    1.082827   1.658987   0.000000
     4  H    1.392055   1.082827   1.082827   0.000000
     5  H    2.165653   2.583987   1.082827   1.658987   0.000000
     6  H    2.246809   2.165653   1.392055   1.082827   1.082827
     7  H    3.248480   3.598161   2.165653   2.583987   1.082827
     8  H    3.240911   3.248480   2.246809   2.165653   1.392055
     9  H    4.331307   4.643444   3.248480   3.598161   2.165653
    10  H    4.278305   4.331307   3.240911   3.248480   2.246809
    11  H    5.414133   5.702754   4.331307   4.643444   3.248480
    12  H    5.333789   5.414133   4.278305   4.331307   3.240911
                    6          7          8          9         10
     6  H    0.000000
     7  H    1.658987   0.000000
     8  H    1.082827   1.082827   0.000000
     9  H    2.583987   1.082827   1.658987   0.000000
    10  H    2.165653   1.392055   1.082827   1.082827   0.000000
    11  H    3.598161   2.165653   2.583987   1.082827   1.658987
    12  H    3.248480   2.246809   2.165653   1.392055   1.082827
                   11         12
    11  H    0.000000
    12  H    1.082827   0.000000
 Stoichiometry    H12
 Framework group  C2H[SGH(H12)]
 Deg. of freedom    11
 Full point group                 C2H     NOp   4
 Largest Abelian subgroup         C2H     NOp   4
 Largest concise Abelian subgroup C2      NOp   2
                         Standard orientation:                         
 ---------------------------------------------------------------------
 Center     Atomic      Atomic             Coordinates (Angstroms)
 Number     Number       Type             X           Y           Z
 ---------------------------------------------------------------------
      1          1           0        1.658987    2.088083    0.000000
      2          1           0        2.488480    1.392055   -0.000000
      3          1           0        0.829493    1.392055    0.000000
      4          1           0        1.658987    0.696028   -0.000000
      5          1           0        0.000000    0.696028    0.000000
      6          1           0        0.829493    0.000000   -0.000000
      7          1           0       -0.829493    0.000000   -0.000000
      8          1           0       -0.000000   -0.696028    0.000000
      9          1           0       -1.658987   -0.696028   -0.000000
     10          1           0       -0.829493   -1.392055   -0.000000
     11          1           0       -2.488480   -1.392055   -0.000000
     12          1           0       -1.658987   -2.088083   -0.000000
 ---------------------------------------------------------------------
 Rotational constants (GHZ):    147.4049916     12.1849538     11.2546126
 General basis read from cards:  (5D, 7F)
 There are     6 symmetry adapted cartesian basis functions of AG  symmetry.
 There are     0 symmetry adapted cartesian basis functions of BG  symmetry.
 There are     0 symmetry adapted cartesian basis functions of AU  symmetry.
 There are     6 symmetry adapted cartesian basis functions of BU  symmetry.
 There are     6 symmetry adapted basis functions of AG  symmetry.
 There are     0 symmetry adapted basis functions of BG  symmetry.
 There are     0 symmetry adapted basis functions of AU  symmetry.
 There are     6 symmetry adapted basis functions of BU  symmetry.
    12 basis functions,   120 primitive gaussians,    12 cartesian basis functions
     6 alpha electrons        6 beta electrons
       nuclear repulsion energy        18.2907755647 Hartrees.
 NAtoms=   12 NActive=   12 NUniq=    6 SFac= 4.00D+00 NAtFMM=   60 NAOKFM=F Big=F
 Integral buffers will be    131072 words long.
 Regular integral format.
 Two-electron integral symmetry is turned on.
 One-electron integrals computed using PRISM.
 NBasis=    12 RedAO= T EigKep=  1.22D-01  NBF=     6     0     0     6
 NBsUse=    12 1.00D-06 EigRej= -1.00D+00 NBFU=     6     0     0     6
 Initial guess from the checkpoint file:  "h12.chk"
 B after Tr=    -0.000000   -0.000000   -0.000000
         Rot=    0.999973   -0.000000   -0.000000   -0.007349 Ang=  -0.84 deg.
 Initial guess orbital symmetries:
       Occupied  (AG) (BU) (AG) (BU) (BU) (AG)
       Virtual   (BU) (AG) (AG) (BU) (BU) (AG)
 Keep R1 ints in memory in symmetry-blocked form, NReq=900690.
 Requested convergence on RMS density matrix=1.00D-08 within 128 cycles.
 Requested convergence on MAX density matrix=1.00D-06.
 Requested convergence on             energy=1.00D-06.
 No special actions if energy rises.
 SCF Done:  E(RHF) =  -5.93426232303     A.U. after   10 cycles
            NFock= 10  Conv=0.30D-08     -V/T= 1.9808
 Range of M.O.s used for correlation:     1    12
 NBasis=    12 NAE=     6 NBE=     6 NFC=     0 NFV=     0
 NROrb=     12 NOA=     6 NOB=     6 NVA=     6 NVB=     6
 Semi-Direct transformation.
 ModeAB=           4 MOrb=             6 LenV=     134087391
 LASXX=         2181 LTotXX=        2181 LenRXX=        5115
 LTotAB=        2934 MaxLAS=        3024 LenRXY=           0
 NonZer=        7296 LenScr=      655360 LnRSAI=        3024
 LnScr1=      655360 LExtra=           0 Total=      1318859
 MaxDsk=          -1 SrtSym=           T ITran=            3
 JobTyp=0 Pass  1:  I=   1 to   6.
 (rs|ai) integrals will be sorted in core.
 Spin components of T(2) and E(2):
     alpha-alpha T2 =       0.8858220616D-02 E2=     -0.1125509936D-01
     alpha-beta  T2 =       0.7462169393D-01 E2=     -0.1037835393D+00
     beta-beta   T2 =       0.8858220616D-02 E2=     -0.1125509936D-01
 ANorm=    0.1045149815D+01
 E2 =    -0.1262937380D+00 EUMP2 =    -0.60605560610368D+01
 Second order stability test of a single determinant RHF wave function:
 Stabil:  MDV=134217728
 ***********************************************************************
 Matrix         Lowest Root    Major Pairs
 ***********************************************************************
 Internal RHF     0.1380624    Stable
 RRHF --> CRHF    0.1135313    Stable

 RRHF --> RUHF   -0.0565075    6A=8B 5A=7B 4A=10B 3A=9B 2A=11B 1A=12B 6A=9B 3A=8B
  4A=7B
 Not stable.
 ***********************************************************************

 **********************************************************************

            Population analysis using the SCF density.

 **********************************************************************

 Orbital symmetries:
       Occupied  (AG) (BU) (AG) (BU) (BU) (AG)
       Virtual   (BU) (AG) (AG) (BU) (BU) (AG)
 The electronic state is 1-AG.
 Alpha  occ. eigenvalues --   -0.88773  -0.79589  -0.63662  -0.46193  -0.42825
 Alpha  occ. eigenvalues --   -0.34048
 Alpha virt. eigenvalues --    0.05325   0.06301   0.30829   0.40595   0.62796
 Alpha virt. eigenvalues --    0.90828
          Condensed to atoms (all electrons):
               1          2          3          4          5          6
     1  H    0.766181   0.158055   0.274354  -0.122841  -0.005921  -0.112252
     2  H    0.158055   0.754369  -0.140057   0.272815  -0.057668  -0.023504
     3  H    0.274354  -0.140057   1.074000  -0.285862   0.379304  -0.134074
     4  H   -0.122841   0.272815  -0.285862   0.874452  -0.109757   0.375694
     5  H   -0.005921  -0.057668   0.379304  -0.109757   0.756002   0.050106
     6  H   -0.112252  -0.023504  -0.134074   0.375694   0.050106   1.055709
     7  H    0.004368   0.006212  -0.046079  -0.015877   0.044150  -0.115865
     8  H    0.001446   0.004047  -0.040704  -0.008701  -0.090763   0.044150
     9  H   -0.000513   0.001203  -0.012449   0.004140  -0.008701  -0.015877
    10  H    0.002881  -0.000019   0.005715  -0.012449  -0.040704  -0.046079
    11  H   -0.000313  -0.000054  -0.000019   0.001203   0.004047   0.006212
    12  H    0.000028  -0.000313   0.002881  -0.000513   0.001446   0.004368
               7          8          9         10         11         12
     1  H    0.004368   0.001446  -0.000513   0.002881  -0.000313   0.000028
     2  H    0.006212   0.004047   0.001203  -0.000019  -0.000054  -0.000313
     3  H   -0.046079  -0.040704  -0.012449   0.005715  -0.000019   0.002881
     4  H   -0.015877  -0.008701   0.004140  -0.012449   0.001203  -0.000513
     5  H    0.044150  -0.090763  -0.008701  -0.040704   0.004047   0.001446
     6  H   -0.115865   0.044150  -0.015877  -0.046079   0.006212   0.004368
     7  H    1.055709   0.050106   0.375694  -0.134074  -0.023504  -0.112252
     8  H    0.050106   0.756002  -0.109757   0.379304  -0.057668  -0.005921
     9  H    0.375694  -0.109757   0.874452  -0.285862   0.272815  -0.122841
    10  H   -0.134074   0.379304  -0.285862   1.074000  -0.140057   0.274354
    11  H   -0.023504  -0.057668   0.272815  -0.140057   0.754369   0.158055
    12  H   -0.112252  -0.005921  -0.122841   0.274354   0.158055   0.766181
 Mulliken charges:
               1
     1  H    0.034527
     2  H    0.024915
     3  H   -0.077008
     4  H    0.027695
     5  H    0.078458
     6  H   -0.088587
     7  H   -0.088587
     8  H    0.078458
     9  H    0.027695
    10  H   -0.077008
    11  H    0.024915
    12  H    0.034527
 Sum of Mulliken charges =   0.00000
 Mulliken charges with hydrogens summed into heavy atoms:
               1
 Electronic spatial extent (au):  <R**2>=            195.6511
 Charge=              0.0000 electrons
 Dipole moment (field-independent basis, Debye):
    X=              0.0000    Y=             -0.0000    Z=             -0.0000  Tot=              0.0000
 Quadrupole moment (field-independent basis, Debye-Ang):
   XX=            -16.0600   YY=            -17.5464   ZZ=            -15.5417
   XY=              2.5761   XZ=             -0.0000   YZ=              0.0000
 Traceless Quadrupole moment (field-independent basis, Debye-Ang):
   XX=              0.3227   YY=             -1.1637   ZZ=              0.8410
   XY=              2.5761   XZ=             -0.0000   YZ=              0.0000
 Octapole moment (field-independent basis, Debye-Ang**2):
  XXX=              0.0000  YYY=              0.0000  ZZZ=              0.0000  XYY=             -0.0000
  XXY=              0.0000  XXZ=              0.0000  XZZ=              0.0000  YZZ=              0.0000
  YYZ=              0.0000  XYZ=             -0.0000
 Hexadecapole moment (field-independent basis, Debye-Ang**3):
 XXXX=           -231.1895 YYYY=           -179.1612 ZZZZ=            -18.7278 XXXY=            -62.5099
 XXXZ=             -0.0000 YYYX=            -69.3477 YYYZ=             -0.0000 ZZZX=             -0.0000
 ZZZY=             -0.0000 XXYY=            -59.2533 XXZZ=            -41.6370 YYZZ=            -31.6626
 XXYZ=             -0.0000 YYXZ=             -0.0000 ZZXY=            -23.8475
 N-N= 1.829077556473D+01 E-N=-4.739881164801D+01  KE= 6.050543796747D+00
 Symmetry AG   KE= 2.839025316900D+00
 Symmetry BG   KE= 0.000000000000D+00
 Symmetry AU   KE= 0.000000000000D+00
 Symmetry BU   KE= 3.211518479847D+00

 Test job not archived.
 1\1\GINC-SULU\Stability\RHF\Gen\H12\UNKNOWN\09-Feb-2017\0\\#rhf/gen sc
 f(symm,tight,novaracc,noincfock,fulldiag) stable(crhf) guess=read geom
 =nocrowd test\\hf stability analysis of h10 triangular lattice, y= 0.6
 9602759790885060\\0,1\H\H,1,1.0828266931\H,1,1.0828266931,2,100.\H,2,1
 .0828266931,1,80.,3,0.,0\H,3,1.0828266931,1,180.,2,0.,0\H,4,1.08282669
 31,2,180.,1,0.,0\H,5,1.0828266931,3,180.,2,0.,0\H,6,1.0828266931,4,180
 .,1,0.,0\H,7,1.0828266931,5,180.,2,0.,0\H,8,1.0828266931,6,180.,1,0.,0
 \H,9,1.0828266931,7,180.,2,0.,0\H,10,1.0828266931,8,180.,1,0.,0\\Versi
 on=ES64L-G09RevE.01\State=1-AG\HF=-5.9342623\MP2=-6.0605561\RMSD=3.005
 e-09\Dipole=0.,0.,0.\Quadrupole=1.4775697,0.6252422,-2.1028119,0.,-0.8
 76734,0.\PG=C02H [SGH(H12)]\\@


 IT WAS A GAME, A VERY INTERESTING GAME ONE COULD
 PLAY.  WHENEVER ONE SOLVED ONE OF THE LITTLE PROBLEMS,
 ONE COULD WRITE A PAPER ABOUT IT.  IT WAS VERY EASY IN
 THOSE DAYS FOR ANY SECOND-RATE PHYSICIST TO DO
 FIRST-RATE WORK.  THERE HAS NOT BEEN SUCH A GLORIOUS
 TIME SINCE.  IT IS VERY DIFFICULT NOW FOR A FIRST-RATE
 PHYSICIST TO DO SECOND-RATE WORK.
     P.A.M. DIRAC, ON THE EARLY DAYS OF QUANTUM MECHANICS
                   DIRECTIONS IN PHYSICS, 1978, P. 7
 Job cpu time:       0 days  0 hours  0 minutes  1.0 seconds.
 File lengths (MBytes):  RWF=     84 Int=      0 D2E=      0 Chk=      2 Scr=      2
 Normal termination of Gaussian 09 at Thu Feb  9 18:43:02 2017.
