 Entering Gaussian System, Link 0=g09
 AtFile(1): H.gbs
            H     0
            S   10   1.00
               1000.000000000000            0.000068713567
                316.227766000000            0.000169141320
                100.000000000000            0.000823394812
                 31.622776600000            0.003425569236
                 10.000000000000            0.013951996000
                  3.162277660000            0.056909313560
                  1.000000000000            0.198286399900
                  0.316227766000            0.496922426700
                  0.100000000000            0.369846276400
                  0.031622776600            0.003752720039
            ****
 Initial command:
 /projects/guscus/apps/gau/g09-e1/g09/l1.exe "/users/lcj1/gaussian/h12/rhfstability/2rows/Gau-9638.inp" -scrdir="/users/lcj1/gaussian/h12/rhfstability/2rows/"
 Entering Link 1 = /projects/guscus/apps/gau/g09-e1/g09/l1.exe PID=      9639.
  
 Copyright (c) 1988,1990,1992,1993,1995,1998,2003,2009,2015,
            Gaussian, Inc.  All Rights Reserved.
  
 This is part of the Gaussian(R) 09 program.  It is based on
 the Gaussian(R) 03 system (copyright 2003, Gaussian, Inc.),
 the Gaussian(R) 98 system (copyright 1998, Gaussian, Inc.),
 the Gaussian(R) 94 system (copyright 1995, Gaussian, Inc.),
 the Gaussian 92(TM) system (copyright 1992, Gaussian, Inc.),
 the Gaussian 90(TM) system (copyright 1990, Gaussian, Inc.),
 the Gaussian 88(TM) system (copyright 1988, Gaussian, Inc.),
 the Gaussian 86(TM) system (copyright 1986, Carnegie Mellon
 University), and the Gaussian 82(TM) system (copyright 1983,
 Carnegie Mellon University). Gaussian is a federally registered
 trademark of Gaussian, Inc.
  
 This software contains proprietary and confidential information,
 including trade secrets, belonging to Gaussian, Inc.
  
 This software is provided under written license and may be
 used, copied, transmitted, or stored only in accord with that
 written license.
  
 The following legend is applicable only to US Government
 contracts under FAR:
  
                    RESTRICTED RIGHTS LEGEND
  
 Use, reproduction and disclosure by the US Government is
 subject to restrictions as set forth in subparagraphs (a)
 and (c) of the Commercial Computer Software - Restricted
 Rights clause in FAR 52.227-19.
  
 Gaussian, Inc.
 340 Quinnipiac St., Bldg. 40, Wallingford CT 06492
  
  
 ---------------------------------------------------------------
 Warning -- This program may not be used in any manner that
 competes with the business of Gaussian, Inc. or will provide
 assistance to any competitor of Gaussian, Inc.  The licensee
 of this program is prohibited from giving any competitor of
 Gaussian, Inc. access to this program.  By using this program,
 the user acknowledges that Gaussian, Inc. is engaged in the
 business of creating and licensing software in the field of
 computational chemistry and represents and warrants to the
 licensee that it is not a competitor of Gaussian, Inc. and that
 it will not use this program in any manner prohibited above.
 ---------------------------------------------------------------
  

 Cite this work as:
 Gaussian 09, Revision E.01,
 M. J. Frisch, G. W. Trucks, H. B. Schlegel, G. E. Scuseria, 
 M. A. Robb, J. R. Cheeseman, G. Scalmani, V. Barone, B. Mennucci, 
 G. A. Petersson, H. Nakatsuji, M. Caricato, X. Li, H. P. Hratchian, 
 A. F. Izmaylov, J. Bloino, G. Zheng, J. L. Sonnenberg, M. Hada, 
 M. Ehara, K. Toyota, R. Fukuda, J. Hasegawa, M. Ishida, T. Nakajima, 
 Y. Honda, O. Kitao, H. Nakai, T. Vreven, J. A. Montgomery, Jr., 
 J. E. Peralta, F. Ogliaro, M. Bearpark, J. J. Heyd, E. Brothers, 
 K. N. Kudin, V. N. Staroverov, T. Keith, R. Kobayashi, J. Normand, 
 K. Raghavachari, A. Rendell, J. C. Burant, S. S. Iyengar, J. Tomasi, 
 M. Cossi, N. Rega, J. M. Millam, M. Klene, J. E. Knox, J. B. Cross, 
 V. Bakken, C. Adamo, J. Jaramillo, R. Gomperts, R. E. Stratmann, 
 O. Yazyev, A. J. Austin, R. Cammi, C. Pomelli, J. W. Ochterski, 
 R. L. Martin, K. Morokuma, V. G. Zakrzewski, G. A. Voth, 
 P. Salvador, J. J. Dannenberg, S. Dapprich, A. D. Daniels, 
 O. Farkas, J. B. Foresman, J. V. Ortiz, J. Cioslowski, 
 and D. J. Fox, Gaussian, Inc., Wallingford CT, 2013.
 
 ******************************************
 Gaussian 09:  ES64L-G09RevE.01 30-Nov-2015
                 9-Feb-2017 
 ******************************************
 %chk=h12.chk
 ----------------------------------------------------------------------
 #rhf/gen scf(symm,tight,novaracc,noincfock,fulldiag) stable(crhf) gues
 s=read geom=nocrowd test
 ----------------------------------------------------------------------
 1/38=1/1;
 2/12=1,17=6,18=5,40=1/2;
 3/5=7,16=1,25=1,30=1,116=1/1,2,3;
 4/5=1,9=4/1;
 5/5=100002,15=2,16=1,32=2,38=6/2;
 8/6=1,10=90,11=11/1,4;
 9/8=4,13=1/2;
 6/7=2,8=2,9=2,10=2,28=1/1;
 99/5=1,9=1/99;
 ----------------------------------------------------------------------
 hf stability analysis of h10 triangular lattice, y= 0.4584084631436424
 2
 ----------------------------------------------------------------------
 Symbolic Z-matrix:
 Charge =  0 Multiplicity = 1
 H
 H                    1     1.3403 
 H                    1     1.3403   2     140. 
 H                    2     1.3403   1     40.      3     0.       0
 H                    3     1.3403   1     180.     2     0.       0
 H                    4     1.3403   2     180.     1     0.       0
 H                    5     1.3403   3     180.     2     0.       0
 H                    6     1.3403   4     180.     1     0.       0
 H                    7     1.3403   5     180.     2     0.       0
 H                    8     1.3403   6     180.     1     0.       0
 H                    9     1.3403   7     180.     2     0.       0
 H                    10    1.3403   8     180.     1     0.       0
 
                          Input orientation:                          
 ---------------------------------------------------------------------
 Center     Atomic      Atomic             Coordinates (Angstroms)
 Number     Number       Type             X           Y           Z
 ---------------------------------------------------------------------
      1          1           0        0.000000    0.000000    0.000000
      2          1           0        0.000000    0.000000    1.340297
      3          1           0        0.861526    0.000000   -1.026727
      4          1           0        0.861526    0.000000    0.313570
      5          1           0        1.723052    0.000000   -2.053454
      6          1           0        1.723052    0.000000   -0.713157
      7          1           0        2.584578    0.000000   -3.080180
      8          1           0        2.584578    0.000000   -1.739884
      9          1           0        3.446104    0.000000   -4.106907
     10          1           0        3.446104    0.000000   -2.766611
     11          1           0        4.307630    0.000000   -5.133634
     12          1           0        4.307630    0.000000   -3.793337
 ---------------------------------------------------------------------
                    Distance matrix (angstroms):
                    1          2          3          4          5
     1  H    0.000000
     2  H    1.340297   0.000000
     3  H    1.340297   2.518934   0.000000
     4  H    0.916817   1.340297   1.340297   0.000000
     5  H    2.680593   3.806107   1.340297   2.518934   0.000000
     6  H    1.864806   2.680593   0.916817   1.340297   1.340297
     7  H    4.020890   5.120611   2.680593   3.806107   1.340297
     8  H    3.115644   4.020890   1.864806   2.680593   0.916817
     9  H    5.361187   6.445748   4.020890   5.120611   2.680593
    10  H    4.419250   5.361187   3.115644   4.020890   1.864806
    11  H    6.701483   7.776082   5.361187   6.445748   4.020890
    12  H    5.739781   6.701483   4.419250   5.361187   3.115644
                    6          7          8          9         10
     6  H    0.000000
     7  H    2.518934   0.000000
     8  H    1.340297   1.340297   0.000000
     9  H    3.806107   1.340297   2.518934   0.000000
    10  H    2.680593   0.916817   1.340297   1.340297   0.000000
    11  H    5.120611   2.680593   3.806107   1.340297   2.518934
    12  H    4.020890   1.864806   2.680593   0.916817   1.340297
                   11         12
    11  H    0.000000
    12  H    1.340297   0.000000
 Stoichiometry    H12
 Framework group  C2H[SGH(H12)]
 Deg. of freedom    11
 Full point group                 C2H     NOp   4
 Largest Abelian subgroup         C2H     NOp   4
 Largest concise Abelian subgroup C2      NOp   2
                         Standard orientation:                         
 ---------------------------------------------------------------------
 Center     Atomic      Atomic             Coordinates (Angstroms)
 Number     Number       Type             X           Y           Z
 ---------------------------------------------------------------------
      1          1           0        2.518934    1.375225   -0.000000
      2          1           0        3.778401    0.916817   -0.000000
      3          1           0        1.259467    0.916817   -0.000000
      4          1           0        2.518934    0.458408   -0.000000
      5          1           0        0.000000    0.458408   -0.000000
      6          1           0        1.259467    0.000000   -0.000000
      7          1           0       -1.259467    0.000000   -0.000000
      8          1           0       -0.000000   -0.458408   -0.000000
      9          1           0       -2.518934   -0.458408   -0.000000
     10          1           0       -1.259467   -0.916817   -0.000000
     11          1           0       -3.778401   -0.916817   -0.000000
     12          1           0       -2.518934   -1.375225   -0.000000
 ---------------------------------------------------------------------
 Rotational constants (GHZ):    236.9250086      7.5809771      7.3459268
 General basis read from cards:  (5D, 7F)
 There are     6 symmetry adapted cartesian basis functions of AG  symmetry.
 There are     0 symmetry adapted cartesian basis functions of BG  symmetry.
 There are     0 symmetry adapted cartesian basis functions of AU  symmetry.
 There are     6 symmetry adapted cartesian basis functions of BU  symmetry.
 There are     6 symmetry adapted basis functions of AG  symmetry.
 There are     0 symmetry adapted basis functions of BG  symmetry.
 There are     0 symmetry adapted basis functions of AU  symmetry.
 There are     6 symmetry adapted basis functions of BU  symmetry.
    12 basis functions,   120 primitive gaussians,    12 cartesian basis functions
     6 alpha electrons        6 beta electrons
       nuclear repulsion energy        16.2498667364 Hartrees.
 NAtoms=   12 NActive=   12 NUniq=    6 SFac= 4.00D+00 NAtFMM=   60 NAOKFM=F Big=F
 Integral buffers will be    131072 words long.
 Regular integral format.
 Two-electron integral symmetry is turned on.
 One-electron integrals computed using PRISM.
 NBasis=    12 RedAO= T EigKep=  1.78D-01  NBF=     6     0     0     6
 NBsUse=    12 1.00D-06 EigRej= -1.00D+00 NBFU=     6     0     0     6
 Initial guess from the checkpoint file:  "h12.chk"
 B after Tr=     0.000000    0.000000    0.000000
         Rot=    0.999973    0.000000    0.000000   -0.007349 Ang=  -0.84 deg.
 Initial guess orbital symmetries:
       Occupied  (AG) (BU) (AG) (BU) (AG) (BU)
       Virtual   (AG) (BU) (AG) (BU) (AG) (BU)
 Keep R1 ints in memory in symmetry-blocked form, NReq=896686.
 Requested convergence on RMS density matrix=1.00D-08 within 128 cycles.
 Requested convergence on MAX density matrix=1.00D-06.
 Requested convergence on             energy=1.00D-06.
 No special actions if energy rises.
 SCF Done:  E(RHF) =  -5.72076458550     A.U. after   13 cycles
            NFock= 13  Conv=0.33D-08     -V/T= 1.9364
 Range of M.O.s used for correlation:     1    12
 NBasis=    12 NAE=     6 NBE=     6 NFC=     0 NFV=     0
 NROrb=     12 NOA=     6 NOB=     6 NVA=     6 NVB=     6
 Semi-Direct transformation.
 ModeAB=           4 MOrb=             6 LenV=     134091647
 LASXX=         2181 LTotXX=        2181 LenRXX=        5115
 LTotAB=        2934 MaxLAS=        3024 LenRXY=           0
 NonZer=        7296 LenScr=      655360 LnRSAI=        3024
 LnScr1=      655360 LExtra=           0 Total=      1318859
 MaxDsk=          -1 SrtSym=           T ITran=            3
 JobTyp=0 Pass  1:  I=   1 to   6.
 (rs|ai) integrals will be sorted in core.
 Spin components of T(2) and E(2):
     alpha-alpha T2 =       0.6739459649D-02 E2=     -0.7299831879D-02
     alpha-beta  T2 =       0.1824272937D+00 E2=     -0.1561278047D+00
     beta-beta   T2 =       0.6739459649D-02 E2=     -0.7299831879D-02
 ANorm=    0.1093574969D+01
 E2 =    -0.1707274684D+00 EUMP2 =    -0.58914920539499D+01
 Second order stability test of a single determinant RHF wave function:
 Stabil:  MDV=134217728
 ***********************************************************************
 Matrix         Lowest Root    Major Pairs
 ***********************************************************************
 Internal RHF     0.0749689    Stable
 RRHF --> CRHF    0.0371233    Stable

 RRHF --> RUHF   -0.1985841    6A=7B 5A=8B 6A=9B 4A=9B 4A=7B 3A=10B 5A=10B 6A=11B
 Not stable.
 ***********************************************************************

 **********************************************************************

            Population analysis using the SCF density.

 **********************************************************************

 Orbital symmetries:
       Occupied  (AG) (BU) (AG) (BU) (AG) (BU)
       Virtual   (AG) (BU) (AG) (BU) (AG) (BU)
 The electronic state is 1-AG.
 Alpha  occ. eigenvalues --   -0.80104  -0.76002  -0.64729  -0.49191  -0.29774
 Alpha  occ. eigenvalues --   -0.17190
 Alpha virt. eigenvalues --    0.05407   0.06126   0.16386   0.27277   0.47451
 Alpha virt. eigenvalues --    0.64694
          Condensed to atoms (all electrons):
               1          2          3          4          5          6
     1  H    0.788409  -0.012054   0.133512   0.183554   0.017515  -0.160921
     2  H   -0.012054   1.035928  -0.106027   0.158326   0.001833  -0.004410
     3  H    0.133512  -0.106027   1.122667  -0.022991  -0.030078   0.119708
     4  H    0.183554   0.158326  -0.022991   0.480762  -0.029792   0.051365
     5  H    0.017515   0.001833  -0.030078  -0.029792   0.987370  -0.190421
     6  H   -0.160921  -0.004410   0.119708   0.051365  -0.190421   1.166277
     7  H    0.007429  -0.000714   0.029027  -0.002110   0.170181  -0.094989
     8  H   -0.022995   0.008494  -0.173005  -0.000720   0.265448   0.170181
     9  H    0.000158  -0.000032   0.002547  -0.000072  -0.000720  -0.002110
    10  H   -0.001232  -0.000035  -0.003823   0.002547  -0.173005   0.029027
    11  H    0.000023   0.000002  -0.000035  -0.000032   0.008494  -0.000714
    12  H   -0.000253   0.000023  -0.001232   0.000158  -0.022995   0.007429
               7          8          9         10         11         12
     1  H    0.007429  -0.022995   0.000158  -0.001232   0.000023  -0.000253
     2  H   -0.000714   0.008494  -0.000032  -0.000035   0.000002   0.000023
     3  H    0.029027  -0.173005   0.002547  -0.003823  -0.000035  -0.001232
     4  H   -0.002110  -0.000720  -0.000072   0.002547  -0.000032   0.000158
     5  H    0.170181   0.265448  -0.000720  -0.173005   0.008494  -0.022995
     6  H   -0.094989   0.170181  -0.002110   0.029027  -0.000714   0.007429
     7  H    1.166277  -0.190421   0.051365   0.119708  -0.004410  -0.160921
     8  H   -0.190421   0.987370  -0.029792  -0.030078   0.001833   0.017515
     9  H    0.051365  -0.029792   0.480762  -0.022991   0.158326   0.183554
    10  H    0.119708  -0.030078  -0.022991   1.122667  -0.106027   0.133512
    11  H   -0.004410   0.001833   0.158326  -0.106027   1.035928  -0.012054
    12  H   -0.160921   0.017515   0.183554   0.133512  -0.012054   0.788409
 Mulliken charges:
               1
     1  H    0.066855
     2  H   -0.081336
     3  H   -0.070270
     4  H    0.179004
     5  H   -0.003831
     6  H   -0.090423
     7  H   -0.090423
     8  H   -0.003831
     9  H    0.179004
    10  H   -0.070270
    11  H   -0.081336
    12  H    0.066855
 Sum of Mulliken charges =  -0.00000
 Mulliken charges with hydrogens summed into heavy atoms:
               1
 Electronic spatial extent (au):  <R**2>=            280.7595
 Charge=             -0.0000 electrons
 Dipole moment (field-independent basis, Debye):
    X=             -0.0000    Y=              0.0000    Z=             -0.0000  Tot=              0.0000
 Quadrupole moment (field-independent basis, Debye-Ang):
   XX=            -17.9262   YY=            -16.1896   ZZ=            -15.6341
   XY=              0.3220   XZ=              0.0000   YZ=             -0.0000
 Traceless Quadrupole moment (field-independent basis, Debye-Ang):
   XX=             -1.3429   YY=              0.3937   ZZ=              0.9492
   XY=              0.3220   XZ=              0.0000   YZ=             -0.0000
 Octapole moment (field-independent basis, Debye-Ang**2):
  XXX=             -0.0000  YYY=             -0.0000  ZZZ=              0.0000  XYY=             -0.0000
  XXY=              0.0000  XXZ=              0.0000  XZZ=             -0.0000  YZZ=             -0.0000
  YYZ=              0.0000  XYZ=              0.0000
 Hexadecapole moment (field-independent basis, Debye-Ang**3):
 XXXX=           -632.7719 YYYY=            -83.3859 ZZZZ=            -18.9923 XXXY=            -94.4809
 XXXZ=             -0.0000 YYYX=            -71.9071 YYYZ=             -0.0000 ZZZX=             -0.0000
 ZZZY=             -0.0000 XXYY=           -100.0690 XXZZ=            -88.3381 YYZZ=            -17.2458
 XXYZ=             -0.0000 YYXZ=             -0.0000 ZZXY=            -24.5608
 N-N= 1.624986673636D+01 E-N=-4.371073085997D+01  KE= 6.109270215817D+00
 Symmetry AG   KE= 2.834898610817D+00
 Symmetry BG   KE= 0.000000000000D+00
 Symmetry AU   KE= 0.000000000000D+00
 Symmetry BU   KE= 3.274371605000D+00

 Test job not archived.
 1\1\GINC-SULU\Stability\RHF\Gen\H12\UNKNOWN\09-Feb-2017\0\\#rhf/gen sc
 f(symm,tight,novaracc,noincfock,fulldiag) stable(crhf) guess=read geom
 =nocrowd test\\hf stability analysis of h10 triangular lattice, y= 0.4
 5840846314364242\\0,1\H\H,1,1.3402966458\H,1,1.3402966458,2,140.\H,2,1
 .3402966458,1,40.,3,0.,0\H,3,1.3402966458,1,180.,2,0.,0\H,4,1.34029664
 58,2,180.,1,0.,0\H,5,1.3402966458,3,180.,2,0.,0\H,6,1.3402966458,4,180
 .,1,0.,0\H,7,1.3402966458,5,180.,2,0.,0\H,8,1.3402966458,6,180.,1,0.,0
 \H,9,1.3402966458,7,180.,2,0.,0\H,10,1.3402966458,8,180.,1,0.,0\\Versi
 on=ES64L-G09RevE.01\State=1-AG\HF=-5.7207646\MP2=-5.8914921\RMSD=3.292
 e-09\Dipole=0.,0.,0.\Quadrupole=0.2955392,0.705717,-1.0012561,0.,0.231
 537,0.\PG=C02H [SGH(H12)]\\@


 ANYONE WHO IS NOT SHOCKED BY QUANTUM THEORY HAS
 NOT UNDERSTOOD IT. -- NIELS BOHR(1885-1962)
 Job cpu time:       0 days  0 hours  0 minutes  0.9 seconds.
 File lengths (MBytes):  RWF=     84 Int=      0 D2E=      0 Chk=      2 Scr=      2
 Normal termination of Gaussian 09 at Thu Feb  9 18:42:16 2017.
