 Entering Gaussian System, Link 0=g09
 AtFile(1): H.gbs
            H     0
            S   10   1.00
               1000.000000000000            0.000068713567
                316.227766000000            0.000169141320
                100.000000000000            0.000823394812
                 31.622776600000            0.003425569236
                 10.000000000000            0.013951996000
                  3.162277660000            0.056909313560
                  1.000000000000            0.198286399900
                  0.316227766000            0.496922426700
                  0.100000000000            0.369846276400
                  0.031622776600            0.003752720039
            ****
 Initial command:
 /projects/guscus/apps/gau/g09-e1/g09/l1.exe "/users/lcj1/gaussian/h12/rhfstability/2rows/d2hguess/fwd/Gau-29270.inp" -scrdir="/users/lcj1/gaussian/h12/rhfstability/2rows/d2hguess/fwd/"
 Entering Link 1 = /projects/guscus/apps/gau/g09-e1/g09/l1.exe PID=     29271.
  
 Copyright (c) 1988,1990,1992,1993,1995,1998,2003,2009,2015,
            Gaussian, Inc.  All Rights Reserved.
  
 This is part of the Gaussian(R) 09 program.  It is based on
 the Gaussian(R) 03 system (copyright 2003, Gaussian, Inc.),
 the Gaussian(R) 98 system (copyright 1998, Gaussian, Inc.),
 the Gaussian(R) 94 system (copyright 1995, Gaussian, Inc.),
 the Gaussian 92(TM) system (copyright 1992, Gaussian, Inc.),
 the Gaussian 90(TM) system (copyright 1990, Gaussian, Inc.),
 the Gaussian 88(TM) system (copyright 1988, Gaussian, Inc.),
 the Gaussian 86(TM) system (copyright 1986, Carnegie Mellon
 University), and the Gaussian 82(TM) system (copyright 1983,
 Carnegie Mellon University). Gaussian is a federally registered
 trademark of Gaussian, Inc.
  
 This software contains proprietary and confidential information,
 including trade secrets, belonging to Gaussian, Inc.
  
 This software is provided under written license and may be
 used, copied, transmitted, or stored only in accord with that
 written license.
  
 The following legend is applicable only to US Government
 contracts under FAR:
  
                    RESTRICTED RIGHTS LEGEND
  
 Use, reproduction and disclosure by the US Government is
 subject to restrictions as set forth in subparagraphs (a)
 and (c) of the Commercial Computer Software - Restricted
 Rights clause in FAR 52.227-19.
  
 Gaussian, Inc.
 340 Quinnipiac St., Bldg. 40, Wallingford CT 06492
  
  
 ---------------------------------------------------------------
 Warning -- This program may not be used in any manner that
 competes with the business of Gaussian, Inc. or will provide
 assistance to any competitor of Gaussian, Inc.  The licensee
 of this program is prohibited from giving any competitor of
 Gaussian, Inc. access to this program.  By using this program,
 the user acknowledges that Gaussian, Inc. is engaged in the
 business of creating and licensing software in the field of
 computational chemistry and represents and warrants to the
 licensee that it is not a competitor of Gaussian, Inc. and that
 it will not use this program in any manner prohibited above.
 ---------------------------------------------------------------
  

 Cite this work as:
 Gaussian 09, Revision E.01,
 M. J. Frisch, G. W. Trucks, H. B. Schlegel, G. E. Scuseria, 
 M. A. Robb, J. R. Cheeseman, G. Scalmani, V. Barone, B. Mennucci, 
 G. A. Petersson, H. Nakatsuji, M. Caricato, X. Li, H. P. Hratchian, 
 A. F. Izmaylov, J. Bloino, G. Zheng, J. L. Sonnenberg, M. Hada, 
 M. Ehara, K. Toyota, R. Fukuda, J. Hasegawa, M. Ishida, T. Nakajima, 
 Y. Honda, O. Kitao, H. Nakai, T. Vreven, J. A. Montgomery, Jr., 
 J. E. Peralta, F. Ogliaro, M. Bearpark, J. J. Heyd, E. Brothers, 
 K. N. Kudin, V. N. Staroverov, T. Keith, R. Kobayashi, J. Normand, 
 K. Raghavachari, A. Rendell, J. C. Burant, S. S. Iyengar, J. Tomasi, 
 M. Cossi, N. Rega, J. M. Millam, M. Klene, J. E. Knox, J. B. Cross, 
 V. Bakken, C. Adamo, J. Jaramillo, R. Gomperts, R. E. Stratmann, 
 O. Yazyev, A. J. Austin, R. Cammi, C. Pomelli, J. W. Ochterski, 
 R. L. Martin, K. Morokuma, V. G. Zakrzewski, G. A. Voth, 
 P. Salvador, J. J. Dannenberg, S. Dapprich, A. D. Daniels, 
 O. Farkas, J. B. Foresman, J. V. Ortiz, J. Cioslowski, 
 and D. J. Fox, Gaussian, Inc., Wallingford CT, 2013.
 
 ******************************************
 Gaussian 09:  ES64L-G09RevE.01 30-Nov-2015
                10-Feb-2017 
 ******************************************
 %chk=h12.chk
 ----------------------------------------------------------------------
 #rhf/gen scf(symm,tight,novaracc,noincfock,fulldiag) stable(crhf) gues
 s=read geom=nocrowd test
 ----------------------------------------------------------------------
 1/38=1/1;
 2/12=1,17=6,18=5,40=1/2;
 3/5=7,16=1,25=1,30=1,116=1/1,2,3;
 4/5=1,9=4/1;
 5/5=100002,15=2,16=1,32=2,38=6/2;
 8/6=1,10=90,11=11/1,4;
 9/8=4,13=1/2;
 6/7=2,8=2,9=2,10=2,28=1/1;
 99/5=1,9=1/99;
 ----------------------------------------------------------------------
 hf stability analysis of h12 triangular lattice, y= 1.1387493349689228
  alpha= 66.000000000000000
 ----------------------------------------------------------------------
 Symbolic Z-matrix:
 Charge =  0 Multiplicity = 1
 H
 H                    1     1.24652 
 H                    1     1.24652  2     48. 
 H                    2     1.24652  1     132.     3     0.       0
 H                    3     1.24652  1     180.     2     0.       0
 H                    4     1.24652  2     180.     1     0.       0
 H                    5     1.24652  3     180.     2     0.       0
 H                    6     1.24652  4     180.     1     0.       0
 H                    7     1.24652  5     180.     2     0.       0
 H                    8     1.24652  6     180.     1     0.       0
 H                    9     1.24652  5     180.     2     0.       0
 H                    10    1.24652  6     180.     1     0.       0
 
                          Input orientation:                          
 ---------------------------------------------------------------------
 Center     Atomic      Atomic             Coordinates (Angstroms)
 Number     Number       Type             X           Y           Z
 ---------------------------------------------------------------------
      1          1           0        0.000000    0.000000    0.000000
      2          1           0        0.000000    0.000000    1.246516
      3          1           0        0.926342    0.000000    0.834082
      4          1           0        0.926342    0.000000    2.080599
      5          1           0        1.852684    0.000000    1.668164
      6          1           0        1.852684    0.000000    2.914681
      7          1           0        2.779026    0.000000    2.502247
      8          1           0        2.779026    0.000000    3.748763
      9          1           0        3.705369    0.000000    3.336329
     10          1           0        3.705369    0.000000    4.582845
     11          1           0        4.631711    0.000000    4.170411
     12          1           0        4.631711    0.000000    5.416927
 ---------------------------------------------------------------------
                    Distance matrix (angstroms):
                    1          2          3          4          5
     1  H    0.000000
     2  H    1.246516   0.000000
     3  H    1.246516   1.014008   0.000000
     4  H    2.277499   1.246516   1.246516   0.000000
     5  H    2.493033   1.900060   1.246516   1.014008   0.000000
     6  H    3.453665   2.493033   2.277499   1.246516   1.246516
     7  H    3.739549   3.049565   2.493033   1.900060   1.246516
     8  H    4.666499   3.739549   3.453665   2.493033   2.277499
     9  H    4.986065   4.254065   3.739549   3.049565   2.493033
    10  H    5.893405   4.986065   4.666499   3.739549   3.453665
    11  H    6.232582   5.477399   4.986065   4.254065   3.739549
    12  H    7.127121   6.232582   5.893405   4.986065   4.666499
                    6          7          8          9         10
     6  H    0.000000
     7  H    1.014008   0.000000
     8  H    1.246516   1.246516   0.000000
     9  H    1.900060   1.246516   1.014008   0.000000
    10  H    2.493033   2.277499   1.246516   1.246516   0.000000
    11  H    3.049565   2.493033   1.900060   1.246516   1.014008
    12  H    3.739549   3.453665   2.493033   2.277499   1.246516
                   11         12
    11  H    0.000000
    12  H    1.246516   0.000000
 Stoichiometry    H12
 Framework group  C2H[SGH(H12)]
 Deg. of freedom    11
 Full point group                 C2H     NOp   4
 Largest Abelian subgroup         C2H     NOp   4
 Largest concise Abelian subgroup C2      NOp   2
                         Standard orientation:                         
 ---------------------------------------------------------------------
 Center     Atomic      Atomic             Coordinates (Angstroms)
 Number     Number       Type             X           Y           Z
 ---------------------------------------------------------------------
      1          1           0        3.416248    1.014008   -0.000000
      2          1           0        2.277499    1.521012   -0.000000
      3          1           0        2.277499    0.507004   -0.000000
      4          1           0        1.138749    1.014008   -0.000000
      5          1           0        1.138749    0.000000    0.000000
      6          1           0        0.000000    0.507004   -0.000000
      7          1           0       -0.000000   -0.507004   -0.000000
      8          1           0       -1.138749    0.000000    0.000000
      9          1           0       -1.138749   -1.014008   -0.000000
     10          1           0       -2.277499   -0.507004    0.000000
     11          1           0       -2.277499   -1.521012    0.000000
     12          1           0       -3.416248   -1.014008    0.000000
 ---------------------------------------------------------------------
 Rotational constants (GHZ):    202.6225353      8.8643782      8.4928318
 General basis read from cards:  (5D, 7F)
 There are     6 symmetry adapted cartesian basis functions of AG  symmetry.
 There are     0 symmetry adapted cartesian basis functions of BG  symmetry.
 There are     0 symmetry adapted cartesian basis functions of AU  symmetry.
 There are     6 symmetry adapted cartesian basis functions of BU  symmetry.
 There are     6 symmetry adapted basis functions of AG  symmetry.
 There are     0 symmetry adapted basis functions of BG  symmetry.
 There are     0 symmetry adapted basis functions of AU  symmetry.
 There are     6 symmetry adapted basis functions of BU  symmetry.
    12 basis functions,   120 primitive gaussians,    12 cartesian basis functions
     6 alpha electrons        6 beta electrons
       nuclear repulsion energy        16.8918815071 Hartrees.
 NAtoms=   12 NActive=   12 NUniq=    6 SFac= 4.00D+00 NAtFMM=   60 NAOKFM=F Big=F
 Integral buffers will be    131072 words long.
 Regular integral format.
 Two-electron integral symmetry is turned on.
 One-electron integrals computed using PRISM.
 NBasis=    12 RedAO= T EigKep=  1.81D-01  NBF=     6     0     0     6
 NBsUse=    12 1.00D-06 EigRej= -1.00D+00 NBFU=     6     0     0     6
 Initial guess from the checkpoint file:  "h12.chk"
 B after Tr=     0.000000    0.000000   -0.000000
         Rot=    0.999973   -0.000000    0.000000    0.007349 Ang=   0.84 deg.
 Initial guess orbital symmetries:
       Occupied  (AG) (BU) (AG) (BU) (BU) (AG)
       Virtual   (AG) (BU) (BU) (AG) (AG) (BU)
 Keep R1 ints in memory in symmetry-blocked form, NReq=898744.
 Requested convergence on RMS density matrix=1.00D-08 within 128 cycles.
 Requested convergence on MAX density matrix=1.00D-06.
 Requested convergence on             energy=1.00D-06.
 No special actions if energy rises.
 SCF Done:  E(RHF) =  -5.76935578778     A.U. after   12 cycles
            NFock= 12  Conv=0.21D-08     -V/T= 1.9519
 Range of M.O.s used for correlation:     1    12
 NBasis=    12 NAE=     6 NBE=     6 NFC=     0 NFV=     0
 NROrb=     12 NOA=     6 NOB=     6 NVA=     6 NVB=     6
 Semi-Direct transformation.
 ModeAB=           4 MOrb=             6 LenV=     134089827
 LASXX=         2181 LTotXX=        2181 LenRXX=        5115
 LTotAB=        2934 MaxLAS=        3024 LenRXY=           0
 NonZer=        7296 LenScr=      655360 LnRSAI=        3024
 LnScr1=      655360 LExtra=           0 Total=      1318859
 MaxDsk=          -1 SrtSym=           T ITran=            3
 JobTyp=0 Pass  1:  I=   1 to   6.
 (rs|ai) integrals will be sorted in core.
 Spin components of T(2) and E(2):
     alpha-alpha T2 =       0.7718365672D-02 E2=     -0.8927872019D-02
     alpha-beta  T2 =       0.1202212117D+00 E2=     -0.1321413616D+00
     beta-beta   T2 =       0.7718365672D-02 E2=     -0.8927872019D-02
 ANorm=    0.1065672531D+01
 E2 =    -0.1499971056D+00 EUMP2 =    -0.59193528934024D+01
 Second order stability test of a single determinant RHF wave function:
 Stabil:  MDV=134217728
 ***********************************************************************
 Matrix         Lowest Root    Major Pairs
 ***********************************************************************
 Internal RHF     0.0665587    Stable
 RRHF --> CRHF    0.0410361    Stable
 RRHF --> RUHF   -0.1231019    5A=7B
 Not stable.
 ***********************************************************************

 **********************************************************************

            Population analysis using the SCF density.

 **********************************************************************

 Orbital symmetries:
       Occupied  (AG) (BU) (AG) (BU) (BU) (AG)
       Virtual   (AG) (BU) (BU) (AG) (AG) (BU)
 The electronic state is 1-AG.
 Alpha  occ. eigenvalues --   -0.83214  -0.77733  -0.65108  -0.47315  -0.27071
 Alpha  occ. eigenvalues --   -0.26688
 Alpha virt. eigenvalues --    0.01843   0.09638   0.23834   0.27146   0.46827
 Alpha virt. eigenvalues --    0.62686
          Condensed to atoms (all electrons):
               1          2          3          4          5          6
     1  H    1.089049   0.046456   0.162508  -0.151752  -0.021223   0.005301
     2  H    0.046456   0.601175   0.138430   0.183917  -0.119651   0.003462
     3  H    0.162508   0.138430   0.500885  -0.043703   0.098852  -0.051874
     4  H   -0.151752   0.183917  -0.043703   1.351170  -0.003882   0.010912
     5  H   -0.021223  -0.119651   0.098852  -0.003882   1.057189  -0.125739
     6  H    0.005301   0.003462  -0.051874   0.010912  -0.125739   0.953907
     7  H    0.010469  -0.026355   0.011954  -0.195627   0.279988   0.098770
     8  H    0.000242   0.008052  -0.007620   0.018882  -0.126171   0.279988
     9  H   -0.000640   0.000071   0.005023   0.001042   0.018882  -0.195627
    10  H   -0.000056   0.000391  -0.000359   0.005023  -0.007620   0.011954
    11  H   -0.000038  -0.000175   0.000391   0.000071   0.008052  -0.026355
    12  H    0.000021  -0.000038  -0.000056  -0.000640   0.000242   0.010469
               7          8          9         10         11         12
     1  H    0.010469   0.000242  -0.000640  -0.000056  -0.000038   0.000021
     2  H   -0.026355   0.008052   0.000071   0.000391  -0.000175  -0.000038
     3  H    0.011954  -0.007620   0.005023  -0.000359   0.000391  -0.000056
     4  H   -0.195627   0.018882   0.001042   0.005023   0.000071  -0.000640
     5  H    0.279988  -0.126171   0.018882  -0.007620   0.008052   0.000242
     6  H    0.098770   0.279988  -0.195627   0.011954  -0.026355   0.010469
     7  H    0.953907  -0.125739   0.010912  -0.051874   0.003462   0.005301
     8  H   -0.125739   1.057189  -0.003882   0.098852  -0.119651  -0.021223
     9  H    0.010912  -0.003882   1.351170  -0.043703   0.183917  -0.151752
    10  H   -0.051874   0.098852  -0.043703   0.500885   0.138430   0.162508
    11  H    0.003462  -0.119651   0.183917   0.138430   0.601175   0.046456
    12  H    0.005301  -0.021223  -0.151752   0.162508   0.046456   1.089049
 Mulliken charges:
               1
     1  H   -0.140337
     2  H    0.164265
     3  H    0.185570
     4  H   -0.175412
     5  H   -0.058917
     6  H    0.024832
     7  H    0.024832
     8  H   -0.058917
     9  H   -0.175412
    10  H    0.185570
    11  H    0.164265
    12  H   -0.140337
 Sum of Mulliken charges =  -0.00000
 Mulliken charges with hydrogens summed into heavy atoms:
               1
 Electronic spatial extent (au):  <R**2>=            249.4135
 Charge=             -0.0000 electrons
 Dipole moment (field-independent basis, Debye):
    X=              0.0000    Y=              0.0000    Z=             -0.0000  Tot=              0.0000
 Quadrupole moment (field-independent basis, Debye-Ang):
   XX=            -20.0124   YY=            -16.2175   ZZ=            -15.6369
   XY=              0.8278   XZ=              0.0000   YZ=             -0.0000
 Traceless Quadrupole moment (field-independent basis, Debye-Ang):
   XX=             -2.7235   YY=              1.0715   ZZ=              1.6520
   XY=              0.8278   XZ=              0.0000   YZ=             -0.0000
 Octapole moment (field-independent basis, Debye-Ang**2):
  XXX=              0.0000  YYY=              0.0000  ZZZ=             -0.0000  XYY=              0.0000
  XXY=              0.0000  XXZ=             -0.0000  XZZ=              0.0000  YZZ=              0.0000
  YYZ=             -0.0000  XYZ=             -0.0000
 Hexadecapole moment (field-independent basis, Debye-Ang**3):
 XXXX=           -570.9930 YYYY=            -94.3431 ZZZZ=            -18.9649 XXXY=           -100.2613
 XXXZ=              0.0000 YYYX=            -66.7142 YYYZ=              0.0000 ZZZX=              0.0000
 ZZZY=              0.0000 XXYY=            -85.5111 XXZZ=            -74.0509 YYZZ=            -19.7015
 XXYZ=              0.0000 YYXZ=              0.0000 ZZXY=            -24.4163
 N-N= 1.689188150713D+01 E-N=-4.484065864204D+01  KE= 6.060769512322D+00
 Symmetry AG   KE= 2.866681917329D+00
 Symmetry BG   KE= 0.000000000000D+00
 Symmetry AU   KE= 0.000000000000D+00
 Symmetry BU   KE= 3.194087594993D+00

 Test job not archived.
 1\1\GINC-SULU\Stability\RHF\Gen\H12\LCJ1\10-Feb-2017\0\\#rhf/gen scf(s
 ymm,tight,novaracc,noincfock,fulldiag) stable(crhf) guess=read geom=no
 crowd test\\hf stability analysis of h12 triangular lattice, y= 1.1387
 493349689228 alpha= 66.000000000000000\\0,1\H\H,1,1.2465163164\H,1,1.2
 465163164,2,48.\H,2,1.2465163164,1,132.,3,0.,0\H,3,1.2465163164,1,180.
 ,2,0.,0\H,4,1.2465163164,2,180.,1,0.,0\H,5,1.2465163164,3,180.,2,0.,0\
 H,6,1.2465163164,4,180.,1,0.,0\H,7,1.2465163164,5,180.,2,0.,0\H,8,1.24
 65163164,6,180.,1,0.,0\H,9,1.2465163164,5,180.,2,0.,0\H,10,1.246516316
 4,6,180.,1,0.,0\\Version=ES64L-G09RevE.01\State=1-AG\HF=-5.7693558\MP2
 =-5.9193529\RMSD=2.057e-09\Dipole=0.,0.,0.\Quadrupole=0.7872127,1.2282
 362,-2.015449,0.,-0.6365559,0.\PG=C02H [SGH(H12)]\\@


 TERRY FORSTER, PORTLY ATLANTA BRAVES RELIEVER,
 ANNOUNCING THAT HE WAS GOING TO A FAT FARM:
 "A WAIST IS A TERRIBLE THING TO MIND."
 Job cpu time:       0 days  0 hours  0 minutes  0.9 seconds.
 File lengths (MBytes):  RWF=     84 Int=      0 D2E=      0 Chk=      2 Scr=      2
 Normal termination of Gaussian 09 at Fri Feb 10 12:38:24 2017.
