 Entering Gaussian System, Link 0=g09
 AtFile(1): H.gbs
            H     0
            S   10   1.00
               1000.000000000000            0.000068713567
                316.227766000000            0.000169141320
                100.000000000000            0.000823394812
                 31.622776600000            0.003425569236
                 10.000000000000            0.013951996000
                  3.162277660000            0.056909313560
                  1.000000000000            0.198286399900
                  0.316227766000            0.496922426700
                  0.100000000000            0.369846276400
                  0.031622776600            0.003752720039
            ****
 Initial command:
 /projects/guscus/apps/gau/g09-e1/g09/l1.exe "/users/lcj1/gaussian/h12/rhfstability/2rows/d2hguess/fwd/Gau-29955.inp" -scrdir="/users/lcj1/gaussian/h12/rhfstability/2rows/d2hguess/fwd/"
 Entering Link 1 = /projects/guscus/apps/gau/g09-e1/g09/l1.exe PID=     29956.
  
 Copyright (c) 1988,1990,1992,1993,1995,1998,2003,2009,2015,
            Gaussian, Inc.  All Rights Reserved.
  
 This is part of the Gaussian(R) 09 program.  It is based on
 the Gaussian(R) 03 system (copyright 2003, Gaussian, Inc.),
 the Gaussian(R) 98 system (copyright 1998, Gaussian, Inc.),
 the Gaussian(R) 94 system (copyright 1995, Gaussian, Inc.),
 the Gaussian 92(TM) system (copyright 1992, Gaussian, Inc.),
 the Gaussian 90(TM) system (copyright 1990, Gaussian, Inc.),
 the Gaussian 88(TM) system (copyright 1988, Gaussian, Inc.),
 the Gaussian 86(TM) system (copyright 1986, Carnegie Mellon
 University), and the Gaussian 82(TM) system (copyright 1983,
 Carnegie Mellon University). Gaussian is a federally registered
 trademark of Gaussian, Inc.
  
 This software contains proprietary and confidential information,
 including trade secrets, belonging to Gaussian, Inc.
  
 This software is provided under written license and may be
 used, copied, transmitted, or stored only in accord with that
 written license.
  
 The following legend is applicable only to US Government
 contracts under FAR:
  
                    RESTRICTED RIGHTS LEGEND
  
 Use, reproduction and disclosure by the US Government is
 subject to restrictions as set forth in subparagraphs (a)
 and (c) of the Commercial Computer Software - Restricted
 Rights clause in FAR 52.227-19.
  
 Gaussian, Inc.
 340 Quinnipiac St., Bldg. 40, Wallingford CT 06492
  
  
 ---------------------------------------------------------------
 Warning -- This program may not be used in any manner that
 competes with the business of Gaussian, Inc. or will provide
 assistance to any competitor of Gaussian, Inc.  The licensee
 of this program is prohibited from giving any competitor of
 Gaussian, Inc. access to this program.  By using this program,
 the user acknowledges that Gaussian, Inc. is engaged in the
 business of creating and licensing software in the field of
 computational chemistry and represents and warrants to the
 licensee that it is not a competitor of Gaussian, Inc. and that
 it will not use this program in any manner prohibited above.
 ---------------------------------------------------------------
  

 Cite this work as:
 Gaussian 09, Revision E.01,
 M. J. Frisch, G. W. Trucks, H. B. Schlegel, G. E. Scuseria, 
 M. A. Robb, J. R. Cheeseman, G. Scalmani, V. Barone, B. Mennucci, 
 G. A. Petersson, H. Nakatsuji, M. Caricato, X. Li, H. P. Hratchian, 
 A. F. Izmaylov, J. Bloino, G. Zheng, J. L. Sonnenberg, M. Hada, 
 M. Ehara, K. Toyota, R. Fukuda, J. Hasegawa, M. Ishida, T. Nakajima, 
 Y. Honda, O. Kitao, H. Nakai, T. Vreven, J. A. Montgomery, Jr., 
 J. E. Peralta, F. Ogliaro, M. Bearpark, J. J. Heyd, E. Brothers, 
 K. N. Kudin, V. N. Staroverov, T. Keith, R. Kobayashi, J. Normand, 
 K. Raghavachari, A. Rendell, J. C. Burant, S. S. Iyengar, J. Tomasi, 
 M. Cossi, N. Rega, J. M. Millam, M. Klene, J. E. Knox, J. B. Cross, 
 V. Bakken, C. Adamo, J. Jaramillo, R. Gomperts, R. E. Stratmann, 
 O. Yazyev, A. J. Austin, R. Cammi, C. Pomelli, J. W. Ochterski, 
 R. L. Martin, K. Morokuma, V. G. Zakrzewski, G. A. Voth, 
 P. Salvador, J. J. Dannenberg, S. Dapprich, A. D. Daniels, 
 O. Farkas, J. B. Foresman, J. V. Ortiz, J. Cioslowski, 
 and D. J. Fox, Gaussian, Inc., Wallingford CT, 2013.
 
 ******************************************
 Gaussian 09:  ES64L-G09RevE.01 30-Nov-2015
                10-Feb-2017 
 ******************************************
 %chk=h12.chk
 ----------------------------------------------------------------------
 #rhf/gen scf(symm,tight,novaracc,noincfock,fulldiag) stable(crhf) gues
 s=read geom=nocrowd test
 ----------------------------------------------------------------------
 1/38=1/1;
 2/12=1,17=6,18=5,40=1/2;
 3/5=7,16=1,25=1,30=1,116=1/1,2,3;
 4/5=1,9=4/1;
 5/5=100002,15=2,16=1,32=2,38=6/2;
 8/6=1,10=90,11=11/1,4;
 9/8=4,13=1/2;
 6/7=2,8=2,9=2,10=2,28=1/1;
 99/5=1,9=1/99;
 ----------------------------------------------------------------------
 hf stability analysis of h12 triangular lattice, y= 2.1684423371644423
  alpha= 83.000000000000000
 ----------------------------------------------------------------------
 Symbolic Z-matrix:
 Charge =  0 Multiplicity = 1
 H
 H                    1     2.18473 
 H                    1     2.18473  2     14. 
 H                    2     2.18473  1     166.     3     0.       0
 H                    3     2.18473  1     180.     2     0.       0
 H                    4     2.18473  2     180.     1     0.       0
 H                    5     2.18473  3     180.     2     0.       0
 H                    6     2.18473  4     180.     1     0.       0
 H                    7     2.18473  5     180.     2     0.       0
 H                    8     2.18473  6     180.     1     0.       0
 H                    9     2.18473  5     180.     2     0.       0
 H                    10    2.18473  6     180.     1     0.       0
 
                          Input orientation:                          
 ---------------------------------------------------------------------
 Center     Atomic      Atomic             Coordinates (Angstroms)
 Number     Number       Type             X           Y           Z
 ---------------------------------------------------------------------
      1          1           0        0.000000    0.000000    0.000000
      2          1           0        0.000000    0.000000    2.184727
      3          1           0        0.528533    0.000000    2.119831
      4          1           0        0.528533    0.000000    4.304558
      5          1           0        1.057067    0.000000    4.239662
      6          1           0        1.057067    0.000000    6.424389
      7          1           0        1.585600    0.000000    6.359494
      8          1           0        1.585600    0.000000    8.544221
      9          1           0        2.114133    0.000000    8.479325
     10          1           0        2.114133    0.000000   10.664052
     11          1           0        2.642666    0.000000   10.599156
     12          1           0        2.642666    0.000000   12.783883
 ---------------------------------------------------------------------
                    Distance matrix (angstroms):
                    1          2          3          4          5
     1  H    0.000000
     2  H    2.184727   0.000000
     3  H    2.184727   0.532502   0.000000
     4  H    4.336885   2.184727   2.184727   0.000000
     5  H    4.369454   2.310876   2.184727   0.532502   0.000000
     6  H    6.510773   4.369454   4.336885   2.184727   2.184727
     7  H    6.554181   4.465737   4.369454   2.310876   2.184727
     8  H    8.690100   6.554181   6.510773   4.369454   4.336885
     9  H    8.738908   6.640145   6.554181   4.465737   4.369454
    10  H   10.871594   8.738908   8.690100   6.554181   6.510773
    11  H   10.923635   8.819654   8.738908   6.640145   6.554181
    12  H   13.054170  10.923635  10.871594   8.738908   8.690100
                    6          7          8          9         10
     6  H    0.000000
     7  H    0.532502   0.000000
     8  H    2.184727   2.184727   0.000000
     9  H    2.310876   2.184727   0.532502   0.000000
    10  H    4.369454   4.336885   2.184727   2.184727   0.000000
    11  H    4.465737   4.369454   2.310876   2.184727   0.532502
    12  H    6.554181   6.510773   4.369454   4.336885   2.184727
                   11         12
    11  H    0.000000
    12  H    2.184727   0.000000
 Stoichiometry    H12
 Framework group  C2H[SGH(H12)]
 Deg. of freedom    11
 Full point group                 C2H     NOp   4
 Largest Abelian subgroup         C2H     NOp   4
 Largest concise Abelian subgroup C2      NOp   2
                         Standard orientation:                         
 ---------------------------------------------------------------------
 Center     Atomic      Atomic             Coordinates (Angstroms)
 Number     Number       Type             X           Y           Z
 ---------------------------------------------------------------------
      1          1           0        6.505327    0.532502    0.000000
      2          1           0        4.336885    0.798754    0.000000
      3          1           0        4.336885    0.266251    0.000000
      4          1           0        2.168442    0.532502    0.000000
      5          1           0        2.168442    0.000000    0.000000
      6          1           0        0.000000    0.266251   -0.000000
      7          1           0       -0.000000   -0.266251   -0.000000
      8          1           0       -2.168442    0.000000    0.000000
      9          1           0       -2.168442   -0.532502    0.000000
     10          1           0       -4.336885   -0.266251    0.000000
     11          1           0       -4.336885   -0.798754    0.000000
     12          1           0       -6.505327   -0.532502    0.000000
 ---------------------------------------------------------------------
 Rotational constants (GHZ):    646.8767179      2.7766061      2.7647389
 General basis read from cards:  (5D, 7F)
 There are     6 symmetry adapted cartesian basis functions of AG  symmetry.
 There are     0 symmetry adapted cartesian basis functions of BG  symmetry.
 There are     0 symmetry adapted cartesian basis functions of AU  symmetry.
 There are     6 symmetry adapted cartesian basis functions of BU  symmetry.
 There are     6 symmetry adapted basis functions of AG  symmetry.
 There are     0 symmetry adapted basis functions of BG  symmetry.
 There are     0 symmetry adapted basis functions of AU  symmetry.
 There are     6 symmetry adapted basis functions of BU  symmetry.
    12 basis functions,   120 primitive gaussians,    12 cartesian basis functions
     6 alpha electrons        6 beta electrons
       nuclear repulsion energy        13.3832694396 Hartrees.
 NAtoms=   12 NActive=   12 NUniq=    6 SFac= 4.00D+00 NAtFMM=   60 NAOKFM=F Big=F
 Integral buffers will be    131072 words long.
 Regular integral format.
 Two-electron integral symmetry is turned on.
 One-electron integrals computed using PRISM.
 NBasis=    12 RedAO= T EigKep=  1.21D-01  NBF=     6     0     0     6
 NBsUse=    12 1.00D-06 EigRej= -1.00D+00 NBFU=     6     0     0     6
 Initial guess from the checkpoint file:  "h12.chk"
 B after Tr=    -0.000000   -0.000000   -0.000000
         Rot=    0.999973    0.000000    0.000000    0.007349 Ang=   0.84 deg.
 Initial guess orbital symmetries:
       Occupied  (AG) (BU) (AG) (BU) (AG) (BU)
       Virtual   (AG) (BU) (AG) (BU) (AG) (BU)
 Keep R1 ints in memory in symmetry-blocked form, NReq=888118.
 Requested convergence on RMS density matrix=1.00D-08 within 128 cycles.
 Requested convergence on MAX density matrix=1.00D-06.
 Requested convergence on             energy=1.00D-06.
 No special actions if energy rises.
 SCF Done:  E(RHF) =  -5.65267885505     A.U. after    6 cycles
            NFock=  6  Conv=0.18D-08     -V/T= 1.9979
 Range of M.O.s used for correlation:     1    12
 NBasis=    12 NAE=     6 NBE=     6 NFC=     0 NFV=     0
 NROrb=     12 NOA=     6 NOB=     6 NVA=     6 NVB=     6

 **** Warning!!: The smallest alpha delta epsilon is  0.40595515D-01

 Semi-Direct transformation.
 ModeAB=           4 MOrb=             6 LenV=     134101223
 LASXX=         2181 LTotXX=        2181 LenRXX=        5115
 LTotAB=        2934 MaxLAS=        3024 LenRXY=           0
 NonZer=        7296 LenScr=      655360 LnRSAI=        3024
 LnScr1=      655360 LExtra=           0 Total=      1318859
 MaxDsk=          -1 SrtSym=           T ITran=            3
 JobTyp=0 Pass  1:  I=   1 to   6.
 (rs|ai) integrals will be sorted in core.
 Spin components of T(2) and E(2):
     alpha-alpha T2 =       0.7557455204D-04 E2=     -0.1914316403D-03
     alpha-beta  T2 =       0.1317313877D+02 E2=     -0.1106338210D+01
     beta-beta   T2 =       0.7557455204D-04 E2=     -0.1914316403D-03
 ANorm=    0.3764743009D+01
 E2 =    -0.1106721073D+01 EUMP2 =    -0.67593999280187D+01
 Second order stability test of a single determinant RHF wave function:
 Stabil:  MDV=134217728
 ***********************************************************************
 Matrix         Lowest Root    Major Pairs
 ***********************************************************************
 Internal RHF     0.3920492    Stable
 RRHF --> CRHF    0.0000144    Stable
 RRHF --> RUHF   -0.5898272    6A=7B
 Not stable.
 ***********************************************************************

 **********************************************************************

            Population analysis using the SCF density.

 **********************************************************************

 Orbital symmetries:
       Occupied  (AG) (BU) (AG) (BU) (AG) (BU)
       Virtual   (AG) (BU) (AG) (BU) (AG) (BU)
 The electronic state is 1-AG.
 Alpha  occ. eigenvalues --   -0.73488  -0.72211  -0.70141  -0.67794  -0.65711
 Alpha  occ. eigenvalues --   -0.19887
 Alpha virt. eigenvalues --   -0.15828   0.47503   0.51676   0.58075   0.65217
 Alpha virt. eigenvalues --    0.71078
          Condensed to atoms (all electrons):
               1          2          3          4          5          6
     1  H    1.035007  -0.017635  -0.017516   0.000068   0.000106   0.000000
     2  H   -0.017635   0.564566   0.485959  -0.018423  -0.015336   0.000105
     3  H   -0.017516   0.485959   0.569732  -0.019066  -0.018568   0.000114
     4  H    0.000068  -0.018423  -0.019066   0.577336   0.494480  -0.018794
     5  H    0.000106  -0.015336  -0.018568   0.494480   0.576897  -0.019376
     6  H    0.000000   0.000105   0.000114  -0.018794  -0.019376   0.577370
     7  H    0.000000   0.000088   0.000106  -0.015559  -0.018774   0.494712
     8  H   -0.000000  -0.000000  -0.000000   0.000108   0.000116  -0.018774
     9  H   -0.000000  -0.000000  -0.000000   0.000090   0.000108  -0.015559
    10  H    0.000000  -0.000000  -0.000000  -0.000000  -0.000000   0.000106
    11  H    0.000000  -0.000000  -0.000000  -0.000000  -0.000000   0.000088
    12  H   -0.000000   0.000000   0.000000  -0.000000  -0.000000   0.000000
               7          8          9         10         11         12
     1  H    0.000000  -0.000000  -0.000000   0.000000   0.000000  -0.000000
     2  H    0.000088  -0.000000  -0.000000  -0.000000  -0.000000   0.000000
     3  H    0.000106  -0.000000  -0.000000  -0.000000  -0.000000   0.000000
     4  H   -0.015559   0.000108   0.000090  -0.000000  -0.000000  -0.000000
     5  H   -0.018774   0.000116   0.000108  -0.000000  -0.000000  -0.000000
     6  H    0.494712  -0.018774  -0.015559   0.000106   0.000088   0.000000
     7  H    0.577370  -0.019376  -0.018794   0.000114   0.000105   0.000000
     8  H   -0.019376   0.576897   0.494480  -0.018568  -0.015336   0.000106
     9  H   -0.018794   0.494480   0.577336  -0.019066  -0.018423   0.000068
    10  H    0.000114  -0.018568  -0.019066   0.569732   0.485959  -0.017516
    11  H    0.000105  -0.015336  -0.018423   0.485959   0.564566  -0.017635
    12  H    0.000000   0.000106   0.000068  -0.017516  -0.017635   1.035007
 Mulliken charges:
               1
     1  H   -0.000030
     2  H    0.000675
     3  H   -0.000761
     4  H   -0.000239
     5  H    0.000348
     6  H    0.000007
     7  H    0.000007
     8  H    0.000348
     9  H   -0.000239
    10  H   -0.000761
    11  H    0.000675
    12  H   -0.000030
 Sum of Mulliken charges =   0.00000
 Mulliken charges with hydrogens summed into heavy atoms:
               1
 Electronic spatial extent (au):  <R**2>=            684.9842
 Charge=              0.0000 electrons
 Dipole moment (field-independent basis, Debye):
    X=             -0.0000    Y=             -0.0000    Z=             -0.0000  Tot=              0.0000
 Quadrupole moment (field-independent basis, Debye-Ang):
   XX=            -19.2665   YY=            -14.8270   ZZ=            -16.0515
   XY=             -0.2706   XZ=             -0.0000   YZ=              0.0000
 Traceless Quadrupole moment (field-independent basis, Debye-Ang):
   XX=             -2.5515   YY=              1.8880   ZZ=              0.6635
   XY=             -0.2706   XZ=             -0.0000   YZ=              0.0000
 Octapole moment (field-independent basis, Debye-Ang**2):
  XXX=              0.0000  YYY=             -0.0000  ZZZ=             -0.0000  XYY=             -0.0000
  XXY=              0.0000  XXZ=             -0.0000  XZZ=             -0.0000  YZZ=             -0.0000
  YYZ=             -0.0000  XYZ=             -0.0000
 Hexadecapole moment (field-independent basis, Debye-Ang**3):
 XXXX=          -1667.0554 YYYY=            -38.1989 ZZZZ=            -19.9309 XXXY=            -90.6211
 XXXZ=             -0.0000 YYYX=            -70.3412 YYYZ=             -0.0000 ZZZX=             -0.0000
 ZZZY=             -0.0000 XXYY=           -239.5483 XXZZ=           -246.7132 YYZZ=             -9.8789
 XXYZ=              0.0000 YYXZ=             -0.0000 ZZXY=            -24.8424
 N-N= 1.338326943962D+01 E-N=-3.635167597150D+01  KE= 5.664441916544D+00
 Symmetry AG   KE= 2.786666949945D+00
 Symmetry BG   KE= 0.000000000000D+00
 Symmetry AU   KE= 0.000000000000D+00
 Symmetry BU   KE= 2.877774966598D+00

 Test job not archived.
 1\1\GINC-SULU\Stability\RHF\Gen\H12\LCJ1\10-Feb-2017\0\\#rhf/gen scf(s
 ymm,tight,novaracc,noincfock,fulldiag) stable(crhf) guess=read geom=no
 crowd test\\hf stability analysis of h12 triangular lattice, y= 2.1684
 423371644423 alpha= 83.000000000000000\\0,1\H\H,1,2.1847269498\H,1,2.1
 847269498,2,14.\H,2,2.1847269498,1,166.,3,0.,0\H,3,2.1847269498,1,180.
 ,2,0.,0\H,4,2.1847269498,2,180.,1,0.,0\H,5,2.1847269498,3,180.,2,0.,0\
 H,6,2.1847269498,4,180.,1,0.,0\H,7,2.1847269498,5,180.,2,0.,0\H,8,2.18
 47269498,6,180.,1,0.,0\H,9,2.1847269498,5,180.,2,0.,0\H,10,2.184726949
 8,6,180.,1,0.,0\\Version=ES64L-G09RevE.01\State=1-AG\HF=-5.6526789\MP2
 =-6.7593999\RMSD=1.807e-09\Dipole=0.,0.,0.\Quadrupole=1.3060018,0.4933
 027,-1.7993045,0.,-0.5944688,0.\PG=C02H [SGH(H12)]\\@


 A COMPUTER IS LIKE A HORSE, IT WILL SENSE WEAKNESS.
     -- GREG WETTSTEIN
 Job cpu time:       0 days  0 hours  0 minutes  0.8 seconds.
 File lengths (MBytes):  RWF=     84 Int=      0 D2E=      0 Chk=      2 Scr=      2
 Normal termination of Gaussian 09 at Fri Feb 10 12:39:01 2017.
