 Entering Gaussian System, Link 0=g09
 AtFile(1): H.gbs
            H     0
            S   10   1.00
               1000.000000000000            0.000068713567
                316.227766000000            0.000169141320
                100.000000000000            0.000823394812
                 31.622776600000            0.003425569236
                 10.000000000000            0.013951996000
                  3.162277660000            0.056909313560
                  1.000000000000            0.198286399900
                  0.316227766000            0.496922426700
                  0.100000000000            0.369846276400
                  0.031622776600            0.003752720039
            ****
 Initial command:
 /projects/guscus/apps/gau/g09-e1/g09/l1.exe "/users/lcj1/gaussian/h12/rhfstability/2rows/d2hguess/fwd/Gau-28949.inp" -scrdir="/users/lcj1/gaussian/h12/rhfstability/2rows/d2hguess/fwd/"
 Entering Link 1 = /projects/guscus/apps/gau/g09-e1/g09/l1.exe PID=     28950.
  
 Copyright (c) 1988,1990,1992,1993,1995,1998,2003,2009,2015,
            Gaussian, Inc.  All Rights Reserved.
  
 This is part of the Gaussian(R) 09 program.  It is based on
 the Gaussian(R) 03 system (copyright 2003, Gaussian, Inc.),
 the Gaussian(R) 98 system (copyright 1998, Gaussian, Inc.),
 the Gaussian(R) 94 system (copyright 1995, Gaussian, Inc.),
 the Gaussian 92(TM) system (copyright 1992, Gaussian, Inc.),
 the Gaussian 90(TM) system (copyright 1990, Gaussian, Inc.),
 the Gaussian 88(TM) system (copyright 1988, Gaussian, Inc.),
 the Gaussian 86(TM) system (copyright 1986, Carnegie Mellon
 University), and the Gaussian 82(TM) system (copyright 1983,
 Carnegie Mellon University). Gaussian is a federally registered
 trademark of Gaussian, Inc.
  
 This software contains proprietary and confidential information,
 including trade secrets, belonging to Gaussian, Inc.
  
 This software is provided under written license and may be
 used, copied, transmitted, or stored only in accord with that
 written license.
  
 The following legend is applicable only to US Government
 contracts under FAR:
  
                    RESTRICTED RIGHTS LEGEND
  
 Use, reproduction and disclosure by the US Government is
 subject to restrictions as set forth in subparagraphs (a)
 and (c) of the Commercial Computer Software - Restricted
 Rights clause in FAR 52.227-19.
  
 Gaussian, Inc.
 340 Quinnipiac St., Bldg. 40, Wallingford CT 06492
  
  
 ---------------------------------------------------------------
 Warning -- This program may not be used in any manner that
 competes with the business of Gaussian, Inc. or will provide
 assistance to any competitor of Gaussian, Inc.  The licensee
 of this program is prohibited from giving any competitor of
 Gaussian, Inc. access to this program.  By using this program,
 the user acknowledges that Gaussian, Inc. is engaged in the
 business of creating and licensing software in the field of
 computational chemistry and represents and warrants to the
 licensee that it is not a competitor of Gaussian, Inc. and that
 it will not use this program in any manner prohibited above.
 ---------------------------------------------------------------
  

 Cite this work as:
 Gaussian 09, Revision E.01,
 M. J. Frisch, G. W. Trucks, H. B. Schlegel, G. E. Scuseria, 
 M. A. Robb, J. R. Cheeseman, G. Scalmani, V. Barone, B. Mennucci, 
 G. A. Petersson, H. Nakatsuji, M. Caricato, X. Li, H. P. Hratchian, 
 A. F. Izmaylov, J. Bloino, G. Zheng, J. L. Sonnenberg, M. Hada, 
 M. Ehara, K. Toyota, R. Fukuda, J. Hasegawa, M. Ishida, T. Nakajima, 
 Y. Honda, O. Kitao, H. Nakai, T. Vreven, J. A. Montgomery, Jr., 
 J. E. Peralta, F. Ogliaro, M. Bearpark, J. J. Heyd, E. Brothers, 
 K. N. Kudin, V. N. Staroverov, T. Keith, R. Kobayashi, J. Normand, 
 K. Raghavachari, A. Rendell, J. C. Burant, S. S. Iyengar, J. Tomasi, 
 M. Cossi, N. Rega, J. M. Millam, M. Klene, J. E. Knox, J. B. Cross, 
 V. Bakken, C. Adamo, J. Jaramillo, R. Gomperts, R. E. Stratmann, 
 O. Yazyev, A. J. Austin, R. Cammi, C. Pomelli, J. W. Ochterski, 
 R. L. Martin, K. Morokuma, V. G. Zakrzewski, G. A. Voth, 
 P. Salvador, J. J. Dannenberg, S. Dapprich, A. D. Daniels, 
 O. Farkas, J. B. Foresman, J. V. Ortiz, J. Cioslowski, 
 and D. J. Fox, Gaussian, Inc., Wallingford CT, 2013.
 
 ******************************************
 Gaussian 09:  ES64L-G09RevE.01 30-Nov-2015
                10-Feb-2017 
 ******************************************
 %chk=h12.chk
 ----------------------------------------------------------------------
 #rhf/gen scf(symm,tight,novaracc,noincfock,fulldiag) stable(crhf) gues
 s=read geom=nocrowd test
 ----------------------------------------------------------------------
 1/38=1/1;
 2/12=1,17=6,18=5,40=1/2;
 3/5=7,16=1,25=1,30=1,116=1/1,2,3;
 4/5=1,9=4/1;
 5/5=100002,15=2,16=1,32=2,38=6/2;
 8/6=1,10=90,11=11/1,4;
 9/8=4,13=1/2;
 6/7=2,8=2,9=2,10=2,28=1/1;
 99/5=1,9=1/99;
 ----------------------------------------------------------------------
 hf stability analysis of h12 triangular lattice, y= 0.9612250668035587
 9 alpha= 58.000000000000000
 ----------------------------------------------------------------------
 Symbolic Z-matrix:
 Charge =  0 Multiplicity = 1
 H
 H                    1     1.13346 
 H                    1     1.13346  2     64. 
 H                    2     1.13346  1     116.     3     0.       0
 H                    3     1.13346  1     180.     2     0.       0
 H                    4     1.13346  2     180.     1     0.       0
 H                    5     1.13346  3     180.     2     0.       0
 H                    6     1.13346  4     180.     1     0.       0
 H                    7     1.13346  5     180.     2     0.       0
 H                    8     1.13346  6     180.     1     0.       0
 H                    9     1.13346  5     180.     2     0.       0
 H                    10    1.13346  6     180.     1     0.       0
 
                          Input orientation:                          
 ---------------------------------------------------------------------
 Center     Atomic      Atomic             Coordinates (Angstroms)
 Number     Number       Type             X           Y           Z
 ---------------------------------------------------------------------
      1          1           0        0.000000    0.000000    0.000000
      2          1           0        0.000000    0.000000    1.133456
      3          1           0        1.018743    0.000000    0.496874
      4          1           0        1.018743    0.000000    1.630330
      5          1           0        2.037487    0.000000    0.993749
      6          1           0        2.037487    0.000000    2.127204
      7          1           0        3.056230    0.000000    1.490623
      8          1           0        3.056230    0.000000    2.624079
      9          1           0        4.074973    0.000000    1.987497
     10          1           0        4.074973    0.000000    3.120953
     11          1           0        5.093717    0.000000    2.484372
     12          1           0        5.093717    0.000000    3.617827
 ---------------------------------------------------------------------
                    Distance matrix (angstroms):
                    1          2          3          4          5
     1  H    0.000000
     2  H    1.133456   0.000000
     3  H    1.133456   1.201280   0.000000
     4  H    1.922450   1.133456   1.133456   0.000000
     5  H    2.266912   2.042271   1.133456   1.201280   0.000000
     6  H    2.945565   2.266912   1.922450   1.133456   1.133456
     7  H    3.400367   3.077029   2.266912   2.042271   1.133456
     8  H    4.028192   3.400367   2.945565   2.266912   1.922450
     9  H    4.533823   4.163508   3.400367   3.077029   2.266912
    10  H    5.132812   4.533823   4.028192   3.400367   2.945565
    11  H    5.667279   5.269812   4.533823   4.163508   3.400367
    12  H    6.247770   5.667279   5.132812   4.533823   4.028192
                    6          7          8          9         10
     6  H    0.000000
     7  H    1.201280   0.000000
     8  H    1.133456   1.133456   0.000000
     9  H    2.042271   1.133456   1.201280   0.000000
    10  H    2.266912   1.922450   1.133456   1.133456   0.000000
    11  H    3.077029   2.266912   2.042271   1.133456   1.201280
    12  H    3.400367   2.945565   2.266912   1.922450   1.133456
                   11         12
    11  H    0.000000
    12  H    1.133456   0.000000
 Stoichiometry    H12
 Framework group  C2H[SGH(H12)]
 Deg. of freedom    11
 Full point group                 C2H     NOp   4
 Largest Abelian subgroup         C2H     NOp   4
 Largest concise Abelian subgroup C2      NOp   2
                         Standard orientation:                         
 ---------------------------------------------------------------------
 Center     Atomic      Atomic             Coordinates (Angstroms)
 Number     Number       Type             X           Y           Z
 ---------------------------------------------------------------------
      1          1           0        2.883675    1.201280   -0.000000
      2          1           0        1.922450    1.801920   -0.000000
      3          1           0        1.922450    0.600640    0.000000
      4          1           0        0.961225    1.201280   -0.000000
      5          1           0        0.961225    0.000000    0.000000
      6          1           0        0.000000    0.600640   -0.000000
      7          1           0       -0.000000   -0.600640   -0.000000
      8          1           0       -0.961225    0.000000    0.000000
      9          1           0       -0.961225   -1.201280    0.000000
     10          1           0       -1.922450   -0.600640    0.000000
     11          1           0       -1.922450   -1.801920    0.000000
     12          1           0       -2.883675   -1.201280    0.000000
 ---------------------------------------------------------------------
 Rotational constants (GHZ):    163.9041680     10.9583722     10.2716275
 General basis read from cards:  (5D, 7F)
 There are     6 symmetry adapted cartesian basis functions of AG  symmetry.
 There are     0 symmetry adapted cartesian basis functions of BG  symmetry.
 There are     0 symmetry adapted cartesian basis functions of AU  symmetry.
 There are     6 symmetry adapted cartesian basis functions of BU  symmetry.
 There are     6 symmetry adapted basis functions of AG  symmetry.
 There are     0 symmetry adapted basis functions of BG  symmetry.
 There are     0 symmetry adapted basis functions of AU  symmetry.
 There are     6 symmetry adapted basis functions of BU  symmetry.
    12 basis functions,   120 primitive gaussians,    12 cartesian basis functions
     6 alpha electrons        6 beta electrons
       nuclear repulsion energy        17.8142366300 Hartrees.
 NAtoms=   12 NActive=   12 NUniq=    6 SFac= 4.00D+00 NAtFMM=   60 NAOKFM=F Big=F
 Integral buffers will be    131072 words long.
 Regular integral format.
 Two-electron integral symmetry is turned on.
 One-electron integrals computed using PRISM.
 NBasis=    12 RedAO= T EigKep=  1.64D-01  NBF=     6     0     0     6
 NBsUse=    12 1.00D-06 EigRej= -1.00D+00 NBFU=     6     0     0     6
 Initial guess from the checkpoint file:  "h12.chk"
 B after Tr=     0.000000    0.000000    0.000000
         Rot=    0.999973   -0.000000    0.000000    0.007349 Ang=   0.84 deg.
 Initial guess orbital symmetries:
       Occupied  (AG) (BU) (AG) (BU) (BU) (AG)
       Virtual   (AG) (BU) (AG) (BU) (BU) (AG)
 Keep R1 ints in memory in symmetry-blocked form, NReq=900508.
 Requested convergence on RMS density matrix=1.00D-08 within 128 cycles.
 Requested convergence on MAX density matrix=1.00D-06.
 Requested convergence on             energy=1.00D-06.
 No special actions if energy rises.
 SCF Done:  E(RHF) =  -5.87362152945     A.U. after   11 cycles
            NFock= 11  Conv=0.36D-08     -V/T= 1.9739
 Range of M.O.s used for correlation:     1    12
 NBasis=    12 NAE=     6 NBE=     6 NFC=     0 NFV=     0
 NROrb=     12 NOA=     6 NOB=     6 NVA=     6 NVB=     6
 Semi-Direct transformation.
 ModeAB=           4 MOrb=             6 LenV=     134087657
 LASXX=         2181 LTotXX=        2181 LenRXX=        5115
 LTotAB=        2934 MaxLAS=        3024 LenRXY=           0
 NonZer=        7296 LenScr=      655360 LnRSAI=        3024
 LnScr1=      655360 LExtra=           0 Total=      1318859
 MaxDsk=          -1 SrtSym=           T ITran=            3
 JobTyp=0 Pass  1:  I=   1 to   6.
 (rs|ai) integrals will be sorted in core.
 Spin components of T(2) and E(2):
     alpha-alpha T2 =       0.8627477206D-02 E2=     -0.1073308978D-01
     alpha-beta  T2 =       0.8001514644D-01 E2=     -0.1066028082D+00
     beta-beta   T2 =       0.8627477206D-02 E2=     -0.1073308978D-01
 ANorm=    0.1047506611D+01
 E2 =    -0.1280689877D+00 EUMP2 =    -0.60016905171607D+01
 Second order stability test of a single determinant RHF wave function:
 Stabil:  MDV=134217728
 ***********************************************************************
 Matrix         Lowest Root    Major Pairs
 ***********************************************************************
 Internal RHF     0.0977583    Stable
 RRHF --> CRHF    0.0575293    Stable

 RRHF --> RUHF   -0.0564237    6A=7B 4A=8B 5A=8B 5A=9B 4A=9B 3A=10B 3A=7B 6A=10B 
 2A=11B 2A=9B
 Not stable.
 ***********************************************************************

 **********************************************************************

            Population analysis using the SCF density.

 **********************************************************************

 Orbital symmetries:
       Occupied  (AG) (BU) (AG) (BU) (BU) (AG)
       Virtual   (AG) (BU) (BU) (AG) (BU) (AG)
 The electronic state is 1-AG.
 Alpha  occ. eigenvalues --   -0.87163  -0.78378  -0.64209  -0.44618  -0.40622
 Alpha  occ. eigenvalues --   -0.30087
 Alpha virt. eigenvalues --    0.02134   0.07327   0.33138   0.33657   0.61454
 Alpha virt. eigenvalues --    0.67355
          Condensed to atoms (all electrons):
               1          2          3          4          5          6
     1  H    0.795609   0.060490   0.314204  -0.151096  -0.014696  -0.023168
     2  H    0.060490   0.783572  -0.078302   0.333642  -0.149592   0.004133
     3  H    0.314204  -0.078302   0.717806  -0.276510   0.270954  -0.070597
     4  H   -0.151096   0.333642  -0.276510   1.291213  -0.166454   0.269063
     5  H   -0.014696  -0.149592   0.270954  -0.166454   1.222430   0.009662
     6  H   -0.023168   0.004133  -0.070597   0.269063   0.009662   0.597317
     7  H    0.003085  -0.011880   0.021009  -0.077034   0.177804  -0.074590
     8  H    0.004531   0.003054  -0.006307  -0.052977  -0.122498   0.177804
     9  H   -0.000375   0.003750  -0.006863   0.009126  -0.052977  -0.077034
    10  H    0.000378  -0.000465   0.001392  -0.006863  -0.006307   0.021009
    11  H   -0.000215   0.000174  -0.000465   0.003750   0.003054  -0.011880
    12  H   -0.000008  -0.000215   0.000378  -0.000375   0.004531   0.003085
               7          8          9         10         11         12
     1  H    0.003085   0.004531  -0.000375   0.000378  -0.000215  -0.000008
     2  H   -0.011880   0.003054   0.003750  -0.000465   0.000174  -0.000215
     3  H    0.021009  -0.006307  -0.006863   0.001392  -0.000465   0.000378
     4  H   -0.077034  -0.052977   0.009126  -0.006863   0.003750  -0.000375
     5  H    0.177804  -0.122498  -0.052977  -0.006307   0.003054   0.004531
     6  H   -0.074590   0.177804  -0.077034   0.021009  -0.011880   0.003085
     7  H    0.597317   0.009662   0.269063  -0.070597   0.004133  -0.023168
     8  H    0.009662   1.222430  -0.166454   0.270954  -0.149592  -0.014696
     9  H    0.269063  -0.166454   1.291213  -0.276510   0.333642  -0.151096
    10  H   -0.070597   0.270954  -0.276510   0.717806  -0.078302   0.314204
    11  H    0.004133  -0.149592   0.333642  -0.078302   0.783572   0.060490
    12  H   -0.023168  -0.014696  -0.151096   0.314204   0.060490   0.795609
 Mulliken charges:
               1
     1  H    0.011261
     2  H    0.051640
     3  H    0.113300
     4  H   -0.175484
     5  H   -0.175911
     6  H    0.175194
     7  H    0.175194
     8  H   -0.175911
     9  H   -0.175484
    10  H    0.113300
    11  H    0.051640
    12  H    0.011261
 Sum of Mulliken charges =   0.00000
 Mulliken charges with hydrogens summed into heavy atoms:
               1
 Electronic spatial extent (au):  <R**2>=            210.0146
 Charge=              0.0000 electrons
 Dipole moment (field-independent basis, Debye):
    X=             -0.0000    Y=             -0.0000    Z=             -0.0000  Tot=              0.0000
 Quadrupole moment (field-independent basis, Debye-Ang):
   XX=            -13.9903   YY=            -18.3802   ZZ=            -15.6165
   XY=              2.8533   XZ=             -0.0000   YZ=             -0.0000
 Traceless Quadrupole moment (field-independent basis, Debye-Ang):
   XX=              2.0053   YY=             -2.3845   ZZ=              0.3792
   XY=              2.8533   XZ=             -0.0000   YZ=             -0.0000
 Octapole moment (field-independent basis, Debye-Ang**2):
  XXX=             -0.0000  YYY=             -0.0000  ZZZ=             -0.0000  XYY=             -0.0000
  XXY=             -0.0000  XXZ=             -0.0000  XZZ=             -0.0000  YZZ=             -0.0000
  YYZ=             -0.0000  XYZ=              0.0000
 Hexadecapole moment (field-independent basis, Debye-Ang**3):
 XXXX=           -287.4613 YYYY=           -142.3618 ZZZZ=            -18.8983 XXXY=            -50.7495
 XXXZ=              0.0000 YYYX=            -69.7924 YYYZ=              0.0000 ZZZX=              0.0000
 ZZZY=              0.0000 XXYY=            -61.1570 XXZZ=            -53.2478 YYZZ=            -25.6176
 XXYZ=              0.0000 YYXZ=              0.0000 ZZXY=            -23.7378
 N-N= 1.781423662999D+01 E-N=-4.650527273620D+01  KE= 6.031096018318D+00
 Symmetry AG   KE= 2.847852622178D+00
 Symmetry BG   KE= 0.000000000000D+00
 Symmetry AU   KE= 0.000000000000D+00
 Symmetry BU   KE= 3.183243396139D+00

 Test job not archived.
 1\1\GINC-SULU\Stability\RHF\Gen\H12\UNKNOWN\10-Feb-2017\0\\#rhf/gen sc
 f(symm,tight,novaracc,noincfock,fulldiag) stable(crhf) guess=read geom
 =nocrowd test\\hf stability analysis of h12 triangular lattice, y= 0.9
 6122506680355879 alpha= 58.000000000000000\\0,1\H\H,1,1.1334558196\H,1
 ,1.1334558196,2,64.\H,2,1.1334558196,1,116.,3,0.,0\H,3,1.1334558196,1,
 180.,2,0.,0\H,4,1.1334558196,2,180.,1,0.,0\H,5,1.1334558196,3,180.,2,0
 .,0\H,6,1.1334558196,4,180.,1,0.,0\H,7,1.1334558196,5,180.,2,0.,0\H,8,
 1.1334558196,6,180.,1,0.,0\H,9,1.1334558196,5,180.,2,0.,0\H,10,1.13345
 58196,6,180.,1,0.,0\\Version=ES64L-G09RevE.01\State=1-AG\HF=-5.8736215
 \MP2=-6.0016905\RMSD=3.594e-09\Dipole=0.,0.,0.\Quadrupole=1.0503551,0.
 2819212,-1.3322762,0.,2.396667,0.\PG=C02H [SGH(H12)]\\@


 GOD GAVE US TWO ENDS... ONE TO SIT ON...    
 AND THE OTHER TO THINK WITH...              
 YOUR SUCCESS DEPENDS UPON WHICH END YOU     
 USE THE MOST...                             
                                             
 IT'S A CASE OF HEADS YOU WIN TAILS YOU LOSE.
          SOURCE UNKNOWN(IT'S JUST AS WELL.) 
 Job cpu time:       0 days  0 hours  0 minutes  1.0 seconds.
 File lengths (MBytes):  RWF=     84 Int=      0 D2E=      0 Chk=      2 Scr=      2
 Normal termination of Gaussian 09 at Fri Feb 10 12:38:05 2017.
