 Entering Gaussian System, Link 0=g09
 AtFile(1): H.gbs
            H     0
            S   10   1.00
               1000.000000000000            0.000068713567
                316.227766000000            0.000169141320
                100.000000000000            0.000823394812
                 31.622776600000            0.003425569236
                 10.000000000000            0.013951996000
                  3.162277660000            0.056909313560
                  1.000000000000            0.198286399900
                  0.316227766000            0.496922426700
                  0.100000000000            0.369846276400
                  0.031622776600            0.003752720039
            ****
 Initial command:
 /projects/guscus/apps/gau/g09-e1/g09/l1.exe "/users/lcj1/gaussian/h12/rhfstability/2rows/d2hguess/bck/Gau-28372.inp" -scrdir="/users/lcj1/gaussian/h12/rhfstability/2rows/d2hguess/bck/"
 Entering Link 1 = /projects/guscus/apps/gau/g09-e1/g09/l1.exe PID=     28373.
  
 Copyright (c) 1988,1990,1992,1993,1995,1998,2003,2009,2015,
            Gaussian, Inc.  All Rights Reserved.
  
 This is part of the Gaussian(R) 09 program.  It is based on
 the Gaussian(R) 03 system (copyright 2003, Gaussian, Inc.),
 the Gaussian(R) 98 system (copyright 1998, Gaussian, Inc.),
 the Gaussian(R) 94 system (copyright 1995, Gaussian, Inc.),
 the Gaussian 92(TM) system (copyright 1992, Gaussian, Inc.),
 the Gaussian 90(TM) system (copyright 1990, Gaussian, Inc.),
 the Gaussian 88(TM) system (copyright 1988, Gaussian, Inc.),
 the Gaussian 86(TM) system (copyright 1986, Carnegie Mellon
 University), and the Gaussian 82(TM) system (copyright 1983,
 Carnegie Mellon University). Gaussian is a federally registered
 trademark of Gaussian, Inc.
  
 This software contains proprietary and confidential information,
 including trade secrets, belonging to Gaussian, Inc.
  
 This software is provided under written license and may be
 used, copied, transmitted, or stored only in accord with that
 written license.
  
 The following legend is applicable only to US Government
 contracts under FAR:
  
                    RESTRICTED RIGHTS LEGEND
  
 Use, reproduction and disclosure by the US Government is
 subject to restrictions as set forth in subparagraphs (a)
 and (c) of the Commercial Computer Software - Restricted
 Rights clause in FAR 52.227-19.
  
 Gaussian, Inc.
 340 Quinnipiac St., Bldg. 40, Wallingford CT 06492
  
  
 ---------------------------------------------------------------
 Warning -- This program may not be used in any manner that
 competes with the business of Gaussian, Inc. or will provide
 assistance to any competitor of Gaussian, Inc.  The licensee
 of this program is prohibited from giving any competitor of
 Gaussian, Inc. access to this program.  By using this program,
 the user acknowledges that Gaussian, Inc. is engaged in the
 business of creating and licensing software in the field of
 computational chemistry and represents and warrants to the
 licensee that it is not a competitor of Gaussian, Inc. and that
 it will not use this program in any manner prohibited above.
 ---------------------------------------------------------------
  

 Cite this work as:
 Gaussian 09, Revision E.01,
 M. J. Frisch, G. W. Trucks, H. B. Schlegel, G. E. Scuseria, 
 M. A. Robb, J. R. Cheeseman, G. Scalmani, V. Barone, B. Mennucci, 
 G. A. Petersson, H. Nakatsuji, M. Caricato, X. Li, H. P. Hratchian, 
 A. F. Izmaylov, J. Bloino, G. Zheng, J. L. Sonnenberg, M. Hada, 
 M. Ehara, K. Toyota, R. Fukuda, J. Hasegawa, M. Ishida, T. Nakajima, 
 Y. Honda, O. Kitao, H. Nakai, T. Vreven, J. A. Montgomery, Jr., 
 J. E. Peralta, F. Ogliaro, M. Bearpark, J. J. Heyd, E. Brothers, 
 K. N. Kudin, V. N. Staroverov, T. Keith, R. Kobayashi, J. Normand, 
 K. Raghavachari, A. Rendell, J. C. Burant, S. S. Iyengar, J. Tomasi, 
 M. Cossi, N. Rega, J. M. Millam, M. Klene, J. E. Knox, J. B. Cross, 
 V. Bakken, C. Adamo, J. Jaramillo, R. Gomperts, R. E. Stratmann, 
 O. Yazyev, A. J. Austin, R. Cammi, C. Pomelli, J. W. Ochterski, 
 R. L. Martin, K. Morokuma, V. G. Zakrzewski, G. A. Voth, 
 P. Salvador, J. J. Dannenberg, S. Dapprich, A. D. Daniels, 
 O. Farkas, J. B. Foresman, J. V. Ortiz, J. Cioslowski, 
 and D. J. Fox, Gaussian, Inc., Wallingford CT, 2013.
 
 ******************************************
 Gaussian 09:  ES64L-G09RevE.01 30-Nov-2015
                10-Feb-2017 
 ******************************************
 %chk=h12.chk
 ----------------------------------------------------------------------
 #rhf/gen scf(symm,tight,novaracc,noincfock,fulldiag) stable(crhf) gues
 s=read geom=nocrowd test
 ----------------------------------------------------------------------
 1/38=1/1;
 2/12=1,17=6,18=5,40=1/2;
 3/5=7,16=1,25=1,30=1,116=1/1,2,3;
 4/5=1,9=4/1;
 5/5=100002,15=2,16=1,32=2,38=6/2;
 8/6=1,10=90,11=11/1,4;
 9/8=4,13=1/2;
 6/7=2,8=2,9=2,10=2,28=1/1;
 99/5=1,9=1/99;
 ----------------------------------------------------------------------
 hf stability analysis of h12 triangular lattice, y= 0.2463370865798451
 8 alpha= 6.0000000000000000
 ----------------------------------------------------------------------
 Symbolic Z-matrix:
 Charge =  0 Multiplicity = 1
 H
 H                    1     2.35665 
 H                    1     2.35665  2     168. 
 H                    2     2.35665  1     12.      3     0.       0
 H                    3     2.35665  1     180.     2     0.       0
 H                    4     2.35665  2     180.     1     0.       0
 H                    5     2.35665  3     180.     2     0.       0
 H                    6     2.35665  4     180.     1     0.       0
 H                    7     2.35665  5     180.     2     0.       0
 H                    8     2.35665  6     180.     1     0.       0
 H                    9     2.35665  5     180.     2     0.       0
 H                    10    2.35665  6     180.     1     0.       0
 
                          Input orientation:                          
 ---------------------------------------------------------------------
 Center     Atomic      Atomic             Coordinates (Angstroms)
 Number     Number       Type             X           Y           Z
 ---------------------------------------------------------------------
      1          1           0        0.000000    0.000000    0.000000
      2          1           0        0.000000    0.000000    2.356651
      3          1           0        0.489975    0.000000   -2.305152
      4          1           0        0.489975    0.000000    0.051498
      5          1           0        0.979950    0.000000   -4.610305
      6          1           0        0.979950    0.000000   -2.253654
      7          1           0        1.469926    0.000000   -6.915457
      8          1           0        1.469926    0.000000   -4.558806
      9          1           0        1.959901    0.000000   -9.220609
     10          1           0        1.959901    0.000000   -6.863958
     11          1           0        2.449876    0.000000  -11.525761
     12          1           0        2.449876    0.000000   -9.169111
 ---------------------------------------------------------------------
                    Distance matrix (angstroms):
                    1          2          3          4          5
     1  H    0.000000
     2  H    2.356651   0.000000
     3  H    2.356651   4.687482   0.000000
     4  H    0.492674   2.356651   2.356651   0.000000
     5  H    4.713301   7.035536   2.356651   4.687482   0.000000
     6  H    2.457490   4.713301   0.492674   2.356651   2.356651
     7  H    7.069952   9.387900   4.713301   7.035536   2.356651
     8  H    4.789926   7.069952   2.457490   4.713301   0.492674
     9  H    9.426603  11.741983   7.069952   9.387900   4.713301
    10  H    7.138287   9.426603   4.789926   7.069952   2.457490
    11  H   11.783254  14.096924   9.426603  11.741983   7.069952
    12  H    9.490758  11.783254   7.138287   9.426603   4.789926
                    6          7          8          9         10
     6  H    0.000000
     7  H    4.687482   0.000000
     8  H    2.356651   2.356651   0.000000
     9  H    7.035536   2.356651   4.687482   0.000000
    10  H    4.713301   0.492674   2.356651   2.356651   0.000000
    11  H    9.387900   4.713301   7.035536   2.356651   4.687482
    12  H    7.069952   2.457490   4.713301   0.492674   2.356651
                   11         12
    11  H    0.000000
    12  H    2.356651   0.000000
 Stoichiometry    H12
 Framework group  C2H[SGH(H12)]
 Deg. of freedom    11
 Full point group                 C2H     NOp   4
 Largest Abelian subgroup         C2H     NOp   4
 Largest concise Abelian subgroup C2      NOp   2
                         Standard orientation:                         
 ---------------------------------------------------------------------
 Center     Atomic      Atomic             Coordinates (Angstroms)
 Number     Number       Type             X           Y           Z
 ---------------------------------------------------------------------
      1          1           0        4.687482    0.739011    0.000000
      2          1           0        7.031222    0.492674    0.000000
      3          1           0        2.343741    0.492674    0.000000
      4          1           0        4.687482    0.246337    0.000000
      5          1           0        0.000000    0.246337    0.000000
      6          1           0        2.343741    0.000000    0.000000
      7          1           0       -2.343741    0.000000    0.000000
      8          1           0       -0.000000   -0.246337    0.000000
      9          1           0       -4.687482   -0.246337    0.000000
     10          1           0       -2.343741   -0.492674    0.000000
     11          1           0       -7.031222   -0.492674    0.000000
     12          1           0       -4.687482   -0.739011    0.000000
 ---------------------------------------------------------------------
 Rotational constants (GHZ):    753.5403332      2.3835792      2.3760633
 General basis read from cards:  (5D, 7F)
 There are     6 symmetry adapted cartesian basis functions of AG  symmetry.
 There are     0 symmetry adapted cartesian basis functions of BG  symmetry.
 There are     0 symmetry adapted cartesian basis functions of AU  symmetry.
 There are     6 symmetry adapted cartesian basis functions of BU  symmetry.
 There are     6 symmetry adapted basis functions of AG  symmetry.
 There are     0 symmetry adapted basis functions of BG  symmetry.
 There are     0 symmetry adapted basis functions of AU  symmetry.
 There are     6 symmetry adapted basis functions of BU  symmetry.
    12 basis functions,   120 primitive gaussians,    12 cartesian basis functions
     6 alpha electrons        6 beta electrons
       nuclear repulsion energy        13.1837185047 Hartrees.
 NAtoms=   12 NActive=   12 NUniq=    6 SFac= 4.00D+00 NAtFMM=   60 NAOKFM=F Big=F
 Integral buffers will be    131072 words long.
 Regular integral format.
 Two-electron integral symmetry is turned on.
 One-electron integrals computed using PRISM.
 NBasis=    12 RedAO= T EigKep=  1.10D-01  NBF=     6     0     0     6
 NBsUse=    12 1.00D-06 EigRej= -1.00D+00 NBFU=     6     0     0     6
 Initial guess from the checkpoint file:  "h12.chk"
 B after Tr=     0.000000    0.000000    0.000000
         Rot=    0.999973   -0.000000    0.000000    0.007349 Ang=   0.84 deg.
 Initial guess orbital symmetries:
       Occupied  (AG) (BU) (AG) (BU) (AG) (BU)
       Virtual   (AG) (BU) (AG) (BU) (AG) (BU)
 Keep R1 ints in memory in symmetry-blocked form, NReq=885990.
 Requested convergence on RMS density matrix=1.00D-08 within 128 cycles.
 Requested convergence on MAX density matrix=1.00D-06.
 Requested convergence on             energy=1.00D-06.
 No special actions if energy rises.
 SCF Done:  E(RHF) =  -5.43966687531     A.U. after    5 cycles
            NFock=  5  Conv=0.58D-08     -V/T= 1.9689
 Range of M.O.s used for correlation:     1    12
 NBasis=    12 NAE=     6 NBE=     6 NFC=     0 NFV=     0
 NROrb=     12 NOA=     6 NOB=     6 NVA=     6 NVB=     6

 **** Warning!!: The smallest alpha delta epsilon is  0.37547382D-01

 Semi-Direct transformation.
 ModeAB=           4 MOrb=             6 LenV=     134103351
 LASXX=         2181 LTotXX=        2181 LenRXX=        5115
 LTotAB=        2934 MaxLAS=        3024 LenRXY=           0
 NonZer=        7296 LenScr=      655360 LnRSAI=        3024
 LnScr1=      655360 LExtra=           0 Total=      1318859
 MaxDsk=          -1 SrtSym=           T ITran=            3
 JobTyp=0 Pass  1:  I=   1 to   6.
 (rs|ai) integrals will be sorted in core.
 Spin components of T(2) and E(2):
     alpha-alpha T2 =       0.4620939606D-04 E2=     -0.1224683197D-03
     alpha-beta  T2 =       0.1552623365D+02 E2=     -0.1199843976D+01
     beta-beta   T2 =       0.4620939606D-04 E2=     -0.1224683197D-03
 ANorm=    0.4065258426D+01
 E2 =    -0.1200088912D+01 EUMP2 =    -0.66397557875183D+01
 Second order stability test of a single determinant RHF wave function:
 Stabil:  MDV=134217728
 ***********************************************************************
 Matrix         Lowest Root    Major Pairs
 ***********************************************************************
 Internal RHF     0.415648     Stable
 RRHF --> CRHF    0.0000031    Stable
 RRHF --> RUHF   -0.5919331    6A=7B
 Not stable.
 ***********************************************************************

 **********************************************************************

            Population analysis using the SCF density.

 **********************************************************************

 Orbital symmetries:
       Occupied  (AG) (BU) (AG) (BU) (AG) (BU)
       Virtual   (AG) (BU) (AG) (BU) (AG) (BU)
 The electronic state is 1-AG.
 Alpha  occ. eigenvalues --   -0.73753  -0.72866  -0.71489  -0.69993  -0.68739
 Alpha  occ. eigenvalues --   -0.20106
 Alpha virt. eigenvalues --   -0.16351   0.53256   0.56759   0.62012   0.67770
 Alpha virt. eigenvalues --    0.72398
          Condensed to atoms (all electrons):
               1          2          3          4          5          6
     1  H    0.550042  -0.011763  -0.011593   0.482931   0.000038  -0.009694
     2  H   -0.011763   1.022256   0.000032  -0.011733   0.000000   0.000042
     3  H   -0.011593   0.000032   0.557591  -0.012236  -0.011732   0.487775
     4  H    0.482931  -0.011733  -0.012236   0.553815   0.000043  -0.011664
     5  H    0.000038   0.000000  -0.011732   0.000043   0.557570  -0.012341
     6  H   -0.009694   0.000042   0.487775  -0.011664  -0.012341   0.557375
     7  H   -0.000000  -0.000000   0.000038  -0.000000  -0.011726   0.000043
     8  H    0.000031  -0.000000  -0.009776   0.000038   0.487854  -0.011726
     9  H   -0.000000   0.000000  -0.000000  -0.000000   0.000038  -0.000000
    10  H   -0.000000  -0.000000   0.000031  -0.000000  -0.009776   0.000038
    11  H    0.000000  -0.000000  -0.000000   0.000000  -0.000000  -0.000000
    12  H   -0.000000   0.000000  -0.000000  -0.000000   0.000031  -0.000000
               7          8          9         10         11         12
     1  H   -0.000000   0.000031  -0.000000  -0.000000   0.000000  -0.000000
     2  H   -0.000000  -0.000000   0.000000  -0.000000  -0.000000   0.000000
     3  H    0.000038  -0.009776  -0.000000   0.000031  -0.000000  -0.000000
     4  H   -0.000000   0.000038  -0.000000  -0.000000   0.000000  -0.000000
     5  H   -0.011726   0.487854   0.000038  -0.009776  -0.000000   0.000031
     6  H    0.000043  -0.011726  -0.000000   0.000038  -0.000000  -0.000000
     7  H    0.557375  -0.012341  -0.011664   0.487775   0.000042  -0.009694
     8  H   -0.012341   0.557570   0.000043  -0.011732   0.000000   0.000038
     9  H   -0.011664   0.000043   0.553815  -0.012236  -0.011733   0.482931
    10  H    0.487775  -0.011732  -0.012236   0.557591   0.000032  -0.011593
    11  H    0.000042   0.000000  -0.011733   0.000032   1.022256  -0.011763
    12  H   -0.009694   0.000038   0.482931  -0.011593  -0.011763   0.550042
 Mulliken charges:
               1
     1  H    0.000009
     2  H    0.001167
     3  H   -0.000132
     4  H   -0.001195
     5  H    0.000001
     6  H    0.000151
     7  H    0.000151
     8  H    0.000001
     9  H   -0.001195
    10  H   -0.000132
    11  H    0.001167
    12  H    0.000009
 Sum of Mulliken charges =  -0.00000
 Mulliken charges with hydrogens summed into heavy atoms:
               1
 Electronic spatial extent (au):  <R**2>=            790.4452
 Charge=             -0.0000 electrons
 Dipole moment (field-independent basis, Debye):
    X=             -0.0000    Y=             -0.0000    Z=              0.0000  Tot=              0.0000
 Quadrupole moment (field-independent basis, Debye-Ang):
   XX=            -18.2548   YY=            -15.0800   ZZ=            -16.1510
   XY=             -0.1539   XZ=              0.0000   YZ=              0.0000
 Traceless Quadrupole moment (field-independent basis, Debye-Ang):
   XX=             -1.7595   YY=              1.4153   ZZ=              0.3442
   XY=             -0.1539   XZ=              0.0000   YZ=              0.0000
 Octapole moment (field-independent basis, Debye-Ang**2):
  XXX=              0.0000  YYY=             -0.0000  ZZZ=              0.0000  XYY=             -0.0000
  XXY=             -0.0000  XXZ=              0.0000  XZZ=              0.0000  YZZ=             -0.0000
  YYZ=              0.0000  XYZ=              0.0000
 Hexadecapole moment (field-independent basis, Debye-Ang**3):
 XXXX=          -1870.2557 YYYY=            -35.9683 ZZZZ=            -20.1629 XXXY=            -85.4984
 XXXZ=              0.0000 YYYX=            -71.0669 YYYZ=              0.0000 ZZZX=              0.0000
 ZZZY=              0.0000 XXYY=           -279.5451 XXZZ=           -287.9016 YYZZ=             -9.4977
 XXYZ=              0.0000 YYXZ=              0.0000 ZZXY=            -24.9164
 N-N= 1.318371850471D+01 E-N=-3.532194094002D+01  KE= 5.614094222986D+00
 Symmetry AG   KE= 2.762558822501D+00
 Symmetry BG   KE= 0.000000000000D+00
 Symmetry AU   KE= 0.000000000000D+00
 Symmetry BU   KE= 2.851535400485D+00

 Test job not archived.
 1\1\GINC-SULU\Stability\RHF\Gen\H12\UNKNOWN\10-Feb-2017\0\\#rhf/gen sc
 f(symm,tight,novaracc,noincfock,fulldiag) stable(crhf) guess=read geom
 =nocrowd test\\hf stability analysis of h12 triangular lattice, y= 0.2
 4633708657984518 alpha= 6.0000000000000000\\0,1\H\H,1,2.3566507346\H,1
 ,2.3566507346,2,168.\H,2,2.3566507346,1,12.,3,0.,0\H,3,2.3566507346,1,
 180.,2,0.,0\H,4,2.3566507346,2,180.,1,0.,0\H,5,2.3566507346,3,180.,2,0
 .,0\H,6,2.3566507346,4,180.,1,0.,0\H,7,2.3566507346,5,180.,2,0.,0\H,8,
 2.3566507346,6,180.,1,0.,0\H,9,2.3566507346,5,180.,2,0.,0\H,10,2.35665
 07346,6,180.,1,0.,0\\Version=ES64L-G09RevE.01\State=1-AG\HF=-5.4396669
 \MP2=-6.6397558\RMSD=5.820e-09\Dipole=0.,0.,0.\Quadrupole=1.0026539,0.
 2559403,-1.2585942,0.,0.3572914,0.\PG=C02H [SGH(H12)]\\@


 TRUTH, IN SCIENCE, CAN BE DEFINED AS THE WORKING HYPOTHESIS 
 BEST FITTED TO OPEN THE WAY TO THE NEXT BETTER ONE.

                              -- KONRAD LORENZ
 Job cpu time:       0 days  0 hours  0 minutes  0.8 seconds.
 File lengths (MBytes):  RWF=     84 Int=      0 D2E=      0 Chk=      2 Scr=      2
 Normal termination of Gaussian 09 at Fri Feb 10 12:37:32 2017.
