 Entering Gaussian System, Link 0=g09
 AtFile(1): H.gbs
            H     0
            S   10   1.00
               1000.000000000000            0.000068713567
                316.227766000000            0.000169141320
                100.000000000000            0.000823394812
                 31.622776600000            0.003425569236
                 10.000000000000            0.013951996000
                  3.162277660000            0.056909313560
                  1.000000000000            0.198286399900
                  0.316227766000            0.496922426700
                  0.100000000000            0.369846276400
                  0.031622776600            0.003752720039
            ****
 Initial command:
 /projects/guscus/apps/gau/g09-e1/g09/l1.exe "/users/lcj1/gaussian/h12/rhfstability/2rows/d2hguess/fwd/Gau-28498.inp" -scrdir="/users/lcj1/gaussian/h12/rhfstability/2rows/d2hguess/fwd/"
 Entering Link 1 = /projects/guscus/apps/gau/g09-e1/g09/l1.exe PID=     28499.
  
 Copyright (c) 1988,1990,1992,1993,1995,1998,2003,2009,2015,
            Gaussian, Inc.  All Rights Reserved.
  
 This is part of the Gaussian(R) 09 program.  It is based on
 the Gaussian(R) 03 system (copyright 2003, Gaussian, Inc.),
 the Gaussian(R) 98 system (copyright 1998, Gaussian, Inc.),
 the Gaussian(R) 94 system (copyright 1995, Gaussian, Inc.),
 the Gaussian 92(TM) system (copyright 1992, Gaussian, Inc.),
 the Gaussian 90(TM) system (copyright 1990, Gaussian, Inc.),
 the Gaussian 88(TM) system (copyright 1988, Gaussian, Inc.),
 the Gaussian 86(TM) system (copyright 1986, Carnegie Mellon
 University), and the Gaussian 82(TM) system (copyright 1983,
 Carnegie Mellon University). Gaussian is a federally registered
 trademark of Gaussian, Inc.
  
 This software contains proprietary and confidential information,
 including trade secrets, belonging to Gaussian, Inc.
  
 This software is provided under written license and may be
 used, copied, transmitted, or stored only in accord with that
 written license.
  
 The following legend is applicable only to US Government
 contracts under FAR:
  
                    RESTRICTED RIGHTS LEGEND
  
 Use, reproduction and disclosure by the US Government is
 subject to restrictions as set forth in subparagraphs (a)
 and (c) of the Commercial Computer Software - Restricted
 Rights clause in FAR 52.227-19.
  
 Gaussian, Inc.
 340 Quinnipiac St., Bldg. 40, Wallingford CT 06492
  
  
 ---------------------------------------------------------------
 Warning -- This program may not be used in any manner that
 competes with the business of Gaussian, Inc. or will provide
 assistance to any competitor of Gaussian, Inc.  The licensee
 of this program is prohibited from giving any competitor of
 Gaussian, Inc. access to this program.  By using this program,
 the user acknowledges that Gaussian, Inc. is engaged in the
 business of creating and licensing software in the field of
 computational chemistry and represents and warrants to the
 licensee that it is not a competitor of Gaussian, Inc. and that
 it will not use this program in any manner prohibited above.
 ---------------------------------------------------------------
  

 Cite this work as:
 Gaussian 09, Revision E.01,
 M. J. Frisch, G. W. Trucks, H. B. Schlegel, G. E. Scuseria, 
 M. A. Robb, J. R. Cheeseman, G. Scalmani, V. Barone, B. Mennucci, 
 G. A. Petersson, H. Nakatsuji, M. Caricato, X. Li, H. P. Hratchian, 
 A. F. Izmaylov, J. Bloino, G. Zheng, J. L. Sonnenberg, M. Hada, 
 M. Ehara, K. Toyota, R. Fukuda, J. Hasegawa, M. Ishida, T. Nakajima, 
 Y. Honda, O. Kitao, H. Nakai, T. Vreven, J. A. Montgomery, Jr., 
 J. E. Peralta, F. Ogliaro, M. Bearpark, J. J. Heyd, E. Brothers, 
 K. N. Kudin, V. N. Staroverov, T. Keith, R. Kobayashi, J. Normand, 
 K. Raghavachari, A. Rendell, J. C. Burant, S. S. Iyengar, J. Tomasi, 
 M. Cossi, N. Rega, J. M. Millam, M. Klene, J. E. Knox, J. B. Cross, 
 V. Bakken, C. Adamo, J. Jaramillo, R. Gomperts, R. E. Stratmann, 
 O. Yazyev, A. J. Austin, R. Cammi, C. Pomelli, J. W. Ochterski, 
 R. L. Martin, K. Morokuma, V. G. Zakrzewski, G. A. Voth, 
 P. Salvador, J. J. Dannenberg, S. Dapprich, A. D. Daniels, 
 O. Farkas, J. B. Foresman, J. V. Ortiz, J. Cioslowski, 
 and D. J. Fox, Gaussian, Inc., Wallingford CT, 2013.
 
 ******************************************
 Gaussian 09:  ES64L-G09RevE.01 30-Nov-2015
                10-Feb-2017 
 ******************************************
 %chk=h12.chk
 ----------------------------------------------------------------------
 #rhf/gen scf(symm,tight,novaracc,noincfock,fulldiag) stable(crhf) gues
 s=read geom=nocrowd test
 ----------------------------------------------------------------------
 1/38=1/1;
 2/12=1,17=6,18=5,40=1/2;
 3/5=7,16=1,25=1,30=1,116=1/1,2,3;
 4/5=1,9=4/1;
 5/5=100002,15=2,16=1,32=2,38=6/2;
 8/6=1,10=90,11=11/1,4;
 9/8=4,13=1/2;
 6/7=2,8=2,9=2,10=2,28=1/1;
 99/5=1,9=1/99;
 ----------------------------------------------------------------------
 hf stability analysis of h12 triangular lattice, y= 0.7868496627299574
 9 alpha= 47.000000000000000
 ----------------------------------------------------------------------
 Symbolic Z-matrix:
 Charge =  0 Multiplicity = 1
 H
 H                    1     1.07588 
 H                    1     1.07588  2     86. 
 H                    2     1.07588  1     94.      3     0.       0
 H                    3     1.07588  1     180.     2     0.       0
 H                    4     1.07588  2     180.     1     0.       0
 H                    5     1.07588  3     180.     2     0.       0
 H                    6     1.07588  4     180.     1     0.       0
 H                    7     1.07588  5     180.     2     0.       0
 H                    8     1.07588  6     180.     1     0.       0
 H                    9     1.07588  5     180.     2     0.       0
 H                    10    1.07588  6     180.     1     0.       0
 
                          Input orientation:                          
 ---------------------------------------------------------------------
 Center     Atomic      Atomic             Coordinates (Angstroms)
 Number     Number       Type             X           Y           Z
 ---------------------------------------------------------------------
      1          1           0        0.000000    0.000000    0.000000
      2          1           0        0.000000    0.000000    1.075881
      3          1           0        1.073260    0.000000    0.075050
      4          1           0        1.073260    0.000000    1.150931
      5          1           0        2.146521    0.000000    0.150099
      6          1           0        2.146521    0.000000    1.225980
      7          1           0        3.219781    0.000000    0.225149
      8          1           0        3.219781    0.000000    1.301030
      9          1           0        4.293041    0.000000    0.300199
     10          1           0        4.293041    0.000000    1.376080
     11          1           0        5.366302    0.000000    0.375248
     12          1           0        5.366302    0.000000    1.451129
 ---------------------------------------------------------------------
                    Distance matrix (angstroms):
                    1          2          3          4          5
     1  H    0.000000
     2  H    1.075881   0.000000
     3  H    1.075881   1.467498   0.000000
     4  H    1.573699   1.075881   1.075881   0.000000
     5  H    2.151762   2.337653   1.075881   1.467498   0.000000
     6  H    2.471959   2.151762   1.573699   1.075881   1.075881
     7  H    3.227643   3.330275   2.151762   2.337653   1.075881
     8  H    3.472703   3.227643   2.471959   2.151762   1.573699
     9  H    4.303525   4.362555   3.227643   3.330275   2.151762
    10  H    4.508193   4.303525   3.472703   3.227643   2.471959
    11  H    5.379406   5.411846   4.303525   4.362555   3.227643
    12  H    5.559044   5.379406   4.508193   4.303525   3.472703
                    6          7          8          9         10
     6  H    0.000000
     7  H    1.467498   0.000000
     8  H    1.075881   1.075881   0.000000
     9  H    2.337653   1.075881   1.467498   0.000000
    10  H    2.151762   1.573699   1.075881   1.075881   0.000000
    11  H    3.330275   2.151762   2.337653   1.075881   1.467498
    12  H    3.227643   2.471959   2.151762   1.573699   1.075881
                   11         12
    11  H    0.000000
    12  H    1.075881   0.000000
 Stoichiometry    H12
 Framework group  C2H[SGH(H12)]
 Deg. of freedom    11
 Full point group                 C2H     NOp   4
 Largest Abelian subgroup         C2H     NOp   4
 Largest concise Abelian subgroup C2      NOp   2
                         Standard orientation:                         
 ---------------------------------------------------------------------
 Center     Atomic      Atomic             Coordinates (Angstroms)
 Number     Number       Type             X           Y           Z
 ---------------------------------------------------------------------
      1          1           0        2.360549    1.467498   -0.000000
      2          1           0        1.573699    2.201247   -0.000000
      3          1           0        1.573699    0.733749   -0.000000
      4          1           0        0.786850    1.467498   -0.000000
      5          1           0        0.786850    0.000000   -0.000000
      6          1           0        0.000000    0.733749    0.000000
      7          1           0       -0.000000   -0.733749    0.000000
      8          1           0       -0.786850    0.000000    0.000000
      9          1           0       -0.786850   -1.467498    0.000000
     10          1           0       -1.573699   -0.733749    0.000000
     11          1           0       -1.573699   -2.201247    0.000000
     12          1           0       -2.360549   -1.467498    0.000000
 ---------------------------------------------------------------------
 Rotational constants (GHZ):    145.1772659     12.3719300     11.4003944
 General basis read from cards:  (5D, 7F)
 There are     6 symmetry adapted cartesian basis functions of AG  symmetry.
 There are     0 symmetry adapted cartesian basis functions of BG  symmetry.
 There are     0 symmetry adapted cartesian basis functions of AU  symmetry.
 There are     6 symmetry adapted cartesian basis functions of BU  symmetry.
 There are     6 symmetry adapted basis functions of AG  symmetry.
 There are     0 symmetry adapted basis functions of BG  symmetry.
 There are     0 symmetry adapted basis functions of AU  symmetry.
 There are     6 symmetry adapted basis functions of BU  symmetry.
    12 basis functions,   120 primitive gaussians,    12 cartesian basis functions
     6 alpha electrons        6 beta electrons
       nuclear repulsion energy        18.3596581127 Hartrees.
 NAtoms=   12 NActive=   12 NUniq=    6 SFac= 4.00D+00 NAtFMM=   60 NAOKFM=F Big=F
 Integral buffers will be    131072 words long.
 Regular integral format.
 Two-electron integral symmetry is turned on.
 One-electron integrals computed using PRISM.
 NBasis=    12 RedAO= T EigKep=  1.16D-01  NBF=     6     0     0     6
 NBsUse=    12 1.00D-06 EigRej= -1.00D+00 NBFU=     6     0     0     6
 Initial guess from the checkpoint file:  "h12.chk"
 B after Tr=    -0.000000   -0.000000    0.000000
         Rot=    0.999973    0.000000    0.000000    0.007349 Ang=   0.84 deg.
 Initial guess orbital symmetries:
       Occupied  (AG) (BU) (AG) (BU) (BU) (AG)
       Virtual   (BU) (AG) (AG) (BU) (BU) (AG)
 Keep R1 ints in memory in symmetry-blocked form, NReq=900606.
 Requested convergence on RMS density matrix=1.00D-08 within 128 cycles.
 Requested convergence on MAX density matrix=1.00D-06.
 Requested convergence on             energy=1.00D-06.
 No special actions if energy rises.
 SCF Done:  E(RHF) =  -5.94102564283     A.U. after   10 cycles
            NFock= 10  Conv=0.33D-08     -V/T= 1.9810
 Range of M.O.s used for correlation:     1    12
 NBasis=    12 NAE=     6 NBE=     6 NFC=     0 NFV=     0
 NROrb=     12 NOA=     6 NOB=     6 NVA=     6 NVB=     6
 Semi-Direct transformation.
 ModeAB=           4 MOrb=             6 LenV=     134087559
 LASXX=         2181 LTotXX=        2181 LenRXX=        5115
 LTotAB=        2934 MaxLAS=        3024 LenRXY=           0
 NonZer=        7296 LenScr=      655360 LnRSAI=        3024
 LnScr1=      655360 LExtra=           0 Total=      1318859
 MaxDsk=          -1 SrtSym=           T ITran=            3
 JobTyp=0 Pass  1:  I=   1 to   6.
 (rs|ai) integrals will be sorted in core.
 Spin components of T(2) and E(2):
     alpha-alpha T2 =       0.8863265774D-02 E2=     -0.1129700826D-01
     alpha-beta  T2 =       0.7430252027D-01 E2=     -0.1038640964D+00
     beta-beta   T2 =       0.8863265774D-02 E2=     -0.1129700826D-01
 ANorm=    0.1045001939D+01
 E2 =    -0.1264581129D+00 EUMP2 =    -0.60674837557544D+01
 Second order stability test of a single determinant RHF wave function:
 Stabil:  MDV=134217728
 ***********************************************************************
 Matrix         Lowest Root    Major Pairs
 ***********************************************************************
 Internal RHF     0.1392615    Stable
 RRHF --> CRHF    0.1217347    Stable
 RRHF --> RUHF   -0.0592703    6A=8B 5A=7B 4A=10B 3A=9B 2A=11B 1A=12B
 Not stable.
 ***********************************************************************

 **********************************************************************

            Population analysis using the SCF density.

 **********************************************************************

 Orbital symmetries:
       Occupied  (AG) (BU) (AG) (BU) (BU) (AG)
       Virtual   (BU) (AG) (AG) (BU) (BU) (AG)
 The electronic state is 1-AG.
 Alpha  occ. eigenvalues --   -0.89011  -0.79781  -0.63579  -0.46732  -0.42789
 Alpha  occ. eigenvalues --   -0.34650
 Alpha virt. eigenvalues --    0.05016   0.07087   0.30249   0.41580   0.63285
 Alpha virt. eigenvalues --    0.95158
          Condensed to atoms (all electrons):
               1          2          3          4          5          6
     1  H    0.756437   0.170802   0.265135  -0.136828  -0.020383  -0.073199
     2  H    0.170802   0.760807  -0.129953   0.265255  -0.095348  -0.012730
     3  H    0.265135  -0.129953   0.928826  -0.283273   0.390468  -0.118216
     4  H   -0.136828   0.265255  -0.283273   1.008767  -0.127024   0.392218
     5  H   -0.020383  -0.095348   0.390468  -0.127024   0.967019   0.058885
     6  H   -0.073199  -0.012730  -0.118216   0.392218   0.058885   0.843586
     7  H    0.004588   0.004023  -0.020996  -0.032339   0.024582  -0.099709
     8  H    0.005858   0.004743  -0.022351  -0.036519  -0.110490   0.024582
     9  H   -0.000121   0.002363  -0.013307   0.005382  -0.036519  -0.032339
    10  H    0.001667  -0.000348   0.004812  -0.013307  -0.022351  -0.020996
    11  H   -0.000334  -0.000020  -0.000348   0.002363   0.004743   0.004023
    12  H   -0.000053  -0.000334   0.001667  -0.000121   0.005858   0.004588
               7          8          9         10         11         12
     1  H    0.004588   0.005858  -0.000121   0.001667  -0.000334  -0.000053
     2  H    0.004023   0.004743   0.002363  -0.000348  -0.000020  -0.000334
     3  H   -0.020996  -0.022351  -0.013307   0.004812  -0.000348   0.001667
     4  H   -0.032339  -0.036519   0.005382  -0.013307   0.002363  -0.000121
     5  H    0.024582  -0.110490  -0.036519  -0.022351   0.004743   0.005858
     6  H   -0.099709   0.024582  -0.032339  -0.020996   0.004023   0.004588
     7  H    0.843586   0.058885   0.392218  -0.118216  -0.012730  -0.073199
     8  H    0.058885   0.967019  -0.127024   0.390468  -0.095348  -0.020383
     9  H    0.392218  -0.127024   1.008767  -0.283273   0.265255  -0.136828
    10  H   -0.118216   0.390468  -0.283273   0.928826  -0.129953   0.265135
    11  H   -0.012730  -0.095348   0.265255  -0.129953   0.760807   0.170802
    12  H   -0.073199  -0.020383  -0.136828   0.265135   0.170802   0.756437
 Mulliken charges:
               1
     1  H    0.026431
     2  H    0.030740
     3  H   -0.002465
     4  H   -0.044574
     5  H   -0.039439
     6  H    0.029307
     7  H    0.029307
     8  H   -0.039439
     9  H   -0.044574
    10  H   -0.002465
    11  H    0.030740
    12  H    0.026431
 Sum of Mulliken charges =  -0.00000
 Mulliken charges with hydrogens summed into heavy atoms:
               1
 Electronic spatial extent (au):  <R**2>=            193.8003
 Charge=             -0.0000 electrons
 Dipole moment (field-independent basis, Debye):
    X=             -0.0000    Y=             -0.0000    Z=              0.0000  Tot=              0.0000
 Quadrupole moment (field-independent basis, Debye-Ang):
   XX=            -16.6545   YY=            -17.2120   ZZ=            -15.5290
   XY=              2.4603   XZ=             -0.0000   YZ=             -0.0000
 Traceless Quadrupole moment (field-independent basis, Debye-Ang):
   XX=             -0.1894   YY=             -0.7468   ZZ=              0.9362
   XY=              2.4603   XZ=             -0.0000   YZ=             -0.0000
 Octapole moment (field-independent basis, Debye-Ang**2):
  XXX=              0.0000  YYY=             -0.0000  ZZZ=             -0.0000  XYY=              0.0000
  XXY=             -0.0000  XXZ=             -0.0000  XZZ=              0.0000  YZZ=              0.0000
  YYZ=             -0.0000  XYZ=              0.0000
 Hexadecapole moment (field-independent basis, Debye-Ang**3):
 XXXX=           -214.9326 YYYY=           -193.9636 ZZZZ=            -18.6995 XXXY=            -65.7647
 XXXZ=              0.0000 YYYX=            -68.3346 YYYZ=              0.0000 ZZZX=              0.0000
 ZZZY=              0.0000 XXYY=            -59.2889 XXZZ=            -38.2646 YYZZ=            -34.3032
 XXYZ=              0.0000 YYXZ=              0.0000 ZZXY=            -23.8769
 N-N= 1.835965811267D+01 E-N=-4.752648172502D+01  KE= 6.055956713726D+00
 Symmetry AG   KE= 2.838122846134D+00
 Symmetry BG   KE= 0.000000000000D+00
 Symmetry AU   KE= 0.000000000000D+00
 Symmetry BU   KE= 3.217833867592D+00

 Test job not archived.
 1\1\GINC-SULU\Stability\RHF\Gen\H12\UNKNOWN\10-Feb-2017\0\\#rhf/gen sc
 f(symm,tight,novaracc,noincfock,fulldiag) stable(crhf) guess=read geom
 =nocrowd test\\hf stability analysis of h12 triangular lattice, y= 0.7
 8684966272995749 alpha= 47.000000000000000\\0,1\H\H,1,1.0758811287\H,1
 ,1.0758811287,2,86.\H,2,1.0758811287,1,94.,3,0.,0\H,3,1.0758811287,1,1
 80.,2,0.,0\H,4,1.0758811287,2,180.,1,0.,0\H,5,1.0758811287,3,180.,2,0.
 ,0\H,6,1.0758811287,4,180.,1,0.,0\H,7,1.0758811287,5,180.,2,0.,0\H,8,1
 .0758811287,6,180.,1,0.,0\H,9,1.0758811287,5,180.,2,0.,0\H,10,1.075881
 1287,6,180.,1,0.,0\\Version=ES64L-G09RevE.01\State=1-AG\HF=-5.9410256\
 MP2=-6.0674838\RMSD=3.317e-09\Dipole=0.,0.,0.\Quadrupole=1.4622536,0.6
 960402,-2.1582938,0.,0.3343203,0.\PG=C02H [SGH(H12)]\\@


 THE TEST OF A FIRST RATE INTELLIGENCE IS THE ABILITY TO HOLD TWO OPPOSED
 IDEAS IN THE MIND AT THE SAME TIME, AND STILL RETAIN THE ABILITY TO FUNCTION.
 ONE SHOULD, FOR EXAMPLE, BE ABLE TO SEE THAT THINGS ARE HOPELESS AND YET BE
 DETERMINED TO MAKE THEM OTHERWISE.

                                                       -- F. SCOTT FITZGERALD
 Job cpu time:       0 days  0 hours  0 minutes  1.0 seconds.
 File lengths (MBytes):  RWF=     84 Int=      0 D2E=      0 Chk=      2 Scr=      2
 Normal termination of Gaussian 09 at Fri Feb 10 12:37:39 2017.
