 Entering Gaussian System, Link 0=g09
 AtFile(1): H.gbs
            H     0
            S   10   1.00
               1000.000000000000            0.000068713567
                316.227766000000            0.000169141320
                100.000000000000            0.000823394812
                 31.622776600000            0.003425569236
                 10.000000000000            0.013951996000
                  3.162277660000            0.056909313560
                  1.000000000000            0.198286399900
                  0.316227766000            0.496922426700
                  0.100000000000            0.369846276400
                  0.031622776600            0.003752720039
            ****
 Initial command:
 /projects/guscus/apps/gau/g09-e1/g09/l1.exe "/users/lcj1/gaussian/h12/rhfstability/2rows/d2hguess/fwd/Gau-29190.inp" -scrdir="/users/lcj1/gaussian/h12/rhfstability/2rows/d2hguess/fwd/"
 Entering Link 1 = /projects/guscus/apps/gau/g09-e1/g09/l1.exe PID=     29191.
  
 Copyright (c) 1988,1990,1992,1993,1995,1998,2003,2009,2015,
            Gaussian, Inc.  All Rights Reserved.
  
 This is part of the Gaussian(R) 09 program.  It is based on
 the Gaussian(R) 03 system (copyright 2003, Gaussian, Inc.),
 the Gaussian(R) 98 system (copyright 1998, Gaussian, Inc.),
 the Gaussian(R) 94 system (copyright 1995, Gaussian, Inc.),
 the Gaussian 92(TM) system (copyright 1992, Gaussian, Inc.),
 the Gaussian 90(TM) system (copyright 1990, Gaussian, Inc.),
 the Gaussian 88(TM) system (copyright 1988, Gaussian, Inc.),
 the Gaussian 86(TM) system (copyright 1986, Carnegie Mellon
 University), and the Gaussian 82(TM) system (copyright 1983,
 Carnegie Mellon University). Gaussian is a federally registered
 trademark of Gaussian, Inc.
  
 This software contains proprietary and confidential information,
 including trade secrets, belonging to Gaussian, Inc.
  
 This software is provided under written license and may be
 used, copied, transmitted, or stored only in accord with that
 written license.
  
 The following legend is applicable only to US Government
 contracts under FAR:
  
                    RESTRICTED RIGHTS LEGEND
  
 Use, reproduction and disclosure by the US Government is
 subject to restrictions as set forth in subparagraphs (a)
 and (c) of the Commercial Computer Software - Restricted
 Rights clause in FAR 52.227-19.
  
 Gaussian, Inc.
 340 Quinnipiac St., Bldg. 40, Wallingford CT 06492
  
  
 ---------------------------------------------------------------
 Warning -- This program may not be used in any manner that
 competes with the business of Gaussian, Inc. or will provide
 assistance to any competitor of Gaussian, Inc.  The licensee
 of this program is prohibited from giving any competitor of
 Gaussian, Inc. access to this program.  By using this program,
 the user acknowledges that Gaussian, Inc. is engaged in the
 business of creating and licensing software in the field of
 computational chemistry and represents and warrants to the
 licensee that it is not a competitor of Gaussian, Inc. and that
 it will not use this program in any manner prohibited above.
 ---------------------------------------------------------------
  

 Cite this work as:
 Gaussian 09, Revision E.01,
 M. J. Frisch, G. W. Trucks, H. B. Schlegel, G. E. Scuseria, 
 M. A. Robb, J. R. Cheeseman, G. Scalmani, V. Barone, B. Mennucci, 
 G. A. Petersson, H. Nakatsuji, M. Caricato, X. Li, H. P. Hratchian, 
 A. F. Izmaylov, J. Bloino, G. Zheng, J. L. Sonnenberg, M. Hada, 
 M. Ehara, K. Toyota, R. Fukuda, J. Hasegawa, M. Ishida, T. Nakajima, 
 Y. Honda, O. Kitao, H. Nakai, T. Vreven, J. A. Montgomery, Jr., 
 J. E. Peralta, F. Ogliaro, M. Bearpark, J. J. Heyd, E. Brothers, 
 K. N. Kudin, V. N. Staroverov, T. Keith, R. Kobayashi, J. Normand, 
 K. Raghavachari, A. Rendell, J. C. Burant, S. S. Iyengar, J. Tomasi, 
 M. Cossi, N. Rega, J. M. Millam, M. Klene, J. E. Knox, J. B. Cross, 
 V. Bakken, C. Adamo, J. Jaramillo, R. Gomperts, R. E. Stratmann, 
 O. Yazyev, A. J. Austin, R. Cammi, C. Pomelli, J. W. Ochterski, 
 R. L. Martin, K. Morokuma, V. G. Zakrzewski, G. A. Voth, 
 P. Salvador, J. J. Dannenberg, S. Dapprich, A. D. Daniels, 
 O. Farkas, J. B. Foresman, J. V. Ortiz, J. Cioslowski, 
 and D. J. Fox, Gaussian, Inc., Wallingford CT, 2013.
 
 ******************************************
 Gaussian 09:  ES64L-G09RevE.01 30-Nov-2015
                10-Feb-2017 
 ******************************************
 %chk=h12.chk
 ----------------------------------------------------------------------
 #rhf/gen scf(symm,tight,novaracc,noincfock,fulldiag) stable(crhf) gues
 s=read geom=nocrowd test
 ----------------------------------------------------------------------
 1/38=1/1;
 2/12=1,17=6,18=5,40=1/2;
 3/5=7,16=1,25=1,30=1,116=1/1,2,3;
 4/5=1,9=4/1;
 5/5=100002,15=2,16=1,32=2,38=6/2;
 8/6=1,10=90,11=11/1,4;
 9/8=4,13=1/2;
 6/7=2,8=2,9=2,10=2,28=1/1;
 99/5=1,9=1/99;
 ----------------------------------------------------------------------
 hf stability analysis of h12 triangular lattice, y= 1.0879998015825072
  alpha= 64.000000000000000
 ----------------------------------------------------------------------
 Symbolic Z-matrix:
 Charge =  0 Multiplicity = 1
 H
 H                    1     1.21051 
 H                    1     1.21051  2     52. 
 H                    2     1.21051  1     128.     3     0.       0
 H                    3     1.21051  1     180.     2     0.       0
 H                    4     1.21051  2     180.     1     0.       0
 H                    5     1.21051  3     180.     2     0.       0
 H                    6     1.21051  4     180.     1     0.       0
 H                    7     1.21051  5     180.     2     0.       0
 H                    8     1.21051  6     180.     1     0.       0
 H                    9     1.21051  5     180.     2     0.       0
 H                    10    1.21051  6     180.     1     0.       0
 
                          Input orientation:                          
 ---------------------------------------------------------------------
 Center     Atomic      Atomic             Coordinates (Angstroms)
 Number     Number       Type             X           Y           Z
 ---------------------------------------------------------------------
      1          1           0        0.000000    0.000000    0.000000
      2          1           0        0.000000    0.000000    1.210511
      3          1           0        0.953895    0.000000    0.745265
      4          1           0        0.953895    0.000000    1.955775
      5          1           0        1.907791    0.000000    1.490530
      6          1           0        1.907791    0.000000    2.701040
      7          1           0        2.861686    0.000000    2.235794
      8          1           0        2.861686    0.000000    3.446305
      9          1           0        3.815582    0.000000    2.981059
     10          1           0        3.815582    0.000000    4.191570
     11          1           0        4.769477    0.000000    3.726324
     12          1           0        4.769477    0.000000    4.936835
 ---------------------------------------------------------------------
                    Distance matrix (angstroms):
                    1          2          3          4          5
     1  H    0.000000
     2  H    1.210511   0.000000
     3  H    1.210511   1.061306   0.000000
     4  H    2.176000   1.210511   1.210511   0.000000
     5  H    2.421021   1.928231   1.210511   1.061306   0.000000
     6  H    3.306854   2.421021   2.176000   1.210511   1.210511
     7  H    3.631532   3.039812   2.421021   1.928231   1.210511
     8  H    4.479539   3.631532   3.306854   2.421021   2.176000
     9  H    4.842043   4.206365   3.631532   3.039812   2.421021
    10  H    5.668150   4.842043   4.479539   3.631532   3.306854
    11  H    6.052553   5.392331   4.842043   4.206365   3.631532
    12  H    6.864419   6.052553   5.668150   4.842043   4.479539
                    6          7          8          9         10
     6  H    0.000000
     7  H    1.061306   0.000000
     8  H    1.210511   1.210511   0.000000
     9  H    1.928231   1.210511   1.061306   0.000000
    10  H    2.421021   2.176000   1.210511   1.210511   0.000000
    11  H    3.039812   2.421021   1.928231   1.210511   1.061306
    12  H    3.631532   3.306854   2.421021   2.176000   1.210511
                   11         12
    11  H    0.000000
    12  H    1.210511   0.000000
 Stoichiometry    H12
 Framework group  C2H[SGH(H12)]
 Deg. of freedom    11
 Full point group                 C2H     NOp   4
 Largest Abelian subgroup         C2H     NOp   4
 Largest concise Abelian subgroup C2      NOp   2
                         Standard orientation:                         
 ---------------------------------------------------------------------
 Center     Atomic      Atomic             Coordinates (Angstroms)
 Number     Number       Type             X           Y           Z
 ---------------------------------------------------------------------
      1          1           0        3.263999    1.061306   -0.000000
      2          1           0        2.176000    1.591959   -0.000000
      3          1           0        2.176000    0.530653   -0.000000
      4          1           0        1.088000    1.061306   -0.000000
      5          1           0        1.088000    0.000000   -0.000000
      6          1           0        0.000000    0.530653    0.000000
      7          1           0       -0.000000   -0.530653    0.000000
      8          1           0       -1.088000    0.000000   -0.000000
      9          1           0       -1.088000   -1.061306   -0.000000
     10          1           0       -2.176000   -0.530653   -0.000000
     11          1           0       -2.176000   -1.591959   -0.000000
     12          1           0       -3.263999   -1.061306   -0.000000
 ---------------------------------------------------------------------
 Rotational constants (GHZ):    189.9920926      9.4536714      9.0055701
 General basis read from cards:  (5D, 7F)
 There are     6 symmetry adapted cartesian basis functions of AG  symmetry.
 There are     0 symmetry adapted cartesian basis functions of BG  symmetry.
 There are     0 symmetry adapted cartesian basis functions of AU  symmetry.
 There are     6 symmetry adapted cartesian basis functions of BU  symmetry.
 There are     6 symmetry adapted basis functions of AG  symmetry.
 There are     0 symmetry adapted basis functions of BG  symmetry.
 There are     0 symmetry adapted basis functions of AU  symmetry.
 There are     6 symmetry adapted basis functions of BU  symmetry.
    12 basis functions,   120 primitive gaussians,    12 cartesian basis functions
     6 alpha electrons        6 beta electrons
       nuclear repulsion energy        17.1663847930 Hartrees.
 NAtoms=   12 NActive=   12 NUniq=    6 SFac= 4.00D+00 NAtFMM=   60 NAOKFM=F Big=F
 Integral buffers will be    131072 words long.
 Regular integral format.
 Two-electron integral symmetry is turned on.
 One-electron integrals computed using PRISM.
 NBasis=    12 RedAO= T EigKep=  1.82D-01  NBF=     6     0     0     6
 NBsUse=    12 1.00D-06 EigRej= -1.00D+00 NBFU=     6     0     0     6
 Initial guess from the checkpoint file:  "h12.chk"
 B after Tr=    -0.000000   -0.000000   -0.000000
         Rot=    0.999973   -0.000000   -0.000000    0.007349 Ang=   0.84 deg.
 Initial guess orbital symmetries:
       Occupied  (AG) (BU) (AG) (BU) (BU) (AG)
       Virtual   (AG) (BU) (BU) (AG) (AG) (BU)
 Keep R1 ints in memory in symmetry-blocked form, NReq=899192.
 Requested convergence on RMS density matrix=1.00D-08 within 128 cycles.
 Requested convergence on MAX density matrix=1.00D-06.
 Requested convergence on             energy=1.00D-06.
 No special actions if energy rises.
 SCF Done:  E(RHF) =  -5.79008360397     A.U. after   12 cycles
            NFock= 12  Conv=0.21D-08     -V/T= 1.9561
 Range of M.O.s used for correlation:     1    12
 NBasis=    12 NAE=     6 NBE=     6 NFC=     0 NFV=     0
 NROrb=     12 NOA=     6 NOB=     6 NVA=     6 NVB=     6
 Semi-Direct transformation.
 ModeAB=           4 MOrb=             6 LenV=     134088791
 LASXX=         2181 LTotXX=        2181 LenRXX=        5115
 LTotAB=        2934 MaxLAS=        3024 LenRXY=           0
 NonZer=        7296 LenScr=      655360 LnRSAI=        3024
 LnScr1=      655360 LExtra=           0 Total=      1318859
 MaxDsk=          -1 SrtSym=           T ITran=            3
 JobTyp=0 Pass  1:  I=   1 to   6.
 (rs|ai) integrals will be sorted in core.
 Spin components of T(2) and E(2):
     alpha-alpha T2 =       0.7233586744D-02 E2=     -0.8851128441D-02
     alpha-beta  T2 =       0.1028174985D+00 E2=     -0.1228969033D+00
     beta-beta   T2 =       0.7233586744D-02 E2=     -0.8851128441D-02
 ANorm=    0.1057016874D+01
 E2 =    -0.1405991601D+00 EUMP2 =    -0.59306827641055D+01
 Second order stability test of a single determinant RHF wave function:
 Stabil:  MDV=134217728
 ***********************************************************************
 Matrix         Lowest Root    Major Pairs
 ***********************************************************************
 Internal RHF     0.0619529    Stable
 RRHF --> CRHF    0.0267597    Stable

 RRHF --> RUHF   -0.0894788    5A=7B 6A=8B 4A=7B 5A=11B 3A=8B 5A=10B 4A=10B 1A=12
 B
 Not stable.
 ***********************************************************************

 **********************************************************************

            Population analysis using the SCF density.

 **********************************************************************

 Orbital symmetries:
       Occupied  (AG) (BU) (AG) (BU) (BU) (AG)
       Virtual   (AG) (BU) (BU) (AG) (AG) (BU)
 The electronic state is 1-AG.
 Alpha  occ. eigenvalues --   -0.84787  -0.77960  -0.65227  -0.46396  -0.31958
 Alpha  occ. eigenvalues --   -0.26671
 Alpha virt. eigenvalues --    0.00733   0.09769   0.24774   0.31492   0.48909
 Alpha virt. eigenvalues --    0.61571
          Condensed to atoms (all electrons):
               1          2          3          4          5          6
     1  H    1.069010  -0.000512   0.235057  -0.172796  -0.012113   0.001501
     2  H   -0.000512   0.627975   0.099536   0.262496  -0.124410  -0.004668
     3  H    0.235057   0.099536   0.505511  -0.105306   0.102179  -0.045214
     4  H   -0.172796   0.262496  -0.105306   1.440556  -0.079669   0.044180
     5  H   -0.012113  -0.124410   0.102179  -0.079669   1.104746  -0.061762
     6  H    0.001501  -0.004668  -0.045214   0.044180  -0.061762   0.799566
     7  H    0.009289  -0.027071   0.021699  -0.172244   0.310663   0.021517
     8  H    0.001334   0.007307  -0.008615  -0.004590  -0.138013   0.310663
     9  H   -0.000940   0.001646   0.002829   0.009486  -0.004590  -0.172244
    10  H    0.000004   0.000331  -0.000400   0.002829  -0.008615   0.021699
    11  H   -0.000096  -0.000070   0.000331   0.001646   0.007307  -0.027071
    12  H    0.000027  -0.000096   0.000004  -0.000940   0.001334   0.009289
               7          8          9         10         11         12
     1  H    0.009289   0.001334  -0.000940   0.000004  -0.000096   0.000027
     2  H   -0.027071   0.007307   0.001646   0.000331  -0.000070  -0.000096
     3  H    0.021699  -0.008615   0.002829  -0.000400   0.000331   0.000004
     4  H   -0.172244  -0.004590   0.009486   0.002829   0.001646  -0.000940
     5  H    0.310663  -0.138013  -0.004590  -0.008615   0.007307   0.001334
     6  H    0.021517   0.310663  -0.172244   0.021699  -0.027071   0.009289
     7  H    0.799566  -0.061762   0.044180  -0.045214  -0.004668   0.001501
     8  H   -0.061762   1.104746  -0.079669   0.102179  -0.124410  -0.012113
     9  H    0.044180  -0.079669   1.440556  -0.105306   0.262496  -0.172796
    10  H   -0.045214   0.102179  -0.105306   0.505511   0.099536   0.235057
    11  H   -0.004668  -0.124410   0.262496   0.099536   0.627975  -0.000512
    12  H    0.001501  -0.012113  -0.172796   0.235057  -0.000512   1.069010
 Mulliken charges:
               1
     1  H   -0.129766
     2  H    0.157536
     3  H    0.192389
     4  H   -0.225647
     5  H   -0.097057
     6  H    0.102545
     7  H    0.102545
     8  H   -0.097057
     9  H   -0.225647
    10  H    0.192389
    11  H    0.157536
    12  H   -0.129766
 Sum of Mulliken charges =  -0.00000
 Mulliken charges with hydrogens summed into heavy atoms:
               1
 Electronic spatial extent (au):  <R**2>=            237.5189
 Charge=             -0.0000 electrons
 Dipole moment (field-independent basis, Debye):
    X=              0.0000    Y=             -0.0000    Z=              0.0000  Tot=              0.0000
 Quadrupole moment (field-independent basis, Debye-Ang):
   XX=            -19.4596   YY=            -16.9234   ZZ=            -15.6324
   XY=              1.0732   XZ=             -0.0000   YZ=              0.0000
 Traceless Quadrupole moment (field-independent basis, Debye-Ang):
   XX=             -2.1211   YY=              0.4151   ZZ=              1.7060
   XY=              1.0732   XZ=             -0.0000   YZ=              0.0000
 Octapole moment (field-independent basis, Debye-Ang**2):
  XXX=              0.0000  YYY=              0.0000  ZZZ=              0.0000  XYY=              0.0000
  XXY=             -0.0000  XXZ=              0.0000  XZZ=              0.0000  YZZ=              0.0000
  YYZ=              0.0000  XYZ=              0.0000
 Hexadecapole moment (field-independent basis, Debye-Ang**3):
 XXXX=           -501.8411 YYYY=           -104.1118 ZZZZ=            -18.9485 XXXY=            -87.3963
 XXXZ=             -0.0000 YYYX=            -65.8180 YYYZ=              0.0000 ZZZX=             -0.0000
 ZZZY=              0.0000 XXYY=            -77.0301 XXZZ=            -68.0009 YYZZ=            -21.0944
 XXYZ=             -0.0000 YYXZ=             -0.0000 ZZXY=            -24.2013
 N-N= 1.716638479302D+01 E-N=-4.530917453308D+01  KE= 6.056225746982D+00
 Symmetry AG   KE= 2.870405423381D+00
 Symmetry BG   KE= 0.000000000000D+00
 Symmetry AU   KE= 0.000000000000D+00
 Symmetry BU   KE= 3.185820323601D+00

 Test job not archived.
 1\1\GINC-SULU\Stability\RHF\Gen\H12\LCJ1\10-Feb-2017\0\\#rhf/gen scf(s
 ymm,tight,novaracc,noincfock,fulldiag) stable(crhf) guess=read geom=no
 crowd test\\hf stability analysis of h12 triangular lattice, y= 1.0879
 998015825072 alpha= 64.000000000000000\\0,1\H\H,1,1.2105106721\H,1,1.2
 105106721,2,52.\H,2,1.2105106721,1,128.,3,0.,0\H,3,1.2105106721,1,180.
 ,2,0.,0\H,4,1.2105106721,2,180.,1,0.,0\H,5,1.2105106721,3,180.,2,0.,0\
 H,6,1.2105106721,4,180.,1,0.,0\H,7,1.2105106721,5,180.,2,0.,0\H,8,1.21
 05106721,6,180.,1,0.,0\H,9,1.2105106721,5,180.,2,0.,0\H,10,1.210510672
 1,6,180.,1,0.,0\\Version=ES64L-G09RevE.01\State=1-AG\HF=-5.7900836\MP2
 =-5.9306828\RMSD=2.101e-09\Dipole=0.,0.,0.\Quadrupole=0.5750093,1.2683
 963,-1.8434056,0.,-0.2516928,0.\PG=C02H [SGH(H12)]\\@


 A ROPE OVER THE TOP OF A FENCE HAS THE SAME LENGTH ON EACH SIDE.
 WEIGHS 1/3 POUND PER FOOT.  ON ONE END HANGS A MONKEY HOLDING A
 BANANA, AND ON THE OTHER END A WEIGHT EQUAL TO THE WEIGHT
 OF THE MONKEY.  THE BANANA WEIGHS TWO OUNCES PER INCH.
 THE ROPE IS AS LONG AS THE AGE OF THE MONKEY, 
 AND THE WEIGHT OF THE MONKEY (IN OUNCES) IS AS MUCH
 AS THE AGE OF THE MONKEY'S MOTHER.  THE COMBINED AGES OF MONKEY
 AND MOTHER ARE THIRTY YEARS.  HALF THE WEIGHT OF THE MONKEY,
  PLUS THE WEIGHT OF THE BANANA, IS ONE FOURTH AS MUCH AS THE WEIGHT
 OF THE WEIGHT AND THE ROPE.
 THE MONKEY'S MOTHER IS HALF AS OLD AS THE MONKEY WILL BE
 WHEN IT IS 3 TIMES AS OLD AS ITS MOTHER WAS WHEN
 SHE WAS HALF AS OLD AS THE MONKEY WILL BE WHEN IT IS
 AS OLD AS ITS MOTHER WILL BE WHEN SHE IS 4 TIMES AS
 OLD AS THE MONKEY WAS WHEN IT WAS TWICE AS OLD AS 
 ITS MOTHER WAS WHEN SHE WAS ONE THIRD AS OLD AS THE
 MONKEY WAS WHEN IT WAS AS OLD AS ITS MOTHER WAS WHEN 
 SHE WAS 3 TIMES AS OLD AS THE MONKEY WAS WHEN IT WAS AS OLD AS ITS
 MOTHER WAS WHEN SHE WAS 3 TIMES AS OLD AS THE MONKEY 
 WAS WHEN IT WAS ONE FOURTH WAS OLD AS IT IS NOW.

 HOW LONG IS THE BANANA?
 Job cpu time:       0 days  0 hours  0 minutes  0.9 seconds.
 File lengths (MBytes):  RWF=     84 Int=      0 D2E=      0 Chk=      2 Scr=      2
 Normal termination of Gaussian 09 at Fri Feb 10 12:38:19 2017.
