 Entering Gaussian System, Link 0=g09
 AtFile(1): H.gbs
            H     0
            S   10   1.00
               1000.000000000000            0.000068713567
                316.227766000000            0.000169141320
                100.000000000000            0.000823394812
                 31.622776600000            0.003425569236
                 10.000000000000            0.013951996000
                  3.162277660000            0.056909313560
                  1.000000000000            0.198286399900
                  0.316227766000            0.496922426700
                  0.100000000000            0.369846276400
                  0.031622776600            0.003752720039
            ****
 Initial command:
 /projects/guscus/apps/gau/g09-e1/g09/l1.exe "/users/lcj1/gaussian/h12/rhfstability/2rows/d2hguess/fwd/Gau-29310.inp" -scrdir="/users/lcj1/gaussian/h12/rhfstability/2rows/d2hguess/fwd/"
 Entering Link 1 = /projects/guscus/apps/gau/g09-e1/g09/l1.exe PID=     29311.
  
 Copyright (c) 1988,1990,1992,1993,1995,1998,2003,2009,2015,
            Gaussian, Inc.  All Rights Reserved.
  
 This is part of the Gaussian(R) 09 program.  It is based on
 the Gaussian(R) 03 system (copyright 2003, Gaussian, Inc.),
 the Gaussian(R) 98 system (copyright 1998, Gaussian, Inc.),
 the Gaussian(R) 94 system (copyright 1995, Gaussian, Inc.),
 the Gaussian 92(TM) system (copyright 1992, Gaussian, Inc.),
 the Gaussian 90(TM) system (copyright 1990, Gaussian, Inc.),
 the Gaussian 88(TM) system (copyright 1988, Gaussian, Inc.),
 the Gaussian 86(TM) system (copyright 1986, Carnegie Mellon
 University), and the Gaussian 82(TM) system (copyright 1983,
 Carnegie Mellon University). Gaussian is a federally registered
 trademark of Gaussian, Inc.
  
 This software contains proprietary and confidential information,
 including trade secrets, belonging to Gaussian, Inc.
  
 This software is provided under written license and may be
 used, copied, transmitted, or stored only in accord with that
 written license.
  
 The following legend is applicable only to US Government
 contracts under FAR:
  
                    RESTRICTED RIGHTS LEGEND
  
 Use, reproduction and disclosure by the US Government is
 subject to restrictions as set forth in subparagraphs (a)
 and (c) of the Commercial Computer Software - Restricted
 Rights clause in FAR 52.227-19.
  
 Gaussian, Inc.
 340 Quinnipiac St., Bldg. 40, Wallingford CT 06492
  
  
 ---------------------------------------------------------------
 Warning -- This program may not be used in any manner that
 competes with the business of Gaussian, Inc. or will provide
 assistance to any competitor of Gaussian, Inc.  The licensee
 of this program is prohibited from giving any competitor of
 Gaussian, Inc. access to this program.  By using this program,
 the user acknowledges that Gaussian, Inc. is engaged in the
 business of creating and licensing software in the field of
 computational chemistry and represents and warrants to the
 licensee that it is not a competitor of Gaussian, Inc. and that
 it will not use this program in any manner prohibited above.
 ---------------------------------------------------------------
  

 Cite this work as:
 Gaussian 09, Revision E.01,
 M. J. Frisch, G. W. Trucks, H. B. Schlegel, G. E. Scuseria, 
 M. A. Robb, J. R. Cheeseman, G. Scalmani, V. Barone, B. Mennucci, 
 G. A. Petersson, H. Nakatsuji, M. Caricato, X. Li, H. P. Hratchian, 
 A. F. Izmaylov, J. Bloino, G. Zheng, J. L. Sonnenberg, M. Hada, 
 M. Ehara, K. Toyota, R. Fukuda, J. Hasegawa, M. Ishida, T. Nakajima, 
 Y. Honda, O. Kitao, H. Nakai, T. Vreven, J. A. Montgomery, Jr., 
 J. E. Peralta, F. Ogliaro, M. Bearpark, J. J. Heyd, E. Brothers, 
 K. N. Kudin, V. N. Staroverov, T. Keith, R. Kobayashi, J. Normand, 
 K. Raghavachari, A. Rendell, J. C. Burant, S. S. Iyengar, J. Tomasi, 
 M. Cossi, N. Rega, J. M. Millam, M. Klene, J. E. Knox, J. B. Cross, 
 V. Bakken, C. Adamo, J. Jaramillo, R. Gomperts, R. E. Stratmann, 
 O. Yazyev, A. J. Austin, R. Cammi, C. Pomelli, J. W. Ochterski, 
 R. L. Martin, K. Morokuma, V. G. Zakrzewski, G. A. Voth, 
 P. Salvador, J. J. Dannenberg, S. Dapprich, A. D. Daniels, 
 O. Farkas, J. B. Foresman, J. V. Ortiz, J. Cioslowski, 
 and D. J. Fox, Gaussian, Inc., Wallingford CT, 2013.
 
 ******************************************
 Gaussian 09:  ES64L-G09RevE.01 30-Nov-2015
                10-Feb-2017 
 ******************************************
 %chk=h12.chk
 ----------------------------------------------------------------------
 #rhf/gen scf(symm,tight,novaracc,noincfock,fulldiag) stable(crhf) gues
 s=read geom=nocrowd test
 ----------------------------------------------------------------------
 1/38=1/1;
 2/12=1,17=6,18=5,40=1/2;
 3/5=7,16=1,25=1,30=1,116=1/1,2,3;
 4/5=1,9=4/1;
 5/5=100002,15=2,16=1,32=2,38=6/2;
 8/6=1,10=90,11=11/1,4;
 9/8=4,13=1/2;
 6/7=2,8=2,9=2,10=2,28=1/1;
 99/5=1,9=1/99;
 ----------------------------------------------------------------------
 hf stability analysis of h12 triangular lattice, y= 1.1662555983306084
  alpha= 67.000000000000000
 ----------------------------------------------------------------------
 Symbolic Z-matrix:
 Charge =  0 Multiplicity = 1
 H
 H                    1     1.26697 
 H                    1     1.26697  2     46. 
 H                    2     1.26697  1     134.     3     0.       0
 H                    3     1.26697  1     180.     2     0.       0
 H                    4     1.26697  2     180.     1     0.       0
 H                    5     1.26697  3     180.     2     0.       0
 H                    6     1.26697  4     180.     1     0.       0
 H                    7     1.26697  5     180.     2     0.       0
 H                    8     1.26697  6     180.     1     0.       0
 H                    9     1.26697  5     180.     2     0.       0
 H                    10    1.26697  6     180.     1     0.       0
 
                          Input orientation:                          
 ---------------------------------------------------------------------
 Center     Atomic      Atomic             Coordinates (Angstroms)
 Number     Number       Type             X           Y           Z
 ---------------------------------------------------------------------
      1          1           0        0.000000    0.000000    0.000000
      2          1           0        0.000000    0.000000    1.266974
      3          1           0        0.911385    0.000000    0.880114
      4          1           0        0.911385    0.000000    2.147088
      5          1           0        1.822769    0.000000    1.760228
      6          1           0        1.822769    0.000000    3.027202
      7          1           0        2.734154    0.000000    2.640342
      8          1           0        2.734154    0.000000    3.907316
      9          1           0        3.645539    0.000000    3.520456
     10          1           0        3.645539    0.000000    4.787430
     11          1           0        4.556924    0.000000    4.400570
     12          1           0        4.556924    0.000000    5.667544
 ---------------------------------------------------------------------
                    Distance matrix (angstroms):
                    1          2          3          4          5
     1  H    0.000000
     2  H    1.266974   0.000000
     3  H    1.266974   0.990092   0.000000
     4  H    2.332511   1.266974   1.266974   0.000000
     5  H    2.533948   1.888329   1.266974   0.990092   0.000000
     6  H    3.533616   2.533948   2.332511   1.266974   1.266974
     7  H    3.800922   3.059696   2.533948   1.888329   1.266974
     8  H    4.768932   3.800922   3.533616   2.533948   2.332511
     9  H    5.067895   4.285806   3.800922   3.059696   2.533948
    10  H    6.017428   5.067895   4.768932   3.800922   3.533616
    11  H    6.334869   5.530369   5.067895   4.285806   3.800922
    12  H    7.272318   6.334869   6.017428   5.067895   4.768932
                    6          7          8          9         10
     6  H    0.000000
     7  H    0.990092   0.000000
     8  H    1.266974   1.266974   0.000000
     9  H    1.888329   1.266974   0.990092   0.000000
    10  H    2.533948   2.332511   1.266974   1.266974   0.000000
    11  H    3.059696   2.533948   1.888329   1.266974   0.990092
    12  H    3.800922   3.533616   2.533948   2.332511   1.266974
                   11         12
    11  H    0.000000
    12  H    1.266974   0.000000
 Stoichiometry    H12
 Framework group  C2H[SGH(H12)]
 Deg. of freedom    11
 Full point group                 C2H     NOp   4
 Largest Abelian subgroup         C2H     NOp   4
 Largest concise Abelian subgroup C2      NOp   2
                         Standard orientation:                         
 ---------------------------------------------------------------------
 Center     Atomic      Atomic             Coordinates (Angstroms)
 Number     Number       Type             X           Y           Z
 ---------------------------------------------------------------------
      1          1           0        3.498767    0.990092    0.000000
      2          1           0        2.332511    1.485138    0.000000
      3          1           0        2.332511    0.495046    0.000000
      4          1           0        1.166256    0.990092    0.000000
      5          1           0        1.166256    0.000000    0.000000
      6          1           0        0.000000    0.495046   -0.000000
      7          1           0       -0.000000   -0.495046    0.000000
      8          1           0       -1.166256    0.000000    0.000000
      9          1           0       -1.166256   -0.990092    0.000000
     10          1           0       -2.332511   -0.495046    0.000000
     11          1           0       -2.332511   -1.485138    0.000000
     12          1           0       -3.498767   -0.990092    0.000000
 ---------------------------------------------------------------------
 Rotational constants (GHZ):    209.9297975      8.5558257      8.2207824
 General basis read from cards:  (5D, 7F)
 There are     6 symmetry adapted cartesian basis functions of AG  symmetry.
 There are     0 symmetry adapted cartesian basis functions of BG  symmetry.
 There are     0 symmetry adapted cartesian basis functions of AU  symmetry.
 There are     6 symmetry adapted cartesian basis functions of BU  symmetry.
 There are     6 symmetry adapted basis functions of AG  symmetry.
 There are     0 symmetry adapted basis functions of BG  symmetry.
 There are     0 symmetry adapted basis functions of AU  symmetry.
 There are     6 symmetry adapted basis functions of BU  symmetry.
    12 basis functions,   120 primitive gaussians,    12 cartesian basis functions
     6 alpha electrons        6 beta electrons
       nuclear repulsion energy        16.7431800344 Hartrees.
 NAtoms=   12 NActive=   12 NUniq=    6 SFac= 4.00D+00 NAtFMM=   60 NAOKFM=F Big=F
 Integral buffers will be    131072 words long.
 Regular integral format.
 Two-electron integral symmetry is turned on.
 One-electron integrals computed using PRISM.
 NBasis=    12 RedAO= T EigKep=  1.81D-01  NBF=     6     0     0     6
 NBsUse=    12 1.00D-06 EigRej= -1.00D+00 NBFU=     6     0     0     6
 Initial guess from the checkpoint file:  "h12.chk"
 B after Tr=     0.000000    0.000000   -0.000000
         Rot=    0.999973   -0.000000    0.000000    0.007349 Ang=   0.84 deg.
 Initial guess orbital symmetries:
       Occupied  (AG) (BU) (AG) (BU) (BU) (AG)
       Virtual   (AG) (BU) (BU) (AG) (AG) (BU)
 Keep R1 ints in memory in symmetry-blocked form, NReq=898562.
 Requested convergence on RMS density matrix=1.00D-08 within 128 cycles.
 Requested convergence on MAX density matrix=1.00D-06.
 Requested convergence on             energy=1.00D-06.
 No special actions if energy rises.
 SCF Done:  E(RHF) =  -5.75888271583     A.U. after   12 cycles
            NFock= 12  Conv=0.21D-08     -V/T= 1.9505
 Range of M.O.s used for correlation:     1    12
 NBasis=    12 NAE=     6 NBE=     6 NFC=     0 NFV=     0
 NROrb=     12 NOA=     6 NOB=     6 NVA=     6 NVB=     6
 Semi-Direct transformation.
 ModeAB=           4 MOrb=             6 LenV=     134090135
 LASXX=         2181 LTotXX=        2181 LenRXX=        5115
 LTotAB=        2934 MaxLAS=        3024 LenRXY=           0
 NonZer=        7296 LenScr=      655360 LnRSAI=        3024
 LnScr1=      655360 LExtra=           0 Total=      1318859
 MaxDsk=          -1 SrtSym=           T ITran=            3
 JobTyp=0 Pass  1:  I=   1 to   6.
 (rs|ai) integrals will be sorted in core.
 Spin components of T(2) and E(2):
     alpha-alpha T2 =       0.8026376786D-02 E2=     -0.8996053292D-02
     alpha-beta  T2 =       0.1305275142D+00 E2=     -0.1369701816D+00
     beta-beta   T2 =       0.8026376786D-02 E2=     -0.8996053292D-02
 ANorm=    0.1070784884D+01
 E2 =    -0.1549622882D+00 EUMP2 =    -0.59138450040499D+01
 Second order stability test of a single determinant RHF wave function:
 Stabil:  MDV=134217728
 ***********************************************************************
 Matrix         Lowest Root    Major Pairs
 ***********************************************************************
 Internal RHF     0.0779804    Stable
 RRHF --> CRHF    0.0532276    Stable
 RRHF --> RUHF   -0.1351291    6A=7B
 Not stable.
 ***********************************************************************

 **********************************************************************

            Population analysis using the SCF density.

 **********************************************************************

 Orbital symmetries:
       Occupied  (AG) (BU) (AG) (BU) (AG) (BU)
       Virtual   (AG) (BU) (BU) (AG) (AG) (BU)
 The electronic state is 1-AG.
 Alpha  occ. eigenvalues --   -0.82364  -0.77430  -0.64922  -0.47694  -0.27061
 Alpha  occ. eigenvalues --   -0.24638
 Alpha virt. eigenvalues --    0.02755   0.08892   0.24139   0.24482   0.46590
 Alpha virt. eigenvalues --    0.63424
          Condensed to atoms (all electrons):
               1          2          3          4          5          6
     1  H    1.067576   0.057811   0.145364  -0.138061  -0.022667   0.005328
     2  H    0.057811   0.620172   0.142549   0.162371  -0.124068   0.008342
     3  H    0.145364   0.142549   0.510100  -0.034154   0.103307  -0.052265
     4  H   -0.138061   0.162371  -0.034154   1.296371   0.022452   0.010307
     5  H   -0.022667  -0.124068   0.103307   0.022452   1.061552  -0.153743
     6  H    0.005328   0.008342  -0.052265   0.010307  -0.153743   0.999703
     7  H    0.010168  -0.025668   0.008618  -0.197556   0.258115   0.129795
     8  H   -0.000085   0.007954  -0.006597   0.025795  -0.118050   0.258115
     9  H   -0.000460  -0.000482   0.005107  -0.002872   0.025795  -0.197556
    10  H   -0.000060   0.000362  -0.000296   0.005107  -0.006597   0.008618
    11  H   -0.000018  -0.000199   0.000362  -0.000482   0.007954  -0.025668
    12  H    0.000016  -0.000018  -0.000060  -0.000460  -0.000085   0.010168
               7          8          9         10         11         12
     1  H    0.010168  -0.000085  -0.000460  -0.000060  -0.000018   0.000016
     2  H   -0.025668   0.007954  -0.000482   0.000362  -0.000199  -0.000018
     3  H    0.008618  -0.006597   0.005107  -0.000296   0.000362  -0.000060
     4  H   -0.197556   0.025795  -0.002872   0.005107  -0.000482  -0.000460
     5  H    0.258115  -0.118050   0.025795  -0.006597   0.007954  -0.000085
     6  H    0.129795   0.258115  -0.197556   0.008618  -0.025668   0.010168
     7  H    0.999703  -0.153743   0.010307  -0.052265   0.008342   0.005328
     8  H   -0.153743   1.061552   0.022452   0.103307  -0.124068  -0.022667
     9  H    0.010307   0.022452   1.296371  -0.034154   0.162371  -0.138061
    10  H   -0.052265   0.103307  -0.034154   0.510100   0.142549   0.145364
    11  H    0.008342  -0.124068   0.162371   0.142549   0.620172   0.057811
    12  H    0.005328  -0.022667  -0.138061   0.145364   0.057811   1.067576
 Mulliken charges:
               1
     1  H   -0.124912
     2  H    0.150874
     3  H    0.177965
     4  H   -0.148818
     5  H   -0.053966
     6  H   -0.001144
     7  H   -0.001144
     8  H   -0.053966
     9  H   -0.148818
    10  H    0.177965
    11  H    0.150874
    12  H   -0.124912
 Sum of Mulliken charges =   0.00000
 Mulliken charges with hydrogens summed into heavy atoms:
               1
 Electronic spatial extent (au):  <R**2>=            255.5702
 Charge=              0.0000 electrons
 Dipole moment (field-independent basis, Debye):
    X=              0.0000    Y=             -0.0000    Z=              0.0000  Tot=              0.0000
 Quadrupole moment (field-independent basis, Debye-Ang):
   XX=            -18.9969   YY=            -16.1171   ZZ=            -15.6485
   XY=              0.9759   XZ=             -0.0000   YZ=              0.0000
 Traceless Quadrupole moment (field-independent basis, Debye-Ang):
   XX=             -2.0761   YY=              0.8038   ZZ=              1.2723
   XY=              0.9759   XZ=             -0.0000   YZ=              0.0000
 Octapole moment (field-independent basis, Debye-Ang**2):
  XXX=             -0.0000  YYY=             -0.0000  ZZZ=             -0.0000  XYY=             -0.0000
  XXY=              0.0000  XXZ=             -0.0000  XZZ=             -0.0000  YZZ=             -0.0000
  YYZ=             -0.0000  XYZ=             -0.0000
 Hexadecapole moment (field-independent basis, Debye-Ang**3):
 XXXX=           -581.5223 YYYY=            -91.2825 ZZZZ=            -18.9945 XXXY=            -98.8919
 XXXZ=              0.0000 YYYX=            -67.6062 YYYZ=              0.0000 ZZZX=              0.0000
 ZZZY=              0.0000 XXYY=            -88.4576 XXZZ=            -77.1183 YYZZ=            -19.0952
 XXYZ=              0.0000 YYXZ=              0.0000 ZZXY=            -24.4421
 N-N= 1.674318003444D+01 E-N=-4.458086042536D+01  KE= 6.058908458987D+00
 Symmetry AG   KE= 2.856750918917D+00
 Symmetry BG   KE= 0.000000000000D+00
 Symmetry AU   KE= 0.000000000000D+00
 Symmetry BU   KE= 3.202157540070D+00

 Test job not archived.
 1\1\GINC-SULU\Stability\RHF\Gen\H12\LCJ1\10-Feb-2017\0\\#rhf/gen scf(s
 ymm,tight,novaracc,noincfock,fulldiag) stable(crhf) guess=read geom=no
 crowd test\\hf stability analysis of h12 triangular lattice, y= 1.1662
 555983306084 alpha= 67.000000000000000\\0,1\H\H,1,1.2669738545\H,1,1.2
 669738545,2,46.\H,2,1.2669738545,1,134.,3,0.,0\H,3,1.2669738545,1,180.
 ,2,0.,0\H,4,1.2669738545,2,180.,1,0.,0\H,5,1.2669738545,3,180.,2,0.,0\
 H,6,1.2669738545,4,180.,1,0.,0\H,7,1.2669738545,5,180.,2,0.,0\H,8,1.26
 69738545,6,180.,1,0.,0\H,9,1.2669738545,5,180.,2,0.,0\H,10,1.266973854
 5,6,180.,1,0.,0\\Version=ES64L-G09RevE.01\State=1-AG\HF=-5.7588827\MP2
 =-5.913845\RMSD=2.096e-09\Dipole=0.,0.,0.\Quadrupole=0.7926386,0.94593
 68,-1.7385754,0.,-0.2660472,0.\PG=C02H [SGH(H12)]\\@


 ONLY THE DAY DAWNS TO WHICH YOU ARE AWAKE.

                                 -- THOREAU
 Job cpu time:       0 days  0 hours  0 minutes  0.9 seconds.
 File lengths (MBytes):  RWF=     84 Int=      0 D2E=      0 Chk=      2 Scr=      2
 Normal termination of Gaussian 09 at Fri Feb 10 12:38:26 2017.
