 Entering Gaussian System, Link 0=g09
 AtFile(1): H.gbs
            H     0
            S   10   1.00
               1000.000000000000            0.000068713567
                316.227766000000            0.000169141320
                100.000000000000            0.000823394812
                 31.622776600000            0.003425569236
                 10.000000000000            0.013951996000
                  3.162277660000            0.056909313560
                  1.000000000000            0.198286399900
                  0.316227766000            0.496922426700
                  0.100000000000            0.369846276400
                  0.031622776600            0.003752720039
            ****
 Initial command:
 /projects/guscus/apps/gau/g09-e1/g09/l1.exe "/users/lcj1/gaussian/h12/rhfstability/2rows/alterguess/2to4/Gau-16713.inp" -scrdir="/users/lcj1/gaussian/h12/rhfstability/2rows/alterguess/2to4/"
 Entering Link 1 = /projects/guscus/apps/gau/g09-e1/g09/l1.exe PID=     16714.
  
 Copyright (c) 1988,1990,1992,1993,1995,1998,2003,2009,2015,
            Gaussian, Inc.  All Rights Reserved.
  
 This is part of the Gaussian(R) 09 program.  It is based on
 the Gaussian(R) 03 system (copyright 2003, Gaussian, Inc.),
 the Gaussian(R) 98 system (copyright 1998, Gaussian, Inc.),
 the Gaussian(R) 94 system (copyright 1995, Gaussian, Inc.),
 the Gaussian 92(TM) system (copyright 1992, Gaussian, Inc.),
 the Gaussian 90(TM) system (copyright 1990, Gaussian, Inc.),
 the Gaussian 88(TM) system (copyright 1988, Gaussian, Inc.),
 the Gaussian 86(TM) system (copyright 1986, Carnegie Mellon
 University), and the Gaussian 82(TM) system (copyright 1983,
 Carnegie Mellon University). Gaussian is a federally registered
 trademark of Gaussian, Inc.
  
 This software contains proprietary and confidential information,
 including trade secrets, belonging to Gaussian, Inc.
  
 This software is provided under written license and may be
 used, copied, transmitted, or stored only in accord with that
 written license.
  
 The following legend is applicable only to US Government
 contracts under FAR:
  
                    RESTRICTED RIGHTS LEGEND
  
 Use, reproduction and disclosure by the US Government is
 subject to restrictions as set forth in subparagraphs (a)
 and (c) of the Commercial Computer Software - Restricted
 Rights clause in FAR 52.227-19.
  
 Gaussian, Inc.
 340 Quinnipiac St., Bldg. 40, Wallingford CT 06492
  
  
 ---------------------------------------------------------------
 Warning -- This program may not be used in any manner that
 competes with the business of Gaussian, Inc. or will provide
 assistance to any competitor of Gaussian, Inc.  The licensee
 of this program is prohibited from giving any competitor of
 Gaussian, Inc. access to this program.  By using this program,
 the user acknowledges that Gaussian, Inc. is engaged in the
 business of creating and licensing software in the field of
 computational chemistry and represents and warrants to the
 licensee that it is not a competitor of Gaussian, Inc. and that
 it will not use this program in any manner prohibited above.
 ---------------------------------------------------------------
  

 Cite this work as:
 Gaussian 09, Revision E.01,
 M. J. Frisch, G. W. Trucks, H. B. Schlegel, G. E. Scuseria, 
 M. A. Robb, J. R. Cheeseman, G. Scalmani, V. Barone, B. Mennucci, 
 G. A. Petersson, H. Nakatsuji, M. Caricato, X. Li, H. P. Hratchian, 
 A. F. Izmaylov, J. Bloino, G. Zheng, J. L. Sonnenberg, M. Hada, 
 M. Ehara, K. Toyota, R. Fukuda, J. Hasegawa, M. Ishida, T. Nakajima, 
 Y. Honda, O. Kitao, H. Nakai, T. Vreven, J. A. Montgomery, Jr., 
 J. E. Peralta, F. Ogliaro, M. Bearpark, J. J. Heyd, E. Brothers, 
 K. N. Kudin, V. N. Staroverov, T. Keith, R. Kobayashi, J. Normand, 
 K. Raghavachari, A. Rendell, J. C. Burant, S. S. Iyengar, J. Tomasi, 
 M. Cossi, N. Rega, J. M. Millam, M. Klene, J. E. Knox, J. B. Cross, 
 V. Bakken, C. Adamo, J. Jaramillo, R. Gomperts, R. E. Stratmann, 
 O. Yazyev, A. J. Austin, R. Cammi, C. Pomelli, J. W. Ochterski, 
 R. L. Martin, K. Morokuma, V. G. Zakrzewski, G. A. Voth, 
 P. Salvador, J. J. Dannenberg, S. Dapprich, A. D. Daniels, 
 O. Farkas, J. B. Foresman, J. V. Ortiz, J. Cioslowski, 
 and D. J. Fox, Gaussian, Inc., Wallingford CT, 2013.
 
 ******************************************
 Gaussian 09:  ES64L-G09RevE.01 30-Nov-2015
                14-Feb-2017 
 ******************************************
 %chk=h12.chk
 ----------------------------------------------------------------------
 #rhf/gen scf(symm,tight,novaracc,noincfock,fulldiag) stable(crhf) gues
 s=read geom=nocrowd test
 ----------------------------------------------------------------------
 1/38=1/1;
 2/12=1,17=6,18=5,40=1/2;
 3/5=7,16=1,25=1,30=1,116=1/1,2,3;
 4/5=1,9=4/1;
 5/5=100002,15=2,16=1,32=2,38=6/2;
 8/6=1,10=90,11=11/1,4;
 9/8=4,13=1/2;
 6/7=2,8=2,9=2,10=2,28=1/1;
 99/5=1,9=1/99;
 ----------------------------------------------------------------------
 hf stability analysis of h10 triangular lattice, y= 0.4201353311163031
 9
 ----------------------------------------------------------------------
 Symbolic Z-matrix:
 Charge =  0 Multiplicity = 1
 H
 H                    1     1.43699 
 H                    1     1.43699  2     146. 
 H                    2     1.43699  1     34.      3     0.       0
 H                    3     1.43699  1     180.     2     0.       0
 H                    4     1.43699  2     180.     1     0.       0
 H                    5     1.43699  3     180.     2     0.       0
 H                    6     1.43699  4     180.     1     0.       0
 H                    7     1.43699  5     180.     2     0.       0
 H                    8     1.43699  6     180.     1     0.       0
 H                    9     1.43699  7     180.     2     0.       0
 H                    10    1.43699  8     180.     1     0.       0
 
                          Input orientation:                          
 ---------------------------------------------------------------------
 Center     Atomic      Atomic             Coordinates (Angstroms)
 Number     Number       Type             X           Y           Z
 ---------------------------------------------------------------------
      1          1           0        0.000000    0.000000    0.000000
      2          1           0        0.000000    0.000000    1.436990
      3          1           0        0.803555    0.000000   -1.191319
      4          1           0        0.803555    0.000000    0.245671
      5          1           0        1.607110    0.000000   -2.382638
      6          1           0        1.607110    0.000000   -0.945648
      7          1           0        2.410664    0.000000   -3.573957
      8          1           0        2.410664    0.000000   -2.136967
      9          1           0        3.214219    0.000000   -4.765276
     10          1           0        3.214219    0.000000   -3.328286
     11          1           0        4.017774    0.000000   -5.956595
     12          1           0        4.017774    0.000000   -4.519605
 ---------------------------------------------------------------------
                    Distance matrix (angstroms):
                    1          2          3          4          5
     1  H    0.000000
     2  H    1.436990   0.000000
     3  H    1.436990   2.748401   0.000000
     4  H    0.840271   1.436990   1.436990   0.000000
     5  H    2.873981   4.143955   1.436990   2.748401   0.000000
     6  H    1.864685   2.873981   0.840271   1.436990   1.436990
     7  H    4.310971   5.560656   2.873981   4.143955   1.436990
     8  H    3.221479   4.310971   1.864685   2.873981   0.840271
     9  H    5.747961   6.985651   4.310971   5.560656   2.873981
    10  H    4.626953   5.747961   3.221479   4.310971   1.864685
    11  H    7.184952   8.414726   5.747961   6.985651   4.310971
    12  H    6.047258   7.184952   4.626953   5.747961   3.221479
                    6          7          8          9         10
     6  H    0.000000
     7  H    2.748401   0.000000
     8  H    1.436990   1.436990   0.000000
     9  H    4.143955   1.436990   2.748401   0.000000
    10  H    2.873981   0.840271   1.436990   1.436990   0.000000
    11  H    5.560656   2.873981   4.143955   1.436990   2.748401
    12  H    4.310971   1.864685   2.873981   0.840271   1.436990
                   11         12
    11  H    0.000000
    12  H    1.436990   0.000000
 Stoichiometry    H12
 Framework group  C2H[SGH(H12)]
 Deg. of freedom    11
 Full point group                 C2H     NOp   4
 Largest Abelian subgroup         C2H     NOp   4
 Largest concise Abelian subgroup C2      NOp   2
                         Standard orientation:                         
 ---------------------------------------------------------------------
 Center     Atomic      Atomic             Coordinates (Angstroms)
 Number     Number       Type             X           Y           Z
 ---------------------------------------------------------------------
      1          1           0        2.748401    1.260406   -0.000000
      2          1           0        4.122602    0.840271   -0.000000
      3          1           0        1.374201    0.840271   -0.000000
      4          1           0        2.748401    0.420135   -0.000000
      5          1           0        0.000000    0.420135    0.000000
      6          1           0        1.374201    0.000000   -0.000000
      7          1           0       -1.374201    0.000000   -0.000000
      8          1           0       -0.000000   -0.420135   -0.000000
      9          1           0       -2.748401   -0.420135   -0.000000
     10          1           0       -1.374201   -0.840271   -0.000000
     11          1           0       -4.122602   -0.840271   -0.000000
     12          1           0       -2.748401   -1.260406   -0.000000
 ---------------------------------------------------------------------
 Rotational constants (GHZ):    274.5147022      6.5429030      6.3905870
 General basis read from cards:  (5D, 7F)
 There are     6 symmetry adapted cartesian basis functions of AG  symmetry.
 There are     0 symmetry adapted cartesian basis functions of BG  symmetry.
 There are     0 symmetry adapted cartesian basis functions of AU  symmetry.
 There are     6 symmetry adapted cartesian basis functions of BU  symmetry.
 There are     6 symmetry adapted basis functions of AG  symmetry.
 There are     0 symmetry adapted basis functions of BG  symmetry.
 There are     0 symmetry adapted basis functions of AU  symmetry.
 There are     6 symmetry adapted basis functions of BU  symmetry.
    12 basis functions,   120 primitive gaussians,    12 cartesian basis functions
     6 alpha electrons        6 beta electrons
       nuclear repulsion energy        15.6835643589 Hartrees.
 NAtoms=   12 NActive=   12 NUniq=    6 SFac= 4.00D+00 NAtFMM=   60 NAOKFM=F Big=F
 Integral buffers will be    131072 words long.
 Regular integral format.
 Two-electron integral symmetry is turned on.
 One-electron integrals computed using PRISM.
 NBasis=    12 RedAO= T EigKep=  1.72D-01  NBF=     6     0     0     6
 NBsUse=    12 1.00D-06 EigRej= -1.00D+00 NBFU=     6     0     0     6
 Initial guess from the checkpoint file:  "h12.chk"
 B after Tr=    -0.000000   -0.000000   -0.000000
         Rot=    0.999973   -0.000000    0.000000   -0.007349 Ang=  -0.84 deg.
 Initial guess orbital symmetries:
       Occupied  (AG) (BU) (AG) (BU) (BU) (BU)
       Virtual   (AG) (AG) (AG) (BU) (AG) (BU)
 Keep R1 ints in memory in symmetry-blocked form, NReq=895118.
 Requested convergence on RMS density matrix=1.00D-08 within 128 cycles.
 Requested convergence on MAX density matrix=1.00D-06.
 Requested convergence on             energy=1.00D-06.
 No special actions if energy rises.
 SCF Done:  E(RHF) =  -5.31612477884     A.U. after   10 cycles
            NFock= 10  Conv=0.15D-08     -V/T= 1.8324
 Range of M.O.s used for correlation:     1    12
 NBasis=    12 NAE=     6 NBE=     6 NFC=     0 NFV=     0
 NROrb=     12 NOA=     6 NOB=     6 NVA=     6 NVB=     6

 **** Warning!!: The smallest alpha delta epsilon is -0.20789153D-01

 Semi-Direct transformation.
 ModeAB=           4 MOrb=             6 LenV=     134093103
 LASXX=         2181 LTotXX=        2181 LenRXX=        5115
 LTotAB=        2934 MaxLAS=        3024 LenRXY=           0
 NonZer=        7296 LenScr=      655360 LnRSAI=        3024
 LnScr1=      655360 LExtra=           0 Total=      1318859
 MaxDsk=          -1 SrtSym=           T ITran=            3
 JobTyp=0 Pass  1:  I=   1 to   6.
 (rs|ai) integrals will be sorted in core.
 Spin components of T(2) and E(2):
     alpha-alpha T2 =       0.3677491952D-01 E2=     -0.2077233493D-01
     alpha-beta  T2 =       0.3055518105D+02 E2=     -0.2642625704D+00
     beta-beta   T2 =       0.3677491952D-01 E2=     -0.2077233493D-01
 ANorm=    0.5623942646D+01
 E2 =    -0.3058072403D+00 EUMP2 =    -0.56219320191051D+01
 Second order stability test of a single determinant RHF wave function:
 Stabil:  MDV=134217728
 ***********************************************************************
 Matrix         Lowest Root    Major Pairs
 ***********************************************************************
 Internal RHF    -0.1801997    5A=7A 5A=8A 6A=7A 6A=8A
 RRHF --> CRHF   -0.2524558    5A=7A 5A=8A 6A=7A 6A=8A
 RRHF --> RUHF   -0.5663494    6A=7B 6A=8B
 Not stable.
 ***********************************************************************

 **********************************************************************

            Population analysis using the SCF density.

 **********************************************************************

 Orbital symmetries:
       Occupied  (AG) (BU) (AG) (BU) (BU) (BU)
       Virtual   (AG) (AG) (AG) (BU) (AG) (BU)
 The electronic state is 1-AG.
 Alpha  occ. eigenvalues --   -0.80843  -0.74793  -0.64579  -0.51471  -0.17779
 Alpha  occ. eigenvalues --   -0.12892
 Alpha virt. eigenvalues --   -0.14971   0.00109   0.14640   0.29718   0.47118
 Alpha virt. eigenvalues --    0.61636
          Condensed to atoms (all electrons):
               1          2          3          4          5          6
     1  H    0.789034  -0.128572   0.000466   0.443073   0.002102  -0.118702
     2  H   -0.128572   1.273255   0.002770  -0.094336   0.001112   0.007714
     3  H    0.000466   0.002770   0.906320  -0.125224   0.373744  -0.030149
     4  H    0.443073  -0.094336  -0.125224   0.763112  -0.043091   0.002561
     5  H    0.002102   0.001112   0.373744  -0.043091   1.366837  -0.239909
     6  H   -0.118702   0.007714  -0.030149   0.002561  -0.239909   1.161644
     7  H    0.003113  -0.000121   0.017485  -0.000568   0.356298  -0.078986
     8  H   -0.011400  -0.001464  -0.177006   0.020160  -0.674973   0.356298
     9  H   -0.000078   0.000025   0.002630  -0.000203   0.020160  -0.000568
    10  H    0.000085  -0.000027  -0.031347   0.002630  -0.177006   0.017485
    11  H    0.000022  -0.000009  -0.000027   0.000025  -0.001464  -0.000121
    12  H   -0.000109   0.000022   0.000085  -0.000078  -0.011400   0.003113
               7          8          9         10         11         12
     1  H    0.003113  -0.011400  -0.000078   0.000085   0.000022  -0.000109
     2  H   -0.000121  -0.001464   0.000025  -0.000027  -0.000009   0.000022
     3  H    0.017485  -0.177006   0.002630  -0.031347  -0.000027   0.000085
     4  H   -0.000568   0.020160  -0.000203   0.002630   0.000025  -0.000078
     5  H    0.356298  -0.674973   0.020160  -0.177006  -0.001464  -0.011400
     6  H   -0.078986   0.356298  -0.000568   0.017485  -0.000121   0.003113
     7  H    1.161644  -0.239909   0.002561  -0.030149   0.007714  -0.118702
     8  H   -0.239909   1.366837  -0.043091   0.373744   0.001112   0.002102
     9  H    0.002561  -0.043091   0.763112  -0.125224  -0.094336   0.443073
    10  H   -0.030149   0.373744  -0.125224   0.906320   0.002770   0.000466
    11  H    0.007714   0.001112  -0.094336   0.002770   1.273255  -0.128572
    12  H   -0.118702   0.002102   0.443073   0.000466  -0.128572   0.789034
 Mulliken charges:
               1
     1  H    0.020966
     2  H   -0.060369
     3  H    0.060253
     4  H    0.031939
     5  H    0.027590
     6  H   -0.080379
     7  H   -0.080379
     8  H    0.027590
     9  H    0.031939
    10  H    0.060253
    11  H   -0.060369
    12  H    0.020966
 Sum of Mulliken charges =   0.00000
 Mulliken charges with hydrogens summed into heavy atoms:
               1
 Electronic spatial extent (au):  <R**2>=            322.5079
 Charge=              0.0000 electrons
 Dipole moment (field-independent basis, Debye):
    X=              0.0000    Y=              0.0000    Z=              0.0000  Tot=              0.0000
 Quadrupole moment (field-independent basis, Debye-Ang):
   XX=            -24.5142   YY=            -16.8027   ZZ=            -15.5706
   XY=              0.2739   XZ=             -0.0000   YZ=             -0.0000
 Traceless Quadrupole moment (field-independent basis, Debye-Ang):
   XX=             -5.5517   YY=              2.1598   ZZ=              3.3919
   XY=              0.2739   XZ=             -0.0000   YZ=             -0.0000
 Octapole moment (field-independent basis, Debye-Ang**2):
  XXX=              0.0000  YYY=             -0.0000  ZZZ=              0.0000  XYY=              0.0000
  XXY=              0.0000  XXZ=              0.0000  XZZ=              0.0000  YZZ=             -0.0000
  YYZ=              0.0000  XYZ=              0.0000
 Hexadecapole moment (field-independent basis, Debye-Ang**3):
 XXXX=           -883.8186 YYYY=            -72.8903 ZZZZ=            -18.9607 XXXY=           -118.1099
 XXXZ=             -0.0000 YYYX=            -67.8761 YYYZ=             -0.0000 ZZZX=             -0.0000
 ZZZY=             -0.0000 XXYY=           -113.0417 XXZZ=           -101.8866 YYZZ=            -15.6826
 XXYZ=             -0.0000 YYXZ=             -0.0000 ZZXY=            -23.8432
 N-N= 1.568356435894D+01 E-N=-4.233903167027D+01  KE= 6.386789750436D+00
 Symmetry AG   KE= 1.351907481895D+00
 Symmetry BG   KE= 0.000000000000D+00
 Symmetry AU   KE= 0.000000000000D+00
 Symmetry BU   KE= 5.034882268540D+00

 Test job not archived.
 1\1\GINC-SULU\Stability\RHF\Gen\H12\LCJ1\14-Feb-2017\0\\#rhf/gen scf(s
 ymm,tight,novaracc,noincfock,fulldiag) stable(crhf) guess=read geom=no
 crowd test\\hf stability analysis of h10 triangular lattice, y= 0.4201
 3533111630319\\0,1\H\H,1,1.436990355\H,1,1.436990355,2,146.\H,2,1.4369
 90355,1,34.,3,0.,0\H,3,1.436990355,1,180.,2,0.,0\H,4,1.436990355,2,180
 .,1,0.,0\H,5,1.436990355,3,180.,2,0.,0\H,6,1.436990355,4,180.,1,0.,0\H
 ,7,1.436990355,5,180.,2,0.,0\H,8,1.436990355,6,180.,1,0.,0\H,9,1.43699
 0355,7,180.,2,0.,0\H,10,1.436990355,8,180.,1,0.,0\\Version=ES64L-G09Re
 vE.01\State=1-AG\HF=-5.3161248\MP2=-5.621932\RMSD=1.536e-09\Dipole=0.,
 0.,0.\Quadrupole=1.2295266,2.521789,-3.7513157,0.,1.4342007,0.\PG=C02H
  [SGH(H12)]\\@


 A CHEMICAL PHYSICIST MAKES PRECISE MEASUREMENTS ON IMPURE COMPOUNDS.
 A THEORETICAL PHYSICAL CHEMIST MAKES IMPRECISE
     MEASUREMENTS ON PURE COMPOUNDS.
 AN EXPERIMENTAL PHYSICAL CHEMIST MAKES IMPRECISE
     MEASUREMENTS ON IMPURE COMPOUNDS.
 Job cpu time:       0 days  0 hours  0 minutes  0.9 seconds.
 File lengths (MBytes):  RWF=     84 Int=      0 D2E=      0 Chk=      2 Scr=      2
 Normal termination of Gaussian 09 at Tue Feb 14 17:41:59 2017.
