 Entering Gaussian System, Link 0=g09
 AtFile(1): H.gbs
            H     0
            S   10   1.00
               1000.000000000000            0.000068713567
                316.227766000000            0.000169141320
                100.000000000000            0.000823394812
                 31.622776600000            0.003425569236
                 10.000000000000            0.013951996000
                  3.162277660000            0.056909313560
                  1.000000000000            0.198286399900
                  0.316227766000            0.496922426700
                  0.100000000000            0.369846276400
                  0.031622776600            0.003752720039
            ****
 Initial command:
 /projects/guscus/apps/gau/g09-e1/g09/l1.exe "/users/lcj1/gaussian/h12/rhfstability/2rows/alterguess/2to4/Gau-18621.inp" -scrdir="/users/lcj1/gaussian/h12/rhfstability/2rows/alterguess/2to4/"
 Entering Link 1 = /projects/guscus/apps/gau/g09-e1/g09/l1.exe PID=     18622.
  
 Copyright (c) 1988,1990,1992,1993,1995,1998,2003,2009,2015,
            Gaussian, Inc.  All Rights Reserved.
  
 This is part of the Gaussian(R) 09 program.  It is based on
 the Gaussian(R) 03 system (copyright 2003, Gaussian, Inc.),
 the Gaussian(R) 98 system (copyright 1998, Gaussian, Inc.),
 the Gaussian(R) 94 system (copyright 1995, Gaussian, Inc.),
 the Gaussian 92(TM) system (copyright 1992, Gaussian, Inc.),
 the Gaussian 90(TM) system (copyright 1990, Gaussian, Inc.),
 the Gaussian 88(TM) system (copyright 1988, Gaussian, Inc.),
 the Gaussian 86(TM) system (copyright 1986, Carnegie Mellon
 University), and the Gaussian 82(TM) system (copyright 1983,
 Carnegie Mellon University). Gaussian is a federally registered
 trademark of Gaussian, Inc.
  
 This software contains proprietary and confidential information,
 including trade secrets, belonging to Gaussian, Inc.
  
 This software is provided under written license and may be
 used, copied, transmitted, or stored only in accord with that
 written license.
  
 The following legend is applicable only to US Government
 contracts under FAR:
  
                    RESTRICTED RIGHTS LEGEND
  
 Use, reproduction and disclosure by the US Government is
 subject to restrictions as set forth in subparagraphs (a)
 and (c) of the Commercial Computer Software - Restricted
 Rights clause in FAR 52.227-19.
  
 Gaussian, Inc.
 340 Quinnipiac St., Bldg. 40, Wallingford CT 06492
  
  
 ---------------------------------------------------------------
 Warning -- This program may not be used in any manner that
 competes with the business of Gaussian, Inc. or will provide
 assistance to any competitor of Gaussian, Inc.  The licensee
 of this program is prohibited from giving any competitor of
 Gaussian, Inc. access to this program.  By using this program,
 the user acknowledges that Gaussian, Inc. is engaged in the
 business of creating and licensing software in the field of
 computational chemistry and represents and warrants to the
 licensee that it is not a competitor of Gaussian, Inc. and that
 it will not use this program in any manner prohibited above.
 ---------------------------------------------------------------
  

 Cite this work as:
 Gaussian 09, Revision E.01,
 M. J. Frisch, G. W. Trucks, H. B. Schlegel, G. E. Scuseria, 
 M. A. Robb, J. R. Cheeseman, G. Scalmani, V. Barone, B. Mennucci, 
 G. A. Petersson, H. Nakatsuji, M. Caricato, X. Li, H. P. Hratchian, 
 A. F. Izmaylov, J. Bloino, G. Zheng, J. L. Sonnenberg, M. Hada, 
 M. Ehara, K. Toyota, R. Fukuda, J. Hasegawa, M. Ishida, T. Nakajima, 
 Y. Honda, O. Kitao, H. Nakai, T. Vreven, J. A. Montgomery, Jr., 
 J. E. Peralta, F. Ogliaro, M. Bearpark, J. J. Heyd, E. Brothers, 
 K. N. Kudin, V. N. Staroverov, T. Keith, R. Kobayashi, J. Normand, 
 K. Raghavachari, A. Rendell, J. C. Burant, S. S. Iyengar, J. Tomasi, 
 M. Cossi, N. Rega, J. M. Millam, M. Klene, J. E. Knox, J. B. Cross, 
 V. Bakken, C. Adamo, J. Jaramillo, R. Gomperts, R. E. Stratmann, 
 O. Yazyev, A. J. Austin, R. Cammi, C. Pomelli, J. W. Ochterski, 
 R. L. Martin, K. Morokuma, V. G. Zakrzewski, G. A. Voth, 
 P. Salvador, J. J. Dannenberg, S. Dapprich, A. D. Daniels, 
 O. Farkas, J. B. Foresman, J. V. Ortiz, J. Cioslowski, 
 and D. J. Fox, Gaussian, Inc., Wallingford CT, 2013.
 
 ******************************************
 Gaussian 09:  ES64L-G09RevE.01 30-Nov-2015
                14-Feb-2017 
 ******************************************
 %chk=h12.chk
 ----------------------------------------------------------------------
 #rhf/gen scf(symm,tight,novaracc,noincfock,fulldiag) stable(crhf) gues
 s=read geom=nocrowd test
 ----------------------------------------------------------------------
 1/38=1/1;
 2/12=1,17=6,18=5,40=1/2;
 3/5=7,16=1,25=1,30=1,116=1/1,2,3;
 4/5=1,9=4/1;
 5/5=100002,15=2,16=1,32=2,38=6/2;
 8/6=1,10=90,11=11/1,4;
 9/8=4,13=1/2;
 6/7=2,8=2,9=2,10=2,28=1/1;
 99/5=1,9=1/99;
 ----------------------------------------------------------------------
 hf stability analysis of h10 triangular lattice, y= 1.0420355127918348
 ----------------------------------------------------------------------
 Symbolic Z-matrix:
 Charge =  0 Multiplicity = 1
 H
 H                    1     1.18018 
 H                    1     1.18018  2     56. 
 H                    2     1.18018  1     124.     3     0.       0
 H                    3     1.18018  1     180.     2     0.       0
 H                    4     1.18018  2     180.     1     0.       0
 H                    5     1.18018  3     180.     2     0.       0
 H                    6     1.18018  4     180.     1     0.       0
 H                    7     1.18018  5     180.     2     0.       0
 H                    8     1.18018  6     180.     1     0.       0
 H                    9     1.18018  7     180.     2     0.       0
 H                    10    1.18018  8     180.     1     0.       0
 
                          Input orientation:                          
 ---------------------------------------------------------------------
 Center     Atomic      Atomic             Coordinates (Angstroms)
 Number     Number       Type             X           Y           Z
 ---------------------------------------------------------------------
      1          1           0        0.000000    0.000000    0.000000
      2          1           0        0.000000    0.000000    1.180178
      3          1           0        0.978412    0.000000    0.659947
      4          1           0        0.978412    0.000000    1.840125
      5          1           0        1.956824    0.000000    1.319895
      6          1           0        1.956824    0.000000    2.500073
      7          1           0        2.935236    0.000000    1.979842
      8          1           0        2.935236    0.000000    3.160020
      9          1           0        3.913648    0.000000    2.639789
     10          1           0        3.913648    0.000000    3.819967
     11          1           0        4.892060    0.000000    3.299736
     12          1           0        4.892060    0.000000    4.479915
 ---------------------------------------------------------------------
                    Distance matrix (angstroms):
                    1          2          3          4          5
     1  H    0.000000
     2  H    1.180178   0.000000
     3  H    1.180178   1.108120   0.000000
     4  H    2.084071   1.180178   1.180178   0.000000
     5  H    2.360356   1.961806   1.180178   1.108120   0.000000
     6  H    3.174827   2.360356   2.084071   1.180178   1.180178
     7  H    3.540535   3.042215   2.360356   1.961806   1.180178
     8  H    4.312927   3.540535   3.174827   2.360356   2.084071
     9  H    4.720713   4.176973   3.540535   3.042215   2.360356
    10  H    5.468893   4.720713   4.312927   3.540535   3.174827
    11  H    5.900891   5.331490   4.720713   4.176973   3.540535
    12  H    6.633392   5.900891   5.468893   4.720713   4.312927
                    6          7          8          9         10
     6  H    0.000000
     7  H    1.108120   0.000000
     8  H    1.180178   1.180178   0.000000
     9  H    1.961806   1.180178   1.108120   0.000000
    10  H    2.360356   2.084071   1.180178   1.180178   0.000000
    11  H    3.042215   2.360356   1.961806   1.180178   1.108120
    12  H    3.540535   3.174827   2.360356   2.084071   1.180178
                   11         12
    11  H    0.000000
    12  H    1.180178   0.000000
 Stoichiometry    H12
 Framework group  C2H[SGH(H12)]
 Deg. of freedom    11
 Full point group                 C2H     NOp   4
 Largest Abelian subgroup         C2H     NOp   4
 Largest concise Abelian subgroup C2      NOp   2
                         Standard orientation:                         
 ---------------------------------------------------------------------
 Center     Atomic      Atomic             Coordinates (Angstroms)
 Number     Number       Type             X           Y           Z
 ---------------------------------------------------------------------
      1          1           0        3.126106    1.108120   -0.000000
      2          1           0        2.084071    1.662180    0.000000
      3          1           0        2.084071    0.554060   -0.000000
      4          1           0        1.042035    1.108120    0.000000
      5          1           0        1.042035    0.000000   -0.000000
      6          1           0        0.000000    0.554060    0.000000
      7          1           0       -0.000000   -0.554060   -0.000000
      8          1           0       -1.042035    0.000000   -0.000000
      9          1           0       -1.042035   -1.108120   -0.000000
     10          1           0       -2.084071   -0.554060   -0.000000
     11          1           0       -2.084071   -1.662180   -0.000000
     12          1           0       -3.126106   -1.108120   -0.000000
 ---------------------------------------------------------------------
 Rotational constants (GHZ):    179.5735808     10.0021553      9.4744342
 General basis read from cards:  (5D, 7F)
 There are     6 symmetry adapted cartesian basis functions of AG  symmetry.
 There are     0 symmetry adapted cartesian basis functions of BG  symmetry.
 There are     0 symmetry adapted cartesian basis functions of AU  symmetry.
 There are     6 symmetry adapted cartesian basis functions of BU  symmetry.
 There are     6 symmetry adapted basis functions of AG  symmetry.
 There are     0 symmetry adapted basis functions of BG  symmetry.
 There are     0 symmetry adapted basis functions of AU  symmetry.
 There are     6 symmetry adapted basis functions of BU  symmetry.
    12 basis functions,   120 primitive gaussians,    12 cartesian basis functions
     6 alpha electrons        6 beta electrons
       nuclear repulsion energy        17.4110966686 Hartrees.
 NAtoms=   12 NActive=   12 NUniq=    6 SFac= 4.00D+00 NAtFMM=   60 NAOKFM=F Big=F
 Integral buffers will be    131072 words long.
 Regular integral format.
 Two-electron integral symmetry is turned on.
 One-electron integrals computed using PRISM.
 NBasis=    12 RedAO= T EigKep=  1.83D-01  NBF=     6     0     0     6
 NBsUse=    12 1.00D-06 EigRej= -1.00D+00 NBFU=     6     0     0     6
 Initial guess from the checkpoint file:  "h12.chk"
 B after Tr=    -0.000000   -0.000000   -0.000000
         Rot=    0.999973    0.000000    0.000000    0.007349 Ang=   0.84 deg.
 Initial guess orbital symmetries:
       Occupied  (AG) (BU) (AG) (BU) (BU) (BU)
       Virtual   (AG) (AG) (BU) (AG) (AG) (BU)
 Keep R1 ints in memory in symmetry-blocked form, NReq=899682.
 Requested convergence on RMS density matrix=1.00D-08 within 128 cycles.
 Requested convergence on MAX density matrix=1.00D-06.
 Requested convergence on             energy=1.00D-06.
 No special actions if energy rises.
 SCF Done:  E(RHF) =  -5.43356953995     A.U. after   10 cycles
            NFock= 10  Conv=0.39D-08     -V/T= 1.8394
 Range of M.O.s used for correlation:     1    12
 NBasis=    12 NAE=     6 NBE=     6 NFC=     0 NFV=     0
 NROrb=     12 NOA=     6 NOB=     6 NVA=     6 NVB=     6

 **** Warning!!: The smallest alpha delta epsilon is -0.30865105D-01

 Semi-Direct transformation.
 ModeAB=           4 MOrb=             6 LenV=     134088567
 LASXX=         2181 LTotXX=        2181 LenRXX=        5115
 LTotAB=        2934 MaxLAS=        3024 LenRXY=           0
 NonZer=        7296 LenScr=      655360 LnRSAI=        3024
 LnScr1=      655360 LExtra=           0 Total=      1318859
 MaxDsk=          -1 SrtSym=           T ITran=            3
 JobTyp=0 Pass  1:  I=   1 to   6.
 (rs|ai) integrals will be sorted in core.
 Spin components of T(2) and E(2):
     alpha-alpha T2 =       0.3301975998D-01 E2=     -0.2231587868D-01
     alpha-beta  T2 =       0.3350949766D+01 E2=     -0.6468870260D-01
     beta-beta   T2 =       0.3301975998D-01 E2=     -0.2231587868D-01
 ANorm=    0.2101663457D+01
 E2 =    -0.1093204600D+00 EUMP2 =    -0.55428899999093D+01
 Second order stability test of a single determinant RHF wave function:
 Stabil:  MDV=134217728
 ***********************************************************************
 Matrix         Lowest Root    Major Pairs
 ***********************************************************************
 Internal RHF    -0.1726692    6A=7A
 RRHF --> CRHF   -0.2174815    6A=7A
 RRHF --> RUHF   -0.450871     6A=7B
 Not stable.
 ***********************************************************************

 **********************************************************************

            Population analysis using the SCF density.

 **********************************************************************

 Orbital symmetries:
       Occupied  (AG) (BU) (AG) (BU) (BU) (BU)
       Virtual   (AG) (AG) (BU) (AG) (AG) (BU)
 The electronic state is 1-AG.
 Alpha  occ. eigenvalues --   -0.84902  -0.78096  -0.62882  -0.45095  -0.33923
 Alpha  occ. eigenvalues --   -0.06942
 Alpha virt. eigenvalues --   -0.10028   0.01053   0.26557   0.30812   0.54514
 Alpha virt. eigenvalues --    0.60787
          Condensed to atoms (all electrons):
               1          2          3          4          5          6
     1  H    0.976531  -0.217708   0.283240  -0.052807  -0.044842   0.016490
     2  H   -0.217708   1.514252  -0.023950   0.061423  -0.097696  -0.118414
     3  H    0.283240  -0.023950   0.606100  -0.051543   0.093162  -0.022055
     4  H   -0.052807   0.061423  -0.051543   0.655664   0.051366   0.282334
     5  H   -0.044842  -0.097696   0.093162   0.051366   1.046199  -0.096322
     6  H    0.016490  -0.118414  -0.022055   0.282334  -0.096322   1.463785
     7  H   -0.015328   0.034457  -0.010432  -0.088210   0.265087  -0.612634
     8  H    0.001389   0.007863  -0.011718   0.011702  -0.148380   0.265087
     9  H    0.001057  -0.000769   0.005430  -0.028398   0.011702  -0.088210
    10  H   -0.000241   0.001588  -0.001245   0.005430  -0.011718  -0.010432
    11  H    0.000318  -0.001524   0.001588  -0.000769   0.007863   0.034457
    12  H   -0.000095   0.000318  -0.000241   0.001057   0.001389  -0.015328
               7          8          9         10         11         12
     1  H   -0.015328   0.001389   0.001057  -0.000241   0.000318  -0.000095
     2  H    0.034457   0.007863  -0.000769   0.001588  -0.001524   0.000318
     3  H   -0.010432  -0.011718   0.005430  -0.001245   0.001588  -0.000241
     4  H   -0.088210   0.011702  -0.028398   0.005430  -0.000769   0.001057
     5  H    0.265087  -0.148380   0.011702  -0.011718   0.007863   0.001389
     6  H   -0.612634   0.265087  -0.088210  -0.010432   0.034457  -0.015328
     7  H    1.463785  -0.096322   0.282334  -0.022055  -0.118414   0.016490
     8  H   -0.096322   1.046199   0.051366   0.093162  -0.097696  -0.044842
     9  H    0.282334   0.051366   0.655664  -0.051543   0.061423  -0.052807
    10  H   -0.022055   0.093162  -0.051543   0.606100  -0.023950   0.283240
    11  H   -0.118414  -0.097696   0.061423  -0.023950   1.514252  -0.217708
    12  H    0.016490  -0.044842  -0.052807   0.283240  -0.217708   0.976531
 Mulliken charges:
               1
     1  H    0.051995
     2  H   -0.159841
     3  H    0.131664
     4  H    0.152751
     5  H   -0.077811
     6  H   -0.098758
     7  H   -0.098758
     8  H   -0.077811
     9  H    0.152751
    10  H    0.131664
    11  H   -0.159841
    12  H    0.051995
 Sum of Mulliken charges =  -0.00000
 Mulliken charges with hydrogens summed into heavy atoms:
               1
 Electronic spatial extent (au):  <R**2>=            225.4749
 Charge=              0.0000 electrons
 Dipole moment (field-independent basis, Debye):
    X=             -0.0000    Y=             -0.0000    Z=             -0.0000  Tot=              0.0000
 Quadrupole moment (field-independent basis, Debye-Ang):
   XX=            -13.6655   YY=            -20.0335   ZZ=            -15.3524
   XY=              0.2860   XZ=              0.0000   YZ=             -0.0000
 Traceless Quadrupole moment (field-independent basis, Debye-Ang):
   XX=              2.6850   YY=             -3.6831   ZZ=              0.9981
   XY=              0.2860   XZ=              0.0000   YZ=             -0.0000
 Octapole moment (field-independent basis, Debye-Ang**2):
  XXX=             -0.0000  YYY=             -0.0000  ZZZ=              0.0000  XYY=             -0.0000
  XXY=             -0.0000  XXZ=              0.0000  XZZ=             -0.0000  YZZ=             -0.0000
  YYZ=              0.0000  XYZ=             -0.0000
 Hexadecapole moment (field-independent basis, Debye-Ang**3):
 XXXX=           -342.2692 YYYY=           -134.6132 ZZZZ=            -18.4308 XXXY=            -70.6412
 XXXZ=             -0.0000 YYYX=            -85.9610 YYYZ=             -0.0000 ZZZX=             -0.0000
 ZZZY=             -0.0000 XXYY=            -85.5709 XXZZ=            -59.9969 YYZZ=            -22.5353
 XXYZ=             -0.0000 YYXZ=             -0.0000 ZZXY=            -23.6326
 N-N= 1.741109666864D+01 E-N=-4.592535085085D+01  KE= 6.472830663741D+00
 Symmetry AG   KE= 1.313318757723D+00
 Symmetry BG   KE= 0.000000000000D+00
 Symmetry AU   KE= 0.000000000000D+00
 Symmetry BU   KE= 5.159511906018D+00

 Test job not archived.
 1\1\GINC-SULU\Stability\RHF\Gen\H12\LCJ1\14-Feb-2017\0\\#rhf/gen scf(s
 ymm,tight,novaracc,noincfock,fulldiag) stable(crhf) guess=read geom=no
 crowd test\\hf stability analysis of h10 triangular lattice, y= 1.0420
 355127918348\\0,1\H\H,1,1.1801781946\H,1,1.1801781946,2,56.\H,2,1.1801
 781946,1,124.,3,0.,0\H,3,1.1801781946,1,180.,2,0.,0\H,4,1.1801781946,2
 ,180.,1,0.,0\H,5,1.1801781946,3,180.,2,0.,0\H,6,1.1801781946,4,180.,1,
 0.,0\H,7,1.1801781946,5,180.,2,0.,0\H,8,1.1801781946,6,180.,1,0.,0\H,9
 ,1.1801781946,7,180.,2,0.,0\H,10,1.1801781946,8,180.,1,0.,0\\Version=E
 S64L-G09RevE.01\State=1-AG\HF=-5.4335695\MP2=-5.54289\RMSD=3.900e-09\D
 ipole=0.,0.,0.\Quadrupole=-1.5184878,0.7420274,0.7764604,0.,2.0814427,
 0.\PG=C02H [SGH(H12)]\\@


 In the beginning the Universe was created.
 This has made a lot of people very angry
 and been widely regarded as a bad move.
                               -D.Adams
 Job cpu time:       0 days  0 hours  0 minutes  0.9 seconds.
 File lengths (MBytes):  RWF=     84 Int=      0 D2E=      0 Chk=      2 Scr=      2
 Normal termination of Gaussian 09 at Tue Feb 14 17:43:44 2017.
