 Entering Gaussian System, Link 0=g09
 AtFile(1): H.gbs
            H     0
            S   10   1.00
               1000.000000000000            0.000068713567
                316.227766000000            0.000169141320
                100.000000000000            0.000823394812
                 31.622776600000            0.003425569236
                 10.000000000000            0.013951996000
                  3.162277660000            0.056909313560
                  1.000000000000            0.198286399900
                  0.316227766000            0.496922426700
                  0.100000000000            0.369846276400
                  0.031622776600            0.003752720039
            ****
 Initial command:
 /projects/guscus/apps/gau/g09-e1/g09/l1.exe "/users/lcj1/gaussian/h12/rhfstability/2rows/alterguess/2to4/Gau-18053.inp" -scrdir="/users/lcj1/gaussian/h12/rhfstability/2rows/alterguess/2to4/"
 Entering Link 1 = /projects/guscus/apps/gau/g09-e1/g09/l1.exe PID=     18054.
  
 Copyright (c) 1988,1990,1992,1993,1995,1998,2003,2009,2015,
            Gaussian, Inc.  All Rights Reserved.
  
 This is part of the Gaussian(R) 09 program.  It is based on
 the Gaussian(R) 03 system (copyright 2003, Gaussian, Inc.),
 the Gaussian(R) 98 system (copyright 1998, Gaussian, Inc.),
 the Gaussian(R) 94 system (copyright 1995, Gaussian, Inc.),
 the Gaussian 92(TM) system (copyright 1992, Gaussian, Inc.),
 the Gaussian 90(TM) system (copyright 1990, Gaussian, Inc.),
 the Gaussian 88(TM) system (copyright 1988, Gaussian, Inc.),
 the Gaussian 86(TM) system (copyright 1986, Carnegie Mellon
 University), and the Gaussian 82(TM) system (copyright 1983,
 Carnegie Mellon University). Gaussian is a federally registered
 trademark of Gaussian, Inc.
  
 This software contains proprietary and confidential information,
 including trade secrets, belonging to Gaussian, Inc.
  
 This software is provided under written license and may be
 used, copied, transmitted, or stored only in accord with that
 written license.
  
 The following legend is applicable only to US Government
 contracts under FAR:
  
                    RESTRICTED RIGHTS LEGEND
  
 Use, reproduction and disclosure by the US Government is
 subject to restrictions as set forth in subparagraphs (a)
 and (c) of the Commercial Computer Software - Restricted
 Rights clause in FAR 52.227-19.
  
 Gaussian, Inc.
 340 Quinnipiac St., Bldg. 40, Wallingford CT 06492
  
  
 ---------------------------------------------------------------
 Warning -- This program may not be used in any manner that
 competes with the business of Gaussian, Inc. or will provide
 assistance to any competitor of Gaussian, Inc.  The licensee
 of this program is prohibited from giving any competitor of
 Gaussian, Inc. access to this program.  By using this program,
 the user acknowledges that Gaussian, Inc. is engaged in the
 business of creating and licensing software in the field of
 computational chemistry and represents and warrants to the
 licensee that it is not a competitor of Gaussian, Inc. and that
 it will not use this program in any manner prohibited above.
 ---------------------------------------------------------------
  

 Cite this work as:
 Gaussian 09, Revision E.01,
 M. J. Frisch, G. W. Trucks, H. B. Schlegel, G. E. Scuseria, 
 M. A. Robb, J. R. Cheeseman, G. Scalmani, V. Barone, B. Mennucci, 
 G. A. Petersson, H. Nakatsuji, M. Caricato, X. Li, H. P. Hratchian, 
 A. F. Izmaylov, J. Bloino, G. Zheng, J. L. Sonnenberg, M. Hada, 
 M. Ehara, K. Toyota, R. Fukuda, J. Hasegawa, M. Ishida, T. Nakajima, 
 Y. Honda, O. Kitao, H. Nakai, T. Vreven, J. A. Montgomery, Jr., 
 J. E. Peralta, F. Ogliaro, M. Bearpark, J. J. Heyd, E. Brothers, 
 K. N. Kudin, V. N. Staroverov, T. Keith, R. Kobayashi, J. Normand, 
 K. Raghavachari, A. Rendell, J. C. Burant, S. S. Iyengar, J. Tomasi, 
 M. Cossi, N. Rega, J. M. Millam, M. Klene, J. E. Knox, J. B. Cross, 
 V. Bakken, C. Adamo, J. Jaramillo, R. Gomperts, R. E. Stratmann, 
 O. Yazyev, A. J. Austin, R. Cammi, C. Pomelli, J. W. Ochterski, 
 R. L. Martin, K. Morokuma, V. G. Zakrzewski, G. A. Voth, 
 P. Salvador, J. J. Dannenberg, S. Dapprich, A. D. Daniels, 
 O. Farkas, J. B. Foresman, J. V. Ortiz, J. Cioslowski, 
 and D. J. Fox, Gaussian, Inc., Wallingford CT, 2013.
 
 ******************************************
 Gaussian 09:  ES64L-G09RevE.01 30-Nov-2015
                14-Feb-2017 
 ******************************************
 %chk=h12.chk
 ----------------------------------------------------------------------
 #rhf/gen scf(symm,tight,novaracc,noincfock,fulldiag) stable(crhf) gues
 s=read geom=nocrowd test
 ----------------------------------------------------------------------
 1/38=1/1;
 2/12=1,17=6,18=5,40=1/2;
 3/5=7,16=1,25=1,30=1,116=1/1,2,3;
 4/5=1,9=4/1;
 5/5=100002,15=2,16=1,32=2,38=6/2;
 8/6=1,10=90,11=11/1,4;
 9/8=4,13=1/2;
 6/7=2,8=2,9=2,10=2,28=1/1;
 99/5=1,9=1/99;
 ----------------------------------------------------------------------
 hf stability analysis of h10 triangular lattice, y= 0.8007574317254395
 6
 ----------------------------------------------------------------------
 Symbolic Z-matrix:
 Charge =  0 Multiplicity = 1
 H
 H                    1     1.07753 
 H                    1     1.07753  2     84. 
 H                    2     1.07753  1     96.      3     0.       0
 H                    3     1.07753  1     180.     2     0.       0
 H                    4     1.07753  2     180.     1     0.       0
 H                    5     1.07753  3     180.     2     0.       0
 H                    6     1.07753  4     180.     1     0.       0
 H                    7     1.07753  5     180.     2     0.       0
 H                    8     1.07753  6     180.     1     0.       0
 H                    9     1.07753  7     180.     2     0.       0
 H                    10    1.07753  8     180.     1     0.       0
 
                          Input orientation:                          
 ---------------------------------------------------------------------
 Center     Atomic      Atomic             Coordinates (Angstroms)
 Number     Number       Type             X           Y           Z
 ---------------------------------------------------------------------
      1          1           0        0.000000    0.000000    0.000000
      2          1           0        0.000000    0.000000    1.077525
      3          1           0        1.071623    0.000000    0.112632
      4          1           0        1.071623    0.000000    1.190157
      5          1           0        2.143245    0.000000    0.225264
      6          1           0        2.143245    0.000000    1.302790
      7          1           0        3.214868    0.000000    0.337896
      8          1           0        3.214868    0.000000    1.415422
      9          1           0        4.286490    0.000000    0.450528
     10          1           0        4.286490    0.000000    1.528054
     11          1           0        5.358113    0.000000    0.563160
     12          1           0        5.358113    0.000000    1.640686
 ---------------------------------------------------------------------
                    Distance matrix (angstroms):
                    1          2          3          4          5
     1  H    0.000000
     2  H    1.077525   0.000000
     3  H    1.077525   1.442010   0.000000
     4  H    1.601515   1.077525   1.077525   0.000000
     5  H    2.155051   2.306480   1.077525   1.442010   0.000000
     6  H    2.508139   2.155051   1.601515   1.077525   1.077525
     7  H    3.232576   3.298852   2.155051   2.306480   1.077525
     8  H    3.512662   3.232576   2.508139   2.155051   1.601515
     9  H    4.310102   4.332104   3.232576   3.298852   2.155051
    10  H    4.550708   4.310102   3.512662   3.232576   2.508139
    11  H    5.387627   5.382745   4.310102   4.332104   3.232576
    12  H    5.603680   5.387627   4.550708   4.310102   3.512662
                    6          7          8          9         10
     6  H    0.000000
     7  H    1.442010   0.000000
     8  H    1.077525   1.077525   0.000000
     9  H    2.306480   1.077525   1.442010   0.000000
    10  H    2.155051   1.601515   1.077525   1.077525   0.000000
    11  H    3.298852   2.155051   2.306480   1.077525   1.442010
    12  H    3.232576   2.508139   2.155051   1.601515   1.077525
                   11         12
    11  H    0.000000
    12  H    1.077525   0.000000
 Stoichiometry    H12
 Framework group  C2H[SGH(H12)]
 Deg. of freedom    11
 Full point group                 C2H     NOp   4
 Largest Abelian subgroup         C2H     NOp   4
 Largest concise Abelian subgroup C2      NOp   2
                         Standard orientation:                         
 ---------------------------------------------------------------------
 Center     Atomic      Atomic             Coordinates (Angstroms)
 Number     Number       Type             X           Y           Z
 ---------------------------------------------------------------------
      1          1           0        2.402272    1.442010    0.000000
      2          1           0        1.601515    2.163016    0.000000
      3          1           0        1.601515    0.721005    0.000000
      4          1           0        0.800757    1.442010    0.000000
      5          1           0        0.800757    0.000000    0.000000
      6          1           0        0.000000    0.721005    0.000000
      7          1           0       -0.000000   -0.721005    0.000000
      8          1           0       -0.800757    0.000000    0.000000
      9          1           0       -0.800757   -1.442010    0.000000
     10          1           0       -1.601515   -0.721005    0.000000
     11          1           0       -1.601515   -2.163016    0.000000
     12          1           0       -2.402272   -1.442010    0.000000
 ---------------------------------------------------------------------
 Rotational constants (GHZ):    145.7039131     12.3272116     11.3656279
 General basis read from cards:  (5D, 7F)
 There are     6 symmetry adapted cartesian basis functions of AG  symmetry.
 There are     0 symmetry adapted cartesian basis functions of BG  symmetry.
 There are     0 symmetry adapted cartesian basis functions of AU  symmetry.
 There are     6 symmetry adapted cartesian basis functions of BU  symmetry.
 There are     6 symmetry adapted basis functions of AG  symmetry.
 There are     0 symmetry adapted basis functions of BG  symmetry.
 There are     0 symmetry adapted basis functions of AU  symmetry.
 There are     6 symmetry adapted basis functions of BU  symmetry.
    12 basis functions,   120 primitive gaussians,    12 cartesian basis functions
     6 alpha electrons        6 beta electrons
       nuclear repulsion energy        18.3432709897 Hartrees.
 NAtoms=   12 NActive=   12 NUniq=    6 SFac= 4.00D+00 NAtFMM=   60 NAOKFM=F Big=F
 Integral buffers will be    131072 words long.
 Regular integral format.
 Two-electron integral symmetry is turned on.
 One-electron integrals computed using PRISM.
 NBasis=    12 RedAO= T EigKep=  1.17D-01  NBF=     6     0     0     6
 NBsUse=    12 1.00D-06 EigRej= -1.00D+00 NBFU=     6     0     0     6
 Initial guess from the checkpoint file:  "h12.chk"
 B after Tr=     0.000000    0.000000    0.000000
         Rot=    0.999973   -0.000000    0.000000    0.007349 Ang=   0.84 deg.
 Initial guess orbital symmetries:
       Occupied  (AG) (BU) (AG) (BU) (BU) (BU)
       Virtual   (AG) (AG) (AG) (BU) (BU) (AG)
 Keep R1 ints in memory in symmetry-blocked form, NReq=900494.
 Requested convergence on RMS density matrix=1.00D-08 within 128 cycles.
 Requested convergence on MAX density matrix=1.00D-06.
 Requested convergence on             energy=1.00D-06.
 No special actions if energy rises.
 SCF Done:  E(RHF) =  -5.52580285767     A.U. after    9 cycles
            NFock=  9  Conv=0.40D-08     -V/T= 1.8525
 Range of M.O.s used for correlation:     1    12
 NBasis=    12 NAE=     6 NBE=     6 NFC=     0 NFV=     0
 NROrb=     12 NOA=     6 NOB=     6 NVA=     6 NVB=     6

 **** Warning!!: The smallest alpha delta epsilon is -0.29108437D-01

 Semi-Direct transformation.
 ModeAB=           4 MOrb=             6 LenV=     134087699
 LASXX=         2181 LTotXX=        2181 LenRXX=        5115
 LTotAB=        2934 MaxLAS=        3024 LenRXY=           0
 NonZer=        7296 LenScr=      655360 LnRSAI=        3024
 LnScr1=      655360 LExtra=           0 Total=      1318859
 MaxDsk=          -1 SrtSym=           T ITran=            3
 JobTyp=0 Pass  1:  I=   1 to   6.
 (rs|ai) integrals will be sorted in core.
 Spin components of T(2) and E(2):
     alpha-alpha T2 =       0.3353754630D-01 E2=     -0.2359261162D-01
     alpha-beta  T2 =       0.3178087870D+01 E2=     -0.5304113393D-01
     beta-beta   T2 =       0.3353754630D-01 E2=     -0.2359261162D-01
 ANorm=    0.2060379325D+01
 E2 =    -0.1002263572D+00 EUMP2 =    -0.56260292148474D+01
 Second order stability test of a single determinant RHF wave function:
 Stabil:  MDV=134217728
 ***********************************************************************
 Matrix         Lowest Root    Major Pairs
 ***********************************************************************
 Internal RHF    -0.190492     6A=7A 5A=8A 4A=7A 6A=9A 4A=9A
 RRHF --> CRHF   -0.2265768    6A=7A
 RRHF --> RUHF   -0.4372285    6A=7B
 Not stable.
 ***********************************************************************

 **********************************************************************

            Population analysis using the SCF density.

 **********************************************************************

 Orbital symmetries:
       Occupied  (AG) (BU) (AG) (BU) (BU) (BU)
       Virtual   (AG) (AG) (AG) (BU) (BU) (AG)
 The electronic state is 1-AG.
 Alpha  occ. eigenvalues --   -0.88266  -0.80278  -0.63458  -0.43584  -0.41252
 Alpha  occ. eigenvalues --   -0.13420
 Alpha virt. eigenvalues --   -0.16331   0.04839   0.29744   0.41393   0.60198
 Alpha virt. eigenvalues --    0.93642
          Condensed to atoms (all electrons):
               1          2          3          4          5          6
     1  H    1.023331  -0.031748   0.280534  -0.126113  -0.123368   0.002832
     2  H   -0.031748   1.165642  -0.151819   0.225334  -0.006993  -0.139007
     3  H    0.280534  -0.151819   0.712757  -0.050801   0.067702   0.065035
     4  H   -0.126113   0.225334  -0.050801   0.668617   0.076341   0.110131
     5  H   -0.123368  -0.006993   0.067702   0.076341   1.174868  -0.181575
     6  H    0.002832  -0.139007   0.065035   0.110131  -0.181575   1.261514
     7  H   -0.011812   0.020065  -0.043880  -0.025859   0.398535  -0.355288
     8  H    0.012570  -0.007837  -0.018038  -0.028583  -0.278528   0.398535
     9  H    0.004087  -0.001685   0.012485  -0.019013  -0.028583  -0.025859
    10  H   -0.001300   0.004734  -0.013212   0.012485  -0.018038  -0.043880
    11  H    0.000452  -0.000976   0.004734  -0.001685  -0.007837   0.020065
    12  H   -0.000547   0.000452  -0.001300   0.004087   0.012570  -0.011812
               7          8          9         10         11         12
     1  H   -0.011812   0.012570   0.004087  -0.001300   0.000452  -0.000547
     2  H    0.020065  -0.007837  -0.001685   0.004734  -0.000976   0.000452
     3  H   -0.043880  -0.018038   0.012485  -0.013212   0.004734  -0.001300
     4  H   -0.025859  -0.028583  -0.019013   0.012485  -0.001685   0.004087
     5  H    0.398535  -0.278528  -0.028583  -0.018038  -0.007837   0.012570
     6  H   -0.355288   0.398535  -0.025859  -0.043880   0.020065  -0.011812
     7  H    1.261514  -0.181575   0.110131   0.065035  -0.139007   0.002832
     8  H   -0.181575   1.174868   0.076341   0.067702  -0.006993  -0.123368
     9  H    0.110131   0.076341   0.668617  -0.050801   0.225334  -0.126113
    10  H    0.065035   0.067702  -0.050801   0.712757  -0.151819   0.280534
    11  H   -0.139007  -0.006993   0.225334  -0.151819   1.165642  -0.031748
    12  H    0.002832  -0.123368  -0.126113   0.280534  -0.031748   1.023331
 Mulliken charges:
               1
     1  H   -0.028918
     2  H   -0.076161
     3  H    0.135802
     4  H    0.155060
     5  H   -0.085092
     6  H   -0.100691
     7  H   -0.100691
     8  H   -0.085092
     9  H    0.155060
    10  H    0.135802
    11  H   -0.076161
    12  H   -0.028918
 Sum of Mulliken charges =  -0.00000
 Mulliken charges with hydrogens summed into heavy atoms:
               1
 Electronic spatial extent (au):  <R**2>=            196.6985
 Charge=             -0.0000 electrons
 Dipole moment (field-independent basis, Debye):
    X=             -0.0000    Y=              0.0000    Z=              0.0000  Tot=              0.0000
 Quadrupole moment (field-independent basis, Debye-Ang):
   XX=            -18.2015   YY=            -19.2202   ZZ=            -15.2257
   XY=             -0.2180   XZ=             -0.0000   YZ=             -0.0000
 Traceless Quadrupole moment (field-independent basis, Debye-Ang):
   XX=             -0.6524   YY=             -1.6711   ZZ=              2.3235
   XY=             -0.2180   XZ=             -0.0000   YZ=             -0.0000
 Octapole moment (field-independent basis, Debye-Ang**2):
  XXX=              0.0000  YYY=             -0.0000  ZZZ=             -0.0000  XYY=             -0.0000
  XXY=             -0.0000  XXZ=             -0.0000  XZZ=              0.0000  YZZ=             -0.0000
  YYZ=             -0.0000  XYZ=             -0.0000
 Hexadecapole moment (field-independent basis, Debye-Ang**3):
 XXXX=           -244.0911 YYYY=           -210.7588 ZZZZ=            -18.1279 XXXY=            -88.7389
 XXXZ=             -0.0000 YYYX=            -91.6513 YYYZ=             -0.0000 ZZZX=             -0.0000
 ZZZY=             -0.0000 XXYY=            -80.7014 XXZZ=            -38.8806 YYZZ=            -33.0190
 XXYZ=             -0.0000 YYXZ=             -0.0000 ZZXY=            -24.0628
 N-N= 1.834327098966D+01 E-N=-4.761470302856D+01  KE= 6.481714085995D+00
 Symmetry AG   KE= 1.343199851719D+00
 Symmetry BG   KE= 0.000000000000D+00
 Symmetry AU   KE= 0.000000000000D+00
 Symmetry BU   KE= 5.138514234275D+00

 Test job not archived.
 1\1\GINC-SULU\Stability\RHF\Gen\H12\LCJ1\14-Feb-2017\0\\#rhf/gen scf(s
 ymm,tight,novaracc,noincfock,fulldiag) stable(crhf) guess=read geom=no
 crowd test\\hf stability analysis of h10 triangular lattice, y= 0.8007
 5743172543956\\0,1\H\H,1,1.077525386\H,1,1.077525386,2,84.\H,2,1.07752
 5386,1,96.,3,0.,0\H,3,1.077525386,1,180.,2,0.,0\H,4,1.077525386,2,180.
 ,1,0.,0\H,5,1.077525386,3,180.,2,0.,0\H,6,1.077525386,4,180.,1,0.,0\H,
 7,1.077525386,5,180.,2,0.,0\H,8,1.077525386,6,180.,1,0.,0\H,9,1.077525
 386,7,180.,2,0.,0\H,10,1.077525386,8,180.,1,0.,0\\Version=ES64L-G09Rev
 E.01\State=1-AG\HF=-5.5258029\MP2=-5.6260292\RMSD=3.986e-09\Dipole=0.,
 0.,0.\Quadrupole=-1.064452,1.7274293,-0.6629773,0.,0.3596709,0.\PG=C02
 H [SGH(H12)]\\@


 SUCCESS IS COUNTED SWEETEST
 BY THOSE WHO NE'ER SUCCEED.
 TO COMPREHEND NECTAR
 REQUIRES SOREST NEED.
           EMILY DICKINSON
 Job cpu time:       0 days  0 hours  0 minutes  1.0 seconds.
 File lengths (MBytes):  RWF=     84 Int=      0 D2E=      0 Chk=      2 Scr=      2
 Normal termination of Gaussian 09 at Tue Feb 14 17:43:12 2017.
