 Entering Gaussian System, Link 0=g09
 AtFile(1): H.gbs
            H     0
            S   10   1.00
               1000.000000000000            0.000068713567
                316.227766000000            0.000169141320
                100.000000000000            0.000823394812
                 31.622776600000            0.003425569236
                 10.000000000000            0.013951996000
                  3.162277660000            0.056909313560
                  1.000000000000            0.198286399900
                  0.316227766000            0.496922426700
                  0.100000000000            0.369846276400
                  0.031622776600            0.003752720039
            ****
 Initial command:
 /projects/guscus/apps/gau/g09-e1/g09/l1.exe "/users/lcj1/gaussian/h12/rhfstability/2rows/alterguess/2to4/Gau-18541.inp" -scrdir="/users/lcj1/gaussian/h12/rhfstability/2rows/alterguess/2to4/"
 Entering Link 1 = /projects/guscus/apps/gau/g09-e1/g09/l1.exe PID=     18542.
  
 Copyright (c) 1988,1990,1992,1993,1995,1998,2003,2009,2015,
            Gaussian, Inc.  All Rights Reserved.
  
 This is part of the Gaussian(R) 09 program.  It is based on
 the Gaussian(R) 03 system (copyright 2003, Gaussian, Inc.),
 the Gaussian(R) 98 system (copyright 1998, Gaussian, Inc.),
 the Gaussian(R) 94 system (copyright 1995, Gaussian, Inc.),
 the Gaussian 92(TM) system (copyright 1992, Gaussian, Inc.),
 the Gaussian 90(TM) system (copyright 1990, Gaussian, Inc.),
 the Gaussian 88(TM) system (copyright 1988, Gaussian, Inc.),
 the Gaussian 86(TM) system (copyright 1986, Carnegie Mellon
 University), and the Gaussian 82(TM) system (copyright 1983,
 Carnegie Mellon University). Gaussian is a federally registered
 trademark of Gaussian, Inc.
  
 This software contains proprietary and confidential information,
 including trade secrets, belonging to Gaussian, Inc.
  
 This software is provided under written license and may be
 used, copied, transmitted, or stored only in accord with that
 written license.
  
 The following legend is applicable only to US Government
 contracts under FAR:
  
                    RESTRICTED RIGHTS LEGEND
  
 Use, reproduction and disclosure by the US Government is
 subject to restrictions as set forth in subparagraphs (a)
 and (c) of the Commercial Computer Software - Restricted
 Rights clause in FAR 52.227-19.
  
 Gaussian, Inc.
 340 Quinnipiac St., Bldg. 40, Wallingford CT 06492
  
  
 ---------------------------------------------------------------
 Warning -- This program may not be used in any manner that
 competes with the business of Gaussian, Inc. or will provide
 assistance to any competitor of Gaussian, Inc.  The licensee
 of this program is prohibited from giving any competitor of
 Gaussian, Inc. access to this program.  By using this program,
 the user acknowledges that Gaussian, Inc. is engaged in the
 business of creating and licensing software in the field of
 computational chemistry and represents and warrants to the
 licensee that it is not a competitor of Gaussian, Inc. and that
 it will not use this program in any manner prohibited above.
 ---------------------------------------------------------------
  

 Cite this work as:
 Gaussian 09, Revision E.01,
 M. J. Frisch, G. W. Trucks, H. B. Schlegel, G. E. Scuseria, 
 M. A. Robb, J. R. Cheeseman, G. Scalmani, V. Barone, B. Mennucci, 
 G. A. Petersson, H. Nakatsuji, M. Caricato, X. Li, H. P. Hratchian, 
 A. F. Izmaylov, J. Bloino, G. Zheng, J. L. Sonnenberg, M. Hada, 
 M. Ehara, K. Toyota, R. Fukuda, J. Hasegawa, M. Ishida, T. Nakajima, 
 Y. Honda, O. Kitao, H. Nakai, T. Vreven, J. A. Montgomery, Jr., 
 J. E. Peralta, F. Ogliaro, M. Bearpark, J. J. Heyd, E. Brothers, 
 K. N. Kudin, V. N. Staroverov, T. Keith, R. Kobayashi, J. Normand, 
 K. Raghavachari, A. Rendell, J. C. Burant, S. S. Iyengar, J. Tomasi, 
 M. Cossi, N. Rega, J. M. Millam, M. Klene, J. E. Knox, J. B. Cross, 
 V. Bakken, C. Adamo, J. Jaramillo, R. Gomperts, R. E. Stratmann, 
 O. Yazyev, A. J. Austin, R. Cammi, C. Pomelli, J. W. Ochterski, 
 R. L. Martin, K. Morokuma, V. G. Zakrzewski, G. A. Voth, 
 P. Salvador, J. J. Dannenberg, S. Dapprich, A. D. Daniels, 
 O. Farkas, J. B. Foresman, J. V. Ortiz, J. Cioslowski, 
 and D. J. Fox, Gaussian, Inc., Wallingford CT, 2013.
 
 ******************************************
 Gaussian 09:  ES64L-G09RevE.01 30-Nov-2015
                14-Feb-2017 
 ******************************************
 %chk=h12.chk
 ----------------------------------------------------------------------
 #rhf/gen scf(symm,tight,novaracc,noincfock,fulldiag) stable(crhf) gues
 s=read geom=nocrowd test
 ----------------------------------------------------------------------
 1/38=1/1;
 2/12=1,17=6,18=5,40=1/2;
 3/5=7,16=1,25=1,30=1,116=1/1,2,3;
 4/5=1,9=4/1;
 5/5=100002,15=2,16=1,32=2,38=6/2;
 8/6=1,10=90,11=11/1,4;
 9/8=4,13=1/2;
 6/7=2,8=2,9=2,10=2,28=1/1;
 99/5=1,9=1/99;
 ----------------------------------------------------------------------
 hf stability analysis of h10 triangular lattice, y= 1.0000000336490449
 ----------------------------------------------------------------------
 Symbolic Z-matrix:
 Charge =  0 Multiplicity = 1
 H
 H                    1     1.1547 
 H                    1     1.1547   2     60. 
 H                    2     1.1547   1     120.     3     0.       0
 H                    3     1.1547   1     180.     2     0.       0
 H                    4     1.1547   2     180.     1     0.       0
 H                    5     1.1547   3     180.     2     0.       0
 H                    6     1.1547   4     180.     1     0.       0
 H                    7     1.1547   5     180.     2     0.       0
 H                    8     1.1547   6     180.     1     0.       0
 H                    9     1.1547   7     180.     2     0.       0
 H                    10    1.1547   8     180.     1     0.       0
 
                          Input orientation:                          
 ---------------------------------------------------------------------
 Center     Atomic      Atomic             Coordinates (Angstroms)
 Number     Number       Type             X           Y           Z
 ---------------------------------------------------------------------
      1          1           0        0.000000    0.000000    0.000000
      2          1           0        0.000000    0.000000    1.154701
      3          1           0        1.000000    0.000000    0.577350
      4          1           0        1.000000    0.000000    1.732051
      5          1           0        2.000000    0.000000    1.154701
      6          1           0        2.000000    0.000000    2.309401
      7          1           0        3.000000    0.000000    1.732051
      8          1           0        3.000000    0.000000    2.886751
      9          1           0        4.000000    0.000000    2.309401
     10          1           0        4.000000    0.000000    3.464102
     11          1           0        5.000000    0.000000    2.886751
     12          1           0        5.000000    0.000000    4.041452
 ---------------------------------------------------------------------
                    Distance matrix (angstroms):
                    1          2          3          4          5
     1  H    0.000000
     2  H    1.154701   0.000000
     3  H    1.154701   1.154701   0.000000
     4  H    2.000000   1.154701   1.154701   0.000000
     5  H    2.309401   2.000000   1.154701   1.154701   0.000000
     6  H    3.055051   2.309401   2.000000   1.154701   1.154701
     7  H    3.464102   3.055051   2.309401   2.000000   1.154701
     8  H    4.163332   3.464102   3.055051   2.309401   2.000000
     9  H    4.618802   4.163332   3.464102   3.055051   2.309401
    10  H    5.291503   4.618802   4.163332   3.464102   3.055051
    11  H    5.773503   5.291503   4.618802   4.163332   3.464102
    12  H    6.429101   5.773503   5.291503   4.618802   4.163332
                    6          7          8          9         10
     6  H    0.000000
     7  H    1.154701   0.000000
     8  H    1.154701   1.154701   0.000000
     9  H    2.000000   1.154701   1.154701   0.000000
    10  H    2.309401   2.000000   1.154701   1.154701   0.000000
    11  H    3.055051   2.309401   2.000000   1.154701   1.154701
    12  H    3.464102   3.055051   2.309401   2.000000   1.154701
                   11         12
    11  H    0.000000
    12  H    1.154701   0.000000
 Stoichiometry    H12
 Framework group  C2H[SGH(H12)]
 Deg. of freedom    11
 Full point group                 C2H     NOp   4
 Largest Abelian subgroup         C2H     NOp   4
 Largest concise Abelian subgroup C2      NOp   2
                         Standard orientation:                         
 ---------------------------------------------------------------------
 Center     Atomic      Atomic             Coordinates (Angstroms)
 Number     Number       Type             X           Y           Z
 ---------------------------------------------------------------------
      1          1           0        3.000000    1.154701   -0.000000
      2          1           0        2.000000    1.732051   -0.000000
      3          1           0        2.000000    0.577350   -0.000000
      4          1           0        1.000000    1.154701   -0.000000
      5          1           0        1.000000    0.000000   -0.000000
      6          1           0        0.000000    0.577350   -0.000000
      7          1           0       -0.000000   -0.577350   -0.000000
      8          1           0       -1.000000    0.000000   -0.000000
      9          1           0       -1.000000   -1.154701   -0.000000
     10          1           0       -2.000000   -0.577350   -0.000000
     11          1           0       -2.000000   -1.732051   -0.000000
     12          1           0       -3.000000   -1.154701   -0.000000
 ---------------------------------------------------------------------
 Rotational constants (GHZ):    170.9737260     10.5052566      9.8971398
 General basis read from cards:  (5D, 7F)
 There are     6 symmetry adapted cartesian basis functions of AG  symmetry.
 There are     0 symmetry adapted cartesian basis functions of BG  symmetry.
 There are     0 symmetry adapted cartesian basis functions of AU  symmetry.
 There are     6 symmetry adapted cartesian basis functions of BU  symmetry.
 There are     6 symmetry adapted basis functions of AG  symmetry.
 There are     0 symmetry adapted basis functions of BG  symmetry.
 There are     0 symmetry adapted basis functions of AU  symmetry.
 There are     6 symmetry adapted basis functions of BU  symmetry.
    12 basis functions,   120 primitive gaussians,    12 cartesian basis functions
     6 alpha electrons        6 beta electrons
       nuclear repulsion energy        17.6268184009 Hartrees.
 NAtoms=   12 NActive=   12 NUniq=    6 SFac= 4.00D+00 NAtFMM=   60 NAOKFM=F Big=F
 Integral buffers will be    131072 words long.
 Regular integral format.
 Two-electron integral symmetry is turned on.
 One-electron integrals computed using PRISM.
 NBasis=    12 RedAO= T EigKep=  1.81D-01  NBF=     6     0     0     6
 NBsUse=    12 1.00D-06 EigRej= -1.00D+00 NBFU=     6     0     0     6
 Initial guess from the checkpoint file:  "h12.chk"
 B after Tr=     0.000000    0.000000   -0.000000
         Rot=    0.999973    0.000000    0.000000    0.007349 Ang=   0.84 deg.
 Initial guess orbital symmetries:
       Occupied  (AG) (BU) (AG) (BU) (BU) (BU)
       Virtual   (AG) (AG) (BU) (AG) (BU) (AG)
 Keep R1 ints in memory in symmetry-blocked form, NReq=899808.
 Requested convergence on RMS density matrix=1.00D-08 within 128 cycles.
 Requested convergence on MAX density matrix=1.00D-06.
 Requested convergence on             energy=1.00D-06.
 No special actions if energy rises.
 SCF Done:  E(RHF) =  -5.45772500031     A.U. after   10 cycles
            NFock= 10  Conv=0.38D-08     -V/T= 1.8435
 Range of M.O.s used for correlation:     1    12
 NBasis=    12 NAE=     6 NBE=     6 NFC=     0 NFV=     0
 NROrb=     12 NOA=     6 NOB=     6 NVA=     6 NVB=     6

 **** Warning!!: The smallest alpha delta epsilon is -0.30339109D-01

 Semi-Direct transformation.
 ModeAB=           4 MOrb=             6 LenV=     134087909
 LASXX=         2181 LTotXX=        2181 LenRXX=        5115
 LTotAB=        2934 MaxLAS=        3024 LenRXY=           0
 NonZer=        7296 LenScr=      655360 LnRSAI=        3024
 LnScr1=      655360 LExtra=           0 Total=      1318859
 MaxDsk=          -1 SrtSym=           T ITran=            3
 JobTyp=0 Pass  1:  I=   1 to   6.
 (rs|ai) integrals will be sorted in core.
 Spin components of T(2) and E(2):
     alpha-alpha T2 =       0.3211442080D-01 E2=     -0.2249324688D-01
     alpha-beta  T2 =       0.3247172177D+01 E2=     -0.6627855787D-01
     beta-beta   T2 =       0.3211442080D-01 E2=     -0.2249324688D-01
 ANorm=    0.2076391345D+01
 E2 =    -0.1112650516D+00 EUMP2 =    -0.55689900519445D+01
 Second order stability test of a single determinant RHF wave function:
 Stabil:  MDV=134217728
 ***********************************************************************
 Matrix         Lowest Root    Major Pairs
 ***********************************************************************
 Internal RHF    -0.180942     6A=7A
 RRHF --> CRHF   -0.2220132    6A=7A
 RRHF --> RUHF   -0.4465714    6A=7B
 Not stable.
 ***********************************************************************

 **********************************************************************

            Population analysis using the SCF density.

 **********************************************************************

 Orbital symmetries:
       Occupied  (AG) (BU) (AG) (BU) (BU) (BU)
       Virtual   (AG) (AG) (BU) (AG) (BU) (AG)
 The electronic state is 1-AG.
 Alpha  occ. eigenvalues --   -0.85500  -0.78484  -0.62953  -0.44385  -0.36036
 Alpha  occ. eigenvalues --   -0.08024
 Alpha virt. eigenvalues --   -0.11058   0.01465   0.29135   0.31280   0.60724
 Alpha virt. eigenvalues --    0.60943
          Condensed to atoms (all electrons):
               1          2          3          4          5          6
     1  H    0.901356  -0.155242   0.317141  -0.066371  -0.062268   0.014528
     2  H   -0.155242   1.492421  -0.113182   0.092566  -0.068438  -0.130707
     3  H    0.317141  -0.113182   0.676117  -0.052585   0.083370   0.006178
     4  H   -0.066371   0.092566  -0.052585   0.646588   0.060091   0.247640
     5  H   -0.062268  -0.068438   0.083370   0.060091   1.037974  -0.129525
     6  H    0.014528  -0.130707   0.006178   0.247640  -0.129525   1.458230
     7  H   -0.014915   0.035411  -0.029672  -0.070373   0.306208  -0.583359
     8  H    0.002561   0.005003  -0.012670   0.007581  -0.160671   0.306208
     9  H    0.001493  -0.001236   0.006549  -0.027581   0.007581  -0.070373
    10  H   -0.000392   0.002561  -0.002622   0.006549  -0.012670  -0.029672
    11  H    0.000337  -0.001618   0.002561  -0.001236   0.005003   0.035411
    12  H   -0.000115   0.000337  -0.000392   0.001493   0.002561  -0.014915
               7          8          9         10         11         12
     1  H   -0.014915   0.002561   0.001493  -0.000392   0.000337  -0.000115
     2  H    0.035411   0.005003  -0.001236   0.002561  -0.001618   0.000337
     3  H   -0.029672  -0.012670   0.006549  -0.002622   0.002561  -0.000392
     4  H   -0.070373   0.007581  -0.027581   0.006549  -0.001236   0.001493
     5  H    0.306208  -0.160671   0.007581  -0.012670   0.005003   0.002561
     6  H   -0.583359   0.306208  -0.070373  -0.029672   0.035411  -0.014915
     7  H    1.458230  -0.129525   0.247640   0.006178  -0.130707   0.014528
     8  H   -0.129525   1.037974   0.060091   0.083370  -0.068438  -0.062268
     9  H    0.247640   0.060091   0.646588  -0.052585   0.092566  -0.066371
    10  H    0.006178   0.083370  -0.052585   0.676117  -0.113182   0.317141
    11  H   -0.130707  -0.068438   0.092566  -0.113182   1.492421  -0.155242
    12  H    0.014528  -0.062268  -0.066371   0.317141  -0.155242   0.901356
 Mulliken charges:
               1
     1  H    0.061888
     2  H   -0.157876
     3  H    0.119209
     4  H    0.155638
     5  H   -0.069215
     6  H   -0.109644
     7  H   -0.109644
     8  H   -0.069215
     9  H    0.155638
    10  H    0.119209
    11  H   -0.157876
    12  H    0.061888
 Sum of Mulliken charges =   0.00000
 Mulliken charges with hydrogens summed into heavy atoms:
               1
 Electronic spatial extent (au):  <R**2>=            217.3220
 Charge=              0.0000 electrons
 Dipole moment (field-independent basis, Debye):
    X=              0.0000    Y=             -0.0000    Z=             -0.0000  Tot=              0.0000
 Quadrupole moment (field-independent basis, Debye-Ang):
   XX=            -13.4149   YY=            -20.1970   ZZ=            -15.3313
   XY=              0.5061   XZ=              0.0000   YZ=             -0.0000
 Traceless Quadrupole moment (field-independent basis, Debye-Ang):
   XX=              2.8995   YY=             -3.8826   ZZ=              0.9831
   XY=              0.5061   XZ=              0.0000   YZ=             -0.0000
 Octapole moment (field-independent basis, Debye-Ang**2):
  XXX=              0.0000  YYY=             -0.0000  ZZZ=              0.0000  XYY=              0.0000
  XXY=              0.0000  XXZ=              0.0000  XZZ=              0.0000  YZZ=             -0.0000
  YYZ=              0.0000  XYZ=              0.0000
 Hexadecapole moment (field-independent basis, Debye-Ang**3):
 XXXX=           -306.7821 YYYY=           -146.7803 ZZZZ=            -18.3774 XXXY=            -68.6937
 XXXZ=             -0.0000 YYYX=            -88.2459 YYYZ=             -0.0000 ZZZX=             -0.0000
 ZZZY=             -0.0000 XXYY=            -83.0830 XXZZ=            -55.7601 YYZZ=            -23.9197
 XXYZ=             -0.0000 YYXZ=             -0.0000 ZZXY=            -23.6919
 N-N= 1.762681840089D+01 E-N=-4.633195695252D+01  KE= 6.470508253253D+00
 Symmetry AG   KE= 1.315833588413D+00
 Symmetry BG   KE= 0.000000000000D+00
 Symmetry AU   KE= 0.000000000000D+00
 Symmetry BU   KE= 5.154674664840D+00

 Test job not archived.
 1\1\GINC-SULU\Stability\RHF\Gen\H12\LCJ1\14-Feb-2017\0\\#rhf/gen scf(s
 ymm,tight,novaracc,noincfock,fulldiag) stable(crhf) guess=read geom=no
 crowd test\\hf stability analysis of h10 triangular lattice, y= 1.0000
 000336490449\\0,1\H\H,1,1.1547005578\H,1,1.1547005578,2,60.\H,2,1.1547
 005578,1,120.,3,0.,0\H,3,1.1547005578,1,180.,2,0.,0\H,4,1.1547005578,2
 ,180.,1,0.,0\H,5,1.1547005578,3,180.,2,0.,0\H,6,1.1547005578,4,180.,1,
 0.,0\H,7,1.1547005578,5,180.,2,0.,0\H,8,1.1547005578,6,180.,1,0.,0\H,9
 ,1.1547005578,7,180.,2,0.,0\H,10,1.1547005578,8,180.,1,0.,0\\Version=E
 S64L-G09RevE.01\State=1-AG\HF=-5.457725\MP2=-5.5689901\RMSD=3.782e-09\
 Dipole=0.,0.,0.\Quadrupole=-1.3001562,0.7308879,0.5692683,0.,2.3715568
 ,0.\PG=C02H [SGH(H12)]\\@


 DIATOMIC MOLECULES ARE PECULIAR BECAUSE THEY ONLY HAVE TWO ENDS,
 AND THESE ENDS ARE VERY CLOSE TOGETHER.
 KLAUS RUEDENBERG, REV.MOD.PHYS. PG 176, 32, (1960)
 Job cpu time:       0 days  0 hours  0 minutes  0.9 seconds.
 File lengths (MBytes):  RWF=     84 Int=      0 D2E=      0 Chk=      2 Scr=      2
 Normal termination of Gaussian 09 at Tue Feb 14 17:43:40 2017.
