 Entering Gaussian System, Link 0=g09
 AtFile(1): H.gbs
            H     0
            S   10   1.00
               1000.000000000000            0.000068713567
                316.227766000000            0.000169141320
                100.000000000000            0.000823394812
                 31.622776600000            0.003425569236
                 10.000000000000            0.013951996000
                  3.162277660000            0.056909313560
                  1.000000000000            0.198286399900
                  0.316227766000            0.496922426700
                  0.100000000000            0.369846276400
                  0.031622776600            0.003752720039
            ****
 Initial command:
 /projects/guscus/apps/gau/g09-e1/g09/l1.exe "/users/lcj1/gaussian/h12/rhfstability/2rows/alterguess/2to4/Gau-18258.inp" -scrdir="/users/lcj1/gaussian/h12/rhfstability/2rows/alterguess/2to4/"
 Entering Link 1 = /projects/guscus/apps/gau/g09-e1/g09/l1.exe PID=     18259.
  
 Copyright (c) 1988,1990,1992,1993,1995,1998,2003,2009,2015,
            Gaussian, Inc.  All Rights Reserved.
  
 This is part of the Gaussian(R) 09 program.  It is based on
 the Gaussian(R) 03 system (copyright 2003, Gaussian, Inc.),
 the Gaussian(R) 98 system (copyright 1998, Gaussian, Inc.),
 the Gaussian(R) 94 system (copyright 1995, Gaussian, Inc.),
 the Gaussian 92(TM) system (copyright 1992, Gaussian, Inc.),
 the Gaussian 90(TM) system (copyright 1990, Gaussian, Inc.),
 the Gaussian 88(TM) system (copyright 1988, Gaussian, Inc.),
 the Gaussian 86(TM) system (copyright 1986, Carnegie Mellon
 University), and the Gaussian 82(TM) system (copyright 1983,
 Carnegie Mellon University). Gaussian is a federally registered
 trademark of Gaussian, Inc.
  
 This software contains proprietary and confidential information,
 including trade secrets, belonging to Gaussian, Inc.
  
 This software is provided under written license and may be
 used, copied, transmitted, or stored only in accord with that
 written license.
  
 The following legend is applicable only to US Government
 contracts under FAR:
  
                    RESTRICTED RIGHTS LEGEND
  
 Use, reproduction and disclosure by the US Government is
 subject to restrictions as set forth in subparagraphs (a)
 and (c) of the Commercial Computer Software - Restricted
 Rights clause in FAR 52.227-19.
  
 Gaussian, Inc.
 340 Quinnipiac St., Bldg. 40, Wallingford CT 06492
  
  
 ---------------------------------------------------------------
 Warning -- This program may not be used in any manner that
 competes with the business of Gaussian, Inc. or will provide
 assistance to any competitor of Gaussian, Inc.  The licensee
 of this program is prohibited from giving any competitor of
 Gaussian, Inc. access to this program.  By using this program,
 the user acknowledges that Gaussian, Inc. is engaged in the
 business of creating and licensing software in the field of
 computational chemistry and represents and warrants to the
 licensee that it is not a competitor of Gaussian, Inc. and that
 it will not use this program in any manner prohibited above.
 ---------------------------------------------------------------
  

 Cite this work as:
 Gaussian 09, Revision E.01,
 M. J. Frisch, G. W. Trucks, H. B. Schlegel, G. E. Scuseria, 
 M. A. Robb, J. R. Cheeseman, G. Scalmani, V. Barone, B. Mennucci, 
 G. A. Petersson, H. Nakatsuji, M. Caricato, X. Li, H. P. Hratchian, 
 A. F. Izmaylov, J. Bloino, G. Zheng, J. L. Sonnenberg, M. Hada, 
 M. Ehara, K. Toyota, R. Fukuda, J. Hasegawa, M. Ishida, T. Nakajima, 
 Y. Honda, O. Kitao, H. Nakai, T. Vreven, J. A. Montgomery, Jr., 
 J. E. Peralta, F. Ogliaro, M. Bearpark, J. J. Heyd, E. Brothers, 
 K. N. Kudin, V. N. Staroverov, T. Keith, R. Kobayashi, J. Normand, 
 K. Raghavachari, A. Rendell, J. C. Burant, S. S. Iyengar, J. Tomasi, 
 M. Cossi, N. Rega, J. M. Millam, M. Klene, J. E. Knox, J. B. Cross, 
 V. Bakken, C. Adamo, J. Jaramillo, R. Gomperts, R. E. Stratmann, 
 O. Yazyev, A. J. Austin, R. Cammi, C. Pomelli, J. W. Ochterski, 
 R. L. Martin, K. Morokuma, V. G. Zakrzewski, G. A. Voth, 
 P. Salvador, J. J. Dannenberg, S. Dapprich, A. D. Daniels, 
 O. Farkas, J. B. Foresman, J. V. Ortiz, J. Cioslowski, 
 and D. J. Fox, Gaussian, Inc., Wallingford CT, 2013.
 
 ******************************************
 Gaussian 09:  ES64L-G09RevE.01 30-Nov-2015
                14-Feb-2017 
 ******************************************
 %chk=h12.chk
 ----------------------------------------------------------------------
 #rhf/gen scf(symm,tight,novaracc,noincfock,fulldiag) stable(crhf) gues
 s=read geom=nocrowd test
 ----------------------------------------------------------------------
 1/38=1/1;
 2/12=1,17=6,18=5,40=1/2;
 3/5=7,16=1,25=1,30=1,116=1/1,2,3;
 4/5=1,9=4/1;
 5/5=100002,15=2,16=1,32=2,38=6/2;
 8/6=1,10=90,11=11/1,4;
 9/8=4,13=1/2;
 6/7=2,8=2,9=2,10=2,28=1/1;
 99/5=1,9=1/99;
 ----------------------------------------------------------------------
 hf stability analysis of h10 triangular lattice, y= 0.8753112166669652
 1
 ----------------------------------------------------------------------
 Symbolic Z-matrix:
 Charge =  0 Multiplicity = 1
 H
 H                    1     1.09601 
 H                    1     1.09601  2     74. 
 H                    2     1.09601  1     106.     3     0.       0
 H                    3     1.09601  1     180.     2     0.       0
 H                    4     1.09601  2     180.     1     0.       0
 H                    5     1.09601  3     180.     2     0.       0
 H                    6     1.09601  4     180.     1     0.       0
 H                    7     1.09601  5     180.     2     0.       0
 H                    8     1.09601  6     180.     1     0.       0
 H                    9     1.09601  7     180.     2     0.       0
 H                    10    1.09601  8     180.     1     0.       0
 
                          Input orientation:                          
 ---------------------------------------------------------------------
 Center     Atomic      Atomic             Coordinates (Angstroms)
 Number     Number       Type             X           Y           Z
 ---------------------------------------------------------------------
      1          1           0        0.000000    0.000000    0.000000
      2          1           0        0.000000    0.000000    1.096008
      3          1           0        1.053551    0.000000    0.302101
      4          1           0        1.053551    0.000000    1.398109
      5          1           0        2.107102    0.000000    0.604202
      6          1           0        2.107102    0.000000    1.700210
      7          1           0        3.160653    0.000000    0.906303
      8          1           0        3.160653    0.000000    2.002311
      9          1           0        4.214203    0.000000    1.208403
     10          1           0        4.214203    0.000000    2.304412
     11          1           0        5.267754    0.000000    1.510504
     12          1           0        5.267754    0.000000    2.606513
 ---------------------------------------------------------------------
                    Distance matrix (angstroms):
                    1          2          3          4          5
     1  H    0.000000
     2  H    1.096008   0.000000
     3  H    1.096008   1.319189   0.000000
     4  H    1.750622   1.096008   1.096008   0.000000
     5  H    2.192017   2.163736   1.096008   1.319189   0.000000
     6  H    2.707507   2.192017   1.750622   1.096008   1.096008
     7  H    3.288025   3.166341   2.192017   2.163736   1.096008
     8  H    3.741520   3.288025   2.707507   2.192017   1.750622
     9  H    4.384033   4.215702   3.288025   3.166341   2.192017
    10  H    4.803106   4.384033   3.741520   3.288025   2.707507
    11  H    5.480042   5.284037   4.384033   4.215702   3.288025
    12  H    5.877342   5.480042   4.803106   4.384033   3.741520
                    6          7          8          9         10
     6  H    0.000000
     7  H    1.319189   0.000000
     8  H    1.096008   1.096008   0.000000
     9  H    2.163736   1.096008   1.319189   0.000000
    10  H    2.192017   1.750622   1.096008   1.096008   0.000000
    11  H    3.166341   2.192017   2.163736   1.096008   1.319189
    12  H    3.288025   2.707507   2.192017   1.750622   1.096008
                   11         12
    11  H    0.000000
    12  H    1.096008   0.000000
 Stoichiometry    H12
 Framework group  C2H[SGH(H12)]
 Deg. of freedom    11
 Full point group                 C2H     NOp   4
 Largest Abelian subgroup         C2H     NOp   4
 Largest concise Abelian subgroup C2      NOp   2
                         Standard orientation:                         
 ---------------------------------------------------------------------
 Center     Atomic      Atomic             Coordinates (Angstroms)
 Number     Number       Type             X           Y           Z
 ---------------------------------------------------------------------
      1          1           0        2.625934    1.319189   -0.000000
      2          1           0        1.750622    1.978783   -0.000000
      3          1           0        1.750622    0.659594   -0.000000
      4          1           0        0.875311    1.319189   -0.000000
      5          1           0        0.875311    0.000000   -0.000000
      6          1           0        0.000000    0.659594    0.000000
      7          1           0       -0.000000   -0.659594    0.000000
      8          1           0       -0.875311    0.000000   -0.000000
      9          1           0       -0.875311   -1.319189    0.000000
     10          1           0       -1.750622   -0.659594   -0.000000
     11          1           0       -1.750622   -1.978783   -0.000000
     12          1           0       -2.625934   -1.319189   -0.000000
 ---------------------------------------------------------------------
 Rotational constants (GHZ):    151.6556614     11.8434282     10.9855225
 General basis read from cards:  (5D, 7F)
 There are     6 symmetry adapted cartesian basis functions of AG  symmetry.
 There are     0 symmetry adapted cartesian basis functions of BG  symmetry.
 There are     0 symmetry adapted cartesian basis functions of AU  symmetry.
 There are     6 symmetry adapted cartesian basis functions of BU  symmetry.
 There are     6 symmetry adapted basis functions of AG  symmetry.
 There are     0 symmetry adapted basis functions of BG  symmetry.
 There are     0 symmetry adapted basis functions of AU  symmetry.
 There are     6 symmetry adapted basis functions of BU  symmetry.
    12 basis functions,   120 primitive gaussians,    12 cartesian basis functions
     6 alpha electrons        6 beta electrons
       nuclear repulsion energy        18.1624486734 Hartrees.
 NAtoms=   12 NActive=   12 NUniq=    6 SFac= 4.00D+00 NAtFMM=   60 NAOKFM=F Big=F
 Integral buffers will be    131072 words long.
 Regular integral format.
 Two-electron integral symmetry is turned on.
 One-electron integrals computed using PRISM.
 NBasis=    12 RedAO= T EigKep=  1.33D-01  NBF=     6     0     0     6
 NBsUse=    12 1.00D-06 EigRej= -1.00D+00 NBFU=     6     0     0     6
 Initial guess from the checkpoint file:  "h12.chk"
 B after Tr=    -0.000000   -0.000000   -0.000000
         Rot=    0.999973   -0.000000    0.000000    0.007349 Ang=   0.84 deg.
 Initial guess orbital symmetries:
       Occupied  (AG) (BU) (AG) (BU) (BU) (BU)
       Virtual   (AG) (AG) (AG) (BU) (BU) (AG)
 Keep R1 ints in memory in symmetry-blocked form, NReq=900494.
 Requested convergence on RMS density matrix=1.00D-08 within 128 cycles.
 Requested convergence on MAX density matrix=1.00D-06.
 Requested convergence on             energy=1.00D-06.
 No special actions if energy rises.
 SCF Done:  E(RHF) =  -5.51283080672     A.U. after    9 cycles
            NFock=  9  Conv=0.60D-08     -V/T= 1.8511
 Range of M.O.s used for correlation:     1    12
 NBasis=    12 NAE=     6 NBE=     6 NFC=     0 NFV=     0
 NROrb=     12 NOA=     6 NOB=     6 NVA=     6 NVB=     6

 **** Warning!!: The smallest alpha delta epsilon is -0.29564101D-01

 Semi-Direct transformation.
 ModeAB=           4 MOrb=             6 LenV=     134087797
 LASXX=         2181 LTotXX=        2181 LenRXX=        5115
 LTotAB=        2934 MaxLAS=        3024 LenRXY=           0
 NonZer=        7296 LenScr=      655360 LnRSAI=        3024
 LnScr1=      655360 LExtra=           0 Total=      1318859
 MaxDsk=          -1 SrtSym=           T ITran=            3
 JobTyp=0 Pass  1:  I=   1 to   6.
 (rs|ai) integrals will be sorted in core.
 Spin components of T(2) and E(2):
     alpha-alpha T2 =       0.3285819687D-01 E2=     -0.2328580017D-01
     alpha-beta  T2 =       0.3166100018D+01 E2=     -0.5649281672D-01
     beta-beta   T2 =       0.3285819687D-01 E2=     -0.2328580017D-01
 ANorm=    0.2057137918D+01
 E2 =    -0.1030644170D+00 EUMP2 =    -0.56158952237731D+01
 Second order stability test of a single determinant RHF wave function:
 Stabil:  MDV=134217728
 ***********************************************************************
 Matrix         Lowest Root    Major Pairs
 ***********************************************************************
 Internal RHF    -0.1887852    6A=7A
 RRHF --> CRHF   -0.2265441    6A=7A
 RRHF --> RUHF   -0.4416185    6A=7B
 Not stable.
 ***********************************************************************

 **********************************************************************

            Population analysis using the SCF density.

 **********************************************************************

 Orbital symmetries:
       Occupied  (AG) (BU) (AG) (BU) (BU) (BU)
       Virtual   (AG) (AG) (AG) (BU) (BU) (AG)
 The electronic state is 1-AG.
 Alpha  occ. eigenvalues --   -0.87516  -0.79772  -0.63339  -0.42851  -0.40971
 Alpha  occ. eigenvalues --   -0.11899
 Alpha virt. eigenvalues --   -0.14856   0.03849   0.30318   0.37941   0.60220
 Alpha virt. eigenvalues --    0.83297
          Condensed to atoms (all electrons):
               1          2          3          4          5          6
     1  H    0.926421  -0.053707   0.313005  -0.102742  -0.102503   0.008140
     2  H   -0.053707   1.297161  -0.167203   0.173137  -0.021133  -0.142741
     3  H    0.313005  -0.167203   0.743132  -0.053915   0.055258   0.050265
     4  H   -0.102742   0.173137  -0.053915   0.646682   0.078072   0.159565
     5  H   -0.102503  -0.021133   0.055258   0.078072   1.105972  -0.174996
     6  H    0.008140  -0.142741   0.050265   0.159565  -0.174996   1.339510
     7  H   -0.013576   0.027135  -0.049251  -0.037237   0.379478  -0.436586
     8  H    0.007578  -0.003168  -0.014544  -0.013002  -0.224497   0.379478
     9  H    0.003067  -0.001788   0.010689  -0.023361  -0.013002  -0.037237
    10  H   -0.000905   0.004473  -0.008509   0.010689  -0.014544  -0.049251
    11  H    0.000411  -0.001357   0.004473  -0.001788  -0.003168   0.027135
    12  H   -0.000295   0.000411  -0.000905   0.003067   0.007578  -0.013576
               7          8          9         10         11         12
     1  H   -0.013576   0.007578   0.003067  -0.000905   0.000411  -0.000295
     2  H    0.027135  -0.003168  -0.001788   0.004473  -0.001357   0.000411
     3  H   -0.049251  -0.014544   0.010689  -0.008509   0.004473  -0.000905
     4  H   -0.037237  -0.013002  -0.023361   0.010689  -0.001788   0.003067
     5  H    0.379478  -0.224497  -0.013002  -0.014544  -0.003168   0.007578
     6  H   -0.436586   0.379478  -0.037237  -0.049251   0.027135  -0.013576
     7  H    1.339510  -0.174996   0.159565   0.050265  -0.142741   0.008140
     8  H   -0.174996   1.105972   0.078072   0.055258  -0.021133  -0.102503
     9  H    0.159565   0.078072   0.646682  -0.053915   0.173137  -0.102742
    10  H    0.050265   0.055258  -0.053915   0.743132  -0.167203   0.313005
    11  H   -0.142741  -0.021133   0.173137  -0.167203   1.297161  -0.053707
    12  H    0.008140  -0.102503  -0.102742   0.313005  -0.053707   0.926421
 Mulliken charges:
               1
     1  H    0.015107
     2  H   -0.111222
     3  H    0.117503
     4  H    0.160832
     5  H   -0.072514
     6  H   -0.109707
     7  H   -0.109707
     8  H   -0.072514
     9  H    0.160832
    10  H    0.117503
    11  H   -0.111222
    12  H    0.015107
 Sum of Mulliken charges =   0.00000
 Mulliken charges with hydrogens summed into heavy atoms:
               1
 Electronic spatial extent (au):  <R**2>=            201.3081
 Charge=              0.0000 electrons
 Dipole moment (field-independent basis, Debye):
    X=              0.0000    Y=              0.0000    Z=             -0.0000  Tot=              0.0000
 Quadrupole moment (field-independent basis, Debye-Ang):
   XX=            -16.5657   YY=            -19.6947   ZZ=            -15.2545
   XY=              0.1277   XZ=             -0.0000   YZ=              0.0000
 Traceless Quadrupole moment (field-independent basis, Debye-Ang):
   XX=              0.6060   YY=             -2.5231   ZZ=              1.9171
   XY=              0.1277   XZ=             -0.0000   YZ=              0.0000
 Octapole moment (field-independent basis, Debye-Ang**2):
  XXX=              0.0000  YYY=              0.0000  ZZZ=              0.0000  XYY=              0.0000
  XXY=              0.0000  XXZ=              0.0000  XZZ=             -0.0000  YZZ=             -0.0000
  YYZ=              0.0000  XYZ=              0.0000
 Hexadecapole moment (field-independent basis, Debye-Ang**3):
 XXXX=           -268.7562 YYYY=           -183.3158 ZZZZ=            -18.1950 XXXY=            -81.7741
 XXXZ=              0.0000 YYYX=            -91.1480 YYYZ=              0.0000 ZZZX=              0.0000
 ZZZY=              0.0000 XXYY=            -80.4950 XXZZ=            -44.7936 YYZZ=            -28.8911
 XXYZ=              0.0000 YYXZ=              0.0000 ZZXY=            -23.9453
 N-N= 1.816244867339D+01 E-N=-4.730068115799D+01  KE= 6.477097577542D+00
 Symmetry AG   KE= 1.334301422322D+00
 Symmetry BG   KE= 0.000000000000D+00
 Symmetry AU   KE= 0.000000000000D+00
 Symmetry BU   KE= 5.142796155220D+00

 Test job not archived.
 1\1\GINC-SULU\Stability\RHF\Gen\H12\LCJ1\14-Feb-2017\0\\#rhf/gen scf(s
 ymm,tight,novaracc,noincfock,fulldiag) stable(crhf) guess=read geom=no
 crowd test\\hf stability analysis of h10 triangular lattice, y= 0.8753
 1121666696521\\0,1\H\H,1,1.0960083651\H,1,1.0960083651,2,74.\H,2,1.096
 0083651,1,106.,3,0.,0\H,3,1.0960083651,1,180.,2,0.,0\H,4,1.0960083651,
 2,180.,1,0.,0\H,5,1.0960083651,3,180.,2,0.,0\H,6,1.0960083651,4,180.,1
 ,0.,0\H,7,1.0960083651,5,180.,2,0.,0\H,8,1.0960083651,6,180.,1,0.,0\H,
 9,1.0960083651,7,180.,2,0.,0\H,10,1.0960083651,8,180.,1,0.,0\\Version=
 ES64L-G09RevE.01\State=1-AG\HF=-5.5128308\MP2=-5.6158952\RMSD=6.044e-0
 9\Dipole=0.,0.,0.\Quadrupole=-0.9419875,1.4253235,-0.483336,0.,1.14430
 49,0.\PG=C02H [SGH(H12)]\\@


 WHEN HAVING A MEETING OF THE MINDS,
 MAKE SURE YOU HAVE THE EQUIPMENT FOR IT.
 Job cpu time:       0 days  0 hours  0 minutes  1.0 seconds.
 File lengths (MBytes):  RWF=     84 Int=      0 D2E=      0 Chk=      2 Scr=      2
 Normal termination of Gaussian 09 at Tue Feb 14 17:43:24 2017.
