 Entering Gaussian System, Link 0=g09
 AtFile(1): H.gbs
            H     0
            S   10   1.00
               1000.000000000000            0.000068713567
                316.227766000000            0.000169141320
                100.000000000000            0.000823394812
                 31.622776600000            0.003425569236
                 10.000000000000            0.013951996000
                  3.162277660000            0.056909313560
                  1.000000000000            0.198286399900
                  0.316227766000            0.496922426700
                  0.100000000000            0.369846276400
                  0.031622776600            0.003752720039
            ****
 Initial command:
 /projects/guscus/apps/gau/g09-e1/g09/l1.exe "/users/lcj1/gaussian/h12/rhfstability/2rows/alterguess/2to4/Gau-18661.inp" -scrdir="/users/lcj1/gaussian/h12/rhfstability/2rows/alterguess/2to4/"
 Entering Link 1 = /projects/guscus/apps/gau/g09-e1/g09/l1.exe PID=     18662.
  
 Copyright (c) 1988,1990,1992,1993,1995,1998,2003,2009,2015,
            Gaussian, Inc.  All Rights Reserved.
  
 This is part of the Gaussian(R) 09 program.  It is based on
 the Gaussian(R) 03 system (copyright 2003, Gaussian, Inc.),
 the Gaussian(R) 98 system (copyright 1998, Gaussian, Inc.),
 the Gaussian(R) 94 system (copyright 1995, Gaussian, Inc.),
 the Gaussian 92(TM) system (copyright 1992, Gaussian, Inc.),
 the Gaussian 90(TM) system (copyright 1990, Gaussian, Inc.),
 the Gaussian 88(TM) system (copyright 1988, Gaussian, Inc.),
 the Gaussian 86(TM) system (copyright 1986, Carnegie Mellon
 University), and the Gaussian 82(TM) system (copyright 1983,
 Carnegie Mellon University). Gaussian is a federally registered
 trademark of Gaussian, Inc.
  
 This software contains proprietary and confidential information,
 including trade secrets, belonging to Gaussian, Inc.
  
 This software is provided under written license and may be
 used, copied, transmitted, or stored only in accord with that
 written license.
  
 The following legend is applicable only to US Government
 contracts under FAR:
  
                    RESTRICTED RIGHTS LEGEND
  
 Use, reproduction and disclosure by the US Government is
 subject to restrictions as set forth in subparagraphs (a)
 and (c) of the Commercial Computer Software - Restricted
 Rights clause in FAR 52.227-19.
  
 Gaussian, Inc.
 340 Quinnipiac St., Bldg. 40, Wallingford CT 06492
  
  
 ---------------------------------------------------------------
 Warning -- This program may not be used in any manner that
 competes with the business of Gaussian, Inc. or will provide
 assistance to any competitor of Gaussian, Inc.  The licensee
 of this program is prohibited from giving any competitor of
 Gaussian, Inc. access to this program.  By using this program,
 the user acknowledges that Gaussian, Inc. is engaged in the
 business of creating and licensing software in the field of
 computational chemistry and represents and warrants to the
 licensee that it is not a competitor of Gaussian, Inc. and that
 it will not use this program in any manner prohibited above.
 ---------------------------------------------------------------
  

 Cite this work as:
 Gaussian 09, Revision E.01,
 M. J. Frisch, G. W. Trucks, H. B. Schlegel, G. E. Scuseria, 
 M. A. Robb, J. R. Cheeseman, G. Scalmani, V. Barone, B. Mennucci, 
 G. A. Petersson, H. Nakatsuji, M. Caricato, X. Li, H. P. Hratchian, 
 A. F. Izmaylov, J. Bloino, G. Zheng, J. L. Sonnenberg, M. Hada, 
 M. Ehara, K. Toyota, R. Fukuda, J. Hasegawa, M. Ishida, T. Nakajima, 
 Y. Honda, O. Kitao, H. Nakai, T. Vreven, J. A. Montgomery, Jr., 
 J. E. Peralta, F. Ogliaro, M. Bearpark, J. J. Heyd, E. Brothers, 
 K. N. Kudin, V. N. Staroverov, T. Keith, R. Kobayashi, J. Normand, 
 K. Raghavachari, A. Rendell, J. C. Burant, S. S. Iyengar, J. Tomasi, 
 M. Cossi, N. Rega, J. M. Millam, M. Klene, J. E. Knox, J. B. Cross, 
 V. Bakken, C. Adamo, J. Jaramillo, R. Gomperts, R. E. Stratmann, 
 O. Yazyev, A. J. Austin, R. Cammi, C. Pomelli, J. W. Ochterski, 
 R. L. Martin, K. Morokuma, V. G. Zakrzewski, G. A. Voth, 
 P. Salvador, J. J. Dannenberg, S. Dapprich, A. D. Daniels, 
 O. Farkas, J. B. Foresman, J. V. Ortiz, J. Cioslowski, 
 and D. J. Fox, Gaussian, Inc., Wallingford CT, 2013.
 
 ******************************************
 Gaussian 09:  ES64L-G09RevE.01 30-Nov-2015
                14-Feb-2017 
 ******************************************
 %chk=h12.chk
 ----------------------------------------------------------------------
 #rhf/gen scf(symm,tight,novaracc,noincfock,fulldiag) stable(crhf) gues
 s=read geom=nocrowd test
 ----------------------------------------------------------------------
 1/38=1/1;
 2/12=1,17=6,18=5,40=1/2;
 3/5=7,16=1,25=1,30=1,116=1/1,2,3;
 4/5=1,9=4/1;
 5/5=100002,15=2,16=1,32=2,38=6/2;
 8/6=1,10=90,11=11/1,4;
 9/8=4,13=1/2;
 6/7=2,8=2,9=2,10=2,28=1/1;
 99/5=1,9=1/99;
 ----------------------------------------------------------------------
 hf stability analysis of h10 triangular lattice, y= 1.0644781770328475
 ----------------------------------------------------------------------
 Symbolic Z-matrix:
 Charge =  0 Multiplicity = 1
 H
 H                    1     1.19469 
 H                    1     1.19469  2     54. 
 H                    2     1.19469  1     126.     3     0.       0
 H                    3     1.19469  1     180.     2     0.       0
 H                    4     1.19469  2     180.     1     0.       0
 H                    5     1.19469  3     180.     2     0.       0
 H                    6     1.19469  4     180.     1     0.       0
 H                    7     1.19469  5     180.     2     0.       0
 H                    8     1.19469  6     180.     1     0.       0
 H                    9     1.19469  7     180.     2     0.       0
 H                    10    1.19469  8     180.     1     0.       0
 
                          Input orientation:                          
 ---------------------------------------------------------------------
 Center     Atomic      Atomic             Coordinates (Angstroms)
 Number     Number       Type             X           Y           Z
 ---------------------------------------------------------------------
      1          1           0        0.000000    0.000000    0.000000
      2          1           0        0.000000    0.000000    1.194692
      3          1           0        0.966526    0.000000    0.702222
      4          1           0        0.966526    0.000000    1.896914
      5          1           0        1.933052    0.000000    1.404444
      6          1           0        1.933052    0.000000    2.599136
      7          1           0        2.899578    0.000000    2.106667
      8          1           0        2.899578    0.000000    3.301358
      9          1           0        3.866104    0.000000    2.808889
     10          1           0        3.866104    0.000000    4.003581
     11          1           0        4.832630    0.000000    3.511111
     12          1           0        4.832630    0.000000    4.705803
 ---------------------------------------------------------------------
                    Distance matrix (angstroms):
                    1          2          3          4          5
     1  H    0.000000
     2  H    1.194692   0.000000
     3  H    1.194692   1.084757   0.000000
     4  H    2.128956   1.194692   1.194692   0.000000
     5  H    2.389384   1.944399   1.194692   1.084757   0.000000
     6  H    3.239166   2.389384   2.128956   1.194692   1.194692
     7  H    3.584075   3.039613   2.389384   1.944399   1.194692
     8  H    4.393918   3.584075   3.239166   2.389384   2.128956
     9  H    4.778767   4.189557   3.584075   3.039613   2.389384
    10  H    5.565556   4.778767   4.393918   3.584075   3.239166
    11  H    5.973459   5.359114   4.778767   4.189557   3.584075
    12  H    6.745286   5.973459   5.565556   4.778767   4.393918
                    6          7          8          9         10
     6  H    0.000000
     7  H    1.084757   0.000000
     8  H    1.194692   1.194692   0.000000
     9  H    1.944399   1.194692   1.084757   0.000000
    10  H    2.389384   2.128956   1.194692   1.194692   0.000000
    11  H    3.039613   2.389384   1.944399   1.194692   1.084757
    12  H    3.584075   3.239166   2.389384   2.128956   1.194692
                   11         12
    11  H    0.000000
    12  H    1.194692   0.000000
 Stoichiometry    H12
 Framework group  C2H[SGH(H12)]
 Deg. of freedom    11
 Full point group                 C2H     NOp   4
 Largest Abelian subgroup         C2H     NOp   4
 Largest concise Abelian subgroup C2      NOp   2
                         Standard orientation:                         
 ---------------------------------------------------------------------
 Center     Atomic      Atomic             Coordinates (Angstroms)
 Number     Number       Type             X           Y           Z
 ---------------------------------------------------------------------
      1          1           0        3.193434    1.084757    0.000000
      2          1           0        2.128956    1.627136    0.000000
      3          1           0        2.128956    0.542379    0.000000
      4          1           0        1.064478    1.084757    0.000000
      5          1           0        1.064478    0.000000    0.000000
      6          1           0        0.000000    0.542379    0.000000
      7          1           0       -0.000000   -0.542379   -0.000000
      8          1           0       -1.064478    0.000000    0.000000
      9          1           0       -1.064478   -1.084757    0.000000
     10          1           0       -2.128956   -0.542379    0.000000
     11          1           0       -2.128956   -1.627136    0.000000
     12          1           0       -3.193434   -1.084757    0.000000
 ---------------------------------------------------------------------
 Rotational constants (GHZ):    184.5338289      9.7332984      9.2456343
 General basis read from cards:  (5D, 7F)
 There are     6 symmetry adapted cartesian basis functions of AG  symmetry.
 There are     0 symmetry adapted cartesian basis functions of BG  symmetry.
 There are     0 symmetry adapted cartesian basis functions of AU  symmetry.
 There are     6 symmetry adapted cartesian basis functions of BU  symmetry.
 There are     6 symmetry adapted basis functions of AG  symmetry.
 There are     0 symmetry adapted basis functions of BG  symmetry.
 There are     0 symmetry adapted basis functions of AU  symmetry.
 There are     6 symmetry adapted basis functions of BU  symmetry.
    12 basis functions,   120 primitive gaussians,    12 cartesian basis functions
     6 alpha electrons        6 beta electrons
       nuclear repulsion energy        17.2924119761 Hartrees.
 NAtoms=   12 NActive=   12 NUniq=    6 SFac= 4.00D+00 NAtFMM=   60 NAOKFM=F Big=F
 Integral buffers will be    131072 words long.
 Regular integral format.
 Two-electron integral symmetry is turned on.
 One-electron integrals computed using PRISM.
 NBasis=    12 RedAO= T EigKep=  1.82D-01  NBF=     6     0     0     6
 NBsUse=    12 1.00D-06 EigRej= -1.00D+00 NBFU=     6     0     0     6
 Initial guess from the checkpoint file:  "h12.chk"
 B after Tr=    -0.000000   -0.000000    0.000000
         Rot=    0.999973    0.000000    0.000000    0.007349 Ang=   0.84 deg.
 Initial guess orbital symmetries:
       Occupied  (AG) (BU) (AG) (BU) (BU) (BU)
       Virtual   (AG) (AG) (BU) (AG) (AG) (BU)
 Keep R1 ints in memory in symmetry-blocked form, NReq=899458.
 Requested convergence on RMS density matrix=1.00D-08 within 128 cycles.
 Requested convergence on MAX density matrix=1.00D-06.
 Requested convergence on             energy=1.00D-06.
 No special actions if energy rises.
 SCF Done:  E(RHF) =  -5.42203103119     A.U. after   10 cycles
            NFock= 10  Conv=0.29D-08     -V/T= 1.8372
 Range of M.O.s used for correlation:     1    12
 NBasis=    12 NAE=     6 NBE=     6 NFC=     0 NFV=     0
 NROrb=     12 NOA=     6 NOB=     6 NVA=     6 NVB=     6

 **** Warning!!: The smallest alpha delta epsilon is -0.31122525D-01

 Semi-Direct transformation.
 ModeAB=           4 MOrb=             6 LenV=     134088735
 LASXX=         2181 LTotXX=        2181 LenRXX=        5115
 LTotAB=        2934 MaxLAS=        3024 LenRXY=           0
 NonZer=        7296 LenScr=      655360 LnRSAI=        3024
 LnScr1=      655360 LExtra=           0 Total=      1318859
 MaxDsk=          -1 SrtSym=           T ITran=            3
 JobTyp=0 Pass  1:  I=   1 to   6.
 (rs|ai) integrals will be sorted in core.
 Spin components of T(2) and E(2):
     alpha-alpha T2 =       0.3405563216D-01 E2=     -0.2230365539D-01
     alpha-beta  T2 =       0.3518994661D+01 E2=     -0.5641981495D-01
     beta-beta   T2 =       0.3405563216D-01 E2=     -0.2230365539D-01
 ANorm=    0.2141753003D+01
 E2 =    -0.1010271257D+00 EUMP2 =    -0.55230581569115D+01
 Second order stability test of a single determinant RHF wave function:
 Stabil:  MDV=134217728
 ***********************************************************************
 Matrix         Lowest Root    Major Pairs
 ***********************************************************************
 Internal RHF    -0.164983     6A=7A
 RRHF --> CRHF   -0.2135758    6A=7A
 RRHF --> RUHF   -0.4577436    6A=7B
 Not stable.
 ***********************************************************************

 **********************************************************************

            Population analysis using the SCF density.

 **********************************************************************

 Orbital symmetries:
       Occupied  (AG) (BU) (AG) (BU) (BU) (BU)
       Virtual   (AG) (AG) (BU) (AG) (AG) (BU)
 The electronic state is 1-AG.
 Alpha  occ. eigenvalues --   -0.84663  -0.77909  -0.62908  -0.45491  -0.32796
 Alpha  occ. eigenvalues --   -0.06574
 Alpha virt. eigenvalues --   -0.09686   0.01080   0.25535   0.30087   0.51618
 Alpha virt. eigenvalues --    0.60733
          Condensed to atoms (all electrons):
               1          2          3          4          5          6
     1  H    1.043109  -0.251650   0.247267  -0.044631  -0.033864   0.017000
     2  H   -0.251650   1.494623   0.047685   0.043474  -0.115598  -0.108051
     3  H    0.247267   0.047685   0.573161  -0.053449   0.090858  -0.039585
     4  H   -0.044631   0.043474  -0.053449   0.664464   0.048101   0.301655
     5  H   -0.033864  -0.115598   0.090858   0.048101   1.063144  -0.077970
     6  H    0.017000  -0.108051  -0.039585   0.301655  -0.077970   1.443650
     7  H   -0.015248   0.031928   0.002201  -0.099118   0.243070  -0.612338
     8  H    0.000822   0.009208  -0.010607   0.012867  -0.144642   0.243070
     9  H    0.000838  -0.000461   0.005044  -0.028883   0.012867  -0.099118
    10  H   -0.000158   0.001051  -0.000750   0.005044  -0.010607   0.002201
    11  H    0.000303  -0.001414   0.001051  -0.000461   0.009208   0.031928
    12  H   -0.000088   0.000303  -0.000158   0.000838   0.000822  -0.015248
               7          8          9         10         11         12
     1  H   -0.015248   0.000822   0.000838  -0.000158   0.000303  -0.000088
     2  H    0.031928   0.009208  -0.000461   0.001051  -0.001414   0.000303
     3  H    0.002201  -0.010607   0.005044  -0.000750   0.001051  -0.000158
     4  H   -0.099118   0.012867  -0.028883   0.005044  -0.000461   0.000838
     5  H    0.243070  -0.144642   0.012867  -0.010607   0.009208   0.000822
     6  H   -0.612338   0.243070  -0.099118   0.002201   0.031928  -0.015248
     7  H    1.443650  -0.077970   0.301655  -0.039585  -0.108051   0.017000
     8  H   -0.077970   1.063144   0.048101   0.090858  -0.115598  -0.033864
     9  H    0.301655   0.048101   0.664464  -0.053449   0.043474  -0.044631
    10  H   -0.039585   0.090858  -0.053449   0.573161   0.047685   0.247267
    11  H   -0.108051  -0.115598   0.043474   0.047685   1.494623  -0.251650
    12  H    0.017000  -0.033864  -0.044631   0.247267  -0.251650   1.043109
 Mulliken charges:
               1
     1  H    0.036300
     2  H   -0.151099
     3  H    0.137283
     4  H    0.150099
     5  H   -0.085389
     6  H   -0.087193
     7  H   -0.087193
     8  H   -0.085389
     9  H    0.150099
    10  H    0.137283
    11  H   -0.151099
    12  H    0.036300
 Sum of Mulliken charges =  -0.00000
 Mulliken charges with hydrogens summed into heavy atoms:
               1
 Electronic spatial extent (au):  <R**2>=            230.6262
 Charge=             -0.0000 electrons
 Dipole moment (field-independent basis, Debye):
    X=             -0.0000    Y=              0.0000    Z=              0.0000  Tot=              0.0000
 Quadrupole moment (field-independent basis, Debye-Ang):
   XX=            -14.5940   YY=            -19.7352   ZZ=            -15.3597
   XY=              0.0810   XZ=              0.0000   YZ=             -0.0000
 Traceless Quadrupole moment (field-independent basis, Debye-Ang):
   XX=              1.9689   YY=             -3.1722   ZZ=              1.2033
   XY=              0.0810   XZ=              0.0000   YZ=             -0.0000
 Octapole moment (field-independent basis, Debye-Ang**2):
  XXX=             -0.0000  YYY=             -0.0000  ZZZ=             -0.0000  XYY=             -0.0000
  XXY=             -0.0000  XXZ=             -0.0000  XZZ=             -0.0000  YZZ=             -0.0000
  YYZ=             -0.0000  XYZ=             -0.0000
 Hexadecapole moment (field-independent basis, Debye-Ang**3):
 XXXX=           -375.5698 YYYY=           -127.3976 ZZZZ=            -18.4516 XXXY=            -75.1523
 XXXZ=             -0.0000 YYYX=            -84.0051 YYYZ=             -0.0000 ZZZX=             -0.0000
 ZZZY=             -0.0000 XXYY=            -87.2561 XXZZ=            -62.4595 YYZZ=            -21.8078
 XXYZ=             -0.0000 YYXZ=             -0.0000 ZZXY=            -23.6145
 N-N= 1.729241197611D+01 E-N=-4.569831085266D+01  KE= 6.476242876117D+00
 Symmetry AG   KE= 1.313608249891D+00
 Symmetry BG   KE= 0.000000000000D+00
 Symmetry AU   KE= 0.000000000000D+00
 Symmetry BU   KE= 5.162634626226D+00

 Test job not archived.
 1\1\GINC-SULU\Stability\RHF\Gen\H12\LCJ1\14-Feb-2017\0\\#rhf/gen scf(s
 ymm,tight,novaracc,noincfock,fulldiag) stable(crhf) guess=read geom=no
 crowd test\\hf stability analysis of h10 triangular lattice, y= 1.0644
 781770328475\\0,1\H\H,1,1.1946917688\H,1,1.1946917688,2,54.\H,2,1.1946
 917688,1,126.,3,0.,0\H,3,1.1946917688,1,180.,2,0.,0\H,4,1.1946917688,2
 ,180.,1,0.,0\H,5,1.1946917688,3,180.,2,0.,0\H,6,1.1946917688,4,180.,1,
 0.,0\H,7,1.1946917688,5,180.,2,0.,0\H,8,1.1946917688,6,180.,1,0.,0\H,9
 ,1.1946917688,7,180.,2,0.,0\H,10,1.1946917688,8,180.,1,0.,0\\Version=E
 S64L-G09RevE.01\State=1-AG\HF=-5.422031\MP2=-5.5230582\RMSD=2.938e-09\
 Dipole=0.,0.,0.\Quadrupole=-1.5219528,0.8945887,0.6273641,0.,1.5815349
 ,0.\PG=C02H [SGH(H12)]\\@


 FESTINA LENTE!
     - IMPERATOR AUGUSTUS 
 Job cpu time:       0 days  0 hours  0 minutes  1.0 seconds.
 File lengths (MBytes):  RWF=     84 Int=      0 D2E=      0 Chk=      2 Scr=      2
 Normal termination of Gaussian 09 at Tue Feb 14 17:43:47 2017.
