 Entering Gaussian System, Link 0=g09
 AtFile(1): H.gbs
            H     0
            S   10   1.00
               1000.000000000000            0.000068713567
                316.227766000000            0.000169141320
                100.000000000000            0.000823394812
                 31.622776600000            0.003425569236
                 10.000000000000            0.013951996000
                  3.162277660000            0.056909313560
                  1.000000000000            0.198286399900
                  0.316227766000            0.496922426700
                  0.100000000000            0.369846276400
                  0.031622776600            0.003752720039
            ****
 Initial command:
 /projects/guscus/apps/gau/g09-e1/g09/l1.exe "/users/lcj1/gaussian/h12/rhfstability/2rows/alterguess/2to4/Gau-18825.inp" -scrdir="/users/lcj1/gaussian/h12/rhfstability/2rows/alterguess/2to4/"
 Entering Link 1 = /projects/guscus/apps/gau/g09-e1/g09/l1.exe PID=     18826.
  
 Copyright (c) 1988,1990,1992,1993,1995,1998,2003,2009,2015,
            Gaussian, Inc.  All Rights Reserved.
  
 This is part of the Gaussian(R) 09 program.  It is based on
 the Gaussian(R) 03 system (copyright 2003, Gaussian, Inc.),
 the Gaussian(R) 98 system (copyright 1998, Gaussian, Inc.),
 the Gaussian(R) 94 system (copyright 1995, Gaussian, Inc.),
 the Gaussian 92(TM) system (copyright 1992, Gaussian, Inc.),
 the Gaussian 90(TM) system (copyright 1990, Gaussian, Inc.),
 the Gaussian 88(TM) system (copyright 1988, Gaussian, Inc.),
 the Gaussian 86(TM) system (copyright 1986, Carnegie Mellon
 University), and the Gaussian 82(TM) system (copyright 1983,
 Carnegie Mellon University). Gaussian is a federally registered
 trademark of Gaussian, Inc.
  
 This software contains proprietary and confidential information,
 including trade secrets, belonging to Gaussian, Inc.
  
 This software is provided under written license and may be
 used, copied, transmitted, or stored only in accord with that
 written license.
  
 The following legend is applicable only to US Government
 contracts under FAR:
  
                    RESTRICTED RIGHTS LEGEND
  
 Use, reproduction and disclosure by the US Government is
 subject to restrictions as set forth in subparagraphs (a)
 and (c) of the Commercial Computer Software - Restricted
 Rights clause in FAR 52.227-19.
  
 Gaussian, Inc.
 340 Quinnipiac St., Bldg. 40, Wallingford CT 06492
  
  
 ---------------------------------------------------------------
 Warning -- This program may not be used in any manner that
 competes with the business of Gaussian, Inc. or will provide
 assistance to any competitor of Gaussian, Inc.  The licensee
 of this program is prohibited from giving any competitor of
 Gaussian, Inc. access to this program.  By using this program,
 the user acknowledges that Gaussian, Inc. is engaged in the
 business of creating and licensing software in the field of
 computational chemistry and represents and warrants to the
 licensee that it is not a competitor of Gaussian, Inc. and that
 it will not use this program in any manner prohibited above.
 ---------------------------------------------------------------
  

 Cite this work as:
 Gaussian 09, Revision E.01,
 M. J. Frisch, G. W. Trucks, H. B. Schlegel, G. E. Scuseria, 
 M. A. Robb, J. R. Cheeseman, G. Scalmani, V. Barone, B. Mennucci, 
 G. A. Petersson, H. Nakatsuji, M. Caricato, X. Li, H. P. Hratchian, 
 A. F. Izmaylov, J. Bloino, G. Zheng, J. L. Sonnenberg, M. Hada, 
 M. Ehara, K. Toyota, R. Fukuda, J. Hasegawa, M. Ishida, T. Nakajima, 
 Y. Honda, O. Kitao, H. Nakai, T. Vreven, J. A. Montgomery, Jr., 
 J. E. Peralta, F. Ogliaro, M. Bearpark, J. J. Heyd, E. Brothers, 
 K. N. Kudin, V. N. Staroverov, T. Keith, R. Kobayashi, J. Normand, 
 K. Raghavachari, A. Rendell, J. C. Burant, S. S. Iyengar, J. Tomasi, 
 M. Cossi, N. Rega, J. M. Millam, M. Klene, J. E. Knox, J. B. Cross, 
 V. Bakken, C. Adamo, J. Jaramillo, R. Gomperts, R. E. Stratmann, 
 O. Yazyev, A. J. Austin, R. Cammi, C. Pomelli, J. W. Ochterski, 
 R. L. Martin, K. Morokuma, V. G. Zakrzewski, G. A. Voth, 
 P. Salvador, J. J. Dannenberg, S. Dapprich, A. D. Daniels, 
 O. Farkas, J. B. Foresman, J. V. Ortiz, J. Cioslowski, 
 and D. J. Fox, Gaussian, Inc., Wallingford CT, 2013.
 
 ******************************************
 Gaussian 09:  ES64L-G09RevE.01 30-Nov-2015
                14-Feb-2017 
 ******************************************
 %chk=h12.chk
 ----------------------------------------------------------------------
 #rhf/gen scf(symm,tight,novaracc,noincfock,fulldiag) stable(crhf) gues
 s=read geom=nocrowd test
 ----------------------------------------------------------------------
 1/38=1/1;
 2/12=1,17=6,18=5,40=1/2;
 3/5=7,16=1,25=1,30=1,116=1/1,2,3;
 4/5=1,9=4/1;
 5/5=100002,15=2,16=1,32=2,38=6/2;
 8/6=1,10=90,11=11/1,4;
 9/8=4,13=1/2;
 6/7=2,8=2,9=2,10=2,28=1/1;
 99/5=1,9=1/99;
 ----------------------------------------------------------------------
 hf stability analysis of h10 triangular lattice, y= 1.1662555983306084
 ----------------------------------------------------------------------
 Symbolic Z-matrix:
 Charge =  0 Multiplicity = 1
 H
 H                    1     1.26697 
 H                    1     1.26697  2     46. 
 H                    2     1.26697  1     134.     3     0.       0
 H                    3     1.26697  1     180.     2     0.       0
 H                    4     1.26697  2     180.     1     0.       0
 H                    5     1.26697  3     180.     2     0.       0
 H                    6     1.26697  4     180.     1     0.       0
 H                    7     1.26697  5     180.     2     0.       0
 H                    8     1.26697  6     180.     1     0.       0
 H                    9     1.26697  7     180.     2     0.       0
 H                    10    1.26697  8     180.     1     0.       0
 
                          Input orientation:                          
 ---------------------------------------------------------------------
 Center     Atomic      Atomic             Coordinates (Angstroms)
 Number     Number       Type             X           Y           Z
 ---------------------------------------------------------------------
      1          1           0        0.000000    0.000000    0.000000
      2          1           0        0.000000    0.000000    1.266974
      3          1           0        0.911385    0.000000    0.880114
      4          1           0        0.911385    0.000000    2.147088
      5          1           0        1.822769    0.000000    1.760228
      6          1           0        1.822769    0.000000    3.027202
      7          1           0        2.734154    0.000000    2.640342
      8          1           0        2.734154    0.000000    3.907316
      9          1           0        3.645539    0.000000    3.520456
     10          1           0        3.645539    0.000000    4.787430
     11          1           0        4.556924    0.000000    4.400570
     12          1           0        4.556924    0.000000    5.667544
 ---------------------------------------------------------------------
                    Distance matrix (angstroms):
                    1          2          3          4          5
     1  H    0.000000
     2  H    1.266974   0.000000
     3  H    1.266974   0.990092   0.000000
     4  H    2.332511   1.266974   1.266974   0.000000
     5  H    2.533948   1.888329   1.266974   0.990092   0.000000
     6  H    3.533616   2.533948   2.332511   1.266974   1.266974
     7  H    3.800922   3.059696   2.533948   1.888329   1.266974
     8  H    4.768932   3.800922   3.533616   2.533948   2.332511
     9  H    5.067895   4.285806   3.800922   3.059696   2.533948
    10  H    6.017428   5.067895   4.768932   3.800922   3.533616
    11  H    6.334869   5.530369   5.067895   4.285806   3.800922
    12  H    7.272318   6.334869   6.017428   5.067895   4.768932
                    6          7          8          9         10
     6  H    0.000000
     7  H    0.990092   0.000000
     8  H    1.266974   1.266974   0.000000
     9  H    1.888329   1.266974   0.990092   0.000000
    10  H    2.533948   2.332511   1.266974   1.266974   0.000000
    11  H    3.059696   2.533948   1.888329   1.266974   0.990092
    12  H    3.800922   3.533616   2.533948   2.332511   1.266974
                   11         12
    11  H    0.000000
    12  H    1.266974   0.000000
 Stoichiometry    H12
 Framework group  C2H[SGH(H12)]
 Deg. of freedom    11
 Full point group                 C2H     NOp   4
 Largest Abelian subgroup         C2H     NOp   4
 Largest concise Abelian subgroup C2      NOp   2
                         Standard orientation:                         
 ---------------------------------------------------------------------
 Center     Atomic      Atomic             Coordinates (Angstroms)
 Number     Number       Type             X           Y           Z
 ---------------------------------------------------------------------
      1          1           0        3.498767    0.990092   -0.000000
      2          1           0        2.332511    1.485138   -0.000000
      3          1           0        2.332511    0.495046   -0.000000
      4          1           0        1.166256    0.990092   -0.000000
      5          1           0        1.166256    0.000000   -0.000000
      6          1           0        0.000000    0.495046   -0.000000
      7          1           0       -0.000000   -0.495046   -0.000000
      8          1           0       -1.166256    0.000000   -0.000000
      9          1           0       -1.166256   -0.990092   -0.000000
     10          1           0       -2.332511   -0.495046   -0.000000
     11          1           0       -2.332511   -1.485138   -0.000000
     12          1           0       -3.498767   -0.990092   -0.000000
 ---------------------------------------------------------------------
 Rotational constants (GHZ):    209.9297975      8.5558257      8.2207824
 General basis read from cards:  (5D, 7F)
 There are     6 symmetry adapted cartesian basis functions of AG  symmetry.
 There are     0 symmetry adapted cartesian basis functions of BG  symmetry.
 There are     0 symmetry adapted cartesian basis functions of AU  symmetry.
 There are     6 symmetry adapted cartesian basis functions of BU  symmetry.
 There are     6 symmetry adapted basis functions of AG  symmetry.
 There are     0 symmetry adapted basis functions of BG  symmetry.
 There are     0 symmetry adapted basis functions of AU  symmetry.
 There are     6 symmetry adapted basis functions of BU  symmetry.
    12 basis functions,   120 primitive gaussians,    12 cartesian basis functions
     6 alpha electrons        6 beta electrons
       nuclear repulsion energy        16.7431800344 Hartrees.
 NAtoms=   12 NActive=   12 NUniq=    6 SFac= 4.00D+00 NAtFMM=   60 NAOKFM=F Big=F
 Integral buffers will be    131072 words long.
 Regular integral format.
 Two-electron integral symmetry is turned on.
 One-electron integrals computed using PRISM.
 NBasis=    12 RedAO= T EigKep=  1.81D-01  NBF=     6     0     0     6
 NBsUse=    12 1.00D-06 EigRej= -1.00D+00 NBFU=     6     0     0     6
 Initial guess from the checkpoint file:  "h12.chk"
 B after Tr=     0.000000    0.000000   -0.000000
         Rot=    0.999973   -0.000000    0.000000    0.007349 Ang=   0.84 deg.
 Initial guess orbital symmetries:
       Occupied  (AG) (BU) (AG) (BU) (BU) (BU)
       Virtual   (AG) (AG) (BU) (AG) (AG) (BU)
 Keep R1 ints in memory in symmetry-blocked form, NReq=898562.
 Requested convergence on RMS density matrix=1.00D-08 within 128 cycles.
 Requested convergence on MAX density matrix=1.00D-06.
 Requested convergence on             energy=1.00D-06.
 No special actions if energy rises.
 SCF Done:  E(RHF) =  -5.39569641168     A.U. after   10 cycles
            NFock= 10  Conv=0.62D-08     -V/T= 1.8332
 Range of M.O.s used for correlation:     1    12
 NBasis=    12 NAE=     6 NBE=     6 NFC=     0 NFV=     0
 NROrb=     12 NOA=     6 NOB=     6 NVA=     6 NVB=     6

 **** Warning!!: The smallest alpha delta epsilon is -0.29832439D-01

 Semi-Direct transformation.
 ModeAB=           4 MOrb=             6 LenV=     134090135
 LASXX=         2181 LTotXX=        2181 LenRXX=        5115
 LTotAB=        2934 MaxLAS=        3024 LenRXY=           0
 NonZer=        7296 LenScr=      655360 LnRSAI=        3024
 LnScr1=      655360 LExtra=           0 Total=      1318859
 MaxDsk=          -1 SrtSym=           T ITran=            3
 JobTyp=0 Pass  1:  I=   1 to   6.
 (rs|ai) integrals will be sorted in core.
 Spin components of T(2) and E(2):
     alpha-alpha T2 =       0.3828204357D-01 E2=     -0.2232395679D-01
     alpha-beta  T2 =       0.6152611772D+01 E2=      0.5057896333D-01
     beta-beta   T2 =       0.3828204357D-01 E2=     -0.2232395679D-01
 ANorm=    0.2688712677D+01
 E2 =     0.5931049739D-02 EUMP2 =    -0.53897653619407D+01
 Second order stability test of a single determinant RHF wave function:
 Stabil:  MDV=134217728
 ***********************************************************************
 Matrix         Lowest Root    Major Pairs
 ***********************************************************************
 Internal RHF    -0.1072856    6A=7A 6A=9A 6A=8A 4A=7A 5A=8A 4A=9A
 RRHF --> CRHF   -0.1899052    6A=7A
 RRHF --> RUHF   -0.5231467    6A=7B
 Not stable.
 ***********************************************************************

 **********************************************************************

            Population analysis using the SCF density.

 **********************************************************************

 Orbital symmetries:
       Occupied  (AG) (BU) (AG) (BU) (BU) (BU)
       Virtual   (AG) (AG) (AG) (BU) (AG) (BU)
 The electronic state is 1-AG.
 Alpha  occ. eigenvalues --   -0.83911  -0.76956  -0.63586  -0.47374  -0.28018
 Alpha  occ. eigenvalues --   -0.07209
 Alpha virt. eigenvalues --   -0.10193   0.03564   0.21553   0.24495   0.45275
 Alpha virt. eigenvalues --    0.60437
          Condensed to atoms (all electrons):
               1          2          3          4          5          6
     1  H    1.321598  -0.272915   0.013035  -0.011266   0.006076   0.010431
     2  H   -0.272915   1.166438   0.352441  -0.010802  -0.156945  -0.044905
     3  H    0.013035   0.352441   0.635436  -0.090989   0.019718  -0.078232
     4  H   -0.011266  -0.010802  -0.090989   0.744810   0.045293   0.357246
     5  H    0.006076  -0.156945   0.019718   0.045293   1.164202  -0.089534
     6  H    0.010431  -0.044905  -0.078232   0.357246  -0.089534   1.240811
     7  H   -0.009506   0.008169   0.034626  -0.139147   0.238421  -0.517416
     8  H   -0.000456   0.009399  -0.003103   0.012384  -0.132407   0.238421
     9  H    0.000154   0.000499   0.004758  -0.031979   0.012384  -0.139147
    10  H    0.000070  -0.000233  -0.000465   0.004758  -0.003103   0.034626
    11  H    0.000163  -0.000676  -0.000233   0.000499   0.009399   0.008169
    12  H   -0.000053   0.000163   0.000070   0.000154  -0.000456  -0.009506
               7          8          9         10         11         12
     1  H   -0.009506  -0.000456   0.000154   0.000070   0.000163  -0.000053
     2  H    0.008169   0.009399   0.000499  -0.000233  -0.000676   0.000163
     3  H    0.034626  -0.003103   0.004758  -0.000465  -0.000233   0.000070
     4  H   -0.139147   0.012384  -0.031979   0.004758   0.000499   0.000154
     5  H    0.238421  -0.132407   0.012384  -0.003103   0.009399  -0.000456
     6  H   -0.517416   0.238421  -0.139147   0.034626   0.008169  -0.009506
     7  H    1.240811  -0.089534   0.357246  -0.078232  -0.044905   0.010431
     8  H   -0.089534   1.164202   0.045293   0.019718  -0.156945   0.006076
     9  H    0.357246   0.045293   0.744810  -0.090989  -0.010802  -0.011266
    10  H   -0.078232   0.019718  -0.090989   0.635436   0.352441   0.013035
    11  H   -0.044905  -0.156945  -0.010802   0.352441   1.166438  -0.272915
    12  H    0.010431   0.006076  -0.011266   0.013035  -0.272915   1.321598
 Mulliken charges:
               1
     1  H   -0.057332
     2  H   -0.050634
     3  H    0.112937
     4  H    0.119038
     5  H   -0.113045
     6  H   -0.010964
     7  H   -0.010964
     8  H   -0.113045
     9  H    0.119038
    10  H    0.112937
    11  H   -0.050634
    12  H   -0.057332
 Sum of Mulliken charges =  -0.00000
 Mulliken charges with hydrogens summed into heavy atoms:
               1
 Electronic spatial extent (au):  <R**2>=            258.8237
 Charge=             -0.0000 electrons
 Dipole moment (field-independent basis, Debye):
    X=              0.0000    Y=             -0.0000    Z=             -0.0000  Tot=              0.0000
 Quadrupole moment (field-independent basis, Debye-Ang):
   XX=            -22.2222   YY=            -17.5226   ZZ=            -15.3940
   XY=             -0.5447   XZ=              0.0000   YZ=              0.0000
 Traceless Quadrupole moment (field-independent basis, Debye-Ang):
   XX=             -3.8426   YY=              0.8570   ZZ=              2.9856
   XY=             -0.5447   XZ=              0.0000   YZ=              0.0000
 Octapole moment (field-independent basis, Debye-Ang**2):
  XXX=              0.0000  YYY=              0.0000  ZZZ=              0.0000  XYY=             -0.0000
  XXY=              0.0000  XXZ=              0.0000  XZZ=              0.0000  YZZ=             -0.0000
  YYZ=              0.0000  XYZ=              0.0000
 Hexadecapole moment (field-independent basis, Debye-Ang**3):
 XXXX=           -603.1371 YYYY=            -96.9260 ZZZZ=            -18.5498 XXXY=           -109.1832
 XXXZ=              0.0000 YYYX=            -73.3676 YYYZ=              0.0000 ZZZX=              0.0000
 ZZZY=              0.0000 XXYY=            -95.8331 XXZZ=            -74.9133 YYZZ=            -18.9124
 XXYZ=              0.0000 YYXZ=              0.0000 ZZXY=            -23.6776
 N-N= 1.674318003444D+01 E-N=-4.461270126067D+01  KE= 6.476031702896D+00
 Symmetry AG   KE= 1.324319828841D+00
 Symmetry BG   KE= 0.000000000000D+00
 Symmetry AU   KE= 0.000000000000D+00
 Symmetry BU   KE= 5.151711874055D+00

 Test job not archived.
 1\1\GINC-SULU\Stability\RHF\Gen\H12\LCJ1\14-Feb-2017\0\\#rhf/gen scf(s
 ymm,tight,novaracc,noincfock,fulldiag) stable(crhf) guess=read geom=no
 crowd test\\hf stability analysis of h10 triangular lattice, y= 1.1662
 555983306084\\0,1\H\H,1,1.2669738545\H,1,1.2669738545,2,46.\H,2,1.2669
 738545,1,134.,3,0.,0\H,3,1.2669738545,1,180.,2,0.,0\H,4,1.2669738545,2
 ,180.,1,0.,0\H,5,1.2669738545,3,180.,2,0.,0\H,6,1.2669738545,4,180.,1,
 0.,0\H,7,1.2669738545,5,180.,2,0.,0\H,8,1.2669738545,6,180.,1,0.,0\H,9
 ,1.2669738545,7,180.,2,0.,0\H,10,1.2669738545,8,180.,1,0.,0\\Version=E
 S64L-G09RevE.01\State=1-AG\HF=-5.3956964\MP2=-5.3897654\RMSD=6.204e-09
 \Dipole=0.,0.,0.\Quadrupole=-0.1875951,2.219728,-2.0321329,0.,-1.53801
 69,0.\PG=C02H [SGH(H12)]\\@


 THE WORLD IS MADE UP OF THE WILLS, THE WON'TS, AND THE CANT'S:
 THE WILLS DO EVERYTHING,
 THE WON'TS DO NOTHING,
 THE CAN'TS CAN'T DO ANYTHING.

                               -- FROM WALT DISNEY'S "BLACK HOLE"
 Job cpu time:       0 days  0 hours  0 minutes  0.9 seconds.
 File lengths (MBytes):  RWF=     84 Int=      0 D2E=      0 Chk=      2 Scr=      2
 Normal termination of Gaussian 09 at Tue Feb 14 17:43:57 2017.
