 Entering Gaussian System, Link 0=g09
 AtFile(1): H.gbs
            H     0
            S   10   1.00
               1000.000000000000            0.000068713567
                316.227766000000            0.000169141320
                100.000000000000            0.000823394812
                 31.622776600000            0.003425569236
                 10.000000000000            0.013951996000
                  3.162277660000            0.056909313560
                  1.000000000000            0.198286399900
                  0.316227766000            0.496922426700
                  0.100000000000            0.369846276400
                  0.031622776600            0.003752720039
            ****
 Initial command:
 /projects/guscus/apps/gau/g09-e1/g09/l1.exe "/users/lcj1/gaussian/h12/rhfstability/2rows/alterguess/2to4/Gau-16428.inp" -scrdir="/users/lcj1/gaussian/h12/rhfstability/2rows/alterguess/2to4/"
 Entering Link 1 = /projects/guscus/apps/gau/g09-e1/g09/l1.exe PID=     16429.
  
 Copyright (c) 1988,1990,1992,1993,1995,1998,2003,2009,2015,
            Gaussian, Inc.  All Rights Reserved.
  
 This is part of the Gaussian(R) 09 program.  It is based on
 the Gaussian(R) 03 system (copyright 2003, Gaussian, Inc.),
 the Gaussian(R) 98 system (copyright 1998, Gaussian, Inc.),
 the Gaussian(R) 94 system (copyright 1995, Gaussian, Inc.),
 the Gaussian 92(TM) system (copyright 1992, Gaussian, Inc.),
 the Gaussian 90(TM) system (copyright 1990, Gaussian, Inc.),
 the Gaussian 88(TM) system (copyright 1988, Gaussian, Inc.),
 the Gaussian 86(TM) system (copyright 1986, Carnegie Mellon
 University), and the Gaussian 82(TM) system (copyright 1983,
 Carnegie Mellon University). Gaussian is a federally registered
 trademark of Gaussian, Inc.
  
 This software contains proprietary and confidential information,
 including trade secrets, belonging to Gaussian, Inc.
  
 This software is provided under written license and may be
 used, copied, transmitted, or stored only in accord with that
 written license.
  
 The following legend is applicable only to US Government
 contracts under FAR:
  
                    RESTRICTED RIGHTS LEGEND
  
 Use, reproduction and disclosure by the US Government is
 subject to restrictions as set forth in subparagraphs (a)
 and (c) of the Commercial Computer Software - Restricted
 Rights clause in FAR 52.227-19.
  
 Gaussian, Inc.
 340 Quinnipiac St., Bldg. 40, Wallingford CT 06492
  
  
 ---------------------------------------------------------------
 Warning -- This program may not be used in any manner that
 competes with the business of Gaussian, Inc. or will provide
 assistance to any competitor of Gaussian, Inc.  The licensee
 of this program is prohibited from giving any competitor of
 Gaussian, Inc. access to this program.  By using this program,
 the user acknowledges that Gaussian, Inc. is engaged in the
 business of creating and licensing software in the field of
 computational chemistry and represents and warrants to the
 licensee that it is not a competitor of Gaussian, Inc. and that
 it will not use this program in any manner prohibited above.
 ---------------------------------------------------------------
  

 Cite this work as:
 Gaussian 09, Revision E.01,
 M. J. Frisch, G. W. Trucks, H. B. Schlegel, G. E. Scuseria, 
 M. A. Robb, J. R. Cheeseman, G. Scalmani, V. Barone, B. Mennucci, 
 G. A. Petersson, H. Nakatsuji, M. Caricato, X. Li, H. P. Hratchian, 
 A. F. Izmaylov, J. Bloino, G. Zheng, J. L. Sonnenberg, M. Hada, 
 M. Ehara, K. Toyota, R. Fukuda, J. Hasegawa, M. Ishida, T. Nakajima, 
 Y. Honda, O. Kitao, H. Nakai, T. Vreven, J. A. Montgomery, Jr., 
 J. E. Peralta, F. Ogliaro, M. Bearpark, J. J. Heyd, E. Brothers, 
 K. N. Kudin, V. N. Staroverov, T. Keith, R. Kobayashi, J. Normand, 
 K. Raghavachari, A. Rendell, J. C. Burant, S. S. Iyengar, J. Tomasi, 
 M. Cossi, N. Rega, J. M. Millam, M. Klene, J. E. Knox, J. B. Cross, 
 V. Bakken, C. Adamo, J. Jaramillo, R. Gomperts, R. E. Stratmann, 
 O. Yazyev, A. J. Austin, R. Cammi, C. Pomelli, J. W. Ochterski, 
 R. L. Martin, K. Morokuma, V. G. Zakrzewski, G. A. Voth, 
 P. Salvador, J. J. Dannenberg, S. Dapprich, A. D. Daniels, 
 O. Farkas, J. B. Foresman, J. V. Ortiz, J. Cioslowski, 
 and D. J. Fox, Gaussian, Inc., Wallingford CT, 2013.
 
 ******************************************
 Gaussian 09:  ES64L-G09RevE.01 30-Nov-2015
                14-Feb-2017 
 ******************************************
 %chk=h12.chk
 ----------------------------------------------------------------------
 #rhf/gen scf(symm,tight,novaracc,noincfock,fulldiag) stable(crhf) gues
 s=read geom=nocrowd test
 ----------------------------------------------------------------------
 1/38=1/1;
 2/12=1,17=6,18=5,40=1/2;
 3/5=7,16=1,25=1,30=1,116=1/1,2,3;
 4/5=1,9=4/1;
 5/5=100002,15=2,16=1,32=2,38=6/2;
 8/6=1,10=90,11=11/1,4;
 9/8=4,13=1/2;
 6/7=2,8=2,9=2,10=2,28=1/1;
 99/5=1,9=1/99;
 ----------------------------------------------------------------------
 hf stability analysis of h10 triangular lattice, y= 0.3350007865764852
 4
 ----------------------------------------------------------------------
 Symbolic Z-matrix:
 Charge =  0 Multiplicity = 1
 H
 H                    1     1.75569 
 H                    1     1.75569  2     158. 
 H                    2     1.75569  1     22.      3     0.       0
 H                    3     1.75569  1     180.     2     0.       0
 H                    4     1.75569  2     180.     1     0.       0
 H                    5     1.75569  3     180.     2     0.       0
 H                    6     1.75569  4     180.     1     0.       0
 H                    7     1.75569  5     180.     2     0.       0
 H                    8     1.75569  6     180.     1     0.       0
 H                    9     1.75569  7     180.     2     0.       0
 H                    10    1.75569  8     180.     1     0.       0
 
                          Input orientation:                          
 ---------------------------------------------------------------------
 Center     Atomic      Atomic             Coordinates (Angstroms)
 Number     Number       Type             X           Y           Z
 ---------------------------------------------------------------------
      1          1           0        0.000000    0.000000    0.000000
      2          1           0        0.000000    0.000000    1.755687
      3          1           0        0.657692    0.000000   -1.627844
      4          1           0        0.657692    0.000000    0.127842
      5          1           0        1.315383    0.000000   -3.255688
      6          1           0        1.315383    0.000000   -1.500002
      7          1           0        1.973075    0.000000   -4.883533
      8          1           0        1.973075    0.000000   -3.127846
      9          1           0        2.630767    0.000000   -6.511377
     10          1           0        2.630767    0.000000   -4.755690
     11          1           0        3.288459    0.000000   -8.139221
     12          1           0        3.288459    0.000000   -6.383534
 ---------------------------------------------------------------------
                    Distance matrix (angstroms):
                    1          2          3          4          5
     1  H    0.000000
     2  H    1.755687   0.000000
     3  H    1.755687   3.446859   0.000000
     4  H    0.670002   1.755687   1.755687   0.000000
     5  H    3.511373   5.181130   1.755687   3.446859   0.000000
     6  H    1.995054   3.511373   0.670002   1.755687   1.755687
     7  H    5.267060   6.926201   3.511373   5.181130   1.755687
     8  H    3.698168   5.267060   1.995054   3.511373   0.670002
     9  H    7.022746   8.675556   5.267060   6.926201   3.511373
    10  H    5.434844   7.022746   3.698168   5.267060   1.995054
    11  H    8.778433  10.427040   7.022746   8.675556   5.267060
    12  H    7.180771   8.778433   5.434844   7.022746   3.698168
                    6          7          8          9         10
     6  H    0.000000
     7  H    3.446859   0.000000
     8  H    1.755687   1.755687   0.000000
     9  H    5.181130   1.755687   3.446859   0.000000
    10  H    3.511373   0.670002   1.755687   1.755687   0.000000
    11  H    6.926201   3.511373   5.181130   1.755687   3.446859
    12  H    5.267060   1.995054   3.511373   0.670002   1.755687
                   11         12
    11  H    0.000000
    12  H    1.755687   0.000000
 Stoichiometry    H12
 Framework group  C2H[SGH(H12)]
 Deg. of freedom    11
 Full point group                 C2H     NOp   4
 Largest Abelian subgroup         C2H     NOp   4
 Largest concise Abelian subgroup C2      NOp   2
                         Standard orientation:                         
 ---------------------------------------------------------------------
 Center     Atomic      Atomic             Coordinates (Angstroms)
 Number     Number       Type             X           Y           Z
 ---------------------------------------------------------------------
      1          1           0        3.446859    1.005002   -0.000000
      2          1           0        5.170289    0.670002   -0.000000
      3          1           0        1.723430    0.670002   -0.000000
      4          1           0        3.446859    0.335001   -0.000000
      5          1           0        0.000000    0.335001    0.000000
      6          1           0        1.723430    0.000000   -0.000000
      7          1           0       -1.723430    0.000000   -0.000000
      8          1           0       -0.000000   -0.335001    0.000000
      9          1           0       -3.446859   -0.335001    0.000000
     10          1           0       -1.723430   -0.670002    0.000000
     11          1           0       -5.170289   -0.670002    0.000000
     12          1           0       -3.446859   -1.005002    0.000000
 ---------------------------------------------------------------------
 Rotational constants (GHZ):    415.2222330      4.3256910      4.2810916
 General basis read from cards:  (5D, 7F)
 There are     6 symmetry adapted cartesian basis functions of AG  symmetry.
 There are     0 symmetry adapted cartesian basis functions of BG  symmetry.
 There are     0 symmetry adapted cartesian basis functions of AU  symmetry.
 There are     6 symmetry adapted cartesian basis functions of BU  symmetry.
 There are     6 symmetry adapted basis functions of AG  symmetry.
 There are     0 symmetry adapted basis functions of BG  symmetry.
 There are     0 symmetry adapted basis functions of AU  symmetry.
 There are     6 symmetry adapted basis functions of BU  symmetry.
    12 basis functions,   120 primitive gaussians,    12 cartesian basis functions
     6 alpha electrons        6 beta electrons
       nuclear repulsion energy        14.3388080079 Hartrees.
 NAtoms=   12 NActive=   12 NUniq=    6 SFac= 4.00D+00 NAtFMM=   60 NAOKFM=F Big=F
 Integral buffers will be    131072 words long.
 Regular integral format.
 Two-electron integral symmetry is turned on.
 One-electron integrals computed using PRISM.
 NBasis=    12 RedAO= T EigKep=  1.52D-01  NBF=     6     0     0     6
 NBsUse=    12 1.00D-06 EigRej= -1.00D+00 NBFU=     6     0     0     6
 Initial guess from the checkpoint file:  "h12.chk"
 B after Tr=     0.000000   -0.000000    0.000000
         Rot=    0.999973    0.000000    0.000000   -0.007349 Ang=  -0.84 deg.
 Initial guess orbital symmetries:
       Occupied  (AG) (BU) (AG) (BU) (BU) (BU)
       Virtual   (AG) (AG) (AG) (BU) (AG) (BU)
 Keep R1 ints in memory in symmetry-blocked form, NReq=891912.
 Requested convergence on RMS density matrix=1.00D-08 within 128 cycles.
 Requested convergence on MAX density matrix=1.00D-06.
 Requested convergence on             energy=1.00D-06.
 No special actions if energy rises.
 SCF Done:  E(RHF) =  -4.85560545675     A.U. after    9 cycles
            NFock=  9  Conv=0.71D-08     -V/T= 1.7445
 Range of M.O.s used for correlation:     1    12
 NBasis=    12 NAE=     6 NBE=     6 NFC=     0 NFV=     0
 NROrb=     12 NOA=     6 NOB=     6 NVA=     6 NVB=     6

 **** Warning!!: The smallest alpha delta epsilon is -0.23803407D+00

 Semi-Direct transformation.
 ModeAB=           4 MOrb=             6 LenV=     134095651
 LASXX=         2181 LTotXX=        2181 LenRXX=        5115
 LTotAB=        2934 MaxLAS=        3024 LenRXY=           0
 NonZer=        7296 LenScr=      655360 LnRSAI=        3024
 LnScr1=      655360 LExtra=           0 Total=      1318859
 MaxDsk=          -1 SrtSym=           T ITran=            3
 JobTyp=0 Pass  1:  I=   1 to   6.
 (rs|ai) integrals will be sorted in core.
 Spin components of T(2) and E(2):
     alpha-alpha T2 =       0.2550020744D-01 E2=     -0.1471155219D-01
     alpha-beta  T2 =       0.2793233653D+02 E2=     -0.4484235932D+00
     beta-beta   T2 =       0.2550020744D-01 E2=     -0.1471155219D-01
 ANorm=    0.5383617459D+01
 E2 =    -0.4778466976D+00 EUMP2 =    -0.53334521543633D+01
 Second order stability test of a single determinant RHF wave function:
 Stabil:  MDV=134217728
 ***********************************************************************
 Matrix         Lowest Root    Major Pairs
 ***********************************************************************
 Internal RHF    -0.4583685    6A=7A
 RRHF --> CRHF   -0.5713313    6A=7A
 RRHF --> RUHF   -0.7068538    6A=7B
 Not stable.
 ***********************************************************************

 **********************************************************************

            Population analysis using the SCF density.

 **********************************************************************

 Orbital symmetries:
       Occupied  (AG) (BU) (AG) (BU) (BU) (BU)
       Virtual   (AG) (AG) (AG) (BU) (AG) (BU)
 The electronic state is 1-AG.
 Alpha  occ. eigenvalues --   -0.75693  -0.72500  -0.65756  -0.59192  -0.18491
 Alpha  occ. eigenvalues --   -0.01848
 Alpha virt. eigenvalues --   -0.25652  -0.12992   0.30408   0.40491   0.54110
 Alpha virt. eigenvalues --    0.62773
          Condensed to atoms (all electrons):
               1          2          3          4          5          6
     1  H    0.649049  -0.049074   0.011845   0.448547   0.006327  -0.069291
     2  H   -0.049074   1.111297   0.000729  -0.047891   0.000032   0.001183
     3  H    0.011845   0.000729   1.061536  -0.084649   0.393294  -0.151245
     4  H    0.448547  -0.047891  -0.084649   0.673862  -0.013786   0.015576
     5  H    0.006327   0.000032   0.393294  -0.013786   2.515154  -0.331659
     6  H   -0.069291   0.001183  -0.151245   0.015576  -0.331659   1.188714
     7  H    0.000368  -0.000004   0.013702  -0.000190   0.410132  -0.027551
     8  H   -0.007976  -0.000061  -0.241640   0.008132  -1.780998   0.410132
     9  H   -0.000001   0.000001   0.000364  -0.000009   0.008132  -0.000190
    10  H   -0.000088  -0.000002  -0.016398   0.000364  -0.241640   0.013702
    11  H    0.000001  -0.000000  -0.000002   0.000001  -0.000061  -0.000004
    12  H   -0.000006   0.000001  -0.000088  -0.000001  -0.007976   0.000368
               7          8          9         10         11         12
     1  H    0.000368  -0.007976  -0.000001  -0.000088   0.000001  -0.000006
     2  H   -0.000004  -0.000061   0.000001  -0.000002  -0.000000   0.000001
     3  H    0.013702  -0.241640   0.000364  -0.016398  -0.000002  -0.000088
     4  H   -0.000190   0.008132  -0.000009   0.000364   0.000001  -0.000001
     5  H    0.410132  -1.780998   0.008132  -0.241640  -0.000061  -0.007976
     6  H   -0.027551   0.410132  -0.000190   0.013702  -0.000004   0.000368
     7  H    1.188714  -0.331659   0.015576  -0.151245   0.001183  -0.069291
     8  H   -0.331659   2.515154  -0.013786   0.393294   0.000032   0.006327
     9  H    0.015576  -0.013786   0.673862  -0.084649  -0.047891   0.448547
    10  H   -0.151245   0.393294  -0.084649   1.061536   0.000729   0.011845
    11  H    0.001183   0.000032  -0.047891   0.000729   1.111297  -0.049074
    12  H   -0.069291   0.006327   0.448547   0.011845  -0.049074   0.649049
 Mulliken charges:
               1
     1  H    0.010300
     2  H   -0.016211
     3  H    0.012552
     4  H    0.000044
     5  H    0.043049
     6  H   -0.049735
     7  H   -0.049735
     8  H    0.043049
     9  H    0.000044
    10  H    0.012552
    11  H   -0.016211
    12  H    0.010300
 Sum of Mulliken charges =  -0.00000
 Mulliken charges with hydrogens summed into heavy atoms:
               1
 Electronic spatial extent (au):  <R**2>=            458.2837
 Charge=              0.0000 electrons
 Dipole moment (field-independent basis, Debye):
    X=             -0.0000    Y=             -0.0000    Z=              0.0000  Tot=              0.0000
 Quadrupole moment (field-independent basis, Debye-Ang):
   XX=            -20.3183   YY=            -17.7536   ZZ=            -15.7238
   XY=              0.6182   XZ=              0.0000   YZ=              0.0000
 Traceless Quadrupole moment (field-independent basis, Debye-Ang):
   XX=             -2.3863   YY=              0.1783   ZZ=              2.2081
   XY=              0.6182   XZ=              0.0000   YZ=              0.0000
 Octapole moment (field-independent basis, Debye-Ang**2):
  XXX=              0.0000  YYY=             -0.0000  ZZZ=              0.0000  XYY=             -0.0000
  XXY=              0.0000  XXZ=              0.0000  XZZ=             -0.0000  YZZ=             -0.0000
  YYZ=              0.0000  XYZ=              0.0000
 Hexadecapole moment (field-independent basis, Debye-Ang**3):
 XXXX=          -1192.1957 YYYY=            -57.1828 ZZZZ=            -19.3943 XXXY=            -98.5586
 XXXZ=              0.0000 YYYX=            -69.3402 YYYZ=              0.0000 ZZZX=              0.0000
 ZZZY=              0.0000 XXYY=           -159.4107 XXZZ=           -156.6682 YYZZ=            -12.9351
 XXYZ=              0.0000 YYXZ=              0.0000 ZZXY=            -24.2132
 N-N= 1.433880800787D+01 E-N=-3.904085567577D+01  KE= 6.521662249752D+00
 Symmetry AG   KE= 1.464393863299D+00
 Symmetry BG   KE= 0.000000000000D+00
 Symmetry AU   KE= 0.000000000000D+00
 Symmetry BU   KE= 5.057268386453D+00

 Test job not archived.
 1\1\GINC-SULU\Stability\RHF\Gen\H12\LCJ1\14-Feb-2017\0\\#rhf/gen scf(s
 ymm,tight,novaracc,noincfock,fulldiag) stable(crhf) guess=read geom=no
 crowd test\\hf stability analysis of h10 triangular lattice, y= 0.3350
 0078657648524\\0,1\H\H,1,1.7556865006\H,1,1.7556865006,2,158.\H,2,1.75
 56865006,1,22.,3,0.,0\H,3,1.7556865006,1,180.,2,0.,0\H,4,1.7556865006,
 2,180.,1,0.,0\H,5,1.7556865006,3,180.,2,0.,0\H,6,1.7556865006,4,180.,1
 ,0.,0\H,7,1.7556865006,5,180.,2,0.,0\H,8,1.7556865006,6,180.,1,0.,0\H,
 9,1.7556865006,7,180.,2,0.,0\H,10,1.7556865006,8,180.,1,0.,0\\Version=
 ES64L-G09RevE.01\State=1-AG\HF=-4.8556055\MP2=-5.3334522\RMSD=7.057e-0
 9\Dipole=0.,0.,0.\Quadrupole=0.2352984,1.6416503,-1.8769486,0.,-0.0690
 167,0.\PG=C02H [SGH(H12)]\\@


 YOU KNOW YOU'RE A TEACHER WHEN YOU SAY 2, WRITE 3, AND MEAN 4.
 -- RONALD ANSTROM, HIGH SCHOOL TEACHER, UNDERWOOD, N.D. 1974
 Job cpu time:       0 days  0 hours  0 minutes  0.9 seconds.
 File lengths (MBytes):  RWF=     84 Int=      0 D2E=      0 Chk=      2 Scr=      2
 Normal termination of Gaussian 09 at Tue Feb 14 17:41:44 2017.
