 Entering Gaussian System, Link 0=g09
 AtFile(1): H.gbs
            H     0
            S   10   1.00
               1000.000000000000            0.000068713567
                316.227766000000            0.000169141320
                100.000000000000            0.000823394812
                 31.622776600000            0.003425569236
                 10.000000000000            0.013951996000
                  3.162277660000            0.056909313560
                  1.000000000000            0.198286399900
                  0.316227766000            0.496922426700
                  0.100000000000            0.369846276400
                  0.031622776600            0.003752720039
            ****
 Initial command:
 /projects/guscus/apps/gau/g09-e1/g09/l1.exe "/users/lcj1/gaussian/h12/rhfstability/2rows/alterguess/2to4/Gau-17527.inp" -scrdir="/users/lcj1/gaussian/h12/rhfstability/2rows/alterguess/2to4/"
 Entering Link 1 = /projects/guscus/apps/gau/g09-e1/g09/l1.exe PID=     17528.
  
 Copyright (c) 1988,1990,1992,1993,1995,1998,2003,2009,2015,
            Gaussian, Inc.  All Rights Reserved.
  
 This is part of the Gaussian(R) 09 program.  It is based on
 the Gaussian(R) 03 system (copyright 2003, Gaussian, Inc.),
 the Gaussian(R) 98 system (copyright 1998, Gaussian, Inc.),
 the Gaussian(R) 94 system (copyright 1995, Gaussian, Inc.),
 the Gaussian 92(TM) system (copyright 1992, Gaussian, Inc.),
 the Gaussian 90(TM) system (copyright 1990, Gaussian, Inc.),
 the Gaussian 88(TM) system (copyright 1988, Gaussian, Inc.),
 the Gaussian 86(TM) system (copyright 1986, Carnegie Mellon
 University), and the Gaussian 82(TM) system (copyright 1983,
 Carnegie Mellon University). Gaussian is a federally registered
 trademark of Gaussian, Inc.
  
 This software contains proprietary and confidential information,
 including trade secrets, belonging to Gaussian, Inc.
  
 This software is provided under written license and may be
 used, copied, transmitted, or stored only in accord with that
 written license.
  
 The following legend is applicable only to US Government
 contracts under FAR:
  
                    RESTRICTED RIGHTS LEGEND
  
 Use, reproduction and disclosure by the US Government is
 subject to restrictions as set forth in subparagraphs (a)
 and (c) of the Commercial Computer Software - Restricted
 Rights clause in FAR 52.227-19.
  
 Gaussian, Inc.
 340 Quinnipiac St., Bldg. 40, Wallingford CT 06492
  
  
 ---------------------------------------------------------------
 Warning -- This program may not be used in any manner that
 competes with the business of Gaussian, Inc. or will provide
 assistance to any competitor of Gaussian, Inc.  The licensee
 of this program is prohibited from giving any competitor of
 Gaussian, Inc. access to this program.  By using this program,
 the user acknowledges that Gaussian, Inc. is engaged in the
 business of creating and licensing software in the field of
 computational chemistry and represents and warrants to the
 licensee that it is not a competitor of Gaussian, Inc. and that
 it will not use this program in any manner prohibited above.
 ---------------------------------------------------------------
  

 Cite this work as:
 Gaussian 09, Revision E.01,
 M. J. Frisch, G. W. Trucks, H. B. Schlegel, G. E. Scuseria, 
 M. A. Robb, J. R. Cheeseman, G. Scalmani, V. Barone, B. Mennucci, 
 G. A. Petersson, H. Nakatsuji, M. Caricato, X. Li, H. P. Hratchian, 
 A. F. Izmaylov, J. Bloino, G. Zheng, J. L. Sonnenberg, M. Hada, 
 M. Ehara, K. Toyota, R. Fukuda, J. Hasegawa, M. Ishida, T. Nakajima, 
 Y. Honda, O. Kitao, H. Nakai, T. Vreven, J. A. Montgomery, Jr., 
 J. E. Peralta, F. Ogliaro, M. Bearpark, J. J. Heyd, E. Brothers, 
 K. N. Kudin, V. N. Staroverov, T. Keith, R. Kobayashi, J. Normand, 
 K. Raghavachari, A. Rendell, J. C. Burant, S. S. Iyengar, J. Tomasi, 
 M. Cossi, N. Rega, J. M. Millam, M. Klene, J. E. Knox, J. B. Cross, 
 V. Bakken, C. Adamo, J. Jaramillo, R. Gomperts, R. E. Stratmann, 
 O. Yazyev, A. J. Austin, R. Cammi, C. Pomelli, J. W. Ochterski, 
 R. L. Martin, K. Morokuma, V. G. Zakrzewski, G. A. Voth, 
 P. Salvador, J. J. Dannenberg, S. Dapprich, A. D. Daniels, 
 O. Farkas, J. B. Foresman, J. V. Ortiz, J. Cioslowski, 
 and D. J. Fox, Gaussian, Inc., Wallingford CT, 2013.
 
 ******************************************
 Gaussian 09:  ES64L-G09RevE.01 30-Nov-2015
                14-Feb-2017 
 ******************************************
 %chk=h12.chk
 ----------------------------------------------------------------------
 #rhf/gen scf(symm,tight,novaracc,noincfock,fulldiag) stable(crhf) gues
 s=read geom=nocrowd test
 ----------------------------------------------------------------------
 1/38=1/1;
 2/12=1,17=6,18=5,40=1/2;
 3/5=7,16=1,25=1,30=1,116=1/1,2,3;
 4/5=1,9=4/1;
 5/5=100002,15=2,16=1,32=2,38=6/2;
 8/6=1,10=90,11=11/1,4;
 9/8=4,13=1/2;
 6/7=2,8=2,9=2,10=2,28=1/1;
 99/5=1,9=1/99;
 ----------------------------------------------------------------------
 hf stability analysis of h10 triangular lattice, y= 0.6358183901871248
 3
 ----------------------------------------------------------------------
 Symbolic Z-matrix:
 Charge =  0 Multiplicity = 1
 H
 H                    1     1.10852 
 H                    1     1.10852  2     110. 
 H                    2     1.10852  1     70.      3     0.       0
 H                    3     1.10852  1     180.     2     0.       0
 H                    4     1.10852  2     180.     1     0.       0
 H                    5     1.10852  3     180.     2     0.       0
 H                    6     1.10852  4     180.     1     0.       0
 H                    7     1.10852  5     180.     2     0.       0
 H                    8     1.10852  6     180.     1     0.       0
 H                    9     1.10852  7     180.     2     0.       0
 H                    10    1.10852  8     180.     1     0.       0
 
                          Input orientation:                          
 ---------------------------------------------------------------------
 Center     Atomic      Atomic             Coordinates (Angstroms)
 Number     Number       Type             X           Y           Z
 ---------------------------------------------------------------------
      1          1           0        0.000000    0.000000    0.000000
      2          1           0        0.000000    0.000000    1.108516
      3          1           0        1.041664    0.000000   -0.379135
      4          1           0        1.041664    0.000000    0.729381
      5          1           0        2.083328    0.000000   -0.758269
      6          1           0        2.083328    0.000000    0.350246
      7          1           0        3.124992    0.000000   -1.137404
      8          1           0        3.124992    0.000000   -0.028888
      9          1           0        4.166655    0.000000   -1.516539
     10          1           0        4.166655    0.000000   -0.408023
     11          1           0        5.208319    0.000000   -1.895673
     12          1           0        5.208319    0.000000   -0.787158
 ---------------------------------------------------------------------
                    Distance matrix (angstroms):
                    1          2          3          4          5
     1  H    0.000000
     2  H    1.108516   0.000000
     3  H    1.108516   1.816085   0.000000
     4  H    1.271637   1.108516   1.108516   0.000000
     5  H    2.217031   2.797345   1.108516   1.816085   0.000000
     6  H    2.112564   2.217031   1.271637   1.108516   1.108516
     7  H    3.325547   3.848341   2.217031   2.797345   1.108516
     8  H    3.125125   3.325547   2.112564   2.217031   1.271637
     9  H    4.434062   4.924624   3.325547   3.848341   2.217031
    10  H    4.186586   4.434062   3.125125   3.325547   2.112564
    11  H    5.542578   6.012632   4.434062   4.924624   3.325547
    12  H    5.267467   5.542578   4.186586   4.434062   3.125125
                    6          7          8          9         10
     6  H    0.000000
     7  H    1.816085   0.000000
     8  H    1.108516   1.108516   0.000000
     9  H    2.797345   1.108516   1.816085   0.000000
    10  H    2.217031   1.271637   1.108516   1.108516   0.000000
    11  H    3.848341   2.217031   2.797345   1.108516   1.816085
    12  H    3.325547   2.112564   2.217031   1.271637   1.108516
                   11         12
    11  H    0.000000
    12  H    1.108516   0.000000
 Stoichiometry    H12
 Framework group  C2H[SGH(H12)]
 Deg. of freedom    11
 Full point group                 C2H     NOp   4
 Largest Abelian subgroup         C2H     NOp   4
 Largest concise Abelian subgroup C2      NOp   2
                         Standard orientation:                         
 ---------------------------------------------------------------------
 Center     Atomic      Atomic             Coordinates (Angstroms)
 Number     Number       Type             X           Y           Z
 ---------------------------------------------------------------------
      1          1           0        1.816085    1.907455   -0.000000
      2          1           0        2.724128    1.271637   -0.000000
      3          1           0        0.908043    1.271637   -0.000000
      4          1           0        1.816085    0.635818   -0.000000
      5          1           0        0.000000    0.635818   -0.000000
      6          1           0        0.908043    0.000000    0.000000
      7          1           0       -0.908043    0.000000   -0.000000
      8          1           0       -0.000000   -0.635818    0.000000
      9          1           0       -1.816085   -0.635818   -0.000000
     10          1           0       -0.908043   -1.271637    0.000000
     11          1           0       -2.724128   -1.271637   -0.000000
     12          1           0       -1.816085   -1.907455    0.000000
 ---------------------------------------------------------------------
 Rotational constants (GHZ):    155.7174414     11.5345013     10.7390264
 General basis read from cards:  (5D, 7F)
 There are     6 symmetry adapted cartesian basis functions of AG  symmetry.
 There are     0 symmetry adapted cartesian basis functions of BG  symmetry.
 There are     0 symmetry adapted cartesian basis functions of AU  symmetry.
 There are     6 symmetry adapted cartesian basis functions of BU  symmetry.
 There are     6 symmetry adapted basis functions of AG  symmetry.
 There are     0 symmetry adapted basis functions of BG  symmetry.
 There are     0 symmetry adapted basis functions of AU  symmetry.
 There are     6 symmetry adapted basis functions of BU  symmetry.
    12 basis functions,   120 primitive gaussians,    12 cartesian basis functions
     6 alpha electrons        6 beta electrons
       nuclear repulsion energy        18.0435172779 Hartrees.
 NAtoms=   12 NActive=   12 NUniq=    6 SFac= 4.00D+00 NAtFMM=   60 NAOKFM=F Big=F
 Integral buffers will be    131072 words long.
 Regular integral format.
 Two-electron integral symmetry is turned on.
 One-electron integrals computed using PRISM.
 NBasis=    12 RedAO= T EigKep=  1.44D-01  NBF=     6     0     0     6
 NBsUse=    12 1.00D-06 EigRej= -1.00D+00 NBFU=     6     0     0     6
 Initial guess from the checkpoint file:  "h12.chk"
 B after Tr=    -0.000000   -0.000000   -0.000000
         Rot=    0.999973   -0.000000    0.000000   -0.007349 Ang=  -0.84 deg.
 Initial guess orbital symmetries:
       Occupied  (AG) (BU) (AG) (BU) (BU) (BU)
       Virtual   (AG) (AG) (AG) (BU) (BU) (AG)
 Keep R1 ints in memory in symmetry-blocked form, NReq=900606.
 Requested convergence on RMS density matrix=1.00D-08 within 128 cycles.
 Requested convergence on MAX density matrix=1.00D-06.
 Requested convergence on             energy=1.00D-06.
 No special actions if energy rises.
 SCF Done:  E(RHF) =  -5.50245882474     A.U. after    9 cycles
            NFock=  9  Conv=0.87D-08     -V/T= 1.8498
 Range of M.O.s used for correlation:     1    12
 NBasis=    12 NAE=     6 NBE=     6 NFC=     0 NFV=     0
 NROrb=     12 NOA=     6 NOB=     6 NVA=     6 NVB=     6

 **** Warning!!: The smallest alpha delta epsilon is -0.29750758D-01

 Semi-Direct transformation.
 ModeAB=           4 MOrb=             6 LenV=     134087713
 LASXX=         2181 LTotXX=        2181 LenRXX=        5115
 LTotAB=        2934 MaxLAS=        3024 LenRXY=           0
 NonZer=        7296 LenScr=      655360 LnRSAI=        3024
 LnScr1=      655360 LExtra=           0 Total=      1318859
 MaxDsk=          -1 SrtSym=           T ITran=            3
 JobTyp=0 Pass  1:  I=   1 to   6.
 (rs|ai) integrals will be sorted in core.
 Spin components of T(2) and E(2):
     alpha-alpha T2 =       0.3250828904D-01 E2=     -0.2309411871D-01
     alpha-beta  T2 =       0.3176175741D+01 E2=     -0.5860539057D-01
     beta-beta   T2 =       0.3250828904D-01 E2=     -0.2309411871D-01
 ANorm=    0.2059415529D+01
 E2 =    -0.1047936280D+00 EUMP2 =    -0.56072524527246D+01
 Second order stability test of a single determinant RHF wave function:
 Stabil:  MDV=134217728
 ***********************************************************************
 Matrix         Lowest Root    Major Pairs
 ***********************************************************************
 Internal RHF    -0.1875545    6A=7A
 RRHF --> CRHF   -0.226069     6A=7A
 RRHF --> RUHF   -0.4435022    6A=7B
 Not stable.
 ***********************************************************************

 **********************************************************************

            Population analysis using the SCF density.

 **********************************************************************

 Orbital symmetries:
       Occupied  (AG) (BU) (AG) (BU) (BU) (BU)
       Virtual   (AG) (AG) (AG) (BU) (BU) (AG)
 The electronic state is 1-AG.
 Alpha  occ. eigenvalues --   -0.87033  -0.79455  -0.63253  -0.43066  -0.40041
 Alpha  occ. eigenvalues --   -0.10950
 Alpha virt. eigenvalues --   -0.13925   0.03228   0.30658   0.35776   0.60314
 Alpha virt. eigenvalues --    0.77407
          Condensed to atoms (all electrons):
               1          2          3          4          5          6
     1  H    1.353181  -0.070604   0.151707  -0.168025  -0.141722  -0.029722
     2  H   -0.070604   0.898500  -0.092989   0.321172   0.009910  -0.092546
     3  H    0.151707  -0.092989   0.643026  -0.054803   0.181830   0.075723
     4  H   -0.168025   0.321172  -0.054803   0.744630   0.042151   0.057761
     5  H   -0.141722   0.009910   0.181830   0.042151   1.373708  -0.168758
     6  H   -0.029722  -0.092546   0.075723   0.057761  -0.168758   1.080703
     7  H   -0.001047   0.005929  -0.006740  -0.013747   0.365985  -0.204622
     8  H    0.029975  -0.013981  -0.043850  -0.048162  -0.475279   0.365985
     9  H    0.004127  -0.000751   0.009629  -0.006736  -0.048162  -0.013747
    10  H   -0.001738   0.002613  -0.024834   0.009629  -0.043850  -0.006740
    11  H    0.000389  -0.000224   0.002613  -0.000751  -0.013981   0.005929
    12  H   -0.001483   0.000389  -0.001738   0.004127   0.029975  -0.001047
               7          8          9         10         11         12
     1  H   -0.001047   0.029975   0.004127  -0.001738   0.000389  -0.001483
     2  H    0.005929  -0.013981  -0.000751   0.002613  -0.000224   0.000389
     3  H   -0.006740  -0.043850   0.009629  -0.024834   0.002613  -0.001738
     4  H   -0.013747  -0.048162  -0.006736   0.009629  -0.000751   0.004127
     5  H    0.365985  -0.475279  -0.048162  -0.043850  -0.013981   0.029975
     6  H   -0.204622   0.365985  -0.013747  -0.006740   0.005929  -0.001047
     7  H    1.080703  -0.168758   0.057761   0.075723  -0.092546  -0.029722
     8  H   -0.168758   1.373708   0.042151   0.181830   0.009910  -0.141722
     9  H    0.057761   0.042151   0.744630  -0.054803   0.321172  -0.168025
    10  H    0.075723   0.181830  -0.054803   0.643026  -0.092989   0.151707
    11  H   -0.092546   0.009910   0.321172  -0.092989   0.898500  -0.070604
    12  H   -0.029722  -0.141722  -0.168025   0.151707  -0.070604   1.353181
 Mulliken charges:
               1
     1  H   -0.125036
     2  H    0.032582
     3  H    0.160425
     4  H    0.112754
     5  H   -0.111806
     6  H   -0.068919
     7  H   -0.068919
     8  H   -0.111806
     9  H    0.112754
    10  H    0.160425
    11  H    0.032582
    12  H   -0.125036
 Sum of Mulliken charges =  -0.00000
 Mulliken charges with hydrogens summed into heavy atoms:
               1
 Electronic spatial extent (au):  <R**2>=            204.5178
 Charge=             -0.0000 electrons
 Dipole moment (field-independent basis, Debye):
    X=              0.0000    Y=              0.0000    Z=             -0.0000  Tot=              0.0000
 Quadrupole moment (field-independent basis, Debye-Ang):
   XX=            -15.6644   YY=            -19.8620   ZZ=            -15.2730
   XY=              0.3030   XZ=             -0.0000   YZ=              0.0000
 Traceless Quadrupole moment (field-independent basis, Debye-Ang):
   XX=              1.2687   YY=             -2.9289   ZZ=              1.6601
   XY=              0.3030   XZ=             -0.0000   YZ=              0.0000
 Octapole moment (field-independent basis, Debye-Ang**2):
  XXX=              0.0000  YYY=              0.0000  ZZZ=              0.0000  XYY=              0.0000
  XXY=              0.0000  XXZ=              0.0000  XZZ=              0.0000  YZZ=              0.0000
  YYZ=              0.0000  XYZ=              0.0000
 Hexadecapole moment (field-independent basis, Debye-Ang**3):
 XXXX=           -277.4127 YYYY=           -172.8137 ZZZZ=            -18.2384 XXXY=            -77.8245
 XXXZ=              0.0000 YYYX=            -90.5739 YYYZ=              0.0000 ZZZX=              0.0000
 ZZZY=              0.0000 XXYY=            -80.6510 XXZZ=            -47.5216 YYZZ=            -27.3949
 XXYZ=              0.0000 YYXZ=              0.0000 ZZXY=            -23.8771
 N-N= 1.804351727789D+01 E-N=-4.709067607449D+01  KE= 6.474679551786D+00
 Symmetry AG   KE= 1.329080038655D+00
 Symmetry BG   KE= 0.000000000000D+00
 Symmetry AU   KE= 0.000000000000D+00
 Symmetry BU   KE= 5.145599513132D+00

 Test job not archived.
 1\1\GINC-SULU\Stability\RHF\Gen\H12\LCJ1\14-Feb-2017\0\\#rhf/gen scf(s
 ymm,tight,novaracc,noincfock,fulldiag) stable(crhf) guess=read geom=no
 crowd test\\hf stability analysis of h10 triangular lattice, y= 0.6358
 1839018712483\\0,1\H\H,1,1.1085155081\H,1,1.1085155081,2,110.\H,2,1.10
 85155081,1,70.,3,0.,0\H,3,1.1085155081,1,180.,2,0.,0\H,4,1.1085155081,
 2,180.,1,0.,0\H,5,1.1085155081,3,180.,2,0.,0\H,6,1.1085155081,4,180.,1
 ,0.,0\H,7,1.1085155081,5,180.,2,0.,0\H,8,1.1085155081,6,180.,1,0.,0\H,
 9,1.1085155081,7,180.,2,0.,0\H,10,1.1085155081,8,180.,1,0.,0\\Version=
 ES64L-G09RevE.01\State=1-AG\HF=-5.5024588\MP2=-5.6072525\RMSD=8.734e-0
 9\Dipole=0.,0.,0.\Quadrupole=-0.9391325,1.234271,-0.2951385,0.,-1.5433
 658,0.\PG=C02H [SGH(H12)]\\@


 BUT 'GLORY' DOESN'T MEAN 'A NICE KNOCK DOWN ARGUMENT', ALICE OBJECTED.
 WHEN I USE A WORD, HUMPTY DUMPTY SAID, IN A RATHER SCORNFUL TONE,
 IT MEANS JUST WHAT I CHOOSE IT TO MEAN....
 NEITHER MORE NOR LESS....
 THE QUESTION IS, SAID ALICE,
 WHETHER YOU CAN MAKE WORDS MEAN SO MANY DIFFERENT THINGS...
 THE QUESTION IS, SAID HUMPTY DUMPTY,
 WHICH IS TO BE MASTER....
 THAT IS ALL.....

 ALICE THROUGH THE LOOKING GLASS
 Job cpu time:       0 days  0 hours  0 minutes  1.0 seconds.
 File lengths (MBytes):  RWF=     84 Int=      0 D2E=      0 Chk=      2 Scr=      2
 Normal termination of Gaussian 09 at Tue Feb 14 17:42:41 2017.
