 Entering Gaussian System, Link 0=g09
 AtFile(1): H.gbs
            H     0
            S   10   1.00
               1000.000000000000            0.000068713567
                316.227766000000            0.000169141320
                100.000000000000            0.000823394812
                 31.622776600000            0.003425569236
                 10.000000000000            0.013951996000
                  3.162277660000            0.056909313560
                  1.000000000000            0.198286399900
                  0.316227766000            0.496922426700
                  0.100000000000            0.369846276400
                  0.031622776600            0.003752720039
            ****
 Initial command:
 /projects/guscus/apps/gau/g09-e1/g09/l1.exe "/users/lcj1/gaussian/h12/rhfstability/2rows/alterguess/2to4/Gau-16828.inp" -scrdir="/users/lcj1/gaussian/h12/rhfstability/2rows/alterguess/2to4/"
 Entering Link 1 = /projects/guscus/apps/gau/g09-e1/g09/l1.exe PID=     16829.
  
 Copyright (c) 1988,1990,1992,1993,1995,1998,2003,2009,2015,
            Gaussian, Inc.  All Rights Reserved.
  
 This is part of the Gaussian(R) 09 program.  It is based on
 the Gaussian(R) 03 system (copyright 2003, Gaussian, Inc.),
 the Gaussian(R) 98 system (copyright 1998, Gaussian, Inc.),
 the Gaussian(R) 94 system (copyright 1995, Gaussian, Inc.),
 the Gaussian 92(TM) system (copyright 1992, Gaussian, Inc.),
 the Gaussian 90(TM) system (copyright 1990, Gaussian, Inc.),
 the Gaussian 88(TM) system (copyright 1988, Gaussian, Inc.),
 the Gaussian 86(TM) system (copyright 1986, Carnegie Mellon
 University), and the Gaussian 82(TM) system (copyright 1983,
 Carnegie Mellon University). Gaussian is a federally registered
 trademark of Gaussian, Inc.
  
 This software contains proprietary and confidential information,
 including trade secrets, belonging to Gaussian, Inc.
  
 This software is provided under written license and may be
 used, copied, transmitted, or stored only in accord with that
 written license.
  
 The following legend is applicable only to US Government
 contracts under FAR:
  
                    RESTRICTED RIGHTS LEGEND
  
 Use, reproduction and disclosure by the US Government is
 subject to restrictions as set forth in subparagraphs (a)
 and (c) of the Commercial Computer Software - Restricted
 Rights clause in FAR 52.227-19.
  
 Gaussian, Inc.
 340 Quinnipiac St., Bldg. 40, Wallingford CT 06492
  
  
 ---------------------------------------------------------------
 Warning -- This program may not be used in any manner that
 competes with the business of Gaussian, Inc. or will provide
 assistance to any competitor of Gaussian, Inc.  The licensee
 of this program is prohibited from giving any competitor of
 Gaussian, Inc. access to this program.  By using this program,
 the user acknowledges that Gaussian, Inc. is engaged in the
 business of creating and licensing software in the field of
 computational chemistry and represents and warrants to the
 licensee that it is not a competitor of Gaussian, Inc. and that
 it will not use this program in any manner prohibited above.
 ---------------------------------------------------------------
  

 Cite this work as:
 Gaussian 09, Revision E.01,
 M. J. Frisch, G. W. Trucks, H. B. Schlegel, G. E. Scuseria, 
 M. A. Robb, J. R. Cheeseman, G. Scalmani, V. Barone, B. Mennucci, 
 G. A. Petersson, H. Nakatsuji, M. Caricato, X. Li, H. P. Hratchian, 
 A. F. Izmaylov, J. Bloino, G. Zheng, J. L. Sonnenberg, M. Hada, 
 M. Ehara, K. Toyota, R. Fukuda, J. Hasegawa, M. Ishida, T. Nakajima, 
 Y. Honda, O. Kitao, H. Nakai, T. Vreven, J. A. Montgomery, Jr., 
 J. E. Peralta, F. Ogliaro, M. Bearpark, J. J. Heyd, E. Brothers, 
 K. N. Kudin, V. N. Staroverov, T. Keith, R. Kobayashi, J. Normand, 
 K. Raghavachari, A. Rendell, J. C. Burant, S. S. Iyengar, J. Tomasi, 
 M. Cossi, N. Rega, J. M. Millam, M. Klene, J. E. Knox, J. B. Cross, 
 V. Bakken, C. Adamo, J. Jaramillo, R. Gomperts, R. E. Stratmann, 
 O. Yazyev, A. J. Austin, R. Cammi, C. Pomelli, J. W. Ochterski, 
 R. L. Martin, K. Morokuma, V. G. Zakrzewski, G. A. Voth, 
 P. Salvador, J. J. Dannenberg, S. Dapprich, A. D. Daniels, 
 O. Farkas, J. B. Foresman, J. V. Ortiz, J. Cioslowski, 
 and D. J. Fox, Gaussian, Inc., Wallingford CT, 2013.
 
 ******************************************
 Gaussian 09:  ES64L-G09RevE.01 30-Nov-2015
                14-Feb-2017 
 ******************************************
 %chk=h12.chk
 ----------------------------------------------------------------------
 #rhf/gen scf(symm,tight,novaracc,noincfock,fulldiag) stable(crhf) gues
 s=read geom=nocrowd test
 ----------------------------------------------------------------------
 1/38=1/1;
 2/12=1,17=6,18=5,40=1/2;
 3/5=7,16=1,25=1,30=1,116=1/1,2,3;
 4/5=1,9=4/1;
 5/5=100002,15=2,16=1,32=2,38=6/2;
 8/6=1,10=90,11=11/1,4;
 9/8=4,13=1/2;
 6/7=2,8=2,9=2,10=2,28=1/1;
 99/5=1,9=1/99;
 ----------------------------------------------------------------------
 hf stability analysis of h10 triangular lattice, y= 0.4458672966047664
 3
 ----------------------------------------------------------------------
 Symbolic Z-matrix:
 Charge =  0 Multiplicity = 1
 H
 H                    1     1.36951 
 H                    1     1.36951  2     142. 
 H                    2     1.36951  1     38.      3     0.       0
 H                    3     1.36951  1     180.     2     0.       0
 H                    4     1.36951  2     180.     1     0.       0
 H                    5     1.36951  3     180.     2     0.       0
 H                    6     1.36951  4     180.     1     0.       0
 H                    7     1.36951  5     180.     2     0.       0
 H                    8     1.36951  6     180.     1     0.       0
 H                    9     1.36951  7     180.     2     0.       0
 H                    10    1.36951  8     180.     1     0.       0
 
                          Input orientation:                          
 ---------------------------------------------------------------------
 Center     Atomic      Atomic             Coordinates (Angstroms)
 Number     Number       Type             X           Y           Z
 ---------------------------------------------------------------------
      1          1           0        0.000000    0.000000    0.000000
      2          1           0        0.000000    0.000000    1.369505
      3          1           0        0.843152    0.000000   -1.079185
      4          1           0        0.843152    0.000000    0.290320
      5          1           0        1.686303    0.000000   -2.158370
      6          1           0        1.686303    0.000000   -0.788864
      7          1           0        2.529455    0.000000   -3.237555
      8          1           0        2.529455    0.000000   -1.868049
      9          1           0        3.372606    0.000000   -4.316739
     10          1           0        3.372606    0.000000   -2.947234
     11          1           0        4.215758    0.000000   -5.395924
     12          1           0        4.215758    0.000000   -4.026419
 ---------------------------------------------------------------------
                    Distance matrix (angstroms):
                    1          2          3          4          5
     1  H    0.000000
     2  H    1.369505   0.000000
     3  H    1.369505   2.589785   0.000000
     4  H    0.891735   1.369505   1.369505   0.000000
     5  H    2.739010   3.910182   1.369505   2.589785   0.000000
     6  H    1.861700   2.739010   0.891735   1.369505   1.369505
     7  H    4.108516   5.255772   2.739010   3.910182   1.369505
     8  H    3.144479   4.108516   1.861700   2.739010   0.891735
     9  H    5.478021   6.611191   4.108516   5.255772   2.739010
    10  H    4.478913   5.478021   3.144479   4.108516   1.861700
    11  H    6.847526   7.971427   5.478021   6.611191   4.108516
    12  H    5.829637   6.847526   4.478913   5.478021   3.144479
                    6          7          8          9         10
     6  H    0.000000
     7  H    2.589785   0.000000
     8  H    1.369505   1.369505   0.000000
     9  H    3.910182   1.369505   2.589785   0.000000
    10  H    2.739010   0.891735   1.369505   1.369505   0.000000
    11  H    5.255772   2.739010   3.910182   1.369505   2.589785
    12  H    4.108516   1.861700   2.739010   0.891735   1.369505
                   11         12
    11  H    0.000000
    12  H    1.369505   0.000000
 Stoichiometry    H12
 Framework group  C2H[SGH(H12)]
 Deg. of freedom    11
 Full point group                 C2H     NOp   4
 Largest Abelian subgroup         C2H     NOp   4
 Largest concise Abelian subgroup C2      NOp   2
                         Standard orientation:                         
 ---------------------------------------------------------------------
 Center     Atomic      Atomic             Coordinates (Angstroms)
 Number     Number       Type             X           Y           Z
 ---------------------------------------------------------------------
      1          1           0        2.589785    1.337602    0.000000
      2          1           0        3.884678    0.891735    0.000000
      3          1           0        1.294893    0.891735    0.000000
      4          1           0        2.589785    0.445867    0.000000
      5          1           0        0.000000    0.445867    0.000000
      6          1           0        1.294893    0.000000    0.000000
      7          1           0       -1.294893    0.000000    0.000000
      8          1           0       -0.000000   -0.445867   -0.000000
      9          1           0       -2.589785   -0.445867    0.000000
     10          1           0       -1.294893   -0.891735    0.000000
     11          1           0       -3.884678   -0.891735    0.000000
     12          1           0       -2.589785   -1.337602    0.000000
 ---------------------------------------------------------------------
 Rotational constants (GHZ):    248.0376220      7.2413332      7.0359230
 General basis read from cards:  (5D, 7F)
 There are     6 symmetry adapted cartesian basis functions of AG  symmetry.
 There are     0 symmetry adapted cartesian basis functions of BG  symmetry.
 There are     0 symmetry adapted cartesian basis functions of AU  symmetry.
 There are     6 symmetry adapted cartesian basis functions of BU  symmetry.
 There are     6 symmetry adapted basis functions of AG  symmetry.
 There are     0 symmetry adapted basis functions of BG  symmetry.
 There are     0 symmetry adapted basis functions of AU  symmetry.
 There are     6 symmetry adapted basis functions of BU  symmetry.
    12 basis functions,   120 primitive gaussians,    12 cartesian basis functions
     6 alpha electrons        6 beta electrons
       nuclear repulsion energy        16.0693194254 Hartrees.
 NAtoms=   12 NActive=   12 NUniq=    6 SFac= 4.00D+00 NAtFMM=   60 NAOKFM=F Big=F
 Integral buffers will be    131072 words long.
 Regular integral format.
 Two-electron integral symmetry is turned on.
 One-electron integrals computed using PRISM.
 NBasis=    12 RedAO= T EigKep=  1.76D-01  NBF=     6     0     0     6
 NBsUse=    12 1.00D-06 EigRej= -1.00D+00 NBFU=     6     0     0     6
 Initial guess from the checkpoint file:  "h12.chk"
 B after Tr=     0.000000    0.000000   -0.000000
         Rot=    0.999973   -0.000000    0.000000   -0.007349 Ang=  -0.84 deg.
 Initial guess orbital symmetries:
       Occupied  (AG) (BU) (AG) (BU) (BU) (BU)
       Virtual   (AG) (AG) (AG) (BU) (AG) (BU)
 Keep R1 ints in memory in symmetry-blocked form, NReq=896546.
 Requested convergence on RMS density matrix=1.00D-08 within 128 cycles.
 Requested convergence on MAX density matrix=1.00D-06.
 Requested convergence on             energy=1.00D-06.
 No special actions if energy rises.
 SCF Done:  E(RHF) =  -5.36458848977     A.U. after   10 cycles
            NFock= 10  Conv=0.17D-08     -V/T= 1.8363
 Range of M.O.s used for correlation:     1    12
 NBasis=    12 NAE=     6 NBE=     6 NFC=     0 NFV=     0
 NROrb=     12 NOA=     6 NOB=     6 NVA=     6 NVB=     6

 **** Warning!!: The smallest alpha delta epsilon is -0.22430331D-01

 Semi-Direct transformation.
 ModeAB=           4 MOrb=             6 LenV=     134092067
 LASXX=         2181 LTotXX=        2181 LenRXX=        5115
 LTotAB=        2934 MaxLAS=        3024 LenRXY=           0
 NonZer=        7296 LenScr=      655360 LnRSAI=        3024
 LnScr1=      655360 LExtra=           0 Total=      1318859
 MaxDsk=          -1 SrtSym=           T ITran=            3
 JobTyp=0 Pass  1:  I=   1 to   6.
 (rs|ai) integrals will be sorted in core.
 Spin components of T(2) and E(2):
     alpha-alpha T2 =       0.3764385783D-01 E2=     -0.2149079646D-01
     alpha-beta  T2 =       0.1230199408D+02 E2=      0.7894801566D-01
     beta-beta   T2 =       0.3764385783D-01 E2=     -0.2149079646D-01
 ANorm=    0.3657496657D+01
 E2 =     0.3596642274D-01 EUMP2 =    -0.53286220670327D+01
 Second order stability test of a single determinant RHF wave function:
 Stabil:  MDV=134217728
 ***********************************************************************
 Matrix         Lowest Root    Major Pairs
 ***********************************************************************
 Internal RHF    -0.1157837    5A=7A 6A=7A 5A=8A 6A=8A 5A=9A

 RRHF --> CRHF   -0.1848744    5A=7A 6A=7A 5A=8A 6A=8A 5A=9A 6A=9A 4A=7A
 RRHF --> RUHF   -0.560017     6A=7B 6A=8B 6A=9B 4A=7B
 Not stable.
 ***********************************************************************

 **********************************************************************

            Population analysis using the SCF density.

 **********************************************************************

 Orbital symmetries:
       Occupied  (AG) (BU) (AG) (BU) (BU) (BU)
       Virtual   (AG) (AG) (AG) (BU) (AG) (BU)
 The electronic state is 1-AG.
 Alpha  occ. eigenvalues --   -0.82161  -0.75562  -0.64293  -0.49857  -0.21726
 Alpha  occ. eigenvalues --   -0.10756
 Alpha virt. eigenvalues --   -0.12999   0.05310   0.12271   0.27325   0.45803
 Alpha virt. eigenvalues --    0.61151
          Condensed to atoms (all electrons):
               1          2          3          4          5          6
     1  H    0.871108  -0.170318  -0.009299   0.440197  -0.006041  -0.134327
     2  H   -0.170318   1.323508   0.001842  -0.092734   0.002677   0.010636
     3  H   -0.009299   0.001842   0.851996  -0.123355   0.368615   0.009220
     4  H    0.440197  -0.092734  -0.123355   0.756333  -0.056044  -0.006345
     5  H   -0.006041   0.002677   0.368615  -0.056044   1.248064  -0.194973
     6  H   -0.134327   0.010636   0.009220  -0.006345  -0.194973   1.167575
     7  H    0.004872  -0.000248   0.015291  -0.000641   0.322414  -0.098058
     8  H   -0.008470  -0.003026  -0.162985   0.025898  -0.560356   0.322414
     9  H   -0.000161   0.000048   0.003608  -0.000353   0.025898  -0.000641
    10  H    0.000302  -0.000026  -0.032933   0.003608  -0.162985   0.015291
    11  H    0.000047  -0.000018  -0.000026   0.000048  -0.003026  -0.000248
    12  H   -0.000212   0.000047   0.000302  -0.000161  -0.008470   0.004872
               7          8          9         10         11         12
     1  H    0.004872  -0.008470  -0.000161   0.000302   0.000047  -0.000212
     2  H   -0.000248  -0.003026   0.000048  -0.000026  -0.000018   0.000047
     3  H    0.015291  -0.162985   0.003608  -0.032933  -0.000026   0.000302
     4  H   -0.000641   0.025898  -0.000353   0.003608   0.000048  -0.000161
     5  H    0.322414  -0.560356   0.025898  -0.162985  -0.003026  -0.008470
     6  H   -0.098058   0.322414  -0.000641   0.015291  -0.000248   0.004872
     7  H    1.167575  -0.194973  -0.006345   0.009220   0.010636  -0.134327
     8  H   -0.194973   1.248064  -0.056044   0.368615   0.002677  -0.006041
     9  H   -0.006345  -0.056044   0.756333  -0.123355  -0.092734   0.440197
    10  H    0.009220   0.368615  -0.123355   0.851996   0.001842  -0.009299
    11  H    0.010636   0.002677  -0.092734   0.001842   1.323508  -0.170318
    12  H   -0.134327  -0.006041   0.440197  -0.009299  -0.170318   0.871108
 Mulliken charges:
               1
     1  H    0.012302
     2  H   -0.072388
     3  H    0.077725
     4  H    0.053549
     5  H    0.024229
     6  H   -0.095415
     7  H   -0.095415
     8  H    0.024229
     9  H    0.053549
    10  H    0.077725
    11  H   -0.072388
    12  H    0.012302
 Sum of Mulliken charges =  -0.00000
 Mulliken charges with hydrogens summed into heavy atoms:
               1
 Electronic spatial extent (au):  <R**2>=            297.1001
 Charge=             -0.0000 electrons
 Dipole moment (field-independent basis, Debye):
    X=             -0.0000    Y=              0.0000    Z=             -0.0000  Tot=              0.0000
 Quadrupole moment (field-independent basis, Debye-Ang):
   XX=            -25.0931   YY=            -16.6892   ZZ=            -15.4998
   XY=             -0.0682   XZ=              0.0000   YZ=             -0.0000
 Traceless Quadrupole moment (field-independent basis, Debye-Ang):
   XX=             -5.9990   YY=              2.4048   ZZ=              3.5942
   XY=             -0.0682   XZ=              0.0000   YZ=             -0.0000
 Octapole moment (field-independent basis, Debye-Ang**2):
  XXX=              0.0000  YYY=              0.0000  ZZZ=             -0.0000  XYY=              0.0000
  XXY=              0.0000  XXZ=             -0.0000  XZZ=             -0.0000  YZZ=             -0.0000
  YYZ=             -0.0000  XYZ=             -0.0000
 Hexadecapole moment (field-independent basis, Debye-Ang**3):
 XXXX=           -801.4539 YYYY=            -78.9039 ZZZZ=            -18.7954 XXXY=           -121.1441
 XXXZ=              0.0000 YYYX=            -68.4204 YYYZ=              0.0000 ZZZX=              0.0000
 ZZZY=              0.0000 XXYY=           -105.8238 XXZZ=            -91.2624 YYZZ=            -16.6526
 XXYZ=              0.0000 YYXZ=              0.0000 ZZXY=            -23.7894
 N-N= 1.606931942541D+01 E-N=-4.319539049805D+01  KE= 6.414657240723D+00
 Symmetry AG   KE= 1.339347035369D+00
 Symmetry BG   KE= 0.000000000000D+00
 Symmetry AU   KE= 0.000000000000D+00
 Symmetry BU   KE= 5.075310205354D+00

 Test job not archived.
 1\1\GINC-SULU\Stability\RHF\Gen\H12\LCJ1\14-Feb-2017\0\\#rhf/gen scf(s
 ymm,tight,novaracc,noincfock,fulldiag) stable(crhf) guess=read geom=no
 crowd test\\hf stability analysis of h10 triangular lattice, y= 0.4458
 6729660476643\\0,1\H\H,1,1.3695052128\H,1,1.3695052128,2,142.\H,2,1.36
 95052128,1,38.,3,0.,0\H,3,1.3695052128,1,180.,2,0.,0\H,4,1.3695052128,
 2,180.,1,0.,0\H,5,1.3695052128,3,180.,2,0.,0\H,6,1.3695052128,4,180.,1
 ,0.,0\H,7,1.3695052128,5,180.,2,0.,0\H,8,1.3695052128,6,180.,1,0.,0\H,
 9,1.3695052128,7,180.,2,0.,0\H,10,1.3695052128,8,180.,1,0.,0\\Version=
 ES64L-G09RevE.01\State=1-AG\HF=-5.3645885\MP2=-5.3286221\RMSD=1.705e-0
 9\Dipole=0.,0.,0.\Quadrupole=1.0944217,2.6722264,-3.766648,0.,1.963327
 ,0.\PG=C02H [SGH(H12)]\\@


 The best way to pay for a lovely moment is to enjoy it.
 -- Richard Bach
 Job cpu time:       0 days  0 hours  0 minutes  0.9 seconds.
 File lengths (MBytes):  RWF=     84 Int=      0 D2E=      0 Chk=      2 Scr=      2
 Normal termination of Gaussian 09 at Tue Feb 14 17:42:04 2017.
