 Entering Gaussian System, Link 0=g09
 AtFile(1): H.gbs
            H     0
            S   10   1.00
               1000.000000000000            0.000068713567
                316.227766000000            0.000169141320
                100.000000000000            0.000823394812
                 31.622776600000            0.003425569236
                 10.000000000000            0.013951996000
                  3.162277660000            0.056909313560
                  1.000000000000            0.198286399900
                  0.316227766000            0.496922426700
                  0.100000000000            0.369846276400
                  0.031622776600            0.003752720039
            ****
 Initial command:
 /projects/guscus/apps/gau/g09-e1/g09/l1.exe "/users/lcj1/gaussian/h12/rhfstability/2rows/alterguess/2to4/Gau-19146.inp" -scrdir="/users/lcj1/gaussian/h12/rhfstability/2rows/alterguess/2to4/"
 Entering Link 1 = /projects/guscus/apps/gau/g09-e1/g09/l1.exe PID=     19147.
  
 Copyright (c) 1988,1990,1992,1993,1995,1998,2003,2009,2015,
            Gaussian, Inc.  All Rights Reserved.
  
 This is part of the Gaussian(R) 09 program.  It is based on
 the Gaussian(R) 03 system (copyright 2003, Gaussian, Inc.),
 the Gaussian(R) 98 system (copyright 1998, Gaussian, Inc.),
 the Gaussian(R) 94 system (copyright 1995, Gaussian, Inc.),
 the Gaussian 92(TM) system (copyright 1992, Gaussian, Inc.),
 the Gaussian 90(TM) system (copyright 1990, Gaussian, Inc.),
 the Gaussian 88(TM) system (copyright 1988, Gaussian, Inc.),
 the Gaussian 86(TM) system (copyright 1986, Carnegie Mellon
 University), and the Gaussian 82(TM) system (copyright 1983,
 Carnegie Mellon University). Gaussian is a federally registered
 trademark of Gaussian, Inc.
  
 This software contains proprietary and confidential information,
 including trade secrets, belonging to Gaussian, Inc.
  
 This software is provided under written license and may be
 used, copied, transmitted, or stored only in accord with that
 written license.
  
 The following legend is applicable only to US Government
 contracts under FAR:
  
                    RESTRICTED RIGHTS LEGEND
  
 Use, reproduction and disclosure by the US Government is
 subject to restrictions as set forth in subparagraphs (a)
 and (c) of the Commercial Computer Software - Restricted
 Rights clause in FAR 52.227-19.
  
 Gaussian, Inc.
 340 Quinnipiac St., Bldg. 40, Wallingford CT 06492
  
  
 ---------------------------------------------------------------
 Warning -- This program may not be used in any manner that
 competes with the business of Gaussian, Inc. or will provide
 assistance to any competitor of Gaussian, Inc.  The licensee
 of this program is prohibited from giving any competitor of
 Gaussian, Inc. access to this program.  By using this program,
 the user acknowledges that Gaussian, Inc. is engaged in the
 business of creating and licensing software in the field of
 computational chemistry and represents and warrants to the
 licensee that it is not a competitor of Gaussian, Inc. and that
 it will not use this program in any manner prohibited above.
 ---------------------------------------------------------------
  

 Cite this work as:
 Gaussian 09, Revision E.01,
 M. J. Frisch, G. W. Trucks, H. B. Schlegel, G. E. Scuseria, 
 M. A. Robb, J. R. Cheeseman, G. Scalmani, V. Barone, B. Mennucci, 
 G. A. Petersson, H. Nakatsuji, M. Caricato, X. Li, H. P. Hratchian, 
 A. F. Izmaylov, J. Bloino, G. Zheng, J. L. Sonnenberg, M. Hada, 
 M. Ehara, K. Toyota, R. Fukuda, J. Hasegawa, M. Ishida, T. Nakajima, 
 Y. Honda, O. Kitao, H. Nakai, T. Vreven, J. A. Montgomery, Jr., 
 J. E. Peralta, F. Ogliaro, M. Bearpark, J. J. Heyd, E. Brothers, 
 K. N. Kudin, V. N. Staroverov, T. Keith, R. Kobayashi, J. Normand, 
 K. Raghavachari, A. Rendell, J. C. Burant, S. S. Iyengar, J. Tomasi, 
 M. Cossi, N. Rega, J. M. Millam, M. Klene, J. E. Knox, J. B. Cross, 
 V. Bakken, C. Adamo, J. Jaramillo, R. Gomperts, R. E. Stratmann, 
 O. Yazyev, A. J. Austin, R. Cammi, C. Pomelli, J. W. Ochterski, 
 R. L. Martin, K. Morokuma, V. G. Zakrzewski, G. A. Voth, 
 P. Salvador, J. J. Dannenberg, S. Dapprich, A. D. Daniels, 
 O. Farkas, J. B. Foresman, J. V. Ortiz, J. Cioslowski, 
 and D. J. Fox, Gaussian, Inc., Wallingford CT, 2013.
 
 ******************************************
 Gaussian 09:  ES64L-G09RevE.01 30-Nov-2015
                14-Feb-2017 
 ******************************************
 %chk=h12.chk
 ----------------------------------------------------------------------
 #rhf/gen scf(symm,tight,novaracc,noincfock,fulldiag) stable(crhf) gues
 s=read geom=nocrowd test
 ----------------------------------------------------------------------
 1/38=1/1;
 2/12=1,17=6,18=5,40=1/2;
 3/5=7,16=1,25=1,30=1,116=1/1,2,3;
 4/5=1,9=4/1;
 5/5=100002,15=2,16=1,32=2,38=6/2;
 8/6=1,10=90,11=11/1,4;
 9/8=4,13=1/2;
 6/7=2,8=2,9=2,10=2,28=1/1;
 99/5=1,9=1/99;
 ----------------------------------------------------------------------
 hf stability analysis of h10 triangular lattice, y= 1.4678899319530556
 ----------------------------------------------------------------------
 Symbolic Z-matrix:
 Charge =  0 Multiplicity = 1
 H
 H                    1     1.51967 
 H                    1     1.51967  2     30. 
 H                    2     1.51967  1     150.     3     0.       0
 H                    3     1.51967  1     180.     2     0.       0
 H                    4     1.51967  2     180.     1     0.       0
 H                    5     1.51967  3     180.     2     0.       0
 H                    6     1.51967  4     180.     1     0.       0
 H                    7     1.51967  5     180.     2     0.       0
 H                    8     1.51967  6     180.     1     0.       0
 H                    9     1.51967  7     180.     2     0.       0
 H                    10    1.51967  8     180.     1     0.       0
 
                          Input orientation:                          
 ---------------------------------------------------------------------
 Center     Atomic      Atomic             Coordinates (Angstroms)
 Number     Number       Type             X           Y           Z
 ---------------------------------------------------------------------
      1          1           0        0.000000    0.000000    0.000000
      2          1           0        0.000000    0.000000    1.519671
      3          1           0        0.759836    0.000000    1.316074
      4          1           0        0.759836    0.000000    2.835746
      5          1           0        1.519671    0.000000    2.632148
      6          1           0        1.519671    0.000000    4.151820
      7          1           0        2.279507    0.000000    3.948222
      8          1           0        2.279507    0.000000    5.467894
      9          1           0        3.039343    0.000000    5.264296
     10          1           0        3.039343    0.000000    6.783968
     11          1           0        3.799179    0.000000    6.580370
     12          1           0        3.799179    0.000000    8.100042
 ---------------------------------------------------------------------
                    Distance matrix (angstroms):
                    1          2          3          4          5
     1  H    0.000000
     2  H    1.519671   0.000000
     3  H    1.519671   0.786640   0.000000
     4  H    2.935780   1.519671   1.519671   0.000000
     5  H    3.039343   1.883350   1.519671   0.786640   0.000000
     6  H    4.421200   3.039343   2.935780   1.519671   1.519671
     7  H    4.559014   3.330768   3.039343   1.883350   1.519671
     8  H    5.924020   4.559014   4.421200   3.039343   2.935780
     9  H    6.078686   4.822844   4.559014   3.330768   3.039343
    10  H    7.433695   6.078686   5.924020   4.559014   4.421200
    11  H    7.598357   6.328067   6.078686   4.822844   4.559014
    12  H    8.946756   7.598357   7.433695   6.078686   5.924020
                    6          7          8          9         10
     6  H    0.000000
     7  H    0.786640   0.000000
     8  H    1.519671   1.519671   0.000000
     9  H    1.883350   1.519671   0.786640   0.000000
    10  H    3.039343   2.935780   1.519671   1.519671   0.000000
    11  H    3.330768   3.039343   1.883350   1.519671   0.786640
    12  H    4.559014   4.421200   3.039343   2.935780   1.519671
                   11         12
    11  H    0.000000
    12  H    1.519671   0.000000
 Stoichiometry    H12
 Framework group  C2H[SGH(H12)]
 Deg. of freedom    11
 Full point group                 C2H     NOp   4
 Largest Abelian subgroup         C2H     NOp   4
 Largest concise Abelian subgroup C2      NOp   2
                         Standard orientation:                         
 ---------------------------------------------------------------------
 Center     Atomic      Atomic             Coordinates (Angstroms)
 Number     Number       Type             X           Y           Z
 ---------------------------------------------------------------------
      1          1           0        4.403670    0.786640    0.000000
      2          1           0        2.935780    1.179960    0.000000
      3          1           0        2.935780    0.393320    0.000000
      4          1           0        1.467890    0.786640    0.000000
      5          1           0        1.467890    0.000000    0.000000
      6          1           0        0.000000    0.393320    0.000000
      7          1           0       -0.000000   -0.393320    0.000000
      8          1           0       -1.467890    0.000000   -0.000000
      9          1           0       -1.467890   -0.786640    0.000000
     10          1           0       -2.935780   -0.393320   -0.000000
     11          1           0       -2.935780   -1.179960    0.000000
     12          1           0       -4.403670   -0.786640   -0.000000
 ---------------------------------------------------------------------
 Rotational constants (GHZ):    308.5088409      5.8219483      5.7141158
 General basis read from cards:  (5D, 7F)
 There are     6 symmetry adapted cartesian basis functions of AG  symmetry.
 There are     0 symmetry adapted cartesian basis functions of BG  symmetry.
 There are     0 symmetry adapted cartesian basis functions of AU  symmetry.
 There are     6 symmetry adapted cartesian basis functions of BU  symmetry.
 There are     6 symmetry adapted basis functions of AG  symmetry.
 There are     0 symmetry adapted basis functions of BG  symmetry.
 There are     0 symmetry adapted basis functions of AU  symmetry.
 There are     6 symmetry adapted basis functions of BU  symmetry.
    12 basis functions,   120 primitive gaussians,    12 cartesian basis functions
     6 alpha electrons        6 beta electrons
       nuclear repulsion energy        15.2649575134 Hartrees.
 NAtoms=   12 NActive=   12 NUniq=    6 SFac= 4.00D+00 NAtFMM=   60 NAOKFM=F Big=F
 Integral buffers will be    131072 words long.
 Regular integral format.
 Two-electron integral symmetry is turned on.
 One-electron integrals computed using PRISM.
 NBasis=    12 RedAO= T EigKep=  1.68D-01  NBF=     6     0     0     6
 NBsUse=    12 1.00D-06 EigRej= -1.00D+00 NBFU=     6     0     0     6
 Initial guess from the checkpoint file:  "h12.chk"
 B after Tr=    -0.000000   -0.000000    0.000000
         Rot=    0.999973    0.000000    0.000000    0.007349 Ang=   0.84 deg.
 Initial guess orbital symmetries:
       Occupied  (AG) (BU) (AG) (BU) (BU) (BU)
       Virtual   (AG) (AG) (AG) (BU) (AG) (BU)
 Keep R1 ints in memory in symmetry-blocked form, NReq=893914.
 Requested convergence on RMS density matrix=1.00D-08 within 128 cycles.
 Requested convergence on MAX density matrix=1.00D-06.
 Requested convergence on             energy=1.00D-06.
 No special actions if energy rises.
 SCF Done:  E(RHF) =  -5.22737670128     A.U. after    9 cycles
            NFock=  9  Conv=0.45D-08     -V/T= 1.8192
 Range of M.O.s used for correlation:     1    12
 NBasis=    12 NAE=     6 NBE=     6 NFC=     0 NFV=     0
 NROrb=     12 NOA=     6 NOB=     6 NVA=     6 NVB=     6

 **** Warning!!: The smallest alpha delta epsilon is -0.48077378D-01

 Semi-Direct transformation.
 ModeAB=           4 MOrb=             6 LenV=     134093859
 LASXX=         2181 LTotXX=        2181 LenRXX=        5115
 LTotAB=        2934 MaxLAS=        3024 LenRXY=           0
 NonZer=        7296 LenScr=      655360 LnRSAI=        3024
 LnScr1=      655360 LExtra=           0 Total=      1318859
 MaxDsk=          -1 SrtSym=           T ITran=            3
 JobTyp=0 Pass  1:  I=   1 to   6.
 (rs|ai) integrals will be sorted in core.
 Spin components of T(2) and E(2):
     alpha-alpha T2 =       0.3534498923D-01 E2=     -0.1970120550D-01
     alpha-beta  T2 =       0.1292448651D+02 E2=     -0.5640217669D+00
     beta-beta   T2 =       0.3534498923D-01 E2=     -0.1970120550D-01
 ANorm=    0.3741012762D+01
 E2 =    -0.6034241779D+00 EUMP2 =    -0.58308008792212D+01
 Second order stability test of a single determinant RHF wave function:
 Stabil:  MDV=134217728
 ***********************************************************************
 Matrix         Lowest Root    Major Pairs
 ***********************************************************************
 Internal RHF    -0.2617647    6A=7A 6A=8A 5A=7A
 RRHF --> CRHF   -0.3445717    6A=7A 6A=8A 5A=7A 5A=8A
 RRHF --> RUHF   -0.5707967    5A=8B 5A=7B 6A=7B 6A=8B 4A=8B 4A=7B
 Not stable.
 ***********************************************************************

 **********************************************************************

            Population analysis using the SCF density.

 **********************************************************************

 Orbital symmetries:
       Occupied  (AG) (BU) (AG) (BU) (BU) (BU)
       Virtual   (AG) (AG) (AG) (BU) (AG) (BU)
 The electronic state is 1-AG.
 Alpha  occ. eigenvalues --   -0.79304  -0.74002  -0.64889  -0.53462  -0.15446
 Alpha  occ. eigenvalues --   -0.12717
 Alpha virt. eigenvalues --   -0.17525  -0.05533   0.18726   0.32673   0.48885
 Alpha virt. eigenvalues --    0.62062
          Condensed to atoms (all electrons):
               1          2          3          4          5          6
     1  H    1.216756  -0.095897  -0.082558   0.002334   0.004807   0.000404
     2  H   -0.095897   0.731602   0.440484   0.009927  -0.103534   0.006127
     3  H   -0.082558   0.440484   0.746566  -0.119223   0.013429  -0.031983
     4  H    0.002334   0.009927  -0.119223   0.964311  -0.080273   0.381898
     5  H    0.004807  -0.103534   0.013429  -0.080273   1.167928  -0.277689
     6  H    0.000404   0.006127  -0.031983   0.381898  -0.277689   1.569209
     7  H   -0.000628  -0.011983   0.015615  -0.195409   0.382966  -0.867434
     8  H   -0.000049   0.001825  -0.000514   0.018549  -0.061014   0.382966
     9  H   -0.000017  -0.000066   0.001682  -0.028205   0.018549  -0.195409
    10  H    0.000011  -0.000030  -0.000094   0.001682  -0.000514   0.015615
    11  H    0.000009  -0.000050  -0.000030  -0.000066   0.001825  -0.011983
    12  H   -0.000004   0.000009   0.000011  -0.000017  -0.000049  -0.000628
               7          8          9         10         11         12
     1  H   -0.000628  -0.000049  -0.000017   0.000011   0.000009  -0.000004
     2  H   -0.011983   0.001825  -0.000066  -0.000030  -0.000050   0.000009
     3  H    0.015615  -0.000514   0.001682  -0.000094  -0.000030   0.000011
     4  H   -0.195409   0.018549  -0.028205   0.001682  -0.000066  -0.000017
     5  H    0.382966  -0.061014   0.018549  -0.000514   0.001825  -0.000049
     6  H   -0.867434   0.382966  -0.195409   0.015615  -0.011983  -0.000628
     7  H    1.569209  -0.277689   0.381898  -0.031983   0.006127   0.000404
     8  H   -0.277689   1.167928  -0.080273   0.013429  -0.103534   0.004807
     9  H    0.381898  -0.080273   0.964311  -0.119223   0.009927   0.002334
    10  H   -0.031983   0.013429  -0.119223   0.746566   0.440484  -0.082558
    11  H    0.006127  -0.103534   0.009927   0.440484   0.731602  -0.095897
    12  H    0.000404   0.004807   0.002334  -0.082558  -0.095897   1.216756
 Mulliken charges:
               1
     1  H   -0.045168
     2  H    0.021585
     3  H    0.016616
     4  H    0.044492
     5  H   -0.066430
     6  H    0.028906
     7  H    0.028906
     8  H   -0.066430
     9  H    0.044492
    10  H    0.016616
    11  H    0.021585
    12  H   -0.045168
 Sum of Mulliken charges =   0.00000
 Mulliken charges with hydrogens summed into heavy atoms:
               1
 Electronic spatial extent (au):  <R**2>=            355.0178
 Charge=              0.0000 electrons
 Dipole moment (field-independent basis, Debye):
    X=              0.0000    Y=             -0.0000    Z=              0.0000  Tot=              0.0000
 Quadrupole moment (field-independent basis, Debye-Ang):
   XX=            -23.2780   YY=            -17.0751   ZZ=            -15.6419
   XY=              0.5425   XZ=             -0.0000   YZ=              0.0000
 Traceless Quadrupole moment (field-independent basis, Debye-Ang):
   XX=             -4.6130   YY=              1.5899   ZZ=              3.0231
   XY=              0.5425   XZ=             -0.0000   YZ=              0.0000
 Octapole moment (field-independent basis, Debye-Ang**2):
  XXX=             -0.0000  YYY=              0.0000  ZZZ=             -0.0000  XYY=              0.0000
  XXY=              0.0000  XXZ=              0.0000  XZZ=              0.0000  YZZ=              0.0000
  YYZ=             -0.0000  XYZ=              0.0000
 Hexadecapole moment (field-independent basis, Debye-Ang**3):
 XXXX=           -968.8340 YYYY=            -67.5634 ZZZZ=            -19.1354 XXXY=           -112.3244
 XXXZ=             -0.0000 YYYX=            -68.0161 YYYZ=             -0.0000 ZZZX=             -0.0000
 ZZZY=             -0.0000 XXYY=           -123.2747 XXZZ=           -115.2438 YYZZ=            -14.7606
 XXYZ=             -0.0000 YYXZ=             -0.0000 ZZXY=            -23.9193
 N-N= 1.526495751337D+01 E-N=-4.136897857913D+01  KE= 6.380716734690D+00
 Symmetry AG   KE= 1.372354872770D+00
 Symmetry BG   KE= 0.000000000000D+00
 Symmetry AU   KE= 0.000000000000D+00
 Symmetry BU   KE= 5.008361861920D+00

 Test job not archived.
 1\1\GINC-SULU\Stability\RHF\Gen\H12\LCJ1\14-Feb-2017\0\\#rhf/gen scf(s
 ymm,tight,novaracc,noincfock,fulldiag) stable(crhf) guess=read geom=no
 crowd test\\hf stability analysis of h10 triangular lattice, y= 1.4678
 899319530556\\0,1\H\H,1,1.5196714672\H,1,1.5196714672,2,30.\H,2,1.5196
 714672,1,150.,3,0.,0\H,3,1.5196714672,1,180.,2,0.,0\H,4,1.5196714672,2
 ,180.,1,0.,0\H,5,1.5196714672,3,180.,2,0.,0\H,6,1.5196714672,4,180.,1,
 0.,0\H,7,1.5196714672,5,180.,2,0.,0\H,8,1.5196714672,6,180.,1,0.,0\H,9
 ,1.5196714672,7,180.,2,0.,0\H,10,1.5196714672,8,180.,1,0.,0\\Version=E
 S64L-G09RevE.01\State=1-AG\HF=-5.2273767\MP2=-5.8308009\RMSD=4.484e-09
 \Dipole=0.,0.,0.\Quadrupole=1.074773,2.2476022,-3.3223752,0.,-0.803629
 3,0.\PG=C02H [SGH(H12)]\\@


 The lyf so short, the craft so long to lerne.
                             -- Chaucer
 Job cpu time:       0 days  0 hours  0 minutes  0.9 seconds.
 File lengths (MBytes):  RWF=     84 Int=      0 D2E=      0 Chk=      2 Scr=      2
 Normal termination of Gaussian 09 at Tue Feb 14 17:44:15 2017.
