 Entering Gaussian System, Link 0=g09
 AtFile(1): H.gbs
            H     0
            S   10   1.00
               1000.000000000000            0.000068713567
                316.227766000000            0.000169141320
                100.000000000000            0.000823394812
                 31.622776600000            0.003425569236
                 10.000000000000            0.013951996000
                  3.162277660000            0.056909313560
                  1.000000000000            0.198286399900
                  0.316227766000            0.496922426700
                  0.100000000000            0.369846276400
                  0.031622776600            0.003752720039
            ****
 Initial command:
 /projects/guscus/apps/gau/g09-e1/g09/l1.exe "/users/lcj1/gaussian/h12/rhfstability/2rows/alterguess/2to4/Gau-16908.inp" -scrdir="/users/lcj1/gaussian/h12/rhfstability/2rows/alterguess/2to4/"
 Entering Link 1 = /projects/guscus/apps/gau/g09-e1/g09/l1.exe PID=     16909.
  
 Copyright (c) 1988,1990,1992,1993,1995,1998,2003,2009,2015,
            Gaussian, Inc.  All Rights Reserved.
  
 This is part of the Gaussian(R) 09 program.  It is based on
 the Gaussian(R) 03 system (copyright 2003, Gaussian, Inc.),
 the Gaussian(R) 98 system (copyright 1998, Gaussian, Inc.),
 the Gaussian(R) 94 system (copyright 1995, Gaussian, Inc.),
 the Gaussian 92(TM) system (copyright 1992, Gaussian, Inc.),
 the Gaussian 90(TM) system (copyright 1990, Gaussian, Inc.),
 the Gaussian 88(TM) system (copyright 1988, Gaussian, Inc.),
 the Gaussian 86(TM) system (copyright 1986, Carnegie Mellon
 University), and the Gaussian 82(TM) system (copyright 1983,
 Carnegie Mellon University). Gaussian is a federally registered
 trademark of Gaussian, Inc.
  
 This software contains proprietary and confidential information,
 including trade secrets, belonging to Gaussian, Inc.
  
 This software is provided under written license and may be
 used, copied, transmitted, or stored only in accord with that
 written license.
  
 The following legend is applicable only to US Government
 contracts under FAR:
  
                    RESTRICTED RIGHTS LEGEND
  
 Use, reproduction and disclosure by the US Government is
 subject to restrictions as set forth in subparagraphs (a)
 and (c) of the Commercial Computer Software - Restricted
 Rights clause in FAR 52.227-19.
  
 Gaussian, Inc.
 340 Quinnipiac St., Bldg. 40, Wallingford CT 06492
  
  
 ---------------------------------------------------------------
 Warning -- This program may not be used in any manner that
 competes with the business of Gaussian, Inc. or will provide
 assistance to any competitor of Gaussian, Inc.  The licensee
 of this program is prohibited from giving any competitor of
 Gaussian, Inc. access to this program.  By using this program,
 the user acknowledges that Gaussian, Inc. is engaged in the
 business of creating and licensing software in the field of
 computational chemistry and represents and warrants to the
 licensee that it is not a competitor of Gaussian, Inc. and that
 it will not use this program in any manner prohibited above.
 ---------------------------------------------------------------
  

 Cite this work as:
 Gaussian 09, Revision E.01,
 M. J. Frisch, G. W. Trucks, H. B. Schlegel, G. E. Scuseria, 
 M. A. Robb, J. R. Cheeseman, G. Scalmani, V. Barone, B. Mennucci, 
 G. A. Petersson, H. Nakatsuji, M. Caricato, X. Li, H. P. Hratchian, 
 A. F. Izmaylov, J. Bloino, G. Zheng, J. L. Sonnenberg, M. Hada, 
 M. Ehara, K. Toyota, R. Fukuda, J. Hasegawa, M. Ishida, T. Nakajima, 
 Y. Honda, O. Kitao, H. Nakai, T. Vreven, J. A. Montgomery, Jr., 
 J. E. Peralta, F. Ogliaro, M. Bearpark, J. J. Heyd, E. Brothers, 
 K. N. Kudin, V. N. Staroverov, T. Keith, R. Kobayashi, J. Normand, 
 K. Raghavachari, A. Rendell, J. C. Burant, S. S. Iyengar, J. Tomasi, 
 M. Cossi, N. Rega, J. M. Millam, M. Klene, J. E. Knox, J. B. Cross, 
 V. Bakken, C. Adamo, J. Jaramillo, R. Gomperts, R. E. Stratmann, 
 O. Yazyev, A. J. Austin, R. Cammi, C. Pomelli, J. W. Ochterski, 
 R. L. Martin, K. Morokuma, V. G. Zakrzewski, G. A. Voth, 
 P. Salvador, J. J. Dannenberg, S. Dapprich, A. D. Daniels, 
 O. Farkas, J. B. Foresman, J. V. Ortiz, J. Cioslowski, 
 and D. J. Fox, Gaussian, Inc., Wallingford CT, 2013.
 
 ******************************************
 Gaussian 09:  ES64L-G09RevE.01 30-Nov-2015
                14-Feb-2017 
 ******************************************
 %chk=h12.chk
 ----------------------------------------------------------------------
 #rhf/gen scf(symm,tight,novaracc,noincfock,fulldiag) stable(crhf) gues
 s=read geom=nocrowd test
 ----------------------------------------------------------------------
 1/38=1/1;
 2/12=1,17=6,18=5,40=1/2;
 3/5=7,16=1,25=1,30=1,116=1/1,2,3;
 4/5=1,9=4/1;
 5/5=100002,15=2,16=1,32=2,38=6/2;
 8/6=1,10=90,11=11/1,4;
 9/8=4,13=1/2;
 6/7=2,8=2,9=2,10=2,28=1/1;
 99/5=1,9=1/99;
 ----------------------------------------------------------------------
 hf stability analysis of h10 triangular lattice, y= 0.4707695940863088
 6
 ----------------------------------------------------------------------
 Symbolic Z-matrix:
 Charge =  0 Multiplicity = 1
 H
 H                    1     1.31365 
 H                    1     1.31365  2     138. 
 H                    2     1.31365  1     42.      3     0.       0
 H                    3     1.31365  1     180.     2     0.       0
 H                    4     1.31365  2     180.     1     0.       0
 H                    5     1.31365  3     180.     2     0.       0
 H                    6     1.31365  4     180.     1     0.       0
 H                    7     1.31365  5     180.     2     0.       0
 H                    8     1.31365  6     180.     1     0.       0
 H                    9     1.31365  7     180.     2     0.       0
 H                    10    1.31365  8     180.     1     0.       0
 
                          Input orientation:                          
 ---------------------------------------------------------------------
 Center     Atomic      Atomic             Coordinates (Angstroms)
 Number     Number       Type             X           Y           Z
 ---------------------------------------------------------------------
      1          1           0        0.000000    0.000000    0.000000
      2          1           0        0.000000    0.000000    1.313649
      3          1           0        0.879003    0.000000   -0.976231
      4          1           0        0.879003    0.000000    0.337417
      5          1           0        1.758005    0.000000   -1.952462
      6          1           0        1.758005    0.000000   -0.638814
      7          1           0        2.637008    0.000000   -2.928694
      8          1           0        2.637008    0.000000   -1.615045
      9          1           0        3.516010    0.000000   -3.904925
     10          1           0        3.516010    0.000000   -2.591276
     11          1           0        4.395013    0.000000   -4.881156
     12          1           0        4.395013    0.000000   -3.567507
 ---------------------------------------------------------------------
                    Distance matrix (angstroms):
                    1          2          3          4          5
     1  H    0.000000
     2  H    1.313649   0.000000
     3  H    1.313649   2.452793   0.000000
     4  H    0.941539   1.313649   1.313649   0.000000
     5  H    2.627297   3.709186   1.313649   2.452793   0.000000
     6  H    1.870472   2.627297   0.941539   1.313649   1.313649
     7  H    3.940946   4.995125   2.627297   3.709186   1.313649
     8  H    3.092277   3.940946   1.870472   2.627297   0.941539
     9  H    5.254595   6.292522   3.940946   4.995125   2.627297
    10  H    4.367727   5.254595   3.092277   3.940946   1.870472
    11  H    6.568243   7.595508   5.254595   6.292522   3.940946
    12  H    5.660675   6.568243   4.367727   5.254595   3.092277
                    6          7          8          9         10
     6  H    0.000000
     7  H    2.452793   0.000000
     8  H    1.313649   1.313649   0.000000
     9  H    3.709186   1.313649   2.452793   0.000000
    10  H    2.627297   0.941539   1.313649   1.313649   0.000000
    11  H    4.995125   2.627297   3.709186   1.313649   2.452793
    12  H    3.940946   1.870472   2.627297   0.941539   1.313649
                   11         12
    11  H    0.000000
    12  H    1.313649   0.000000
 Stoichiometry    H12
 Framework group  C2H[SGH(H12)]
 Deg. of freedom    11
 Full point group                 C2H     NOp   4
 Largest Abelian subgroup         C2H     NOp   4
 Largest concise Abelian subgroup C2      NOp   2
                         Standard orientation:                         
 ---------------------------------------------------------------------
 Center     Atomic      Atomic             Coordinates (Angstroms)
 Number     Number       Type             X           Y           Z
 ---------------------------------------------------------------------
      1          1           0        2.452793    1.412309   -0.000000
      2          1           0        3.679190    0.941539   -0.000000
      3          1           0        1.226397    0.941539   -0.000000
      4          1           0        2.452793    0.470770   -0.000000
      5          1           0       -0.000000    0.470770    0.000000
      6          1           0        1.226397    0.000000   -0.000000
      7          1           0       -1.226397   -0.000000   -0.000000
      8          1           0        0.000000   -0.470770   -0.000000
      9          1           0       -2.452793   -0.470770   -0.000000
     10          1           0       -1.226397   -0.941539   -0.000000
     11          1           0       -3.679190   -0.941539   -0.000000
     12          1           0       -2.452793   -1.412309   -0.000000
 ---------------------------------------------------------------------
 Rotational constants (GHZ):    226.9664248      7.9136069      7.6469807
 General basis read from cards:  (5D, 7F)
 There are     6 symmetry adapted cartesian basis functions of AG  symmetry.
 There are     0 symmetry adapted cartesian basis functions of BG  symmetry.
 There are     0 symmetry adapted cartesian basis functions of AU  symmetry.
 There are     6 symmetry adapted cartesian basis functions of BU  symmetry.
 There are     6 symmetry adapted basis functions of AG  symmetry.
 There are     0 symmetry adapted basis functions of BG  symmetry.
 There are     0 symmetry adapted basis functions of AU  symmetry.
 There are     6 symmetry adapted basis functions of BU  symmetry.
    12 basis functions,   120 primitive gaussians,    12 cartesian basis functions
     6 alpha electrons        6 beta electrons
       nuclear repulsion energy        16.4222892231 Hartrees.
 NAtoms=   12 NActive=   12 NUniq=    6 SFac= 4.00D+00 NAtFMM=   60 NAOKFM=F Big=F
 Integral buffers will be    131072 words long.
 Regular integral format.
 Two-electron integral symmetry is turned on.
 One-electron integrals computed using PRISM.
 NBasis=    12 RedAO= T EigKep=  1.79D-01  NBF=     6     0     0     6
 NBsUse=    12 1.00D-06 EigRej= -1.00D+00 NBFU=     6     0     0     6
 Initial guess from the checkpoint file:  "h12.chk"
 B after Tr=    -0.000000   -0.000000    0.000000
         Rot=    0.999973   -0.000000    0.000000   -0.007349 Ang=  -0.84 deg.
 Initial guess orbital symmetries:
       Occupied  (AG) (BU) (AG) (BU) (BU) (BU)
       Virtual   (AG) (AG) (AG) (BU) (AG) (BU)
 Keep R1 ints in memory in symmetry-blocked form, NReq=897554.
 Requested convergence on RMS density matrix=1.00D-08 within 128 cycles.
 Requested convergence on MAX density matrix=1.00D-06.
 Requested convergence on             energy=1.00D-06.
 No special actions if energy rises.
 SCF Done:  E(RHF) =  -5.38669216469     A.U. after   10 cycles
            NFock= 10  Conv=0.21D-08     -V/T= 1.8352
 Range of M.O.s used for correlation:     1    12
 NBasis=    12 NAE=     6 NBE=     6 NFC=     0 NFV=     0
 NROrb=     12 NOA=     6 NOB=     6 NVA=     6 NVB=     6

 **** Warning!!: The smallest alpha delta epsilon is -0.26597116D-01

 Semi-Direct transformation.
 ModeAB=           4 MOrb=             6 LenV=     134091339
 LASXX=         2181 LTotXX=        2181 LenRXX=        5115
 LTotAB=        2934 MaxLAS=        3024 LenRXY=           0
 NonZer=        7296 LenScr=      655360 LnRSAI=        3024
 LnScr1=      655360 LExtra=           0 Total=      1318859
 MaxDsk=          -1 SrtSym=           T ITran=            3
 JobTyp=0 Pass  1:  I=   1 to   6.
 (rs|ai) integrals will be sorted in core.
 Spin components of T(2) and E(2):
     alpha-alpha T2 =       0.3825733499D-01 E2=     -0.2199942920D-01
     alpha-beta  T2 =       0.8782963358D+01 E2=      0.9254266650D-01
     beta-beta   T2 =       0.3825733499D-01 E2=     -0.2199942920D-01
 ANorm=    0.3139980578D+01
 E2 =     0.4854380810D-01 EUMP2 =    -0.53381483565906D+01
 Second order stability test of a single determinant RHF wave function:
 Stabil:  MDV=134217728
 ***********************************************************************
 Matrix         Lowest Root    Major Pairs
 ***********************************************************************
 Internal RHF    -0.089944     6A=7A 6A=9A 6A=8A 4A=7A 4A=9A
 RRHF --> CRHF   -0.1796352    6A=7A
 RRHF --> RUHF   -0.5476341    6A=7B 6A=9B 4A=7B 6A=8B 4A=9B
 Not stable.
 ***********************************************************************

 **********************************************************************

            Population analysis using the SCF density.

 **********************************************************************

 Orbital symmetries:
       Occupied  (AG) (BU) (AG) (BU) (BU) (BU)
       Virtual   (AG) (AG) (AG) (BU) (AG) (BU)
 The electronic state is 1-AG.
 Alpha  occ. eigenvalues --   -0.83207  -0.76296  -0.63979  -0.48519  -0.25143
 Alpha  occ. eigenvalues --   -0.08738
 Alpha virt. eigenvalues --   -0.11398   0.05653   0.15505   0.25538   0.45060
 Alpha virt. eigenvalues --    0.60696
          Condensed to atoms (all electrons):
               1          2          3          4          5          6
     1  H    0.993004  -0.221719  -0.015057   0.418275  -0.020695  -0.149047
     2  H   -0.221719   1.350576  -0.002104  -0.063013   0.005699   0.011533
     3  H   -0.015057  -0.002104   0.798530  -0.111872   0.364970   0.034571
     4  H    0.418275  -0.063013  -0.111872   0.713857  -0.069686  -0.004017
     5  H   -0.020695   0.005699   0.364970  -0.069686   1.203367  -0.142309
     6  H   -0.149047   0.011533   0.034571  -0.004017  -0.142309   1.175184
     7  H    0.007097  -0.000407   0.013169  -0.001188   0.280764  -0.117013
     8  H   -0.002266  -0.005680  -0.151551   0.032081  -0.508270   0.280764
     9  H   -0.000252   0.000073   0.004391  -0.000478   0.032081  -0.001188
    10  H    0.000494   0.000017  -0.033067   0.004391  -0.151551   0.013169
    11  H    0.000092  -0.000033   0.000017   0.000073  -0.005680  -0.000407
    12  H   -0.000389   0.000092   0.000494  -0.000252  -0.002266   0.007097
               7          8          9         10         11         12
     1  H    0.007097  -0.002266  -0.000252   0.000494   0.000092  -0.000389
     2  H   -0.000407  -0.005680   0.000073   0.000017  -0.000033   0.000092
     3  H    0.013169  -0.151551   0.004391  -0.033067   0.000017   0.000494
     4  H   -0.001188   0.032081  -0.000478   0.004391   0.000073  -0.000252
     5  H    0.280764  -0.508270   0.032081  -0.151551  -0.005680  -0.002266
     6  H   -0.117013   0.280764  -0.001188   0.013169  -0.000407   0.007097
     7  H    1.175184  -0.142309  -0.004017   0.034571   0.011533  -0.149047
     8  H   -0.142309   1.203367  -0.069686   0.364970   0.005699  -0.020695
     9  H   -0.004017  -0.069686   0.713857  -0.111872  -0.063013   0.418275
    10  H    0.034571   0.364970  -0.111872   0.798530  -0.002104  -0.015057
    11  H    0.011533   0.005699  -0.063013  -0.002104   1.350576  -0.221719
    12  H   -0.149047  -0.020695   0.418275  -0.015057  -0.221719   0.993004
 Mulliken charges:
               1
     1  H   -0.009538
     2  H   -0.075035
     3  H    0.097509
     4  H    0.081830
     5  H    0.013573
     6  H   -0.108338
     7  H   -0.108338
     8  H    0.013573
     9  H    0.081830
    10  H    0.097509
    11  H   -0.075035
    12  H   -0.009538
 Sum of Mulliken charges =  -0.00000
 Mulliken charges with hydrogens summed into heavy atoms:
               1
 Electronic spatial extent (au):  <R**2>=            276.4402
 Charge=              0.0000 electrons
 Dipole moment (field-independent basis, Debye):
    X=              0.0000    Y=              0.0000    Z=              0.0000  Tot=              0.0000
 Quadrupole moment (field-independent basis, Debye-Ang):
   XX=            -24.5401   YY=            -16.8702   ZZ=            -15.4383
   XY=             -0.3945   XZ=             -0.0000   YZ=             -0.0000
 Traceless Quadrupole moment (field-independent basis, Debye-Ang):
   XX=             -5.5906   YY=              2.0793   ZZ=              3.5113
   XY=             -0.3945   XZ=             -0.0000   YZ=             -0.0000
 Octapole moment (field-independent basis, Debye-Ang**2):
  XXX=              0.0000  YYY=              0.0000  ZZZ=              0.0000  XYY=              0.0000
  XXY=              0.0000  XXZ=              0.0000  XZZ=              0.0000  YZZ=              0.0000
  YYZ=              0.0000  XYZ=              0.0000
 Hexadecapole moment (field-independent basis, Debye-Ang**3):
 XXXX=           -711.5689 YYYY=            -86.4524 ZZZZ=            -18.6541 XXXY=           -119.1575
 XXXZ=             -0.0000 YYYX=            -70.0551 YYYZ=             -0.0000 ZZZX=             -0.0000
 ZZZY=             -0.0000 XXYY=           -100.4519 XXZZ=            -82.4828 YYZZ=            -17.7095
 XXYZ=             -0.0000 YYXZ=             -0.0000 ZZXY=            -23.7394
 N-N= 1.642228922305D+01 E-N=-4.394967099545D+01  KE= 6.449328145893D+00
 Symmetry AG   KE= 1.331137767667D+00
 Symmetry BG   KE= 0.000000000000D+00
 Symmetry AU   KE= 0.000000000000D+00
 Symmetry BU   KE= 5.118190378226D+00

 Test job not archived.
 1\1\GINC-SULU\Stability\RHF\Gen\H12\LCJ1\14-Feb-2017\0\\#rhf/gen scf(s
 ymm,tight,novaracc,noincfock,fulldiag) stable(crhf) guess=read geom=no
 crowd test\\hf stability analysis of h10 triangular lattice, y= 0.4707
 6959408630886\\0,1\H\H,1,1.3136486736\H,1,1.3136486736,2,138.\H,2,1.31
 36486736,1,42.,3,0.,0\H,3,1.3136486736,1,180.,2,0.,0\H,4,1.3136486736,
 2,180.,1,0.,0\H,5,1.3136486736,3,180.,2,0.,0\H,6,1.3136486736,4,180.,1
 ,0.,0\H,7,1.3136486736,5,180.,2,0.,0\H,8,1.3136486736,6,180.,1,0.,0\H,
 9,1.3136486736,7,180.,2,0.,0\H,10,1.3136486736,8,180.,1,0.,0\\Version=
 ES64L-G09RevE.01\State=1-AG\HF=-5.3866922\MP2=-5.3381484\RMSD=2.142e-0
 9\Dipole=0.,0.,0.\Quadrupole=0.6173243,2.6105472,-3.2278716,0.,2.12578
 83,0.\PG=C02H [SGH(H12)]\\@


 LAWS OF PROGRAMMING DEFINITION:  A WORKING PROGRAM
                                  IS ONE THAT HAS
                                  ONLY UNOBSERVED
                                  BUGS.
 Job cpu time:       0 days  0 hours  0 minutes  0.9 seconds.
 File lengths (MBytes):  RWF=     84 Int=      0 D2E=      0 Chk=      2 Scr=      2
 Normal termination of Gaussian 09 at Tue Feb 14 17:42:08 2017.
