 Entering Gaussian System, Link 0=g09
 AtFile(1): H.gbs
            H     0
            S   10   1.00
               1000.000000000000            0.000068713567
                316.227766000000            0.000169141320
                100.000000000000            0.000823394812
                 31.622776600000            0.003425569236
                 10.000000000000            0.013951996000
                  3.162277660000            0.056909313560
                  1.000000000000            0.198286399900
                  0.316227766000            0.496922426700
                  0.100000000000            0.369846276400
                  0.031622776600            0.003752720039
            ****
 Initial command:
 /projects/guscus/apps/gau/g09-e1/g09/l1.exe "/users/lcj1/gaussian/h12/rhfstability/2rows/alterguess/2to4/Gau-17692.inp" -scrdir="/users/lcj1/gaussian/h12/rhfstability/2rows/alterguess/2to4/"
 Entering Link 1 = /projects/guscus/apps/gau/g09-e1/g09/l1.exe PID=     17693.
  
 Copyright (c) 1988,1990,1992,1993,1995,1998,2003,2009,2015,
            Gaussian, Inc.  All Rights Reserved.
  
 This is part of the Gaussian(R) 09 program.  It is based on
 the Gaussian(R) 03 system (copyright 2003, Gaussian, Inc.),
 the Gaussian(R) 98 system (copyright 1998, Gaussian, Inc.),
 the Gaussian(R) 94 system (copyright 1995, Gaussian, Inc.),
 the Gaussian 92(TM) system (copyright 1992, Gaussian, Inc.),
 the Gaussian 90(TM) system (copyright 1990, Gaussian, Inc.),
 the Gaussian 88(TM) system (copyright 1988, Gaussian, Inc.),
 the Gaussian 86(TM) system (copyright 1986, Carnegie Mellon
 University), and the Gaussian 82(TM) system (copyright 1983,
 Carnegie Mellon University). Gaussian is a federally registered
 trademark of Gaussian, Inc.
  
 This software contains proprietary and confidential information,
 including trade secrets, belonging to Gaussian, Inc.
  
 This software is provided under written license and may be
 used, copied, transmitted, or stored only in accord with that
 written license.
  
 The following legend is applicable only to US Government
 contracts under FAR:
  
                    RESTRICTED RIGHTS LEGEND
  
 Use, reproduction and disclosure by the US Government is
 subject to restrictions as set forth in subparagraphs (a)
 and (c) of the Commercial Computer Software - Restricted
 Rights clause in FAR 52.227-19.
  
 Gaussian, Inc.
 340 Quinnipiac St., Bldg. 40, Wallingford CT 06492
  
  
 ---------------------------------------------------------------
 Warning -- This program may not be used in any manner that
 competes with the business of Gaussian, Inc. or will provide
 assistance to any competitor of Gaussian, Inc.  The licensee
 of this program is prohibited from giving any competitor of
 Gaussian, Inc. access to this program.  By using this program,
 the user acknowledges that Gaussian, Inc. is engaged in the
 business of creating and licensing software in the field of
 computational chemistry and represents and warrants to the
 licensee that it is not a competitor of Gaussian, Inc. and that
 it will not use this program in any manner prohibited above.
 ---------------------------------------------------------------
  

 Cite this work as:
 Gaussian 09, Revision E.01,
 M. J. Frisch, G. W. Trucks, H. B. Schlegel, G. E. Scuseria, 
 M. A. Robb, J. R. Cheeseman, G. Scalmani, V. Barone, B. Mennucci, 
 G. A. Petersson, H. Nakatsuji, M. Caricato, X. Li, H. P. Hratchian, 
 A. F. Izmaylov, J. Bloino, G. Zheng, J. L. Sonnenberg, M. Hada, 
 M. Ehara, K. Toyota, R. Fukuda, J. Hasegawa, M. Ishida, T. Nakajima, 
 Y. Honda, O. Kitao, H. Nakai, T. Vreven, J. A. Montgomery, Jr., 
 J. E. Peralta, F. Ogliaro, M. Bearpark, J. J. Heyd, E. Brothers, 
 K. N. Kudin, V. N. Staroverov, T. Keith, R. Kobayashi, J. Normand, 
 K. Raghavachari, A. Rendell, J. C. Burant, S. S. Iyengar, J. Tomasi, 
 M. Cossi, N. Rega, J. M. Millam, M. Klene, J. E. Knox, J. B. Cross, 
 V. Bakken, C. Adamo, J. Jaramillo, R. Gomperts, R. E. Stratmann, 
 O. Yazyev, A. J. Austin, R. Cammi, C. Pomelli, J. W. Ochterski, 
 R. L. Martin, K. Morokuma, V. G. Zakrzewski, G. A. Voth, 
 P. Salvador, J. J. Dannenberg, S. Dapprich, A. D. Daniels, 
 O. Farkas, J. B. Foresman, J. V. Ortiz, J. Cioslowski, 
 and D. J. Fox, Gaussian, Inc., Wallingford CT, 2013.
 
 ******************************************
 Gaussian 09:  ES64L-G09RevE.01 30-Nov-2015
                14-Feb-2017 
 ******************************************
 %chk=h12.chk
 ----------------------------------------------------------------------
 #rhf/gen scf(symm,tight,novaracc,noincfock,fulldiag) stable(crhf) gues
 s=read geom=nocrowd test
 ----------------------------------------------------------------------
 1/38=1/1;
 2/12=1,17=6,18=5,40=1/2;
 3/5=7,16=1,25=1,30=1,116=1/1,2,3;
 4/5=1,9=4/1;
 5/5=100002,15=2,16=1,32=2,38=6/2;
 8/6=1,10=90,11=11/1,4;
 9/8=4,13=1/2;
 6/7=2,8=2,9=2,10=2,28=1/1;
 99/5=1,9=1/99;
 ----------------------------------------------------------------------
 hf stability analysis of h10 triangular lattice, y= 0.6837609579800398
 9
 ----------------------------------------------------------------------
 Symbolic Z-matrix:
 Charge =  0 Multiplicity = 1
 H
 H                    1     1.08651 
 H                    1     1.08651  2     102. 
 H                    2     1.08651  1     78.      3     0.       0
 H                    3     1.08651  1     180.     2     0.       0
 H                    4     1.08651  2     180.     1     0.       0
 H                    5     1.08651  3     180.     2     0.       0
 H                    6     1.08651  4     180.     1     0.       0
 H                    7     1.08651  5     180.     2     0.       0
 H                    8     1.08651  6     180.     1     0.       0
 H                    9     1.08651  7     180.     2     0.       0
 H                    10    1.08651  8     180.     1     0.       0
 
                          Input orientation:                          
 ---------------------------------------------------------------------
 Center     Atomic      Atomic             Coordinates (Angstroms)
 Number     Number       Type             X           Y           Z
 ---------------------------------------------------------------------
      1          1           0        0.000000    0.000000    0.000000
      2          1           0        0.000000    0.000000    1.086507
      3          1           0        1.062764    0.000000   -0.225897
      4          1           0        1.062764    0.000000    0.860609
      5          1           0        2.125528    0.000000   -0.451795
      6          1           0        2.125528    0.000000    0.634712
      7          1           0        3.188292    0.000000   -0.677692
      8          1           0        3.188292    0.000000    0.408814
      9          1           0        4.251056    0.000000   -0.903590
     10          1           0        4.251056    0.000000    0.182917
     11          1           0        5.313821    0.000000   -1.129487
     12          1           0        5.313821    0.000000   -0.042981
 ---------------------------------------------------------------------
                    Distance matrix (angstroms):
                    1          2          3          4          5
     1  H    0.000000
     2  H    1.086507   0.000000
     3  H    1.086507   1.688749   0.000000
     4  H    1.367522   1.086507   1.086507   0.000000
     5  H    2.173014   2.623784   1.086507   1.688749   0.000000
     6  H    2.218272   2.173014   1.367522   1.086507   1.086507
     7  H    3.259521   3.643845   2.173014   2.623784   1.086507
     8  H    3.214395   3.259521   2.218272   2.173014   1.367522
     9  H    4.346028   4.693822   3.259521   3.643845   2.173014
    10  H    4.254990   4.346028   3.214395   3.259521   2.218272
    11  H    5.432534   5.757371   4.346028   4.693822   3.259521
    12  H    5.313994   5.432534   4.254990   4.346028   3.214395
                    6          7          8          9         10
     6  H    0.000000
     7  H    1.688749   0.000000
     8  H    1.086507   1.086507   0.000000
     9  H    2.623784   1.086507   1.688749   0.000000
    10  H    2.173014   1.367522   1.086507   1.086507   0.000000
    11  H    3.643845   2.173014   2.623784   1.086507   1.688749
    12  H    3.259521   2.218272   2.173014   1.367522   1.086507
                   11         12
    11  H    0.000000
    12  H    1.086507   0.000000
 Stoichiometry    H12
 Framework group  C2H[SGH(H12)]
 Deg. of freedom    11
 Full point group                 C2H     NOp   4
 Largest Abelian subgroup         C2H     NOp   4
 Largest concise Abelian subgroup C2      NOp   2
                         Standard orientation:                         
 ---------------------------------------------------------------------
 Center     Atomic      Atomic             Coordinates (Angstroms)
 Number     Number       Type             X           Y           Z
 ---------------------------------------------------------------------
      1          1           0        1.688749    2.051283    0.000000
      2          1           0        2.533123    1.367522    0.000000
      3          1           0        0.844374    1.367522    0.000000
      4          1           0        1.688749    0.683761    0.000000
      5          1           0        0.000000    0.683761    0.000000
      6          1           0        0.844374    0.000000    0.000000
      7          1           0       -0.844374    0.000000    0.000000
      8          1           0       -0.000000   -0.683761    0.000000
      9          1           0       -1.688749   -0.683761    0.000000
     10          1           0       -0.844374   -1.367522    0.000000
     11          1           0       -2.533123   -1.367522    0.000000
     12          1           0       -1.688749   -2.051283    0.000000
 ---------------------------------------------------------------------
 Rotational constants (GHZ):    148.5887003     12.0878843     11.1784988
 General basis read from cards:  (5D, 7F)
 There are     6 symmetry adapted cartesian basis functions of AG  symmetry.
 There are     0 symmetry adapted cartesian basis functions of BG  symmetry.
 There are     0 symmetry adapted cartesian basis functions of AU  symmetry.
 There are     6 symmetry adapted cartesian basis functions of BU  symmetry.
 There are     6 symmetry adapted basis functions of AG  symmetry.
 There are     0 symmetry adapted basis functions of BG  symmetry.
 There are     0 symmetry adapted basis functions of AU  symmetry.
 There are     6 symmetry adapted basis functions of BU  symmetry.
    12 basis functions,   120 primitive gaussians,    12 cartesian basis functions
     6 alpha electrons        6 beta electrons
       nuclear repulsion energy        18.2546342341 Hartrees.
 NAtoms=   12 NActive=   12 NUniq=    6 SFac= 4.00D+00 NAtFMM=   60 NAOKFM=F Big=F
 Integral buffers will be    131072 words long.
 Regular integral format.
 Two-electron integral symmetry is turned on.
 One-electron integrals computed using PRISM.
 NBasis=    12 RedAO= T EigKep=  1.25D-01  NBF=     6     0     0     6
 NBsUse=    12 1.00D-06 EigRej= -1.00D+00 NBFU=     6     0     0     6
 Initial guess from the checkpoint file:  "h12.chk"
 B after Tr=     0.000000    0.000000    0.000000
         Rot=    0.999973    0.000000   -0.000000   -0.007349 Ang=  -0.84 deg.
 Initial guess orbital symmetries:
       Occupied  (AG) (BU) (AG) (BU) (BU) (BU)
       Virtual   (AG) (AG) (AG) (BU) (BU) (AG)
 Keep R1 ints in memory in symmetry-blocked form, NReq=900550.
 Requested convergence on RMS density matrix=1.00D-08 within 128 cycles.
 Requested convergence on MAX density matrix=1.00D-06.
 Requested convergence on             energy=1.00D-06.
 No special actions if energy rises.
 SCF Done:  E(RHF) =  -5.51988661062     A.U. after    9 cycles
            NFock=  9  Conv=0.43D-08     -V/T= 1.8519
 Range of M.O.s used for correlation:     1    12
 NBasis=    12 NAE=     6 NBE=     6 NFC=     0 NFV=     0
 NROrb=     12 NOA=     6 NOB=     6 NVA=     6 NVB=     6

 **** Warning!!: The smallest alpha delta epsilon is -0.29364976D-01

 Semi-Direct transformation.
 ModeAB=           4 MOrb=             6 LenV=     134087559
 LASXX=         2181 LTotXX=        2181 LenRXX=        5115
 LTotAB=        2934 MaxLAS=        3024 LenRXY=           0
 NonZer=        7296 LenScr=      655360 LnRSAI=        3024
 LnScr1=      655360 LExtra=           0 Total=      1318859
 MaxDsk=          -1 SrtSym=           T ITran=            3
 JobTyp=0 Pass  1:  I=   1 to   6.
 (rs|ai) integrals will be sorted in core.
 Spin components of T(2) and E(2):
     alpha-alpha T2 =       0.3318147984D-01 E2=     -0.2343946094D-01
     alpha-beta  T2 =       0.3166870547D+01 E2=     -0.5480400836D-01
     beta-beta   T2 =       0.3318147984D-01 E2=     -0.2343946094D-01
 ANorm=    0.2057482322D+01
 E2 =    -0.1016829302D+00 EUMP2 =    -0.56215695408587D+01
 Second order stability test of a single determinant RHF wave function:
 Stabil:  MDV=134217728
 ***********************************************************************
 Matrix         Lowest Root    Major Pairs
 ***********************************************************************
 Internal RHF    -0.1896763    6A=7A
 RRHF --> CRHF   -0.2266786    6A=7A
 RRHF --> RUHF   -0.4396397    6A=7B
 Not stable.
 ***********************************************************************

 **********************************************************************

            Population analysis using the SCF density.

 **********************************************************************

 Orbital symmetries:
       Occupied  (AG) (BU) (AG) (BU) (BU) (BU)
       Virtual   (AG) (AG) (AG) (BU) (BU) (AG)
 The electronic state is 1-AG.
 Alpha  occ. eigenvalues --   -0.87896  -0.80026  -0.63402  -0.43027  -0.41325
 Alpha  occ. eigenvalues --   -0.12663
 Alpha virt. eigenvalues --   -0.15600   0.04349   0.30031   0.39681   0.60185
 Alpha virt. eigenvalues --    0.88337
          Condensed to atoms (all electrons):
               1          2          3          4          5          6
     1  H    1.243179  -0.042038   0.194293  -0.162426  -0.142304  -0.014501
     2  H   -0.042038   0.961634  -0.112259   0.301888   0.006217  -0.111577
     3  H    0.194293  -0.112259   0.653288  -0.052612   0.138688   0.078526
     4  H   -0.162426   0.301888  -0.052612   0.733913   0.056872   0.057214
     5  H   -0.142304   0.006217   0.138688   0.056872   1.307214  -0.178751
     6  H   -0.014501  -0.111577   0.078526   0.057214  -0.178751   1.132906
     7  H   -0.005154   0.009426  -0.019323  -0.015667   0.389357  -0.245324
     8  H    0.024263  -0.013023  -0.031956  -0.048258  -0.401627   0.389357
     9  H    0.004678  -0.001064   0.011574  -0.010349  -0.048258  -0.015667
    10  H   -0.001780   0.003504  -0.021718   0.011574  -0.031956  -0.019323
    11  H    0.000431  -0.000382   0.003504  -0.001064  -0.013023   0.009426
    12  H   -0.001211   0.000431  -0.001780   0.004678   0.024263  -0.005154
               7          8          9         10         11         12
     1  H   -0.005154   0.024263   0.004678  -0.001780   0.000431  -0.001211
     2  H    0.009426  -0.013023  -0.001064   0.003504  -0.000382   0.000431
     3  H   -0.019323  -0.031956   0.011574  -0.021718   0.003504  -0.001780
     4  H   -0.015667  -0.048258  -0.010349   0.011574  -0.001064   0.004678
     5  H    0.389357  -0.401627  -0.048258  -0.031956  -0.013023   0.024263
     6  H   -0.245324   0.389357  -0.015667  -0.019323   0.009426  -0.005154
     7  H    1.132906  -0.178751   0.057214   0.078526  -0.111577  -0.014501
     8  H   -0.178751   1.307214   0.056872   0.138688   0.006217  -0.142304
     9  H    0.057214   0.056872   0.733913  -0.052612   0.301888  -0.162426
    10  H    0.078526   0.138688  -0.052612   0.653288  -0.112259   0.194293
    11  H   -0.111577   0.006217   0.301888  -0.112259   0.961634  -0.042038
    12  H   -0.014501  -0.142304  -0.162426   0.194293  -0.042038   1.243179
 Mulliken charges:
               1
     1  H   -0.097430
     2  H   -0.002757
     3  H    0.159776
     4  H    0.124237
     5  H   -0.106693
     6  H   -0.077132
     7  H   -0.077132
     8  H   -0.106693
     9  H    0.124237
    10  H    0.159776
    11  H   -0.002757
    12  H   -0.097430
 Sum of Mulliken charges =   0.00000
 Mulliken charges with hydrogens summed into heavy atoms:
               1
 Electronic spatial extent (au):  <R**2>=            198.9202
 Charge=              0.0000 electrons
 Dipole moment (field-independent basis, Debye):
    X=             -0.0000    Y=              0.0000    Z=              0.0000  Tot=              0.0000
 Quadrupole moment (field-independent basis, Debye-Ang):
   XX=            -17.3264   YY=            -19.5217   ZZ=            -15.2399
   XY=             -0.0370   XZ=             -0.0000   YZ=             -0.0000
 Traceless Quadrupole moment (field-independent basis, Debye-Ang):
   XX=              0.0363   YY=             -2.1590   ZZ=              2.1228
   XY=             -0.0370   XZ=             -0.0000   YZ=             -0.0000
 Octapole moment (field-independent basis, Debye-Ang**2):
  XXX=              0.0000  YYY=              0.0000  ZZZ=             -0.0000  XYY=             -0.0000
  XXY=             -0.0000  XXZ=             -0.0000  XZZ=             -0.0000  YZZ=             -0.0000
  YYZ=             -0.0000  XYZ=             -0.0000
 Hexadecapole moment (field-independent basis, Debye-Ang**3):
 XXXX=           -259.4363 YYYY=           -194.1073 ZZZZ=            -18.1610 XXXY=            -85.0992
 XXXZ=             -0.0000 YYYX=            -91.5502 YYYZ=             -0.0000 ZZZX=             -0.0000
 ZZZY=             -0.0000 XXYY=            -80.5327 XXZZ=            -42.2909 YYZZ=            -30.4711
 XXYZ=             -0.0000 YYXZ=             -0.0000 ZZXY=            -24.0030
 N-N= 1.825463423405D+01 E-N=-4.746155629910D+01  KE= 6.479309853840D+00
 Symmetry AG   KE= 1.338700912117D+00
 Symmetry BG   KE= 0.000000000000D+00
 Symmetry AU   KE= 0.000000000000D+00
 Symmetry BU   KE= 5.140608941722D+00

 Test job not archived.
 1\1\GINC-SULU\Stability\RHF\Gen\H12\LCJ1\14-Feb-2017\0\\#rhf/gen scf(s
 ymm,tight,novaracc,noincfock,fulldiag) stable(crhf) guess=read geom=no
 crowd test\\hf stability analysis of h10 triangular lattice, y= 0.6837
 6095798003989\\0,1\H\H,1,1.0865068917\H,1,1.0865068917,2,102.\H,2,1.08
 65068917,1,78.,3,0.,0\H,3,1.0865068917,1,180.,2,0.,0\H,4,1.0865068917,
 2,180.,1,0.,0\H,5,1.0865068917,3,180.,2,0.,0\H,6,1.0865068917,4,180.,1
 ,0.,0\H,7,1.0865068917,5,180.,2,0.,0\H,8,1.0865068917,6,180.,1,0.,0\H,
 9,1.0865068917,7,180.,2,0.,0\H,10,1.0865068917,8,180.,1,0.,0\\Version=
 ES64L-G09RevE.01\State=1-AG\HF=-5.5198866\MP2=-5.6215695\RMSD=4.280e-0
 9\Dipole=0.,0.,0.\Quadrupole=-0.9856957,1.5782315,-0.5925358,0.,-0.792
 5307,0.\PG=C02H [SGH(H12)]\\@


 A politician is a person who can make waves and then
 make you think he's the only one who can save the ship.
 -- Ivern Ball
 Job cpu time:       0 days  0 hours  0 minutes  1.0 seconds.
 File lengths (MBytes):  RWF=     84 Int=      0 D2E=      0 Chk=      2 Scr=      2
 Normal termination of Gaussian 09 at Tue Feb 14 17:42:50 2017.
