 Entering Gaussian System, Link 0=g09
 AtFile(1): H.gbs
            H     0
            S   10   1.00
               1000.000000000000            0.000068713567
                316.227766000000            0.000169141320
                100.000000000000            0.000823394812
                 31.622776600000            0.003425569236
                 10.000000000000            0.013951996000
                  3.162277660000            0.056909313560
                  1.000000000000            0.198286399900
                  0.316227766000            0.496922426700
                  0.100000000000            0.369846276400
                  0.031622776600            0.003752720039
            ****
 Initial command:
 /projects/guscus/apps/gau/g09-e1/g09/l1.exe "/users/lcj1/gaussian/h12/rhfstability/2rows/alterguess/2to4/Gau-18013.inp" -scrdir="/users/lcj1/gaussian/h12/rhfstability/2rows/alterguess/2to4/"
 Entering Link 1 = /projects/guscus/apps/gau/g09-e1/g09/l1.exe PID=     18014.
  
 Copyright (c) 1988,1990,1992,1993,1995,1998,2003,2009,2015,
            Gaussian, Inc.  All Rights Reserved.
  
 This is part of the Gaussian(R) 09 program.  It is based on
 the Gaussian(R) 03 system (copyright 2003, Gaussian, Inc.),
 the Gaussian(R) 98 system (copyright 1998, Gaussian, Inc.),
 the Gaussian(R) 94 system (copyright 1995, Gaussian, Inc.),
 the Gaussian 92(TM) system (copyright 1992, Gaussian, Inc.),
 the Gaussian 90(TM) system (copyright 1990, Gaussian, Inc.),
 the Gaussian 88(TM) system (copyright 1988, Gaussian, Inc.),
 the Gaussian 86(TM) system (copyright 1986, Carnegie Mellon
 University), and the Gaussian 82(TM) system (copyright 1983,
 Carnegie Mellon University). Gaussian is a federally registered
 trademark of Gaussian, Inc.
  
 This software contains proprietary and confidential information,
 including trade secrets, belonging to Gaussian, Inc.
  
 This software is provided under written license and may be
 used, copied, transmitted, or stored only in accord with that
 written license.
  
 The following legend is applicable only to US Government
 contracts under FAR:
  
                    RESTRICTED RIGHTS LEGEND
  
 Use, reproduction and disclosure by the US Government is
 subject to restrictions as set forth in subparagraphs (a)
 and (c) of the Commercial Computer Software - Restricted
 Rights clause in FAR 52.227-19.
  
 Gaussian, Inc.
 340 Quinnipiac St., Bldg. 40, Wallingford CT 06492
  
  
 ---------------------------------------------------------------
 Warning -- This program may not be used in any manner that
 competes with the business of Gaussian, Inc. or will provide
 assistance to any competitor of Gaussian, Inc.  The licensee
 of this program is prohibited from giving any competitor of
 Gaussian, Inc. access to this program.  By using this program,
 the user acknowledges that Gaussian, Inc. is engaged in the
 business of creating and licensing software in the field of
 computational chemistry and represents and warrants to the
 licensee that it is not a competitor of Gaussian, Inc. and that
 it will not use this program in any manner prohibited above.
 ---------------------------------------------------------------
  

 Cite this work as:
 Gaussian 09, Revision E.01,
 M. J. Frisch, G. W. Trucks, H. B. Schlegel, G. E. Scuseria, 
 M. A. Robb, J. R. Cheeseman, G. Scalmani, V. Barone, B. Mennucci, 
 G. A. Petersson, H. Nakatsuji, M. Caricato, X. Li, H. P. Hratchian, 
 A. F. Izmaylov, J. Bloino, G. Zheng, J. L. Sonnenberg, M. Hada, 
 M. Ehara, K. Toyota, R. Fukuda, J. Hasegawa, M. Ishida, T. Nakajima, 
 Y. Honda, O. Kitao, H. Nakai, T. Vreven, J. A. Montgomery, Jr., 
 J. E. Peralta, F. Ogliaro, M. Bearpark, J. J. Heyd, E. Brothers, 
 K. N. Kudin, V. N. Staroverov, T. Keith, R. Kobayashi, J. Normand, 
 K. Raghavachari, A. Rendell, J. C. Burant, S. S. Iyengar, J. Tomasi, 
 M. Cossi, N. Rega, J. M. Millam, M. Klene, J. E. Knox, J. B. Cross, 
 V. Bakken, C. Adamo, J. Jaramillo, R. Gomperts, R. E. Stratmann, 
 O. Yazyev, A. J. Austin, R. Cammi, C. Pomelli, J. W. Ochterski, 
 R. L. Martin, K. Morokuma, V. G. Zakrzewski, G. A. Voth, 
 P. Salvador, J. J. Dannenberg, S. Dapprich, A. D. Daniels, 
 O. Farkas, J. B. Foresman, J. V. Ortiz, J. Cioslowski, 
 and D. J. Fox, Gaussian, Inc., Wallingford CT, 2013.
 
 ******************************************
 Gaussian 09:  ES64L-G09RevE.01 30-Nov-2015
                14-Feb-2017 
 ******************************************
 %chk=h12.chk
 ----------------------------------------------------------------------
 #rhf/gen scf(symm,tight,novaracc,noincfock,fulldiag) stable(crhf) gues
 s=read geom=nocrowd test
 ----------------------------------------------------------------------
 1/38=1/1;
 2/12=1,17=6,18=5,40=1/2;
 3/5=7,16=1,25=1,30=1,116=1/1,2,3;
 4/5=1,9=4/1;
 5/5=100002,15=2,16=1,32=2,38=6/2;
 8/6=1,10=90,11=11/1,4;
 9/8=4,13=1/2;
 6/7=2,8=2,9=2,10=2,28=1/1;
 99/5=1,9=1/99;
 ----------------------------------------------------------------------
 hf stability analysis of h10 triangular lattice, y= 0.7868496627299574
 9
 ----------------------------------------------------------------------
 Symbolic Z-matrix:
 Charge =  0 Multiplicity = 1
 H
 H                    1     1.07588 
 H                    1     1.07588  2     86. 
 H                    2     1.07588  1     94.      3     0.       0
 H                    3     1.07588  1     180.     2     0.       0
 H                    4     1.07588  2     180.     1     0.       0
 H                    5     1.07588  3     180.     2     0.       0
 H                    6     1.07588  4     180.     1     0.       0
 H                    7     1.07588  5     180.     2     0.       0
 H                    8     1.07588  6     180.     1     0.       0
 H                    9     1.07588  7     180.     2     0.       0
 H                    10    1.07588  8     180.     1     0.       0
 
                          Input orientation:                          
 ---------------------------------------------------------------------
 Center     Atomic      Atomic             Coordinates (Angstroms)
 Number     Number       Type             X           Y           Z
 ---------------------------------------------------------------------
      1          1           0        0.000000    0.000000    0.000000
      2          1           0        0.000000    0.000000    1.075881
      3          1           0        1.073260    0.000000    0.075050
      4          1           0        1.073260    0.000000    1.150931
      5          1           0        2.146521    0.000000    0.150099
      6          1           0        2.146521    0.000000    1.225980
      7          1           0        3.219781    0.000000    0.225149
      8          1           0        3.219781    0.000000    1.301030
      9          1           0        4.293041    0.000000    0.300199
     10          1           0        4.293041    0.000000    1.376080
     11          1           0        5.366302    0.000000    0.375248
     12          1           0        5.366302    0.000000    1.451129
 ---------------------------------------------------------------------
                    Distance matrix (angstroms):
                    1          2          3          4          5
     1  H    0.000000
     2  H    1.075881   0.000000
     3  H    1.075881   1.467498   0.000000
     4  H    1.573699   1.075881   1.075881   0.000000
     5  H    2.151762   2.337653   1.075881   1.467498   0.000000
     6  H    2.471959   2.151762   1.573699   1.075881   1.075881
     7  H    3.227643   3.330275   2.151762   2.337653   1.075881
     8  H    3.472703   3.227643   2.471959   2.151762   1.573699
     9  H    4.303525   4.362555   3.227643   3.330275   2.151762
    10  H    4.508193   4.303525   3.472703   3.227643   2.471959
    11  H    5.379406   5.411846   4.303525   4.362555   3.227643
    12  H    5.559044   5.379406   4.508193   4.303525   3.472703
                    6          7          8          9         10
     6  H    0.000000
     7  H    1.467498   0.000000
     8  H    1.075881   1.075881   0.000000
     9  H    2.337653   1.075881   1.467498   0.000000
    10  H    2.151762   1.573699   1.075881   1.075881   0.000000
    11  H    3.330275   2.151762   2.337653   1.075881   1.467498
    12  H    3.227643   2.471959   2.151762   1.573699   1.075881
                   11         12
    11  H    0.000000
    12  H    1.075881   0.000000
 Stoichiometry    H12
 Framework group  C2H[SGH(H12)]
 Deg. of freedom    11
 Full point group                 C2H     NOp   4
 Largest Abelian subgroup         C2H     NOp   4
 Largest concise Abelian subgroup C2      NOp   2
                         Standard orientation:                         
 ---------------------------------------------------------------------
 Center     Atomic      Atomic             Coordinates (Angstroms)
 Number     Number       Type             X           Y           Z
 ---------------------------------------------------------------------
      1          1           0        2.360549    1.467498   -0.000000
      2          1           0        1.573699    2.201247   -0.000000
      3          1           0        1.573699    0.733749   -0.000000
      4          1           0        0.786850    1.467498   -0.000000
      5          1           0        0.786850    0.000000   -0.000000
      6          1           0        0.000000    0.733749    0.000000
      7          1           0       -0.000000   -0.733749    0.000000
      8          1           0       -0.786850    0.000000    0.000000
      9          1           0       -0.786850   -1.467498    0.000000
     10          1           0       -1.573699   -0.733749    0.000000
     11          1           0       -1.573699   -2.201247    0.000000
     12          1           0       -2.360549   -1.467498    0.000000
 ---------------------------------------------------------------------
 Rotational constants (GHZ):    145.1772659     12.3719300     11.4003944
 General basis read from cards:  (5D, 7F)
 There are     6 symmetry adapted cartesian basis functions of AG  symmetry.
 There are     0 symmetry adapted cartesian basis functions of BG  symmetry.
 There are     0 symmetry adapted cartesian basis functions of AU  symmetry.
 There are     6 symmetry adapted cartesian basis functions of BU  symmetry.
 There are     6 symmetry adapted basis functions of AG  symmetry.
 There are     0 symmetry adapted basis functions of BG  symmetry.
 There are     0 symmetry adapted basis functions of AU  symmetry.
 There are     6 symmetry adapted basis functions of BU  symmetry.
    12 basis functions,   120 primitive gaussians,    12 cartesian basis functions
     6 alpha electrons        6 beta electrons
       nuclear repulsion energy        18.3596581127 Hartrees.
 NAtoms=   12 NActive=   12 NUniq=    6 SFac= 4.00D+00 NAtFMM=   60 NAOKFM=F Big=F
 Integral buffers will be    131072 words long.
 Regular integral format.
 Two-electron integral symmetry is turned on.
 One-electron integrals computed using PRISM.
 NBasis=    12 RedAO= T EigKep=  1.16D-01  NBF=     6     0     0     6
 NBsUse=    12 1.00D-06 EigRej= -1.00D+00 NBFU=     6     0     0     6
 Initial guess from the checkpoint file:  "h12.chk"
 B after Tr=    -0.000000   -0.000000    0.000000
         Rot=    0.999973    0.000000    0.000000    0.007349 Ang=   0.84 deg.
 Initial guess orbital symmetries:
       Occupied  (AG) (BU) (AG) (BU) (BU) (BU)
       Virtual   (AG) (AG) (AG) (BU) (BU) (AG)
 Keep R1 ints in memory in symmetry-blocked form, NReq=900606.
 Requested convergence on RMS density matrix=1.00D-08 within 128 cycles.
 Requested convergence on MAX density matrix=1.00D-06.
 Requested convergence on             energy=1.00D-06.
 No special actions if energy rises.
 SCF Done:  E(RHF) =  -5.52680000309     A.U. after    9 cycles
            NFock=  9  Conv=0.30D-08     -V/T= 1.8526
 Range of M.O.s used for correlation:     1    12
 NBasis=    12 NAE=     6 NBE=     6 NFC=     0 NFV=     0
 NROrb=     12 NOA=     6 NOB=     6 NVA=     6 NVB=     6

 **** Warning!!: The smallest alpha delta epsilon is -0.29052500D-01

 Semi-Direct transformation.
 ModeAB=           4 MOrb=             6 LenV=     134087559
 LASXX=         2181 LTotXX=        2181 LenRXX=        5115
 LTotAB=        2934 MaxLAS=        3024 LenRXY=           0
 NonZer=        7296 LenScr=      655360 LnRSAI=        3024
 LnScr1=      655360 LExtra=           0 Total=      1318859
 MaxDsk=          -1 SrtSym=           T ITran=            3
 JobTyp=0 Pass  1:  I=   1 to   6.
 (rs|ai) integrals will be sorted in core.
 Spin components of T(2) and E(2):
     alpha-alpha T2 =       0.3360862063D-01 E2=     -0.2362162567D-01
     alpha-beta  T2 =       0.3181574259D+01 E2=     -0.5269231851D-01
     beta-beta   T2 =       0.3360862063D-01 E2=     -0.2362162567D-01
 ANorm=    0.2061259688D+01
 E2 =    -0.9993556985D-01 EUMP2 =    -0.56267355729458D+01
 Second order stability test of a single determinant RHF wave function:
 Stabil:  MDV=134217728
 ***********************************************************************
 Matrix         Lowest Root    Major Pairs
 ***********************************************************************
 Internal RHF    -0.1906385    6A=7A 5A=8A 4A=7A 6A=9A 4A=9A
 RRHF --> CRHF   -0.2265295    6A=7A
 RRHF --> RUHF   -0.4367208    6A=7B
 Not stable.
 ***********************************************************************

 **********************************************************************

            Population analysis using the SCF density.

 **********************************************************************

 Orbital symmetries:
       Occupied  (AG) (BU) (AG) (BU) (BU) (BU)
       Virtual   (AG) (AG) (AG) (BU) (BU) (AG)
 The electronic state is 1-AG.
 Alpha  occ. eigenvalues --   -0.88335  -0.80325  -0.63467  -0.43711  -0.41211
 Alpha  occ. eigenvalues --   -0.13563
 Alpha virt. eigenvalues --   -0.16468   0.04931   0.29690   0.41713   0.60208
 Alpha virt. eigenvalues --    0.94678
          Condensed to atoms (all electrons):
               1          2          3          4          5          6
     1  H    1.045604  -0.029931   0.272329  -0.130610  -0.126755   0.001525
     2  H   -0.029931   1.140661  -0.147809   0.235348  -0.004964  -0.137216
     3  H    0.272329  -0.147809   0.704920  -0.050401   0.072997   0.067397
     4  H   -0.130610   0.235348  -0.050401   0.675030   0.074999   0.101501
     5  H   -0.126755  -0.004964   0.072997   0.074999   1.189078  -0.182018
     6  H    0.001525  -0.137216   0.067397   0.101501  -0.182018   1.246773
     7  H   -0.011293   0.018719  -0.041822  -0.024206   0.400206  -0.341219
     8  H    0.013714  -0.008638  -0.019030  -0.031522  -0.290221   0.400206
     9  H    0.004252  -0.001636   0.012660  -0.018067  -0.031522  -0.024206
    10  H   -0.001376   0.004690  -0.014184   0.012660  -0.019030  -0.041822
    11  H    0.000456  -0.000898   0.004690  -0.001636  -0.008638   0.018719
    12  H   -0.000610   0.000456  -0.001376   0.004252   0.013714  -0.011293
               7          8          9         10         11         12
     1  H   -0.011293   0.013714   0.004252  -0.001376   0.000456  -0.000610
     2  H    0.018719  -0.008638  -0.001636   0.004690  -0.000898   0.000456
     3  H   -0.041822  -0.019030   0.012660  -0.014184   0.004690  -0.001376
     4  H   -0.024206  -0.031522  -0.018067   0.012660  -0.001636   0.004252
     5  H    0.400206  -0.290221  -0.031522  -0.019030  -0.008638   0.013714
     6  H   -0.341219   0.400206  -0.024206  -0.041822   0.018719  -0.011293
     7  H    1.246773  -0.182018   0.101501   0.067397  -0.137216   0.001525
     8  H   -0.182018   1.189078   0.074999   0.072997  -0.004964  -0.126755
     9  H    0.101501   0.074999   0.675030  -0.050401   0.235348  -0.130610
    10  H    0.067397   0.072997  -0.050401   0.704920  -0.147809   0.272329
    11  H   -0.137216  -0.004964   0.235348  -0.147809   1.140661  -0.029931
    12  H    0.001525  -0.126755  -0.130610   0.272329  -0.029931   1.045604
 Mulliken charges:
               1
     1  H   -0.037303
     2  H   -0.068784
     3  H    0.139628
     4  H    0.152652
     5  H   -0.087846
     6  H   -0.098347
     7  H   -0.098347
     8  H   -0.087846
     9  H    0.152652
    10  H    0.139628
    11  H   -0.068784
    12  H   -0.037303
 Sum of Mulliken charges =   0.00000
 Mulliken charges with hydrogens summed into heavy atoms:
               1
 Electronic spatial extent (au):  <R**2>=            196.2953
 Charge=              0.0000 electrons
 Dipole moment (field-independent basis, Debye):
    X=             -0.0000    Y=             -0.0000    Z=              0.0000  Tot=              0.0000
 Quadrupole moment (field-independent basis, Debye-Ang):
   XX=            -18.4296   YY=            -19.0986   ZZ=            -15.2230
   XY=             -0.2538   XZ=              0.0000   YZ=              0.0000
 Traceless Quadrupole moment (field-independent basis, Debye-Ang):
   XX=             -0.8459   YY=             -1.5149   ZZ=              2.3607
   XY=             -0.2538   XZ=              0.0000   YZ=              0.0000
 Octapole moment (field-independent basis, Debye-Ang**2):
  XXX=              0.0000  YYY=             -0.0000  ZZZ=             -0.0000  XYY=              0.0000
  XXY=             -0.0000  XXZ=             -0.0000  XZZ=              0.0000  YZZ=              0.0000
  YYZ=             -0.0000  XYZ=             -0.0000
 Hexadecapole moment (field-independent basis, Debye-Ang**3):
 XXXX=           -238.6902 YYYY=           -216.3823 ZZZZ=            -18.1218 XXXY=            -89.5984
 XXXZ=              0.0000 YYYX=            -91.4991 YYYZ=              0.0000 ZZZX=              0.0000
 ZZZY=              0.0000 XXYY=            -80.7471 XXZZ=            -37.8224 YYZZ=            -33.9204
 XXYZ=              0.0000 YYXZ=              0.0000 ZZXY=            -24.0743
 N-N= 1.835965811267D+01 E-N=-4.764285353626D+01  KE= 6.482188065408D+00
 Symmetry AG   KE= 1.344059179326D+00
 Symmetry BG   KE= 0.000000000000D+00
 Symmetry AU   KE= 0.000000000000D+00
 Symmetry BU   KE= 5.138128886082D+00

 Test job not archived.
 1\1\GINC-SULU\Stability\RHF\Gen\H12\LCJ1\14-Feb-2017\0\\#rhf/gen scf(s
 ymm,tight,novaracc,noincfock,fulldiag) stable(crhf) guess=read geom=no
 crowd test\\hf stability analysis of h10 triangular lattice, y= 0.7868
 4966272995749\\0,1\H\H,1,1.0758811287\H,1,1.0758811287,2,86.\H,2,1.075
 8811287,1,94.,3,0.,0\H,3,1.0758811287,1,180.,2,0.,0\H,4,1.0758811287,2
 ,180.,1,0.,0\H,5,1.0758811287,3,180.,2,0.,0\H,6,1.0758811287,4,180.,1,
 0.,0\H,7,1.0758811287,5,180.,2,0.,0\H,8,1.0758811287,6,180.,1,0.,0\H,9
 ,1.0758811287,7,180.,2,0.,0\H,10,1.0758811287,8,180.,1,0.,0\\Version=E
 S64L-G09RevE.01\State=1-AG\HF=-5.5268\MP2=-5.6267356\RMSD=2.968e-09\Di
 pole=0.,0.,0.\Quadrupole=-1.0831474,1.7551538,-0.6720064,0.,0.2349211,
 0.\PG=C02H [SGH(H12)]\\@


 WHEN ALL ELSE FAILS, LOOK AT THE SCHRODINGER EQUATION.
     -- RUSSELL T. PACK, APRIL 1978
 Job cpu time:       0 days  0 hours  0 minutes  1.0 seconds.
 File lengths (MBytes):  RWF=     84 Int=      0 D2E=      0 Chk=      2 Scr=      2
 Normal termination of Gaussian 09 at Tue Feb 14 17:43:09 2017.
