 Entering Gaussian System, Link 0=g09
 AtFile(1): H.gbs
            H     0
            S   10   1.00
               1000.000000000000            0.000068713567
                316.227766000000            0.000169141320
                100.000000000000            0.000823394812
                 31.622776600000            0.003425569236
                 10.000000000000            0.013951996000
                  3.162277660000            0.056909313560
                  1.000000000000            0.198286399900
                  0.316227766000            0.496922426700
                  0.100000000000            0.369846276400
                  0.031622776600            0.003752720039
            ****
 Initial command:
 /projects/guscus/apps/gau/g09-e1/g09/l1.exe "/users/lcj1/gaussian/h12/rhfstability/rect/guess/2au4bu/Gau-29054.inp" -scrdir="/users/lcj1/gaussian/h12/rhfstability/rect/guess/2au4bu/"
 Entering Link 1 = /projects/guscus/apps/gau/g09-e1/g09/l1.exe PID=     29055.
  
 Copyright (c) 1988,1990,1992,1993,1995,1998,2003,2009,2015,
            Gaussian, Inc.  All Rights Reserved.
  
 This is part of the Gaussian(R) 09 program.  It is based on
 the Gaussian(R) 03 system (copyright 2003, Gaussian, Inc.),
 the Gaussian(R) 98 system (copyright 1998, Gaussian, Inc.),
 the Gaussian(R) 94 system (copyright 1995, Gaussian, Inc.),
 the Gaussian 92(TM) system (copyright 1992, Gaussian, Inc.),
 the Gaussian 90(TM) system (copyright 1990, Gaussian, Inc.),
 the Gaussian 88(TM) system (copyright 1988, Gaussian, Inc.),
 the Gaussian 86(TM) system (copyright 1986, Carnegie Mellon
 University), and the Gaussian 82(TM) system (copyright 1983,
 Carnegie Mellon University). Gaussian is a federally registered
 trademark of Gaussian, Inc.
  
 This software contains proprietary and confidential information,
 including trade secrets, belonging to Gaussian, Inc.
  
 This software is provided under written license and may be
 used, copied, transmitted, or stored only in accord with that
 written license.
  
 The following legend is applicable only to US Government
 contracts under FAR:
  
                    RESTRICTED RIGHTS LEGEND
  
 Use, reproduction and disclosure by the US Government is
 subject to restrictions as set forth in subparagraphs (a)
 and (c) of the Commercial Computer Software - Restricted
 Rights clause in FAR 52.227-19.
  
 Gaussian, Inc.
 340 Quinnipiac St., Bldg. 40, Wallingford CT 06492
  
  
 ---------------------------------------------------------------
 Warning -- This program may not be used in any manner that
 competes with the business of Gaussian, Inc. or will provide
 assistance to any competitor of Gaussian, Inc.  The licensee
 of this program is prohibited from giving any competitor of
 Gaussian, Inc. access to this program.  By using this program,
 the user acknowledges that Gaussian, Inc. is engaged in the
 business of creating and licensing software in the field of
 computational chemistry and represents and warrants to the
 licensee that it is not a competitor of Gaussian, Inc. and that
 it will not use this program in any manner prohibited above.
 ---------------------------------------------------------------
  

 Cite this work as:
 Gaussian 09, Revision E.01,
 M. J. Frisch, G. W. Trucks, H. B. Schlegel, G. E. Scuseria, 
 M. A. Robb, J. R. Cheeseman, G. Scalmani, V. Barone, B. Mennucci, 
 G. A. Petersson, H. Nakatsuji, M. Caricato, X. Li, H. P. Hratchian, 
 A. F. Izmaylov, J. Bloino, G. Zheng, J. L. Sonnenberg, M. Hada, 
 M. Ehara, K. Toyota, R. Fukuda, J. Hasegawa, M. Ishida, T. Nakajima, 
 Y. Honda, O. Kitao, H. Nakai, T. Vreven, J. A. Montgomery, Jr., 
 J. E. Peralta, F. Ogliaro, M. Bearpark, J. J. Heyd, E. Brothers, 
 K. N. Kudin, V. N. Staroverov, T. Keith, R. Kobayashi, J. Normand, 
 K. Raghavachari, A. Rendell, J. C. Burant, S. S. Iyengar, J. Tomasi, 
 M. Cossi, N. Rega, J. M. Millam, M. Klene, J. E. Knox, J. B. Cross, 
 V. Bakken, C. Adamo, J. Jaramillo, R. Gomperts, R. E. Stratmann, 
 O. Yazyev, A. J. Austin, R. Cammi, C. Pomelli, J. W. Ochterski, 
 R. L. Martin, K. Morokuma, V. G. Zakrzewski, G. A. Voth, 
 P. Salvador, J. J. Dannenberg, S. Dapprich, A. D. Daniels, 
 O. Farkas, J. B. Foresman, J. V. Ortiz, J. Cioslowski, 
 and D. J. Fox, Gaussian, Inc., Wallingford CT, 2013.
 
 ******************************************
 Gaussian 09:  ES64L-G09RevE.01 30-Nov-2015
                17-Feb-2017 
 ******************************************
 %chk=h12.chk
 ----------------------------------------------------------------------
 #rhf/gen scf(symm,tight,novaracc,noincfock,fulldiag) stable(crhf) gues
 s=read geom=nocrowd test
 ----------------------------------------------------------------------
 1/38=1/1;
 2/12=1,17=6,18=5,40=1/2;
 3/5=7,16=1,25=1,30=1,116=1/1,2,3;
 4/5=1,9=4/1;
 5/5=100002,15=2,16=1,32=2,38=6/2;
 8/6=1,10=90,11=11/1,4;
 9/8=4,13=1/2;
 6/7=2,8=2,9=2,10=2,28=1/1;
 99/5=1,9=1/99;
 ----------------------------------------------------------------------
 hf stability analysis of h12 triangular lattice, y= 0.5188669005588153
 5
 ----------------------------------------------------------------------
 Symbolic Z-matrix:
 Charge =  0 Multiplicity = 1
 H
 H                    1     1.22774 
 H                    1     1.22774  2     130. 
 H                    2     1.22774  1     50.      3     0.       0
 H                    2     1.22774  1     180.     3     0.       0
 H                    4     1.22774  3     180.     5     0.       0
 H                    6     1.22774  5     180.     3     0.       0
 H                    4     1.22774  2     180.     3     0.       0
 H                    3     1.22774  1     180.     4     0.       0
 H                    9     1.22774  3     180.     4     0.       0
 H                    8     1.22774  4     180.     3     0.       0
 H                    7     1.22774  6     180.     3     0.       0
 
                          Input orientation:                          
 ---------------------------------------------------------------------
 Center     Atomic      Atomic             Coordinates (Angstroms)
 Number     Number       Type             X           Y           Z
 ---------------------------------------------------------------------
      1          1           0        0.000000    0.000000    0.000000
      2          1           0        0.000000    0.000000    1.227744
      3          1           0        0.940506    0.000000   -0.789178
      4          1           0        0.940506    0.000000    0.438565
      5          1           0        0.000000    0.000000    2.455487
      6          1           0        0.940506    0.000000    1.666309
      7          1           0        1.881012    0.000000    0.877130
      8          1           0        1.881012    0.000000   -0.350613
      9          1           0        1.881012    0.000000   -1.578357
     10          1           0        2.821519    0.000000   -2.367535
     11          1           0        2.821519    0.000000   -1.139792
     12          1           0        2.821519    0.000000    0.087952
 ---------------------------------------------------------------------
                    Distance matrix (angstroms):
                    1          2          3          4          5
     1  H    0.000000
     2  H    1.227744   0.000000
     3  H    1.227744   2.225427   0.000000
     4  H    1.037734   1.227744   1.227744   0.000000
     5  H    2.455487   1.227744   3.378225   2.225427   0.000000
     6  H    1.913410   1.037734   2.455487   1.227744   1.227744
     7  H    2.075468   1.913410   1.913410   1.037734   2.455487
     8  H    1.913410   2.455487   1.037734   1.227744   3.378225
     9  H    2.455487   3.378225   1.227744   2.225427   4.450855
    10  H    3.683231   4.570229   2.455487   3.378225   5.587711
    11  H    3.043040   3.683231   1.913410   2.455487   4.570229
    12  H    2.822889   3.043040   2.075468   1.913410   3.683231
                    6          7          8          9         10
     6  H    0.000000
     7  H    1.227744   0.000000
     8  H    2.225427   1.227744   0.000000
     9  H    3.378225   2.455487   1.227744   0.000000
    10  H    4.450855   3.378225   2.225427   1.227744   0.000000
    11  H    3.378225   2.225427   1.227744   1.037734   1.227744
    12  H    2.455487   1.227744   1.037734   1.913410   2.455487
                   11         12
    11  H    0.000000
    12  H    1.227744   0.000000
 Stoichiometry    H12
 Framework group  C2H[SGH(H12)]
 Deg. of freedom    11
 Full point group                 C2H     NOp   4
 Largest Abelian subgroup         C2H     NOp   4
 Largest concise Abelian subgroup C2      NOp   2
                         Standard orientation:                         
 ---------------------------------------------------------------------
 Center     Atomic      Atomic             Coordinates (Angstroms)
 Number     Number       Type             X           Y           Z
 ---------------------------------------------------------------------
      1          1           0        0.940506    1.052437   -0.000000
      2          1           0        0.000000    1.841615    0.000000
      3          1           0        0.940506   -0.175307   -0.000000
      4          1           0        0.000000    0.613872    0.000000
      5          1           0       -0.940506    2.630794    0.000000
      6          1           0       -0.940506    1.403050    0.000000
      7          1           0       -0.940506    0.175307   -0.000000
      8          1           0       -0.000000   -0.613872    0.000000
      9          1           0        0.940506   -1.403050    0.000000
     10          1           0        0.940506   -2.630794    0.000000
     11          1           0       -0.000000   -1.841615    0.000000
     12          1           0       -0.940506   -1.052437   -0.000000
 ---------------------------------------------------------------------
 Rotational constants (GHZ):     91.4758211     17.1805801     14.4640137
 General basis read from cards:  (5D, 7F)
 There are     6 symmetry adapted cartesian basis functions of AG  symmetry.
 There are     0 symmetry adapted cartesian basis functions of BG  symmetry.
 There are     0 symmetry adapted cartesian basis functions of AU  symmetry.
 There are     6 symmetry adapted cartesian basis functions of BU  symmetry.
 There are     6 symmetry adapted basis functions of AG  symmetry.
 There are     0 symmetry adapted basis functions of BG  symmetry.
 There are     0 symmetry adapted basis functions of AU  symmetry.
 There are     6 symmetry adapted basis functions of BU  symmetry.
    12 basis functions,   120 primitive gaussians,    12 cartesian basis functions
     6 alpha electrons        6 beta electrons
       nuclear repulsion energy        19.0414000967 Hartrees.
 NAtoms=   12 NActive=   12 NUniq=    6 SFac= 4.00D+00 NAtFMM=   60 NAOKFM=F Big=F
 Integral buffers will be    131072 words long.
 Regular integral format.
 Two-electron integral symmetry is turned on.
 One-electron integrals computed using PRISM.
 NBasis=    12 RedAO= T EigKep=  1.86D-01  NBF=     6     0     0     6
 NBsUse=    12 1.00D-06 EigRej= -1.00D+00 NBFU=     6     0     0     6
 Initial guess from the checkpoint file:  "h12.chk"
 B after Tr=     0.000000   -0.000000    0.000000
         Rot=    0.999982    0.000000    0.000000   -0.006070 Ang=  -0.70 deg.
 Initial guess orbital symmetries:
       Occupied  (AG) (BU) (BU) (AG) (BU) (BU)
       Virtual   (AG) (AG) (AG) (BU) (AG) (BU)
 Keep R1 ints in memory in symmetry-blocked form, NReq=902748.
 Requested convergence on RMS density matrix=1.00D-08 within 128 cycles.
 Requested convergence on MAX density matrix=1.00D-06.
 Requested convergence on             energy=1.00D-06.
 No special actions if energy rises.
 SCF Done:  E(RHF) =  -5.23035033839     A.U. after   14 cycles
            NFock= 14  Conv=0.53D-08     -V/T= 1.7366
 Range of M.O.s used for correlation:     1    12
 NBasis=    12 NAE=     6 NBE=     6 NFC=     0 NFV=     0
 NROrb=     12 NOA=     6 NOB=     6 NVA=     6 NVB=     6

 **** Warning!!: The smallest alpha delta epsilon is -0.16490591D+00

 Semi-Direct transformation.
 ModeAB=           4 MOrb=             6 LenV=     134086033
 LASXX=         2181 LTotXX=        2181 LenRXX=        5115
 LTotAB=        2934 MaxLAS=        3024 LenRXY=           0
 NonZer=        7296 LenScr=      655360 LnRSAI=        3024
 LnScr1=      655360 LExtra=           0 Total=      1318859
 MaxDsk=          -1 SrtSym=           T ITran=            3
 JobTyp=0 Pass  1:  I=   1 to   6.
 (rs|ai) integrals will be sorted in core.
 Spin components of T(2) and E(2):
     alpha-alpha T2 =       0.1822237737D-01 E2=     -0.1570017346D-01
     alpha-beta  T2 =       0.1810094097D+04 E2=     -0.1284278060D+01
     beta-beta   T2 =       0.1822237737D-01 E2=     -0.1570017346D-01
 ANorm=    0.4255737940D+02
 E2 =    -0.1315678407D+01 EUMP2 =    -0.65460287457088D+01
 Second order stability test of a single determinant RHF wave function:
 Stabil:  MDV=134217728
 ***********************************************************************
 Matrix         Lowest Root    Major Pairs
 ***********************************************************************
 Internal RHF    -0.3442944    6A=7A
 RRHF --> CRHF   -0.4044694    6A=7A
 RRHF --> RUHF   -0.6040014    6A=7B
 Not stable.
 ***********************************************************************

 **********************************************************************

            Population analysis using the SCF density.

 **********************************************************************

 Orbital symmetries:
       Occupied  (AG) (BU) (BU) (AG) (BU) (BU)
       Virtual   (AG) (AG) (AG) (BU) (BU) (AG)
 The electronic state is 1-AG.
 Alpha  occ. eigenvalues --   -0.92359  -0.72492  -0.56843  -0.54223  -0.32261
 Alpha  occ. eigenvalues --    0.06265
 Alpha virt. eigenvalues --   -0.10226   0.15418   0.22818   0.35807   0.51048
 Alpha virt. eigenvalues --    0.51140
          Condensed to atoms (all electrons):
               1          2          3          4          5          6
     1  H    0.504559  -0.175932   0.175654   0.352265  -0.024325   0.014555
     2  H   -0.175932   2.327657  -0.101506  -0.388569  -0.028638  -0.542739
     3  H    0.175654  -0.101506   1.085905   0.007253   0.013302   0.019777
     4  H    0.352265  -0.388569   0.007253   1.250924  -0.071525   0.193331
     5  H   -0.024325  -0.028638   0.013302  -0.071525   0.853863   0.323533
     6  H    0.014555  -0.542739   0.019777   0.193331   0.323533   1.209465
     7  H   -0.038712   0.095980  -0.201958   0.201974  -0.076063  -0.179459
     8  H   -0.088568   0.073504   0.201974  -0.357720   0.007240  -0.090836
     9  H   -0.020632   0.046618  -0.179459  -0.090836  -0.001463  -0.026534
    10  H    0.001522   0.002301  -0.076063   0.007240  -0.000385  -0.001463
    11  H    0.013275  -0.040767   0.095980   0.073504   0.002301   0.046618
    12  H   -0.031237   0.013275  -0.038712  -0.088568   0.001522  -0.020632
               7          8          9         10         11         12
     1  H   -0.038712  -0.088568  -0.020632   0.001522   0.013275  -0.031237
     2  H    0.095980   0.073504   0.046618   0.002301  -0.040767   0.013275
     3  H   -0.201958   0.201974  -0.179459  -0.076063   0.095980  -0.038712
     4  H    0.201974  -0.357720  -0.090836   0.007240   0.073504  -0.088568
     5  H   -0.076063   0.007240  -0.001463  -0.000385   0.002301   0.001522
     6  H   -0.179459  -0.090836  -0.026534  -0.001463   0.046618  -0.020632
     7  H    1.085905   0.007253   0.019777   0.013302  -0.101506   0.175654
     8  H    0.007253   1.250924   0.193331  -0.071525  -0.388569   0.352265
     9  H    0.019777   0.193331   1.209465   0.323533  -0.542739   0.014555
    10  H    0.013302  -0.071525   0.323533   0.853863  -0.028638  -0.024325
    11  H   -0.101506  -0.388569  -0.542739  -0.028638   2.327657  -0.175932
    12  H    0.175654   0.352265   0.014555  -0.024325  -0.175932   0.504559
 Mulliken charges:
               1
     1  H    0.317577
     2  H   -0.281184
     3  H   -0.002147
     4  H   -0.089273
     5  H    0.000640
     6  H    0.054387
     7  H   -0.002147
     8  H   -0.089273
     9  H    0.054387
    10  H    0.000640
    11  H   -0.281184
    12  H    0.317577
 Sum of Mulliken charges =  -0.00000
 Mulliken charges with hydrogens summed into heavy atoms:
               1
 Electronic spatial extent (au):  <R**2>=            163.8691
 Charge=             -0.0000 electrons
 Dipole moment (field-independent basis, Debye):
    X=             -0.0000    Y=             -0.0000    Z=             -0.0000  Tot=              0.0000
 Quadrupole moment (field-independent basis, Debye-Ang):
   XX=            -14.3401   YY=            -24.6728   ZZ=            -14.8736
   XY=              3.6020   XZ=              0.0000   YZ=             -0.0000
 Traceless Quadrupole moment (field-independent basis, Debye-Ang):
   XX=              3.6221   YY=             -6.7107   ZZ=              3.0886
   XY=              3.6020   XZ=              0.0000   YZ=             -0.0000
 Octapole moment (field-independent basis, Debye-Ang**2):
  XXX=              0.0000  YYY=              0.0000  ZZZ=             -0.0000  XYY=              0.0000
  XXY=              0.0000  XXZ=             -0.0000  XZZ=             -0.0000  YZZ=              0.0000
  YYZ=             -0.0000  XYZ=              0.0000
 Hexadecapole moment (field-independent basis, Debye-Ang**3):
 XXXX=            -74.0601 YYYY=           -296.0981 ZZZZ=            -17.5141 XXXY=             33.3103
 XXXZ=              0.0000 YYYX=             34.1829 YYYZ=             -0.0000 ZZZX=              0.0000
 ZZZY=             -0.0000 XXYY=            -54.2613 XXZZ=            -15.2293 YYZZ=            -44.0788
 XXYZ=             -0.0000 YYXZ=              0.0000 ZZXY=              8.9801
 N-N= 1.904140009667D+01 E-N=-4.960598854199D+01  KE= 7.100766240483D+00
 Symmetry AG   KE= 1.465752398036D+00
 Symmetry BG   KE= 0.000000000000D+00
 Symmetry AU   KE= 0.000000000000D+00
 Symmetry BU   KE= 5.635013842447D+00

 Test job not archived.
 1\1\GINC-SULU\Stability\RHF\Gen\H12\LCJ1\17-Feb-2017\0\\#rhf/gen scf(s
 ymm,tight,novaracc,noincfock,fulldiag) stable(crhf) guess=read geom=no
 crowd test\\hf stability analysis of h12 triangular lattice, y= 0.5188
 6690055881535\\0,1\H\H,1,1.2277436496\H,1,1.2277436496,2,130.\H,2,1.22
 77436496,1,50.,3,0.,0\H,2,1.2277436496,1,180.,3,0.,0\H,4,1.2277436496,
 3,180.,5,0.,0\H,6,1.2277436496,5,180.,3,0.,0\H,4,1.2277436496,2,180.,3
 ,0.,0\H,3,1.2277436496,1,180.,4,0.,0\H,9,1.2277436496,3,180.,4,0.,0\H,
 8,1.2277436496,4,180.,3,0.,0\H,7,1.2277436496,6,180.,3,0.,0\\Version=E
 S64L-G09RevE.01\State=1-AG\HF=-5.2303503\MP2=-6.5460287\RMSD=5.264e-09
 \Dipole=0.,0.,0.\Quadrupole=0.8221535,2.296297,-3.1184504,0.,4.2477342
 ,0.\PG=C02H [SGH(H12)]\\@


 IN-LAWS ARE LIKE SEEDS. YOU DON'T NEED THEM
 BUT THEY COME WITH THE TOMATO.
 Job cpu time:       0 days  0 hours  0 minutes  1.1 seconds.
 File lengths (MBytes):  RWF=     84 Int=      0 D2E=      0 Chk=      2 Scr=      2
 Normal termination of Gaussian 09 at Fri Feb 17 12:05:24 2017.
