 Entering Gaussian System, Link 0=g09
 AtFile(1): H.gbs
            H     0
            S   10   1.00
               1000.000000000000            0.000068713567
                316.227766000000            0.000169141320
                100.000000000000            0.000823394812
                 31.622776600000            0.003425569236
                 10.000000000000            0.013951996000
                  3.162277660000            0.056909313560
                  1.000000000000            0.198286399900
                  0.316227766000            0.496922426700
                  0.100000000000            0.369846276400
                  0.031622776600            0.003752720039
            ****
 Initial command:
 /projects/guscus/apps/gau/g09-e1/g09/l1.exe "/users/lcj1/gaussian/h12/rhfstability/rect/guess/2au4bu/Gau-30791.inp" -scrdir="/users/lcj1/gaussian/h12/rhfstability/rect/guess/2au4bu/"
 Entering Link 1 = /projects/guscus/apps/gau/g09-e1/g09/l1.exe PID=     30792.
  
 Copyright (c) 1988,1990,1992,1993,1995,1998,2003,2009,2015,
            Gaussian, Inc.  All Rights Reserved.
  
 This is part of the Gaussian(R) 09 program.  It is based on
 the Gaussian(R) 03 system (copyright 2003, Gaussian, Inc.),
 the Gaussian(R) 98 system (copyright 1998, Gaussian, Inc.),
 the Gaussian(R) 94 system (copyright 1995, Gaussian, Inc.),
 the Gaussian 92(TM) system (copyright 1992, Gaussian, Inc.),
 the Gaussian 90(TM) system (copyright 1990, Gaussian, Inc.),
 the Gaussian 88(TM) system (copyright 1988, Gaussian, Inc.),
 the Gaussian 86(TM) system (copyright 1986, Carnegie Mellon
 University), and the Gaussian 82(TM) system (copyright 1983,
 Carnegie Mellon University). Gaussian is a federally registered
 trademark of Gaussian, Inc.
  
 This software contains proprietary and confidential information,
 including trade secrets, belonging to Gaussian, Inc.
  
 This software is provided under written license and may be
 used, copied, transmitted, or stored only in accord with that
 written license.
  
 The following legend is applicable only to US Government
 contracts under FAR:
  
                    RESTRICTED RIGHTS LEGEND
  
 Use, reproduction and disclosure by the US Government is
 subject to restrictions as set forth in subparagraphs (a)
 and (c) of the Commercial Computer Software - Restricted
 Rights clause in FAR 52.227-19.
  
 Gaussian, Inc.
 340 Quinnipiac St., Bldg. 40, Wallingford CT 06492
  
  
 ---------------------------------------------------------------
 Warning -- This program may not be used in any manner that
 competes with the business of Gaussian, Inc. or will provide
 assistance to any competitor of Gaussian, Inc.  The licensee
 of this program is prohibited from giving any competitor of
 Gaussian, Inc. access to this program.  By using this program,
 the user acknowledges that Gaussian, Inc. is engaged in the
 business of creating and licensing software in the field of
 computational chemistry and represents and warrants to the
 licensee that it is not a competitor of Gaussian, Inc. and that
 it will not use this program in any manner prohibited above.
 ---------------------------------------------------------------
  

 Cite this work as:
 Gaussian 09, Revision E.01,
 M. J. Frisch, G. W. Trucks, H. B. Schlegel, G. E. Scuseria, 
 M. A. Robb, J. R. Cheeseman, G. Scalmani, V. Barone, B. Mennucci, 
 G. A. Petersson, H. Nakatsuji, M. Caricato, X. Li, H. P. Hratchian, 
 A. F. Izmaylov, J. Bloino, G. Zheng, J. L. Sonnenberg, M. Hada, 
 M. Ehara, K. Toyota, R. Fukuda, J. Hasegawa, M. Ishida, T. Nakajima, 
 Y. Honda, O. Kitao, H. Nakai, T. Vreven, J. A. Montgomery, Jr., 
 J. E. Peralta, F. Ogliaro, M. Bearpark, J. J. Heyd, E. Brothers, 
 K. N. Kudin, V. N. Staroverov, T. Keith, R. Kobayashi, J. Normand, 
 K. Raghavachari, A. Rendell, J. C. Burant, S. S. Iyengar, J. Tomasi, 
 M. Cossi, N. Rega, J. M. Millam, M. Klene, J. E. Knox, J. B. Cross, 
 V. Bakken, C. Adamo, J. Jaramillo, R. Gomperts, R. E. Stratmann, 
 O. Yazyev, A. J. Austin, R. Cammi, C. Pomelli, J. W. Ochterski, 
 R. L. Martin, K. Morokuma, V. G. Zakrzewski, G. A. Voth, 
 P. Salvador, J. J. Dannenberg, S. Dapprich, A. D. Daniels, 
 O. Farkas, J. B. Foresman, J. V. Ortiz, J. Cioslowski, 
 and D. J. Fox, Gaussian, Inc., Wallingford CT, 2013.
 
 ******************************************
 Gaussian 09:  ES64L-G09RevE.01 30-Nov-2015
                17-Feb-2017 
 ******************************************
 %chk=h12.chk
 ----------------------------------------------------------------------
 #rhf/gen scf(symm,tight,novaracc,noincfock,fulldiag) stable(crhf) gues
 s=read geom=nocrowd test
 ----------------------------------------------------------------------
 1/38=1/1;
 2/12=1,17=6,18=5,40=1/2;
 3/5=7,16=1,25=1,30=1,116=1/1,2,3;
 4/5=1,9=4/1;
 5/5=100002,15=2,16=1,32=2,38=6/2;
 8/6=1,10=90,11=11/1,4;
 9/8=4,13=1/2;
 6/7=2,8=2,9=2,10=2,28=1/1;
 99/5=1,9=1/99;
 ----------------------------------------------------------------------
 hf stability analysis of h12 triangular lattice, y= 1.1954046164231349
 ----------------------------------------------------------------------
 Symbolic Z-matrix:
 Charge =  0 Multiplicity = 1
 H
 H                    1     1.28929 
 H                    1     1.28929  2     44. 
 H                    2     1.28929  1     136.     3     0.       0
 H                    2     1.28929  1     180.     3     0.       0
 H                    4     1.28929  3     180.     5     0.       0
 H                    6     1.28929  5     180.     3     0.       0
 H                    4     1.28929  2     180.     3     0.       0
 H                    3     1.28929  1     180.     4     0.       0
 H                    9     1.28929  3     180.     4     0.       0
 H                    8     1.28929  4     180.     3     0.       0
 H                    7     1.28929  6     180.     3     0.       0
 
                          Input orientation:                          
 ---------------------------------------------------------------------
 Center     Atomic      Atomic             Coordinates (Angstroms)
 Number     Number       Type             X           Y           Z
 ---------------------------------------------------------------------
      1          1           0        0.000000    0.000000    0.000000
      2          1           0        0.000000    0.000000    1.289285
      3          1           0        0.895613    0.000000    0.927434
      4          1           0        0.895613    0.000000    2.216720
      5          1           0        0.000000    0.000000    2.578571
      6          1           0        0.895613    0.000000    3.506005
      7          1           0        1.791226    0.000000    4.433439
      8          1           0        1.791226    0.000000    3.144154
      9          1           0        1.791226    0.000000    1.854869
     10          1           0        2.686839    0.000000    2.782303
     11          1           0        2.686839    0.000000    4.071588
     12          1           0        2.686839    0.000000    5.360874
 ---------------------------------------------------------------------
                    Distance matrix (angstroms):
                    1          2          3          4          5
     1  H    0.000000
     2  H    1.289285   0.000000
     3  H    1.289285   0.965950   0.000000
     4  H    2.390809   1.289285   1.289285   0.000000
     5  H    2.578571   1.289285   1.878397   0.965950   0.000000
     6  H    3.618590   2.390809   2.578571   1.289285   1.289285
     7  H    4.781618   3.618590   3.618590   2.390809   2.578571
     8  H    3.618590   2.578571   2.390809   1.289285   1.878397
     9  H    2.578571   1.878397   1.289285   0.965950   1.931899
    10  H    3.867856   3.073793   2.578571   1.878397   2.694552
    11  H    4.878210   3.867856   3.618590   2.578571   3.073793
    12  H    5.996505   4.878210   4.781618   3.618590   3.867856
                    6          7          8          9         10
     6  H    0.000000
     7  H    1.289285   0.000000
     8  H    0.965950   1.289285   0.000000
     9  H    1.878397   2.578571   1.289285   0.000000
    10  H    1.931899   1.878397   0.965950   1.289285   0.000000
    11  H    1.878397   0.965950   1.289285   2.390809   1.289285
    12  H    2.578571   1.289285   2.390809   3.618590   2.578571
                   11         12
    11  H    0.000000
    12  H    1.289285   0.000000
 Stoichiometry    H12
 Framework group  C2H[SGH(H12)]
 Deg. of freedom    11
 Full point group                 C2H     NOp   4
 Largest Abelian subgroup         C2H     NOp   4
 Largest concise Abelian subgroup C2      NOp   2
                         Standard orientation:                         
 ---------------------------------------------------------------------
 Center     Atomic      Atomic             Coordinates (Angstroms)
 Number     Number       Type             X           Y           Z
 ---------------------------------------------------------------------
      1          1           0        0.895613    2.861362   -0.000000
      2          1           0        0.000000    1.933928   -0.000000
      3          1           0        0.895613    1.572077   -0.000000
      4          1           0        0.000000    0.644643   -0.000000
      5          1           0       -0.895613    1.006494   -0.000000
      6          1           0       -0.895613   -0.282792   -0.000000
      7          1           0       -0.895613   -1.572077    0.000000
      8          1           0       -0.000000   -0.644643    0.000000
      9          1           0        0.895613    0.282792    0.000000
     10          1           0        0.895613   -1.006494    0.000000
     11          1           0       -0.000000   -1.933928    0.000000
     12          1           0       -0.895613   -2.861362    0.000000
 ---------------------------------------------------------------------
 Rotational constants (GHZ):    104.8304972     14.9918911     13.1161415
 General basis read from cards:  (5D, 7F)
 There are     6 symmetry adapted cartesian basis functions of AG  symmetry.
 There are     0 symmetry adapted cartesian basis functions of BG  symmetry.
 There are     0 symmetry adapted cartesian basis functions of AU  symmetry.
 There are     6 symmetry adapted cartesian basis functions of BU  symmetry.
 There are     6 symmetry adapted basis functions of AG  symmetry.
 There are     0 symmetry adapted basis functions of BG  symmetry.
 There are     0 symmetry adapted basis functions of AU  symmetry.
 There are     6 symmetry adapted basis functions of BU  symmetry.
    12 basis functions,   120 primitive gaussians,    12 cartesian basis functions
     6 alpha electrons        6 beta electrons
       nuclear repulsion energy        18.6659546200 Hartrees.
 NAtoms=   12 NActive=   12 NUniq=    6 SFac= 4.00D+00 NAtFMM=   60 NAOKFM=F Big=F
 Integral buffers will be    131072 words long.
 Regular integral format.
 Two-electron integral symmetry is turned on.
 One-electron integrals computed using PRISM.
 NBasis=    12 RedAO= T EigKep=  1.68D-01  NBF=     6     0     0     6
 NBsUse=    12 1.00D-06 EigRej= -1.00D+00 NBFU=     6     0     0     6
 Initial guess from the checkpoint file:  "h12.chk"
 B after Tr=     0.000000    0.000000   -0.000000
         Rot=    0.999982    0.000000    0.000000   -0.006070 Ang=  -0.70 deg.
 Initial guess orbital symmetries:
       Occupied  (AG) (BU) (AG) (BU) (BU) (BU)
       Virtual   (AG) (AG) (AG) (BU) (AG) (BU)
 Keep R1 ints in memory in symmetry-blocked form, NReq=901488.
 Requested convergence on RMS density matrix=1.00D-08 within 128 cycles.
 Requested convergence on MAX density matrix=1.00D-06.
 Requested convergence on             energy=1.00D-06.
 No special actions if energy rises.
 SCF Done:  E(RHF) =  -5.38390800286     A.U. after   11 cycles
            NFock= 11  Conv=0.42D-09     -V/T= 1.7635
 Range of M.O.s used for correlation:     1    12
 NBasis=    12 NAE=     6 NBE=     6 NFC=     0 NFV=     0
 NROrb=     12 NOA=     6 NOB=     6 NVA=     6 NVB=     6

 **** Warning!!: The smallest alpha delta epsilon is -0.84130311D-01

 Semi-Direct transformation.
 ModeAB=           4 MOrb=             6 LenV=     134086411
 LASXX=         2181 LTotXX=        2181 LenRXX=        5115
 LTotAB=        2934 MaxLAS=        3024 LenRXY=           0
 NonZer=        7296 LenScr=      655360 LnRSAI=        3024
 LnScr1=      655360 LExtra=           0 Total=      1318859
 MaxDsk=          -1 SrtSym=           T ITran=            3
 JobTyp=0 Pass  1:  I=   1 to   6.
 (rs|ai) integrals will be sorted in core.
 Spin components of T(2) and E(2):
     alpha-alpha T2 =       0.1294466430D-01 E2=     -0.1082658467D-01
     alpha-beta  T2 =       0.8496373179D+01 E2=     -0.5663625713D+00
     beta-beta   T2 =       0.1294466430D-01 E2=     -0.1082658467D-01
 ANorm=    0.3085816344D+01
 E2 =    -0.5880157407D+00 EUMP2 =    -0.59719237435422D+01
 Second order stability test of a single determinant RHF wave function:
 Stabil:  MDV=134217728
 ***********************************************************************
 Matrix         Lowest Root    Major Pairs
 ***********************************************************************
 Internal RHF    -0.2848628    6A=7A
 RRHF --> CRHF   -0.3144077    6A=7A
 RRHF --> RUHF   -0.5237638    6A=8B 6A=7B 5A=8B
 Not stable.
 ***********************************************************************

 **********************************************************************

            Population analysis using the SCF density.

 **********************************************************************

 Orbital symmetries:
       Occupied  (AG) (BU) (AG) (BU) (BU) (BU)
       Virtual   (AG) (AG) (AG) (BU) (AG) (BU)
 The electronic state is 1-AG.
 Alpha  occ. eigenvalues --   -0.91694  -0.75039  -0.57217  -0.53836  -0.37662
 Alpha  occ. eigenvalues --    0.01634
 Alpha virt. eigenvalues --   -0.06779   0.05276   0.28992   0.32381   0.51737
 Alpha virt. eigenvalues --    0.59189
          Condensed to atoms (all electrons):
               1          2          3          4          5          6
     1  H    1.490985  -0.280027  -0.062010   0.014780   0.017277  -0.004053
     2  H   -0.280027   1.382555   0.554508  -0.344606  -0.203156   0.054916
     3  H   -0.062010   0.554508   0.685692  -0.180480  -0.088422  -0.000738
     4  H    0.014780  -0.344606  -0.180480   1.315966   0.443816  -0.213652
     5  H    0.017277  -0.203156  -0.088422   0.443816   0.681309   0.069999
     6  H   -0.004053   0.054916  -0.000738  -0.213652   0.069999   1.055234
     7  H    0.001444  -0.007011  -0.002839   0.024066   0.022698  -0.095884
     8  H   -0.006393   0.053979   0.024066  -0.366885  -0.113425   0.496816
     9  H    0.003481  -0.157930  -0.095884   0.496816   0.003138  -0.211290
    10  H   -0.004119   0.015295   0.022698  -0.113425  -0.051281   0.003138
    11  H    0.002574  -0.012682  -0.007011   0.053979   0.015295  -0.157930
    12  H   -0.000520   0.002574   0.001444  -0.006393  -0.004119   0.003481
               7          8          9         10         11         12
     1  H    0.001444  -0.006393   0.003481  -0.004119   0.002574  -0.000520
     2  H   -0.007011   0.053979  -0.157930   0.015295  -0.012682   0.002574
     3  H   -0.002839   0.024066  -0.095884   0.022698  -0.007011   0.001444
     4  H    0.024066  -0.366885   0.496816  -0.113425   0.053979  -0.006393
     5  H    0.022698  -0.113425   0.003138  -0.051281   0.015295  -0.004119
     6  H   -0.095884   0.496816  -0.211290   0.003138  -0.157930   0.003481
     7  H    0.685692  -0.180480  -0.000738  -0.088422   0.554508  -0.062010
     8  H   -0.180480   1.315966  -0.213652   0.443816  -0.344606   0.014780
     9  H   -0.000738  -0.213652   1.055234   0.069999   0.054916  -0.004053
    10  H   -0.088422   0.443816   0.069999   0.681309  -0.203156   0.017277
    11  H    0.554508  -0.344606   0.054916  -0.203156   1.382555  -0.280027
    12  H   -0.062010   0.014780  -0.004053   0.017277  -0.280027   1.490985
 Mulliken charges:
               1
     1  H   -0.173418
     2  H   -0.058414
     3  H    0.148977
     4  H   -0.123981
     5  H    0.206872
     6  H   -0.000035
     7  H    0.148977
     8  H   -0.123981
     9  H   -0.000035
    10  H    0.206872
    11  H   -0.058414
    12  H   -0.173418
 Sum of Mulliken charges =  -0.00000
 Mulliken charges with hydrogens summed into heavy atoms:
               1
 Electronic spatial extent (au):  <R**2>=            181.9546
 Charge=             -0.0000 electrons
 Dipole moment (field-independent basis, Debye):
    X=             -0.0000    Y=              0.0000    Z=              0.0000  Tot=              0.0000
 Quadrupole moment (field-independent basis, Debye-Ang):
   XX=            -14.5884   YY=            -31.6754   ZZ=            -14.8357
   XY=             -7.0086   XZ=              0.0000   YZ=              0.0000
 Traceless Quadrupole moment (field-independent basis, Debye-Ang):
   XX=              5.7781   YY=            -11.3089   ZZ=              5.5308
   XY=             -7.0086   XZ=              0.0000   YZ=              0.0000
 Octapole moment (field-independent basis, Debye-Ang**2):
  XXX=             -0.0000  YYY=             -0.0000  ZZZ=              0.0000  XYY=             -0.0000
  XXY=             -0.0000  XXZ=              0.0000  XZZ=              0.0000  YZZ=             -0.0000
  YYZ=              0.0000  XYZ=              0.0000
 Hexadecapole moment (field-independent basis, Debye-Ang**3):
 XXXX=            -67.5344 YYYY=           -469.1065 ZZZZ=            -17.4567 XXXY=            -36.7110
 XXXZ=              0.0000 YYYX=            -94.7491 YYYZ=              0.0000 ZZZX=              0.0000
 ZZZY=              0.0000 XXYY=            -73.2227 XXZZ=            -14.2943 YYZZ=            -50.6944
 XXYZ=              0.0000 YYXZ=              0.0000 ZZXY=            -10.5207
 N-N= 1.866595461995D+01 E-N=-4.887484797965D+01  KE= 7.051425812758D+00
 Symmetry AG   KE= 1.504476118159D+00
 Symmetry BG   KE= 0.000000000000D+00
 Symmetry AU   KE= 0.000000000000D+00
 Symmetry BU   KE= 5.546949694599D+00

 Test job not archived.
 1\1\GINC-SULU\Stability\RHF\Gen\H12\LCJ1\17-Feb-2017\0\\#rhf/gen scf(s
 ymm,tight,novaracc,noincfock,fulldiag) stable(crhf) guess=read geom=no
 crowd test\\hf stability analysis of h12 triangular lattice, y= 1.1954
 046164231349\\0,1\H\H,1,1.2892853932\H,1,1.2892853932,2,44.\H,2,1.2892
 853932,1,136.,3,0.,0\H,2,1.2892853932,1,180.,3,0.,0\H,4,1.2892853932,3
 ,180.,5,0.,0\H,6,1.2892853932,5,180.,3,0.,0\H,4,1.2892853932,2,180.,3,
 0.,0\H,3,1.2892853932,1,180.,4,0.,0\H,9,1.2892853932,3,180.,4,0.,0\H,8
 ,1.2892853932,4,180.,3,0.,0\H,7,1.2892853932,6,180.,3,0.,0\\Version=ES
 64L-G09RevE.01\State=1-AG\HF=-5.383908\MP2=-5.9719237\RMSD=4.212e-10\D
 ipole=0.,0.,0.\Quadrupole=3.3732479,4.1120083,-7.4852561,0.,-6.1661872
 ,0.\PG=C02H [SGH(H12)]\\@


 EVANS BOLDLY PUT 50 ATM. OF ETHYLENE IN A CELL WITH 25 ATM. OF OXYGEN.
 THE APPARATUS SUBSEQUENTLY BLEW UP, BUT LUCKILY NOT BEFORE HE
 OBTAINED THE SPECTRA SHOWN IN FIGURE 8.
 A.J.MERER AND R.S.MULLIKEN, CHEM.REV. 69, 645 (1969)
 Job cpu time:       0 days  0 hours  0 minutes  1.0 seconds.
 File lengths (MBytes):  RWF=     84 Int=      0 D2E=      0 Chk=      2 Scr=      2
 Normal termination of Gaussian 09 at Fri Feb 17 12:07:11 2017.
