 Entering Gaussian System, Link 0=g09
 AtFile(1): H.gbs
            H     0
            S   10   1.00
               1000.000000000000            0.000068713567
                316.227766000000            0.000169141320
                100.000000000000            0.000823394812
                 31.622776600000            0.003425569236
                 10.000000000000            0.013951996000
                  3.162277660000            0.056909313560
                  1.000000000000            0.198286399900
                  0.316227766000            0.496922426700
                  0.100000000000            0.369846276400
                  0.031622776600            0.003752720039
            ****
 Initial command:
 /projects/guscus/apps/gau/g09-e1/g09/l1.exe "/users/lcj1/gaussian/h12/rhfstability/rect/guess/2au4bu/Gau-30631.inp" -scrdir="/users/lcj1/gaussian/h12/rhfstability/rect/guess/2au4bu/"
 Entering Link 1 = /projects/guscus/apps/gau/g09-e1/g09/l1.exe PID=     30632.
  
 Copyright (c) 1988,1990,1992,1993,1995,1998,2003,2009,2015,
            Gaussian, Inc.  All Rights Reserved.
  
 This is part of the Gaussian(R) 09 program.  It is based on
 the Gaussian(R) 03 system (copyright 2003, Gaussian, Inc.),
 the Gaussian(R) 98 system (copyright 1998, Gaussian, Inc.),
 the Gaussian(R) 94 system (copyright 1995, Gaussian, Inc.),
 the Gaussian 92(TM) system (copyright 1992, Gaussian, Inc.),
 the Gaussian 90(TM) system (copyright 1990, Gaussian, Inc.),
 the Gaussian 88(TM) system (copyright 1988, Gaussian, Inc.),
 the Gaussian 86(TM) system (copyright 1986, Carnegie Mellon
 University), and the Gaussian 82(TM) system (copyright 1983,
 Carnegie Mellon University). Gaussian is a federally registered
 trademark of Gaussian, Inc.
  
 This software contains proprietary and confidential information,
 including trade secrets, belonging to Gaussian, Inc.
  
 This software is provided under written license and may be
 used, copied, transmitted, or stored only in accord with that
 written license.
  
 The following legend is applicable only to US Government
 contracts under FAR:
  
                    RESTRICTED RIGHTS LEGEND
  
 Use, reproduction and disclosure by the US Government is
 subject to restrictions as set forth in subparagraphs (a)
 and (c) of the Commercial Computer Software - Restricted
 Rights clause in FAR 52.227-19.
  
 Gaussian, Inc.
 340 Quinnipiac St., Bldg. 40, Wallingford CT 06492
  
  
 ---------------------------------------------------------------
 Warning -- This program may not be used in any manner that
 competes with the business of Gaussian, Inc. or will provide
 assistance to any competitor of Gaussian, Inc.  The licensee
 of this program is prohibited from giving any competitor of
 Gaussian, Inc. access to this program.  By using this program,
 the user acknowledges that Gaussian, Inc. is engaged in the
 business of creating and licensing software in the field of
 computational chemistry and represents and warrants to the
 licensee that it is not a competitor of Gaussian, Inc. and that
 it will not use this program in any manner prohibited above.
 ---------------------------------------------------------------
  

 Cite this work as:
 Gaussian 09, Revision E.01,
 M. J. Frisch, G. W. Trucks, H. B. Schlegel, G. E. Scuseria, 
 M. A. Robb, J. R. Cheeseman, G. Scalmani, V. Barone, B. Mennucci, 
 G. A. Petersson, H. Nakatsuji, M. Caricato, X. Li, H. P. Hratchian, 
 A. F. Izmaylov, J. Bloino, G. Zheng, J. L. Sonnenberg, M. Hada, 
 M. Ehara, K. Toyota, R. Fukuda, J. Hasegawa, M. Ishida, T. Nakajima, 
 Y. Honda, O. Kitao, H. Nakai, T. Vreven, J. A. Montgomery, Jr., 
 J. E. Peralta, F. Ogliaro, M. Bearpark, J. J. Heyd, E. Brothers, 
 K. N. Kudin, V. N. Staroverov, T. Keith, R. Kobayashi, J. Normand, 
 K. Raghavachari, A. Rendell, J. C. Burant, S. S. Iyengar, J. Tomasi, 
 M. Cossi, N. Rega, J. M. Millam, M. Klene, J. E. Knox, J. B. Cross, 
 V. Bakken, C. Adamo, J. Jaramillo, R. Gomperts, R. E. Stratmann, 
 O. Yazyev, A. J. Austin, R. Cammi, C. Pomelli, J. W. Ochterski, 
 R. L. Martin, K. Morokuma, V. G. Zakrzewski, G. A. Voth, 
 P. Salvador, J. J. Dannenberg, S. Dapprich, A. D. Daniels, 
 O. Farkas, J. B. Foresman, J. V. Ortiz, J. Cioslowski, 
 and D. J. Fox, Gaussian, Inc., Wallingford CT, 2013.
 
 ******************************************
 Gaussian 09:  ES64L-G09RevE.01 30-Nov-2015
                17-Feb-2017 
 ******************************************
 %chk=h12.chk
 ----------------------------------------------------------------------
 #rhf/gen scf(symm,tight,novaracc,noincfock,fulldiag) stable(crhf) gues
 s=read geom=nocrowd test
 ----------------------------------------------------------------------
 1/38=1/1;
 2/12=1,17=6,18=5,40=1/2;
 3/5=7,16=1,25=1,30=1,116=1/1,2,3;
 4/5=1,9=4/1;
 5/5=100002,15=2,16=1,32=2,38=6/2;
 8/6=1,10=90,11=11/1,4;
 9/8=4,13=1/2;
 6/7=2,8=2,9=2,10=2,28=1/1;
 99/5=1,9=1/99;
 ----------------------------------------------------------------------
 hf stability analysis of h12 triangular lattice, y= 1.0879998015825072
 ----------------------------------------------------------------------
 Symbolic Z-matrix:
 Charge =  0 Multiplicity = 1
 H
 H                    1     1.21051 
 H                    1     1.21051  2     52. 
 H                    2     1.21051  1     128.     3     0.       0
 H                    2     1.21051  1     180.     3     0.       0
 H                    4     1.21051  3     180.     5     0.       0
 H                    6     1.21051  5     180.     3     0.       0
 H                    4     1.21051  2     180.     3     0.       0
 H                    3     1.21051  1     180.     4     0.       0
 H                    9     1.21051  3     180.     4     0.       0
 H                    8     1.21051  4     180.     3     0.       0
 H                    7     1.21051  6     180.     3     0.       0
 
                          Input orientation:                          
 ---------------------------------------------------------------------
 Center     Atomic      Atomic             Coordinates (Angstroms)
 Number     Number       Type             X           Y           Z
 ---------------------------------------------------------------------
      1          1           0        0.000000    0.000000    0.000000
      2          1           0        0.000000    0.000000    1.210511
      3          1           0        0.953895    0.000000    0.745265
      4          1           0        0.953895    0.000000    1.955775
      5          1           0        0.000000    0.000000    2.421021
      6          1           0        0.953895    0.000000    3.166286
      7          1           0        1.907791    0.000000    3.911551
      8          1           0        1.907791    0.000000    2.701040
      9          1           0        1.907791    0.000000    1.490530
     10          1           0        2.861686    0.000000    2.235794
     11          1           0        2.861686    0.000000    3.446305
     12          1           0        2.861686    0.000000    4.656816
 ---------------------------------------------------------------------
                    Distance matrix (angstroms):
                    1          2          3          4          5
     1  H    0.000000
     2  H    1.210511   0.000000
     3  H    1.210511   1.061306   0.000000
     4  H    2.176000   1.210511   1.210511   0.000000
     5  H    2.421021   1.210511   1.928231   1.061306   0.000000
     6  H    3.306854   2.176000   2.421021   1.210511   1.210511
     7  H    4.351999   3.306854   3.306854   2.176000   2.421021
     8  H    3.306854   2.421021   2.176000   1.210511   1.928231
     9  H    2.421021   1.928231   1.210511   1.061306   2.122612
    10  H    3.631532   3.039812   2.421021   1.928231   2.867675
    11  H    4.479539   3.631532   3.306854   2.421021   3.039812
    12  H    5.465819   4.479539   4.351999   3.306854   3.631532
                    6          7          8          9         10
     6  H    0.000000
     7  H    1.210511   0.000000
     8  H    1.061306   1.210511   0.000000
     9  H    1.928231   2.421021   1.210511   0.000000
    10  H    2.122612   1.928231   1.061306   1.210511   0.000000
    11  H    1.928231   1.061306   1.210511   2.176000   1.210511
    12  H    2.421021   1.210511   2.176000   3.306854   2.421021
                   11         12
    11  H    0.000000
    12  H    1.210511   0.000000
 Stoichiometry    H12
 Framework group  C2H[SGH(H12)]
 Deg. of freedom    11
 Full point group                 C2H     NOp   4
 Largest Abelian subgroup         C2H     NOp   4
 Largest concise Abelian subgroup C2      NOp   2
                         Standard orientation:                         
 ---------------------------------------------------------------------
 Center     Atomic      Atomic             Coordinates (Angstroms)
 Number     Number       Type             X           Y           Z
 ---------------------------------------------------------------------
      1          1           0        0.953895    2.561031   -0.000000
      2          1           0       -0.000000    1.815766   -0.000000
      3          1           0        0.953895    1.350520   -0.000000
      4          1           0       -0.000000    0.605255   -0.000000
      5          1           0       -0.953895    1.070501   -0.000000
      6          1           0       -0.953895   -0.140009   -0.000000
      7          1           0       -0.953895   -1.350520   -0.000000
      8          1           0       -0.000000   -0.605255   -0.000000
      9          1           0        0.953895    0.140009   -0.000000
     10          1           0        0.953895   -1.070501   -0.000000
     11          1           0       -0.000000   -1.815766   -0.000000
     12          1           0       -0.953895   -2.561031   -0.000000
 ---------------------------------------------------------------------
 Rotational constants (GHZ):     87.7091228     17.9184036     14.8787680
 General basis read from cards:  (5D, 7F)
 There are     6 symmetry adapted cartesian basis functions of AG  symmetry.
 There are     0 symmetry adapted cartesian basis functions of BG  symmetry.
 There are     0 symmetry adapted cartesian basis functions of AU  symmetry.
 There are     6 symmetry adapted cartesian basis functions of BU  symmetry.
 There are     6 symmetry adapted basis functions of AG  symmetry.
 There are     0 symmetry adapted basis functions of BG  symmetry.
 There are     0 symmetry adapted basis functions of AU  symmetry.
 There are     6 symmetry adapted basis functions of BU  symmetry.
    12 basis functions,   120 primitive gaussians,    12 cartesian basis functions
     6 alpha electrons        6 beta electrons
       nuclear repulsion energy        19.1540827287 Hartrees.
 NAtoms=   12 NActive=   12 NUniq=    6 SFac= 4.00D+00 NAtFMM=   60 NAOKFM=F Big=F
 Integral buffers will be    131072 words long.
 Regular integral format.
 Two-electron integral symmetry is turned on.
 One-electron integrals computed using PRISM.
 NBasis=    12 RedAO= T EigKep=  1.90D-01  NBF=     6     0     0     6
 NBsUse=    12 1.00D-06 EigRej= -1.00D+00 NBFU=     6     0     0     6
 Initial guess from the checkpoint file:  "h12.chk"
 B after Tr=     0.000000   -0.000000   -0.000000
         Rot=    0.999982    0.000000   -0.000000   -0.006070 Ang=  -0.70 deg.
 Initial guess orbital symmetries:
       Occupied  (AG) (BU) (BU) (AG) (BU) (BU)
       Virtual   (AG) (AG) (AG) (BU) (BU) (AG)
 Keep R1 ints in memory in symmetry-blocked form, NReq=902804.
 Requested convergence on RMS density matrix=1.00D-08 within 128 cycles.
 Requested convergence on MAX density matrix=1.00D-06.
 Requested convergence on             energy=1.00D-06.
 No special actions if energy rises.
 SCF Done:  E(RHF) =  -5.22028315762     A.U. after   11 cycles
            NFock= 11  Conv=0.36D-08     -V/T= 1.7330
 Range of M.O.s used for correlation:     1    12
 NBasis=    12 NAE=     6 NBE=     6 NFC=     0 NFV=     0
 NROrb=     12 NOA=     6 NOB=     6 NVA=     6 NVB=     6

 **** Warning!!: The smallest alpha delta epsilon is -0.16600426D+00

 Semi-Direct transformation.
 ModeAB=           4 MOrb=             6 LenV=     134085109
 LASXX=         2181 LTotXX=        2181 LenRXX=        5115
 LTotAB=        2934 MaxLAS=        3024 LenRXY=           0
 NonZer=        7296 LenScr=      655360 LnRSAI=        3024
 LnScr1=      655360 LExtra=           0 Total=      1318859
 MaxDsk=          -1 SrtSym=           T ITran=            3
 JobTyp=0 Pass  1:  I=   1 to   6.
 (rs|ai) integrals will be sorted in core.
 Spin components of T(2) and E(2):
     alpha-alpha T2 =       0.1838665000D-01 E2=     -0.1596823435D-01
     alpha-beta  T2 =       0.4073022351D+01 E2=     -0.1700258317D+00
     beta-beta   T2 =       0.1838665000D-01 E2=     -0.1596823435D-01
 ANorm=    0.2260485711D+01
 E2 =    -0.2019623004D+00 EUMP2 =    -0.54222454580538D+01
 Second order stability test of a single determinant RHF wave function:
 Stabil:  MDV=134217728
 ***********************************************************************
 Matrix         Lowest Root    Major Pairs
 ***********************************************************************
 Internal RHF    -0.344589     6A=7A
 RRHF --> CRHF   -0.4062892    6A=7A
 RRHF --> RUHF   -0.6026641    6A=7B
 Not stable.
 ***********************************************************************

 **********************************************************************

            Population analysis using the SCF density.

 **********************************************************************

 Orbital symmetries:
       Occupied  (AG) (BU) (BU) (AG) (BU) (BU)
       Virtual   (AG) (AG) (AG) (BU) (BU) (AG)
 The electronic state is 1-AG.
 Alpha  occ. eigenvalues --   -0.92539  -0.72703  -0.57530  -0.53942  -0.30875
 Alpha  occ. eigenvalues --    0.05100
 Alpha virt. eigenvalues --   -0.11501   0.15411   0.22834   0.38750   0.49178
 Alpha virt. eigenvalues --    0.51950
          Condensed to atoms (all electrons):
               1          2          3          4          5          6
     1  H    0.860239   0.045082   0.287056  -0.088214  -0.032245   0.014543
     2  H    0.045082   2.169693  -0.565062  -0.372239  -0.117680  -0.132414
     3  H    0.287056  -0.565062   1.331013   0.227217   0.003915   0.036314
     4  H   -0.088214  -0.372239   0.227217   1.248095   0.324574   0.034545
     5  H   -0.032245  -0.117680   0.003915   0.324574   0.468804   0.163374
     6  H    0.014543  -0.132414   0.036314   0.034545   0.163374   1.189233
     7  H   -0.001183   0.053779  -0.035541  -0.106180  -0.014456  -0.247120
     8  H    0.010318   0.070711  -0.106180  -0.362155  -0.078895   0.170759
     9  H   -0.081592   0.122715  -0.247120   0.170759  -0.030659  -0.219418
    10  H    0.002911   0.006858  -0.014456  -0.078895  -0.026936  -0.030659
    11  H    0.001974  -0.039974   0.053779   0.070711   0.006858   0.122715
    12  H   -0.000464   0.001974  -0.001183   0.010318   0.002911  -0.081592
               7          8          9         10         11         12
     1  H   -0.001183   0.010318  -0.081592   0.002911   0.001974  -0.000464
     2  H    0.053779   0.070711   0.122715   0.006858  -0.039974   0.001974
     3  H   -0.035541  -0.106180  -0.247120  -0.014456   0.053779  -0.001183
     4  H   -0.106180  -0.362155   0.170759  -0.078895   0.070711   0.010318
     5  H   -0.014456  -0.078895  -0.030659  -0.026936   0.006858   0.002911
     6  H   -0.247120   0.170759  -0.219418  -0.030659   0.122715  -0.081592
     7  H    1.331013   0.227217   0.036314   0.003915  -0.565062   0.287056
     8  H    0.227217   1.248095   0.034545   0.324574  -0.372239  -0.088214
     9  H    0.036314   0.034545   1.189233   0.163374  -0.132414   0.014543
    10  H    0.003915   0.324574   0.163374   0.468804  -0.117680  -0.032245
    11  H   -0.565062  -0.372239  -0.132414  -0.117680   2.169693   0.045082
    12  H    0.287056  -0.088214   0.014543  -0.032245   0.045082   0.860239
 Mulliken charges:
               1
     1  H   -0.018426
     2  H   -0.243443
     3  H    0.030249
     4  H   -0.078536
     5  H    0.330436
     6  H   -0.020280
     7  H    0.030249
     8  H   -0.078536
     9  H   -0.020280
    10  H    0.330436
    11  H   -0.243443
    12  H   -0.018426
 Sum of Mulliken charges =   0.00000
 Mulliken charges with hydrogens summed into heavy atoms:
               1
 Electronic spatial extent (au):  <R**2>=            160.6478
 Charge=              0.0000 electrons
 Dipole moment (field-independent basis, Debye):
    X=             -0.0000    Y=              0.0000    Z=              0.0000  Tot=              0.0000
 Quadrupole moment (field-independent basis, Debye-Ang):
   XX=            -14.4667   YY=            -24.8773   ZZ=            -14.8517
   XY=             -4.4341   XZ=              0.0000   YZ=              0.0000
 Traceless Quadrupole moment (field-independent basis, Debye-Ang):
   XX=              3.5985   YY=             -6.8121   ZZ=              3.2135
   XY=             -4.4341   XZ=              0.0000   YZ=              0.0000
 Octapole moment (field-independent basis, Debye-Ang**2):
  XXX=             -0.0000  YYY=             -0.0000  ZZZ=              0.0000  XYY=              0.0000
  XXY=              0.0000  XXZ=              0.0000  XZZ=              0.0000  YZZ=             -0.0000
  YYZ=              0.0000  XYZ=              0.0000
 Hexadecapole moment (field-independent basis, Debye-Ang**3):
 XXXX=            -75.2118 YYYY=           -293.5315 ZZZZ=            -17.4682 XXXY=            -33.0914
 XXXZ=              0.0000 YYYX=            -36.6357 YYYZ=              0.0000 ZZZX=              0.0000
 ZZZY=              0.0000 XXYY=            -53.2117 XXZZ=            -15.4228 YYZZ=            -42.7169
 XXYZ=              0.0000 YYXZ=              0.0000 ZZXY=             -8.7614
 N-N= 1.915408272874D+01 E-N=-4.982086892686D+01  KE= 7.121944554952D+00
 Symmetry AG   KE= 1.473638541940D+00
 Symmetry BG   KE= 0.000000000000D+00
 Symmetry AU   KE= 0.000000000000D+00
 Symmetry BU   KE= 5.648306013012D+00

 Test job not archived.
 1\1\GINC-SULU\Stability\RHF\Gen\H12\LCJ1\17-Feb-2017\0\\#rhf/gen scf(s
 ymm,tight,novaracc,noincfock,fulldiag) stable(crhf) guess=read geom=no
 crowd test\\hf stability analysis of h12 triangular lattice, y= 1.0879
 998015825072\\0,1\H\H,1,1.2105106721\H,1,1.2105106721,2,52.\H,2,1.2105
 106721,1,128.,3,0.,0\H,2,1.2105106721,1,180.,3,0.,0\H,4,1.2105106721,3
 ,180.,5,0.,0\H,6,1.2105106721,5,180.,3,0.,0\H,4,1.2105106721,2,180.,3,
 0.,0\H,3,1.2105106721,1,180.,4,0.,0\H,9,1.2105106721,3,180.,4,0.,0\H,8
 ,1.2105106721,4,180.,3,0.,0\H,7,1.2105106721,6,180.,3,0.,0\\Version=ES
 64L-G09RevE.01\State=1-AG\HF=-5.2202832\MP2=-5.4222455\RMSD=3.582e-09\
 Dipole=0.,0.,0.\Quadrupole=1.0678662,2.3891687,-3.457035,0.,-4.5525807
 ,0.\PG=C02H [SGH(H12)]\\@


 BUT 'GLORY' DOESN'T MEAN 'A NICE KNOCK DOWN ARGUMENT', ALICE OBJECTED.
 WHEN I USE A WORD, HUMPTY DUMPTY SAID, IN A RATHER SCORNFUL TONE,
 IT MEANS JUST WHAT I CHOOSE IT TO MEAN....
 NEITHER MORE NOR LESS....
 THE QUESTION IS, SAID ALICE,
 WHETHER YOU CAN MAKE WORDS MEAN SO MANY DIFFERENT THINGS...
 THE QUESTION IS, SAID HUMPTY DUMPTY,
 WHICH IS TO BE MASTER....
 THAT IS ALL.....

 ALICE THROUGH THE LOOKING GLASS
 Job cpu time:       0 days  0 hours  0 minutes  1.0 seconds.
 File lengths (MBytes):  RWF=     84 Int=      0 D2E=      0 Chk=      2 Scr=      2
 Normal termination of Gaussian 09 at Fri Feb 17 12:07:01 2017.
