 Entering Gaussian System, Link 0=g09
 AtFile(1): H.gbs
            H     0
            S   10   1.00
               1000.000000000000            0.000068713567
                316.227766000000            0.000169141320
                100.000000000000            0.000823394812
                 31.622776600000            0.003425569236
                 10.000000000000            0.013951996000
                  3.162277660000            0.056909313560
                  1.000000000000            0.198286399900
                  0.316227766000            0.496922426700
                  0.100000000000            0.369846276400
                  0.031622776600            0.003752720039
            ****
 Initial command:
 /projects/guscus/apps/gau/g09-e1/g09/l1.exe "/users/lcj1/gaussian/h12/rhfstability/rect/guess/2au4bu/Gau-29986.inp" -scrdir="/users/lcj1/gaussian/h12/rhfstability/rect/guess/2au4bu/"
 Entering Link 1 = /projects/guscus/apps/gau/g09-e1/g09/l1.exe PID=     29987.
  
 Copyright (c) 1988,1990,1992,1993,1995,1998,2003,2009,2015,
            Gaussian, Inc.  All Rights Reserved.
  
 This is part of the Gaussian(R) 09 program.  It is based on
 the Gaussian(R) 03 system (copyright 2003, Gaussian, Inc.),
 the Gaussian(R) 98 system (copyright 1998, Gaussian, Inc.),
 the Gaussian(R) 94 system (copyright 1995, Gaussian, Inc.),
 the Gaussian 92(TM) system (copyright 1992, Gaussian, Inc.),
 the Gaussian 90(TM) system (copyright 1990, Gaussian, Inc.),
 the Gaussian 88(TM) system (copyright 1988, Gaussian, Inc.),
 the Gaussian 86(TM) system (copyright 1986, Carnegie Mellon
 University), and the Gaussian 82(TM) system (copyright 1983,
 Carnegie Mellon University). Gaussian is a federally registered
 trademark of Gaussian, Inc.
  
 This software contains proprietary and confidential information,
 including trade secrets, belonging to Gaussian, Inc.
  
 This software is provided under written license and may be
 used, copied, transmitted, or stored only in accord with that
 written license.
  
 The following legend is applicable only to US Government
 contracts under FAR:
  
                    RESTRICTED RIGHTS LEGEND
  
 Use, reproduction and disclosure by the US Government is
 subject to restrictions as set forth in subparagraphs (a)
 and (c) of the Commercial Computer Software - Restricted
 Rights clause in FAR 52.227-19.
  
 Gaussian, Inc.
 340 Quinnipiac St., Bldg. 40, Wallingford CT 06492
  
  
 ---------------------------------------------------------------
 Warning -- This program may not be used in any manner that
 competes with the business of Gaussian, Inc. or will provide
 assistance to any competitor of Gaussian, Inc.  The licensee
 of this program is prohibited from giving any competitor of
 Gaussian, Inc. access to this program.  By using this program,
 the user acknowledges that Gaussian, Inc. is engaged in the
 business of creating and licensing software in the field of
 computational chemistry and represents and warrants to the
 licensee that it is not a competitor of Gaussian, Inc. and that
 it will not use this program in any manner prohibited above.
 ---------------------------------------------------------------
  

 Cite this work as:
 Gaussian 09, Revision E.01,
 M. J. Frisch, G. W. Trucks, H. B. Schlegel, G. E. Scuseria, 
 M. A. Robb, J. R. Cheeseman, G. Scalmani, V. Barone, B. Mennucci, 
 G. A. Petersson, H. Nakatsuji, M. Caricato, X. Li, H. P. Hratchian, 
 A. F. Izmaylov, J. Bloino, G. Zheng, J. L. Sonnenberg, M. Hada, 
 M. Ehara, K. Toyota, R. Fukuda, J. Hasegawa, M. Ishida, T. Nakajima, 
 Y. Honda, O. Kitao, H. Nakai, T. Vreven, J. A. Montgomery, Jr., 
 J. E. Peralta, F. Ogliaro, M. Bearpark, J. J. Heyd, E. Brothers, 
 K. N. Kudin, V. N. Staroverov, T. Keith, R. Kobayashi, J. Normand, 
 K. Raghavachari, A. Rendell, J. C. Burant, S. S. Iyengar, J. Tomasi, 
 M. Cossi, N. Rega, J. M. Millam, M. Klene, J. E. Knox, J. B. Cross, 
 V. Bakken, C. Adamo, J. Jaramillo, R. Gomperts, R. E. Stratmann, 
 O. Yazyev, A. J. Austin, R. Cammi, C. Pomelli, J. W. Ochterski, 
 R. L. Martin, K. Morokuma, V. G. Zakrzewski, G. A. Voth, 
 P. Salvador, J. J. Dannenberg, S. Dapprich, A. D. Daniels, 
 O. Farkas, J. B. Foresman, J. V. Ortiz, J. Cioslowski, 
 and D. J. Fox, Gaussian, Inc., Wallingford CT, 2013.
 
 ******************************************
 Gaussian 09:  ES64L-G09RevE.01 30-Nov-2015
                17-Feb-2017 
 ******************************************
 %chk=h12.chk
 ----------------------------------------------------------------------
 #rhf/gen scf(symm,tight,novaracc,noincfock,fulldiag) stable(crhf) gues
 s=read geom=nocrowd test
 ----------------------------------------------------------------------
 1/38=1/1;
 2/12=1,17=6,18=5,40=1/2;
 3/5=7,16=1,25=1,30=1,116=1/1,2,3;
 4/5=1,9=4/1;
 5/5=100002,15=2,16=1,32=2,38=6/2;
 8/6=1,10=90,11=11/1,4;
 9/8=4,13=1/2;
 6/7=2,8=2,9=2,10=2,28=1/1;
 99/5=1,9=1/99;
 ----------------------------------------------------------------------
 hf stability analysis of h12 triangular lattice, y= 0.8007574317254395
 6
 ----------------------------------------------------------------------
 Symbolic Z-matrix:
 Charge =  0 Multiplicity = 1
 H
 H                    1     1.07753 
 H                    1     1.07753  2     84. 
 H                    2     1.07753  1     96.      3     0.       0
 H                    2     1.07753  1     180.     3     0.       0
 H                    4     1.07753  3     180.     5     0.       0
 H                    6     1.07753  5     180.     3     0.       0
 H                    4     1.07753  2     180.     3     0.       0
 H                    3     1.07753  1     180.     4     0.       0
 H                    9     1.07753  3     180.     4     0.       0
 H                    8     1.07753  4     180.     3     0.       0
 H                    7     1.07753  6     180.     3     0.       0
 
                          Input orientation:                          
 ---------------------------------------------------------------------
 Center     Atomic      Atomic             Coordinates (Angstroms)
 Number     Number       Type             X           Y           Z
 ---------------------------------------------------------------------
      1          1           0        0.000000    0.000000    0.000000
      2          1           0        0.000000    0.000000    1.077525
      3          1           0        1.071623    0.000000    0.112632
      4          1           0        1.071623    0.000000    1.190157
      5          1           0        0.000000    0.000000    2.155051
      6          1           0        1.071623    0.000000    2.267683
      7          1           0        2.143245    0.000000    2.380315
      8          1           0        2.143245    0.000000    1.302790
      9          1           0        2.143245    0.000000    0.225264
     10          1           0        3.214868    0.000000    0.337896
     11          1           0        3.214868    0.000000    1.415422
     12          1           0        3.214868    0.000000    2.492947
 ---------------------------------------------------------------------
                    Distance matrix (angstroms):
                    1          2          3          4          5
     1  H    0.000000
     2  H    1.077525   0.000000
     3  H    1.077525   1.442010   0.000000
     4  H    1.601515   1.077525   1.077525   0.000000
     5  H    2.155051   1.077525   2.306480   1.442010   0.000000
     6  H    2.508139   1.601515   2.155051   1.077525   1.077525
     7  H    3.203030   2.508139   2.508139   1.601515   2.155051
     8  H    2.508139   2.155051   1.601515   1.077525   2.306480
     9  H    2.155051   2.306480   1.077525   1.442010   2.884021
    10  H    3.232576   3.298852   2.155051   2.306480   3.692888
    11  H    3.512662   3.232576   2.508139   2.155051   3.298852
    12  H    4.068189   3.512662   3.203030   2.508139   3.232576
                    6          7          8          9         10
     6  H    0.000000
     7  H    1.077525   0.000000
     8  H    1.442010   1.077525   0.000000
     9  H    2.306480   2.155051   1.077525   0.000000
    10  H    2.884021   2.306480   1.442010   1.077525   0.000000
    11  H    2.306480   1.442010   1.077525   1.601515   1.077525
    12  H    2.155051   1.077525   1.601515   2.508139   2.155051
                   11         12
    11  H    0.000000
    12  H    1.077525   0.000000
 Stoichiometry    H12
 Framework group  C2H[SGH(H12)]
 Deg. of freedom    11
 Full point group                 C2H     NOp   4
 Largest Abelian subgroup         C2H     NOp   4
 Largest concise Abelian subgroup C2      NOp   2
                         Standard orientation:                         
 ---------------------------------------------------------------------
 Center     Atomic      Atomic             Coordinates (Angstroms)
 Number     Number       Type             X           Y           Z
 ---------------------------------------------------------------------
      1          1           0        1.071623    1.728920   -0.000000
      2          1           0        0.000000    1.616288   -0.000000
      3          1           0        1.071623    0.651395   -0.000000
      4          1           0        0.000000    0.538763   -0.000000
      5          1           0       -1.071623    1.503656    0.000000
      6          1           0       -1.071623    0.426131    0.000000
      7          1           0       -1.071623   -0.651395   -0.000000
      8          1           0       -0.000000   -0.538763   -0.000000
      9          1           0        1.071623   -0.426131   -0.000000
     10          1           0        1.071623   -1.503656   -0.000000
     11          1           0       -0.000000   -1.616288   -0.000000
     12          1           0       -1.071623   -1.728920   -0.000000
 ---------------------------------------------------------------------
 Rotational constants (GHZ):     55.2473802     28.4467352     18.7779940
 General basis read from cards:  (5D, 7F)
 There are     6 symmetry adapted cartesian basis functions of AG  symmetry.
 There are     0 symmetry adapted cartesian basis functions of BG  symmetry.
 There are     0 symmetry adapted cartesian basis functions of AU  symmetry.
 There are     6 symmetry adapted cartesian basis functions of BU  symmetry.
 There are     6 symmetry adapted basis functions of AG  symmetry.
 There are     0 symmetry adapted basis functions of BG  symmetry.
 There are     0 symmetry adapted basis functions of AU  symmetry.
 There are     6 symmetry adapted basis functions of BU  symmetry.
    12 basis functions,   120 primitive gaussians,    12 cartesian basis functions
     6 alpha electrons        6 beta electrons
       nuclear repulsion energy        20.1555571291 Hartrees.
 NAtoms=   12 NActive=   12 NUniq=    6 SFac= 4.00D+00 NAtFMM=   60 NAOKFM=F Big=F
 Integral buffers will be    131072 words long.
 Regular integral format.
 Two-electron integral symmetry is turned on.
 One-electron integrals computed using PRISM.
 NBasis=    12 RedAO= T EigKep=  1.10D-01  NBF=     6     0     0     6
 NBsUse=    12 1.00D-06 EigRej= -1.00D+00 NBFU=     6     0     0     6
 Initial guess from the checkpoint file:  "h12.chk"
 B after Tr=     0.000000    0.000000    0.000000
         Rot=    0.999982   -0.000000   -0.000000   -0.006070 Ang=  -0.70 deg.
 Initial guess orbital symmetries:
       Occupied  (AG) (BU) (BU) (AG) (BU) (BU)
       Virtual   (AG) (AG) (BU) (AG) (AG) (BU)
 Keep R1 ints in memory in symmetry-blocked form, NReq=903672.
 Requested convergence on RMS density matrix=1.00D-08 within 128 cycles.
 Requested convergence on MAX density matrix=1.00D-06.
 Requested convergence on             energy=1.00D-06.
 No special actions if energy rises.
 SCF Done:  E(RHF) =  -5.02852995486     A.U. after   12 cycles
            NFock= 12  Conv=0.15D-08     -V/T= 1.6614
 Range of M.O.s used for correlation:     1    12
 NBasis=    12 NAE=     6 NBE=     6 NFC=     0 NFV=     0
 NROrb=     12 NOA=     6 NOB=     6 NVA=     6 NVB=     6

 **** Warning!!: The smallest alpha delta epsilon is -0.10591928D+00

 Semi-Direct transformation.
 ModeAB=           4 MOrb=             6 LenV=     134084479
 LASXX=         2181 LTotXX=        2181 LenRXX=        5115
 LTotAB=        2934 MaxLAS=        3024 LenRXY=           0
 NonZer=        7296 LenScr=      655360 LnRSAI=        3024
 LnScr1=      655360 LExtra=           0 Total=      1318859
 MaxDsk=          -1 SrtSym=           T ITran=            3
 JobTyp=0 Pass  1:  I=   1 to   6.
 (rs|ai) integrals will be sorted in core.
 Spin components of T(2) and E(2):
     alpha-alpha T2 =       0.1419054629D-01 E2=     -0.1620658146D-01
     alpha-beta  T2 =       0.7293309797D+00 E2=     -0.1197229161D+00
     beta-beta   T2 =       0.1419054629D-01 E2=     -0.1620658146D-01
 ANorm=    0.1325787341D+01
 E2 =    -0.1521360791D+00 EUMP2 =    -0.51806660339127D+01
 Second order stability test of a single determinant RHF wave function:
 Stabil:  MDV=134217728
 ***********************************************************************
 Matrix         Lowest Root    Major Pairs
 ***********************************************************************
 Internal RHF    -0.3191568    6A=7A 5A=7A
 RRHF --> CRHF   -0.3643114    6A=7A 5A=7A
 RRHF --> RUHF   -0.5305197    6A=7B 5A=7B 6A=8B 3A=7B 4A=9B
 Not stable.
 ***********************************************************************

 **********************************************************************

            Population analysis using the SCF density.

 **********************************************************************

 Orbital symmetries:
       Occupied  (AG) (BU) (BU) (AG) (BU) (BU)
       Virtual   (AG) (AG) (BU) (AG) (AG) (BU)
 The electronic state is 1-AG.
 Alpha  occ. eigenvalues --   -0.90393  -0.72506  -0.60639  -0.49530  -0.16551
 Alpha  occ. eigenvalues --   -0.11450
 Alpha virt. eigenvalues --   -0.22042   0.06678   0.28544   0.44872   0.59079
 Alpha virt. eigenvalues --    0.98653
          Condensed to atoms (all electrons):
               1          2          3          4          5          6
     1  H    1.401026   0.367185  -0.355060  -0.237958  -0.071022   0.005953
     2  H    0.367185   0.894506  -0.123422  -0.381260   0.352554  -0.182116
     3  H   -0.355060  -0.123422   0.938185   0.577636  -0.010173   0.004999
     4  H   -0.237958  -0.381260   0.577636   1.873867  -0.229265   0.617094
     5  H   -0.071022   0.352554  -0.010173  -0.229265   1.216236  -0.487740
     6  H    0.005953  -0.182116   0.004999   0.617094  -0.487740   1.416231
     7  H    0.021022   0.019330  -0.092855  -0.251385  -0.000565   0.113891
     8  H    0.039865   0.054741  -0.251385  -0.776872   0.057516  -0.249630
     9  H   -0.080131   0.014622   0.113891  -0.249630   0.044323  -0.150519
    10  H    0.031220  -0.007153  -0.000565   0.057516  -0.021400   0.044323
    11  H    0.001287  -0.001229   0.019330   0.054741  -0.007153   0.014622
    12  H   -0.009895   0.001287   0.021022   0.039865   0.031220  -0.080131
               7          8          9         10         11         12
     1  H    0.021022   0.039865  -0.080131   0.031220   0.001287  -0.009895
     2  H    0.019330   0.054741   0.014622  -0.007153  -0.001229   0.001287
     3  H   -0.092855  -0.251385   0.113891  -0.000565   0.019330   0.021022
     4  H   -0.251385  -0.776872  -0.249630   0.057516   0.054741   0.039865
     5  H   -0.000565   0.057516   0.044323  -0.021400  -0.007153   0.031220
     6  H    0.113891  -0.249630  -0.150519   0.044323   0.014622  -0.080131
     7  H    0.938185   0.577636   0.004999  -0.010173  -0.123422  -0.355060
     8  H    0.577636   1.873867   0.617094  -0.229265  -0.381260  -0.237958
     9  H    0.004999   0.617094   1.416231  -0.487740  -0.182116   0.005953
    10  H   -0.010173  -0.229265  -0.487740   1.216236   0.352554  -0.071022
    11  H   -0.123422  -0.381260  -0.182116   0.352554   0.894506   0.367185
    12  H   -0.355060  -0.237958   0.005953  -0.071022   0.367185   1.401026
 Mulliken charges:
               1
     1  H   -0.113493
     2  H   -0.009046
     3  H    0.158396
     4  H   -0.094349
     5  H    0.125468
     6  H   -0.066977
     7  H    0.158396
     8  H   -0.094349
     9  H   -0.066977
    10  H    0.125468
    11  H   -0.009046
    12  H   -0.113493
 Sum of Mulliken charges =   0.00000
 Mulliken charges with hydrogens summed into heavy atoms:
               1
 Electronic spatial extent (au):  <R**2>=            133.5021
 Charge=              0.0000 electrons
 Dipole moment (field-independent basis, Debye):
    X=              0.0000    Y=             -0.0000    Z=              0.0000  Tot=              0.0000
 Quadrupole moment (field-independent basis, Debye-Ang):
   XX=            -12.4381   YY=            -24.4205   ZZ=            -14.4396
   XY=             -2.6758   XZ=             -0.0000   YZ=             -0.0000
 Traceless Quadrupole moment (field-independent basis, Debye-Ang):
   XX=              4.6613   YY=             -7.3211   ZZ=              2.6598
   XY=             -2.6758   XZ=             -0.0000   YZ=             -0.0000
 Octapole moment (field-independent basis, Debye-Ang**2):
  XXX=             -0.0000  YYY=             -0.0000  ZZZ=              0.0000  XYY=             -0.0000
  XXY=             -0.0000  XXZ=              0.0000  XZZ=              0.0000  YZZ=             -0.0000
  YYZ=              0.0000  XYZ=              0.0000
 Hexadecapole moment (field-independent basis, Debye-Ang**3):
 XXXX=            -76.8207 YYYY=           -230.1833 ZZZZ=            -16.6929 XXXY=             -8.4742
 XXXZ=              0.0000 YYYX=            -18.4540 YYYZ=             -0.0000 ZZZX=              0.0000
 ZZZY=             -0.0000 XXYY=            -45.9086 XXZZ=            -16.4087 YYZZ=            -31.0352
 XXYZ=             -0.0000 YYXZ=              0.0000 ZZXY=             -1.9995
 N-N= 2.015555712905D+01 E-N=-5.194919228389D+01  KE= 7.602397443979D+00
 Symmetry AG   KE= 1.688243879950D+00
 Symmetry BG   KE= 0.000000000000D+00
 Symmetry AU   KE= 0.000000000000D+00
 Symmetry BU   KE= 5.914153564029D+00

 Test job not archived.
 1\1\GINC-SULU\Stability\RHF\Gen\H12\LCJ1\17-Feb-2017\0\\#rhf/gen scf(s
 ymm,tight,novaracc,noincfock,fulldiag) stable(crhf) guess=read geom=no
 crowd test\\hf stability analysis of h12 triangular lattice, y= 0.8007
 5743172543956\\0,1\H\H,1,1.077525386\H,1,1.077525386,2,84.\H,2,1.07752
 5386,1,96.,3,0.,0\H,2,1.077525386,1,180.,3,0.,0\H,4,1.077525386,3,180.
 ,5,0.,0\H,6,1.077525386,5,180.,3,0.,0\H,4,1.077525386,2,180.,3,0.,0\H,
 3,1.077525386,1,180.,4,0.,0\H,9,1.077525386,3,180.,4,0.,0\H,8,1.077525
 386,4,180.,3,0.,0\H,7,1.077525386,6,180.,3,0.,0\\Version=ES64L-G09RevE
 .01\State=1-AG\HF=-5.02853\MP2=-5.180666\RMSD=1.494e-09\Dipole=0.,0.,0
 .\Quadrupole=-4.9320965,1.9774799,2.9546166,0.,-2.8720011,0.\PG=C02H [
 SGH(H12)]\\@


 THE SOLUTION TO A PROBLEM CHANGES THE PROBLEM.

                                 -- JOHN PEERS
           PAUL DICKSON'S "THE OFFICIAL RULES"
 Job cpu time:       0 days  0 hours  0 minutes  1.0 seconds.
 File lengths (MBytes):  RWF=     84 Int=      0 D2E=      0 Chk=      2 Scr=      2
 Normal termination of Gaussian 09 at Fri Feb 17 12:06:21 2017.
