 Entering Gaussian System, Link 0=g09
 AtFile(1): H.gbs
            H     0
            S   10   1.00
               1000.000000000000            0.000068713567
                316.227766000000            0.000169141320
                100.000000000000            0.000823394812
                 31.622776600000            0.003425569236
                 10.000000000000            0.013951996000
                  3.162277660000            0.056909313560
                  1.000000000000            0.198286399900
                  0.316227766000            0.496922426700
                  0.100000000000            0.369846276400
                  0.031622776600            0.003752720039
            ****
 Initial command:
 /projects/guscus/apps/gau/g09-e1/g09/l1.exe "/users/lcj1/gaussian/h12/rhfstability/rect/guess/2au4bu/Gau-29014.inp" -scrdir="/users/lcj1/gaussian/h12/rhfstability/rect/guess/2au4bu/"
 Entering Link 1 = /projects/guscus/apps/gau/g09-e1/g09/l1.exe PID=     29015.
  
 Copyright (c) 1988,1990,1992,1993,1995,1998,2003,2009,2015,
            Gaussian, Inc.  All Rights Reserved.
  
 This is part of the Gaussian(R) 09 program.  It is based on
 the Gaussian(R) 03 system (copyright 2003, Gaussian, Inc.),
 the Gaussian(R) 98 system (copyright 1998, Gaussian, Inc.),
 the Gaussian(R) 94 system (copyright 1995, Gaussian, Inc.),
 the Gaussian 92(TM) system (copyright 1992, Gaussian, Inc.),
 the Gaussian 90(TM) system (copyright 1990, Gaussian, Inc.),
 the Gaussian 88(TM) system (copyright 1988, Gaussian, Inc.),
 the Gaussian 86(TM) system (copyright 1986, Carnegie Mellon
 University), and the Gaussian 82(TM) system (copyright 1983,
 Carnegie Mellon University). Gaussian is a federally registered
 trademark of Gaussian, Inc.
  
 This software contains proprietary and confidential information,
 including trade secrets, belonging to Gaussian, Inc.
  
 This software is provided under written license and may be
 used, copied, transmitted, or stored only in accord with that
 written license.
  
 The following legend is applicable only to US Government
 contracts under FAR:
  
                    RESTRICTED RIGHTS LEGEND
  
 Use, reproduction and disclosure by the US Government is
 subject to restrictions as set forth in subparagraphs (a)
 and (c) of the Commercial Computer Software - Restricted
 Rights clause in FAR 52.227-19.
  
 Gaussian, Inc.
 340 Quinnipiac St., Bldg. 40, Wallingford CT 06492
  
  
 ---------------------------------------------------------------
 Warning -- This program may not be used in any manner that
 competes with the business of Gaussian, Inc. or will provide
 assistance to any competitor of Gaussian, Inc.  The licensee
 of this program is prohibited from giving any competitor of
 Gaussian, Inc. access to this program.  By using this program,
 the user acknowledges that Gaussian, Inc. is engaged in the
 business of creating and licensing software in the field of
 computational chemistry and represents and warrants to the
 licensee that it is not a competitor of Gaussian, Inc. and that
 it will not use this program in any manner prohibited above.
 ---------------------------------------------------------------
  

 Cite this work as:
 Gaussian 09, Revision E.01,
 M. J. Frisch, G. W. Trucks, H. B. Schlegel, G. E. Scuseria, 
 M. A. Robb, J. R. Cheeseman, G. Scalmani, V. Barone, B. Mennucci, 
 G. A. Petersson, H. Nakatsuji, M. Caricato, X. Li, H. P. Hratchian, 
 A. F. Izmaylov, J. Bloino, G. Zheng, J. L. Sonnenberg, M. Hada, 
 M. Ehara, K. Toyota, R. Fukuda, J. Hasegawa, M. Ishida, T. Nakajima, 
 Y. Honda, O. Kitao, H. Nakai, T. Vreven, J. A. Montgomery, Jr., 
 J. E. Peralta, F. Ogliaro, M. Bearpark, J. J. Heyd, E. Brothers, 
 K. N. Kudin, V. N. Staroverov, T. Keith, R. Kobayashi, J. Normand, 
 K. Raghavachari, A. Rendell, J. C. Burant, S. S. Iyengar, J. Tomasi, 
 M. Cossi, N. Rega, J. M. Millam, M. Klene, J. E. Knox, J. B. Cross, 
 V. Bakken, C. Adamo, J. Jaramillo, R. Gomperts, R. E. Stratmann, 
 O. Yazyev, A. J. Austin, R. Cammi, C. Pomelli, J. W. Ochterski, 
 R. L. Martin, K. Morokuma, V. G. Zakrzewski, G. A. Voth, 
 P. Salvador, J. J. Dannenberg, S. Dapprich, A. D. Daniels, 
 O. Farkas, J. B. Foresman, J. V. Ortiz, J. Cioslowski, 
 and D. J. Fox, Gaussian, Inc., Wallingford CT, 2013.
 
 ******************************************
 Gaussian 09:  ES64L-G09RevE.01 30-Nov-2015
                17-Feb-2017 
 ******************************************
 %chk=h12.chk
 ----------------------------------------------------------------------
 #rhf/gen scf(symm,tight,novaracc,noincfock,fulldiag) stable(crhf) gues
 s=read geom=nocrowd test
 ----------------------------------------------------------------------
 1/38=1/1;
 2/12=1,17=6,18=5,40=1/2;
 3/5=7,16=1,25=1,30=1,116=1/1,2,3;
 4/5=1,9=4/1;
 5/5=100002,15=2,16=1,32=2,38=6/2;
 8/6=1,10=90,11=11/1,4;
 9/8=4,13=1/2;
 6/7=2,8=2,9=2,10=2,28=1/1;
 99/5=1,9=1/99;
 ----------------------------------------------------------------------
 hf stability analysis of h12 triangular lattice, y= 0.5070038553873883
 5
 ----------------------------------------------------------------------
 Symbolic Z-matrix:
 Charge =  0 Multiplicity = 1
 H
 H                    1     1.24652 
 H                    1     1.24652  2     132. 
 H                    2     1.24652  1     48.      3     0.       0
 H                    2     1.24652  1     180.     3     0.       0
 H                    4     1.24652  3     180.     5     0.       0
 H                    6     1.24652  5     180.     3     0.       0
 H                    4     1.24652  2     180.     3     0.       0
 H                    3     1.24652  1     180.     4     0.       0
 H                    9     1.24652  3     180.     4     0.       0
 H                    8     1.24652  4     180.     3     0.       0
 H                    7     1.24652  6     180.     3     0.       0
 
                          Input orientation:                          
 ---------------------------------------------------------------------
 Center     Atomic      Atomic             Coordinates (Angstroms)
 Number     Number       Type             X           Y           Z
 ---------------------------------------------------------------------
      1          1           0        0.000000    0.000000    0.000000
      2          1           0        0.000000    0.000000    1.246516
      3          1           0        0.926342    0.000000   -0.834082
      4          1           0        0.926342    0.000000    0.412434
      5          1           0        0.000000    0.000000    2.493033
      6          1           0        0.926342    0.000000    1.658950
      7          1           0        1.852684    0.000000    0.824868
      8          1           0        1.852684    0.000000   -0.421648
      9          1           0        1.852684    0.000000   -1.668164
     10          1           0        2.779026    0.000000   -2.502247
     11          1           0        2.779026    0.000000   -1.255730
     12          1           0        2.779026    0.000000   -0.009214
 ---------------------------------------------------------------------
                    Distance matrix (angstroms):
                    1          2          3          4          5
     1  H    0.000000
     2  H    1.246516   0.000000
     3  H    1.246516   2.277499   0.000000
     4  H    1.014008   1.246516   1.246516   0.000000
     5  H    2.493033   1.246516   3.453665   2.277499   0.000000
     6  H    1.900059   1.014008   2.493033   1.246516   1.246516
     7  H    2.028015   1.900059   1.900059   1.014008   2.493033
     8  H    1.900059   2.493033   1.014008   1.246516   3.453665
     9  H    2.493033   3.453665   1.246516   2.277499   4.554997
    10  H    3.739549   4.666499   2.493033   3.453665   5.716275
    11  H    3.049565   3.739549   1.900059   2.493033   4.666499
    12  H    2.779042   3.049565   2.028015   1.900059   3.739549
                    6          7          8          9         10
     6  H    0.000000
     7  H    1.246516   0.000000
     8  H    2.277499   1.246516   0.000000
     9  H    3.453665   2.493033   1.246516   0.000000
    10  H    4.554997   3.453665   2.277499   1.246516   0.000000
    11  H    3.453665   2.277499   1.246516   1.014008   1.246516
    12  H    2.493033   1.246516   1.014008   1.900059   2.493033
                   11         12
    11  H    0.000000
    12  H    1.246516   0.000000
 Stoichiometry    H12
 Framework group  C2H[SGH(H12)]
 Deg. of freedom    11
 Full point group                 C2H     NOp   4
 Largest Abelian subgroup         C2H     NOp   4
 Largest concise Abelian subgroup C2      NOp   2
                         Standard orientation:                         
 ---------------------------------------------------------------------
 Center     Atomic      Atomic             Coordinates (Angstroms)
 Number     Number       Type             X           Y           Z
 ---------------------------------------------------------------------
      1          1           0        0.926342    1.035692    0.000000
      2          1           0        0.000000    1.869774    0.000000
      3          1           0        0.926342   -0.210824   -0.000000
      4          1           0        0.000000    0.623258    0.000000
      5          1           0       -0.926342    2.703857    0.000000
      6          1           0       -0.926342    1.457340    0.000000
      7          1           0       -0.926342    0.210824    0.000000
      8          1           0       -0.000000   -0.623258    0.000000
      9          1           0        0.926342   -1.457340   -0.000000
     10          1           0        0.926342   -2.703857   -0.000000
     11          1           0       -0.000000   -1.869774    0.000000
     12          1           0       -0.926342   -1.035692    0.000000
 ---------------------------------------------------------------------
 Rotational constants (GHZ):     95.5579455     16.4466457     14.0316362
 General basis read from cards:  (5D, 7F)
 There are     6 symmetry adapted cartesian basis functions of AG  symmetry.
 There are     0 symmetry adapted cartesian basis functions of BG  symmetry.
 There are     0 symmetry adapted cartesian basis functions of AU  symmetry.
 There are     6 symmetry adapted cartesian basis functions of BU  symmetry.
 There are     6 symmetry adapted basis functions of AG  symmetry.
 There are     0 symmetry adapted basis functions of BG  symmetry.
 There are     0 symmetry adapted basis functions of AU  symmetry.
 There are     6 symmetry adapted basis functions of BU  symmetry.
    12 basis functions,   120 primitive gaussians,    12 cartesian basis functions
     6 alpha electrons        6 beta electrons
       nuclear repulsion energy        18.9225266948 Hartrees.
 NAtoms=   12 NActive=   12 NUniq=    6 SFac= 4.00D+00 NAtFMM=   60 NAOKFM=F Big=F
 Integral buffers will be    131072 words long.
 Regular integral format.
 Two-electron integral symmetry is turned on.
 One-electron integrals computed using PRISM.
 NBasis=    12 RedAO= T EigKep=  1.81D-01  NBF=     6     0     0     6
 NBsUse=    12 1.00D-06 EigRej= -1.00D+00 NBFU=     6     0     0     6
 Initial guess from the checkpoint file:  "h12.chk"
 B after Tr=     0.000000    0.000000    0.000000
         Rot=    0.999982    0.000000    0.000000   -0.006070 Ang=  -0.70 deg.
 Initial guess orbital symmetries:
       Occupied  (AG) (BU) (AG) (BU) (BU) (BU)
       Virtual   (AG) (AG) (AG) (BU) (AG) (BU)
 Keep R1 ints in memory in symmetry-blocked form, NReq=902440.
 Requested convergence on RMS density matrix=1.00D-08 within 128 cycles.
 Requested convergence on MAX density matrix=1.00D-06.
 Requested convergence on             energy=1.00D-06.
 No special actions if energy rises.
 SCF Done:  E(RHF) =  -5.24833533174     A.U. after   15 cycles
            NFock= 15  Conv=0.97D-08     -V/T= 1.7357
 Range of M.O.s used for correlation:     1    12
 NBasis=    12 NAE=     6 NBE=     6 NFC=     0 NFV=     0
 NROrb=     12 NOA=     6 NOB=     6 NVA=     6 NVB=     6

 **** Warning!!: The smallest alpha delta epsilon is -0.15605397D+00

 Semi-Direct transformation.
 ModeAB=           4 MOrb=             6 LenV=     134086131
 LASXX=         2181 LTotXX=        2181 LenRXX=        5115
 LTotAB=        2934 MaxLAS=        3024 LenRXY=           0
 NonZer=        7296 LenScr=      655360 LnRSAI=        3024
 LnScr1=      655360 LExtra=           0 Total=      1318859
 MaxDsk=          -1 SrtSym=           T ITran=            3
 JobTyp=0 Pass  1:  I=   1 to   6.
 (rs|ai) integrals will be sorted in core.
 Spin components of T(2) and E(2):
     alpha-alpha T2 =       0.1773083312D-01 E2=     -0.1448967918D-01
     alpha-beta  T2 =       0.3038613549D+01 E2=     -0.2426979826D+00
     beta-beta   T2 =       0.1773083312D-01 E2=     -0.1448967918D-01
 ANorm=    0.2018433852D+01
 E2 =    -0.2716773410D+00 EUMP2 =    -0.55200126727430D+01
 Second order stability test of a single determinant RHF wave function:
 Stabil:  MDV=134217728
 ***********************************************************************
 Matrix         Lowest Root    Major Pairs
 ***********************************************************************
 Internal RHF    -0.3480118    6A=7A
 RRHF --> CRHF   -0.3975626    6A=7A
 RRHF --> RUHF   -0.58349      6A=7B 6A=8B 6A=11B
 Not stable.
 ***********************************************************************

 **********************************************************************

            Population analysis using the SCF density.

 **********************************************************************

 Orbital symmetries:
       Occupied  (AG) (BU) (BU) (AG) (BU) (BU)
       Virtual   (AG) (AG) (AG) (BU) (AG) (BU)
 The electronic state is 1-AG.
 Alpha  occ. eigenvalues --   -0.92441  -0.73116  -0.56382  -0.54935  -0.33955
 Alpha  occ. eigenvalues --    0.07157
 Alpha virt. eigenvalues --   -0.08448   0.11953   0.23997   0.32375   0.51212
 Alpha virt. eigenvalues --    0.53626
          Condensed to atoms (all electrons):
               1          2          3          4          5          6
     1  H    0.640687  -0.319242   0.129685   0.446844   0.004696  -0.007187
     2  H   -0.319242   2.422798   0.003440  -0.481969  -0.326005  -0.050121
     3  H    0.129685   0.003440   0.926762  -0.096744   0.007773  -0.023452
     4  H    0.446844  -0.481969  -0.096744   1.360136  -0.020058   0.052019
     5  H    0.004696  -0.326005   0.007773  -0.020058   1.145006   0.301235
     6  H   -0.007187  -0.050121  -0.023452   0.052019   0.301235   0.606199
     7  H   -0.021319  -0.054827  -0.167293   0.334868  -0.051884  -0.002065
     8  H   -0.124039   0.092437   0.334868  -0.408609  -0.002180  -0.045332
     9  H   -0.013126   0.017807  -0.002065  -0.045332  -0.001117  -0.001619
    10  H   -0.003255   0.004261  -0.051884  -0.002180  -0.000554  -0.001117
    11  H    0.028406  -0.039091  -0.054827   0.092437   0.004261   0.017807
    12  H   -0.043520   0.028406  -0.021319  -0.124039  -0.003255  -0.013126
               7          8          9         10         11         12
     1  H   -0.021319  -0.124039  -0.013126  -0.003255   0.028406  -0.043520
     2  H   -0.054827   0.092437   0.017807   0.004261  -0.039091   0.028406
     3  H   -0.167293   0.334868  -0.002065  -0.051884  -0.054827  -0.021319
     4  H    0.334868  -0.408609  -0.045332  -0.002180   0.092437  -0.124039
     5  H   -0.051884  -0.002180  -0.001117  -0.000554   0.004261  -0.003255
     6  H   -0.002065  -0.045332  -0.001619  -0.001117   0.017807  -0.013126
     7  H    0.926762  -0.096744  -0.023452   0.007773   0.003440   0.129685
     8  H   -0.096744   1.360136   0.052019  -0.020058  -0.481969   0.446844
     9  H   -0.023452   0.052019   0.606199   0.301235  -0.050121  -0.007187
    10  H    0.007773  -0.020058   0.301235   1.145006  -0.326005   0.004696
    11  H    0.003440  -0.481969  -0.050121  -0.326005   2.422798  -0.319242
    12  H    0.129685   0.446844  -0.007187   0.004696  -0.319242   0.640687
 Mulliken charges:
               1
     1  H    0.281371
     2  H   -0.297894
     3  H    0.015057
     4  H   -0.107373
     5  H   -0.057919
     6  H    0.166758
     7  H    0.015057
     8  H   -0.107373
     9  H    0.166758
    10  H   -0.057919
    11  H   -0.297894
    12  H    0.281371
 Sum of Mulliken charges =  -0.00000
 Mulliken charges with hydrogens summed into heavy atoms:
               1
 Electronic spatial extent (au):  <R**2>=            169.8266
 Charge=             -0.0000 electrons
 Dipole moment (field-independent basis, Debye):
    X=              0.0000    Y=             -0.0000    Z=              0.0000  Tot=              0.0000
 Quadrupole moment (field-independent basis, Debye-Ang):
   XX=            -13.9312   YY=            -28.0079   ZZ=            -14.8291
   XY=              4.2932   XZ=              0.0000   YZ=             -0.0000
 Traceless Quadrupole moment (field-independent basis, Debye-Ang):
   XX=              4.9915   YY=             -9.0852   ZZ=              4.0936
   XY=              4.2932   XZ=              0.0000   YZ=             -0.0000
 Octapole moment (field-independent basis, Debye-Ang**2):
  XXX=              0.0000  YYY=             -0.0000  ZZZ=             -0.0000  XYY=              0.0000
  XXY=             -0.0000  XXZ=             -0.0000  XZZ=              0.0000  YZZ=             -0.0000
  YYZ=             -0.0000  XYZ=              0.0000
 Hexadecapole moment (field-independent basis, Debye-Ang**3):
 XXXX=            -72.1612 YYYY=           -348.3826 ZZZZ=            -17.4383 XXXY=             35.4604
 XXXZ=              0.0000 YYYX=             56.5602 YYYZ=             -0.0000 ZZZX=              0.0000
 ZZZY=             -0.0000 XXYY=            -62.3765 XXZZ=            -14.9667 YYZZ=            -45.8883
 XXYZ=             -0.0000 YYXZ=              0.0000 ZZXY=              9.6488
 N-N= 1.892252669479D+01 E-N=-4.940257316820D+01  KE= 7.134268679468D+00
 Symmetry AG   KE= 1.479670449778D+00
 Symmetry BG   KE= 0.000000000000D+00
 Symmetry AU   KE= 0.000000000000D+00
 Symmetry BU   KE= 5.654598229690D+00

 Test job not archived.
 1\1\GINC-SULU\Stability\RHF\Gen\H12\LCJ1\17-Feb-2017\0\\#rhf/gen scf(s
 ymm,tight,novaracc,noincfock,fulldiag) stable(crhf) guess=read geom=no
 crowd test\\hf stability analysis of h12 triangular lattice, y= 0.5070
 0385538738835\\0,1\H\H,1,1.2465162673\H,1,1.2465162673,2,132.\H,2,1.24
 65162673,1,48.,3,0.,0\H,2,1.2465162673,1,180.,3,0.,0\H,4,1.2465162673,
 3,180.,5,0.,0\H,6,1.2465162673,5,180.,3,0.,0\H,4,1.2465162673,2,180.,3
 ,0.,0\H,3,1.2465162673,1,180.,4,0.,0\H,9,1.2465162673,3,180.,4,0.,0\H,
 8,1.2465162673,4,180.,3,0.,0\H,7,1.2465162673,6,180.,3,0.,0\\Version=E
 S64L-G09RevE.01\State=1-AG\HF=-5.2483353\MP2=-5.5200127\RMSD=9.747e-09
 \Dipole=0.,0.,0.\Quadrupole=1.1056883,3.0434996,-4.1491879,0.,5.537816
 6,0.\PG=C02H [SGH(H12)]\\@


 KNIGHT- SIRE, I'VE JUST RETURNED FROM THE FRONT
 KING-   HOW GOES THE BATTLE                    
 KNIGHT- THE SITUATION IS QUITE FLUID           
 KING-   WHAT DOES *THAT* MEAN                  
 KNIGHT- WE'RE UP THE CREEK                     
                THE WIZARD OF ID                
 Job cpu time:       0 days  0 hours  0 minutes  1.0 seconds.
 File lengths (MBytes):  RWF=     84 Int=      0 D2E=      0 Chk=      2 Scr=      2
 Normal termination of Gaussian 09 at Fri Feb 17 12:05:22 2017.
