 Entering Gaussian System, Link 0=g09
 AtFile(1): H.gbs
            H     0
            S   10   1.00
               1000.000000000000            0.000068713567
                316.227766000000            0.000169141320
                100.000000000000            0.000823394812
                 31.622776600000            0.003425569236
                 10.000000000000            0.013951996000
                  3.162277660000            0.056909313560
                  1.000000000000            0.198286399900
                  0.316227766000            0.496922426700
                  0.100000000000            0.369846276400
                  0.031622776600            0.003752720039
            ****
 Initial command:
 /projects/guscus/apps/gau/g09-e1/g09/l1.exe "/users/lcj1/gaussian/h12/rhfstability/rect/guess/2au4bu/Gau-29819.inp" -scrdir="/users/lcj1/gaussian/h12/rhfstability/rect/guess/2au4bu/"
 Entering Link 1 = /projects/guscus/apps/gau/g09-e1/g09/l1.exe PID=     29820.
  
 Copyright (c) 1988,1990,1992,1993,1995,1998,2003,2009,2015,
            Gaussian, Inc.  All Rights Reserved.
  
 This is part of the Gaussian(R) 09 program.  It is based on
 the Gaussian(R) 03 system (copyright 2003, Gaussian, Inc.),
 the Gaussian(R) 98 system (copyright 1998, Gaussian, Inc.),
 the Gaussian(R) 94 system (copyright 1995, Gaussian, Inc.),
 the Gaussian 92(TM) system (copyright 1992, Gaussian, Inc.),
 the Gaussian 90(TM) system (copyright 1990, Gaussian, Inc.),
 the Gaussian 88(TM) system (copyright 1988, Gaussian, Inc.),
 the Gaussian 86(TM) system (copyright 1986, Carnegie Mellon
 University), and the Gaussian 82(TM) system (copyright 1983,
 Carnegie Mellon University). Gaussian is a federally registered
 trademark of Gaussian, Inc.
  
 This software contains proprietary and confidential information,
 including trade secrets, belonging to Gaussian, Inc.
  
 This software is provided under written license and may be
 used, copied, transmitted, or stored only in accord with that
 written license.
  
 The following legend is applicable only to US Government
 contracts under FAR:
  
                    RESTRICTED RIGHTS LEGEND
  
 Use, reproduction and disclosure by the US Government is
 subject to restrictions as set forth in subparagraphs (a)
 and (c) of the Commercial Computer Software - Restricted
 Rights clause in FAR 52.227-19.
  
 Gaussian, Inc.
 340 Quinnipiac St., Bldg. 40, Wallingford CT 06492
  
  
 ---------------------------------------------------------------
 Warning -- This program may not be used in any manner that
 competes with the business of Gaussian, Inc. or will provide
 assistance to any competitor of Gaussian, Inc.  The licensee
 of this program is prohibited from giving any competitor of
 Gaussian, Inc. access to this program.  By using this program,
 the user acknowledges that Gaussian, Inc. is engaged in the
 business of creating and licensing software in the field of
 computational chemistry and represents and warrants to the
 licensee that it is not a competitor of Gaussian, Inc. and that
 it will not use this program in any manner prohibited above.
 ---------------------------------------------------------------
  

 Cite this work as:
 Gaussian 09, Revision E.01,
 M. J. Frisch, G. W. Trucks, H. B. Schlegel, G. E. Scuseria, 
 M. A. Robb, J. R. Cheeseman, G. Scalmani, V. Barone, B. Mennucci, 
 G. A. Petersson, H. Nakatsuji, M. Caricato, X. Li, H. P. Hratchian, 
 A. F. Izmaylov, J. Bloino, G. Zheng, J. L. Sonnenberg, M. Hada, 
 M. Ehara, K. Toyota, R. Fukuda, J. Hasegawa, M. Ishida, T. Nakajima, 
 Y. Honda, O. Kitao, H. Nakai, T. Vreven, J. A. Montgomery, Jr., 
 J. E. Peralta, F. Ogliaro, M. Bearpark, J. J. Heyd, E. Brothers, 
 K. N. Kudin, V. N. Staroverov, T. Keith, R. Kobayashi, J. Normand, 
 K. Raghavachari, A. Rendell, J. C. Burant, S. S. Iyengar, J. Tomasi, 
 M. Cossi, N. Rega, J. M. Millam, M. Klene, J. E. Knox, J. B. Cross, 
 V. Bakken, C. Adamo, J. Jaramillo, R. Gomperts, R. E. Stratmann, 
 O. Yazyev, A. J. Austin, R. Cammi, C. Pomelli, J. W. Ochterski, 
 R. L. Martin, K. Morokuma, V. G. Zakrzewski, G. A. Voth, 
 P. Salvador, J. J. Dannenberg, S. Dapprich, A. D. Daniels, 
 O. Farkas, J. B. Foresman, J. V. Ortiz, J. Cioslowski, 
 and D. J. Fox, Gaussian, Inc., Wallingford CT, 2013.
 
 ******************************************
 Gaussian 09:  ES64L-G09RevE.01 30-Nov-2015
                17-Feb-2017 
 ******************************************
 %chk=h12.chk
 ----------------------------------------------------------------------
 #rhf/gen scf(symm,tight,novaracc,noincfock,fulldiag) stable(crhf) gues
 s=read geom=nocrowd test
 ----------------------------------------------------------------------
 1/38=1/1;
 2/12=1,17=6,18=5,40=1/2;
 3/5=7,16=1,25=1,30=1,116=1/1,2,3;
 4/5=1,9=4/1;
 5/5=100002,15=2,16=1,32=2,38=6/2;
 8/6=1,10=90,11=11/1,4;
 9/8=4,13=1/2;
 6/7=2,8=2,9=2,10=2,28=1/1;
 99/5=1,9=1/99;
 ----------------------------------------------------------------------
 hf stability analysis of h12 triangular lattice, y= 0.7466864790071482
 4
 ----------------------------------------------------------------------
 Symbolic Z-matrix:
 Charge =  0 Multiplicity = 1
 H
 H                    1     1.0749 
 H                    1     1.0749   2     92. 
 H                    2     1.0749   1     88.      3     0.       0
 H                    2     1.0749   1     180.     3     0.       0
 H                    4     1.0749   3     180.     5     0.       0
 H                    6     1.0749   5     180.     3     0.       0
 H                    4     1.0749   2     180.     3     0.       0
 H                    3     1.0749   1     180.     4     0.       0
 H                    9     1.0749   3     180.     4     0.       0
 H                    8     1.0749   4     180.     3     0.       0
 H                    7     1.0749   6     180.     3     0.       0
 
                          Input orientation:                          
 ---------------------------------------------------------------------
 Center     Atomic      Atomic             Coordinates (Angstroms)
 Number     Number       Type             X           Y           Z
 ---------------------------------------------------------------------
      1          1           0        0.000000    0.000000    0.000000
      2          1           0        0.000000    0.000000    1.074897
      3          1           0        1.074243    0.000000   -0.037513
      4          1           0        1.074243    0.000000    1.037384
      5          1           0        0.000000    0.000000    2.149795
      6          1           0        1.074243    0.000000    2.112281
      7          1           0        2.148485    0.000000    2.074768
      8          1           0        2.148485    0.000000    0.999871
      9          1           0        2.148485    0.000000   -0.075027
     10          1           0        3.222728    0.000000   -0.112540
     11          1           0        3.222728    0.000000    0.962357
     12          1           0        3.222728    0.000000    2.037255
 ---------------------------------------------------------------------
                    Distance matrix (angstroms):
                    1          2          3          4          5
     1  H    0.000000
     2  H    1.074897   0.000000
     3  H    1.074897   1.546433   0.000000
     4  H    1.493373   1.074897   1.074897   0.000000
     5  H    2.149795   1.074897   2.436866   1.546433   0.000000
     6  H    2.369753   1.493373   2.149795   1.074897   1.074897
     7  H    2.986746   2.369753   2.369753   1.493373   2.149795
     8  H    2.369753   2.149795   1.493373   1.074897   2.436866
     9  H    2.149795   2.436866   1.074897   1.546433   3.092866
    10  H    3.224692   3.434528   2.149795   2.436866   3.937529
    11  H    3.363347   3.224692   2.369753   2.149795   3.434528
    12  H    3.812661   3.363347   2.986746   2.369753   3.224692
                    6          7          8          9         10
     6  H    0.000000
     7  H    1.074897   0.000000
     8  H    1.546433   1.074897   0.000000
     9  H    2.436866   2.149795   1.074897   0.000000
    10  H    3.092866   2.436866   1.546433   1.074897   0.000000
    11  H    2.436866   1.546433   1.074897   1.493373   1.074897
    12  H    2.149795   1.074897   1.493373   2.369753   2.149795
                   11         12
    11  H    0.000000
    12  H    1.074897   0.000000
 Stoichiometry    H12
 Framework group  C2H[SGH(H12)]
 Deg. of freedom    11
 Full point group                 C2H     NOp   4
 Largest Abelian subgroup         C2H     NOp   4
 Largest concise Abelian subgroup C2      NOp   2
                         Standard orientation:                         
 ---------------------------------------------------------------------
 Center     Atomic      Atomic             Coordinates (Angstroms)
 Number     Number       Type             X           Y           Z
 ---------------------------------------------------------------------
      1          1           0        1.074243    1.574833   -0.000000
      2          1           0       -0.000000    1.612346   -0.000000
      3          1           0        1.074243    0.499935   -0.000000
      4          1           0       -0.000000    0.537449   -0.000000
      5          1           0       -1.074243    1.649859   -0.000000
      6          1           0       -1.074243    0.574962   -0.000000
      7          1           0       -1.074243   -0.499935    0.000000
      8          1           0       -0.000000   -0.537449    0.000000
      9          1           0        1.074243   -0.574962    0.000000
     10          1           0        1.074243   -1.649859    0.000000
     11          1           0       -0.000000   -1.612346    0.000000
     12          1           0       -1.074243   -1.574833    0.000000
 ---------------------------------------------------------------------
 Rotational constants (GHZ):     54.3925794     28.8937872     18.8699265
 General basis read from cards:  (5D, 7F)
 There are     6 symmetry adapted cartesian basis functions of AG  symmetry.
 There are     0 symmetry adapted cartesian basis functions of BG  symmetry.
 There are     0 symmetry adapted cartesian basis functions of AU  symmetry.
 There are     6 symmetry adapted cartesian basis functions of BU  symmetry.
 There are     6 symmetry adapted basis functions of AG  symmetry.
 There are     0 symmetry adapted basis functions of BG  symmetry.
 There are     0 symmetry adapted basis functions of AU  symmetry.
 There are     6 symmetry adapted basis functions of BU  symmetry.
    12 basis functions,   120 primitive gaussians,    12 cartesian basis functions
     6 alpha electrons        6 beta electrons
       nuclear repulsion energy        20.1780390872 Hartrees.
 NAtoms=   12 NActive=   12 NUniq=    6 SFac= 4.00D+00 NAtFMM=   60 NAOKFM=F Big=F
 Integral buffers will be    131072 words long.
 Regular integral format.
 Two-electron integral symmetry is turned on.
 One-electron integrals computed using PRISM.
 NBasis=    12 RedAO= T EigKep=  1.08D-01  NBF=     6     0     0     6
 NBsUse=    12 1.00D-06 EigRej= -1.00D+00 NBFU=     6     0     0     6
 Initial guess from the checkpoint file:  "h12.chk"
 B after Tr=     0.000000   -0.000000    0.000000
         Rot=    0.999982    0.000000   -0.000000   -0.006070 Ang=  -0.70 deg.
 Initial guess orbital symmetries:
       Occupied  (AG) (BU) (BU) (AG) (BU) (BU)
       Virtual   (AG) (AG) (BU) (AG) (AG) (BU)
 Keep R1 ints in memory in symmetry-blocked form, NReq=903742.
 Requested convergence on RMS density matrix=1.00D-08 within 128 cycles.
 Requested convergence on MAX density matrix=1.00D-06.
 Requested convergence on             energy=1.00D-06.
 No special actions if energy rises.
 SCF Done:  E(RHF) =  -5.02376927510     A.U. after   12 cycles
            NFock= 12  Conv=0.29D-08     -V/T= 1.6593
 Range of M.O.s used for correlation:     1    12
 NBasis=    12 NAE=     6 NBE=     6 NFC=     0 NFV=     0
 NROrb=     12 NOA=     6 NOB=     6 NVA=     6 NVB=     6

 **** Warning!!: The smallest alpha delta epsilon is -0.90019104D-01

 Semi-Direct transformation.
 ModeAB=           4 MOrb=             6 LenV=     134084409
 LASXX=         2181 LTotXX=        2181 LenRXX=        5115
 LTotAB=        2934 MaxLAS=        3024 LenRXY=           0
 NonZer=        7296 LenScr=      655360 LnRSAI=        3024
 LnScr1=      655360 LExtra=           0 Total=      1318859
 MaxDsk=          -1 SrtSym=           T ITran=            3
 JobTyp=0 Pass  1:  I=   1 to   6.
 (rs|ai) integrals will be sorted in core.
 Spin components of T(2) and E(2):
     alpha-alpha T2 =       0.1430329391D-01 E2=     -0.1649299064D-01
     alpha-beta  T2 =       0.6847223406D+00 E2=     -0.1118977550D+00
     beta-beta   T2 =       0.1430329391D-01 E2=     -0.1649299064D-01
 ANorm=    0.1308941912D+01
 E2 =    -0.1448837363D+00 EUMP2 =    -0.51686530114236D+01
 Second order stability test of a single determinant RHF wave function:
 Stabil:  MDV=134217728
 ***********************************************************************
 Matrix         Lowest Root    Major Pairs
 ***********************************************************************
 Internal RHF    -0.316722     6A=7A 5A=7A
 RRHF --> CRHF   -0.3563891    6A=7A 5A=7A
 RRHF --> RUHF   -0.5191097    5A=7B 6A=7B
 Not stable.
 ***********************************************************************

 **********************************************************************

            Population analysis using the SCF density.

 **********************************************************************

 Orbital symmetries:
       Occupied  (AG) (BU) (BU) (AG) (BU) (BU)
       Virtual   (AG) (AG) (BU) (AG) (AG) (BU)
 The electronic state is 1-AG.
 Alpha  occ. eigenvalues --   -0.90368  -0.72302  -0.60785  -0.49427  -0.15151
 Alpha  occ. eigenvalues --   -0.13140
 Alpha virt. eigenvalues --   -0.22142   0.06440   0.28577   0.46205   0.58603
 Alpha virt. eigenvalues --    1.00746
          Condensed to atoms (all electrons):
               1          2          3          4          5          6
     1  H    1.305185   0.364356  -0.469851  -0.241918  -0.067893  -0.003313
     2  H    0.364356   0.882770  -0.163020  -0.371259   0.370327  -0.143282
     3  H   -0.469851  -0.163020   1.243147   0.608596   0.001580   0.003204
     4  H   -0.241918  -0.371259   0.608596   1.878329  -0.243569   0.594294
     5  H   -0.067893   0.370327   0.001580  -0.243569   1.366235  -0.424383
     6  H   -0.003313  -0.143282   0.003204   0.594294  -0.424383   1.079096
     7  H    0.034834   0.011618  -0.127313  -0.247947  -0.055598   0.148223
     8  H    0.052049   0.050358  -0.247947  -0.782295   0.045870  -0.248122
     9  H   -0.028536   0.013798   0.148223  -0.248122   0.027103  -0.108489
    10  H    0.032848  -0.000446  -0.055598   0.045870  -0.013192   0.027103
    11  H   -0.003164   0.000133   0.011618   0.050358  -0.000446   0.013798
    12  H   -0.017125  -0.003164   0.034834   0.052049   0.032848  -0.028536
               7          8          9         10         11         12
     1  H    0.034834   0.052049  -0.028536   0.032848  -0.003164  -0.017125
     2  H    0.011618   0.050358   0.013798  -0.000446   0.000133  -0.003164
     3  H   -0.127313  -0.247947   0.148223  -0.055598   0.011618   0.034834
     4  H   -0.247947  -0.782295  -0.248122   0.045870   0.050358   0.052049
     5  H   -0.055598   0.045870   0.027103  -0.013192  -0.000446   0.032848
     6  H    0.148223  -0.248122  -0.108489   0.027103   0.013798  -0.028536
     7  H    1.243147   0.608596   0.003204   0.001580  -0.163020  -0.469851
     8  H    0.608596   1.878329   0.594294  -0.243569  -0.371259  -0.241918
     9  H    0.003204   0.594294   1.079096  -0.424383  -0.143282  -0.003313
    10  H    0.001580  -0.243569  -0.424383   1.366235   0.370327  -0.067893
    11  H   -0.163020  -0.371259  -0.143282   0.370327   0.882770   0.364356
    12  H   -0.469851  -0.241918  -0.003313  -0.067893   0.364356   1.305185
 Mulliken charges:
               1
     1  H    0.042526
     2  H   -0.012189
     3  H    0.012525
     4  H   -0.094385
     5  H   -0.038883
     6  H    0.090406
     7  H    0.012525
     8  H   -0.094385
     9  H    0.090406
    10  H   -0.038883
    11  H   -0.012189
    12  H    0.042526
 Sum of Mulliken charges =   0.00000
 Mulliken charges with hydrogens summed into heavy atoms:
               1
 Electronic spatial extent (au):  <R**2>=            132.8233
 Charge=              0.0000 electrons
 Dipole moment (field-independent basis, Debye):
    X=             -0.0000    Y=             -0.0000    Z=             -0.0000  Tot=              0.0000
 Quadrupole moment (field-independent basis, Debye-Ang):
   XX=            -12.2791   YY=            -24.3072   ZZ=            -14.4237
   XY=              0.8971   XZ=             -0.0000   YZ=              0.0000
 Traceless Quadrupole moment (field-independent basis, Debye-Ang):
   XX=              4.7242   YY=             -7.3038   ZZ=              2.5796
   XY=              0.8971   XZ=             -0.0000   YZ=              0.0000
 Octapole moment (field-independent basis, Debye-Ang**2):
  XXX=              0.0000  YYY=             -0.0000  ZZZ=             -0.0000  XYY=              0.0000
  XXY=             -0.0000  XXZ=             -0.0000  XZZ=             -0.0000  YZZ=             -0.0000
  YYZ=             -0.0000  XYZ=             -0.0000
 Hexadecapole moment (field-independent basis, Debye-Ang**3):
 XXXX=            -76.5147 YYYY=           -226.5046 ZZZZ=            -16.6627 XXXY=              2.8263
 XXXZ=             -0.0000 YYYX=              6.1970 YYYZ=              0.0000 ZZZX=             -0.0000
 ZZZY=              0.0000 XXYY=            -45.3130 XXZZ=            -16.3909 YYZZ=            -30.7474
 XXYZ=              0.0000 YYXZ=             -0.0000 ZZXY=              0.6691
 N-N= 2.017803908722D+01 E-N=-5.199970560221D+01  KE= 7.619557843762D+00
 Symmetry AG   KE= 1.703705122922D+00
 Symmetry BG   KE= 0.000000000000D+00
 Symmetry AU   KE= 0.000000000000D+00
 Symmetry BU   KE= 5.915852720840D+00

 Test job not archived.
 1\1\GINC-SULU\Stability\RHF\Gen\H12\LCJ1\17-Feb-2017\0\\#rhf/gen scf(s
 ymm,tight,novaracc,noincfock,fulldiag) stable(crhf) guess=read geom=no
 crowd test\\hf stability analysis of h12 triangular lattice, y= 0.7466
 8647900714824\\0,1\H\H,1,1.0748973801\H,1,1.0748973801,2,92.\H,2,1.074
 8973801,1,88.,3,0.,0\H,2,1.0748973801,1,180.,3,0.,0\H,4,1.0748973801,3
 ,180.,5,0.,0\H,6,1.0748973801,5,180.,3,0.,0\H,4,1.0748973801,2,180.,3,
 0.,0\H,3,1.0748973801,1,180.,4,0.,0\H,9,1.0748973801,3,180.,4,0.,0\H,8
 ,1.0748973801,4,180.,3,0.,0\H,7,1.0748973801,6,180.,3,0.,0\\Version=ES
 64L-G09RevE.01\State=1-AG\HF=-5.0237693\MP2=-5.168653\RMSD=2.877e-09\D
 ipole=0.,0.,0.\Quadrupole=-5.3728062,1.9178806,3.4549256,0.,0.9772608,
 0.\PG=C02H [SGH(H12)]\\@


 OLD HORSE! OLD HORSE! WHAT BROUGHT YOU HERE?
 FROM SACARAP' TO PORTLAND PIER
 I'VE CARTED STONE THIS MANY A YEAR;
 TILL, KILLED BY BLOWS AND SORE ABUSE,
 THEY SALTED ME DOWN FOR SAILORS' USE.
 THE SAILORS THEY DO ME DESPISE;
 THEY TURN ME OVER AND DAMN MY EYES;
 CUT OFF MY MEAT, AND SCRAPE MY BONES,
 AND PITCH ME OVER TO DAVY JONES.

    SAILORS' COMPLAINT ABOUT THE BEEF
    SERVED ON SHIPBOARD, CIRCA 1835.
 Job cpu time:       0 days  0 hours  0 minutes  1.0 seconds.
 File lengths (MBytes):  RWF=     84 Int=      0 D2E=      0 Chk=      2 Scr=      2
 Normal termination of Gaussian 09 at Fri Feb 17 12:06:10 2017.
