 Entering Gaussian System, Link 0=g09
 AtFile(1): H.gbs
            H     0
            S   10   1.00
               1000.000000000000            0.000068713567
                316.227766000000            0.000169141320
                100.000000000000            0.000823394812
                 31.622776600000            0.003425569236
                 10.000000000000            0.013951996000
                  3.162277660000            0.056909313560
                  1.000000000000            0.198286399900
                  0.316227766000            0.496922426700
                  0.100000000000            0.369846276400
                  0.031622776600            0.003752720039
            ****
 Initial command:
 /projects/guscus/apps/gau/g09-e1/g09/l1.exe "/users/lcj1/gaussian/h12/rhfstability/rect/guess/2au4bu/Gau-31479.inp" -scrdir="/users/lcj1/gaussian/h12/rhfstability/rect/guess/2au4bu/"
 Entering Link 1 = /projects/guscus/apps/gau/g09-e1/g09/l1.exe PID=     31480.
  
 Copyright (c) 1988,1990,1992,1993,1995,1998,2003,2009,2015,
            Gaussian, Inc.  All Rights Reserved.
  
 This is part of the Gaussian(R) 09 program.  It is based on
 the Gaussian(R) 03 system (copyright 2003, Gaussian, Inc.),
 the Gaussian(R) 98 system (copyright 1998, Gaussian, Inc.),
 the Gaussian(R) 94 system (copyright 1995, Gaussian, Inc.),
 the Gaussian 92(TM) system (copyright 1992, Gaussian, Inc.),
 the Gaussian 90(TM) system (copyright 1990, Gaussian, Inc.),
 the Gaussian 88(TM) system (copyright 1988, Gaussian, Inc.),
 the Gaussian 86(TM) system (copyright 1986, Carnegie Mellon
 University), and the Gaussian 82(TM) system (copyright 1983,
 Carnegie Mellon University). Gaussian is a federally registered
 trademark of Gaussian, Inc.
  
 This software contains proprietary and confidential information,
 including trade secrets, belonging to Gaussian, Inc.
  
 This software is provided under written license and may be
 used, copied, transmitted, or stored only in accord with that
 written license.
  
 The following legend is applicable only to US Government
 contracts under FAR:
  
                    RESTRICTED RIGHTS LEGEND
  
 Use, reproduction and disclosure by the US Government is
 subject to restrictions as set forth in subparagraphs (a)
 and (c) of the Commercial Computer Software - Restricted
 Rights clause in FAR 52.227-19.
  
 Gaussian, Inc.
 340 Quinnipiac St., Bldg. 40, Wallingford CT 06492
  
  
 ---------------------------------------------------------------
 Warning -- This program may not be used in any manner that
 competes with the business of Gaussian, Inc. or will provide
 assistance to any competitor of Gaussian, Inc.  The licensee
 of this program is prohibited from giving any competitor of
 Gaussian, Inc. access to this program.  By using this program,
 the user acknowledges that Gaussian, Inc. is engaged in the
 business of creating and licensing software in the field of
 computational chemistry and represents and warrants to the
 licensee that it is not a competitor of Gaussian, Inc. and that
 it will not use this program in any manner prohibited above.
 ---------------------------------------------------------------
  

 Cite this work as:
 Gaussian 09, Revision E.01,
 M. J. Frisch, G. W. Trucks, H. B. Schlegel, G. E. Scuseria, 
 M. A. Robb, J. R. Cheeseman, G. Scalmani, V. Barone, B. Mennucci, 
 G. A. Petersson, H. Nakatsuji, M. Caricato, X. Li, H. P. Hratchian, 
 A. F. Izmaylov, J. Bloino, G. Zheng, J. L. Sonnenberg, M. Hada, 
 M. Ehara, K. Toyota, R. Fukuda, J. Hasegawa, M. Ishida, T. Nakajima, 
 Y. Honda, O. Kitao, H. Nakai, T. Vreven, J. A. Montgomery, Jr., 
 J. E. Peralta, F. Ogliaro, M. Bearpark, J. J. Heyd, E. Brothers, 
 K. N. Kudin, V. N. Staroverov, T. Keith, R. Kobayashi, J. Normand, 
 K. Raghavachari, A. Rendell, J. C. Burant, S. S. Iyengar, J. Tomasi, 
 M. Cossi, N. Rega, J. M. Millam, M. Klene, J. E. Knox, J. B. Cross, 
 V. Bakken, C. Adamo, J. Jaramillo, R. Gomperts, R. E. Stratmann, 
 O. Yazyev, A. J. Austin, R. Cammi, C. Pomelli, J. W. Ochterski, 
 R. L. Martin, K. Morokuma, V. G. Zakrzewski, G. A. Voth, 
 P. Salvador, J. J. Dannenberg, S. Dapprich, A. D. Daniels, 
 O. Farkas, J. B. Foresman, J. V. Ortiz, J. Cioslowski, 
 and D. J. Fox, Gaussian, Inc., Wallingford CT, 2013.
 
 ******************************************
 Gaussian 09:  ES64L-G09RevE.01 30-Nov-2015
                17-Feb-2017 
 ******************************************
 %chk=h12.chk
 ----------------------------------------------------------------------
 #rhf/gen scf(symm,tight,novaracc,noincfock,fulldiag) stable(crhf) gues
 s=read geom=nocrowd test
 ----------------------------------------------------------------------
 1/38=1/1;
 2/12=1,17=6,18=5,40=1/2;
 3/5=7,16=1,25=1,30=1,116=1/1,2,3;
 4/5=1,9=4/1;
 5/5=100002,15=2,16=1,32=2,38=6/2;
 8/6=1,10=90,11=11/1,4;
 9/8=4,13=1/2;
 6/7=2,8=2,9=2,10=2,28=1/1;
 99/5=1,9=1/99;
 ----------------------------------------------------------------------
 hf stability analysis of h12 triangular lattice, y= 2.5688804782633659
 ----------------------------------------------------------------------
 Symbolic Z-matrix:
 Charge =  0 Multiplicity = 1
 H
 H                    1     2.57869 
 H                    1     2.57869  2     10. 
 H                    2     2.57869  1     170.     3     0.       0
 H                    2     2.57869  1     180.     3     0.       0
 H                    4     2.57869  3     180.     5     0.       0
 H                    6     2.57869  5     180.     3     0.       0
 H                    4     2.57869  2     180.     3     0.       0
 H                    3     2.57869  1     180.     4     0.       0
 H                    9     2.57869  3     180.     4     0.       0
 H                    8     2.57869  4     180.     3     0.       0
 H                    7     2.57869  6     180.     3     0.       0
 
                          Input orientation:                          
 ---------------------------------------------------------------------
 Center     Atomic      Atomic             Coordinates (Angstroms)
 Number     Number       Type             X           Y           Z
 ---------------------------------------------------------------------
      1          1           0        0.000000    0.000000    0.000000
      2          1           0        0.000000    0.000000    2.578693
      3          1           0        0.447785    0.000000    2.539517
      4          1           0        0.447785    0.000000    5.118210
      5          1           0        0.000000    0.000000    5.157386
      6          1           0        0.447785    0.000000    7.696903
      7          1           0        0.895571    0.000000   10.236420
      8          1           0        0.895571    0.000000    7.657727
      9          1           0        0.895571    0.000000    5.079034
     10          1           0        1.343356    0.000000    7.618551
     11          1           0        1.343356    0.000000   10.197244
     12          1           0        1.343356    0.000000   12.775937
 ---------------------------------------------------------------------
                    Distance matrix (angstroms):
                    1          2          3          4          5
     1  H    0.000000
     2  H    2.578693   0.000000
     3  H    2.578693   0.449496   0.000000
     4  H    5.137761   2.578693   2.578693   0.000000
     5  H    5.157386   2.578693   2.655890   0.449496   0.000000
     6  H    7.709918   5.137761   5.157386   2.578693   2.578693
     7  H   10.275522   7.709918   7.709918   5.137761   5.157386
     8  H    7.709918   5.157386   5.137761   2.578693   2.655890
     9  H    5.157386   2.655890   2.578693   0.449496   0.898992
    10  H    7.736080   5.215820   5.157386   2.655890   2.803915
    11  H   10.285349   7.736080   7.709918   5.157386   5.215820
    12  H   12.846368  10.285349  10.275522   7.709918   7.736080
                    6          7          8          9         10
     6  H    0.000000
     7  H    2.578693   0.000000
     8  H    0.449496   2.578693   0.000000
     9  H    2.655890   5.157386   2.578693   0.000000
    10  H    0.898992   2.655890   0.449496   2.578693   0.000000
    11  H    2.655890   0.449496   2.578693   5.137761   2.578693
    12  H    5.157386   2.578693   5.137761   7.709918   5.157386
                   11         12
    11  H    0.000000
    12  H    2.578693   0.000000
 Stoichiometry    H12
 Framework group  C2H[SGH(H12)]
 Deg. of freedom    11
 Full point group                 C2H     NOp   4
 Largest Abelian subgroup         C2H     NOp   4
 Largest concise Abelian subgroup C2      NOp   2
                         Standard orientation:                         
 ---------------------------------------------------------------------
 Center     Atomic      Atomic             Coordinates (Angstroms)
 Number     Number       Type             X           Y           Z
 ---------------------------------------------------------------------
      1          1           0        0.447785    6.407557   -0.000000
      2          1           0        0.000000    3.868040    0.000000
      3          1           0        0.447785    3.828864   -0.000000
      4          1           0        0.000000    1.289347    0.000000
      5          1           0       -0.447785    1.328523    0.000000
      6          1           0       -0.447785   -1.250170    0.000000
      7          1           0       -0.447785   -3.828864    0.000000
      8          1           0       -0.000000   -1.289347    0.000000
      9          1           0        0.447785    1.250170   -0.000000
     10          1           0        0.447785   -1.328523    0.000000
     11          1           0       -0.000000   -3.868040    0.000000
     12          1           0       -0.447785   -6.407557    0.000000
 ---------------------------------------------------------------------
 Rotational constants (GHZ):    476.0332054      3.3014633      3.2787241
 General basis read from cards:  (5D, 7F)
 There are     6 symmetry adapted cartesian basis functions of AG  symmetry.
 There are     0 symmetry adapted cartesian basis functions of BG  symmetry.
 There are     0 symmetry adapted cartesian basis functions of AU  symmetry.
 There are     6 symmetry adapted cartesian basis functions of BU  symmetry.
 There are     6 symmetry adapted basis functions of AG  symmetry.
 There are     0 symmetry adapted basis functions of BG  symmetry.
 There are     0 symmetry adapted basis functions of AU  symmetry.
 There are     6 symmetry adapted basis functions of BU  symmetry.
    12 basis functions,   120 primitive gaussians,    12 cartesian basis functions
     6 alpha electrons        6 beta electrons
       nuclear repulsion energy        16.0926339356 Hartrees.
 NAtoms=   12 NActive=   12 NUniq=    6 SFac= 4.00D+00 NAtFMM=   60 NAOKFM=F Big=F
 Integral buffers will be    131072 words long.
 Regular integral format.
 Two-electron integral symmetry is turned on.
 One-electron integrals computed using PRISM.
 NBasis=    12 RedAO= T EigKep=  2.67D-02  NBF=     6     0     0     6
 NBsUse=    12 1.00D-06 EigRej= -1.00D+00 NBFU=     6     0     0     6
 Initial guess from the checkpoint file:  "h12.chk"
 B after Tr=    -0.000000    0.000000    0.000000
         Rot=    0.999982    0.000000   -0.000000   -0.006070 Ang=  -0.70 deg.
 Initial guess orbital symmetries:
       Occupied  (AG) (BU) (AG) (BU) (BU) (BU)
       Virtual   (AG) (AG) (BU) (AG) (AG) (BU)
 Keep R1 ints in memory in symmetry-blocked form, NReq=888776.
 Requested convergence on RMS density matrix=1.00D-08 within 128 cycles.
 Requested convergence on MAX density matrix=1.00D-06.
 Requested convergence on             energy=1.00D-06.
 No special actions if energy rises.
 SCF Done:  E(RHF) =  -4.09144969094     A.U. after    7 cycles
            NFock=  7  Conv=0.45D-09     -V/T= 1.6071
 Range of M.O.s used for correlation:     1    12
 NBasis=    12 NAE=     6 NBE=     6 NFC=     0 NFV=     0
 NROrb=     12 NOA=     6 NOB=     6 NVA=     6 NVB=     6

 **** Warning!!: The smallest alpha delta epsilon is  0.16507453D-02

 Semi-Direct transformation.
 ModeAB=           4 MOrb=             6 LenV=     134099417
 LASXX=         2181 LTotXX=        2181 LenRXX=        5115
 LTotAB=        2934 MaxLAS=        3024 LenRXY=           0
 NonZer=        7296 LenScr=      655360 LnRSAI=        3024
 LnScr1=      655360 LExtra=           0 Total=      1318859
 MaxDsk=          -1 SrtSym=           T ITran=            3
 JobTyp=0 Pass  1:  I=   1 to   6.
 (rs|ai) integrals will be sorted in core.
 Spin components of T(2) and E(2):
     alpha-alpha T2 =       0.4688141022D-02 E2=     -0.3663107514D-02
     alpha-beta  T2 =       0.1285980059D+02 E2=     -0.1147281043D+01
     beta-beta   T2 =       0.4688141022D-02 E2=     -0.3663107514D-02
 ANorm=    0.3724134378D+01
 E2 =    -0.1154607258D+01 EUMP2 =    -0.52460569488185D+01
 Second order stability test of a single determinant RHF wave function:
 Stabil:  MDV=134217728
 ***********************************************************************
 Matrix         Lowest Root    Major Pairs
 ***********************************************************************
 Internal RHF    -0.0845187    6A=7A
 RRHF --> CRHF   -0.0845232    6A=7A
 RRHF --> RUHF   -0.586879     5A=7B
 Not stable.
 ***********************************************************************

 **********************************************************************

            Population analysis using the SCF density.

 **********************************************************************

 Orbital symmetries:
       Occupied  (AG) (BU) (BU) (AG) (BU) (BU)
       Virtual   (AG) (AG) (BU) (AG) (AG) (BU)
 The electronic state is 1-AG.
 Alpha  occ. eigenvalues --   -0.95913  -0.95796  -0.73558  -0.73551  -0.20612
 Alpha  occ. eigenvalues --   -0.16659
 Alpha virt. eigenvalues --   -0.16494   0.06975   0.66535   0.66620   1.61839
 Alpha virt. eigenvalues --    1.71013
          Condensed to atoms (all electrons):
               1          2          3          4          5          6
     1  H    1.012398  -0.006852  -0.006845   0.000022   0.000002  -0.000000
     2  H   -0.006852   0.541364   0.479557  -0.008420   0.003765   0.000109
     3  H   -0.006845   0.479557   0.540477  -0.008415  -0.007304  -0.000093
     4  H    0.000022  -0.008420  -0.008415   1.586971   0.106560  -0.004563
     5  H    0.000002   0.003765  -0.007304   0.106560   1.425284   0.151410
     6  H   -0.000000   0.000109  -0.000093  -0.004563   0.151410   1.449510
     7  H    0.000000  -0.000000  -0.000000   0.000013   0.000100   0.003679
     8  H   -0.000000   0.000012   0.000013  -0.009546  -0.002259   0.108289
     9  H    0.000003  -0.007471   0.003679   0.108289  -0.949181  -0.138855
    10  H   -0.000000  -0.000086   0.000100  -0.002259  -0.111670  -0.949181
    11  H    0.000000  -0.000000  -0.000000   0.000012  -0.000086  -0.007471
    12  H   -0.000000   0.000000   0.000000  -0.000000  -0.000000   0.000003
               7          8          9         10         11         12
     1  H    0.000000  -0.000000   0.000003  -0.000000   0.000000  -0.000000
     2  H   -0.000000   0.000012  -0.007471  -0.000086  -0.000000   0.000000
     3  H   -0.000000   0.000013   0.003679   0.000100  -0.000000   0.000000
     4  H    0.000013  -0.009546   0.108289  -0.002259   0.000012  -0.000000
     5  H    0.000100  -0.002259  -0.949181  -0.111670  -0.000086  -0.000000
     6  H    0.003679   0.108289  -0.138855  -0.949181  -0.007471   0.000003
     7  H    0.540477  -0.008415  -0.000093  -0.007304   0.479557  -0.006845
     8  H   -0.008415   1.586971  -0.004563   0.106560  -0.008420   0.000022
     9  H   -0.000093  -0.004563   1.449510   0.151410   0.000109  -0.000000
    10  H   -0.007304   0.106560   0.151410   1.425284   0.003765   0.000002
    11  H    0.479557  -0.008420   0.000109   0.003765   0.541364  -0.006852
    12  H   -0.006845   0.000022  -0.000000   0.000002  -0.006852   1.012398
 Mulliken charges:
               1
     1  H    0.001272
     2  H   -0.001979
     3  H   -0.001170
     4  H   -0.768665
     5  H    0.383379
     6  H    0.387163
     7  H   -0.001170
     8  H   -0.768665
     9  H    0.387163
    10  H    0.383379
    11  H   -0.001979
    12  H    0.001272
 Sum of Mulliken charges =   0.00000
 Mulliken charges with hydrogens summed into heavy atoms:
               1
 Electronic spatial extent (au):  <R**2>=            582.1121
 Charge=              0.0000 electrons
 Dipole moment (field-independent basis, Debye):
    X=             -0.0000    Y=             -0.0000    Z=              0.0000  Tot=              0.0000
 Quadrupole moment (field-independent basis, Debye-Ang):
   XX=            -16.8416   YY=            -16.0079   ZZ=            -15.4987
   XY=             -0.0597   XZ=              0.0000   YZ=              0.0000
 Traceless Quadrupole moment (field-independent basis, Debye-Ang):
   XX=             -0.7255   YY=              0.1082   ZZ=              0.6174
   XY=             -0.0597   XZ=              0.0000   YZ=              0.0000
 Octapole moment (field-independent basis, Debye-Ang**2):
  XXX=              0.0000  YYY=             -0.0000  ZZZ=             -0.0000  XYY=              0.0000
  XXY=             -0.0000  XXZ=             -0.0000  XZZ=              0.0000  YZZ=             -0.0000
  YYZ=             -0.0000  XYZ=             -0.0000
 Hexadecapole moment (field-independent basis, Debye-Ang**3):
 XXXX=            -35.3466 YYYY=          -1302.5770 ZZZZ=            -18.9680 XXXY=            -35.8777
 XXXZ=              0.0000 YYYX=            -42.6055 YYYZ=              0.0000 ZZZX=              0.0000
 ZZZY=              0.0000 XXYY=           -209.1984 XXZZ=             -9.0053 YYZZ=           -209.2027
 XXYZ=              0.0000 YYXZ=              0.0000 ZZXY=            -12.2590
 N-N= 1.609263393562D+01 E-N=-3.958581456525D+01  KE= 6.739467518401D+00
 Symmetry AG   KE= 1.770109707775D+00
 Symmetry BG   KE= 0.000000000000D+00
 Symmetry AU   KE= 0.000000000000D+00
 Symmetry BU   KE= 4.969357810626D+00

 Test job not archived.
 1\1\GINC-SULU\Stability\RHF\Gen\H12\LCJ1\17-Feb-2017\0\\#rhf/gen scf(s
 ymm,tight,novaracc,noincfock,fulldiag) stable(crhf) guess=read geom=no
 crowd test\\hf stability analysis of h12 triangular lattice, y= 2.5688
 804782633659\\0,1\H\H,1,2.578693175\H,1,2.578693175,2,10.\H,2,2.578693
 175,1,170.,3,0.,0\H,2,2.578693175,1,180.,3,0.,0\H,4,2.578693175,3,180.
 ,5,0.,0\H,6,2.578693175,5,180.,3,0.,0\H,4,2.578693175,2,180.,3,0.,0\H,
 3,2.578693175,1,180.,4,0.,0\H,9,2.578693175,3,180.,4,0.,0\H,8,2.578693
 175,4,180.,3,0.,0\H,7,2.578693175,6,180.,3,0.,0\\Version=ES64L-G09RevE
 .01\State=1-AG\HF=-4.0914497\MP2=-5.2460569\RMSD=4.524e-10\Dipole=0.,0
 .,0.\Quadrupole=-0.5055494,0.4590186,0.0465308,0.,0.1477227,0.\PG=C02H
  [SGH(H12)]\\@


 WISDOM IS KNOWING WHAT TO DO,
 SKILL IS KNOWING HOW TO DO IT,
 AND VIRTUE IS NOT DOING IT.
 Job cpu time:       0 days  0 hours  0 minutes  0.8 seconds.
 File lengths (MBytes):  RWF=     84 Int=      0 D2E=      0 Chk=      2 Scr=      2
 Normal termination of Gaussian 09 at Fri Feb 17 12:07:51 2017.
