 Entering Gaussian System, Link 0=g09
 AtFile(1): H.gbs
            H     0
            S   10   1.00
               1000.000000000000            0.000068713567
                316.227766000000            0.000169141320
                100.000000000000            0.000823394812
                 31.622776600000            0.003425569236
                 10.000000000000            0.013951996000
                  3.162277660000            0.056909313560
                  1.000000000000            0.198286399900
                  0.316227766000            0.496922426700
                  0.100000000000            0.369846276400
                  0.031622776600            0.003752720039
            ****
 Initial command:
 /projects/guscus/apps/gau/g09-e1/g09/l1.exe "/users/lcj1/gaussian/h12/rhfstability/rect/guess/2au4bu/Gau-28894.inp" -scrdir="/users/lcj1/gaussian/h12/rhfstability/rect/guess/2au4bu/"
 Entering Link 1 = /projects/guscus/apps/gau/g09-e1/g09/l1.exe PID=     28895.
  
 Copyright (c) 1988,1990,1992,1993,1995,1998,2003,2009,2015,
            Gaussian, Inc.  All Rights Reserved.
  
 This is part of the Gaussian(R) 09 program.  It is based on
 the Gaussian(R) 03 system (copyright 2003, Gaussian, Inc.),
 the Gaussian(R) 98 system (copyright 1998, Gaussian, Inc.),
 the Gaussian(R) 94 system (copyright 1995, Gaussian, Inc.),
 the Gaussian 92(TM) system (copyright 1992, Gaussian, Inc.),
 the Gaussian 90(TM) system (copyright 1990, Gaussian, Inc.),
 the Gaussian 88(TM) system (copyright 1988, Gaussian, Inc.),
 the Gaussian 86(TM) system (copyright 1986, Carnegie Mellon
 University), and the Gaussian 82(TM) system (copyright 1983,
 Carnegie Mellon University). Gaussian is a federally registered
 trademark of Gaussian, Inc.
  
 This software contains proprietary and confidential information,
 including trade secrets, belonging to Gaussian, Inc.
  
 This software is provided under written license and may be
 used, copied, transmitted, or stored only in accord with that
 written license.
  
 The following legend is applicable only to US Government
 contracts under FAR:
  
                    RESTRICTED RIGHTS LEGEND
  
 Use, reproduction and disclosure by the US Government is
 subject to restrictions as set forth in subparagraphs (a)
 and (c) of the Commercial Computer Software - Restricted
 Rights clause in FAR 52.227-19.
  
 Gaussian, Inc.
 340 Quinnipiac St., Bldg. 40, Wallingford CT 06492
  
  
 ---------------------------------------------------------------
 Warning -- This program may not be used in any manner that
 competes with the business of Gaussian, Inc. or will provide
 assistance to any competitor of Gaussian, Inc.  The licensee
 of this program is prohibited from giving any competitor of
 Gaussian, Inc. access to this program.  By using this program,
 the user acknowledges that Gaussian, Inc. is engaged in the
 business of creating and licensing software in the field of
 computational chemistry and represents and warrants to the
 licensee that it is not a competitor of Gaussian, Inc. and that
 it will not use this program in any manner prohibited above.
 ---------------------------------------------------------------
  

 Cite this work as:
 Gaussian 09, Revision E.01,
 M. J. Frisch, G. W. Trucks, H. B. Schlegel, G. E. Scuseria, 
 M. A. Robb, J. R. Cheeseman, G. Scalmani, V. Barone, B. Mennucci, 
 G. A. Petersson, H. Nakatsuji, M. Caricato, X. Li, H. P. Hratchian, 
 A. F. Izmaylov, J. Bloino, G. Zheng, J. L. Sonnenberg, M. Hada, 
 M. Ehara, K. Toyota, R. Fukuda, J. Hasegawa, M. Ishida, T. Nakajima, 
 Y. Honda, O. Kitao, H. Nakai, T. Vreven, J. A. Montgomery, Jr., 
 J. E. Peralta, F. Ogliaro, M. Bearpark, J. J. Heyd, E. Brothers, 
 K. N. Kudin, V. N. Staroverov, T. Keith, R. Kobayashi, J. Normand, 
 K. Raghavachari, A. Rendell, J. C. Burant, S. S. Iyengar, J. Tomasi, 
 M. Cossi, N. Rega, J. M. Millam, M. Klene, J. E. Knox, J. B. Cross, 
 V. Bakken, C. Adamo, J. Jaramillo, R. Gomperts, R. E. Stratmann, 
 O. Yazyev, A. J. Austin, R. Cammi, C. Pomelli, J. W. Ochterski, 
 R. L. Martin, K. Morokuma, V. G. Zakrzewski, G. A. Voth, 
 P. Salvador, J. J. Dannenberg, S. Dapprich, A. D. Daniels, 
 O. Farkas, J. B. Foresman, J. V. Ortiz, J. Cioslowski, 
 and D. J. Fox, Gaussian, Inc., Wallingford CT, 2013.
 
 ******************************************
 Gaussian 09:  ES64L-G09RevE.01 30-Nov-2015
                17-Feb-2017 
 ******************************************
 %chk=h12.chk
 ----------------------------------------------------------------------
 #rhf/gen scf(symm,tight,novaracc,noincfock,fulldiag) stable(crhf) gues
 s=read geom=nocrowd test
 ----------------------------------------------------------------------
 1/38=1/1;
 2/12=1,17=6,18=5,40=1/2;
 3/5=7,16=1,25=1,30=1,116=1/1,2,3;
 4/5=1,9=4/1;
 5/5=100002,15=2,16=1,32=2,38=6/2;
 8/6=1,10=90,11=11/1,4;
 9/8=4,13=1/2;
 6/7=2,8=2,9=2,10=2,28=1/1;
 99/5=1,9=1/99;
 ----------------------------------------------------------------------
 hf stability analysis of h12 triangular lattice, y= 0.4707695940863088
 6
 ----------------------------------------------------------------------
 Symbolic Z-matrix:
 Charge =  0 Multiplicity = 1
 H
 H                    1     1.31365 
 H                    1     1.31365  2     138. 
 H                    2     1.31365  1     42.      3     0.       0
 H                    2     1.31365  1     180.     3     0.       0
 H                    4     1.31365  3     180.     5     0.       0
 H                    6     1.31365  5     180.     3     0.       0
 H                    4     1.31365  2     180.     3     0.       0
 H                    3     1.31365  1     180.     4     0.       0
 H                    9     1.31365  3     180.     4     0.       0
 H                    8     1.31365  4     180.     3     0.       0
 H                    7     1.31365  6     180.     3     0.       0
 
                          Input orientation:                          
 ---------------------------------------------------------------------
 Center     Atomic      Atomic             Coordinates (Angstroms)
 Number     Number       Type             X           Y           Z
 ---------------------------------------------------------------------
      1          1           0        0.000000    0.000000    0.000000
      2          1           0        0.000000    0.000000    1.313649
      3          1           0        0.879003    0.000000   -0.976231
      4          1           0        0.879003    0.000000    0.337417
      5          1           0        0.000000    0.000000    2.627297
      6          1           0        0.879003    0.000000    1.651066
      7          1           0        1.758005    0.000000    0.674835
      8          1           0        1.758005    0.000000   -0.638814
      9          1           0        1.758005    0.000000   -1.952462
     10          1           0        2.637008    0.000000   -2.928694
     11          1           0        2.637008    0.000000   -1.615045
     12          1           0        2.637008    0.000000   -0.301396
 ---------------------------------------------------------------------
                    Distance matrix (angstroms):
                    1          2          3          4          5
     1  H    0.000000
     2  H    1.313649   0.000000
     3  H    1.313649   2.452793   0.000000
     4  H    0.941539   1.313649   1.313649   0.000000
     5  H    2.627297   1.313649   3.709186   2.452793   0.000000
     6  H    1.870472   0.941539   2.627297   1.313649   1.313649
     7  H    1.883078   1.870472   1.870472   0.941539   2.627297
     8  H    1.870472   2.627297   0.941539   1.313649   3.709186
     9  H    2.627297   3.709186   1.313649   2.452793   4.905587
    10  H    3.940946   4.995125   2.627297   3.709186   6.150028
    11  H    3.092277   3.940946   1.870472   2.627297   4.995125
    12  H    2.654176   3.092277   1.883078   1.870472   3.940946
                    6          7          8          9         10
     6  H    0.000000
     7  H    1.313649   0.000000
     8  H    2.452793   1.313649   0.000000
     9  H    3.709186   2.627297   1.313649   0.000000
    10  H    4.905587   3.709186   2.452793   1.313649   0.000000
    11  H    3.709186   2.452793   1.313649   0.941539   1.313649
    12  H    2.627297   1.313649   0.941539   1.870472   2.627297
                   11         12
    11  H    0.000000
    12  H    1.313649   0.000000
 Stoichiometry    H12
 Framework group  C2H[SGH(H12)]
 Deg. of freedom    11
 Full point group                 C2H     NOp   4
 Largest Abelian subgroup         C2H     NOp   4
 Largest concise Abelian subgroup C2      NOp   2
                         Standard orientation:                         
 ---------------------------------------------------------------------
 Center     Atomic      Atomic             Coordinates (Angstroms)
 Number     Number       Type             X           Y           Z
 ---------------------------------------------------------------------
      1          1           0        0.879003    0.994242    0.000000
      2          1           0        0.000000    1.970473    0.000000
      3          1           0        0.879003   -0.319407    0.000000
      4          1           0        0.000000    0.656824    0.000000
      5          1           0       -0.879003    2.946704    0.000000
      6          1           0       -0.879003    1.633056    0.000000
      7          1           0       -0.879003    0.319407    0.000000
      8          1           0       -0.000000   -0.656824    0.000000
      9          1           0        0.879003   -1.633056   -0.000000
     10          1           0        0.879003   -2.946704    0.000000
     11          1           0       -0.000000   -1.970473    0.000000
     12          1           0       -0.879003   -0.994242    0.000000
 ---------------------------------------------------------------------
 Rotational constants (GHZ):    110.1222146     14.2714863     12.6341420
 General basis read from cards:  (5D, 7F)
 There are     6 symmetry adapted cartesian basis functions of AG  symmetry.
 There are     0 symmetry adapted cartesian basis functions of BG  symmetry.
 There are     0 symmetry adapted cartesian basis functions of AU  symmetry.
 There are     6 symmetry adapted cartesian basis functions of BU  symmetry.
 There are     6 symmetry adapted basis functions of AG  symmetry.
 There are     0 symmetry adapted basis functions of BG  symmetry.
 There are     0 symmetry adapted basis functions of AU  symmetry.
 There are     6 symmetry adapted basis functions of BU  symmetry.
    12 basis functions,   120 primitive gaussians,    12 cartesian basis functions
     6 alpha electrons        6 beta electrons
       nuclear repulsion energy        18.5281432882 Hartrees.
 NAtoms=   12 NActive=   12 NUniq=    6 SFac= 4.00D+00 NAtFMM=   60 NAOKFM=F Big=F
 Integral buffers will be    131072 words long.
 Regular integral format.
 Two-electron integral symmetry is turned on.
 One-electron integrals computed using PRISM.
 NBasis=    12 RedAO= T EigKep=  1.60D-01  NBF=     6     0     0     6
 NBsUse=    12 1.00D-06 EigRej= -1.00D+00 NBFU=     6     0     0     6
 Initial guess from the checkpoint file:  "h12.chk"
 B after Tr=    -0.000000   -0.000000   -0.000000
         Rot=    0.999982    0.000000   -0.000000   -0.006070 Ang=  -0.70 deg.
 Initial guess orbital symmetries:
       Occupied  (AG) (BU) (AG) (BU) (BU) (BU)
       Virtual   (AG) (AG) (BU) (AG) (AG) (BU)
 Keep R1 ints in memory in symmetry-blocked form, NReq=901152.
 Requested convergence on RMS density matrix=1.00D-08 within 128 cycles.
 Requested convergence on MAX density matrix=1.00D-06.
 Requested convergence on             energy=1.00D-06.
 No special actions if energy rises.
 SCF Done:  E(RHF) =  -5.45547263147     A.U. after   10 cycles
            NFock= 10  Conv=0.66D-09     -V/T= 1.7839
 Range of M.O.s used for correlation:     1    12
 NBasis=    12 NAE=     6 NBE=     6 NFC=     0 NFV=     0
 NROrb=     12 NOA=     6 NOB=     6 NVA=     6 NVB=     6

 **** Warning!!: The smallest alpha delta epsilon is -0.48535491D-01

 Semi-Direct transformation.
 ModeAB=           4 MOrb=             6 LenV=     134087475
 LASXX=         2181 LTotXX=        2181 LenRXX=        5115
 LTotAB=        2934 MaxLAS=        3024 LenRXY=           0
 NonZer=        7296 LenScr=      655360 LnRSAI=        3024
 LnScr1=      655360 LExtra=           0 Total=      1318859
 MaxDsk=          -1 SrtSym=           T ITran=            3
 JobTyp=0 Pass  1:  I=   1 to   6.
 (rs|ai) integrals will be sorted in core.
 Spin components of T(2) and E(2):
     alpha-alpha T2 =       0.1190445980D-01 E2=     -0.1006918252D-01
     alpha-beta  T2 =       0.1307190593D+03 E2=      0.6580480179D-01
     beta-beta   T2 =       0.1190445980D-01 E2=     -0.1006918252D-01
 ANorm=    0.1147792961D+02
 E2 =     0.4566643676D-01 EUMP2 =    -0.54098061947088D+01
 Second order stability test of a single determinant RHF wave function:
 Stabil:  MDV=134217728
 ***********************************************************************
 Matrix         Lowest Root    Major Pairs
 ***********************************************************************
 Internal RHF    -0.2463896    6A=7A
 RRHF --> CRHF   -0.2723267    6A=7A
 RRHF --> RUHF   -0.5227992    6A=8B
 Not stable.
 ***********************************************************************

 **********************************************************************

            Population analysis using the SCF density.

 **********************************************************************

 Orbital symmetries:
       Occupied  (AG) (BU) (AG) (BU) (BU) (BU)
       Virtual   (AG) (AG) (AG) (BU) (AG) (BU)
 The electronic state is 1-AG.
 Alpha  occ. eigenvalues --   -0.91256  -0.75241  -0.57960  -0.52626  -0.39291
 Alpha  occ. eigenvalues --   -0.00972
 Alpha virt. eigenvalues --   -0.05825   0.03351   0.31776   0.33116   0.51657
 Alpha virt. eigenvalues --    0.62341
          Condensed to atoms (all electrons):
               1          2          3          4          5          6
     1  H    0.665299  -0.159897   0.087493   0.420359   0.013326  -0.089383
     2  H   -0.159897   1.209095   0.045807  -0.297786  -0.229915   0.572939
     3  H    0.087493   0.045807   1.043391  -0.201730  -0.003806   0.002639
     4  H    0.420359  -0.297786  -0.201730   1.265912   0.014163  -0.189271
     5  H    0.013326  -0.229915  -0.003806   0.014163   1.464522  -0.095033
     6  H   -0.089383   0.572939   0.002639  -0.189271  -0.095033   0.738153
     7  H   -0.008401  -0.147593  -0.213964   0.490468   0.006179  -0.105883
     8  H   -0.101051   0.042468   0.490468  -0.333096  -0.005358   0.025772
     9  H    0.021740  -0.006153  -0.105883   0.025772   0.001305  -0.003562
    10  H   -0.003115   0.001825   0.006179  -0.005358  -0.000395   0.001305
    11  H    0.010743  -0.008548  -0.147593   0.042468   0.001825  -0.006153
    12  H   -0.052506   0.010743  -0.008401  -0.101051  -0.003115   0.021740
               7          8          9         10         11         12
     1  H   -0.008401  -0.101051   0.021740  -0.003115   0.010743  -0.052506
     2  H   -0.147593   0.042468  -0.006153   0.001825  -0.008548   0.010743
     3  H   -0.213964   0.490468  -0.105883   0.006179  -0.147593  -0.008401
     4  H    0.490468  -0.333096   0.025772  -0.005358   0.042468  -0.101051
     5  H    0.006179  -0.005358   0.001305  -0.000395   0.001825  -0.003115
     6  H   -0.105883   0.025772  -0.003562   0.001305  -0.006153   0.021740
     7  H    1.043391  -0.201730   0.002639  -0.003806   0.045807   0.087493
     8  H   -0.201730   1.265912  -0.189271   0.014163  -0.297786   0.420359
     9  H    0.002639  -0.189271   0.738153  -0.095033   0.572939  -0.089383
    10  H   -0.003806   0.014163  -0.095033   1.464522  -0.229915   0.013326
    11  H    0.045807  -0.297786   0.572939  -0.229915   1.209095  -0.159897
    12  H    0.087493   0.420359  -0.089383   0.013326  -0.159897   0.665299
 Mulliken charges:
               1
     1  H    0.195394
     2  H   -0.032983
     3  H    0.005401
     4  H   -0.130850
     5  H   -0.163698
     6  H    0.126737
     7  H    0.005401
     8  H   -0.130850
     9  H    0.126737
    10  H   -0.163698
    11  H   -0.032983
    12  H    0.195394
 Sum of Mulliken charges =  -0.00000
 Mulliken charges with hydrogens summed into heavy atoms:
               1
 Electronic spatial extent (au):  <R**2>=            187.0406
 Charge=             -0.0000 electrons
 Dipole moment (field-independent basis, Debye):
    X=              0.0000    Y=              0.0000    Z=              0.0000  Tot=              0.0000
 Quadrupole moment (field-independent basis, Debye-Ang):
   XX=            -14.6758   YY=            -31.3772   ZZ=            -14.8815
   XY=              6.7161   XZ=             -0.0000   YZ=              0.0000
 Traceless Quadrupole moment (field-independent basis, Debye-Ang):
   XX=              5.6357   YY=            -11.0657   ZZ=              5.4300
   XY=              6.7161   XZ=             -0.0000   YZ=              0.0000
 Octapole moment (field-independent basis, Debye-Ang**2):
  XXX=              0.0000  YYY=              0.0000  ZZZ=             -0.0000  XYY=              0.0000
  XXY=              0.0000  XXZ=             -0.0000  XZZ=              0.0000  YZZ=              0.0000
  YYZ=             -0.0000  XYZ=              0.0000
 Hexadecapole moment (field-independent basis, Debye-Ang**3):
 XXXX=            -65.6578 YYYY=           -493.1311 ZZZZ=            -17.5358 XXXY=             36.2665
 XXXZ=              0.0000 YYYX=             95.5069 YYYZ=              0.0000 ZZZX=              0.0000
 ZZZY=              0.0000 XXYY=            -74.1177 XXZZ=            -14.0068 YYZZ=            -52.9700
 XXYZ=              0.0000 YYXZ=             -0.0000 ZZXY=             10.6667
 N-N= 1.852814328823D+01 E-N=-4.857930343969D+01  KE= 6.959015193853D+00
 Symmetry AG   KE= 1.504401767341D+00
 Symmetry BG   KE= 0.000000000000D+00
 Symmetry AU   KE= 0.000000000000D+00
 Symmetry BU   KE= 5.454613426512D+00

 Test job not archived.
 1\1\GINC-SULU\Stability\RHF\Gen\H12\LCJ1\17-Feb-2017\0\\#rhf/gen scf(s
 ymm,tight,novaracc,noincfock,fulldiag) stable(crhf) guess=read geom=no
 crowd test\\hf stability analysis of h12 triangular lattice, y= 0.4707
 6959408630886\\0,1\H\H,1,1.3136486736\H,1,1.3136486736,2,138.\H,2,1.31
 36486736,1,42.,3,0.,0\H,2,1.3136486736,1,180.,3,0.,0\H,4,1.3136486736,
 3,180.,5,0.,0\H,6,1.3136486736,5,180.,3,0.,0\H,4,1.3136486736,2,180.,3
 ,0.,0\H,3,1.3136486736,1,180.,4,0.,0\H,9,1.3136486736,3,180.,4,0.,0\H,
 8,1.3136486736,4,180.,3,0.,0\H,7,1.3136486736,6,180.,3,0.,0\\Version=E
 S64L-G09RevE.01\State=1-AG\HF=-5.4554726\MP2=-5.4098062\RMSD=6.635e-10
 \Dipole=0.,0.,0.\Quadrupole=3.5963025,4.0370956,-7.6333981,0.,5.652619
 1,0.\PG=C02H [SGH(H12)]\\@


 THE SECRET OF SUCCESS IN LIFE IS TO EAT WHAT YOU LIKE, AND LET THE FOOD
 FIGHT IT OUT INSIDE YOU. -- FROM A FORTUNE COOKIE
 Job cpu time:       0 days  0 hours  0 minutes  1.0 seconds.
 File lengths (MBytes):  RWF=     84 Int=      0 D2E=      0 Chk=      2 Scr=      2
 Normal termination of Gaussian 09 at Fri Feb 17 12:05:15 2017.
