 Entering Gaussian System, Link 0=g09
 AtFile(1): H.gbs
            H     0
            S   10   1.00
               1000.000000000000            0.000068713567
                316.227766000000            0.000169141320
                100.000000000000            0.000823394812
                 31.622776600000            0.003425569236
                 10.000000000000            0.013951996000
                  3.162277660000            0.056909313560
                  1.000000000000            0.198286399900
                  0.316227766000            0.496922426700
                  0.100000000000            0.369846276400
                  0.031622776600            0.003752720039
            ****
 Initial command:
 /projects/guscus/apps/gau/g09-e1/g09/l1.exe "/users/lcj1/gaussian/h12/rhfstability/rect/guess/ag4bu2/Gau-16573.inp" -scrdir="/users/lcj1/gaussian/h12/rhfstability/rect/guess/ag4bu2/"
 Entering Link 1 = /projects/guscus/apps/gau/g09-e1/g09/l1.exe PID=     16574.
  
 Copyright (c) 1988,1990,1992,1993,1995,1998,2003,2009,2015,
            Gaussian, Inc.  All Rights Reserved.
  
 This is part of the Gaussian(R) 09 program.  It is based on
 the Gaussian(R) 03 system (copyright 2003, Gaussian, Inc.),
 the Gaussian(R) 98 system (copyright 1998, Gaussian, Inc.),
 the Gaussian(R) 94 system (copyright 1995, Gaussian, Inc.),
 the Gaussian 92(TM) system (copyright 1992, Gaussian, Inc.),
 the Gaussian 90(TM) system (copyright 1990, Gaussian, Inc.),
 the Gaussian 88(TM) system (copyright 1988, Gaussian, Inc.),
 the Gaussian 86(TM) system (copyright 1986, Carnegie Mellon
 University), and the Gaussian 82(TM) system (copyright 1983,
 Carnegie Mellon University). Gaussian is a federally registered
 trademark of Gaussian, Inc.
  
 This software contains proprietary and confidential information,
 including trade secrets, belonging to Gaussian, Inc.
  
 This software is provided under written license and may be
 used, copied, transmitted, or stored only in accord with that
 written license.
  
 The following legend is applicable only to US Government
 contracts under FAR:
  
                    RESTRICTED RIGHTS LEGEND
  
 Use, reproduction and disclosure by the US Government is
 subject to restrictions as set forth in subparagraphs (a)
 and (c) of the Commercial Computer Software - Restricted
 Rights clause in FAR 52.227-19.
  
 Gaussian, Inc.
 340 Quinnipiac St., Bldg. 40, Wallingford CT 06492
  
  
 ---------------------------------------------------------------
 Warning -- This program may not be used in any manner that
 competes with the business of Gaussian, Inc. or will provide
 assistance to any competitor of Gaussian, Inc.  The licensee
 of this program is prohibited from giving any competitor of
 Gaussian, Inc. access to this program.  By using this program,
 the user acknowledges that Gaussian, Inc. is engaged in the
 business of creating and licensing software in the field of
 computational chemistry and represents and warrants to the
 licensee that it is not a competitor of Gaussian, Inc. and that
 it will not use this program in any manner prohibited above.
 ---------------------------------------------------------------
  

 Cite this work as:
 Gaussian 09, Revision E.01,
 M. J. Frisch, G. W. Trucks, H. B. Schlegel, G. E. Scuseria, 
 M. A. Robb, J. R. Cheeseman, G. Scalmani, V. Barone, B. Mennucci, 
 G. A. Petersson, H. Nakatsuji, M. Caricato, X. Li, H. P. Hratchian, 
 A. F. Izmaylov, J. Bloino, G. Zheng, J. L. Sonnenberg, M. Hada, 
 M. Ehara, K. Toyota, R. Fukuda, J. Hasegawa, M. Ishida, T. Nakajima, 
 Y. Honda, O. Kitao, H. Nakai, T. Vreven, J. A. Montgomery, Jr., 
 J. E. Peralta, F. Ogliaro, M. Bearpark, J. J. Heyd, E. Brothers, 
 K. N. Kudin, V. N. Staroverov, T. Keith, R. Kobayashi, J. Normand, 
 K. Raghavachari, A. Rendell, J. C. Burant, S. S. Iyengar, J. Tomasi, 
 M. Cossi, N. Rega, J. M. Millam, M. Klene, J. E. Knox, J. B. Cross, 
 V. Bakken, C. Adamo, J. Jaramillo, R. Gomperts, R. E. Stratmann, 
 O. Yazyev, A. J. Austin, R. Cammi, C. Pomelli, J. W. Ochterski, 
 R. L. Martin, K. Morokuma, V. G. Zakrzewski, G. A. Voth, 
 P. Salvador, J. J. Dannenberg, S. Dapprich, A. D. Daniels, 
 O. Farkas, J. B. Foresman, J. V. Ortiz, J. Cioslowski, 
 and D. J. Fox, Gaussian, Inc., Wallingford CT, 2013.
 
 ******************************************
 Gaussian 09:  ES64L-G09RevE.01 30-Nov-2015
                17-Feb-2017 
 ******************************************
 %chk=h12.chk
 ----------------------------------------------------------------------
 #rhf/gen scf(symm,tight,novaracc,noincfock,fulldiag) stable(crhf) gues
 s=read geom=nocrowd test
 ----------------------------------------------------------------------
 1/38=1/1;
 2/12=1,17=6,18=5,40=1/2;
 3/5=7,16=1,25=1,30=1,116=1/1,2,3;
 4/5=1,9=4/1;
 5/5=100002,15=2,16=1,32=2,38=6/2;
 8/6=1,10=90,11=11/1,4;
 9/8=4,13=1/2;
 6/7=2,8=2,9=2,10=2,28=1/1;
 99/5=1,9=1/99;
 ----------------------------------------------------------------------
 hf stability analysis of h12 triangular lattice, y= 0.4490208748124050
 5
 ----------------------------------------------------------------------
 Symbolic Z-matrix:
 Charge =  0 Multiplicity = 1
 H
 H                    1     1.36195 
 H                    1     1.36195  2     141.5 
 H                    2     1.36195  1     38.5     3     0.       0
 H                    2     1.36195  1     180.     3     0.       0
 H                    4     1.36195  3     180.     5     0.       0
 H                    6     1.36195  5     180.     3     0.       0
 H                    4     1.36195  2     180.     3     0.       0
 H                    3     1.36195  1     180.     4     0.       0
 H                    9     1.36195  3     180.     4     0.       0
 H                    8     1.36195  4     180.     3     0.       0
 H                    7     1.36195  6     180.     3     0.       0
 
                          Input orientation:                          
 ---------------------------------------------------------------------
 Center     Atomic      Atomic             Coordinates (Angstroms)
 Number     Number       Type             X           Y           Z
 ---------------------------------------------------------------------
      1          1           0        0.000000    0.000000    0.000000
      2          1           0        0.000000    0.000000    1.361946
      3          1           0        0.847831    0.000000   -1.065870
      4          1           0        0.847831    0.000000    0.296076
      5          1           0        0.000000    0.000000    2.723892
      6          1           0        0.847831    0.000000    1.658022
      7          1           0        1.695663    0.000000    0.592152
      8          1           0        1.695663    0.000000   -0.769794
      9          1           0        1.695663    0.000000   -2.131740
     10          1           0        2.543494    0.000000   -3.197610
     11          1           0        2.543494    0.000000   -1.835664
     12          1           0        2.543494    0.000000   -0.473718
 ---------------------------------------------------------------------
                    Distance matrix (angstroms):
                    1          2          3          4          5
     1  H    0.000000
     2  H    1.361946   0.000000
     3  H    1.361946   2.571597   0.000000
     4  H    0.898042   1.361946   1.361946   0.000000
     5  H    2.723892   1.361946   3.883441   2.571597   0.000000
     6  H    1.862218   0.898042   2.723892   1.361946   1.361946
     7  H    1.796083   1.862218   1.862218   0.898042   2.723892
     8  H    1.862218   2.723892   0.898042   1.361946   3.883441
     9  H    2.723892   3.883441   1.361946   2.571597   5.143193
    10  H    4.085838   5.221007   2.723892   3.883441   6.444653
    11  H    3.136722   4.085838   1.862218   2.723892   5.221007
    12  H    2.587232   3.136722   1.796083   1.862218   4.085838
                    6          7          8          9         10
     6  H    0.000000
     7  H    1.361946   0.000000
     8  H    2.571597   1.361946   0.000000
     9  H    3.883441   2.723892   1.361946   0.000000
    10  H    5.143193   3.883441   2.571597   1.361946   0.000000
    11  H    3.883441   2.571597   1.361946   0.898042   1.361946
    12  H    2.723892   1.361946   0.898042   1.862218   2.723892
                   11         12
    11  H    0.000000
    12  H    1.361946   0.000000
 Stoichiometry    H12
 Framework group  C2H[SGH(H12)]
 Deg. of freedom    11
 Full point group                 C2H     NOp   4
 Largest Abelian subgroup         C2H     NOp   4
 Largest concise Abelian subgroup C2      NOp   2
                         Standard orientation:                         
 ---------------------------------------------------------------------
 Center     Atomic      Atomic             Coordinates (Angstroms)
 Number     Number       Type             X           Y           Z
 ---------------------------------------------------------------------
      1          1           0        0.847831    0.977049   -0.000000
      2          1           0        0.000000    2.042919   -0.000000
      3          1           0        0.847831   -0.384897    0.000000
      4          1           0        0.000000    0.680973   -0.000000
      5          1           0       -0.847831    3.108789   -0.000000
      6          1           0       -0.847831    1.746843   -0.000000
      7          1           0       -0.847831    0.384897    0.000000
      8          1           0       -0.000000   -0.680973   -0.000000
      9          1           0        0.847831   -1.746843   -0.000000
     10          1           0        0.847831   -3.108789   -0.000000
     11          1           0       -0.000000   -2.042919   -0.000000
     12          1           0       -0.847831   -0.977049    0.000000
 ---------------------------------------------------------------------
 Rotational constants (GHZ):    120.6864811     13.0222347     11.7539659
 General basis read from cards:  (5D, 7F)
 There are     6 symmetry adapted cartesian basis functions of AG  symmetry.
 There are     0 symmetry adapted cartesian basis functions of BG  symmetry.
 There are     0 symmetry adapted cartesian basis functions of AU  symmetry.
 There are     6 symmetry adapted cartesian basis functions of BU  symmetry.
 There are     6 symmetry adapted basis functions of AG  symmetry.
 There are     0 symmetry adapted basis functions of BG  symmetry.
 There are     0 symmetry adapted basis functions of AU  symmetry.
 There are     6 symmetry adapted basis functions of BU  symmetry.
    12 basis functions,   120 primitive gaussians,    12 cartesian basis functions
     6 alpha electrons        6 beta electrons
       nuclear repulsion energy        18.2715490502 Hartrees.
 NAtoms=   12 NActive=   12 NUniq=    6 SFac= 4.00D+00 NAtFMM=   60 NAOKFM=F Big=F
 Integral buffers will be    131072 words long.
 Regular integral format.
 Two-electron integral symmetry is turned on.
 One-electron integrals computed using PRISM.
 NBasis=    12 RedAO= T EigKep=  1.47D-01  NBF=     6     0     0     6
 NBsUse=    12 1.00D-06 EigRej= -1.00D+00 NBFU=     6     0     0     6
 Initial guess from the checkpoint file:  "h12.chk"
 B after Tr=    -0.000000   -0.000000   -0.000000
         Rot=    0.992362   -0.000000    0.000000    0.123363 Ang=  14.17 deg.
 Initial guess orbital symmetries:
       Occupied  (AG) (BU) (BU) (AG) (AG) (AG)
       Virtual   (BU) (BU) (BU) (AG) (AG) (BU)
 Keep R1 ints in memory in symmetry-blocked form, NReq=900410.
 Requested convergence on RMS density matrix=1.00D-08 within 128 cycles.
 Requested convergence on MAX density matrix=1.00D-06.
 Requested convergence on             energy=1.00D-06.
 No special actions if energy rises.
 SCF Done:  E(RHF) =  -5.38428774644     A.U. after   14 cycles
            NFock= 14  Conv=0.45D-08     -V/T= 1.8160
 Range of M.O.s used for correlation:     1    12
 NBasis=    12 NAE=     6 NBE=     6 NFC=     0 NFV=     0
 NROrb=     12 NOA=     6 NOB=     6 NVA=     6 NVB=     6

 **** Warning!!: The smallest alpha delta epsilon is -0.90769038D-01

 Semi-Direct transformation.
 ModeAB=           4 MOrb=             6 LenV=     134087965
 LASXX=         2181 LTotXX=        2181 LenRXX=        5115
 LTotAB=        2934 MaxLAS=        3024 LenRXY=           0
 NonZer=        7296 LenScr=      655360 LnRSAI=        3024
 LnScr1=      655360 LExtra=           0 Total=      1318859
 MaxDsk=          -1 SrtSym=           T ITran=            3
 JobTyp=0 Pass  1:  I=   1 to   6.
 (rs|ai) integrals will be sorted in core.
 Spin components of T(2) and E(2):
     alpha-alpha T2 =       0.3335368623D-01 E2=     -0.2181555486D-01
     alpha-beta  T2 =       0.4777780436D+01 E2=     -0.5121373127D+00
     beta-beta   T2 =       0.3335368623D-01 E2=     -0.2181555486D-01
 ANorm=    0.2417537550D+01
 E2 =    -0.5557684224D+00 EUMP2 =    -0.59400561688277D+01
 Second order stability test of a single determinant RHF wave function:
 Stabil:  MDV=134217728
 ***********************************************************************
 Matrix         Lowest Root    Major Pairs
 ***********************************************************************
 Internal RHF    -0.2186872    6A=7A 6A=8A 5A=7A
 RRHF --> CRHF   -0.2823002    6A=7A
 RRHF --> RUHF   -0.5994281    6A=7B 6A=8B
 Not stable.
 ***********************************************************************

 **********************************************************************

            Population analysis using the SCF density.

 **********************************************************************

 Orbital symmetries:
       Occupied  (AG) (BU) (AG) (BU) (AG) (AG)
       Virtual   (BU) (BU) (BU) (AG) (AG) (BU)
 The electronic state is 1-AG.
 Alpha  occ. eigenvalues --   -0.93960  -0.77325  -0.57147  -0.52737  -0.29333
 Alpha  occ. eigenvalues --   -0.12721
 Alpha virt. eigenvalues --   -0.21798   0.04972   0.31094   0.34999   0.49264
 Alpha virt. eigenvalues --    0.63965
          Condensed to atoms (all electrons):
               1          2          3          4          5          6
     1  H    1.292262   0.169128  -0.118496   0.274684  -0.000512  -0.178804
     2  H    0.169128   0.779999  -0.054730  -0.005207  -0.160142   0.283944
     3  H   -0.118496  -0.054730   0.956072   0.133178   0.000407  -0.003320
     4  H    0.274684  -0.005207   0.133178   0.626939   0.004197  -0.070004
     5  H   -0.000512  -0.160142   0.000407   0.004197   1.357801  -0.172576
     6  H   -0.178804   0.283944  -0.003320  -0.070004  -0.172576   1.081135
     7  H   -0.254875  -0.106764   0.078078   0.028860   0.015760   0.194520
     8  H   -0.043324  -0.026053   0.028860   0.036289   0.001464  -0.024225
     9  H   -0.035454   0.002624   0.194520  -0.024225  -0.000918   0.009126
    10  H    0.001607  -0.000613   0.015760   0.001464   0.000233  -0.000918
    11  H    0.012013   0.005990  -0.106764  -0.026053  -0.000613   0.002624
    12  H    0.043337   0.012013  -0.254875  -0.043324   0.001607  -0.035454
               7          8          9         10         11         12
     1  H   -0.254875  -0.043324  -0.035454   0.001607   0.012013   0.043337
     2  H   -0.106764  -0.026053   0.002624  -0.000613   0.005990   0.012013
     3  H    0.078078   0.028860   0.194520   0.015760  -0.106764  -0.254875
     4  H    0.028860   0.036289  -0.024225   0.001464  -0.026053  -0.043324
     5  H    0.015760   0.001464  -0.000918   0.000233  -0.000613   0.001607
     6  H    0.194520  -0.024225   0.009126  -0.000918   0.002624  -0.035454
     7  H    0.956072   0.133178  -0.003320   0.000407  -0.054730  -0.118496
     8  H    0.133178   0.626939  -0.070004   0.004197  -0.005207   0.274684
     9  H   -0.003320  -0.070004   1.081135  -0.172576   0.283944  -0.178804
    10  H    0.000407   0.004197  -0.172576   1.357801  -0.160142  -0.000512
    11  H   -0.054730  -0.005207   0.283944  -0.160142   0.779999   0.169128
    12  H   -0.118496   0.274684  -0.178804  -0.000512   0.169128   1.292262
 Mulliken charges:
               1
     1  H   -0.161566
     2  H    0.099811
     3  H    0.131310
     4  H    0.063202
     5  H   -0.046707
     6  H   -0.086049
     7  H    0.131310
     8  H    0.063202
     9  H   -0.086049
    10  H   -0.046707
    11  H    0.099811
    12  H   -0.161566
 Sum of Mulliken charges =  -0.00000
 Mulliken charges with hydrogens summed into heavy atoms:
               1
 Electronic spatial extent (au):  <R**2>=            194.9373
 Charge=              0.0000 electrons
 Dipole moment (field-independent basis, Debye):
    X=             -0.0000    Y=             -0.0000    Z=              0.0000  Tot=              0.0000
 Quadrupole moment (field-independent basis, Debye-Ang):
   XX=            -19.1307   YY=            -23.0196   ZZ=            -15.1298
   XY=              0.8517   XZ=              0.0000   YZ=              0.0000
 Traceless Quadrupole moment (field-independent basis, Debye-Ang):
   XX=             -0.0373   YY=             -3.9262   ZZ=              3.9635
   XY=              0.8517   XZ=              0.0000   YZ=              0.0000
 Octapole moment (field-independent basis, Debye-Ang**2):
  XXX=             -0.0000  YYY=              0.0000  ZZZ=              0.0000  XYY=             -0.0000
  XXY=             -0.0000  XXZ=              0.0000  XZZ=              0.0000  YZZ=             -0.0000
  YYZ=              0.0000  XYZ=             -0.0000
 Hexadecapole moment (field-independent basis, Debye-Ang**3):
 XXXX=            -72.9445 YYYY=           -416.1424 ZZZZ=            -17.9447 XXXY=             30.6197
 XXXZ=              0.0000 YYYX=             62.3585 YYYZ=              0.0000 ZZZX=              0.0000
 ZZZY=              0.0000 XXYY=            -79.4550 XXZZ=            -14.7146 YYZZ=            -55.2018
 XXYZ=              0.0000 YYXZ=              0.0000 ZZXY=              9.3921
 N-N= 1.827154905016D+01 E-N=-4.744555954641D+01  KE= 6.598350099847D+00
 Symmetry AG   KE= 4.805859312238D+00
 Symmetry BG   KE= 0.000000000000D+00
 Symmetry AU   KE= 0.000000000000D+00
 Symmetry BU   KE= 1.792490787609D+00

 Test job not archived.
 1\1\GINC-SULU\Stability\RHF\Gen\H12\LCJ1\17-Feb-2017\0\\#rhf/gen scf(s
 ymm,tight,novaracc,noincfock,fulldiag) stable(crhf) guess=read geom=no
 crowd test\\hf stability analysis of h12 triangular lattice, y= 0.4490
 2087481240505\\0,1\H\H,1,1.361946022\H,1,1.361946022,2,141.5\H,2,1.361
 946022,1,38.5,3,0.,0\H,2,1.361946022,1,180.,3,0.,0\H,4,1.361946022,3,1
 80.,5,0.,0\H,6,1.361946022,5,180.,3,0.,0\H,4,1.361946022,2,180.,3,0.,0
 \H,3,1.361946022,1,180.,4,0.,0\H,9,1.361946022,3,180.,4,0.,0\H,8,1.361
 946022,4,180.,3,0.,0\H,7,1.361946022,6,180.,3,0.,0\\Version=ES64L-G09R
 evE.01\State=1-AG\HF=-5.3842877\MP2=-5.9400562\RMSD=4.509e-09\Dipole=0
 .,0.,0.\Quadrupole=-0.5311995,2.9467946,-2.415595,0.,1.2661542,0.\PG=C
 02H [SGH(H12)]\\@


 EVERY WORD THAT YOU WRITE IS A BLOW THAT SMITES THE DEVIL.
     -- ST. BERNARD OF CLAIRVAUX
 Job cpu time:       0 days  0 hours  0 minutes  1.0 seconds.
 File lengths (MBytes):  RWF=     84 Int=      0 D2E=      0 Chk=      2 Scr=      2
 Normal termination of Gaussian 09 at Fri Feb 17 14:56:44 2017.
