 Entering Gaussian System, Link 0=g09
 AtFile(1): H.gbs
            H     0
            S   10   1.00
               1000.000000000000            0.000068713567
                316.227766000000            0.000169141320
                100.000000000000            0.000823394812
                 31.622776600000            0.003425569236
                 10.000000000000            0.013951996000
                  3.162277660000            0.056909313560
                  1.000000000000            0.198286399900
                  0.316227766000            0.496922426700
                  0.100000000000            0.369846276400
                  0.031622776600            0.003752720039
            ****
 Initial command:
 /projects/guscus/apps/gau/g09-e1/g09/l1.exe "/users/lcj1/gaussian/h12/rhfstability/rect/guess/ag4bu2/Gau-13219.inp" -scrdir="/users/lcj1/gaussian/h12/rhfstability/rect/guess/ag4bu2/"
 Entering Link 1 = /projects/guscus/apps/gau/g09-e1/g09/l1.exe PID=     13220.
  
 Copyright (c) 1988,1990,1992,1993,1995,1998,2003,2009,2015,
            Gaussian, Inc.  All Rights Reserved.
  
 This is part of the Gaussian(R) 09 program.  It is based on
 the Gaussian(R) 03 system (copyright 2003, Gaussian, Inc.),
 the Gaussian(R) 98 system (copyright 1998, Gaussian, Inc.),
 the Gaussian(R) 94 system (copyright 1995, Gaussian, Inc.),
 the Gaussian 92(TM) system (copyright 1992, Gaussian, Inc.),
 the Gaussian 90(TM) system (copyright 1990, Gaussian, Inc.),
 the Gaussian 88(TM) system (copyright 1988, Gaussian, Inc.),
 the Gaussian 86(TM) system (copyright 1986, Carnegie Mellon
 University), and the Gaussian 82(TM) system (copyright 1983,
 Carnegie Mellon University). Gaussian is a federally registered
 trademark of Gaussian, Inc.
  
 This software contains proprietary and confidential information,
 including trade secrets, belonging to Gaussian, Inc.
  
 This software is provided under written license and may be
 used, copied, transmitted, or stored only in accord with that
 written license.
  
 The following legend is applicable only to US Government
 contracts under FAR:
  
                    RESTRICTED RIGHTS LEGEND
  
 Use, reproduction and disclosure by the US Government is
 subject to restrictions as set forth in subparagraphs (a)
 and (c) of the Commercial Computer Software - Restricted
 Rights clause in FAR 52.227-19.
  
 Gaussian, Inc.
 340 Quinnipiac St., Bldg. 40, Wallingford CT 06492
  
  
 ---------------------------------------------------------------
 Warning -- This program may not be used in any manner that
 competes with the business of Gaussian, Inc. or will provide
 assistance to any competitor of Gaussian, Inc.  The licensee
 of this program is prohibited from giving any competitor of
 Gaussian, Inc. access to this program.  By using this program,
 the user acknowledges that Gaussian, Inc. is engaged in the
 business of creating and licensing software in the field of
 computational chemistry and represents and warrants to the
 licensee that it is not a competitor of Gaussian, Inc. and that
 it will not use this program in any manner prohibited above.
 ---------------------------------------------------------------
  

 Cite this work as:
 Gaussian 09, Revision E.01,
 M. J. Frisch, G. W. Trucks, H. B. Schlegel, G. E. Scuseria, 
 M. A. Robb, J. R. Cheeseman, G. Scalmani, V. Barone, B. Mennucci, 
 G. A. Petersson, H. Nakatsuji, M. Caricato, X. Li, H. P. Hratchian, 
 A. F. Izmaylov, J. Bloino, G. Zheng, J. L. Sonnenberg, M. Hada, 
 M. Ehara, K. Toyota, R. Fukuda, J. Hasegawa, M. Ishida, T. Nakajima, 
 Y. Honda, O. Kitao, H. Nakai, T. Vreven, J. A. Montgomery, Jr., 
 J. E. Peralta, F. Ogliaro, M. Bearpark, J. J. Heyd, E. Brothers, 
 K. N. Kudin, V. N. Staroverov, T. Keith, R. Kobayashi, J. Normand, 
 K. Raghavachari, A. Rendell, J. C. Burant, S. S. Iyengar, J. Tomasi, 
 M. Cossi, N. Rega, J. M. Millam, M. Klene, J. E. Knox, J. B. Cross, 
 V. Bakken, C. Adamo, J. Jaramillo, R. Gomperts, R. E. Stratmann, 
 O. Yazyev, A. J. Austin, R. Cammi, C. Pomelli, J. W. Ochterski, 
 R. L. Martin, K. Morokuma, V. G. Zakrzewski, G. A. Voth, 
 P. Salvador, J. J. Dannenberg, S. Dapprich, A. D. Daniels, 
 O. Farkas, J. B. Foresman, J. V. Ortiz, J. Cioslowski, 
 and D. J. Fox, Gaussian, Inc., Wallingford CT, 2013.
 
 ******************************************
 Gaussian 09:  ES64L-G09RevE.01 30-Nov-2015
                17-Feb-2017 
 ******************************************
 %chk=h12.chk
 ----------------------------------------------------------------------
 #rhf/gen scf(symm,tight,novaracc,noincfock,fulldiag) stable(crhf) gues
 s=read geom=nocrowd test
 ----------------------------------------------------------------------
 1/38=1/1;
 2/12=1,17=6,18=5,40=1/2;
 3/5=7,16=1,25=1,30=1,116=1/1,2,3;
 4/5=1,9=4/1;
 5/5=100002,15=2,16=1,32=2,38=6/2;
 8/6=1,10=90,11=11/1,4;
 9/8=4,13=1/2;
 6/7=2,8=2,9=2,10=2,28=1/1;
 99/5=1,9=1/99;
 ----------------------------------------------------------------------
 hf stability analysis of h12 triangular lattice, y= 1.6660489144325314
 ----------------------------------------------------------------------
 Symbolic Z-matrix:
 Charge =  0 Multiplicity = 1
 H
 H                    1     1.70171 
 H                    1     1.70171  2     23.5 
 H                    2     1.70171  1     156.5    3     0.       0
 H                    2     1.70171  1     180.     3     0.       0
 H                    4     1.70171  3     180.     5     0.       0
 H                    6     1.70171  5     180.     3     0.       0
 H                    4     1.70171  2     180.     3     0.       0
 H                    3     1.70171  1     180.     4     0.       0
 H                    9     1.70171  3     180.     4     0.       0
 H                    8     1.70171  4     180.     3     0.       0
 H                    7     1.70171  6     180.     3     0.       0
 
                          Input orientation:                          
 ---------------------------------------------------------------------
 Center     Atomic      Atomic             Coordinates (Angstroms)
 Number     Number       Type             X           Y           Z
 ---------------------------------------------------------------------
      1          1           0        0.000000    0.000000    0.000000
      2          1           0        0.000000    0.000000    1.701707
      3          1           0        0.678554    0.000000    1.560568
      4          1           0        0.678554    0.000000    3.262275
      5          1           0        0.000000    0.000000    3.403415
      6          1           0        0.678554    0.000000    4.963983
      7          1           0        1.357108    0.000000    6.524551
      8          1           0        1.357108    0.000000    4.822843
      9          1           0        1.357108    0.000000    3.121136
     10          1           0        2.035663    0.000000    4.681704
     11          1           0        2.035663    0.000000    6.383411
     12          1           0        2.035663    0.000000    8.085118
 ---------------------------------------------------------------------
                    Distance matrix (angstroms):
                    1          2          3          4          5
     1  H    0.000000
     2  H    1.701707   0.000000
     3  H    1.701707   0.693077   0.000000
     4  H    3.332098   1.701707   1.701707   0.000000
     5  H    3.403415   1.701707   1.963803   0.693077   0.000000
     6  H    5.010146   3.332098   3.403415   1.701707   1.701707
     7  H    6.664196   5.010146   5.010146   3.332098   3.403415
     8  H    5.010146   3.403415   3.332098   1.701707   1.963803
     9  H    3.403415   1.963803   1.701707   0.693077   1.386155
    10  H    5.105122   3.608920   3.403415   1.963803   2.403736
    11  H    6.700139   5.105122   5.010146   3.403415   3.608920
    12  H    8.337449   6.700139   6.664196   5.010146   5.105122
                    6          7          8          9         10
     6  H    0.000000
     7  H    1.701707   0.000000
     8  H    0.693077   1.701707   0.000000
     9  H    1.963803   3.403415   1.701707   0.000000
    10  H    1.386155   1.963803   0.693077   1.701707   0.000000
    11  H    1.963803   0.693077   1.701707   3.332098   1.701707
    12  H    3.403415   1.701707   3.332098   5.010146   3.403415
                   11         12
    11  H    0.000000
    12  H    1.701707   0.000000
 Stoichiometry    H12
 Framework group  C2H[SGH(H12)]
 Deg. of freedom    11
 Full point group                 C2H     NOp   4
 Largest Abelian subgroup         C2H     NOp   4
 Largest concise Abelian subgroup C2      NOp   2
                         Standard orientation:                         
 ---------------------------------------------------------------------
 Center     Atomic      Atomic             Coordinates (Angstroms)
 Number     Number       Type             X           Y           Z
 ---------------------------------------------------------------------
      1          1           0        0.678554    4.113129    0.000000
      2          1           0       -0.000000    2.552561    0.000000
      3          1           0        0.678554    2.411422    0.000000
      4          1           0       -0.000000    0.850854    0.000000
      5          1           0       -0.678554    0.991993    0.000000
      6          1           0       -0.678554   -0.709714   -0.000000
      7          1           0       -0.678554   -2.411422   -0.000000
      8          1           0       -0.000000   -0.850854   -0.000000
      9          1           0        0.678554    0.709714   -0.000000
     10          1           0        0.678554   -0.991993   -0.000000
     11          1           0       -0.000000   -2.552561   -0.000000
     12          1           0       -0.678554   -4.113129   -0.000000
 ---------------------------------------------------------------------
 Rotational constants (GHZ):    200.9197821      7.8220623      7.5289507
 General basis read from cards:  (5D, 7F)
 There are     6 symmetry adapted cartesian basis functions of AG  symmetry.
 There are     0 symmetry adapted cartesian basis functions of BG  symmetry.
 There are     0 symmetry adapted cartesian basis functions of AU  symmetry.
 There are     6 symmetry adapted cartesian basis functions of BU  symmetry.
 There are     6 symmetry adapted basis functions of AG  symmetry.
 There are     0 symmetry adapted basis functions of BG  symmetry.
 There are     0 symmetry adapted basis functions of AU  symmetry.
 There are     6 symmetry adapted basis functions of BU  symmetry.
    12 basis functions,   120 primitive gaussians,    12 cartesian basis functions
     6 alpha electrons        6 beta electrons
       nuclear repulsion energy        16.9690306584 Hartrees.
 NAtoms=   12 NActive=   12 NUniq=    6 SFac= 4.00D+00 NAtFMM=   60 NAOKFM=F Big=F
 Integral buffers will be    131072 words long.
 Regular integral format.
 Two-electron integral symmetry is turned on.
 One-electron integrals computed using PRISM.
 NBasis=    12 RedAO= T EigKep=  8.52D-02  NBF=     6     0     0     6
 NBsUse=    12 1.00D-06 EigRej= -1.00D+00 NBFU=     6     0     0     6
 Initial guess from the checkpoint file:  "h12.chk"
 B after Tr=    -0.000000    0.000000    0.000000
         Rot=    0.976751   -0.000000    0.000000   -0.214379 Ang= -24.76 deg.
 Initial guess orbital symmetries:
       Occupied  (AG) (BU) (BU) (AG) (AG) (AG)
       Virtual   (BU) (BU) (BU) (AG) (AG) (BU)
 Keep R1 ints in memory in symmetry-blocked form, NReq=896938.
 Requested convergence on RMS density matrix=1.00D-08 within 128 cycles.
 Requested convergence on MAX density matrix=1.00D-06.
 Requested convergence on             energy=1.00D-06.
 No special actions if energy rises.
 SCF Done:  E(RHF) =  -5.38082769367     A.U. after   11 cycles
            NFock= 11  Conv=0.91D-08     -V/T= 1.7863
 Range of M.O.s used for correlation:     1    12
 NBasis=    12 NAE=     6 NBE=     6 NFC=     0 NFV=     0
 NROrb=     12 NOA=     6 NOB=     6 NVA=     6 NVB=     6

 **** Warning!!: The smallest alpha delta epsilon is  0.49993001D-01

 Semi-Direct transformation.
 ModeAB=           4 MOrb=             6 LenV=     134090667
 LASXX=         2181 LTotXX=        2181 LenRXX=        5115
 LTotAB=        2934 MaxLAS=        3024 LenRXY=           0
 NonZer=        7296 LenScr=      655360 LnRSAI=        3024
 LnScr1=      655360 LExtra=           0 Total=      1318859
 MaxDsk=          -1 SrtSym=           T ITran=            3
 JobTyp=0 Pass  1:  I=   1 to   6.
 (rs|ai) integrals will be sorted in core.
 Spin components of T(2) and E(2):
     alpha-alpha T2 =       0.3658544522D-01 E2=     -0.9702412072D-02
     alpha-beta  T2 =       0.4693231885D+01 E2=     -0.7042251979D+00
     beta-beta   T2 =       0.3658544522D-01 E2=     -0.9702412072D-02
 ANorm=    0.2401333541D+01
 E2 =    -0.7236300221D+00 EUMP2 =    -0.61044577157360D+01
 Second order stability test of a single determinant RHF wave function:
 Stabil:  MDV=134217728
 ***********************************************************************
 Matrix         Lowest Root    Major Pairs
 ***********************************************************************
 Internal RHF    -0.0955359    6A=7A 5A=8A 6A=8A
 RRHF --> CRHF   -0.1523647    5A=7A
 RRHF --> RUHF   -0.5525557    6A=8B
 Not stable.
 ***********************************************************************

 **********************************************************************

            Population analysis using the SCF density.

 **********************************************************************

 Orbital symmetries:
       Occupied  (AG) (BU) (AG) (BU) (AG) (AG)
       Virtual   (BU) (BU) (BU) (AG) (AG) (BU)
 The electronic state is 1-AG.
 Alpha  occ. eigenvalues --   -0.87332  -0.78903  -0.63890  -0.60683  -0.21407
 Alpha  occ. eigenvalues --   -0.16949
 Alpha virt. eigenvalues --   -0.11950  -0.10094   0.47087   0.49217   0.81182
 Alpha virt. eigenvalues --    0.99851
          Condensed to atoms (all electrons):
               1          2          3          4          5          6
     1  H    1.136074  -0.047404  -0.050458   0.000052   0.000063   0.000092
     2  H   -0.047404   0.680915   0.475186  -0.066603   0.025952  -0.006873
     3  H   -0.050458   0.475186   0.722816  -0.072752  -0.084068   0.007802
     4  H    0.000052  -0.066603  -0.072752   0.934259   0.306768  -0.046342
     5  H    0.000063   0.025952  -0.084068   0.306768   1.262972  -0.346644
     6  H    0.000092  -0.006873   0.007802  -0.046342  -0.346644   1.136385
     7  H   -0.000032   0.000012   0.000237   0.000895  -0.006682   0.029205
     8  H    0.000187   0.001213   0.000895  -0.052305  -0.030782   0.276635
     9  H    0.000009  -0.073518   0.029205   0.276635  -0.379142   0.206581
    10  H    0.000090   0.005982  -0.006682  -0.030782   0.134259  -0.379142
    11  H   -0.000029   0.000171   0.000012   0.001213   0.005982  -0.073518
    12  H    0.000009  -0.000029  -0.000032   0.000187   0.000090   0.000009
               7          8          9         10         11         12
     1  H   -0.000032   0.000187   0.000009   0.000090  -0.000029   0.000009
     2  H    0.000012   0.001213  -0.073518   0.005982   0.000171  -0.000029
     3  H    0.000237   0.000895   0.029205  -0.006682   0.000012  -0.000032
     4  H    0.000895  -0.052305   0.276635  -0.030782   0.001213   0.000187
     5  H   -0.006682  -0.030782  -0.379142   0.134259   0.005982   0.000090
     6  H    0.029205   0.276635   0.206581  -0.379142  -0.073518   0.000009
     7  H    0.722816  -0.072752   0.007802  -0.084068   0.475186  -0.050458
     8  H   -0.072752   0.934259  -0.046342   0.306768  -0.066603   0.000052
     9  H    0.007802  -0.046342   1.136385  -0.346644  -0.006873   0.000092
    10  H   -0.084068   0.306768  -0.346644   1.262972   0.025952   0.000063
    11  H    0.475186  -0.066603  -0.006873   0.025952   0.680915  -0.047404
    12  H   -0.050458   0.000052   0.000092   0.000063  -0.047404   1.136074
 Mulliken charges:
               1
     1  H   -0.038653
     2  H    0.004997
     3  H   -0.022160
     4  H   -0.251225
     5  H    0.111230
     6  H    0.195810
     7  H   -0.022160
     8  H   -0.251225
     9  H    0.195810
    10  H    0.111230
    11  H    0.004997
    12  H   -0.038653
 Sum of Mulliken charges =   0.00000
 Mulliken charges with hydrogens summed into heavy atoms:
               1
 Electronic spatial extent (au):  <R**2>=            280.7508
 Charge=              0.0000 electrons
 Dipole moment (field-independent basis, Debye):
    X=             -0.0000    Y=             -0.0000    Z=             -0.0000  Tot=              0.0000
 Quadrupole moment (field-independent basis, Debye-Ang):
   XX=            -14.3996   YY=            -28.3871   ZZ=            -14.9221
   XY=             -1.6284   XZ=             -0.0000   YZ=             -0.0000
 Traceless Quadrupole moment (field-independent basis, Debye-Ang):
   XX=              4.8367   YY=             -9.1509   ZZ=              4.3142
   XY=             -1.6284   XZ=             -0.0000   YZ=             -0.0000
 Octapole moment (field-independent basis, Debye-Ang**2):
  XXX=              0.0000  YYY=             -0.0000  ZZZ=             -0.0000  XYY=              0.0000
  XXY=             -0.0000  XXZ=             -0.0000  XZZ=              0.0000  YZZ=             -0.0000
  YYZ=             -0.0000  XYZ=             -0.0000
 Hexadecapole moment (field-independent basis, Debye-Ang**3):
 XXXX=            -43.6901 YYYY=           -755.3485 ZZZZ=            -17.5986 XXXY=            -34.4845
 XXXZ=             -0.0000 YYYX=            -74.0663 YYYZ=             -0.0000 ZZZX=             -0.0000
 ZZZY=             -0.0000 XXYY=           -101.6545 XXZZ=            -10.3192 YYZZ=            -92.0446
 XXYZ=             -0.0000 YYXZ=             -0.0000 ZZXY=            -11.6574
 N-N= 1.696903065840D+01 E-N=-4.495927963359D+01  KE= 6.842848805612D+00
 Symmetry AG   KE= 4.706372796879D+00
 Symmetry BG   KE= 0.000000000000D+00
 Symmetry AU   KE= 0.000000000000D+00
 Symmetry BU   KE= 2.136476008733D+00

 Test job not archived.
 1\1\GINC-SULU\Stability\RHF\Gen\H12\LCJ1\17-Feb-2017\0\\#rhf/gen scf(s
 ymm,tight,novaracc,noincfock,fulldiag) stable(crhf) guess=read geom=no
 crowd test\\hf stability analysis of h12 triangular lattice, y= 1.6660
 489144325314\\0,1\H\H,1,1.7017073753\H,1,1.7017073753,2,23.5\H,2,1.701
 7073753,1,156.5,3,0.,0\H,2,1.7017073753,1,180.,3,0.,0\H,4,1.7017073753
 ,3,180.,5,0.,0\H,6,1.7017073753,5,180.,3,0.,0\H,4,1.7017073753,2,180.,
 3,0.,0\H,3,1.7017073753,1,180.,4,0.,0\H,9,1.7017073753,3,180.,4,0.,0\H
 ,8,1.7017073753,4,180.,3,0.,0\H,7,1.7017073753,6,180.,3,0.,0\\Version=
 ES64L-G09RevE.01\State=1-AG\HF=-5.3808277\MP2=-6.1044577\RMSD=9.133e-0
 9\Dipole=0.,0.,0.\Quadrupole=2.8278656,3.207486,-6.0353516,0.,-2.97715
 63,0.\PG=C02H [SGH(H12)]\\@


 ALL PAPERS THAT YOU SAVE WILL NEVER BE NEEDED UNTIL
 SUCH TIME AS THEY ARE DISPOSED OF, WHEN THEY BECOME
 ESSENTIAL.

           -- JOHN CORCORAN IN
              PAUL DICKSON'S "THE OFFICIAL RULES"
 Job cpu time:       0 days  0 hours  0 minutes  1.0 seconds.
 File lengths (MBytes):  RWF=     84 Int=      0 D2E=      0 Chk=      2 Scr=      2
 Normal termination of Gaussian 09 at Fri Feb 17 15:09:01 2017.
