 Entering Gaussian System, Link 0=g09
 AtFile(1): H.gbs
            H     0
            S   10   1.00
               1000.000000000000            0.000068713567
                316.227766000000            0.000169141320
                100.000000000000            0.000823394812
                 31.622776600000            0.003425569236
                 10.000000000000            0.013951996000
                  3.162277660000            0.056909313560
                  1.000000000000            0.198286399900
                  0.316227766000            0.496922426700
                  0.100000000000            0.369846276400
                  0.031622776600            0.003752720039
            ****
 Initial command:
 /projects/guscus/apps/gau/g09-e1/g09/l1.exe "/users/lcj1/gaussian/h12/rhfstability/rect/guess/ag4bu2/Gau-18945.inp" -scrdir="/users/lcj1/gaussian/h12/rhfstability/rect/guess/ag4bu2/"
 Entering Link 1 = /projects/guscus/apps/gau/g09-e1/g09/l1.exe PID=     18946.
  
 Copyright (c) 1988,1990,1992,1993,1995,1998,2003,2009,2015,
            Gaussian, Inc.  All Rights Reserved.
  
 This is part of the Gaussian(R) 09 program.  It is based on
 the Gaussian(R) 03 system (copyright 2003, Gaussian, Inc.),
 the Gaussian(R) 98 system (copyright 1998, Gaussian, Inc.),
 the Gaussian(R) 94 system (copyright 1995, Gaussian, Inc.),
 the Gaussian 92(TM) system (copyright 1992, Gaussian, Inc.),
 the Gaussian 90(TM) system (copyright 1990, Gaussian, Inc.),
 the Gaussian 88(TM) system (copyright 1988, Gaussian, Inc.),
 the Gaussian 86(TM) system (copyright 1986, Carnegie Mellon
 University), and the Gaussian 82(TM) system (copyright 1983,
 Carnegie Mellon University). Gaussian is a federally registered
 trademark of Gaussian, Inc.
  
 This software contains proprietary and confidential information,
 including trade secrets, belonging to Gaussian, Inc.
  
 This software is provided under written license and may be
 used, copied, transmitted, or stored only in accord with that
 written license.
  
 The following legend is applicable only to US Government
 contracts under FAR:
  
                    RESTRICTED RIGHTS LEGEND
  
 Use, reproduction and disclosure by the US Government is
 subject to restrictions as set forth in subparagraphs (a)
 and (c) of the Commercial Computer Software - Restricted
 Rights clause in FAR 52.227-19.
  
 Gaussian, Inc.
 340 Quinnipiac St., Bldg. 40, Wallingford CT 06492
  
  
 ---------------------------------------------------------------
 Warning -- This program may not be used in any manner that
 competes with the business of Gaussian, Inc. or will provide
 assistance to any competitor of Gaussian, Inc.  The licensee
 of this program is prohibited from giving any competitor of
 Gaussian, Inc. access to this program.  By using this program,
 the user acknowledges that Gaussian, Inc. is engaged in the
 business of creating and licensing software in the field of
 computational chemistry and represents and warrants to the
 licensee that it is not a competitor of Gaussian, Inc. and that
 it will not use this program in any manner prohibited above.
 ---------------------------------------------------------------
  

 Cite this work as:
 Gaussian 09, Revision E.01,
 M. J. Frisch, G. W. Trucks, H. B. Schlegel, G. E. Scuseria, 
 M. A. Robb, J. R. Cheeseman, G. Scalmani, V. Barone, B. Mennucci, 
 G. A. Petersson, H. Nakatsuji, M. Caricato, X. Li, H. P. Hratchian, 
 A. F. Izmaylov, J. Bloino, G. Zheng, J. L. Sonnenberg, M. Hada, 
 M. Ehara, K. Toyota, R. Fukuda, J. Hasegawa, M. Ishida, T. Nakajima, 
 Y. Honda, O. Kitao, H. Nakai, T. Vreven, J. A. Montgomery, Jr., 
 J. E. Peralta, F. Ogliaro, M. Bearpark, J. J. Heyd, E. Brothers, 
 K. N. Kudin, V. N. Staroverov, T. Keith, R. Kobayashi, J. Normand, 
 K. Raghavachari, A. Rendell, J. C. Burant, S. S. Iyengar, J. Tomasi, 
 M. Cossi, N. Rega, J. M. Millam, M. Klene, J. E. Knox, J. B. Cross, 
 V. Bakken, C. Adamo, J. Jaramillo, R. Gomperts, R. E. Stratmann, 
 O. Yazyev, A. J. Austin, R. Cammi, C. Pomelli, J. W. Ochterski, 
 R. L. Martin, K. Morokuma, V. G. Zakrzewski, G. A. Voth, 
 P. Salvador, J. J. Dannenberg, S. Dapprich, A. D. Daniels, 
 O. Farkas, J. B. Foresman, J. V. Ortiz, J. Cioslowski, 
 and D. J. Fox, Gaussian, Inc., Wallingford CT, 2013.
 
 ******************************************
 Gaussian 09:  ES64L-G09RevE.01 30-Nov-2015
                17-Feb-2017 
 ******************************************
 %chk=h12.chk
 ----------------------------------------------------------------------
 #rhf/gen scf(symm,tight,novaracc,noincfock,fulldiag) stable(crhf) gues
 s=read geom=nocrowd test
 ----------------------------------------------------------------------
 1/38=1/1;
 2/12=1,17=6,18=5,40=1/2;
 3/5=7,16=1,25=1,30=1,116=1/1,2,3;
 4/5=1,9=4/1;
 5/5=100002,15=2,16=1,32=2,38=6/2;
 8/6=1,10=90,11=11/1,4;
 9/8=4,13=1/2;
 6/7=2,8=2,9=2,10=2,28=1/1;
 99/5=1,9=1/99;
 ----------------------------------------------------------------------
 hf stability analysis of h12 triangular lattice, y= 0.5099777844418526
 0
 ----------------------------------------------------------------------
 Symbolic Z-matrix:
 Charge =  0 Multiplicity = 1
 H
 H                    1     1.24167 
 H                    1     1.24167  2     131.5 
 H                    2     1.24167  1     48.5     3     0.       0
 H                    2     1.24167  1     180.     3     0.       0
 H                    4     1.24167  3     180.     5     0.       0
 H                    6     1.24167  5     180.     3     0.       0
 H                    4     1.24167  2     180.     3     0.       0
 H                    3     1.24167  1     180.     4     0.       0
 H                    9     1.24167  3     180.     4     0.       0
 H                    8     1.24167  4     180.     3     0.       0
 H                    7     1.24167  6     180.     3     0.       0
 
                          Input orientation:                          
 ---------------------------------------------------------------------
 Center     Atomic      Atomic             Coordinates (Angstroms)
 Number     Number       Type             X           Y           Z
 ---------------------------------------------------------------------
      1          1           0        0.000000    0.000000    0.000000
      2          1           0        0.000000    0.000000    1.241671
      3          1           0        0.929957    0.000000   -0.822756
      4          1           0        0.929957    0.000000    0.418915
      5          1           0        0.000000    0.000000    2.483342
      6          1           0        0.929957    0.000000    1.660586
      7          1           0        1.859913    0.000000    0.837830
      8          1           0        1.859913    0.000000   -0.403841
      9          1           0        1.859913    0.000000   -1.645512
     10          1           0        2.789870    0.000000   -2.468269
     11          1           0        2.789870    0.000000   -1.226597
     12          1           0        2.789870    0.000000    0.015074
 ---------------------------------------------------------------------
                    Distance matrix (angstroms):
                    1          2          3          4          5
     1  H    0.000000
     2  H    1.241671   0.000000
     3  H    1.241671   2.264217   0.000000
     4  H    1.019956   1.241671   1.241671   0.000000
     5  H    2.483342   1.241671   3.434401   2.264217   0.000000
     6  H    1.903251   1.019956   2.483342   1.241671   1.241671
     7  H    2.039911   1.903251   1.903251   1.019956   2.483342
     8  H    1.903251   2.483342   1.019956   1.241671   3.434401
     9  H    2.483342   3.434401   1.241671   2.264217   4.528435
    10  H    3.725014   4.641878   2.483342   3.434401   5.683470
    11  H    3.047608   3.725014   1.903251   2.483342   4.641878
    12  H    2.789911   3.047608   2.039911   1.903251   3.725014
                    6          7          8          9         10
     6  H    0.000000
     7  H    1.241671   0.000000
     8  H    2.264217   1.241671   0.000000
     9  H    3.434401   2.483342   1.241671   0.000000
    10  H    4.528435   3.434401   2.264217   1.241671   0.000000
    11  H    3.434401   2.264217   1.241671   1.019956   1.241671
    12  H    2.483342   1.241671   1.019956   1.903251   2.483342
                   11         12
    11  H    0.000000
    12  H    1.241671   0.000000
 Stoichiometry    H12
 Framework group  C2H[SGH(H12)]
 Deg. of freedom    11
 Full point group                 C2H     NOp   4
 Largest Abelian subgroup         C2H     NOp   4
 Largest concise Abelian subgroup C2      NOp   2
                         Standard orientation:                         
 ---------------------------------------------------------------------
 Center     Atomic      Atomic             Coordinates (Angstroms)
 Number     Number       Type             X           Y           Z
 ---------------------------------------------------------------------
      1          1           0        0.929957    1.039751    0.000000
      2          1           0        0.000000    1.862507    0.000000
      3          1           0        0.929957   -0.201921   -0.000000
      4          1           0        0.000000    0.620836    0.000000
      5          1           0       -0.929957    2.685263    0.000000
      6          1           0       -0.929957    1.443592    0.000000
      7          1           0       -0.929957    0.201921   -0.000000
      8          1           0       -0.000000   -0.620836    0.000000
      9          1           0        0.929957   -1.443592    0.000000
     10          1           0        0.929957   -2.685263    0.000000
     11          1           0       -0.000000   -1.862507    0.000000
     12          1           0       -0.929957   -1.039751    0.000000
 ---------------------------------------------------------------------
 Rotational constants (GHZ):     94.5058448     16.6297405     14.1413542
 General basis read from cards:  (5D, 7F)
 There are     6 symmetry adapted cartesian basis functions of AG  symmetry.
 There are     0 symmetry adapted cartesian basis functions of BG  symmetry.
 There are     0 symmetry adapted cartesian basis functions of AU  symmetry.
 There are     6 symmetry adapted cartesian basis functions of BU  symmetry.
 There are     6 symmetry adapted basis functions of AG  symmetry.
 There are     0 symmetry adapted basis functions of BG  symmetry.
 There are     0 symmetry adapted basis functions of AU  symmetry.
 There are     6 symmetry adapted basis functions of BU  symmetry.
    12 basis functions,   120 primitive gaussians,    12 cartesian basis functions
     6 alpha electrons        6 beta electrons
       nuclear repulsion energy        18.9528289056 Hartrees.
 NAtoms=   12 NActive=   12 NUniq=    6 SFac= 4.00D+00 NAtFMM=   60 NAOKFM=F Big=F
 Integral buffers will be    131072 words long.
 Regular integral format.
 Two-electron integral symmetry is turned on.
 One-electron integrals computed using PRISM.
 NBasis=    12 RedAO= T EigKep=  1.82D-01  NBF=     6     0     0     6
 NBsUse=    12 1.00D-06 EigRej= -1.00D+00 NBFU=     6     0     0     6
 Initial guess from the checkpoint file:  "h12.chk"
 B after Tr=    -0.000000   -0.000000    0.000000
         Rot=    0.995526   -0.000000    0.000000    0.094491 Ang=  10.84 deg.
 Initial guess orbital symmetries:
       Occupied  (AG) (BU) (BU) (AG) (AG) (AG)
       Virtual   (BU) (BU) (BU) (AG) (AG) (BU)
 Keep R1 ints in memory in symmetry-blocked form, NReq=902412.
 Requested convergence on RMS density matrix=1.00D-08 within 128 cycles.
 Requested convergence on MAX density matrix=1.00D-06.
 Requested convergence on             energy=1.00D-06.
 No special actions if energy rises.
 SCF Done:  E(RHF) =  -5.39790744038     A.U. after   20 cycles
            NFock= 20  Conv=0.79D-08     -V/T= 1.8068
 Range of M.O.s used for correlation:     1    12
 NBasis=    12 NAE=     6 NBE=     6 NFC=     0 NFV=     0
 NROrb=     12 NOA=     6 NOB=     6 NVA=     6 NVB=     6

 **** Warning!!: The smallest alpha delta epsilon is -0.98191913D-01

 Semi-Direct transformation.
 ModeAB=           4 MOrb=             6 LenV=     134086131
 LASXX=         2181 LTotXX=        2181 LenRXX=        5115
 LTotAB=        2934 MaxLAS=        3024 LenRXY=           0
 NonZer=        7296 LenScr=      655360 LnRSAI=        3024
 LnScr1=      655360 LExtra=           0 Total=      1318859
 MaxDsk=          -1 SrtSym=           T ITran=            3
 JobTyp=0 Pass  1:  I=   1 to   6.
 (rs|ai) integrals will be sorted in core.
 Spin components of T(2) and E(2):
     alpha-alpha T2 =       0.2798122741D-01 E2=     -0.2303083681D-01
     alpha-beta  T2 =       0.1470303348D+01 E2=     -0.2540135642D+00
     beta-beta   T2 =       0.2798122741D-01 E2=     -0.2303083681D-01
 ANorm=    0.1589423104D+01
 E2 =    -0.3000752378D+00 EUMP2 =    -0.56979826782026D+01
 Second order stability test of a single determinant RHF wave function:
 Stabil:  MDV=134217728
 ***********************************************************************
 Matrix         Lowest Root    Major Pairs
 ***********************************************************************
 Internal RHF    -0.1983872    6A=7A 6A=9A 4A=7A 5A=7A 6A=10A
 RRHF --> CRHF   -0.2977712    6A=7A
 RRHF --> RUHF   -0.6180462    6A=7B
 Not stable.
 ***********************************************************************

 **********************************************************************

            Population analysis using the SCF density.

 **********************************************************************

 Orbital symmetries:
       Occupied  (AG) (BU) (BU) (AG) (AG) (AG)
       Virtual   (BU) (AG) (BU) (BU) (BU) (AG)
 The electronic state is 1-AG.
 Alpha  occ. eigenvalues --   -0.96506  -0.77188  -0.58176  -0.54208  -0.32762
 Alpha  occ. eigenvalues --   -0.06458
 Alpha virt. eigenvalues --   -0.16277   0.20435   0.22249   0.27556   0.49419
 Alpha virt. eigenvalues --    0.53588
          Condensed to atoms (all electrons):
               1          2          3          4          5          6
     1  H    1.180047   0.172672   0.007269   0.100840   0.023468  -0.192592
     2  H    0.172672   1.006023  -0.090223   0.019327  -0.262490   0.296075
     3  H    0.007269  -0.090223   0.915886   0.148293   0.009107  -0.035540
     4  H    0.100840   0.019327   0.148293   0.538474  -0.023915   0.028040
     5  H    0.023468  -0.262490   0.009107  -0.023915   1.465462  -0.233741
     6  H   -0.192592   0.296075  -0.035540   0.028040  -0.233741   1.215158
     7  H   -0.127335  -0.145560   0.026477   0.089780   0.048931   0.079581
     8  H   -0.044425  -0.035018   0.089780   0.074056  -0.005431  -0.020971
     9  H   -0.073267   0.008159   0.079581  -0.020971  -0.003046   0.023852
    10  H    0.005248  -0.002471   0.048931  -0.005431   0.000986  -0.003046
    11  H    0.006737   0.014429  -0.145560  -0.035018  -0.002471   0.008159
    12  H    0.044145   0.006737  -0.127335  -0.044425   0.005248  -0.073267
               7          8          9         10         11         12
     1  H   -0.127335  -0.044425  -0.073267   0.005248   0.006737   0.044145
     2  H   -0.145560  -0.035018   0.008159  -0.002471   0.014429   0.006737
     3  H    0.026477   0.089780   0.079581   0.048931  -0.145560  -0.127335
     4  H    0.089780   0.074056  -0.020971  -0.005431  -0.035018  -0.044425
     5  H    0.048931  -0.005431  -0.003046   0.000986  -0.002471   0.005248
     6  H    0.079581  -0.020971   0.023852  -0.003046   0.008159  -0.073267
     7  H    0.915886   0.148293  -0.035540   0.009107  -0.090223   0.007269
     8  H    0.148293   0.538474   0.028040  -0.023915   0.019327   0.100840
     9  H   -0.035540   0.028040   1.215158  -0.233741   0.296075  -0.192592
    10  H    0.009107  -0.023915  -0.233741   1.465462  -0.262490   0.023468
    11  H   -0.090223   0.019327   0.296075  -0.262490   1.006023   0.172672
    12  H    0.007269   0.100840  -0.192592   0.023468   0.172672   1.180047
 Mulliken charges:
               1
     1  H   -0.102807
     2  H    0.012340
     3  H    0.073334
     4  H    0.130950
     5  H   -0.022107
     6  H   -0.091709
     7  H    0.073334
     8  H    0.130950
     9  H   -0.091709
    10  H   -0.022107
    11  H    0.012340
    12  H   -0.102807
 Sum of Mulliken charges =   0.00000
 Mulliken charges with hydrogens summed into heavy atoms:
               1
 Electronic spatial extent (au):  <R**2>=            169.1082
 Charge=              0.0000 electrons
 Dipole moment (field-independent basis, Debye):
    X=             -0.0000    Y=              0.0000    Z=             -0.0000  Tot=              0.0000
 Quadrupole moment (field-independent basis, Debye-Ang):
   XX=            -19.0774   YY=            -23.0181   ZZ=            -15.0383
   XY=              0.9106   XZ=              0.0000   YZ=             -0.0000
 Traceless Quadrupole moment (field-independent basis, Debye-Ang):
   XX=             -0.0328   YY=             -3.9735   ZZ=              4.0063
   XY=              0.9106   XZ=              0.0000   YZ=             -0.0000
 Octapole moment (field-independent basis, Debye-Ang**2):
  XXX=              0.0000  YYY=             -0.0000  ZZZ=             -0.0000  XYY=             -0.0000
  XXY=              0.0000  XXZ=             -0.0000  XZZ=              0.0000  YZZ=              0.0000
  YYZ=             -0.0000  XYZ=              0.0000
 Hexadecapole moment (field-independent basis, Debye-Ang**3):
 XXXX=            -82.3025 YYYY=           -314.1333 ZZZZ=            -17.7470 XXXY=             26.5069
 XXXZ=              0.0000 YYYX=             47.1871 YYYZ=             -0.0000 ZZZX=              0.0000
 ZZZY=             -0.0000 XXYY=            -69.3130 XXZZ=            -16.1108 YYZZ=            -44.0707
 XXYZ=             -0.0000 YYXZ=              0.0000 ZZXY=              7.7592
 N-N= 1.895282890556D+01 E-N=-4.888567823649D+01  KE= 6.690186041398D+00
 Symmetry AG   KE= 4.989985566726D+00
 Symmetry BG   KE= 0.000000000000D+00
 Symmetry AU   KE= 0.000000000000D+00
 Symmetry BU   KE= 1.700200474672D+00

 Test job not archived.
 1\1\GINC-SULU\Stability\RHF\Gen\H12\LCJ1\17-Feb-2017\0\\#rhf/gen scf(s
 ymm,tight,novaracc,noincfock,fulldiag) stable(crhf) guess=read geom=no
 crowd test\\hf stability analysis of h12 triangular lattice, y= 0.5099
 7778444185260\\0,1\H\H,1,1.2416712013\H,1,1.2416712013,2,131.5\H,2,1.2
 416712013,1,48.5,3,0.,0\H,2,1.2416712013,1,180.,3,0.,0\H,4,1.241671201
 3,3,180.,5,0.,0\H,6,1.2416712013,5,180.,3,0.,0\H,4,1.2416712013,2,180.
 ,3,0.,0\H,3,1.2416712013,1,180.,4,0.,0\H,9,1.2416712013,3,180.,4,0.,0\
 H,8,1.2416712013,4,180.,3,0.,0\H,7,1.2416712013,6,180.,3,0.,0\\Version
 =ES64L-G09RevE.01\State=1-AG\HF=-5.3979074\MP2=-5.6979827\RMSD=7.862e-
 09\Dipole=0.,0.,0.\Quadrupole=-0.9958292,2.9785666,-1.9827374,0.,1.536
 4954,0.\PG=C02H [SGH(H12)]\\@


 WHEN YOU'VE SEEN ONE NUCLEAR WAR YOU'VE SEEN THEM ALL.
 Job cpu time:       0 days  0 hours  0 minutes  1.1 seconds.
 File lengths (MBytes):  RWF=     84 Int=      0 D2E=      0 Chk=      2 Scr=      2
 Normal termination of Gaussian 09 at Fri Feb 17 14:57:46 2017.
