 Entering Gaussian System, Link 0=g09
 AtFile(1): H.gbs
            H     0
            S   10   1.00
               1000.000000000000            0.000068713567
                316.227766000000            0.000169141320
                100.000000000000            0.000823394812
                 31.622776600000            0.003425569236
                 10.000000000000            0.013951996000
                  3.162277660000            0.056909313560
                  1.000000000000            0.198286399900
                  0.316227766000            0.496922426700
                  0.100000000000            0.369846276400
                  0.031622776600            0.003752720039
            ****
 Initial command:
 /projects/guscus/apps/gau/g09-e1/g09/l1.exe "/users/lcj1/gaussian/h12/rhfstability/rect/guess/ag4bu2/Gau-8382.inp" -scrdir="/users/lcj1/gaussian/h12/rhfstability/rect/guess/ag4bu2/"
 Entering Link 1 = /projects/guscus/apps/gau/g09-e1/g09/l1.exe PID=      8383.
  
 Copyright (c) 1988,1990,1992,1993,1995,1998,2003,2009,2015,
            Gaussian, Inc.  All Rights Reserved.
  
 This is part of the Gaussian(R) 09 program.  It is based on
 the Gaussian(R) 03 system (copyright 2003, Gaussian, Inc.),
 the Gaussian(R) 98 system (copyright 1998, Gaussian, Inc.),
 the Gaussian(R) 94 system (copyright 1995, Gaussian, Inc.),
 the Gaussian 92(TM) system (copyright 1992, Gaussian, Inc.),
 the Gaussian 90(TM) system (copyright 1990, Gaussian, Inc.),
 the Gaussian 88(TM) system (copyright 1988, Gaussian, Inc.),
 the Gaussian 86(TM) system (copyright 1986, Carnegie Mellon
 University), and the Gaussian 82(TM) system (copyright 1983,
 Carnegie Mellon University). Gaussian is a federally registered
 trademark of Gaussian, Inc.
  
 This software contains proprietary and confidential information,
 including trade secrets, belonging to Gaussian, Inc.
  
 This software is provided under written license and may be
 used, copied, transmitted, or stored only in accord with that
 written license.
  
 The following legend is applicable only to US Government
 contracts under FAR:
  
                    RESTRICTED RIGHTS LEGEND
  
 Use, reproduction and disclosure by the US Government is
 subject to restrictions as set forth in subparagraphs (a)
 and (c) of the Commercial Computer Software - Restricted
 Rights clause in FAR 52.227-19.
  
 Gaussian, Inc.
 340 Quinnipiac St., Bldg. 40, Wallingford CT 06492
  
  
 ---------------------------------------------------------------
 Warning -- This program may not be used in any manner that
 competes with the business of Gaussian, Inc. or will provide
 assistance to any competitor of Gaussian, Inc.  The licensee
 of this program is prohibited from giving any competitor of
 Gaussian, Inc. access to this program.  By using this program,
 the user acknowledges that Gaussian, Inc. is engaged in the
 business of creating and licensing software in the field of
 computational chemistry and represents and warrants to the
 licensee that it is not a competitor of Gaussian, Inc. and that
 it will not use this program in any manner prohibited above.
 ---------------------------------------------------------------
  

 Cite this work as:
 Gaussian 09, Revision E.01,
 M. J. Frisch, G. W. Trucks, H. B. Schlegel, G. E. Scuseria, 
 M. A. Robb, J. R. Cheeseman, G. Scalmani, V. Barone, B. Mennucci, 
 G. A. Petersson, H. Nakatsuji, M. Caricato, X. Li, H. P. Hratchian, 
 A. F. Izmaylov, J. Bloino, G. Zheng, J. L. Sonnenberg, M. Hada, 
 M. Ehara, K. Toyota, R. Fukuda, J. Hasegawa, M. Ishida, T. Nakajima, 
 Y. Honda, O. Kitao, H. Nakai, T. Vreven, J. A. Montgomery, Jr., 
 J. E. Peralta, F. Ogliaro, M. Bearpark, J. J. Heyd, E. Brothers, 
 K. N. Kudin, V. N. Staroverov, T. Keith, R. Kobayashi, J. Normand, 
 K. Raghavachari, A. Rendell, J. C. Burant, S. S. Iyengar, J. Tomasi, 
 M. Cossi, N. Rega, J. M. Millam, M. Klene, J. E. Knox, J. B. Cross, 
 V. Bakken, C. Adamo, J. Jaramillo, R. Gomperts, R. E. Stratmann, 
 O. Yazyev, A. J. Austin, R. Cammi, C. Pomelli, J. W. Ochterski, 
 R. L. Martin, K. Morokuma, V. G. Zakrzewski, G. A. Voth, 
 P. Salvador, J. J. Dannenberg, S. Dapprich, A. D. Daniels, 
 O. Farkas, J. B. Foresman, J. V. Ortiz, J. Cioslowski, 
 and D. J. Fox, Gaussian, Inc., Wallingford CT, 2013.
 
 ******************************************
 Gaussian 09:  ES64L-G09RevE.01 30-Nov-2015
                17-Feb-2017 
 ******************************************
 %chk=h12.chk
 ----------------------------------------------------------------------
 #rhf/gen scf(symm,tight,novaracc,noincfock,fulldiag) stable(crhf) gues
 s=read geom=nocrowd test
 ----------------------------------------------------------------------
 1/38=1/1;
 2/12=1,17=6,18=5,40=1/2;
 3/5=7,16=1,25=1,30=1,116=1/1,2,3;
 4/5=1,9=4/1;
 5/5=100002,15=2,16=1,32=2,38=6/2;
 8/6=1,10=90,11=11/1,4;
 9/8=4,13=1/2;
 6/7=2,8=2,9=2,10=2,28=1/1;
 99/5=1,9=1/99;
 ----------------------------------------------------------------------
 hf stability analysis of h12 triangular lattice, y= 1.1954046164231349
 ----------------------------------------------------------------------
 Symbolic Z-matrix:
 Charge =  0 Multiplicity = 1
 H
 H                    1     1.28929 
 H                    1     1.28929  2     44. 
 H                    2     1.28929  1     136.     3     0.       0
 H                    2     1.28929  1     180.     3     0.       0
 H                    4     1.28929  3     180.     5     0.       0
 H                    6     1.28929  5     180.     3     0.       0
 H                    4     1.28929  2     180.     3     0.       0
 H                    3     1.28929  1     180.     4     0.       0
 H                    9     1.28929  3     180.     4     0.       0
 H                    8     1.28929  4     180.     3     0.       0
 H                    7     1.28929  6     180.     3     0.       0
 
                          Input orientation:                          
 ---------------------------------------------------------------------
 Center     Atomic      Atomic             Coordinates (Angstroms)
 Number     Number       Type             X           Y           Z
 ---------------------------------------------------------------------
      1          1           0        0.000000    0.000000    0.000000
      2          1           0        0.000000    0.000000    1.289285
      3          1           0        0.895613    0.000000    0.927434
      4          1           0        0.895613    0.000000    2.216720
      5          1           0        0.000000    0.000000    2.578571
      6          1           0        0.895613    0.000000    3.506005
      7          1           0        1.791226    0.000000    4.433439
      8          1           0        1.791226    0.000000    3.144154
      9          1           0        1.791226    0.000000    1.854869
     10          1           0        2.686839    0.000000    2.782303
     11          1           0        2.686839    0.000000    4.071588
     12          1           0        2.686839    0.000000    5.360874
 ---------------------------------------------------------------------
                    Distance matrix (angstroms):
                    1          2          3          4          5
     1  H    0.000000
     2  H    1.289285   0.000000
     3  H    1.289285   0.965950   0.000000
     4  H    2.390809   1.289285   1.289285   0.000000
     5  H    2.578571   1.289285   1.878397   0.965950   0.000000
     6  H    3.618590   2.390809   2.578571   1.289285   1.289285
     7  H    4.781618   3.618590   3.618590   2.390809   2.578571
     8  H    3.618590   2.578571   2.390809   1.289285   1.878397
     9  H    2.578571   1.878397   1.289285   0.965950   1.931899
    10  H    3.867856   3.073793   2.578571   1.878397   2.694552
    11  H    4.878210   3.867856   3.618590   2.578571   3.073793
    12  H    5.996505   4.878210   4.781618   3.618590   3.867856
                    6          7          8          9         10
     6  H    0.000000
     7  H    1.289285   0.000000
     8  H    0.965950   1.289285   0.000000
     9  H    1.878397   2.578571   1.289285   0.000000
    10  H    1.931899   1.878397   0.965950   1.289285   0.000000
    11  H    1.878397   0.965950   1.289285   2.390809   1.289285
    12  H    2.578571   1.289285   2.390809   3.618590   2.578571
                   11         12
    11  H    0.000000
    12  H    1.289285   0.000000
 Stoichiometry    H12
 Framework group  C2H[SGH(H12)]
 Deg. of freedom    11
 Full point group                 C2H     NOp   4
 Largest Abelian subgroup         C2H     NOp   4
 Largest concise Abelian subgroup C2      NOp   2
                         Standard orientation:                         
 ---------------------------------------------------------------------
 Center     Atomic      Atomic             Coordinates (Angstroms)
 Number     Number       Type             X           Y           Z
 ---------------------------------------------------------------------
      1          1           0        0.895613    2.861362   -0.000000
      2          1           0        0.000000    1.933928   -0.000000
      3          1           0        0.895613    1.572077   -0.000000
      4          1           0        0.000000    0.644643   -0.000000
      5          1           0       -0.895613    1.006494   -0.000000
      6          1           0       -0.895613   -0.282792   -0.000000
      7          1           0       -0.895613   -1.572077    0.000000
      8          1           0       -0.000000   -0.644643    0.000000
      9          1           0        0.895613    0.282792    0.000000
     10          1           0        0.895613   -1.006494    0.000000
     11          1           0       -0.000000   -1.933928    0.000000
     12          1           0       -0.895613   -2.861362    0.000000
 ---------------------------------------------------------------------
 Rotational constants (GHZ):    104.8304972     14.9918911     13.1161415
 General basis read from cards:  (5D, 7F)
 There are     6 symmetry adapted cartesian basis functions of AG  symmetry.
 There are     0 symmetry adapted cartesian basis functions of BG  symmetry.
 There are     0 symmetry adapted cartesian basis functions of AU  symmetry.
 There are     6 symmetry adapted cartesian basis functions of BU  symmetry.
 There are     6 symmetry adapted basis functions of AG  symmetry.
 There are     0 symmetry adapted basis functions of BG  symmetry.
 There are     0 symmetry adapted basis functions of AU  symmetry.
 There are     6 symmetry adapted basis functions of BU  symmetry.
    12 basis functions,   120 primitive gaussians,    12 cartesian basis functions
     6 alpha electrons        6 beta electrons
       nuclear repulsion energy        18.6659546200 Hartrees.
 NAtoms=   12 NActive=   12 NUniq=    6 SFac= 4.00D+00 NAtFMM=   60 NAOKFM=F Big=F
 Integral buffers will be    131072 words long.
 Regular integral format.
 Two-electron integral symmetry is turned on.
 One-electron integrals computed using PRISM.
 NBasis=    12 RedAO= T EigKep=  1.68D-01  NBF=     6     0     0     6
 NBsUse=    12 1.00D-06 EigRej= -1.00D+00 NBFU=     6     0     0     6
 Initial guess from the checkpoint file:  "h12.chk"
 B after Tr=    -0.000000   -0.000000    0.000000
         Rot=    0.986561   -0.000000   -0.000000   -0.163393 Ang= -18.81 deg.
 Initial guess orbital symmetries:
       Occupied  (AG) (BU) (BU) (AG) (AG) (AG)
       Virtual   (BU) (BU) (BU) (AG) (AG) (BU)
 Keep R1 ints in memory in symmetry-blocked form, NReq=901488.
 Requested convergence on RMS density matrix=1.00D-08 within 128 cycles.
 Requested convergence on MAX density matrix=1.00D-06.
 Requested convergence on             energy=1.00D-06.
 No special actions if energy rises.
 SCF Done:  E(RHF) =  -5.40615659820     A.U. after   16 cycles
            NFock= 16  Conv=0.94D-08     -V/T= 1.8154
 Range of M.O.s used for correlation:     1    12
 NBasis=    12 NAE=     6 NBE=     6 NFC=     0 NFV=     0
 NROrb=     12 NOA=     6 NOB=     6 NVA=     6 NVB=     6

 **** Warning!!: The smallest alpha delta epsilon is -0.94665177D-01

 Semi-Direct transformation.
 ModeAB=           4 MOrb=             6 LenV=     134086411
 LASXX=         2181 LTotXX=        2181 LenRXX=        5115
 LTotAB=        2934 MaxLAS=        3024 LenRXY=           0
 NonZer=        7296 LenScr=      655360 LnRSAI=        3024
 LnScr1=      655360 LExtra=           0 Total=      1318859
 MaxDsk=          -1 SrtSym=           T ITran=            3
 JobTyp=0 Pass  1:  I=   1 to   6.
 (rs|ai) integrals will be sorted in core.
 Spin components of T(2) and E(2):
     alpha-alpha T2 =       0.3014452374D-01 E2=     -0.2289202564D-01
     alpha-beta  T2 =       0.2337436118D+01 E2=     -0.3378730320D+00
     beta-beta   T2 =       0.3014452374D-01 E2=     -0.2289202564D-01
 ANorm=    0.1843291937D+01
 E2 =    -0.3836570833D+00 EUMP2 =    -0.57898136814969D+01
 Second order stability test of a single determinant RHF wave function:
 Stabil:  MDV=134217728
 ***********************************************************************
 Matrix         Lowest Root    Major Pairs
 ***********************************************************************
 Internal RHF    -0.1998268    6A=7A 6A=8A 5A=7A 4A=7A
 RRHF --> CRHF   -0.2902078    6A=7A
 RRHF --> RUHF   -0.6223815    6A=7B 6A=8B 4A=7B 4A=8B
 Not stable.
 ***********************************************************************

 **********************************************************************

            Population analysis using the SCF density.

 **********************************************************************

 Orbital symmetries:
       Occupied  (AG) (BU) (BU) (AG) (AG) (AG)
       Virtual   (BU) (BU) (AG) (BU) (AG) (BU)
 The electronic state is 1-AG.
 Alpha  occ. eigenvalues --   -0.95743  -0.77309  -0.56081  -0.55311  -0.31595
 Alpha  occ. eigenvalues --   -0.09288
 Alpha virt. eigenvalues --   -0.18755   0.14659   0.26244   0.28450   0.51271
 Alpha virt. eigenvalues --    0.55005
          Condensed to atoms (all electrons):
               1          2          3          4          5          6
     1  H    1.437074  -0.209124  -0.232238   0.004680   0.006987   0.002865
     2  H   -0.209124   0.888279   0.288440  -0.013056   0.196202  -0.066977
     3  H   -0.232238   0.288440   1.189648  -0.040633  -0.180989  -0.015341
     4  H    0.004680  -0.013056  -0.040633   0.557507   0.170718   0.150160
     5  H    0.006987   0.196202  -0.180989   0.170718   1.205479  -0.060587
     6  H    0.002865  -0.066977  -0.015341   0.150160  -0.060587   0.909669
     7  H   -0.001989   0.005356   0.017405  -0.033289  -0.054014   0.155668
     8  H    0.000767  -0.037097  -0.033289   0.068593  -0.034248   0.092240
     9  H    0.025364  -0.122112   0.155668   0.092240  -0.187188   0.028414
    10  H    0.002327   0.010611  -0.054014  -0.034248   0.043245  -0.187188
    11  H   -0.001351   0.009831   0.005356  -0.037097   0.010611  -0.122112
    12  H    0.000552  -0.001351  -0.001989   0.000767   0.002327   0.025364
               7          8          9         10         11         12
     1  H   -0.001989   0.000767   0.025364   0.002327  -0.001351   0.000552
     2  H    0.005356  -0.037097  -0.122112   0.010611   0.009831  -0.001351
     3  H    0.017405  -0.033289   0.155668  -0.054014   0.005356  -0.001989
     4  H   -0.033289   0.068593   0.092240  -0.034248  -0.037097   0.000767
     5  H   -0.054014  -0.034248  -0.187188   0.043245   0.010611   0.002327
     6  H    0.155668   0.092240   0.028414  -0.187188  -0.122112   0.025364
     7  H    1.189648  -0.040633  -0.015341  -0.180989   0.288440  -0.232238
     8  H   -0.040633   0.557507   0.150160   0.170718  -0.013056   0.004680
     9  H   -0.015341   0.150160   0.909669  -0.060587  -0.066977   0.002865
    10  H   -0.180989   0.170718  -0.060587   1.205479   0.196202   0.006987
    11  H    0.288440  -0.013056  -0.066977   0.196202   0.888279  -0.209124
    12  H   -0.232238   0.004680   0.002865   0.006987  -0.209124   1.437074
 Mulliken charges:
               1
     1  H   -0.035914
     2  H    0.050997
     3  H   -0.098025
     4  H    0.113658
     5  H   -0.118542
     6  H    0.087825
     7  H   -0.098025
     8  H    0.113658
     9  H    0.087825
    10  H   -0.118542
    11  H    0.050997
    12  H   -0.035914
 Sum of Mulliken charges =  -0.00000
 Mulliken charges with hydrogens summed into heavy atoms:
               1
 Electronic spatial extent (au):  <R**2>=            179.3744
 Charge=              0.0000 electrons
 Dipole moment (field-independent basis, Debye):
    X=             -0.0000    Y=             -0.0000    Z=              0.0000  Tot=              0.0000
 Quadrupole moment (field-independent basis, Debye-Ang):
   XX=            -19.1671   YY=            -23.3750   ZZ=            -15.0869
   XY=             -1.1707   XZ=             -0.0000   YZ=              0.0000
 Traceless Quadrupole moment (field-independent basis, Debye-Ang):
   XX=              0.0425   YY=             -4.1653   ZZ=              4.1228
   XY=             -1.1707   XZ=             -0.0000   YZ=              0.0000
 Octapole moment (field-independent basis, Debye-Ang**2):
  XXX=              0.0000  YYY=             -0.0000  ZZZ=              0.0000  XYY=             -0.0000
  XXY=             -0.0000  XXZ=              0.0000  XZZ=              0.0000  YZZ=              0.0000
  YYZ=              0.0000  XYZ=              0.0000
 Hexadecapole moment (field-independent basis, Debye-Ang**3):
 XXXX=            -78.2514 YYYY=           -358.8190 ZZZZ=            -17.8442 XXXY=            -28.7165
 XXXZ=             -0.0000 YYYX=            -54.6733 YYYZ=              0.0000 ZZZX=             -0.0000
 ZZZY=              0.0000 XXYY=            -73.5323 XXZZ=            -15.5246 YYZZ=            -48.4372
 XXYZ=              0.0000 YYXZ=              0.0000 ZZXY=             -8.5262
 N-N= 1.866595461995D+01 E-N=-4.826748613801D+01  KE= 6.629784087651D+00
 Symmetry AG   KE= 4.899708820574D+00
 Symmetry BG   KE= 0.000000000000D+00
 Symmetry AU   KE= 0.000000000000D+00
 Symmetry BU   KE= 1.730075267077D+00

 Test job not archived.
 1\1\GINC-SULU\Stability\RHF\Gen\H12\LCJ1\17-Feb-2017\0\\#rhf/gen scf(s
 ymm,tight,novaracc,noincfock,fulldiag) stable(crhf) guess=read geom=no
 crowd test\\hf stability analysis of h12 triangular lattice, y= 1.1954
 046164231349\\0,1\H\H,1,1.2892853932\H,1,1.2892853932,2,44.\H,2,1.2892
 853932,1,136.,3,0.,0\H,2,1.2892853932,1,180.,3,0.,0\H,4,1.2892853932,3
 ,180.,5,0.,0\H,6,1.2892853932,5,180.,3,0.,0\H,4,1.2892853932,2,180.,3,
 0.,0\H,3,1.2892853932,1,180.,4,0.,0\H,9,1.2892853932,3,180.,4,0.,0\H,8
 ,1.2892853932,4,180.,3,0.,0\H,7,1.2892853932,6,180.,3,0.,0\\Version=ES
 64L-G09RevE.01\State=1-AG\HF=-5.4061566\MP2=-5.7898137\RMSD=9.352e-09\
 Dipole=0.,0.,0.\Quadrupole=-0.6081374,3.0651941,-2.4570567,0.,-1.53290
 06,0.\PG=C02H [SGH(H12)]\\@


 THERE'S SMALL CHOICE IN A BOWL OF ROTTEN APPLES.
                     SHAKESPEARE
 Job cpu time:       0 days  0 hours  0 minutes  1.1 seconds.
 File lengths (MBytes):  RWF=     84 Int=      0 D2E=      0 Chk=      2 Scr=      2
 Normal termination of Gaussian 09 at Fri Feb 17 15:06:59 2017.
