 Entering Gaussian System, Link 0=g09
 AtFile(1): H.gbs
            H     0
            S   10   1.00
               1000.000000000000            0.000068713567
                316.227766000000            0.000169141320
                100.000000000000            0.000823394812
                 31.622776600000            0.003425569236
                 10.000000000000            0.013951996000
                  3.162277660000            0.056909313560
                  1.000000000000            0.198286399900
                  0.316227766000            0.496922426700
                  0.100000000000            0.369846276400
                  0.031622776600            0.003752720039
            ****
 Initial command:
 /projects/guscus/apps/gau/g09-e1/g09/l1.exe "/users/lcj1/gaussian/h12/rhfstability/rect/guess/ag4bu2/Gau-11334.inp" -scrdir="/users/lcj1/gaussian/h12/rhfstability/rect/guess/ag4bu2/"
 Entering Link 1 = /projects/guscus/apps/gau/g09-e1/g09/l1.exe PID=     11335.
  
 Copyright (c) 1988,1990,1992,1993,1995,1998,2003,2009,2015,
            Gaussian, Inc.  All Rights Reserved.
  
 This is part of the Gaussian(R) 09 program.  It is based on
 the Gaussian(R) 03 system (copyright 2003, Gaussian, Inc.),
 the Gaussian(R) 98 system (copyright 1998, Gaussian, Inc.),
 the Gaussian(R) 94 system (copyright 1995, Gaussian, Inc.),
 the Gaussian 92(TM) system (copyright 1992, Gaussian, Inc.),
 the Gaussian 90(TM) system (copyright 1990, Gaussian, Inc.),
 the Gaussian 88(TM) system (copyright 1988, Gaussian, Inc.),
 the Gaussian 86(TM) system (copyright 1986, Carnegie Mellon
 University), and the Gaussian 82(TM) system (copyright 1983,
 Carnegie Mellon University). Gaussian is a federally registered
 trademark of Gaussian, Inc.
  
 This software contains proprietary and confidential information,
 including trade secrets, belonging to Gaussian, Inc.
  
 This software is provided under written license and may be
 used, copied, transmitted, or stored only in accord with that
 written license.
  
 The following legend is applicable only to US Government
 contracts under FAR:
  
                    RESTRICTED RIGHTS LEGEND
  
 Use, reproduction and disclosure by the US Government is
 subject to restrictions as set forth in subparagraphs (a)
 and (c) of the Commercial Computer Software - Restricted
 Rights clause in FAR 52.227-19.
  
 Gaussian, Inc.
 340 Quinnipiac St., Bldg. 40, Wallingford CT 06492
  
  
 ---------------------------------------------------------------
 Warning -- This program may not be used in any manner that
 competes with the business of Gaussian, Inc. or will provide
 assistance to any competitor of Gaussian, Inc.  The licensee
 of this program is prohibited from giving any competitor of
 Gaussian, Inc. access to this program.  By using this program,
 the user acknowledges that Gaussian, Inc. is engaged in the
 business of creating and licensing software in the field of
 computational chemistry and represents and warrants to the
 licensee that it is not a competitor of Gaussian, Inc. and that
 it will not use this program in any manner prohibited above.
 ---------------------------------------------------------------
  

 Cite this work as:
 Gaussian 09, Revision E.01,
 M. J. Frisch, G. W. Trucks, H. B. Schlegel, G. E. Scuseria, 
 M. A. Robb, J. R. Cheeseman, G. Scalmani, V. Barone, B. Mennucci, 
 G. A. Petersson, H. Nakatsuji, M. Caricato, X. Li, H. P. Hratchian, 
 A. F. Izmaylov, J. Bloino, G. Zheng, J. L. Sonnenberg, M. Hada, 
 M. Ehara, K. Toyota, R. Fukuda, J. Hasegawa, M. Ishida, T. Nakajima, 
 Y. Honda, O. Kitao, H. Nakai, T. Vreven, J. A. Montgomery, Jr., 
 J. E. Peralta, F. Ogliaro, M. Bearpark, J. J. Heyd, E. Brothers, 
 K. N. Kudin, V. N. Staroverov, T. Keith, R. Kobayashi, J. Normand, 
 K. Raghavachari, A. Rendell, J. C. Burant, S. S. Iyengar, J. Tomasi, 
 M. Cossi, N. Rega, J. M. Millam, M. Klene, J. E. Knox, J. B. Cross, 
 V. Bakken, C. Adamo, J. Jaramillo, R. Gomperts, R. E. Stratmann, 
 O. Yazyev, A. J. Austin, R. Cammi, C. Pomelli, J. W. Ochterski, 
 R. L. Martin, K. Morokuma, V. G. Zakrzewski, G. A. Voth, 
 P. Salvador, J. J. Dannenberg, S. Dapprich, A. D. Daniels, 
 O. Farkas, J. B. Foresman, J. V. Ortiz, J. Cioslowski, 
 and D. J. Fox, Gaussian, Inc., Wallingford CT, 2013.
 
 ******************************************
 Gaussian 09:  ES64L-G09RevE.01 30-Nov-2015
                17-Feb-2017 
 ******************************************
 %chk=h12.chk
 ----------------------------------------------------------------------
 #rhf/gen scf(symm,tight,novaracc,noincfock,fulldiag) stable(crhf) gues
 s=read geom=nocrowd test
 ----------------------------------------------------------------------
 1/38=1/1;
 2/12=1,17=6,18=5,40=1/2;
 3/5=7,16=1,25=1,30=1,116=1/1,2,3;
 4/5=1,9=4/1;
 5/5=100002,15=2,16=1,32=2,38=6/2;
 8/6=1,10=90,11=11/1,4;
 9/8=4,13=1/2;
 6/7=2,8=2,9=2,10=2,28=1/1;
 99/5=1,9=1/99;
 ----------------------------------------------------------------------
 hf stability analysis of h12 triangular lattice, y= 0.2937440693806230
 9
 ----------------------------------------------------------------------
 Symbolic Z-matrix:
 Charge =  0 Multiplicity = 1
 H
 H                    1     1.98732 
 H                    1     1.98732  2     163. 
 H                    2     1.98732  1     17.      3     0.       0
 H                    2     1.98732  1     180.     3     0.       0
 H                    4     1.98732  3     180.     5     0.       0
 H                    6     1.98732  5     180.     3     0.       0
 H                    4     1.98732  2     180.     3     0.       0
 H                    3     1.98732  1     180.     4     0.       0
 H                    9     1.98732  3     180.     4     0.       0
 H                    8     1.98732  4     180.     3     0.       0
 H                    7     1.98732  6     180.     3     0.       0
 
                          Input orientation:                          
 ---------------------------------------------------------------------
 Center     Atomic      Atomic             Coordinates (Angstroms)
 Number     Number       Type             X           Y           Z
 ---------------------------------------------------------------------
      1          1           0        0.000000    0.000000    0.000000
      2          1           0        0.000000    0.000000    1.987316
      3          1           0        0.581035    0.000000   -1.900480
      4          1           0        0.581035    0.000000    0.086836
      5          1           0        0.000000    0.000000    3.974633
      6          1           0        0.581035    0.000000    2.074153
      7          1           0        1.162070    0.000000    0.173673
      8          1           0        1.162070    0.000000   -1.813644
      9          1           0        1.162070    0.000000   -3.800960
     10          1           0        1.743105    0.000000   -5.701440
     11          1           0        1.743105    0.000000   -3.714124
     12          1           0        1.743105    0.000000   -1.726808
 ---------------------------------------------------------------------
                    Distance matrix (angstroms):
                    1          2          3          4          5
     1  H    0.000000
     2  H    1.987316   0.000000
     3  H    1.987316   3.930975   0.000000
     4  H    0.587488   1.987316   1.987316   0.000000
     5  H    3.974633   1.987316   5.903774   3.930975   0.000000
     6  H    2.153999   0.587488   3.974633   1.987316   1.987316
     7  H    1.174976   2.153999   2.153999   0.587488   3.974633
     8  H    2.153999   3.974633   0.587488   1.987316   5.903774
     9  H    3.974633   5.903774   1.987316   3.930975   7.861950
    10  H    5.961949   7.883869   3.974633   5.903774   9.831826
    11  H    4.102820   5.961949   2.153999   3.974633   7.883869
    12  H    2.453626   4.102820   1.174976   2.153999   5.961949
                    6          7          8          9         10
     6  H    0.000000
     7  H    1.987316   0.000000
     8  H    3.930975   1.987316   0.000000
     9  H    5.903774   3.974633   1.987316   0.000000
    10  H    7.861950   5.903774   3.930975   1.987316   0.000000
    11  H    5.903774   3.930975   1.987316   0.587488   1.987316
    12  H    3.974633   1.987316   0.587488   2.153999   3.974633
                   11         12
    11  H    0.000000
    12  H    1.987316   0.000000
 Stoichiometry    H12
 Framework group  C2H[SGH(H12)]
 Deg. of freedom    11
 Full point group                 C2H     NOp   4
 Largest Abelian subgroup         C2H     NOp   4
 Largest concise Abelian subgroup C2      NOp   2
                         Standard orientation:                         
 ---------------------------------------------------------------------
 Center     Atomic      Atomic             Coordinates (Angstroms)
 Number     Number       Type             X           Y           Z
 ---------------------------------------------------------------------
      1          1           0        0.581035    1.080494   -0.000000
      2          1           0        0.000000    2.980975   -0.000000
      3          1           0        0.581035   -0.906822   -0.000000
      4          1           0        0.000000    0.993658   -0.000000
      5          1           0       -0.581035    4.881455    0.000000
      6          1           0       -0.581035    2.894138    0.000000
      7          1           0       -0.581035    0.906822   -0.000000
      8          1           0       -0.000000   -0.993658    0.000000
      9          1           0        0.581035   -2.894138    0.000000
     10          1           0        0.581035   -4.881455    0.000000
     11          1           0       -0.000000   -2.980975    0.000000
     12          1           0       -0.581035   -1.080494   -0.000000
 ---------------------------------------------------------------------
 Rotational constants (GHZ):    279.0593318      5.6318048      5.5203956
 General basis read from cards:  (5D, 7F)
 There are     6 symmetry adapted cartesian basis functions of AG  symmetry.
 There are     0 symmetry adapted cartesian basis functions of BG  symmetry.
 There are     0 symmetry adapted cartesian basis functions of AU  symmetry.
 There are     6 symmetry adapted cartesian basis functions of BU  symmetry.
 There are     6 symmetry adapted basis functions of AG  symmetry.
 There are     0 symmetry adapted basis functions of BG  symmetry.
 There are     0 symmetry adapted basis functions of AU  symmetry.
 There are     6 symmetry adapted basis functions of BU  symmetry.
    12 basis functions,   120 primitive gaussians,    12 cartesian basis functions
     6 alpha electrons        6 beta electrons
       nuclear repulsion energy        16.3807515163 Hartrees.
 NAtoms=   12 NActive=   12 NUniq=    6 SFac= 4.00D+00 NAtFMM=   60 NAOKFM=F Big=F
 Integral buffers will be    131072 words long.
 Regular integral format.
 Two-electron integral symmetry is turned on.
 One-electron integrals computed using PRISM.
 NBasis=    12 RedAO= T EigKep=  5.65D-02  NBF=     6     0     0     6
 NBsUse=    12 1.00D-06 EigRej= -1.00D+00 NBFU=     6     0     0     6
 Initial guess from the checkpoint file:  "h12.chk"
 B after Tr=    -0.000000    0.000000    0.000000
         Rot=    0.983357   -0.000000    0.000000    0.181682 Ang=  20.94 deg.
 Initial guess orbital symmetries:
       Occupied  (AG) (BU) (BU) (AG) (AG) (AG)
       Virtual   (BU) (BU) (BU) (AG) (AG) (BU)
 Keep R1 ints in memory in symmetry-blocked form, NReq=895804.
 Requested convergence on RMS density matrix=1.00D-08 within 128 cycles.
 Requested convergence on MAX density matrix=1.00D-06.
 Requested convergence on             energy=1.00D-06.
 No special actions if energy rises.
 SCF Done:  E(RHF) =  -5.09857098701     A.U. after   11 cycles
            NFock= 11  Conv=0.11D-08     -V/T= 1.7515
 Range of M.O.s used for correlation:     1    12
 NBasis=    12 NAE=     6 NBE=     6 NFC=     0 NFV=     0
 NROrb=     12 NOA=     6 NOB=     6 NVA=     6 NVB=     6

 **** Warning!!: The smallest alpha delta epsilon is  0.33454898D-01

 Semi-Direct transformation.
 ModeAB=           4 MOrb=             6 LenV=     134092641
 LASXX=         2181 LTotXX=        2181 LenRXX=        5115
 LTotAB=        2934 MaxLAS=        3024 LenRXY=           0
 NonZer=        7296 LenScr=      655360 LnRSAI=        3024
 LnScr1=      655360 LExtra=           0 Total=      1318859
 MaxDsk=          -1 SrtSym=           T ITran=            3
 JobTyp=0 Pass  1:  I=   1 to   6.
 (rs|ai) integrals will be sorted in core.
 Spin components of T(2) and E(2):
     alpha-alpha T2 =       0.1876323517D-01 E2=     -0.6241521474D-02
     alpha-beta  T2 =       0.7396845712D+01 E2=     -0.8917761293D+00
     beta-beta   T2 =       0.1876323517D-01 E2=     -0.6241521474D-02
 ANorm=    0.2904199060D+01
 E2 =    -0.9042591722D+00 EUMP2 =    -0.60028301592063D+01
 Second order stability test of a single determinant RHF wave function:
 Stabil:  MDV=134217728
 ***********************************************************************
 Matrix         Lowest Root    Major Pairs
 ***********************************************************************
 Internal RHF    -0.0842707    6A=7A
 RRHF --> CRHF   -0.1054133    6A=8A
 RRHF --> RUHF   -0.5761378    5A=7B
 Not stable.
 ***********************************************************************

 **********************************************************************

            Population analysis using the SCF density.

 **********************************************************************

 Orbital symmetries:
       Occupied  (AG) (BU) (AG) (BU) (AG) (AG)
       Virtual   (BU) (BU) (BU) (AG) (AG) (BU)
 The electronic state is 1-AG.
 Alpha  occ. eigenvalues --   -0.87619  -0.83673  -0.67757  -0.67259  -0.19598
 Alpha  occ. eigenvalues --   -0.17504
 Alpha virt. eigenvalues --   -0.14158  -0.05074   0.54420   0.54997   1.10379
 Alpha virt. eigenvalues --    1.24867
          Condensed to atoms (all electrons):
               1          2          3          4          5          6
     1  H    1.317490   0.016772  -0.277782   0.254177   0.000108  -0.042058
     2  H    0.016772   0.608303  -0.001915  -0.033591  -0.027218   0.478395
     3  H   -0.277782  -0.001915   1.271125  -0.025031   0.000004   0.002263
     4  H    0.254177  -0.033591  -0.025031   1.018551   0.000299  -0.035408
     5  H    0.000108  -0.027218   0.000004   0.000299   1.059265  -0.027634
     6  H   -0.042058   0.478395   0.002263  -0.035408  -0.027634   0.619222
     7  H   -0.589992  -0.039761   0.206638   0.229721   0.000077   0.017667
     8  H   -0.012970   0.000318   0.229721  -0.022599   0.000013   0.000255
     9  H   -0.001927  -0.000002   0.017667   0.000255  -0.000002   0.000016
    10  H    0.000005  -0.000002   0.000077   0.000013   0.000001  -0.000002
    11  H    0.001790   0.000013  -0.039761   0.000318  -0.000002  -0.000002
    12  H    0.148835   0.001790  -0.589992  -0.012970   0.000005  -0.001927
               7          8          9         10         11         12
     1  H   -0.589992  -0.012970  -0.001927   0.000005   0.001790   0.148835
     2  H   -0.039761   0.000318  -0.000002  -0.000002   0.000013   0.001790
     3  H    0.206638   0.229721   0.017667   0.000077  -0.039761  -0.589992
     4  H    0.229721  -0.022599   0.000255   0.000013   0.000318  -0.012970
     5  H    0.000077   0.000013  -0.000002   0.000001  -0.000002   0.000005
     6  H    0.017667   0.000255   0.000016  -0.000002  -0.000002  -0.001927
     7  H    1.271125  -0.025031   0.002263   0.000004  -0.001915  -0.277782
     8  H   -0.025031   1.018551  -0.035408   0.000299  -0.033591   0.254177
     9  H    0.002263  -0.035408   0.619222  -0.027634   0.478395  -0.042058
    10  H    0.000004   0.000299  -0.027634   1.059265  -0.027218   0.000108
    11  H   -0.001915  -0.033591   0.478395  -0.027218   0.608303   0.016772
    12  H   -0.277782   0.254177  -0.042058   0.000108   0.016772   1.317490
 Mulliken charges:
               1
     1  H    0.185553
     2  H   -0.003103
     3  H    0.206985
     4  H   -0.373733
     5  H   -0.004916
     6  H   -0.010786
     7  H    0.206985
     8  H   -0.373733
     9  H   -0.010786
    10  H   -0.004916
    11  H   -0.003103
    12  H    0.185553
 Sum of Mulliken charges =  -0.00000
 Mulliken charges with hydrogens summed into heavy atoms:
               1
 Electronic spatial extent (au):  <R**2>=            363.1662
 Charge=             -0.0000 electrons
 Dipole moment (field-independent basis, Debye):
    X=              0.0000    Y=              0.0000    Z=             -0.0000  Tot=              0.0000
 Quadrupole moment (field-independent basis, Debye-Ang):
   XX=            -15.1259   YY=            -21.9379   ZZ=            -15.0993
   XY=              0.3795   XZ=             -0.0000   YZ=              0.0000
 Traceless Quadrupole moment (field-independent basis, Debye-Ang):
   XX=              2.2618   YY=             -4.5502   ZZ=              2.2884
   XY=              0.3795   XZ=             -0.0000   YZ=              0.0000
 Octapole moment (field-independent basis, Debye-Ang**2):
  XXX=              0.0000  YYY=              0.0000  ZZZ=             -0.0000  XYY=             -0.0000
  XXY=              0.0000  XXZ=             -0.0000  XZZ=              0.0000  YZZ=              0.0000
  YYZ=             -0.0000  XYZ=             -0.0000
 Hexadecapole moment (field-independent basis, Debye-Ang**3):
 XXXX=            -38.3526 YYYY=           -880.5472 ZZZZ=            -18.0120 XXXY=             34.5285
 XXXZ=             -0.0000 YYYX=             55.3403 YYYZ=              0.0000 ZZZX=             -0.0000
 ZZZY=              0.0000 XXYY=           -127.9593 XXZZ=             -9.4216 YYZZ=           -124.4991
 XXYZ=              0.0000 YYXZ=             -0.0000 ZZXY=             11.8766
 N-N= 1.638075151627D+01 E-N=-4.287482937702D+01  KE= 6.784394626714D+00
 Symmetry AG   KE= 4.738233545834D+00
 Symmetry BG   KE= 0.000000000000D+00
 Symmetry AU   KE= 0.000000000000D+00
 Symmetry BU   KE= 2.046161080880D+00

 Test job not archived.
 1\1\GINC-SULU\Stability\RHF\Gen\H12\LCJ1\17-Feb-2017\0\\#rhf/gen scf(s
 ymm,tight,novaracc,noincfock,fulldiag) stable(crhf) guess=read geom=no
 crowd test\\hf stability analysis of h12 triangular lattice, y= 0.2937
 4406938062309\\0,1\H\H,1,1.9873163625\H,1,1.9873163625,2,163.\H,2,1.98
 73163625,1,17.,3,0.,0\H,2,1.9873163625,1,180.,3,0.,0\H,4,1.9873163625,
 3,180.,5,0.,0\H,6,1.9873163625,5,180.,3,0.,0\H,4,1.9873163625,2,180.,3
 ,0.,0\H,3,1.9873163625,1,180.,4,0.,0\H,9,1.9873163625,3,180.,4,0.,0\H,
 8,1.9873163625,4,180.,3,0.,0\H,7,1.9873163625,6,180.,3,0.,0\\Version=E
 S64L-G09RevE.01\State=1-AG\HF=-5.098571\MP2=-6.0028302\RMSD=1.103e-09\
 Dipole=0.,0.,0.\Quadrupole=1.4064468,1.7013927,-3.1078395,0.,1.1820972
 ,0.\PG=C02H [SGH(H12)]\\@


 IN THE UNIVERSE THE DIFFICULT THINGS ARE DONE AS IF THEY WERE EASY.

                                                          -- LAO-TSU
 Job cpu time:       0 days  0 hours  0 minutes  1.0 seconds.
 File lengths (MBytes):  RWF=     84 Int=      0 D2E=      0 Chk=      2 Scr=      2
 Normal termination of Gaussian 09 at Fri Feb 17 14:54:33 2017.
