 Entering Gaussian System, Link 0=g09
 AtFile(1): H.gbs
            H     0
            S   10   1.00
               1000.000000000000            0.000068713567
                316.227766000000            0.000169141320
                100.000000000000            0.000823394812
                 31.622776600000            0.003425569236
                 10.000000000000            0.013951996000
                  3.162277660000            0.056909313560
                  1.000000000000            0.198286399900
                  0.316227766000            0.496922426700
                  0.100000000000            0.369846276400
                  0.031622776600            0.003752720039
            ****
 Initial command:
 /projects/guscus/apps/gau/g09-e1/g09/l1.exe "/users/lcj1/gaussian/h12/rhfstability/rect/guess/ag4bu2/Gau-6329.inp" -scrdir="/users/lcj1/gaussian/h12/rhfstability/rect/guess/ag4bu2/"
 Entering Link 1 = /projects/guscus/apps/gau/g09-e1/g09/l1.exe PID=      6330.
  
 Copyright (c) 1988,1990,1992,1993,1995,1998,2003,2009,2015,
            Gaussian, Inc.  All Rights Reserved.
  
 This is part of the Gaussian(R) 09 program.  It is based on
 the Gaussian(R) 03 system (copyright 2003, Gaussian, Inc.),
 the Gaussian(R) 98 system (copyright 1998, Gaussian, Inc.),
 the Gaussian(R) 94 system (copyright 1995, Gaussian, Inc.),
 the Gaussian 92(TM) system (copyright 1992, Gaussian, Inc.),
 the Gaussian 90(TM) system (copyright 1990, Gaussian, Inc.),
 the Gaussian 88(TM) system (copyright 1988, Gaussian, Inc.),
 the Gaussian 86(TM) system (copyright 1986, Carnegie Mellon
 University), and the Gaussian 82(TM) system (copyright 1983,
 Carnegie Mellon University). Gaussian is a federally registered
 trademark of Gaussian, Inc.
  
 This software contains proprietary and confidential information,
 including trade secrets, belonging to Gaussian, Inc.
  
 This software is provided under written license and may be
 used, copied, transmitted, or stored only in accord with that
 written license.
  
 The following legend is applicable only to US Government
 contracts under FAR:
  
                    RESTRICTED RIGHTS LEGEND
  
 Use, reproduction and disclosure by the US Government is
 subject to restrictions as set forth in subparagraphs (a)
 and (c) of the Commercial Computer Software - Restricted
 Rights clause in FAR 52.227-19.
  
 Gaussian, Inc.
 340 Quinnipiac St., Bldg. 40, Wallingford CT 06492
  
  
 ---------------------------------------------------------------
 Warning -- This program may not be used in any manner that
 competes with the business of Gaussian, Inc. or will provide
 assistance to any competitor of Gaussian, Inc.  The licensee
 of this program is prohibited from giving any competitor of
 Gaussian, Inc. access to this program.  By using this program,
 the user acknowledges that Gaussian, Inc. is engaged in the
 business of creating and licensing software in the field of
 computational chemistry and represents and warrants to the
 licensee that it is not a competitor of Gaussian, Inc. and that
 it will not use this program in any manner prohibited above.
 ---------------------------------------------------------------
  

 Cite this work as:
 Gaussian 09, Revision E.01,
 M. J. Frisch, G. W. Trucks, H. B. Schlegel, G. E. Scuseria, 
 M. A. Robb, J. R. Cheeseman, G. Scalmani, V. Barone, B. Mennucci, 
 G. A. Petersson, H. Nakatsuji, M. Caricato, X. Li, H. P. Hratchian, 
 A. F. Izmaylov, J. Bloino, G. Zheng, J. L. Sonnenberg, M. Hada, 
 M. Ehara, K. Toyota, R. Fukuda, J. Hasegawa, M. Ishida, T. Nakajima, 
 Y. Honda, O. Kitao, H. Nakai, T. Vreven, J. A. Montgomery, Jr., 
 J. E. Peralta, F. Ogliaro, M. Bearpark, J. J. Heyd, E. Brothers, 
 K. N. Kudin, V. N. Staroverov, T. Keith, R. Kobayashi, J. Normand, 
 K. Raghavachari, A. Rendell, J. C. Burant, S. S. Iyengar, J. Tomasi, 
 M. Cossi, N. Rega, J. M. Millam, M. Klene, J. E. Knox, J. B. Cross, 
 V. Bakken, C. Adamo, J. Jaramillo, R. Gomperts, R. E. Stratmann, 
 O. Yazyev, A. J. Austin, R. Cammi, C. Pomelli, J. W. Ochterski, 
 R. L. Martin, K. Morokuma, V. G. Zakrzewski, G. A. Voth, 
 P. Salvador, J. J. Dannenberg, S. Dapprich, A. D. Daniels, 
 O. Farkas, J. B. Foresman, J. V. Ortiz, J. Cioslowski, 
 and D. J. Fox, Gaussian, Inc., Wallingford CT, 2013.
 
 ******************************************
 Gaussian 09:  ES64L-G09RevE.01 30-Nov-2015
                17-Feb-2017 
 ******************************************
 %chk=h12.chk
 ----------------------------------------------------------------------
 #rhf/gen scf(symm,tight,novaracc,noincfock,fulldiag) stable(crhf) gues
 s=read geom=nocrowd test
 ----------------------------------------------------------------------
 1/38=1/1;
 2/12=1,17=6,18=5,40=1/2;
 3/5=7,16=1,25=1,30=1,116=1/1,2,3;
 4/5=1,9=4/1;
 5/5=100002,15=2,16=1,32=2,38=6/2;
 8/6=1,10=90,11=11/1,4;
 9/8=4,13=1/2;
 6/7=2,8=2,9=2,10=2,28=1/1;
 99/5=1,9=1/99;
 ----------------------------------------------------------------------
 hf stability analysis of h12 triangular lattice, y= 1.0879998015825072
 ----------------------------------------------------------------------
 Symbolic Z-matrix:
 Charge =  0 Multiplicity = 1
 H
 H                    1     1.21051 
 H                    1     1.21051  2     52. 
 H                    2     1.21051  1     128.     3     0.       0
 H                    2     1.21051  1     180.     3     0.       0
 H                    4     1.21051  3     180.     5     0.       0
 H                    6     1.21051  5     180.     3     0.       0
 H                    4     1.21051  2     180.     3     0.       0
 H                    3     1.21051  1     180.     4     0.       0
 H                    9     1.21051  3     180.     4     0.       0
 H                    8     1.21051  4     180.     3     0.       0
 H                    7     1.21051  6     180.     3     0.       0
 
                          Input orientation:                          
 ---------------------------------------------------------------------
 Center     Atomic      Atomic             Coordinates (Angstroms)
 Number     Number       Type             X           Y           Z
 ---------------------------------------------------------------------
      1          1           0        0.000000    0.000000    0.000000
      2          1           0        0.000000    0.000000    1.210511
      3          1           0        0.953895    0.000000    0.745265
      4          1           0        0.953895    0.000000    1.955775
      5          1           0        0.000000    0.000000    2.421021
      6          1           0        0.953895    0.000000    3.166286
      7          1           0        1.907791    0.000000    3.911551
      8          1           0        1.907791    0.000000    2.701040
      9          1           0        1.907791    0.000000    1.490530
     10          1           0        2.861686    0.000000    2.235794
     11          1           0        2.861686    0.000000    3.446305
     12          1           0        2.861686    0.000000    4.656816
 ---------------------------------------------------------------------
                    Distance matrix (angstroms):
                    1          2          3          4          5
     1  H    0.000000
     2  H    1.210511   0.000000
     3  H    1.210511   1.061306   0.000000
     4  H    2.176000   1.210511   1.210511   0.000000
     5  H    2.421021   1.210511   1.928231   1.061306   0.000000
     6  H    3.306854   2.176000   2.421021   1.210511   1.210511
     7  H    4.351999   3.306854   3.306854   2.176000   2.421021
     8  H    3.306854   2.421021   2.176000   1.210511   1.928231
     9  H    2.421021   1.928231   1.210511   1.061306   2.122612
    10  H    3.631532   3.039812   2.421021   1.928231   2.867675
    11  H    4.479539   3.631532   3.306854   2.421021   3.039812
    12  H    5.465819   4.479539   4.351999   3.306854   3.631532
                    6          7          8          9         10
     6  H    0.000000
     7  H    1.210511   0.000000
     8  H    1.061306   1.210511   0.000000
     9  H    1.928231   2.421021   1.210511   0.000000
    10  H    2.122612   1.928231   1.061306   1.210511   0.000000
    11  H    1.928231   1.061306   1.210511   2.176000   1.210511
    12  H    2.421021   1.210511   2.176000   3.306854   2.421021
                   11         12
    11  H    0.000000
    12  H    1.210511   0.000000
 Stoichiometry    H12
 Framework group  C2H[SGH(H12)]
 Deg. of freedom    11
 Full point group                 C2H     NOp   4
 Largest Abelian subgroup         C2H     NOp   4
 Largest concise Abelian subgroup C2      NOp   2
                         Standard orientation:                         
 ---------------------------------------------------------------------
 Center     Atomic      Atomic             Coordinates (Angstroms)
 Number     Number       Type             X           Y           Z
 ---------------------------------------------------------------------
      1          1           0        0.953895    2.561031   -0.000000
      2          1           0       -0.000000    1.815766   -0.000000
      3          1           0        0.953895    1.350520   -0.000000
      4          1           0       -0.000000    0.605255   -0.000000
      5          1           0       -0.953895    1.070501   -0.000000
      6          1           0       -0.953895   -0.140009   -0.000000
      7          1           0       -0.953895   -1.350520   -0.000000
      8          1           0       -0.000000   -0.605255   -0.000000
      9          1           0        0.953895    0.140009   -0.000000
     10          1           0        0.953895   -1.070501   -0.000000
     11          1           0       -0.000000   -1.815766   -0.000000
     12          1           0       -0.953895   -2.561031   -0.000000
 ---------------------------------------------------------------------
 Rotational constants (GHZ):     87.7091228     17.9184036     14.8787680
 General basis read from cards:  (5D, 7F)
 There are     6 symmetry adapted cartesian basis functions of AG  symmetry.
 There are     0 symmetry adapted cartesian basis functions of BG  symmetry.
 There are     0 symmetry adapted cartesian basis functions of AU  symmetry.
 There are     6 symmetry adapted cartesian basis functions of BU  symmetry.
 There are     6 symmetry adapted basis functions of AG  symmetry.
 There are     0 symmetry adapted basis functions of BG  symmetry.
 There are     0 symmetry adapted basis functions of AU  symmetry.
 There are     6 symmetry adapted basis functions of BU  symmetry.
    12 basis functions,   120 primitive gaussians,    12 cartesian basis functions
     6 alpha electrons        6 beta electrons
       nuclear repulsion energy        19.1540827287 Hartrees.
 NAtoms=   12 NActive=   12 NUniq=    6 SFac= 4.00D+00 NAtFMM=   60 NAOKFM=F Big=F
 Integral buffers will be    131072 words long.
 Regular integral format.
 Two-electron integral symmetry is turned on.
 One-electron integrals computed using PRISM.
 NBasis=    12 RedAO= T EigKep=  1.90D-01  NBF=     6     0     0     6
 NBsUse=    12 1.00D-06 EigRej= -1.00D+00 NBFU=     6     0     0     6
 Initial guess from the checkpoint file:  "h12.chk"
 B after Tr=    -0.000000    0.000000   -0.000000
         Rot=    0.989921   -0.000000   -0.000000   -0.141620 Ang= -16.28 deg.
 Initial guess orbital symmetries:
       Occupied  (AG) (BU) (BU) (AG) (AG) (AG)
       Virtual   (BU) (BU) (BU) (AG) (AG) (BU)
 Keep R1 ints in memory in symmetry-blocked form, NReq=902804.
 Requested convergence on RMS density matrix=1.00D-08 within 128 cycles.
 Requested convergence on MAX density matrix=1.00D-06.
 Requested convergence on             energy=1.00D-06.
 No special actions if energy rises.
 SCF Done:  E(RHF) =  -5.39998489994     A.U. after   21 cycles
            NFock= 21  Conv=0.46D-09     -V/T= 1.8033
 Range of M.O.s used for correlation:     1    12
 NBasis=    12 NAE=     6 NBE=     6 NFC=     0 NFV=     0
 NROrb=     12 NOA=     6 NOB=     6 NVA=     6 NVB=     6

 **** Warning!!: The smallest alpha delta epsilon is -0.78494992D-01

 Semi-Direct transformation.
 ModeAB=           4 MOrb=             6 LenV=     134085109
 LASXX=         2181 LTotXX=        2181 LenRXX=        5115
 LTotAB=        2934 MaxLAS=        3024 LenRXY=           0
 NonZer=        7296 LenScr=      655360 LnRSAI=        3024
 LnScr1=      655360 LExtra=           0 Total=      1318859
 MaxDsk=          -1 SrtSym=           T ITran=            3
 JobTyp=0 Pass  1:  I=   1 to   6.
 (rs|ai) integrals will be sorted in core.
 Spin components of T(2) and E(2):
     alpha-alpha T2 =       0.2272629409D-01 E2=     -0.2108082898D-01
     alpha-beta  T2 =       0.7640367583D+00 E2=     -0.1664695337D+00
     beta-beta   T2 =       0.2272629409D-01 E2=     -0.2108082898D-01
 ANorm=    0.1345172608D+01
 E2 =    -0.2086311916D+00 EUMP2 =    -0.56086160915784D+01
 Second order stability test of a single determinant RHF wave function:
 Stabil:  MDV=134217728
 ***********************************************************************
 Matrix         Lowest Root    Major Pairs
 ***********************************************************************
 Internal RHF    -0.2071953    6A=7A
 RRHF --> CRHF   -0.2934506    6A=7A
 RRHF --> RUHF   -0.5129329    6A=7B
 Not stable.
 ***********************************************************************

 **********************************************************************

            Population analysis using the SCF density.

 **********************************************************************

 Orbital symmetries:
       Occupied  (AG) (BU) (BU) (AG) (AG) (AG)
       Virtual   (BU) (AG) (BU) (BU) (BU) (AG)
 The electronic state is 1-AG.
 Alpha  occ. eigenvalues --   -0.93553  -0.75939  -0.57155  -0.54074  -0.31082
 Alpha  occ. eigenvalues --   -0.06377
 Alpha virt. eigenvalues --   -0.14227   0.18175   0.23635   0.34453   0.49215
 Alpha virt. eigenvalues --    0.57357
          Condensed to atoms (all electrons):
               1          2          3          4          5          6
     1  H    1.133099  -0.243645  -0.024467  -0.105455   0.050580   0.017908
     2  H   -0.243645   1.186283   0.171153   0.182427   0.083225  -0.133416
     3  H   -0.024467   0.171153   1.005991   0.137516  -0.200897  -0.046752
     4  H   -0.105455   0.182427   0.137516   0.772246  -0.097425  -0.001709
     5  H    0.050580   0.083225  -0.200897  -0.097425   1.277336   0.195615
     6  H    0.017908  -0.133416  -0.046752  -0.001709   0.195615   1.118247
     7  H   -0.001644   0.002705   0.019546   0.019365  -0.085074   0.030759
     8  H   -0.024747   0.004396   0.019365   0.226713  -0.110799  -0.113976
     9  H    0.081890  -0.205370   0.030759  -0.113976  -0.038041   0.091336
    10  H    0.010965  -0.004459  -0.085074  -0.110799   0.053126  -0.038041
    11  H   -0.003188   0.020113   0.002705   0.004396  -0.004459  -0.205370
    12  H    0.001080  -0.003188  -0.001644  -0.024747   0.010965   0.081890
               7          8          9         10         11         12
     1  H   -0.001644  -0.024747   0.081890   0.010965  -0.003188   0.001080
     2  H    0.002705   0.004396  -0.205370  -0.004459   0.020113  -0.003188
     3  H    0.019546   0.019365   0.030759  -0.085074   0.002705  -0.001644
     4  H    0.019365   0.226713  -0.113976  -0.110799   0.004396  -0.024747
     5  H   -0.085074  -0.110799  -0.038041   0.053126  -0.004459   0.010965
     6  H    0.030759  -0.113976   0.091336  -0.038041  -0.205370   0.081890
     7  H    1.005991   0.137516  -0.046752  -0.200897   0.171153  -0.024467
     8  H    0.137516   0.772246  -0.001709  -0.097425   0.182427  -0.105455
     9  H   -0.046752  -0.001709   1.118247   0.195615  -0.133416   0.017908
    10  H   -0.200897  -0.097425   0.195615   1.277336   0.083225   0.050580
    11  H    0.171153   0.182427  -0.133416   0.083225   1.186283  -0.243645
    12  H   -0.024467  -0.105455   0.017908   0.050580  -0.243645   1.133099
 Mulliken charges:
               1
     1  H    0.107622
     2  H   -0.060223
     3  H   -0.028203
     4  H    0.111448
     5  H   -0.134153
     6  H    0.003509
     7  H   -0.028203
     8  H    0.111448
     9  H    0.003509
    10  H   -0.134153
    11  H   -0.060223
    12  H    0.107622
 Sum of Mulliken charges =  -0.00000
 Mulliken charges with hydrogens summed into heavy atoms:
               1
 Electronic spatial extent (au):  <R**2>=            157.0888
 Charge=             -0.0000 electrons
 Dipole moment (field-independent basis, Debye):
    X=              0.0000    Y=             -0.0000    Z=             -0.0000  Tot=              0.0000
 Quadrupole moment (field-independent basis, Debye-Ang):
   XX=            -19.6090   YY=            -14.7391   ZZ=            -15.0606
   XY=              3.6871   XZ=             -0.0000   YZ=              0.0000
 Traceless Quadrupole moment (field-independent basis, Debye-Ang):
   XX=             -3.1395   YY=              1.7305   ZZ=              1.4090
   XY=              3.6871   XZ=             -0.0000   YZ=              0.0000
 Octapole moment (field-independent basis, Debye-Ang**2):
  XXX=              0.0000  YYY=             -0.0000  ZZZ=              0.0000  XYY=             -0.0000
  XXY=             -0.0000  XXZ=              0.0000  XZZ=              0.0000  YZZ=             -0.0000
  YYZ=              0.0000  XYZ=             -0.0000
 Hexadecapole moment (field-independent basis, Debye-Ang**3):
 XXXX=            -89.9274 YYYY=           -206.4886 ZZZZ=            -17.8135 XXXY=            -17.9943
 XXXZ=             -0.0000 YYYX=            -11.4571 YYYZ=              0.0000 ZZZX=              0.0000
 ZZZY=              0.0000 XXYY=            -56.2981 XXZZ=            -16.9598 YYZZ=            -39.7943
 XXYZ=              0.0000 YYXZ=             -0.0000 ZZXY=             -6.3512
 N-N= 1.915408272874D+01 E-N=-4.946639729646D+01  KE= 6.721852956890D+00
 Symmetry AG   KE= 5.068516737453D+00
 Symmetry BG   KE= 0.000000000000D+00
 Symmetry AU   KE= 0.000000000000D+00
 Symmetry BU   KE= 1.653336219437D+00

 Test job not archived.
 1\1\GINC-SULU\Stability\RHF\Gen\H12\LCJ1\17-Feb-2017\0\\#rhf/gen scf(s
 ymm,tight,novaracc,noincfock,fulldiag) stable(crhf) guess=read geom=no
 crowd test\\hf stability analysis of h12 triangular lattice, y= 1.0879
 998015825072\\0,1\H\H,1,1.2105106721\H,1,1.2105106721,2,52.\H,2,1.2105
 106721,1,128.,3,0.,0\H,2,1.2105106721,1,180.,3,0.,0\H,4,1.2105106721,3
 ,180.,5,0.,0\H,6,1.2105106721,5,180.,3,0.,0\H,4,1.2105106721,2,180.,3,
 0.,0\H,3,1.2105106721,1,180.,4,0.,0\H,9,1.2105106721,3,180.,4,0.,0\H,8
 ,1.2105106721,4,180.,3,0.,0\H,7,1.2105106721,6,180.,3,0.,0\\Version=ES
 64L-G09RevE.01\State=1-AG\HF=-5.3999849\MP2=-5.6086161\RMSD=4.559e-10\
 Dipole=0.,0.,0.\Quadrupole=-2.7456656,1.0475589,1.6981067,0.,2.4197525
 ,0.\PG=C02H [SGH(H12)]\\@


 HONESTY IN A LAWYER IS LIKE A HEN'S HIND LEGS.
  -- MAGNUS OLESON, LAKE WOBEGON PATRIARCH, C.1875
 Job cpu time:       0 days  0 hours  0 minutes  1.1 seconds.
 File lengths (MBytes):  RWF=     84 Int=      0 D2E=      0 Chk=      2 Scr=      2
 Normal termination of Gaussian 09 at Fri Feb 17 15:06:08 2017.
