 Entering Gaussian System, Link 0=g09
 AtFile(1): H.gbs
            H     0
            S   10   1.00
               1000.000000000000            0.000068713567
                316.227766000000            0.000169141320
                100.000000000000            0.000823394812
                 31.622776600000            0.003425569236
                 10.000000000000            0.013951996000
                  3.162277660000            0.056909313560
                  1.000000000000            0.198286399900
                  0.316227766000            0.496922426700
                  0.100000000000            0.369846276400
                  0.031622776600            0.003752720039
            ****
 Initial command:
 /projects/guscus/apps/gau/g09-e1/g09/l1.exe "/users/lcj1/gaussian/h12/rhfstability/rect/guess/ag4bu2/Gau-24197.inp" -scrdir="/users/lcj1/gaussian/h12/rhfstability/rect/guess/ag4bu2/"
 Entering Link 1 = /projects/guscus/apps/gau/g09-e1/g09/l1.exe PID=     24198.
  
 Copyright (c) 1988,1990,1992,1993,1995,1998,2003,2009,2015,
            Gaussian, Inc.  All Rights Reserved.
  
 This is part of the Gaussian(R) 09 program.  It is based on
 the Gaussian(R) 03 system (copyright 2003, Gaussian, Inc.),
 the Gaussian(R) 98 system (copyright 1998, Gaussian, Inc.),
 the Gaussian(R) 94 system (copyright 1995, Gaussian, Inc.),
 the Gaussian 92(TM) system (copyright 1992, Gaussian, Inc.),
 the Gaussian 90(TM) system (copyright 1990, Gaussian, Inc.),
 the Gaussian 88(TM) system (copyright 1988, Gaussian, Inc.),
 the Gaussian 86(TM) system (copyright 1986, Carnegie Mellon
 University), and the Gaussian 82(TM) system (copyright 1983,
 Carnegie Mellon University). Gaussian is a federally registered
 trademark of Gaussian, Inc.
  
 This software contains proprietary and confidential information,
 including trade secrets, belonging to Gaussian, Inc.
  
 This software is provided under written license and may be
 used, copied, transmitted, or stored only in accord with that
 written license.
  
 The following legend is applicable only to US Government
 contracts under FAR:
  
                    RESTRICTED RIGHTS LEGEND
  
 Use, reproduction and disclosure by the US Government is
 subject to restrictions as set forth in subparagraphs (a)
 and (c) of the Commercial Computer Software - Restricted
 Rights clause in FAR 52.227-19.
  
 Gaussian, Inc.
 340 Quinnipiac St., Bldg. 40, Wallingford CT 06492
  
  
 ---------------------------------------------------------------
 Warning -- This program may not be used in any manner that
 competes with the business of Gaussian, Inc. or will provide
 assistance to any competitor of Gaussian, Inc.  The licensee
 of this program is prohibited from giving any competitor of
 Gaussian, Inc. access to this program.  By using this program,
 the user acknowledges that Gaussian, Inc. is engaged in the
 business of creating and licensing software in the field of
 computational chemistry and represents and warrants to the
 licensee that it is not a competitor of Gaussian, Inc. and that
 it will not use this program in any manner prohibited above.
 ---------------------------------------------------------------
  

 Cite this work as:
 Gaussian 09, Revision E.01,
 M. J. Frisch, G. W. Trucks, H. B. Schlegel, G. E. Scuseria, 
 M. A. Robb, J. R. Cheeseman, G. Scalmani, V. Barone, B. Mennucci, 
 G. A. Petersson, H. Nakatsuji, M. Caricato, X. Li, H. P. Hratchian, 
 A. F. Izmaylov, J. Bloino, G. Zheng, J. L. Sonnenberg, M. Hada, 
 M. Ehara, K. Toyota, R. Fukuda, J. Hasegawa, M. Ishida, T. Nakajima, 
 Y. Honda, O. Kitao, H. Nakai, T. Vreven, J. A. Montgomery, Jr., 
 J. E. Peralta, F. Ogliaro, M. Bearpark, J. J. Heyd, E. Brothers, 
 K. N. Kudin, V. N. Staroverov, T. Keith, R. Kobayashi, J. Normand, 
 K. Raghavachari, A. Rendell, J. C. Burant, S. S. Iyengar, J. Tomasi, 
 M. Cossi, N. Rega, J. M. Millam, M. Klene, J. E. Knox, J. B. Cross, 
 V. Bakken, C. Adamo, J. Jaramillo, R. Gomperts, R. E. Stratmann, 
 O. Yazyev, A. J. Austin, R. Cammi, C. Pomelli, J. W. Ochterski, 
 R. L. Martin, K. Morokuma, V. G. Zakrzewski, G. A. Voth, 
 P. Salvador, J. J. Dannenberg, S. Dapprich, A. D. Daniels, 
 O. Farkas, J. B. Foresman, J. V. Ortiz, J. Cioslowski, 
 and D. J. Fox, Gaussian, Inc., Wallingford CT, 2013.
 
 ******************************************
 Gaussian 09:  ES64L-G09RevE.01 30-Nov-2015
                17-Feb-2017 
 ******************************************
 %chk=h12.chk
 ----------------------------------------------------------------------
 #rhf/gen scf(symm,tight,novaracc,noincfock,fulldiag) stable(crhf) gues
 s=read geom=nocrowd test
 ----------------------------------------------------------------------
 1/38=1/1;
 2/12=1,17=6,18=5,40=1/2;
 3/5=7,16=1,25=1,30=1,116=1/1,2,3;
 4/5=1,9=4/1;
 5/5=100002,15=2,16=1,32=2,38=6/2;
 8/6=1,10=90,11=11/1,4;
 9/8=4,13=1/2;
 6/7=2,8=2,9=2,10=2,28=1/1;
 99/5=1,9=1/99;
 ----------------------------------------------------------------------
 hf stability analysis of h12 triangular lattice, y= 0.6328681913590388
 2
 ----------------------------------------------------------------------
 Symbolic Z-matrix:
 Charge =  0 Multiplicity = 1
 H
 H                    1     1.1103 
 H                    1     1.1103   2     110.5 
 H                    2     1.1103   1     69.5     3     0.       0
 H                    2     1.1103   1     180.     3     0.       0
 H                    4     1.1103   3     180.     5     0.       0
 H                    6     1.1103   5     180.     3     0.       0
 H                    4     1.1103   2     180.     3     0.       0
 H                    3     1.1103   1     180.     4     0.       0
 H                    9     1.1103   3     180.     4     0.       0
 H                    8     1.1103   4     180.     3     0.       0
 H                    7     1.1103   6     180.     3     0.       0
 
                          Input orientation:                          
 ---------------------------------------------------------------------
 Center     Atomic      Atomic             Coordinates (Angstroms)
 Number     Number       Type             X           Y           Z
 ---------------------------------------------------------------------
      1          1           0        0.000000    0.000000    0.000000
      2          1           0        0.000000    0.000000    1.110301
      3          1           0        1.039988    0.000000   -0.388836
      4          1           0        1.039988    0.000000    0.721466
      5          1           0        0.000000    0.000000    2.220603
      6          1           0        1.039988    0.000000    1.831767
      7          1           0        2.079977    0.000000    1.442931
      8          1           0        2.079977    0.000000    0.332630
      9          1           0        2.079977    0.000000   -0.777671
     10          1           0        3.119965    0.000000   -1.166507
     11          1           0        3.119965    0.000000   -0.056206
     12          1           0        3.119965    0.000000    1.054096
 ---------------------------------------------------------------------
                    Distance matrix (angstroms):
                    1          2          3          4          5
     1  H    0.000000
     2  H    1.110301   0.000000
     3  H    1.110301   1.824551   0.000000
     4  H    1.265736   1.110301   1.110301   0.000000
     5  H    2.220603   1.110301   2.809047   1.824551   0.000000
     6  H    2.106406   1.265736   2.220603   1.110301   1.110301
     7  H    2.531473   2.106406   2.106406   1.265736   2.220603
     8  H    2.106406   2.220603   1.265736   1.110301   2.809047
     9  H    2.220603   2.809047   1.110301   1.824551   3.649103
    10  H    3.330904   3.862388   2.220603   2.809047   4.605073
    11  H    3.120471   3.330904   2.106406   2.220603   3.862388
    12  H    3.293220   3.120471   2.531473   2.106406   3.330904
                    6          7          8          9         10
     6  H    0.000000
     7  H    1.110301   0.000000
     8  H    1.824551   1.110301   0.000000
     9  H    2.809047   2.220603   1.110301   0.000000
    10  H    3.649103   2.809047   1.824551   1.110301   0.000000
    11  H    2.809047   1.824551   1.110301   1.265736   1.110301
    12  H    2.220603   1.110301   1.265736   2.106406   2.220603
                   11         12
    11  H    0.000000
    12  H    1.110301   0.000000
 Stoichiometry    H12
 Framework group  C2H[SGH(H12)]
 Deg. of freedom    11
 Full point group                 C2H     NOp   4
 Largest Abelian subgroup         C2H     NOp   4
 Largest concise Abelian subgroup C2      NOp   2
                         Standard orientation:                         
 ---------------------------------------------------------------------
 Center     Atomic      Atomic             Coordinates (Angstroms)
 Number     Number       Type             X           Y           Z
 ---------------------------------------------------------------------
      1          1           0        1.039988    1.276616    0.000000
      2          1           0        0.000000    1.665452    0.000000
      3          1           0        1.039988    0.166315    0.000000
      4          1           0        0.000000    0.555151    0.000000
      5          1           0       -1.039988    2.054288    0.000000
      6          1           0       -1.039988    0.943986    0.000000
      7          1           0       -1.039988   -0.166315   -0.000000
      8          1           0       -0.000000   -0.555151    0.000000
      9          1           0        1.039988   -0.943986    0.000000
     10          1           0        1.039988   -2.054288    0.000000
     11          1           0       -0.000000   -1.665452    0.000000
     12          1           0       -1.039988   -1.276616   -0.000000
 ---------------------------------------------------------------------
 Rotational constants (GHZ):     64.4953870     24.3677528     17.6857092
 General basis read from cards:  (5D, 7F)
 There are     6 symmetry adapted cartesian basis functions of AG  symmetry.
 There are     0 symmetry adapted cartesian basis functions of BG  symmetry.
 There are     0 symmetry adapted cartesian basis functions of AU  symmetry.
 There are     6 symmetry adapted cartesian basis functions of BU  symmetry.
 There are     6 symmetry adapted basis functions of AG  symmetry.
 There are     0 symmetry adapted basis functions of BG  symmetry.
 There are     0 symmetry adapted basis functions of AU  symmetry.
 There are     6 symmetry adapted basis functions of BU  symmetry.
    12 basis functions,   120 primitive gaussians,    12 cartesian basis functions
     6 alpha electrons        6 beta electrons
       nuclear repulsion energy        19.8847477668 Hartrees.
 NAtoms=   12 NActive=   12 NUniq=    6 SFac= 4.00D+00 NAtFMM=   60 NAOKFM=F Big=F
 Integral buffers will be    131072 words long.
 Regular integral format.
 Two-electron integral symmetry is turned on.
 One-electron integrals computed using PRISM.
 NBasis=    12 RedAO= T EigKep=  1.41D-01  NBF=     6     0     0     6
 NBsUse=    12 1.00D-06 EigRej= -1.00D+00 NBFU=     6     0     0     6
 Initial guess from the checkpoint file:  "h12.chk"
 B after Tr=    -0.000000   -0.000000    0.000000
         Rot=    0.999493    0.000000   -0.000000    0.031830 Ang=   3.65 deg.
 Initial guess orbital symmetries:
       Occupied  (AG) (BU) (BU) (AG) (AG) (AG)
       Virtual   (BU) (BU) (BU) (AG) (AG) (BU)
 Keep R1 ints in memory in symmetry-blocked form, NReq=903966.
 Requested convergence on RMS density matrix=1.00D-08 within 128 cycles.
 Requested convergence on MAX density matrix=1.00D-06.
 Requested convergence on             energy=1.00D-06.
 No special actions if energy rises.
 SCF Done:  E(RHF) =  -5.73436912789     A.U. after   10 cycles
            NFock= 10  Conv=0.42D-08     -V/T= 1.8820
 Range of M.O.s used for correlation:     1    12
 NBasis=    12 NAE=     6 NBE=     6 NFC=     0 NFV=     0
 NROrb=     12 NOA=     6 NOB=     6 NVA=     6 NVB=     6
 Semi-Direct transformation.
 ModeAB=           4 MOrb=             6 LenV=     134084339
 LASXX=         2181 LTotXX=        2181 LenRXX=        5115
 LTotAB=        2934 MaxLAS=        3024 LenRXY=           0
 NonZer=        7296 LenScr=      655360 LnRSAI=        3024
 LnScr1=      655360 LExtra=           0 Total=      1318859
 MaxDsk=          -1 SrtSym=           T ITran=            3
 JobTyp=0 Pass  1:  I=   1 to   6.
 (rs|ai) integrals will be sorted in core.
 Spin components of T(2) and E(2):
     alpha-alpha T2 =       0.1138495655D-01 E2=     -0.1385525181D-01
     alpha-beta  T2 =       0.8866068501D-01 E2=     -0.1163062186D+00
     beta-beta   T2 =       0.1138495655D-01 E2=     -0.1385525181D-01
 ANorm=    0.1054244088D+01
 E2 =    -0.1440167222D+00 EUMP2 =    -0.58783858501278D+01
 Second order stability test of a single determinant RHF wave function:
 Stabil:  MDV=134217728
 ***********************************************************************
 Matrix         Lowest Root    Major Pairs
 ***********************************************************************
 Internal RHF    -0.0569406    6A=7A
 RRHF --> CRHF   -0.0942917    6A=7A
 RRHF --> RUHF   -0.1765547    6A=7B
 Not stable.
 ***********************************************************************

 **********************************************************************

            Population analysis using the SCF density.

 **********************************************************************

 Orbital symmetries:
       Occupied  (AG) (BU) (BU) (AG) (AG) (AG)
       Virtual   (BU) (BU) (BU) (AG) (AG) (BU)
 The electronic state is 1-AG.
 Alpha  occ. eigenvalues --   -0.91824  -0.75673  -0.62087  -0.51945  -0.37358
 Alpha  occ. eigenvalues --   -0.20515
 Alpha virt. eigenvalues --   -0.03304   0.20146   0.32546   0.33567   0.64918
 Alpha virt. eigenvalues --    0.78216
          Condensed to atoms (all electrons):
               1          2          3          4          5          6
     1  H    1.053961   0.144612   0.344842  -0.275519  -0.015408  -0.058437
     2  H    0.144612   0.993162  -0.120476   0.207675   0.123792  -0.167723
     3  H    0.344842  -0.120476   1.014160  -0.259241  -0.011291   0.024893
     4  H   -0.275519   0.207675  -0.259241   1.465377  -0.074552  -0.188416
     5  H   -0.015408   0.123792  -0.011291  -0.074552   0.519705   0.275002
     6  H   -0.058437  -0.167723   0.024893  -0.188416   0.275002   0.951125
     7  H    0.022149  -0.124168   0.091659  -0.294077   0.001005   0.308025
     8  H   -0.144067   0.017884  -0.294077   0.726890  -0.030078  -0.107801
     9  H   -0.013223  -0.037689   0.308025  -0.107801   0.004176   0.033103
    10  H   -0.001867   0.000560   0.001005  -0.030078   0.001450   0.004176
    11  H   -0.000138   0.021353  -0.124168   0.017884   0.000560  -0.037689
    12  H    0.027169  -0.000138   0.022149  -0.144067  -0.001867  -0.013223
               7          8          9         10         11         12
     1  H    0.022149  -0.144067  -0.013223  -0.001867  -0.000138   0.027169
     2  H   -0.124168   0.017884  -0.037689   0.000560   0.021353  -0.000138
     3  H    0.091659  -0.294077   0.308025   0.001005  -0.124168   0.022149
     4  H   -0.294077   0.726890  -0.107801  -0.030078   0.017884  -0.144067
     5  H    0.001005  -0.030078   0.004176   0.001450   0.000560  -0.001867
     6  H    0.308025  -0.107801   0.033103   0.004176  -0.037689  -0.013223
     7  H    1.014160  -0.259241   0.024893  -0.011291  -0.120476   0.344842
     8  H   -0.259241   1.465377  -0.188416  -0.074552   0.207675  -0.275519
     9  H    0.024893  -0.188416   0.951125   0.275002  -0.167723  -0.058437
    10  H   -0.011291  -0.074552   0.275002   0.519705   0.123792  -0.015408
    11  H   -0.120476   0.207675  -0.167723   0.123792   0.993162   0.144612
    12  H    0.344842  -0.275519  -0.058437  -0.015408   0.144612   1.053961
 Mulliken charges:
               1
     1  H   -0.084075
     2  H   -0.058843
     3  H    0.002520
     4  H   -0.044073
     5  H    0.207506
     6  H   -0.023035
     7  H    0.002520
     8  H   -0.044073
     9  H   -0.023035
    10  H    0.207506
    11  H   -0.058843
    12  H   -0.084075
 Sum of Mulliken charges =  -0.00000
 Mulliken charges with hydrogens summed into heavy atoms:
               1
 Electronic spatial extent (au):  <R**2>=            135.5061
 Charge=             -0.0000 electrons
 Dipole moment (field-independent basis, Debye):
    X=              0.0000    Y=              0.0000    Z=              0.0000  Tot=              0.0000
 Quadrupole moment (field-independent basis, Debye-Ang):
   XX=            -19.8616   YY=            -11.0183   ZZ=            -15.1919
   XY=             -6.1554   XZ=             -0.0000   YZ=             -0.0000
 Traceless Quadrupole moment (field-independent basis, Debye-Ang):
   XX=             -4.5043   YY=              4.3390   ZZ=              0.1654
   XY=             -6.1554   XZ=             -0.0000   YZ=             -0.0000
 Octapole moment (field-independent basis, Debye-Ang**2):
  XXX=              0.0000  YYY=              0.0000  ZZZ=              0.0000  XYY=              0.0000
  XXY=              0.0000  XXZ=              0.0000  XZZ=              0.0000  YZZ=              0.0000
  YYZ=              0.0000  XYZ=              0.0000
 Hexadecapole moment (field-independent basis, Debye-Ang**3):
 XXXX=           -108.3315 YYYY=           -140.5608 ZZZZ=            -18.0512 XXXY=              2.5150
 XXXZ=             -0.0000 YYYX=            -16.9724 YYYZ=             -0.0000 ZZZX=             -0.0000
 ZZZY=              0.0000 XXYY=            -39.8808 XXZZ=            -19.3213 YYZZ=            -31.3476
 XXYZ=             -0.0000 YYXZ=             -0.0000 ZZXY=              2.8209
 N-N= 1.988474776678D+01 E-N=-5.095208904192D+01  KE= 6.501906571864D+00
 Symmetry AG   KE= 4.938490600790D+00
 Symmetry BG   KE= 0.000000000000D+00
 Symmetry AU   KE= 0.000000000000D+00
 Symmetry BU   KE= 1.563415971074D+00

 Test job not archived.
 1\1\GINC-SULU\Stability\RHF\Gen\H12\LCJ1\17-Feb-2017\0\\#rhf/gen scf(s
 ymm,tight,novaracc,noincfock,fulldiag) stable(crhf) guess=read geom=no
 crowd test\\hf stability analysis of h12 triangular lattice, y= 0.6328
 6819135903882\\0,1\H\H,1,1.1103013517\H,1,1.1103013517,2,110.5\H,2,1.1
 103013517,1,69.5,3,0.,0\H,2,1.1103013517,1,180.,3,0.,0\H,4,1.110301351
 7,3,180.,5,0.,0\H,6,1.1103013517,5,180.,3,0.,0\H,4,1.1103013517,2,180.
 ,3,0.,0\H,3,1.1103013517,1,180.,4,0.,0\H,9,1.1103013517,3,180.,4,0.,0\
 H,8,1.1103013517,4,180.,3,0.,0\H,7,1.1103013517,6,180.,3,0.,0\\Version
 =ES64L-G09RevE.01\State=1-AG\HF=-5.7343691\MP2=-5.8783859\RMSD=4.229e-
 09\Dipole=0.,0.,0.\Quadrupole=-0.5828258,0.1229451,0.4598807,0.,-5.610
 5768,0.\PG=C02H [SGH(H12)]\\@


 A COMPUTER IS LIKE A HORSE, IT WILL SENSE WEAKNESS.
     -- GREG WETTSTEIN
 Job cpu time:       0 days  0 hours  0 minutes  1.1 seconds.
 File lengths (MBytes):  RWF=     84 Int=      0 D2E=      0 Chk=      2 Scr=      2
 Normal termination of Gaussian 09 at Fri Feb 17 14:59:55 2017.
