 Entering Gaussian System, Link 0=g09
 AtFile(1): H.gbs
            H     0
            S   10   1.00
               1000.000000000000            0.000068713567
                316.227766000000            0.000169141320
                100.000000000000            0.000823394812
                 31.622776600000            0.003425569236
                 10.000000000000            0.013951996000
                  3.162277660000            0.056909313560
                  1.000000000000            0.198286399900
                  0.316227766000            0.496922426700
                  0.100000000000            0.369846276400
                  0.031622776600            0.003752720039
            ****
 Initial command:
 /projects/guscus/apps/gau/g09-e1/g09/l1.exe "/users/lcj1/gaussian/h12/rhfstability/rect/guess/ag4bu2/Gau-12215.inp" -scrdir="/users/lcj1/gaussian/h12/rhfstability/rect/guess/ag4bu2/"
 Entering Link 1 = /projects/guscus/apps/gau/g09-e1/g09/l1.exe PID=     12220.
  
 Copyright (c) 1988,1990,1992,1993,1995,1998,2003,2009,2015,
            Gaussian, Inc.  All Rights Reserved.
  
 This is part of the Gaussian(R) 09 program.  It is based on
 the Gaussian(R) 03 system (copyright 2003, Gaussian, Inc.),
 the Gaussian(R) 98 system (copyright 1998, Gaussian, Inc.),
 the Gaussian(R) 94 system (copyright 1995, Gaussian, Inc.),
 the Gaussian 92(TM) system (copyright 1992, Gaussian, Inc.),
 the Gaussian 90(TM) system (copyright 1990, Gaussian, Inc.),
 the Gaussian 88(TM) system (copyright 1988, Gaussian, Inc.),
 the Gaussian 86(TM) system (copyright 1986, Carnegie Mellon
 University), and the Gaussian 82(TM) system (copyright 1983,
 Carnegie Mellon University). Gaussian is a federally registered
 trademark of Gaussian, Inc.
  
 This software contains proprietary and confidential information,
 including trade secrets, belonging to Gaussian, Inc.
  
 This software is provided under written license and may be
 used, copied, transmitted, or stored only in accord with that
 written license.
  
 The following legend is applicable only to US Government
 contracts under FAR:
  
                    RESTRICTED RIGHTS LEGEND
  
 Use, reproduction and disclosure by the US Government is
 subject to restrictions as set forth in subparagraphs (a)
 and (c) of the Commercial Computer Software - Restricted
 Rights clause in FAR 52.227-19.
  
 Gaussian, Inc.
 340 Quinnipiac St., Bldg. 40, Wallingford CT 06492
  
  
 ---------------------------------------------------------------
 Warning -- This program may not be used in any manner that
 competes with the business of Gaussian, Inc. or will provide
 assistance to any competitor of Gaussian, Inc.  The licensee
 of this program is prohibited from giving any competitor of
 Gaussian, Inc. access to this program.  By using this program,
 the user acknowledges that Gaussian, Inc. is engaged in the
 business of creating and licensing software in the field of
 computational chemistry and represents and warrants to the
 licensee that it is not a competitor of Gaussian, Inc. and that
 it will not use this program in any manner prohibited above.
 ---------------------------------------------------------------
  

 Cite this work as:
 Gaussian 09, Revision E.01,
 M. J. Frisch, G. W. Trucks, H. B. Schlegel, G. E. Scuseria, 
 M. A. Robb, J. R. Cheeseman, G. Scalmani, V. Barone, B. Mennucci, 
 G. A. Petersson, H. Nakatsuji, M. Caricato, X. Li, H. P. Hratchian, 
 A. F. Izmaylov, J. Bloino, G. Zheng, J. L. Sonnenberg, M. Hada, 
 M. Ehara, K. Toyota, R. Fukuda, J. Hasegawa, M. Ishida, T. Nakajima, 
 Y. Honda, O. Kitao, H. Nakai, T. Vreven, J. A. Montgomery, Jr., 
 J. E. Peralta, F. Ogliaro, M. Bearpark, J. J. Heyd, E. Brothers, 
 K. N. Kudin, V. N. Staroverov, T. Keith, R. Kobayashi, J. Normand, 
 K. Raghavachari, A. Rendell, J. C. Burant, S. S. Iyengar, J. Tomasi, 
 M. Cossi, N. Rega, J. M. Millam, M. Klene, J. E. Knox, J. B. Cross, 
 V. Bakken, C. Adamo, J. Jaramillo, R. Gomperts, R. E. Stratmann, 
 O. Yazyev, A. J. Austin, R. Cammi, C. Pomelli, J. W. Ochterski, 
 R. L. Martin, K. Morokuma, V. G. Zakrzewski, G. A. Voth, 
 P. Salvador, J. J. Dannenberg, S. Dapprich, A. D. Daniels, 
 O. Farkas, J. B. Foresman, J. V. Ortiz, J. Cioslowski, 
 and D. J. Fox, Gaussian, Inc., Wallingford CT, 2013.
 
 ******************************************
 Gaussian 09:  ES64L-G09RevE.01 30-Nov-2015
                17-Feb-2017 
 ******************************************
 %chk=h12.chk
 ----------------------------------------------------------------------
 #rhf/gen scf(symm,tight,novaracc,noincfock,fulldiag) stable(crhf) gues
 s=read geom=nocrowd test
 ----------------------------------------------------------------------
 1/38=1/1;
 2/12=1,17=6,18=5,40=1/2;
 3/5=7,16=1,25=1,30=1,116=1/1,2,3;
 4/5=1,9=4/1;
 5/5=100002,15=2,16=1,32=2,38=6/2;
 8/6=1,10=90,11=11/1,4;
 9/8=4,13=1/2;
 6/7=2,8=2,9=2,10=2,28=1/1;
 99/5=1,9=1/99;
 ----------------------------------------------------------------------
 hf stability analysis of h12 triangular lattice, y= 1.5077541156608558
 ----------------------------------------------------------------------
 Symbolic Z-matrix:
 Charge =  0 Multiplicity = 1
 H
 H                    1     1.55562 
 H                    1     1.55562  2     28.5 
 H                    2     1.55562  1     151.5    3     0.       0
 H                    2     1.55562  1     180.     3     0.       0
 H                    4     1.55562  3     180.     5     0.       0
 H                    6     1.55562  5     180.     3     0.       0
 H                    4     1.55562  2     180.     3     0.       0
 H                    3     1.55562  1     180.     4     0.       0
 H                    9     1.55562  3     180.     4     0.       0
 H                    8     1.55562  4     180.     3     0.       0
 H                    7     1.55562  6     180.     3     0.       0
 
                          Input orientation:                          
 ---------------------------------------------------------------------
 Center     Atomic      Atomic             Coordinates (Angstroms)
 Number     Number       Type             X           Y           Z
 ---------------------------------------------------------------------
      1          1           0        0.000000    0.000000    0.000000
      2          1           0        0.000000    0.000000    1.555619
      3          1           0        0.742277    0.000000    1.367105
      4          1           0        0.742277    0.000000    2.922724
      5          1           0        0.000000    0.000000    3.111238
      6          1           0        0.742277    0.000000    4.478343
      7          1           0        1.484555    0.000000    5.845448
      8          1           0        1.484555    0.000000    4.289828
      9          1           0        1.484555    0.000000    2.734209
     10          1           0        2.226832    0.000000    4.101314
     11          1           0        2.226832    0.000000    5.656933
     12          1           0        2.226832    0.000000    7.212552
 ---------------------------------------------------------------------
                    Distance matrix (angstroms):
                    1          2          3          4          5
     1  H    0.000000
     2  H    1.555619   0.000000
     3  H    1.555619   0.765842   0.000000
     4  H    3.015508   1.555619   1.555619   0.000000
     5  H    3.111238   1.555619   1.895515   0.765842   0.000000
     6  H    4.539442   3.015508   3.111238   1.555619   1.555619
     7  H    6.031016   4.539442   4.539442   3.015508   3.111238
     8  H    4.539442   3.111238   3.015508   1.555619   1.895515
     9  H    3.111238   1.895515   1.555619   0.765842   1.531683
    10  H    4.666857   3.382210   3.111238   1.895515   2.437013
    11  H    6.079447   4.666857   4.539442   3.111238   3.382210
    12  H    7.548489   6.079447   6.031016   4.539442   4.666857
                    6          7          8          9         10
     6  H    0.000000
     7  H    1.555619   0.000000
     8  H    0.765842   1.555619   0.000000
     9  H    1.895515   3.111238   1.555619   0.000000
    10  H    1.531683   1.895515   0.765842   1.555619   0.000000
    11  H    1.895515   0.765842   1.555619   3.015508   1.555619
    12  H    3.111238   1.555619   3.015508   4.539442   3.111238
                   11         12
    11  H    0.000000
    12  H    1.555619   0.000000
 Stoichiometry    H12
 Framework group  C2H[SGH(H12)]
 Deg. of freedom    11
 Full point group                 C2H     NOp   4
 Largest Abelian subgroup         C2H     NOp   4
 Largest concise Abelian subgroup C2      NOp   2
                         Standard orientation:                         
 ---------------------------------------------------------------------
 Center     Atomic      Atomic             Coordinates (Angstroms)
 Number     Number       Type             X           Y           Z
 ---------------------------------------------------------------------
      1          1           0        0.742277    3.700533   -0.000000
      2          1           0        0.000000    2.333429   -0.000000
      3          1           0        0.742277    2.144914    0.000000
      4          1           0        0.000000    0.777810   -0.000000
      5          1           0       -0.742277    0.966324   -0.000000
      6          1           0       -0.742277   -0.589295   -0.000000
      7          1           0       -0.742277   -2.144914    0.000000
      8          1           0       -0.000000   -0.777810   -0.000000
      9          1           0        0.742277    0.589295   -0.000000
     10          1           0        0.742277   -0.966324   -0.000000
     11          1           0       -0.000000   -2.333429   -0.000000
     12          1           0       -0.742277   -3.700533    0.000000
 ---------------------------------------------------------------------
 Rotational constants (GHZ):    164.9100049      9.5300900      9.0094378
 General basis read from cards:  (5D, 7F)
 There are     6 symmetry adapted cartesian basis functions of AG  symmetry.
 There are     0 symmetry adapted cartesian basis functions of BG  symmetry.
 There are     0 symmetry adapted cartesian basis functions of AU  symmetry.
 There are     6 symmetry adapted cartesian basis functions of BU  symmetry.
 There are     6 symmetry adapted basis functions of AG  symmetry.
 There are     0 symmetry adapted basis functions of BG  symmetry.
 There are     0 symmetry adapted basis functions of AU  symmetry.
 There are     6 symmetry adapted basis functions of BU  symmetry.
    12 basis functions,   120 primitive gaussians,    12 cartesian basis functions
     6 alpha electrons        6 beta electrons
       nuclear repulsion energy        17.4336403364 Hartrees.
 NAtoms=   12 NActive=   12 NUniq=    6 SFac= 4.00D+00 NAtFMM=   60 NAOKFM=F Big=F
 Integral buffers will be    131072 words long.
 Regular integral format.
 Two-electron integral symmetry is turned on.
 One-electron integrals computed using PRISM.
 NBasis=    12 RedAO= T EigKep=  1.07D-01  NBF=     6     0     0     6
 NBsUse=    12 1.00D-06 EigRej= -1.00D+00 NBFU=     6     0     0     6
 Initial guess from the checkpoint file:  "h12.chk"
 B after Tr=    -0.000000    0.000000   -0.000000
         Rot=    0.979237   -0.000000   -0.000000   -0.202717 Ang= -23.39 deg.
 Initial guess orbital symmetries:
       Occupied  (AG) (BU) (BU) (AG) (AG) (AG)
       Virtual   (BU) (BU) (BU) (AG) (AG) (BU)
 Keep R1 ints in memory in symmetry-blocked form, NReq=897974.
 Requested convergence on RMS density matrix=1.00D-08 within 128 cycles.
 Requested convergence on MAX density matrix=1.00D-06.
 Requested convergence on             energy=1.00D-06.
 No special actions if energy rises.
 SCF Done:  E(RHF) =  -5.40781748455     A.U. after   15 cycles
            NFock= 15  Conv=0.57D-09     -V/T= 1.7822
 Range of M.O.s used for correlation:     1    12
 NBasis=    12 NAE=     6 NBE=     6 NFC=     0 NFV=     0
 NROrb=     12 NOA=     6 NOB=     6 NVA=     6 NVB=     6

 **** Warning!!: The smallest alpha delta epsilon is -0.33369807D-01

 Semi-Direct transformation.
 ModeAB=           4 MOrb=             6 LenV=     134089883
 LASXX=         2181 LTotXX=        2181 LenRXX=        5115
 LTotAB=        2934 MaxLAS=        3024 LenRXY=           0
 NonZer=        7296 LenScr=      655360 LnRSAI=        3024
 LnScr1=      655360 LExtra=           0 Total=      1318859
 MaxDsk=          -1 SrtSym=           T ITran=            3
 JobTyp=0 Pass  1:  I=   1 to   6.
 (rs|ai) integrals will be sorted in core.
 Spin components of T(2) and E(2):
     alpha-alpha T2 =       0.5277209712D-01 E2=     -0.1304618720D-01
     alpha-beta  T2 =       0.3842223648D+01 E2=     -0.5921410593D+00
     beta-beta   T2 =       0.5277209712D-01 E2=     -0.1304618720D-01
 ANorm=    0.2224357849D+01
 E2 =    -0.6182334336D+00 EUMP2 =    -0.60260509181913D+01
 Second order stability test of a single determinant RHF wave function:
 Stabil:  MDV=134217728
 ***********************************************************************
 Matrix         Lowest Root    Major Pairs
 ***********************************************************************
 Internal RHF    -0.187381     6A=7A
 RRHF --> CRHF   -0.1934853    6A=7A 5A=7A 5A=8A
 RRHF --> RUHF   -0.5206289    6A=8B
 Not stable.
 ***********************************************************************

 **********************************************************************

            Population analysis using the SCF density.

 **********************************************************************

 Orbital symmetries:
       Occupied  (AG) (BU) (AG) (BU) (AG) (AG)
       Virtual   (BU) (BU) (BU) (AG) (AG) (BU)
 The electronic state is 1-AG.
 Alpha  occ. eigenvalues --   -0.89214  -0.78092  -0.61750  -0.55355  -0.24673
 Alpha  occ. eigenvalues --   -0.14006
 Alpha virt. eigenvalues --   -0.17343  -0.05613   0.42302   0.46224   0.64379
 Alpha virt. eigenvalues --    0.84743
          Condensed to atoms (all electrons):
               1          2          3          4          5          6
     1  H    1.223680  -0.061025  -0.069269  -0.002284  -0.001216   0.000413
     2  H   -0.061025   0.721842   0.465036  -0.090506   0.029059  -0.014340
     3  H   -0.069269   0.465036   0.820100  -0.104911  -0.117502   0.012637
     4  H   -0.002284  -0.090506  -0.104911   0.954524   0.351719  -0.055971
     5  H   -0.001216   0.029059  -0.117502   0.351719   1.269206  -0.380684
     6  H    0.000413  -0.014340   0.012637  -0.055971  -0.380684   1.039795
     7  H   -0.000141   0.000161   0.000979   0.000984  -0.011879   0.040391
     8  H    0.000764   0.001623   0.000984  -0.081561  -0.049841   0.284882
     9  H   -0.000222  -0.091247   0.040391   0.284882  -0.275991   0.196229
    10  H    0.000418   0.010478  -0.011879  -0.049841   0.111673  -0.275991
    11  H   -0.000118   0.000661   0.000161   0.001623   0.010478  -0.091247
    12  H    0.000032  -0.000118  -0.000141   0.000764   0.000418  -0.000222
               7          8          9         10         11         12
     1  H   -0.000141   0.000764  -0.000222   0.000418  -0.000118   0.000032
     2  H    0.000161   0.001623  -0.091247   0.010478   0.000661  -0.000118
     3  H    0.000979   0.000984   0.040391  -0.011879   0.000161  -0.000141
     4  H    0.000984  -0.081561   0.284882  -0.049841   0.001623   0.000764
     5  H   -0.011879  -0.049841  -0.275991   0.111673   0.010478   0.000418
     6  H    0.040391   0.284882   0.196229  -0.275991  -0.091247  -0.000222
     7  H    0.820100  -0.104911   0.012637  -0.117502   0.465036  -0.069269
     8  H   -0.104911   0.954524  -0.055971   0.351719  -0.090506  -0.002284
     9  H    0.012637  -0.055971   1.039795  -0.380684  -0.014340   0.000413
    10  H   -0.117502   0.351719  -0.380684   1.269206   0.029059  -0.001216
    11  H    0.465036  -0.090506  -0.014340   0.029059   0.721842  -0.061025
    12  H   -0.069269  -0.002284   0.000413  -0.001216  -0.061025   1.223680
 Mulliken charges:
               1
     1  H   -0.091033
     2  H    0.028376
     3  H   -0.036585
     4  H   -0.209423
     5  H    0.064559
     6  H    0.244106
     7  H   -0.036585
     8  H   -0.209423
     9  H    0.244106
    10  H    0.064559
    11  H    0.028376
    12  H   -0.091033
 Sum of Mulliken charges =   0.00000
 Mulliken charges with hydrogens summed into heavy atoms:
               1
 Electronic spatial extent (au):  <R**2>=            245.6482
 Charge=              0.0000 electrons
 Dipole moment (field-independent basis, Debye):
    X=             -0.0000    Y=             -0.0000    Z=             -0.0000  Tot=              0.0000
 Quadrupole moment (field-independent basis, Debye-Ang):
   XX=            -14.1694   YY=            -34.0677   ZZ=            -14.8272
   XY=             -3.2043   XZ=              0.0000   YZ=              0.0000
 Traceless Quadrupole moment (field-independent basis, Debye-Ang):
   XX=              6.8520   YY=            -13.0462   ZZ=              6.1942
   XY=             -3.2043   XZ=              0.0000   YZ=              0.0000
 Octapole moment (field-independent basis, Debye-Ang**2):
  XXX=             -0.0000  YYY=             -0.0000  ZZZ=              0.0000  XYY=             -0.0000
  XXY=             -0.0000  XXZ=              0.0000  XZZ=              0.0000  YZZ=             -0.0000
  YYZ=              0.0000  XYZ=             -0.0000
 Hexadecapole moment (field-independent basis, Debye-Ang**3):
 XXXX=            -48.3130 YYYY=           -712.8173 ZZZZ=            -17.3870 XXXY=            -35.5375
 XXXZ=              0.0000 YYYX=            -91.7148 YYYZ=              0.0000 ZZZX=              0.0000
 ZZZY=              0.0000 XXYY=            -94.4297 XXZZ=            -11.1012 YYZZ=            -77.8730
 XXYZ=              0.0000 YYXZ=              0.0000 ZZXY=            -11.5961
 N-N= 1.743364033638D+01 E-N=-4.613477446623D+01  KE= 6.913678311770D+00
 Symmetry AG   KE= 4.733619800302D+00
 Symmetry BG   KE= 0.000000000000D+00
 Symmetry AU   KE= 0.000000000000D+00
 Symmetry BU   KE= 2.180058511468D+00

 Test job not archived.
 1\1\GINC-SULU\Stability\RHF\Gen\H12\LCJ1\17-Feb-2017\0\\#rhf/gen scf(s
 ymm,tight,novaracc,noincfock,fulldiag) stable(crhf) guess=read geom=no
 crowd test\\hf stability analysis of h12 triangular lattice, y= 1.5077
 541156608558\\0,1\H\H,1,1.5556190857\H,1,1.5556190857,2,28.5\H,2,1.555
 6190857,1,151.5,3,0.,0\H,2,1.5556190857,1,180.,3,0.,0\H,4,1.5556190857
 ,3,180.,5,0.,0\H,6,1.5556190857,5,180.,3,0.,0\H,4,1.5556190857,2,180.,
 3,0.,0\H,3,1.5556190857,1,180.,4,0.,0\H,9,1.5556190857,3,180.,4,0.,0\H
 ,8,1.5556190857,4,180.,3,0.,0\H,7,1.5556190857,6,180.,3,0.,0\\Version=
 ES64L-G09RevE.01\State=1-AG\HF=-5.4078175\MP2=-6.0260509\RMSD=5.742e-1
 0\Dipole=0.,0.,0.\Quadrupole=3.7240316,4.6052432,-8.3292747,0.,-4.9060
 748,0.\PG=C02H [SGH(H12)]\\@


 The best way to pay for a lovely moment is to enjoy it.
 -- Richard Bach
 Job cpu time:       0 days  0 hours  0 minutes  1.1 seconds.
 File lengths (MBytes):  RWF=     84 Int=      0 D2E=      0 Chk=      2 Scr=      2
 Normal termination of Gaussian 09 at Fri Feb 17 15:08:33 2017.
