 Entering Gaussian System, Link 0=g09
 AtFile(1): H.gbs
            H     0
            S   10   1.00
               1000.000000000000            0.000068713567
                316.227766000000            0.000169141320
                100.000000000000            0.000823394812
                 31.622776600000            0.003425569236
                 10.000000000000            0.013951996000
                  3.162277660000            0.056909313560
                  1.000000000000            0.198286399900
                  0.316227766000            0.496922426700
                  0.100000000000            0.369846276400
                  0.031622776600            0.003752720039
            ****
 Initial command:
 /projects/guscus/apps/gau/g09-e1/g09/l1.exe "/users/lcj1/gaussian/h12/rhfstability/rect/guess/ag4bu2/Gau-16329.inp" -scrdir="/users/lcj1/gaussian/h12/rhfstability/rect/guess/ag4bu2/"
 Entering Link 1 = /projects/guscus/apps/gau/g09-e1/g09/l1.exe PID=     16330.
  
 Copyright (c) 1988,1990,1992,1993,1995,1998,2003,2009,2015,
            Gaussian, Inc.  All Rights Reserved.
  
 This is part of the Gaussian(R) 09 program.  It is based on
 the Gaussian(R) 03 system (copyright 2003, Gaussian, Inc.),
 the Gaussian(R) 98 system (copyright 1998, Gaussian, Inc.),
 the Gaussian(R) 94 system (copyright 1995, Gaussian, Inc.),
 the Gaussian 92(TM) system (copyright 1992, Gaussian, Inc.),
 the Gaussian 90(TM) system (copyright 1990, Gaussian, Inc.),
 the Gaussian 88(TM) system (copyright 1988, Gaussian, Inc.),
 the Gaussian 86(TM) system (copyright 1986, Carnegie Mellon
 University), and the Gaussian 82(TM) system (copyright 1983,
 Carnegie Mellon University). Gaussian is a federally registered
 trademark of Gaussian, Inc.
  
 This software contains proprietary and confidential information,
 including trade secrets, belonging to Gaussian, Inc.
  
 This software is provided under written license and may be
 used, copied, transmitted, or stored only in accord with that
 written license.
  
 The following legend is applicable only to US Government
 contracts under FAR:
  
                    RESTRICTED RIGHTS LEGEND
  
 Use, reproduction and disclosure by the US Government is
 subject to restrictions as set forth in subparagraphs (a)
 and (c) of the Commercial Computer Software - Restricted
 Rights clause in FAR 52.227-19.
  
 Gaussian, Inc.
 340 Quinnipiac St., Bldg. 40, Wallingford CT 06492
  
  
 ---------------------------------------------------------------
 Warning -- This program may not be used in any manner that
 competes with the business of Gaussian, Inc. or will provide
 assistance to any competitor of Gaussian, Inc.  The licensee
 of this program is prohibited from giving any competitor of
 Gaussian, Inc. access to this program.  By using this program,
 the user acknowledges that Gaussian, Inc. is engaged in the
 business of creating and licensing software in the field of
 computational chemistry and represents and warrants to the
 licensee that it is not a competitor of Gaussian, Inc. and that
 it will not use this program in any manner prohibited above.
 ---------------------------------------------------------------
  

 Cite this work as:
 Gaussian 09, Revision E.01,
 M. J. Frisch, G. W. Trucks, H. B. Schlegel, G. E. Scuseria, 
 M. A. Robb, J. R. Cheeseman, G. Scalmani, V. Barone, B. Mennucci, 
 G. A. Petersson, H. Nakatsuji, M. Caricato, X. Li, H. P. Hratchian, 
 A. F. Izmaylov, J. Bloino, G. Zheng, J. L. Sonnenberg, M. Hada, 
 M. Ehara, K. Toyota, R. Fukuda, J. Hasegawa, M. Ishida, T. Nakajima, 
 Y. Honda, O. Kitao, H. Nakai, T. Vreven, J. A. Montgomery, Jr., 
 J. E. Peralta, F. Ogliaro, M. Bearpark, J. J. Heyd, E. Brothers, 
 K. N. Kudin, V. N. Staroverov, T. Keith, R. Kobayashi, J. Normand, 
 K. Raghavachari, A. Rendell, J. C. Burant, S. S. Iyengar, J. Tomasi, 
 M. Cossi, N. Rega, J. M. Millam, M. Klene, J. E. Knox, J. B. Cross, 
 V. Bakken, C. Adamo, J. Jaramillo, R. Gomperts, R. E. Stratmann, 
 O. Yazyev, A. J. Austin, R. Cammi, C. Pomelli, J. W. Ochterski, 
 R. L. Martin, K. Morokuma, V. G. Zakrzewski, G. A. Voth, 
 P. Salvador, J. J. Dannenberg, S. Dapprich, A. D. Daniels, 
 O. Farkas, J. B. Foresman, J. V. Ortiz, J. Cioslowski, 
 and D. J. Fox, Gaussian, Inc., Wallingford CT, 2013.
 
 ******************************************
 Gaussian 09:  ES64L-G09RevE.01 30-Nov-2015
                17-Feb-2017 
 ******************************************
 %chk=h12.chk
 ----------------------------------------------------------------------
 #rhf/gen scf(symm,tight,novaracc,noincfock,fulldiag) stable(crhf) gues
 s=read geom=nocrowd test
 ----------------------------------------------------------------------
 1/38=1/1;
 2/12=1,17=6,18=5,40=1/2;
 3/5=7,16=1,25=1,30=1,116=1/1,2,3;
 4/5=1,9=4/1;
 5/5=100002,15=2,16=1,32=2,38=6/2;
 8/6=1,10=90,11=11/1,4;
 9/8=4,13=1/2;
 6/7=2,8=2,9=2,10=2,28=1/1;
 99/5=1,9=1/99;
 ----------------------------------------------------------------------
 hf stability analysis of h12 triangular lattice, y= 0.4427008172522774
 5
 ----------------------------------------------------------------------
 Symbolic Z-matrix:
 Charge =  0 Multiplicity = 1
 H
 H                    1     1.37724 
 H                    1     1.37724  2     142.5 
 H                    2     1.37724  1     37.5     3     0.       0
 H                    2     1.37724  1     180.     3     0.       0
 H                    4     1.37724  3     180.     5     0.       0
 H                    6     1.37724  5     180.     3     0.       0
 H                    4     1.37724  2     180.     3     0.       0
 H                    3     1.37724  1     180.     4     0.       0
 H                    9     1.37724  3     180.     4     0.       0
 H                    8     1.37724  4     180.     3     0.       0
 H                    7     1.37724  6     180.     3     0.       0
 
                          Input orientation:                          
 ---------------------------------------------------------------------
 Center     Atomic      Atomic             Coordinates (Angstroms)
 Number     Number       Type             X           Y           Z
 ---------------------------------------------------------------------
      1          1           0        0.000000    0.000000    0.000000
      2          1           0        0.000000    0.000000    1.377245
      3          1           0        0.838413    0.000000   -1.092642
      4          1           0        0.838413    0.000000    0.284603
      5          1           0        0.000000    0.000000    2.754489
      6          1           0        0.838413    0.000000    1.661848
      7          1           0        1.676827    0.000000    0.569206
      8          1           0        1.676827    0.000000   -0.808039
      9          1           0        1.676827    0.000000   -2.185283
     10          1           0        2.515240    0.000000   -3.277925
     11          1           0        2.515240    0.000000   -1.900680
     12          1           0        2.515240    0.000000   -0.523436
 ---------------------------------------------------------------------
                    Distance matrix (angstroms):
                    1          2          3          4          5
     1  H    0.000000
     2  H    1.377245   0.000000
     3  H    1.377245   2.608309   0.000000
     4  H    0.885402   1.377245   1.377245   0.000000
     5  H    2.754489   1.377245   3.937430   2.608309   0.000000
     6  H    1.861364   0.885402   2.754489   1.377245   1.377245
     7  H    1.770803   1.861364   1.861364   0.885402   2.754489
     8  H    1.861364   2.754489   0.885402   1.377245   3.937430
     9  H    2.754489   3.937430   1.377245   2.608309   5.216618
    10  H    4.131734   5.291223   2.754489   3.937430   6.535783
    11  H    3.152621   4.131734   1.861364   2.754489   5.291223
    12  H    2.569128   3.152621   1.770803   1.861364   4.131734
                    6          7          8          9         10
     6  H    0.000000
     7  H    1.377245   0.000000
     8  H    2.608309   1.377245   0.000000
     9  H    3.937430   2.754489   1.377245   0.000000
    10  H    5.216618   3.937430   2.608309   1.377245   0.000000
    11  H    3.937430   2.608309   1.377245   0.885402   1.377245
    12  H    2.754489   1.377245   0.885402   1.861364   2.754489
                   11         12
    11  H    0.000000
    12  H    1.377245   0.000000
 Stoichiometry    H12
 Framework group  C2H[SGH(H12)]
 Deg. of freedom    11
 Full point group                 C2H     NOp   4
 Largest Abelian subgroup         C2H     NOp   4
 Largest concise Abelian subgroup C2      NOp   2
                         Standard orientation:                         
 ---------------------------------------------------------------------
 Center     Atomic      Atomic             Coordinates (Angstroms)
 Number     Number       Type             X           Y           Z
 ---------------------------------------------------------------------
      1          1           0        0.838413    0.973225   -0.000000
      2          1           0       -0.000000    2.065867   -0.000000
      3          1           0        0.838413   -0.404019    0.000000
      4          1           0       -0.000000    0.688622   -0.000000
      5          1           0       -0.838413    3.158509   -0.000000
      6          1           0       -0.838413    1.781264   -0.000000
      7          1           0       -0.838413    0.404019    0.000000
      8          1           0       -0.000000   -0.688622   -0.000000
      9          1           0        0.838413   -1.781264   -0.000000
     10          1           0        0.838413   -3.158509   -0.000000
     11          1           0       -0.000000   -2.065867   -0.000000
     12          1           0       -0.838413   -0.973225   -0.000000
 ---------------------------------------------------------------------
 Rotational constants (GHZ):    124.0615064     12.6679720     11.4942857
 General basis read from cards:  (5D, 7F)
 There are     6 symmetry adapted cartesian basis functions of AG  symmetry.
 There are     0 symmetry adapted cartesian basis functions of BG  symmetry.
 There are     0 symmetry adapted cartesian basis functions of AU  symmetry.
 There are     6 symmetry adapted cartesian basis functions of BU  symmetry.
 There are     6 symmetry adapted basis functions of AG  symmetry.
 There are     0 symmetry adapted basis functions of BG  symmetry.
 There are     0 symmetry adapted basis functions of AU  symmetry.
 There are     6 symmetry adapted basis functions of BU  symmetry.
    12 basis functions,   120 primitive gaussians,    12 cartesian basis functions
     6 alpha electrons        6 beta electrons
       nuclear repulsion energy        18.1946303948 Hartrees.
 NAtoms=   12 NActive=   12 NUniq=    6 SFac= 4.00D+00 NAtFMM=   60 NAOKFM=F Big=F
 Integral buffers will be    131072 words long.
 Regular integral format.
 Two-electron integral symmetry is turned on.
 One-electron integrals computed using PRISM.
 NBasis=    12 RedAO= T EigKep=  1.43D-01  NBF=     6     0     0     6
 NBsUse=    12 1.00D-06 EigRej= -1.00D+00 NBFU=     6     0     0     6
 Initial guess from the checkpoint file:  "h12.chk"
 B after Tr=    -0.000000    0.000000   -0.000000
         Rot=    0.992005    0.000000    0.000000    0.126201 Ang=  14.50 deg.
 Initial guess orbital symmetries:
       Occupied  (AG) (BU) (BU) (AG) (AG) (AG)
       Virtual   (BU) (BU) (BU) (AG) (AG) (BU)
 Keep R1 ints in memory in symmetry-blocked form, NReq=900242.
 Requested convergence on RMS density matrix=1.00D-08 within 128 cycles.
 Requested convergence on MAX density matrix=1.00D-06.
 Requested convergence on             energy=1.00D-06.
 No special actions if energy rises.
 SCF Done:  E(RHF) =  -5.37657105272     A.U. after   14 cycles
            NFock= 14  Conv=0.80D-08     -V/T= 1.8135
 Range of M.O.s used for correlation:     1    12
 NBasis=    12 NAE=     6 NBE=     6 NFC=     0 NFV=     0
 NROrb=     12 NOA=     6 NOB=     6 NVA=     6 NVB=     6

 **** Warning!!: The smallest alpha delta epsilon is -0.91573736D-01

 Semi-Direct transformation.
 ModeAB=           4 MOrb=             6 LenV=     134088049
 LASXX=         2181 LTotXX=        2181 LenRXX=        5115
 LTotAB=        2934 MaxLAS=        3024 LenRXY=           0
 NonZer=        7296 LenScr=      655360 LnRSAI=        3024
 LnScr1=      655360 LExtra=           0 Total=      1318859
 MaxDsk=          -1 SrtSym=           T ITran=            3
 JobTyp=0 Pass  1:  I=   1 to   6.
 (rs|ai) integrals will be sorted in core.
 Spin components of T(2) and E(2):
     alpha-alpha T2 =       0.3471073876D-01 E2=     -0.2140550101D-01
     alpha-beta  T2 =       0.5866474904D+01 E2=     -0.5782343206D+00
     beta-beta   T2 =       0.3471073876D-01 E2=     -0.2140550101D-01
 ANorm=    0.2633609003D+01
 E2 =    -0.6210453226D+00 EUMP2 =    -0.59976163753638D+01
 Second order stability test of a single determinant RHF wave function:
 Stabil:  MDV=134217728
 ***********************************************************************
 Matrix         Lowest Root    Major Pairs
 ***********************************************************************
 Internal RHF    -0.2263894    6A=7A 6A=8A 5A=7A
 RRHF --> CRHF   -0.2821983    6A=7A
 RRHF --> RUHF   -0.5908997    6A=7B 6A=8B
 Not stable.
 ***********************************************************************

 **********************************************************************

            Population analysis using the SCF density.

 **********************************************************************

 Orbital symmetries:
       Occupied  (AG) (BU) (AG) (BU) (AG) (AG)
       Virtual   (BU) (BU) (BU) (AG) (AG) (BU)
 The electronic state is 1-AG.
 Alpha  occ. eigenvalues --   -0.93607  -0.77360  -0.57590  -0.52139  -0.28911
 Alpha  occ. eigenvalues --   -0.13136
 Alpha virt. eigenvalues --   -0.22293   0.03366   0.31724   0.36671   0.49106
 Alpha virt. eigenvalues --    0.65760
          Condensed to atoms (all electrons):
               1          2          3          4          5          6
     1  H    1.311350   0.156059  -0.137128   0.308630  -0.001921  -0.178591
     2  H    0.156059   0.755963  -0.053327  -0.005997  -0.150626   0.290562
     3  H   -0.137128  -0.053327   0.952408   0.128319   0.000178  -0.001759
     4  H    0.308630  -0.005997   0.128319   0.661952   0.002708  -0.078577
     5  H   -0.001921  -0.150626   0.000178   0.002708   1.346670  -0.159490
     6  H   -0.178591   0.290562  -0.001759  -0.078577  -0.159490   1.062555
     7  H   -0.265176  -0.101699   0.096875   0.012969   0.014733   0.195710
     8  H   -0.048690  -0.023170   0.012969   0.021032   0.001534  -0.021300
     9  H   -0.031688   0.002258   0.195710  -0.021300  -0.000790   0.007828
    10  H    0.001589  -0.000528   0.014733   0.001534   0.000195  -0.000790
    11  H    0.012461   0.005365  -0.101699  -0.023170  -0.000528   0.002258
    12  H    0.043304   0.012461  -0.265176  -0.048690   0.001589  -0.031688
               7          8          9         10         11         12
     1  H   -0.265176  -0.048690  -0.031688   0.001589   0.012461   0.043304
     2  H   -0.101699  -0.023170   0.002258  -0.000528   0.005365   0.012461
     3  H    0.096875   0.012969   0.195710   0.014733  -0.101699  -0.265176
     4  H    0.012969   0.021032  -0.021300   0.001534  -0.023170  -0.048690
     5  H    0.014733   0.001534  -0.000790   0.000195  -0.000528   0.001589
     6  H    0.195710  -0.021300   0.007828  -0.000790   0.002258  -0.031688
     7  H    0.952408   0.128319  -0.001759   0.000178  -0.053327  -0.137128
     8  H    0.128319   0.661952  -0.078577   0.002708  -0.005997   0.308630
     9  H   -0.001759  -0.078577   1.062555  -0.159490   0.290562  -0.178591
    10  H    0.000178   0.002708  -0.159490   1.346670  -0.150626  -0.001921
    11  H   -0.053327  -0.005997   0.290562  -0.150626   0.755963   0.156059
    12  H   -0.137128   0.308630  -0.178591  -0.001921   0.156059   1.311350
 Mulliken charges:
               1
     1  H   -0.170197
     2  H    0.112678
     3  H    0.157896
     4  H    0.040592
     5  H   -0.054251
     6  H   -0.086717
     7  H    0.157896
     8  H    0.040592
     9  H   -0.086717
    10  H   -0.054251
    11  H    0.112678
    12  H   -0.170197
 Sum of Mulliken charges =  -0.00000
 Mulliken charges with hydrogens summed into heavy atoms:
               1
 Electronic spatial extent (au):  <R**2>=            198.6398
 Charge=             -0.0000 electrons
 Dipole moment (field-independent basis, Debye):
    X=              0.0000    Y=             -0.0000    Z=              0.0000  Tot=              0.0000
 Quadrupole moment (field-independent basis, Debye-Ang):
   XX=            -18.9569   YY=            -23.5497   ZZ=            -15.1240
   XY=              0.9611   XZ=             -0.0000   YZ=              0.0000
 Traceless Quadrupole moment (field-independent basis, Debye-Ang):
   XX=              0.2533   YY=             -4.3395   ZZ=              4.0862
   XY=              0.9611   XZ=             -0.0000   YZ=              0.0000
 Octapole moment (field-independent basis, Debye-Ang**2):
  XXX=              0.0000  YYY=              0.0000  ZZZ=              0.0000  XYY=              0.0000
  XXY=             -0.0000  XXZ=              0.0000  XZZ=              0.0000  YZZ=             -0.0000
  YYZ=              0.0000  XYZ=             -0.0000
 Hexadecapole moment (field-independent basis, Debye-Ang**3):
 XXXX=            -71.4539 YYYY=           -434.8648 ZZZZ=            -17.9376 XXXY=             31.2267
 XXXZ=             -0.0000 YYYX=             65.8696 YYYZ=              0.0000 ZZZX=             -0.0000
 ZZZY=              0.0000 XXYY=            -81.2628 XXZZ=            -14.4956 YYZZ=            -56.8329
 XXYZ=              0.0000 YYXZ=             -0.0000 ZZXY=              9.6082
 N-N= 1.819463039479D+01 E-N=-4.729656988062D+01  KE= 6.609001259667D+00
 Symmetry AG   KE= 4.793145593790D+00
 Symmetry BG   KE= 0.000000000000D+00
 Symmetry AU   KE= 0.000000000000D+00
 Symmetry BU   KE= 1.815855665877D+00

 Test job not archived.
 1\1\GINC-SULU\Stability\RHF\Gen\H12\LCJ1\17-Feb-2017\0\\#rhf/gen scf(s
 ymm,tight,novaracc,noincfock,fulldiag) stable(crhf) guess=read geom=no
 crowd test\\hf stability analysis of h12 triangular lattice, y= 0.4427
 0081725227745\\0,1\H\H,1,1.3772447169\H,1,1.3772447169,2,142.5\H,2,1.3
 772447169,1,37.5,3,0.,0\H,2,1.3772447169,1,180.,3,0.,0\H,4,1.377244716
 9,3,180.,5,0.,0\H,6,1.3772447169,5,180.,3,0.,0\H,4,1.3772447169,2,180.
 ,3,0.,0\H,3,1.3772447169,1,180.,4,0.,0\H,9,1.3772447169,3,180.,4,0.,0\
 H,8,1.3772447169,4,180.,3,0.,0\H,7,1.3772447169,6,180.,3,0.,0\\Version
 =ES64L-G09RevE.01\State=1-AG\HF=-5.3765711\MP2=-5.9976164\RMSD=7.970e-
 09\Dipole=0.,0.,0.\Quadrupole=-0.3868973,3.0380022,-2.6511049,0.,1.464
 1881,0.\PG=C02H [SGH(H12)]\\@


 FLOATING POINT NUMBERS ARE LIKE SANDPILES:
 EVERY TIME THAT YOU MOVE ONE, YOU LOSE A LITTLE SAND 
 AND YOU PICK UP A LITTLE DIRT.
 Job cpu time:       0 days  0 hours  0 minutes  1.0 seconds.
 File lengths (MBytes):  RWF=     84 Int=      0 D2E=      0 Chk=      2 Scr=      2
 Normal termination of Gaussian 09 at Fri Feb 17 14:56:39 2017.
