 Entering Gaussian System, Link 0=g09
 AtFile(1): H.gbs
            H     0
            S   10   1.00
               1000.000000000000            0.000068713567
                316.227766000000            0.000169141320
                100.000000000000            0.000823394812
                 31.622776600000            0.003425569236
                 10.000000000000            0.013951996000
                  3.162277660000            0.056909313560
                  1.000000000000            0.198286399900
                  0.316227766000            0.496922426700
                  0.100000000000            0.369846276400
                  0.031622776600            0.003752720039
            ****
 Initial command:
 /projects/guscus/apps/gau/g09-e1/g09/l1.exe "/users/lcj1/gaussian/h12/rhfstability/rect/guess/ag4bu2/Gau-9491.inp" -scrdir="/users/lcj1/gaussian/h12/rhfstability/rect/guess/ag4bu2/"
 Entering Link 1 = /projects/guscus/apps/gau/g09-e1/g09/l1.exe PID=      9492.
  
 Copyright (c) 1988,1990,1992,1993,1995,1998,2003,2009,2015,
            Gaussian, Inc.  All Rights Reserved.
  
 This is part of the Gaussian(R) 09 program.  It is based on
 the Gaussian(R) 03 system (copyright 2003, Gaussian, Inc.),
 the Gaussian(R) 98 system (copyright 1998, Gaussian, Inc.),
 the Gaussian(R) 94 system (copyright 1995, Gaussian, Inc.),
 the Gaussian 92(TM) system (copyright 1992, Gaussian, Inc.),
 the Gaussian 90(TM) system (copyright 1990, Gaussian, Inc.),
 the Gaussian 88(TM) system (copyright 1988, Gaussian, Inc.),
 the Gaussian 86(TM) system (copyright 1986, Carnegie Mellon
 University), and the Gaussian 82(TM) system (copyright 1983,
 Carnegie Mellon University). Gaussian is a federally registered
 trademark of Gaussian, Inc.
  
 This software contains proprietary and confidential information,
 including trade secrets, belonging to Gaussian, Inc.
  
 This software is provided under written license and may be
 used, copied, transmitted, or stored only in accord with that
 written license.
  
 The following legend is applicable only to US Government
 contracts under FAR:
  
                    RESTRICTED RIGHTS LEGEND
  
 Use, reproduction and disclosure by the US Government is
 subject to restrictions as set forth in subparagraphs (a)
 and (c) of the Commercial Computer Software - Restricted
 Rights clause in FAR 52.227-19.
  
 Gaussian, Inc.
 340 Quinnipiac St., Bldg. 40, Wallingford CT 06492
  
  
 ---------------------------------------------------------------
 Warning -- This program may not be used in any manner that
 competes with the business of Gaussian, Inc. or will provide
 assistance to any competitor of Gaussian, Inc.  The licensee
 of this program is prohibited from giving any competitor of
 Gaussian, Inc. access to this program.  By using this program,
 the user acknowledges that Gaussian, Inc. is engaged in the
 business of creating and licensing software in the field of
 computational chemistry and represents and warrants to the
 licensee that it is not a competitor of Gaussian, Inc. and that
 it will not use this program in any manner prohibited above.
 ---------------------------------------------------------------
  

 Cite this work as:
 Gaussian 09, Revision E.01,
 M. J. Frisch, G. W. Trucks, H. B. Schlegel, G. E. Scuseria, 
 M. A. Robb, J. R. Cheeseman, G. Scalmani, V. Barone, B. Mennucci, 
 G. A. Petersson, H. Nakatsuji, M. Caricato, X. Li, H. P. Hratchian, 
 A. F. Izmaylov, J. Bloino, G. Zheng, J. L. Sonnenberg, M. Hada, 
 M. Ehara, K. Toyota, R. Fukuda, J. Hasegawa, M. Ishida, T. Nakajima, 
 Y. Honda, O. Kitao, H. Nakai, T. Vreven, J. A. Montgomery, Jr., 
 J. E. Peralta, F. Ogliaro, M. Bearpark, J. J. Heyd, E. Brothers, 
 K. N. Kudin, V. N. Staroverov, T. Keith, R. Kobayashi, J. Normand, 
 K. Raghavachari, A. Rendell, J. C. Burant, S. S. Iyengar, J. Tomasi, 
 M. Cossi, N. Rega, J. M. Millam, M. Klene, J. E. Knox, J. B. Cross, 
 V. Bakken, C. Adamo, J. Jaramillo, R. Gomperts, R. E. Stratmann, 
 O. Yazyev, A. J. Austin, R. Cammi, C. Pomelli, J. W. Ochterski, 
 R. L. Martin, K. Morokuma, V. G. Zakrzewski, G. A. Voth, 
 P. Salvador, J. J. Dannenberg, S. Dapprich, A. D. Daniels, 
 O. Farkas, J. B. Foresman, J. V. Ortiz, J. Cioslowski, 
 and D. J. Fox, Gaussian, Inc., Wallingford CT, 2013.
 
 ******************************************
 Gaussian 09:  ES64L-G09RevE.01 30-Nov-2015
                17-Feb-2017 
 ******************************************
 %chk=h12.chk
 ----------------------------------------------------------------------
 #rhf/gen scf(symm,tight,novaracc,noincfock,fulldiag) stable(crhf) gues
 s=read geom=nocrowd test
 ----------------------------------------------------------------------
 1/38=1/1;
 2/12=1,17=6,18=5,40=1/2;
 3/5=7,16=1,25=1,30=1,116=1/1,2,3;
 4/5=1,9=4/1;
 5/5=100002,15=2,16=1,32=2,38=6/2;
 8/6=1,10=90,11=11/1,4;
 9/8=4,13=1/2;
 6/7=2,8=2,9=2,10=2,28=1/1;
 99/5=1,9=1/99;
 ----------------------------------------------------------------------
 hf stability analysis of h12 triangular lattice, y= 1.2680906370950717
 ----------------------------------------------------------------------
 Symbolic Z-matrix:
 Charge =  0 Multiplicity = 1
 H
 H                    1     1.34735 
 H                    1     1.34735  2     39.5 
 H                    2     1.34735  1     140.5    3     0.       0
 H                    2     1.34735  1     180.     3     0.       0
 H                    4     1.34735  3     180.     5     0.       0
 H                    6     1.34735  5     180.     3     0.       0
 H                    4     1.34735  2     180.     3     0.       0
 H                    3     1.34735  1     180.     4     0.       0
 H                    9     1.34735  3     180.     4     0.       0
 H                    8     1.34735  4     180.     3     0.       0
 H                    7     1.34735  6     180.     3     0.       0
 
                          Input orientation:                          
 ---------------------------------------------------------------------
 Center     Atomic      Atomic             Coordinates (Angstroms)
 Number     Number       Type             X           Y           Z
 ---------------------------------------------------------------------
      1          1           0        0.000000    0.000000    0.000000
      2          1           0        0.000000    0.000000    1.347347
      3          1           0        0.857018    0.000000    1.039646
      4          1           0        0.857018    0.000000    2.386993
      5          1           0        0.000000    0.000000    2.694694
      6          1           0        0.857018    0.000000    3.734340
      7          1           0        1.714036    0.000000    4.773986
      8          1           0        1.714036    0.000000    3.426639
      9          1           0        1.714036    0.000000    2.079292
     10          1           0        2.571054    0.000000    3.118938
     11          1           0        2.571054    0.000000    4.466285
     12          1           0        2.571054    0.000000    5.813632
 ---------------------------------------------------------------------
                    Distance matrix (angstroms):
                    1          2          3          4          5
     1  H    0.000000
     2  H    1.347347   0.000000
     3  H    1.347347   0.910582   0.000000
     4  H    2.536181   1.347347   1.347347   0.000000
     5  H    2.694694   1.347347   1.863777   0.910582   0.000000
     6  H    3.831419   2.536181   2.694694   1.347347   1.347347
     7  H    5.072362   3.831419   3.831419   2.536181   2.694694
     8  H    3.831419   2.694694   2.536181   1.347347   1.863777
     9  H    2.694694   1.863777   1.347347   0.910582   1.821164
    10  H    4.042041   3.122316   2.694694   1.863777   2.605821
    11  H    5.153447   4.042041   3.831419   2.694694   3.122316
    12  H    6.356779   5.153447   5.072362   3.831419   4.042041
                    6          7          8          9         10
     6  H    0.000000
     7  H    1.347347   0.000000
     8  H    0.910582   1.347347   0.000000
     9  H    1.863777   2.694694   1.347347   0.000000
    10  H    1.821164   1.863777   0.910582   1.347347   0.000000
    11  H    1.863777   0.910582   1.347347   2.536181   1.347347
    12  H    2.694694   1.347347   2.536181   3.831419   2.694694
                   11         12
    11  H    0.000000
    12  H    1.347347   0.000000
 Stoichiometry    H12
 Framework group  C2H[SGH(H12)]
 Deg. of freedom    11
 Full point group                 C2H     NOp   4
 Largest Abelian subgroup         C2H     NOp   4
 Largest concise Abelian subgroup C2      NOp   2
                         Standard orientation:                         
 ---------------------------------------------------------------------
 Center     Atomic      Atomic             Coordinates (Angstroms)
 Number     Number       Type             X           Y           Z
 ---------------------------------------------------------------------
      1          1           0        0.857018    3.060666    0.000000
      2          1           0        0.000000    2.021020    0.000000
      3          1           0        0.857018    1.713319    0.000000
      4          1           0        0.000000    0.673673    0.000000
      5          1           0       -0.857018    0.981374    0.000000
      6          1           0       -0.857018   -0.365973   -0.000000
      7          1           0       -0.857018   -1.713319    0.000000
      8          1           0       -0.000000   -0.673673    0.000000
      9          1           0        0.857018    0.365973   -0.000000
     10          1           0        0.857018   -0.981374   -0.000000
     11          1           0       -0.000000   -2.021020    0.000000
     12          1           0       -0.857018   -3.060666    0.000000
 ---------------------------------------------------------------------
 Rotational constants (GHZ):    117.4798529     13.3776755     12.0100644
 General basis read from cards:  (5D, 7F)
 There are     6 symmetry adapted cartesian basis functions of AG  symmetry.
 There are     0 symmetry adapted cartesian basis functions of BG  symmetry.
 There are     0 symmetry adapted cartesian basis functions of AU  symmetry.
 There are     6 symmetry adapted cartesian basis functions of BU  symmetry.
 There are     6 symmetry adapted basis functions of AG  symmetry.
 There are     0 symmetry adapted basis functions of BG  symmetry.
 There are     0 symmetry adapted basis functions of AU  symmetry.
 There are     6 symmetry adapted basis functions of BU  symmetry.
    12 basis functions,   120 primitive gaussians,    12 cartesian basis functions
     6 alpha electrons        6 beta electrons
       nuclear repulsion energy        18.3468662681 Hartrees.
 NAtoms=   12 NActive=   12 NUniq=    6 SFac= 4.00D+00 NAtFMM=   60 NAOKFM=F Big=F
 Integral buffers will be    131072 words long.
 Regular integral format.
 Two-electron integral symmetry is turned on.
 One-electron integrals computed using PRISM.
 NBasis=    12 RedAO= T EigKep=  1.51D-01  NBF=     6     0     0     6
 NBsUse=    12 1.00D-06 EigRej= -1.00D+00 NBFU=     6     0     0     6
 Initial guess from the checkpoint file:  "h12.chk"
 B after Tr=    -0.000000    0.000000    0.000000
         Rot=    0.984526    0.000000    0.000000   -0.175241 Ang= -20.19 deg.
 Initial guess orbital symmetries:
       Occupied  (AG) (BU) (BU) (AG) (AG) (AG)
       Virtual   (BU) (BU) (BU) (AG) (AG) (BU)
 Keep R1 ints in memory in symmetry-blocked form, NReq=900410.
 Requested convergence on RMS density matrix=1.00D-08 within 128 cycles.
 Requested convergence on MAX density matrix=1.00D-06.
 Requested convergence on             energy=1.00D-06.
 No special actions if energy rises.
 SCF Done:  E(RHF) =  -5.39115089807     A.U. after   13 cycles
            NFock= 13  Conv=0.48D-08     -V/T= 1.8173
 Range of M.O.s used for correlation:     1    12
 NBasis=    12 NAE=     6 NBE=     6 NFC=     0 NFV=     0
 NROrb=     12 NOA=     6 NOB=     6 NVA=     6 NVB=     6

 **** Warning!!: The smallest alpha delta epsilon is -0.90707427D-01

 Semi-Direct transformation.
 ModeAB=           4 MOrb=             6 LenV=     134087741
 LASXX=         2181 LTotXX=        2181 LenRXX=        5115
 LTotAB=        2934 MaxLAS=        3024 LenRXY=           0
 NonZer=        7296 LenScr=      655360 LnRSAI=        3024
 LnScr1=      655360 LExtra=           0 Total=      1318859
 MaxDsk=          -1 SrtSym=           T ITran=            3
 JobTyp=0 Pass  1:  I=   1 to   6.
 (rs|ai) integrals will be sorted in core.
 Spin components of T(2) and E(2):
     alpha-alpha T2 =       0.3248812903D-01 E2=     -0.2212802315D-01
     alpha-beta  T2 =       0.6131605652D+01 E2=     -0.4520678905D+00
     beta-beta   T2 =       0.3248812903D-01 E2=     -0.2212802315D-01
 ANorm=    0.2682644574D+01
 E2 =    -0.4963239368D+00 EUMP2 =    -0.58874748348955D+01
 Second order stability test of a single determinant RHF wave function:
 Stabil:  MDV=134217728
 ***********************************************************************
 Matrix         Lowest Root    Major Pairs
 ***********************************************************************
 Internal RHF    -0.2127795    6A=7A 6A=8A 5A=7A 3A=7A
 RRHF --> CRHF   -0.2830317    6A=7A
 RRHF --> RUHF   -0.605728     6A=7B 6A=8B
 Not stable.
 ***********************************************************************

 **********************************************************************

            Population analysis using the SCF density.

 **********************************************************************

 Orbital symmetries:
       Occupied  (AG) (BU) (AG) (BU) (AG) (AG)
       Virtual   (BU) (BU) (BU) (AG) (AG) (BU)
 The electronic state is 1-AG.
 Alpha  occ. eigenvalues --   -0.94308  -0.77309  -0.56753  -0.53352  -0.29760
 Alpha  occ. eigenvalues --   -0.12196
 Alpha virt. eigenvalues --   -0.21267   0.06654   0.30538   0.33329   0.49521
 Alpha virt. eigenvalues --    0.62212
          Condensed to atoms (all electrons):
               1          2          3          4          5          6
     1  H    1.370727  -0.168992  -0.184799   0.005240   0.000783   0.000694
     2  H   -0.168992   0.801836   0.281136  -0.006185   0.178478  -0.056349
     3  H   -0.184799   0.281136   1.100502  -0.063590  -0.178980  -0.004964
     4  H    0.005240  -0.006185  -0.063590   0.603801   0.247755   0.136517
     5  H    0.000783   0.178478  -0.178980   0.247755   1.273891  -0.104668
     6  H    0.000694  -0.056349  -0.004964   0.136517  -0.104668   0.952582
     7  H   -0.001065   0.003024   0.010477  -0.026679  -0.038982   0.190806
     8  H    0.001415  -0.028530  -0.026679   0.046930  -0.039622   0.044166
     9  H    0.016900  -0.110638   0.190806   0.044166  -0.242992   0.063854
    10  H    0.001656   0.011699  -0.038982  -0.039622   0.043457  -0.242992
    11  H   -0.000712   0.006624   0.003024  -0.028530   0.011699  -0.110638
    12  H    0.000275  -0.000712  -0.001065   0.001415   0.001656   0.016900
               7          8          9         10         11         12
     1  H   -0.001065   0.001415   0.016900   0.001656  -0.000712   0.000275
     2  H    0.003024  -0.028530  -0.110638   0.011699   0.006624  -0.000712
     3  H    0.010477  -0.026679   0.190806  -0.038982   0.003024  -0.001065
     4  H   -0.026679   0.046930   0.044166  -0.039622  -0.028530   0.001415
     5  H   -0.038982  -0.039622  -0.242992   0.043457   0.011699   0.001656
     6  H    0.190806   0.044166   0.063854  -0.242992  -0.110638   0.016900
     7  H    1.100502  -0.063590  -0.004964  -0.178980   0.281136  -0.184799
     8  H   -0.063590   0.603801   0.136517   0.247755  -0.006185   0.005240
     9  H   -0.004964   0.136517   0.952582  -0.104668  -0.056349   0.000694
    10  H   -0.178980   0.247755  -0.104668   1.273891   0.178478   0.000783
    11  H    0.281136  -0.006185  -0.056349   0.178478   0.801836  -0.168992
    12  H   -0.184799   0.005240   0.000694   0.000783  -0.168992   1.370727
 Mulliken charges:
               1
     1  H   -0.042121
     2  H    0.088610
     3  H   -0.086888
     4  H    0.078782
     5  H   -0.152475
     6  H    0.114092
     7  H   -0.086888
     8  H    0.078782
     9  H    0.114092
    10  H   -0.152475
    11  H    0.088610
    12  H   -0.042121
 Sum of Mulliken charges =   0.00000
 Mulliken charges with hydrogens summed into heavy atoms:
               1
 Electronic spatial extent (au):  <R**2>=            191.6118
 Charge=              0.0000 electrons
 Dipole moment (field-independent basis, Debye):
    X=              0.0000    Y=             -0.0000    Z=             -0.0000  Tot=              0.0000
 Quadrupole moment (field-independent basis, Debye-Ang):
   XX=            -19.2096   YY=            -22.8390   ZZ=            -15.1280
   XY=             -0.8397   XZ=              0.0000   YZ=             -0.0000
 Traceless Quadrupole moment (field-independent basis, Debye-Ang):
   XX=             -0.1507   YY=             -3.7801   ZZ=              3.9309
   XY=             -0.8397   XZ=              0.0000   YZ=             -0.0000
 Octapole moment (field-independent basis, Debye-Ang**2):
  XXX=              0.0000  YYY=             -0.0000  ZZZ=             -0.0000  XYY=             -0.0000
  XXY=             -0.0000  XXZ=             -0.0000  XZZ=              0.0000  YZZ=             -0.0000
  YYZ=             -0.0000  XYZ=             -0.0000
 Hexadecapole moment (field-independent basis, Debye-Ang**3):
 XXXX=            -74.1492 YYYY=           -401.9394 ZZZZ=            -17.9372 XXXY=            -30.1571
 XXXZ=              0.0000 YYYX=            -60.0024 YYYZ=             -0.0000 ZZZX=              0.0000
 ZZZY=             -0.0000 XXYY=            -77.9934 XXZZ=            -14.8948 YYZZ=            -53.7490
 XXYZ=             -0.0000 YYXZ=              0.0000 ZZXY=             -9.2095
 N-N= 1.834686626814D+01 E-N=-4.759850230615D+01  KE= 6.596026735090D+00
 Symmetry AG   KE= 4.820487384023D+00
 Symmetry BG   KE= 0.000000000000D+00
 Symmetry AU   KE= 0.000000000000D+00
 Symmetry BU   KE= 1.775539351067D+00

 Test job not archived.
 1\1\GINC-SULU\Stability\RHF\Gen\H12\LCJ1\17-Feb-2017\0\\#rhf/gen scf(s
 ymm,tight,novaracc,noincfock,fulldiag) stable(crhf) guess=read geom=no
 crowd test\\hf stability analysis of h12 triangular lattice, y= 1.2680
 906370950717\\0,1\H\H,1,1.3473469372\H,1,1.3473469372,2,39.5\H,2,1.347
 3469372,1,140.5,3,0.,0\H,2,1.3473469372,1,180.,3,0.,0\H,4,1.3473469372
 ,3,180.,5,0.,0\H,6,1.3473469372,5,180.,3,0.,0\H,4,1.3473469372,2,180.,
 3,0.,0\H,3,1.3473469372,1,180.,4,0.,0\H,9,1.3473469372,3,180.,4,0.,0\H
 ,8,1.3473469372,4,180.,3,0.,0\H,7,1.3473469372,6,180.,3,0.,0\\Version=
 ES64L-G09RevE.01\State=1-AG\HF=-5.3911509\MP2=-5.8874748\RMSD=4.767e-0
 9\Dipole=0.,0.,0.\Quadrupole=-0.5910038,2.9225024,-2.3314986,0.,-1.205
 2753,0.\PG=C02H [SGH(H12)]\\@


 IF YOU GIVE A BOY AND A PIG EVERYTHING THEY WANT,
 YOU'LL GET A BAD BOY AND A GOOD PIG.
 Job cpu time:       0 days  0 hours  0 minutes  1.0 seconds.
 File lengths (MBytes):  RWF=     84 Int=      0 D2E=      0 Chk=      2 Scr=      2
 Normal termination of Gaussian 09 at Fri Feb 17 15:07:26 2017.
