 Entering Gaussian System, Link 0=g09
 AtFile(1): H.gbs
            H     0
            S   10   1.00
               1000.000000000000            0.000068713567
                316.227766000000            0.000169141320
                100.000000000000            0.000823394812
                 31.622776600000            0.003425569236
                 10.000000000000            0.013951996000
                  3.162277660000            0.056909313560
                  1.000000000000            0.198286399900
                  0.316227766000            0.496922426700
                  0.100000000000            0.369846276400
                  0.031622776600            0.003752720039
            ****
 Initial command:
 /projects/guscus/apps/gau/g09-e1/g09/l1.exe "/users/lcj1/gaussian/h12/rhfstability/rect/guess/ag4bu2/Gau-12436.inp" -scrdir="/users/lcj1/gaussian/h12/rhfstability/rect/guess/ag4bu2/"
 Entering Link 1 = /projects/guscus/apps/gau/g09-e1/g09/l1.exe PID=     12437.
  
 Copyright (c) 1988,1990,1992,1993,1995,1998,2003,2009,2015,
            Gaussian, Inc.  All Rights Reserved.
  
 This is part of the Gaussian(R) 09 program.  It is based on
 the Gaussian(R) 03 system (copyright 2003, Gaussian, Inc.),
 the Gaussian(R) 98 system (copyright 1998, Gaussian, Inc.),
 the Gaussian(R) 94 system (copyright 1995, Gaussian, Inc.),
 the Gaussian 92(TM) system (copyright 1992, Gaussian, Inc.),
 the Gaussian 90(TM) system (copyright 1990, Gaussian, Inc.),
 the Gaussian 88(TM) system (copyright 1988, Gaussian, Inc.),
 the Gaussian 86(TM) system (copyright 1986, Carnegie Mellon
 University), and the Gaussian 82(TM) system (copyright 1983,
 Carnegie Mellon University). Gaussian is a federally registered
 trademark of Gaussian, Inc.
  
 This software contains proprietary and confidential information,
 including trade secrets, belonging to Gaussian, Inc.
  
 This software is provided under written license and may be
 used, copied, transmitted, or stored only in accord with that
 written license.
  
 The following legend is applicable only to US Government
 contracts under FAR:
  
                    RESTRICTED RIGHTS LEGEND
  
 Use, reproduction and disclosure by the US Government is
 subject to restrictions as set forth in subparagraphs (a)
 and (c) of the Commercial Computer Software - Restricted
 Rights clause in FAR 52.227-19.
  
 Gaussian, Inc.
 340 Quinnipiac St., Bldg. 40, Wallingford CT 06492
  
  
 ---------------------------------------------------------------
 Warning -- This program may not be used in any manner that
 competes with the business of Gaussian, Inc. or will provide
 assistance to any competitor of Gaussian, Inc.  The licensee
 of this program is prohibited from giving any competitor of
 Gaussian, Inc. access to this program.  By using this program,
 the user acknowledges that Gaussian, Inc. is engaged in the
 business of creating and licensing software in the field of
 computational chemistry and represents and warrants to the
 licensee that it is not a competitor of Gaussian, Inc. and that
 it will not use this program in any manner prohibited above.
 ---------------------------------------------------------------
  

 Cite this work as:
 Gaussian 09, Revision E.01,
 M. J. Frisch, G. W. Trucks, H. B. Schlegel, G. E. Scuseria, 
 M. A. Robb, J. R. Cheeseman, G. Scalmani, V. Barone, B. Mennucci, 
 G. A. Petersson, H. Nakatsuji, M. Caricato, X. Li, H. P. Hratchian, 
 A. F. Izmaylov, J. Bloino, G. Zheng, J. L. Sonnenberg, M. Hada, 
 M. Ehara, K. Toyota, R. Fukuda, J. Hasegawa, M. Ishida, T. Nakajima, 
 Y. Honda, O. Kitao, H. Nakai, T. Vreven, J. A. Montgomery, Jr., 
 J. E. Peralta, F. Ogliaro, M. Bearpark, J. J. Heyd, E. Brothers, 
 K. N. Kudin, V. N. Staroverov, T. Keith, R. Kobayashi, J. Normand, 
 K. Raghavachari, A. Rendell, J. C. Burant, S. S. Iyengar, J. Tomasi, 
 M. Cossi, N. Rega, J. M. Millam, M. Klene, J. E. Knox, J. B. Cross, 
 V. Bakken, C. Adamo, J. Jaramillo, R. Gomperts, R. E. Stratmann, 
 O. Yazyev, A. J. Austin, R. Cammi, C. Pomelli, J. W. Ochterski, 
 R. L. Martin, K. Morokuma, V. G. Zakrzewski, G. A. Voth, 
 P. Salvador, J. J. Dannenberg, S. Dapprich, A. D. Daniels, 
 O. Farkas, J. B. Foresman, J. V. Ortiz, J. Cioslowski, 
 and D. J. Fox, Gaussian, Inc., Wallingford CT, 2013.
 
 ******************************************
 Gaussian 09:  ES64L-G09RevE.01 30-Nov-2015
                17-Feb-2017 
 ******************************************
 %chk=h12.chk
 ----------------------------------------------------------------------
 #rhf/gen scf(symm,tight,novaracc,noincfock,fulldiag) stable(crhf) gues
 s=read geom=nocrowd test
 ----------------------------------------------------------------------
 1/38=1/1;
 2/12=1,17=6,18=5,40=1/2;
 3/5=7,16=1,25=1,30=1,116=1/1,2,3;
 4/5=1,9=4/1;
 5/5=100002,15=2,16=1,32=2,38=6/2;
 8/6=1,10=90,11=11/1,4;
 9/8=4,13=1/2;
 6/7=2,8=2,9=2,10=2,28=1/1;
 99/5=1,9=1/99;
 ----------------------------------------------------------------------
 hf stability analysis of h12 triangular lattice, y= 0.3310791093259662
 4
 ----------------------------------------------------------------------
 Symbolic Z-matrix:
 Charge =  0 Multiplicity = 1
 H
 H                    1     1.77499 
 H                    1     1.77499  2     158.5 
 H                    2     1.77499  1     21.5     3     0.       0
 H                    2     1.77499  1     180.     3     0.       0
 H                    4     1.77499  3     180.     5     0.       0
 H                    6     1.77499  5     180.     3     0.       0
 H                    4     1.77499  2     180.     3     0.       0
 H                    3     1.77499  1     180.     4     0.       0
 H                    9     1.77499  3     180.     4     0.       0
 H                    8     1.77499  4     180.     3     0.       0
 H                    7     1.77499  6     180.     3     0.       0
 
                          Input orientation:                          
 ---------------------------------------------------------------------
 Center     Atomic      Atomic             Coordinates (Angstroms)
 Number     Number       Type             X           Y           Z
 ---------------------------------------------------------------------
      1          1           0        0.000000    0.000000    0.000000
      2          1           0        0.000000    0.000000    1.774994
      3          1           0        0.650538    0.000000   -1.651486
      4          1           0        0.650538    0.000000    0.123508
      5          1           0        0.000000    0.000000    3.549989
      6          1           0        0.650538    0.000000    1.898503
      7          1           0        1.301075    0.000000    0.247017
      8          1           0        1.301075    0.000000   -1.527977
      9          1           0        1.301075    0.000000   -3.302972
     10          1           0        1.951613    0.000000   -4.954458
     11          1           0        1.951613    0.000000   -3.179463
     12          1           0        1.951613    0.000000   -1.404469
 ---------------------------------------------------------------------
                    Distance matrix (angstroms):
                    1          2          3          4          5
     1  H    0.000000
     2  H    1.774994   0.000000
     3  H    1.774994   3.487688   0.000000
     4  H    0.662158   1.774994   1.774994   0.000000
     5  H    3.549989   1.774994   5.241997   3.487688   0.000000
     6  H    2.006866   0.662158   3.549989   1.774994   1.774994
     7  H    1.324316   2.006866   2.006866   0.662158   3.549989
     8  H    2.006866   3.549989   0.662158   1.774994   5.241997
     9  H    3.549989   5.241997   1.774994   3.487688   6.975375
    10  H    5.324983   7.006734   3.549989   5.241997   8.725503
    11  H    3.730654   5.324983   2.006866   3.549989   7.006734
    12  H    2.404439   3.730654   1.324316   2.006866   5.324983
                    6          7          8          9         10
     6  H    0.000000
     7  H    1.774994   0.000000
     8  H    3.487688   1.774994   0.000000
     9  H    5.241997   3.549989   1.774994   0.000000
    10  H    6.975375   5.241997   3.487688   1.774994   0.000000
    11  H    5.241997   3.487688   1.774994   0.662158   1.774994
    12  H    3.549989   1.774994   0.662158   2.006866   3.549989
                   11         12
    11  H    0.000000
    12  H    1.774994   0.000000
 Stoichiometry    H12
 Framework group  C2H[SGH(H12)]
 Deg. of freedom    11
 Full point group                 C2H     NOp   4
 Largest Abelian subgroup         C2H     NOp   4
 Largest concise Abelian subgroup C2      NOp   2
                         Standard orientation:                         
 ---------------------------------------------------------------------
 Center     Atomic      Atomic             Coordinates (Angstroms)
 Number     Number       Type             X           Y           Z
 ---------------------------------------------------------------------
      1          1           0        0.650538    1.011006    0.000000
      2          1           0        0.000000    2.662491    0.000000
      3          1           0        0.650538   -0.763989    0.000000
      4          1           0        0.000000    0.887497    0.000000
      5          1           0       -0.650538    4.313977    0.000000
      6          1           0       -0.650538    2.538983    0.000000
      7          1           0       -0.650538    0.763989    0.000000
      8          1           0       -0.000000   -0.887497    0.000000
      9          1           0        0.650538   -2.538983    0.000000
     10          1           0        0.650538   -4.313977    0.000000
     11          1           0       -0.000000   -2.662491    0.000000
     12          1           0       -0.650538   -1.011006    0.000000
 ---------------------------------------------------------------------
 Rotational constants (GHZ):    219.9638992      7.1448438      6.9200669
 General basis read from cards:  (5D, 7F)
 There are     6 symmetry adapted cartesian basis functions of AG  symmetry.
 There are     0 symmetry adapted cartesian basis functions of BG  symmetry.
 There are     0 symmetry adapted cartesian basis functions of AU  symmetry.
 There are     6 symmetry adapted cartesian basis functions of BU  symmetry.
 There are     6 symmetry adapted basis functions of AG  symmetry.
 There are     0 symmetry adapted basis functions of BG  symmetry.
 There are     0 symmetry adapted basis functions of AU  symmetry.
 There are     6 symmetry adapted basis functions of BU  symmetry.
    12 basis functions,   120 primitive gaussians,    12 cartesian basis functions
     6 alpha electrons        6 beta electrons
       nuclear repulsion energy        16.7811498310 Hartrees.
 NAtoms=   12 NActive=   12 NUniq=    6 SFac= 4.00D+00 NAtFMM=   60 NAOKFM=F Big=F
 Integral buffers will be    131072 words long.
 Regular integral format.
 Two-electron integral symmetry is turned on.
 One-electron integrals computed using PRISM.
 NBasis=    12 RedAO= T EigKep=  7.64D-02  NBF=     6     0     0     6
 NBsUse=    12 1.00D-06 EigRej= -1.00D+00 NBFU=     6     0     0     6
 Initial guess from the checkpoint file:  "h12.chk"
 B after Tr=    -0.000000    0.000000    0.000000
         Rot=    0.985442    0.000000   -0.000000    0.170014 Ang=  19.58 deg.
 Initial guess orbital symmetries:
       Occupied  (AG) (BU) (BU) (AG) (AG) (AG)
       Virtual   (BU) (BU) (BU) (AG) (AG) (BU)
 Keep R1 ints in memory in symmetry-blocked form, NReq=896630.
 Requested convergence on RMS density matrix=1.00D-08 within 128 cycles.
 Requested convergence on MAX density matrix=1.00D-06.
 Requested convergence on             energy=1.00D-06.
 No special actions if energy rises.
 SCF Done:  E(RHF) =  -5.33323668751     A.U. after   12 cycles
            NFock= 12  Conv=0.21D-08     -V/T= 1.7824
 Range of M.O.s used for correlation:     1    12
 NBasis=    12 NAE=     6 NBE=     6 NFC=     0 NFV=     0
 NROrb=     12 NOA=     6 NOB=     6 NVA=     6 NVB=     6

 **** Warning!!: The smallest alpha delta epsilon is  0.62693442D-01

 Semi-Direct transformation.
 ModeAB=           4 MOrb=             6 LenV=     134090611
 LASXX=         2181 LTotXX=        2181 LenRXX=        5115
 LTotAB=        2934 MaxLAS=        3024 LenRXY=           0
 NonZer=        7296 LenScr=      655360 LnRSAI=        3024
 LnScr1=      655360 LExtra=           0 Total=      1318859
 MaxDsk=          -1 SrtSym=           T ITran=            3
 JobTyp=0 Pass  1:  I=   1 to   6.
 (rs|ai) integrals will be sorted in core.
 Spin components of T(2) and E(2):
     alpha-alpha T2 =       0.3013924827D-01 E2=     -0.8466671278D-02
     alpha-beta  T2 =       0.5403669477D+01 E2=     -0.7588817196D+00
     beta-beta   T2 =       0.3013924827D-01 E2=     -0.8466671278D-02
 ANorm=    0.2542429542D+01
 E2 =    -0.7758150622D+00 EUMP2 =    -0.61090517496841D+01
 Second order stability test of a single determinant RHF wave function:
 Stabil:  MDV=134217728
 ***********************************************************************
 Matrix         Lowest Root    Major Pairs
 ***********************************************************************
 Internal RHF    -0.0726939    6A=8A 5A=7A
 RRHF --> CRHF   -0.1390005    5A=8A
 RRHF --> RUHF   -0.5619446    6A=7B
 Not stable.
 ***********************************************************************

 **********************************************************************

            Population analysis using the SCF density.

 **********************************************************************

 Orbital symmetries:
       Occupied  (AG) (BU) (AG) (BU) (AG) (AG)
       Virtual   (BU) (BU) (BU) (AG) (AG) (BU)
 The electronic state is 1-AG.
 Alpha  occ. eigenvalues --   -0.87023  -0.79813  -0.64948  -0.62831  -0.20202
 Alpha  occ. eigenvalues --   -0.17932
 Alpha virt. eigenvalues --   -0.11662  -0.09717   0.49142   0.50675   0.89062
 Alpha virt. eigenvalues --    1.06683
          Condensed to atoms (all electrons):
               1          2          3          4          5          6
     1  H    1.270661   0.023531  -0.328167   0.291476   0.000167  -0.070701
     2  H    0.023531   0.659322  -0.004925  -0.056017  -0.041561   0.477181
     3  H   -0.328167  -0.004925   1.173052  -0.039906   0.000042   0.005790
     4  H    0.291476  -0.056017  -0.039906   0.941697   0.000328  -0.060415
     5  H    0.000167  -0.041561   0.000042   0.000328   1.108433  -0.043382
     6  H   -0.070701   0.477181   0.005790  -0.060415  -0.043382   0.688242
     7  H   -0.432624  -0.063657   0.209717   0.265180   0.000085   0.025688
     8  H   -0.024483   0.000900   0.265180  -0.041931   0.000093   0.000687
     9  H   -0.004895   0.000000   0.025688   0.000687  -0.000016   0.000117
    10  H    0.000042  -0.000015   0.000085   0.000093   0.000005  -0.000016
    11  H    0.004439   0.000088  -0.063657   0.000900  -0.000015   0.000000
    12  H    0.140868   0.004439  -0.432624  -0.024483   0.000042  -0.004895
               7          8          9         10         11         12
     1  H   -0.432624  -0.024483  -0.004895   0.000042   0.004439   0.140868
     2  H   -0.063657   0.000900   0.000000  -0.000015   0.000088   0.004439
     3  H    0.209717   0.265180   0.025688   0.000085  -0.063657  -0.432624
     4  H    0.265180  -0.041931   0.000687   0.000093   0.000900  -0.024483
     5  H    0.000085   0.000093  -0.000016   0.000005  -0.000015   0.000042
     6  H    0.025688   0.000687   0.000117  -0.000016   0.000000  -0.004895
     7  H    1.173052  -0.039906   0.005790   0.000042  -0.004925  -0.328167
     8  H   -0.039906   0.941697  -0.060415   0.000328  -0.056017   0.291476
     9  H    0.005790  -0.060415   0.688242  -0.043382   0.477181  -0.070701
    10  H    0.000042   0.000328  -0.043382   1.108433  -0.041561   0.000167
    11  H   -0.004925  -0.056017   0.477181  -0.041561   0.659322   0.023531
    12  H   -0.328167   0.291476  -0.070701   0.000167   0.023531   1.270661
 Mulliken charges:
               1
     1  H    0.129687
     2  H    0.000714
     3  H    0.189727
     4  H   -0.277609
     5  H   -0.024221
     6  H   -0.018298
     7  H    0.189727
     8  H   -0.277609
     9  H   -0.018298
    10  H   -0.024221
    11  H    0.000714
    12  H    0.129687
 Sum of Mulliken charges =  -0.00000
 Mulliken charges with hydrogens summed into heavy atoms:
               1
 Electronic spatial extent (au):  <R**2>=            300.2303
 Charge=             -0.0000 electrons
 Dipole moment (field-independent basis, Debye):
    X=             -0.0000    Y=             -0.0000    Z=              0.0000  Tot=              0.0000
 Quadrupole moment (field-independent basis, Debye-Ang):
   XX=            -14.5858   YY=            -26.2037   ZZ=            -14.9715
   XY=              1.1406   XZ=             -0.0000   YZ=             -0.0000
 Traceless Quadrupole moment (field-independent basis, Debye-Ang):
   XX=              4.0012   YY=             -7.6167   ZZ=              3.6155
   XY=              1.1406   XZ=             -0.0000   YZ=             -0.0000
 Octapole moment (field-independent basis, Debye-Ang**2):
  XXX=              0.0000  YYY=             -0.0000  ZZZ=             -0.0000  XYY=             -0.0000
  XXY=             -0.0000  XXZ=             -0.0000  XZZ=              0.0000  YZZ=             -0.0000
  YYZ=             -0.0000  XYZ=              0.0000
 Hexadecapole moment (field-independent basis, Debye-Ang**3):
 XXXX=            -42.0072 YYYY=           -781.0269 ZZZZ=            -17.7108 XXXY=             34.3327
 XXXZ=              0.0000 YYYX=             67.6275 YYYZ=             -0.0000 ZZZX=              0.0000
 ZZZY=             -0.0000 XXYY=           -107.1475 XXZZ=            -10.0334 YYZZ=            -99.7720
 XXYZ=             -0.0000 YYXZ=              0.0000 ZZXY=             11.7058
 N-N= 1.678114983105D+01 E-N=-4.439011360552D+01  KE= 6.816317794789D+00
 Symmetry AG   KE= 4.705856715342D+00
 Symmetry BG   KE= 0.000000000000D+00
 Symmetry AU   KE= 0.000000000000D+00
 Symmetry BU   KE= 2.110461079447D+00

 Test job not archived.
 1\1\GINC-SULU\Stability\RHF\Gen\H12\LCJ1\17-Feb-2017\0\\#rhf/gen scf(s
 ymm,tight,novaracc,noincfock,fulldiag) stable(crhf) guess=read geom=no
 crowd test\\hf stability analysis of h12 triangular lattice, y= 0.3310
 7910932596624\\0,1\H\H,1,1.7749942973\H,1,1.7749942973,2,158.5\H,2,1.7
 749942973,1,21.5,3,0.,0\H,2,1.7749942973,1,180.,3,0.,0\H,4,1.774994297
 3,3,180.,5,0.,0\H,6,1.7749942973,5,180.,3,0.,0\H,4,1.7749942973,2,180.
 ,3,0.,0\H,3,1.7749942973,1,180.,4,0.,0\H,9,1.7749942973,3,180.,4,0.,0\
 H,8,1.7749942973,4,180.,3,0.,0\H,7,1.7749942973,6,180.,3,0.,0\\Version
 =ES64L-G09RevE.01\State=1-AG\HF=-5.3332367\MP2=-6.1090517\RMSD=2.060e-
 09\Dipole=0.,0.,0.\Quadrupole=2.3929085,2.688004,-5.0809126,0.,2.32522
 08,0.\PG=C02H [SGH(H12)]\\@


 THE PROGRESS OF RIVERS TO THE SEA IS NOT AS RAPID
 AS THAT OF MAN TO ERROR.
                                              -- VOLTAIRE
 Job cpu time:       0 days  0 hours  0 minutes  1.0 seconds.
 File lengths (MBytes):  RWF=     84 Int=      0 D2E=      0 Chk=      2 Scr=      2
 Normal termination of Gaussian 09 at Fri Feb 17 14:54:59 2017.
