 Entering Gaussian System, Link 0=g09
 AtFile(1): H.gbs
            H     0
            S   10   1.00
               1000.000000000000            0.000068713567
                316.227766000000            0.000169141320
                100.000000000000            0.000823394812
                 31.622776600000            0.003425569236
                 10.000000000000            0.013951996000
                  3.162277660000            0.056909313560
                  1.000000000000            0.198286399900
                  0.316227766000            0.496922426700
                  0.100000000000            0.369846276400
                  0.031622776600            0.003752720039
            ****
 Initial command:
 /projects/guscus/apps/gau/g09-e1/g09/l1.exe "/users/lcj1/gaussian/h12/rhfstability/rect/guess/ag4bu2/Gau-8260.inp" -scrdir="/users/lcj1/gaussian/h12/rhfstability/rect/guess/ag4bu2/"
 Entering Link 1 = /projects/guscus/apps/gau/g09-e1/g09/l1.exe PID=      8261.
  
 Copyright (c) 1988,1990,1992,1993,1995,1998,2003,2009,2015,
            Gaussian, Inc.  All Rights Reserved.
  
 This is part of the Gaussian(R) 09 program.  It is based on
 the Gaussian(R) 03 system (copyright 2003, Gaussian, Inc.),
 the Gaussian(R) 98 system (copyright 1998, Gaussian, Inc.),
 the Gaussian(R) 94 system (copyright 1995, Gaussian, Inc.),
 the Gaussian 92(TM) system (copyright 1992, Gaussian, Inc.),
 the Gaussian 90(TM) system (copyright 1990, Gaussian, Inc.),
 the Gaussian 88(TM) system (copyright 1988, Gaussian, Inc.),
 the Gaussian 86(TM) system (copyright 1986, Carnegie Mellon
 University), and the Gaussian 82(TM) system (copyright 1983,
 Carnegie Mellon University). Gaussian is a federally registered
 trademark of Gaussian, Inc.
  
 This software contains proprietary and confidential information,
 including trade secrets, belonging to Gaussian, Inc.
  
 This software is provided under written license and may be
 used, copied, transmitted, or stored only in accord with that
 written license.
  
 The following legend is applicable only to US Government
 contracts under FAR:
  
                    RESTRICTED RIGHTS LEGEND
  
 Use, reproduction and disclosure by the US Government is
 subject to restrictions as set forth in subparagraphs (a)
 and (c) of the Commercial Computer Software - Restricted
 Rights clause in FAR 52.227-19.
  
 Gaussian, Inc.
 340 Quinnipiac St., Bldg. 40, Wallingford CT 06492
  
  
 ---------------------------------------------------------------
 Warning -- This program may not be used in any manner that
 competes with the business of Gaussian, Inc. or will provide
 assistance to any competitor of Gaussian, Inc.  The licensee
 of this program is prohibited from giving any competitor of
 Gaussian, Inc. access to this program.  By using this program,
 the user acknowledges that Gaussian, Inc. is engaged in the
 business of creating and licensing software in the field of
 computational chemistry and represents and warrants to the
 licensee that it is not a competitor of Gaussian, Inc. and that
 it will not use this program in any manner prohibited above.
 ---------------------------------------------------------------
  

 Cite this work as:
 Gaussian 09, Revision E.01,
 M. J. Frisch, G. W. Trucks, H. B. Schlegel, G. E. Scuseria, 
 M. A. Robb, J. R. Cheeseman, G. Scalmani, V. Barone, B. Mennucci, 
 G. A. Petersson, H. Nakatsuji, M. Caricato, X. Li, H. P. Hratchian, 
 A. F. Izmaylov, J. Bloino, G. Zheng, J. L. Sonnenberg, M. Hada, 
 M. Ehara, K. Toyota, R. Fukuda, J. Hasegawa, M. Ishida, T. Nakajima, 
 Y. Honda, O. Kitao, H. Nakai, T. Vreven, J. A. Montgomery, Jr., 
 J. E. Peralta, F. Ogliaro, M. Bearpark, J. J. Heyd, E. Brothers, 
 K. N. Kudin, V. N. Staroverov, T. Keith, R. Kobayashi, J. Normand, 
 K. Raghavachari, A. Rendell, J. C. Burant, S. S. Iyengar, J. Tomasi, 
 M. Cossi, N. Rega, J. M. Millam, M. Klene, J. E. Knox, J. B. Cross, 
 V. Bakken, C. Adamo, J. Jaramillo, R. Gomperts, R. E. Stratmann, 
 O. Yazyev, A. J. Austin, R. Cammi, C. Pomelli, J. W. Ochterski, 
 R. L. Martin, K. Morokuma, V. G. Zakrzewski, G. A. Voth, 
 P. Salvador, J. J. Dannenberg, S. Dapprich, A. D. Daniels, 
 O. Farkas, J. B. Foresman, J. V. Ortiz, J. Cioslowski, 
 and D. J. Fox, Gaussian, Inc., Wallingford CT, 2013.
 
 ******************************************
 Gaussian 09:  ES64L-G09RevE.01 30-Nov-2015
                17-Feb-2017 
 ******************************************
 %chk=h12.chk
 ----------------------------------------------------------------------
 #rhf/gen scf(symm,tight,novaracc,noincfock,fulldiag) stable(crhf) gues
 s=read geom=nocrowd test
 ----------------------------------------------------------------------
 1/38=1/1;
 2/12=1,17=6,18=5,40=1/2;
 3/5=7,16=1,25=1,30=1,116=1/1,2,3;
 4/5=1,9=4/1;
 5/5=100002,15=2,16=1,32=2,38=6/2;
 8/6=1,10=90,11=11/1,4;
 9/8=4,13=1/2;
 6/7=2,8=2,9=2,10=2,28=1/1;
 99/5=1,9=1/99;
 ----------------------------------------------------------------------
 hf stability analysis of h12 triangular lattice, y= 1.1879529318790409
 ----------------------------------------------------------------------
 Symbolic Z-matrix:
 Charge =  0 Multiplicity = 1
 H
 H                    1     1.28352 
 H                    1     1.28352  2     44.5 
 H                    2     1.28352  1     135.5    3     0.       0
 H                    2     1.28352  1     180.     3     0.       0
 H                    4     1.28352  3     180.     5     0.       0
 H                    6     1.28352  5     180.     3     0.       0
 H                    4     1.28352  2     180.     3     0.       0
 H                    3     1.28352  1     180.     4     0.       0
 H                    9     1.28352  3     180.     4     0.       0
 H                    8     1.28352  4     180.     3     0.       0
 H                    7     1.28352  6     180.     3     0.       0
 
                          Input orientation:                          
 ---------------------------------------------------------------------
 Center     Atomic      Atomic             Coordinates (Angstroms)
 Number     Number       Type             X           Y           Z
 ---------------------------------------------------------------------
      1          1           0        0.000000    0.000000    0.000000
      2          1           0        0.000000    0.000000    1.283523
      3          1           0        0.899633    0.000000    0.915474
      4          1           0        0.899633    0.000000    2.198997
      5          1           0        0.000000    0.000000    2.567047
      6          1           0        0.899633    0.000000    3.482521
      7          1           0        1.799267    0.000000    4.397994
      8          1           0        1.799267    0.000000    3.114471
      9          1           0        1.799267    0.000000    1.830947
     10          1           0        2.698900    0.000000    2.746421
     11          1           0        2.698900    0.000000    4.029944
     12          1           0        2.698900    0.000000    5.313468
 ---------------------------------------------------------------------
                    Distance matrix (angstroms):
                    1          2          3          4          5
     1  H    0.000000
     2  H    1.283523   0.000000
     3  H    1.283523   0.972009   0.000000
     4  H    2.375906   1.283523   1.283523   0.000000
     5  H    2.567047   1.283523   1.880700   0.972009   0.000000
     6  H    3.596844   2.375906   2.567047   1.283523   1.283523
     7  H    4.751812   3.596844   3.596844   2.375906   2.567047
     8  H    3.596844   2.567047   2.375906   1.283523   1.880700
     9  H    2.567047   1.880700   1.283523   0.972009   1.944017
    10  H    3.850570   3.069875   2.567047   1.880700   2.704855
    11  H    4.850208   3.850570   3.596844   2.567047   3.069875
    12  H    5.959614   4.850208   4.751812   3.596844   3.850570
                    6          7          8          9         10
     6  H    0.000000
     7  H    1.283523   0.000000
     8  H    0.972009   1.283523   0.000000
     9  H    1.880700   2.567047   1.283523   0.000000
    10  H    1.944017   1.880700   0.972009   1.283523   0.000000
    11  H    1.880700   0.972009   1.283523   2.375906   1.283523
    12  H    2.567047   1.283523   2.375906   3.596844   2.567047
                   11         12
    11  H    0.000000
    12  H    1.283523   0.000000
 Stoichiometry    H12
 Framework group  C2H[SGH(H12)]
 Deg. of freedom    11
 Full point group                 C2H     NOp   4
 Largest Abelian subgroup         C2H     NOp   4
 Largest concise Abelian subgroup C2      NOp   2
                         Standard orientation:                         
 ---------------------------------------------------------------------
 Center     Atomic      Atomic             Coordinates (Angstroms)
 Number     Number       Type             X           Y           Z
 ---------------------------------------------------------------------
      1          1           0        0.899633    2.840759   -0.000000
      2          1           0        0.000000    1.925285   -0.000000
      3          1           0        0.899633    1.557235   -0.000000
      4          1           0        0.000000    0.641762   -0.000000
      5          1           0       -0.899633    1.009811   -0.000000
      6          1           0       -0.899633   -0.273712   -0.000000
      7          1           0       -0.899633   -1.557235    0.000000
      8          1           0       -0.000000   -0.641762   -0.000000
      9          1           0        0.899633    0.273712   -0.000000
     10          1           0        0.899633   -1.009811   -0.000000
     11          1           0       -0.000000   -1.925285   -0.000000
     12          1           0       -0.899633   -2.840759    0.000000
 ---------------------------------------------------------------------
 Rotational constants (GHZ):    103.5810498     15.1727309     13.2341673
 General basis read from cards:  (5D, 7F)
 There are     6 symmetry adapted cartesian basis functions of AG  symmetry.
 There are     0 symmetry adapted cartesian basis functions of BG  symmetry.
 There are     0 symmetry adapted cartesian basis functions of AU  symmetry.
 There are     6 symmetry adapted cartesian basis functions of BU  symmetry.
 There are     6 symmetry adapted basis functions of AG  symmetry.
 There are     0 symmetry adapted basis functions of BG  symmetry.
 There are     0 symmetry adapted basis functions of AU  symmetry.
 There are     6 symmetry adapted basis functions of BU  symmetry.
    12 basis functions,   120 primitive gaussians,    12 cartesian basis functions
     6 alpha electrons        6 beta electrons
       nuclear repulsion energy        18.6994106844 Hartrees.
 NAtoms=   12 NActive=   12 NUniq=    6 SFac= 4.00D+00 NAtFMM=   60 NAOKFM=F Big=F
 Integral buffers will be    131072 words long.
 Regular integral format.
 Two-electron integral symmetry is turned on.
 One-electron integrals computed using PRISM.
 NBasis=    12 RedAO= T EigKep=  1.69D-01  NBF=     6     0     0     6
 NBsUse=    12 1.00D-06 EigRej= -1.00D+00 NBFU=     6     0     0     6
 Initial guess from the checkpoint file:  "h12.chk"
 B after Tr=    -0.000000    0.000000    0.000000
         Rot=    0.986781   -0.000000   -0.000000   -0.162058 Ang= -18.65 deg.
 Initial guess orbital symmetries:
       Occupied  (AG) (BU) (BU) (AG) (AG) (AG)
       Virtual   (BU) (BU) (BU) (AG) (AG) (BU)
 Keep R1 ints in memory in symmetry-blocked form, NReq=901488.
 Requested convergence on RMS density matrix=1.00D-08 within 128 cycles.
 Requested convergence on MAX density matrix=1.00D-06.
 Requested convergence on             energy=1.00D-06.
 No special actions if energy rises.
 SCF Done:  E(RHF) =  -5.40618927995     A.U. after   17 cycles
            NFock= 17  Conv=0.42D-09     -V/T= 1.8147
 Range of M.O.s used for correlation:     1    12
 NBasis=    12 NAE=     6 NBE=     6 NFC=     0 NFV=     0
 NROrb=     12 NOA=     6 NOB=     6 NVA=     6 NVB=     6

 **** Warning!!: The smallest alpha delta epsilon is -0.95301613D-01

 Semi-Direct transformation.
 ModeAB=           4 MOrb=             6 LenV=     134086411
 LASXX=         2181 LTotXX=        2181 LenRXX=        5115
 LTotAB=        2934 MaxLAS=        3024 LenRXY=           0
 NonZer=        7296 LenScr=      655360 LnRSAI=        3024
 LnScr1=      655360 LExtra=           0 Total=      1318859
 MaxDsk=          -1 SrtSym=           T ITran=            3
 JobTyp=0 Pass  1:  I=   1 to   6.
 (rs|ai) integrals will be sorted in core.
 Spin components of T(2) and E(2):
     alpha-alpha T2 =       0.2992767580D-01 E2=     -0.2293737454D-01
     alpha-beta  T2 =       0.2208613513D+01 E2=     -0.3276709268D+00
     beta-beta   T2 =       0.2992767580D-01 E2=     -0.2293737454D-01
 ANorm=    0.1807890722D+01
 E2 =    -0.3735456759D+00 EUMP2 =    -0.57797349558171D+01
 Second order stability test of a single determinant RHF wave function:
 Stabil:  MDV=134217728
 ***********************************************************************
 Matrix         Lowest Root    Major Pairs
 ***********************************************************************
 Internal RHF    -0.199304     6A=7A 6A=8A 5A=7A 4A=7A
 RRHF --> CRHF   -0.2912       6A=7A
 RRHF --> RUHF   -0.623497     6A=7B 6A=8B 4A=7B 4A=8B
 Not stable.
 ***********************************************************************

 **********************************************************************

            Population analysis using the SCF density.

 **********************************************************************

 Orbital symmetries:
       Occupied  (AG) (BU) (BU) (AG) (AG) (AG)
       Virtual   (BU) (BU) (AG) (BU) (AG) (BU)
 The electronic state is 1-AG.
 Alpha  occ. eigenvalues --   -0.95883  -0.77310  -0.56364  -0.55172  -0.31780
 Alpha  occ. eigenvalues --   -0.08945
 Alpha virt. eigenvalues --   -0.18475   0.15563   0.25520   0.28250   0.51499
 Alpha virt. eigenvalues --    0.54281
          Condensed to atoms (all electrons):
               1          2          3          4          5          6
     1  H    1.444324  -0.214080  -0.236412   0.003796   0.007931   0.003247
     2  H   -0.214080   0.898065   0.290155  -0.013018   0.196308  -0.068591
     3  H   -0.236412   0.290155   1.198418  -0.037125  -0.181490  -0.016937
     4  H    0.003796  -0.013018  -0.037125   0.554460   0.164205   0.151657
     5  H    0.007931   0.196308  -0.181490   0.164205   1.199630  -0.055718
     6  H    0.003247  -0.068591  -0.016937   0.151657  -0.055718   0.905290
     7  H   -0.002117   0.005674   0.018243  -0.033422  -0.055762   0.149889
     8  H    0.000560  -0.037759  -0.033422   0.069477  -0.034388   0.095533
     9  H    0.026837  -0.123409   0.149889   0.095533  -0.181129   0.026291
    10  H    0.002472   0.010433  -0.055762  -0.034388   0.043178  -0.181129
    11  H   -0.001446   0.010241   0.005674  -0.037759   0.010433  -0.123409
    12  H    0.000593  -0.001446  -0.002117   0.000560   0.002472   0.026837
               7          8          9         10         11         12
     1  H   -0.002117   0.000560   0.026837   0.002472  -0.001446   0.000593
     2  H    0.005674  -0.037759  -0.123409   0.010433   0.010241  -0.001446
     3  H    0.018243  -0.033422   0.149889  -0.055762   0.005674  -0.002117
     4  H   -0.033422   0.069477   0.095533  -0.034388  -0.037759   0.000560
     5  H   -0.055762  -0.034388  -0.181129   0.043178   0.010433   0.002472
     6  H    0.149889   0.095533   0.026291  -0.181129  -0.123409   0.026837
     7  H    1.198418  -0.037125  -0.016937  -0.181490   0.290155  -0.236412
     8  H   -0.037125   0.554460   0.151657   0.164205  -0.013018   0.003796
     9  H   -0.016937   0.151657   0.905290  -0.055718  -0.068591   0.003247
    10  H   -0.181490   0.164205  -0.055718   1.199630   0.196308   0.007931
    11  H    0.290155  -0.013018  -0.068591   0.196308   0.898065  -0.214080
    12  H   -0.236412   0.003796   0.003247   0.007931  -0.214080   1.444324
 Mulliken charges:
               1
     1  H   -0.035704
     2  H    0.047427
     3  H   -0.099115
     4  H    0.116022
     5  H   -0.115669
     6  H    0.087039
     7  H   -0.099115
     8  H    0.116022
     9  H    0.087039
    10  H   -0.115669
    11  H    0.047427
    12  H   -0.035704
 Sum of Mulliken charges =   0.00000
 Mulliken charges with hydrogens summed into heavy atoms:
               1
 Electronic spatial extent (au):  <R**2>=            178.1989
 Charge=              0.0000 electrons
 Dipole moment (field-independent basis, Debye):
    X=             -0.0000    Y=             -0.0000    Z=              0.0000  Tot=              0.0000
 Quadrupole moment (field-independent basis, Debye-Ang):
   XX=            -19.1499   YY=            -23.4548   ZZ=            -15.0811
   XY=             -1.2092   XZ=              0.0000   YZ=              0.0000
 Traceless Quadrupole moment (field-independent basis, Debye-Ang):
   XX=              0.0787   YY=             -4.2262   ZZ=              4.1475
   XY=             -1.2092   XZ=              0.0000   YZ=              0.0000
 Octapole moment (field-independent basis, Debye-Ang**2):
  XXX=              0.0000  YYY=             -0.0000  ZZZ=              0.0000  XYY=             -0.0000
  XXY=             -0.0000  XXZ=              0.0000  XZZ=              0.0000  YZZ=             -0.0000
  YYZ=              0.0000  XYZ=             -0.0000
 Hexadecapole moment (field-independent basis, Debye-Ang**3):
 XXXX=            -78.6566 YYYY=           -354.7684 ZZZZ=            -17.8320 XXXY=            -28.5650
 XXXZ=              0.0000 YYYX=            -54.2259 YYYZ=              0.0000 ZZZX=              0.0000
 ZZZY=              0.0000 XXYY=            -73.1420 XXZZ=            -15.5869 YYZZ=            -47.9279
 XXYZ=              0.0000 YYXZ=              0.0000 ZZXY=             -8.4528
 N-N= 1.869941068438D+01 E-N=-4.833799266109D+01  KE= 6.635853560860D+00
 Symmetry AG   KE= 4.909376215505D+00
 Symmetry BG   KE= 0.000000000000D+00
 Symmetry AU   KE= 0.000000000000D+00
 Symmetry BU   KE= 1.726477345354D+00

 Test job not archived.
 1\1\GINC-SULU\Stability\RHF\Gen\H12\LCJ1\17-Feb-2017\0\\#rhf/gen scf(s
 ymm,tight,novaracc,noincfock,fulldiag) stable(crhf) guess=read geom=no
 crowd test\\hf stability analysis of h12 triangular lattice, y= 1.1879
 529318790409\\0,1\H\H,1,1.283523423\H,1,1.283523423,2,44.5\H,2,1.28352
 3423,1,135.5,3,0.,0\H,2,1.283523423,1,180.,3,0.,0\H,4,1.283523423,3,18
 0.,5,0.,0\H,6,1.283523423,5,180.,3,0.,0\H,4,1.283523423,2,180.,3,0.,0\
 H,3,1.283523423,1,180.,4,0.,0\H,9,1.283523423,3,180.,4,0.,0\H,8,1.2835
 23423,4,180.,3,0.,0\H,7,1.283523423,6,180.,3,0.,0\\Version=ES64L-G09Re
 vE.01\State=1-AG\HF=-5.4061893\MP2=-5.779735\RMSD=4.193e-10\Dipole=0.,
 0.,0.\Quadrupole=-0.6149725,3.0835436,-2.4685711,0.,-1.5843612,0.\PG=C
 02H [SGH(H12)]\\@


 IT IS NOT EASY TO DESCRIBE
     THE SEA WITH THE MOUTH

                   -- KOKYU
 Job cpu time:       0 days  0 hours  0 minutes  1.1 seconds.
 File lengths (MBytes):  RWF=     84 Int=      0 D2E=      0 Chk=      2 Scr=      2
 Normal termination of Gaussian 09 at Fri Feb 17 15:06:56 2017.
