 Entering Gaussian System, Link 0=g09
 AtFile(1): H.gbs
            H     0
            S   10   1.00
               1000.000000000000            0.000068713567
                316.227766000000            0.000169141320
                100.000000000000            0.000823394812
                 31.622776600000            0.003425569236
                 10.000000000000            0.013951996000
                  3.162277660000            0.056909313560
                  1.000000000000            0.198286399900
                  0.316227766000            0.496922426700
                  0.100000000000            0.369846276400
                  0.031622776600            0.003752720039
            ****
 Initial command:
 /projects/guscus/apps/gau/g09-e1/g09/l1.exe "/users/lcj1/gaussian/h12/rhfstability/rect/guess/ag4bu2/Gau-30018.inp" -scrdir="/users/lcj1/gaussian/h12/rhfstability/rect/guess/ag4bu2/"
 Entering Link 1 = /projects/guscus/apps/gau/g09-e1/g09/l1.exe PID=     30019.
  
 Copyright (c) 1988,1990,1992,1993,1995,1998,2003,2009,2015,
            Gaussian, Inc.  All Rights Reserved.
  
 This is part of the Gaussian(R) 09 program.  It is based on
 the Gaussian(R) 03 system (copyright 2003, Gaussian, Inc.),
 the Gaussian(R) 98 system (copyright 1998, Gaussian, Inc.),
 the Gaussian(R) 94 system (copyright 1995, Gaussian, Inc.),
 the Gaussian 92(TM) system (copyright 1992, Gaussian, Inc.),
 the Gaussian 90(TM) system (copyright 1990, Gaussian, Inc.),
 the Gaussian 88(TM) system (copyright 1988, Gaussian, Inc.),
 the Gaussian 86(TM) system (copyright 1986, Carnegie Mellon
 University), and the Gaussian 82(TM) system (copyright 1983,
 Carnegie Mellon University). Gaussian is a federally registered
 trademark of Gaussian, Inc.
  
 This software contains proprietary and confidential information,
 including trade secrets, belonging to Gaussian, Inc.
  
 This software is provided under written license and may be
 used, copied, transmitted, or stored only in accord with that
 written license.
  
 The following legend is applicable only to US Government
 contracts under FAR:
  
                    RESTRICTED RIGHTS LEGEND
  
 Use, reproduction and disclosure by the US Government is
 subject to restrictions as set forth in subparagraphs (a)
 and (c) of the Commercial Computer Software - Restricted
 Rights clause in FAR 52.227-19.
  
 Gaussian, Inc.
 340 Quinnipiac St., Bldg. 40, Wallingford CT 06492
  
  
 ---------------------------------------------------------------
 Warning -- This program may not be used in any manner that
 competes with the business of Gaussian, Inc. or will provide
 assistance to any competitor of Gaussian, Inc.  The licensee
 of this program is prohibited from giving any competitor of
 Gaussian, Inc. access to this program.  By using this program,
 the user acknowledges that Gaussian, Inc. is engaged in the
 business of creating and licensing software in the field of
 computational chemistry and represents and warrants to the
 licensee that it is not a competitor of Gaussian, Inc. and that
 it will not use this program in any manner prohibited above.
 ---------------------------------------------------------------
  

 Cite this work as:
 Gaussian 09, Revision E.01,
 M. J. Frisch, G. W. Trucks, H. B. Schlegel, G. E. Scuseria, 
 M. A. Robb, J. R. Cheeseman, G. Scalmani, V. Barone, B. Mennucci, 
 G. A. Petersson, H. Nakatsuji, M. Caricato, X. Li, H. P. Hratchian, 
 A. F. Izmaylov, J. Bloino, G. Zheng, J. L. Sonnenberg, M. Hada, 
 M. Ehara, K. Toyota, R. Fukuda, J. Hasegawa, M. Ishida, T. Nakajima, 
 Y. Honda, O. Kitao, H. Nakai, T. Vreven, J. A. Montgomery, Jr., 
 J. E. Peralta, F. Ogliaro, M. Bearpark, J. J. Heyd, E. Brothers, 
 K. N. Kudin, V. N. Staroverov, T. Keith, R. Kobayashi, J. Normand, 
 K. Raghavachari, A. Rendell, J. C. Burant, S. S. Iyengar, J. Tomasi, 
 M. Cossi, N. Rega, J. M. Millam, M. Klene, J. E. Knox, J. B. Cross, 
 V. Bakken, C. Adamo, J. Jaramillo, R. Gomperts, R. E. Stratmann, 
 O. Yazyev, A. J. Austin, R. Cammi, C. Pomelli, J. W. Ochterski, 
 R. L. Martin, K. Morokuma, V. G. Zakrzewski, G. A. Voth, 
 P. Salvador, J. J. Dannenberg, S. Dapprich, A. D. Daniels, 
 O. Farkas, J. B. Foresman, J. V. Ortiz, J. Cioslowski, 
 and D. J. Fox, Gaussian, Inc., Wallingford CT, 2013.
 
 ******************************************
 Gaussian 09:  ES64L-G09RevE.01 30-Nov-2015
                17-Feb-2017 
 ******************************************
 %chk=h12.chk
 ----------------------------------------------------------------------
 #rhf/gen scf(symm,tight,novaracc,noincfock,fulldiag) stable(crhf) gues
 s=read geom=nocrowd test
 ----------------------------------------------------------------------
 1/38=1/1;
 2/12=1,17=6,18=5,40=1/2;
 3/5=7,16=1,25=1,30=1,116=1/1,2,3;
 4/5=1,9=4/1;
 5/5=100002,15=2,16=1,32=2,38=6/2;
 8/6=1,10=90,11=11/1,4;
 9/8=4,13=1/2;
 6/7=2,8=2,9=2,10=2,28=1/1;
 99/5=1,9=1/99;
 ----------------------------------------------------------------------
 hf stability analysis of h12 triangular lattice, y= 0.7800001708434697
 3
 ----------------------------------------------------------------------
 Symbolic Z-matrix:
 Charge =  0 Multiplicity = 1
 H
 H                    1     1.07531 
 H                    1     1.07531  2     87. 
 H                    2     1.07531  1     93.      3     0.       0
 H                    2     1.07531  1     180.     3     0.       0
 H                    4     1.07531  3     180.     5     0.       0
 H                    6     1.07531  5     180.     3     0.       0
 H                    4     1.07531  2     180.     3     0.       0
 H                    3     1.07531  1     180.     4     0.       0
 H                    9     1.07531  3     180.     4     0.       0
 H                    8     1.07531  4     180.     3     0.       0
 H                    7     1.07531  6     180.     3     0.       0
 
                          Input orientation:                          
 ---------------------------------------------------------------------
 Center     Atomic      Atomic             Coordinates (Angstroms)
 Number     Number       Type             X           Y           Z
 ---------------------------------------------------------------------
      1          1           0        0.000000    0.000000    0.000000
      2          1           0        0.000000    0.000000    1.075307
      3          1           0        1.073833    0.000000    0.056277
      4          1           0        1.073833    0.000000    1.131584
      5          1           0        0.000000    0.000000    2.150614
      6          1           0        1.073833    0.000000    2.206891
      7          1           0        2.147667    0.000000    2.263168
      8          1           0        2.147667    0.000000    1.187861
      9          1           0        2.147667    0.000000    0.112554
     10          1           0        3.221500    0.000000    0.168832
     11          1           0        3.221500    0.000000    1.244139
     12          1           0        3.221500    0.000000    2.319446
 ---------------------------------------------------------------------
                    Distance matrix (angstroms):
                    1          2          3          4          5
     1  H    0.000000
     2  H    1.075307   0.000000
     3  H    1.075307   1.480385   0.000000
     4  H    1.560000   1.075307   1.075307   0.000000
     5  H    2.150614   1.075307   2.353586   1.480385   0.000000
     6  H    2.454279   1.560000   2.150614   1.075307   1.075307
     7  H    3.120001   2.454279   2.454279   1.560000   2.150614
     8  H    2.454279   2.150614   1.560000   1.075307   2.353586
     9  H    2.150614   2.353586   1.075307   1.480385   2.960770
    10  H    3.225921   3.346604   2.150614   2.353586   3.782264
    11  H    3.453396   3.225921   2.454279   2.150614   3.346604
    12  H    3.969621   3.453396   3.120001   2.454279   3.225921
                    6          7          8          9         10
     6  H    0.000000
     7  H    1.075307   0.000000
     8  H    1.480385   1.075307   0.000000
     9  H    2.353586   2.150614   1.075307   0.000000
    10  H    2.960770   2.353586   1.480385   1.075307   0.000000
    11  H    2.353586   1.480385   1.075307   1.560000   1.075307
    12  H    2.150614   1.075307   1.560000   2.454279   2.150614
                   11         12
    11  H    0.000000
    12  H    1.075307   0.000000
 Stoichiometry    H12
 Framework group  C2H[SGH(H12)]
 Deg. of freedom    11
 Full point group                 C2H     NOp   4
 Largest Abelian subgroup         C2H     NOp   4
 Largest concise Abelian subgroup C2      NOp   2
                         Standard orientation:                         
 ---------------------------------------------------------------------
 Center     Atomic      Atomic             Coordinates (Angstroms)
 Number     Number       Type             X           Y           Z
 ---------------------------------------------------------------------
      1          1           0        1.073833    1.669238   -0.000000
      2          1           0        0.000000    1.612961   -0.000000
      3          1           0        1.073833    0.593931    0.000000
      4          1           0        0.000000    0.537654   -0.000000
      5          1           0       -1.073833    1.556683   -0.000000
      6          1           0       -1.073833    0.481376   -0.000000
      7          1           0       -1.073833   -0.593931    0.000000
      8          1           0       -0.000000   -0.537654   -0.000000
      9          1           0        1.073833   -0.481376   -0.000000
     10          1           0        1.073833   -1.556683   -0.000000
     11          1           0       -0.000000   -1.612961   -0.000000
     12          1           0       -1.073833   -1.669238    0.000000
 ---------------------------------------------------------------------
 Rotational constants (GHZ):     54.5276383     28.8222203     18.8555521
 General basis read from cards:  (5D, 7F)
 There are     6 symmetry adapted cartesian basis functions of AG  symmetry.
 There are     0 symmetry adapted cartesian basis functions of BG  symmetry.
 There are     0 symmetry adapted cartesian basis functions of AU  symmetry.
 There are     6 symmetry adapted cartesian basis functions of BU  symmetry.
 There are     6 symmetry adapted basis functions of AG  symmetry.
 There are     0 symmetry adapted basis functions of BG  symmetry.
 There are     0 symmetry adapted basis functions of AU  symmetry.
 There are     6 symmetry adapted basis functions of BU  symmetry.
    12 basis functions,   120 primitive gaussians,    12 cartesian basis functions
     6 alpha electrons        6 beta electrons
       nuclear repulsion energy        20.1745269290 Hartrees.
 NAtoms=   12 NActive=   12 NUniq=    6 SFac= 4.00D+00 NAtFMM=   60 NAOKFM=F Big=F
 Integral buffers will be    131072 words long.
 Regular integral format.
 Two-electron integral symmetry is turned on.
 One-electron integrals computed using PRISM.
 NBasis=    12 RedAO= T EigKep=  1.08D-01  NBF=     6     0     0     6
 NBsUse=    12 1.00D-06 EigRej= -1.00D+00 NBFU=     6     0     0     6
 Initial guess from the checkpoint file:  "h12.chk"
 B after Tr=    -0.000000    0.000000   -0.000000
         Rot=    0.999224   -0.000000    0.000000   -0.039382 Ang=  -4.51 deg.
 Initial guess orbital symmetries:
       Occupied  (AG) (BU) (BU) (AG) (AG) (AG)
       Virtual   (BU) (BU) (BU) (AG) (AG) (BU)
 Keep R1 ints in memory in symmetry-blocked form, NReq=903924.
 Requested convergence on RMS density matrix=1.00D-08 within 128 cycles.
 Requested convergence on MAX density matrix=1.00D-06.
 Requested convergence on             energy=1.00D-06.
 No special actions if energy rises.
 SCF Done:  E(RHF) =  -5.85558679804     A.U. after    8 cycles
            NFock=  8  Conv=0.87D-08     -V/T= 1.9138
 Range of M.O.s used for correlation:     1    12
 NBasis=    12 NAE=     6 NBE=     6 NFC=     0 NFV=     0
 NROrb=     12 NOA=     6 NOB=     6 NVA=     6 NVB=     6
 Semi-Direct transformation.
 ModeAB=           4 MOrb=             6 LenV=     134084409
 LASXX=         2181 LTotXX=        2181 LenRXX=        5115
 LTotAB=        2934 MaxLAS=        3024 LenRXY=           0
 NonZer=        7296 LenScr=      655360 LnRSAI=        3024
 LnScr1=      655360 LExtra=           0 Total=      1318859
 MaxDsk=          -1 SrtSym=           T ITran=            3
 JobTyp=0 Pass  1:  I=   1 to   6.
 (rs|ai) integrals will be sorted in core.
 Spin components of T(2) and E(2):
     alpha-alpha T2 =       0.1110937503D-01 E2=     -0.1373741146D-01
     alpha-beta  T2 =       0.7901286563D-01 E2=     -0.1105014907D+00
     beta-beta   T2 =       0.1110937503D-01 E2=     -0.1373741146D-01
 ANorm=    0.1049395834D+01
 E2 =    -0.1379763136D+00 EUMP2 =    -0.59935631116438D+01
 Second order stability test of a single determinant RHF wave function:
 Stabil:  MDV=134217728
 ***********************************************************************
 Matrix         Lowest Root    Major Pairs
 ***********************************************************************
 Internal RHF     0.0799485    Stable
 RRHF --> CRHF    0.0549307    Stable


 RRHF --> RUHF   -0.0702772    6A=8B 6A=9B 4A=7B 5A=7B 4A=9B 5A=9B 6A=7B 3A=10B 2
 A=11B 1A=12B 2A=10B 3A=11B 1A=9B
 Not stable.
 ***********************************************************************

 **********************************************************************

            Population analysis using the SCF density.

 **********************************************************************

 Orbital symmetries:
       Occupied  (AG) (BU) (BU) (AG) (AG) (AG)
       Virtual   (BU) (BU) (BU) (AG) (AG) (BU)
 The electronic state is 1-AG.
 Alpha  occ. eigenvalues --   -0.93745  -0.75477  -0.66430  -0.46742  -0.44383
 Alpha  occ. eigenvalues --   -0.26971
 Alpha virt. eigenvalues --    0.05928   0.18487   0.19057   0.51690   0.57568
 Alpha virt. eigenvalues --    1.00288
          Condensed to atoms (all electrons):
               1          2          3          4          5          6
     1  H    0.686557   0.146728   0.304848  -0.124321  -0.019755  -0.027193
     2  H    0.146728   0.963798  -0.144505   0.186325   0.149756  -0.137881
     3  H    0.304848  -0.144505   0.955628  -0.214097  -0.034106   0.023221
     4  H   -0.124321   0.186325  -0.214097   1.374112  -0.151235  -0.223831
     5  H   -0.019755   0.149756  -0.034106  -0.151235   0.761432   0.315151
     6  H   -0.027193  -0.137881   0.023221  -0.223831   0.315151   0.961850
     7  H    0.009662  -0.065531   0.054504  -0.168172  -0.010628   0.303401
     8  H   -0.060300   0.010135  -0.168172   0.694038  -0.075803  -0.193928
     9  H   -0.008565  -0.077672   0.303401  -0.193928   0.012242   0.062721
    10  H   -0.003291   0.001313  -0.010628  -0.075803   0.009020   0.012242
    11  H    0.001271   0.023929  -0.065531   0.010135   0.001313  -0.077672
    12  H    0.005932   0.001271   0.009662  -0.060300  -0.003291  -0.008565
               7          8          9         10         11         12
     1  H    0.009662  -0.060300  -0.008565  -0.003291   0.001271   0.005932
     2  H   -0.065531   0.010135  -0.077672   0.001313   0.023929   0.001271
     3  H    0.054504  -0.168172   0.303401  -0.010628  -0.065531   0.009662
     4  H   -0.168172   0.694038  -0.193928  -0.075803   0.010135  -0.060300
     5  H   -0.010628  -0.075803   0.012242   0.009020   0.001313  -0.003291
     6  H    0.303401  -0.193928   0.062721   0.012242  -0.077672  -0.008565
     7  H    0.955628  -0.214097   0.023221  -0.034106  -0.144505   0.304848
     8  H   -0.214097   1.374112  -0.223831  -0.151235   0.186325  -0.124321
     9  H    0.023221  -0.223831   0.961850   0.315151  -0.137881  -0.027193
    10  H   -0.034106  -0.151235   0.315151   0.761432   0.149756  -0.019755
    11  H   -0.144505   0.186325  -0.137881   0.149756   0.963798   0.146728
    12  H    0.304848  -0.124321  -0.027193  -0.019755   0.146728   0.686557
 Mulliken charges:
               1
     1  H    0.088426
     2  H   -0.057667
     3  H   -0.014225
     4  H   -0.052922
     5  H    0.045905
     6  H   -0.009516
     7  H   -0.014225
     8  H   -0.052922
     9  H   -0.009516
    10  H    0.045905
    11  H   -0.057667
    12  H    0.088426
 Sum of Mulliken charges =  -0.00000
 Mulliken charges with hydrogens summed into heavy atoms:
               1
 Electronic spatial extent (au):  <R**2>=            131.8116
 Charge=             -0.0000 electrons
 Dipole moment (field-independent basis, Debye):
    X=              0.0000    Y=              0.0000    Z=             -0.0000  Tot=              0.0000
 Quadrupole moment (field-independent basis, Debye-Ang):
   XX=            -19.3553   YY=            -14.9996   ZZ=            -15.1970
   XY=              0.9060   XZ=              0.0000   YZ=             -0.0000
 Traceless Quadrupole moment (field-independent basis, Debye-Ang):
   XX=             -2.8380   YY=              1.5177   ZZ=              1.3203
   XY=              0.9060   XZ=              0.0000   YZ=             -0.0000
 Octapole moment (field-independent basis, Debye-Ang**2):
  XXX=              0.0000  YYY=             -0.0000  ZZZ=              0.0000  XYY=             -0.0000
  XXY=             -0.0000  XXZ=              0.0000  XZZ=              0.0000  YZZ=             -0.0000
  YYZ=              0.0000  XYZ=             -0.0000
 Hexadecapole moment (field-independent basis, Debye-Ang**3):
 XXXX=           -111.6039 YYYY=           -157.6140 ZZZZ=            -18.0268 XXXY=             -0.3202
 XXXZ=              0.0000 YYYX=              2.0018 YYYZ=             -0.0000 ZZZX=              0.0000
 ZZZY=             -0.0000 XXYY=            -41.8678 XXZZ=            -19.9212 YYZZ=            -29.2426
 XXYZ=             -0.0000 YYXZ=              0.0000 ZZXY=             -0.4234
 N-N= 2.017452692895D+01 E-N=-5.139318155399D+01  KE= 6.407921541486D+00
 Symmetry AG   KE= 4.856840234461D+00
 Symmetry BG   KE= 0.000000000000D+00
 Symmetry AU   KE= 0.000000000000D+00
 Symmetry BU   KE= 1.551081307025D+00

 Test job not archived.
 1\1\GINC-SULU\Stability\RHF\Gen\H12\LCJ1\17-Feb-2017\0\\#rhf/gen scf(s
 ymm,tight,novaracc,noincfock,fulldiag) stable(crhf) guess=read geom=no
 crowd test\\hf stability analysis of h12 triangular lattice, y= 0.7800
 0017084346973\\0,1\H\H,1,1.0753070212\H,1,1.0753070212,2,87.\H,2,1.075
 3070212,1,93.,3,0.,0\H,2,1.0753070212,1,180.,3,0.,0\H,4,1.0753070212,3
 ,180.,5,0.,0\H,6,1.0753070212,5,180.,3,0.,0\H,4,1.0753070212,2,180.,3,
 0.,0\H,3,1.0753070212,1,180.,4,0.,0\H,9,1.0753070212,3,180.,4,0.,0\H,8
 ,1.0753070212,4,180.,3,0.,0\H,7,1.0753070212,6,180.,3,0.,0\\Version=ES
 64L-G09RevE.01\State=1-AG\HF=-5.8555868\MP2=-5.9935631\RMSD=8.733e-09\
 Dipole=0.,0.,0.\Quadrupole=1.0491046,0.9815913,-2.0306959,0.,0.8391209
 ,0.\PG=C02H [SGH(H12)]\\@


 A leading authority is anyone who has guessed right more than once.
 -- Frank A. Clark
 Job cpu time:       0 days  0 hours  0 minutes  1.1 seconds.
 File lengths (MBytes):  RWF=     84 Int=      0 D2E=      0 Chk=      2 Scr=      2
 Normal termination of Gaussian 09 at Fri Feb 17 15:02:29 2017.
