 Entering Gaussian System, Link 0=g09
 AtFile(1): H.gbs
            H     0
            S   10   1.00
               1000.000000000000            0.000068713567
                316.227766000000            0.000169141320
                100.000000000000            0.000823394812
                 31.622776600000            0.003425569236
                 10.000000000000            0.013951996000
                  3.162277660000            0.056909313560
                  1.000000000000            0.198286399900
                  0.316227766000            0.496922426700
                  0.100000000000            0.369846276400
                  0.031622776600            0.003752720039
            ****
 Initial command:
 /projects/guscus/apps/gau/g09-e1/g09/l1.exe "/users/lcj1/gaussian/h12/rhfstability/rect/guess/ag4bu2/Gau-29159.inp" -scrdir="/users/lcj1/gaussian/h12/rhfstability/rect/guess/ag4bu2/"
 Entering Link 1 = /projects/guscus/apps/gau/g09-e1/g09/l1.exe PID=     29160.
  
 Copyright (c) 1988,1990,1992,1993,1995,1998,2003,2009,2015,
            Gaussian, Inc.  All Rights Reserved.
  
 This is part of the Gaussian(R) 09 program.  It is based on
 the Gaussian(R) 03 system (copyright 2003, Gaussian, Inc.),
 the Gaussian(R) 98 system (copyright 1998, Gaussian, Inc.),
 the Gaussian(R) 94 system (copyright 1995, Gaussian, Inc.),
 the Gaussian 92(TM) system (copyright 1992, Gaussian, Inc.),
 the Gaussian 90(TM) system (copyright 1990, Gaussian, Inc.),
 the Gaussian 88(TM) system (copyright 1988, Gaussian, Inc.),
 the Gaussian 86(TM) system (copyright 1986, Carnegie Mellon
 University), and the Gaussian 82(TM) system (copyright 1983,
 Carnegie Mellon University). Gaussian is a federally registered
 trademark of Gaussian, Inc.
  
 This software contains proprietary and confidential information,
 including trade secrets, belonging to Gaussian, Inc.
  
 This software is provided under written license and may be
 used, copied, transmitted, or stored only in accord with that
 written license.
  
 The following legend is applicable only to US Government
 contracts under FAR:
  
                    RESTRICTED RIGHTS LEGEND
  
 Use, reproduction and disclosure by the US Government is
 subject to restrictions as set forth in subparagraphs (a)
 and (c) of the Commercial Computer Software - Restricted
 Rights clause in FAR 52.227-19.
  
 Gaussian, Inc.
 340 Quinnipiac St., Bldg. 40, Wallingford CT 06492
  
  
 ---------------------------------------------------------------
 Warning -- This program may not be used in any manner that
 competes with the business of Gaussian, Inc. or will provide
 assistance to any competitor of Gaussian, Inc.  The licensee
 of this program is prohibited from giving any competitor of
 Gaussian, Inc. access to this program.  By using this program,
 the user acknowledges that Gaussian, Inc. is engaged in the
 business of creating and licensing software in the field of
 computational chemistry and represents and warrants to the
 licensee that it is not a competitor of Gaussian, Inc. and that
 it will not use this program in any manner prohibited above.
 ---------------------------------------------------------------
  

 Cite this work as:
 Gaussian 09, Revision E.01,
 M. J. Frisch, G. W. Trucks, H. B. Schlegel, G. E. Scuseria, 
 M. A. Robb, J. R. Cheeseman, G. Scalmani, V. Barone, B. Mennucci, 
 G. A. Petersson, H. Nakatsuji, M. Caricato, X. Li, H. P. Hratchian, 
 A. F. Izmaylov, J. Bloino, G. Zheng, J. L. Sonnenberg, M. Hada, 
 M. Ehara, K. Toyota, R. Fukuda, J. Hasegawa, M. Ishida, T. Nakajima, 
 Y. Honda, O. Kitao, H. Nakai, T. Vreven, J. A. Montgomery, Jr., 
 J. E. Peralta, F. Ogliaro, M. Bearpark, J. J. Heyd, E. Brothers, 
 K. N. Kudin, V. N. Staroverov, T. Keith, R. Kobayashi, J. Normand, 
 K. Raghavachari, A. Rendell, J. C. Burant, S. S. Iyengar, J. Tomasi, 
 M. Cossi, N. Rega, J. M. Millam, M. Klene, J. E. Knox, J. B. Cross, 
 V. Bakken, C. Adamo, J. Jaramillo, R. Gomperts, R. E. Stratmann, 
 O. Yazyev, A. J. Austin, R. Cammi, C. Pomelli, J. W. Ochterski, 
 R. L. Martin, K. Morokuma, V. G. Zakrzewski, G. A. Voth, 
 P. Salvador, J. J. Dannenberg, S. Dapprich, A. D. Daniels, 
 O. Farkas, J. B. Foresman, J. V. Ortiz, J. Cioslowski, 
 and D. J. Fox, Gaussian, Inc., Wallingford CT, 2013.
 
 ******************************************
 Gaussian 09:  ES64L-G09RevE.01 30-Nov-2015
                17-Feb-2017 
 ******************************************
 %chk=h12.chk
 ----------------------------------------------------------------------
 #rhf/gen scf(symm,tight,novaracc,noincfock,fulldiag) stable(crhf) gues
 s=read geom=nocrowd test
 ----------------------------------------------------------------------
 1/38=1/1;
 2/12=1,17=6,18=5,40=1/2;
 3/5=7,16=1,25=1,30=1,116=1/1,2,3;
 4/5=1,9=4/1;
 5/5=100002,15=2,16=1,32=2,38=6/2;
 8/6=1,10=90,11=11/1,4;
 9/8=4,13=1/2;
 6/7=2,8=2,9=2,10=2,28=1/1;
 99/5=1,9=1/99;
 ----------------------------------------------------------------------
 hf stability analysis of h12 triangular lattice, y= 0.7565274741654608
 4
 ----------------------------------------------------------------------
 Symbolic Z-matrix:
 Charge =  0 Multiplicity = 1
 H
 H                    1     1.07459 
 H                    1     1.07459  2     90.5 
 H                    2     1.07459  1     89.5     3     0.       0
 H                    2     1.07459  1     180.     3     0.       0
 H                    4     1.07459  3     180.     5     0.       0
 H                    6     1.07459  5     180.     3     0.       0
 H                    4     1.07459  2     180.     3     0.       0
 H                    3     1.07459  1     180.     4     0.       0
 H                    9     1.07459  3     180.     4     0.       0
 H                    8     1.07459  4     180.     3     0.       0
 H                    7     1.07459  6     180.     3     0.       0
 
                          Input orientation:                          
 ---------------------------------------------------------------------
 Center     Atomic      Atomic             Coordinates (Angstroms)
 Number     Number       Type             X           Y           Z
 ---------------------------------------------------------------------
      1          1           0        0.000000    0.000000    0.000000
      2          1           0        0.000000    0.000000    1.074590
      3          1           0        1.074549    0.000000   -0.009377
      4          1           0        1.074549    0.000000    1.065213
      5          1           0        0.000000    0.000000    2.149181
      6          1           0        1.074549    0.000000    2.139803
      7          1           0        2.149099    0.000000    2.130426
      8          1           0        2.149099    0.000000    1.055835
      9          1           0        2.149099    0.000000   -0.018755
     10          1           0        3.223648    0.000000   -0.028132
     11          1           0        3.223648    0.000000    1.046458
     12          1           0        3.223648    0.000000    2.121048
 ---------------------------------------------------------------------
                    Distance matrix (angstroms):
                    1          2          3          4          5
     1  H    0.000000
     2  H    1.074590   0.000000
     3  H    1.074590   1.526317   0.000000
     4  H    1.513055   1.074590   1.074590   0.000000
     5  H    2.149181   1.074590   2.411230   1.526317   0.000000
     6  H    2.394455   1.513055   2.149181   1.074590   1.074590
     7  H    3.026110   2.394455   2.394455   1.513055   2.149181
     8  H    2.394455   2.149181   1.513055   1.074590   2.411230
     9  H    2.149181   2.411230   1.074590   1.526317   3.052634
    10  H    3.223771   3.407038   2.149181   2.411230   3.890064
    11  H    3.389245   3.223771   2.394455   2.149181   3.407038
    12  H    3.858854   3.389245   3.026110   2.394455   3.223771
                    6          7          8          9         10
     6  H    0.000000
     7  H    1.074590   0.000000
     8  H    1.526317   1.074590   0.000000
     9  H    2.411230   2.149181   1.074590   0.000000
    10  H    3.052634   2.411230   1.526317   1.074590   0.000000
    11  H    2.411230   1.526317   1.074590   1.513055   1.074590
    12  H    2.149181   1.074590   1.513055   2.394455   2.149181
                   11         12
    11  H    0.000000
    12  H    1.074590   0.000000
 Stoichiometry    H12
 Framework group  C2H[SGH(H12)]
 Deg. of freedom    11
 Full point group                 C2H     NOp   4
 Largest Abelian subgroup         C2H     NOp   4
 Largest concise Abelian subgroup C2      NOp   2
                         Standard orientation:                         
 ---------------------------------------------------------------------
 Center     Atomic      Atomic             Coordinates (Angstroms)
 Number     Number       Type             X           Y           Z
 ---------------------------------------------------------------------
      1          1           0        1.074549    1.602508    0.000000
      2          1           0        0.000000    1.611886   -0.000000
      3          1           0        1.074549    0.527918    0.000000
      4          1           0        0.000000    0.537295   -0.000000
      5          1           0       -1.074549    1.621263   -0.000000
      6          1           0       -1.074549    0.546673   -0.000000
      7          1           0       -1.074549   -0.527918    0.000000
      8          1           0       -0.000000   -0.537295   -0.000000
      9          1           0        1.074549   -0.546673   -0.000000
     10          1           0        1.074549   -1.621263   -0.000000
     11          1           0       -0.000000   -1.611886   -0.000000
     12          1           0       -1.074549   -1.602508    0.000000
 ---------------------------------------------------------------------
 Rotational constants (GHZ):     54.2908978     28.9479024     18.8807096
 General basis read from cards:  (5D, 7F)
 There are     6 symmetry adapted cartesian basis functions of AG  symmetry.
 There are     0 symmetry adapted cartesian basis functions of BG  symmetry.
 There are     0 symmetry adapted cartesian basis functions of AU  symmetry.
 There are     6 symmetry adapted cartesian basis functions of BU  symmetry.
 There are     6 symmetry adapted basis functions of AG  symmetry.
 There are     0 symmetry adapted basis functions of BG  symmetry.
 There are     0 symmetry adapted basis functions of AU  symmetry.
 There are     6 symmetry adapted basis functions of BU  symmetry.
    12 basis functions,   120 primitive gaussians,    12 cartesian basis functions
     6 alpha electrons        6 beta electrons
       nuclear repulsion energy        20.1806730019 Hartrees.
 NAtoms=   12 NActive=   12 NUniq=    6 SFac= 4.00D+00 NAtFMM=   60 NAOKFM=F Big=F
 Integral buffers will be    131072 words long.
 Regular integral format.
 Two-electron integral symmetry is turned on.
 One-electron integrals computed using PRISM.
 NBasis=    12 RedAO= T EigKep=  1.07D-01  NBF=     6     0     0     6
 NBsUse=    12 1.00D-06 EigRej= -1.00D+00 NBFU=     6     0     0     6
 Initial guess from the checkpoint file:  "h12.chk"
 B after Tr=    -0.000000    0.000000   -0.000000
         Rot=    0.999585   -0.000000   -0.000000   -0.028806 Ang=  -3.30 deg.
 Initial guess orbital symmetries:
       Occupied  (AG) (BU) (BU) (AG) (AG) (AG)
       Virtual   (BU) (BU) (BU) (AG) (AG) (BU)
 Keep R1 ints in memory in symmetry-blocked form, NReq=903574.
 Requested convergence on RMS density matrix=1.00D-08 within 128 cycles.
 Requested convergence on MAX density matrix=1.00D-06.
 Requested convergence on             energy=1.00D-06.
 No special actions if energy rises.
 SCF Done:  E(RHF) =  -5.85796790530     A.U. after    8 cycles
            NFock=  8  Conv=0.45D-08     -V/T= 1.9144
 Range of M.O.s used for correlation:     1    12
 NBasis=    12 NAE=     6 NBE=     6 NFC=     0 NFV=     0
 NROrb=     12 NOA=     6 NOB=     6 NVA=     6 NVB=     6
 Semi-Direct transformation.
 ModeAB=           4 MOrb=             6 LenV=     134084213
 LASXX=         2181 LTotXX=        2181 LenRXX=        5115
 LTotAB=        2934 MaxLAS=        3024 LenRXY=           0
 NonZer=        7296 LenScr=      655360 LnRSAI=        3024
 LnScr1=      655360 LExtra=           0 Total=      1318859
 MaxDsk=          -1 SrtSym=           T ITran=            3
 JobTyp=0 Pass  1:  I=   1 to   6.
 (rs|ai) integrals will be sorted in core.
 Spin components of T(2) and E(2):
     alpha-alpha T2 =       0.1110430547D-01 E2=     -0.1373506415D-01
     alpha-beta  T2 =       0.7886079183D-01 E2=     -0.1103949770D+00
     beta-beta   T2 =       0.1110430547D-01 E2=     -0.1373506415D-01
 ANorm=    0.1049318542D+01
 E2 =    -0.1378651053D+00 EUMP2 =    -0.59958330105681D+01
 Second order stability test of a single determinant RHF wave function:
 Stabil:  MDV=134217728
 ***********************************************************************
 Matrix         Lowest Root    Major Pairs
 ***********************************************************************
 Internal RHF     0.0847754    Stable
 RRHF --> CRHF    0.0614225    Stable

 RRHF --> RUHF   -0.0690184    6A=8B 5A=7B 4A=9B 3A=10B 4A=8B 2A=11B 1A=12B 4A=7B
  1A=8B
 Not stable.
 ***********************************************************************

 **********************************************************************

            Population analysis using the SCF density.

 **********************************************************************

 Orbital symmetries:
       Occupied  (AG) (BU) (BU) (AG) (AG) (AG)
       Virtual   (BU) (BU) (BU) (AG) (AG) (BU)
 The electronic state is 1-AG.
 Alpha  occ. eigenvalues --   -0.93786  -0.75463  -0.66531  -0.46059  -0.45103
 Alpha  occ. eigenvalues --   -0.27106
 Alpha virt. eigenvalues --    0.06347   0.18252   0.18746   0.53230   0.56267
 Alpha virt. eigenvalues --    1.00851
          Condensed to atoms (all electrons):
               1          2          3          4          5          6
     1  H    0.728974   0.148752   0.310885  -0.139283  -0.019841  -0.031132
     2  H    0.148752   0.963266  -0.140589   0.185913   0.148247  -0.141692
     3  H    0.310885  -0.140589   0.958763  -0.219649  -0.029980   0.023169
     4  H   -0.139283   0.185913  -0.219649   1.372279  -0.134806  -0.218028
     5  H   -0.019841   0.148247  -0.029980  -0.134806   0.716505   0.309167
     6  H   -0.031132  -0.141692   0.023169  -0.218028   0.309167   0.957736
     7  H    0.011123  -0.072423   0.059226  -0.182786  -0.009496   0.303258
     8  H   -0.068958   0.009969  -0.182786   0.693326  -0.066379  -0.178498
     9  H   -0.009841  -0.070401   0.303258  -0.178498   0.010693   0.057857
    10  H   -0.003321   0.001309  -0.009496  -0.066379   0.007087   0.010693
    11  H    0.001316   0.023988  -0.072423   0.009969   0.001309  -0.070401
    12  H    0.007599   0.001316   0.011123  -0.068958  -0.003321  -0.009841
               7          8          9         10         11         12
     1  H    0.011123  -0.068958  -0.009841  -0.003321   0.001316   0.007599
     2  H   -0.072423   0.009969  -0.070401   0.001309   0.023988   0.001316
     3  H    0.059226  -0.182786   0.303258  -0.009496  -0.072423   0.011123
     4  H   -0.182786   0.693326  -0.178498  -0.066379   0.009969  -0.068958
     5  H   -0.009496  -0.066379   0.010693   0.007087   0.001309  -0.003321
     6  H    0.303258  -0.178498   0.057857   0.010693  -0.070401  -0.009841
     7  H    0.958763  -0.219649   0.023169  -0.029980  -0.140589   0.310885
     8  H   -0.219649   1.372279  -0.218028  -0.134806   0.185913  -0.139283
     9  H    0.023169  -0.218028   0.957736   0.309167  -0.141692  -0.031132
    10  H   -0.029980  -0.134806   0.309167   0.716505   0.148247  -0.019841
    11  H   -0.140589   0.185913  -0.141692   0.148247   0.963266   0.148752
    12  H    0.310885  -0.139283  -0.031132  -0.019841   0.148752   0.728974
 Mulliken charges:
               1
     1  H    0.063728
     2  H   -0.057653
     3  H   -0.011500
     4  H   -0.053102
     5  H    0.070815
     6  H   -0.012288
     7  H   -0.011500
     8  H   -0.053102
     9  H   -0.012288
    10  H    0.070815
    11  H   -0.057653
    12  H    0.063728
 Sum of Mulliken charges =   0.00000
 Mulliken charges with hydrogens summed into heavy atoms:
               1
 Electronic spatial extent (au):  <R**2>=            131.7377
 Charge=             -0.0000 electrons
 Dipole moment (field-independent basis, Debye):
    X=             -0.0000    Y=             -0.0000    Z=             -0.0000  Tot=              0.0000
 Quadrupole moment (field-independent basis, Debye-Ang):
   XX=            -19.3442   YY=            -15.0815   ZZ=            -15.1971
   XY=             -0.1510   XZ=             -0.0000   YZ=             -0.0000
 Traceless Quadrupole moment (field-independent basis, Debye-Ang):
   XX=             -2.8033   YY=              1.4595   ZZ=              1.3438
   XY=             -0.1510   XZ=             -0.0000   YZ=             -0.0000
 Octapole moment (field-independent basis, Debye-Ang**2):
  XXX=              0.0000  YYY=             -0.0000  ZZZ=              0.0000  XYY=             -0.0000
  XXY=             -0.0000  XXZ=              0.0000  XZZ=              0.0000  YZZ=             -0.0000
  YYZ=              0.0000  XYZ=             -0.0000
 Hexadecapole moment (field-independent basis, Debye-Ang**3):
 XXXX=           -111.6724 YYYY=           -157.9116 ZZZZ=            -18.0262 XXXY=              0.0532
 XXXZ=             -0.0000 YYYX=             -0.3320 YYYZ=             -0.0000 ZZZX=             -0.0000
 ZZZY=             -0.0000 XXYY=            -41.9159 XXZZ=            -19.9341 YYZZ=            -29.1996
 XXYZ=             -0.0000 YYXZ=             -0.0000 ZZXY=              0.0706
 N-N= 2.018067300194D+01 E-N=-5.140236036084D+01  KE= 6.406046662090D+00
 Symmetry AG   KE= 4.855197613689D+00
 Symmetry BG   KE= 0.000000000000D+00
 Symmetry AU   KE= 0.000000000000D+00
 Symmetry BU   KE= 1.550849048401D+00

 Test job not archived.
 1\1\GINC-SULU\Stability\RHF\Gen\H12\LCJ1\17-Feb-2017\0\\#rhf/gen scf(s
 ymm,tight,novaracc,noincfock,fulldiag) stable(crhf) guess=read geom=no
 crowd test\\hf stability analysis of h12 triangular lattice, y= 0.7565
 2747416546084\\0,1\H\H,1,1.0745903904\H,1,1.0745903904,2,90.5\H,2,1.07
 45903904,1,89.5,3,0.,0\H,2,1.0745903904,1,180.,3,0.,0\H,4,1.0745903904
 ,3,180.,5,0.,0\H,6,1.0745903904,5,180.,3,0.,0\H,4,1.0745903904,2,180.,
 3,0.,0\H,3,1.0745903904,1,180.,4,0.,0\H,9,1.0745903904,3,180.,4,0.,0\H
 ,8,1.0745903904,4,180.,3,0.,0\H,7,1.0745903904,6,180.,3,0.,0\\Version=
 ES64L-G09RevE.01\State=1-AG\HF=-5.8579679\MP2=-5.995833\RMSD=4.500e-09
 \Dipole=0.,0.,0.\Quadrupole=1.0828741,0.9990977,-2.0819718,0.,-0.13991
 6,0.\PG=C02H [SGH(H12)]\\@


 Luck is a matter of preparation meeting opportunity.
                                    -- Oprah Winfrey
 Job cpu time:       0 days  0 hours  0 minutes  1.1 seconds.
 File lengths (MBytes):  RWF=     84 Int=      0 D2E=      0 Chk=      2 Scr=      2
 Normal termination of Gaussian 09 at Fri Feb 17 15:02:06 2017.
