 Entering Gaussian System, Link 0=g09
 AtFile(1): H.gbs
            H     0
            S   10   1.00
               1000.000000000000            0.000068713567
                316.227766000000            0.000169141320
                100.000000000000            0.000823394812
                 31.622776600000            0.003425569236
                 10.000000000000            0.013951996000
                  3.162277660000            0.056909313560
                  1.000000000000            0.198286399900
                  0.316227766000            0.496922426700
                  0.100000000000            0.369846276400
                  0.031622776600            0.003752720039
            ****
 Initial command:
 /projects/guscus/apps/gau/g09-e1/g09/l1.exe "/users/lcj1/gaussian/h12/rhfstability/rect/guessfrommix/alpha40/Gau-21030.inp" -scrdir="/users/lcj1/gaussian/h12/rhfstability/rect/guessfrommix/alpha40/"
 Entering Link 1 = /projects/guscus/apps/gau/g09-e1/g09/l1.exe PID=     21031.
  
 Copyright (c) 1988,1990,1992,1993,1995,1998,2003,2009,2015,
            Gaussian, Inc.  All Rights Reserved.
  
 This is part of the Gaussian(R) 09 program.  It is based on
 the Gaussian(R) 03 system (copyright 2003, Gaussian, Inc.),
 the Gaussian(R) 98 system (copyright 1998, Gaussian, Inc.),
 the Gaussian(R) 94 system (copyright 1995, Gaussian, Inc.),
 the Gaussian 92(TM) system (copyright 1992, Gaussian, Inc.),
 the Gaussian 90(TM) system (copyright 1990, Gaussian, Inc.),
 the Gaussian 88(TM) system (copyright 1988, Gaussian, Inc.),
 the Gaussian 86(TM) system (copyright 1986, Carnegie Mellon
 University), and the Gaussian 82(TM) system (copyright 1983,
 Carnegie Mellon University). Gaussian is a federally registered
 trademark of Gaussian, Inc.
  
 This software contains proprietary and confidential information,
 including trade secrets, belonging to Gaussian, Inc.
  
 This software is provided under written license and may be
 used, copied, transmitted, or stored only in accord with that
 written license.
  
 The following legend is applicable only to US Government
 contracts under FAR:
  
                    RESTRICTED RIGHTS LEGEND
  
 Use, reproduction and disclosure by the US Government is
 subject to restrictions as set forth in subparagraphs (a)
 and (c) of the Commercial Computer Software - Restricted
 Rights clause in FAR 52.227-19.
  
 Gaussian, Inc.
 340 Quinnipiac St., Bldg. 40, Wallingford CT 06492
  
  
 ---------------------------------------------------------------
 Warning -- This program may not be used in any manner that
 competes with the business of Gaussian, Inc. or will provide
 assistance to any competitor of Gaussian, Inc.  The licensee
 of this program is prohibited from giving any competitor of
 Gaussian, Inc. access to this program.  By using this program,
 the user acknowledges that Gaussian, Inc. is engaged in the
 business of creating and licensing software in the field of
 computational chemistry and represents and warrants to the
 licensee that it is not a competitor of Gaussian, Inc. and that
 it will not use this program in any manner prohibited above.
 ---------------------------------------------------------------
  

 Cite this work as:
 Gaussian 09, Revision E.01,
 M. J. Frisch, G. W. Trucks, H. B. Schlegel, G. E. Scuseria, 
 M. A. Robb, J. R. Cheeseman, G. Scalmani, V. Barone, B. Mennucci, 
 G. A. Petersson, H. Nakatsuji, M. Caricato, X. Li, H. P. Hratchian, 
 A. F. Izmaylov, J. Bloino, G. Zheng, J. L. Sonnenberg, M. Hada, 
 M. Ehara, K. Toyota, R. Fukuda, J. Hasegawa, M. Ishida, T. Nakajima, 
 Y. Honda, O. Kitao, H. Nakai, T. Vreven, J. A. Montgomery, Jr., 
 J. E. Peralta, F. Ogliaro, M. Bearpark, J. J. Heyd, E. Brothers, 
 K. N. Kudin, V. N. Staroverov, T. Keith, R. Kobayashi, J. Normand, 
 K. Raghavachari, A. Rendell, J. C. Burant, S. S. Iyengar, J. Tomasi, 
 M. Cossi, N. Rega, J. M. Millam, M. Klene, J. E. Knox, J. B. Cross, 
 V. Bakken, C. Adamo, J. Jaramillo, R. Gomperts, R. E. Stratmann, 
 O. Yazyev, A. J. Austin, R. Cammi, C. Pomelli, J. W. Ochterski, 
 R. L. Martin, K. Morokuma, V. G. Zakrzewski, G. A. Voth, 
 P. Salvador, J. J. Dannenberg, S. Dapprich, A. D. Daniels, 
 O. Farkas, J. B. Foresman, J. V. Ortiz, J. Cioslowski, 
 and D. J. Fox, Gaussian, Inc., Wallingford CT, 2013.
 
 ******************************************
 Gaussian 09:  ES64L-G09RevE.01 30-Nov-2015
                17-Feb-2017 
 ******************************************
 %chk=h12.chk
 ----------------------------------------------------------------------
 #rhf/gen scf(symm,tight,novaracc,noincfock,fulldiag) stable(crhf) gues
 s=read geom=nocrowd test
 ----------------------------------------------------------------------
 1/38=1/1;
 2/12=1,17=6,18=5,40=1/2;
 3/5=7,16=1,25=1,30=1,116=1/1,2,3;
 4/5=1,9=4/1;
 5/5=100002,15=2,16=1,32=2,38=6/2;
 8/6=1,10=90,11=11/1,4;
 9/8=4,13=1/2;
 6/7=2,8=2,9=2,10=2,28=1/1;
 99/5=1,9=1/99;
 ----------------------------------------------------------------------
 hf stability analysis of h12 triangular lattice, y= 0.3503135618487248
 1
 ----------------------------------------------------------------------
 Symbolic Z-matrix:
 Charge =  0 Multiplicity = 1
 H
 H                    1     1.68492 
 H                    1     1.68492  2     156. 
 H                    2     1.68492  1     24.      3     0.       0
 H                    2     1.68492  1     180.     3     0.       0
 H                    4     1.68492  3     180.     5     0.       0
 H                    6     1.68492  5     180.     3     0.       0
 H                    4     1.68492  2     180.     3     0.       0
 H                    3     1.68492  1     180.     4     0.       0
 H                    9     1.68492  3     180.     4     0.       0
 H                    8     1.68492  4     180.     3     0.       0
 H                    7     1.68492  6     180.     3     0.       0
 
                          Input orientation:                          
 ---------------------------------------------------------------------
 Center     Atomic      Atomic             Coordinates (Angstroms)
 Number     Number       Type             X           Y           Z
 ---------------------------------------------------------------------
      1          1           0        0.000000    0.000000    0.000000
      2          1           0        0.000000    0.000000    1.684915
      3          1           0        0.685317    0.000000   -1.539247
      4          1           0        0.685317    0.000000    0.145669
      5          1           0        0.000000    0.000000    3.369830
      6          1           0        0.685317    0.000000    1.830584
      7          1           0        1.370633    0.000000    0.291337
      8          1           0        1.370633    0.000000   -1.393578
      9          1           0        1.370633    0.000000   -3.078493
     10          1           0        2.055950    0.000000   -4.617740
     11          1           0        2.055950    0.000000   -2.932825
     12          1           0        2.055950    0.000000   -1.247909
 ---------------------------------------------------------------------
                    Distance matrix (angstroms):
                    1          2          3          4          5
     1  H    0.000000
     2  H    1.684915   0.000000
     3  H    1.684915   3.296191   0.000000
     4  H    0.700627   1.684915   1.684915   0.000000
     5  H    3.369830   1.684915   4.956682   3.296191   0.000000
     6  H    1.954660   0.700627   3.369830   1.684915   1.684915
     7  H    1.401254   1.954660   1.954660   0.700627   3.369830
     8  H    1.954660   3.369830   0.700627   1.684915   4.956682
     9  H    3.369830   4.956682   1.684915   3.296191   6.592383
    10  H    5.054745   6.629509   3.369830   4.956682   8.247921
    11  H    3.581674   5.054745   1.954660   3.369830   6.629509
    12  H    2.405038   3.581674   1.401254   1.954660   5.054745
                    6          7          8          9         10
     6  H    0.000000
     7  H    1.684915   0.000000
     8  H    3.296191   1.684915   0.000000
     9  H    4.956682   3.369830   1.684915   0.000000
    10  H    6.592383   4.956682   3.296191   1.684915   0.000000
    11  H    4.956682   3.296191   1.684915   0.700627   1.684915
    12  H    3.369830   1.684915   0.700627   1.954660   3.369830
                   11         12
    11  H    0.000000
    12  H    1.684915   0.000000
 Stoichiometry    H12
 Framework group  C2H[SGH(H12)]
 Deg. of freedom    11
 Full point group                 C2H     NOp   4
 Largest Abelian subgroup         C2H     NOp   4
 Largest concise Abelian subgroup C2      NOp   2
                         Standard orientation:                         
 ---------------------------------------------------------------------
 Center     Atomic      Atomic             Coordinates (Angstroms)
 Number     Number       Type             X           Y           Z
 ---------------------------------------------------------------------
      1          1           0        0.685317    0.988126    0.000000
      2          1           0        0.000000    2.527373   -0.000000
      3          1           0        0.685317   -0.696789    0.000000
      4          1           0        0.000000    0.842458   -0.000000
      5          1           0       -0.685317    4.066619   -0.000000
      6          1           0       -0.685317    2.381704   -0.000000
      7          1           0       -0.685317    0.696789    0.000000
      8          1           0       -0.000000   -0.842458    0.000000
      9          1           0        0.685317   -2.381704   -0.000000
     10          1           0        0.685317   -4.066619   -0.000000
     11          1           0       -0.000000   -2.527373    0.000000
     12          1           0       -0.685317   -0.988126    0.000000
 ---------------------------------------------------------------------
 Rotational constants (GHZ):    196.6506977      7.9918745      7.6797690
 General basis read from cards:  (5D, 7F)
 There are     6 symmetry adapted cartesian basis functions of AG  symmetry.
 There are     0 symmetry adapted cartesian basis functions of BG  symmetry.
 There are     0 symmetry adapted cartesian basis functions of AU  symmetry.
 There are     6 symmetry adapted cartesian basis functions of BU  symmetry.
 There are     6 symmetry adapted basis functions of AG  symmetry.
 There are     0 symmetry adapted basis functions of BG  symmetry.
 There are     0 symmetry adapted basis functions of AU  symmetry.
 There are     6 symmetry adapted basis functions of BU  symmetry.
    12 basis functions,   120 primitive gaussians,    12 cartesian basis functions
     6 alpha electrons        6 beta electrons
       nuclear repulsion energy        17.0161103128 Hartrees.
 NAtoms=   12 NActive=   12 NUniq=    6 SFac= 4.00D+00 NAtFMM=   60 NAOKFM=F Big=F
 Integral buffers will be    131072 words long.
 Regular integral format.
 Two-electron integral symmetry is turned on.
 One-electron integrals computed using PRISM.
 NBasis=    12 RedAO= T EigKep=  8.74D-02  NBF=     6     0     0     6
 NBsUse=    12 1.00D-06 EigRej= -1.00D+00 NBFU=     6     0     0     6
 Initial guess from the checkpoint file:  "h12.chk"
 B after Tr=    -0.000000    0.000000   -0.000000
         Rot=    0.986561    0.000000    0.000000    0.163393 Ang=  18.81 deg.
 Initial guess orbital symmetries:
       Occupied  (AG) (BU) (BU) (AG) (AG) (AG)
       Virtual   (BU) (BU) (BU) (AG) (AG) (BU)
 Keep R1 ints in memory in symmetry-blocked form, NReq=897386.
 Requested convergence on RMS density matrix=1.00D-08 within 128 cycles.
 Requested convergence on MAX density matrix=1.00D-06.
 Requested convergence on             energy=1.00D-06.
 No special actions if energy rises.
 SCF Done:  E(RHF) =  -5.38878569837     A.U. after   12 cycles
            NFock= 12  Conv=0.60D-08     -V/T= 1.7867
 Range of M.O.s used for correlation:     1    12
 NBasis=    12 NAE=     6 NBE=     6 NFC=     0 NFV=     0
 NROrb=     12 NOA=     6 NOB=     6 NVA=     6 NVB=     6

 **** Warning!!: The smallest alpha delta epsilon is  0.42146431D-01

 Semi-Direct transformation.
 ModeAB=           4 MOrb=             6 LenV=     134090611
 LASXX=         2181 LTotXX=        2181 LenRXX=        5115
 LTotAB=        2934 MaxLAS=        3024 LenRXY=           0
 NonZer=        7296 LenScr=      655360 LnRSAI=        3024
 LnScr1=      655360 LExtra=           0 Total=      1318859
 MaxDsk=          -1 SrtSym=           T ITran=            3
 JobTyp=0 Pass  1:  I=   1 to   6.
 (rs|ai) integrals will be sorted in core.
 Spin components of T(2) and E(2):
     alpha-alpha T2 =       0.3827963841D-01 E2=     -0.1002880952D-01
     alpha-beta  T2 =       0.4533109185D+01 E2=     -0.6909876463D+00
     beta-beta   T2 =       0.3827963841D-01 E2=     -0.1002880952D-01
 ANorm=    0.2368473868D+01
 E2 =    -0.7110452654D+00 EUMP2 =    -0.60998309637275D+01
 Second order stability test of a single determinant RHF wave function:
 Stabil:  MDV=134217728
 ***********************************************************************
 Matrix         Lowest Root    Major Pairs
 ***********************************************************************
 Internal RHF    -0.1035303    6A=7A 5A=8A 6A=8A
 RRHF --> CRHF   -0.1555685    5A=7A
 RRHF --> RUHF   -0.549882     6A=8B
 Not stable.
 ***********************************************************************

 **********************************************************************

            Population analysis using the SCF density.

 **********************************************************************

 Orbital symmetries:
       Occupied  (AG) (BU) (AG) (BU) (AG) (AG)
       Virtual   (BU) (BU) (BU) (AG) (AG) (BU)
 The electronic state is 1-AG.
 Alpha  occ. eigenvalues --   -0.87454  -0.78738  -0.63645  -0.60139  -0.21717
 Alpha  occ. eigenvalues --   -0.16682
 Alpha virt. eigenvalues --   -0.12468  -0.09715   0.46591   0.48884   0.79328
 Alpha virt. eigenvalues --    0.98226
          Condensed to atoms (all electrons):
               1          2          3          4          5          6
     1  H    1.261968   0.026469  -0.350878   0.310673   0.000012  -0.087416
     2  H    0.026469   0.686013  -0.007431  -0.069237  -0.048805   0.474524
     3  H   -0.350878  -0.007431   1.127363  -0.047847   0.000110   0.008325
     4  H    0.310673  -0.069237  -0.047847   0.934139  -0.000064  -0.075909
     5  H    0.000012  -0.048805   0.000110  -0.000064   1.143618  -0.052241
     6  H   -0.087416   0.474524   0.008325  -0.075909  -0.052241   0.731800
     7  H   -0.366966  -0.075810   0.205548   0.279012  -0.000020   0.030098
     8  H   -0.032468   0.001288   0.279012  -0.055047   0.000219   0.000941
     9  H   -0.007167   0.000017   0.030098   0.000941  -0.000038   0.000278
    10  H    0.000108  -0.000034  -0.000020   0.000219   0.000010  -0.000038
    11  H    0.006396   0.000199  -0.075810   0.001288  -0.000034   0.000017
    12  H    0.132383   0.006396  -0.366966  -0.032468   0.000108  -0.007167
               7          8          9         10         11         12
     1  H   -0.366966  -0.032468  -0.007167   0.000108   0.006396   0.132383
     2  H   -0.075810   0.001288   0.000017  -0.000034   0.000199   0.006396
     3  H    0.205548   0.279012   0.030098  -0.000020  -0.075810  -0.366966
     4  H    0.279012  -0.055047   0.000941   0.000219   0.001288  -0.032468
     5  H   -0.000020   0.000219  -0.000038   0.000010  -0.000034   0.000108
     6  H    0.030098   0.000941   0.000278  -0.000038   0.000017  -0.007167
     7  H    1.127363  -0.047847   0.008325   0.000110  -0.007431  -0.350878
     8  H   -0.047847   0.934139  -0.075909  -0.000064  -0.069237   0.310673
     9  H    0.008325  -0.075909   0.731800  -0.052241   0.474524  -0.087416
    10  H    0.000110  -0.000064  -0.052241   1.143618  -0.048805   0.000012
    11  H   -0.007431  -0.069237   0.474524  -0.048805   0.686013   0.026469
    12  H   -0.350878   0.310673  -0.087416   0.000012   0.026469   1.261968
 Mulliken charges:
               1
     1  H    0.106886
     2  H    0.006410
     3  H    0.198495
     4  H   -0.245702
     5  H   -0.042876
     6  H   -0.023213
     7  H    0.198495
     8  H   -0.245702
     9  H   -0.023213
    10  H   -0.042876
    11  H    0.006410
    12  H    0.106886
 Sum of Mulliken charges =   0.00000
 Mulliken charges with hydrogens summed into heavy atoms:
               1
 Electronic spatial extent (au):  <R**2>=            276.4621
 Charge=              0.0000 electrons
 Dipole moment (field-independent basis, Debye):
    X=              0.0000    Y=              0.0000    Z=              0.0000  Tot=              0.0000
 Quadrupole moment (field-independent basis, Debye-Ang):
   XX=            -14.3595   YY=            -28.9528   ZZ=            -14.9106
   XY=              1.7649   XZ=             -0.0000   YZ=              0.0000
 Traceless Quadrupole moment (field-independent basis, Debye-Ang):
   XX=              5.0481   YY=             -9.5451   ZZ=              4.4970
   XY=              1.7649   XZ=             -0.0000   YZ=              0.0000
 Octapole moment (field-independent basis, Debye-Ang**2):
  XXX=              0.0000  YYY=              0.0000  ZZZ=              0.0000  XYY=              0.0000
  XXY=              0.0000  XXZ=              0.0000  XZZ=              0.0000  YZZ=             -0.0000
  YYZ=              0.0000  XYZ=             -0.0000
 Hexadecapole moment (field-independent basis, Debye-Ang**3):
 XXXX=            -44.1201 YYYY=           -750.0678 ZZZZ=            -17.5728 XXXY=             34.5475
 XXXZ=             -0.0000 YYYX=             75.7565 YYYZ=              0.0000 ZZZX=             -0.0000
 ZZZY=              0.0000 XXYY=           -100.5516 XXZZ=            -10.3924 YYZZ=            -90.3347
 XXYZ=              0.0000 YYXZ=             -0.0000 ZZXY=             11.6480
 N-N= 1.701611031283D+01 E-N=-4.509227061490D+01  KE= 6.849988788627D+00
 Symmetry AG   KE= 4.707563519445D+00
 Symmetry BG   KE= 0.000000000000D+00
 Symmetry AU   KE= 0.000000000000D+00
 Symmetry BU   KE= 2.142425269182D+00

 Test job not archived.
 1\1\GINC-SULU\Stability\RHF\Gen\H12\LCJ1\17-Feb-2017\0\\#rhf/gen scf(s
 ymm,tight,novaracc,noincfock,fulldiag) stable(crhf) guess=read geom=no
 crowd test\\hf stability analysis of h12 triangular lattice, y= 0.3503
 1356184872481\\0,1\H\H,1,1.6849151237\H,1,1.6849151237,2,156.\H,2,1.68
 49151237,1,24.,3,0.,0\H,2,1.6849151237,1,180.,3,0.,0\H,4,1.6849151237,
 3,180.,5,0.,0\H,6,1.6849151237,5,180.,3,0.,0\H,4,1.6849151237,2,180.,3
 ,0.,0\H,3,1.6849151237,1,180.,4,0.,0\H,9,1.6849151237,3,180.,4,0.,0\H,
 8,1.6849151237,4,180.,3,0.,0\H,7,1.6849151237,6,180.,3,0.,0\\Version=E
 S64L-G09RevE.01\State=1-AG\HF=-5.3887857\MP2=-6.099831\RMSD=6.011e-09\
 Dipole=0.,0.,0.\Quadrupole=2.9333826,3.3434162,-6.2767988,0.,3.1534285
 ,0.\PG=C02H [SGH(H12)]\\@


 IF OTHER PEOPLE ARE GOING TO TALK, CONVERSATION IS SIMPLY IMPOSSIBLE.

                                               -- WHISTLER'S PRINCIPLE
 Job cpu time:       0 days  0 hours  0 minutes  0.9 seconds.
 File lengths (MBytes):  RWF=     84 Int=      0 D2E=      0 Chk=      2 Scr=      2
 Normal termination of Gaussian 09 at Fri Feb 17 11:35:00 2017.
