 Entering Gaussian System, Link 0=g09
 AtFile(1): H.gbs
            H     0
            S   10   1.00
               1000.000000000000            0.000068713567
                316.227766000000            0.000169141320
                100.000000000000            0.000823394812
                 31.622776600000            0.003425569236
                 10.000000000000            0.013951996000
                  3.162277660000            0.056909313560
                  1.000000000000            0.198286399900
                  0.316227766000            0.496922426700
                  0.100000000000            0.369846276400
                  0.031622776600            0.003752720039
            ****
 Initial command:
 /projects/guscus/apps/gau/g09-e1/g09/l1.exe "/users/lcj1/gaussian/h12/rhfstability/rect/guess/ag4bu2/Gau-912.inp" -scrdir="/users/lcj1/gaussian/h12/rhfstability/rect/guess/ag4bu2/"
 Entering Link 1 = /projects/guscus/apps/gau/g09-e1/g09/l1.exe PID=       913.
  
 Copyright (c) 1988,1990,1992,1993,1995,1998,2003,2009,2015,
            Gaussian, Inc.  All Rights Reserved.
  
 This is part of the Gaussian(R) 09 program.  It is based on
 the Gaussian(R) 03 system (copyright 2003, Gaussian, Inc.),
 the Gaussian(R) 98 system (copyright 1998, Gaussian, Inc.),
 the Gaussian(R) 94 system (copyright 1995, Gaussian, Inc.),
 the Gaussian 92(TM) system (copyright 1992, Gaussian, Inc.),
 the Gaussian 90(TM) system (copyright 1990, Gaussian, Inc.),
 the Gaussian 88(TM) system (copyright 1988, Gaussian, Inc.),
 the Gaussian 86(TM) system (copyright 1986, Carnegie Mellon
 University), and the Gaussian 82(TM) system (copyright 1983,
 Carnegie Mellon University). Gaussian is a federally registered
 trademark of Gaussian, Inc.
  
 This software contains proprietary and confidential information,
 including trade secrets, belonging to Gaussian, Inc.
  
 This software is provided under written license and may be
 used, copied, transmitted, or stored only in accord with that
 written license.
  
 The following legend is applicable only to US Government
 contracts under FAR:
  
                    RESTRICTED RIGHTS LEGEND
  
 Use, reproduction and disclosure by the US Government is
 subject to restrictions as set forth in subparagraphs (a)
 and (c) of the Commercial Computer Software - Restricted
 Rights clause in FAR 52.227-19.
  
 Gaussian, Inc.
 340 Quinnipiac St., Bldg. 40, Wallingford CT 06492
  
  
 ---------------------------------------------------------------
 Warning -- This program may not be used in any manner that
 competes with the business of Gaussian, Inc. or will provide
 assistance to any competitor of Gaussian, Inc.  The licensee
 of this program is prohibited from giving any competitor of
 Gaussian, Inc. access to this program.  By using this program,
 the user acknowledges that Gaussian, Inc. is engaged in the
 business of creating and licensing software in the field of
 computational chemistry and represents and warrants to the
 licensee that it is not a competitor of Gaussian, Inc. and that
 it will not use this program in any manner prohibited above.
 ---------------------------------------------------------------
  

 Cite this work as:
 Gaussian 09, Revision E.01,
 M. J. Frisch, G. W. Trucks, H. B. Schlegel, G. E. Scuseria, 
 M. A. Robb, J. R. Cheeseman, G. Scalmani, V. Barone, B. Mennucci, 
 G. A. Petersson, H. Nakatsuji, M. Caricato, X. Li, H. P. Hratchian, 
 A. F. Izmaylov, J. Bloino, G. Zheng, J. L. Sonnenberg, M. Hada, 
 M. Ehara, K. Toyota, R. Fukuda, J. Hasegawa, M. Ishida, T. Nakajima, 
 Y. Honda, O. Kitao, H. Nakai, T. Vreven, J. A. Montgomery, Jr., 
 J. E. Peralta, F. Ogliaro, M. Bearpark, J. J. Heyd, E. Brothers, 
 K. N. Kudin, V. N. Staroverov, T. Keith, R. Kobayashi, J. Normand, 
 K. Raghavachari, A. Rendell, J. C. Burant, S. S. Iyengar, J. Tomasi, 
 M. Cossi, N. Rega, J. M. Millam, M. Klene, J. E. Knox, J. B. Cross, 
 V. Bakken, C. Adamo, J. Jaramillo, R. Gomperts, R. E. Stratmann, 
 O. Yazyev, A. J. Austin, R. Cammi, C. Pomelli, J. W. Ochterski, 
 R. L. Martin, K. Morokuma, V. G. Zakrzewski, G. A. Voth, 
 P. Salvador, J. J. Dannenberg, S. Dapprich, A. D. Daniels, 
 O. Farkas, J. B. Foresman, J. V. Ortiz, J. Cioslowski, 
 and D. J. Fox, Gaussian, Inc., Wallingford CT, 2013.
 
 ******************************************
 Gaussian 09:  ES64L-G09RevE.01 30-Nov-2015
                17-Feb-2017 
 ******************************************
 %chk=h12.chk
 ----------------------------------------------------------------------
 #rhf/gen scf(symm,tight,novaracc,noincfock,fulldiag) stable(crhf) gues
 s=read geom=nocrowd test
 ----------------------------------------------------------------------
 1/38=1/1;
 2/12=1,17=6,18=5,40=1/2;
 3/5=7,16=1,25=1,30=1,116=1/1,2,3;
 4/5=1,9=4/1;
 5/5=100002,15=2,16=1,32=2,38=6/2;
 8/6=1,10=90,11=11/1,4;
 9/8=4,13=1/2;
 6/7=2,8=2,9=2,10=2,28=1/1;
 99/5=1,9=1/99;
 ----------------------------------------------------------------------
 hf stability analysis of h12 triangular lattice, y= 0.8792984807723166
 5
 ----------------------------------------------------------------------
 Symbolic Z-matrix:
 Charge =  0 Multiplicity = 1
 H
 H                    1     1.0974 
 H                    1     1.0974   2     73.5 
 H                    2     1.0974   1     106.5    3     0.       0
 H                    2     1.0974   1     180.     3     0.       0
 H                    4     1.0974   3     180.     5     0.       0
 H                    6     1.0974   5     180.     3     0.       0
 H                    4     1.0974   2     180.     3     0.       0
 H                    3     1.0974   1     180.     4     0.       0
 H                    9     1.0974   3     180.     4     0.       0
 H                    8     1.0974   4     180.     3     0.       0
 H                    7     1.0974   6     180.     3     0.       0
 
                          Input orientation:                          
 ---------------------------------------------------------------------
 Center     Atomic      Atomic             Coordinates (Angstroms)
 Number     Number       Type             X           Y           Z
 ---------------------------------------------------------------------
      1          1           0        0.000000    0.000000    0.000000
      2          1           0        0.000000    0.000000    1.097403
      3          1           0        1.052212    0.000000    0.311679
      4          1           0        1.052212    0.000000    1.409082
      5          1           0        0.000000    0.000000    2.194806
      6          1           0        1.052212    0.000000    2.506486
      7          1           0        2.104424    0.000000    2.818165
      8          1           0        2.104424    0.000000    1.720762
      9          1           0        2.104424    0.000000    0.623359
     10          1           0        3.156635    0.000000    0.935038
     11          1           0        3.156635    0.000000    2.032441
     12          1           0        3.156635    0.000000    3.129844
 ---------------------------------------------------------------------
                    Distance matrix (angstroms):
                    1          2          3          4          5
     1  H    0.000000
     2  H    1.097403   0.000000
     3  H    1.097403   1.313207   0.000000
     4  H    1.758597   1.097403   1.097403   0.000000
     5  H    2.194806   1.097403   2.157155   1.313207   0.000000
     6  H    2.718386   1.758597   2.194806   1.097403   1.097403
     7  H    3.517194   2.718386   2.718386   1.758597   2.194806
     8  H    2.718386   2.194806   1.758597   1.097403   2.157155
     9  H    2.194806   2.157155   1.097403   1.313207   2.626413
    10  H    3.292209   3.160808   2.194806   2.157155   3.398730
    11  H    3.754353   3.292209   2.718386   2.194806   3.160808
    12  H    4.445253   3.754353   3.517194   2.718386   3.292209
                    6          7          8          9         10
     6  H    0.000000
     7  H    1.097403   0.000000
     8  H    1.313207   1.097403   0.000000
     9  H    2.157155   2.194806   1.097403   0.000000
    10  H    2.626413   2.157155   1.313207   1.097403   0.000000
    11  H    2.157155   1.313207   1.097403   1.758597   1.097403
    12  H    2.194806   1.097403   1.758597   2.718386   2.194806
                   11         12
    11  H    0.000000
    12  H    1.097403   0.000000
 Stoichiometry    H12
 Framework group  C2H[SGH(H12)]
 Deg. of freedom    11
 Full point group                 C2H     NOp   4
 Largest Abelian subgroup         C2H     NOp   4
 Largest concise Abelian subgroup C2      NOp   2
                         Standard orientation:                         
 ---------------------------------------------------------------------
 Center     Atomic      Atomic             Coordinates (Angstroms)
 Number     Number       Type             X           Y           Z
 ---------------------------------------------------------------------
      1          1           0        1.052212    1.957784    0.000000
      2          1           0        0.000000    1.646105    0.000000
      3          1           0        1.052212    0.860381    0.000000
      4          1           0        0.000000    0.548702    0.000000
      5          1           0       -1.052212    1.334425   -0.000000
      6          1           0       -1.052212    0.237022   -0.000000
      7          1           0       -1.052212   -0.860381    0.000000
      8          1           0       -0.000000   -0.548702    0.000000
      9          1           0        1.052212   -0.237022   -0.000000
     10          1           0        1.052212   -1.334425   -0.000000
     11          1           0       -0.000000   -1.646105    0.000000
     12          1           0       -1.052212   -1.957784    0.000000
 ---------------------------------------------------------------------
 Rotational constants (GHZ):     61.0803377     25.7301714     18.1038860
 General basis read from cards:  (5D, 7F)
 There are     6 symmetry adapted cartesian basis functions of AG  symmetry.
 There are     0 symmetry adapted cartesian basis functions of BG  symmetry.
 There are     0 symmetry adapted cartesian basis functions of AU  symmetry.
 There are     6 symmetry adapted cartesian basis functions of BU  symmetry.
 There are     6 symmetry adapted basis functions of AG  symmetry.
 There are     0 symmetry adapted basis functions of BG  symmetry.
 There are     0 symmetry adapted basis functions of AU  symmetry.
 There are     6 symmetry adapted basis functions of BU  symmetry.
    12 basis functions,   120 primitive gaussians,    12 cartesian basis functions
     6 alpha electrons        6 beta electrons
       nuclear repulsion energy        19.9892472166 Hartrees.
 NAtoms=   12 NActive=   12 NUniq=    6 SFac= 4.00D+00 NAtFMM=   60 NAOKFM=F Big=F
 Integral buffers will be    131072 words long.
 Regular integral format.
 Two-electron integral symmetry is turned on.
 One-electron integrals computed using PRISM.
 NBasis=    12 RedAO= T EigKep=  1.29D-01  NBF=     6     0     0     6
 NBsUse=    12 1.00D-06 EigRej= -1.00D+00 NBFU=     6     0     0     6
 Initial guess from the checkpoint file:  "h12.chk"
 B after Tr=    -0.000000    0.000000    0.000000
         Rot=    0.996813   -0.000000    0.000000   -0.079772 Ang=  -9.15 deg.
 Initial guess orbital symmetries:
       Occupied  (AG) (BU) (BU) (AG) (AG) (AG)
       Virtual   (BU) (BU) (BU) (AG) (AG) (BU)
 Keep R1 ints in memory in symmetry-blocked form, NReq=903812.
 Requested convergence on RMS density matrix=1.00D-08 within 128 cycles.
 Requested convergence on MAX density matrix=1.00D-06.
 Requested convergence on             energy=1.00D-06.
 No special actions if energy rises.
 SCF Done:  E(RHF) =  -5.78012411272     A.U. after   10 cycles
            NFock= 10  Conv=0.26D-08     -V/T= 1.8938
 Range of M.O.s used for correlation:     1    12
 NBasis=    12 NAE=     6 NBE=     6 NFC=     0 NFV=     0
 NROrb=     12 NOA=     6 NOB=     6 NVA=     6 NVB=     6
 Semi-Direct transformation.
 ModeAB=           4 MOrb=             6 LenV=     134084535
 LASXX=         2181 LTotXX=        2181 LenRXX=        5115
 LTotAB=        2934 MaxLAS=        3024 LenRXY=           0
 NonZer=        7296 LenScr=      655360 LnRSAI=        3024
 LnScr1=      655360 LExtra=           0 Total=      1318859
 MaxDsk=          -1 SrtSym=           T ITran=            3
 JobTyp=0 Pass  1:  I=   1 to   6.
 (rs|ai) integrals will be sorted in core.
 Spin components of T(2) and E(2):
     alpha-alpha T2 =       0.1127584983D-01 E2=     -0.1380932449D-01
     alpha-beta  T2 =       0.8443382993D-01 E2=     -0.1140047515D+00
     beta-beta   T2 =       0.1127584983D-01 E2=     -0.1380932449D-01
 ANorm=    0.1052133798D+01
 E2 =    -0.1416234005D+00 EUMP2 =    -0.59217475132307D+01
 Second order stability test of a single determinant RHF wave function:
 Stabil:  MDV=134217728
 ***********************************************************************
 Matrix         Lowest Root    Major Pairs
 ***********************************************************************
 Internal RHF    -0.0154718    6A=7A
 RRHF --> CRHF   -0.0507249    6A=7A
 RRHF --> RUHF   -0.1365056    6A=7B
 Not stable.
 ***********************************************************************

 **********************************************************************

            Population analysis using the SCF density.

 **********************************************************************

 Orbital symmetries:
       Occupied  (AG) (BU) (BU) (AG) (AG) (AG)
       Virtual   (BU) (BU) (BU) (AG) (AG) (BU)
 The electronic state is 1-AG.
 Alpha  occ. eigenvalues --   -0.92516  -0.75683  -0.63579  -0.50911  -0.39075
 Alpha  occ. eigenvalues --   -0.22856
 Alpha virt. eigenvalues --   -0.00994   0.19588   0.28668   0.37998   0.64258
 Alpha virt. eigenvalues --    0.85295
          Condensed to atoms (all electrons):
               1          2          3          4          5          6
     1  H    0.551699   0.131435   0.281447  -0.082564  -0.017080  -0.014423
     2  H    0.131435   0.981464  -0.161760   0.199452   0.148157  -0.124160
     3  H    0.281447  -0.161760   0.951717  -0.194645  -0.052310   0.024494
     4  H   -0.082564   0.199452  -0.194645   1.431581  -0.239385  -0.250194
     5  H   -0.017080   0.148157  -0.052310  -0.239385   0.974832   0.337862
     6  H   -0.014423  -0.124160   0.024494  -0.250194   0.337862   0.996012
     7  H    0.005166  -0.043213   0.037742  -0.120284  -0.013022   0.306936
     8  H   -0.035299   0.015086  -0.120284   0.715360  -0.124689  -0.267016
     9  H   -0.001758  -0.111698   0.306936  -0.267016   0.019495   0.084113
    10  H   -0.002390   0.000501  -0.013022  -0.124689   0.021369   0.019495
    11  H    0.000763   0.022237  -0.043213   0.015086   0.000501  -0.111698
    12  H    0.002061   0.000763   0.005166  -0.035299  -0.002390  -0.001758
               7          8          9         10         11         12
     1  H    0.005166  -0.035299  -0.001758  -0.002390   0.000763   0.002061
     2  H   -0.043213   0.015086  -0.111698   0.000501   0.022237   0.000763
     3  H    0.037742  -0.120284   0.306936  -0.013022  -0.043213   0.005166
     4  H   -0.120284   0.715360  -0.267016  -0.124689   0.015086  -0.035299
     5  H   -0.013022  -0.124689   0.019495   0.021369   0.000501  -0.002390
     6  H    0.306936  -0.267016   0.084113   0.019495  -0.111698  -0.001758
     7  H    0.951717  -0.194645   0.024494  -0.052310  -0.161760   0.281447
     8  H   -0.194645   1.431581  -0.250194  -0.239385   0.199452  -0.082564
     9  H    0.024494  -0.250194   0.996012   0.337862  -0.124160  -0.014423
    10  H   -0.052310  -0.239385   0.337862   0.974832   0.148157  -0.017080
    11  H   -0.161760   0.199452  -0.124160   0.148157   0.981464   0.131435
    12  H    0.281447  -0.082564  -0.014423  -0.017080   0.131435   0.551699
 Mulliken charges:
               1
     1  H    0.180944
     2  H   -0.058266
     3  H   -0.022269
     4  H   -0.047404
     5  H   -0.053341
     6  H    0.000335
     7  H   -0.022269
     8  H   -0.047404
     9  H    0.000335
    10  H   -0.053341
    11  H   -0.058266
    12  H    0.180944
 Sum of Mulliken charges =  -0.00000
 Mulliken charges with hydrogens summed into heavy atoms:
               1
 Electronic spatial extent (au):  <R**2>=            134.1239
 Charge=             -0.0000 electrons
 Dipole moment (field-independent basis, Debye):
    X=              0.0000    Y=             -0.0000    Z=              0.0000  Tot=              0.0000
 Quadrupole moment (field-independent basis, Debye-Ang):
   XX=            -19.6827   YY=            -12.4816   ZZ=            -15.1941
   XY=              4.9627   XZ=              0.0000   YZ=              0.0000
 Traceless Quadrupole moment (field-independent basis, Debye-Ang):
   XX=             -3.8966   YY=              3.3046   ZZ=              0.5920
   XY=              4.9627   XZ=              0.0000   YZ=              0.0000
 Octapole moment (field-independent basis, Debye-Ang**2):
  XXX=              0.0000  YYY=             -0.0000  ZZZ=             -0.0000  XYY=              0.0000
  XXY=             -0.0000  XXZ=              0.0000  XZZ=              0.0000  YZZ=             -0.0000
  YYZ=              0.0000  XYZ=              0.0000
 Hexadecapole moment (field-independent basis, Debye-Ang**3):
 XXXX=           -109.5220 YYYY=           -147.4217 ZZZZ=            -18.0429 XXXY=             -1.9344
 XXXZ=             -0.0000 YYYX=             12.6962 YYYZ=             -0.0000 ZZZX=             -0.0000
 ZZZY=             -0.0000 XXYY=            -40.5321 XXZZ=            -19.5366 YYZZ=            -30.5713
 XXYZ=             -0.0000 YYXZ=              0.0000 ZZXY=             -2.2916
 N-N= 1.998924721658D+01 E-N=-5.111308467678D+01  KE= 6.466748480015D+00
 Symmetry AG   KE= 4.908109974927D+00
 Symmetry BG   KE= 0.000000000000D+00
 Symmetry AU   KE= 0.000000000000D+00
 Symmetry BU   KE= 1.558638505088D+00

 Test job not archived.
 1\1\GINC-SULU\Stability\RHF\Gen\H12\LCJ1\17-Feb-2017\0\\#rhf/gen scf(s
 ymm,tight,novaracc,noincfock,fulldiag) stable(crhf) guess=read geom=no
 crowd test\\hf stability analysis of h12 triangular lattice, y= 0.8792
 9848077231665\\0,1\H\H,1,1.0974031572\H,1,1.0974031572,2,73.5\H,2,1.09
 74031572,1,106.5,3,0.,0\H,2,1.0974031572,1,180.,3,0.,0\H,4,1.097403157
 2,3,180.,5,0.,0\H,6,1.0974031572,5,180.,3,0.,0\H,4,1.0974031572,2,180.
 ,3,0.,0\H,3,1.0974031572,1,180.,4,0.,0\H,9,1.0974031572,3,180.,4,0.,0\
 H,8,1.0974031572,4,180.,3,0.,0\H,7,1.0974031572,6,180.,3,0.,0\\Version
 =ES64L-G09RevE.01\State=1-AG\HF=-5.7801241\MP2=-5.9217475\RMSD=2.599e-
 09\Dipole=0.,0.,0.\Quadrupole=0.0154576,0.4401543,-0.4556119,0.,4.5523
 633,0.\PG=C02H [SGH(H12)]\\@


 BE LIKE A POSTAGE STAMP.  STICK TO ONE THING UNTIL
 YOU GET THERE -- JOSH BILLINGS
 Job cpu time:       0 days  0 hours  0 minutes  1.1 seconds.
 File lengths (MBytes):  RWF=     84 Int=      0 D2E=      0 Chk=      2 Scr=      2
 Normal termination of Gaussian 09 at Fri Feb 17 15:03:55 2017.
