 Entering Gaussian System, Link 0=g09
 AtFile(1): H.gbs
            H     0
            S   10   1.00
               1000.000000000000            0.000068713567
                316.227766000000            0.000169141320
                100.000000000000            0.000823394812
                 31.622776600000            0.003425569236
                 10.000000000000            0.013951996000
                  3.162277660000            0.056909313560
                  1.000000000000            0.198286399900
                  0.316227766000            0.496922426700
                  0.100000000000            0.369846276400
                  0.031622776600            0.003752720039
            ****
 Initial command:
 /projects/guscus/apps/gau/g09-e1/g09/l1.exe "/users/lcj1/gaussian/h12/rhfstability/rect/guess/ag4bu2/Gau-28915.inp" -scrdir="/users/lcj1/gaussian/h12/rhfstability/rect/guess/ag4bu2/"
 Entering Link 1 = /projects/guscus/apps/gau/g09-e1/g09/l1.exe PID=     28916.
  
 Copyright (c) 1988,1990,1992,1993,1995,1998,2003,2009,2015,
            Gaussian, Inc.  All Rights Reserved.
  
 This is part of the Gaussian(R) 09 program.  It is based on
 the Gaussian(R) 03 system (copyright 2003, Gaussian, Inc.),
 the Gaussian(R) 98 system (copyright 1998, Gaussian, Inc.),
 the Gaussian(R) 94 system (copyright 1995, Gaussian, Inc.),
 the Gaussian 92(TM) system (copyright 1992, Gaussian, Inc.),
 the Gaussian 90(TM) system (copyright 1990, Gaussian, Inc.),
 the Gaussian 88(TM) system (copyright 1988, Gaussian, Inc.),
 the Gaussian 86(TM) system (copyright 1986, Carnegie Mellon
 University), and the Gaussian 82(TM) system (copyright 1983,
 Carnegie Mellon University). Gaussian is a federally registered
 trademark of Gaussian, Inc.
  
 This software contains proprietary and confidential information,
 including trade secrets, belonging to Gaussian, Inc.
  
 This software is provided under written license and may be
 used, copied, transmitted, or stored only in accord with that
 written license.
  
 The following legend is applicable only to US Government
 contracts under FAR:
  
                    RESTRICTED RIGHTS LEGEND
  
 Use, reproduction and disclosure by the US Government is
 subject to restrictions as set forth in subparagraphs (a)
 and (c) of the Commercial Computer Software - Restricted
 Rights clause in FAR 52.227-19.
  
 Gaussian, Inc.
 340 Quinnipiac St., Bldg. 40, Wallingford CT 06492
  
  
 ---------------------------------------------------------------
 Warning -- This program may not be used in any manner that
 competes with the business of Gaussian, Inc. or will provide
 assistance to any competitor of Gaussian, Inc.  The licensee
 of this program is prohibited from giving any competitor of
 Gaussian, Inc. access to this program.  By using this program,
 the user acknowledges that Gaussian, Inc. is engaged in the
 business of creating and licensing software in the field of
 computational chemistry and represents and warrants to the
 licensee that it is not a competitor of Gaussian, Inc. and that
 it will not use this program in any manner prohibited above.
 ---------------------------------------------------------------
  

 Cite this work as:
 Gaussian 09, Revision E.01,
 M. J. Frisch, G. W. Trucks, H. B. Schlegel, G. E. Scuseria, 
 M. A. Robb, J. R. Cheeseman, G. Scalmani, V. Barone, B. Mennucci, 
 G. A. Petersson, H. Nakatsuji, M. Caricato, X. Li, H. P. Hratchian, 
 A. F. Izmaylov, J. Bloino, G. Zheng, J. L. Sonnenberg, M. Hada, 
 M. Ehara, K. Toyota, R. Fukuda, J. Hasegawa, M. Ishida, T. Nakajima, 
 Y. Honda, O. Kitao, H. Nakai, T. Vreven, J. A. Montgomery, Jr., 
 J. E. Peralta, F. Ogliaro, M. Bearpark, J. J. Heyd, E. Brothers, 
 K. N. Kudin, V. N. Staroverov, T. Keith, R. Kobayashi, J. Normand, 
 K. Raghavachari, A. Rendell, J. C. Burant, S. S. Iyengar, J. Tomasi, 
 M. Cossi, N. Rega, J. M. Millam, M. Klene, J. E. Knox, J. B. Cross, 
 V. Bakken, C. Adamo, J. Jaramillo, R. Gomperts, R. E. Stratmann, 
 O. Yazyev, A. J. Austin, R. Cammi, C. Pomelli, J. W. Ochterski, 
 R. L. Martin, K. Morokuma, V. G. Zakrzewski, G. A. Voth, 
 P. Salvador, J. J. Dannenberg, S. Dapprich, A. D. Daniels, 
 O. Farkas, J. B. Foresman, J. V. Ortiz, J. Cioslowski, 
 and D. J. Fox, Gaussian, Inc., Wallingford CT, 2013.
 
 ******************************************
 Gaussian 09:  ES64L-G09RevE.01 30-Nov-2015
                17-Feb-2017 
 ******************************************
 %chk=h12.chk
 ----------------------------------------------------------------------
 #rhf/gen scf(symm,tight,novaracc,noincfock,fulldiag) stable(crhf) gues
 s=read geom=nocrowd test
 ----------------------------------------------------------------------
 1/38=1/1;
 2/12=1,17=6,18=5,40=1/2;
 3/5=7,16=1,25=1,30=1,116=1/1,2,3;
 4/5=1,9=4/1;
 5/5=100002,15=2,16=1,32=2,38=6/2;
 8/6=1,10=90,11=11/1,4;
 9/8=4,13=1/2;
 6/7=2,8=2,9=2,10=2,28=1/1;
 99/5=1,9=1/99;
 ----------------------------------------------------------------------
 hf stability analysis of h12 triangular lattice, y= 0.7499531690997017
 8
 ----------------------------------------------------------------------
 Symbolic Z-matrix:
 Charge =  0 Multiplicity = 1
 H
 H                    1     1.07475 
 H                    1     1.07475  2     91.5 
 H                    2     1.07475  1     88.5     3     0.       0
 H                    2     1.07475  1     180.     3     0.       0
 H                    4     1.07475  3     180.     5     0.       0
 H                    6     1.07475  5     180.     3     0.       0
 H                    4     1.07475  2     180.     3     0.       0
 H                    3     1.07475  1     180.     4     0.       0
 H                    9     1.07475  3     180.     4     0.       0
 H                    8     1.07475  4     180.     3     0.       0
 H                    7     1.07475  6     180.     3     0.       0
 
                          Input orientation:                          
 ---------------------------------------------------------------------
 Center     Atomic      Atomic             Coordinates (Angstroms)
 Number     Number       Type             X           Y           Z
 ---------------------------------------------------------------------
      1          1           0        0.000000    0.000000    0.000000
      2          1           0        0.000000    0.000000    1.074754
      3          1           0        1.074386    0.000000   -0.028134
      4          1           0        1.074386    0.000000    1.046620
      5          1           0        0.000000    0.000000    2.149508
      6          1           0        1.074386    0.000000    2.121374
      7          1           0        2.148772    0.000000    2.093241
      8          1           0        2.148772    0.000000    1.018487
      9          1           0        2.148772    0.000000   -0.056268
     10          1           0        3.223157    0.000000   -0.084401
     11          1           0        3.223157    0.000000    0.990353
     12          1           0        3.223157    0.000000    2.065107
 ---------------------------------------------------------------------
                    Distance matrix (angstroms):
                    1          2          3          4          5
     1  H    0.000000
     2  H    1.074754   0.000000
     3  H    1.074754   1.539697   0.000000
     4  H    1.499906   1.074754   1.074754   0.000000
     5  H    2.149508   1.074754   2.428256   1.539697   0.000000
     6  H    2.377926   1.499906   2.149508   1.074754   1.074754
     7  H    2.999813   2.377926   2.377926   1.499906   2.149508
     8  H    2.377926   2.149508   1.499906   1.074754   2.428256
     9  H    2.149508   2.428256   1.074754   1.539697   3.079394
    10  H    3.224262   3.425257   2.149508   2.428256   3.921619
    11  H    3.371875   3.224262   2.377926   2.149508   3.425257
    12  H    3.827977   3.371875   2.999813   2.377926   3.224262
                    6          7          8          9         10
     6  H    0.000000
     7  H    1.074754   0.000000
     8  H    1.539697   1.074754   0.000000
     9  H    2.428256   2.149508   1.074754   0.000000
    10  H    3.079394   2.428256   1.539697   1.074754   0.000000
    11  H    2.428256   1.539697   1.074754   1.499906   1.074754
    12  H    2.149508   1.074754   1.499906   2.377926   2.149508
                   11         12
    11  H    0.000000
    12  H    1.074754   0.000000
 Stoichiometry    H12
 Framework group  C2H[SGH(H12)]
 Deg. of freedom    11
 Full point group                 C2H     NOp   4
 Largest Abelian subgroup         C2H     NOp   4
 Largest concise Abelian subgroup C2      NOp   2
                         Standard orientation:                         
 ---------------------------------------------------------------------
 Center     Atomic      Atomic             Coordinates (Angstroms)
 Number     Number       Type             X           Y           Z
 ---------------------------------------------------------------------
      1          1           0        1.074386    1.583997    0.000000
      2          1           0        0.000000    1.612131    0.000000
      3          1           0        1.074386    0.509243   -0.000000
      4          1           0        0.000000    0.537377    0.000000
      5          1           0       -1.074386    1.640265    0.000000
      6          1           0       -1.074386    0.565511    0.000000
      7          1           0       -1.074386   -0.509243   -0.000000
      8          1           0       -0.000000   -0.537377    0.000000
      9          1           0        1.074386   -0.565511    0.000000
     10          1           0        1.074386   -1.640265    0.000000
     11          1           0       -0.000000   -1.612131    0.000000
     12          1           0       -1.074386   -1.583997   -0.000000
 ---------------------------------------------------------------------
 Rotational constants (GHZ):     54.3451698     28.9189935     18.8749583
 General basis read from cards:  (5D, 7F)
 There are     6 symmetry adapted cartesian basis functions of AG  symmetry.
 There are     0 symmetry adapted cartesian basis functions of BG  symmetry.
 There are     0 symmetry adapted cartesian basis functions of AU  symmetry.
 There are     6 symmetry adapted cartesian basis functions of BU  symmetry.
 There are     6 symmetry adapted basis functions of AG  symmetry.
 There are     0 symmetry adapted basis functions of BG  symmetry.
 There are     0 symmetry adapted basis functions of AU  symmetry.
 There are     6 symmetry adapted basis functions of BU  symmetry.
    12 basis functions,   120 primitive gaussians,    12 cartesian basis functions
     6 alpha electrons        6 beta electrons
       nuclear repulsion energy        20.1792682664 Hartrees.
 NAtoms=   12 NActive=   12 NUniq=    6 SFac= 4.00D+00 NAtFMM=   60 NAOKFM=F Big=F
 Integral buffers will be    131072 words long.
 Regular integral format.
 Two-electron integral symmetry is turned on.
 One-electron integrals computed using PRISM.
 NBasis=    12 RedAO= T EigKep=  1.07D-01  NBF=     6     0     0     6
 NBsUse=    12 1.00D-06 EigRej= -1.00D+00 NBFU=     6     0     0     6
 Initial guess from the checkpoint file:  "h12.chk"
 B after Tr=    -0.000000    0.000000    0.000000
         Rot=    0.999668   -0.000000   -0.000000   -0.025779 Ang=  -2.95 deg.
 Initial guess orbital symmetries:
       Occupied  (AG) (BU) (BU) (AG) (AG) (AG)
       Virtual   (BU) (BU) (BU) (AG) (AG) (BU)
 Keep R1 ints in memory in symmetry-blocked form, NReq=903574.
 Requested convergence on RMS density matrix=1.00D-08 within 128 cycles.
 Requested convergence on MAX density matrix=1.00D-06.
 Requested convergence on             energy=1.00D-06.
 No special actions if energy rises.
 SCF Done:  E(RHF) =  -5.85742436091     A.U. after    8 cycles
            NFock=  8  Conv=0.15D-08     -V/T= 1.9143
 Range of M.O.s used for correlation:     1    12
 NBasis=    12 NAE=     6 NBE=     6 NFC=     0 NFV=     0
 NROrb=     12 NOA=     6 NOB=     6 NVA=     6 NVB=     6
 Semi-Direct transformation.
 ModeAB=           4 MOrb=             6 LenV=     134084213
 LASXX=         2181 LTotXX=        2181 LenRXX=        5115
 LTotAB=        2934 MaxLAS=        3024 LenRXY=           0
 NonZer=        7296 LenScr=      655360 LnRSAI=        3024
 LnScr1=      655360 LExtra=           0 Total=      1318859
 MaxDsk=          -1 SrtSym=           T ITran=            3
 JobTyp=0 Pass  1:  I=   1 to   6.
 (rs|ai) integrals will be sorted in core.
 Spin components of T(2) and E(2):
     alpha-alpha T2 =       0.1110546200D-01 E2=     -0.1373560095D-01
     alpha-beta  T2 =       0.7889542961D-01 E2=     -0.1104192742D+00
     beta-beta   T2 =       0.1110546200D-01 E2=     -0.1373560095D-01
 ANorm=    0.1049336149D+01
 E2 =    -0.1378904761D+00 EUMP2 =    -0.59953148370052D+01
 Second order stability test of a single determinant RHF wave function:
 Stabil:  MDV=134217728
 ***********************************************************************
 Matrix         Lowest Root    Major Pairs
 ***********************************************************************
 Internal RHF     0.0836422    Stable
 RRHF --> CRHF    0.0598471    Stable

 RRHF --> RUHF   -0.0692981    6A=8B 5A=7B 4A=9B 4A=7B 5A=9B 3A=10B 2A=11B 6A=7B 
 1A=12B 4A=8B
 Not stable.
 ***********************************************************************

 **********************************************************************

            Population analysis using the SCF density.

 **********************************************************************

 Orbital symmetries:
       Occupied  (AG) (BU) (BU) (AG) (AG) (AG)
       Virtual   (BU) (BU) (BU) (AG) (AG) (BU)
 The electronic state is 1-AG.
 Alpha  occ. eigenvalues --   -0.93777  -0.75466  -0.66508  -0.46280  -0.44874
 Alpha  occ. eigenvalues --   -0.27075
 Alpha virt. eigenvalues --    0.06248   0.18328   0.18798   0.52783   0.56660
 Alpha virt. eigenvalues --    1.00722
          Condensed to atoms (all electrons):
               1          2          3          4          5          6
     1  H    0.741732   0.149198   0.312596  -0.143930  -0.019822  -0.032306
     2  H    0.149198   0.963387  -0.139498   0.186008   0.147684  -0.142807
     3  H    0.312596  -0.139498   0.959906  -0.221299  -0.028849   0.023181
     4  H   -0.143930   0.186008  -0.221299   1.372698  -0.130493  -0.216436
     5  H   -0.019822   0.147684  -0.028849  -0.130493   0.704320   0.307444
     6  H   -0.032306  -0.142807   0.023181  -0.216436   0.307444   0.956817
     7  H    0.011563  -0.074489   0.060611  -0.187169  -0.009136   0.303291
     8  H   -0.071627   0.010007  -0.187169   0.693489  -0.063885  -0.174302
     9  H   -0.010168  -0.068422   0.303291  -0.174302   0.010273   0.056505
    10  H   -0.003314   0.001297  -0.009136  -0.063885   0.006604   0.010273
    11  H    0.001319   0.023974  -0.074489   0.010007   0.001297  -0.068422
    12  H    0.008142   0.001319   0.011563  -0.071627  -0.003314  -0.010168
               7          8          9         10         11         12
     1  H    0.011563  -0.071627  -0.010168  -0.003314   0.001319   0.008142
     2  H   -0.074489   0.010007  -0.068422   0.001297   0.023974   0.001319
     3  H    0.060611  -0.187169   0.303291  -0.009136  -0.074489   0.011563
     4  H   -0.187169   0.693489  -0.174302  -0.063885   0.010007  -0.071627
     5  H   -0.009136  -0.063885   0.010273   0.006604   0.001297  -0.003314
     6  H    0.303291  -0.174302   0.056505   0.010273  -0.068422  -0.010168
     7  H    0.959906  -0.221299   0.023181  -0.028849  -0.139498   0.312596
     8  H   -0.221299   1.372698  -0.216436  -0.130493   0.186008  -0.143930
     9  H    0.023181  -0.216436   0.956817   0.307444  -0.142807  -0.032306
    10  H   -0.028849  -0.130493   0.307444   0.704320   0.147684  -0.019822
    11  H   -0.139498   0.186008  -0.142807   0.147684   0.963387   0.149198
    12  H    0.312596  -0.143930  -0.032306  -0.019822   0.149198   0.741732
 Mulliken charges:
               1
     1  H    0.056617
     2  H   -0.057656
     3  H   -0.010708
     4  H   -0.053061
     5  H    0.077877
     6  H   -0.013070
     7  H   -0.010708
     8  H   -0.053061
     9  H   -0.013070
    10  H    0.077877
    11  H   -0.057656
    12  H    0.056617
 Sum of Mulliken charges =  -0.00000
 Mulliken charges with hydrogens summed into heavy atoms:
               1
 Electronic spatial extent (au):  <R**2>=            131.7546
 Charge=             -0.0000 electrons
 Dipole moment (field-independent basis, Debye):
    X=              0.0000    Y=              0.0000    Z=              0.0000  Tot=              0.0000
 Quadrupole moment (field-independent basis, Debye-Ang):
   XX=            -19.3468   YY=            -15.0628   ZZ=            -15.1971
   XY=             -0.4530   XZ=             -0.0000   YZ=             -0.0000
 Traceless Quadrupole moment (field-independent basis, Debye-Ang):
   XX=             -2.8112   YY=              1.4728   ZZ=              1.3384
   XY=             -0.4530   XZ=             -0.0000   YZ=             -0.0000
 Octapole moment (field-independent basis, Debye-Ang**2):
  XXX=              0.0000  YYY=              0.0000  ZZZ=             -0.0000  XYY=              0.0000
  XXY=             -0.0000  XXZ=             -0.0000  XZZ=              0.0000  YZZ=             -0.0000
  YYZ=             -0.0000  XYZ=              0.0000
 Hexadecapole moment (field-independent basis, Debye-Ang**3):
 XXXX=           -111.6567 YYYY=           -157.8438 ZZZZ=            -18.0263 XXXY=              0.1597
 XXXZ=             -0.0000 YYYX=             -0.9970 YYYZ=              0.0000 ZZZX=             -0.0000
 ZZZY=              0.0000 XXYY=            -41.9049 XXZZ=            -19.9311 YYZZ=            -29.2094
 XXYZ=              0.0000 YYXZ=             -0.0000 ZZXY=              0.2118
 N-N= 2.017926826639D+01 E-N=-5.140026309962D+01  KE= 6.406474760553D+00
 Symmetry AG   KE= 4.855572725675D+00
 Symmetry BG   KE= 0.000000000000D+00
 Symmetry AU   KE= 0.000000000000D+00
 Symmetry BU   KE= 1.550902034877D+00

 Test job not archived.
 1\1\GINC-SULU\Stability\RHF\Gen\H12\LCJ1\17-Feb-2017\0\\#rhf/gen scf(s
 ymm,tight,novaracc,noincfock,fulldiag) stable(crhf) guess=read geom=no
 crowd test\\hf stability analysis of h12 triangular lattice, y= 0.7499
 5316909970178\\0,1\H\H,1,1.0747540927\H,1,1.0747540927,2,91.5\H,2,1.07
 47540927,1,88.5,3,0.,0\H,2,1.0747540927,1,180.,3,0.,0\H,4,1.0747540927
 ,3,180.,5,0.,0\H,6,1.0747540927,5,180.,3,0.,0\H,4,1.0747540927,2,180.,
 3,0.,0\H,3,1.0747540927,1,180.,4,0.,0\H,9,1.0747540927,3,180.,4,0.,0\H
 ,8,1.0747540927,4,180.,3,0.,0\H,7,1.0747540927,6,180.,3,0.,0\\Version=
 ES64L-G09RevE.01\State=1-AG\HF=-5.8574244\MP2=-5.9953148\RMSD=1.481e-0
 9\Dipole=0.,0.,0.\Quadrupole=1.0751584,0.9950989,-2.0702574,0.,-0.4197
 051,0.\PG=C02H [SGH(H12)]\\@


 TIME IS NATURE'S WAY OF MAKING SURE EVERYTHING
 DOESN'T HAPPEN AT ONCE.
                     - WOODY ALLEN
 Job cpu time:       0 days  0 hours  0 minutes  1.1 seconds.
 File lengths (MBytes):  RWF=     84 Int=      0 D2E=      0 Chk=      2 Scr=      2
 Normal termination of Gaussian 09 at Fri Feb 17 15:02:00 2017.
