 Entering Gaussian System, Link 0=g09
 AtFile(1): H.gbs
            H     0
            S   10   1.00
               1000.000000000000            0.000068713567
                316.227766000000            0.000169141320
                100.000000000000            0.000823394812
                 31.622776600000            0.003425569236
                 10.000000000000            0.013951996000
                  3.162277660000            0.056909313560
                  1.000000000000            0.198286399900
                  0.316227766000            0.496922426700
                  0.100000000000            0.369846276400
                  0.031622776600            0.003752720039
            ****
 Initial command:
 /projects/guscus/apps/gau/g09-e1/g09/l1.exe "/users/lcj1/gaussian/h12/rhfstability/rect/guess/ag4bu2/Gau-11465.inp" -scrdir="/users/lcj1/gaussian/h12/rhfstability/rect/guess/ag4bu2/"
 Entering Link 1 = /projects/guscus/apps/gau/g09-e1/g09/l1.exe PID=     11466.
  
 Copyright (c) 1988,1990,1992,1993,1995,1998,2003,2009,2015,
            Gaussian, Inc.  All Rights Reserved.
  
 This is part of the Gaussian(R) 09 program.  It is based on
 the Gaussian(R) 03 system (copyright 2003, Gaussian, Inc.),
 the Gaussian(R) 98 system (copyright 1998, Gaussian, Inc.),
 the Gaussian(R) 94 system (copyright 1995, Gaussian, Inc.),
 the Gaussian 92(TM) system (copyright 1992, Gaussian, Inc.),
 the Gaussian 90(TM) system (copyright 1990, Gaussian, Inc.),
 the Gaussian 88(TM) system (copyright 1988, Gaussian, Inc.),
 the Gaussian 86(TM) system (copyright 1986, Carnegie Mellon
 University), and the Gaussian 82(TM) system (copyright 1983,
 Carnegie Mellon University). Gaussian is a federally registered
 trademark of Gaussian, Inc.
  
 This software contains proprietary and confidential information,
 including trade secrets, belonging to Gaussian, Inc.
  
 This software is provided under written license and may be
 used, copied, transmitted, or stored only in accord with that
 written license.
  
 The following legend is applicable only to US Government
 contracts under FAR:
  
                    RESTRICTED RIGHTS LEGEND
  
 Use, reproduction and disclosure by the US Government is
 subject to restrictions as set forth in subparagraphs (a)
 and (c) of the Commercial Computer Software - Restricted
 Rights clause in FAR 52.227-19.
  
 Gaussian, Inc.
 340 Quinnipiac St., Bldg. 40, Wallingford CT 06492
  
  
 ---------------------------------------------------------------
 Warning -- This program may not be used in any manner that
 competes with the business of Gaussian, Inc. or will provide
 assistance to any competitor of Gaussian, Inc.  The licensee
 of this program is prohibited from giving any competitor of
 Gaussian, Inc. access to this program.  By using this program,
 the user acknowledges that Gaussian, Inc. is engaged in the
 business of creating and licensing software in the field of
 computational chemistry and represents and warrants to the
 licensee that it is not a competitor of Gaussian, Inc. and that
 it will not use this program in any manner prohibited above.
 ---------------------------------------------------------------
  

 Cite this work as:
 Gaussian 09, Revision E.01,
 M. J. Frisch, G. W. Trucks, H. B. Schlegel, G. E. Scuseria, 
 M. A. Robb, J. R. Cheeseman, G. Scalmani, V. Barone, B. Mennucci, 
 G. A. Petersson, H. Nakatsuji, M. Caricato, X. Li, H. P. Hratchian, 
 A. F. Izmaylov, J. Bloino, G. Zheng, J. L. Sonnenberg, M. Hada, 
 M. Ehara, K. Toyota, R. Fukuda, J. Hasegawa, M. Ishida, T. Nakajima, 
 Y. Honda, O. Kitao, H. Nakai, T. Vreven, J. A. Montgomery, Jr., 
 J. E. Peralta, F. Ogliaro, M. Bearpark, J. J. Heyd, E. Brothers, 
 K. N. Kudin, V. N. Staroverov, T. Keith, R. Kobayashi, J. Normand, 
 K. Raghavachari, A. Rendell, J. C. Burant, S. S. Iyengar, J. Tomasi, 
 M. Cossi, N. Rega, J. M. Millam, M. Klene, J. E. Knox, J. B. Cross, 
 V. Bakken, C. Adamo, J. Jaramillo, R. Gomperts, R. E. Stratmann, 
 O. Yazyev, A. J. Austin, R. Cammi, C. Pomelli, J. W. Ochterski, 
 R. L. Martin, K. Morokuma, V. G. Zakrzewski, G. A. Voth, 
 P. Salvador, J. J. Dannenberg, S. Dapprich, A. D. Daniels, 
 O. Farkas, J. B. Foresman, J. V. Ortiz, J. Cioslowski, 
 and D. J. Fox, Gaussian, Inc., Wallingford CT, 2013.
 
 ******************************************
 Gaussian 09:  ES64L-G09RevE.01 30-Nov-2015
                17-Feb-2017 
 ******************************************
 %chk=h12.chk
 ----------------------------------------------------------------------
 #rhf/gen scf(symm,tight,novaracc,noincfock,fulldiag) stable(crhf) gues
 s=read geom=nocrowd test
 ----------------------------------------------------------------------
 1/38=1/1;
 2/12=1,17=6,18=5,40=1/2;
 3/5=7,16=1,25=1,30=1,116=1/1,2,3;
 4/5=1,9=4/1;
 5/5=100002,15=2,16=1,32=2,38=6/2;
 8/6=1,10=90,11=11/1,4;
 9/8=4,13=1/2;
 6/7=2,8=2,9=2,10=2,28=1/1;
 99/5=1,9=1/99;
 ----------------------------------------------------------------------
 hf stability analysis of h12 triangular lattice, y= 1.4307794800386300
 ----------------------------------------------------------------------
 Symbolic Z-matrix:
 Charge =  0 Multiplicity = 1
 H
 H                    1     1.48659 
 H                    1     1.48659  2     31.5 
 H                    2     1.48659  1     148.5    3     0.       0
 H                    2     1.48659  1     180.     3     0.       0
 H                    4     1.48659  3     180.     5     0.       0
 H                    6     1.48659  5     180.     3     0.       0
 H                    4     1.48659  2     180.     3     0.       0
 H                    3     1.48659  1     180.     4     0.       0
 H                    9     1.48659  3     180.     4     0.       0
 H                    8     1.48659  4     180.     3     0.       0
 H                    7     1.48659  6     180.     3     0.       0
 
                          Input orientation:                          
 ---------------------------------------------------------------------
 Center     Atomic      Atomic             Coordinates (Angstroms)
 Number     Number       Type             X           Y           Z
 ---------------------------------------------------------------------
      1          1           0        0.000000    0.000000    0.000000
      2          1           0        0.000000    0.000000    1.486593
      3          1           0        0.776743    0.000000    1.267529
      4          1           0        0.776743    0.000000    2.754122
      5          1           0        0.000000    0.000000    2.973187
      6          1           0        0.776743    0.000000    4.240716
      7          1           0        1.553486    0.000000    5.508245
      8          1           0        1.553486    0.000000    4.021651
      9          1           0        1.553486    0.000000    2.535058
     10          1           0        2.330229    0.000000    3.802587
     11          1           0        2.330229    0.000000    5.289181
     12          1           0        2.330229    0.000000    6.775774
 ---------------------------------------------------------------------
                    Distance matrix (angstroms):
                    1          2          3          4          5
     1  H    0.000000
     2  H    1.486593   0.000000
     3  H    1.486593   0.807043   0.000000
     4  H    2.861559   1.486593   1.486593   0.000000
     5  H    2.973187   1.486593   1.874192   0.807043   0.000000
     6  H    4.311264   2.861559   2.973187   1.486593   1.486593
     7  H    5.723118   4.311264   4.311264   2.861559   2.973187
     8  H    4.311264   2.973187   2.861559   1.486593   1.874192
     9  H    2.973187   1.874192   1.486593   0.807043   1.614086
    10  H    4.459780   3.285391   2.973187   1.874192   2.473433
    11  H    5.779740   4.459780   4.311264   2.973187   3.285391
    12  H    7.165269   5.779740   5.723118   4.311264   4.459780
                    6          7          8          9         10
     6  H    0.000000
     7  H    1.486593   0.000000
     8  H    0.807043   1.486593   0.000000
     9  H    1.874192   2.973187   1.486593   0.000000
    10  H    1.614086   1.874192   0.807043   1.486593   0.000000
    11  H    1.874192   0.807043   1.486593   2.861559   1.486593
    12  H    2.973187   1.486593   2.861559   4.311264   2.973187
                   11         12
    11  H    0.000000
    12  H    1.486593   0.000000
 Stoichiometry    H12
 Framework group  C2H[SGH(H12)]
 Deg. of freedom    11
 Full point group                 C2H     NOp   4
 Largest Abelian subgroup         C2H     NOp   4
 Largest concise Abelian subgroup C2      NOp   2
                         Standard orientation:                         
 ---------------------------------------------------------------------
 Center     Atomic      Atomic             Coordinates (Angstroms)
 Number     Number       Type             X           Y           Z
 ---------------------------------------------------------------------
      1          1           0        0.776743    3.497419    0.000000
      2          1           0        0.000000    2.229890    0.000000
      3          1           0        0.776743    2.010826    0.000000
      4          1           0        0.000000    0.743297    0.000000
      5          1           0       -0.776743    0.962361    0.000000
      6          1           0       -0.776743   -0.524232    0.000000
      7          1           0       -0.776743   -2.010826   -0.000000
      8          1           0       -0.000000   -0.743297   -0.000000
      9          1           0        0.776743    0.524232    0.000000
     10          1           0        0.776743   -0.962361    0.000000
     11          1           0       -0.000000   -2.229890   -0.000000
     12          1           0       -0.776743   -3.497419   -0.000000
 ---------------------------------------------------------------------
 Rotational constants (GHZ):    148.7366889     10.5663724      9.8655181
 General basis read from cards:  (5D, 7F)
 There are     6 symmetry adapted cartesian basis functions of AG  symmetry.
 There are     0 symmetry adapted cartesian basis functions of BG  symmetry.
 There are     0 symmetry adapted cartesian basis functions of AU  symmetry.
 There are     6 symmetry adapted cartesian basis functions of BU  symmetry.
 There are     6 symmetry adapted basis functions of AG  symmetry.
 There are     0 symmetry adapted basis functions of BG  symmetry.
 There are     0 symmetry adapted basis functions of AU  symmetry.
 There are     6 symmetry adapted basis functions of BU  symmetry.
    12 basis functions,   120 primitive gaussians,    12 cartesian basis functions
     6 alpha electrons        6 beta electrons
       nuclear repulsion energy        17.7003002655 Hartrees.
 NAtoms=   12 NActive=   12 NUniq=    6 SFac= 4.00D+00 NAtFMM=   60 NAOKFM=F Big=F
 Integral buffers will be    131072 words long.
 Regular integral format.
 Two-electron integral symmetry is turned on.
 One-electron integrals computed using PRISM.
 NBasis=    12 RedAO= T EigKep=  1.19D-01  NBF=     6     0     0     6
 NBsUse=    12 1.00D-06 EigRej= -1.00D+00 NBFU=     6     0     0     6
 Initial guess from the checkpoint file:  "h12.chk"
 B after Tr=    -0.000000    0.000000    0.000000
         Rot=    0.980713   -0.000000    0.000000   -0.195456 Ang= -22.54 deg.
 Initial guess orbital symmetries:
       Occupied  (AG) (BU) (BU) (AG) (AG) (AG)
       Virtual   (BU) (BU) (BU) (AG) (AG) (BU)
 Keep R1 ints in memory in symmetry-blocked form, NReq=898660.
 Requested convergence on RMS density matrix=1.00D-08 within 128 cycles.
 Requested convergence on MAX density matrix=1.00D-06.
 Requested convergence on             energy=1.00D-06.
 No special actions if energy rises.
 SCF Done:  E(RHF) =  -5.38499753514     A.U. after   16 cycles
            NFock= 16  Conv=0.97D-08     -V/T= 1.7767
 Range of M.O.s used for correlation:     1    12
 NBasis=    12 NAE=     6 NBE=     6 NFC=     0 NFV=     0
 NROrb=     12 NOA=     6 NOB=     6 NVA=     6 NVB=     6

 **** Warning!!: The smallest alpha delta epsilon is -0.82756987D-01

 Semi-Direct transformation.
 ModeAB=           4 MOrb=             6 LenV=     134089463
 LASXX=         2181 LTotXX=        2181 LenRXX=        5115
 LTotAB=        2934 MaxLAS=        3024 LenRXY=           0
 NonZer=        7296 LenScr=      655360 LnRSAI=        3024
 LnScr1=      655360 LExtra=           0 Total=      1318859
 MaxDsk=          -1 SrtSym=           T ITran=            3
 JobTyp=0 Pass  1:  I=   1 to   6.
 (rs|ai) integrals will be sorted in core.
 Spin components of T(2) and E(2):
     alpha-alpha T2 =       0.5788261373D-01 E2=     -0.1494759029D-01
     alpha-beta  T2 =       0.1777293064D+02 E2=     -0.6978186799D+00
     beta-beta   T2 =       0.5788261373D-01 E2=     -0.1494759029D-01
 ANorm=    0.4346112730D+01
 E2 =    -0.7277138605D+00 EUMP2 =    -0.61127113956191D+01
 Second order stability test of a single determinant RHF wave function:
 Stabil:  MDV=134217728
 ***********************************************************************
 Matrix         Lowest Root    Major Pairs
 ***********************************************************************
 Internal RHF    -0.2435572    6A=7A
 RRHF --> CRHF   -0.2508181    6A=7A
 RRHF --> RUHF   -0.5014373    6A=8B
 Not stable.
 ***********************************************************************

 **********************************************************************

            Population analysis using the SCF density.

 **********************************************************************

 Orbital symmetries:
       Occupied  (AG) (BU) (AG) (BU) (AG) (AG)
       Virtual   (BU) (BU) (BU) (AG) (AG) (BU)
 The electronic state is 1-AG.
 Alpha  occ. eigenvalues --   -0.90887  -0.78157  -0.60727  -0.52520  -0.26678
 Alpha  occ. eigenvalues --   -0.12270
 Alpha virt. eigenvalues --   -0.20546  -0.02488   0.39388   0.44328   0.56158
 Alpha virt. eigenvalues --    0.76842
          Condensed to atoms (all electrons):
               1          2          3          4          5          6
     1  H    1.287362  -0.071916  -0.083221  -0.005078  -0.003392   0.000707
     2  H   -0.071916   0.725063   0.449983  -0.095867   0.029966  -0.023211
     3  H   -0.083221   0.449983   0.893354  -0.124097  -0.139813   0.013322
     4  H   -0.005078  -0.095867  -0.124097   0.977145   0.396029  -0.043857
     5  H   -0.003392   0.029966  -0.139813   0.396029   1.298461  -0.383022
     6  H    0.000707  -0.023211   0.013322  -0.043857  -0.383022   0.957324
     7  H   -0.000292   0.000455   0.001944   0.000042  -0.014646   0.059357
     8  H    0.001449   0.000652   0.000042  -0.098316  -0.064611   0.247848
     9  H    0.000868  -0.092102   0.059357   0.247848  -0.236421   0.198102
    10  H    0.000887   0.013522  -0.014646  -0.064611   0.091541  -0.236421
    11  H   -0.000228   0.001336   0.000455   0.000652   0.013522  -0.092102
    12  H    0.000061  -0.000228  -0.000292   0.001449   0.000887   0.000868
               7          8          9         10         11         12
     1  H   -0.000292   0.001449   0.000868   0.000887  -0.000228   0.000061
     2  H    0.000455   0.000652  -0.092102   0.013522   0.001336  -0.000228
     3  H    0.001944   0.000042   0.059357  -0.014646   0.000455  -0.000292
     4  H    0.000042  -0.098316   0.247848  -0.064611   0.000652   0.001449
     5  H   -0.014646  -0.064611  -0.236421   0.091541   0.013522   0.000887
     6  H    0.059357   0.247848   0.198102  -0.236421  -0.092102   0.000868
     7  H    0.893354  -0.124097   0.013322  -0.139813   0.449983  -0.083221
     8  H   -0.124097   0.977145  -0.043857   0.396029  -0.095867  -0.005078
     9  H    0.013322  -0.043857   0.957324  -0.383022  -0.023211   0.000707
    10  H   -0.139813   0.396029  -0.383022   1.298461   0.029966  -0.003392
    11  H    0.449983  -0.095867  -0.023211   0.029966   0.725063  -0.071916
    12  H   -0.083221  -0.005078   0.000707  -0.003392  -0.071916   1.287362
 Mulliken charges:
               1
     1  H   -0.127206
     2  H    0.062349
     3  H   -0.056389
     4  H   -0.191339
     5  H    0.011500
     6  H    0.301084
     7  H   -0.056389
     8  H   -0.191339
     9  H    0.301084
    10  H    0.011500
    11  H    0.062349
    12  H   -0.127206
 Sum of Mulliken charges =   0.00000
 Mulliken charges with hydrogens summed into heavy atoms:
               1
 Electronic spatial extent (au):  <R**2>=            230.3777
 Charge=             -0.0000 electrons
 Dipole moment (field-independent basis, Debye):
    X=              0.0000    Y=             -0.0000    Z=              0.0000  Tot=              0.0000
 Quadrupole moment (field-independent basis, Debye-Ang):
   XX=            -14.4378   YY=            -36.4779   ZZ=            -14.8077
   XY=             -4.1113   XZ=             -0.0000   YZ=             -0.0000
 Traceless Quadrupole moment (field-independent basis, Debye-Ang):
   XX=              7.4700   YY=            -14.5701   ZZ=              7.1001
   XY=             -4.1113   XZ=             -0.0000   YZ=             -0.0000
 Octapole moment (field-independent basis, Debye-Ang**2):
  XXX=              0.0000  YYY=             -0.0000  ZZZ=             -0.0000  XYY=             -0.0000
  XXY=             -0.0000  XXZ=             -0.0000  XZZ=              0.0000  YZZ=             -0.0000
  YYZ=              0.0000  XYZ=              0.0000
 Hexadecapole moment (field-independent basis, Debye-Ang**3):
 XXXX=            -52.1209 YYYY=           -681.5059 ZZZZ=            -17.3385 XXXY=            -36.3885
 XXXZ=             -0.0000 YYYX=           -100.9889 YYYZ=             -0.0000 ZZZX=             -0.0000
 ZZZY=             -0.0000 XXYY=            -93.1129 XXZZ=            -11.7146 YYZZ=            -71.4373
 XXYZ=             -0.0000 YYXZ=             -0.0000 ZZXY=            -11.5240
 N-N= 1.770030026551D+01 E-N=-4.667897264708D+01  KE= 6.933169953267D+00
 Symmetry AG   KE= 4.762187020873D+00
 Symmetry BG   KE= 0.000000000000D+00
 Symmetry AU   KE= 0.000000000000D+00
 Symmetry BU   KE= 2.170982932394D+00

 Test job not archived.
 1\1\GINC-SULU\Stability\RHF\Gen\H12\LCJ1\17-Feb-2017\0\\#rhf/gen scf(s
 ymm,tight,novaracc,noincfock,fulldiag) stable(crhf) guess=read geom=no
 crowd test\\hf stability analysis of h12 triangular lattice, y= 1.4307
 794800386300\\0,1\H\H,1,1.4865932578\H,1,1.4865932578,2,31.5\H,2,1.486
 5932578,1,148.5,3,0.,0\H,2,1.4865932578,1,180.,3,0.,0\H,4,1.4865932578
 ,3,180.,5,0.,0\H,6,1.4865932578,5,180.,3,0.,0\H,4,1.4865932578,2,180.,
 3,0.,0\H,3,1.4865932578,1,180.,4,0.,0\H,9,1.4865932578,3,180.,4,0.,0\H
 ,8,1.4865932578,4,180.,3,0.,0\H,7,1.4865932578,6,180.,3,0.,0\\Version=
 ES64L-G09RevE.01\State=1-AG\HF=-5.3849975\MP2=-6.1127114\RMSD=9.672e-0
 9\Dipole=0.,0.,0.\Quadrupole=3.8037411,5.2787395,-9.0824806,0.,-5.9124
 169,0.\PG=C02H [SGH(H12)]\\@


 WE LEARN WISDOM FROM FAILURE MUCH MORE THAN FROM SUCCESS.
 WE DISCOVER WHAT WILL DO BY FINDING OUT WHAT WILL NOT DO...
 AND HE WHO NEVER MADE A MISTAKE NEVER MADE A DISCOVERY
 Job cpu time:       0 days  0 hours  0 minutes  1.0 seconds.
 File lengths (MBytes):  RWF=     84 Int=      0 D2E=      0 Chk=      2 Scr=      2
 Normal termination of Gaussian 09 at Fri Feb 17 15:08:16 2017.
