 Entering Gaussian System, Link 0=g09
 AtFile(1): H.gbs
            H     0
            S   10   1.00
               1000.000000000000            0.000068713567
                316.227766000000            0.000169141320
                100.000000000000            0.000823394812
                 31.622776600000            0.003425569236
                 10.000000000000            0.013951996000
                  3.162277660000            0.056909313560
                  1.000000000000            0.198286399900
                  0.316227766000            0.496922426700
                  0.100000000000            0.369846276400
                  0.031622776600            0.003752720039
            ****
 Initial command:
 /projects/guscus/apps/gau/g09-e1/g09/l1.exe "/users/lcj1/gaussian/h12/rhfstability/rect/guess/ag4bu2/Gau-30998.inp" -scrdir="/users/lcj1/gaussian/h12/rhfstability/rect/guess/ag4bu2/"
 Entering Link 1 = /projects/guscus/apps/gau/g09-e1/g09/l1.exe PID=     30999.
  
 Copyright (c) 1988,1990,1992,1993,1995,1998,2003,2009,2015,
            Gaussian, Inc.  All Rights Reserved.
  
 This is part of the Gaussian(R) 09 program.  It is based on
 the Gaussian(R) 03 system (copyright 2003, Gaussian, Inc.),
 the Gaussian(R) 98 system (copyright 1998, Gaussian, Inc.),
 the Gaussian(R) 94 system (copyright 1995, Gaussian, Inc.),
 the Gaussian 92(TM) system (copyright 1992, Gaussian, Inc.),
 the Gaussian 90(TM) system (copyright 1990, Gaussian, Inc.),
 the Gaussian 88(TM) system (copyright 1988, Gaussian, Inc.),
 the Gaussian 86(TM) system (copyright 1986, Carnegie Mellon
 University), and the Gaussian 82(TM) system (copyright 1983,
 Carnegie Mellon University). Gaussian is a federally registered
 trademark of Gaussian, Inc.
  
 This software contains proprietary and confidential information,
 including trade secrets, belonging to Gaussian, Inc.
  
 This software is provided under written license and may be
 used, copied, transmitted, or stored only in accord with that
 written license.
  
 The following legend is applicable only to US Government
 contracts under FAR:
  
                    RESTRICTED RIGHTS LEGEND
  
 Use, reproduction and disclosure by the US Government is
 subject to restrictions as set forth in subparagraphs (a)
 and (c) of the Commercial Computer Software - Restricted
 Rights clause in FAR 52.227-19.
  
 Gaussian, Inc.
 340 Quinnipiac St., Bldg. 40, Wallingford CT 06492
  
  
 ---------------------------------------------------------------
 Warning -- This program may not be used in any manner that
 competes with the business of Gaussian, Inc. or will provide
 assistance to any competitor of Gaussian, Inc.  The licensee
 of this program is prohibited from giving any competitor of
 Gaussian, Inc. access to this program.  By using this program,
 the user acknowledges that Gaussian, Inc. is engaged in the
 business of creating and licensing software in the field of
 computational chemistry and represents and warrants to the
 licensee that it is not a competitor of Gaussian, Inc. and that
 it will not use this program in any manner prohibited above.
 ---------------------------------------------------------------
  

 Cite this work as:
 Gaussian 09, Revision E.01,
 M. J. Frisch, G. W. Trucks, H. B. Schlegel, G. E. Scuseria, 
 M. A. Robb, J. R. Cheeseman, G. Scalmani, V. Barone, B. Mennucci, 
 G. A. Petersson, H. Nakatsuji, M. Caricato, X. Li, H. P. Hratchian, 
 A. F. Izmaylov, J. Bloino, G. Zheng, J. L. Sonnenberg, M. Hada, 
 M. Ehara, K. Toyota, R. Fukuda, J. Hasegawa, M. Ishida, T. Nakajima, 
 Y. Honda, O. Kitao, H. Nakai, T. Vreven, J. A. Montgomery, Jr., 
 J. E. Peralta, F. Ogliaro, M. Bearpark, J. J. Heyd, E. Brothers, 
 K. N. Kudin, V. N. Staroverov, T. Keith, R. Kobayashi, J. Normand, 
 K. Raghavachari, A. Rendell, J. C. Burant, S. S. Iyengar, J. Tomasi, 
 M. Cossi, N. Rega, J. M. Millam, M. Klene, J. E. Knox, J. B. Cross, 
 V. Bakken, C. Adamo, J. Jaramillo, R. Gomperts, R. E. Stratmann, 
 O. Yazyev, A. J. Austin, R. Cammi, C. Pomelli, J. W. Ochterski, 
 R. L. Martin, K. Morokuma, V. G. Zakrzewski, G. A. Voth, 
 P. Salvador, J. J. Dannenberg, S. Dapprich, A. D. Daniels, 
 O. Farkas, J. B. Foresman, J. V. Ortiz, J. Cioslowski, 
 and D. J. Fox, Gaussian, Inc., Wallingford CT, 2013.
 
 ******************************************
 Gaussian 09:  ES64L-G09RevE.01 30-Nov-2015
                17-Feb-2017 
 ******************************************
 %chk=h12.chk
 ----------------------------------------------------------------------
 #rhf/gen scf(symm,tight,novaracc,noincfock,fulldiag) stable(crhf) gues
 s=read geom=nocrowd test
 ----------------------------------------------------------------------
 1/38=1/1;
 2/12=1,17=6,18=5,40=1/2;
 3/5=7,16=1,25=1,30=1,116=1/1,2,3;
 4/5=1,9=4/1;
 5/5=100002,15=2,16=1,32=2,38=6/2;
 8/6=1,10=90,11=11/1,4;
 9/8=4,13=1/2;
 6/7=2,8=2,9=2,10=2,28=1/1;
 99/5=1,9=1/99;
 ----------------------------------------------------------------------
 hf stability analysis of h12 triangular lattice, y= 0.8078216382370341
 2
 ----------------------------------------------------------------------
 Symbolic Z-matrix:
 Charge =  0 Multiplicity = 1
 H
 H                    1     1.0786 
 H                    1     1.0786   2     83. 
 H                    2     1.0786   1     97.      3     0.       0
 H                    2     1.0786   1     180.     3     0.       0
 H                    4     1.0786   3     180.     5     0.       0
 H                    6     1.0786   5     180.     3     0.       0
 H                    4     1.0786   2     180.     3     0.       0
 H                    3     1.0786   1     180.     4     0.       0
 H                    9     1.0786   3     180.     4     0.       0
 H                    8     1.0786   4     180.     3     0.       0
 H                    7     1.0786   6     180.     3     0.       0
 
                          Input orientation:                          
 ---------------------------------------------------------------------
 Center     Atomic      Atomic             Coordinates (Angstroms)
 Number     Number       Type             X           Y           Z
 ---------------------------------------------------------------------
      1          1           0        0.000000    0.000000    0.000000
      2          1           0        0.000000    0.000000    1.078597
      3          1           0        1.070558    0.000000    0.131448
      4          1           0        1.070558    0.000000    1.210045
      5          1           0        0.000000    0.000000    2.157195
      6          1           0        1.070558    0.000000    2.288643
      7          1           0        2.141115    0.000000    2.420090
      8          1           0        2.141115    0.000000    1.341493
      9          1           0        2.141115    0.000000    0.262896
     10          1           0        3.211673    0.000000    0.394344
     11          1           0        3.211673    0.000000    1.472941
     12          1           0        3.211673    0.000000    2.551538
 ---------------------------------------------------------------------
                    Distance matrix (angstroms):
                    1          2          3          4          5
     1  H    0.000000
     2  H    1.078597   0.000000
     3  H    1.078597   1.429400   0.000000
     4  H    1.615643   1.078597   1.078597   0.000000
     5  H    2.157195   1.078597   2.291232   1.429400   0.000000
     6  H    2.526654   1.615643   2.157195   1.078597   1.078597
     7  H    3.231286   2.526654   2.526654   1.615643   2.157195
     8  H    2.526654   2.157195   1.615643   1.078597   2.291232
     9  H    2.157195   2.291232   1.078597   1.429400   2.858801
    10  H    3.235792   3.283755   2.157195   2.291232   3.663671
    11  H    3.533327   3.235792   2.526654   2.157195   3.283755
    12  H    4.101852   3.533327   3.231286   2.526654   3.235792
                    6          7          8          9         10
     6  H    0.000000
     7  H    1.078597   0.000000
     8  H    1.429400   1.078597   0.000000
     9  H    2.291232   2.157195   1.078597   0.000000
    10  H    2.858801   2.291232   1.429400   1.078597   0.000000
    11  H    2.291232   1.429400   1.078597   1.615643   1.078597
    12  H    2.157195   1.078597   1.615643   2.526654   2.157195
                   11         12
    11  H    0.000000
    12  H    1.078597   0.000000
 Stoichiometry    H12
 Framework group  C2H[SGH(H12)]
 Deg. of freedom    11
 Full point group                 C2H     NOp   4
 Largest Abelian subgroup         C2H     NOp   4
 Largest concise Abelian subgroup C2      NOp   2
                         Standard orientation:                         
 ---------------------------------------------------------------------
 Center     Atomic      Atomic             Coordinates (Angstroms)
 Number     Number       Type             X           Y           Z
 ---------------------------------------------------------------------
      1          1           0        1.070558    1.749344   -0.000000
      2          1           0        0.000000    1.617896   -0.000000
      3          1           0        1.070558    0.670747   -0.000000
      4          1           0        0.000000    0.539299   -0.000000
      5          1           0       -1.070558    1.486448   -0.000000
      6          1           0       -1.070558    0.407851   -0.000000
      7          1           0       -1.070558   -0.670747    0.000000
      8          1           0       -0.000000   -0.539299   -0.000000
      9          1           0        1.070558   -0.407851   -0.000000
     10          1           0        1.070558   -1.486448   -0.000000
     11          1           0       -0.000000   -1.617896   -0.000000
     12          1           0       -1.070558   -1.749344    0.000000
 ---------------------------------------------------------------------
 Rotational constants (GHZ):     55.5885895     28.2721257     18.7406891
 General basis read from cards:  (5D, 7F)
 There are     6 symmetry adapted cartesian basis functions of AG  symmetry.
 There are     0 symmetry adapted cartesian basis functions of BG  symmetry.
 There are     0 symmetry adapted cartesian basis functions of AU  symmetry.
 There are     6 symmetry adapted cartesian basis functions of BU  symmetry.
 There are     6 symmetry adapted basis functions of AG  symmetry.
 There are     0 symmetry adapted basis functions of BG  symmetry.
 There are     0 symmetry adapted basis functions of AU  symmetry.
 There are     6 symmetry adapted basis functions of BU  symmetry.
    12 basis functions,   120 primitive gaussians,    12 cartesian basis functions
     6 alpha electrons        6 beta electrons
       nuclear repulsion energy        20.1464209014 Hartrees.
 NAtoms=   12 NActive=   12 NUniq=    6 SFac= 4.00D+00 NAtFMM=   60 NAOKFM=F Big=F
 Integral buffers will be    131072 words long.
 Regular integral format.
 Two-electron integral symmetry is turned on.
 One-electron integrals computed using PRISM.
 NBasis=    12 RedAO= T EigKep=  1.11D-01  NBF=     6     0     0     6
 NBsUse=    12 1.00D-06 EigRej= -1.00D+00 NBFU=     6     0     0     6
 Initial guess from the checkpoint file:  "h12.chk"
 B after Tr=    -0.000000   -0.000000   -0.000000
         Rot=    0.998677    0.000000   -0.000000   -0.051427 Ang=  -5.90 deg.
 Initial guess orbital symmetries:
       Occupied  (AG) (BU) (BU) (AG) (AG) (AG)
       Virtual   (BU) (BU) (BU) (AG) (AG) (BU)
 Keep R1 ints in memory in symmetry-blocked form, NReq=903840.
 Requested convergence on RMS density matrix=1.00D-08 within 128 cycles.
 Requested convergence on MAX density matrix=1.00D-06.
 Requested convergence on             energy=1.00D-06.
 No special actions if energy rises.
 SCF Done:  E(RHF) =  -5.84459893651     A.U. after    8 cycles
            NFock=  8  Conv=0.65D-08     -V/T= 1.9109
 Range of M.O.s used for correlation:     1    12
 NBasis=    12 NAE=     6 NBE=     6 NFC=     0 NFV=     0
 NROrb=     12 NOA=     6 NOB=     6 NVA=     6 NVB=     6
 Semi-Direct transformation.
 ModeAB=           4 MOrb=             6 LenV=     134084311
 LASXX=         2181 LTotXX=        2181 LenRXX=        5115
 LTotAB=        2934 MaxLAS=        3024 LenRXY=           0
 NonZer=        7296 LenScr=      655360 LnRSAI=        3024
 LnScr1=      655360 LExtra=           0 Total=      1318859
 MaxDsk=          -1 SrtSym=           T ITran=            3
 JobTyp=0 Pass  1:  I=   1 to   6.
 (rs|ai) integrals will be sorted in core.
 Spin components of T(2) and E(2):
     alpha-alpha T2 =       0.1113288370D-01 E2=     -0.1374811640D-01
     alpha-beta  T2 =       0.7972639704D-01 E2=     -0.1109956170D+00
     beta-beta   T2 =       0.1113288370D-01 E2=     -0.1374811640D-01
 ANorm=    0.1049758146D+01
 E2 =    -0.1384918498D+00 EUMP2 =    -0.59830907863546D+01
 Second order stability test of a single determinant RHF wave function:
 Stabil:  MDV=134217728
 ***********************************************************************
 Matrix         Lowest Root    Major Pairs
 ***********************************************************************
 Internal RHF     0.0608907    Stable
 RRHF --> CRHF    0.0321016    Stable


 RRHF --> RUHF   -0.0772817    6A=7B 6A=9B 6A=8B 4A=7B 4A=9B 5A=7B 5A=9B 3A=10B 2
 A=10B 1A=12B 5A=8B 4A=8B 1A=9B 2A=11B 3A=11B 6A=12B
 Not stable.
 ***********************************************************************

 **********************************************************************

            Population analysis using the SCF density.

 **********************************************************************

 Orbital symmetries:
       Occupied  (AG) (BU) (BU) (AG) (AG) (AG)
       Virtual   (BU) (BU) (BU) (AG) (AG) (BU)
 The electronic state is 1-AG.
 Alpha  occ. eigenvalues --   -0.93559  -0.75534  -0.65973  -0.48060  -0.42897
 Alpha  occ. eigenvalues --   -0.26352
 Alpha virt. eigenvalues --    0.04335   0.18734   0.20978   0.48021   0.60150
 Alpha virt. eigenvalues --    0.97771
          Condensed to atoms (all electrons):
               1          2          3          4          5          6
     1  H    0.642069   0.143515   0.297874  -0.109482  -0.019362  -0.023013
     2  H    0.143515   0.966272  -0.149207   0.188225   0.150586  -0.133666
     3  H    0.297874  -0.149207   0.953418  -0.208118  -0.039129   0.023454
     4  H   -0.109482   0.188225  -0.208118   1.382561  -0.172844  -0.230949
     5  H   -0.019362   0.150586  -0.039129  -0.172844   0.817473   0.321901
     6  H   -0.023013  -0.133666   0.023454  -0.230949   0.321901   0.968555
     7  H    0.008142  -0.058254   0.049321  -0.152721  -0.011666   0.304035
     8  H   -0.051597   0.010891  -0.152721   0.697295  -0.088032  -0.213128
     9  H   -0.006867  -0.086687   0.304035  -0.213128   0.014168   0.068566
    10  H   -0.003154   0.001231  -0.011666  -0.088032   0.011766   0.014168
    11  H    0.001164   0.023663  -0.058254   0.010891   0.001231  -0.086687
    12  H    0.004416   0.001164   0.008142  -0.051597  -0.003154  -0.006867
               7          8          9         10         11         12
     1  H    0.008142  -0.051597  -0.006867  -0.003154   0.001164   0.004416
     2  H   -0.058254   0.010891  -0.086687   0.001231   0.023663   0.001164
     3  H    0.049321  -0.152721   0.304035  -0.011666  -0.058254   0.008142
     4  H   -0.152721   0.697295  -0.213128  -0.088032   0.010891  -0.051597
     5  H   -0.011666  -0.088032   0.014168   0.011766   0.001231  -0.003154
     6  H    0.304035  -0.213128   0.068566   0.014168  -0.086687  -0.006867
     7  H    0.953418  -0.208118   0.023454  -0.039129  -0.149207   0.297874
     8  H   -0.208118   1.382561  -0.230949  -0.172844   0.188225  -0.109482
     9  H    0.023454  -0.230949   0.968555   0.321901  -0.133666  -0.023013
    10  H   -0.039129  -0.172844   0.321901   0.817473   0.150586  -0.019362
    11  H   -0.149207   0.188225  -0.133666   0.150586   0.966272   0.143515
    12  H    0.297874  -0.109482  -0.023013  -0.019362   0.143515   0.642069
 Mulliken charges:
               1
     1  H    0.116294
     2  H   -0.057735
     3  H   -0.017150
     4  H   -0.052100
     5  H    0.017061
     6  H   -0.006370
     7  H   -0.017150
     8  H   -0.052100
     9  H   -0.006370
    10  H    0.017061
    11  H   -0.057735
    12  H    0.116294
 Sum of Mulliken charges =  -0.00000
 Mulliken charges with hydrogens summed into heavy atoms:
               1
 Electronic spatial extent (au):  <R**2>=            132.1516
 Charge=             -0.0000 electrons
 Dipole moment (field-independent basis, Debye):
    X=              0.0000    Y=              0.0000    Z=             -0.0000  Tot=              0.0000
 Quadrupole moment (field-independent basis, Debye-Ang):
   XX=            -19.4058   YY=            -14.6239   ZZ=            -15.1967
   XY=              2.1124   XZ=              0.0000   YZ=             -0.0000
 Traceless Quadrupole moment (field-independent basis, Debye-Ang):
   XX=             -2.9970   YY=              1.7849   ZZ=              1.2121
   XY=              2.1124   XZ=              0.0000   YZ=             -0.0000
 Octapole moment (field-independent basis, Debye-Ang**2):
  XXX=              0.0000  YYY=             -0.0000  ZZZ=              0.0000  XYY=              0.0000
  XXY=              0.0000  XXZ=              0.0000  XZZ=              0.0000  YZZ=              0.0000
  YYZ=              0.0000  XYZ=             -0.0000
 Hexadecapole moment (field-independent basis, Debye-Ang**3):
 XXXX=           -111.2904 YYYY=           -156.2213 ZZZZ=            -18.0293 XXXY=             -0.7588
 XXXZ=              0.0000 YYYX=              4.7783 YYYZ=              0.0000 ZZZX=              0.0000
 ZZZY=              0.0000 XXYY=            -41.6507 XXZZ=            -19.8626 YYZZ=            -29.4404
 XXYZ=              0.0000 YYXZ=              0.0000 ZZXY=             -0.9855
 N-N= 2.014642090139D+01 E-N=-5.135111619337D+01  KE= 6.416557518937D+00
 Symmetry AG   KE= 4.864399610898D+00
 Symmetry BG   KE= 0.000000000000D+00
 Symmetry AU   KE= 0.000000000000D+00
 Symmetry BU   KE= 1.552157908039D+00

 Test job not archived.
 1\1\GINC-SULU\Stability\RHF\Gen\H12\LCJ1\17-Feb-2017\0\\#rhf/gen scf(s
 ymm,tight,novaracc,noincfock,fulldiag) stable(crhf) guess=read geom=no
 crowd test\\hf stability analysis of h12 triangular lattice, y= 0.8078
 2163823703412\\0,1\H\H,1,1.0785973042\H,1,1.0785973042,2,83.\H,2,1.078
 5973042,1,97.,3,0.,0\H,2,1.0785973042,1,180.,3,0.,0\H,4,1.0785973042,3
 ,180.,5,0.,0\H,6,1.0785973042,5,180.,3,0.,0\H,4,1.0785973042,2,180.,3,
 0.,0\H,3,1.0785973042,1,180.,4,0.,0\H,9,1.0785973042,3,180.,4,0.,0\H,8
 ,1.0785973042,4,180.,3,0.,0\H,7,1.0785973042,6,180.,3,0.,0\\Version=ES
 64L-G09RevE.01\State=1-AG\HF=-5.8445989\MP2=-5.9830908\RMSD=6.518e-09\
 Dipole=0.,0.,0.\Quadrupole=0.8942806,0.9011682,-1.7954488,0.,1.9539418
 ,0.\PG=C02H [SGH(H12)]\\@


 IT WAS A GAME, A VERY INTERESTING GAME ONE COULD
 PLAY.  WHENEVER ONE SOLVED ONE OF THE LITTLE PROBLEMS,
 ONE COULD WRITE A PAPER ABOUT IT.  IT WAS VERY EASY IN
 THOSE DAYS FOR ANY SECOND-RATE PHYSICIST TO DO
 FIRST-RATE WORK.  THERE HAS NOT BEEN SUCH A GLORIOUS
 TIME SINCE.  IT IS VERY DIFFICULT NOW FOR A FIRST-RATE
 PHYSICIST TO DO SECOND-RATE WORK.
     P.A.M. DIRAC, ON THE EARLY DAYS OF QUANTUM MECHANICS
                   DIRECTIONS IN PHYSICS, 1978, P. 7
 Job cpu time:       0 days  0 hours  0 minutes  1.1 seconds.
 File lengths (MBytes):  RWF=     84 Int=      0 D2E=      0 Chk=      2 Scr=      2
 Normal termination of Gaussian 09 at Fri Feb 17 15:02:54 2017.
