 Entering Gaussian System, Link 0=g09
 AtFile(1): H.gbs
            H     0
            S   10   1.00
               1000.000000000000            0.000068713567
                316.227766000000            0.000169141320
                100.000000000000            0.000823394812
                 31.622776600000            0.003425569236
                 10.000000000000            0.013951996000
                  3.162277660000            0.056909313560
                  1.000000000000            0.198286399900
                  0.316227766000            0.496922426700
                  0.100000000000            0.369846276400
                  0.031622776600            0.003752720039
            ****
 Initial command:
 /projects/guscus/apps/gau/g09-e1/g09/l1.exe "/users/lcj1/gaussian/h12/rhfstability/rect/guess/ag4bu2/Gau-10087.inp" -scrdir="/users/lcj1/gaussian/h12/rhfstability/rect/guess/ag4bu2/"
 Entering Link 1 = /projects/guscus/apps/gau/g09-e1/g09/l1.exe PID=     10089.
  
 Copyright (c) 1988,1990,1992,1993,1995,1998,2003,2009,2015,
            Gaussian, Inc.  All Rights Reserved.
  
 This is part of the Gaussian(R) 09 program.  It is based on
 the Gaussian(R) 03 system (copyright 2003, Gaussian, Inc.),
 the Gaussian(R) 98 system (copyright 1998, Gaussian, Inc.),
 the Gaussian(R) 94 system (copyright 1995, Gaussian, Inc.),
 the Gaussian 92(TM) system (copyright 1992, Gaussian, Inc.),
 the Gaussian 90(TM) system (copyright 1990, Gaussian, Inc.),
 the Gaussian 88(TM) system (copyright 1988, Gaussian, Inc.),
 the Gaussian 86(TM) system (copyright 1986, Carnegie Mellon
 University), and the Gaussian 82(TM) system (copyright 1983,
 Carnegie Mellon University). Gaussian is a federally registered
 trademark of Gaussian, Inc.
  
 This software contains proprietary and confidential information,
 including trade secrets, belonging to Gaussian, Inc.
  
 This software is provided under written license and may be
 used, copied, transmitted, or stored only in accord with that
 written license.
  
 The following legend is applicable only to US Government
 contracts under FAR:
  
                    RESTRICTED RIGHTS LEGEND
  
 Use, reproduction and disclosure by the US Government is
 subject to restrictions as set forth in subparagraphs (a)
 and (c) of the Commercial Computer Software - Restricted
 Rights clause in FAR 52.227-19.
  
 Gaussian, Inc.
 340 Quinnipiac St., Bldg. 40, Wallingford CT 06492
  
  
 ---------------------------------------------------------------
 Warning -- This program may not be used in any manner that
 competes with the business of Gaussian, Inc. or will provide
 assistance to any competitor of Gaussian, Inc.  The licensee
 of this program is prohibited from giving any competitor of
 Gaussian, Inc. access to this program.  By using this program,
 the user acknowledges that Gaussian, Inc. is engaged in the
 business of creating and licensing software in the field of
 computational chemistry and represents and warrants to the
 licensee that it is not a competitor of Gaussian, Inc. and that
 it will not use this program in any manner prohibited above.
 ---------------------------------------------------------------
  

 Cite this work as:
 Gaussian 09, Revision E.01,
 M. J. Frisch, G. W. Trucks, H. B. Schlegel, G. E. Scuseria, 
 M. A. Robb, J. R. Cheeseman, G. Scalmani, V. Barone, B. Mennucci, 
 G. A. Petersson, H. Nakatsuji, M. Caricato, X. Li, H. P. Hratchian, 
 A. F. Izmaylov, J. Bloino, G. Zheng, J. L. Sonnenberg, M. Hada, 
 M. Ehara, K. Toyota, R. Fukuda, J. Hasegawa, M. Ishida, T. Nakajima, 
 Y. Honda, O. Kitao, H. Nakai, T. Vreven, J. A. Montgomery, Jr., 
 J. E. Peralta, F. Ogliaro, M. Bearpark, J. J. Heyd, E. Brothers, 
 K. N. Kudin, V. N. Staroverov, T. Keith, R. Kobayashi, J. Normand, 
 K. Raghavachari, A. Rendell, J. C. Burant, S. S. Iyengar, J. Tomasi, 
 M. Cossi, N. Rega, J. M. Millam, M. Klene, J. E. Knox, J. B. Cross, 
 V. Bakken, C. Adamo, J. Jaramillo, R. Gomperts, R. E. Stratmann, 
 O. Yazyev, A. J. Austin, R. Cammi, C. Pomelli, J. W. Ochterski, 
 R. L. Martin, K. Morokuma, V. G. Zakrzewski, G. A. Voth, 
 P. Salvador, J. J. Dannenberg, S. Dapprich, A. D. Daniels, 
 O. Farkas, J. B. Foresman, J. V. Ortiz, J. Cioslowski, 
 and D. J. Fox, Gaussian, Inc., Wallingford CT, 2013.
 
 ******************************************
 Gaussian 09:  ES64L-G09RevE.01 30-Nov-2015
                17-Feb-2017 
 ******************************************
 %chk=h12.chk
 ----------------------------------------------------------------------
 #rhf/gen scf(symm,tight,novaracc,noincfock,fulldiag) stable(crhf) gues
 s=read geom=nocrowd test
 ----------------------------------------------------------------------
 1/38=1/1;
 2/12=1,17=6,18=5,40=1/2;
 3/5=7,16=1,25=1,30=1,116=1/1,2,3;
 4/5=1,9=4/1;
 5/5=100002,15=2,16=1,32=2,38=6/2;
 8/6=1,10=90,11=11/1,4;
 9/8=4,13=1/2;
 6/7=2,8=2,9=2,10=2,28=1/1;
 99/5=1,9=1/99;
 ----------------------------------------------------------------------
 hf stability analysis of h12 triangular lattice, y= 1.3135898396745678
 ----------------------------------------------------------------------
 Symbolic Z-matrix:
 Charge =  0 Multiplicity = 1
 H
 H                    1     1.38517 
 H                    1     1.38517  2     37. 
 H                    2     1.38517  1     143.     3     0.       0
 H                    2     1.38517  1     180.     3     0.       0
 H                    4     1.38517  3     180.     5     0.       0
 H                    6     1.38517  5     180.     3     0.       0
 H                    4     1.38517  2     180.     3     0.       0
 H                    3     1.38517  1     180.     4     0.       0
 H                    9     1.38517  3     180.     4     0.       0
 H                    8     1.38517  4     180.     3     0.       0
 H                    7     1.38517  6     180.     3     0.       0
 
                          Input orientation:                          
 ---------------------------------------------------------------------
 Center     Atomic      Atomic             Coordinates (Angstroms)
 Number     Number       Type             X           Y           Z
 ---------------------------------------------------------------------
      1          1           0        0.000000    0.000000    0.000000
      2          1           0        0.000000    0.000000    1.385170
      3          1           0        0.833616    0.000000    1.106246
      4          1           0        0.833616    0.000000    2.491417
      5          1           0        0.000000    0.000000    2.770341
      6          1           0        0.833616    0.000000    3.876587
      7          1           0        1.667233    0.000000    4.982833
      8          1           0        1.667233    0.000000    3.597663
      9          1           0        1.667233    0.000000    2.212492
     10          1           0        2.500849    0.000000    3.318739
     11          1           0        2.500849    0.000000    4.703909
     12          1           0        2.500849    0.000000    6.089079
 ---------------------------------------------------------------------
                    Distance matrix (angstroms):
                    1          2          3          4          5
     1  H    0.000000
     2  H    1.385170   0.000000
     3  H    1.385170   0.879042   0.000000
     4  H    2.627180   1.385170   1.385170   0.000000
     5  H    2.770341   1.385170   1.861216   0.879042   0.000000
     6  H    3.965204   2.627180   2.770341   1.385170   1.385170
     7  H    5.254359   3.965204   3.965204   2.627180   2.770341
     8  H    3.965204   2.770341   2.627180   1.385170   1.861216
     9  H    2.770341   1.861216   1.385170   0.879042   1.758084
    10  H    4.155511   3.161160   2.770341   1.861216   2.560271
    11  H    5.327383   4.155511   3.965204   2.770341   3.161160
    12  H    6.582639   5.327383   5.254359   3.965204   4.155511
                    6          7          8          9         10
     6  H    0.000000
     7  H    1.385170   0.000000
     8  H    0.879042   1.385170   0.000000
     9  H    1.861216   2.770341   1.385170   0.000000
    10  H    1.758084   1.861216   0.879042   1.385170   0.000000
    11  H    1.861216   0.879042   1.385170   2.627180   1.385170
    12  H    2.770341   1.385170   2.627180   3.965204   2.770341
                   11         12
    11  H    0.000000
    12  H    1.385170   0.000000
 Stoichiometry    H12
 Framework group  C2H[SGH(H12)]
 Deg. of freedom    11
 Full point group                 C2H     NOp   4
 Largest Abelian subgroup         C2H     NOp   4
 Largest concise Abelian subgroup C2      NOp   2
                         Standard orientation:                         
 ---------------------------------------------------------------------
 Center     Atomic      Atomic             Coordinates (Angstroms)
 Number     Number       Type             X           Y           Z
 ---------------------------------------------------------------------
      1          1           0        0.833616    3.184002    0.000000
      2          1           0        0.000000    2.077756    0.000000
      3          1           0        0.833616    1.798831    0.000000
      4          1           0        0.000000    0.692585    0.000000
      5          1           0       -0.833616    0.971509   -0.000000
      6          1           0       -0.833616   -0.413661   -0.000000
      7          1           0       -0.833616   -1.798831    0.000000
      8          1           0       -0.000000   -0.692585    0.000000
      9          1           0        0.833616    0.413661   -0.000000
     10          1           0        0.833616   -0.971509    0.000000
     11          1           0       -0.000000   -2.077756    0.000000
     12          1           0       -0.833616   -3.184002    0.000000
 ---------------------------------------------------------------------
 Rotational constants (GHZ):    125.8163743     12.4912781     11.3631263
 General basis read from cards:  (5D, 7F)
 There are     6 symmetry adapted cartesian basis functions of AG  symmetry.
 There are     0 symmetry adapted cartesian basis functions of BG  symmetry.
 There are     0 symmetry adapted cartesian basis functions of AU  symmetry.
 There are     6 symmetry adapted cartesian basis functions of BU  symmetry.
 There are     6 symmetry adapted basis functions of AG  symmetry.
 There are     0 symmetry adapted basis functions of BG  symmetry.
 There are     0 symmetry adapted basis functions of AU  symmetry.
 There are     6 symmetry adapted basis functions of BU  symmetry.
    12 basis functions,   120 primitive gaussians,    12 cartesian basis functions
     6 alpha electrons        6 beta electrons
       nuclear repulsion energy        18.1555719783 Hartrees.
 NAtoms=   12 NActive=   12 NUniq=    6 SFac= 4.00D+00 NAtFMM=   60 NAOKFM=F Big=F
 Integral buffers will be    131072 words long.
 Regular integral format.
 Two-electron integral symmetry is turned on.
 One-electron integrals computed using PRISM.
 NBasis=    12 RedAO= T EigKep=  1.41D-01  NBF=     6     0     0     6
 NBsUse=    12 1.00D-06 EigRej= -1.00D+00 NBFU=     6     0     0     6
 Initial guess from the checkpoint file:  "h12.chk"
 B after Tr=    -0.000000   -0.000000    0.000000
         Rot=    0.983357    0.000000   -0.000000   -0.181682 Ang= -20.94 deg.
 Initial guess orbital symmetries:
       Occupied  (AG) (BU) (BU) (AG) (AG) (AG)
       Virtual   (BU) (BU) (BU) (AG) (AG) (BU)
 Keep R1 ints in memory in symmetry-blocked form, NReq=900144.
 Requested convergence on RMS density matrix=1.00D-08 within 128 cycles.
 Requested convergence on MAX density matrix=1.00D-06.
 Requested convergence on             energy=1.00D-06.
 No special actions if energy rises.
 SCF Done:  E(RHF) =  -5.37259708777     A.U. after   14 cycles
            NFock= 14  Conv=0.16D-08     -V/T= 1.8117
 Range of M.O.s used for correlation:     1    12
 NBasis=    12 NAE=     6 NBE=     6 NFC=     0 NFV=     0
 NROrb=     12 NOA=     6 NOB=     6 NVA=     6 NVB=     6

 **** Warning!!: The smallest alpha delta epsilon is -0.92398818D-01

 Semi-Direct transformation.
 ModeAB=           4 MOrb=             6 LenV=     134088217
 LASXX=         2181 LTotXX=        2181 LenRXX=        5115
 LTotAB=        2934 MaxLAS=        3024 LenRXY=           0
 NonZer=        7296 LenScr=      655360 LnRSAI=        3024
 LnScr1=      655360 LExtra=           0 Total=      1318859
 MaxDsk=          -1 SrtSym=           T ITran=            3
 JobTyp=0 Pass  1:  I=   1 to   6.
 (rs|ai) integrals will be sorted in core.
 Spin components of T(2) and E(2):
     alpha-alpha T2 =       0.3574605072D-01 E2=     -0.2114834380D-01
     alpha-beta  T2 =       0.6795659929D+01 E2=     -0.6186755763D+00
     beta-beta   T2 =       0.3574605072D-01 E2=     -0.2114834380D-01
 ANorm=    0.2804844386D+01
 E2 =    -0.6609722639D+00 EUMP2 =    -0.60335693516567D+01
 Second order stability test of a single determinant RHF wave function:
 Stabil:  MDV=134217728
 ***********************************************************************
 Matrix         Lowest Root    Major Pairs
 ***********************************************************************
 Internal RHF    -0.2310996    6A=7A 6A=8A 5A=7A
 RRHF --> CRHF   -0.2824814    6A=7A
 RRHF --> RUHF   -0.58532      6A=7B 6A=8B
 Not stable.
 ***********************************************************************

 **********************************************************************

            Population analysis using the SCF density.

 **********************************************************************

 Orbital symmetries:
       Occupied  (AG) (BU) (AG) (BU) (AG) (AG)
       Virtual   (BU) (BU) (BU) (AG) (AG) (BU)
 The electronic state is 1-AG.
 Alpha  occ. eigenvalues --   -0.93428  -0.77390  -0.57836  -0.51853  -0.28704
 Alpha  occ. eigenvalues --   -0.13277
 Alpha virt. eigenvalues --   -0.22517   0.02607   0.32086   0.37497   0.49084
 Alpha virt. eigenvalues --    0.66668
          Condensed to atoms (all electrons):
               1          2          3          4          5          6
     1  H    1.342099  -0.145375  -0.152491   0.001753  -0.002686   0.000091
     2  H   -0.145375   0.743017   0.296104  -0.007655   0.147516  -0.052661
     3  H   -0.152491   0.296104   1.053503  -0.084057  -0.178407  -0.000957
     4  H    0.001753  -0.007655  -0.084057   0.686156   0.328927   0.124526
     5  H   -0.002686   0.147516  -0.178407   0.328927   1.320969  -0.149449
     6  H    0.000091  -0.052661  -0.000957   0.124526  -0.149449   0.946473
     7  H   -0.000734   0.002084   0.007193  -0.019593  -0.029679   0.194784
     8  H    0.001584  -0.021487  -0.019593   0.010870  -0.052173   0.005868
     9  H    0.014209  -0.098579   0.194784   0.005868  -0.269124   0.108651
    10  H    0.001591   0.012764  -0.029679  -0.052173   0.043439  -0.269124
    11  H   -0.000490   0.005049   0.002084  -0.021487   0.012764  -0.098579
    12  H    0.000179  -0.000490  -0.000734   0.001584   0.001591   0.014209
               7          8          9         10         11         12
     1  H   -0.000734   0.001584   0.014209   0.001591  -0.000490   0.000179
     2  H    0.002084  -0.021487  -0.098579   0.012764   0.005049  -0.000490
     3  H    0.007193  -0.019593   0.194784  -0.029679   0.002084  -0.000734
     4  H   -0.019593   0.010870   0.005868  -0.052173  -0.021487   0.001584
     5  H   -0.029679  -0.052173  -0.269124   0.043439   0.012764   0.001591
     6  H    0.194784   0.005868   0.108651  -0.269124  -0.098579   0.014209
     7  H    1.053503  -0.084057  -0.000957  -0.178407   0.296104  -0.152491
     8  H   -0.084057   0.686156   0.124526   0.328927  -0.007655   0.001753
     9  H   -0.000957   0.124526   0.946473  -0.149449  -0.052661   0.000091
    10  H   -0.178407   0.328927  -0.149449   1.320969   0.147516  -0.002686
    11  H    0.296104  -0.007655  -0.052661   0.147516   0.743017  -0.145375
    12  H   -0.152491   0.001753   0.000091  -0.002686  -0.145375   1.342099
 Mulliken charges:
               1
     1  H   -0.059729
     2  H    0.119713
     3  H   -0.087748
     4  H    0.025282
     5  H   -0.173687
     6  H    0.176170
     7  H   -0.087748
     8  H    0.025282
     9  H    0.176170
    10  H   -0.173687
    11  H    0.119713
    12  H   -0.059729
 Sum of Mulliken charges =  -0.00000
 Mulliken charges with hydrogens summed into heavy atoms:
               1
 Electronic spatial extent (au):  <R**2>=            200.6835
 Charge=             -0.0000 electrons
 Dipole moment (field-independent basis, Debye):
    X=              0.0000    Y=              0.0000    Z=             -0.0000  Tot=              0.0000
 Quadrupole moment (field-independent basis, Debye-Ang):
   XX=            -18.8104   YY=            -24.0339   ZZ=            -15.1162
   XY=             -1.0758   XZ=             -0.0000   YZ=              0.0000
 Traceless Quadrupole moment (field-independent basis, Debye-Ang):
   XX=              0.5098   YY=             -4.7137   ZZ=              4.2039
   XY=             -1.0758   XZ=             -0.0000   YZ=              0.0000
 Octapole moment (field-independent basis, Debye-Ang**2):
  XXX=              0.0000  YYY=             -0.0000  ZZZ=             -0.0000  XYY=             -0.0000
  XXY=              0.0000  XXZ=             -0.0000  XZZ=              0.0000  YZZ=              0.0000
  YYZ=             -0.0000  XYZ=             -0.0000
 Hexadecapole moment (field-independent basis, Debye-Ang**3):
 XXXX=            -70.5322 YYYY=           -446.9688 ZZZZ=            -17.9248 XXXY=            -31.6134
 XXXZ=              0.0000 YYYX=            -68.2987 YYYZ=              0.0000 ZZZX=              0.0000
 ZZZY=              0.0000 XXYY=            -82.3464 XXZZ=            -14.3622 YYZZ=            -57.7423
 XXYZ=              0.0000 YYXZ=              0.0000 ZZXY=             -9.7366
 N-N= 1.815557197833D+01 E-N=-4.722586118591D+01  KE= 6.619280322397D+00
 Symmetry AG   KE= 4.787781173679D+00
 Symmetry BG   KE= 0.000000000000D+00
 Symmetry AU   KE= 0.000000000000D+00
 Symmetry BU   KE= 1.831499148718D+00

 Test job not archived.
 1\1\GINC-SULU\Stability\RHF\Gen\H12\LCJ1\17-Feb-2017\0\\#rhf/gen scf(s
 ymm,tight,novaracc,noincfock,fulldiag) stable(crhf) guess=read geom=no
 crowd test\\hf stability analysis of h12 triangular lattice, y= 1.3135
 898396745678\\0,1\H\H,1,1.3851703658\H,1,1.3851703658,2,37.\H,2,1.3851
 703658,1,143.,3,0.,0\H,2,1.3851703658,1,180.,3,0.,0\H,4,1.3851703658,3
 ,180.,5,0.,0\H,6,1.3851703658,5,180.,3,0.,0\H,4,1.3851703658,2,180.,3,
 0.,0\H,3,1.3851703658,1,180.,4,0.,0\H,9,1.3851703658,3,180.,4,0.,0\H,8
 ,1.3851703658,4,180.,3,0.,0\H,7,1.3851703658,6,180.,3,0.,0\\Version=ES
 64L-G09RevE.01\State=1-AG\HF=-5.3725971\MP2=-6.0335694\RMSD=1.626e-09\
 Dipole=0.,0.,0.\Quadrupole=-0.2587148,3.1255313,-2.8668165,0.,-1.64610
 58,0.\PG=C02H [SGH(H12)]\\@


 THE MOST INCOMPREHENSIBLE THING ABOUT THE WORLD
 IS THAT IT IS COMPREHENSIBLE. -- A. EINSTEIN
 Job cpu time:       0 days  0 hours  0 minutes  1.0 seconds.
 File lengths (MBytes):  RWF=     84 Int=      0 D2E=      0 Chk=      2 Scr=      2
 Normal termination of Gaussian 09 at Fri Feb 17 15:07:42 2017.
