 Entering Gaussian System, Link 0=g09
 AtFile(1): H.gbs
            H     0
            S   10   1.00
               1000.000000000000            0.000068713567
                316.227766000000            0.000169141320
                100.000000000000            0.000823394812
                 31.622776600000            0.003425569236
                 10.000000000000            0.013951996000
                  3.162277660000            0.056909313560
                  1.000000000000            0.198286399900
                  0.316227766000            0.496922426700
                  0.100000000000            0.369846276400
                  0.031622776600            0.003752720039
            ****
 Initial command:
 /projects/guscus/apps/gau/g09-e1/g09/l1.exe "/users/lcj1/gaussian/h12/rhfstability/rect/guess/ag4bu2/Gau-22217.inp" -scrdir="/users/lcj1/gaussian/h12/rhfstability/rect/guess/ag4bu2/"
 Entering Link 1 = /projects/guscus/apps/gau/g09-e1/g09/l1.exe PID=     22218.
  
 Copyright (c) 1988,1990,1992,1993,1995,1998,2003,2009,2015,
            Gaussian, Inc.  All Rights Reserved.
  
 This is part of the Gaussian(R) 09 program.  It is based on
 the Gaussian(R) 03 system (copyright 2003, Gaussian, Inc.),
 the Gaussian(R) 98 system (copyright 1998, Gaussian, Inc.),
 the Gaussian(R) 94 system (copyright 1995, Gaussian, Inc.),
 the Gaussian 92(TM) system (copyright 1992, Gaussian, Inc.),
 the Gaussian 90(TM) system (copyright 1990, Gaussian, Inc.),
 the Gaussian 88(TM) system (copyright 1988, Gaussian, Inc.),
 the Gaussian 86(TM) system (copyright 1986, Carnegie Mellon
 University), and the Gaussian 82(TM) system (copyright 1983,
 Carnegie Mellon University). Gaussian is a federally registered
 trademark of Gaussian, Inc.
  
 This software contains proprietary and confidential information,
 including trade secrets, belonging to Gaussian, Inc.
  
 This software is provided under written license and may be
 used, copied, transmitted, or stored only in accord with that
 written license.
  
 The following legend is applicable only to US Government
 contracts under FAR:
  
                    RESTRICTED RIGHTS LEGEND
  
 Use, reproduction and disclosure by the US Government is
 subject to restrictions as set forth in subparagraphs (a)
 and (c) of the Commercial Computer Software - Restricted
 Rights clause in FAR 52.227-19.
  
 Gaussian, Inc.
 340 Quinnipiac St., Bldg. 40, Wallingford CT 06492
  
  
 ---------------------------------------------------------------
 Warning -- This program may not be used in any manner that
 competes with the business of Gaussian, Inc. or will provide
 assistance to any competitor of Gaussian, Inc.  The licensee
 of this program is prohibited from giving any competitor of
 Gaussian, Inc. access to this program.  By using this program,
 the user acknowledges that Gaussian, Inc. is engaged in the
 business of creating and licensing software in the field of
 computational chemistry and represents and warrants to the
 licensee that it is not a competitor of Gaussian, Inc. and that
 it will not use this program in any manner prohibited above.
 ---------------------------------------------------------------
  

 Cite this work as:
 Gaussian 09, Revision E.01,
 M. J. Frisch, G. W. Trucks, H. B. Schlegel, G. E. Scuseria, 
 M. A. Robb, J. R. Cheeseman, G. Scalmani, V. Barone, B. Mennucci, 
 G. A. Petersson, H. Nakatsuji, M. Caricato, X. Li, H. P. Hratchian, 
 A. F. Izmaylov, J. Bloino, G. Zheng, J. L. Sonnenberg, M. Hada, 
 M. Ehara, K. Toyota, R. Fukuda, J. Hasegawa, M. Ishida, T. Nakajima, 
 Y. Honda, O. Kitao, H. Nakai, T. Vreven, J. A. Montgomery, Jr., 
 J. E. Peralta, F. Ogliaro, M. Bearpark, J. J. Heyd, E. Brothers, 
 K. N. Kudin, V. N. Staroverov, T. Keith, R. Kobayashi, J. Normand, 
 K. Raghavachari, A. Rendell, J. C. Burant, S. S. Iyengar, J. Tomasi, 
 M. Cossi, N. Rega, J. M. Millam, M. Klene, J. E. Knox, J. B. Cross, 
 V. Bakken, C. Adamo, J. Jaramillo, R. Gomperts, R. E. Stratmann, 
 O. Yazyev, A. J. Austin, R. Cammi, C. Pomelli, J. W. Ochterski, 
 R. L. Martin, K. Morokuma, V. G. Zakrzewski, G. A. Voth, 
 P. Salvador, J. J. Dannenberg, S. Dapprich, A. D. Daniels, 
 O. Farkas, J. B. Foresman, J. V. Ortiz, J. Cioslowski, 
 and D. J. Fox, Gaussian, Inc., Wallingford CT, 2013.
 
 ******************************************
 Gaussian 09:  ES64L-G09RevE.01 30-Nov-2015
                17-Feb-2017 
 ******************************************
 %chk=h12.chk
 ----------------------------------------------------------------------
 #rhf/gen scf(symm,tight,novaracc,noincfock,fulldiag) stable(crhf) gues
 s=read geom=nocrowd test
 ----------------------------------------------------------------------
 1/38=1/1;
 2/12=1,17=6,18=5,40=1/2;
 3/5=7,16=1,25=1,30=1,116=1/1,2,3;
 4/5=1,9=4/1;
 5/5=100002,15=2,16=1,32=2,38=6/2;
 8/6=1,10=90,11=11/1,4;
 9/8=4,13=1/2;
 6/7=2,8=2,9=2,10=2,28=1/1;
 99/5=1,9=1/99;
 ----------------------------------------------------------------------
 hf stability analysis of h12 triangular lattice, y= 0.5860779187036555
 5
 ----------------------------------------------------------------------
 Symbolic Z-matrix:
 Charge =  0 Multiplicity = 1
 H
 H                    1     1.14627 
 H                    1     1.14627  2     118.5 
 H                    2     1.14627  1     61.5     3     0.       0
 H                    2     1.14627  1     180.     3     0.       0
 H                    4     1.14627  3     180.     5     0.       0
 H                    6     1.14627  5     180.     3     0.       0
 H                    4     1.14627  2     180.     3     0.       0
 H                    3     1.14627  1     180.     4     0.       0
 H                    9     1.14627  3     180.     4     0.       0
 H                    8     1.14627  4     180.     3     0.       0
 H                    7     1.14627  6     180.     3     0.       0
 
                          Input orientation:                          
 ---------------------------------------------------------------------
 Center     Atomic      Atomic             Coordinates (Angstroms)
 Number     Number       Type             X           Y           Z
 ---------------------------------------------------------------------
      1          1           0        0.000000    0.000000    0.000000
      2          1           0        0.000000    0.000000    1.146266
      3          1           0        1.007358    0.000000   -0.546951
      4          1           0        1.007358    0.000000    0.599315
      5          1           0        0.000000    0.000000    2.292532
      6          1           0        1.007358    0.000000    1.745581
      7          1           0        2.014716    0.000000    1.198630
      8          1           0        2.014716    0.000000    0.052364
      9          1           0        2.014716    0.000000   -1.093902
     10          1           0        3.022075    0.000000   -1.640853
     11          1           0        3.022075    0.000000   -0.494587
     12          1           0        3.022075    0.000000    0.651679
 ---------------------------------------------------------------------
                    Distance matrix (angstroms):
                    1          2          3          4          5
     1  H    0.000000
     2  H    1.146266   0.000000
     3  H    1.146266   1.970217   0.000000
     4  H    1.172156   1.146266   1.146266   0.000000
     5  H    2.292532   1.146266   3.012878   1.970217   0.000000
     6  H    2.015397   1.172156   2.292532   1.146266   1.146266
     7  H    2.344312   2.015397   2.015397   1.172156   2.292532
     8  H    2.015397   2.292532   1.172156   1.146266   3.012878
     9  H    2.292532   3.012878   1.146266   1.970217   3.940434
    10  H    3.438798   4.111078   2.292532   3.012878   4.960287
    11  H    3.062279   3.438798   2.015397   2.292532   4.111078
    12  H    3.091540   3.062279   2.344312   2.015397   3.438798
                    6          7          8          9         10
     6  H    0.000000
     7  H    1.146266   0.000000
     8  H    1.970217   1.146266   0.000000
     9  H    3.012878   2.292532   1.146266   0.000000
    10  H    3.940434   3.012878   1.970217   1.146266   0.000000
    11  H    3.012878   1.970217   1.146266   1.172156   1.146266
    12  H    2.292532   1.146266   1.172156   2.015397   2.292532
                   11         12
    11  H    0.000000
    12  H    1.146266   0.000000
 Stoichiometry    H12
 Framework group  C2H[SGH(H12)]
 Deg. of freedom    11
 Full point group                 C2H     NOp   4
 Largest Abelian subgroup         C2H     NOp   4
 Largest concise Abelian subgroup C2      NOp   2
                         Standard orientation:                         
 ---------------------------------------------------------------------
 Center     Atomic      Atomic             Coordinates (Angstroms)
 Number     Number       Type             X           Y           Z
 ---------------------------------------------------------------------
      1          1           0        1.007358    1.172448   -0.000000
      2          1           0        0.000000    1.719399    0.000000
      3          1           0        1.007358    0.026182   -0.000000
      4          1           0        0.000000    0.573133    0.000000
      5          1           0       -1.007358    2.266350    0.000000
      6          1           0       -1.007358    1.120084    0.000000
      7          1           0       -1.007358   -0.026182   -0.000000
      8          1           0       -0.000000   -0.573133    0.000000
      9          1           0        1.007358   -1.120084    0.000000
     10          1           0        1.007358   -2.266350    0.000000
     11          1           0       -0.000000   -1.719399    0.000000
     12          1           0       -1.007358   -1.172448   -0.000000
 ---------------------------------------------------------------------
 Rotational constants (GHZ):     73.2611201     21.4521380     16.5933228
 General basis read from cards:  (5D, 7F)
 There are     6 symmetry adapted cartesian basis functions of AG  symmetry.
 There are     0 symmetry adapted cartesian basis functions of BG  symmetry.
 There are     0 symmetry adapted cartesian basis functions of AU  symmetry.
 There are     6 symmetry adapted cartesian basis functions of BU  symmetry.
 There are     6 symmetry adapted basis functions of AG  symmetry.
 There are     0 symmetry adapted basis functions of BG  symmetry.
 There are     0 symmetry adapted basis functions of AU  symmetry.
 There are     6 symmetry adapted basis functions of BU  symmetry.
    12 basis functions,   120 primitive gaussians,    12 cartesian basis functions
     6 alpha electrons        6 beta electrons
       nuclear repulsion energy        19.6066746042 Hartrees.
 NAtoms=   12 NActive=   12 NUniq=    6 SFac= 4.00D+00 NAtFMM=   60 NAOKFM=F Big=F
 Integral buffers will be    131072 words long.
 Regular integral format.
 Two-electron integral symmetry is turned on.
 One-electron integrals computed using PRISM.
 NBasis=    12 RedAO= T EigKep=  1.73D-01  NBF=     6     0     0     6
 NBsUse=    12 1.00D-06 EigRej= -1.00D+00 NBFU=     6     0     0     6
 Initial guess from the checkpoint file:  "h12.chk"
 B after Tr=    -0.000000   -0.000000    0.000000
         Rot=    0.998435    0.000000    0.000000    0.055929 Ang=   6.41 deg.
 Initial guess orbital symmetries:
       Occupied  (AG) (BU) (BU) (AG) (AG) (AG)
       Virtual   (BU) (BU) (BU) (AG) (AG) (BU)
 Keep R1 ints in memory in symmetry-blocked form, NReq=903714.
 Requested convergence on RMS density matrix=1.00D-08 within 128 cycles.
 Requested convergence on MAX density matrix=1.00D-06.
 Requested convergence on             energy=1.00D-06.
 No special actions if energy rises.
 SCF Done:  E(RHF) =  -5.60123978717     A.U. after   11 cycles
            NFock= 11  Conv=0.33D-08     -V/T= 1.8485
 Range of M.O.s used for correlation:     1    12
 NBasis=    12 NAE=     6 NBE=     6 NFC=     0 NFV=     0
 NROrb=     12 NOA=     6 NOB=     6 NVA=     6 NVB=     6

 **** Warning!!: The smallest alpha delta epsilon is  0.65212857D-01

 Semi-Direct transformation.
 ModeAB=           4 MOrb=             6 LenV=     134084395
 LASXX=         2181 LTotXX=        2181 LenRXX=        5115
 LTotAB=        2934 MaxLAS=        3024 LenRXY=           0
 NonZer=        7296 LenScr=      655360 LnRSAI=        3024
 LnScr1=      655360 LExtra=           0 Total=      1318859
 MaxDsk=          -1 SrtSym=           T ITran=            3
 JobTyp=0 Pass  1:  I=   1 to   6.
 (rs|ai) integrals will be sorted in core.
 Spin components of T(2) and E(2):
     alpha-alpha T2 =       0.1178833353D-01 E2=     -0.1406217865D-01
     alpha-beta  T2 =       0.1222309161D+00 E2=     -0.1252839868D+00
     beta-beta   T2 =       0.1178833353D-01 E2=     -0.1406217865D-01
 ANorm=    0.1070424020D+01
 E2 =    -0.1534083441D+00 EUMP2 =    -0.57546481312469D+01
 Second order stability test of a single determinant RHF wave function:
 Stabil:  MDV=134217728
 ***********************************************************************
 Matrix         Lowest Root    Major Pairs
 ***********************************************************************
 Internal RHF    -0.1551416    6A=7A
 RRHF --> CRHF   -0.1957882    6A=7A
 RRHF --> RUHF   -0.2749756    6A=7B
 Not stable.
 ***********************************************************************

 **********************************************************************

            Population analysis using the SCF density.

 **********************************************************************

 Orbital symmetries:
       Occupied  (AG) (BU) (BU) (AG) (AG) (AG)
       Virtual   (BU) (BU) (AG) (BU) (BU) (AG)
 The electronic state is 1-AG.
 Alpha  occ. eigenvalues --   -0.90032  -0.75427  -0.58338  -0.53691  -0.33596
 Alpha  occ. eigenvalues --   -0.14254
 Alpha virt. eigenvalues --   -0.07733   0.21607   0.24689   0.40932   0.62793
 Alpha virt. eigenvalues --    0.64407
          Condensed to atoms (all electrons):
               1          2          3          4          5          6
     1  H    1.244579   0.127572   0.361060  -0.365296  -0.008856  -0.073789
     2  H    0.127572   1.035860  -0.115323   0.235504   0.097587  -0.178646
     3  H    0.361060  -0.115323   1.071063  -0.277265  -0.005183   0.023726
     4  H   -0.365296   0.235504  -0.277265   1.549847  -0.067301  -0.165195
     5  H   -0.008856   0.097587  -0.005183  -0.067301   0.469578   0.265379
     6  H   -0.073789  -0.178646   0.023726  -0.165195   0.265379   0.940555
     7  H    0.028850  -0.155265   0.110084  -0.357963   0.009650   0.303116
     8  H   -0.191264   0.025994  -0.357963   0.749086  -0.022909  -0.080871
     9  H   -0.014687  -0.027663   0.303116  -0.080871   0.002658   0.023869
    10  H   -0.000108   0.000081   0.009650  -0.022909   0.000683   0.002658
    11  H   -0.002604   0.019390  -0.155265   0.025994   0.000081  -0.027663
    12  H    0.043425  -0.002604   0.028850  -0.191264  -0.000108  -0.014687
               7          8          9         10         11         12
     1  H    0.028850  -0.191264  -0.014687  -0.000108  -0.002604   0.043425
     2  H   -0.155265   0.025994  -0.027663   0.000081   0.019390  -0.002604
     3  H    0.110084  -0.357963   0.303116   0.009650  -0.155265   0.028850
     4  H   -0.357963   0.749086  -0.080871  -0.022909   0.025994  -0.191264
     5  H    0.009650  -0.022909   0.002658   0.000683   0.000081  -0.000108
     6  H    0.303116  -0.080871   0.023869   0.002658  -0.027663  -0.014687
     7  H    1.071063  -0.277265   0.023726  -0.005183  -0.115323   0.361060
     8  H   -0.277265   1.549847  -0.165195  -0.067301   0.235504  -0.365296
     9  H    0.023726  -0.165195   0.940555   0.265379  -0.178646  -0.073789
    10  H   -0.005183  -0.067301   0.265379   0.469578   0.097587  -0.008856
    11  H   -0.115323   0.235504  -0.178646   0.097587   1.035860   0.127572
    12  H    0.361060  -0.365296  -0.073789  -0.008856   0.127572   1.244579
 Mulliken charges:
               1
     1  H   -0.148884
     2  H   -0.062487
     3  H    0.003450
     4  H   -0.032368
     5  H    0.258742
     6  H   -0.018453
     7  H    0.003450
     8  H   -0.032368
     9  H   -0.018453
    10  H    0.258742
    11  H   -0.062487
    12  H   -0.148884
 Sum of Mulliken charges =   0.00000
 Mulliken charges with hydrogens summed into heavy atoms:
               1
 Electronic spatial extent (au):  <R**2>=            139.5191
 Charge=              0.0000 electrons
 Dipole moment (field-independent basis, Debye):
    X=             -0.0000    Y=              0.0000    Z=              0.0000  Tot=              0.0000
 Quadrupole moment (field-independent basis, Debye-Ang):
   XX=            -20.3152   YY=             -7.0051   ZZ=            -15.1835
   XY=             -8.5330   XZ=             -0.0000   YZ=              0.0000
 Traceless Quadrupole moment (field-independent basis, Debye-Ang):
   XX=             -6.1473   YY=              7.1628   ZZ=             -1.0156
   XY=             -8.5330   XZ=             -0.0000   YZ=              0.0000
 Octapole moment (field-independent basis, Debye-Ang**2):
  XXX=              0.0000  YYY=             -0.0000  ZZZ=             -0.0000  XYY=             -0.0000
  XXY=             -0.0000  XXZ=             -0.0000  XZZ=              0.0000  YZZ=              0.0000
  YYZ=              0.0000  XYZ=             -0.0000
 Hexadecapole moment (field-independent basis, Debye-Ang**3):
 XXXX=           -105.0825 YYYY=           -118.1185 ZZZZ=            -18.0692 XXXY=              3.8764
 XXXZ=              0.0000 YYYX=            -27.9496 YYYZ=             -0.0000 ZZZX=              0.0000
 ZZZY=             -0.0000 XXYY=            -38.5793 XXZZ=            -18.7516 YYZZ=            -33.5195
 XXYZ=             -0.0000 YYXZ=             -0.0000 ZZXY=              3.8250
 N-N= 1.960667460424D+01 E-N=-5.051076707064D+01  KE= 6.601701232912D+00
 Symmetry AG   KE= 5.023308124968D+00
 Symmetry BG   KE= 0.000000000000D+00
 Symmetry AU   KE= 0.000000000000D+00
 Symmetry BU   KE= 1.578393107944D+00

 Test job not archived.
 1\1\GINC-SULU\Stability\RHF\Gen\H12\LCJ1\17-Feb-2017\0\\#rhf/gen scf(s
 ymm,tight,novaracc,noincfock,fulldiag) stable(crhf) guess=read geom=no
 crowd test\\hf stability analysis of h12 triangular lattice, y= 0.5860
 7791870365555\\0,1\H\H,1,1.1462660457\H,1,1.1462660457,2,118.5\H,2,1.1
 462660457,1,61.5,3,0.,0\H,2,1.1462660457,1,180.,3,0.,0\H,4,1.146266045
 7,3,180.,5,0.,0\H,6,1.1462660457,5,180.,3,0.,0\H,4,1.1462660457,2,180.
 ,3,0.,0\H,3,1.1462660457,1,180.,4,0.,0\H,9,1.1462660457,3,180.,4,0.,0\
 H,8,1.1462660457,4,180.,3,0.,0\H,7,1.1462660457,6,180.,3,0.,0\\Version
 =ES64L-G09RevE.01\State=1-AG\HF=-5.6012398\MP2=-5.7546481\RMSD=3.274e-
 09\Dipole=0.,0.,0.\Quadrupole=-2.2482327,-0.7550555,3.0032882,0.,-7.60
 4843,0.\PG=C02H [SGH(H12)]\\@


 "I COULD HAVE DONE IT IN A MUCH MORE COMPLICATED WAY"
 SAID THE RED QUEEN, IMMENSELY PROUD.

                                      -- LEWIS CARROLL
 Job cpu time:       0 days  0 hours  0 minutes  1.1 seconds.
 File lengths (MBytes):  RWF=     84 Int=      0 D2E=      0 Chk=      2 Scr=      2
 Normal termination of Gaussian 09 at Fri Feb 17 14:59:06 2017.
