 Entering Gaussian System, Link 0=g09
 AtFile(1): H.gbs
            H     0
            S   10   1.00
               1000.000000000000            0.000068713567
                316.227766000000            0.000169141320
                100.000000000000            0.000823394812
                 31.622776600000            0.003425569236
                 10.000000000000            0.013951996000
                  3.162277660000            0.056909313560
                  1.000000000000            0.198286399900
                  0.316227766000            0.496922426700
                  0.100000000000            0.369846276400
                  0.031622776600            0.003752720039
            ****
 Initial command:
 /projects/guscus/apps/gau/g09-e1/g09/l1.exe "/users/lcj1/gaussian/h12/rhfstability/rect/guess/ag4bu2/Gau-19757.inp" -scrdir="/users/lcj1/gaussian/h12/rhfstability/rect/guess/ag4bu2/"
 Entering Link 1 = /projects/guscus/apps/gau/g09-e1/g09/l1.exe PID=     19758.
  
 Copyright (c) 1988,1990,1992,1993,1995,1998,2003,2009,2015,
            Gaussian, Inc.  All Rights Reserved.
  
 This is part of the Gaussian(R) 09 program.  It is based on
 the Gaussian(R) 03 system (copyright 2003, Gaussian, Inc.),
 the Gaussian(R) 98 system (copyright 1998, Gaussian, Inc.),
 the Gaussian(R) 94 system (copyright 1995, Gaussian, Inc.),
 the Gaussian 92(TM) system (copyright 1992, Gaussian, Inc.),
 the Gaussian 90(TM) system (copyright 1990, Gaussian, Inc.),
 the Gaussian 88(TM) system (copyright 1988, Gaussian, Inc.),
 the Gaussian 86(TM) system (copyright 1986, Carnegie Mellon
 University), and the Gaussian 82(TM) system (copyright 1983,
 Carnegie Mellon University). Gaussian is a federally registered
 trademark of Gaussian, Inc.
  
 This software contains proprietary and confidential information,
 including trade secrets, belonging to Gaussian, Inc.
  
 This software is provided under written license and may be
 used, copied, transmitted, or stored only in accord with that
 written license.
  
 The following legend is applicable only to US Government
 contracts under FAR:
  
                    RESTRICTED RIGHTS LEGEND
  
 Use, reproduction and disclosure by the US Government is
 subject to restrictions as set forth in subparagraphs (a)
 and (c) of the Commercial Computer Software - Restricted
 Rights clause in FAR 52.227-19.
  
 Gaussian, Inc.
 340 Quinnipiac St., Bldg. 40, Wallingford CT 06492
  
  
 ---------------------------------------------------------------
 Warning -- This program may not be used in any manner that
 competes with the business of Gaussian, Inc. or will provide
 assistance to any competitor of Gaussian, Inc.  The licensee
 of this program is prohibited from giving any competitor of
 Gaussian, Inc. access to this program.  By using this program,
 the user acknowledges that Gaussian, Inc. is engaged in the
 business of creating and licensing software in the field of
 computational chemistry and represents and warrants to the
 licensee that it is not a competitor of Gaussian, Inc. and that
 it will not use this program in any manner prohibited above.
 ---------------------------------------------------------------
  

 Cite this work as:
 Gaussian 09, Revision E.01,
 M. J. Frisch, G. W. Trucks, H. B. Schlegel, G. E. Scuseria, 
 M. A. Robb, J. R. Cheeseman, G. Scalmani, V. Barone, B. Mennucci, 
 G. A. Petersson, H. Nakatsuji, M. Caricato, X. Li, H. P. Hratchian, 
 A. F. Izmaylov, J. Bloino, G. Zheng, J. L. Sonnenberg, M. Hada, 
 M. Ehara, K. Toyota, R. Fukuda, J. Hasegawa, M. Ishida, T. Nakajima, 
 Y. Honda, O. Kitao, H. Nakai, T. Vreven, J. A. Montgomery, Jr., 
 J. E. Peralta, F. Ogliaro, M. Bearpark, J. J. Heyd, E. Brothers, 
 K. N. Kudin, V. N. Staroverov, T. Keith, R. Kobayashi, J. Normand, 
 K. Raghavachari, A. Rendell, J. C. Burant, S. S. Iyengar, J. Tomasi, 
 M. Cossi, N. Rega, J. M. Millam, M. Klene, J. E. Knox, J. B. Cross, 
 V. Bakken, C. Adamo, J. Jaramillo, R. Gomperts, R. E. Stratmann, 
 O. Yazyev, A. J. Austin, R. Cammi, C. Pomelli, J. W. Ochterski, 
 R. L. Martin, K. Morokuma, V. G. Zakrzewski, G. A. Voth, 
 P. Salvador, J. J. Dannenberg, S. Dapprich, A. D. Daniels, 
 O. Farkas, J. B. Foresman, J. V. Ortiz, J. Cioslowski, 
 and D. J. Fox, Gaussian, Inc., Wallingford CT, 2013.
 
 ******************************************
 Gaussian 09:  ES64L-G09RevE.01 30-Nov-2015
                17-Feb-2017 
 ******************************************
 %chk=h12.chk
 ----------------------------------------------------------------------
 #rhf/gen scf(symm,tight,novaracc,noincfock,fulldiag) stable(crhf) gues
 s=read geom=nocrowd test
 ----------------------------------------------------------------------
 1/38=1/1;
 2/12=1,17=6,18=5,40=1/2;
 3/5=7,16=1,25=1,30=1,116=1/1,2,3;
 4/5=1,9=4/1;
 5/5=100002,15=2,16=1,32=2,38=6/2;
 8/6=1,10=90,11=11/1,4;
 9/8=4,13=1/2;
 6/7=2,8=2,9=2,10=2,28=1/1;
 99/5=1,9=1/99;
 ----------------------------------------------------------------------
 hf stability analysis of h12 triangular lattice, y= 0.5277127250247978
 2
 ----------------------------------------------------------------------
 Symbolic Z-matrix:
 Charge =  0 Multiplicity = 1
 H
 H                    1     1.21468 
 H                    1     1.21468  2     128.5 
 H                    2     1.21468  1     51.5     3     0.       0
 H                    2     1.21468  1     180.     3     0.       0
 H                    4     1.21468  3     180.     5     0.       0
 H                    6     1.21468  5     180.     3     0.       0
 H                    4     1.21468  2     180.     3     0.       0
 H                    3     1.21468  1     180.     4     0.       0
 H                    9     1.21468  3     180.     4     0.       0
 H                    8     1.21468  4     180.     3     0.       0
 H                    7     1.21468  6     180.     3     0.       0
 
                          Input orientation:                          
 ---------------------------------------------------------------------
 Center     Atomic      Atomic             Coordinates (Angstroms)
 Number     Number       Type             X           Y           Z
 ---------------------------------------------------------------------
      1          1           0        0.000000    0.000000    0.000000
      2          1           0        0.000000    0.000000    1.214682
      3          1           0        0.950620    0.000000   -0.756157
      4          1           0        0.950620    0.000000    0.458525
      5          1           0        0.000000    0.000000    2.429363
      6          1           0        0.950620    0.000000    1.673206
      7          1           0        1.901240    0.000000    0.917049
      8          1           0        1.901240    0.000000   -0.297633
      9          1           0        1.901240    0.000000   -1.512314
     10          1           0        2.851859    0.000000   -2.268471
     11          1           0        2.851859    0.000000   -1.053790
     12          1           0        2.851859    0.000000    0.160892
 ---------------------------------------------------------------------
                    Distance matrix (angstroms):
                    1          2          3          4          5
     1  H    0.000000
     2  H    1.214682   0.000000
     3  H    1.214682   2.188123   0.000000
     4  H    1.055425   1.214682   1.214682   0.000000
     5  H    2.429363   1.214682   3.324337   2.188123   0.000000
     6  H    1.924395   1.055425   2.429363   1.214682   1.214682
     7  H    2.110851   1.924395   1.924395   1.055425   2.429363
     8  H    1.924395   2.429363   1.055425   1.214682   3.324337
     9  H    2.429363   3.324337   1.214682   2.188123   4.376247
    10  H    3.644045   4.501717   2.429363   3.324337   5.495703
    11  H    3.040325   3.644045   1.924395   2.429363   4.501717
    12  H    2.856394   3.040325   2.110851   1.924395   3.644045
                    6          7          8          9         10
     6  H    0.000000
     7  H    1.214682   0.000000
     8  H    2.188123   1.214682   0.000000
     9  H    3.324337   2.429363   1.214682   0.000000
    10  H    4.376247   3.324337   2.188123   1.214682   0.000000
    11  H    3.324337   2.188123   1.214682   1.055425   1.214682
    12  H    2.429363   1.214682   1.055425   1.924395   2.429363
                   11         12
    11  H    0.000000
    12  H    1.214682   0.000000
 Stoichiometry    H12
 Framework group  C2H[SGH(H12)]
 Deg. of freedom    11
 Full point group                 C2H     NOp   4
 Largest Abelian subgroup         C2H     NOp   4
 Largest concise Abelian subgroup C2      NOp   2
                         Standard orientation:                         
 ---------------------------------------------------------------------
 Center     Atomic      Atomic             Coordinates (Angstroms)
 Number     Number       Type             X           Y           Z
 ---------------------------------------------------------------------
      1          1           0        0.950620    1.065865   -0.000000
      2          1           0       -0.000000    1.822023    0.000000
      3          1           0        0.950620   -0.148816   -0.000000
      4          1           0       -0.000000    0.607341    0.000000
      5          1           0       -0.950620    2.578180    0.000000
      6          1           0       -0.950620    1.363498    0.000000
      7          1           0       -0.950620    0.148816   -0.000000
      8          1           0       -0.000000   -0.607341    0.000000
      9          1           0        0.950620   -1.363498    0.000000
     10          1           0        0.950620   -2.578180    0.000000
     11          1           0       -0.000000   -1.822023    0.000000
     12          1           0       -0.950620   -1.065865   -0.000000
 ---------------------------------------------------------------------
 Rotational constants (GHZ):     88.6231031     17.7336114     14.7767603
 General basis read from cards:  (5D, 7F)
 There are     6 symmetry adapted cartesian basis functions of AG  symmetry.
 There are     0 symmetry adapted cartesian basis functions of BG  symmetry.
 There are     0 symmetry adapted cartesian basis functions of AU  symmetry.
 There are     6 symmetry adapted cartesian basis functions of BU  symmetry.
 There are     6 symmetry adapted basis functions of AG  symmetry.
 There are     0 symmetry adapted basis functions of BG  symmetry.
 There are     0 symmetry adapted basis functions of AU  symmetry.
 There are     6 symmetry adapted basis functions of BU  symmetry.
    12 basis functions,   120 primitive gaussians,    12 cartesian basis functions
     6 alpha electrons        6 beta electrons
       nuclear repulsion energy        19.1264893562 Hartrees.
 NAtoms=   12 NActive=   12 NUniq=    6 SFac= 4.00D+00 NAtFMM=   60 NAOKFM=F Big=F
 Integral buffers will be    131072 words long.
 Regular integral format.
 Two-electron integral symmetry is turned on.
 One-electron integrals computed using PRISM.
 NBasis=    12 RedAO= T EigKep=  1.90D-01  NBF=     6     0     0     6
 NBsUse=    12 1.00D-06 EigRej= -1.00D+00 NBFU=     6     0     0     6
 Initial guess from the checkpoint file:  "h12.chk"
 B after Tr=    -0.000000   -0.000000    0.000000
         Rot=    0.996323    0.000000    0.000000    0.085679 Ang=   9.83 deg.
 Initial guess orbital symmetries:
       Occupied  (AG) (BU) (BU) (AG) (AG) (AG)
       Virtual   (BU) (BU) (BU) (AG) (AG) (BU)
 Keep R1 ints in memory in symmetry-blocked form, NReq=902804.
 Requested convergence on RMS density matrix=1.00D-08 within 128 cycles.
 Requested convergence on MAX density matrix=1.00D-06.
 Requested convergence on             energy=1.00D-06.
 No special actions if energy rises.
 Rare condition: small coef for last iteration:  0.000D+00
 Rare condition: small coef for last iteration:  0.000D+00
 Rare condition: small coef for last iteration:  0.000D+00
 SCF Done:  E(RHF) =  -5.39698785761     A.U. after   20 cycles
            NFock= 20  Conv=0.16D-08     -V/T= 1.8030
 Range of M.O.s used for correlation:     1    12
 NBasis=    12 NAE=     6 NBE=     6 NFC=     0 NFV=     0
 NROrb=     12 NOA=     6 NOB=     6 NVA=     6 NVB=     6

 **** Warning!!: The smallest alpha delta epsilon is -0.83357708D-01

 Semi-Direct transformation.
 ModeAB=           4 MOrb=             6 LenV=     134085277
 LASXX=         2181 LTotXX=        2181 LenRXX=        5115
 LTotAB=        2934 MaxLAS=        3024 LenRXY=           0
 NonZer=        7296 LenScr=      655360 LnRSAI=        3024
 LnScr1=      655360 LExtra=           0 Total=      1318859
 MaxDsk=          -1 SrtSym=           T ITran=            3
 JobTyp=0 Pass  1:  I=   1 to   6.
 (rs|ai) integrals will be sorted in core.
 Spin components of T(2) and E(2):
     alpha-alpha T2 =       0.2386981991D-01 E2=     -0.2162507494D-01
     alpha-beta  T2 =       0.8575622611D+00 E2=     -0.1761354183D+00
     beta-beta   T2 =       0.2386981991D-01 E2=     -0.2162507494D-01
 ANorm=    0.1380326737D+01
 E2 =    -0.2193855682D+00 EUMP2 =    -0.56163734257785D+01
 Second order stability test of a single determinant RHF wave function:
 Stabil:  MDV=134217728
 ***********************************************************************
 Matrix         Lowest Root    Major Pairs
 ***********************************************************************
 Internal RHF    -0.2041557    6A=7A
 RRHF --> CRHF   -0.2944728    6A=7A
 RRHF --> RUHF   -0.5357171    6A=7B
 Not stable.
 ***********************************************************************

 **********************************************************************

            Population analysis using the SCF density.

 **********************************************************************

 Orbital symmetries:
       Occupied  (AG) (BU) (BU) (AG) (AG) (AG)
       Virtual   (BU) (AG) (BU) (BU) (BU) (AG)
 The electronic state is 1-AG.
 Alpha  occ. eigenvalues --   -0.94263  -0.76176  -0.57501  -0.54013  -0.31451
 Alpha  occ. eigenvalues --   -0.06223
 Alpha virt. eigenvalues --   -0.14559   0.18343   0.23695   0.32913   0.48918
 Alpha virt. eigenvalues --    0.56640
          Condensed to atoms (all electrons):
               1          2          3          4          5          6
     1  H    1.255853   0.097035   0.160132  -0.055764   0.048392  -0.203497
     2  H    0.097035   1.163367  -0.127592   0.153209  -0.260143   0.204971
     3  H    0.160132  -0.127592   1.081618   0.034235   0.017340  -0.048166
     4  H   -0.055764   0.153209   0.034235   0.704017  -0.094302   0.130889
     5  H    0.048392  -0.260143   0.017340  -0.094302   1.215134  -0.069960
     6  H   -0.203497   0.204971  -0.048166   0.130889  -0.069960   1.046686
     7  H   -0.053193  -0.196884   0.078797  -0.068515   0.079758   0.026267
     8  H   -0.096141  -0.003281  -0.068515   0.183276  -0.021849   0.015144
     9  H   -0.085866   0.004567   0.026267   0.015144  -0.002073   0.020816
    10  H    0.010390  -0.003212   0.079758  -0.021849   0.001113  -0.002073
    11  H   -0.002642   0.019381  -0.196884  -0.003281  -0.003212   0.004567
    12  H    0.051443  -0.002642  -0.053193  -0.096141   0.010390  -0.085866
               7          8          9         10         11         12
     1  H   -0.053193  -0.096141  -0.085866   0.010390  -0.002642   0.051443
     2  H   -0.196884  -0.003281   0.004567  -0.003212   0.019381  -0.002642
     3  H    0.078797  -0.068515   0.026267   0.079758  -0.196884  -0.053193
     4  H   -0.068515   0.183276   0.015144  -0.021849  -0.003281  -0.096141
     5  H    0.079758  -0.021849  -0.002073   0.001113  -0.003212   0.010390
     6  H    0.026267   0.015144   0.020816  -0.002073   0.004567  -0.085866
     7  H    1.081618   0.034235  -0.048166   0.017340  -0.127592   0.160132
     8  H    0.034235   0.704017   0.130889  -0.094302   0.153209  -0.055764
     9  H   -0.048166   0.130889   1.046686  -0.069960   0.204971  -0.203497
    10  H    0.017340  -0.094302  -0.069960   1.215134  -0.260143   0.048392
    11  H   -0.127592   0.153209   0.204971  -0.260143   1.163367   0.097035
    12  H    0.160132  -0.055764  -0.203497   0.048392   0.097035   1.255853
 Mulliken charges:
               1
     1  H   -0.126141
     2  H   -0.048778
     3  H    0.016204
     4  H    0.119082
     5  H    0.079412
     6  H   -0.039779
     7  H    0.016204
     8  H    0.119082
     9  H   -0.039779
    10  H    0.079412
    11  H   -0.048778
    12  H   -0.126141
 Sum of Mulliken charges =  -0.00000
 Mulliken charges with hydrogens summed into heavy atoms:
               1
 Electronic spatial extent (au):  <R**2>=            159.1431
 Charge=             -0.0000 electrons
 Dipole moment (field-independent basis, Debye):
    X=             -0.0000    Y=              0.0000    Z=              0.0000  Tot=              0.0000
 Quadrupole moment (field-independent basis, Debye-Ang):
   XX=            -19.4748   YY=            -16.5292   ZZ=            -15.0503
   XY=             -2.6824   XZ=             -0.0000   YZ=              0.0000
 Traceless Quadrupole moment (field-independent basis, Debye-Ang):
   XX=             -2.4567   YY=              0.4889   ZZ=              1.9678
   XY=             -2.6824   XZ=             -0.0000   YZ=              0.0000
 Octapole moment (field-independent basis, Debye-Ang**2):
  XXX=              0.0000  YYY=              0.0000  ZZZ=             -0.0000  XYY=             -0.0000
  XXY=              0.0000  XXZ=             -0.0000  XZZ=              0.0000  YZZ=              0.0000
  YYZ=             -0.0000  XYZ=              0.0000
 Hexadecapole moment (field-independent basis, Debye-Ang**3):
 XXXX=            -88.4067 YYYY=           -226.6479 ZZZZ=            -17.7880 XXXY=             19.8014
 XXXZ=             -0.0000 YYYX=             18.9346 YYYZ=              0.0000 ZZZX=             -0.0000
 ZZZY=              0.0000 XXYY=            -59.0020 XXZZ=            -16.7994 YYZZ=            -40.4704
 XXYZ=              0.0000 YYXZ=             -0.0000 ZZXY=              6.6185
 N-N= 1.912648935620D+01 E-N=-4.937512964108D+01  KE= 6.720714461646D+00
 Symmetry AG   KE= 5.058381831751D+00
 Symmetry BG   KE= 0.000000000000D+00
 Symmetry AU   KE= 0.000000000000D+00
 Symmetry BU   KE= 1.662332629895D+00

 Test job not archived.
 1\1\GINC-SULU\Stability\RHF\Gen\H12\LCJ1\17-Feb-2017\0\\#rhf/gen scf(s
 ymm,tight,novaracc,noincfock,fulldiag) stable(crhf) guess=read geom=no
 crowd test\\hf stability analysis of h12 triangular lattice, y= 0.5277
 1272502479782\\0,1\H\H,1,1.2146817173\H,1,1.2146817173,2,128.5\H,2,1.2
 146817173,1,51.5,3,0.,0\H,2,1.2146817173,1,180.,3,0.,0\H,4,1.214681717
 3,3,180.,5,0.,0\H,6,1.2146817173,5,180.,3,0.,0\H,4,1.2146817173,2,180.
 ,3,0.,0\H,3,1.2146817173,1,180.,4,0.,0\H,9,1.2146817173,3,180.,4,0.,0\
 H,8,1.2146817173,4,180.,3,0.,0\H,7,1.2146817173,6,180.,3,0.,0\\Version
 =ES64L-G09RevE.01\State=1-AG\HF=-5.3969879\MP2=-5.6163734\RMSD=1.628e-
 09\Dipole=0.,0.,0.\Quadrupole=-2.4283518,1.4630116,0.9653402,0.,-1.515
 5554,0.\PG=C02H [SGH(H12)]\\@


      SCIENCE SANS CONSCIENCE N'EST QUE RUINE DE L'AME.

                                                  -- RABELAIS
 Job cpu time:       0 days  0 hours  0 minutes  1.1 seconds.
 File lengths (MBytes):  RWF=     84 Int=      0 D2E=      0 Chk=      2 Scr=      2
 Normal termination of Gaussian 09 at Fri Feb 17 14:58:04 2017.
