 Entering Gaussian System, Link 0=g09
 AtFile(1): H.gbs
            H     0
            S   10   1.00
               1000.000000000000            0.000068713567
                316.227766000000            0.000169141320
                100.000000000000            0.000823394812
                 31.622776600000            0.003425569236
                 10.000000000000            0.013951996000
                  3.162277660000            0.056909313560
                  1.000000000000            0.198286399900
                  0.316227766000            0.496922426700
                  0.100000000000            0.369846276400
                  0.031622776600            0.003752720039
            ****
 Initial command:
 /projects/guscus/apps/gau/g09-e1/g09/l1.exe "/users/lcj1/gaussian/h12/rhfstability/rect/guess/ag4bu2/Gau-19502.inp" -scrdir="/users/lcj1/gaussian/h12/rhfstability/rect/guess/ag4bu2/"
 Entering Link 1 = /projects/guscus/apps/gau/g09-e1/g09/l1.exe PID=     19503.
  
 Copyright (c) 1988,1990,1992,1993,1995,1998,2003,2009,2015,
            Gaussian, Inc.  All Rights Reserved.
  
 This is part of the Gaussian(R) 09 program.  It is based on
 the Gaussian(R) 03 system (copyright 2003, Gaussian, Inc.),
 the Gaussian(R) 98 system (copyright 1998, Gaussian, Inc.),
 the Gaussian(R) 94 system (copyright 1995, Gaussian, Inc.),
 the Gaussian 92(TM) system (copyright 1992, Gaussian, Inc.),
 the Gaussian 90(TM) system (copyright 1990, Gaussian, Inc.),
 the Gaussian 88(TM) system (copyright 1988, Gaussian, Inc.),
 the Gaussian 86(TM) system (copyright 1986, Carnegie Mellon
 University), and the Gaussian 82(TM) system (copyright 1983,
 Carnegie Mellon University). Gaussian is a federally registered
 trademark of Gaussian, Inc.
  
 This software contains proprietary and confidential information,
 including trade secrets, belonging to Gaussian, Inc.
  
 This software is provided under written license and may be
 used, copied, transmitted, or stored only in accord with that
 written license.
  
 The following legend is applicable only to US Government
 contracts under FAR:
  
                    RESTRICTED RIGHTS LEGEND
  
 Use, reproduction and disclosure by the US Government is
 subject to restrictions as set forth in subparagraphs (a)
 and (c) of the Commercial Computer Software - Restricted
 Rights clause in FAR 52.227-19.
  
 Gaussian, Inc.
 340 Quinnipiac St., Bldg. 40, Wallingford CT 06492
  
  
 ---------------------------------------------------------------
 Warning -- This program may not be used in any manner that
 competes with the business of Gaussian, Inc. or will provide
 assistance to any competitor of Gaussian, Inc.  The licensee
 of this program is prohibited from giving any competitor of
 Gaussian, Inc. access to this program.  By using this program,
 the user acknowledges that Gaussian, Inc. is engaged in the
 business of creating and licensing software in the field of
 computational chemistry and represents and warrants to the
 licensee that it is not a competitor of Gaussian, Inc. and that
 it will not use this program in any manner prohibited above.
 ---------------------------------------------------------------
  

 Cite this work as:
 Gaussian 09, Revision E.01,
 M. J. Frisch, G. W. Trucks, H. B. Schlegel, G. E. Scuseria, 
 M. A. Robb, J. R. Cheeseman, G. Scalmani, V. Barone, B. Mennucci, 
 G. A. Petersson, H. Nakatsuji, M. Caricato, X. Li, H. P. Hratchian, 
 A. F. Izmaylov, J. Bloino, G. Zheng, J. L. Sonnenberg, M. Hada, 
 M. Ehara, K. Toyota, R. Fukuda, J. Hasegawa, M. Ishida, T. Nakajima, 
 Y. Honda, O. Kitao, H. Nakai, T. Vreven, J. A. Montgomery, Jr., 
 J. E. Peralta, F. Ogliaro, M. Bearpark, J. J. Heyd, E. Brothers, 
 K. N. Kudin, V. N. Staroverov, T. Keith, R. Kobayashi, J. Normand, 
 K. Raghavachari, A. Rendell, J. C. Burant, S. S. Iyengar, J. Tomasi, 
 M. Cossi, N. Rega, J. M. Millam, M. Klene, J. E. Knox, J. B. Cross, 
 V. Bakken, C. Adamo, J. Jaramillo, R. Gomperts, R. E. Stratmann, 
 O. Yazyev, A. J. Austin, R. Cammi, C. Pomelli, J. W. Ochterski, 
 R. L. Martin, K. Morokuma, V. G. Zakrzewski, G. A. Voth, 
 P. Salvador, J. J. Dannenberg, S. Dapprich, A. D. Daniels, 
 O. Farkas, J. B. Foresman, J. V. Ortiz, J. Cioslowski, 
 and D. J. Fox, Gaussian, Inc., Wallingford CT, 2013.
 
 ******************************************
 Gaussian 09:  ES64L-G09RevE.01 30-Nov-2015
                17-Feb-2017 
 ******************************************
 %chk=h12.chk
 ----------------------------------------------------------------------
 #rhf/gen scf(symm,tight,novaracc,noincfock,fulldiag) stable(crhf) gues
 s=read geom=nocrowd test
 ----------------------------------------------------------------------
 1/38=1/1;
 2/12=1,17=6,18=5,40=1/2;
 3/5=7,16=1,25=1,30=1,116=1/1,2,3;
 4/5=1,9=4/1;
 5/5=100002,15=2,16=1,32=2,38=6/2;
 8/6=1,10=90,11=11/1,4;
 9/8=4,13=1/2;
 6/7=2,8=2,9=2,10=2,28=1/1;
 99/5=1,9=1/99;
 ----------------------------------------------------------------------
 hf stability analysis of h12 triangular lattice, y= 0.5218199625932952
 2
 ----------------------------------------------------------------------
 Symbolic Z-matrix:
 Charge =  0 Multiplicity = 1
 H
 H                    1     1.2233 
 H                    1     1.2233   2     129.5 
 H                    2     1.2233   1     50.5     3     0.       0
 H                    2     1.2233   1     180.     3     0.       0
 H                    4     1.2233   3     180.     5     0.       0
 H                    6     1.2233   5     180.     3     0.       0
 H                    4     1.2233   2     180.     3     0.       0
 H                    3     1.2233   1     180.     4     0.       0
 H                    9     1.2233   3     180.     4     0.       0
 H                    8     1.2233   4     180.     3     0.       0
 H                    7     1.2233   6     180.     3     0.       0
 
                          Input orientation:                          
 ---------------------------------------------------------------------
 Center     Atomic      Atomic             Coordinates (Angstroms)
 Number     Number       Type             X           Y           Z
 ---------------------------------------------------------------------
      1          1           0        0.000000    0.000000    0.000000
      2          1           0        0.000000    0.000000    1.223296
      3          1           0        0.943925    0.000000   -0.778112
      4          1           0        0.943925    0.000000    0.445184
      5          1           0        0.000000    0.000000    2.446593
      6          1           0        0.943925    0.000000    1.668480
      7          1           0        1.887851    0.000000    0.890368
      8          1           0        1.887851    0.000000   -0.332928
      9          1           0        1.887851    0.000000   -1.556224
     10          1           0        2.831776    0.000000   -2.334336
     11          1           0        2.831776    0.000000   -1.111040
     12          1           0        2.831776    0.000000    0.112256
 ---------------------------------------------------------------------
                    Distance matrix (angstroms):
                    1          2          3          4          5
     1  H    0.000000
     2  H    1.223296   0.000000
     3  H    1.223296   2.212833   0.000000
     4  H    1.043640   1.223296   1.223296   0.000000
     5  H    2.446593   1.223296   3.360017   2.212833   0.000000
     6  H    1.916983   1.043640   2.446593   1.223296   1.223296
     7  H    2.087280   1.916983   1.916983   1.043640   2.446593
     8  H    1.916983   2.446593   1.043640   1.223296   3.360017
     9  H    2.446593   3.360017   1.223296   2.212833   4.425666
    10  H    3.669889   4.547055   2.446593   3.360017   5.556639
    11  H    3.041935   3.669889   1.916983   2.446593   4.547055
    12  H    2.834001   3.041935   2.087280   1.916983   3.669889
                    6          7          8          9         10
     6  H    0.000000
     7  H    1.223296   0.000000
     8  H    2.212833   1.223296   0.000000
     9  H    3.360017   2.446593   1.223296   0.000000
    10  H    4.425666   3.360017   2.212833   1.223296   0.000000
    11  H    3.360017   2.212833   1.223296   1.043640   1.223296
    12  H    2.446593   1.223296   1.043640   1.916983   2.446593
                   11         12
    11  H    0.000000
    12  H    1.223296   0.000000
 Stoichiometry    H12
 Framework group  C2H[SGH(H12)]
 Deg. of freedom    11
 Full point group                 C2H     NOp   4
 Largest Abelian subgroup         C2H     NOp   4
 Largest concise Abelian subgroup C2      NOp   2
                         Standard orientation:                         
 ---------------------------------------------------------------------
 Center     Atomic      Atomic             Coordinates (Angstroms)
 Number     Number       Type             X           Y           Z
 ---------------------------------------------------------------------
      1          1           0        0.943925    1.056832    0.000000
      2          1           0       -0.000000    1.834944    0.000000
      3          1           0        0.943925   -0.166464   -0.000000
      4          1           0       -0.000000    0.611648    0.000000
      5          1           0       -0.943925    2.613057    0.000000
      6          1           0       -0.943925    1.389760    0.000000
      7          1           0       -0.943925    0.166464    0.000000
      8          1           0       -0.000000   -0.611648   -0.000000
      9          1           0        0.943925   -1.389760   -0.000000
     10          1           0        0.943925   -2.613057   -0.000000
     11          1           0       -0.000000   -1.834944   -0.000000
     12          1           0       -0.943925   -1.056832    0.000000
 ---------------------------------------------------------------------
 Rotational constants (GHZ):     90.5059428     17.3646904     14.5693747
 General basis read from cards:  (5D, 7F)
 There are     6 symmetry adapted cartesian basis functions of AG  symmetry.
 There are     0 symmetry adapted cartesian basis functions of BG  symmetry.
 There are     0 symmetry adapted cartesian basis functions of AU  symmetry.
 There are     6 symmetry adapted cartesian basis functions of BU  symmetry.
 There are     6 symmetry adapted basis functions of AG  symmetry.
 There are     0 symmetry adapted basis functions of BG  symmetry.
 There are     0 symmetry adapted basis functions of AU  symmetry.
 There are     6 symmetry adapted basis functions of BU  symmetry.
    12 basis functions,   120 primitive gaussians,    12 cartesian basis functions
     6 alpha electrons        6 beta electrons
       nuclear repulsion energy        19.0701487167 Hartrees.
 NAtoms=   12 NActive=   12 NUniq=    6 SFac= 4.00D+00 NAtFMM=   60 NAOKFM=F Big=F
 Integral buffers will be    131072 words long.
 Regular integral format.
 Two-electron integral symmetry is turned on.
 One-electron integrals computed using PRISM.
 NBasis=    12 RedAO= T EigKep=  1.88D-01  NBF=     6     0     0     6
 NBsUse=    12 1.00D-06 EigRej= -1.00D+00 NBFU=     6     0     0     6
 Initial guess from the checkpoint file:  "h12.chk"
 B after Tr=    -0.000000   -0.000000    0.000000
         Rot=    0.996065    0.000000   -0.000000    0.088623 Ang=  10.17 deg.
 Initial guess orbital symmetries:
       Occupied  (AG) (BU) (BU) (AG) (AG) (AG)
       Virtual   (BU) (BU) (BU) (AG) (AG) (BU)
 Keep R1 ints in memory in symmetry-blocked form, NReq=902748.
 Requested convergence on RMS density matrix=1.00D-08 within 128 cycles.
 Requested convergence on MAX density matrix=1.00D-06.
 Requested convergence on             energy=1.00D-06.
 No special actions if energy rises.
 SCF Done:  E(RHF) =  -5.39446150044     A.U. after   19 cycles
            NFock= 19  Conv=0.14D-08     -V/T= 1.8035
 Range of M.O.s used for correlation:     1    12
 NBasis=    12 NAE=     6 NBE=     6 NFC=     0 NFV=     0
 NROrb=     12 NOA=     6 NOB=     6 NVA=     6 NVB=     6

 **** Warning!!: The smallest alpha delta epsilon is -0.91182650D-01

 Semi-Direct transformation.
 ModeAB=           4 MOrb=             6 LenV=     134086033
 LASXX=         2181 LTotXX=        2181 LenRXX=        5115
 LTotAB=        2934 MaxLAS=        3024 LenRXY=           0
 NonZer=        7296 LenScr=      655360 LnRSAI=        3024
 LnScr1=      655360 LExtra=           0 Total=      1318859
 MaxDsk=          -1 SrtSym=           T ITran=            3
 JobTyp=0 Pass  1:  I=   1 to   6.
 (rs|ai) integrals will be sorted in core.
 Spin components of T(2) and E(2):
     alpha-alpha T2 =       0.2575694448D-01 E2=     -0.2241223015D-01
     alpha-beta  T2 =       0.1062567887D+01 E2=     -0.2009346629D+00
     beta-beta   T2 =       0.2575694448D-01 E2=     -0.2241223015D-01
 ANorm=    0.1453988231D+01
 E2 =    -0.2457591232D+00 EUMP2 =    -0.56402206236521D+01
 Second order stability test of a single determinant RHF wave function:
 Stabil:  MDV=134217728
 ***********************************************************************
 Matrix         Lowest Root    Major Pairs
 ***********************************************************************
 Internal RHF    -0.2003436    6A=7A
 RRHF --> CRHF   -0.2964553    6A=7A
 RRHF --> RUHF   -0.5755669    6A=7B
 Not stable.
 ***********************************************************************

 **********************************************************************

            Population analysis using the SCF density.

 **********************************************************************

 Orbital symmetries:
       Occupied  (AG) (BU) (BU) (AG) (AG) (AG)
       Virtual   (BU) (AG) (BU) (BU) (BU) (AG)
 The electronic state is 1-AG.
 Alpha  occ. eigenvalues --   -0.95459  -0.76643  -0.58041  -0.53975  -0.32144
 Alpha  occ. eigenvalues --   -0.06051
 Alpha virt. eigenvalues --   -0.15170   0.18813   0.23660   0.30243   0.48606
 Alpha virt. eigenvalues --    0.55359
          Condensed to atoms (all electrons):
               1          2          3          4          5          6
     1  H    1.218731   0.126322   0.094755   0.015626   0.040936  -0.203225
     2  H    0.126322   1.108609  -0.114124   0.096810  -0.276085   0.255671
     3  H    0.094755  -0.114124   1.009360   0.092603   0.015009  -0.046873
     4  H    0.015626   0.096810   0.092603   0.605248  -0.068573   0.102156
     5  H    0.040936  -0.276085   0.015009  -0.068573   1.347270  -0.148392
     6  H   -0.203225   0.255671  -0.046873   0.102156  -0.148392   1.122769
     7  H   -0.082385  -0.177658   0.055105   0.009053   0.071043   0.033263
     8  H   -0.071458  -0.017466   0.009053   0.119814  -0.015562   0.003005
     9  H   -0.083947   0.007075   0.033263   0.003005  -0.002709   0.022874
    10  H    0.008725  -0.003082   0.071043  -0.015562   0.001125  -0.002709
    11  H    0.001055   0.017690  -0.177658  -0.017466  -0.003082   0.007075
    12  H    0.048269   0.001055  -0.082385  -0.071458   0.008725  -0.083947
               7          8          9         10         11         12
     1  H   -0.082385  -0.071458  -0.083947   0.008725   0.001055   0.048269
     2  H   -0.177658  -0.017466   0.007075  -0.003082   0.017690   0.001055
     3  H    0.055105   0.009053   0.033263   0.071043  -0.177658  -0.082385
     4  H    0.009053   0.119814   0.003005  -0.015562  -0.017466  -0.071458
     5  H    0.071043  -0.015562  -0.002709   0.001125  -0.003082   0.008725
     6  H    0.033263   0.003005   0.022874  -0.002709   0.007075  -0.083947
     7  H    1.009360   0.092603  -0.046873   0.015009  -0.114124   0.094755
     8  H    0.092603   0.605248   0.102156  -0.068573   0.096810   0.015626
     9  H   -0.046873   0.102156   1.122769  -0.148392   0.255671  -0.203225
    10  H    0.015009  -0.068573  -0.148392   1.347270  -0.276085   0.040936
    11  H   -0.114124   0.096810   0.255671  -0.276085   1.108609   0.126322
    12  H    0.094755   0.015626  -0.203225   0.040936   0.126322   1.218731
 Mulliken charges:
               1
     1  H   -0.113404
     2  H   -0.024817
     3  H    0.040848
     4  H    0.128743
     5  H    0.030296
     6  H   -0.061666
     7  H    0.040848
     8  H    0.128743
     9  H   -0.061666
    10  H    0.030296
    11  H   -0.024817
    12  H   -0.113404
 Sum of Mulliken charges =   0.00000
 Mulliken charges with hydrogens summed into heavy atoms:
               1
 Electronic spatial extent (au):  <R**2>=            163.0274
 Charge=              0.0000 electrons
 Dipole moment (field-independent basis, Debye):
    X=             -0.0000    Y=              0.0000    Z=             -0.0000  Tot=              0.0000
 Quadrupole moment (field-independent basis, Debye-Ang):
   XX=            -19.2638   YY=            -19.6577   ZZ=            -15.0372
   XY=             -0.9502   XZ=              0.0000   YZ=             -0.0000
 Traceless Quadrupole moment (field-independent basis, Debye-Ang):
   XX=             -1.2775   YY=             -1.6715   ZZ=              2.9490
   XY=             -0.9502   XZ=              0.0000   YZ=             -0.0000
 Octapole moment (field-independent basis, Debye-Ang**2):
  XXX=              0.0000  YYY=              0.0000  ZZZ=             -0.0000  XYY=             -0.0000
  XXY=              0.0000  XXZ=             -0.0000  XZZ=             -0.0000  YZZ=              0.0000
  YYZ=             -0.0000  XYZ=              0.0000
 Hexadecapole moment (field-independent basis, Debye-Ang**3):
 XXXX=            -85.7723 YYYY=           -264.1580 ZZZZ=            -17.7534 XXXY=             22.9081
 XXXZ=              0.0000 YYYX=             32.0798 YYYZ=             -0.0000 ZZZX=              0.0000
 ZZZY=             -0.0000 XXYY=            -63.7367 XXZZ=            -16.5159 YYZZ=            -41.7955
 XXYZ=             -0.0000 YYXZ=              0.0000 ZZXY=              7.0998
 N-N= 1.907014871671D+01 E-N=-4.919692390868D+01  KE= 6.713981627340D+00
 Symmetry AG   KE= 5.035337124479D+00
 Symmetry BG   KE= 0.000000000000D+00
 Symmetry AU   KE= 0.000000000000D+00
 Symmetry BU   KE= 1.678644502861D+00

 Test job not archived.
 1\1\GINC-SULU\Stability\RHF\Gen\H12\LCJ1\17-Feb-2017\0\\#rhf/gen scf(s
 ymm,tight,novaracc,noincfock,fulldiag) stable(crhf) guess=read geom=no
 crowd test\\hf stability analysis of h12 triangular lattice, y= 0.5218
 1996259329522\\0,1\H\H,1,1.2232962714\H,1,1.2232962714,2,129.5\H,2,1.2
 232962714,1,50.5,3,0.,0\H,2,1.2232962714,1,180.,3,0.,0\H,4,1.223296271
 4,3,180.,5,0.,0\H,6,1.2232962714,5,180.,3,0.,0\H,4,1.2232962714,2,180.
 ,3,0.,0\H,3,1.2232962714,1,180.,4,0.,0\H,9,1.2232962714,3,180.,4,0.,0\
 H,8,1.2232962714,4,180.,3,0.,0\H,7,1.2232962714,6,180.,3,0.,0\\Version
 =ES64L-G09RevE.01\State=1-AG\HF=-5.3944615\MP2=-5.6402206\RMSD=1.365e-
 09\Dipole=0.,0.,0.\Quadrupole=-1.8176548,2.1925165,-0.3748617,0.,0.008
 9494,0.\PG=C02H [SGH(H12)]\\@


 If your ship doesn't come in, swim out to it!
                          -- Jonathan Winters
 Job cpu time:       0 days  0 hours  0 minutes  1.1 seconds.
 File lengths (MBytes):  RWF=     84 Int=      0 D2E=      0 Chk=      2 Scr=      2
 Normal termination of Gaussian 09 at Fri Feb 17 14:57:58 2017.
