 Entering Gaussian System, Link 0=g09
 AtFile(1): H.gbs
            H     0
            S   10   1.00
               1000.000000000000            0.000068713567
                316.227766000000            0.000169141320
                100.000000000000            0.000823394812
                 31.622776600000            0.003425569236
                 10.000000000000            0.013951996000
                  3.162277660000            0.056909313560
                  1.000000000000            0.198286399900
                  0.316227766000            0.496922426700
                  0.100000000000            0.369846276400
                  0.031622776600            0.003752720039
            ****
 Initial command:
 /projects/guscus/apps/gau/g09-e1/g09/l1.exe "/users/lcj1/gaussian/h12/rhfstability/rect/guess/ag4bu2/Gau-24807.inp" -scrdir="/users/lcj1/gaussian/h12/rhfstability/rect/guess/ag4bu2/"
 Entering Link 1 = /projects/guscus/apps/gau/g09-e1/g09/l1.exe PID=     24809.
  
 Copyright (c) 1988,1990,1992,1993,1995,1998,2003,2009,2015,
            Gaussian, Inc.  All Rights Reserved.
  
 This is part of the Gaussian(R) 09 program.  It is based on
 the Gaussian(R) 03 system (copyright 2003, Gaussian, Inc.),
 the Gaussian(R) 98 system (copyright 1998, Gaussian, Inc.),
 the Gaussian(R) 94 system (copyright 1995, Gaussian, Inc.),
 the Gaussian 92(TM) system (copyright 1992, Gaussian, Inc.),
 the Gaussian 90(TM) system (copyright 1990, Gaussian, Inc.),
 the Gaussian 88(TM) system (copyright 1988, Gaussian, Inc.),
 the Gaussian 86(TM) system (copyright 1986, Carnegie Mellon
 University), and the Gaussian 82(TM) system (copyright 1983,
 Carnegie Mellon University). Gaussian is a federally registered
 trademark of Gaussian, Inc.
  
 This software contains proprietary and confidential information,
 including trade secrets, belonging to Gaussian, Inc.
  
 This software is provided under written license and may be
 used, copied, transmitted, or stored only in accord with that
 written license.
  
 The following legend is applicable only to US Government
 contracts under FAR:
  
                    RESTRICTED RIGHTS LEGEND
  
 Use, reproduction and disclosure by the US Government is
 subject to restrictions as set forth in subparagraphs (a)
 and (c) of the Commercial Computer Software - Restricted
 Rights clause in FAR 52.227-19.
  
 Gaussian, Inc.
 340 Quinnipiac St., Bldg. 40, Wallingford CT 06492
  
  
 ---------------------------------------------------------------
 Warning -- This program may not be used in any manner that
 competes with the business of Gaussian, Inc. or will provide
 assistance to any competitor of Gaussian, Inc.  The licensee
 of this program is prohibited from giving any competitor of
 Gaussian, Inc. access to this program.  By using this program,
 the user acknowledges that Gaussian, Inc. is engaged in the
 business of creating and licensing software in the field of
 computational chemistry and represents and warrants to the
 licensee that it is not a competitor of Gaussian, Inc. and that
 it will not use this program in any manner prohibited above.
 ---------------------------------------------------------------
  

 Cite this work as:
 Gaussian 09, Revision E.01,
 M. J. Frisch, G. W. Trucks, H. B. Schlegel, G. E. Scuseria, 
 M. A. Robb, J. R. Cheeseman, G. Scalmani, V. Barone, B. Mennucci, 
 G. A. Petersson, H. Nakatsuji, M. Caricato, X. Li, H. P. Hratchian, 
 A. F. Izmaylov, J. Bloino, G. Zheng, J. L. Sonnenberg, M. Hada, 
 M. Ehara, K. Toyota, R. Fukuda, J. Hasegawa, M. Ishida, T. Nakajima, 
 Y. Honda, O. Kitao, H. Nakai, T. Vreven, J. A. Montgomery, Jr., 
 J. E. Peralta, F. Ogliaro, M. Bearpark, J. J. Heyd, E. Brothers, 
 K. N. Kudin, V. N. Staroverov, T. Keith, R. Kobayashi, J. Normand, 
 K. Raghavachari, A. Rendell, J. C. Burant, S. S. Iyengar, J. Tomasi, 
 M. Cossi, N. Rega, J. M. Millam, M. Klene, J. E. Knox, J. B. Cross, 
 V. Bakken, C. Adamo, J. Jaramillo, R. Gomperts, R. E. Stratmann, 
 O. Yazyev, A. J. Austin, R. Cammi, C. Pomelli, J. W. Ochterski, 
 R. L. Martin, K. Morokuma, V. G. Zakrzewski, G. A. Voth, 
 P. Salvador, J. J. Dannenberg, S. Dapprich, A. D. Daniels, 
 O. Farkas, J. B. Foresman, J. V. Ortiz, J. Cioslowski, 
 and D. J. Fox, Gaussian, Inc., Wallingford CT, 2013.
 
 ******************************************
 Gaussian 09:  ES64L-G09RevE.01 30-Nov-2015
                17-Feb-2017 
 ******************************************
 %chk=h12.chk
 ----------------------------------------------------------------------
 #rhf/gen scf(symm,tight,novaracc,noincfock,fulldiag) stable(crhf) gues
 s=read geom=nocrowd test
 ----------------------------------------------------------------------
 1/38=1/1;
 2/12=1,17=6,18=5,40=1/2;
 3/5=7,16=1,25=1,30=1,116=1/1,2,3;
 4/5=1,9=4/1;
 5/5=100002,15=2,16=1,32=2,38=6/2;
 8/6=1,10=90,11=11/1,4;
 9/8=4,13=1/2;
 6/7=2,8=2,9=2,10=2,28=1/1;
 99/5=1,9=1/99;
 ----------------------------------------------------------------------
 hf stability analysis of h12 triangular lattice, y= 0.6476646814092581
 5
 ----------------------------------------------------------------------
 Symbolic Z-matrix:
 Charge =  0 Multiplicity = 1
 H
 H                    1     1.10187 
 H                    1     1.10187  2     108. 
 H                    2     1.10187  1     72.      3     0.       0
 H                    2     1.10187  1     180.     3     0.       0
 H                    4     1.10187  3     180.     5     0.       0
 H                    6     1.10187  5     180.     3     0.       0
 H                    4     1.10187  2     180.     3     0.       0
 H                    3     1.10187  1     180.     4     0.       0
 H                    9     1.10187  3     180.     4     0.       0
 H                    8     1.10187  4     180.     3     0.       0
 H                    7     1.10187  6     180.     3     0.       0
 
                          Input orientation:                          
 ---------------------------------------------------------------------
 Center     Atomic      Atomic             Coordinates (Angstroms)
 Number     Number       Type             X           Y           Z
 ---------------------------------------------------------------------
      1          1           0        0.000000    0.000000    0.000000
      2          1           0        0.000000    0.000000    1.101873
      3          1           0        1.047943    0.000000   -0.340497
      4          1           0        1.047943    0.000000    0.761375
      5          1           0        0.000000    0.000000    2.203746
      6          1           0        1.047943    0.000000    1.863248
      7          1           0        2.095887    0.000000    1.522751
      8          1           0        2.095887    0.000000    0.420878
      9          1           0        2.095887    0.000000   -0.680995
     10          1           0        3.143830    0.000000   -1.021492
     11          1           0        3.143830    0.000000    0.080381
     12          1           0        3.143830    0.000000    1.182253
 ---------------------------------------------------------------------
                    Distance matrix (angstroms):
                    1          2          3          4          5
     1  H    0.000000
     2  H    1.101873   0.000000
     3  H    1.101873   1.782868   0.000000
     4  H    1.295329   1.101873   1.101873   0.000000
     5  H    2.203746   1.101873   2.751610   1.782868   0.000000
     6  H    2.137728   1.295329   2.203746   1.101873   1.101873
     7  H    2.590659   2.137728   2.137728   1.295329   2.203746
     8  H    2.137728   2.203746   1.295329   1.101873   2.751610
     9  H    2.203746   2.751610   1.101873   1.782868   3.565736
    10  H    3.305619   3.793725   2.203746   2.751610   4.503979
    11  H    3.144858   3.305619   2.137728   2.203746   3.793725
    12  H    3.358778   3.144858   2.590659   2.137728   3.305619
                    6          7          8          9         10
     6  H    0.000000
     7  H    1.101873   0.000000
     8  H    1.782868   1.101873   0.000000
     9  H    2.751610   2.203746   1.101873   0.000000
    10  H    3.565736   2.751610   1.782868   1.101873   0.000000
    11  H    2.751610   1.782868   1.101873   1.295329   1.101873
    12  H    2.203746   1.101873   1.295329   2.137728   2.203746
                   11         12
    11  H    0.000000
    12  H    1.101873   0.000000
 Stoichiometry    H12
 Framework group  C2H[SGH(H12)]
 Deg. of freedom    11
 Full point group                 C2H     NOp   4
 Largest Abelian subgroup         C2H     NOp   4
 Largest concise Abelian subgroup C2      NOp   2
                         Standard orientation:                         
 ---------------------------------------------------------------------
 Center     Atomic      Atomic             Coordinates (Angstroms)
 Number     Number       Type             X           Y           Z
 ---------------------------------------------------------------------
      1          1           0        1.047943    1.312312   -0.000000
      2          1           0       -0.000000    1.652809   -0.000000
      3          1           0        1.047943    0.210439   -0.000000
      4          1           0       -0.000000    0.550936   -0.000000
      5          1           0       -1.047943    1.993307   -0.000000
      6          1           0       -1.047943    0.891434    0.000000
      7          1           0       -1.047943   -0.210439   -0.000000
      8          1           0        0.000000   -0.550936   -0.000000
      9          1           0        1.047943   -0.891434   -0.000000
     10          1           0        1.047943   -1.993307   -0.000000
     11          1           0        0.000000   -1.652809   -0.000000
     12          1           0       -1.047943   -1.312312   -0.000000
 ---------------------------------------------------------------------
 Rotational constants (GHZ):     62.2876898     25.2314326     17.9573058
 General basis read from cards:  (5D, 7F)
 There are     6 symmetry adapted cartesian basis functions of AG  symmetry.
 There are     0 symmetry adapted cartesian basis functions of BG  symmetry.
 There are     0 symmetry adapted cartesian basis functions of AU  symmetry.
 There are     6 symmetry adapted cartesian basis functions of BU  symmetry.
 There are     6 symmetry adapted basis functions of AG  symmetry.
 There are     0 symmetry adapted basis functions of BG  symmetry.
 There are     0 symmetry adapted basis functions of AU  symmetry.
 There are     6 symmetry adapted basis functions of BU  symmetry.
    12 basis functions,   120 primitive gaussians,    12 cartesian basis functions
     6 alpha electrons        6 beta electrons
       nuclear repulsion energy        19.9527364674 Hartrees.
 NAtoms=   12 NActive=   12 NUniq=    6 SFac= 4.00D+00 NAtFMM=   60 NAOKFM=F Big=F
 Integral buffers will be    131072 words long.
 Regular integral format.
 Two-electron integral symmetry is turned on.
 One-electron integrals computed using PRISM.
 NBasis=    12 RedAO= T EigKep=  1.33D-01  NBF=     6     0     0     6
 NBsUse=    12 1.00D-06 EigRej= -1.00D+00 NBFU=     6     0     0     6
 Initial guess from the checkpoint file:  "h12.chk"
 B after Tr=    -0.000000    0.000000   -0.000000
         Rot=    0.999706    0.000000    0.000000    0.024265 Ang=   2.78 deg.
 Initial guess orbital symmetries:
       Occupied  (AG) (BU) (BU) (AG) (AG) (AG)
       Virtual   (BU) (BU) (BU) (AG) (AG) (BU)
 Keep R1 ints in memory in symmetry-blocked form, NReq=903966.
 Requested convergence on RMS density matrix=1.00D-08 within 128 cycles.
 Requested convergence on MAX density matrix=1.00D-06.
 Requested convergence on             energy=1.00D-06.
 No special actions if energy rises.
 SCF Done:  E(RHF) =  -5.76440233603     A.U. after    9 cycles
            NFock=  9  Conv=0.38D-08     -V/T= 1.8897
 Range of M.O.s used for correlation:     1    12
 NBasis=    12 NAE=     6 NBE=     6 NFC=     0 NFV=     0
 NROrb=     12 NOA=     6 NOB=     6 NVA=     6 NVB=     6
 Semi-Direct transformation.
 ModeAB=           4 MOrb=             6 LenV=     134084311
 LASXX=         2181 LTotXX=        2181 LenRXX=        5115
 LTotAB=        2934 MaxLAS=        3024 LenRXY=           0
 NonZer=        7296 LenScr=      655360 LnRSAI=        3024
 LnScr1=      655360 LExtra=           0 Total=      1318859
 MaxDsk=          -1 SrtSym=           T ITran=            3
 JobTyp=0 Pass  1:  I=   1 to   6.
 (rs|ai) integrals will be sorted in core.
 Spin components of T(2) and E(2):
     alpha-alpha T2 =       0.1131244348D-01 E2=     -0.1382460372D-01
     alpha-beta  T2 =       0.8577287108D-01 E2=     -0.1147758564D+00
     beta-beta   T2 =       0.1131244348D-01 E2=     -0.1382460372D-01
 ANorm=    0.1052804710D+01
 E2 =    -0.1424250638D+00 EUMP2 =    -0.59068273998736D+01
 Second order stability test of a single determinant RHF wave function:
 Stabil:  MDV=134217728
 ***********************************************************************
 Matrix         Lowest Root    Major Pairs
 ***********************************************************************
 Internal RHF    -0.0304138    6A=7A
 RRHF --> CRHF   -0.0664944    6A=7A
 RRHF --> RUHF   -0.1507388    6A=7B
 Not stable.
 ***********************************************************************

 **********************************************************************

            Population analysis using the SCF density.

 **********************************************************************

 Orbital symmetries:
       Occupied  (AG) (BU) (BU) (AG) (AG) (AG)
       Virtual   (BU) (BU) (BU) (AG) (AG) (BU)
 The electronic state is 1-AG.
 Alpha  occ. eigenvalues --   -0.92274  -0.75687  -0.63051  -0.51311  -0.38440
 Alpha  occ. eigenvalues --   -0.22039
 Alpha virt. eigenvalues --   -0.01866   0.19783   0.30089   0.36342   0.64581
 Alpha virt. eigenvalues --    0.82726
          Condensed to atoms (all electrons):
               1          2          3          4          5          6
     1  H    1.003459   0.147056   0.340441  -0.252288  -0.016516  -0.054557
     2  H    0.147056   0.985381  -0.122744   0.202241   0.128801  -0.163954
     3  H    0.340441  -0.122744   1.002259  -0.253532  -0.013221   0.024664
     4  H   -0.252288   0.202241  -0.253532   1.443319  -0.079318  -0.192421
     5  H   -0.016516   0.128801  -0.013221  -0.079318   0.539278   0.278968
     6  H   -0.054557  -0.163954   0.024664  -0.192421   0.278968   0.951577
     7  H    0.020455  -0.116211   0.086855  -0.276816  -0.000780   0.307412
     8  H   -0.131646   0.016060  -0.276816   0.719460  -0.033231  -0.115561
     9  H   -0.013111  -0.041091   0.307412  -0.115561   0.004777   0.035990
    10  H   -0.002210   0.000689  -0.000780  -0.033231   0.001810   0.004777
    11  H    0.000291   0.021922  -0.116211   0.016060   0.000689  -0.041091
    12  H    0.023397   0.000291   0.020455  -0.131646  -0.002210  -0.013111
               7          8          9         10         11         12
     1  H    0.020455  -0.131646  -0.013111  -0.002210   0.000291   0.023397
     2  H   -0.116211   0.016060  -0.041091   0.000689   0.021922   0.000291
     3  H    0.086855  -0.276816   0.307412  -0.000780  -0.116211   0.020455
     4  H   -0.276816   0.719460  -0.115561  -0.033231   0.016060  -0.131646
     5  H   -0.000780  -0.033231   0.004777   0.001810   0.000689  -0.002210
     6  H    0.307412  -0.115561   0.035990   0.004777  -0.041091  -0.013111
     7  H    1.002259  -0.253532   0.024664  -0.013221  -0.122744   0.340441
     8  H   -0.253532   1.443319  -0.192421  -0.079318   0.202241  -0.252288
     9  H    0.024664  -0.192421   0.951577   0.278968  -0.163954  -0.054557
    10  H   -0.013221  -0.079318   0.278968   0.539278   0.128801  -0.016516
    11  H   -0.122744   0.202241  -0.163954   0.128801   0.985381   0.147056
    12  H    0.340441  -0.252288  -0.054557  -0.016516   0.147056   1.003459
 Mulliken charges:
               1
     1  H   -0.064770
     2  H   -0.058441
     3  H    0.001218
     4  H   -0.046268
     5  H    0.190953
     6  H   -0.022691
     7  H    0.001218
     8  H   -0.046268
     9  H   -0.022691
    10  H    0.190953
    11  H   -0.058441
    12  H   -0.064770
 Sum of Mulliken charges =   0.00000
 Mulliken charges with hydrogens summed into heavy atoms:
               1
 Electronic spatial extent (au):  <R**2>=            134.6001
 Charge=              0.0000 electrons
 Dipole moment (field-independent basis, Debye):
    X=              0.0000    Y=              0.0000    Z=              0.0000  Tot=              0.0000
 Quadrupole moment (field-independent basis, Debye-Ang):
   XX=            -19.7457   YY=            -11.9738   ZZ=            -15.1934
   XY=             -5.4104   XZ=             -0.0000   YZ=              0.0000
 Traceless Quadrupole moment (field-independent basis, Debye-Ang):
   XX=             -4.1081   YY=              3.6638   ZZ=              0.4443
   XY=             -5.4104   XZ=             -0.0000   YZ=              0.0000
 Octapole moment (field-independent basis, Debye-Ang**2):
  XXX=              0.0000  YYY=              0.0000  ZZZ=              0.0000  XYY=             -0.0000
  XXY=             -0.0000  XXZ=              0.0000  XZZ=              0.0000  YZZ=              0.0000
  YYZ=              0.0000  XYZ=              0.0000
 Hexadecapole moment (field-independent basis, Debye-Ang**3):
 XXXX=           -109.1074 YYYY=           -145.1199 ZZZZ=            -18.0458 XXXY=              2.1452
 XXXZ=              0.0000 YYYX=            -14.2171 YYYZ=             -0.0000 ZZZX=              0.0000
 ZZZY=             -0.0000 XXYY=            -40.2959 XXZZ=            -19.4613 YYZZ=            -30.8403
 XXYZ=             -0.0000 YYXZ=             -0.0000 ZZXY=              2.4919
 N-N= 1.995273646744D+01 E-N=-5.105709248522D+01  KE= 6.478870954262D+00
 Symmetry AG   KE= 4.918608323638D+00
 Symmetry BG   KE= 0.000000000000D+00
 Symmetry AU   KE= 0.000000000000D+00
 Symmetry BU   KE= 1.560262630624D+00

 Test job not archived.
 1\1\GINC-SULU\Stability\RHF\Gen\H12\LCJ1\17-Feb-2017\0\\#rhf/gen scf(s
 ymm,tight,novaracc,noincfock,fulldiag) stable(crhf) guess=read geom=no
 crowd test\\hf stability analysis of h12 triangular lattice, y= 0.6476
 6468140925815\\0,1\H\H,1,1.101872943\H,1,1.101872943,2,108.\H,2,1.1018
 72943,1,72.,3,0.,0\H,2,1.101872943,1,180.,3,0.,0\H,4,1.101872943,3,180
 .,5,0.,0\H,6,1.101872943,5,180.,3,0.,0\H,4,1.101872943,2,180.,3,0.,0\H
 ,3,1.101872943,1,180.,4,0.,0\H,9,1.101872943,3,180.,4,0.,0\H,8,1.10187
 2943,4,180.,3,0.,0\H,7,1.101872943,6,180.,3,0.,0\\Version=ES64L-G09Rev
 E.01\State=1-AG\HF=-5.7644023\MP2=-5.9068274\RMSD=3.843e-09\Dipole=0.,
 0.,0.\Quadrupole=-0.192186,0.3302909,-0.1381049,0.,-4.9524429,0.\PG=C0
 2H [SGH(H12)]\\@


 THE MOST BEAUTIFUL EXPERIENCE WE CAN HAVE IS THE MYSTERIOUS.
 IT IS THE FUNDAMENTAL EMOTION WHICH STANDS AT AT THE CRADLE 
 OF TRUE ART AND TRUE SCIENCE.

                                    -- ALBERT EINSTEIN
 Job cpu time:       0 days  0 hours  0 minutes  1.1 seconds.
 File lengths (MBytes):  RWF=     84 Int=      0 D2E=      0 Chk=      2 Scr=      2
 Normal termination of Gaussian 09 at Fri Feb 17 15:00:15 2017.
