 Entering Gaussian System, Link 0=g09
 AtFile(1): H.gbs
            H     0
            S   10   1.00
               1000.000000000000            0.000068713567
                316.227766000000            0.000169141320
                100.000000000000            0.000823394812
                 31.622776600000            0.003425569236
                 10.000000000000            0.013951996000
                  3.162277660000            0.056909313560
                  1.000000000000            0.198286399900
                  0.316227766000            0.496922426700
                  0.100000000000            0.369846276400
                  0.031622776600            0.003752720039
            ****
 Initial command:
 /projects/guscus/apps/gau/g09-e1/g09/l1.exe "/users/lcj1/gaussian/h12/rhfstability/rect/guess/ag4bu2/Gau-31491.inp" -scrdir="/users/lcj1/gaussian/h12/rhfstability/rect/guess/ag4bu2/"
 Entering Link 1 = /projects/guscus/apps/gau/g09-e1/g09/l1.exe PID=     31492.
  
 Copyright (c) 1988,1990,1992,1993,1995,1998,2003,2009,2015,
            Gaussian, Inc.  All Rights Reserved.
  
 This is part of the Gaussian(R) 09 program.  It is based on
 the Gaussian(R) 03 system (copyright 2003, Gaussian, Inc.),
 the Gaussian(R) 98 system (copyright 1998, Gaussian, Inc.),
 the Gaussian(R) 94 system (copyright 1995, Gaussian, Inc.),
 the Gaussian 92(TM) system (copyright 1992, Gaussian, Inc.),
 the Gaussian 90(TM) system (copyright 1990, Gaussian, Inc.),
 the Gaussian 88(TM) system (copyright 1988, Gaussian, Inc.),
 the Gaussian 86(TM) system (copyright 1986, Carnegie Mellon
 University), and the Gaussian 82(TM) system (copyright 1983,
 Carnegie Mellon University). Gaussian is a federally registered
 trademark of Gaussian, Inc.
  
 This software contains proprietary and confidential information,
 including trade secrets, belonging to Gaussian, Inc.
  
 This software is provided under written license and may be
 used, copied, transmitted, or stored only in accord with that
 written license.
  
 The following legend is applicable only to US Government
 contracts under FAR:
  
                    RESTRICTED RIGHTS LEGEND
  
 Use, reproduction and disclosure by the US Government is
 subject to restrictions as set forth in subparagraphs (a)
 and (c) of the Commercial Computer Software - Restricted
 Rights clause in FAR 52.227-19.
  
 Gaussian, Inc.
 340 Quinnipiac St., Bldg. 40, Wallingford CT 06492
  
  
 ---------------------------------------------------------------
 Warning -- This program may not be used in any manner that
 competes with the business of Gaussian, Inc. or will provide
 assistance to any competitor of Gaussian, Inc.  The licensee
 of this program is prohibited from giving any competitor of
 Gaussian, Inc. access to this program.  By using this program,
 the user acknowledges that Gaussian, Inc. is engaged in the
 business of creating and licensing software in the field of
 computational chemistry and represents and warrants to the
 licensee that it is not a competitor of Gaussian, Inc. and that
 it will not use this program in any manner prohibited above.
 ---------------------------------------------------------------
  

 Cite this work as:
 Gaussian 09, Revision E.01,
 M. J. Frisch, G. W. Trucks, H. B. Schlegel, G. E. Scuseria, 
 M. A. Robb, J. R. Cheeseman, G. Scalmani, V. Barone, B. Mennucci, 
 G. A. Petersson, H. Nakatsuji, M. Caricato, X. Li, H. P. Hratchian, 
 A. F. Izmaylov, J. Bloino, G. Zheng, J. L. Sonnenberg, M. Hada, 
 M. Ehara, K. Toyota, R. Fukuda, J. Hasegawa, M. Ishida, T. Nakajima, 
 Y. Honda, O. Kitao, H. Nakai, T. Vreven, J. A. Montgomery, Jr., 
 J. E. Peralta, F. Ogliaro, M. Bearpark, J. J. Heyd, E. Brothers, 
 K. N. Kudin, V. N. Staroverov, T. Keith, R. Kobayashi, J. Normand, 
 K. Raghavachari, A. Rendell, J. C. Burant, S. S. Iyengar, J. Tomasi, 
 M. Cossi, N. Rega, J. M. Millam, M. Klene, J. E. Knox, J. B. Cross, 
 V. Bakken, C. Adamo, J. Jaramillo, R. Gomperts, R. E. Stratmann, 
 O. Yazyev, A. J. Austin, R. Cammi, C. Pomelli, J. W. Ochterski, 
 R. L. Martin, K. Morokuma, V. G. Zakrzewski, G. A. Voth, 
 P. Salvador, J. J. Dannenberg, S. Dapprich, A. D. Daniels, 
 O. Farkas, J. B. Foresman, J. V. Ortiz, J. Cioslowski, 
 and D. J. Fox, Gaussian, Inc., Wallingford CT, 2013.
 
 ******************************************
 Gaussian 09:  ES64L-G09RevE.01 30-Nov-2015
                17-Feb-2017 
 ******************************************
 %chk=h12.chk
 ----------------------------------------------------------------------
 #rhf/gen scf(symm,tight,novaracc,noincfock,fulldiag) stable(crhf) gues
 s=read geom=nocrowd test
 ----------------------------------------------------------------------
 1/38=1/1;
 2/12=1,17=6,18=5,40=1/2;
 3/5=7,16=1,25=1,30=1,116=1/1,2,3;
 4/5=1,9=4/1;
 5/5=100002,15=2,16=1,32=2,38=6/2;
 8/6=1,10=90,11=11/1,4;
 9/8=4,13=1/2;
 6/7=2,8=2,9=2,10=2,28=1/1;
 99/5=1,9=1/99;
 ----------------------------------------------------------------------
 hf stability analysis of h12 triangular lattice, y= 0.8221863201757335
 6
 ----------------------------------------------------------------------
 Symbolic Z-matrix:
 Charge =  0 Multiplicity = 1
 H
 H                    1     1.08125 
 H                    1     1.08125  2     81. 
 H                    2     1.08125  1     99.      3     0.       0
 H                    2     1.08125  1     180.     3     0.       0
 H                    4     1.08125  3     180.     5     0.       0
 H                    6     1.08125  5     180.     3     0.       0
 H                    4     1.08125  2     180.     3     0.       0
 H                    3     1.08125  1     180.     4     0.       0
 H                    9     1.08125  3     180.     4     0.       0
 H                    8     1.08125  4     180.     3     0.       0
 H                    7     1.08125  6     180.     3     0.       0
 
                          Input orientation:                          
 ---------------------------------------------------------------------
 Center     Atomic      Atomic             Coordinates (Angstroms)
 Number     Number       Type             X           Y           Z
 ---------------------------------------------------------------------
      1          1           0        0.000000    0.000000    0.000000
      2          1           0        0.000000    0.000000    1.081247
      3          1           0        1.067935    0.000000    0.169144
      4          1           0        1.067935    0.000000    1.250391
      5          1           0        0.000000    0.000000    2.162493
      6          1           0        1.067935    0.000000    2.331637
      7          1           0        2.135869    0.000000    2.500781
      8          1           0        2.135869    0.000000    1.419535
      9          1           0        2.135869    0.000000    0.338288
     10          1           0        3.203804    0.000000    0.507433
     11          1           0        3.203804    0.000000    1.588679
     12          1           0        3.203804    0.000000    2.669926
 ---------------------------------------------------------------------
                    Distance matrix (angstroms):
                    1          2          3          4          5
     1  H    0.000000
     2  H    1.081247   0.000000
     3  H    1.081247   1.404427   0.000000
     4  H    1.644373   1.081247   1.081247   0.000000
     5  H    2.162493   1.081247   2.261399   1.404427   0.000000
     6  H    2.564569   1.644373   2.162493   1.081247   1.081247
     7  H    3.288745   2.564569   2.564569   1.644373   2.162493
     8  H    2.564569   2.162493   1.644373   1.081247   2.261399
     9  H    2.162493   2.261399   1.081247   1.404427   2.808854
    10  H    3.243740   3.254784   2.162493   2.261399   3.606048
    11  H    3.576068   3.243740   2.564569   2.162493   3.254784
    12  H    4.170475   3.576068   3.288745   2.564569   3.243740
                    6          7          8          9         10
     6  H    0.000000
     7  H    1.081247   0.000000
     8  H    1.404427   1.081247   0.000000
     9  H    2.261399   2.162493   1.081247   0.000000
    10  H    2.808854   2.261399   1.404427   1.081247   0.000000
    11  H    2.261399   1.404427   1.081247   1.644373   1.081247
    12  H    2.162493   1.081247   1.644373   2.564569   2.162493
                   11         12
    11  H    0.000000
    12  H    1.081247   0.000000
 Stoichiometry    H12
 Framework group  C2H[SGH(H12)]
 Deg. of freedom    11
 Full point group                 C2H     NOp   4
 Largest Abelian subgroup         C2H     NOp   4
 Largest concise Abelian subgroup C2      NOp   2
                         Standard orientation:                         
 ---------------------------------------------------------------------
 Center     Atomic      Atomic             Coordinates (Angstroms)
 Number     Number       Type             X           Y           Z
 ---------------------------------------------------------------------
      1          1           0        1.067935    1.791014   -0.000000
      2          1           0        0.000000    1.621870   -0.000000
      3          1           0        1.067935    0.709767   -0.000000
      4          1           0        0.000000    0.540623   -0.000000
      5          1           0       -1.067935    1.452726   -0.000000
      6          1           0       -1.067935    0.371479   -0.000000
      7          1           0       -1.067935   -0.709767   -0.000000
      8          1           0       -0.000000   -0.540623   -0.000000
      9          1           0        1.067935   -0.371479   -0.000000
     10          1           0        1.067935   -1.452726   -0.000000
     11          1           0       -0.000000   -1.621870   -0.000000
     12          1           0       -1.067935   -1.791014   -0.000000
 ---------------------------------------------------------------------
 Rotational constants (GHZ):     56.4153930     27.8577796     18.6489666
 General basis read from cards:  (5D, 7F)
 There are     6 symmetry adapted cartesian basis functions of AG  symmetry.
 There are     0 symmetry adapted cartesian basis functions of BG  symmetry.
 There are     0 symmetry adapted cartesian basis functions of AU  symmetry.
 There are     6 symmetry adapted cartesian basis functions of BU  symmetry.
 There are     6 symmetry adapted basis functions of AG  symmetry.
 There are     0 symmetry adapted basis functions of BG  symmetry.
 There are     0 symmetry adapted basis functions of AU  symmetry.
 There are     6 symmetry adapted basis functions of BU  symmetry.
    12 basis functions,   120 primitive gaussians,    12 cartesian basis functions
     6 alpha electrons        6 beta electrons
       nuclear repulsion energy        20.1239243851 Hartrees.
 NAtoms=   12 NActive=   12 NUniq=    6 SFac= 4.00D+00 NAtFMM=   60 NAOKFM=F Big=F
 Integral buffers will be    131072 words long.
 Regular integral format.
 Two-electron integral symmetry is turned on.
 One-electron integrals computed using PRISM.
 NBasis=    12 RedAO= T EigKep=  1.13D-01  NBF=     6     0     0     6
 NBsUse=    12 1.00D-06 EigRej= -1.00D+00 NBFU=     6     0     0     6
 Initial guess from the checkpoint file:  "h12.chk"
 B after Tr=    -0.000000    0.000000   -0.000000
         Rot=    0.998350   -0.000000    0.000000   -0.057428 Ang=  -6.58 deg.
 Initial guess orbital symmetries:
       Occupied  (AG) (BU) (BU) (AG) (AG) (AG)
       Virtual   (BU) (BU) (BU) (AG) (AG) (BU)
 Keep R1 ints in memory in symmetry-blocked form, NReq=903840.
 Requested convergence on RMS density matrix=1.00D-08 within 128 cycles.
 Requested convergence on MAX density matrix=1.00D-06.
 Requested convergence on             energy=1.00D-06.
 No special actions if energy rises.
 SCF Done:  E(RHF) =  -5.83568659484     A.U. after    9 cycles
            NFock=  9  Conv=0.32D-08     -V/T= 1.9085
 Range of M.O.s used for correlation:     1    12
 NBasis=    12 NAE=     6 NBE=     6 NFC=     0 NFV=     0
 NROrb=     12 NOA=     6 NOB=     6 NVA=     6 NVB=     6
 Semi-Direct transformation.
 ModeAB=           4 MOrb=             6 LenV=     134084311
 LASXX=         2181 LTotXX=        2181 LenRXX=        5115
 LTotAB=        2934 MaxLAS=        3024 LenRXY=           0
 NonZer=        7296 LenScr=      655360 LnRSAI=        3024
 LnScr1=      655360 LExtra=           0 Total=      1318859
 MaxDsk=          -1 SrtSym=           T ITran=            3
 JobTyp=0 Pass  1:  I=   1 to   6.
 (rs|ai) integrals will be sorted in core.
 Spin components of T(2) and E(2):
     alpha-alpha T2 =       0.1115210164D-01 E2=     -0.1375667380D-01
     alpha-beta  T2 =       0.8032046839D-01 E2=     -0.1113997680D+00
     beta-beta   T2 =       0.1115210164D-01 E2=     -0.1375667380D-01
 ANorm=    0.1050059366D+01
 E2 =    -0.1389131156D+00 EUMP2 =    -0.59745997104402D+01
 Second order stability test of a single determinant RHF wave function:
 Stabil:  MDV=134217728
 ***********************************************************************
 Matrix         Lowest Root    Major Pairs
 ***********************************************************************
 Internal RHF     0.0477683    Stable
 RRHF --> CRHF    0.0173785    Stable


 RRHF --> RUHF   -0.0843375    6A=7B 6A=9B 4A=7B 6A=8B 4A=9B 5A=7B 5A=9B 2A=10B 3
 A=10B 1A=9B 1A=12B 5A=8B 4A=8B 6A=12B
 Not stable.
 ***********************************************************************

 **********************************************************************

            Population analysis using the SCF density.

 **********************************************************************

 Orbital symmetries:
       Occupied  (AG) (BU) (BU) (AG) (AG) (AG)
       Virtual   (BU) (BU) (BU) (AG) (AG) (BU)
 The electronic state is 1-AG.
 Alpha  occ. eigenvalues --   -0.93410  -0.75572  -0.65614  -0.48701  -0.42119
 Alpha  occ. eigenvalues --   -0.25854
 Alpha virt. eigenvalues --    0.03302   0.18862   0.22344   0.46013   0.61294
 Alpha virt. eigenvalues --    0.95826
          Condensed to atoms (all electrons):
               1          2          3          4          5          6
     1  H    0.621315   0.141528   0.294374  -0.102883  -0.019045  -0.021052
     2  H    0.141528   0.968300  -0.151670   0.189767   0.150625  -0.131605
     3  H    0.294374  -0.151670   0.952746  -0.205241  -0.041760   0.023630
     4  H   -0.102883   0.189767  -0.205241   1.389398  -0.184928  -0.234720
     5  H   -0.019045   0.150625  -0.041760  -0.184928   0.847562   0.325251
     6  H   -0.021052  -0.131605   0.023630  -0.234720   0.325251   0.972852
     7  H    0.007442  -0.054838   0.046804  -0.145441  -0.012079   0.304521
     8  H   -0.047680   0.011495  -0.145441   0.699901  -0.094796  -0.223430
     9  H   -0.005922  -0.091502   0.304521  -0.223430   0.015197   0.071622
    10  H   -0.003045   0.001148  -0.012079  -0.094796   0.013390   0.015197
    11  H    0.001094   0.023453  -0.054838   0.011495   0.001148  -0.091502
    12  H    0.003790   0.001094   0.007442  -0.047680  -0.003045  -0.005922
               7          8          9         10         11         12
     1  H    0.007442  -0.047680  -0.005922  -0.003045   0.001094   0.003790
     2  H   -0.054838   0.011495  -0.091502   0.001148   0.023453   0.001094
     3  H    0.046804  -0.145441   0.304521  -0.012079  -0.054838   0.007442
     4  H   -0.145441   0.699901  -0.223430  -0.094796   0.011495  -0.047680
     5  H   -0.012079  -0.094796   0.015197   0.013390   0.001148  -0.003045
     6  H    0.304521  -0.223430   0.071622   0.015197  -0.091502  -0.005922
     7  H    0.952746  -0.205241   0.023630  -0.041760  -0.151670   0.294374
     8  H   -0.205241   1.389398  -0.234720  -0.184928   0.189767  -0.102883
     9  H    0.023630  -0.234720   0.972852   0.325251  -0.131605  -0.021052
    10  H   -0.041760  -0.184928   0.325251   0.847562   0.150625  -0.019045
    11  H   -0.151670   0.189767  -0.131605   0.150625   0.968300   0.141528
    12  H    0.294374  -0.102883  -0.021052  -0.019045   0.141528   0.621315
 Mulliken charges:
               1
     1  H    0.130084
     2  H   -0.057794
     3  H   -0.018488
     4  H   -0.051440
     5  H    0.002479
     6  H   -0.004842
     7  H   -0.018488
     8  H   -0.051440
     9  H   -0.004842
    10  H    0.002479
    11  H   -0.057794
    12  H    0.130084
 Sum of Mulliken charges =   0.00000
 Mulliken charges with hydrogens summed into heavy atoms:
               1
 Electronic spatial extent (au):  <R**2>=            132.4264
 Charge=              0.0000 electrons
 Dipole moment (field-independent basis, Debye):
    X=              0.0000    Y=              0.0000    Z=             -0.0000  Tot=              0.0000
 Quadrupole moment (field-independent basis, Debye-Ang):
   XX=            -19.4460   YY=            -14.3215   ZZ=            -15.1964
   XY=              2.7145   XZ=              0.0000   YZ=              0.0000
 Traceless Quadrupole moment (field-independent basis, Debye-Ang):
   XX=             -3.1247   YY=              1.9998   ZZ=              1.1249
   XY=              2.7145   XZ=              0.0000   YZ=              0.0000
 Octapole moment (field-independent basis, Debye-Ang**2):
  XXX=              0.0000  YYY=              0.0000  ZZZ=              0.0000  XYY=              0.0000
  XXY=             -0.0000  XXZ=              0.0000  XZZ=              0.0000  YZZ=             -0.0000
  YYZ=              0.0000  XYZ=             -0.0000
 Hexadecapole moment (field-independent basis, Debye-Ang**3):
 XXXX=           -111.0388 YYYY=           -155.0682 ZZZZ=            -18.0313 XXXY=             -0.9875
 XXXZ=             -0.0000 YYYX=              6.2545 YYYZ=             -0.0000 ZZZX=             -0.0000
 ZZZY=             -0.0000 XXYY=            -41.4807 XXZZ=            -19.8158 YYZZ=            -29.5997
 XXYZ=             -0.0000 YYXZ=              0.0000 ZZXY=             -1.2646
 N-N= 2.012392438513D+01 E-N=-5.131733869548D+01  KE= 6.423543593963D+00
 Symmetry AG   KE= 4.870506598872D+00
 Symmetry BG   KE= 0.000000000000D+00
 Symmetry AU   KE= 0.000000000000D+00
 Symmetry BU   KE= 1.553036995091D+00

 Test job not archived.
 1\1\GINC-SULU\Stability\RHF\Gen\H12\LCJ1\17-Feb-2017\0\\#rhf/gen scf(s
 ymm,tight,novaracc,noincfock,fulldiag) stable(crhf) guess=read geom=no
 crowd test\\hf stability analysis of h12 triangular lattice, y= 0.8221
 8632017573356\\0,1\H\H,1,1.0812465189\H,1,1.0812465189,2,81.\H,2,1.081
 2465189,1,99.,3,0.,0\H,2,1.0812465189,1,180.,3,0.,0\H,4,1.0812465189,3
 ,180.,5,0.,0\H,6,1.0812465189,5,180.,3,0.,0\H,4,1.0812465189,2,180.,3,
 0.,0\H,3,1.0812465189,1,180.,4,0.,0\H,9,1.0812465189,3,180.,4,0.,0\H,8
 ,1.0812465189,4,180.,3,0.,0\H,7,1.0812465189,6,180.,3,0.,0\\Version=ES
 64L-G09RevE.01\State=1-AG\HF=-5.8356866\MP2=-5.9745997\RMSD=3.215e-09\
 Dipole=0.,0.,0.\Quadrupole=0.7698778,0.8363607,-1.6062385,0.,2.5080801
 ,0.\PG=C02H [SGH(H12)]\\@


 IT IS A CAPITAL MISTAKE TO THEORIZE BEFORE ONE HAS
 DATA.  INSENSIBLY ONE BEGINS TO TWIST FACTS TO SUIT
 THEORIES RATHER THAN THEORIES TO SUIT FACTS.

                                         -- SHERLOCK HOLMES
 Job cpu time:       0 days  0 hours  0 minutes  1.1 seconds.
 File lengths (MBytes):  RWF=     84 Int=      0 D2E=      0 Chk=      2 Scr=      2
 Normal termination of Gaussian 09 at Fri Feb 17 15:03:06 2017.
