 Entering Gaussian System, Link 0=g09
 AtFile(1): H.gbs
            H     0
            S   10   1.00
               1000.000000000000            0.000068713567
                316.227766000000            0.000169141320
                100.000000000000            0.000823394812
                 31.622776600000            0.003425569236
                 10.000000000000            0.013951996000
                  3.162277660000            0.056909313560
                  1.000000000000            0.198286399900
                  0.316227766000            0.496922426700
                  0.100000000000            0.369846276400
                  0.031622776600            0.003752720039
            ****
 Initial command:
 /projects/guscus/apps/gau/g09-e1/g09/l1.exe "/users/lcj1/gaussian/h12/rhfstability/rect/guess/ag4bu2/Gau-5463.inp" -scrdir="/users/lcj1/gaussian/h12/rhfstability/rect/guess/ag4bu2/"
 Entering Link 1 = /projects/guscus/apps/gau/g09-e1/g09/l1.exe PID=      5464.
  
 Copyright (c) 1988,1990,1992,1993,1995,1998,2003,2009,2015,
            Gaussian, Inc.  All Rights Reserved.
  
 This is part of the Gaussian(R) 09 program.  It is based on
 the Gaussian(R) 03 system (copyright 2003, Gaussian, Inc.),
 the Gaussian(R) 98 system (copyright 1998, Gaussian, Inc.),
 the Gaussian(R) 94 system (copyright 1995, Gaussian, Inc.),
 the Gaussian 92(TM) system (copyright 1992, Gaussian, Inc.),
 the Gaussian 90(TM) system (copyright 1990, Gaussian, Inc.),
 the Gaussian 88(TM) system (copyright 1988, Gaussian, Inc.),
 the Gaussian 86(TM) system (copyright 1986, Carnegie Mellon
 University), and the Gaussian 82(TM) system (copyright 1983,
 Carnegie Mellon University). Gaussian is a federally registered
 trademark of Gaussian, Inc.
  
 This software contains proprietary and confidential information,
 including trade secrets, belonging to Gaussian, Inc.
  
 This software is provided under written license and may be
 used, copied, transmitted, or stored only in accord with that
 written license.
  
 The following legend is applicable only to US Government
 contracts under FAR:
  
                    RESTRICTED RIGHTS LEGEND
  
 Use, reproduction and disclosure by the US Government is
 subject to restrictions as set forth in subparagraphs (a)
 and (c) of the Commercial Computer Software - Restricted
 Rights clause in FAR 52.227-19.
  
 Gaussian, Inc.
 340 Quinnipiac St., Bldg. 40, Wallingford CT 06492
  
  
 ---------------------------------------------------------------
 Warning -- This program may not be used in any manner that
 competes with the business of Gaussian, Inc. or will provide
 assistance to any competitor of Gaussian, Inc.  The licensee
 of this program is prohibited from giving any competitor of
 Gaussian, Inc. access to this program.  By using this program,
 the user acknowledges that Gaussian, Inc. is engaged in the
 business of creating and licensing software in the field of
 computational chemistry and represents and warrants to the
 licensee that it is not a competitor of Gaussian, Inc. and that
 it will not use this program in any manner prohibited above.
 ---------------------------------------------------------------
  

 Cite this work as:
 Gaussian 09, Revision E.01,
 M. J. Frisch, G. W. Trucks, H. B. Schlegel, G. E. Scuseria, 
 M. A. Robb, J. R. Cheeseman, G. Scalmani, V. Barone, B. Mennucci, 
 G. A. Petersson, H. Nakatsuji, M. Caricato, X. Li, H. P. Hratchian, 
 A. F. Izmaylov, J. Bloino, G. Zheng, J. L. Sonnenberg, M. Hada, 
 M. Ehara, K. Toyota, R. Fukuda, J. Hasegawa, M. Ishida, T. Nakajima, 
 Y. Honda, O. Kitao, H. Nakai, T. Vreven, J. A. Montgomery, Jr., 
 J. E. Peralta, F. Ogliaro, M. Bearpark, J. J. Heyd, E. Brothers, 
 K. N. Kudin, V. N. Staroverov, T. Keith, R. Kobayashi, J. Normand, 
 K. Raghavachari, A. Rendell, J. C. Burant, S. S. Iyengar, J. Tomasi, 
 M. Cossi, N. Rega, J. M. Millam, M. Klene, J. E. Knox, J. B. Cross, 
 V. Bakken, C. Adamo, J. Jaramillo, R. Gomperts, R. E. Stratmann, 
 O. Yazyev, A. J. Austin, R. Cammi, C. Pomelli, J. W. Ochterski, 
 R. L. Martin, K. Morokuma, V. G. Zakrzewski, G. A. Voth, 
 P. Salvador, J. J. Dannenberg, S. Dapprich, A. D. Daniels, 
 O. Farkas, J. B. Foresman, J. V. Ortiz, J. Cioslowski, 
 and D. J. Fox, Gaussian, Inc., Wallingford CT, 2013.
 
 ******************************************
 Gaussian 09:  ES64L-G09RevE.01 30-Nov-2015
                17-Feb-2017 
 ******************************************
 %chk=h12.chk
 ----------------------------------------------------------------------
 #rhf/gen scf(symm,tight,novaracc,noincfock,fulldiag) stable(crhf) gues
 s=read geom=nocrowd test
 ----------------------------------------------------------------------
 1/38=1/1;
 2/12=1,17=6,18=5,40=1/2;
 3/5=7,16=1,25=1,30=1,116=1/1,2,3;
 4/5=1,9=4/1;
 5/5=100002,15=2,16=1,32=2,38=6/2;
 8/6=1,10=90,11=11/1,4;
 9/8=4,13=1/2;
 6/7=2,8=2,9=2,10=2,28=1/1;
 99/5=1,9=1/99;
 ----------------------------------------------------------------------
 hf stability analysis of h12 triangular lattice, y= 1.0475506882612993
 ----------------------------------------------------------------------
 Symbolic Z-matrix:
 Charge =  0 Multiplicity = 1
 H
 H                    1     1.18369 
 H                    1     1.18369  2     55.5 
 H                    2     1.18369  1     124.5    3     0.       0
 H                    2     1.18369  1     180.     3     0.       0
 H                    4     1.18369  3     180.     5     0.       0
 H                    6     1.18369  5     180.     3     0.       0
 H                    4     1.18369  2     180.     3     0.       0
 H                    3     1.18369  1     180.     4     0.       0
 H                    9     1.18369  3     180.     4     0.       0
 H                    8     1.18369  4     180.     3     0.       0
 H                    7     1.18369  6     180.     3     0.       0
 
                          Input orientation:                          
 ---------------------------------------------------------------------
 Center     Atomic      Atomic             Coordinates (Angstroms)
 Number     Number       Type             X           Y           Z
 ---------------------------------------------------------------------
      1          1           0        0.000000    0.000000    0.000000
      2          1           0        0.000000    0.000000    1.183690
      3          1           0        0.975510    0.000000    0.670449
      4          1           0        0.975510    0.000000    1.854139
      5          1           0        0.000000    0.000000    2.367379
      6          1           0        0.975510    0.000000    3.037828
      7          1           0        1.951019    0.000000    3.708278
      8          1           0        1.951019    0.000000    2.524588
      9          1           0        1.951019    0.000000    1.340898
     10          1           0        2.926529    0.000000    2.011348
     11          1           0        2.926529    0.000000    3.195037
     12          1           0        2.926529    0.000000    4.378727
 ---------------------------------------------------------------------
                    Distance matrix (angstroms):
                    1          2          3          4          5
     1  H    0.000000
     2  H    1.183690   0.000000
     3  H    1.183690   1.102286   0.000000
     4  H    2.095101   1.183690   1.183690   0.000000
     5  H    2.367379   1.183690   1.957343   1.102286   0.000000
     6  H    3.190614   2.095101   2.367379   1.183690   1.183690
     7  H    4.190203   3.190614   3.190614   2.095101   2.367379
     8  H    3.190614   2.367379   2.095101   1.183690   1.957343
     9  H    2.367379   1.957343   1.183690   1.102286   2.204572
    10  H    3.551069   3.041314   2.367379   1.957343   2.948106
    11  H    4.332763   3.551069   3.190614   2.367379   3.041314
    12  H    5.266671   4.332763   4.190203   3.190614   3.551069
                    6          7          8          9         10
     6  H    0.000000
     7  H    1.183690   0.000000
     8  H    1.102286   1.183690   0.000000
     9  H    1.957343   2.367379   1.183690   0.000000
    10  H    2.204572   1.957343   1.102286   1.183690   0.000000
    11  H    1.957343   1.102286   1.183690   2.095101   1.183690
    12  H    2.367379   1.183690   2.095101   3.190614   2.367379
                   11         12
    11  H    0.000000
    12  H    1.183690   0.000000
 Stoichiometry    H12
 Framework group  C2H[SGH(H12)]
 Deg. of freedom    11
 Full point group                 C2H     NOp   4
 Largest Abelian subgroup         C2H     NOp   4
 Largest concise Abelian subgroup C2      NOp   2
                         Standard orientation:                         
 ---------------------------------------------------------------------
 Center     Atomic      Atomic             Coordinates (Angstroms)
 Number     Number       Type             X           Y           Z
 ---------------------------------------------------------------------
      1          1           0        0.975510    2.445984    0.000000
      2          1           0        0.000000    1.775534   -0.000000
      3          1           0        0.975510    1.262294    0.000000
      4          1           0        0.000000    0.591845   -0.000000
      5          1           0       -0.975510    1.105085   -0.000000
      6          1           0       -0.975510   -0.078604   -0.000000
      7          1           0       -0.975510   -1.262294    0.000000
      8          1           0       -0.000000   -0.591845    0.000000
      9          1           0        0.975510    0.078604   -0.000000
     10          1           0        0.975510   -1.105085    0.000000
     11          1           0       -0.000000   -1.775534    0.000000
     12          1           0       -0.975510   -2.445984    0.000000
 ---------------------------------------------------------------------
 Rotational constants (GHZ):     81.7814896     19.2171540     15.5606791
 General basis read from cards:  (5D, 7F)
 There are     6 symmetry adapted cartesian basis functions of AG  symmetry.
 There are     0 symmetry adapted cartesian basis functions of BG  symmetry.
 There are     0 symmetry adapted cartesian basis functions of AU  symmetry.
 There are     6 symmetry adapted cartesian basis functions of BU  symmetry.
 There are     6 symmetry adapted basis functions of AG  symmetry.
 There are     0 symmetry adapted basis functions of BG  symmetry.
 There are     0 symmetry adapted basis functions of AU  symmetry.
 There are     6 symmetry adapted basis functions of BU  symmetry.
    12 basis functions,   120 primitive gaussians,    12 cartesian basis functions
     6 alpha electrons        6 beta electrons
       nuclear repulsion energy        19.3365747822 Hartrees.
 NAtoms=   12 NActive=   12 NUniq=    6 SFac= 4.00D+00 NAtFMM=   60 NAOKFM=F Big=F
 Integral buffers will be    131072 words long.
 Regular integral format.
 Two-electron integral symmetry is turned on.
 One-electron integrals computed using PRISM.
 NBasis=    12 RedAO= T EigKep=  1.86D-01  NBF=     6     0     0     6
 NBsUse=    12 1.00D-06 EigRej= -1.00D+00 NBFU=     6     0     0     6
 Initial guess from the checkpoint file:  "h12.chk"
 B after Tr=    -0.000000    0.000000    0.000000
         Rot=    0.991270    0.000000   -0.000000   -0.131846 Ang= -15.15 deg.
 Initial guess orbital symmetries:
       Occupied  (AG) (BU) (BU) (AG) (AG) (AG)
       Virtual   (BU) (BU) (BU) (AG) (AG) (BU)
 Keep R1 ints in memory in symmetry-blocked form, NReq=902972.
 Requested convergence on RMS density matrix=1.00D-08 within 128 cycles.
 Requested convergence on MAX density matrix=1.00D-06.
 Requested convergence on             energy=1.00D-06.
 No special actions if energy rises.
 SCF Done:  E(RHF) =  -5.45989326702     A.U. after   14 cycles
            NFock= 14  Conv=0.49D-08     -V/T= 1.8157
 Range of M.O.s used for correlation:     1    12
 NBasis=    12 NAE=     6 NBE=     6 NFC=     0 NFV=     0
 NROrb=     12 NOA=     6 NOB=     6 NVA=     6 NVB=     6

 **** Warning!!: The smallest alpha delta epsilon is -0.28887450D-01

 Semi-Direct transformation.
 ModeAB=           4 MOrb=             6 LenV=     134084997
 LASXX=         2181 LTotXX=        2181 LenRXX=        5115
 LTotAB=        2934 MaxLAS=        3024 LenRXY=           0
 NonZer=        7296 LenScr=      655360 LnRSAI=        3024
 LnScr1=      655360 LExtra=           0 Total=      1318859
 MaxDsk=          -1 SrtSym=           T ITran=            3
 JobTyp=0 Pass  1:  I=   1 to   6.
 (rs|ai) integrals will be sorted in core.
 Spin components of T(2) and E(2):
     alpha-alpha T2 =       0.1375875467D-01 E2=     -0.1561422832D-01
     alpha-beta  T2 =       0.4283991569D+00 E2=     -0.1242777797D+00
     beta-beta   T2 =       0.1375875467D-01 E2=     -0.1561422832D-01
 ANorm=    0.1206613719D+01
 E2 =    -0.1555062363D+00 EUMP2 =    -0.56153995033216D+01
 Second order stability test of a single determinant RHF wave function:
 Stabil:  MDV=134217728
 ***********************************************************************
 Matrix         Lowest Root    Major Pairs
 ***********************************************************************
 Internal RHF    -0.2297779    6A=7A
 RRHF --> CRHF   -0.2788767    6A=7A
 RRHF --> RUHF   -0.3727194    6A=7B
 Not stable.
 ***********************************************************************

 **********************************************************************

            Population analysis using the SCF density.

 **********************************************************************

 Orbital symmetries:
       Occupied  (AG) (BU) (BU) (AG) (AG) (AG)
       Virtual   (BU) (AG) (BU) (BU) (BU) (AG)
 The electronic state is 1-AG.
 Alpha  occ. eigenvalues --   -0.89261  -0.75197  -0.55390  -0.54603  -0.30355
 Alpha  occ. eigenvalues --   -0.08412
 Alpha virt. eigenvalues --   -0.11300   0.18533   0.22826   0.44396   0.52554
 Alpha virt. eigenvalues --    0.62151
          Condensed to atoms (all electrons):
               1          2          3          4          5          6
     1  H    0.541600  -0.005334   0.246546  -0.101857   0.020665   0.006019
     2  H   -0.005334   1.152795  -0.124826   0.288843   0.070717  -0.129545
     3  H    0.246546  -0.124826   0.865784  -0.028840  -0.122161   0.001335
     4  H   -0.101857   0.288843  -0.028840   1.434593  -0.389148  -0.253582
     5  H    0.020665   0.070717  -0.122161  -0.389148   1.400127   0.372894
     6  H    0.006019  -0.129545   0.001335  -0.253582   0.372894   1.187463
     7  H    0.001689  -0.017067   0.015104  -0.023268  -0.039362   0.215264
     8  H   -0.027335   0.037512  -0.023268   0.645395  -0.212744  -0.383835
     9  H    0.041490  -0.202272   0.215264  -0.383835   0.033401   0.133804
    10  H    0.005974  -0.008533  -0.039362  -0.212744   0.059856   0.033401
    11  H   -0.001141   0.019940  -0.017067   0.037512  -0.008533  -0.202272
    12  H    0.000538  -0.001141   0.001689  -0.027335   0.005974   0.041490
               7          8          9         10         11         12
     1  H    0.001689  -0.027335   0.041490   0.005974  -0.001141   0.000538
     2  H   -0.017067   0.037512  -0.202272  -0.008533   0.019940  -0.001141
     3  H    0.015104  -0.023268   0.215264  -0.039362  -0.017067   0.001689
     4  H   -0.023268   0.645395  -0.383835  -0.212744   0.037512  -0.027335
     5  H   -0.039362  -0.212744   0.033401   0.059856  -0.008533   0.005974
     6  H    0.215264  -0.383835   0.133804   0.033401  -0.202272   0.041490
     7  H    0.865784  -0.028840   0.001335  -0.122161  -0.124826   0.246546
     8  H   -0.028840   1.434593  -0.253582  -0.389148   0.288843  -0.101857
     9  H    0.001335  -0.253582   1.187463   0.372894  -0.129545   0.006019
    10  H   -0.122161  -0.389148   0.372894   1.400127   0.070717   0.020665
    11  H   -0.124826   0.288843  -0.129545   0.070717   1.152795  -0.005334
    12  H    0.246546  -0.101857   0.006019   0.020665  -0.005334   0.541600
 Mulliken charges:
               1
     1  H    0.271145
     2  H   -0.081089
     3  H    0.009801
     4  H    0.014265
     5  H   -0.191686
     6  H   -0.022437
     7  H    0.009801
     8  H    0.014265
     9  H   -0.022437
    10  H   -0.191686
    11  H   -0.081089
    12  H    0.271145
 Sum of Mulliken charges =  -0.00000
 Mulliken charges with hydrogens summed into heavy atoms:
               1
 Electronic spatial extent (au):  <R**2>=            145.0455
 Charge=             -0.0000 electrons
 Dipole moment (field-independent basis, Debye):
    X=             -0.0000    Y=             -0.0000    Z=              0.0000  Tot=              0.0000
 Quadrupole moment (field-independent basis, Debye-Ang):
   XX=            -20.5890   YY=             -4.5569   ZZ=            -15.1582
   XY=              9.6156   XZ=             -0.0000   YZ=             -0.0000
 Traceless Quadrupole moment (field-independent basis, Debye-Ang):
   XX=             -7.1543   YY=              8.8778   ZZ=             -1.7235
   XY=              9.6156   XZ=             -0.0000   YZ=             -0.0000
 Octapole moment (field-independent basis, Debye-Ang**2):
  XXX=              0.0000  YYY=             -0.0000  ZZZ=             -0.0000  XYY=              0.0000
  XXY=             -0.0000  XXZ=             -0.0000  XZZ=              0.0000  YZZ=             -0.0000
  YYZ=              0.0000  XYZ=              0.0000
 Hexadecapole moment (field-independent basis, Debye-Ang**3):
 XXXX=           -100.6845 YYYY=           -103.1384 ZZZZ=            -18.0418 XXXY=             -6.2819
 XXXZ=              0.0000 YYYX=             32.2999 YYYZ=             -0.0000 ZZZX=              0.0000
 ZZZY=              0.0000 XXYY=            -40.0254 XXZZ=            -18.0999 YYZZ=            -35.9939
 XXYZ=              0.0000 YYXZ=             -0.0000 ZZXY=             -4.6608
 N-N= 1.933657478221D+01 E-N=-5.002190672677D+01  KE= 6.693322346102D+00
 Symmetry AG   KE= 5.091862199694D+00
 Symmetry BG   KE= 0.000000000000D+00
 Symmetry AU   KE= 0.000000000000D+00
 Symmetry BU   KE= 1.601460146408D+00

 Test job not archived.
 1\1\GINC-SULU\Stability\RHF\Gen\H12\LCJ1\17-Feb-2017\0\\#rhf/gen scf(s
 ymm,tight,novaracc,noincfock,fulldiag) stable(crhf) guess=read geom=no
 crowd test\\hf stability analysis of h12 triangular lattice, y= 1.0475
 506882612993\\0,1\H\H,1,1.1836896102\H,1,1.1836896102,2,55.5\H,2,1.183
 6896102,1,124.5,3,0.,0\H,2,1.1836896102,1,180.,3,0.,0\H,4,1.1836896102
 ,3,180.,5,0.,0\H,6,1.1836896102,5,180.,3,0.,0\H,4,1.1836896102,2,180.,
 3,0.,0\H,3,1.1836896102,1,180.,4,0.,0\H,9,1.1836896102,3,180.,4,0.,0\H
 ,8,1.1836896102,4,180.,3,0.,0\H,7,1.1836896102,6,180.,3,0.,0\\Version=
 ES64L-G09RevE.01\State=1-AG\HF=-5.4598933\MP2=-5.6153995\RMSD=4.921e-0
 9\Dipole=0.,0.,0.\Quadrupole=-3.897683,-1.2813493,5.1790324,0.,8.12586
 21,0.\PG=C02H [SGH(H12)]\\@


 ONLY THE DAY DAWNS TO WHICH YOU ARE AWAKE.

                                 -- THOREAU
 Job cpu time:       0 days  0 hours  0 minutes  1.1 seconds.
 File lengths (MBytes):  RWF=     84 Int=      0 D2E=      0 Chk=      2 Scr=      2
 Normal termination of Gaussian 09 at Fri Feb 17 15:05:47 2017.
