 Entering Gaussian System, Link 0=g09
 AtFile(1): H.gbs
            H     0
            S   10   1.00
               1000.000000000000            0.000068713567
                316.227766000000            0.000169141320
                100.000000000000            0.000823394812
                 31.622776600000            0.003425569236
                 10.000000000000            0.013951996000
                  3.162277660000            0.056909313560
                  1.000000000000            0.198286399900
                  0.316227766000            0.496922426700
                  0.100000000000            0.369846276400
                  0.031622776600            0.003752720039
            ****
 Initial command:
 /projects/guscus/apps/gau/g09-e1/g09/l1.exe "/users/lcj1/gaussian/h12/rhfstability/rect/guess/ag4bu2/Gau-24687.inp" -scrdir="/users/lcj1/gaussian/h12/rhfstability/rect/guess/ag4bu2/"
 Entering Link 1 = /projects/guscus/apps/gau/g09-e1/g09/l1.exe PID=     24689.
  
 Copyright (c) 1988,1990,1992,1993,1995,1998,2003,2009,2015,
            Gaussian, Inc.  All Rights Reserved.
  
 This is part of the Gaussian(R) 09 program.  It is based on
 the Gaussian(R) 03 system (copyright 2003, Gaussian, Inc.),
 the Gaussian(R) 98 system (copyright 1998, Gaussian, Inc.),
 the Gaussian(R) 94 system (copyright 1995, Gaussian, Inc.),
 the Gaussian 92(TM) system (copyright 1992, Gaussian, Inc.),
 the Gaussian 90(TM) system (copyright 1990, Gaussian, Inc.),
 the Gaussian 88(TM) system (copyright 1988, Gaussian, Inc.),
 the Gaussian 86(TM) system (copyright 1986, Carnegie Mellon
 University), and the Gaussian 82(TM) system (copyright 1983,
 Carnegie Mellon University). Gaussian is a federally registered
 trademark of Gaussian, Inc.
  
 This software contains proprietary and confidential information,
 including trade secrets, belonging to Gaussian, Inc.
  
 This software is provided under written license and may be
 used, copied, transmitted, or stored only in accord with that
 written license.
  
 The following legend is applicable only to US Government
 contracts under FAR:
  
                    RESTRICTED RIGHTS LEGEND
  
 Use, reproduction and disclosure by the US Government is
 subject to restrictions as set forth in subparagraphs (a)
 and (c) of the Commercial Computer Software - Restricted
 Rights clause in FAR 52.227-19.
  
 Gaussian, Inc.
 340 Quinnipiac St., Bldg. 40, Wallingford CT 06492
  
  
 ---------------------------------------------------------------
 Warning -- This program may not be used in any manner that
 competes with the business of Gaussian, Inc. or will provide
 assistance to any competitor of Gaussian, Inc.  The licensee
 of this program is prohibited from giving any competitor of
 Gaussian, Inc. access to this program.  By using this program,
 the user acknowledges that Gaussian, Inc. is engaged in the
 business of creating and licensing software in the field of
 computational chemistry and represents and warrants to the
 licensee that it is not a competitor of Gaussian, Inc. and that
 it will not use this program in any manner prohibited above.
 ---------------------------------------------------------------
  

 Cite this work as:
 Gaussian 09, Revision E.01,
 M. J. Frisch, G. W. Trucks, H. B. Schlegel, G. E. Scuseria, 
 M. A. Robb, J. R. Cheeseman, G. Scalmani, V. Barone, B. Mennucci, 
 G. A. Petersson, H. Nakatsuji, M. Caricato, X. Li, H. P. Hratchian, 
 A. F. Izmaylov, J. Bloino, G. Zheng, J. L. Sonnenberg, M. Hada, 
 M. Ehara, K. Toyota, R. Fukuda, J. Hasegawa, M. Ishida, T. Nakajima, 
 Y. Honda, O. Kitao, H. Nakai, T. Vreven, J. A. Montgomery, Jr., 
 J. E. Peralta, F. Ogliaro, M. Bearpark, J. J. Heyd, E. Brothers, 
 K. N. Kudin, V. N. Staroverov, T. Keith, R. Kobayashi, J. Normand, 
 K. Raghavachari, A. Rendell, J. C. Burant, S. S. Iyengar, J. Tomasi, 
 M. Cossi, N. Rega, J. M. Millam, M. Klene, J. E. Knox, J. B. Cross, 
 V. Bakken, C. Adamo, J. Jaramillo, R. Gomperts, R. E. Stratmann, 
 O. Yazyev, A. J. Austin, R. Cammi, C. Pomelli, J. W. Ochterski, 
 R. L. Martin, K. Morokuma, V. G. Zakrzewski, G. A. Voth, 
 P. Salvador, J. J. Dannenberg, S. Dapprich, A. D. Daniels, 
 O. Farkas, J. B. Foresman, J. V. Ortiz, J. Cioslowski, 
 and D. J. Fox, Gaussian, Inc., Wallingford CT, 2013.
 
 ******************************************
 Gaussian 09:  ES64L-G09RevE.01 30-Nov-2015
                17-Feb-2017 
 ******************************************
 %chk=h12.chk
 ----------------------------------------------------------------------
 #rhf/gen scf(symm,tight,novaracc,noincfock,fulldiag) stable(crhf) gues
 s=read geom=nocrowd test
 ----------------------------------------------------------------------
 1/38=1/1;
 2/12=1,17=6,18=5,40=1/2;
 3/5=7,16=1,25=1,30=1,116=1/1,2,3;
 4/5=1,9=4/1;
 5/5=100002,15=2,16=1,32=2,38=6/2;
 8/6=1,10=90,11=11/1,4;
 9/8=4,13=1/2;
 6/7=2,8=2,9=2,10=2,28=1/1;
 99/5=1,9=1/99;
 ----------------------------------------------------------------------
 hf stability analysis of h12 triangular lattice, y= 0.6446958471815459
 3
 ----------------------------------------------------------------------
 Symbolic Z-matrix:
 Charge =  0 Multiplicity = 1
 H
 H                    1     1.10346 
 H                    1     1.10346  2     108.5 
 H                    2     1.10346  1     71.5     3     0.       0
 H                    2     1.10346  1     180.     3     0.       0
 H                    4     1.10346  3     180.     5     0.       0
 H                    6     1.10346  5     180.     3     0.       0
 H                    4     1.10346  2     180.     3     0.       0
 H                    3     1.10346  1     180.     4     0.       0
 H                    9     1.10346  3     180.     4     0.       0
 H                    8     1.10346  4     180.     3     0.       0
 H                    7     1.10346  6     180.     3     0.       0
 
                          Input orientation:                          
 ---------------------------------------------------------------------
 Center     Atomic      Atomic             Coordinates (Angstroms)
 Number     Number       Type             X           Y           Z
 ---------------------------------------------------------------------
      1          1           0        0.000000    0.000000    0.000000
      2          1           0        0.000000    0.000000    1.103459
      3          1           0        1.046437    0.000000   -0.350133
      4          1           0        1.046437    0.000000    0.753327
      5          1           0        0.000000    0.000000    2.206919
      6          1           0        1.046437    0.000000    1.856786
      7          1           0        2.092873    0.000000    1.506653
      8          1           0        2.092873    0.000000    0.403194
      9          1           0        2.092873    0.000000   -0.700266
     10          1           0        3.139310    0.000000   -1.050398
     11          1           0        3.139310    0.000000    0.053061
     12          1           0        3.139310    0.000000    1.156520
 ---------------------------------------------------------------------
                    Distance matrix (angstroms):
                    1          2          3          4          5
     1  H    0.000000
     2  H    1.103459   0.000000
     3  H    1.103459   1.791078   0.000000
     4  H    1.289392   1.103459   1.103459   0.000000
     5  H    2.206919   1.103459   2.762887   1.791078   0.000000
     6  H    2.131357   1.289392   2.206919   1.103459   1.103459
     7  H    2.578783   2.131357   2.131357   1.289392   2.206919
     8  H    2.131357   2.206919   1.289392   1.103459   2.762887
     9  H    2.206919   2.762887   1.103459   1.791078   3.582156
    10  H    3.310378   3.807148   2.206919   2.762887   4.523868
    11  H    3.139759   3.310378   2.131357   2.206919   3.807148
    12  H    3.345565   3.139759   2.578783   2.131357   3.310378
                    6          7          8          9         10
     6  H    0.000000
     7  H    1.103459   0.000000
     8  H    1.791078   1.103459   0.000000
     9  H    2.762887   2.206919   1.103459   0.000000
    10  H    3.582156   2.762887   1.791078   1.103459   0.000000
    11  H    2.762887   1.791078   1.103459   1.289392   1.103459
    12  H    2.206919   1.103459   1.289392   2.131357   2.206919
                   11         12
    11  H    0.000000
    12  H    1.103459   0.000000
 Stoichiometry    H12
 Framework group  C2H[SGH(H12)]
 Deg. of freedom    11
 Full point group                 C2H     NOp   4
 Largest Abelian subgroup         C2H     NOp   4
 Largest concise Abelian subgroup C2      NOp   2
                         Standard orientation:                         
 ---------------------------------------------------------------------
 Center     Atomic      Atomic             Coordinates (Angstroms)
 Number     Number       Type             X           Y           Z
 ---------------------------------------------------------------------
      1          1           0        1.046437    1.305056    0.000000
      2          1           0        0.000000    1.655189    0.000000
      3          1           0        1.046437    0.201597    0.000000
      4          1           0        0.000000    0.551730    0.000000
      5          1           0       -1.046437    2.005322   -0.000000
      6          1           0       -1.046437    0.901863   -0.000000
      7          1           0       -1.046437   -0.201597   -0.000000
      8          1           0       -0.000000   -0.551730    0.000000
      9          1           0        1.046437   -0.901863    0.000000
     10          1           0        1.046437   -2.005322    0.000000
     11          1           0       -0.000000   -1.655189    0.000000
     12          1           0       -1.046437   -1.305056   -0.000000
 ---------------------------------------------------------------------
 Rotational constants (GHZ):     62.7096963     25.0616370     17.9057055
 General basis read from cards:  (5D, 7F)
 There are     6 symmetry adapted cartesian basis functions of AG  symmetry.
 There are     0 symmetry adapted cartesian basis functions of BG  symmetry.
 There are     0 symmetry adapted cartesian basis functions of AU  symmetry.
 There are     6 symmetry adapted cartesian basis functions of BU  symmetry.
 There are     6 symmetry adapted basis functions of AG  symmetry.
 There are     0 symmetry adapted basis functions of BG  symmetry.
 There are     0 symmetry adapted basis functions of AU  symmetry.
 There are     6 symmetry adapted basis functions of BU  symmetry.
    12 basis functions,   120 primitive gaussians,    12 cartesian basis functions
     6 alpha electrons        6 beta electrons
       nuclear repulsion energy        19.9398533471 Hartrees.
 NAtoms=   12 NActive=   12 NUniq=    6 SFac= 4.00D+00 NAtFMM=   60 NAOKFM=F Big=F
 Integral buffers will be    131072 words long.
 Regular integral format.
 Two-electron integral symmetry is turned on.
 One-electron integrals computed using PRISM.
 NBasis=    12 RedAO= T EigKep=  1.34D-01  NBF=     6     0     0     6
 NBsUse=    12 1.00D-06 EigRej= -1.00D+00 NBFU=     6     0     0     6
 Initial guess from the checkpoint file:  "h12.chk"
 B after Tr=    -0.000000    0.000000    0.000000
         Rot=    0.999668    0.000000    0.000000    0.025779 Ang=   2.95 deg.
 Initial guess orbital symmetries:
       Occupied  (AG) (BU) (BU) (AG) (AG) (AG)
       Virtual   (BU) (BU) (BU) (AG) (AG) (BU)
 Keep R1 ints in memory in symmetry-blocked form, NReq=903966.
 Requested convergence on RMS density matrix=1.00D-08 within 128 cycles.
 Requested convergence on MAX density matrix=1.00D-06.
 Requested convergence on             energy=1.00D-06.
 No special actions if energy rises.
 SCF Done:  E(RHF) =  -5.75878716202     A.U. after    9 cycles
            NFock=  9  Conv=0.45D-08     -V/T= 1.8883
 Range of M.O.s used for correlation:     1    12
 NBasis=    12 NAE=     6 NBE=     6 NFC=     0 NFV=     0
 NROrb=     12 NOA=     6 NOB=     6 NVA=     6 NVB=     6
 Semi-Direct transformation.
 ModeAB=           4 MOrb=             6 LenV=     134084339
 LASXX=         2181 LTotXX=        2181 LenRXX=        5115
 LTotAB=        2934 MaxLAS=        3024 LenRXY=           0
 NonZer=        7296 LenScr=      655360 LnRSAI=        3024
 LnScr1=      655360 LExtra=           0 Total=      1318859
 MaxDsk=          -1 SrtSym=           T ITran=            3
 JobTyp=0 Pass  1:  I=   1 to   6.
 (rs|ai) integrals will be sorted in core.
 Spin components of T(2) and E(2):
     alpha-alpha T2 =       0.1132572400D-01 E2=     -0.1383016549D-01
     alpha-beta  T2 =       0.8627659035D-01 E2=     -0.1150558497D+00
     beta-beta   T2 =       0.1132572400D-01 E2=     -0.1383016549D-01
 ANorm=    0.1053056522D+01
 E2 =    -0.1427161807D+00 EUMP2 =    -0.59015033427470D+01
 Second order stability test of a single determinant RHF wave function:
 Stabil:  MDV=134217728
 ***********************************************************************
 Matrix         Lowest Root    Major Pairs
 ***********************************************************************
 Internal RHF    -0.0355571    6A=7A
 RRHF --> CRHF   -0.0719029    6A=7A
 RRHF --> RUHF   -0.1556996    6A=7B
 Not stable.
 ***********************************************************************

 **********************************************************************

            Population analysis using the SCF density.

 **********************************************************************

 Orbital symmetries:
       Occupied  (AG) (BU) (BU) (AG) (AG) (AG)
       Virtual   (BU) (BU) (BU) (AG) (AG) (BU)
 The electronic state is 1-AG.
 Alpha  occ. eigenvalues --   -0.92189  -0.75686  -0.62866  -0.51442  -0.38226
 Alpha  occ. eigenvalues --   -0.21751
 Alpha virt. eigenvalues --   -0.02155   0.19852   0.30572   0.35789   0.64669
 Alpha virt. eigenvalues --    0.81845
          Condensed to atoms (all electrons):
               1          2          3          4          5          6
     1  H    1.013272   0.146632   0.341310  -0.256757  -0.016313  -0.055319
     2  H    0.146632   0.986805  -0.122280   0.203245   0.127866  -0.164697
     3  H    0.341310  -0.122280   1.004483  -0.254660  -0.012828   0.024717
     4  H   -0.256757   0.203245  -0.254660   1.447482  -0.078298  -0.191656
     5  H   -0.016313   0.127866  -0.012828  -0.078298   0.535249   0.278156
     6  H   -0.055319  -0.164697   0.024717  -0.191656   0.278156   0.951515
     7  H    0.020784  -0.117757   0.087791  -0.280173  -0.000440   0.307557
     8  H   -0.134046   0.016404  -0.280173   0.720891  -0.032571  -0.114000
     9  H   -0.013137  -0.040398   0.307557  -0.114000   0.004652   0.035409
    10  H   -0.002146   0.000663  -0.000440  -0.032571   0.001733   0.004652
    11  H    0.000214   0.021812  -0.117757   0.016404   0.000663  -0.040398
    12  H    0.024111   0.000214   0.020784  -0.134046  -0.002146  -0.013137
               7          8          9         10         11         12
     1  H    0.020784  -0.134046  -0.013137  -0.002146   0.000214   0.024111
     2  H   -0.117757   0.016404  -0.040398   0.000663   0.021812   0.000214
     3  H    0.087791  -0.280173   0.307557  -0.000440  -0.117757   0.020784
     4  H   -0.280173   0.720891  -0.114000  -0.032571   0.016404  -0.134046
     5  H   -0.000440  -0.032571   0.004652   0.001733   0.000663  -0.002146
     6  H    0.307557  -0.114000   0.035409   0.004652  -0.040398  -0.013137
     7  H    1.004483  -0.254660   0.024717  -0.012828  -0.122280   0.341310
     8  H   -0.254660   1.447482  -0.191656  -0.078298   0.203245  -0.256757
     9  H    0.024717  -0.191656   0.951515   0.278156  -0.164697  -0.055319
    10  H   -0.012828  -0.078298   0.278156   0.535249   0.127866  -0.016313
    11  H   -0.122280   0.203245  -0.164697   0.127866   0.986805   0.146632
    12  H    0.341310  -0.256757  -0.055319  -0.016313   0.146632   1.013272
 Mulliken charges:
               1
     1  H   -0.068604
     2  H   -0.058509
     3  H    0.001496
     4  H   -0.045861
     5  H    0.194276
     6  H   -0.022799
     7  H    0.001496
     8  H   -0.045861
     9  H   -0.022799
    10  H    0.194276
    11  H   -0.058509
    12  H   -0.068604
 Sum of Mulliken charges =   0.00000
 Mulliken charges with hydrogens summed into heavy atoms:
               1
 Electronic spatial extent (au):  <R**2>=            134.7698
 Charge=              0.0000 electrons
 Dipole moment (field-independent basis, Debye):
    X=             -0.0000    Y=             -0.0000    Z=              0.0000  Tot=              0.0000
 Quadrupole moment (field-independent basis, Debye-Ang):
   XX=            -19.7678   YY=            -11.7938   ZZ=            -15.1931
   XY=             -5.5595   XZ=             -0.0000   YZ=             -0.0000
 Traceless Quadrupole moment (field-independent basis, Debye-Ang):
   XX=             -4.1829   YY=              3.7911   ZZ=              0.3918
   XY=             -5.5595   XZ=             -0.0000   YZ=             -0.0000
 Octapole moment (field-independent basis, Debye-Ang**2):
  XXX=             -0.0000  YYY=             -0.0000  ZZZ=             -0.0000  XYY=             -0.0000
  XXY=              0.0000  XXZ=             -0.0000  XZZ=             -0.0000  YZZ=             -0.0000
  YYZ=             -0.0000  XYZ=             -0.0000
 Hexadecapole moment (field-independent basis, Debye-Ang**3):
 XXXX=           -108.9608 YYYY=           -144.2835 ZZZZ=            -18.0469 XXXY=              2.2172
 XXXZ=             -0.0000 YYYX=            -14.7453 YYYZ=             -0.0000 ZZZX=             -0.0000
 ZZZY=              0.0000 XXYY=            -40.2147 XXZZ=            -19.4347 YYZZ=            -30.9358
 XXYZ=              0.0000 YYXZ=             -0.0000 ZZXY=              2.5582
 N-N= 1.993985334705D+01 E-N=-5.103727000213D+01  KE= 6.483189970995D+00
 Symmetry AG   KE= 4.922342919108D+00
 Symmetry BG   KE= 0.000000000000D+00
 Symmetry AU   KE= 0.000000000000D+00
 Symmetry BU   KE= 1.560847051886D+00

 Test job not archived.
 1\1\GINC-SULU\Stability\RHF\Gen\H12\LCJ1\17-Feb-2017\0\\#rhf/gen scf(s
 ymm,tight,novaracc,noincfock,fulldiag) stable(crhf) guess=read geom=no
 crowd test\\hf stability analysis of h12 triangular lattice, y= 0.6446
 9584718154593\\0,1\H\H,1,1.103459479\H,1,1.103459479,2,108.5\H,2,1.103
 459479,1,71.5,3,0.,0\H,2,1.103459479,1,180.,3,0.,0\H,4,1.103459479,3,1
 80.,5,0.,0\H,6,1.103459479,5,180.,3,0.,0\H,4,1.103459479,2,180.,3,0.,0
 \H,3,1.103459479,1,180.,4,0.,0\H,9,1.103459479,3,180.,4,0.,0\H,8,1.103
 459479,4,180.,3,0.,0\H,7,1.103459479,6,180.,3,0.,0\\Version=ES64L-G09R
 evE.01\State=1-AG\HF=-5.7587872\MP2=-5.9015033\RMSD=4.496e-09\Dipole=0
 .,0.,0.\Quadrupole=-0.2658006,0.2912759,-0.0254753,0.,-5.0849808,0.\PG
 =C02H [SGH(H12)]\\@


 THE SCIENTIFIC THEORIST IS NOT TO BE ENVIED. FOR NATURE, OR MORE
 PRECISELY EXPERIMENT, IS AN INEXORABLE AND NOT VERY FRIENDLY JUDGE OF HIS
 WORK.  IT NEVER SAYS "YES" TO A THEORY. IN THE MOST FAVORABLE CASES
 IT SAYS "MAYBE", AND IN THE GREAT MAJORITY OF CASES SIMPLY "NO"...
 PROBABLY EVERY THEORY WILL SOME DAY EXPERIENCE ITS "NO" - MOST
 THEORIES, SOON AFTER CONCEPTION.  -- A.EINSTEIN, NOV 11, 1922.
 Job cpu time:       0 days  0 hours  0 minutes  1.1 seconds.
 File lengths (MBytes):  RWF=     84 Int=      0 D2E=      0 Chk=      2 Scr=      2
 Normal termination of Gaussian 09 at Fri Feb 17 15:00:12 2017.
