 Entering Gaussian System, Link 0=g09
 AtFile(1): H.gbs
            H     0
            S   10   1.00
               1000.000000000000            0.000068713567
                316.227766000000            0.000169141320
                100.000000000000            0.000823394812
                 31.622776600000            0.003425569236
                 10.000000000000            0.013951996000
                  3.162277660000            0.056909313560
                  1.000000000000            0.198286399900
                  0.316227766000            0.496922426700
                  0.100000000000            0.369846276400
                  0.031622776600            0.003752720039
            ****
 Initial command:
 /projects/guscus/apps/gau/g09-e1/g09/l1.exe "/users/lcj1/gaussian/h12/rhfstability/rect/guess/ag4bu2/Gau-31613.inp" -scrdir="/users/lcj1/gaussian/h12/rhfstability/rect/guess/ag4bu2/"
 Entering Link 1 = /projects/guscus/apps/gau/g09-e1/g09/l1.exe PID=     31614.
  
 Copyright (c) 1988,1990,1992,1993,1995,1998,2003,2009,2015,
            Gaussian, Inc.  All Rights Reserved.
  
 This is part of the Gaussian(R) 09 program.  It is based on
 the Gaussian(R) 03 system (copyright 2003, Gaussian, Inc.),
 the Gaussian(R) 98 system (copyright 1998, Gaussian, Inc.),
 the Gaussian(R) 94 system (copyright 1995, Gaussian, Inc.),
 the Gaussian 92(TM) system (copyright 1992, Gaussian, Inc.),
 the Gaussian 90(TM) system (copyright 1990, Gaussian, Inc.),
 the Gaussian 88(TM) system (copyright 1988, Gaussian, Inc.),
 the Gaussian 86(TM) system (copyright 1986, Carnegie Mellon
 University), and the Gaussian 82(TM) system (copyright 1983,
 Carnegie Mellon University). Gaussian is a federally registered
 trademark of Gaussian, Inc.
  
 This software contains proprietary and confidential information,
 including trade secrets, belonging to Gaussian, Inc.
  
 This software is provided under written license and may be
 used, copied, transmitted, or stored only in accord with that
 written license.
  
 The following legend is applicable only to US Government
 contracts under FAR:
  
                    RESTRICTED RIGHTS LEGEND
  
 Use, reproduction and disclosure by the US Government is
 subject to restrictions as set forth in subparagraphs (a)
 and (c) of the Commercial Computer Software - Restricted
 Rights clause in FAR 52.227-19.
  
 Gaussian, Inc.
 340 Quinnipiac St., Bldg. 40, Wallingford CT 06492
  
  
 ---------------------------------------------------------------
 Warning -- This program may not be used in any manner that
 competes with the business of Gaussian, Inc. or will provide
 assistance to any competitor of Gaussian, Inc.  The licensee
 of this program is prohibited from giving any competitor of
 Gaussian, Inc. access to this program.  By using this program,
 the user acknowledges that Gaussian, Inc. is engaged in the
 business of creating and licensing software in the field of
 computational chemistry and represents and warrants to the
 licensee that it is not a competitor of Gaussian, Inc. and that
 it will not use this program in any manner prohibited above.
 ---------------------------------------------------------------
  

 Cite this work as:
 Gaussian 09, Revision E.01,
 M. J. Frisch, G. W. Trucks, H. B. Schlegel, G. E. Scuseria, 
 M. A. Robb, J. R. Cheeseman, G. Scalmani, V. Barone, B. Mennucci, 
 G. A. Petersson, H. Nakatsuji, M. Caricato, X. Li, H. P. Hratchian, 
 A. F. Izmaylov, J. Bloino, G. Zheng, J. L. Sonnenberg, M. Hada, 
 M. Ehara, K. Toyota, R. Fukuda, J. Hasegawa, M. Ishida, T. Nakajima, 
 Y. Honda, O. Kitao, H. Nakai, T. Vreven, J. A. Montgomery, Jr., 
 J. E. Peralta, F. Ogliaro, M. Bearpark, J. J. Heyd, E. Brothers, 
 K. N. Kudin, V. N. Staroverov, T. Keith, R. Kobayashi, J. Normand, 
 K. Raghavachari, A. Rendell, J. C. Burant, S. S. Iyengar, J. Tomasi, 
 M. Cossi, N. Rega, J. M. Millam, M. Klene, J. E. Knox, J. B. Cross, 
 V. Bakken, C. Adamo, J. Jaramillo, R. Gomperts, R. E. Stratmann, 
 O. Yazyev, A. J. Austin, R. Cammi, C. Pomelli, J. W. Ochterski, 
 R. L. Martin, K. Morokuma, V. G. Zakrzewski, G. A. Voth, 
 P. Salvador, J. J. Dannenberg, S. Dapprich, A. D. Daniels, 
 O. Farkas, J. B. Foresman, J. V. Ortiz, J. Cioslowski, 
 and D. J. Fox, Gaussian, Inc., Wallingford CT, 2013.
 
 ******************************************
 Gaussian 09:  ES64L-G09RevE.01 30-Nov-2015
                17-Feb-2017 
 ******************************************
 %chk=h12.chk
 ----------------------------------------------------------------------
 #rhf/gen scf(symm,tight,novaracc,noincfock,fulldiag) stable(crhf) gues
 s=read geom=nocrowd test
 ----------------------------------------------------------------------
 1/38=1/1;
 2/12=1,17=6,18=5,40=1/2;
 3/5=7,16=1,25=1,30=1,116=1/1,2,3;
 4/5=1,9=4/1;
 5/5=100002,15=2,16=1,32=2,38=6/2;
 8/6=1,10=90,11=11/1,4;
 9/8=4,13=1/2;
 6/7=2,8=2,9=2,10=2,28=1/1;
 99/5=1,9=1/99;
 ----------------------------------------------------------------------
 hf stability analysis of h12 triangular lattice, y= 0.8258291078557595
 8
 ----------------------------------------------------------------------
 Symbolic Z-matrix:
 Charge =  0 Multiplicity = 1
 H
 H                    1     1.08202 
 H                    1     1.08202  2     80.5 
 H                    2     1.08202  1     99.5     3     0.       0
 H                    2     1.08202  1     180.     3     0.       0
 H                    4     1.08202  3     180.     5     0.       0
 H                    6     1.08202  5     180.     3     0.       0
 H                    4     1.08202  2     180.     3     0.       0
 H                    3     1.08202  1     180.     4     0.       0
 H                    9     1.08202  3     180.     4     0.       0
 H                    8     1.08202  4     180.     3     0.       0
 H                    7     1.08202  6     180.     3     0.       0
 
                          Input orientation:                          
 ---------------------------------------------------------------------
 Center     Atomic      Atomic             Coordinates (Angstroms)
 Number     Number       Type             X           Y           Z
 ---------------------------------------------------------------------
      1          1           0        0.000000    0.000000    0.000000
      2          1           0        0.000000    0.000000    1.082015
      3          1           0        1.067176    0.000000    0.178584
      4          1           0        1.067176    0.000000    1.260599
      5          1           0        0.000000    0.000000    2.164030
      6          1           0        1.067176    0.000000    2.342614
      7          1           0        2.134352    0.000000    2.521198
      8          1           0        2.134352    0.000000    1.439183
      9          1           0        2.134352    0.000000    0.357168
     10          1           0        3.201528    0.000000    0.535752
     11          1           0        3.201528    0.000000    1.617767
     12          1           0        3.201528    0.000000    2.699782
 ---------------------------------------------------------------------
                    Distance matrix (angstroms):
                    1          2          3          4          5
     1  H    0.000000
     2  H    1.082015   0.000000
     3  H    1.082015   1.398232   0.000000
     4  H    1.651658   1.082015   1.082015   0.000000
     5  H    2.164030   1.082015   2.254077   1.398232   0.000000
     6  H    2.574239   1.651658   2.164030   1.082015   1.082015
     7  H    3.303316   2.574239   2.574239   1.651658   2.164030
     8  H    2.574239   2.164030   1.651658   1.082015   2.254077
     9  H    2.164030   2.254077   1.082015   1.398232   2.796464
    10  H    3.246045   3.247797   2.164030   2.254077   3.591806
    11  H    3.587053   3.246045   2.574239   2.164030   3.247797
    12  H    4.187912   3.587053   3.303316   2.574239   3.246045
                    6          7          8          9         10
     6  H    0.000000
     7  H    1.082015   0.000000
     8  H    1.398232   1.082015   0.000000
     9  H    2.254077   2.164030   1.082015   0.000000
    10  H    2.796464   2.254077   1.398232   1.082015   0.000000
    11  H    2.254077   1.398232   1.082015   1.651658   1.082015
    12  H    2.164030   1.082015   1.651658   2.574239   2.164030
                   11         12
    11  H    0.000000
    12  H    1.082015   0.000000
 Stoichiometry    H12
 Framework group  C2H[SGH(H12)]
 Deg. of freedom    11
 Full point group                 C2H     NOp   4
 Largest Abelian subgroup         C2H     NOp   4
 Largest concise Abelian subgroup C2      NOp   2
                         Standard orientation:                         
 ---------------------------------------------------------------------
 Center     Atomic      Atomic             Coordinates (Angstroms)
 Number     Number       Type             X           Y           Z
 ---------------------------------------------------------------------
      1          1           0        1.067176    1.801607    0.000000
      2          1           0        0.000000    1.623023    0.000000
      3          1           0        1.067176    0.719592    0.000000
      4          1           0        0.000000    0.541008    0.000000
      5          1           0       -1.067176    1.444439    0.000000
      6          1           0       -1.067176    0.362424    0.000000
      7          1           0       -1.067176   -0.719592    0.000000
      8          1           0       -0.000000   -0.541008    0.000000
      9          1           0        1.067176   -0.362424    0.000000
     10          1           0        1.067176   -1.444439    0.000000
     11          1           0       -0.000000   -1.623023    0.000000
     12          1           0       -1.067176   -1.801607    0.000000
 ---------------------------------------------------------------------
 Rotational constants (GHZ):     56.6512123     27.7418174     18.6224809
 General basis read from cards:  (5D, 7F)
 There are     6 symmetry adapted cartesian basis functions of AG  symmetry.
 There are     0 symmetry adapted cartesian basis functions of BG  symmetry.
 There are     0 symmetry adapted cartesian basis functions of AU  symmetry.
 There are     6 symmetry adapted cartesian basis functions of BU  symmetry.
 There are     6 symmetry adapted basis functions of AG  symmetry.
 There are     0 symmetry adapted basis functions of BG  symmetry.
 There are     0 symmetry adapted basis functions of AU  symmetry.
 There are     6 symmetry adapted basis functions of BU  symmetry.
    12 basis functions,   120 primitive gaussians,    12 cartesian basis functions
     6 alpha electrons        6 beta electrons
       nuclear repulsion energy        20.1174195249 Hartrees.
 NAtoms=   12 NActive=   12 NUniq=    6 SFac= 4.00D+00 NAtFMM=   60 NAOKFM=F Big=F
 Integral buffers will be    131072 words long.
 Regular integral format.
 Two-electron integral symmetry is turned on.
 One-electron integrals computed using PRISM.
 NBasis=    12 RedAO= T EigKep=  1.14D-01  NBF=     6     0     0     6
 NBsUse=    12 1.00D-06 EigRej= -1.00D+00 NBFU=     6     0     0     6
 Initial guess from the checkpoint file:  "h12.chk"
 B after Tr=    -0.000000    0.000000    0.000000
         Rot=    0.998262    0.000000   -0.000000   -0.058926 Ang=  -6.76 deg.
 Initial guess orbital symmetries:
       Occupied  (AG) (BU) (BU) (AG) (AG) (AG)
       Virtual   (BU) (BU) (BU) (AG) (AG) (BU)
 Keep R1 ints in memory in symmetry-blocked form, NReq=903840.
 Requested convergence on RMS density matrix=1.00D-08 within 128 cycles.
 Requested convergence on MAX density matrix=1.00D-06.
 Requested convergence on             energy=1.00D-06.
 No special actions if energy rises.
 SCF Done:  E(RHF) =  -5.83309005903     A.U. after    9 cycles
            NFock=  9  Conv=0.36D-08     -V/T= 1.9078
 Range of M.O.s used for correlation:     1    12
 NBasis=    12 NAE=     6 NBE=     6 NFC=     0 NFV=     0
 NROrb=     12 NOA=     6 NOB=     6 NVA=     6 NVB=     6
 Semi-Direct transformation.
 ModeAB=           4 MOrb=             6 LenV=     134084311
 LASXX=         2181 LTotXX=        2181 LenRXX=        5115
 LTotAB=        2934 MaxLAS=        3024 LenRXY=           0
 NonZer=        7296 LenScr=      655360 LnRSAI=        3024
 LnScr1=      655360 LExtra=           0 Total=      1318859
 MaxDsk=          -1 SrtSym=           T ITran=            3
 JobTyp=0 Pass  1:  I=   1 to   6.
 (rs|ai) integrals will be sorted in core.
 Spin components of T(2) and E(2):
     alpha-alpha T2 =       0.1115772809D-01 E2=     -0.1375915055D-01
     alpha-beta  T2 =       0.8049633276D-01 E2=     -0.1115181191D+00
     beta-beta   T2 =       0.1115772809D-01 E2=     -0.1375915055D-01
 ANorm=    0.1050148460D+01
 E2 =    -0.1390364203D+00 EUMP2 =    -0.59721264792795D+01
 Second order stability test of a single determinant RHF wave function:
 Stabil:  MDV=134217728
 ***********************************************************************
 Matrix         Lowest Root    Major Pairs
 ***********************************************************************
 Internal RHF     0.0442023    Stable
 RRHF --> CRHF    0.0134408    Stable


 RRHF --> RUHF   -0.0865766    6A=7B 6A=9B 4A=7B 6A=8B 4A=9B 5A=7B 5A=9B 2A=10B 3
 A=10B 1A=9B 1A=12B 4A=8B 5A=8B 6A=12B
 Not stable.
 ***********************************************************************

 **********************************************************************

            Population analysis using the SCF density.

 **********************************************************************

 Orbital symmetries:
       Occupied  (AG) (BU) (BU) (AG) (AG) (AG)
       Virtual   (BU) (BU) (BU) (AG) (AG) (BU)
 The electronic state is 1-AG.
 Alpha  occ. eigenvalues --   -0.93367  -0.75582  -0.65512  -0.48859  -0.41922
 Alpha  occ. eigenvalues --   -0.25710
 Alpha virt. eigenvalues --    0.03030   0.18898   0.22713   0.45500   0.61559
 Alpha virt. eigenvalues --    0.95275
          Condensed to atoms (all electrons):
               1          2          3          4          5          6
     1  H    0.616275   0.140990   0.293500  -0.101314  -0.018953  -0.020575
     2  H    0.140990   0.968895  -0.152300   0.190216   0.150594  -0.131094
     3  H    0.293500  -0.152300   0.952615  -0.204531  -0.042430   0.023680
     4  H   -0.101314   0.190216  -0.204531   1.391388  -0.188095  -0.235686
     5  H   -0.018953   0.150594  -0.042430  -0.188095   0.855316   0.326088
     6  H   -0.020575  -0.131094   0.023680  -0.235686   0.326088   0.974036
     7  H    0.007273  -0.054006   0.046182  -0.143664  -0.012171   0.304658
     8  H   -0.046744   0.011669  -0.143664   0.700654  -0.096560  -0.226085
     9  H   -0.005676  -0.092740   0.304658  -0.226085   0.015461   0.072402
    10  H   -0.003013   0.001122  -0.012171  -0.096560   0.013826   0.015461
    11  H    0.001074   0.023392  -0.054006   0.011669   0.001122  -0.092740
    12  H    0.003646   0.001074   0.007273  -0.046744  -0.003013  -0.005676
               7          8          9         10         11         12
     1  H    0.007273  -0.046744  -0.005676  -0.003013   0.001074   0.003646
     2  H   -0.054006   0.011669  -0.092740   0.001122   0.023392   0.001074
     3  H    0.046182  -0.143664   0.304658  -0.012171  -0.054006   0.007273
     4  H   -0.143664   0.700654  -0.226085  -0.096560   0.011669  -0.046744
     5  H   -0.012171  -0.096560   0.015461   0.013826   0.001122  -0.003013
     6  H    0.304658  -0.226085   0.072402   0.015461  -0.092740  -0.005676
     7  H    0.952615  -0.204531   0.023680  -0.042430  -0.152300   0.293500
     8  H   -0.204531   1.391388  -0.235686  -0.188095   0.190216  -0.101314
     9  H    0.023680  -0.235686   0.974036   0.326088  -0.131094  -0.020575
    10  H   -0.042430  -0.188095   0.326088   0.855316   0.150594  -0.018953
    11  H   -0.152300   0.190216  -0.131094   0.150594   0.968895   0.140990
    12  H    0.293500  -0.101314  -0.020575  -0.018953   0.140990   0.616275
 Mulliken charges:
               1
     1  H    0.133517
     2  H   -0.057811
     3  H   -0.018806
     4  H   -0.051248
     5  H   -0.001184
     6  H   -0.004467
     7  H   -0.018806
     8  H   -0.051248
     9  H   -0.004467
    10  H   -0.001184
    11  H   -0.057811
    12  H    0.133517
 Sum of Mulliken charges =  -0.00000
 Mulliken charges with hydrogens summed into heavy atoms:
               1
 Electronic spatial extent (au):  <R**2>=            132.5063
 Charge=             -0.0000 electrons
 Dipole moment (field-independent basis, Debye):
    X=              0.0000    Y=              0.0000    Z=              0.0000  Tot=              0.0000
 Quadrupole moment (field-independent basis, Debye-Ang):
   XX=            -19.4576   YY=            -14.2339   ZZ=            -15.1963
   XY=              2.8649   XZ=              0.0000   YZ=              0.0000
 Traceless Quadrupole moment (field-independent basis, Debye-Ang):
   XX=             -3.1617   YY=              2.0620   ZZ=              1.0996
   XY=              2.8649   XZ=              0.0000   YZ=              0.0000
 Octapole moment (field-independent basis, Debye-Ang**2):
  XXX=              0.0000  YYY=             -0.0000  ZZZ=             -0.0000  XYY=             -0.0000
  XXY=              0.0000  XXZ=             -0.0000  XZZ=              0.0000  YZZ=             -0.0000
  YYZ=             -0.0000  XYZ=              0.0000
 Hexadecapole moment (field-independent basis, Debye-Ang**3):
 XXXX=           -110.9660 YYYY=           -154.7283 ZZZZ=            -18.0319 XXXY=             -1.0459
 XXXZ=             -0.0000 YYYX=              6.6360 YYYZ=             -0.0000 ZZZX=             -0.0000
 ZZZY=             -0.0000 XXYY=            -41.4322 XXZZ=            -19.8022 YYZZ=            -29.6459
 XXYZ=             -0.0000 YYXZ=              0.0000 ZZXY=             -1.3341
 N-N= 2.011741952488D+01 E-N=-5.130755400249D+01  KE= 6.425575869837D+00
 Symmetry AG   KE= 4.872281768592D+00
 Symmetry BG   KE= 0.000000000000D+00
 Symmetry AU   KE= 0.000000000000D+00
 Symmetry BU   KE= 1.553294101245D+00

 Test job not archived.
 1\1\GINC-SULU\Stability\RHF\Gen\H12\LCJ1\17-Feb-2017\0\\#rhf/gen scf(s
 ymm,tight,novaracc,noincfock,fulldiag) stable(crhf) guess=read geom=no
 crowd test\\hf stability analysis of h12 triangular lattice, y= 0.8258
 2910785575958\\0,1\H\H,1,1.0820151443\H,1,1.0820151443,2,80.5\H,2,1.08
 20151443,1,99.5,3,0.,0\H,2,1.0820151443,1,180.,3,0.,0\H,4,1.0820151443
 ,3,180.,5,0.,0\H,6,1.0820151443,5,180.,3,0.,0\H,4,1.0820151443,2,180.,
 3,0.,0\H,3,1.0820151443,1,180.,4,0.,0\H,9,1.0820151443,3,180.,4,0.,0\H
 ,8,1.0820151443,4,180.,3,0.,0\H,7,1.0820151443,6,180.,3,0.,0\\Version=
 ES64L-G09RevE.01\State=1-AG\HF=-5.8330901\MP2=-5.9721265\RMSD=3.625e-0
 9\Dipole=0.,0.,0.\Quadrupole=0.7338254,0.817549,-1.5513744,0.,2.646155
 6,0.\PG=C02H [SGH(H12)]\\@


 NO SCIENCE HAS EVER MADE MORE RAPID PROGRESS IN A
 SHORTER TIME THAN CHEMISTRY.
   -- MARTIN HEINRICH KLOPROTH, 1791
 (FIRST PROFESSOR OF CHEMISTRY AT THE UNIVERSITY OF BERLIN)
 Job cpu time:       0 days  0 hours  0 minutes  1.1 seconds.
 File lengths (MBytes):  RWF=     84 Int=      0 D2E=      0 Chk=      2 Scr=      2
 Normal termination of Gaussian 09 at Fri Feb 17 15:03:09 2017.
