 Entering Gaussian System, Link 0=g09
 AtFile(1): H.gbs
            H     0
            S   10   1.00
               1000.000000000000            0.000068713567
                316.227766000000            0.000169141320
                100.000000000000            0.000823394812
                 31.622776600000            0.003425569236
                 10.000000000000            0.013951996000
                  3.162277660000            0.056909313560
                  1.000000000000            0.198286399900
                  0.316227766000            0.496922426700
                  0.100000000000            0.369846276400
                  0.031622776600            0.003752720039
            ****
 Initial command:
 /projects/guscus/apps/gau/g09-e1/g09/l1.exe "/users/lcj1/gaussian/h12/rhfstability/rect/guess/ag4bu2/Gau-24555.inp" -scrdir="/users/lcj1/gaussian/h12/rhfstability/rect/guess/ag4bu2/"
 Entering Link 1 = /projects/guscus/apps/gau/g09-e1/g09/l1.exe PID=     24562.
  
 Copyright (c) 1988,1990,1992,1993,1995,1998,2003,2009,2015,
            Gaussian, Inc.  All Rights Reserved.
  
 This is part of the Gaussian(R) 09 program.  It is based on
 the Gaussian(R) 03 system (copyright 2003, Gaussian, Inc.),
 the Gaussian(R) 98 system (copyright 1998, Gaussian, Inc.),
 the Gaussian(R) 94 system (copyright 1995, Gaussian, Inc.),
 the Gaussian 92(TM) system (copyright 1992, Gaussian, Inc.),
 the Gaussian 90(TM) system (copyright 1990, Gaussian, Inc.),
 the Gaussian 88(TM) system (copyright 1988, Gaussian, Inc.),
 the Gaussian 86(TM) system (copyright 1986, Carnegie Mellon
 University), and the Gaussian 82(TM) system (copyright 1983,
 Carnegie Mellon University). Gaussian is a federally registered
 trademark of Gaussian, Inc.
  
 This software contains proprietary and confidential information,
 including trade secrets, belonging to Gaussian, Inc.
  
 This software is provided under written license and may be
 used, copied, transmitted, or stored only in accord with that
 written license.
  
 The following legend is applicable only to US Government
 contracts under FAR:
  
                    RESTRICTED RIGHTS LEGEND
  
 Use, reproduction and disclosure by the US Government is
 subject to restrictions as set forth in subparagraphs (a)
 and (c) of the Commercial Computer Software - Restricted
 Rights clause in FAR 52.227-19.
  
 Gaussian, Inc.
 340 Quinnipiac St., Bldg. 40, Wallingford CT 06492
  
  
 ---------------------------------------------------------------
 Warning -- This program may not be used in any manner that
 competes with the business of Gaussian, Inc. or will provide
 assistance to any competitor of Gaussian, Inc.  The licensee
 of this program is prohibited from giving any competitor of
 Gaussian, Inc. access to this program.  By using this program,
 the user acknowledges that Gaussian, Inc. is engaged in the
 business of creating and licensing software in the field of
 computational chemistry and represents and warrants to the
 licensee that it is not a competitor of Gaussian, Inc. and that
 it will not use this program in any manner prohibited above.
 ---------------------------------------------------------------
  

 Cite this work as:
 Gaussian 09, Revision E.01,
 M. J. Frisch, G. W. Trucks, H. B. Schlegel, G. E. Scuseria, 
 M. A. Robb, J. R. Cheeseman, G. Scalmani, V. Barone, B. Mennucci, 
 G. A. Petersson, H. Nakatsuji, M. Caricato, X. Li, H. P. Hratchian, 
 A. F. Izmaylov, J. Bloino, G. Zheng, J. L. Sonnenberg, M. Hada, 
 M. Ehara, K. Toyota, R. Fukuda, J. Hasegawa, M. Ishida, T. Nakajima, 
 Y. Honda, O. Kitao, H. Nakai, T. Vreven, J. A. Montgomery, Jr., 
 J. E. Peralta, F. Ogliaro, M. Bearpark, J. J. Heyd, E. Brothers, 
 K. N. Kudin, V. N. Staroverov, T. Keith, R. Kobayashi, J. Normand, 
 K. Raghavachari, A. Rendell, J. C. Burant, S. S. Iyengar, J. Tomasi, 
 M. Cossi, N. Rega, J. M. Millam, M. Klene, J. E. Knox, J. B. Cross, 
 V. Bakken, C. Adamo, J. Jaramillo, R. Gomperts, R. E. Stratmann, 
 O. Yazyev, A. J. Austin, R. Cammi, C. Pomelli, J. W. Ochterski, 
 R. L. Martin, K. Morokuma, V. G. Zakrzewski, G. A. Voth, 
 P. Salvador, J. J. Dannenberg, S. Dapprich, A. D. Daniels, 
 O. Farkas, J. B. Foresman, J. V. Ortiz, J. Cioslowski, 
 and D. J. Fox, Gaussian, Inc., Wallingford CT, 2013.
 
 ******************************************
 Gaussian 09:  ES64L-G09RevE.01 30-Nov-2015
                17-Feb-2017 
 ******************************************
 %chk=h12.chk
 ----------------------------------------------------------------------
 #rhf/gen scf(symm,tight,novaracc,noincfock,fulldiag) stable(crhf) gues
 s=read geom=nocrowd test
 ----------------------------------------------------------------------
 1/38=1/1;
 2/12=1,17=6,18=5,40=1/2;
 3/5=7,16=1,25=1,30=1,116=1/1,2,3;
 4/5=1,9=4/1;
 5/5=100002,15=2,16=1,32=2,38=6/2;
 8/6=1,10=90,11=11/1,4;
 9/8=4,13=1/2;
 6/7=2,8=2,9=2,10=2,28=1/1;
 99/5=1,9=1/99;
 ----------------------------------------------------------------------
 hf stability analysis of h12 triangular lattice, y= 0.6417319999662348
 7
 ----------------------------------------------------------------------
 Symbolic Z-matrix:
 Charge =  0 Multiplicity = 1
 H
 H                    1     1.1051 
 H                    1     1.1051   2     109. 
 H                    2     1.1051   1     71.      3     0.       0
 H                    2     1.1051   1     180.     3     0.       0
 H                    4     1.1051   3     180.     5     0.       0
 H                    6     1.1051   5     180.     3     0.       0
 H                    4     1.1051   2     180.     3     0.       0
 H                    3     1.1051   1     180.     4     0.       0
 H                    9     1.1051   3     180.     4     0.       0
 H                    8     1.1051   4     180.     3     0.       0
 H                    7     1.1051   6     180.     3     0.       0
 
                          Input orientation:                          
 ---------------------------------------------------------------------
 Center     Atomic      Atomic             Coordinates (Angstroms)
 Number     Number       Type             X           Y           Z
 ---------------------------------------------------------------------
      1          1           0        0.000000    0.000000    0.000000
      2          1           0        0.000000    0.000000    1.105095
      3          1           0        1.044888    0.000000   -0.359784
      4          1           0        1.044888    0.000000    0.745311
      5          1           0        0.000000    0.000000    2.210190
      6          1           0        1.044888    0.000000    1.850406
      7          1           0        2.089776    0.000000    1.490623
      8          1           0        2.089776    0.000000    0.385528
      9          1           0        2.089776    0.000000   -0.719568
     10          1           0        3.134664    0.000000   -1.079351
     11          1           0        3.134664    0.000000    0.025744
     12          1           0        3.134664    0.000000    1.130839
 ---------------------------------------------------------------------
                    Distance matrix (angstroms):
                    1          2          3          4          5
     1  H    0.000000
     2  H    1.105095   0.000000
     3  H    1.105095   1.799350   0.000000
     4  H    1.283464   1.105095   1.105095   0.000000
     5  H    2.210190   1.105095   2.774267   1.799350   0.000000
     6  H    2.125040   1.283464   2.210190   1.105095   1.105095
     7  H    2.566928   2.125040   2.125040   1.283464   2.210190
     8  H    2.125040   2.210190   1.283464   1.105095   2.774267
     9  H    2.210190   2.774267   1.105095   1.799350   3.598700
    10  H    3.315285   3.820723   2.210190   2.774267   4.543919
    11  H    3.134770   3.315285   2.125040   2.210190   3.820723
    12  H    3.332404   3.134770   2.566928   2.125040   3.315285
                    6          7          8          9         10
     6  H    0.000000
     7  H    1.105095   0.000000
     8  H    1.799350   1.105095   0.000000
     9  H    2.774267   2.210190   1.105095   0.000000
    10  H    3.598700   2.774267   1.799350   1.105095   0.000000
    11  H    2.774267   1.799350   1.105095   1.283464   1.105095
    12  H    2.210190   1.105095   1.283464   2.125040   2.210190
                   11         12
    11  H    0.000000
    12  H    1.105095   0.000000
 Stoichiometry    H12
 Framework group  C2H[SGH(H12)]
 Deg. of freedom    11
 Full point group                 C2H     NOp   4
 Largest Abelian subgroup         C2H     NOp   4
 Largest concise Abelian subgroup C2      NOp   2
                         Standard orientation:                         
 ---------------------------------------------------------------------
 Center     Atomic      Atomic             Coordinates (Angstroms)
 Number     Number       Type             X           Y           Z
 ---------------------------------------------------------------------
      1          1           0        1.044888    1.297859    0.000000
      2          1           0        0.000000    1.657643    0.000000
      3          1           0        1.044888    0.192764    0.000000
      4          1           0        0.000000    0.552548    0.000000
      5          1           0       -1.044888    2.017426    0.000000
      6          1           0       -1.044888    0.912331    0.000000
      7          1           0       -1.044888   -0.192764   -0.000000
      8          1           0       -0.000000   -0.552548    0.000000
      9          1           0        1.044888   -0.912331    0.000000
     10          1           0        1.044888   -2.017426    0.000000
     11          1           0       -0.000000   -1.657643    0.000000
     12          1           0       -1.044888   -1.297859    0.000000
 ---------------------------------------------------------------------
 Rotational constants (GHZ):     63.1414614     24.8902641     17.8527416
 General basis read from cards:  (5D, 7F)
 There are     6 symmetry adapted cartesian basis functions of AG  symmetry.
 There are     0 symmetry adapted cartesian basis functions of BG  symmetry.
 There are     0 symmetry adapted cartesian basis functions of AU  symmetry.
 There are     6 symmetry adapted cartesian basis functions of BU  symmetry.
 There are     6 symmetry adapted basis functions of AG  symmetry.
 There are     0 symmetry adapted basis functions of BG  symmetry.
 There are     0 symmetry adapted basis functions of AU  symmetry.
 There are     6 symmetry adapted basis functions of BU  symmetry.
    12 basis functions,   120 primitive gaussians,    12 cartesian basis functions
     6 alpha electrons        6 beta electrons
       nuclear repulsion energy        19.9266132773 Hartrees.
 NAtoms=   12 NActive=   12 NUniq=    6 SFac= 4.00D+00 NAtFMM=   60 NAOKFM=F Big=F
 Integral buffers will be    131072 words long.
 Regular integral format.
 Two-electron integral symmetry is turned on.
 One-electron integrals computed using PRISM.
 NBasis=    12 RedAO= T EigKep=  1.36D-01  NBF=     6     0     0     6
 NBsUse=    12 1.00D-06 EigRej= -1.00D+00 NBFU=     6     0     0     6
 Initial guess from the checkpoint file:  "h12.chk"
 B after Tr=    -0.000000   -0.000000    0.000000
         Rot=    0.999627    0.000000   -0.000000    0.027292 Ang=   3.13 deg.
 Initial guess orbital symmetries:
       Occupied  (AG) (BU) (BU) (AG) (AG) (AG)
       Virtual   (BU) (BU) (BU) (AG) (AG) (BU)
 Keep R1 ints in memory in symmetry-blocked form, NReq=903966.
 Requested convergence on RMS density matrix=1.00D-08 within 128 cycles.
 Requested convergence on MAX density matrix=1.00D-06.
 Requested convergence on             energy=1.00D-06.
 No special actions if energy rises.
 SCF Done:  E(RHF) =  -5.75297954011     A.U. after   10 cycles
            NFock= 10  Conv=0.28D-08     -V/T= 1.8868
 Range of M.O.s used for correlation:     1    12
 NBasis=    12 NAE=     6 NBE=     6 NFC=     0 NFV=     0
 NROrb=     12 NOA=     6 NOB=     6 NVA=     6 NVB=     6
 Semi-Direct transformation.
 ModeAB=           4 MOrb=             6 LenV=     134084339
 LASXX=         2181 LTotXX=        2181 LenRXX=        5115
 LTotAB=        2934 MaxLAS=        3024 LenRXY=           0
 NonZer=        7296 LenScr=      655360 LnRSAI=        3024
 LnScr1=      655360 LExtra=           0 Total=      1318859
 MaxDsk=          -1 SrtSym=           T ITran=            3
 JobTyp=0 Pass  1:  I=   1 to   6.
 (rs|ai) integrals will be sorted in core.
 Spin components of T(2) and E(2):
     alpha-alpha T2 =       0.1133958620D-01 E2=     -0.1383598942D-01
     alpha-beta  T2 =       0.8681351925D-01 E2=     -0.1153482158D+00
     beta-beta   T2 =       0.1133958620D-01 E2=     -0.1383598942D-01
 ANorm=    0.1053324590D+01
 E2 =    -0.1430201946D+00 EUMP2 =    -0.58959997347307D+01
 Second order stability test of a single determinant RHF wave function:
 Stabil:  MDV=134217728
 ***********************************************************************
 Matrix         Lowest Root    Major Pairs
 ***********************************************************************
 Internal RHF    -0.0407816    6A=7A
 RRHF --> CRHF   -0.077387     6A=7A
 RRHF --> RUHF   -0.1607637    6A=7B
 Not stable.
 ***********************************************************************

 **********************************************************************

            Population analysis using the SCF density.

 **********************************************************************

 Orbital symmetries:
       Occupied  (AG) (BU) (BU) (AG) (AG) (AG)
       Virtual   (BU) (BU) (BU) (AG) (AG) (BU)
 The electronic state is 1-AG.
 Alpha  occ. eigenvalues --   -0.92101  -0.75684  -0.62678  -0.51570  -0.38011
 Alpha  occ. eigenvalues --   -0.21454
 Alpha virt. eigenvalues --   -0.02443   0.19923   0.31059   0.35234   0.64746
 Alpha virt. eigenvalues --    0.80952
          Condensed to atoms (all electrons):
               1          2          3          4          5          6
     1  H    1.023224   0.146177   0.342184  -0.261314  -0.016101  -0.056087
     2  H    0.146177   0.988291  -0.121821   0.204289   0.126899  -0.165446
     3  H    0.342184  -0.121821   1.006783  -0.255796  -0.012439   0.024766
     4  H   -0.261314   0.204289  -0.255796   1.451771  -0.077311  -0.190876
     5  H   -0.016101   0.126899  -0.012439  -0.077311   0.531277   0.277353
     6  H   -0.056087  -0.165446   0.024766  -0.190876   0.277353   0.951441
     7  H    0.021117  -0.119325   0.088739  -0.283577  -0.000092   0.307693
     8  H   -0.136487   0.016758  -0.283577   0.722351  -0.031925  -0.112445
     9  H   -0.013160  -0.039711   0.307693  -0.112445   0.004529   0.034830
    10  H   -0.002080   0.000638  -0.000092  -0.031925   0.001658   0.004529
    11  H    0.000132   0.021700  -0.119325   0.016758   0.000638  -0.039711
    12  H    0.024844   0.000132   0.021117  -0.136487  -0.002080  -0.013160
               7          8          9         10         11         12
     1  H    0.021117  -0.136487  -0.013160  -0.002080   0.000132   0.024844
     2  H   -0.119325   0.016758  -0.039711   0.000638   0.021700   0.000132
     3  H    0.088739  -0.283577   0.307693  -0.000092  -0.119325   0.021117
     4  H   -0.283577   0.722351  -0.112445  -0.031925   0.016758  -0.136487
     5  H   -0.000092  -0.031925   0.004529   0.001658   0.000638  -0.002080
     6  H    0.307693  -0.112445   0.034830   0.004529  -0.039711  -0.013160
     7  H    1.006783  -0.255796   0.024766  -0.012439  -0.121821   0.342184
     8  H   -0.255796   1.451771  -0.190876  -0.077311   0.204289  -0.261314
     9  H    0.024766  -0.190876   0.951441   0.277353  -0.165446  -0.056087
    10  H   -0.012439  -0.077311   0.277353   0.531277   0.126899  -0.016101
    11  H   -0.121821   0.204289  -0.165446   0.126899   0.988291   0.146177
    12  H    0.342184  -0.261314  -0.056087  -0.016101   0.146177   1.023224
 Mulliken charges:
               1
     1  H   -0.072451
     2  H   -0.058582
     3  H    0.001767
     4  H   -0.045439
     5  H    0.197594
     6  H   -0.022888
     7  H    0.001767
     8  H   -0.045439
     9  H   -0.022888
    10  H    0.197594
    11  H   -0.058582
    12  H   -0.072451
 Sum of Mulliken charges =   0.00000
 Mulliken charges with hydrogens summed into heavy atoms:
               1
 Electronic spatial extent (au):  <R**2>=            134.9452
 Charge=              0.0000 electrons
 Dipole moment (field-independent basis, Debye):
    X=              0.0000    Y=             -0.0000    Z=              0.0000  Tot=              0.0000
 Quadrupole moment (field-independent basis, Debye-Ang):
   XX=            -19.7905   YY=            -11.6082   ZZ=            -15.1928
   XY=             -5.7086   XZ=              0.0000   YZ=             -0.0000
 Traceless Quadrupole moment (field-independent basis, Debye-Ang):
   XX=             -4.2599   YY=              3.9223   ZZ=              0.3377
   XY=             -5.7086   XZ=              0.0000   YZ=             -0.0000
 Octapole moment (field-independent basis, Debye-Ang**2):
  XXX=              0.0000  YYY=             -0.0000  ZZZ=             -0.0000  XYY=             -0.0000
  XXY=              0.0000  XXZ=             -0.0000  XZZ=              0.0000  YZZ=             -0.0000
  YYZ=              0.0000  XYZ=             -0.0000
 Hexadecapole moment (field-independent basis, Debye-Ang**3):
 XXXX=           -108.8099 YYYY=           -143.4107 ZZZZ=            -18.0479 XXXY=              2.2902
 XXXZ=             -0.0000 YYYX=            -15.2847 YYYZ=              0.0000 ZZZX=             -0.0000
 ZZZY=              0.0000 XXYY=            -40.1325 XXZZ=            -19.4074 YYZZ=            -31.0342
 XXYZ=              0.0000 YYXZ=              0.0000 ZZXY=              2.6243
 N-N= 1.992661327734D+01 E-N=-5.101686239067D+01  KE= 6.487651148887D+00
 Symmetry AG   KE= 4.926197191232D+00
 Symmetry BG   KE= 0.000000000000D+00
 Symmetry AU   KE= 0.000000000000D+00
 Symmetry BU   KE= 1.561453957655D+00

 Test job not archived.
 1\1\GINC-SULU\Stability\RHF\Gen\H12\LCJ1\17-Feb-2017\0\\#rhf/gen scf(s
 ymm,tight,novaracc,noincfock,fulldiag) stable(crhf) guess=read geom=no
 crowd test\\hf stability analysis of h12 triangular lattice, y= 0.6417
 3199996623487\\0,1\H\H,1,1.1050950889\H,1,1.1050950889,2,109.\H,2,1.10
 50950889,1,71.,3,0.,0\H,2,1.1050950889,1,180.,3,0.,0\H,4,1.1050950889,
 3,180.,5,0.,0\H,6,1.1050950889,5,180.,3,0.,0\H,4,1.1050950889,2,180.,3
 ,0.,0\H,3,1.1050950889,1,180.,4,0.,0\H,9,1.1050950889,3,180.,4,0.,0\H,
 8,1.1050950889,4,180.,3,0.,0\H,7,1.1050950889,6,180.,3,0.,0\\Version=E
 S64L-G09RevE.01\State=1-AG\HF=-5.7529795\MP2=-5.8959997\RMSD=2.772e-09
 \Dipole=0.,0.,0.\Quadrupole=-0.3416489,0.2510452,0.0906038,0.,-5.21708
 11,0.\PG=C02H [SGH(H12)]\\@


 WE TEND TO MEET ANY NEW SITUATION BY REORGANIZING. IT CAN BE A
 WONDERFUL METHOD FOR CREATING THE ILLUSION OF PROGRESS WHILE PRODUCING
 CONFUSION, INEFFICIENCY, AND DEMORALIZATION.
     -- PETRONIUS ARBITER, 210 B.C.
 Job cpu time:       0 days  0 hours  0 minutes  1.1 seconds.
 File lengths (MBytes):  RWF=     84 Int=      0 D2E=      0 Chk=      2 Scr=      2
 Normal termination of Gaussian 09 at Fri Feb 17 15:00:05 2017.
