 Entering Gaussian System, Link 0=g09
 AtFile(1): H.gbs
            H     0
            S   10   1.00
               1000.000000000000            0.000068713567
                316.227766000000            0.000169141320
                100.000000000000            0.000823394812
                 31.622776600000            0.003425569236
                 10.000000000000            0.013951996000
                  3.162277660000            0.056909313560
                  1.000000000000            0.198286399900
                  0.316227766000            0.496922426700
                  0.100000000000            0.369846276400
                  0.031622776600            0.003752720039
            ****
 Initial command:
 /projects/guscus/apps/gau/g09-e1/g09/l1.exe "/users/lcj1/gaussian/h12/rhfstability/rect/guess/ag4bu2/Gau-16451.inp" -scrdir="/users/lcj1/gaussian/h12/rhfstability/rect/guess/ag4bu2/"
 Entering Link 1 = /projects/guscus/apps/gau/g09-e1/g09/l1.exe PID=     16452.
  
 Copyright (c) 1988,1990,1992,1993,1995,1998,2003,2009,2015,
            Gaussian, Inc.  All Rights Reserved.
  
 This is part of the Gaussian(R) 09 program.  It is based on
 the Gaussian(R) 03 system (copyright 2003, Gaussian, Inc.),
 the Gaussian(R) 98 system (copyright 1998, Gaussian, Inc.),
 the Gaussian(R) 94 system (copyright 1995, Gaussian, Inc.),
 the Gaussian 92(TM) system (copyright 1992, Gaussian, Inc.),
 the Gaussian 90(TM) system (copyright 1990, Gaussian, Inc.),
 the Gaussian 88(TM) system (copyright 1988, Gaussian, Inc.),
 the Gaussian 86(TM) system (copyright 1986, Carnegie Mellon
 University), and the Gaussian 82(TM) system (copyright 1983,
 Carnegie Mellon University). Gaussian is a federally registered
 trademark of Gaussian, Inc.
  
 This software contains proprietary and confidential information,
 including trade secrets, belonging to Gaussian, Inc.
  
 This software is provided under written license and may be
 used, copied, transmitted, or stored only in accord with that
 written license.
  
 The following legend is applicable only to US Government
 contracts under FAR:
  
                    RESTRICTED RIGHTS LEGEND
  
 Use, reproduction and disclosure by the US Government is
 subject to restrictions as set forth in subparagraphs (a)
 and (c) of the Commercial Computer Software - Restricted
 Rights clause in FAR 52.227-19.
  
 Gaussian, Inc.
 340 Quinnipiac St., Bldg. 40, Wallingford CT 06492
  
  
 ---------------------------------------------------------------
 Warning -- This program may not be used in any manner that
 competes with the business of Gaussian, Inc. or will provide
 assistance to any competitor of Gaussian, Inc.  The licensee
 of this program is prohibited from giving any competitor of
 Gaussian, Inc. access to this program.  By using this program,
 the user acknowledges that Gaussian, Inc. is engaged in the
 business of creating and licensing software in the field of
 computational chemistry and represents and warrants to the
 licensee that it is not a competitor of Gaussian, Inc. and that
 it will not use this program in any manner prohibited above.
 ---------------------------------------------------------------
  

 Cite this work as:
 Gaussian 09, Revision E.01,
 M. J. Frisch, G. W. Trucks, H. B. Schlegel, G. E. Scuseria, 
 M. A. Robb, J. R. Cheeseman, G. Scalmani, V. Barone, B. Mennucci, 
 G. A. Petersson, H. Nakatsuji, M. Caricato, X. Li, H. P. Hratchian, 
 A. F. Izmaylov, J. Bloino, G. Zheng, J. L. Sonnenberg, M. Hada, 
 M. Ehara, K. Toyota, R. Fukuda, J. Hasegawa, M. Ishida, T. Nakajima, 
 Y. Honda, O. Kitao, H. Nakai, T. Vreven, J. A. Montgomery, Jr., 
 J. E. Peralta, F. Ogliaro, M. Bearpark, J. J. Heyd, E. Brothers, 
 K. N. Kudin, V. N. Staroverov, T. Keith, R. Kobayashi, J. Normand, 
 K. Raghavachari, A. Rendell, J. C. Burant, S. S. Iyengar, J. Tomasi, 
 M. Cossi, N. Rega, J. M. Millam, M. Klene, J. E. Knox, J. B. Cross, 
 V. Bakken, C. Adamo, J. Jaramillo, R. Gomperts, R. E. Stratmann, 
 O. Yazyev, A. J. Austin, R. Cammi, C. Pomelli, J. W. Ochterski, 
 R. L. Martin, K. Morokuma, V. G. Zakrzewski, G. A. Voth, 
 P. Salvador, J. J. Dannenberg, S. Dapprich, A. D. Daniels, 
 O. Farkas, J. B. Foresman, J. V. Ortiz, J. Cioslowski, 
 and D. J. Fox, Gaussian, Inc., Wallingford CT, 2013.
 
 ******************************************
 Gaussian 09:  ES64L-G09RevE.01 30-Nov-2015
                17-Feb-2017 
 ******************************************
 %chk=h12.chk
 ----------------------------------------------------------------------
 #rhf/gen scf(symm,tight,novaracc,noincfock,fulldiag) stable(crhf) gues
 s=read geom=nocrowd test
 ----------------------------------------------------------------------
 1/38=1/1;
 2/12=1,17=6,18=5,40=1/2;
 3/5=7,16=1,25=1,30=1,116=1/1,2,3;
 4/5=1,9=4/1;
 5/5=100002,15=2,16=1,32=2,38=6/2;
 8/6=1,10=90,11=11/1,4;
 9/8=4,13=1/2;
 6/7=2,8=2,9=2,10=2,28=1/1;
 99/5=1,9=1/99;
 ----------------------------------------------------------------------
 hf stability analysis of h12 triangular lattice, y= 0.4458672966047664
 3
 ----------------------------------------------------------------------
 Symbolic Z-matrix:
 Charge =  0 Multiplicity = 1
 H
 H                    1     1.36951 
 H                    1     1.36951  2     142. 
 H                    2     1.36951  1     38.      3     0.       0
 H                    2     1.36951  1     180.     3     0.       0
 H                    4     1.36951  3     180.     5     0.       0
 H                    6     1.36951  5     180.     3     0.       0
 H                    4     1.36951  2     180.     3     0.       0
 H                    3     1.36951  1     180.     4     0.       0
 H                    9     1.36951  3     180.     4     0.       0
 H                    8     1.36951  4     180.     3     0.       0
 H                    7     1.36951  6     180.     3     0.       0
 
                          Input orientation:                          
 ---------------------------------------------------------------------
 Center     Atomic      Atomic             Coordinates (Angstroms)
 Number     Number       Type             X           Y           Z
 ---------------------------------------------------------------------
      1          1           0        0.000000    0.000000    0.000000
      2          1           0        0.000000    0.000000    1.369505
      3          1           0        0.843152    0.000000   -1.079185
      4          1           0        0.843152    0.000000    0.290320
      5          1           0        0.000000    0.000000    2.739010
      6          1           0        0.843152    0.000000    1.659826
      7          1           0        1.686303    0.000000    0.580641
      8          1           0        1.686303    0.000000   -0.788864
      9          1           0        1.686303    0.000000   -2.158370
     10          1           0        2.529455    0.000000   -3.237555
     11          1           0        2.529455    0.000000   -1.868049
     12          1           0        2.529455    0.000000   -0.498544
 ---------------------------------------------------------------------
                    Distance matrix (angstroms):
                    1          2          3          4          5
     1  H    0.000000
     2  H    1.369505   0.000000
     3  H    1.369505   2.589785   0.000000
     4  H    0.891735   1.369505   1.369505   0.000000
     5  H    2.739010   1.369505   3.910182   2.589785   0.000000
     6  H    1.861700   0.891735   2.739010   1.369505   1.369505
     7  H    1.783469   1.861700   1.861700   0.891735   2.739010
     8  H    1.861700   2.739010   0.891735   1.369505   3.910182
     9  H    2.739010   3.910182   1.369505   2.589785   5.179570
    10  H    4.108516   5.255772   2.739010   3.910182   6.489797
    11  H    3.144479   4.108516   1.861700   2.739010   5.255772
    12  H    2.578117   3.144479   1.783469   1.861700   4.108516
                    6          7          8          9         10
     6  H    0.000000
     7  H    1.369505   0.000000
     8  H    2.589785   1.369505   0.000000
     9  H    3.910182   2.739010   1.369505   0.000000
    10  H    5.179570   3.910182   2.589785   1.369505   0.000000
    11  H    3.910182   2.589785   1.369505   0.891735   1.369505
    12  H    2.739010   1.369505   0.891735   1.861700   2.739010
                   11         12
    11  H    0.000000
    12  H    1.369505   0.000000
 Stoichiometry    H12
 Framework group  C2H[SGH(H12)]
 Deg. of freedom    11
 Full point group                 C2H     NOp   4
 Largest Abelian subgroup         C2H     NOp   4
 Largest concise Abelian subgroup C2      NOp   2
                         Standard orientation:                         
 ---------------------------------------------------------------------
 Center     Atomic      Atomic             Coordinates (Angstroms)
 Number     Number       Type             X           Y           Z
 ---------------------------------------------------------------------
      1          1           0        0.843152    0.975073    0.000000
      2          1           0        0.000000    2.054258    0.000000
      3          1           0        0.843152   -0.394432    0.000000
      4          1           0        0.000000    0.684753    0.000000
      5          1           0       -0.843152    3.133443    0.000000
      6          1           0       -0.843152    1.763937    0.000000
      7          1           0       -0.843152    0.394432    0.000000
      8          1           0       -0.000000   -0.684753    0.000000
      9          1           0        0.843152   -1.763937   -0.000000
     10          1           0        0.843152   -3.133443   -0.000000
     11          1           0       -0.000000   -2.054258    0.000000
     12          1           0       -0.843152   -0.975073    0.000000
 ---------------------------------------------------------------------
 Rotational constants (GHZ):    122.3521217     12.8449565     11.6245684
 General basis read from cards:  (5D, 7F)
 There are     6 symmetry adapted cartesian basis functions of AG  symmetry.
 There are     0 symmetry adapted cartesian basis functions of BG  symmetry.
 There are     0 symmetry adapted cartesian basis functions of AU  symmetry.
 There are     6 symmetry adapted cartesian basis functions of BU  symmetry.
 There are     6 symmetry adapted basis functions of AG  symmetry.
 There are     0 symmetry adapted basis functions of BG  symmetry.
 There are     0 symmetry adapted basis functions of AU  symmetry.
 There are     6 symmetry adapted basis functions of BU  symmetry.
    12 basis functions,   120 primitive gaussians,    12 cartesian basis functions
     6 alpha electrons        6 beta electrons
       nuclear repulsion energy        18.2332894146 Hartrees.
 NAtoms=   12 NActive=   12 NUniq=    6 SFac= 4.00D+00 NAtFMM=   60 NAOKFM=F Big=F
 Integral buffers will be    131072 words long.
 Regular integral format.
 Two-electron integral symmetry is turned on.
 One-electron integrals computed using PRISM.
 NBasis=    12 RedAO= T EigKep=  1.45D-01  NBF=     6     0     0     6
 NBsUse=    12 1.00D-06 EigRej= -1.00D+00 NBFU=     6     0     0     6
 Initial guess from the checkpoint file:  "h12.chk"
 B after Tr=    -0.000000   -0.000000    0.000000
         Rot=    0.992184   -0.000000    0.000000    0.124783 Ang=  14.34 deg.
 Initial guess orbital symmetries:
       Occupied  (AG) (BU) (BU) (AG) (AG) (AG)
       Virtual   (BU) (BU) (BU) (AG) (AG) (BU)
 Keep R1 ints in memory in symmetry-blocked form, NReq=900410.
 Requested convergence on RMS density matrix=1.00D-08 within 128 cycles.
 Requested convergence on MAX density matrix=1.00D-06.
 Requested convergence on             energy=1.00D-06.
 No special actions if energy rises.
 SCF Done:  E(RHF) =  -5.38050317083     A.U. after   14 cycles
            NFock= 14  Conv=0.55D-08     -V/T= 1.8149
 Range of M.O.s used for correlation:     1    12
 NBasis=    12 NAE=     6 NBE=     6 NFC=     0 NFV=     0
 NROrb=     12 NOA=     6 NOB=     6 NVA=     6 NVB=     6

 **** Warning!!: The smallest alpha delta epsilon is -0.91054723D-01

 Semi-Direct transformation.
 ModeAB=           4 MOrb=             6 LenV=     134088049
 LASXX=         2181 LTotXX=        2181 LenRXX=        5115
 LTotAB=        2934 MaxLAS=        3024 LenRXY=           0
 NonZer=        7296 LenScr=      655360 LnRSAI=        3024
 LnScr1=      655360 LExtra=           0 Total=      1318859
 MaxDsk=          -1 SrtSym=           T ITran=            3
 JobTyp=0 Pass  1:  I=   1 to   6.
 (rs|ai) integrals will be sorted in core.
 Spin components of T(2) and E(2):
     alpha-alpha T2 =       0.3394353190D-01 E2=     -0.2162526781D-01
     alpha-beta  T2 =       0.5207424122D+01 E2=     -0.5432779784D+00
     beta-beta   T2 =       0.3394353190D-01 E2=     -0.2162526781D-01
 ANorm=    0.2505057122D+01
 E2 =    -0.5865285140D+00 EUMP2 =    -0.59670316848260D+01
 Second order stability test of a single determinant RHF wave function:
 Stabil:  MDV=134217728
 ***********************************************************************
 Matrix         Lowest Root    Major Pairs
 ***********************************************************************
 Internal RHF    -0.2222808    6A=7A 6A=8A 5A=7A
 RRHF --> CRHF   -0.2821535    6A=7A
 RRHF --> RUHF   -0.5955225    6A=7B 6A=8B
 Not stable.
 ***********************************************************************

 **********************************************************************

            Population analysis using the SCF density.

 **********************************************************************

 Orbital symmetries:
       Occupied  (AG) (BU) (AG) (BU) (AG) (AG)
       Virtual   (BU) (BU) (BU) (AG) (AG) (BU)
 The electronic state is 1-AG.
 Alpha  occ. eigenvalues --   -0.93784  -0.77339  -0.57361  -0.52434  -0.29121
 Alpha  occ. eigenvalues --   -0.12946
 Alpha virt. eigenvalues --   -0.22052   0.04157   0.31397   0.35836   0.49170
 Alpha virt. eigenvalues --    0.64858
          Condensed to atoms (all electrons):
               1          2          3          4          5          6
     1  H    1.301746   0.163163  -0.127013   0.290639  -0.001199  -0.178711
     2  H    0.163163   0.768288  -0.054007  -0.005285  -0.155507   0.286644
     3  H   -0.127013  -0.054007   0.955388   0.131059   0.000284  -0.002537
     4  H    0.290639  -0.005285   0.131059   0.642567   0.003515  -0.073949
     5  H   -0.001199  -0.155507   0.000284   0.003515   1.351955  -0.166164
     6  H   -0.178711   0.286644  -0.002537  -0.073949  -0.166164   1.071748
     7  H   -0.260321  -0.104408   0.086785   0.020843   0.015241   0.195518
     8  H   -0.045765  -0.024677   0.020843   0.029378   0.001495  -0.022833
     9  H   -0.033607   0.002437   0.195518  -0.022833  -0.000851   0.008471
    10  H    0.001594  -0.000569   0.015241   0.001495   0.000213  -0.000851
    11  H    0.012215   0.005678  -0.104408  -0.024677  -0.000569   0.002437
    12  H    0.043292   0.012215  -0.260321  -0.045765   0.001594  -0.033607
               7          8          9         10         11         12
     1  H   -0.260321  -0.045765  -0.033607   0.001594   0.012215   0.043292
     2  H   -0.104408  -0.024677   0.002437  -0.000569   0.005678   0.012215
     3  H    0.086785   0.020843   0.195518   0.015241  -0.104408  -0.260321
     4  H    0.020843   0.029378  -0.022833   0.001495  -0.024677  -0.045765
     5  H    0.015241   0.001495  -0.000851   0.000213  -0.000569   0.001594
     6  H    0.195518  -0.022833   0.008471  -0.000851   0.002437  -0.033607
     7  H    0.955388   0.131059  -0.002537   0.000284  -0.054007  -0.127013
     8  H    0.131059   0.642567  -0.073949   0.003515  -0.005285   0.290639
     9  H   -0.002537  -0.073949   1.071748  -0.166164   0.286644  -0.178711
    10  H    0.000284   0.003515  -0.166164   1.351955  -0.155507  -0.001199
    11  H   -0.054007  -0.005285   0.286644  -0.155507   0.768288   0.163163
    12  H   -0.127013   0.290639  -0.178711  -0.001199   0.163163   1.301746
 Mulliken charges:
               1
     1  H   -0.166034
     2  H    0.106028
     3  H    0.143168
     4  H    0.053012
     5  H   -0.050008
     6  H   -0.086166
     7  H    0.143168
     8  H    0.053012
     9  H   -0.086166
    10  H   -0.050008
    11  H    0.106028
    12  H   -0.166034
 Sum of Mulliken charges =  -0.00000
 Mulliken charges with hydrogens summed into heavy atoms:
               1
 Electronic spatial extent (au):  <R**2>=            196.7328
 Charge=             -0.0000 electrons
 Dipole moment (field-independent basis, Debye):
    X=              0.0000    Y=             -0.0000    Z=             -0.0000  Tot=              0.0000
 Quadrupole moment (field-independent basis, Debye-Ang):
   XX=            -19.0596   YY=            -23.2263   ZZ=            -15.1281
   XY=              0.8904   XZ=              0.0000   YZ=             -0.0000
 Traceless Quadrupole moment (field-independent basis, Debye-Ang):
   XX=              0.0784   YY=             -4.0883   ZZ=              4.0099
   XY=              0.8904   XZ=              0.0000   YZ=             -0.0000
 Octapole moment (field-independent basis, Debye-Ang**2):
  XXX=              0.0000  YYY=              0.0000  ZZZ=             -0.0000  XYY=             -0.0000
  XXY=              0.0000  XXZ=             -0.0000  XZZ=              0.0000  YZZ=              0.0000
  YYZ=             -0.0000  XYZ=             -0.0000
 Hexadecapole moment (field-independent basis, Debye-Ang**3):
 XXXX=            -72.2462 YYYY=           -424.7650 ZZZZ=            -17.9436 XXXY=             30.9002
 XXXZ=              0.0000 YYYX=             63.9285 YYYZ=             -0.0000 ZZZX=              0.0000
 ZZZY=             -0.0000 XXYY=            -80.3067 XXZZ=            -14.6115 YYZZ=            -55.9905
 XXYZ=             -0.0000 YYXZ=              0.0000 ZZXY=              9.4947
 N-N= 1.823328941459D+01 E-N=-4.737019737081D+01  KE= 6.602335410813D+00
 Symmetry AG   KE= 4.799216816612D+00
 Symmetry BG   KE= 0.000000000000D+00
 Symmetry AU   KE= 0.000000000000D+00
 Symmetry BU   KE= 1.803118594202D+00

 Test job not archived.
 1\1\GINC-SULU\Stability\RHF\Gen\H12\LCJ1\17-Feb-2017\0\\#rhf/gen scf(s
 ymm,tight,novaracc,noincfock,fulldiag) stable(crhf) guess=read geom=no
 crowd test\\hf stability analysis of h12 triangular lattice, y= 0.4458
 6729660476643\\0,1\H\H,1,1.3695052128\H,1,1.3695052128,2,142.\H,2,1.36
 95052128,1,38.,3,0.,0\H,2,1.3695052128,1,180.,3,0.,0\H,4,1.3695052128,
 3,180.,5,0.,0\H,6,1.3695052128,5,180.,3,0.,0\H,4,1.3695052128,2,180.,3
 ,0.,0\H,3,1.3695052128,1,180.,4,0.,0\H,9,1.3695052128,3,180.,4,0.,0\H,
 8,1.3695052128,4,180.,3,0.,0\H,7,1.3695052128,6,180.,3,0.,0\\Version=E
 S64L-G09RevE.01\State=1-AG\HF=-5.3805032\MP2=-5.9670317\RMSD=5.457e-09
 \Dipole=0.,0.,0.\Quadrupole=-0.4736059,2.9812304,-2.5076246,0.,1.34277
 33,0.\PG=C02H [SGH(H12)]\\@


 A SUCCESSFUL PURSUIT OF SCIENCE MAKES A MAN THE
 BENEFACTOR OF ALL MANKIND OF EVERY AGE.
   --  JOSEPH PRIESTLEY, "EXPERIMENTS AND
 OBSERVATIONS ON DIFFERENT KINDS OF AIR", 1774
 Job cpu time:       0 days  0 hours  0 minutes  1.0 seconds.
 File lengths (MBytes):  RWF=     84 Int=      0 D2E=      0 Chk=      2 Scr=      2
 Normal termination of Gaussian 09 at Fri Feb 17 14:56:42 2017.
