 Entering Gaussian System, Link 0=g09
 AtFile(1): H.gbs
            H     0
            S   10   1.00
               1000.000000000000            0.000068713567
                316.227766000000            0.000169141320
                100.000000000000            0.000823394812
                 31.622776600000            0.003425569236
                 10.000000000000            0.013951996000
                  3.162277660000            0.056909313560
                  1.000000000000            0.198286399900
                  0.316227766000            0.496922426700
                  0.100000000000            0.369846276400
                  0.031622776600            0.003752720039
            ****
 Initial command:
 /projects/guscus/apps/gau/g09-e1/g09/l1.exe "/users/lcj1/gaussian/h12/rhfstability/rect/guess/ag4bu2/Gau-9660.inp" -scrdir="/users/lcj1/gaussian/h12/rhfstability/rect/guess/ag4bu2/"
 Entering Link 1 = /projects/guscus/apps/gau/g09-e1/g09/l1.exe PID=      9661.
  
 Copyright (c) 1988,1990,1992,1993,1995,1998,2003,2009,2015,
            Gaussian, Inc.  All Rights Reserved.
  
 This is part of the Gaussian(R) 09 program.  It is based on
 the Gaussian(R) 03 system (copyright 2003, Gaussian, Inc.),
 the Gaussian(R) 98 system (copyright 1998, Gaussian, Inc.),
 the Gaussian(R) 94 system (copyright 1995, Gaussian, Inc.),
 the Gaussian 92(TM) system (copyright 1992, Gaussian, Inc.),
 the Gaussian 90(TM) system (copyright 1990, Gaussian, Inc.),
 the Gaussian 88(TM) system (copyright 1988, Gaussian, Inc.),
 the Gaussian 86(TM) system (copyright 1986, Carnegie Mellon
 University), and the Gaussian 82(TM) system (copyright 1983,
 Carnegie Mellon University). Gaussian is a federally registered
 trademark of Gaussian, Inc.
  
 This software contains proprietary and confidential information,
 including trade secrets, belonging to Gaussian, Inc.
  
 This software is provided under written license and may be
 used, copied, transmitted, or stored only in accord with that
 written license.
  
 The following legend is applicable only to US Government
 contracts under FAR:
  
                    RESTRICTED RIGHTS LEGEND
  
 Use, reproduction and disclosure by the US Government is
 subject to restrictions as set forth in subparagraphs (a)
 and (c) of the Commercial Computer Software - Restricted
 Rights clause in FAR 52.227-19.
  
 Gaussian, Inc.
 340 Quinnipiac St., Bldg. 40, Wallingford CT 06492
  
  
 ---------------------------------------------------------------
 Warning -- This program may not be used in any manner that
 competes with the business of Gaussian, Inc. or will provide
 assistance to any competitor of Gaussian, Inc.  The licensee
 of this program is prohibited from giving any competitor of
 Gaussian, Inc. access to this program.  By using this program,
 the user acknowledges that Gaussian, Inc. is engaged in the
 business of creating and licensing software in the field of
 computational chemistry and represents and warrants to the
 licensee that it is not a competitor of Gaussian, Inc. and that
 it will not use this program in any manner prohibited above.
 ---------------------------------------------------------------
  

 Cite this work as:
 Gaussian 09, Revision E.01,
 M. J. Frisch, G. W. Trucks, H. B. Schlegel, G. E. Scuseria, 
 M. A. Robb, J. R. Cheeseman, G. Scalmani, V. Barone, B. Mennucci, 
 G. A. Petersson, H. Nakatsuji, M. Caricato, X. Li, H. P. Hratchian, 
 A. F. Izmaylov, J. Bloino, G. Zheng, J. L. Sonnenberg, M. Hada, 
 M. Ehara, K. Toyota, R. Fukuda, J. Hasegawa, M. Ishida, T. Nakajima, 
 Y. Honda, O. Kitao, H. Nakai, T. Vreven, J. A. Montgomery, Jr., 
 J. E. Peralta, F. Ogliaro, M. Bearpark, J. J. Heyd, E. Brothers, 
 K. N. Kudin, V. N. Staroverov, T. Keith, R. Kobayashi, J. Normand, 
 K. Raghavachari, A. Rendell, J. C. Burant, S. S. Iyengar, J. Tomasi, 
 M. Cossi, N. Rega, J. M. Millam, M. Klene, J. E. Knox, J. B. Cross, 
 V. Bakken, C. Adamo, J. Jaramillo, R. Gomperts, R. E. Stratmann, 
 O. Yazyev, A. J. Austin, R. Cammi, C. Pomelli, J. W. Ochterski, 
 R. L. Martin, K. Morokuma, V. G. Zakrzewski, G. A. Voth, 
 P. Salvador, J. J. Dannenberg, S. Dapprich, A. D. Daniels, 
 O. Farkas, J. B. Foresman, J. V. Ortiz, J. Cioslowski, 
 and D. J. Fox, Gaussian, Inc., Wallingford CT, 2013.
 
 ******************************************
 Gaussian 09:  ES64L-G09RevE.01 30-Nov-2015
                17-Feb-2017 
 ******************************************
 %chk=h12.chk
 ----------------------------------------------------------------------
 #rhf/gen scf(symm,tight,novaracc,noincfock,fulldiag) stable(crhf) gues
 s=read geom=nocrowd test
 ----------------------------------------------------------------------
 1/38=1/1;
 2/12=1,17=6,18=5,40=1/2;
 3/5=7,16=1,25=1,30=1,116=1/1,2,3;
 4/5=1,9=4/1;
 5/5=100002,15=2,16=1,32=2,38=6/2;
 8/6=1,10=90,11=11/1,4;
 9/8=4,13=1/2;
 6/7=2,8=2,9=2,10=2,28=1/1;
 99/5=1,9=1/99;
 ----------------------------------------------------------------------
 hf stability analysis of h12 triangular lattice, y= 0.2247478695127229
 1
 ----------------------------------------------------------------------
 Symbolic Z-matrix:
 Charge =  0 Multiplicity = 1
 H
 H                    1     2.57869 
 H                    1     2.57869  2     170. 
 H                    2     2.57869  1     10.      3     0.       0
 H                    2     2.57869  1     180.     3     0.       0
 H                    4     2.57869  3     180.     5     0.       0
 H                    6     2.57869  5     180.     3     0.       0
 H                    4     2.57869  2     180.     3     0.       0
 H                    3     2.57869  1     180.     4     0.       0
 H                    9     2.57869  3     180.     4     0.       0
 H                    8     2.57869  4     180.     3     0.       0
 H                    7     2.57869  6     180.     3     0.       0
 
                          Input orientation:                          
 ---------------------------------------------------------------------
 Center     Atomic      Atomic             Coordinates (Angstroms)
 Number     Number       Type             X           Y           Z
 ---------------------------------------------------------------------
      1          1           0        0.000000    0.000000    0.000000
      2          1           0        0.000000    0.000000    2.578693
      3          1           0        0.447785    0.000000   -2.539516
      4          1           0        0.447785    0.000000    0.039176
      5          1           0        0.000000    0.000000    5.157385
      6          1           0        0.447785    0.000000    2.617869
      7          1           0        0.895571    0.000000    0.078352
      8          1           0        0.895571    0.000000   -2.500340
      9          1           0        0.895571    0.000000   -5.079033
     10          1           0        1.343356    0.000000   -7.618549
     11          1           0        1.343356    0.000000   -5.039857
     12          1           0        1.343356    0.000000   -2.461164
 ---------------------------------------------------------------------
                    Distance matrix (angstroms):
                    1          2          3          4          5
     1  H    0.000000
     2  H    2.578693   0.000000
     3  H    2.578693   5.137760   0.000000
     4  H    0.449496   2.578693   2.578693   0.000000
     5  H    5.157385   2.578693   7.709916   5.137760   0.000000
     6  H    2.655889   0.449496   5.157385   2.578693   2.578693
     7  H    0.898991   2.655889   2.655889   0.449496   5.157385
     8  H    2.655889   5.157385   0.449496   2.578693   7.709916
     9  H    5.157385   7.709916   2.578693   5.137760  10.275519
    10  H    7.736078  10.285346   5.157385   7.709916  12.846365
    11  H    5.215818   7.736078   2.655889   5.157385  10.285346
    12  H    2.803914   5.215818   0.898991   2.655889   7.736078
                    6          7          8          9         10
     6  H    0.000000
     7  H    2.578693   0.000000
     8  H    5.137760   2.578693   0.000000
     9  H    7.709916   5.157385   2.578693   0.000000
    10  H   10.275519   7.709916   5.137760   2.578693   0.000000
    11  H    7.709916   5.137760   2.578693   0.449496   2.578693
    12  H    5.157385   2.578693   0.449496   2.655889   5.157385
                   11         12
    11  H    0.000000
    12  H    2.578693   0.000000
 Stoichiometry    H12
 Framework group  C2H[SGH(H12)]
 Deg. of freedom    11
 Full point group                 C2H     NOp   4
 Largest Abelian subgroup         C2H     NOp   4
 Largest concise Abelian subgroup C2      NOp   2
                         Standard orientation:                         
 ---------------------------------------------------------------------
 Center     Atomic      Atomic             Coordinates (Angstroms)
 Number     Number       Type             X           Y           Z
 ---------------------------------------------------------------------
      1          1           0        0.447785    1.328522    0.000000
      2          1           0        0.000000    3.868039    0.000000
      3          1           0        0.447785   -1.250170    0.000000
      4          1           0        0.000000    1.289346    0.000000
      5          1           0       -0.447785    6.407555    0.000000
      6          1           0       -0.447785    3.828863    0.000000
      7          1           0       -0.447785    1.250170   -0.000000
      8          1           0       -0.000000   -1.289346    0.000000
      9          1           0        0.447785   -3.828863    0.000000
     10          1           0        0.447785   -6.407555    0.000000
     11          1           0       -0.000000   -3.868039    0.000000
     12          1           0       -0.447785   -1.328522    0.000000
 ---------------------------------------------------------------------
 Rotational constants (GHZ):    476.0334414      3.3014649      3.2787257
 General basis read from cards:  (5D, 7F)
 There are     6 symmetry adapted cartesian basis functions of AG  symmetry.
 There are     0 symmetry adapted cartesian basis functions of BG  symmetry.
 There are     0 symmetry adapted cartesian basis functions of AU  symmetry.
 There are     6 symmetry adapted cartesian basis functions of BU  symmetry.
 There are     6 symmetry adapted basis functions of AG  symmetry.
 There are     0 symmetry adapted basis functions of BG  symmetry.
 There are     0 symmetry adapted basis functions of AU  symmetry.
 There are     6 symmetry adapted basis functions of BU  symmetry.
    12 basis functions,   120 primitive gaussians,    12 cartesian basis functions
     6 alpha electrons        6 beta electrons
       nuclear repulsion energy        16.0926379250 Hartrees.
 NAtoms=   12 NActive=   12 NUniq=    6 SFac= 4.00D+00 NAtFMM=   60 NAOKFM=F Big=F
 Integral buffers will be    131072 words long.
 Regular integral format.
 Two-electron integral symmetry is turned on.
 One-electron integrals computed using PRISM.
 NBasis=    12 RedAO= T EigKep=  2.67D-02  NBF=     6     0     0     6
 NBsUse=    12 1.00D-06 EigRej= -1.00D+00 NBFU=     6     0     0     6
 Initial guess from the checkpoint file:  "h12.chk"
 B after Tr=    -0.000000   -0.000000    0.000000
         Rot=    0.979977    0.000000    0.000000    0.199110 Ang=  22.97 deg.
 Initial guess orbital symmetries:
       Occupied  (AG) (BU) (BU) (AG) (AG) (AG)
       Virtual   (BU) (BU) (BU) (AG) (AG) (BU)
 Keep R1 ints in memory in symmetry-blocked form, NReq=888776.
 Requested convergence on RMS density matrix=1.00D-08 within 128 cycles.
 Requested convergence on MAX density matrix=1.00D-06.
 Requested convergence on             energy=1.00D-06.
 No special actions if energy rises.
 SCF Done:  E(RHF) =  -3.99954956881     A.U. after   10 cycles
            NFock= 10  Conv=0.95D-09     -V/T= 1.5740
 Range of M.O.s used for correlation:     1    12
 NBasis=    12 NAE=     6 NBE=     6 NFC=     0 NFV=     0
 NROrb=     12 NOA=     6 NOB=     6 NVA=     6 NVB=     6

 **** Warning!!: The smallest alpha delta epsilon is -0.50007523D-01

 Semi-Direct transformation.
 ModeAB=           4 MOrb=             6 LenV=     134099417
 LASXX=         2181 LTotXX=        2181 LenRXX=        5115
 LTotAB=        2934 MaxLAS=        3024 LenRXY=           0
 NonZer=        7296 LenScr=      655360 LnRSAI=        3024
 LnScr1=      655360 LExtra=           0 Total=      1318859
 MaxDsk=          -1 SrtSym=           T ITran=            3
 JobTyp=0 Pass  1:  I=   1 to   6.
 (rs|ai) integrals will be sorted in core.
 Spin components of T(2) and E(2):
     alpha-alpha T2 =       0.9392688721D-02 E2=     -0.4236698357D-02
     alpha-beta  T2 =       0.1312789127D+02 E2=     -0.1195411869D+01
     beta-beta   T2 =       0.9392688721D-02 E2=     -0.4236698357D-02
 ANorm=    0.3761206807D+01
 E2 =    -0.1203885266D+01 EUMP2 =    -0.52034348347346D+01
 Second order stability test of a single determinant RHF wave function:
 Stabil:  MDV=134217728
 ***********************************************************************
 Matrix         Lowest Root    Major Pairs
 ***********************************************************************
 Internal RHF    -0.1365153    6A=7A
 RRHF --> CRHF   -0.1365207    6A=7A
 RRHF --> RUHF   -0.5868584    5A=7B
 Not stable.
 ***********************************************************************

 **********************************************************************

            Population analysis using the SCF density.

 **********************************************************************

 Orbital symmetries:
       Occupied  (BU) (AG) (BU) (AG) (AG) (AG)
       Virtual   (BU) (BU) (BU) (AG) (AG) (BU)
 The electronic state is 1-AG.
 Alpha  occ. eigenvalues --   -0.95247  -0.94207  -0.73227  -0.73223  -0.20537
 Alpha  occ. eigenvalues --   -0.11418
 Alpha virt. eigenvalues --   -0.16418   0.03025   0.66866   0.66899   1.64004
 Alpha virt. eigenvalues --    1.71749
          Condensed to atoms (all electrons):
               1          2          3          4          5          6
     1  H    1.611334   0.005832  -0.171000   0.124085   0.000003  -0.009463
     2  H    0.005832   0.541811  -0.000133  -0.008260  -0.006818   0.478219
     3  H   -0.171000  -0.000133   1.612231  -0.006613   0.000000   0.000142
     4  H    0.124085  -0.008260  -0.006613   1.557908   0.000020  -0.008438
     5  H    0.000003  -0.006818   0.000000   0.000020   1.012375  -0.006827
     6  H   -0.009463   0.478219   0.000142  -0.008438  -0.006827   0.542944
     7  H   -1.063516  -0.009357   0.153003   0.102419   0.000002   0.005939
     8  H   -0.002587   0.000011   0.102419  -0.004371   0.000000   0.000009
     9  H   -0.000132  -0.000000   0.005939   0.000009  -0.000000   0.000000
    10  H    0.000000  -0.000000   0.000002   0.000000   0.000000  -0.000000
    11  H    0.000124   0.000000  -0.009357   0.000011  -0.000000  -0.000000
    12  H    0.125441   0.000124  -1.063516  -0.002587   0.000000  -0.000132
               7          8          9         10         11         12
     1  H   -1.063516  -0.002587  -0.000132   0.000000   0.000124   0.125441
     2  H   -0.009357   0.000011  -0.000000  -0.000000   0.000000   0.000124
     3  H    0.153003   0.102419   0.005939   0.000002  -0.009357  -1.063516
     4  H    0.102419  -0.004371   0.000009   0.000000   0.000011  -0.002587
     5  H    0.000002   0.000000  -0.000000   0.000000  -0.000000   0.000000
     6  H    0.005939   0.000009   0.000000  -0.000000  -0.000000  -0.000132
     7  H    1.612231  -0.006613   0.000142   0.000000  -0.000133  -0.171000
     8  H   -0.006613   1.557908  -0.008438   0.000020  -0.008260   0.124085
     9  H    0.000142  -0.008438   0.542944  -0.006827   0.478219  -0.009463
    10  H    0.000000   0.000020  -0.006827   1.012375  -0.006818   0.000003
    11  H   -0.000133  -0.008260   0.478219  -0.006818   0.541811   0.005832
    12  H   -0.171000   0.124085  -0.009463   0.000003   0.005832   1.611334
 Mulliken charges:
               1
     1  H    0.379877
     2  H   -0.001429
     3  H    0.376884
     4  H   -0.754184
     5  H    0.001245
     6  H   -0.002394
     7  H    0.376884
     8  H   -0.754184
     9  H   -0.002394
    10  H    0.001245
    11  H   -0.001429
    12  H    0.379877
 Sum of Mulliken charges =  -0.00000
 Mulliken charges with hydrogens summed into heavy atoms:
               1
 Electronic spatial extent (au):  <R**2>=            582.4439
 Charge=             -0.0000 electrons
 Dipole moment (field-independent basis, Debye):
    X=              0.0000    Y=              0.0000    Z=              0.0000  Tot=              0.0000
 Quadrupole moment (field-independent basis, Debye-Ang):
   XX=            -16.1634   YY=            -17.3589   ZZ=            -15.2726
   XY=             -0.0740   XZ=             -0.0000   YZ=             -0.0000
 Traceless Quadrupole moment (field-independent basis, Debye-Ang):
   XX=              0.1016   YY=             -1.0940   ZZ=              0.9924
   XY=             -0.0740   XZ=             -0.0000   YZ=             -0.0000
 Octapole moment (field-independent basis, Debye-Ang**2):
  XXX=              0.0000  YYY=              0.0000  ZZZ=             -0.0000  XYY=              0.0000
  XXY=              0.0000  XXZ=             -0.0000  XZZ=              0.0000  YZZ=              0.0000
  YYZ=             -0.0000  XYZ=              0.0000
 Hexadecapole moment (field-independent basis, Debye-Ang**3):
 XXXX=            -32.6969 YYYY=          -1308.1390 ZZZZ=            -18.4973 XXXY=             35.8084
 XXXZ=             -0.0000 YYYX=             42.2762 YYYZ=             -0.0000 ZZZX=             -0.0000
 ZZZY=             -0.0000 XXYY=           -209.8403 XXZZ=             -8.5024 YYZZ=           -209.3584
 XXYZ=             -0.0000 YYXZ=              0.0000 ZZXY=             12.2390
 N-N= 1.609263792498D+01 E-N=-3.979543684301D+01  KE= 6.968259857346D+00
 Symmetry AG   KE= 4.981948523700D+00
 Symmetry BG   KE= 0.000000000000D+00
 Symmetry AU   KE= 0.000000000000D+00
 Symmetry BU   KE= 1.986311333646D+00

 Test job not archived.
 1\1\GINC-SULU\Stability\RHF\Gen\H12\LCJ1\17-Feb-2017\0\\#rhf/gen scf(s
 ymm,tight,novaracc,noincfock,fulldiag) stable(crhf) guess=read geom=no
 crowd test\\hf stability analysis of h12 triangular lattice, y= 0.2247
 4786951272291\\0,1\H\H,1,2.5786925358\H,1,2.5786925358,2,170.\H,2,2.57
 86925358,1,10.,3,0.,0\H,2,2.5786925358,1,180.,3,0.,0\H,4,2.5786925358,
 3,180.,5,0.,0\H,6,2.5786925358,5,180.,3,0.,0\H,4,2.5786925358,2,180.,3
 ,0.,0\H,3,2.5786925358,1,180.,4,0.,0\H,9,2.5786925358,3,180.,4,0.,0\H,
 8,2.5786925358,4,180.,3,0.,0\H,7,2.5786925358,6,180.,3,0.,0\\Version=E
 S64L-G09RevE.01\State=1-AG\HF=-3.9995496\MP2=-5.2034348\RMSD=9.503e-10
 \Dipole=0.,0.,0.\Quadrupole=0.0298883,0.7378222,-0.7677105,0.,0.203698
 ,0.\PG=C02H [SGH(H12)]\\@


 THERE ARE PEOPLE SO ADDICTED TO EXAGERATING THEY
 CAN'T TELL THE TRUTH WITHOUT LYING. -- FORTUNE COOKIE
 Job cpu time:       0 days  0 hours  0 minutes  0.9 seconds.
 File lengths (MBytes):  RWF=     84 Int=      0 D2E=      0 Chk=      2 Scr=      2
 Normal termination of Gaussian 09 at Fri Feb 17 14:53:52 2017.
