 Entering Gaussian System, Link 0=g09
 AtFile(1): H.gbs
            H     0
            S   10   1.00
               1000.000000000000            0.000068713567
                316.227766000000            0.000169141320
                100.000000000000            0.000823394812
                 31.622776600000            0.003425569236
                 10.000000000000            0.013951996000
                  3.162277660000            0.056909313560
                  1.000000000000            0.198286399900
                  0.316227766000            0.496922426700
                  0.100000000000            0.369846276400
                  0.031622776600            0.003752720039
            ****
 Initial command:
 /projects/guscus/apps/gau/g09-e1/g09/l1.exe "/users/lcj1/gaussian/h12/rhfstability/rect/guess/ag4bu2/Gau-662.inp" -scrdir="/users/lcj1/gaussian/h12/rhfstability/rect/guess/ag4bu2/"
 Entering Link 1 = /projects/guscus/apps/gau/g09-e1/g09/l1.exe PID=       663.
  
 Copyright (c) 1988,1990,1992,1993,1995,1998,2003,2009,2015,
            Gaussian, Inc.  All Rights Reserved.
  
 This is part of the Gaussian(R) 09 program.  It is based on
 the Gaussian(R) 03 system (copyright 2003, Gaussian, Inc.),
 the Gaussian(R) 98 system (copyright 1998, Gaussian, Inc.),
 the Gaussian(R) 94 system (copyright 1995, Gaussian, Inc.),
 the Gaussian 92(TM) system (copyright 1992, Gaussian, Inc.),
 the Gaussian 90(TM) system (copyright 1990, Gaussian, Inc.),
 the Gaussian 88(TM) system (copyright 1988, Gaussian, Inc.),
 the Gaussian 86(TM) system (copyright 1986, Carnegie Mellon
 University), and the Gaussian 82(TM) system (copyright 1983,
 Carnegie Mellon University). Gaussian is a federally registered
 trademark of Gaussian, Inc.
  
 This software contains proprietary and confidential information,
 including trade secrets, belonging to Gaussian, Inc.
  
 This software is provided under written license and may be
 used, copied, transmitted, or stored only in accord with that
 written license.
  
 The following legend is applicable only to US Government
 contracts under FAR:
  
                    RESTRICTED RIGHTS LEGEND
  
 Use, reproduction and disclosure by the US Government is
 subject to restrictions as set forth in subparagraphs (a)
 and (c) of the Commercial Computer Software - Restricted
 Rights clause in FAR 52.227-19.
  
 Gaussian, Inc.
 340 Quinnipiac St., Bldg. 40, Wallingford CT 06492
  
  
 ---------------------------------------------------------------
 Warning -- This program may not be used in any manner that
 competes with the business of Gaussian, Inc. or will provide
 assistance to any competitor of Gaussian, Inc.  The licensee
 of this program is prohibited from giving any competitor of
 Gaussian, Inc. access to this program.  By using this program,
 the user acknowledges that Gaussian, Inc. is engaged in the
 business of creating and licensing software in the field of
 computational chemistry and represents and warrants to the
 licensee that it is not a competitor of Gaussian, Inc. and that
 it will not use this program in any manner prohibited above.
 ---------------------------------------------------------------
  

 Cite this work as:
 Gaussian 09, Revision E.01,
 M. J. Frisch, G. W. Trucks, H. B. Schlegel, G. E. Scuseria, 
 M. A. Robb, J. R. Cheeseman, G. Scalmani, V. Barone, B. Mennucci, 
 G. A. Petersson, H. Nakatsuji, M. Caricato, X. Li, H. P. Hratchian, 
 A. F. Izmaylov, J. Bloino, G. Zheng, J. L. Sonnenberg, M. Hada, 
 M. Ehara, K. Toyota, R. Fukuda, J. Hasegawa, M. Ishida, T. Nakajima, 
 Y. Honda, O. Kitao, H. Nakai, T. Vreven, J. A. Montgomery, Jr., 
 J. E. Peralta, F. Ogliaro, M. Bearpark, J. J. Heyd, E. Brothers, 
 K. N. Kudin, V. N. Staroverov, T. Keith, R. Kobayashi, J. Normand, 
 K. Raghavachari, A. Rendell, J. C. Burant, S. S. Iyengar, J. Tomasi, 
 M. Cossi, N. Rega, J. M. Millam, M. Klene, J. E. Knox, J. B. Cross, 
 V. Bakken, C. Adamo, J. Jaramillo, R. Gomperts, R. E. Stratmann, 
 O. Yazyev, A. J. Austin, R. Cammi, C. Pomelli, J. W. Ochterski, 
 R. L. Martin, K. Morokuma, V. G. Zakrzewski, G. A. Voth, 
 P. Salvador, J. J. Dannenberg, S. Dapprich, A. D. Daniels, 
 O. Farkas, J. B. Foresman, J. V. Ortiz, J. Cioslowski, 
 and D. J. Fox, Gaussian, Inc., Wallingford CT, 2013.
 
 ******************************************
 Gaussian 09:  ES64L-G09RevE.01 30-Nov-2015
                17-Feb-2017 
 ******************************************
 %chk=h12.chk
 ----------------------------------------------------------------------
 #rhf/gen scf(symm,tight,novaracc,noincfock,fulldiag) stable(crhf) gues
 s=read geom=nocrowd test
 ----------------------------------------------------------------------
 1/38=1/1;
 2/12=1,17=6,18=5,40=1/2;
 3/5=7,16=1,25=1,30=1,116=1/1,2,3;
 4/5=1,9=4/1;
 5/5=100002,15=2,16=1,32=2,38=6/2;
 8/6=1,10=90,11=11/1,4;
 9/8=4,13=1/2;
 6/7=2,8=2,9=2,10=2,28=1/1;
 99/5=1,9=1/99;
 ----------------------------------------------------------------------
 hf stability analysis of h12 triangular lattice, y= 0.8713519307064939
 7
 ----------------------------------------------------------------------
 Symbolic Z-matrix:
 Charge =  0 Multiplicity = 1
 H
 H                    1     1.09466 
 H                    1     1.09466  2     74.5 
 H                    2     1.09466  1     105.5    3     0.       0
 H                    2     1.09466  1     180.     3     0.       0
 H                    4     1.09466  3     180.     5     0.       0
 H                    6     1.09466  5     180.     3     0.       0
 H                    4     1.09466  2     180.     3     0.       0
 H                    3     1.09466  1     180.     4     0.       0
 H                    9     1.09466  3     180.     4     0.       0
 H                    8     1.09466  4     180.     3     0.       0
 H                    7     1.09466  6     180.     3     0.       0
 
                          Input orientation:                          
 ---------------------------------------------------------------------
 Center     Atomic      Atomic             Coordinates (Angstroms)
 Number     Number       Type             X           Y           Z
 ---------------------------------------------------------------------
      1          1           0        0.000000    0.000000    0.000000
      2          1           0        0.000000    0.000000    1.094660
      3          1           0        1.054848    0.000000    0.292535
      4          1           0        1.054848    0.000000    1.387196
      5          1           0        0.000000    0.000000    2.189321
      6          1           0        1.054848    0.000000    2.481856
      7          1           0        2.109696    0.000000    2.774391
      8          1           0        2.109696    0.000000    1.679731
      9          1           0        2.109696    0.000000    0.585071
     10          1           0        3.164544    0.000000    0.877606
     11          1           0        3.164544    0.000000    1.972266
     12          1           0        3.164544    0.000000    3.066927
 ---------------------------------------------------------------------
                    Distance matrix (angstroms):
                    1          2          3          4          5
     1  H    0.000000
     2  H    1.094660   0.000000
     3  H    1.094660   1.325183   0.000000
     4  H    1.742704   1.094660   1.094660   0.000000
     5  H    2.189321   1.094660   2.170369   1.325183   0.000000
     6  H    2.696723   1.742704   2.189321   1.094660   1.094660
     7  H    3.485408   2.696723   2.696723   1.742704   2.189321
     8  H    2.696723   2.189321   1.742704   1.094660   2.170369
     9  H    2.189321   2.170369   1.094660   1.325183   2.650366
    10  H    3.283981   3.171980   2.189321   2.170369   3.425630
    11  H    3.728830   3.283981   2.696723   2.189321   3.171980
    12  H    4.406856   3.728830   3.485408   2.696723   3.283981
                    6          7          8          9         10
     6  H    0.000000
     7  H    1.094660   0.000000
     8  H    1.325183   1.094660   0.000000
     9  H    2.170369   2.189321   1.094660   0.000000
    10  H    2.650366   2.170369   1.325183   1.094660   0.000000
    11  H    2.170369   1.325183   1.094660   1.742704   1.094660
    12  H    2.189321   1.094660   1.742704   2.696723   2.189321
                   11         12
    11  H    0.000000
    12  H    1.094660   0.000000
 Stoichiometry    H12
 Framework group  C2H[SGH(H12)]
 Deg. of freedom    11
 Full point group                 C2H     NOp   4
 Largest Abelian subgroup         C2H     NOp   4
 Largest concise Abelian subgroup C2      NOp   2
                         Standard orientation:                         
 ---------------------------------------------------------------------
 Center     Atomic      Atomic             Coordinates (Angstroms)
 Number     Number       Type             X           Y           Z
 ---------------------------------------------------------------------
      1          1           0        1.054848    1.934526    0.000000
      2          1           0        0.000000    1.641991    0.000000
      3          1           0        1.054848    0.839866    0.000000
      4          1           0        0.000000    0.547330    0.000000
      5          1           0       -1.054848    1.349455   -0.000000
      6          1           0       -1.054848    0.254795   -0.000000
      7          1           0       -1.054848   -0.839866    0.000000
      8          1           0       -0.000000   -0.547330    0.000000
      9          1           0        1.054848   -0.254795    0.000000
     10          1           0        1.054848   -1.349455    0.000000
     11          1           0       -0.000000   -1.641991    0.000000
     12          1           0       -1.054848   -1.934526    0.000000
 ---------------------------------------------------------------------
 Rotational constants (GHZ):     60.3246196     26.0525069     18.1947193
 General basis read from cards:  (5D, 7F)
 There are     6 symmetry adapted cartesian basis functions of AG  symmetry.
 There are     0 symmetry adapted cartesian basis functions of BG  symmetry.
 There are     0 symmetry adapted cartesian basis functions of AU  symmetry.
 There are     6 symmetry adapted cartesian basis functions of BU  symmetry.
 There are     6 symmetry adapted basis functions of AG  symmetry.
 There are     0 symmetry adapted basis functions of BG  symmetry.
 There are     0 symmetry adapted basis functions of AU  symmetry.
 There are     6 symmetry adapted basis functions of BU  symmetry.
    12 basis functions,   120 primitive gaussians,    12 cartesian basis functions
     6 alpha electrons        6 beta electrons
       nuclear repulsion energy        20.0118090665 Hartrees.
 NAtoms=   12 NActive=   12 NUniq=    6 SFac= 4.00D+00 NAtFMM=   60 NAOKFM=F Big=F
 Integral buffers will be    131072 words long.
 Regular integral format.
 Two-electron integral symmetry is turned on.
 One-electron integrals computed using PRISM.
 NBasis=    12 RedAO= T EigKep=  1.26D-01  NBF=     6     0     0     6
 NBsUse=    12 1.00D-06 EigRej= -1.00D+00 NBFU=     6     0     0     6
 Initial guess from the checkpoint file:  "h12.chk"
 B after Tr=    -0.000000   -0.000000    0.000000
         Rot=    0.997046   -0.000000    0.000000   -0.076810 Ang=  -8.81 deg.
 Initial guess orbital symmetries:
       Occupied  (AG) (BU) (BU) (AG) (AG) (AG)
       Virtual   (BU) (BU) (BU) (AG) (AG) (BU)
 Keep R1 ints in memory in symmetry-blocked form, NReq=903644.
 Requested convergence on RMS density matrix=1.00D-08 within 128 cycles.
 Requested convergence on MAX density matrix=1.00D-06.
 Requested convergence on             energy=1.00D-06.
 No special actions if energy rises.
 SCF Done:  E(RHF) =  -5.78969805271     A.U. after   10 cycles
            NFock= 10  Conv=0.20D-08     -V/T= 1.8963
 Range of M.O.s used for correlation:     1    12
 NBasis=    12 NAE=     6 NBE=     6 NFC=     0 NFV=     0
 NROrb=     12 NOA=     6 NOB=     6 NVA=     6 NVB=     6
 Semi-Direct transformation.
 ModeAB=           4 MOrb=             6 LenV=     134084479
 LASXX=         2181 LTotXX=        2181 LenRXX=        5115
 LTotAB=        2934 MaxLAS=        3024 LenRXY=           0
 NonZer=        7296 LenScr=      655360 LnRSAI=        3024
 LnScr1=      655360 LExtra=           0 Total=      1318859
 MaxDsk=          -1 SrtSym=           T ITran=            3
 JobTyp=0 Pass  1:  I=   1 to   6.
 (rs|ai) integrals will be sorted in core.
 Spin components of T(2) and E(2):
     alpha-alpha T2 =       0.1125395410D-01 E2=     -0.1380017783D-01
     alpha-beta  T2 =       0.8366337162D-01 E2=     -0.1135435707D+00
     beta-beta   T2 =       0.1125395410D-01 E2=     -0.1380017783D-01
 ANorm=    0.1051746776D+01
 E2 =    -0.1411439263D+00 EUMP2 =    -0.59308419790367D+01
 Second order stability test of a single determinant RHF wave function:
 Stabil:  MDV=134217728
 ***********************************************************************
 Matrix         Lowest Root    Major Pairs
 ***********************************************************************
 Internal RHF    -0.005919     6A=7A
 RRHF --> CRHF   -0.0405947    6A=7A
 RRHF --> RUHF   -0.1275933    6A=7B
 Not stable.
 ***********************************************************************

 **********************************************************************

            Population analysis using the SCF density.

 **********************************************************************

 Orbital symmetries:
       Occupied  (AG) (BU) (BU) (AG) (AG) (AG)
       Virtual   (BU) (BU) (BU) (AG) (AG) (BU)
 The electronic state is 1-AG.
 Alpha  occ. eigenvalues --   -0.92666  -0.75675  -0.63909  -0.50637  -0.39493
 Alpha  occ. eigenvalues --   -0.23360
 Alpha virt. eigenvalues --   -0.00411   0.19468   0.27745   0.39095   0.63992
 Alpha virt. eigenvalues --    0.86939
          Condensed to atoms (all electrons):
               1          2          3          4          5          6
     1  H    0.560255   0.133059   0.283129  -0.084881  -0.017420  -0.015245
     2  H    0.133059   0.979124  -0.160330   0.197767   0.148762  -0.125121
     3  H    0.283129  -0.160330   0.951793  -0.196086  -0.050839   0.024374
     4  H   -0.084881   0.197767  -0.196086   1.424382  -0.231189  -0.248010
     5  H   -0.017420   0.148762  -0.050839  -0.231189   0.956391   0.336160
     6  H   -0.015245  -0.125121   0.024374  -0.248010   0.336160   0.992183
     7  H    0.005438  -0.044662   0.038920  -0.123477  -0.012947   0.306599
     8  H   -0.036751   0.014485  -0.123477   0.712800  -0.120246  -0.260700
     9  H   -0.002378  -0.108786   0.306599  -0.260700   0.018876   0.082336
    10  H   -0.002501   0.000624  -0.012947  -0.120246   0.020106   0.018876
    11  H    0.000812   0.022435  -0.044662   0.014485   0.000624  -0.108786
    12  H    0.002243   0.000812   0.005438  -0.036751  -0.002501  -0.002378
               7          8          9         10         11         12
     1  H    0.005438  -0.036751  -0.002378  -0.002501   0.000812   0.002243
     2  H   -0.044662   0.014485  -0.108786   0.000624   0.022435   0.000812
     3  H    0.038920  -0.123477   0.306599  -0.012947  -0.044662   0.005438
     4  H   -0.123477   0.712800  -0.260700  -0.120246   0.014485  -0.036751
     5  H   -0.012947  -0.120246   0.018876   0.020106   0.000624  -0.002501
     6  H    0.306599  -0.260700   0.082336   0.018876  -0.108786  -0.002378
     7  H    0.951793  -0.196086   0.024374  -0.050839  -0.160330   0.283129
     8  H   -0.196086   1.424382  -0.248010  -0.231189   0.197767  -0.084881
     9  H    0.024374  -0.248010   0.992183   0.336160  -0.125121  -0.015245
    10  H   -0.050839  -0.231189   0.336160   0.956391   0.148762  -0.017420
    11  H   -0.160330   0.197767  -0.125121   0.148762   0.979124   0.133059
    12  H    0.283129  -0.084881  -0.015245  -0.017420   0.133059   0.560255
 Mulliken charges:
               1
     1  H    0.174241
     2  H   -0.058169
     3  H   -0.021913
     4  H   -0.048094
     5  H   -0.045777
     6  H   -0.000288
     7  H   -0.021913
     8  H   -0.048094
     9  H   -0.000288
    10  H   -0.045777
    11  H   -0.058169
    12  H    0.174241
 Sum of Mulliken charges =  -0.00000
 Mulliken charges with hydrogens summed into heavy atoms:
               1
 Electronic spatial extent (au):  <R**2>=            133.8331
 Charge=             -0.0000 electrons
 Dipole moment (field-independent basis, Debye):
    X=             -0.0000    Y=             -0.0000    Z=              0.0000  Tot=              0.0000
 Quadrupole moment (field-independent basis, Debye-Ang):
   XX=            -19.6435   YY=            -12.7934   ZZ=            -15.1945
   XY=              4.6639   XZ=             -0.0000   YZ=             -0.0000
 Traceless Quadrupole moment (field-independent basis, Debye-Ang):
   XX=             -3.7664   YY=              3.0837   ZZ=              0.6826
   XY=              4.6639   XZ=             -0.0000   YZ=             -0.0000
 Octapole moment (field-independent basis, Debye-Ang**2):
  XXX=              0.0000  YYY=              0.0000  ZZZ=             -0.0000  XYY=             -0.0000
  XXY=             -0.0000  XXZ=             -0.0000  XZZ=              0.0000  YZZ=             -0.0000
  YYZ=             -0.0000  XYZ=              0.0000
 Hexadecapole moment (field-independent basis, Debye-Ang**3):
 XXXX=           -109.7774 YYYY=           -148.7942 ZZZZ=            -18.0410 XXXY=             -1.7982
 XXXZ=              0.0000 YYYX=             11.7321 YYYZ=              0.0000 ZZZX=              0.0000
 ZZZY=              0.0000 XXYY=            -40.6826 XXZZ=            -19.5832 YYZZ=            -30.4064
 XXYZ=              0.0000 YYXZ=             -0.0000 ZZXY=             -2.1570
 N-N= 2.001180906649D+01 E-N=-5.114755069355D+01  KE= 6.459344787718D+00
 Symmetry AG   KE= 4.901686660209D+00
 Symmetry BG   KE= 0.000000000000D+00
 Symmetry AU   KE= 0.000000000000D+00
 Symmetry BU   KE= 1.557658127509D+00

 Test job not archived.
 1\1\GINC-SULU\Stability\RHF\Gen\H12\LCJ1\17-Feb-2017\0\\#rhf/gen scf(s
 ymm,tight,novaracc,noincfock,fulldiag) stable(crhf) guess=read geom=no
 crowd test\\hf stability analysis of h12 triangular lattice, y= 0.8713
 5193070649397\\0,1\H\H,1,1.0946604543\H,1,1.0946604543,2,74.5\H,2,1.09
 46604543,1,105.5,3,0.,0\H,2,1.0946604543,1,180.,3,0.,0\H,4,1.094660454
 3,3,180.,5,0.,0\H,6,1.0946604543,5,180.,3,0.,0\H,4,1.0946604543,2,180.
 ,3,0.,0\H,3,1.0946604543,1,180.,4,0.,0\H,9,1.0946604543,3,180.,4,0.,0\
 H,8,1.0946604543,4,180.,3,0.,0\H,7,1.0946604543,6,180.,3,0.,0\\Version
 =ES64L-G09RevE.01\State=1-AG\HF=-5.7896981\MP2=-5.930842\RMSD=1.966e-0
 9\Dipole=0.,0.,0.\Quadrupole=0.1430698,0.5075205,-0.6505903,0.,4.28373
 72,0.\PG=C02H [SGH(H12)]\\@


 SLITHERY-DITHERY
 FRIEDRICH A. KEKULE
 DREAMT ON A BUS OF THINGS
 FREUD WOULD THINK KEEN.
 MOST OF THE TIME THEY WERE
 HERPETOLOGICAL
 BITING THEIR TAILS IN THE
 SHAPE OF BENZENE.
 Job cpu time:       0 days  0 hours  0 minutes  1.1 seconds.
 File lengths (MBytes):  RWF=     84 Int=      0 D2E=      0 Chk=      2 Scr=      2
 Normal termination of Gaussian 09 at Fri Feb 17 15:03:48 2017.
