 Entering Gaussian System, Link 0=g09
 AtFile(1): H.gbs
            H     0
            S   10   1.00
               1000.000000000000            0.000068713567
                316.227766000000            0.000169141320
                100.000000000000            0.000823394812
                 31.622776600000            0.003425569236
                 10.000000000000            0.013951996000
                  3.162277660000            0.056909313560
                  1.000000000000            0.198286399900
                  0.316227766000            0.496922426700
                  0.100000000000            0.369846276400
                  0.031622776600            0.003752720039
            ****
 Initial command:
 /projects/guscus/apps/gau/g09-e1/g09/l1.exe "/users/lcj1/gaussian/h12/rhfstability/rect/guess/ag4bu2/Gau-11700.inp" -scrdir="/users/lcj1/gaussian/h12/rhfstability/rect/guess/ag4bu2/"
 Entering Link 1 = /projects/guscus/apps/gau/g09-e1/g09/l1.exe PID=     11701.
  
 Copyright (c) 1988,1990,1992,1993,1995,1998,2003,2009,2015,
            Gaussian, Inc.  All Rights Reserved.
  
 This is part of the Gaussian(R) 09 program.  It is based on
 the Gaussian(R) 03 system (copyright 2003, Gaussian, Inc.),
 the Gaussian(R) 98 system (copyright 1998, Gaussian, Inc.),
 the Gaussian(R) 94 system (copyright 1995, Gaussian, Inc.),
 the Gaussian 92(TM) system (copyright 1992, Gaussian, Inc.),
 the Gaussian 90(TM) system (copyright 1990, Gaussian, Inc.),
 the Gaussian 88(TM) system (copyright 1988, Gaussian, Inc.),
 the Gaussian 86(TM) system (copyright 1986, Carnegie Mellon
 University), and the Gaussian 82(TM) system (copyright 1983,
 Carnegie Mellon University). Gaussian is a federally registered
 trademark of Gaussian, Inc.
  
 This software contains proprietary and confidential information,
 including trade secrets, belonging to Gaussian, Inc.
  
 This software is provided under written license and may be
 used, copied, transmitted, or stored only in accord with that
 written license.
  
 The following legend is applicable only to US Government
 contracts under FAR:
  
                    RESTRICTED RIGHTS LEGEND
  
 Use, reproduction and disclosure by the US Government is
 subject to restrictions as set forth in subparagraphs (a)
 and (c) of the Commercial Computer Software - Restricted
 Rights clause in FAR 52.227-19.
  
 Gaussian, Inc.
 340 Quinnipiac St., Bldg. 40, Wallingford CT 06492
  
  
 ---------------------------------------------------------------
 Warning -- This program may not be used in any manner that
 competes with the business of Gaussian, Inc. or will provide
 assistance to any competitor of Gaussian, Inc.  The licensee
 of this program is prohibited from giving any competitor of
 Gaussian, Inc. access to this program.  By using this program,
 the user acknowledges that Gaussian, Inc. is engaged in the
 business of creating and licensing software in the field of
 computational chemistry and represents and warrants to the
 licensee that it is not a competitor of Gaussian, Inc. and that
 it will not use this program in any manner prohibited above.
 ---------------------------------------------------------------
  

 Cite this work as:
 Gaussian 09, Revision E.01,
 M. J. Frisch, G. W. Trucks, H. B. Schlegel, G. E. Scuseria, 
 M. A. Robb, J. R. Cheeseman, G. Scalmani, V. Barone, B. Mennucci, 
 G. A. Petersson, H. Nakatsuji, M. Caricato, X. Li, H. P. Hratchian, 
 A. F. Izmaylov, J. Bloino, G. Zheng, J. L. Sonnenberg, M. Hada, 
 M. Ehara, K. Toyota, R. Fukuda, J. Hasegawa, M. Ishida, T. Nakajima, 
 Y. Honda, O. Kitao, H. Nakai, T. Vreven, J. A. Montgomery, Jr., 
 J. E. Peralta, F. Ogliaro, M. Bearpark, J. J. Heyd, E. Brothers, 
 K. N. Kudin, V. N. Staroverov, T. Keith, R. Kobayashi, J. Normand, 
 K. Raghavachari, A. Rendell, J. C. Burant, S. S. Iyengar, J. Tomasi, 
 M. Cossi, N. Rega, J. M. Millam, M. Klene, J. E. Knox, J. B. Cross, 
 V. Bakken, C. Adamo, J. Jaramillo, R. Gomperts, R. E. Stratmann, 
 O. Yazyev, A. J. Austin, R. Cammi, C. Pomelli, J. W. Ochterski, 
 R. L. Martin, K. Morokuma, V. G. Zakrzewski, G. A. Voth, 
 P. Salvador, J. J. Dannenberg, S. Dapprich, A. D. Daniels, 
 O. Farkas, J. B. Foresman, J. V. Ortiz, J. Cioslowski, 
 and D. J. Fox, Gaussian, Inc., Wallingford CT, 2013.
 
 ******************************************
 Gaussian 09:  ES64L-G09RevE.01 30-Nov-2015
                17-Feb-2017 
 ******************************************
 %chk=h12.chk
 ----------------------------------------------------------------------
 #rhf/gen scf(symm,tight,novaracc,noincfock,fulldiag) stable(crhf) gues
 s=read geom=nocrowd test
 ----------------------------------------------------------------------
 1/38=1/1;
 2/12=1,17=6,18=5,40=1/2;
 3/5=7,16=1,25=1,30=1,116=1/1,2,3;
 4/5=1,9=4/1;
 5/5=100002,15=2,16=1,32=2,38=6/2;
 8/6=1,10=90,11=11/1,4;
 9/8=4,13=1/2;
 6/7=2,8=2,9=2,10=2,28=1/1;
 99/5=1,9=1/99;
 ----------------------------------------------------------------------
 hf stability analysis of h12 triangular lattice, y= 0.3066389812720254
 9
 ----------------------------------------------------------------------
 Symbolic Z-matrix:
 Charge =  0 Multiplicity = 1
 H
 H                    1     1.90764 
 H                    1     1.90764  2     161.5 
 H                    2     1.90764  1     18.5     3     0.       0
 H                    2     1.90764  1     180.     3     0.       0
 H                    4     1.90764  3     180.     5     0.       0
 H                    6     1.90764  5     180.     3     0.       0
 H                    4     1.90764  2     180.     3     0.       0
 H                    3     1.90764  1     180.     4     0.       0
 H                    9     1.90764  3     180.     4     0.       0
 H                    8     1.90764  4     180.     3     0.       0
 H                    7     1.90764  6     180.     3     0.       0
 
                          Input orientation:                          
 ---------------------------------------------------------------------
 Center     Atomic      Atomic             Coordinates (Angstroms)
 Number     Number       Type             X           Y           Z
 ---------------------------------------------------------------------
      1          1           0        0.000000    0.000000    0.000000
      2          1           0        0.000000    0.000000    1.907640
      3          1           0        0.605303    0.000000   -1.809060
      4          1           0        0.605303    0.000000    0.098580
      5          1           0        0.000000    0.000000    3.815280
      6          1           0        0.605303    0.000000    2.006220
      7          1           0        1.210606    0.000000    0.197160
      8          1           0        1.210606    0.000000   -1.710480
      9          1           0        1.210606    0.000000   -3.618121
     10          1           0        1.815909    0.000000   -5.427181
     11          1           0        1.815909    0.000000   -3.519541
     12          1           0        1.815909    0.000000   -1.611901
 ---------------------------------------------------------------------
                    Distance matrix (angstroms):
                    1          2          3          4          5
     1  H    0.000000
     2  H    1.907640   0.000000
     3  H    1.907640   3.765668   0.000000
     4  H    0.613278   1.907640   1.907640   0.000000
     5  H    3.815280   1.907640   5.656819   3.765668   0.000000
     6  H    2.095545   0.613278   3.815280   1.907640   1.907640
     7  H    1.226556   2.095545   2.095545   0.613278   3.815280
     8  H    2.095545   3.815280   0.613278   1.907640   5.656819
     9  H    3.815280   5.656819   1.907640   3.765668   7.531336
    10  H    5.722920   7.556264   3.815280   5.656819   9.419162
    11  H    3.960391   5.722920   2.095545   3.815280   7.556264
    12  H    2.428117   3.960391   1.226556   2.095545   5.722920
                    6          7          8          9         10
     6  H    0.000000
     7  H    1.907640   0.000000
     8  H    3.765668   1.907640   0.000000
     9  H    5.656819   3.815280   1.907640   0.000000
    10  H    7.531336   5.656819   3.765668   1.907640   0.000000
    11  H    5.656819   3.765668   1.907640   0.613278   1.907640
    12  H    3.815280   1.907640   0.613278   2.095545   3.815280
                   11         12
    11  H    0.000000
    12  H    1.907640   0.000000
 Stoichiometry    H12
 Framework group  C2H[SGH(H12)]
 Deg. of freedom    11
 Full point group                 C2H     NOp   4
 Largest Abelian subgroup         C2H     NOp   4
 Largest concise Abelian subgroup C2      NOp   2
                         Standard orientation:                         
 ---------------------------------------------------------------------
 Center     Atomic      Atomic             Coordinates (Angstroms)
 Number     Number       Type             X           Y           Z
 ---------------------------------------------------------------------
      1          1           0        0.605303    1.052400    0.000000
      2          1           0        0.000000    2.861460    0.000000
      3          1           0        0.605303   -0.855240    0.000000
      4          1           0        0.000000    0.953820    0.000000
      5          1           0       -0.605303    4.670521   -0.000000
      6          1           0       -0.605303    2.762880   -0.000000
      7          1           0       -0.605303    0.855240    0.000000
      8          1           0       -0.000000   -0.953820   -0.000000
      9          1           0        0.605303   -2.762880   -0.000000
     10          1           0        0.605303   -4.670521   -0.000000
     11          1           0       -0.000000   -2.861460   -0.000000
     12          1           0       -0.605303   -1.052400   -0.000000
 ---------------------------------------------------------------------
 Rotational constants (GHZ):    256.1862384      6.1346297      5.9911653
 General basis read from cards:  (5D, 7F)
 There are     6 symmetry adapted cartesian basis functions of AG  symmetry.
 There are     0 symmetry adapted cartesian basis functions of BG  symmetry.
 There are     0 symmetry adapted cartesian basis functions of AU  symmetry.
 There are     6 symmetry adapted cartesian basis functions of BU  symmetry.
 There are     6 symmetry adapted basis functions of AG  symmetry.
 There are     0 symmetry adapted basis functions of BG  symmetry.
 There are     0 symmetry adapted basis functions of AU  symmetry.
 There are     6 symmetry adapted basis functions of BU  symmetry.
    12 basis functions,   120 primitive gaussians,    12 cartesian basis functions
     6 alpha electrons        6 beta electrons
       nuclear repulsion energy        16.5078467432 Hartrees.
 NAtoms=   12 NActive=   12 NUniq=    6 SFac= 4.00D+00 NAtFMM=   60 NAOKFM=F Big=F
 Integral buffers will be    131072 words long.
 Regular integral format.
 Two-electron integral symmetry is turned on.
 One-electron integrals computed using PRISM.
 NBasis=    12 RedAO= T EigKep=  6.32D-02  NBF=     6     0     0     6
 NBsUse=    12 1.00D-06 EigRej= -1.00D+00 NBFU=     6     0     0     6
 Initial guess from the checkpoint file:  "h12.chk"
 B after Tr=    -0.000000   -0.000000   -0.000000
         Rot=    0.984061   -0.000000    0.000000    0.177830 Ang=  20.49 deg.
 Initial guess orbital symmetries:
       Occupied  (AG) (BU) (BU) (AG) (AG) (AG)
       Virtual   (BU) (BU) (BU) (AG) (AG) (BU)
 Keep R1 ints in memory in symmetry-blocked form, NReq=896490.
 Requested convergence on RMS density matrix=1.00D-08 within 128 cycles.
 Requested convergence on MAX density matrix=1.00D-06.
 Requested convergence on             energy=1.00D-06.
 No special actions if energy rises.
 SCF Done:  E(RHF) =  -5.20122563756     A.U. after   11 cycles
            NFock= 11  Conv=0.23D-08     -V/T= 1.7662
 Range of M.O.s used for correlation:     1    12
 NBasis=    12 NAE=     6 NBE=     6 NFC=     0 NFV=     0
 NROrb=     12 NOA=     6 NOB=     6 NVA=     6 NVB=     6

 **** Warning!!: The smallest alpha delta epsilon is  0.49759605D-01

 Semi-Direct transformation.
 ModeAB=           4 MOrb=             6 LenV=     134091801
 LASXX=         2181 LTotXX=        2181 LenRXX=        5115
 LTotAB=        2934 MaxLAS=        3024 LenRXY=           0
 NonZer=        7296 LenScr=      655360 LnRSAI=        3024
 LnScr1=      655360 LExtra=           0 Total=      1318859
 MaxDsk=          -1 SrtSym=           T ITran=            3
 JobTyp=0 Pass  1:  I=   1 to   6.
 (rs|ai) integrals will be sorted in core.
 Spin components of T(2) and E(2):
     alpha-alpha T2 =       0.2201856967D-01 E2=     -0.6890391291D-02
     alpha-beta  T2 =       0.6661681226D+01 E2=     -0.8454174814D+00
     beta-beta   T2 =       0.2201856967D-01 E2=     -0.6890391291D-02
 ANorm=    0.2775917572D+01
 E2 =    -0.8591982640D+00 EUMP2 =    -0.60604239015360D+01
 Second order stability test of a single determinant RHF wave function:
 Stabil:  MDV=134217728
 ***********************************************************************
 Matrix         Lowest Root    Major Pairs
 ***********************************************************************
 Internal RHF    -0.0761265    6A=7A
 RRHF --> CRHF   -0.1171415    6A=8A
 RRHF --> RUHF   -0.5723504    5A=7B
 Not stable.
 ***********************************************************************

 **********************************************************************

            Population analysis using the SCF density.

 **********************************************************************

 Orbital symmetries:
       Occupied  (AG) (BU) (AG) (BU) (AG) (AG)
       Virtual   (BU) (BU) (BU) (AG) (AG) (BU)
 The electronic state is 1-AG.
 Alpha  occ. eigenvalues --   -0.87191  -0.82079  -0.66758  -0.65865  -0.19156
 Alpha  occ. eigenvalues --   -0.18401
 Alpha virt. eigenvalues --   -0.13425  -0.06630   0.52526   0.53360   1.02594
 Alpha virt. eigenvalues --    1.18246
          Condensed to atoms (all electrons):
               1          2          3          4          5          6
     1  H    1.295978   0.019151  -0.295946   0.267680   0.000147  -0.051221
     2  H    0.019151   0.625219  -0.002728  -0.040699  -0.032117   0.478404
     3  H   -0.295946  -0.002728   1.234411  -0.029885   0.000010   0.003247
     4  H    0.267680  -0.040699  -0.029885   0.980948   0.000365  -0.043211
     5  H    0.000147  -0.032117   0.000010   0.000365   1.073840  -0.032838
     6  H   -0.051221   0.478404   0.003247  -0.043211  -0.032838   0.640741
     7  H   -0.530467  -0.047739   0.209660   0.243132   0.000097   0.020360
     8  H   -0.016388   0.000479   0.243132  -0.028390   0.000027   0.000379
     9  H   -0.002744  -0.000002   0.020360   0.000379  -0.000005   0.000034
    10  H    0.000011  -0.000005   0.000097   0.000027   0.000001  -0.000005
    11  H    0.002532   0.000027  -0.047739   0.000479  -0.000005  -0.000002
    12  H    0.147475   0.002532  -0.530467  -0.016388   0.000011  -0.002744
               7          8          9         10         11         12
     1  H   -0.530467  -0.016388  -0.002744   0.000011   0.002532   0.147475
     2  H   -0.047739   0.000479  -0.000002  -0.000005   0.000027   0.002532
     3  H    0.209660   0.243132   0.020360   0.000097  -0.047739  -0.530467
     4  H    0.243132  -0.028390   0.000379   0.000027   0.000479  -0.016388
     5  H    0.000097   0.000027  -0.000005   0.000001  -0.000005   0.000011
     6  H    0.020360   0.000379   0.000034  -0.000005  -0.000002  -0.002744
     7  H    1.234411  -0.029885   0.003247   0.000010  -0.002728  -0.295946
     8  H   -0.029885   0.980948  -0.043211   0.000365  -0.040699   0.267680
     9  H    0.003247  -0.043211   0.640741  -0.032838   0.478404  -0.051221
    10  H    0.000010   0.000365  -0.032838   1.073840  -0.032117   0.000147
    11  H   -0.002728  -0.040699   0.478404  -0.032117   0.625219   0.019151
    12  H   -0.295946   0.267680  -0.051221   0.000147   0.019151   1.295978
 Mulliken charges:
               1
     1  H    0.163791
     2  H   -0.002523
     3  H    0.195848
     4  H   -0.334437
     5  H   -0.009535
     6  H   -0.013144
     7  H    0.195848
     8  H   -0.334437
     9  H   -0.013144
    10  H   -0.009535
    11  H   -0.002523
    12  H    0.163791
 Sum of Mulliken charges =   0.00000
 Mulliken charges with hydrogens summed into heavy atoms:
               1
 Electronic spatial extent (au):  <R**2>=            338.4724
 Charge=              0.0000 electrons
 Dipole moment (field-independent basis, Debye):
    X=             -0.0000    Y=             -0.0000    Z=              0.0000  Tot=              0.0000
 Quadrupole moment (field-independent basis, Debye-Ang):
   XX=            -14.9301   YY=            -23.2481   ZZ=            -15.0550
   XY=              0.5842   XZ=              0.0000   YZ=             -0.0000
 Traceless Quadrupole moment (field-independent basis, Debye-Ang):
   XX=              2.8143   YY=             -5.5037   ZZ=              2.6894
   XY=              0.5842   XZ=              0.0000   YZ=             -0.0000
 Octapole moment (field-independent basis, Debye-Ang**2):
  XXX=              0.0000  YYY=             -0.0000  ZZZ=              0.0000  XYY=             -0.0000
  XXY=              0.0000  XXZ=              0.0000  XZZ=              0.0000  YZZ=             -0.0000
  YYZ=              0.0000  XYZ=             -0.0000
 Hexadecapole moment (field-independent basis, Debye-Ang**3):
 XXXX=            -39.5577 YYYY=           -839.0228 ZZZZ=            -17.9051 XXXY=             34.3884
 XXXZ=              0.0000 YYYX=             59.0843 YYYZ=             -0.0000 ZZZX=              0.0000
 ZZZY=             -0.0000 XXYY=           -119.4245 XXZZ=             -9.6216 YYZZ=           -114.8273
 XXYZ=             -0.0000 YYXZ=              0.0000 ZZXY=             11.8109
 N-N= 1.650784674316D+01 E-N=-4.341776672382D+01  KE= 6.788606539431D+00
 Symmetry AG   KE= 4.721015112020D+00
 Symmetry BG   KE= 0.000000000000D+00
 Symmetry AU   KE= 0.000000000000D+00
 Symmetry BU   KE= 2.067591427412D+00

 Test job not archived.
 1\1\GINC-SULU\Stability\RHF\Gen\H12\LCJ1\17-Feb-2017\0\\#rhf/gen scf(s
 ymm,tight,novaracc,noincfock,fulldiag) stable(crhf) guess=read geom=no
 crowd test\\hf stability analysis of h12 triangular lattice, y= 0.3066
 3898127202549\\0,1\H\H,1,1.9076401553\H,1,1.9076401553,2,161.5\H,2,1.9
 076401553,1,18.5,3,0.,0\H,2,1.9076401553,1,180.,3,0.,0\H,4,1.907640155
 3,3,180.,5,0.,0\H,6,1.9076401553,5,180.,3,0.,0\H,4,1.9076401553,2,180.
 ,3,0.,0\H,3,1.9076401553,1,180.,4,0.,0\H,9,1.9076401553,3,180.,4,0.,0\
 H,8,1.9076401553,4,180.,3,0.,0\H,7,1.9076401553,6,180.,3,0.,0\\Version
 =ES64L-G09RevE.01\State=1-AG\HF=-5.2012256\MP2=-6.0604239\RMSD=2.294e-
 09\Dipole=0.,0.,0.\Quadrupole=1.7310903,1.9995105,-3.7306008,0.,1.5140
 157,0.\PG=C02H [SGH(H12)]\\@


 ... UNTIL SCIENCE IS MIXED WITH EMOTION AND APPEALS TO THE HEART AND
 IMAGINATION , IT IS LIKE DEAD INORGANIC MATTER; AND WHEN IT IS SO MIXED
 AND SO TRANSFORMED IT IS LITERATURE.

                                  -- JOHN BURROUGHS
 Job cpu time:       0 days  0 hours  0 minutes  1.0 seconds.
 File lengths (MBytes):  RWF=     84 Int=      0 D2E=      0 Chk=      2 Scr=      2
 Normal termination of Gaussian 09 at Fri Feb 17 14:54:41 2017.
