 Entering Gaussian System, Link 0=g09
 AtFile(1): H.gbs
            H     0
            S   10   1.00
               1000.000000000000            0.000068713567
                316.227766000000            0.000169141320
                100.000000000000            0.000823394812
                 31.622776600000            0.003425569236
                 10.000000000000            0.013951996000
                  3.162277660000            0.056909313560
                  1.000000000000            0.198286399900
                  0.316227766000            0.496922426700
                  0.100000000000            0.369846276400
                  0.031622776600            0.003752720039
            ****
 Initial command:
 /projects/guscus/apps/gau/g09-e1/g09/l1.exe "/users/lcj1/gaussian/h12/rhfstability/rect/guess/ag4bu2/Gau-11343.inp" -scrdir="/users/lcj1/gaussian/h12/rhfstability/rect/guess/ag4bu2/"
 Entering Link 1 = /projects/guscus/apps/gau/g09-e1/g09/l1.exe PID=     11344.
  
 Copyright (c) 1988,1990,1992,1993,1995,1998,2003,2009,2015,
            Gaussian, Inc.  All Rights Reserved.
  
 This is part of the Gaussian(R) 09 program.  It is based on
 the Gaussian(R) 03 system (copyright 2003, Gaussian, Inc.),
 the Gaussian(R) 98 system (copyright 1998, Gaussian, Inc.),
 the Gaussian(R) 94 system (copyright 1995, Gaussian, Inc.),
 the Gaussian 92(TM) system (copyright 1992, Gaussian, Inc.),
 the Gaussian 90(TM) system (copyright 1990, Gaussian, Inc.),
 the Gaussian 88(TM) system (copyright 1988, Gaussian, Inc.),
 the Gaussian 86(TM) system (copyright 1986, Carnegie Mellon
 University), and the Gaussian 82(TM) system (copyright 1983,
 Carnegie Mellon University). Gaussian is a federally registered
 trademark of Gaussian, Inc.
  
 This software contains proprietary and confidential information,
 including trade secrets, belonging to Gaussian, Inc.
  
 This software is provided under written license and may be
 used, copied, transmitted, or stored only in accord with that
 written license.
  
 The following legend is applicable only to US Government
 contracts under FAR:
  
                    RESTRICTED RIGHTS LEGEND
  
 Use, reproduction and disclosure by the US Government is
 subject to restrictions as set forth in subparagraphs (a)
 and (c) of the Commercial Computer Software - Restricted
 Rights clause in FAR 52.227-19.
  
 Gaussian, Inc.
 340 Quinnipiac St., Bldg. 40, Wallingford CT 06492
  
  
 ---------------------------------------------------------------
 Warning -- This program may not be used in any manner that
 competes with the business of Gaussian, Inc. or will provide
 assistance to any competitor of Gaussian, Inc.  The licensee
 of this program is prohibited from giving any competitor of
 Gaussian, Inc. access to this program.  By using this program,
 the user acknowledges that Gaussian, Inc. is engaged in the
 business of creating and licensing software in the field of
 computational chemistry and represents and warrants to the
 licensee that it is not a competitor of Gaussian, Inc. and that
 it will not use this program in any manner prohibited above.
 ---------------------------------------------------------------
  

 Cite this work as:
 Gaussian 09, Revision E.01,
 M. J. Frisch, G. W. Trucks, H. B. Schlegel, G. E. Scuseria, 
 M. A. Robb, J. R. Cheeseman, G. Scalmani, V. Barone, B. Mennucci, 
 G. A. Petersson, H. Nakatsuji, M. Caricato, X. Li, H. P. Hratchian, 
 A. F. Izmaylov, J. Bloino, G. Zheng, J. L. Sonnenberg, M. Hada, 
 M. Ehara, K. Toyota, R. Fukuda, J. Hasegawa, M. Ishida, T. Nakajima, 
 Y. Honda, O. Kitao, H. Nakai, T. Vreven, J. A. Montgomery, Jr., 
 J. E. Peralta, F. Ogliaro, M. Bearpark, J. J. Heyd, E. Brothers, 
 K. N. Kudin, V. N. Staroverov, T. Keith, R. Kobayashi, J. Normand, 
 K. Raghavachari, A. Rendell, J. C. Burant, S. S. Iyengar, J. Tomasi, 
 M. Cossi, N. Rega, J. M. Millam, M. Klene, J. E. Knox, J. B. Cross, 
 V. Bakken, C. Adamo, J. Jaramillo, R. Gomperts, R. E. Stratmann, 
 O. Yazyev, A. J. Austin, R. Cammi, C. Pomelli, J. W. Ochterski, 
 R. L. Martin, K. Morokuma, V. G. Zakrzewski, G. A. Voth, 
 P. Salvador, J. J. Dannenberg, S. Dapprich, A. D. Daniels, 
 O. Farkas, J. B. Foresman, J. V. Ortiz, J. Cioslowski, 
 and D. J. Fox, Gaussian, Inc., Wallingford CT, 2013.
 
 ******************************************
 Gaussian 09:  ES64L-G09RevE.01 30-Nov-2015
                17-Feb-2017 
 ******************************************
 %chk=h12.chk
 ----------------------------------------------------------------------
 #rhf/gen scf(symm,tight,novaracc,noincfock,fulldiag) stable(crhf) gues
 s=read geom=nocrowd test
 ----------------------------------------------------------------------
 1/38=1/1;
 2/12=1,17=6,18=5,40=1/2;
 3/5=7,16=1,25=1,30=1,116=1/1,2,3;
 4/5=1,9=4/1;
 5/5=100002,15=2,16=1,32=2,38=6/2;
 8/6=1,10=90,11=11/1,4;
 9/8=4,13=1/2;
 6/7=2,8=2,9=2,10=2,28=1/1;
 99/5=1,9=1/99;
 ----------------------------------------------------------------------
 hf stability analysis of h12 triangular lattice, y= 1.4189643903365978
 ----------------------------------------------------------------------
 Symbolic Z-matrix:
 Charge =  0 Multiplicity = 1
 H
 H                    1     1.47615 
 H                    1     1.47615  2     32. 
 H                    2     1.47615  1     148.     3     0.       0
 H                    2     1.47615  1     180.     3     0.       0
 H                    4     1.47615  3     180.     5     0.       0
 H                    6     1.47615  5     180.     3     0.       0
 H                    4     1.47615  2     180.     3     0.       0
 H                    3     1.47615  1     180.     4     0.       0
 H                    9     1.47615  3     180.     4     0.       0
 H                    8     1.47615  4     180.     3     0.       0
 H                    7     1.47615  6     180.     3     0.       0
 
                          Input orientation:                          
 ---------------------------------------------------------------------
 Center     Atomic      Atomic             Coordinates (Angstroms)
 Number     Number       Type             X           Y           Z
 ---------------------------------------------------------------------
      1          1           0        0.000000    0.000000    0.000000
      2          1           0        0.000000    0.000000    1.476148
      3          1           0        0.782239    0.000000    1.251844
      4          1           0        0.782239    0.000000    2.727992
      5          1           0        0.000000    0.000000    2.952296
      6          1           0        0.782239    0.000000    4.204140
      7          1           0        1.564478    0.000000    5.455984
      8          1           0        1.564478    0.000000    3.979837
      9          1           0        1.564478    0.000000    2.503689
     10          1           0        2.346718    0.000000    3.755533
     11          1           0        2.346718    0.000000    5.231681
     12          1           0        2.346718    0.000000    6.707829
 ---------------------------------------------------------------------
                    Distance matrix (angstroms):
                    1          2          3          4          5
     1  H    0.000000
     2  H    1.476148   0.000000
     3  H    1.476148   0.813763   0.000000
     4  H    2.837929   1.476148   1.476148   0.000000
     5  H    2.952296   1.476148   1.871746   0.813763   0.000000
     6  H    4.276294   2.837929   2.952296   1.476148   1.476148
     7  H    5.675858   4.276294   4.276294   2.837929   2.952296
     8  H    4.276294   2.952296   2.837929   1.476148   1.871746
     9  H    2.952296   1.871746   1.476148   0.813763   1.627526
    10  H    4.428444   3.271495   2.952296   1.871746   2.480378
    11  H    5.733896   4.428444   4.276294   2.952296   3.271495
    12  H    7.106479   5.733896   5.675858   4.276294   4.428444
                    6          7          8          9         10
     6  H    0.000000
     7  H    1.476148   0.000000
     8  H    0.813763   1.476148   0.000000
     9  H    1.871746   2.952296   1.476148   0.000000
    10  H    1.627526   1.871746   0.813763   1.476148   0.000000
    11  H    1.871746   0.813763   1.476148   2.837929   1.476148
    12  H    2.952296   1.476148   2.837929   4.276294   2.952296
                   11         12
    11  H    0.000000
    12  H    1.476148   0.000000
 Stoichiometry    H12
 Framework group  C2H[SGH(H12)]
 Deg. of freedom    11
 Full point group                 C2H     NOp   4
 Largest Abelian subgroup         C2H     NOp   4
 Largest concise Abelian subgroup C2      NOp   2
                         Standard orientation:                         
 ---------------------------------------------------------------------
 Center     Atomic      Atomic             Coordinates (Angstroms)
 Number     Number       Type             X           Y           Z
 ---------------------------------------------------------------------
      1          1           0        0.782239    3.466066   -0.000000
      2          1           0        0.000000    2.214222   -0.000000
      3          1           0        0.782239    1.989918   -0.000000
      4          1           0        0.000000    0.738074   -0.000000
      5          1           0       -0.782239    0.962377   -0.000000
      6          1           0       -0.782239   -0.513770    0.000000
      7          1           0       -0.782239   -1.989918   -0.000000
      8          1           0       -0.000000   -0.738074   -0.000000
      9          1           0        0.782239    0.513770   -0.000000
     10          1           0        0.782239   -0.962377   -0.000000
     11          1           0       -0.000000   -2.214222   -0.000000
     12          1           0       -0.782239   -3.466066   -0.000000
 ---------------------------------------------------------------------
 Rotational constants (GHZ):    146.3322785     10.7399903     10.0056316
 General basis read from cards:  (5D, 7F)
 There are     6 symmetry adapted cartesian basis functions of AG  symmetry.
 There are     0 symmetry adapted cartesian basis functions of BG  symmetry.
 There are     0 symmetry adapted cartesian basis functions of AU  symmetry.
 There are     6 symmetry adapted cartesian basis functions of BU  symmetry.
 There are     6 symmetry adapted basis functions of AG  symmetry.
 There are     0 symmetry adapted basis functions of BG  symmetry.
 There are     0 symmetry adapted basis functions of AU  symmetry.
 There are     6 symmetry adapted basis functions of BU  symmetry.
    12 basis functions,   120 primitive gaussians,    12 cartesian basis functions
     6 alpha electrons        6 beta electrons
       nuclear repulsion energy        17.7435640583 Hartrees.
 NAtoms=   12 NActive=   12 NUniq=    6 SFac= 4.00D+00 NAtFMM=   60 NAOKFM=F Big=F
 Integral buffers will be    131072 words long.
 Regular integral format.
 Two-electron integral symmetry is turned on.
 One-electron integrals computed using PRISM.
 NBasis=    12 RedAO= T EigKep=  1.21D-01  NBF=     6     0     0     6
 NBsUse=    12 1.00D-06 EigRej= -1.00D+00 NBFU=     6     0     0     6
 Initial guess from the checkpoint file:  "h12.chk"
 B after Tr=    -0.000000    0.000000   -0.000000
         Rot=    0.980957   -0.000000   -0.000000   -0.194227 Ang= -22.40 deg.
 Initial guess orbital symmetries:
       Occupied  (AG) (BU) (BU) (AG) (AG) (AG)
       Virtual   (BU) (BU) (BU) (AG) (AG) (BU)
 Keep R1 ints in memory in symmetry-blocked form, NReq=898716.
 Requested convergence on RMS density matrix=1.00D-08 within 128 cycles.
 Requested convergence on MAX density matrix=1.00D-06.
 Requested convergence on             energy=1.00D-06.
 No special actions if energy rises.
 SCF Done:  E(RHF) =  -5.37988742712     A.U. after   17 cycles
            NFock= 17  Conv=0.44D-08     -V/T= 1.7764
 Range of M.O.s used for correlation:     1    12
 NBasis=    12 NAE=     6 NBE=     6 NFC=     0 NFV=     0
 NROrb=     12 NOA=     6 NOB=     6 NVA=     6 NVB=     6

 **** Warning!!: The smallest alpha delta epsilon is -0.89898627D-01

 Semi-Direct transformation.
 ModeAB=           4 MOrb=             6 LenV=     134089267
 LASXX=         2181 LTotXX=        2181 LenRXX=        5115
 LTotAB=        2934 MaxLAS=        3024 LenRXY=           0
 NonZer=        7296 LenScr=      655360 LnRSAI=        3024
 LnScr1=      655360 LExtra=           0 Total=      1318859
 MaxDsk=          -1 SrtSym=           T ITran=            3
 JobTyp=0 Pass  1:  I=   1 to   6.
 (rs|ai) integrals will be sorted in core.
 Spin components of T(2) and E(2):
     alpha-alpha T2 =       0.5798151362D-01 E2=     -0.1530059527D-01
     alpha-beta  T2 =       0.3744066449D+02 E2=     -0.8353202645D+00
     beta-beta   T2 =       0.5798151362D-01 E2=     -0.1530059527D-01
 ANorm=    0.6209398322D+01
 E2 =    -0.8659214551D+00 EUMP2 =    -0.62458088821688D+01
 Second order stability test of a single determinant RHF wave function:
 Stabil:  MDV=134217728
 ***********************************************************************
 Matrix         Lowest Root    Major Pairs
 ***********************************************************************
 Internal RHF    -0.2516461    6A=7A
 RRHF --> CRHF   -0.2597936    6A=7A
 RRHF --> RUHF   -0.4999364    6A=8B 6A=7B
 Not stable.
 ***********************************************************************

 **********************************************************************

            Population analysis using the SCF density.

 **********************************************************************

 Orbital symmetries:
       Occupied  (AG) (BU) (AG) (BU) (AG) (AG)
       Virtual   (BU) (BU) (BU) (AG) (AG) (BU)
 The electronic state is 1-AG.
 Alpha  occ. eigenvalues --   -0.91186  -0.78168  -0.60560  -0.52108  -0.26980
 Alpha  occ. eigenvalues --   -0.12058
 Alpha virt. eigenvalues --   -0.21048  -0.01983   0.38846   0.43933   0.54967
 Alpha virt. eigenvalues --    0.75652
          Condensed to atoms (all electrons):
               1          2          3          4          5          6
     1  H    1.298030  -0.074725  -0.086082  -0.005583  -0.003929   0.000732
     2  H   -0.074725   0.722070   0.444970  -0.094519   0.030965  -0.025547
     3  H   -0.086082   0.444970   0.908053  -0.127019  -0.144266   0.012940
     4  H   -0.005583  -0.094519  -0.127019   0.979173   0.406312  -0.037583
     5  H   -0.003929   0.030965  -0.144266   0.406312   1.306821  -0.379055
     6  H    0.000732  -0.025547   0.012940  -0.037583  -0.379055   0.939382
     7  H   -0.000326   0.000534   0.002168  -0.000344  -0.015006   0.066006
     8  H    0.001586   0.000178  -0.000344  -0.100171  -0.067417   0.232674
     9  H    0.001420  -0.090841   0.066006   0.232674  -0.232851   0.199867
    10  H    0.000998   0.014048  -0.015006  -0.067417   0.086993  -0.232851
    11  H   -0.000251   0.001510   0.000534   0.000178   0.014048  -0.090841
    12  H    0.000067  -0.000251  -0.000326   0.001586   0.000998   0.001420
               7          8          9         10         11         12
     1  H   -0.000326   0.001586   0.001420   0.000998  -0.000251   0.000067
     2  H    0.000534   0.000178  -0.090841   0.014048   0.001510  -0.000251
     3  H    0.002168  -0.000344   0.066006  -0.015006   0.000534  -0.000326
     4  H   -0.000344  -0.100171   0.232674  -0.067417   0.000178   0.001586
     5  H   -0.015006  -0.067417  -0.232851   0.086993   0.014048   0.000998
     6  H    0.066006   0.232674   0.199867  -0.232851  -0.090841   0.001420
     7  H    0.908053  -0.127019   0.012940  -0.144266   0.444970  -0.086082
     8  H   -0.127019   0.979173  -0.037583   0.406312  -0.094519  -0.005583
     9  H    0.012940  -0.037583   0.939382  -0.379055  -0.025547   0.000732
    10  H   -0.144266   0.406312  -0.379055   1.306821   0.030965  -0.003929
    11  H    0.444970  -0.094519  -0.025547   0.030965   0.722070  -0.074725
    12  H   -0.086082  -0.005583   0.000732  -0.003929  -0.074725   1.298030
 Mulliken charges:
               1
     1  H   -0.131936
     2  H    0.071608
     3  H   -0.061628
     4  H   -0.187287
     5  H   -0.003612
     6  H    0.312855
     7  H   -0.061628
     8  H   -0.187287
     9  H    0.312855
    10  H   -0.003612
    11  H    0.071608
    12  H   -0.131936
 Sum of Mulliken charges =  -0.00000
 Mulliken charges with hydrogens summed into heavy atoms:
               1
 Electronic spatial extent (au):  <R**2>=            227.9994
 Charge=             -0.0000 electrons
 Dipole moment (field-independent basis, Debye):
    X=              0.0000    Y=             -0.0000    Z=              0.0000  Tot=              0.0000
 Quadrupole moment (field-independent basis, Debye-Ang):
   XX=            -14.5743   YY=            -36.5567   ZZ=            -14.8124
   XY=             -4.1877   XZ=              0.0000   YZ=              0.0000
 Traceless Quadrupole moment (field-independent basis, Debye-Ang):
   XX=              7.4068   YY=            -14.5756   ZZ=              7.1688
   XY=             -4.1877   XZ=              0.0000   YZ=              0.0000
 Octapole moment (field-independent basis, Debye-Ang**2):
  XXX=              0.0000  YYY=             -0.0000  ZZZ=              0.0000  XYY=             -0.0000
  XXY=             -0.0000  XXZ=              0.0000  XZZ=              0.0000  YZZ=             -0.0000
  YYZ=              0.0000  XYZ=              0.0000
 Hexadecapole moment (field-independent basis, Debye-Ang**3):
 XXXX=            -53.0222 YYYY=           -672.7582 ZZZZ=            -17.3461 XXXY=            -36.4733
 XXXZ=              0.0000 YYYX=           -101.9110 YYYZ=              0.0000 ZZZX=              0.0000
 ZZZY=              0.0000 XXYY=            -92.9871 XXZZ=            -11.8533 YYZZ=            -70.3965
 XXYZ=              0.0000 YYXZ=              0.0000 ZZXY=            -11.4892
 N-N= 1.774356405829D+01 E-N=-4.675479991629D+01  KE= 6.929096224166D+00
 Symmetry AG   KE= 4.767093678292D+00
 Symmetry BG   KE= 0.000000000000D+00
 Symmetry AU   KE= 0.000000000000D+00
 Symmetry BU   KE= 2.162002545873D+00

 Test job not archived.
 1\1\GINC-SULU\Stability\RHF\Gen\H12\LCJ1\17-Feb-2017\0\\#rhf/gen scf(s
 ymm,tight,novaracc,noincfock,fulldiag) stable(crhf) guess=read geom=no
 crowd test\\hf stability analysis of h12 triangular lattice, y= 1.4189
 643903365978\\0,1\H\H,1,1.4761478396\H,1,1.4761478396,2,32.\H,2,1.4761
 478396,1,148.,3,0.,0\H,2,1.4761478396,1,180.,3,0.,0\H,4,1.4761478396,3
 ,180.,5,0.,0\H,6,1.4761478396,5,180.,3,0.,0\H,4,1.4761478396,2,180.,3,
 0.,0\H,3,1.4761478396,1,180.,4,0.,0\H,9,1.4761478396,3,180.,4,0.,0\H,8
 ,1.4761478396,4,180.,3,0.,0\H,7,1.4761478396,6,180.,3,0.,0\\Version=ES
 64L-G09RevE.01\State=1-AG\HF=-5.3798874\MP2=-6.2458089\RMSD=4.442e-09\
 Dipole=0.,0.,0.\Quadrupole=3.71565,5.3298186,-9.0454687,0.,-5.9798198,
 0.\PG=C02H [SGH(H12)]\\@


 CHRISTMAS IS ON TOP OF A STEEP HILL.
 THE CLOSER YOU GET, THE STEEPER THE HILL IS.
          -- LINUS, OF PEANUTS
 Job cpu time:       0 days  0 hours  0 minutes  1.1 seconds.
 File lengths (MBytes):  RWF=     84 Int=      0 D2E=      0 Chk=      2 Scr=      2
 Normal termination of Gaussian 09 at Fri Feb 17 15:08:13 2017.
