 Entering Gaussian System, Link 0=g09
 AtFile(1): H.gbs
            H     0
            S   10   1.00
               1000.000000000000            0.000068713567
                316.227766000000            0.000169141320
                100.000000000000            0.000823394812
                 31.622776600000            0.003425569236
                 10.000000000000            0.013951996000
                  3.162277660000            0.056909313560
                  1.000000000000            0.198286399900
                  0.316227766000            0.496922426700
                  0.100000000000            0.369846276400
                  0.031622776600            0.003752720039
            ****
 Initial command:
 /projects/guscus/apps/gau/g09-e1/g09/l1.exe "/users/lcj1/gaussian/h12/rhfstability/rect/guess/ag4bu2/Gau-12076.inp" -scrdir="/users/lcj1/gaussian/h12/rhfstability/rect/guess/ag4bu2/"
 Entering Link 1 = /projects/guscus/apps/gau/g09-e1/g09/l1.exe PID=     12077.
  
 Copyright (c) 1988,1990,1992,1993,1995,1998,2003,2009,2015,
            Gaussian, Inc.  All Rights Reserved.
  
 This is part of the Gaussian(R) 09 program.  It is based on
 the Gaussian(R) 03 system (copyright 2003, Gaussian, Inc.),
 the Gaussian(R) 98 system (copyright 1998, Gaussian, Inc.),
 the Gaussian(R) 94 system (copyright 1995, Gaussian, Inc.),
 the Gaussian 92(TM) system (copyright 1992, Gaussian, Inc.),
 the Gaussian 90(TM) system (copyright 1990, Gaussian, Inc.),
 the Gaussian 88(TM) system (copyright 1988, Gaussian, Inc.),
 the Gaussian 86(TM) system (copyright 1986, Carnegie Mellon
 University), and the Gaussian 82(TM) system (copyright 1983,
 Carnegie Mellon University). Gaussian is a federally registered
 trademark of Gaussian, Inc.
  
 This software contains proprietary and confidential information,
 including trade secrets, belonging to Gaussian, Inc.
  
 This software is provided under written license and may be
 used, copied, transmitted, or stored only in accord with that
 written license.
  
 The following legend is applicable only to US Government
 contracts under FAR:
  
                    RESTRICTED RIGHTS LEGEND
  
 Use, reproduction and disclosure by the US Government is
 subject to restrictions as set forth in subparagraphs (a)
 and (c) of the Commercial Computer Software - Restricted
 Rights clause in FAR 52.227-19.
  
 Gaussian, Inc.
 340 Quinnipiac St., Bldg. 40, Wallingford CT 06492
  
  
 ---------------------------------------------------------------
 Warning -- This program may not be used in any manner that
 competes with the business of Gaussian, Inc. or will provide
 assistance to any competitor of Gaussian, Inc.  The licensee
 of this program is prohibited from giving any competitor of
 Gaussian, Inc. access to this program.  By using this program,
 the user acknowledges that Gaussian, Inc. is engaged in the
 business of creating and licensing software in the field of
 computational chemistry and represents and warrants to the
 licensee that it is not a competitor of Gaussian, Inc. and that
 it will not use this program in any manner prohibited above.
 ---------------------------------------------------------------
  

 Cite this work as:
 Gaussian 09, Revision E.01,
 M. J. Frisch, G. W. Trucks, H. B. Schlegel, G. E. Scuseria, 
 M. A. Robb, J. R. Cheeseman, G. Scalmani, V. Barone, B. Mennucci, 
 G. A. Petersson, H. Nakatsuji, M. Caricato, X. Li, H. P. Hratchian, 
 A. F. Izmaylov, J. Bloino, G. Zheng, J. L. Sonnenberg, M. Hada, 
 M. Ehara, K. Toyota, R. Fukuda, J. Hasegawa, M. Ishida, T. Nakajima, 
 Y. Honda, O. Kitao, H. Nakai, T. Vreven, J. A. Montgomery, Jr., 
 J. E. Peralta, F. Ogliaro, M. Bearpark, J. J. Heyd, E. Brothers, 
 K. N. Kudin, V. N. Staroverov, T. Keith, R. Kobayashi, J. Normand, 
 K. Raghavachari, A. Rendell, J. C. Burant, S. S. Iyengar, J. Tomasi, 
 M. Cossi, N. Rega, J. M. Millam, M. Klene, J. E. Knox, J. B. Cross, 
 V. Bakken, C. Adamo, J. Jaramillo, R. Gomperts, R. E. Stratmann, 
 O. Yazyev, A. J. Austin, R. Cammi, C. Pomelli, J. W. Ochterski, 
 R. L. Martin, K. Morokuma, V. G. Zakrzewski, G. A. Voth, 
 P. Salvador, J. J. Dannenberg, S. Dapprich, A. D. Daniels, 
 O. Farkas, J. B. Foresman, J. V. Ortiz, J. Cioslowski, 
 and D. J. Fox, Gaussian, Inc., Wallingford CT, 2013.
 
 ******************************************
 Gaussian 09:  ES64L-G09RevE.01 30-Nov-2015
                17-Feb-2017 
 ******************************************
 %chk=h12.chk
 ----------------------------------------------------------------------
 #rhf/gen scf(symm,tight,novaracc,noincfock,fulldiag) stable(crhf) gues
 s=read geom=nocrowd test
 ----------------------------------------------------------------------
 1/38=1/1;
 2/12=1,17=6,18=5,40=1/2;
 3/5=7,16=1,25=1,30=1,116=1/1,2,3;
 4/5=1,9=4/1;
 5/5=100002,15=2,16=1,32=2,38=6/2;
 8/6=1,10=90,11=11/1,4;
 9/8=4,13=1/2;
 6/7=2,8=2,9=2,10=2,28=1/1;
 99/5=1,9=1/99;
 ----------------------------------------------------------------------
 hf stability analysis of h12 triangular lattice, y= 1.4941379400594756
 ----------------------------------------------------------------------
 Symbolic Z-matrix:
 Charge =  0 Multiplicity = 1
 H
 H                    1     1.5433 
 H                    1     1.5433   2     29. 
 H                    2     1.5433   1     151.     3     0.       0
 H                    2     1.5433   1     180.     3     0.       0
 H                    4     1.5433   3     180.     5     0.       0
 H                    6     1.5433   5     180.     3     0.       0
 H                    4     1.5433   2     180.     3     0.       0
 H                    3     1.5433   1     180.     4     0.       0
 H                    9     1.5433   3     180.     4     0.       0
 H                    8     1.5433   4     180.     3     0.       0
 H                    7     1.5433   6     180.     3     0.       0
 
                          Input orientation:                          
 ---------------------------------------------------------------------
 Center     Atomic      Atomic             Coordinates (Angstroms)
 Number     Number       Type             X           Y           Z
 ---------------------------------------------------------------------
      1          1           0        0.000000    0.000000    0.000000
      2          1           0        0.000000    0.000000    1.543296
      3          1           0        0.748205    0.000000    1.349797
      4          1           0        0.748205    0.000000    2.893092
      5          1           0        0.000000    0.000000    3.086591
      6          1           0        0.748205    0.000000    4.436388
      7          1           0        1.496409    0.000000    5.786184
      8          1           0        1.496409    0.000000    4.242889
      9          1           0        1.496409    0.000000    2.699593
     10          1           0        2.244614    0.000000    4.049390
     11          1           0        2.244614    0.000000    5.592686
     12          1           0        2.244614    0.000000    7.135981
 ---------------------------------------------------------------------
                    Distance matrix (angstroms):
                    1          2          3          4          5
     1  H    0.000000
     2  H    1.543296   0.000000
     3  H    1.543296   0.772821   0.000000
     4  H    2.988276   1.543296   1.543296   0.000000
     5  H    3.086591   1.543296   1.891101   0.772821   0.000000
     6  H    4.499038   2.988276   3.086591   1.543296   1.543296
     7  H    5.976552   4.499038   4.499038   2.988276   3.086591
     8  H    4.499038   3.086591   2.988276   1.543296   1.891101
     9  H    3.086591   1.891101   1.543296   0.772821   1.545641
    10  H    4.629887   3.364342   3.086591   1.891101   2.442391
    11  H    6.026311   4.629887   4.499038   3.086591   3.364342
    12  H    7.480676   6.026311   5.976552   4.499038   4.629887
                    6          7          8          9         10
     6  H    0.000000
     7  H    1.543296   0.000000
     8  H    0.772821   1.543296   0.000000
     9  H    1.891101   3.086591   1.543296   0.000000
    10  H    1.545641   1.891101   0.772821   1.543296   0.000000
    11  H    1.891101   0.772821   1.543296   2.988276   1.543296
    12  H    3.086591   1.543296   2.988276   4.499038   3.086591
                   11         12
    11  H    0.000000
    12  H    1.543296   0.000000
 Stoichiometry    H12
 Framework group  C2H[SGH(H12)]
 Deg. of freedom    11
 Full point group                 C2H     NOp   4
 Largest Abelian subgroup         C2H     NOp   4
 Largest concise Abelian subgroup C2      NOp   2
                         Standard orientation:                         
 ---------------------------------------------------------------------
 Center     Atomic      Atomic             Coordinates (Angstroms)
 Number     Number       Type             X           Y           Z
 ---------------------------------------------------------------------
      1          1           0        0.748205    3.664740   -0.000000
      2          1           0        0.000000    2.314943   -0.000000
      3          1           0        0.748205    2.121444   -0.000000
      4          1           0        0.000000    0.771648   -0.000000
      5          1           0       -0.748205    0.965147   -0.000000
      6          1           0       -0.748205   -0.578149    0.000000
      7          1           0       -0.748205   -2.121444   -0.000000
      8          1           0       -0.000000   -0.771648   -0.000000
      9          1           0        0.748205    0.578149    0.000000
     10          1           0        0.748205   -0.965147   -0.000000
     11          1           0       -0.000000   -2.314943   -0.000000
     12          1           0       -0.748205   -3.664740   -0.000000
 ---------------------------------------------------------------------
 Rotational constants (GHZ):    161.9850536      9.7021741      9.1538970
 General basis read from cards:  (5D, 7F)
 There are     6 symmetry adapted cartesian basis functions of AG  symmetry.
 There are     0 symmetry adapted cartesian basis functions of BG  symmetry.
 There are     0 symmetry adapted cartesian basis functions of AU  symmetry.
 There are     6 symmetry adapted cartesian basis functions of BU  symmetry.
 There are     6 symmetry adapted basis functions of AG  symmetry.
 There are     0 symmetry adapted basis functions of BG  symmetry.
 There are     0 symmetry adapted basis functions of AU  symmetry.
 There are     6 symmetry adapted basis functions of BU  symmetry.
    12 basis functions,   120 primitive gaussians,    12 cartesian basis functions
     6 alpha electrons        6 beta electrons
       nuclear repulsion energy        17.4788736810 Hartrees.
 NAtoms=   12 NActive=   12 NUniq=    6 SFac= 4.00D+00 NAtFMM=   60 NAOKFM=F Big=F
 Integral buffers will be    131072 words long.
 Regular integral format.
 Two-electron integral symmetry is turned on.
 One-electron integrals computed using PRISM.
 NBasis=    12 RedAO= T EigKep=  1.09D-01  NBF=     6     0     0     6
 NBsUse=    12 1.00D-06 EigRej= -1.00D+00 NBFU=     6     0     0     6
 Initial guess from the checkpoint file:  "h12.chk"
 B after Tr=    -0.000000    0.000000   -0.000000
         Rot=    0.979484   -0.000000    0.000000   -0.201520 Ang= -23.25 deg.
 Initial guess orbital symmetries:
       Occupied  (AG) (BU) (BU) (AG) (AG) (AG)
       Virtual   (BU) (BU) (BU) (AG) (AG) (BU)
 Keep R1 ints in memory in symmetry-blocked form, NReq=897974.
 Requested convergence on RMS density matrix=1.00D-08 within 128 cycles.
 Requested convergence on MAX density matrix=1.00D-06.
 Requested convergence on             energy=1.00D-06.
 No special actions if energy rises.
 SCF Done:  E(RHF) =  -5.40540967415     A.U. after   15 cycles
            NFock= 15  Conv=0.36D-08     -V/T= 1.7812
 Range of M.O.s used for correlation:     1    12
 NBasis=    12 NAE=     6 NBE=     6 NFC=     0 NFV=     0
 NROrb=     12 NOA=     6 NOB=     6 NVA=     6 NVB=     6

 **** Warning!!: The smallest alpha delta epsilon is -0.41925986D-01

 Semi-Direct transformation.
 ModeAB=           4 MOrb=             6 LenV=     134089687
 LASXX=         2181 LTotXX=        2181 LenRXX=        5115
 LTotAB=        2934 MaxLAS=        3024 LenRXY=           0
 NonZer=        7296 LenScr=      655360 LnRSAI=        3024
 LnScr1=      655360 LExtra=           0 Total=      1318859
 MaxDsk=          -1 SrtSym=           T ITran=            3
 JobTyp=0 Pass  1:  I=   1 to   6.
 (rs|ai) integrals will be sorted in core.
 Spin components of T(2) and E(2):
     alpha-alpha T2 =       0.5403033429D-01 E2=     -0.1336818442D-01
     alpha-beta  T2 =       0.4065751973D+01 E2=     -0.5880366415D+00
     beta-beta   T2 =       0.5403033429D-01 E2=     -0.1336818442D-01
 ANorm=    0.2274601645D+01
 E2 =    -0.6147730104D+00 EUMP2 =    -0.60201826845097D+01
 Second order stability test of a single determinant RHF wave function:
 Stabil:  MDV=134217728
 ***********************************************************************
 Matrix         Lowest Root    Major Pairs
 ***********************************************************************
 Internal RHF    -0.1971101    6A=7A
 RRHF --> CRHF   -0.2028109    6A=7A
 RRHF --> RUHF   -0.5170286    6A=8B
 Not stable.
 ***********************************************************************

 **********************************************************************

            Population analysis using the SCF density.

 **********************************************************************

 Orbital symmetries:
       Occupied  (AG) (BU) (AG) (BU) (AG) (AG)
       Virtual   (BU) (BU) (BU) (AG) (AG) (BU)
 The electronic state is 1-AG.
 Alpha  occ. eigenvalues --   -0.89472  -0.78089  -0.61570  -0.54852  -0.25014
 Alpha  occ. eigenvalues --   -0.13696
 Alpha virt. eigenvalues --   -0.17888  -0.05102   0.41832   0.45938   0.62902
 Alpha virt. eigenvalues --    0.83359
          Condensed to atoms (all electrons):
               1          2          3          4          5          6
     1  H    1.233887  -0.062492  -0.071365  -0.002683  -0.001476   0.000463
     2  H   -0.062492   0.724105   0.463405  -0.092276   0.029113  -0.015436
     3  H   -0.071365   0.463405   0.831091  -0.108155  -0.120934   0.012968
     4  H   -0.002683  -0.092276  -0.108155   0.958386   0.357580  -0.055670
     5  H   -0.001476   0.029113  -0.120934   0.357580   1.272205  -0.382709
     6  H    0.000463  -0.015436   0.012968  -0.055670  -0.382709   1.028270
     7  H   -0.000160   0.000194   0.001104   0.000917  -0.012396   0.042234
     8  H    0.000859   0.001580   0.000917  -0.084585  -0.052072   0.282544
     9  H   -0.000182  -0.092133   0.042234   0.282544  -0.267939   0.195725
    10  H    0.000477   0.010966  -0.012396  -0.052072   0.108854  -0.267939
    11  H   -0.000133   0.000744   0.000194   0.001580   0.010966  -0.092133
    12  H    0.000036  -0.000133  -0.000160   0.000859   0.000477  -0.000182
               7          8          9         10         11         12
     1  H   -0.000160   0.000859  -0.000182   0.000477  -0.000133   0.000036
     2  H    0.000194   0.001580  -0.092133   0.010966   0.000744  -0.000133
     3  H    0.001104   0.000917   0.042234  -0.012396   0.000194  -0.000160
     4  H    0.000917  -0.084585   0.282544  -0.052072   0.001580   0.000859
     5  H   -0.012396  -0.052072  -0.267939   0.108854   0.010966   0.000477
     6  H    0.042234   0.282544   0.195725  -0.267939  -0.092133  -0.000182
     7  H    0.831091  -0.108155   0.012968  -0.120934   0.463405  -0.071365
     8  H   -0.108155   0.958386  -0.055670   0.357580  -0.092276  -0.002683
     9  H    0.012968  -0.055670   1.028270  -0.382709  -0.015436   0.000463
    10  H   -0.120934   0.357580  -0.382709   1.272205   0.029113  -0.001476
    11  H    0.463405  -0.092276  -0.015436   0.029113   0.724105  -0.062492
    12  H   -0.071365  -0.002683   0.000463  -0.001476  -0.062492   1.233887
 Mulliken charges:
               1
     1  H   -0.097231
     2  H    0.032363
     3  H   -0.038904
     4  H   -0.206425
     5  H    0.058332
     6  H    0.251866
     7  H   -0.038904
     8  H   -0.206425
     9  H    0.251866
    10  H    0.058332
    11  H    0.032363
    12  H   -0.097231
 Sum of Mulliken charges =   0.00000
 Mulliken charges with hydrogens summed into heavy atoms:
               1
 Electronic spatial extent (au):  <R**2>=            242.8985
 Charge=              0.0000 electrons
 Dipole moment (field-independent basis, Debye):
    X=              0.0000    Y=              0.0000    Z=              0.0000  Tot=              0.0000
 Quadrupole moment (field-independent basis, Debye-Ang):
   XX=            -14.1775   YY=            -34.5865   ZZ=            -14.8208
   XY=             -3.3755   XZ=             -0.0000   YZ=             -0.0000
 Traceless Quadrupole moment (field-independent basis, Debye-Ang):
   XX=              7.0175   YY=            -13.3916   ZZ=              6.3741
   XY=             -3.3755   XZ=             -0.0000   YZ=             -0.0000
 Octapole moment (field-independent basis, Debye-Ang**2):
  XXX=              0.0000  YYY=             -0.0000  ZZZ=              0.0000  XYY=              0.0000
  XXY=              0.0000  XXZ=              0.0000  XZZ=              0.0000  YZZ=              0.0000
  YYZ=              0.0000  XYZ=              0.0000
 Hexadecapole moment (field-independent basis, Debye-Ang**3):
 XXXX=            -48.8459 YYYY=           -708.7970 ZZZZ=            -17.3725 XXXY=            -35.6849
 XXXZ=             -0.0000 YYYX=            -93.4618 YYYZ=             -0.0000 ZZZX=             -0.0000
 ZZZY=             -0.0000 XXYY=            -94.0948 XXZZ=            -11.1894 YYZZ=            -76.7355
 XXYZ=             -0.0000 YYXZ=             -0.0000 ZZXY=            -11.5907
 N-N= 1.747887368099D+01 E-N=-4.623426131020D+01  KE= 6.919556679877D+00
 Symmetry AG   KE= 4.737949515249D+00
 Symmetry BG   KE= 0.000000000000D+00
 Symmetry AU   KE= 0.000000000000D+00
 Symmetry BU   KE= 2.181607164628D+00

 Test job not archived.
 1\1\GINC-SULU\Stability\RHF\Gen\H12\LCJ1\17-Feb-2017\0\\#rhf/gen scf(s
 ymm,tight,novaracc,noincfock,fulldiag) stable(crhf) guess=read geom=no
 crowd test\\hf stability analysis of h12 triangular lattice, y= 1.4941
 379400594756\\0,1\H\H,1,1.5432955301\H,1,1.5432955301,2,29.\H,2,1.5432
 955301,1,151.,3,0.,0\H,2,1.5432955301,1,180.,3,0.,0\H,4,1.5432955301,3
 ,180.,5,0.,0\H,6,1.5432955301,5,180.,3,0.,0\H,4,1.5432955301,2,180.,3,
 0.,0\H,3,1.5432955301,1,180.,4,0.,0\H,9,1.5432955301,3,180.,4,0.,0\H,8
 ,1.5432955301,4,180.,3,0.,0\H,7,1.5432955301,6,180.,3,0.,0\\Version=ES
 64L-G09RevE.01\State=1-AG\HF=-5.4054097\MP2=-6.0201827\RMSD=3.558e-09\
 Dipole=0.,0.,0.\Quadrupole=3.779192,4.738985,-8.518177,0.,-5.1040743,0
 .\PG=C02H [SGH(H12)]\\@


 IN THE FIGHT BETWEEN YOU AND THE WORLD, BACK THE WORLD

                                        -- FRANZ KAFKA
 Job cpu time:       0 days  0 hours  0 minutes  1.0 seconds.
 File lengths (MBytes):  RWF=     84 Int=      0 D2E=      0 Chk=      2 Scr=      2
 Normal termination of Gaussian 09 at Fri Feb 17 15:08:30 2017.
