 Entering Gaussian System, Link 0=g09
 AtFile(1): H.gbs
            H     0
            S   10   1.00
               1000.000000000000            0.000068713567
                316.227766000000            0.000169141320
                100.000000000000            0.000823394812
                 31.622776600000            0.003425569236
                 10.000000000000            0.013951996000
                  3.162277660000            0.056909313560
                  1.000000000000            0.198286399900
                  0.316227766000            0.496922426700
                  0.100000000000            0.369846276400
                  0.031622776600            0.003752720039
            ****
 Initial command:
 /projects/guscus/apps/gau/g09-e1/g09/l1.exe "/users/lcj1/gaussian/h12/rhfstability/rect/guessfrommix/alpha40/Gau-22277.inp" -scrdir="/users/lcj1/gaussian/h12/rhfstability/rect/guessfrommix/alpha40/"
 Entering Link 1 = /projects/guscus/apps/gau/g09-e1/g09/l1.exe PID=     22278.
  
 Copyright (c) 1988,1990,1992,1993,1995,1998,2003,2009,2015,
            Gaussian, Inc.  All Rights Reserved.
  
 This is part of the Gaussian(R) 09 program.  It is based on
 the Gaussian(R) 03 system (copyright 2003, Gaussian, Inc.),
 the Gaussian(R) 98 system (copyright 1998, Gaussian, Inc.),
 the Gaussian(R) 94 system (copyright 1995, Gaussian, Inc.),
 the Gaussian 92(TM) system (copyright 1992, Gaussian, Inc.),
 the Gaussian 90(TM) system (copyright 1990, Gaussian, Inc.),
 the Gaussian 88(TM) system (copyright 1988, Gaussian, Inc.),
 the Gaussian 86(TM) system (copyright 1986, Carnegie Mellon
 University), and the Gaussian 82(TM) system (copyright 1983,
 Carnegie Mellon University). Gaussian is a federally registered
 trademark of Gaussian, Inc.
  
 This software contains proprietary and confidential information,
 including trade secrets, belonging to Gaussian, Inc.
  
 This software is provided under written license and may be
 used, copied, transmitted, or stored only in accord with that
 written license.
  
 The following legend is applicable only to US Government
 contracts under FAR:
  
                    RESTRICTED RIGHTS LEGEND
  
 Use, reproduction and disclosure by the US Government is
 subject to restrictions as set forth in subparagraphs (a)
 and (c) of the Commercial Computer Software - Restricted
 Rights clause in FAR 52.227-19.
  
 Gaussian, Inc.
 340 Quinnipiac St., Bldg. 40, Wallingford CT 06492
  
  
 ---------------------------------------------------------------
 Warning -- This program may not be used in any manner that
 competes with the business of Gaussian, Inc. or will provide
 assistance to any competitor of Gaussian, Inc.  The licensee
 of this program is prohibited from giving any competitor of
 Gaussian, Inc. access to this program.  By using this program,
 the user acknowledges that Gaussian, Inc. is engaged in the
 business of creating and licensing software in the field of
 computational chemistry and represents and warrants to the
 licensee that it is not a competitor of Gaussian, Inc. and that
 it will not use this program in any manner prohibited above.
 ---------------------------------------------------------------
  

 Cite this work as:
 Gaussian 09, Revision E.01,
 M. J. Frisch, G. W. Trucks, H. B. Schlegel, G. E. Scuseria, 
 M. A. Robb, J. R. Cheeseman, G. Scalmani, V. Barone, B. Mennucci, 
 G. A. Petersson, H. Nakatsuji, M. Caricato, X. Li, H. P. Hratchian, 
 A. F. Izmaylov, J. Bloino, G. Zheng, J. L. Sonnenberg, M. Hada, 
 M. Ehara, K. Toyota, R. Fukuda, J. Hasegawa, M. Ishida, T. Nakajima, 
 Y. Honda, O. Kitao, H. Nakai, T. Vreven, J. A. Montgomery, Jr., 
 J. E. Peralta, F. Ogliaro, M. Bearpark, J. J. Heyd, E. Brothers, 
 K. N. Kudin, V. N. Staroverov, T. Keith, R. Kobayashi, J. Normand, 
 K. Raghavachari, A. Rendell, J. C. Burant, S. S. Iyengar, J. Tomasi, 
 M. Cossi, N. Rega, J. M. Millam, M. Klene, J. E. Knox, J. B. Cross, 
 V. Bakken, C. Adamo, J. Jaramillo, R. Gomperts, R. E. Stratmann, 
 O. Yazyev, A. J. Austin, R. Cammi, C. Pomelli, J. W. Ochterski, 
 R. L. Martin, K. Morokuma, V. G. Zakrzewski, G. A. Voth, 
 P. Salvador, J. J. Dannenberg, S. Dapprich, A. D. Daniels, 
 O. Farkas, J. B. Foresman, J. V. Ortiz, J. Cioslowski, 
 and D. J. Fox, Gaussian, Inc., Wallingford CT, 2013.
 
 ******************************************
 Gaussian 09:  ES64L-G09RevE.01 30-Nov-2015
                17-Feb-2017 
 ******************************************
 %chk=h12.chk
 ----------------------------------------------------------------------
 #rhf/gen scf(symm,tight,novaracc,noincfock,fulldiag) stable(crhf) gues
 s=read geom=nocrowd test
 ----------------------------------------------------------------------
 1/38=1/1;
 2/12=1,17=6,18=5,40=1/2;
 3/5=7,16=1,25=1,30=1,116=1/1,2,3;
 4/5=1,9=4/1;
 5/5=100002,15=2,16=1,32=2,38=6/2;
 8/6=1,10=90,11=11/1,4;
 9/8=4,13=1/2;
 6/7=2,8=2,9=2,10=2,28=1/1;
 99/5=1,9=1/99;
 ----------------------------------------------------------------------
 hf stability analysis of h12 triangular lattice, y= 0.7210052279144877
 3
 ----------------------------------------------------------------------
 Symbolic Z-matrix:
 Charge =  0 Multiplicity = 1
 H
 H                    1     1.07753 
 H                    1     1.07753  2     96. 
 H                    2     1.07753  1     84.      3     0.       0
 H                    2     1.07753  1     180.     3     0.       0
 H                    4     1.07753  3     180.     5     0.       0
 H                    6     1.07753  5     180.     3     0.       0
 H                    4     1.07753  2     180.     3     0.       0
 H                    3     1.07753  1     180.     4     0.       0
 H                    9     1.07753  3     180.     4     0.       0
 H                    8     1.07753  4     180.     3     0.       0
 H                    7     1.07753  6     180.     3     0.       0
 
                          Input orientation:                          
 ---------------------------------------------------------------------
 Center     Atomic      Atomic             Coordinates (Angstroms)
 Number     Number       Type             X           Y           Z
 ---------------------------------------------------------------------
      1          1           0        0.000000    0.000000    0.000000
      2          1           0        0.000000    0.000000    1.077525
      3          1           0        1.071623    0.000000   -0.112632
      4          1           0        1.071623    0.000000    0.964893
      5          1           0        0.000000    0.000000    2.155051
      6          1           0        1.071623    0.000000    2.042419
      7          1           0        2.143245    0.000000    1.929787
      8          1           0        2.143245    0.000000    0.852261
      9          1           0        2.143245    0.000000   -0.225264
     10          1           0        3.214868    0.000000   -0.337896
     11          1           0        3.214868    0.000000    0.739629
     12          1           0        3.214868    0.000000    1.817155
 ---------------------------------------------------------------------
                    Distance matrix (angstroms):
                    1          2          3          4          5
     1  H    0.000000
     2  H    1.077525   0.000000
     3  H    1.077525   1.601515   0.000000
     4  H    1.442010   1.077525   1.077525   0.000000
     5  H    2.155051   1.077525   2.508139   1.601515   0.000000
     6  H    2.306480   1.442010   2.155051   1.077525   1.077525
     7  H    2.884021   2.306480   2.306480   1.442010   2.155051
     8  H    2.306480   2.155051   1.442010   1.077525   2.508139
     9  H    2.155051   2.508139   1.077525   1.601515   3.203030
    10  H    3.232576   3.512662   2.155051   2.508139   4.068189
    11  H    3.298852   3.232576   2.306480   2.155051   3.512662
    12  H    3.692888   3.298852   2.884021   2.306480   3.232576
                    6          7          8          9         10
     6  H    0.000000
     7  H    1.077525   0.000000
     8  H    1.601515   1.077525   0.000000
     9  H    2.508139   2.155051   1.077525   0.000000
    10  H    3.203030   2.508139   1.601515   1.077525   0.000000
    11  H    2.508139   1.601515   1.077525   1.442010   1.077525
    12  H    2.155051   1.077525   1.442010   2.306480   2.155051
                   11         12
    11  H    0.000000
    12  H    1.077525   0.000000
 Stoichiometry    H12
 Framework group  C2H[SGH(H12)]
 Deg. of freedom    11
 Full point group                 C2H     NOp   4
 Largest Abelian subgroup         C2H     NOp   4
 Largest concise Abelian subgroup C2      NOp   2
                         Standard orientation:                         
 ---------------------------------------------------------------------
 Center     Atomic      Atomic             Coordinates (Angstroms)
 Number     Number       Type             X           Y           Z
 ---------------------------------------------------------------------
      1          1           0        1.071623    1.503656    0.000000
      2          1           0        0.000000    1.616288    0.000000
      3          1           0        1.071623    0.426131    0.000000
      4          1           0        0.000000    0.538763    0.000000
      5          1           0       -1.071623    1.728920    0.000000
      6          1           0       -1.071623    0.651395    0.000000
      7          1           0       -1.071623   -0.426131   -0.000000
      8          1           0       -0.000000   -0.538763    0.000000
      9          1           0        1.071623   -0.651395    0.000000
     10          1           0        1.071623   -1.728920    0.000000
     11          1           0       -0.000000   -1.616288    0.000000
     12          1           0       -1.071623   -1.503656   -0.000000
 ---------------------------------------------------------------------
 Rotational constants (GHZ):     55.2473807     28.4467355     18.7779941
 General basis read from cards:  (5D, 7F)
 There are     6 symmetry adapted cartesian basis functions of AG  symmetry.
 There are     0 symmetry adapted cartesian basis functions of BG  symmetry.
 There are     0 symmetry adapted cartesian basis functions of AU  symmetry.
 There are     6 symmetry adapted cartesian basis functions of BU  symmetry.
 There are     6 symmetry adapted basis functions of AG  symmetry.
 There are     0 symmetry adapted basis functions of BG  symmetry.
 There are     0 symmetry adapted basis functions of AU  symmetry.
 There are     6 symmetry adapted basis functions of BU  symmetry.
    12 basis functions,   120 primitive gaussians,    12 cartesian basis functions
     6 alpha electrons        6 beta electrons
       nuclear repulsion energy        20.1555572217 Hartrees.
 NAtoms=   12 NActive=   12 NUniq=    6 SFac= 4.00D+00 NAtFMM=   60 NAOKFM=F Big=F
 Integral buffers will be    131072 words long.
 Regular integral format.
 Two-electron integral symmetry is turned on.
 One-electron integrals computed using PRISM.
 NBasis=    12 RedAO= T EigKep=  1.10D-01  NBF=     6     0     0     6
 NBsUse=    12 1.00D-06 EigRej= -1.00D+00 NBFU=     6     0     0     6
 Initial guess from the checkpoint file:  "h12.chk"
 B after Tr=    -0.000000    0.000000    0.000000
         Rot=    0.999926   -0.000000   -0.000000   -0.012139 Ang=  -1.39 deg.
 Initial guess orbital symmetries:
       Occupied  (AG) (BU) (BU) (AG) (AG) (AG)
       Virtual   (BU) (BU) (BU) (AG) (AG) (BU)
 Keep R1 ints in memory in symmetry-blocked form, NReq=903672.
 Requested convergence on RMS density matrix=1.00D-08 within 128 cycles.
 Requested convergence on MAX density matrix=1.00D-06.
 Requested convergence on             energy=1.00D-06.
 No special actions if energy rises.
 SCF Done:  E(RHF) =  -5.84818852872     A.U. after    8 cycles
            NFock=  8  Conv=0.18D-08     -V/T= 1.9118
 Range of M.O.s used for correlation:     1    12
 NBasis=    12 NAE=     6 NBE=     6 NFC=     0 NFV=     0
 NROrb=     12 NOA=     6 NOB=     6 NVA=     6 NVB=     6
 Semi-Direct transformation.
 ModeAB=           4 MOrb=             6 LenV=     134084479
 LASXX=         2181 LTotXX=        2181 LenRXX=        5115
 LTotAB=        2934 MaxLAS=        3024 LenRXY=           0
 NonZer=        7296 LenScr=      655360 LnRSAI=        3024
 LnScr1=      655360 LExtra=           0 Total=      1318859
 MaxDsk=          -1 SrtSym=           T ITran=            3
 JobTyp=0 Pass  1:  I=   1 to   6.
 (rs|ai) integrals will be sorted in core.
 Spin components of T(2) and E(2):
     alpha-alpha T2 =       0.1112518200D-01 E2=     -0.1374464023D-01
     alpha-beta  T2 =       0.7949109514D-01 E2=     -0.1108337056D+00
     beta-beta   T2 =       0.1112518200D-01 E2=     -0.1374464023D-01
 ANorm=    0.1049638728D+01
 E2 =    -0.1383229861D+00 EUMP2 =    -0.59865115148069D+01
 Second order stability test of a single determinant RHF wave function:
 Stabil:  MDV=134217728
 ***********************************************************************
 Matrix         Lowest Root    Major Pairs
 ***********************************************************************
 Internal RHF     0.0666729    Stable
 RRHF --> CRHF    0.0387656    Stable


 RRHF --> RUHF   -0.0747738    6A=9B 6A=8B 6A=7B 4A=7B 5A=7B 4A=9B 5A=9B 3A=10B 2
 A=10B 1A=12B 4A=8B 5A=8B 1A=9B 2A=11B 3A=11B 6A=12B
 Not stable.
 ***********************************************************************

 **********************************************************************

            Population analysis using the SCF density.

 **********************************************************************

 Orbital symmetries:
       Occupied  (AG) (BU) (BU) (AG) (AG) (AG)
       Virtual   (BU) (BU) (BU) (AG) (AG) (BU)
 The electronic state is 1-AG.
 Alpha  occ. eigenvalues --   -0.93619  -0.75517  -0.66120  -0.47732  -0.43279
 Alpha  occ. eigenvalues --   -0.26553
 Alpha virt. eigenvalues --    0.04807   0.18677   0.20376   0.48991   0.59532
 Alpha virt. eigenvalues --    0.98579
          Condensed to atoms (all electrons):
               1          2          3          4          5          6
     1  H    0.802963   0.150471   0.320221  -0.167134  -0.019490  -0.037843
     2  H    0.150471   0.965460  -0.134707   0.187605   0.144411  -0.148005
     3  H    0.320221  -0.134707   0.966655  -0.229118  -0.024026   0.023380
     4  H   -0.167134   0.187605  -0.229118   1.379803  -0.112981  -0.209581
     5  H   -0.019490   0.144411  -0.024026  -0.112981   0.652811   0.299623
     6  H   -0.037843  -0.148005   0.023380  -0.209581   0.299623   0.953853
     7  H    0.013671  -0.084358   0.067073  -0.208159  -0.007315   0.303832
     8  H   -0.084818   0.010646  -0.208159   0.696236  -0.053662  -0.156468
     9  H   -0.011432  -0.060017   0.303832  -0.156468   0.008507   0.050597
    10  H   -0.003198   0.001195  -0.007315  -0.053662   0.004761   0.008507
    11  H    0.001262   0.023749  -0.084358   0.010646   0.001195  -0.060017
    12  H    0.011019   0.001262   0.013671  -0.084818  -0.003198  -0.011432
               7          8          9         10         11         12
     1  H    0.013671  -0.084818  -0.011432  -0.003198   0.001262   0.011019
     2  H   -0.084358   0.010646  -0.060017   0.001195   0.023749   0.001262
     3  H    0.067073  -0.208159   0.303832  -0.007315  -0.084358   0.013671
     4  H   -0.208159   0.696236  -0.156468  -0.053662   0.010646  -0.084818
     5  H   -0.007315  -0.053662   0.008507   0.004761   0.001195  -0.003198
     6  H    0.303832  -0.156468   0.050597   0.008507  -0.060017  -0.011432
     7  H    0.966655  -0.229118   0.023380  -0.024026  -0.134707   0.320221
     8  H   -0.229118   1.379803  -0.209581  -0.112981   0.187605  -0.167134
     9  H    0.023380  -0.209581   0.953853   0.299623  -0.148005  -0.037843
    10  H   -0.024026  -0.112981   0.299623   0.652811   0.144411  -0.019490
    11  H   -0.134707   0.187605  -0.148005   0.144411   0.965460   0.150471
    12  H    0.320221  -0.167134  -0.037843  -0.019490   0.150471   0.802963
 Mulliken charges:
               1
     1  H    0.024311
     2  H   -0.057712
     3  H   -0.007148
     4  H   -0.052368
     5  H    0.109363
     6  H   -0.016446
     7  H   -0.007148
     8  H   -0.052368
     9  H   -0.016446
    10  H    0.109363
    11  H   -0.057712
    12  H    0.024311
 Sum of Mulliken charges =  -0.00000
 Mulliken charges with hydrogens summed into heavy atoms:
               1
 Electronic spatial extent (au):  <R**2>=            132.0406
 Charge=             -0.0000 electrons
 Dipole moment (field-independent basis, Debye):
    X=              0.0000    Y=              0.0000    Z=              0.0000  Tot=              0.0000
 Quadrupole moment (field-independent basis, Debye-Ang):
   XX=            -19.3894   YY=            -14.7463   ZZ=            -15.1968
   XY=             -1.8111   XZ=             -0.0000   YZ=             -0.0000
 Traceless Quadrupole moment (field-independent basis, Debye-Ang):
   XX=             -2.9453   YY=              1.6979   ZZ=              1.2474
   XY=             -1.8111   XZ=             -0.0000   YZ=             -0.0000
 Octapole moment (field-independent basis, Debye-Ang**2):
  XXX=              0.0000  YYY=             -0.0000  ZZZ=             -0.0000  XYY=             -0.0000
  XXY=              0.0000  XXZ=             -0.0000  XZZ=              0.0000  YZZ=             -0.0000
  YYZ=              0.0000  XYZ=              0.0000
 Hexadecapole moment (field-independent basis, Debye-Ang**3):
 XXXX=           -111.3924 YYYY=           -156.6798 ZZZZ=            -18.0285 XXXY=              0.6472
 XXXZ=             -0.0000 YYYX=             -4.0657 YYYZ=              0.0000 ZZZX=             -0.0000
 ZZZY=              0.0000 XXYY=            -41.7207 XXZZ=            -19.8817 YYZZ=            -29.3760
 XXYZ=              0.0000 YYXZ=             -0.0000 ZZXY=              0.8454
 N-N= 2.015555722165D+01 E-N=-5.136480660670D+01  KE= 6.413739108837D+00
 Symmetry AG   KE= 4.861933781544D+00
 Symmetry BG   KE= 0.000000000000D+00
 Symmetry AU   KE= 0.000000000000D+00
 Symmetry BU   KE= 1.551805327293D+00

 Test job not archived.
 1\1\GINC-SULU\Stability\RHF\Gen\H12\LCJ1\17-Feb-2017\0\\#rhf/gen scf(s
 ymm,tight,novaracc,noincfock,fulldiag) stable(crhf) guess=read geom=no
 crowd test\\hf stability analysis of h12 triangular lattice, y= 0.7210
 0522791448773\\0,1\H\H,1,1.077525381\H,1,1.077525381,2,96.\H,2,1.07752
 5381,1,84.,3,0.,0\H,2,1.077525381,1,180.,3,0.,0\H,4,1.077525381,3,180.
 ,5,0.,0\H,6,1.077525381,5,180.,3,0.,0\H,4,1.077525381,2,180.,3,0.,0\H,
 3,1.077525381,1,180.,4,0.,0\H,9,1.077525381,3,180.,4,0.,0\H,8,1.077525
 381,4,180.,3,0.,0\H,7,1.077525381,6,180.,3,0.,0\\Version=ES64L-G09RevE
 .01\State=1-AG\HF=-5.8481885\MP2=-5.9865115\RMSD=1.784e-09\Dipole=0.,0
 .,0.\Quadrupole=0.9446801,0.9273768,-1.872057,0.,-1.6759243,0.\PG=C02H
  [SGH(H12)]\\@


 IT IS WELL TO REMEMBER THAT MAN IS A PART OF NATURE AND THAT HIS WORKS,
 WHATEVER THEY MAY BE, ARE NO MORE "UNNATURAL" THAN 
 THE FLIGHT OF AN EAGLE OR THE PASSAGE OF A TORNADO.

                                    -- CHARLES MCCARRY IN "THE GREAT SOUTHWEST"
 Job cpu time:       0 days  0 hours  0 minutes  1.0 seconds.
 File lengths (MBytes):  RWF=     84 Int=      0 D2E=      0 Chk=      2 Scr=      2
 Normal termination of Gaussian 09 at Fri Feb 17 11:36:17 2017.
