 Entering Gaussian System, Link 0=g09
 AtFile(1): H.gbs
            H     0
            S   10   1.00
               1000.000000000000            0.000068713567
                316.227766000000            0.000169141320
                100.000000000000            0.000823394812
                 31.622776600000            0.003425569236
                 10.000000000000            0.013951996000
                  3.162277660000            0.056909313560
                  1.000000000000            0.198286399900
                  0.316227766000            0.496922426700
                  0.100000000000            0.369846276400
                  0.031622776600            0.003752720039
            ****
 Initial command:
 /projects/guscus/apps/gau/g09-e1/g09/l1.exe "/users/lcj1/gaussian/h12/rhfstability/rect/guess/ag4bu2/Gau-1681.inp" -scrdir="/users/lcj1/gaussian/h12/rhfstability/rect/guess/ag4bu2/"
 Entering Link 1 = /projects/guscus/apps/gau/g09-e1/g09/l1.exe PID=      1682.
  
 Copyright (c) 1988,1990,1992,1993,1995,1998,2003,2009,2015,
            Gaussian, Inc.  All Rights Reserved.
  
 This is part of the Gaussian(R) 09 program.  It is based on
 the Gaussian(R) 03 system (copyright 2003, Gaussian, Inc.),
 the Gaussian(R) 98 system (copyright 1998, Gaussian, Inc.),
 the Gaussian(R) 94 system (copyright 1995, Gaussian, Inc.),
 the Gaussian 92(TM) system (copyright 1992, Gaussian, Inc.),
 the Gaussian 90(TM) system (copyright 1990, Gaussian, Inc.),
 the Gaussian 88(TM) system (copyright 1988, Gaussian, Inc.),
 the Gaussian 86(TM) system (copyright 1986, Carnegie Mellon
 University), and the Gaussian 82(TM) system (copyright 1983,
 Carnegie Mellon University). Gaussian is a federally registered
 trademark of Gaussian, Inc.
  
 This software contains proprietary and confidential information,
 including trade secrets, belonging to Gaussian, Inc.
  
 This software is provided under written license and may be
 used, copied, transmitted, or stored only in accord with that
 written license.
  
 The following legend is applicable only to US Government
 contracts under FAR:
  
                    RESTRICTED RIGHTS LEGEND
  
 Use, reproduction and disclosure by the US Government is
 subject to restrictions as set forth in subparagraphs (a)
 and (c) of the Commercial Computer Software - Restricted
 Rights clause in FAR 52.227-19.
  
 Gaussian, Inc.
 340 Quinnipiac St., Bldg. 40, Wallingford CT 06492
  
  
 ---------------------------------------------------------------
 Warning -- This program may not be used in any manner that
 competes with the business of Gaussian, Inc. or will provide
 assistance to any competitor of Gaussian, Inc.  The licensee
 of this program is prohibited from giving any competitor of
 Gaussian, Inc. access to this program.  By using this program,
 the user acknowledges that Gaussian, Inc. is engaged in the
 business of creating and licensing software in the field of
 computational chemistry and represents and warrants to the
 licensee that it is not a competitor of Gaussian, Inc. and that
 it will not use this program in any manner prohibited above.
 ---------------------------------------------------------------
  

 Cite this work as:
 Gaussian 09, Revision E.01,
 M. J. Frisch, G. W. Trucks, H. B. Schlegel, G. E. Scuseria, 
 M. A. Robb, J. R. Cheeseman, G. Scalmani, V. Barone, B. Mennucci, 
 G. A. Petersson, H. Nakatsuji, M. Caricato, X. Li, H. P. Hratchian, 
 A. F. Izmaylov, J. Bloino, G. Zheng, J. L. Sonnenberg, M. Hada, 
 M. Ehara, K. Toyota, R. Fukuda, J. Hasegawa, M. Ishida, T. Nakajima, 
 Y. Honda, O. Kitao, H. Nakai, T. Vreven, J. A. Montgomery, Jr., 
 J. E. Peralta, F. Ogliaro, M. Bearpark, J. J. Heyd, E. Brothers, 
 K. N. Kudin, V. N. Staroverov, T. Keith, R. Kobayashi, J. Normand, 
 K. Raghavachari, A. Rendell, J. C. Burant, S. S. Iyengar, J. Tomasi, 
 M. Cossi, N. Rega, J. M. Millam, M. Klene, J. E. Knox, J. B. Cross, 
 V. Bakken, C. Adamo, J. Jaramillo, R. Gomperts, R. E. Stratmann, 
 O. Yazyev, A. J. Austin, R. Cammi, C. Pomelli, J. W. Ochterski, 
 R. L. Martin, K. Morokuma, V. G. Zakrzewski, G. A. Voth, 
 P. Salvador, J. J. Dannenberg, S. Dapprich, A. D. Daniels, 
 O. Farkas, J. B. Foresman, J. V. Ortiz, J. Cioslowski, 
 and D. J. Fox, Gaussian, Inc., Wallingford CT, 2013.
 
 ******************************************
 Gaussian 09:  ES64L-G09RevE.01 30-Nov-2015
                17-Feb-2017 
 ******************************************
 %chk=h12.chk
 ----------------------------------------------------------------------
 #rhf/gen scf(symm,tight,novaracc,noincfock,fulldiag) stable(crhf) gues
 s=read geom=nocrowd test
 ----------------------------------------------------------------------
 1/38=1/1;
 2/12=1,17=6,18=5,40=1/2;
 3/5=7,16=1,25=1,30=1,116=1/1,2,3;
 4/5=1,9=4/1;
 5/5=100002,15=2,16=1,32=2,38=6/2;
 8/6=1,10=90,11=11/1,4;
 9/8=4,13=1/2;
 6/7=2,8=2,9=2,10=2,28=1/1;
 99/5=1,9=1/99;
 ----------------------------------------------------------------------
 hf stability analysis of h12 triangular lattice, y= 0.9038427858540303
 3
 ----------------------------------------------------------------------
 Symbolic Z-matrix:
 Charge =  0 Multiplicity = 1
 H
 H                    1     1.10678 
 H                    1     1.10678  2     70.5 
 H                    2     1.10678  1     109.5    3     0.       0
 H                    2     1.10678  1     180.     3     0.       0
 H                    4     1.10678  3     180.     5     0.       0
 H                    6     1.10678  5     180.     3     0.       0
 H                    4     1.10678  2     180.     3     0.       0
 H                    3     1.10678  1     180.     4     0.       0
 H                    9     1.10678  3     180.     4     0.       0
 H                    8     1.10678  4     180.     3     0.       0
 H                    7     1.10678  6     180.     3     0.       0
 
                          Input orientation:                          
 ---------------------------------------------------------------------
 Center     Atomic      Atomic             Coordinates (Angstroms)
 Number     Number       Type             X           Y           Z
 ---------------------------------------------------------------------
      1          1           0        0.000000    0.000000    0.000000
      2          1           0        0.000000    0.000000    1.106780
      3          1           0        1.043297    0.000000    0.369451
      4          1           0        1.043297    0.000000    1.476231
      5          1           0        0.000000    0.000000    2.213561
      6          1           0        1.043297    0.000000    2.583011
      7          1           0        2.086594    0.000000    2.952462
      8          1           0        2.086594    0.000000    1.845682
      9          1           0        2.086594    0.000000    0.738902
     10          1           0        3.129891    0.000000    1.108353
     11          1           0        3.129891    0.000000    2.215133
     12          1           0        3.129891    0.000000    3.321913
 ---------------------------------------------------------------------
                    Distance matrix (angstroms):
                    1          2          3          4          5
     1  H    0.000000
     2  H    1.106780   0.000000
     3  H    1.106780   1.277546   0.000000
     4  H    1.807686   1.106780   1.106780   0.000000
     5  H    2.213561   1.106780   2.118775   1.277546   0.000000
     6  H    2.785752   1.807686   2.213561   1.106780   1.106780
     7  H    3.615371   2.785752   2.785752   1.807686   2.213561
     8  H    2.785752   2.213561   1.807686   1.106780   2.118775
     9  H    2.213561   2.118775   1.106780   1.277546   2.555092
    10  H    3.320341   3.129891   2.213561   2.118775   3.319292
    11  H    3.834453   3.320341   2.785752   2.213561   3.129891
    12  H    4.564135   3.834453   3.615371   2.785752   3.320341
                    6          7          8          9         10
     6  H    0.000000
     7  H    1.106780   0.000000
     8  H    1.277546   1.106780   0.000000
     9  H    2.118775   2.213561   1.106780   0.000000
    10  H    2.555092   2.118775   1.277546   1.106780   0.000000
    11  H    2.118775   1.277546   1.106780   1.807686   1.106780
    12  H    2.213561   1.106780   1.807686   2.785752   2.213561
                   11         12
    11  H    0.000000
    12  H    1.106780   0.000000
 Stoichiometry    H12
 Framework group  C2H[SGH(H12)]
 Deg. of freedom    11
 Full point group                 C2H     NOp   4
 Largest Abelian subgroup         C2H     NOp   4
 Largest concise Abelian subgroup C2      NOp   2
                         Standard orientation:                         
 ---------------------------------------------------------------------
 Center     Atomic      Atomic             Coordinates (Angstroms)
 Number     Number       Type             X           Y           Z
 ---------------------------------------------------------------------
      1          1           0        1.043297    2.029621    0.000000
      2          1           0        0.000000    1.660170   -0.000000
      3          1           0        1.043297    0.922841    0.000000
      4          1           0        0.000000    0.553390   -0.000000
      5          1           0       -1.043297    1.290720   -0.000000
      6          1           0       -1.043297    0.183939   -0.000000
      7          1           0       -1.043297   -0.922841    0.000000
      8          1           0       -0.000000   -0.553390    0.000000
      9          1           0        1.043297   -0.183939   -0.000000
     10          1           0        1.043297   -1.290720   -0.000000
     11          1           0       -0.000000   -1.660170    0.000000
     12          1           0       -1.043297   -2.029621    0.000000
 ---------------------------------------------------------------------
 Rotational constants (GHZ):     63.5829861     24.7174228     17.7984176
 General basis read from cards:  (5D, 7F)
 There are     6 symmetry adapted cartesian basis functions of AG  symmetry.
 There are     0 symmetry adapted cartesian basis functions of BG  symmetry.
 There are     0 symmetry adapted cartesian basis functions of AU  symmetry.
 There are     6 symmetry adapted cartesian basis functions of BU  symmetry.
 There are     6 symmetry adapted basis functions of AG  symmetry.
 There are     0 symmetry adapted basis functions of BG  symmetry.
 There are     0 symmetry adapted basis functions of AU  symmetry.
 There are     6 symmetry adapted basis functions of BU  symmetry.
    12 basis functions,   120 primitive gaussians,    12 cartesian basis functions
     6 alpha electrons        6 beta electrons
       nuclear repulsion energy        19.9130155963 Hartrees.
 NAtoms=   12 NActive=   12 NUniq=    6 SFac= 4.00D+00 NAtFMM=   60 NAOKFM=F Big=F
 Integral buffers will be    131072 words long.
 Regular integral format.
 Two-electron integral symmetry is turned on.
 One-electron integrals computed using PRISM.
 NBasis=    12 RedAO= T EigKep=  1.38D-01  NBF=     6     0     0     6
 NBsUse=    12 1.00D-06 EigRej= -1.00D+00 NBFU=     6     0     0     6
 Initial guess from the checkpoint file:  "h12.chk"
 B after Tr=    -0.000000    0.000000    0.000000
         Rot=    0.996065   -0.000000   -0.000000   -0.088623 Ang= -10.17 deg.
 Initial guess orbital symmetries:
       Occupied  (AG) (BU) (BU) (AG) (AG) (AG)
       Virtual   (BU) (BU) (BU) (AG) (AG) (BU)
 Keep R1 ints in memory in symmetry-blocked form, NReq=903826.
 Requested convergence on RMS density matrix=1.00D-08 within 128 cycles.
 Requested convergence on MAX density matrix=1.00D-06.
 Requested convergence on             energy=1.00D-06.
 No special actions if energy rises.
 SCF Done:  E(RHF) =  -5.74697625371     A.U. after   10 cycles
            NFock= 10  Conv=0.55D-08     -V/T= 1.8852
 Range of M.O.s used for correlation:     1    12
 NBasis=    12 NAE=     6 NBE=     6 NFC=     0 NFV=     0
 NROrb=     12 NOA=     6 NOB=     6 NVA=     6 NVB=     6
 Semi-Direct transformation.
 ModeAB=           4 MOrb=             6 LenV=     134084339
 LASXX=         2181 LTotXX=        2181 LenRXX=        5115
 LTotAB=        2934 MaxLAS=        3024 LenRXY=           0
 NonZer=        7296 LenScr=      655360 LnRSAI=        3024
 LnScr1=      655360 LExtra=           0 Total=      1318859
 MaxDsk=          -1 SrtSym=           T ITran=            3
 JobTyp=0 Pass  1:  I=   1 to   6.
 (rs|ai) integrals will be sorted in core.
 Spin components of T(2) and E(2):
     alpha-alpha T2 =       0.1135405806D-01 E2=     -0.1384209568D-01
     alpha-beta  T2 =       0.8738705809D-01 E2=     -0.1156535833D+00
     beta-beta   T2 =       0.1135405806D-01 E2=     -0.1384209568D-01
 ANorm=    0.1053610542D+01
 E2 =    -0.1433377747D+00 EUMP2 =    -0.58903140284026D+01
 Second order stability test of a single determinant RHF wave function:
 Stabil:  MDV=134217728
 ***********************************************************************
 Matrix         Lowest Root    Major Pairs
 ***********************************************************************
 Internal RHF    -0.046087     6A=7A
 RRHF --> CRHF   -0.0829466    6A=7A
 RRHF --> RUHF   -0.1659289    6A=7B
 Not stable.
 ***********************************************************************

 **********************************************************************

            Population analysis using the SCF density.

 **********************************************************************

 Orbital symmetries:
       Occupied  (AG) (BU) (BU) (AG) (AG) (AG)
       Virtual   (BU) (BU) (BU) (AG) (AG) (BU)
 The electronic state is 1-AG.
 Alpha  occ. eigenvalues --   -0.92011  -0.75682  -0.62485  -0.51697  -0.37795
 Alpha  occ. eigenvalues --   -0.21149
 Alpha virt. eigenvalues --   -0.02731   0.19995   0.31551   0.34679   0.64813
 Alpha virt. eigenvalues --    0.80050
          Condensed to atoms (all electrons):
               1          2          3          4          5          6
     1  H    0.527361   0.125899   0.276559  -0.076357  -0.015880  -0.012053
     2  H    0.125899   0.989844  -0.166201   0.205374   0.145690  -0.121366
     3  H    0.276559  -0.166201   0.951354  -0.190078  -0.056862   0.024813
     4  H   -0.076357   0.205374  -0.190078   1.456184  -0.265958  -0.256938
     5  H   -0.015880   0.145690  -0.056862  -0.265958   1.033321   0.343063
     6  H   -0.012053  -0.121366   0.024813  -0.256938   0.343063   1.009160
     7  H    0.004409  -0.039031   0.034253  -0.110895  -0.013181   0.307818
     8  H   -0.031295   0.017123  -0.110895   0.723839  -0.138970  -0.287028
     9  H    0.000265  -0.120915   0.307818  -0.287028   0.021456   0.089700
    10  H   -0.002011   0.000046  -0.013181  -0.138970   0.025598   0.021456
    11  H    0.000612   0.021586  -0.039031   0.017123   0.000046  -0.120915
    12  H    0.001586   0.000612   0.004409  -0.031295  -0.002011   0.000265
               7          8          9         10         11         12
     1  H    0.004409  -0.031295   0.000265  -0.002011   0.000612   0.001586
     2  H   -0.039031   0.017123  -0.120915   0.000046   0.021586   0.000612
     3  H    0.034253  -0.110895   0.307818  -0.013181  -0.039031   0.004409
     4  H   -0.110895   0.723839  -0.287028  -0.138970   0.017123  -0.031295
     5  H   -0.013181  -0.138970   0.021456   0.025598   0.000046  -0.002011
     6  H    0.307818  -0.287028   0.089700   0.021456  -0.120915   0.000265
     7  H    0.951354  -0.190078   0.024813  -0.056862  -0.166201   0.276559
     8  H   -0.190078   1.456184  -0.256938  -0.265958   0.205374  -0.076357
     9  H    0.024813  -0.256938   1.009160   0.343063  -0.121366  -0.012053
    10  H   -0.056862  -0.265958   0.343063   1.033321   0.145690  -0.015880
    11  H   -0.166201   0.205374  -0.121366   0.145690   0.989844   0.125899
    12  H    0.276559  -0.076357  -0.012053  -0.015880   0.125899   0.527361
 Mulliken charges:
               1
     1  H    0.200905
     2  H   -0.058662
     3  H   -0.022958
     4  H   -0.045001
     5  H   -0.076312
     6  H    0.002028
     7  H   -0.022958
     8  H   -0.045001
     9  H    0.002028
    10  H   -0.076312
    11  H   -0.058662
    12  H    0.200905
 Sum of Mulliken charges =   0.00000
 Mulliken charges with hydrogens summed into heavy atoms:
               1
 Electronic spatial extent (au):  <R**2>=            135.1263
 Charge=             -0.0000 electrons
 Dipole moment (field-independent basis, Debye):
    X=             -0.0000    Y=              0.0000    Z=              0.0000  Tot=              0.0000
 Quadrupole moment (field-independent basis, Debye-Ang):
   XX=            -19.8136   YY=            -11.4172   ZZ=            -15.1925
   XY=              5.8576   XZ=             -0.0000   YZ=             -0.0000
 Traceless Quadrupole moment (field-independent basis, Debye-Ang):
   XX=             -4.3392   YY=              4.0573   ZZ=              0.2819
   XY=              5.8576   XZ=             -0.0000   YZ=             -0.0000
 Octapole moment (field-independent basis, Debye-Ang**2):
  XXX=              0.0000  YYY=             -0.0000  ZZZ=             -0.0000  XYY=              0.0000
  XXY=             -0.0000  XXZ=              0.0000  XZZ=              0.0000  YZZ=             -0.0000
  YYZ=              0.0000  XYZ=              0.0000
 Hexadecapole moment (field-independent basis, Debye-Ang**3):
 XXXX=           -108.6548 YYYY=           -142.5001 ZZZZ=            -18.0490 XXXY=             -2.3642
 XXXZ=             -0.0000 YYYX=             15.8354 YYYZ=              0.0000 ZZZX=             -0.0000
 ZZZY=              0.0000 XXYY=            -40.0494 XXZZ=            -19.3795 YYZZ=            -31.1356
 XXYZ=              0.0000 YYXZ=             -0.0000 ZZXY=             -2.6901
 N-N= 1.991301559626D+01 E-N=-5.099586520177D+01  KE= 6.492256286774D+00
 Symmetry AG   KE= 4.930172334433D+00
 Symmetry BG   KE= 0.000000000000D+00
 Symmetry AU   KE= 0.000000000000D+00
 Symmetry BU   KE= 1.562083952342D+00

 Test job not archived.
 1\1\GINC-SULU\Stability\RHF\Gen\H12\LCJ1\17-Feb-2017\0\\#rhf/gen scf(s
 ymm,tight,novaracc,noincfock,fulldiag) stable(crhf) guess=read geom=no
 crowd test\\hf stability analysis of h12 triangular lattice, y= 0.9038
 4278585403033\\0,1\H\H,1,1.1067802797\H,1,1.1067802797,2,70.5\H,2,1.10
 67802797,1,109.5,3,0.,0\H,2,1.1067802797,1,180.,3,0.,0\H,4,1.106780279
 7,3,180.,5,0.,0\H,6,1.1067802797,5,180.,3,0.,0\H,4,1.1067802797,2,180.
 ,3,0.,0\H,3,1.1067802797,1,180.,4,0.,0\H,9,1.1067802797,3,180.,4,0.,0\
 H,8,1.1067802797,4,180.,3,0.,0\H,7,1.1067802797,6,180.,3,0.,0\\Version
 =ES64L-G09RevE.01\State=1-AG\HF=-5.7469763\MP2=-5.890314\RMSD=5.516e-0
 9\Dipole=0.,0.,0.\Quadrupole=-0.4197533,0.2095873,0.210166,0.,5.348726
 4,0.\PG=C02H [SGH(H12)]\\@


 WHEN YOU'VE SEEN ONE NUCLEAR WAR YOU'VE SEEN THEM ALL.
 Job cpu time:       0 days  0 hours  0 minutes  1.1 seconds.
 File lengths (MBytes):  RWF=     84 Int=      0 D2E=      0 Chk=      2 Scr=      2
 Normal termination of Gaussian 09 at Fri Feb 17 15:04:13 2017.
