 Entering Gaussian System, Link 0=g09
 AtFile(1): H.gbs
            H     0
            S   10   1.00
               1000.000000000000            0.000068713567
                316.227766000000            0.000169141320
                100.000000000000            0.000823394812
                 31.622776600000            0.003425569236
                 10.000000000000            0.013951996000
                  3.162277660000            0.056909313560
                  1.000000000000            0.198286399900
                  0.316227766000            0.496922426700
                  0.100000000000            0.369846276400
                  0.031622776600            0.003752720039
            ****
 Initial command:
 /projects/guscus/apps/gau/g09-e1/g09/l1.exe "/users/lcj1/gaussian/h12/rhfstability/rect/guess/ag4bu2/Gau-13421.inp" -scrdir="/users/lcj1/gaussian/h12/rhfstability/rect/guess/ag4bu2/"
 Entering Link 1 = /projects/guscus/apps/gau/g09-e1/g09/l1.exe PID=     13422.
  
 Copyright (c) 1988,1990,1992,1993,1995,1998,2003,2009,2015,
            Gaussian, Inc.  All Rights Reserved.
  
 This is part of the Gaussian(R) 09 program.  It is based on
 the Gaussian(R) 03 system (copyright 2003, Gaussian, Inc.),
 the Gaussian(R) 98 system (copyright 1998, Gaussian, Inc.),
 the Gaussian(R) 94 system (copyright 1995, Gaussian, Inc.),
 the Gaussian 92(TM) system (copyright 1992, Gaussian, Inc.),
 the Gaussian 90(TM) system (copyright 1990, Gaussian, Inc.),
 the Gaussian 88(TM) system (copyright 1988, Gaussian, Inc.),
 the Gaussian 86(TM) system (copyright 1986, Carnegie Mellon
 University), and the Gaussian 82(TM) system (copyright 1983,
 Carnegie Mellon University). Gaussian is a federally registered
 trademark of Gaussian, Inc.
  
 This software contains proprietary and confidential information,
 including trade secrets, belonging to Gaussian, Inc.
  
 This software is provided under written license and may be
 used, copied, transmitted, or stored only in accord with that
 written license.
  
 The following legend is applicable only to US Government
 contracts under FAR:
  
                    RESTRICTED RIGHTS LEGEND
  
 Use, reproduction and disclosure by the US Government is
 subject to restrictions as set forth in subparagraphs (a)
 and (c) of the Commercial Computer Software - Restricted
 Rights clause in FAR 52.227-19.
  
 Gaussian, Inc.
 340 Quinnipiac St., Bldg. 40, Wallingford CT 06492
  
  
 ---------------------------------------------------------------
 Warning -- This program may not be used in any manner that
 competes with the business of Gaussian, Inc. or will provide
 assistance to any competitor of Gaussian, Inc.  The licensee
 of this program is prohibited from giving any competitor of
 Gaussian, Inc. access to this program.  By using this program,
 the user acknowledges that Gaussian, Inc. is engaged in the
 business of creating and licensing software in the field of
 computational chemistry and represents and warrants to the
 licensee that it is not a competitor of Gaussian, Inc. and that
 it will not use this program in any manner prohibited above.
 ---------------------------------------------------------------
  

 Cite this work as:
 Gaussian 09, Revision E.01,
 M. J. Frisch, G. W. Trucks, H. B. Schlegel, G. E. Scuseria, 
 M. A. Robb, J. R. Cheeseman, G. Scalmani, V. Barone, B. Mennucci, 
 G. A. Petersson, H. Nakatsuji, M. Caricato, X. Li, H. P. Hratchian, 
 A. F. Izmaylov, J. Bloino, G. Zheng, J. L. Sonnenberg, M. Hada, 
 M. Ehara, K. Toyota, R. Fukuda, J. Hasegawa, M. Ishida, T. Nakajima, 
 Y. Honda, O. Kitao, H. Nakai, T. Vreven, J. A. Montgomery, Jr., 
 J. E. Peralta, F. Ogliaro, M. Bearpark, J. J. Heyd, E. Brothers, 
 K. N. Kudin, V. N. Staroverov, T. Keith, R. Kobayashi, J. Normand, 
 K. Raghavachari, A. Rendell, J. C. Burant, S. S. Iyengar, J. Tomasi, 
 M. Cossi, N. Rega, J. M. Millam, M. Klene, J. E. Knox, J. B. Cross, 
 V. Bakken, C. Adamo, J. Jaramillo, R. Gomperts, R. E. Stratmann, 
 O. Yazyev, A. J. Austin, R. Cammi, C. Pomelli, J. W. Ochterski, 
 R. L. Martin, K. Morokuma, V. G. Zakrzewski, G. A. Voth, 
 P. Salvador, J. J. Dannenberg, S. Dapprich, A. D. Daniels, 
 O. Farkas, J. B. Foresman, J. V. Ortiz, J. Cioslowski, 
 and D. J. Fox, Gaussian, Inc., Wallingford CT, 2013.
 
 ******************************************
 Gaussian 09:  ES64L-G09RevE.01 30-Nov-2015
                17-Feb-2017 
 ******************************************
 %chk=h12.chk
 ----------------------------------------------------------------------
 #rhf/gen scf(symm,tight,novaracc,noincfock,fulldiag) stable(crhf) gues
 s=read geom=nocrowd test
 ----------------------------------------------------------------------
 1/38=1/1;
 2/12=1,17=6,18=5,40=1/2;
 3/5=7,16=1,25=1,30=1,116=1/1,2,3;
 4/5=1,9=4/1;
 5/5=100002,15=2,16=1,32=2,38=6/2;
 8/6=1,10=90,11=11/1,4;
 9/8=4,13=1/2;
 6/7=2,8=2,9=2,10=2,28=1/1;
 99/5=1,9=1/99;
 ----------------------------------------------------------------------
 hf stability analysis of h12 triangular lattice, y= 0.3614429856522110
 0
 ----------------------------------------------------------------------
 Symbolic Z-matrix:
 Charge =  0 Multiplicity = 1
 H
 H                    1     1.63773 
 H                    1     1.63773  2     154.5 
 H                    2     1.63773  1     25.5     3     0.       0
 H                    2     1.63773  1     180.     3     0.       0
 H                    4     1.63773  3     180.     5     0.       0
 H                    6     1.63773  5     180.     3     0.       0
 H                    4     1.63773  2     180.     3     0.       0
 H                    3     1.63773  1     180.     4     0.       0
 H                    9     1.63773  3     180.     4     0.       0
 H                    8     1.63773  4     180.     3     0.       0
 H                    7     1.63773  6     180.     3     0.       0
 
                          Input orientation:                          
 ---------------------------------------------------------------------
 Center     Atomic      Atomic             Coordinates (Angstroms)
 Number     Number       Type             X           Y           Z
 ---------------------------------------------------------------------
      1          1           0        0.000000    0.000000    0.000000
      2          1           0        0.000000    0.000000    1.637731
      3          1           0        0.705061    0.000000   -1.478192
      4          1           0        0.705061    0.000000    0.159539
      5          1           0        0.000000    0.000000    3.275461
      6          1           0        0.705061    0.000000    1.797270
      7          1           0        1.410123    0.000000    0.319078
      8          1           0        1.410123    0.000000   -1.318653
      9          1           0        1.410123    0.000000   -2.956383
     10          1           0        2.115184    0.000000   -4.434575
     11          1           0        2.115184    0.000000   -2.796844
     12          1           0        2.115184    0.000000   -1.159114
 ---------------------------------------------------------------------
                    Distance matrix (angstroms):
                    1          2          3          4          5
     1  H    0.000000
     2  H    1.637731   0.000000
     3  H    1.637731   3.194696   0.000000
     4  H    0.722886   1.637731   1.637731   0.000000
     5  H    3.275461   1.637731   4.805656   3.194696   0.000000
     6  H    1.930619   0.722886   3.275461   1.637731   1.637731
     7  H    1.445772   1.930619   1.930619   0.722886   3.275461
     8  H    1.930619   3.275461   0.722886   1.637731   4.805656
     9  H    3.275461   4.805656   1.637731   3.194696   6.389392
    10  H    4.913192   6.430156   3.275461   4.805656   7.994915
    11  H    3.506614   4.913192   1.930619   3.275461   6.430156
    12  H    2.411959   3.506614   1.445772   1.930619   4.913192
                    6          7          8          9         10
     6  H    0.000000
     7  H    1.637731   0.000000
     8  H    3.194696   1.637731   0.000000
     9  H    4.805656   3.275461   1.637731   0.000000
    10  H    6.389392   4.805656   3.194696   1.637731   0.000000
    11  H    4.805656   3.194696   1.637731   0.722886   1.637731
    12  H    3.275461   1.637731   0.722886   1.930619   3.275461
                   11         12
    11  H    0.000000
    12  H    1.637731   0.000000
 Stoichiometry    H12
 Framework group  C2H[SGH(H12)]
 Deg. of freedom    11
 Full point group                 C2H     NOp   4
 Largest Abelian subgroup         C2H     NOp   4
 Largest concise Abelian subgroup C2      NOp   2
                         Standard orientation:                         
 ---------------------------------------------------------------------
 Center     Atomic      Atomic             Coordinates (Angstroms)
 Number     Number       Type             X           Y           Z
 ---------------------------------------------------------------------
      1          1           0        0.705061    0.978404   -0.000000
      2          1           0        0.000000    2.456596   -0.000000
      3          1           0        0.705061   -0.659326   -0.000000
      4          1           0        0.000000    0.818865   -0.000000
      5          1           0       -0.705061    3.934788    0.000000
      6          1           0       -0.705061    2.297057    0.000000
      7          1           0       -0.705061    0.659326   -0.000000
      8          1           0       -0.000000   -0.818865   -0.000000
      9          1           0        0.705061   -2.297057    0.000000
     10          1           0        0.705061   -3.934788    0.000000
     11          1           0       -0.000000   -2.456596   -0.000000
     12          1           0       -0.705061   -0.978404   -0.000000
 ---------------------------------------------------------------------
 Rotational constants (GHZ):    184.8388510      8.5025831      8.1286647
 General basis read from cards:  (5D, 7F)
 There are     6 symmetry adapted cartesian basis functions of AG  symmetry.
 There are     0 symmetry adapted cartesian basis functions of BG  symmetry.
 There are     0 symmetry adapted cartesian basis functions of AU  symmetry.
 There are     6 symmetry adapted cartesian basis functions of BU  symmetry.
 There are     6 symmetry adapted basis functions of AG  symmetry.
 There are     0 symmetry adapted basis functions of BG  symmetry.
 There are     0 symmetry adapted basis functions of AU  symmetry.
 There are     6 symmetry adapted basis functions of BU  symmetry.
    12 basis functions,   120 primitive gaussians,    12 cartesian basis functions
     6 alpha electrons        6 beta electrons
       nuclear repulsion energy        17.1568908853 Hartrees.
 NAtoms=   12 NActive=   12 NUniq=    6 SFac= 4.00D+00 NAtFMM=   60 NAOKFM=F Big=F
 Integral buffers will be    131072 words long.
 Regular integral format.
 Two-electron integral symmetry is turned on.
 One-electron integrals computed using PRISM.
 NBasis=    12 RedAO= T EigKep=  9.39D-02  NBF=     6     0     0     6
 NBsUse=    12 1.00D-06 EigRej= -1.00D+00 NBFU=     6     0     0     6
 Initial guess from the checkpoint file:  "h12.chk"
 B after Tr=     0.000000   -0.000000   -0.000000
         Rot=    0.987218    0.000000    0.000000    0.159376 Ang=  18.34 deg.
 Initial guess orbital symmetries:
       Occupied  (AG) (BU) (BU) (AG) (AG) (AG)
       Virtual   (BU) (BU) (BU) (AG) (AG) (BU)
 Keep R1 ints in memory in symmetry-blocked form, NReq=897218.
 Requested convergence on RMS density matrix=1.00D-08 within 128 cycles.
 Requested convergence on MAX density matrix=1.00D-06.
 Requested convergence on             energy=1.00D-06.
 No special actions if energy rises.
 SCF Done:  E(RHF) =  -5.40471928801     A.U. after   13 cycles
            NFock= 13  Conv=0.29D-08     -V/T= 1.7865
 Range of M.O.s used for correlation:     1    12
 NBasis=    12 NAE=     6 NBE=     6 NFC=     0 NFV=     0
 NROrb=     12 NOA=     6 NOB=     6 NVA=     6 NVB=     6

 **** Warning!!: The smallest alpha delta epsilon is  0.17647881D-01

 Semi-Direct transformation.
 ModeAB=           4 MOrb=             6 LenV=     134090331
 LASXX=         2181 LTotXX=        2181 LenRXX=        5115
 LTotAB=        2934 MaxLAS=        3024 LenRXY=           0
 NonZer=        7296 LenScr=      655360 LnRSAI=        3024
 LnScr1=      655360 LExtra=           0 Total=      1318859
 MaxDsk=          -1 SrtSym=           T ITran=            3
 JobTyp=0 Pass  1:  I=   1 to   6.
 (rs|ai) integrals will be sorted in core.
 Spin components of T(2) and E(2):
     alpha-alpha T2 =       0.4341665426D-01 E2=     -0.1103376903D-01
     alpha-beta  T2 =       0.4116988536D+01 E2=     -0.6529809259D+00
     beta-beta   T2 =       0.4341665426D-01 E2=     -0.1103376903D-01
 ANorm=    0.2281188691D+01
 E2 =    -0.6750484640D+00 EUMP2 =    -0.60797677519759D+01
 Second order stability test of a single determinant RHF wave function:
 Stabil:  MDV=134217728
 ***********************************************************************
 Matrix         Lowest Root    Major Pairs
 ***********************************************************************
 Internal RHF    -0.1299134    6A=7A
 RRHF --> CRHF   -0.1649469    5A=7A
 RRHF --> RUHF   -0.5410899    6A=8B
 Not stable.
 ***********************************************************************

 **********************************************************************

            Population analysis using the SCF density.

 **********************************************************************

 Orbital symmetries:
       Occupied  (AG) (BU) (AG) (BU) (AG) (AG)
       Virtual   (BU) (BU) (BU) (AG) (AG) (BU)
 The electronic state is 1-AG.
 Alpha  occ. eigenvalues --   -0.87916  -0.78372  -0.62952  -0.58512  -0.22671
 Alpha  occ. eigenvalues --   -0.15836
 Alpha virt. eigenvalues --   -0.14071  -0.08466   0.45132   0.47945   0.74009
 Alpha virt. eigenvalues --    0.93516
          Condensed to atoms (all electrons):
               1          2          3          4          5          6
     1  H    1.261017   0.027770  -0.362603   0.322861  -0.000222  -0.097434
     2  H    0.027770   0.700276  -0.009305  -0.076967  -0.052892   0.472123
     3  H   -0.362603  -0.009305   1.100020  -0.051907   0.000181   0.009896
     4  H    0.322861  -0.076967  -0.051907   0.937152  -0.000551  -0.085492
     5  H   -0.000222  -0.052892   0.000181  -0.000551   1.167854  -0.057671
     6  H   -0.097434   0.472123   0.009896  -0.085492  -0.057671   0.759609
     7  H   -0.333013  -0.082129   0.202154   0.284625  -0.000119   0.032901
     8  H   -0.037798   0.001489   0.284625  -0.063577   0.000346   0.001045
     9  H   -0.008691   0.000042   0.032901   0.001045  -0.000061   0.000439
    10  H    0.000176  -0.000053  -0.000119   0.000346   0.000015  -0.000061
    11  H    0.007691   0.000307  -0.082129   0.001489  -0.000053   0.000042
    12  H    0.126259   0.007691  -0.333013  -0.037798   0.000176  -0.008691
               7          8          9         10         11         12
     1  H   -0.333013  -0.037798  -0.008691   0.000176   0.007691   0.126259
     2  H   -0.082129   0.001489   0.000042  -0.000053   0.000307   0.007691
     3  H    0.202154   0.284625   0.032901  -0.000119  -0.082129  -0.333013
     4  H    0.284625  -0.063577   0.001045   0.000346   0.001489  -0.037798
     5  H   -0.000119   0.000346  -0.000061   0.000015  -0.000053   0.000176
     6  H    0.032901   0.001045   0.000439  -0.000061   0.000042  -0.008691
     7  H    1.100020  -0.051907   0.009896   0.000181  -0.009305  -0.362603
     8  H   -0.051907   0.937152  -0.085492  -0.000551  -0.076967   0.322861
     9  H    0.009896  -0.085492   0.759609  -0.057671   0.472123  -0.097434
    10  H    0.000181  -0.000551  -0.057671   1.167854  -0.052892  -0.000222
    11  H   -0.009305  -0.076967   0.472123  -0.052892   0.700276   0.027770
    12  H   -0.362603   0.322861  -0.097434  -0.000222   0.027770   1.261017
 Mulliken charges:
               1
     1  H    0.093987
     2  H    0.011649
     3  H    0.209300
     4  H   -0.231226
     5  H   -0.057004
     6  H   -0.026706
     7  H    0.209300
     8  H   -0.231226
     9  H   -0.026706
    10  H   -0.057004
    11  H    0.011649
    12  H    0.093987
 Sum of Mulliken charges =   0.00000
 Mulliken charges with hydrogens summed into heavy atoms:
               1
 Electronic spatial extent (au):  <R**2>=            264.7683
 Charge=              0.0000 electrons
 Dipole moment (field-independent basis, Debye):
    X=             -0.0000    Y=              0.0000    Z=             -0.0000  Tot=              0.0000
 Quadrupole moment (field-independent basis, Debye-Ang):
   XX=            -14.2578   YY=            -30.6775   ZZ=            -14.8786
   XY=              2.2075   XZ=              0.0000   YZ=             -0.0000
 Traceless Quadrupole moment (field-independent basis, Debye-Ang):
   XX=              5.6802   YY=            -10.7395   ZZ=              5.0594
   XY=              2.2075   XZ=              0.0000   YZ=             -0.0000
 Octapole moment (field-independent basis, Debye-Ang**2):
  XXX=             -0.0000  YYY=              0.0000  ZZZ=              0.0000  XYY=             -0.0000
  XXY=              0.0000  XXZ=              0.0000  XZZ=             -0.0000  YZZ=              0.0000
  YYZ=             -0.0000  XYZ=              0.0000
 Hexadecapole moment (field-independent basis, Debye-Ang**3):
 XXXX=            -45.4404 YYYY=           -736.1940 ZZZZ=            -17.5014 XXXY=             34.7962
 XXXZ=             -0.0000 YYYX=             80.9793 YYYZ=              0.0000 ZZZX=             -0.0000
 ZZZY=              0.0000 XXYY=            -97.8042 XXZZ=            -10.6171 YYZZ=            -85.6493
 XXYZ=              0.0000 YYXZ=             -0.0000 ZZXY=             11.6255
 N-N= 1.715689088534D+01 E-N=-4.546995374117D+01  KE= 6.871911642131D+00
 Symmetry AG   KE= 4.713362378400D+00
 Symmetry BG   KE= 0.000000000000D+00
 Symmetry AU   KE= 0.000000000000D+00
 Symmetry BU   KE= 2.158549263731D+00

 Test job not archived.
 1\1\GINC-SULU\Stability\RHF\Gen\H12\LCJ1\17-Feb-2017\0\\#rhf/gen scf(s
 ymm,tight,novaracc,noincfock,fulldiag) stable(crhf) guess=read geom=no
 crowd test\\hf stability analysis of h12 triangular lattice, y= 0.3614
 4298565221100\\0,1\H\H,1,1.6377307499\H,1,1.6377307499,2,154.5\H,2,1.6
 377307499,1,25.5,3,0.,0\H,2,1.6377307499,1,180.,3,0.,0\H,4,1.637730749
 9,3,180.,5,0.,0\H,6,1.6377307499,5,180.,3,0.,0\H,4,1.6377307499,2,180.
 ,3,0.,0\H,3,1.6377307499,1,180.,4,0.,0\H,9,1.6377307499,3,180.,4,0.,0\
 H,8,1.6377307499,4,180.,3,0.,0\H,7,1.6377307499,6,180.,3,0.,0\\Version
 =ES64L-G09RevE.01\State=1-AG\HF=-5.4047193\MP2=-6.0797678\RMSD=2.919e-
 09\Dipole=0.,0.,0.\Quadrupole=3.2359967,3.7615086,-6.9975052,0.,3.7106
 807,0.\PG=C02H [SGH(H12)]\\@


 SOME PEOPLE TRY TO PULL THE WOOL OVER YOUR EYES
 USING THE WRONG YARN.
 Job cpu time:       0 days  0 hours  0 minutes  1.0 seconds.
 File lengths (MBytes):  RWF=     84 Int=      0 D2E=      0 Chk=      2 Scr=      2
 Normal termination of Gaussian 09 at Fri Feb 17 14:55:26 2017.
