 Entering Gaussian System, Link 0=g09
 AtFile(1): H.gbs
            H     0
            S   10   1.00
               1000.000000000000            0.000068713567
                316.227766000000            0.000169141320
                100.000000000000            0.000823394812
                 31.622776600000            0.003425569236
                 10.000000000000            0.013951996000
                  3.162277660000            0.056909313560
                  1.000000000000            0.198286399900
                  0.316227766000            0.496922426700
                  0.100000000000            0.369846276400
                  0.031622776600            0.003752720039
            ****
 Initial command:
 /projects/guscus/apps/gau/g09-e1/g09/l1.exe "/users/lcj1/gaussian/h12/rhfstability/rect/guess/ag4bu2/Gau-6081.inp" -scrdir="/users/lcj1/gaussian/h12/rhfstability/rect/guess/ag4bu2/"
 Entering Link 1 = /projects/guscus/apps/gau/g09-e1/g09/l1.exe PID=      6082.
  
 Copyright (c) 1988,1990,1992,1993,1995,1998,2003,2009,2015,
            Gaussian, Inc.  All Rights Reserved.
  
 This is part of the Gaussian(R) 09 program.  It is based on
 the Gaussian(R) 03 system (copyright 2003, Gaussian, Inc.),
 the Gaussian(R) 98 system (copyright 1998, Gaussian, Inc.),
 the Gaussian(R) 94 system (copyright 1995, Gaussian, Inc.),
 the Gaussian 92(TM) system (copyright 1992, Gaussian, Inc.),
 the Gaussian 90(TM) system (copyright 1990, Gaussian, Inc.),
 the Gaussian 88(TM) system (copyright 1988, Gaussian, Inc.),
 the Gaussian 86(TM) system (copyright 1986, Carnegie Mellon
 University), and the Gaussian 82(TM) system (copyright 1983,
 Carnegie Mellon University). Gaussian is a federally registered
 trademark of Gaussian, Inc.
  
 This software contains proprietary and confidential information,
 including trade secrets, belonging to Gaussian, Inc.
  
 This software is provided under written license and may be
 used, copied, transmitted, or stored only in accord with that
 written license.
  
 The following legend is applicable only to US Government
 contracts under FAR:
  
                    RESTRICTED RIGHTS LEGEND
  
 Use, reproduction and disclosure by the US Government is
 subject to restrictions as set forth in subparagraphs (a)
 and (c) of the Commercial Computer Software - Restricted
 Rights clause in FAR 52.227-19.
  
 Gaussian, Inc.
 340 Quinnipiac St., Bldg. 40, Wallingford CT 06492
  
  
 ---------------------------------------------------------------
 Warning -- This program may not be used in any manner that
 competes with the business of Gaussian, Inc. or will provide
 assistance to any competitor of Gaussian, Inc.  The licensee
 of this program is prohibited from giving any competitor of
 Gaussian, Inc. access to this program.  By using this program,
 the user acknowledges that Gaussian, Inc. is engaged in the
 business of creating and licensing software in the field of
 computational chemistry and represents and warrants to the
 licensee that it is not a competitor of Gaussian, Inc. and that
 it will not use this program in any manner prohibited above.
 ---------------------------------------------------------------
  

 Cite this work as:
 Gaussian 09, Revision E.01,
 M. J. Frisch, G. W. Trucks, H. B. Schlegel, G. E. Scuseria, 
 M. A. Robb, J. R. Cheeseman, G. Scalmani, V. Barone, B. Mennucci, 
 G. A. Petersson, H. Nakatsuji, M. Caricato, X. Li, H. P. Hratchian, 
 A. F. Izmaylov, J. Bloino, G. Zheng, J. L. Sonnenberg, M. Hada, 
 M. Ehara, K. Toyota, R. Fukuda, J. Hasegawa, M. Ishida, T. Nakajima, 
 Y. Honda, O. Kitao, H. Nakai, T. Vreven, J. A. Montgomery, Jr., 
 J. E. Peralta, F. Ogliaro, M. Bearpark, J. J. Heyd, E. Brothers, 
 K. N. Kudin, V. N. Staroverov, T. Keith, R. Kobayashi, J. Normand, 
 K. Raghavachari, A. Rendell, J. C. Burant, S. S. Iyengar, J. Tomasi, 
 M. Cossi, N. Rega, J. M. Millam, M. Klene, J. E. Knox, J. B. Cross, 
 V. Bakken, C. Adamo, J. Jaramillo, R. Gomperts, R. E. Stratmann, 
 O. Yazyev, A. J. Austin, R. Cammi, C. Pomelli, J. W. Ochterski, 
 R. L. Martin, K. Morokuma, V. G. Zakrzewski, G. A. Voth, 
 P. Salvador, J. J. Dannenberg, S. Dapprich, A. D. Daniels, 
 O. Farkas, J. B. Foresman, J. V. Ortiz, J. Cioslowski, 
 and D. J. Fox, Gaussian, Inc., Wallingford CT, 2013.
 
 ******************************************
 Gaussian 09:  ES64L-G09RevE.01 30-Nov-2015
                17-Feb-2017 
 ******************************************
 %chk=h12.chk
 ----------------------------------------------------------------------
 #rhf/gen scf(symm,tight,novaracc,noincfock,fulldiag) stable(crhf) gues
 s=read geom=nocrowd test
 ----------------------------------------------------------------------
 1/38=1/1;
 2/12=1,17=6,18=5,40=1/2;
 3/5=7,16=1,25=1,30=1,116=1/1,2,3;
 4/5=1,9=4/1;
 5/5=100002,15=2,16=1,32=2,38=6/2;
 8/6=1,10=90,11=11/1,4;
 9/8=4,13=1/2;
 6/7=2,8=2,9=2,10=2,28=1/1;
 99/5=1,9=1/99;
 ----------------------------------------------------------------------
 hf stability analysis of h12 triangular lattice, y= 1.0760973851886237
 ----------------------------------------------------------------------
 Symbolic Z-matrix:
 Charge =  0 Multiplicity = 1
 H
 H                    1     1.20243 
 H                    1     1.20243  2     53. 
 H                    2     1.20243  1     127.     3     0.       0
 H                    2     1.20243  1     180.     3     0.       0
 H                    4     1.20243  3     180.     5     0.       0
 H                    6     1.20243  5     180.     3     0.       0
 H                    4     1.20243  2     180.     3     0.       0
 H                    3     1.20243  1     180.     4     0.       0
 H                    9     1.20243  3     180.     4     0.       0
 H                    8     1.20243  4     180.     3     0.       0
 H                    7     1.20243  6     180.     3     0.       0
 
                          Input orientation:                          
 ---------------------------------------------------------------------
 Center     Atomic      Atomic             Coordinates (Angstroms)
 Number     Number       Type             X           Y           Z
 ---------------------------------------------------------------------
      1          1           0        0.000000    0.000000    0.000000
      2          1           0        0.000000    0.000000    1.202432
      3          1           0        0.960305    0.000000    0.723641
      4          1           0        0.960305    0.000000    1.926073
      5          1           0        0.000000    0.000000    2.404863
      6          1           0        0.960305    0.000000    3.128505
      7          1           0        1.920609    0.000000    3.852146
      8          1           0        1.920609    0.000000    2.649714
      9          1           0        1.920609    0.000000    1.447283
     10          1           0        2.880914    0.000000    2.170924
     11          1           0        2.880914    0.000000    3.373356
     12          1           0        2.880914    0.000000    4.575787
 ---------------------------------------------------------------------
                    Distance matrix (angstroms):
                    1          2          3          4          5
     1  H    0.000000
     2  H    1.202432   0.000000
     3  H    1.202432   1.073045   0.000000
     4  H    2.152195   1.202432   1.202432   0.000000
     5  H    2.404863   1.202432   1.936154   1.073045   0.000000
     6  H    3.272572   2.152195   2.404863   1.202432   1.202432
     7  H    4.304389   3.272572   3.272572   2.152195   2.404863
     8  H    3.272572   2.404863   2.152195   1.202432   1.936154
     9  H    2.404863   1.936154   1.202432   1.073045   2.146089
    10  H    3.607295   3.039349   2.404863   1.936154   2.890396
    11  H    4.436124   3.607295   3.272572   2.404863   3.039349
    12  H    5.407171   4.436124   4.304389   3.272572   3.607295
                    6          7          8          9         10
     6  H    0.000000
     7  H    1.202432   0.000000
     8  H    1.073045   1.202432   0.000000
     9  H    1.936154   2.404863   1.202432   0.000000
    10  H    2.146089   1.936154   1.073045   1.202432   0.000000
    11  H    1.936154   1.073045   1.202432   2.152195   1.202432
    12  H    2.404863   1.202432   2.152195   3.272572   2.404863
                   11         12
    11  H    0.000000
    12  H    1.202432   0.000000
 Stoichiometry    H12
 Framework group  C2H[SGH(H12)]
 Deg. of freedom    11
 Full point group                 C2H     NOp   4
 Largest Abelian subgroup         C2H     NOp   4
 Largest concise Abelian subgroup C2      NOp   2
                         Standard orientation:                         
 ---------------------------------------------------------------------
 Center     Atomic      Atomic             Coordinates (Angstroms)
 Number     Number       Type             X           Y           Z
 ---------------------------------------------------------------------
      1          1           0        0.960305    2.527289    0.000000
      2          1           0        0.000000    1.803647    0.000000
      3          1           0        0.960305    1.324857    0.000000
      4          1           0        0.000000    0.601216    0.000000
      5          1           0       -0.960305    1.080006    0.000000
      6          1           0       -0.960305   -0.122426    0.000000
      7          1           0       -0.960305   -1.324857    0.000000
      8          1           0       -0.000000   -0.601216    0.000000
      9          1           0        0.960305    0.122426   -0.000000
     10          1           0        0.960305   -1.080006   -0.000000
     11          1           0       -0.000000   -1.803647    0.000000
     12          1           0       -0.960305   -2.527289    0.000000
 ---------------------------------------------------------------------
 Rotational constants (GHZ):     85.9336895     18.2886069     15.0793786
 General basis read from cards:  (5D, 7F)
 There are     6 symmetry adapted cartesian basis functions of AG  symmetry.
 There are     0 symmetry adapted cartesian basis functions of BG  symmetry.
 There are     0 symmetry adapted cartesian basis functions of AU  symmetry.
 There are     6 symmetry adapted cartesian basis functions of BU  symmetry.
 There are     6 symmetry adapted basis functions of AG  symmetry.
 There are     0 symmetry adapted basis functions of BG  symmetry.
 There are     0 symmetry adapted basis functions of AU  symmetry.
 There are     6 symmetry adapted basis functions of BU  symmetry.
    12 basis functions,   120 primitive gaussians,    12 cartesian basis functions
     6 alpha electrons        6 beta electrons
       nuclear repulsion energy        19.2081231768 Hartrees.
 NAtoms=   12 NActive=   12 NUniq=    6 SFac= 4.00D+00 NAtFMM=   60 NAOKFM=F Big=F
 Integral buffers will be    131072 words long.
 Regular integral format.
 Two-electron integral symmetry is turned on.
 One-electron integrals computed using PRISM.
 NBasis=    12 RedAO= T EigKep=  1.88D-01  NBF=     6     0     0     6
 NBsUse=    12 1.00D-06 EigRej= -1.00D+00 NBFU=     6     0     0     6
 Initial guess from the checkpoint file:  "h12.chk"
 B after Tr=    -0.000000   -0.000000    0.000000
         Rot=    0.990315   -0.000000   -0.000000   -0.138841 Ang= -15.96 deg.
 Initial guess orbital symmetries:
       Occupied  (AG) (BU) (BU) (AG) (AG) (AG)
       Virtual   (BU) (BU) (BU) (AG) (AG) (BU)
 Keep R1 ints in memory in symmetry-blocked form, NReq=902776.
 Requested convergence on RMS density matrix=1.00D-08 within 128 cycles.
 Requested convergence on MAX density matrix=1.00D-06.
 Requested convergence on             energy=1.00D-06.
 No special actions if energy rises.
 SCF Done:  E(RHF) =  -5.41013016146     A.U. after   20 cycles
            NFock= 20  Conv=0.19D-10     -V/T= 1.8052
 Range of M.O.s used for correlation:     1    12
 NBasis=    12 NAE=     6 NBE=     6 NFC=     0 NFV=     0
 NROrb=     12 NOA=     6 NOB=     6 NVA=     6 NVB=     6

 **** Warning!!: The smallest alpha delta epsilon is -0.67054864D-01

 Semi-Direct transformation.
 ModeAB=           4 MOrb=             6 LenV=     134085081
 LASXX=         2181 LTotXX=        2181 LenRXX=        5115
 LTotAB=        2934 MaxLAS=        3024 LenRXY=           0
 NonZer=        7296 LenScr=      655360 LnRSAI=        3024
 LnScr1=      655360 LExtra=           0 Total=      1318859
 MaxDsk=          -1 SrtSym=           T ITran=            3
 JobTyp=0 Pass  1:  I=   1 to   6.
 (rs|ai) integrals will be sorted in core.
 Spin components of T(2) and E(2):
     alpha-alpha T2 =       0.2006933276D-01 E2=     -0.1967536576D-01
     alpha-beta  T2 =       0.5957989046D+00 E2=     -0.1518778914D+00
     beta-beta   T2 =       0.2006933276D-01 E2=     -0.1967536576D-01
 ANorm=    0.1279037752D+01
 E2 =    -0.1912286230D+00 EUMP2 =    -0.56013587844176D+01
 Second order stability test of a single determinant RHF wave function:
 Stabil:  MDV=134217728
 ***********************************************************************
 Matrix         Lowest Root    Major Pairs
 ***********************************************************************
 Internal RHF    -0.2155124    6A=7A
 RRHF --> CRHF   -0.2914876    6A=7A
 RRHF --> RUHF   -0.4656748    6A=7B
 Not stable.
 ***********************************************************************

 **********************************************************************

            Population analysis using the SCF density.

 **********************************************************************

 Orbital symmetries:
       Occupied  (AG) (BU) (BU) (AG) (AG) (AG)
       Virtual   (BU) (AG) (BU) (BU) (BU) (AG)
 The electronic state is 1-AG.
 Alpha  occ. eigenvalues --   -0.92041  -0.75540  -0.56406  -0.54260  -0.30432
 Alpha  occ. eigenvalues --   -0.06782
 Alpha virt. eigenvalues --   -0.13487   0.17953   0.23426   0.37752   0.50010
 Alpha virt. eigenvalues --    0.58878
          Condensed to atoms (all electrons):
               1          2          3          4          5          6
     1  H    0.946813  -0.192107   0.072620  -0.121036   0.050479   0.017336
     2  H   -0.192107   1.215326   0.088089   0.237236   0.060898  -0.141262
     3  H    0.072620   0.088089   0.928199   0.128854  -0.188668  -0.038952
     4  H   -0.121036   0.237236   0.128854   0.944318  -0.189360  -0.082944
     5  H    0.050479   0.060898  -0.188668  -0.189360   1.323880   0.266706
     6  H    0.017336  -0.141262  -0.038952  -0.082944   0.266706   1.181304
     7  H   -0.000610  -0.002249   0.016893   0.021437  -0.078930   0.059307
     8  H   -0.029242   0.019488   0.021437   0.335569  -0.143398  -0.211049
     9  H    0.079936  -0.217281   0.059307  -0.211049  -0.008729   0.114557
    10  H    0.011282  -0.007635  -0.078930  -0.143398   0.056448  -0.008729
    11  H   -0.002910   0.021127  -0.002249   0.019488  -0.007635  -0.217281
    12  H    0.000959  -0.002910  -0.000610  -0.029242   0.011282   0.079936
               7          8          9         10         11         12
     1  H   -0.000610  -0.029242   0.079936   0.011282  -0.002910   0.000959
     2  H   -0.002249   0.019488  -0.217281  -0.007635   0.021127  -0.002910
     3  H    0.016893   0.021437   0.059307  -0.078930  -0.002249  -0.000610
     4  H    0.021437   0.335569  -0.211049  -0.143398   0.019488  -0.029242
     5  H   -0.078930  -0.143398  -0.008729   0.056448  -0.007635   0.011282
     6  H    0.059307  -0.211049   0.114557  -0.008729  -0.217281   0.079936
     7  H    0.928199   0.128854  -0.038952  -0.188668   0.088089   0.072620
     8  H    0.128854   0.944318  -0.082944  -0.189360   0.237236  -0.121036
     9  H   -0.038952  -0.082944   1.181304   0.266706  -0.141262   0.017336
    10  H   -0.188668  -0.189360   0.266706   1.323880   0.060898   0.050479
    11  H    0.088089   0.237236  -0.141262   0.060898   1.215326  -0.192107
    12  H    0.072620  -0.121036   0.017336   0.050479  -0.192107   0.946813
 Mulliken charges:
               1
     1  H    0.166479
     2  H   -0.078718
     3  H   -0.005988
     4  H    0.090128
     5  H   -0.152973
     6  H   -0.018928
     7  H   -0.005988
     8  H    0.090128
     9  H   -0.018928
    10  H   -0.152973
    11  H   -0.078718
    12  H    0.166479
 Sum of Mulliken charges =  -0.00000
 Mulliken charges with hydrogens summed into heavy atoms:
               1
 Electronic spatial extent (au):  <R**2>=            152.9661
 Charge=             -0.0000 electrons
 Dipole moment (field-independent basis, Debye):
    X=             -0.0000    Y=             -0.0000    Z=              0.0000  Tot=              0.0000
 Quadrupole moment (field-independent basis, Debye-Ang):
   XX=            -19.9258   YY=            -11.0036   ZZ=            -15.0877
   XY=              5.8229   XZ=              0.0000   YZ=             -0.0000
 Traceless Quadrupole moment (field-independent basis, Debye-Ang):
   XX=             -4.5868   YY=              4.3354   ZZ=              0.2514
   XY=              5.8229   XZ=              0.0000   YZ=             -0.0000
 Octapole moment (field-independent basis, Debye-Ang**2):
  XXX=              0.0000  YYY=             -0.0000  ZZZ=             -0.0000  XYY=             -0.0000
  XXY=             -0.0000  XXZ=             -0.0000  XZZ=              0.0000  YZZ=              0.0000
  YYZ=              0.0000  XYZ=              0.0000
 Hexadecapole moment (field-independent basis, Debye-Ang**3):
 XXXX=            -93.2753 YYYY=           -166.5481 ZZZZ=            -17.8789 XXXY=            -14.0861
 XXXZ=              0.0000 YYYX=              4.1770 YYYZ=              0.0000 ZZZX=              0.0000
 ZZZY=              0.0000 XXYY=            -50.6134 XXZZ=            -17.3096 YYZZ=            -38.4759
 XXYZ=              0.0000 YYXZ=              0.0000 ZZXY=             -5.7912
 N-N= 1.920812317680D+01 E-N=-4.964627837626D+01  KE= 6.718999464826D+00
 Symmetry AG   KE= 5.083881001968D+00
 Symmetry BG   KE= 0.000000000000D+00
 Symmetry AU   KE= 0.000000000000D+00
 Symmetry BU   KE= 1.635118462858D+00

 Test job not archived.
 1\1\GINC-SULU\Stability\RHF\Gen\H12\LCJ1\17-Feb-2017\0\\#rhf/gen scf(s
 ymm,tight,novaracc,noincfock,fulldiag) stable(crhf) guess=read geom=no
 crowd test\\hf stability analysis of h12 triangular lattice, y= 1.0760
 973851886237\\0,1\H\H,1,1.2024316138\H,1,1.2024316138,2,53.\H,2,1.2024
 316138,1,127.,3,0.,0\H,2,1.2024316138,1,180.,3,0.,0\H,4,1.2024316138,3
 ,180.,5,0.,0\H,6,1.2024316138,5,180.,3,0.,0\H,4,1.2024316138,2,180.,3,
 0.,0\H,3,1.2024316138,1,180.,4,0.,0\H,9,1.2024316138,3,180.,4,0.,0\H,8
 ,1.2024316138,4,180.,3,0.,0\H,7,1.2024316138,6,180.,3,0.,0\\Version=ES
 64L-G09RevE.01\State=1-AG\HF=-5.4101302\MP2=-5.6013588\RMSD=1.871e-11\
 Dipole=0.,0.,0.\Quadrupole=-3.3407395,0.1868869,3.1538526,0.,4.3815312
 ,0.\PG=C02H [SGH(H12)]\\@


 THIS CURIOUS WORLD WHICH WE INHABIT IS MORE WONDERFUL THAN IT IS CONVENIENT;
 MORE BEAUTIFUL THAN IT IS USEFUL;
 IT IS MORE TO BE ADMIRED THAN IT IS TO BE USED.

                                                                 -- THOREAU
 Job cpu time:       0 days  0 hours  0 minutes  1.1 seconds.
 File lengths (MBytes):  RWF=     84 Int=      0 D2E=      0 Chk=      2 Scr=      2
 Normal termination of Gaussian 09 at Fri Feb 17 15:06:02 2017.
