 Entering Gaussian System, Link 0=g09
 AtFile(1): H.gbs
            H     0
            S   10   1.00
               1000.000000000000            0.000068713567
                316.227766000000            0.000169141320
                100.000000000000            0.000823394812
                 31.622776600000            0.003425569236
                 10.000000000000            0.013951996000
                  3.162277660000            0.056909313560
                  1.000000000000            0.198286399900
                  0.316227766000            0.496922426700
                  0.100000000000            0.369846276400
                  0.031622776600            0.003752720039
            ****
 Initial command:
 /projects/guscus/apps/gau/g09-e1/g09/l1.exe "/users/lcj1/gaussian/h12/rhfstability/rect/guess/ag4bu2/Gau-22339.inp" -scrdir="/users/lcj1/gaussian/h12/rhfstability/rect/guess/ag4bu2/"
 Entering Link 1 = /projects/guscus/apps/gau/g09-e1/g09/l1.exe PID=     22340.
  
 Copyright (c) 1988,1990,1992,1993,1995,1998,2003,2009,2015,
            Gaussian, Inc.  All Rights Reserved.
  
 This is part of the Gaussian(R) 09 program.  It is based on
 the Gaussian(R) 03 system (copyright 2003, Gaussian, Inc.),
 the Gaussian(R) 98 system (copyright 1998, Gaussian, Inc.),
 the Gaussian(R) 94 system (copyright 1995, Gaussian, Inc.),
 the Gaussian 92(TM) system (copyright 1992, Gaussian, Inc.),
 the Gaussian 90(TM) system (copyright 1990, Gaussian, Inc.),
 the Gaussian 88(TM) system (copyright 1988, Gaussian, Inc.),
 the Gaussian 86(TM) system (copyright 1986, Carnegie Mellon
 University), and the Gaussian 82(TM) system (copyright 1983,
 Carnegie Mellon University). Gaussian is a federally registered
 trademark of Gaussian, Inc.
  
 This software contains proprietary and confidential information,
 including trade secrets, belonging to Gaussian, Inc.
  
 This software is provided under written license and may be
 used, copied, transmitted, or stored only in accord with that
 written license.
  
 The following legend is applicable only to US Government
 contracts under FAR:
  
                    RESTRICTED RIGHTS LEGEND
  
 Use, reproduction and disclosure by the US Government is
 subject to restrictions as set forth in subparagraphs (a)
 and (c) of the Commercial Computer Software - Restricted
 Rights clause in FAR 52.227-19.
  
 Gaussian, Inc.
 340 Quinnipiac St., Bldg. 40, Wallingford CT 06492
  
  
 ---------------------------------------------------------------
 Warning -- This program may not be used in any manner that
 competes with the business of Gaussian, Inc. or will provide
 assistance to any competitor of Gaussian, Inc.  The licensee
 of this program is prohibited from giving any competitor of
 Gaussian, Inc. access to this program.  By using this program,
 the user acknowledges that Gaussian, Inc. is engaged in the
 business of creating and licensing software in the field of
 computational chemistry and represents and warrants to the
 licensee that it is not a competitor of Gaussian, Inc. and that
 it will not use this program in any manner prohibited above.
 ---------------------------------------------------------------
  

 Cite this work as:
 Gaussian 09, Revision E.01,
 M. J. Frisch, G. W. Trucks, H. B. Schlegel, G. E. Scuseria, 
 M. A. Robb, J. R. Cheeseman, G. Scalmani, V. Barone, B. Mennucci, 
 G. A. Petersson, H. Nakatsuji, M. Caricato, X. Li, H. P. Hratchian, 
 A. F. Izmaylov, J. Bloino, G. Zheng, J. L. Sonnenberg, M. Hada, 
 M. Ehara, K. Toyota, R. Fukuda, J. Hasegawa, M. Ishida, T. Nakajima, 
 Y. Honda, O. Kitao, H. Nakai, T. Vreven, J. A. Montgomery, Jr., 
 J. E. Peralta, F. Ogliaro, M. Bearpark, J. J. Heyd, E. Brothers, 
 K. N. Kudin, V. N. Staroverov, T. Keith, R. Kobayashi, J. Normand, 
 K. Raghavachari, A. Rendell, J. C. Burant, S. S. Iyengar, J. Tomasi, 
 M. Cossi, N. Rega, J. M. Millam, M. Klene, J. E. Knox, J. B. Cross, 
 V. Bakken, C. Adamo, J. Jaramillo, R. Gomperts, R. E. Stratmann, 
 O. Yazyev, A. J. Austin, R. Cammi, C. Pomelli, J. W. Ochterski, 
 R. L. Martin, K. Morokuma, V. G. Zakrzewski, G. A. Voth, 
 P. Salvador, J. J. Dannenberg, S. Dapprich, A. D. Daniels, 
 O. Farkas, J. B. Foresman, J. V. Ortiz, J. Cioslowski, 
 and D. J. Fox, Gaussian, Inc., Wallingford CT, 2013.
 
 ******************************************
 Gaussian 09:  ES64L-G09RevE.01 30-Nov-2015
                17-Feb-2017 
 ******************************************
 %chk=h12.chk
 ----------------------------------------------------------------------
 #rhf/gen scf(symm,tight,novaracc,noincfock,fulldiag) stable(crhf) gues
 s=read geom=nocrowd test
 ----------------------------------------------------------------------
 1/38=1/1;
 2/12=1,17=6,18=5,40=1/2;
 3/5=7,16=1,25=1,30=1,116=1/1,2,3;
 4/5=1,9=4/1;
 5/5=100002,15=2,16=1,32=2,38=6/2;
 8/6=1,10=90,11=11/1,4;
 9/8=4,13=1/2;
 6/7=2,8=2,9=2,10=2,28=1/1;
 99/5=1,9=1/99;
 ----------------------------------------------------------------------
 hf stability analysis of h12 triangular lattice, y= 0.5889881594497650
 1
 ----------------------------------------------------------------------
 Symbolic Z-matrix:
 Charge =  0 Multiplicity = 1
 H
 H                    1     1.14358 
 H                    1     1.14358  2     118. 
 H                    2     1.14358  1     62.      3     0.       0
 H                    2     1.14358  1     180.     3     0.       0
 H                    4     1.14358  3     180.     5     0.       0
 H                    6     1.14358  5     180.     3     0.       0
 H                    4     1.14358  2     180.     3     0.       0
 H                    3     1.14358  1     180.     4     0.       0
 H                    9     1.14358  3     180.     4     0.       0
 H                    8     1.14358  4     180.     3     0.       0
 H                    7     1.14358  6     180.     3     0.       0
 
                          Input orientation:                          
 ---------------------------------------------------------------------
 Center     Atomic      Atomic             Coordinates (Angstroms)
 Number     Number       Type             X           Y           Z
 ---------------------------------------------------------------------
      1          1           0        0.000000    0.000000    0.000000
      2          1           0        0.000000    0.000000    1.143582
      3          1           0        1.009723    0.000000   -0.536879
      4          1           0        1.009723    0.000000    0.606703
      5          1           0        0.000000    0.000000    2.287164
      6          1           0        1.009723    0.000000    1.750284
      7          1           0        2.019446    0.000000    1.213405
      8          1           0        2.019446    0.000000    0.069824
      9          1           0        2.019446    0.000000   -1.073758
     10          1           0        3.029168    0.000000   -1.610637
     11          1           0        3.029168    0.000000   -0.467056
     12          1           0        3.029168    0.000000    0.676526
 ---------------------------------------------------------------------
                    Distance matrix (angstroms):
                    1          2          3          4          5
     1  H    0.000000
     2  H    1.143582   0.000000
     3  H    1.143582   1.960482   0.000000
     4  H    1.177976   1.143582   1.143582   0.000000
     5  H    2.287164   1.143582   2.999126   1.960482   0.000000
     6  H    2.020652   1.177976   2.287164   1.143582   1.143582
     7  H    2.355953   2.020652   2.020652   1.177976   2.287164
     8  H    2.020652   2.287164   1.177976   1.143582   2.999126
     9  H    2.287164   2.999126   1.143582   1.960482   3.920964
    10  H    3.430745   4.094091   2.287164   2.999126   4.936468
    11  H    3.064964   3.430745   2.020652   2.287164   4.094091
    12  H    3.103796   3.064964   2.355953   2.020652   3.430745
                    6          7          8          9         10
     6  H    0.000000
     7  H    1.143582   0.000000
     8  H    1.960482   1.143582   0.000000
     9  H    2.999126   2.287164   1.143582   0.000000
    10  H    3.920964   2.999126   1.960482   1.143582   0.000000
    11  H    2.999126   1.960482   1.143582   1.177976   1.143582
    12  H    2.287164   1.143582   1.177976   2.020652   2.287164
                   11         12
    11  H    0.000000
    12  H    1.143582   0.000000
 Stoichiometry    H12
 Framework group  C2H[SGH(H12)]
 Deg. of freedom    11
 Full point group                 C2H     NOp   4
 Largest Abelian subgroup         C2H     NOp   4
 Largest concise Abelian subgroup C2      NOp   2
                         Standard orientation:                         
 ---------------------------------------------------------------------
 Center     Atomic      Atomic             Coordinates (Angstroms)
 Number     Number       Type             X           Y           Z
 ---------------------------------------------------------------------
      1          1           0        1.009723    1.178494   -0.000000
      2          1           0        0.000000    1.715373   -0.000000
      3          1           0        1.009723    0.034912   -0.000000
      4          1           0        0.000000    0.571791   -0.000000
      5          1           0       -1.009723    2.252252   -0.000000
      6          1           0       -1.009723    1.108670   -0.000000
      7          1           0       -1.009723   -0.034912    0.000000
      8          1           0       -0.000000   -0.571791   -0.000000
      9          1           0        1.009723   -1.108670   -0.000000
     10          1           0        1.009723   -2.252252   -0.000000
     11          1           0       -0.000000   -1.715373   -0.000000
     12          1           0       -1.009723   -1.178494   -0.000000
 ---------------------------------------------------------------------
 Rotational constants (GHZ):     72.6323317     21.6378522     16.6713121
 General basis read from cards:  (5D, 7F)
 There are     6 symmetry adapted cartesian basis functions of AG  symmetry.
 There are     0 symmetry adapted cartesian basis functions of BG  symmetry.
 There are     0 symmetry adapted cartesian basis functions of AU  symmetry.
 There are     6 symmetry adapted cartesian basis functions of BU  symmetry.
 There are     6 symmetry adapted basis functions of AG  symmetry.
 There are     0 symmetry adapted basis functions of BG  symmetry.
 There are     0 symmetry adapted basis functions of AU  symmetry.
 There are     6 symmetry adapted basis functions of BU  symmetry.
    12 basis functions,   120 primitive gaussians,    12 cartesian basis functions
     6 alpha electrons        6 beta electrons
       nuclear repulsion energy        19.6267806814 Hartrees.
 NAtoms=   12 NActive=   12 NUniq=    6 SFac= 4.00D+00 NAtFMM=   60 NAOKFM=F Big=F
 Integral buffers will be    131072 words long.
 Regular integral format.
 Two-electron integral symmetry is turned on.
 One-electron integrals computed using PRISM.
 NBasis=    12 RedAO= T EigKep=  1.71D-01  NBF=     6     0     0     6
 NBsUse=    12 1.00D-06 EigRej= -1.00D+00 NBFU=     6     0     0     6
 Initial guess from the checkpoint file:  "h12.chk"
 B after Tr=    -0.000000   -0.000000   -0.000000
         Rot=    0.998518   -0.000000    0.000000    0.054430 Ang=   6.24 deg.
 Initial guess orbital symmetries:
       Occupied  (AG) (BU) (BU) (AG) (AG) (AG)
       Virtual   (BU) (BU) (BU) (AG) (AG) (BU)
 Keep R1 ints in memory in symmetry-blocked form, NReq=903994.
 Requested convergence on RMS density matrix=1.00D-08 within 128 cycles.
 Requested convergence on MAX density matrix=1.00D-06.
 Requested convergence on             energy=1.00D-06.
 No special actions if energy rises.
 SCF Done:  E(RHF) =  -5.61141200964     A.U. after   11 cycles
            NFock= 11  Conv=0.26D-08     -V/T= 1.8510
 Range of M.O.s used for correlation:     1    12
 NBasis=    12 NAE=     6 NBE=     6 NFC=     0 NFV=     0
 NROrb=     12 NOA=     6 NOB=     6 NVA=     6 NVB=     6

 **** Warning!!: The smallest alpha delta epsilon is  0.72447839D-01

 Semi-Direct transformation.
 ModeAB=           4 MOrb=             6 LenV=     134084395
 LASXX=         2181 LTotXX=        2181 LenRXX=        5115
 LTotAB=        2934 MaxLAS=        3024 LenRXY=           0
 NonZer=        7296 LenScr=      655360 LnRSAI=        3024
 LnScr1=      655360 LExtra=           0 Total=      1318859
 MaxDsk=          -1 SrtSym=           T ITran=            3
 JobTyp=0 Pass  1:  I=   1 to   6.
 (rs|ai) integrals will be sorted in core.
 Spin components of T(2) and E(2):
     alpha-alpha T2 =       0.1174891366D-01 E2=     -0.1403806072D-01
     alpha-beta  T2 =       0.1160088668D+00 E2=     -0.1243186171D+00
     beta-beta   T2 =       0.1174891366D-01 E2=     -0.1403806072D-01
 ANorm=    0.1067476789D+01
 E2 =    -0.1523947386D+00 EUMP2 =    -0.57638067482012D+01
 Second order stability test of a single determinant RHF wave function:
 Stabil:  MDV=134217728
 ***********************************************************************
 Matrix         Lowest Root    Major Pairs
 ***********************************************************************
 Internal RHF    -0.1484482    6A=7A
 RRHF --> CRHF   -0.1888972    6A=7A
 RRHF --> RUHF   -0.2681203    6A=7B
 Not stable.
 ***********************************************************************

 **********************************************************************

            Population analysis using the SCF density.

 **********************************************************************

 Orbital symmetries:
       Occupied  (AG) (BU) (BU) (AG) (AG) (AG)
       Virtual   (BU) (BU) (AG) (BU) (BU) (AG)
 The electronic state is 1-AG.
 Alpha  occ. eigenvalues --   -0.90155  -0.75451  -0.58600  -0.53595  -0.33849
 Alpha  occ. eigenvalues --   -0.14708
 Alpha virt. eigenvalues --   -0.07463   0.21504   0.25238   0.40402   0.63766
 Alpha virt. eigenvalues --    0.64506
          Condensed to atoms (all electrons):
               1          2          3          4          5          6
     1  H    1.231131   0.129381   0.359854  -0.359108  -0.009549  -0.072503
     2  H    0.129381   1.031820  -0.115432   0.233001   0.100121  -0.178258
     3  H    0.359854  -0.115432   1.066165  -0.276289  -0.005608   0.024009
     4  H   -0.359108   0.233001  -0.276289   1.544858  -0.067148  -0.167855
     5  H   -0.009549   0.100121  -0.005608  -0.067148   0.471798   0.265742
     6  H   -0.072503  -0.178258   0.024009  -0.167855   0.265742   0.942243
     7  H    0.028341  -0.152911   0.108713  -0.353599   0.008828   0.304215
     8  H   -0.188015   0.025334  -0.353599   0.748422  -0.023176  -0.082913
     9  H   -0.014406  -0.028272   0.304215  -0.082913   0.002735   0.024469
    10  H   -0.000276   0.000118   0.008828  -0.023176   0.000716   0.002735
    11  H   -0.002369   0.019501  -0.152911   0.025334   0.000118  -0.028272
    12  H    0.042181  -0.002369   0.028341  -0.188015  -0.000276  -0.014406
               7          8          9         10         11         12
     1  H    0.028341  -0.188015  -0.014406  -0.000276  -0.002369   0.042181
     2  H   -0.152911   0.025334  -0.028272   0.000118   0.019501  -0.002369
     3  H    0.108713  -0.353599   0.304215   0.008828  -0.152911   0.028341
     4  H   -0.353599   0.748422  -0.082913  -0.023176   0.025334  -0.188015
     5  H    0.008828  -0.023176   0.002735   0.000716   0.000118  -0.000276
     6  H    0.304215  -0.082913   0.024469   0.002735  -0.028272  -0.014406
     7  H    1.066165  -0.276289   0.024009  -0.005608  -0.115432   0.359854
     8  H   -0.276289   1.544858  -0.167855  -0.067148   0.233001  -0.359108
     9  H    0.024009  -0.167855   0.942243   0.265742  -0.178258  -0.072503
    10  H   -0.005608  -0.067148   0.265742   0.471798   0.100121  -0.009549
    11  H   -0.115432   0.233001  -0.178258   0.100121   1.031820   0.129381
    12  H    0.359854  -0.359108  -0.072503  -0.009549   0.129381   1.231131
 Mulliken charges:
               1
     1  H   -0.144662
     2  H   -0.062034
     3  H    0.003714
     4  H   -0.033511
     5  H    0.255699
     6  H   -0.019205
     7  H    0.003714
     8  H   -0.033511
     9  H   -0.019205
    10  H    0.255699
    11  H   -0.062034
    12  H   -0.144662
 Sum of Mulliken charges =  -0.00000
 Mulliken charges with hydrogens summed into heavy atoms:
               1
 Electronic spatial extent (au):  <R**2>=            139.2084
 Charge=             -0.0000 electrons
 Dipole moment (field-independent basis, Debye):
    X=              0.0000    Y=              0.0000    Z=             -0.0000  Tot=              0.0000
 Quadrupole moment (field-independent basis, Debye-Ang):
   XX=            -20.2837   YY=             -7.2970   ZZ=            -15.1843
   XY=             -8.3852   XZ=             -0.0000   YZ=              0.0000
 Traceless Quadrupole moment (field-independent basis, Debye-Ang):
   XX=             -6.0287   YY=              6.9580   ZZ=             -0.9293
   XY=             -8.3852   XZ=             -0.0000   YZ=              0.0000
 Octapole moment (field-independent basis, Debye-Ang**2):
  XXX=              0.0000  YYY=              0.0000  ZZZ=              0.0000  XYY=              0.0000
  XXY=              0.0000  XXZ=              0.0000  XZZ=              0.0000  YZZ=              0.0000
  YYZ=             -0.0000  XYZ=              0.0000
 Hexadecapole moment (field-independent basis, Debye-Ang**3):
 XXXX=           -105.3239 YYYY=           -119.9325 ZZZZ=            -18.0683 XXXY=              3.7813
 XXXZ=              0.0000 YYYX=            -27.1692 YYYZ=              0.0000 ZZZX=              0.0000
 ZZZY=             -0.0000 XXYY=            -38.6459 XXZZ=            -18.7929 YYZZ=            -33.3566
 XXYZ=             -0.0000 YYXZ=             -0.0000 ZZXY=              3.7645
 N-N= 1.962678068138D+01 E-N=-5.054349254357D+01  KE= 6.594260040138D+00
 Symmetry AG   KE= 5.017087467131D+00
 Symmetry BG   KE= 0.000000000000D+00
 Symmetry AU   KE= 0.000000000000D+00
 Symmetry BU   KE= 1.577172573006D+00

 Test job not archived.
 1\1\GINC-SULU\Stability\RHF\Gen\H12\LCJ1\17-Feb-2017\0\\#rhf/gen scf(s
 ymm,tight,novaracc,noincfock,fulldiag) stable(crhf) guess=read geom=no
 crowd test\\hf stability analysis of h12 triangular lattice, y= 0.5889
 8815944976501\\0,1\H\H,1,1.1435817532\H,1,1.1435817532,2,118.\H,2,1.14
 35817532,1,62.,3,0.,0\H,2,1.1435817532,1,180.,3,0.,0\H,4,1.1435817532,
 3,180.,5,0.,0\H,6,1.1435817532,5,180.,3,0.,0\H,4,1.1435817532,2,180.,3
 ,0.,0\H,3,1.1435817532,1,180.,4,0.,0\H,9,1.1435817532,3,180.,4,0.,0\H,
 8,1.1435817532,4,180.,3,0.,0\H,7,1.1435817532,6,180.,3,0.,0\\Version=E
 S64L-G09RevE.01\State=1-AG\HF=-5.611412\MP2=-5.7638067\RMSD=2.595e-09\
 Dipole=0.,0.,0.\Quadrupole=-2.123316,-0.6909054,2.8142215,0.,-7.488394
 6,0.\PG=C02H [SGH(H12)]\\@


 THE RARE EARTHS PERPLEX US IN OUR RESEARCHES,
 BAFFLE US IN OUR SPECULATIONS, AND HAUNT US IN OUR
 VERY DREAMS.  THEY STRETCH LIKE AN UNKNOWN BEFORE US,
 MOCKING, MYSTIFYING, AND MURMURING STRANGE REVELATIONS
 AND POSSIBILITIES.  -- SIR WILLIAM CROOKE, 1832-1919
 Job cpu time:       0 days  0 hours  0 minutes  1.1 seconds.
 File lengths (MBytes):  RWF=     84 Int=      0 D2E=      0 Chk=      2 Scr=      2
 Normal termination of Gaussian 09 at Fri Feb 17 14:59:09 2017.
