 Entering Gaussian System, Link 0=g09
 AtFile(1): H.gbs
            H     0
            S   10   1.00
               1000.000000000000            0.000068713567
                316.227766000000            0.000169141320
                100.000000000000            0.000823394812
                 31.622776600000            0.003425569236
                 10.000000000000            0.013951996000
                  3.162277660000            0.056909313560
                  1.000000000000            0.198286399900
                  0.316227766000            0.496922426700
                  0.100000000000            0.369846276400
                  0.031622776600            0.003752720039
            ****
 Initial command:
 /projects/guscus/apps/gau/g09-e1/g09/l1.exe "/users/lcj1/gaussian/h12/rhfstability/rect/guess/ag4bu2/Gau-13177.inp" -scrdir="/users/lcj1/gaussian/h12/rhfstability/rect/guess/ag4bu2/"
 Entering Link 1 = /projects/guscus/apps/gau/g09-e1/g09/l1.exe PID=     13178.
  
 Copyright (c) 1988,1990,1992,1993,1995,1998,2003,2009,2015,
            Gaussian, Inc.  All Rights Reserved.
  
 This is part of the Gaussian(R) 09 program.  It is based on
 the Gaussian(R) 03 system (copyright 2003, Gaussian, Inc.),
 the Gaussian(R) 98 system (copyright 1998, Gaussian, Inc.),
 the Gaussian(R) 94 system (copyright 1995, Gaussian, Inc.),
 the Gaussian 92(TM) system (copyright 1992, Gaussian, Inc.),
 the Gaussian 90(TM) system (copyright 1990, Gaussian, Inc.),
 the Gaussian 88(TM) system (copyright 1988, Gaussian, Inc.),
 the Gaussian 86(TM) system (copyright 1986, Carnegie Mellon
 University), and the Gaussian 82(TM) system (copyright 1983,
 Carnegie Mellon University). Gaussian is a federally registered
 trademark of Gaussian, Inc.
  
 This software contains proprietary and confidential information,
 including trade secrets, belonging to Gaussian, Inc.
  
 This software is provided under written license and may be
 used, copied, transmitted, or stored only in accord with that
 written license.
  
 The following legend is applicable only to US Government
 contracts under FAR:
  
                    RESTRICTED RIGHTS LEGEND
  
 Use, reproduction and disclosure by the US Government is
 subject to restrictions as set forth in subparagraphs (a)
 and (c) of the Commercial Computer Software - Restricted
 Rights clause in FAR 52.227-19.
  
 Gaussian, Inc.
 340 Quinnipiac St., Bldg. 40, Wallingford CT 06492
  
  
 ---------------------------------------------------------------
 Warning -- This program may not be used in any manner that
 competes with the business of Gaussian, Inc. or will provide
 assistance to any competitor of Gaussian, Inc.  The licensee
 of this program is prohibited from giving any competitor of
 Gaussian, Inc. access to this program.  By using this program,
 the user acknowledges that Gaussian, Inc. is engaged in the
 business of creating and licensing software in the field of
 computational chemistry and represents and warrants to the
 licensee that it is not a competitor of Gaussian, Inc. and that
 it will not use this program in any manner prohibited above.
 ---------------------------------------------------------------
  

 Cite this work as:
 Gaussian 09, Revision E.01,
 M. J. Frisch, G. W. Trucks, H. B. Schlegel, G. E. Scuseria, 
 M. A. Robb, J. R. Cheeseman, G. Scalmani, V. Barone, B. Mennucci, 
 G. A. Petersson, H. Nakatsuji, M. Caricato, X. Li, H. P. Hratchian, 
 A. F. Izmaylov, J. Bloino, G. Zheng, J. L. Sonnenberg, M. Hada, 
 M. Ehara, K. Toyota, R. Fukuda, J. Hasegawa, M. Ishida, T. Nakajima, 
 Y. Honda, O. Kitao, H. Nakai, T. Vreven, J. A. Montgomery, Jr., 
 J. E. Peralta, F. Ogliaro, M. Bearpark, J. J. Heyd, E. Brothers, 
 K. N. Kudin, V. N. Staroverov, T. Keith, R. Kobayashi, J. Normand, 
 K. Raghavachari, A. Rendell, J. C. Burant, S. S. Iyengar, J. Tomasi, 
 M. Cossi, N. Rega, J. M. Millam, M. Klene, J. E. Knox, J. B. Cross, 
 V. Bakken, C. Adamo, J. Jaramillo, R. Gomperts, R. E. Stratmann, 
 O. Yazyev, A. J. Austin, R. Cammi, C. Pomelli, J. W. Ochterski, 
 R. L. Martin, K. Morokuma, V. G. Zakrzewski, G. A. Voth, 
 P. Salvador, J. J. Dannenberg, S. Dapprich, A. D. Daniels, 
 O. Farkas, J. B. Foresman, J. V. Ortiz, J. Cioslowski, 
 and D. J. Fox, Gaussian, Inc., Wallingford CT, 2013.
 
 ******************************************
 Gaussian 09:  ES64L-G09RevE.01 30-Nov-2015
                17-Feb-2017 
 ******************************************
 %chk=h12.chk
 ----------------------------------------------------------------------
 #rhf/gen scf(symm,tight,novaracc,noincfock,fulldiag) stable(crhf) gues
 s=read geom=nocrowd test
 ----------------------------------------------------------------------
 1/38=1/1;
 2/12=1,17=6,18=5,40=1/2;
 3/5=7,16=1,25=1,30=1,116=1/1,2,3;
 4/5=1,9=4/1;
 5/5=100002,15=2,16=1,32=2,38=6/2;
 8/6=1,10=90,11=11/1,4;
 9/8=4,13=1/2;
 6/7=2,8=2,9=2,10=2,28=1/1;
 99/5=1,9=1/99;
 ----------------------------------------------------------------------
 hf stability analysis of h12 triangular lattice, y= 0.3540551300279828
 3
 ----------------------------------------------------------------------
 Symbolic Z-matrix:
 Charge =  0 Multiplicity = 1
 H
 H                    1     1.66867 
 H                    1     1.66867  2     155.5 
 H                    2     1.66867  1     24.5     3     0.       0
 H                    2     1.66867  1     180.     3     0.       0
 H                    4     1.66867  3     180.     5     0.       0
 H                    6     1.66867  5     180.     3     0.       0
 H                    4     1.66867  2     180.     3     0.       0
 H                    3     1.66867  1     180.     4     0.       0
 H                    9     1.66867  3     180.     4     0.       0
 H                    8     1.66867  4     180.     3     0.       0
 H                    7     1.66867  6     180.     3     0.       0
 
                          Input orientation:                          
 ---------------------------------------------------------------------
 Center     Atomic      Atomic             Coordinates (Angstroms)
 Number     Number       Type             X           Y           Z
 ---------------------------------------------------------------------
      1          1           0        0.000000    0.000000    0.000000
      2          1           0        0.000000    0.000000    1.668673
      3          1           0        0.691987    0.000000   -1.518428
      4          1           0        0.691987    0.000000    0.150245
      5          1           0        0.000000    0.000000    3.337346
      6          1           0        0.691987    0.000000    1.818918
      7          1           0        1.383975    0.000000    0.300490
      8          1           0        1.383975    0.000000   -1.368182
      9          1           0        1.383975    0.000000   -3.036855
     10          1           0        2.075962    0.000000   -4.555283
     11          1           0        2.075962    0.000000   -2.886610
     12          1           0        2.075962    0.000000   -1.217937
 ---------------------------------------------------------------------
                    Distance matrix (angstroms):
                    1          2          3          4          5
     1  H    0.000000
     2  H    1.668673   0.000000
     3  H    1.668673   3.261358   0.000000
     4  H    0.708110   1.668673   1.668673   0.000000
     5  H    3.337346   1.668673   4.904832   3.261358   0.000000
     6  H    1.946101   0.708110   3.337346   1.668673   1.668673
     7  H    1.416220   1.946101   1.946101   0.708110   3.337346
     8  H    1.946101   3.337346   0.708110   1.668673   4.904832
     9  H    3.337346   4.904832   1.668673   3.261358   6.522716
    10  H    5.006019   6.561040   3.337346   4.904832   8.161079
    11  H    3.555578   5.006019   1.946101   3.337346   6.561040
    12  H    2.406863   3.555578   1.416220   1.946101   5.006019
                    6          7          8          9         10
     6  H    0.000000
     7  H    1.668673   0.000000
     8  H    3.261358   1.668673   0.000000
     9  H    4.904832   3.337346   1.668673   0.000000
    10  H    6.522716   4.904832   3.261358   1.668673   0.000000
    11  H    4.904832   3.261358   1.668673   0.708110   1.668673
    12  H    3.337346   1.668673   0.708110   1.946101   3.337346
                   11         12
    11  H    0.000000
    12  H    1.668673   0.000000
 Stoichiometry    H12
 Framework group  C2H[SGH(H12)]
 Deg. of freedom    11
 Full point group                 C2H     NOp   4
 Largest Abelian subgroup         C2H     NOp   4
 Largest concise Abelian subgroup C2      NOp   2
                         Standard orientation:                         
 ---------------------------------------------------------------------
 Center     Atomic      Atomic             Coordinates (Angstroms)
 Number     Number       Type             X           Y           Z
 ---------------------------------------------------------------------
      1          1           0        0.691987    0.984582    0.000000
      2          1           0        0.000000    2.503009    0.000000
      3          1           0        0.691987   -0.684091    0.000000
      4          1           0        0.000000    0.834336    0.000000
      5          1           0       -0.691987    4.021437    0.000000
      6          1           0       -0.691987    2.352764    0.000000
      7          1           0       -0.691987    0.684091   -0.000000
      8          1           0       -0.000000   -0.834336    0.000000
      9          1           0        0.691987   -2.352764    0.000000
     10          1           0        0.691987   -4.021437    0.000000
     11          1           0       -0.000000   -2.503009    0.000000
     12          1           0       -0.691987   -0.984582    0.000000
 ---------------------------------------------------------------------
 Rotational constants (GHZ):    192.5542590      8.1618953      7.8300010
 General basis read from cards:  (5D, 7F)
 There are     6 symmetry adapted cartesian basis functions of AG  symmetry.
 There are     0 symmetry adapted cartesian basis functions of BG  symmetry.
 There are     0 symmetry adapted cartesian basis functions of AU  symmetry.
 There are     6 symmetry adapted cartesian basis functions of BU  symmetry.
 There are     6 symmetry adapted basis functions of AG  symmetry.
 There are     0 symmetry adapted basis functions of BG  symmetry.
 There are     0 symmetry adapted basis functions of AU  symmetry.
 There are     6 symmetry adapted basis functions of BU  symmetry.
    12 basis functions,   120 primitive gaussians,    12 cartesian basis functions
     6 alpha electrons        6 beta electrons
       nuclear repulsion energy        17.0631377659 Hartrees.
 NAtoms=   12 NActive=   12 NUniq=    6 SFac= 4.00D+00 NAtFMM=   60 NAOKFM=F Big=F
 Integral buffers will be    131072 words long.
 Regular integral format.
 Two-electron integral symmetry is turned on.
 One-electron integrals computed using PRISM.
 NBasis=    12 RedAO= T EigKep=  8.96D-02  NBF=     6     0     0     6
 NBsUse=    12 1.00D-06 EigRej= -1.00D+00 NBFU=     6     0     0     6
 Initial guess from the checkpoint file:  "h12.chk"
 B after Tr=    -0.000000   -0.000000    0.000000
         Rot=    0.986781    0.000000    0.000000    0.162058 Ang=  18.65 deg.
 Initial guess orbital symmetries:
       Occupied  (AG) (BU) (BU) (AG) (AG) (AG)
       Virtual   (BU) (BU) (BU) (AG) (AG) (BU)
 Keep R1 ints in memory in symmetry-blocked form, NReq=897386.
 Requested convergence on RMS density matrix=1.00D-08 within 128 cycles.
 Requested convergence on MAX density matrix=1.00D-06.
 Requested convergence on             energy=1.00D-06.
 No special actions if energy rises.
 SCF Done:  E(RHF) =  -5.39536323058     A.U. after   13 cycles
            NFock= 13  Conv=0.51D-09     -V/T= 1.7868
 Range of M.O.s used for correlation:     1    12
 NBasis=    12 NAE=     6 NBE=     6 NFC=     0 NFV=     0
 NROrb=     12 NOA=     6 NOB=     6 NVA=     6 NVB=     6

 **** Warning!!: The smallest alpha delta epsilon is  0.34104369D-01

 Semi-Direct transformation.
 ModeAB=           4 MOrb=             6 LenV=     134090611
 LASXX=         2181 LTotXX=        2181 LenRXX=        5115
 LTotAB=        2934 MaxLAS=        3024 LenRXY=           0
 NonZer=        7296 LenScr=      655360 LnRSAI=        3024
 LnScr1=      655360 LExtra=           0 Total=      1318859
 MaxDsk=          -1 SrtSym=           T ITran=            3
 JobTyp=0 Pass  1:  I=   1 to   6.
 (rs|ai) integrals will be sorted in core.
 Spin components of T(2) and E(2):
     alpha-alpha T2 =       0.3999007378D-01 E2=     -0.1036027519D-01
     alpha-beta  T2 =       0.4381724728D+01 E2=     -0.6779847877D+00
     beta-beta   T2 =       0.3999007378D-01 E2=     -0.1036027519D-01
 ANorm=    0.2337029070D+01
 E2 =    -0.6987053381D+00 EUMP2 =    -0.60940685686538D+01
 Second order stability test of a single determinant RHF wave function:
 Stabil:  MDV=134217728
 ***********************************************************************
 Matrix         Lowest Root    Major Pairs
 ***********************************************************************
 Internal RHF    -0.1119991    6A=7A 5A=8A 6A=8A
 RRHF --> CRHF   -0.1587263    5A=7A
 RRHF --> RUHF   -0.5470781    6A=8B
 Not stable.
 ***********************************************************************

 **********************************************************************

            Population analysis using the SCF density.

 **********************************************************************

 Orbital symmetries:
       Occupied  (AG) (BU) (AG) (BU) (AG) (AG)
       Virtual   (BU) (BU) (BU) (AG) (AG) (BU)
 The electronic state is 1-AG.
 Alpha  occ. eigenvalues --   -0.87592  -0.78595  -0.63407  -0.59596  -0.22031
 Alpha  occ. eigenvalues --   -0.16407
 Alpha virt. eigenvalues --   -0.12997  -0.09315   0.46100   0.48562   0.77515
 Alpha virt. eigenvalues --    0.96629
          Condensed to atoms (all electrons):
               1          2          3          4          5          6
     1  H    1.261308   0.026947  -0.354953   0.314643  -0.000051  -0.090760
     2  H    0.026947   0.690954  -0.008020  -0.071848  -0.050185   0.473794
     3  H   -0.354953  -0.008020   1.118321  -0.049286   0.000131   0.008851
     4  H    0.314643  -0.071848  -0.049286   0.934612  -0.000202  -0.079087
     5  H   -0.000051  -0.050185   0.000131  -0.000202   1.151426  -0.054036
     6  H   -0.090760   0.473794   0.008851  -0.079087  -0.054036   0.740924
     7  H   -0.355228  -0.078016   0.204453   0.281156  -0.000051   0.031006
     8  H   -0.034199   0.001360   0.281156  -0.057842   0.000257   0.000982
     9  H   -0.007664   0.000024   0.031006   0.000982  -0.000045   0.000326
    10  H    0.000127  -0.000040  -0.000051   0.000257   0.000012  -0.000045
    11  H    0.006819   0.000231  -0.078016   0.001360  -0.000040   0.000024
    12  H    0.130422   0.006819  -0.355228  -0.034199   0.000127  -0.007664
               7          8          9         10         11         12
     1  H   -0.355228  -0.034199  -0.007664   0.000127   0.006819   0.130422
     2  H   -0.078016   0.001360   0.000024  -0.000040   0.000231   0.006819
     3  H    0.204453   0.281156   0.031006  -0.000051  -0.078016  -0.355228
     4  H    0.281156  -0.057842   0.000982   0.000257   0.001360  -0.034199
     5  H   -0.000051   0.000257  -0.000045   0.000012  -0.000040   0.000127
     6  H    0.031006   0.000982   0.000326  -0.000045   0.000024  -0.007664
     7  H    1.118321  -0.049286   0.008851   0.000131  -0.008020  -0.354953
     8  H   -0.049286   0.934612  -0.079087  -0.000202  -0.071848   0.314643
     9  H    0.008851  -0.079087   0.740924  -0.054036   0.473794  -0.090760
    10  H    0.000131  -0.000202  -0.054036   1.151426  -0.050185  -0.000051
    11  H   -0.008020  -0.071848   0.473794  -0.050185   0.690954   0.026947
    12  H   -0.354953   0.314643  -0.090760  -0.000051   0.026947   1.261308
 Mulliken charges:
               1
     1  H    0.102588
     2  H    0.007981
     3  H    0.201637
     4  H   -0.240547
     5  H   -0.047344
     6  H   -0.024315
     7  H    0.201637
     8  H   -0.240547
     9  H   -0.024315
    10  H   -0.047344
    11  H    0.007981
    12  H    0.102588
 Sum of Mulliken charges =   0.00000
 Mulliken charges with hydrogens summed into heavy atoms:
               1
 Electronic spatial extent (au):  <R**2>=            272.3771
 Charge=              0.0000 electrons
 Dipole moment (field-independent basis, Debye):
    X=             -0.0000    Y=              0.0000    Z=             -0.0000  Tot=              0.0000
 Quadrupole moment (field-independent basis, Debye-Ang):
   XX=            -14.3224   YY=            -29.5240   ZZ=            -14.8996
   XY=              1.9071   XZ=              0.0000   YZ=              0.0000
 Traceless Quadrupole moment (field-independent basis, Debye-Ang):
   XX=              5.2596   YY=             -9.9420   ZZ=              4.6824
   XY=              1.9071   XZ=              0.0000   YZ=              0.0000
 Octapole moment (field-independent basis, Debye-Ang**2):
  XXX=              0.0000  YYY=              0.0000  ZZZ=             -0.0000  XYY=              0.0000
  XXY=              0.0000  XXZ=             -0.0000  XZZ=              0.0000  YZZ=              0.0000
  YYZ=             -0.0000  XYZ=              0.0000
 Hexadecapole moment (field-independent basis, Debye-Ang**3):
 XXXX=            -44.5547 YYYY=           -745.1467 ZZZZ=            -17.5481 XXXY=             34.6205
 XXXZ=             -0.0000 YYYX=             77.4742 YYYZ=              0.0000 ZZZX=             -0.0000
 ZZZY=              0.0000 XXYY=            -99.5456 XXZZ=            -10.4664 YYZZ=            -88.7021
 XXYZ=              0.0000 YYXZ=             -0.0000 ZZXY=             11.6396
 N-N= 1.706313776586D+01 E-N=-4.522166831831D+01  KE= 6.857240838832D+00
 Symmetry AG   KE= 4.709136633321D+00
 Symmetry BG   KE= 0.000000000000D+00
 Symmetry AU   KE= 0.000000000000D+00
 Symmetry BU   KE= 2.148104205511D+00

 Test job not archived.
 1\1\GINC-SULU\Stability\RHF\Gen\H12\LCJ1\17-Feb-2017\0\\#rhf/gen scf(s
 ymm,tight,novaracc,noincfock,fulldiag) stable(crhf) guess=read geom=no
 crowd test\\hf stability analysis of h12 triangular lattice, y= 0.3540
 5513002798283\\0,1\H\H,1,1.6686728473\H,1,1.6686728473,2,155.5\H,2,1.6
 686728473,1,24.5,3,0.,0\H,2,1.6686728473,1,180.,3,0.,0\H,4,1.668672847
 3,3,180.,5,0.,0\H,6,1.6686728473,5,180.,3,0.,0\H,4,1.6686728473,2,180.
 ,3,0.,0\H,3,1.6686728473,1,180.,4,0.,0\H,9,1.6686728473,3,180.,4,0.,0\
 H,8,1.6686728473,4,180.,3,0.,0\H,7,1.6686728473,6,180.,3,0.,0\\Version
 =ES64L-G09RevE.01\State=1-AG\HF=-5.3953632\MP2=-6.0940686\RMSD=5.136e-
 10\Dipole=0.,0.,0.\Quadrupole=3.0368798,3.4812756,-6.5181554,0.,3.3346
 446,0.\PG=C02H [SGH(H12)]\\@


 KNOWLEDGE IS OF TWO KINDS:  WE KNOW A SUBJECT OURSELVES OR WE KNOW 
 WHERE WE CAN FIND INFORMATION UPON IT.

                                    -- SAMUEL JOHNSON
 Job cpu time:       0 days  0 hours  0 minutes  1.0 seconds.
 File lengths (MBytes):  RWF=     84 Int=      0 D2E=      0 Chk=      2 Scr=      2
 Normal termination of Gaussian 09 at Fri Feb 17 14:55:20 2017.
