 Entering Gaussian System, Link 0=g09
 AtFile(1): H.gbs
            H     0
            S   10   1.00
               1000.000000000000            0.000068713567
                316.227766000000            0.000169141320
                100.000000000000            0.000823394812
                 31.622776600000            0.003425569236
                 10.000000000000            0.013951996000
                  3.162277660000            0.056909313560
                  1.000000000000            0.198286399900
                  0.316227766000            0.496922426700
                  0.100000000000            0.369846276400
                  0.031622776600            0.003752720039
            ****
 Initial command:
 /projects/guscus/apps/gau/g09-e1/g09/l1.exe "/users/lcj1/gaussian/h12/rhfstability/rect/guess/ag4bu2/Gau-30876.inp" -scrdir="/users/lcj1/gaussian/h12/rhfstability/rect/guess/ag4bu2/"
 Entering Link 1 = /projects/guscus/apps/gau/g09-e1/g09/l1.exe PID=     30877.
  
 Copyright (c) 1988,1990,1992,1993,1995,1998,2003,2009,2015,
            Gaussian, Inc.  All Rights Reserved.
  
 This is part of the Gaussian(R) 09 program.  It is based on
 the Gaussian(R) 03 system (copyright 2003, Gaussian, Inc.),
 the Gaussian(R) 98 system (copyright 1998, Gaussian, Inc.),
 the Gaussian(R) 94 system (copyright 1995, Gaussian, Inc.),
 the Gaussian 92(TM) system (copyright 1992, Gaussian, Inc.),
 the Gaussian 90(TM) system (copyright 1990, Gaussian, Inc.),
 the Gaussian 88(TM) system (copyright 1988, Gaussian, Inc.),
 the Gaussian 86(TM) system (copyright 1986, Carnegie Mellon
 University), and the Gaussian 82(TM) system (copyright 1983,
 Carnegie Mellon University). Gaussian is a federally registered
 trademark of Gaussian, Inc.
  
 This software contains proprietary and confidential information,
 including trade secrets, belonging to Gaussian, Inc.
  
 This software is provided under written license and may be
 used, copied, transmitted, or stored only in accord with that
 written license.
  
 The following legend is applicable only to US Government
 contracts under FAR:
  
                    RESTRICTED RIGHTS LEGEND
  
 Use, reproduction and disclosure by the US Government is
 subject to restrictions as set forth in subparagraphs (a)
 and (c) of the Commercial Computer Software - Restricted
 Rights clause in FAR 52.227-19.
  
 Gaussian, Inc.
 340 Quinnipiac St., Bldg. 40, Wallingford CT 06492
  
  
 ---------------------------------------------------------------
 Warning -- This program may not be used in any manner that
 competes with the business of Gaussian, Inc. or will provide
 assistance to any competitor of Gaussian, Inc.  The licensee
 of this program is prohibited from giving any competitor of
 Gaussian, Inc. access to this program.  By using this program,
 the user acknowledges that Gaussian, Inc. is engaged in the
 business of creating and licensing software in the field of
 computational chemistry and represents and warrants to the
 licensee that it is not a competitor of Gaussian, Inc. and that
 it will not use this program in any manner prohibited above.
 ---------------------------------------------------------------
  

 Cite this work as:
 Gaussian 09, Revision E.01,
 M. J. Frisch, G. W. Trucks, H. B. Schlegel, G. E. Scuseria, 
 M. A. Robb, J. R. Cheeseman, G. Scalmani, V. Barone, B. Mennucci, 
 G. A. Petersson, H. Nakatsuji, M. Caricato, X. Li, H. P. Hratchian, 
 A. F. Izmaylov, J. Bloino, G. Zheng, J. L. Sonnenberg, M. Hada, 
 M. Ehara, K. Toyota, R. Fukuda, J. Hasegawa, M. Ishida, T. Nakajima, 
 Y. Honda, O. Kitao, H. Nakai, T. Vreven, J. A. Montgomery, Jr., 
 J. E. Peralta, F. Ogliaro, M. Bearpark, J. J. Heyd, E. Brothers, 
 K. N. Kudin, V. N. Staroverov, T. Keith, R. Kobayashi, J. Normand, 
 K. Raghavachari, A. Rendell, J. C. Burant, S. S. Iyengar, J. Tomasi, 
 M. Cossi, N. Rega, J. M. Millam, M. Klene, J. E. Knox, J. B. Cross, 
 V. Bakken, C. Adamo, J. Jaramillo, R. Gomperts, R. E. Stratmann, 
 O. Yazyev, A. J. Austin, R. Cammi, C. Pomelli, J. W. Ochterski, 
 R. L. Martin, K. Morokuma, V. G. Zakrzewski, G. A. Voth, 
 P. Salvador, J. J. Dannenberg, S. Dapprich, A. D. Daniels, 
 O. Farkas, J. B. Foresman, J. V. Ortiz, J. Cioslowski, 
 and D. J. Fox, Gaussian, Inc., Wallingford CT, 2013.
 
 ******************************************
 Gaussian 09:  ES64L-G09RevE.01 30-Nov-2015
                17-Feb-2017 
 ******************************************
 %chk=h12.chk
 ----------------------------------------------------------------------
 #rhf/gen scf(symm,tight,novaracc,noincfock,fulldiag) stable(crhf) gues
 s=read geom=nocrowd test
 ----------------------------------------------------------------------
 1/38=1/1;
 2/12=1,17=6,18=5,40=1/2;
 3/5=7,16=1,25=1,30=1,116=1/1,2,3;
 4/5=1,9=4/1;
 5/5=100002,15=2,16=1,32=2,38=6/2;
 8/6=1,10=90,11=11/1,4;
 9/8=4,13=1/2;
 6/7=2,8=2,9=2,10=2,28=1/1;
 99/5=1,9=1/99;
 ----------------------------------------------------------------------
 hf stability analysis of h12 triangular lattice, y= 0.8042800232144692
 3
 ----------------------------------------------------------------------
 Symbolic Z-matrix:
 Charge =  0 Multiplicity = 1
 H
 H                    1     1.07804 
 H                    1     1.07804  2     83.5 
 H                    2     1.07804  1     96.5     3     0.       0
 H                    2     1.07804  1     180.     3     0.       0
 H                    4     1.07804  3     180.     5     0.       0
 H                    6     1.07804  5     180.     3     0.       0
 H                    4     1.07804  2     180.     3     0.       0
 H                    3     1.07804  1     180.     4     0.       0
 H                    9     1.07804  3     180.     4     0.       0
 H                    8     1.07804  4     180.     3     0.       0
 H                    7     1.07804  6     180.     3     0.       0
 
                          Input orientation:                          
 ---------------------------------------------------------------------
 Center     Atomic      Atomic             Coordinates (Angstroms)
 Number     Number       Type             X           Y           Z
 ---------------------------------------------------------------------
      1          1           0        0.000000    0.000000    0.000000
      2          1           0        0.000000    0.000000    1.078040
      3          1           0        1.071111    0.000000    0.122038
      4          1           0        1.071111    0.000000    1.200078
      5          1           0        0.000000    0.000000    2.156081
      6          1           0        1.071111    0.000000    2.278118
      7          1           0        2.142221    0.000000    2.400156
      8          1           0        2.142221    0.000000    1.322116
      9          1           0        2.142221    0.000000    0.244075
     10          1           0        3.213332    0.000000    0.366113
     11          1           0        3.213332    0.000000    1.444153
     12          1           0        3.213332    0.000000    2.522194
 ---------------------------------------------------------------------
                    Distance matrix (angstroms):
                    1          2          3          4          5
     1  H    0.000000
     2  H    1.078040   0.000000
     3  H    1.078040   1.435695   0.000000
     4  H    1.608560   1.078040   1.078040   0.000000
     5  H    2.156081   1.078040   2.298828   1.435695   0.000000
     6  H    2.517360   1.608560   2.156081   1.078040   1.078040
     7  H    3.217120   2.517360   2.517360   1.608560   2.156081
     8  H    2.517360   2.156081   1.608560   1.078040   2.298828
     9  H    2.156081   2.298828   1.078040   1.435695   2.871389
    10  H    3.234121   3.291252   2.156081   2.298828   3.678245
    11  H    3.522936   3.234121   2.517360   2.156081   3.291252
    12  H    4.084968   3.522936   3.217120   2.517360   3.234121
                    6          7          8          9         10
     6  H    0.000000
     7  H    1.078040   0.000000
     8  H    1.435695   1.078040   0.000000
     9  H    2.298828   2.156081   1.078040   0.000000
    10  H    2.871389   2.298828   1.435695   1.078040   0.000000
    11  H    2.298828   1.435695   1.078040   1.608560   1.078040
    12  H    2.156081   1.078040   1.608560   2.517360   2.156081
                   11         12
    11  H    0.000000
    12  H    1.078040   0.000000
 Stoichiometry    H12
 Framework group  C2H[SGH(H12)]
 Deg. of freedom    11
 Full point group                 C2H     NOp   4
 Largest Abelian subgroup         C2H     NOp   4
 Largest concise Abelian subgroup C2      NOp   2
                         Standard orientation:                         
 ---------------------------------------------------------------------
 Center     Atomic      Atomic             Coordinates (Angstroms)
 Number     Number       Type             X           Y           Z
 ---------------------------------------------------------------------
      1          1           0        1.071111    1.739098   -0.000000
      2          1           0        0.000000    1.617061   -0.000000
      3          1           0        1.071111    0.661058   -0.000000
      4          1           0        0.000000    0.539020   -0.000000
      5          1           0       -1.071111    1.495023   -0.000000
      6          1           0       -1.071111    0.416983   -0.000000
      7          1           0       -1.071111   -0.661058   -0.000000
      8          1           0       -0.000000   -0.539020   -0.000000
      9          1           0        1.071111   -0.416983   -0.000000
     10          1           0        1.071111   -1.495023   -0.000000
     11          1           0       -0.000000   -1.617061   -0.000000
     12          1           0       -1.071111   -1.739098   -0.000000
 ---------------------------------------------------------------------
 Rotational constants (GHZ):     55.4118317     28.3623108     18.7600559
 General basis read from cards:  (5D, 7F)
 There are     6 symmetry adapted cartesian basis functions of AG  symmetry.
 There are     0 symmetry adapted cartesian basis functions of BG  symmetry.
 There are     0 symmetry adapted cartesian basis functions of AU  symmetry.
 There are     6 symmetry adapted cartesian basis functions of BU  symmetry.
 There are     6 symmetry adapted basis functions of AG  symmetry.
 There are     0 symmetry adapted basis functions of BG  symmetry.
 There are     0 symmetry adapted basis functions of AU  symmetry.
 There are     6 symmetry adapted basis functions of BU  symmetry.
    12 basis functions,   120 primitive gaussians,    12 cartesian basis functions
     6 alpha electrons        6 beta electrons
       nuclear repulsion energy        20.1511649257 Hartrees.
 NAtoms=   12 NActive=   12 NUniq=    6 SFac= 4.00D+00 NAtFMM=   60 NAOKFM=F Big=F
 Integral buffers will be    131072 words long.
 Regular integral format.
 Two-electron integral symmetry is turned on.
 One-electron integrals computed using PRISM.
 NBasis=    12 RedAO= T EigKep=  1.10D-01  NBF=     6     0     0     6
 NBsUse=    12 1.00D-06 EigRej= -1.00D+00 NBFU=     6     0     0     6
 Initial guess from the checkpoint file:  "h12.chk"
 B after Tr=    -0.000000    0.000000   -0.000000
         Rot=    0.998753   -0.000000    0.000000   -0.049924 Ang=  -5.72 deg.
 Initial guess orbital symmetries:
       Occupied  (AG) (BU) (BU) (AG) (AG) (AG)
       Virtual   (BU) (BU) (BU) (AG) (AG) (BU)
 Keep R1 ints in memory in symmetry-blocked form, NReq=903644.
 Requested convergence on RMS density matrix=1.00D-08 within 128 cycles.
 Requested convergence on MAX density matrix=1.00D-06.
 Requested convergence on             energy=1.00D-06.
 No special actions if energy rises.
 SCF Done:  E(RHF) =  -5.84646499969     A.U. after    8 cycles
            NFock=  8  Conv=0.55D-08     -V/T= 1.9114
 Range of M.O.s used for correlation:     1    12
 NBasis=    12 NAE=     6 NBE=     6 NFC=     0 NFV=     0
 NROrb=     12 NOA=     6 NOB=     6 NVA=     6 NVB=     6
 Semi-Direct transformation.
 ModeAB=           4 MOrb=             6 LenV=     134084283
 LASXX=         2181 LTotXX=        2181 LenRXX=        5115
 LTotAB=        2934 MaxLAS=        3024 LenRXY=           0
 NonZer=        7296 LenScr=      655360 LnRSAI=        3024
 LnScr1=      655360 LExtra=           0 Total=      1318859
 MaxDsk=          -1 SrtSym=           T ITran=            3
 JobTyp=0 Pass  1:  I=   1 to   6.
 (rs|ai) integrals will be sorted in core.
 Spin components of T(2) and E(2):
     alpha-alpha T2 =       0.1112887738D-01 E2=     -0.1374631171D-01
     alpha-beta  T2 =       0.7960380123D-01 E2=     -0.1109113872D+00
     beta-beta   T2 =       0.1112887738D-01 E2=     -0.1374631171D-01
 ANorm=    0.1049695935D+01
 E2 =    -0.1384040107D+00 EUMP2 =    -0.59848690103441D+01
 Second order stability test of a single determinant RHF wave function:
 Stabil:  MDV=134217728
 ***********************************************************************
 Matrix         Lowest Root    Major Pairs
 ***********************************************************************
 Internal RHF     0.0638535    Stable
 RRHF --> CRHF    0.035498     Stable


 RRHF --> RUHF   -0.0759518    6A=7B 6A=9B 6A=8B 4A=7B 5A=7B 4A=9B 5A=9B 3A=10B 2
 A=10B 1A=12B 5A=8B 4A=8B 1A=9B 2A=11B 3A=11B 6A=12B
 Not stable.
 ***********************************************************************

 **********************************************************************

            Population analysis using the SCF density.

 **********************************************************************

 Orbital symmetries:
       Occupied  (AG) (BU) (BU) (AG) (AG) (AG)
       Virtual   (BU) (BU) (BU) (AG) (AG) (BU)
 The electronic state is 1-AG.
 Alpha  occ. eigenvalues --   -0.93590  -0.75526  -0.66049  -0.47896  -0.43089
 Alpha  occ. eigenvalues --   -0.26456
 Alpha virt. eigenvalues --    0.04576   0.18705   0.20669   0.48509   0.59845
 Alpha virt. eigenvalues --    0.98189
          Condensed to atoms (all electrons):
               1          2          3          4          5          6
     1  H    0.647409   0.143971   0.298749  -0.111215  -0.019428  -0.023517
     2  H    0.143971   0.965850  -0.148603   0.187903   0.150536  -0.134186
     3  H    0.298749  -0.148603   0.953627  -0.208847  -0.038484   0.023415
     4  H   -0.111215   0.187903  -0.208847   1.381127  -0.169962  -0.230029
     5  H   -0.019428   0.150536  -0.038484  -0.169962   0.810175   0.321061
     6  H   -0.023517  -0.134186   0.023415  -0.230029   0.321061   0.967585
     7  H    0.008324  -0.059131   0.049958  -0.154586  -0.011551   0.303930
     8  H   -0.052620   0.010764  -0.154586   0.696745  -0.086412  -0.210629
     9  H   -0.007093  -0.085516   0.303930  -0.210629   0.013918   0.067816
    10  H   -0.003177   0.001247  -0.011551  -0.086412   0.011387   0.013918
    11  H    0.001180   0.023708  -0.059131   0.010764   0.001247  -0.085516
    12  H    0.004586   0.001180   0.008324  -0.052620  -0.003177  -0.007093
               7          8          9         10         11         12
     1  H    0.008324  -0.052620  -0.007093  -0.003177   0.001180   0.004586
     2  H   -0.059131   0.010764  -0.085516   0.001247   0.023708   0.001180
     3  H    0.049958  -0.154586   0.303930  -0.011551  -0.059131   0.008324
     4  H   -0.154586   0.696745  -0.210629  -0.086412   0.010764  -0.052620
     5  H   -0.011551  -0.086412   0.013918   0.011387   0.001247  -0.003177
     6  H    0.303930  -0.210629   0.067816   0.013918  -0.085516  -0.007093
     7  H    0.953627  -0.208847   0.023415  -0.038484  -0.148603   0.298749
     8  H   -0.208847   1.381127  -0.230029  -0.169962   0.187903  -0.111215
     9  H    0.023415  -0.230029   0.967585   0.321061  -0.134186  -0.023517
    10  H   -0.038484  -0.169962   0.321061   0.810175   0.150536  -0.019428
    11  H   -0.148603   0.187903  -0.134186   0.150536   0.965850   0.143971
    12  H    0.298749  -0.111215  -0.023517  -0.019428   0.143971   0.647409
 Mulliken charges:
               1
     1  H    0.112831
     2  H   -0.057723
     3  H   -0.016801
     4  H   -0.052239
     5  H    0.020690
     6  H   -0.006758
     7  H   -0.016801
     8  H   -0.052239
     9  H   -0.006758
    10  H    0.020690
    11  H   -0.057723
    12  H    0.112831
 Sum of Mulliken charges =  -0.00000
 Mulliken charges with hydrogens summed into heavy atoms:
               1
 Electronic spatial extent (au):  <R**2>=            132.0939
 Charge=             -0.0000 electrons
 Dipole moment (field-independent basis, Debye):
    X=             -0.0000    Y=             -0.0000    Z=             -0.0000  Tot=              0.0000
 Quadrupole moment (field-independent basis, Debye-Ang):
   XX=            -19.3973   YY=            -14.6874   ZZ=            -15.1967
   XY=              1.9618   XZ=             -0.0000   YZ=              0.0000
 Traceless Quadrupole moment (field-independent basis, Debye-Ang):
   XX=             -2.9701   YY=              1.7397   ZZ=              1.2304
   XY=              1.9618   XZ=             -0.0000   YZ=              0.0000
 Octapole moment (field-independent basis, Debye-Ang**2):
  XXX=              0.0000  YYY=             -0.0000  ZZZ=              0.0000  XYY=             -0.0000
  XXY=             -0.0000  XXZ=              0.0000  XZZ=              0.0000  YZZ=             -0.0000
  YYZ=              0.0000  XYZ=             -0.0000
 Hexadecapole moment (field-independent basis, Debye-Ang**3):
 XXXX=           -111.3433 YYYY=           -156.4601 ZZZZ=            -18.0289 XXXY=             -0.7028
 XXXZ=             -0.0000 YYYX=              4.4201 YYYZ=              0.0000 ZZZX=             -0.0000
 ZZZY=              0.0000 XXYY=            -41.6870 XXZZ=            -19.8725 YYZZ=            -29.4070
 XXYZ=              0.0000 YYXZ=             -0.0000 ZZXY=             -0.9155
 N-N= 2.015116492568D+01 E-N=-5.135822687833D+01  KE= 6.415092686633D+00
 Symmetry AG   KE= 4.863118177001D+00
 Symmetry BG   KE= 0.000000000000D+00
 Symmetry AU   KE= 0.000000000000D+00
 Symmetry BU   KE= 1.551974509631D+00

 Test job not archived.
 1\1\GINC-SULU\Stability\RHF\Gen\H12\LCJ1\17-Feb-2017\0\\#rhf/gen scf(s
 ymm,tight,novaracc,noincfock,fulldiag) stable(crhf) guess=read geom=no
 crowd test\\hf stability analysis of h12 triangular lattice, y= 0.8042
 8002321446923\\0,1\H\H,1,1.0780404206\H,1,1.0780404206,2,83.5\H,2,1.07
 80404206,1,96.5,3,0.,0\H,2,1.0780404206,1,180.,3,0.,0\H,4,1.0780404206
 ,3,180.,5,0.,0\H,6,1.0780404206,5,180.,3,0.,0\H,4,1.0780404206,2,180.,
 3,0.,0\H,3,1.0780404206,1,180.,4,0.,0\H,9,1.0780404206,3,180.,4,0.,0\H
 ,8,1.0780404206,4,180.,3,0.,0\H,7,1.0780404206,6,180.,3,0.,0\\Version=
 ES64L-G09RevE.01\State=1-AG\HF=-5.846465\MP2=-5.984869\RMSD=5.547e-09\
 Dipole=0.,0.,0.\Quadrupole=0.9204595,0.9147851,-1.8352446,0.,1.815003,
 0.\PG=C02H [SGH(H12)]\\@


 ONE THORN OF EXPERIENCE IS WORTH A WHOLE WILDERNESS OF
 WARNING....  LOWELL - AMONG MY BOOKS
 Job cpu time:       0 days  0 hours  0 minutes  1.1 seconds.
 File lengths (MBytes):  RWF=     84 Int=      0 D2E=      0 Chk=      2 Scr=      2
 Normal termination of Gaussian 09 at Fri Feb 17 15:02:51 2017.
