 Entering Gaussian System, Link 0=g09
 AtFile(1): H.gbs
            H     0
            S   10   1.00
               1000.000000000000            0.000068713567
                316.227766000000            0.000169141320
                100.000000000000            0.000823394812
                 31.622776600000            0.003425569236
                 10.000000000000            0.013951996000
                  3.162277660000            0.056909313560
                  1.000000000000            0.198286399900
                  0.316227766000            0.496922426700
                  0.100000000000            0.369846276400
                  0.031622776600            0.003752720039
            ****
 Initial command:
 /projects/guscus/apps/gau/g09-e1/g09/l1.exe "/users/lcj1/gaussian/h12/rhfstability/rect/guess/ag4bu2/Gau-18279.inp" -scrdir="/users/lcj1/gaussian/h12/rhfstability/rect/guess/ag4bu2/"
 Entering Link 1 = /projects/guscus/apps/gau/g09-e1/g09/l1.exe PID=     18281.
  
 Copyright (c) 1988,1990,1992,1993,1995,1998,2003,2009,2015,
            Gaussian, Inc.  All Rights Reserved.
  
 This is part of the Gaussian(R) 09 program.  It is based on
 the Gaussian(R) 03 system (copyright 2003, Gaussian, Inc.),
 the Gaussian(R) 98 system (copyright 1998, Gaussian, Inc.),
 the Gaussian(R) 94 system (copyright 1995, Gaussian, Inc.),
 the Gaussian 92(TM) system (copyright 1992, Gaussian, Inc.),
 the Gaussian 90(TM) system (copyright 1990, Gaussian, Inc.),
 the Gaussian 88(TM) system (copyright 1988, Gaussian, Inc.),
 the Gaussian 86(TM) system (copyright 1986, Carnegie Mellon
 University), and the Gaussian 82(TM) system (copyright 1983,
 Carnegie Mellon University). Gaussian is a federally registered
 trademark of Gaussian, Inc.
  
 This software contains proprietary and confidential information,
 including trade secrets, belonging to Gaussian, Inc.
  
 This software is provided under written license and may be
 used, copied, transmitted, or stored only in accord with that
 written license.
  
 The following legend is applicable only to US Government
 contracts under FAR:
  
                    RESTRICTED RIGHTS LEGEND
  
 Use, reproduction and disclosure by the US Government is
 subject to restrictions as set forth in subparagraphs (a)
 and (c) of the Commercial Computer Software - Restricted
 Rights clause in FAR 52.227-19.
  
 Gaussian, Inc.
 340 Quinnipiac St., Bldg. 40, Wallingford CT 06492
  
  
 ---------------------------------------------------------------
 Warning -- This program may not be used in any manner that
 competes with the business of Gaussian, Inc. or will provide
 assistance to any competitor of Gaussian, Inc.  The licensee
 of this program is prohibited from giving any competitor of
 Gaussian, Inc. access to this program.  By using this program,
 the user acknowledges that Gaussian, Inc. is engaged in the
 business of creating and licensing software in the field of
 computational chemistry and represents and warrants to the
 licensee that it is not a competitor of Gaussian, Inc. and that
 it will not use this program in any manner prohibited above.
 ---------------------------------------------------------------
  

 Cite this work as:
 Gaussian 09, Revision E.01,
 M. J. Frisch, G. W. Trucks, H. B. Schlegel, G. E. Scuseria, 
 M. A. Robb, J. R. Cheeseman, G. Scalmani, V. Barone, B. Mennucci, 
 G. A. Petersson, H. Nakatsuji, M. Caricato, X. Li, H. P. Hratchian, 
 A. F. Izmaylov, J. Bloino, G. Zheng, J. L. Sonnenberg, M. Hada, 
 M. Ehara, K. Toyota, R. Fukuda, J. Hasegawa, M. Ishida, T. Nakajima, 
 Y. Honda, O. Kitao, H. Nakai, T. Vreven, J. A. Montgomery, Jr., 
 J. E. Peralta, F. Ogliaro, M. Bearpark, J. J. Heyd, E. Brothers, 
 K. N. Kudin, V. N. Staroverov, T. Keith, R. Kobayashi, J. Normand, 
 K. Raghavachari, A. Rendell, J. C. Burant, S. S. Iyengar, J. Tomasi, 
 M. Cossi, N. Rega, J. M. Millam, M. Klene, J. E. Knox, J. B. Cross, 
 V. Bakken, C. Adamo, J. Jaramillo, R. Gomperts, R. E. Stratmann, 
 O. Yazyev, A. J. Austin, R. Cammi, C. Pomelli, J. W. Ochterski, 
 R. L. Martin, K. Morokuma, V. G. Zakrzewski, G. A. Voth, 
 P. Salvador, J. J. Dannenberg, S. Dapprich, A. D. Daniels, 
 O. Farkas, J. B. Foresman, J. V. Ortiz, J. Cioslowski, 
 and D. J. Fox, Gaussian, Inc., Wallingford CT, 2013.
 
 ******************************************
 Gaussian 09:  ES64L-G09RevE.01 30-Nov-2015
                17-Feb-2017 
 ******************************************
 %chk=h12.chk
 ----------------------------------------------------------------------
 #rhf/gen scf(symm,tight,novaracc,noincfock,fulldiag) stable(crhf) gues
 s=read geom=nocrowd test
 ----------------------------------------------------------------------
 1/38=1/1;
 2/12=1,17=6,18=5,40=1/2;
 3/5=7,16=1,25=1,30=1,116=1/1,2,3;
 4/5=1,9=4/1;
 5/5=100002,15=2,16=1,32=2,38=6/2;
 8/6=1,10=90,11=11/1,4;
 9/8=4,13=1/2;
 6/7=2,8=2,9=2,10=2,28=1/1;
 99/5=1,9=1/99;
 ----------------------------------------------------------------------
 hf stability analysis of h12 triangular lattice, y= 0.4920397018298700
 0
 ----------------------------------------------------------------------
 Symbolic Z-matrix:
 Charge =  0 Multiplicity = 1
 H
 H                    1     1.27237 
 H                    1     1.27237  2     134.5 
 H                    2     1.27237  1     45.5     3     0.       0
 H                    2     1.27237  1     180.     3     0.       0
 H                    4     1.27237  3     180.     5     0.       0
 H                    6     1.27237  5     180.     3     0.       0
 H                    4     1.27237  2     180.     3     0.       0
 H                    3     1.27237  1     180.     4     0.       0
 H                    9     1.27237  3     180.     4     0.       0
 H                    8     1.27237  4     180.     3     0.       0
 H                    7     1.27237  6     180.     3     0.       0
 
                          Input orientation:                          
 ---------------------------------------------------------------------
 Center     Atomic      Atomic             Coordinates (Angstroms)
 Number     Number       Type             X           Y           Z
 ---------------------------------------------------------------------
      1          1           0        0.000000    0.000000    0.000000
      2          1           0        0.000000    0.000000    1.272371
      3          1           0        0.907519    0.000000   -0.891816
      4          1           0        0.907519    0.000000    0.380554
      5          1           0        0.000000    0.000000    2.544741
      6          1           0        0.907519    0.000000    1.652925
      7          1           0        1.815038    0.000000    0.761109
      8          1           0        1.815038    0.000000   -0.511262
      9          1           0        1.815038    0.000000   -1.783633
     10          1           0        2.722557    0.000000   -2.675449
     11          1           0        2.722557    0.000000   -1.403079
     12          1           0        2.722557    0.000000   -0.130708
 ---------------------------------------------------------------------
                    Distance matrix (angstroms):
                    1          2          3          4          5
     1  H    0.000000
     2  H    1.272371   0.000000
     3  H    1.272371   2.346763   0.000000
     4  H    0.984079   1.272371   1.272371   0.000000
     5  H    2.544741   1.272371   3.554366   2.346763   0.000000
     6  H    1.885670   0.984079   2.544741   1.272371   1.272371
     7  H    1.968159   1.885670   1.885670   0.984079   2.544741
     8  H    1.885670   2.544741   0.984079   1.272371   3.554366
     9  H    2.544741   3.554366   1.272371   2.346763   4.693526
    10  H    3.817112   4.795581   2.544741   3.554366   5.887504
    11  H    3.062833   3.817112   1.885670   2.544741   4.795581
    12  H    2.725693   3.062833   1.968159   1.885670   3.817112
                    6          7          8          9         10
     6  H    0.000000
     7  H    1.272371   0.000000
     8  H    2.346763   1.272371   0.000000
     9  H    3.554366   2.544741   1.272371   0.000000
    10  H    4.693526   3.554366   2.346763   1.272371   0.000000
    11  H    3.554366   2.346763   1.272371   0.984079   1.272371
    12  H    2.544741   1.272371   0.984079   1.885670   2.544741
                   11         12
    11  H    0.000000
    12  H    1.272371   0.000000
 Stoichiometry    H12
 Framework group  C2H[SGH(H12)]
 Deg. of freedom    11
 Full point group                 C2H     NOp   4
 Largest Abelian subgroup         C2H     NOp   4
 Largest concise Abelian subgroup C2      NOp   2
                         Standard orientation:                         
 ---------------------------------------------------------------------
 Center     Atomic      Atomic             Coordinates (Angstroms)
 Number     Number       Type             X           Y           Z
 ---------------------------------------------------------------------
      1          1           0        0.907519    1.016740   -0.000000
      2          1           0        0.000000    1.908556    0.000000
      3          1           0        0.907519   -0.255631   -0.000000
      4          1           0        0.000000    0.636185    0.000000
      5          1           0       -0.907519    2.800372    0.000000
      6          1           0       -0.907519    1.528002    0.000000
      7          1           0       -0.907519    0.255631   -0.000000
      8          1           0       -0.000000   -0.636185    0.000000
      9          1           0        0.907519   -1.528002    0.000000
     10          1           0        0.907519   -2.800372    0.000000
     11          1           0       -0.000000   -1.908556    0.000000
     12          1           0       -0.907519   -1.016740   -0.000000
 ---------------------------------------------------------------------
 Rotational constants (GHZ):    101.1637391     15.5352866     13.4671877
 General basis read from cards:  (5D, 7F)
 There are     6 symmetry adapted cartesian basis functions of AG  symmetry.
 There are     0 symmetry adapted cartesian basis functions of BG  symmetry.
 There are     0 symmetry adapted cartesian basis functions of AU  symmetry.
 There are     6 symmetry adapted cartesian basis functions of BU  symmetry.
 There are     6 symmetry adapted basis functions of AG  symmetry.
 There are     0 symmetry adapted basis functions of BG  symmetry.
 There are     0 symmetry adapted basis functions of AU  symmetry.
 There are     6 symmetry adapted basis functions of BU  symmetry.
    12 basis functions,   120 primitive gaussians,    12 cartesian basis functions
     6 alpha electrons        6 beta electrons
       nuclear repulsion energy        18.7651323881 Hartrees.
 NAtoms=   12 NActive=   12 NUniq=    6 SFac= 4.00D+00 NAtFMM=   60 NAOKFM=F Big=F
 Integral buffers will be    131072 words long.
 Regular integral format.
 Two-electron integral symmetry is turned on.
 One-electron integrals computed using PRISM.
 NBasis=    12 RedAO= T EigKep=  1.73D-01  NBF=     6     0     0     6
 NBsUse=    12 1.00D-06 EigRej= -1.00D+00 NBFU=     6     0     0     6
 Initial guess from the checkpoint file:  "h12.chk"
 B after Tr=    -0.000000    0.000000    0.000000
         Rot=    0.994657    0.000000    0.000000    0.103239 Ang=  11.85 deg.
 Initial guess orbital symmetries:
       Occupied  (AG) (BU) (BU) (AG) (AG) (AG)
       Virtual   (BU) (BU) (BU) (AG) (AG) (BU)
 Keep R1 ints in memory in symmetry-blocked form, NReq=902188.
 Requested convergence on RMS density matrix=1.00D-08 within 128 cycles.
 Requested convergence on MAX density matrix=1.00D-06.
 Requested convergence on             energy=1.00D-06.
 No special actions if energy rises.
 SCF Done:  E(RHF) =  -5.40538482680     A.U. after   16 cycles
            NFock= 16  Conv=0.45D-08     -V/T= 1.8130
 Range of M.O.s used for correlation:     1    12
 NBasis=    12 NAE=     6 NBE=     6 NFC=     0 NFV=     0
 NROrb=     12 NOA=     6 NOB=     6 NVA=     6 NVB=     6

 **** Warning!!: The smallest alpha delta epsilon is -0.96565755D-01

 Semi-Direct transformation.
 ModeAB=           4 MOrb=             6 LenV=     134086355
 LASXX=         2181 LTotXX=        2181 LenRXX=        5115
 LTotAB=        2934 MaxLAS=        3024 LenRXY=           0
 NonZer=        7296 LenScr=      655360 LnRSAI=        3024
 LnScr1=      655360 LExtra=           0 Total=      1318859
 MaxDsk=          -1 SrtSym=           T ITran=            3
 JobTyp=0 Pass  1:  I=   1 to   6.
 (rs|ai) integrals will be sorted in core.
 Spin components of T(2) and E(2):
     alpha-alpha T2 =       0.2949845841D-01 E2=     -0.2301110166D-01
     alpha-beta  T2 =       0.1992435876D+01 E2=     -0.3089807086D+00
     beta-beta   T2 =       0.2949845841D-01 E2=     -0.2301110166D-01
 ANorm=    0.1746835079D+01
 E2 =    -0.3550029119D+00 EUMP2 =    -0.57603877387417D+01
 Second order stability test of a single determinant RHF wave function:
 Stabil:  MDV=134217728
 ***********************************************************************
 Matrix         Lowest Root    Major Pairs
 ***********************************************************************
 Internal RHF    -0.1986158    6A=7A 6A=8A 5A=7A 4A=7A
 RRHF --> CRHF   -0.2931941    6A=7A
 RRHF --> RUHF   -0.6251721    6A=7B 6A=8B 4A=7B 4A=8B
 Not stable.
 ***********************************************************************

 **********************************************************************

            Population analysis using the SCF density.

 **********************************************************************

 Orbital symmetries:
       Occupied  (AG) (BU) (BU) (AG) (AG) (AG)
       Virtual   (BU) (BU) (AG) (BU) (AG) (BU)
 The electronic state is 1-AG.
 Alpha  occ. eigenvalues --   -0.96141  -0.77309  -0.56909  -0.54905  -0.32130
 Alpha  occ. eigenvalues --   -0.08262
 Alpha virt. eigenvalues --   -0.17919   0.17360   0.24120   0.27880   0.51968
 Alpha virt. eigenvalues --    0.52888
          Condensed to atoms (all electrons):
               1          2          3          4          5          6
     1  H    1.189366   0.195186  -0.045107   0.151343   0.010194  -0.182850
     2  H    0.195186   0.918804  -0.072245  -0.011606  -0.224594   0.293646
     3  H   -0.045107  -0.072245   0.898417   0.154287   0.004160  -0.020512
     4  H    0.151343  -0.011606   0.154287   0.548567   0.001066  -0.028340
     5  H    0.010194  -0.224594   0.004160   0.001066   1.457847  -0.243350
     6  H   -0.182850   0.293646  -0.020512  -0.028340  -0.243350   1.213785
     7  H   -0.168971  -0.126449   0.023041   0.100638   0.030330   0.136802
     8  H   -0.035094  -0.038747   0.100638   0.070570  -0.000045  -0.033026
     9  H   -0.059428   0.006340   0.136802  -0.033026  -0.002382   0.019916
    10  H    0.002840  -0.001654   0.030330  -0.000045   0.000681  -0.002382
    11  H    0.009976   0.011110  -0.126449  -0.038747  -0.001654   0.006340
    12  H    0.043080   0.009976  -0.168971  -0.035094   0.002840  -0.059428
               7          8          9         10         11         12
     1  H   -0.168971  -0.035094  -0.059428   0.002840   0.009976   0.043080
     2  H   -0.126449  -0.038747   0.006340  -0.001654   0.011110   0.009976
     3  H    0.023041   0.100638   0.136802   0.030330  -0.126449  -0.168971
     4  H    0.100638   0.070570  -0.033026  -0.000045  -0.038747  -0.035094
     5  H    0.030330  -0.000045  -0.002382   0.000681  -0.001654   0.002840
     6  H    0.136802  -0.033026   0.019916  -0.002382   0.006340  -0.059428
     7  H    0.898417   0.154287  -0.020512   0.004160  -0.072245  -0.045107
     8  H    0.154287   0.548567  -0.028340   0.001066  -0.011606   0.151343
     9  H   -0.020512  -0.028340   1.213785  -0.243350   0.293646  -0.182850
    10  H    0.004160   0.001066  -0.243350   1.457847  -0.224594   0.010194
    11  H   -0.072245  -0.011606   0.293646  -0.224594   0.918804   0.195186
    12  H   -0.045107   0.151343  -0.182850   0.010194   0.195186   1.189366
 Mulliken charges:
               1
     1  H   -0.110534
     2  H    0.040232
     3  H    0.085610
     4  H    0.120386
     5  H   -0.035093
     6  H   -0.100601
     7  H    0.085610
     8  H    0.120386
     9  H   -0.100601
    10  H   -0.035093
    11  H    0.040232
    12  H   -0.110534
 Sum of Mulliken charges =   0.00000
 Mulliken charges with hydrogens summed into heavy atoms:
               1
 Electronic spatial extent (au):  <R**2>=            175.9178
 Charge=              0.0000 electrons
 Dipole moment (field-independent basis, Debye):
    X=             -0.0000    Y=              0.0000    Z=             -0.0000  Tot=              0.0000
 Quadrupole moment (field-independent basis, Debye-Ang):
   XX=            -19.1158   YY=            -23.5814   ZZ=            -15.0694
   XY=              1.2669   XZ=             -0.0000   YZ=              0.0000
 Traceless Quadrupole moment (field-independent basis, Debye-Ang):
   XX=              0.1397   YY=             -4.3259   ZZ=              4.1861
   XY=              1.2669   XZ=             -0.0000   YZ=              0.0000
 Octapole moment (field-independent basis, Debye-Ang**2):
  XXX=              0.0000  YYY=              0.0000  ZZZ=             -0.0000  XYY=              0.0000
  XXY=             -0.0000  XXZ=             -0.0000  XZZ=              0.0000  YZZ=             -0.0000
  YYZ=             -0.0000  XYZ=              0.0000
 Hexadecapole moment (field-independent basis, Debye-Ang**3):
 XXXX=            -79.4674 YYYY=           -346.5912 ZZZZ=            -17.8078 XXXY=             28.2369
 XXXZ=             -0.0000 YYYX=             53.2550 YYYZ=              0.0000 ZZZX=             -0.0000
 ZZZY=              0.0000 XXYY=            -72.3727 XXZZ=            -15.7106 YYZZ=            -46.9413
 XXYZ=              0.0000 YYXZ=             -0.0000 ZZXY=              8.3027
 N-N= 1.876513238815D+01 E-N=-4.847668275399D+01  KE= 6.648749905497D+00
 Symmetry AG   KE= 4.929026319005D+00
 Symmetry BG   KE= 0.000000000000D+00
 Symmetry AU   KE= 0.000000000000D+00
 Symmetry BU   KE= 1.719723586492D+00

 Test job not archived.
 1\1\GINC-SULU\Stability\RHF\Gen\H12\LCJ1\17-Feb-2017\0\\#rhf/gen scf(s
 ymm,tight,novaracc,noincfock,fulldiag) stable(crhf) guess=read geom=no
 crowd test\\hf stability analysis of h12 triangular lattice, y= 0.4920
 3970182987000\\0,1\H\H,1,1.2723706791\H,1,1.2723706791,2,134.5\H,2,1.2
 723706791,1,45.5,3,0.,0\H,2,1.2723706791,1,180.,3,0.,0\H,4,1.272370679
 1,3,180.,5,0.,0\H,6,1.2723706791,5,180.,3,0.,0\H,4,1.2723706791,2,180.
 ,3,0.,0\H,3,1.2723706791,1,180.,4,0.,0\H,9,1.2723706791,3,180.,4,0.,0\
 H,8,1.2723706791,4,180.,3,0.,0\H,7,1.2723706791,6,180.,3,0.,0\\Version
 =ES64L-G09RevE.01\State=1-AG\HF=-5.4053848\MP2=-5.7603877\RMSD=4.545e-
 09\Dipole=0.,0.,0.\Quadrupole=-0.6433489,3.1122772,-2.4689284,0.,1.676
 2223,0.\PG=C02H [SGH(H12)]\\@


 THE SECRET OF SUCCESS IN LIFE IS TO EAT WHAT YOU LIKE, AND LET THE FOOD
 FIGHT IT OUT INSIDE YOU. -- FROM A FORTUNE COOKIE
 Job cpu time:       0 days  0 hours  0 minutes  1.1 seconds.
 File lengths (MBytes):  RWF=     84 Int=      0 D2E=      0 Chk=      2 Scr=      2
 Normal termination of Gaussian 09 at Fri Feb 17 14:57:28 2017.
