 Entering Gaussian System, Link 0=g09
 AtFile(1): H.gbs
            H     0
            S   10   1.00
               1000.000000000000            0.000068713567
                316.227766000000            0.000169141320
                100.000000000000            0.000823394812
                 31.622776600000            0.003425569236
                 10.000000000000            0.013951996000
                  3.162277660000            0.056909313560
                  1.000000000000            0.198286399900
                  0.316227766000            0.496922426700
                  0.100000000000            0.369846276400
                  0.031622776600            0.003752720039
            ****
 Initial command:
 /projects/guscus/apps/gau/g09-e1/g09/l1.exe "/users/lcj1/gaussian/h12/rhfstability/rect/guess/ag4bu2/Gau-28667.inp" -scrdir="/users/lcj1/gaussian/h12/rhfstability/rect/guess/ag4bu2/"
 Entering Link 1 = /projects/guscus/apps/gau/g09-e1/g09/l1.exe PID=     28668.
  
 Copyright (c) 1988,1990,1992,1993,1995,1998,2003,2009,2015,
            Gaussian, Inc.  All Rights Reserved.
  
 This is part of the Gaussian(R) 09 program.  It is based on
 the Gaussian(R) 03 system (copyright 2003, Gaussian, Inc.),
 the Gaussian(R) 98 system (copyright 1998, Gaussian, Inc.),
 the Gaussian(R) 94 system (copyright 1995, Gaussian, Inc.),
 the Gaussian 92(TM) system (copyright 1992, Gaussian, Inc.),
 the Gaussian 90(TM) system (copyright 1990, Gaussian, Inc.),
 the Gaussian 88(TM) system (copyright 1988, Gaussian, Inc.),
 the Gaussian 86(TM) system (copyright 1986, Carnegie Mellon
 University), and the Gaussian 82(TM) system (copyright 1983,
 Carnegie Mellon University). Gaussian is a federally registered
 trademark of Gaussian, Inc.
  
 This software contains proprietary and confidential information,
 including trade secrets, belonging to Gaussian, Inc.
  
 This software is provided under written license and may be
 used, copied, transmitted, or stored only in accord with that
 written license.
  
 The following legend is applicable only to US Government
 contracts under FAR:
  
                    RESTRICTED RIGHTS LEGEND
  
 Use, reproduction and disclosure by the US Government is
 subject to restrictions as set forth in subparagraphs (a)
 and (c) of the Commercial Computer Software - Restricted
 Rights clause in FAR 52.227-19.
  
 Gaussian, Inc.
 340 Quinnipiac St., Bldg. 40, Wallingford CT 06492
  
  
 ---------------------------------------------------------------
 Warning -- This program may not be used in any manner that
 competes with the business of Gaussian, Inc. or will provide
 assistance to any competitor of Gaussian, Inc.  The licensee
 of this program is prohibited from giving any competitor of
 Gaussian, Inc. access to this program.  By using this program,
 the user acknowledges that Gaussian, Inc. is engaged in the
 business of creating and licensing software in the field of
 computational chemistry and represents and warrants to the
 licensee that it is not a competitor of Gaussian, Inc. and that
 it will not use this program in any manner prohibited above.
 ---------------------------------------------------------------
  

 Cite this work as:
 Gaussian 09, Revision E.01,
 M. J. Frisch, G. W. Trucks, H. B. Schlegel, G. E. Scuseria, 
 M. A. Robb, J. R. Cheeseman, G. Scalmani, V. Barone, B. Mennucci, 
 G. A. Petersson, H. Nakatsuji, M. Caricato, X. Li, H. P. Hratchian, 
 A. F. Izmaylov, J. Bloino, G. Zheng, J. L. Sonnenberg, M. Hada, 
 M. Ehara, K. Toyota, R. Fukuda, J. Hasegawa, M. Ishida, T. Nakajima, 
 Y. Honda, O. Kitao, H. Nakai, T. Vreven, J. A. Montgomery, Jr., 
 J. E. Peralta, F. Ogliaro, M. Bearpark, J. J. Heyd, E. Brothers, 
 K. N. Kudin, V. N. Staroverov, T. Keith, R. Kobayashi, J. Normand, 
 K. Raghavachari, A. Rendell, J. C. Burant, S. S. Iyengar, J. Tomasi, 
 M. Cossi, N. Rega, J. M. Millam, M. Klene, J. E. Knox, J. B. Cross, 
 V. Bakken, C. Adamo, J. Jaramillo, R. Gomperts, R. E. Stratmann, 
 O. Yazyev, A. J. Austin, R. Cammi, C. Pomelli, J. W. Ochterski, 
 R. L. Martin, K. Morokuma, V. G. Zakrzewski, G. A. Voth, 
 P. Salvador, J. J. Dannenberg, S. Dapprich, A. D. Daniels, 
 O. Farkas, J. B. Foresman, J. V. Ortiz, J. Cioslowski, 
 and D. J. Fox, Gaussian, Inc., Wallingford CT, 2013.
 
 ******************************************
 Gaussian 09:  ES64L-G09RevE.01 30-Nov-2015
                17-Feb-2017 
 ******************************************
 %chk=h12.chk
 ----------------------------------------------------------------------
 #rhf/gen scf(symm,tight,novaracc,noincfock,fulldiag) stable(crhf) gues
 s=read geom=nocrowd test
 ----------------------------------------------------------------------
 1/38=1/1;
 2/12=1,17=6,18=5,40=1/2;
 3/5=7,16=1,25=1,30=1,116=1/1,2,3;
 4/5=1,9=4/1;
 5/5=100002,15=2,16=1,32=2,38=6/2;
 8/6=1,10=90,11=11/1,4;
 9/8=4,13=1/2;
 6/7=2,8=2,9=2,10=2,28=1/1;
 99/5=1,9=1/99;
 ----------------------------------------------------------------------
 hf stability analysis of h12 triangular lattice, y= 0.7434330289905593
 0
 ----------------------------------------------------------------------
 Symbolic Z-matrix:
 Charge =  0 Multiplicity = 1
 H
 H                    1     1.07508 
 H                    1     1.07508  2     92.5 
 H                    2     1.07508  1     87.5     3     0.       0
 H                    2     1.07508  1     180.     3     0.       0
 H                    4     1.07508  3     180.     5     0.       0
 H                    6     1.07508  5     180.     3     0.       0
 H                    4     1.07508  2     180.     3     0.       0
 H                    3     1.07508  1     180.     4     0.       0
 H                    9     1.07508  3     180.     4     0.       0
 H                    8     1.07508  4     180.     3     0.       0
 H                    7     1.07508  6     180.     3     0.       0
 
                          Input orientation:                          
 ---------------------------------------------------------------------
 Center     Atomic      Atomic             Coordinates (Angstroms)
 Number     Number       Type             X           Y           Z
 ---------------------------------------------------------------------
      1          1           0        0.000000    0.000000    0.000000
      2          1           0        0.000000    0.000000    1.075082
      3          1           0        1.074058    0.000000   -0.046894
      4          1           0        1.074058    0.000000    1.028187
      5          1           0        0.000000    0.000000    2.150163
      6          1           0        1.074058    0.000000    2.103269
      7          1           0        2.148117    0.000000    2.056375
      8          1           0        2.148117    0.000000    0.981293
      9          1           0        2.148117    0.000000   -0.093789
     10          1           0        3.222175    0.000000   -0.140683
     11          1           0        3.222175    0.000000    0.934398
     12          1           0        3.222175    0.000000    2.009480
 ---------------------------------------------------------------------
                    Distance matrix (angstroms):
                    1          2          3          4          5
     1  H    0.000000
     2  H    1.075082   0.000000
     3  H    1.075082   1.553201   0.000000
     4  H    1.486866   1.075082   1.075082   0.000000
     5  H    2.150163   1.075082   2.445540   1.553201   0.000000
     6  H    2.361640   1.486866   2.150163   1.075082   1.075082
     7  H    2.973732   2.361640   2.361640   1.486866   2.150163
     8  H    2.361640   2.150163   1.486866   1.075082   2.445540
     9  H    2.150163   2.445540   1.075082   1.553201   3.106401
    10  H    3.225245   3.443907   2.150163   2.445540   3.953529
    11  H    3.354924   3.225245   2.361640   2.150163   3.443907
    12  H    3.797423   3.354924   2.973732   2.361640   3.225245
                    6          7          8          9         10
     6  H    0.000000
     7  H    1.075082   0.000000
     8  H    1.553201   1.075082   0.000000
     9  H    2.445540   2.150163   1.075082   0.000000
    10  H    3.106401   2.445540   1.553201   1.075082   0.000000
    11  H    2.445540   1.553201   1.075082   1.486866   1.075082
    12  H    2.150163   1.075082   1.486866   2.361640   2.150163
                   11         12
    11  H    0.000000
    12  H    1.075082   0.000000
 Stoichiometry    H12
 Framework group  C2H[SGH(H12)]
 Deg. of freedom    11
 Full point group                 C2H     NOp   4
 Largest Abelian subgroup         C2H     NOp   4
 Largest concise Abelian subgroup C2      NOp   2
                         Standard orientation:                         
 ---------------------------------------------------------------------
 Center     Atomic      Atomic             Coordinates (Angstroms)
 Number     Number       Type             X           Y           Z
 ---------------------------------------------------------------------
      1          1           0        1.074058    1.565728   -0.000000
      2          1           0        0.000000    1.612623   -0.000000
      3          1           0        1.074058    0.490646   -0.000000
      4          1           0        0.000000    0.537541   -0.000000
      5          1           0       -1.074058    1.659517   -0.000000
      6          1           0       -1.074058    0.584435    0.000000
      7          1           0       -1.074058   -0.490646    0.000000
      8          1           0       -0.000000   -0.537541    0.000000
      9          1           0        1.074058   -0.584435    0.000000
     10          1           0        1.074058   -1.659517    0.000000
     11          1           0       -0.000000   -1.612623    0.000000
     12          1           0       -1.074058   -1.565728    0.000000
 ---------------------------------------------------------------------
 Rotational constants (GHZ):     54.4534282     28.8614999     18.8634576
 General basis read from cards:  (5D, 7F)
 There are     6 symmetry adapted cartesian basis functions of AG  symmetry.
 There are     0 symmetry adapted cartesian basis functions of BG  symmetry.
 There are     0 symmetry adapted cartesian basis functions of AU  symmetry.
 There are     6 symmetry adapted cartesian basis functions of BU  symmetry.
 There are     6 symmetry adapted basis functions of AG  symmetry.
 There are     0 symmetry adapted basis functions of BG  symmetry.
 There are     0 symmetry adapted basis functions of AU  symmetry.
 There are     6 symmetry adapted basis functions of BU  symmetry.
    12 basis functions,   120 primitive gaussians,    12 cartesian basis functions
     6 alpha electrons        6 beta electrons
       nuclear repulsion energy        20.1764586681 Hartrees.
 NAtoms=   12 NActive=   12 NUniq=    6 SFac= 4.00D+00 NAtFMM=   60 NAOKFM=F Big=F
 Integral buffers will be    131072 words long.
 Regular integral format.
 Two-electron integral symmetry is turned on.
 One-electron integrals computed using PRISM.
 NBasis=    12 RedAO= T EigKep=  1.08D-01  NBF=     6     0     0     6
 NBsUse=    12 1.00D-06 EigRej= -1.00D+00 NBFU=     6     0     0     6
 Initial guess from the checkpoint file:  "h12.chk"
 B after Tr=    -0.000000   -0.000000    0.000000
         Rot=    0.999741    0.000000   -0.000000   -0.022750 Ang=  -2.61 deg.
 Initial guess orbital symmetries:
       Occupied  (AG) (BU) (BU) (AG) (AG) (AG)
       Virtual   (BU) (BU) (BU) (AG) (AG) (BU)
 Keep R1 ints in memory in symmetry-blocked form, NReq=903924.
 Requested convergence on RMS density matrix=1.00D-08 within 128 cycles.
 Requested convergence on MAX density matrix=1.00D-06.
 Requested convergence on             energy=1.00D-06.
 No special actions if energy rises.
 SCF Done:  E(RHF) =  -5.85633601131     A.U. after    8 cycles
            NFock=  8  Conv=0.16D-08     -V/T= 1.9140
 Range of M.O.s used for correlation:     1    12
 NBasis=    12 NAE=     6 NBE=     6 NFC=     0 NFV=     0
 NROrb=     12 NOA=     6 NOB=     6 NVA=     6 NVB=     6
 Semi-Direct transformation.
 ModeAB=           4 MOrb=             6 LenV=     134084409
 LASXX=         2181 LTotXX=        2181 LenRXX=        5115
 LTotAB=        2934 MaxLAS=        3024 LenRXY=           0
 NonZer=        7296 LenScr=      655360 LnRSAI=        3024
 LnScr1=      655360 LExtra=           0 Total=      1318859
 MaxDsk=          -1 SrtSym=           T ITran=            3
 JobTyp=0 Pass  1:  I=   1 to   6.
 (rs|ai) integrals will be sorted in core.
 Spin components of T(2) and E(2):
     alpha-alpha T2 =       0.1110777897D-01 E2=     -0.1373667405D-01
     alpha-beta  T2 =       0.7896492117D-01 E2=     -0.1104679550D+00
     beta-beta   T2 =       0.1110777897D-01 E2=     -0.1373667405D-01
 ANorm=    0.1049371469D+01
 E2 =    -0.1379413031D+00 EUMP2 =    -0.59942773144194D+01
 Second order stability test of a single determinant RHF wave function:
 Stabil:  MDV=134217728
 ***********************************************************************
 Matrix         Lowest Root    Major Pairs
 ***********************************************************************
 Internal RHF     0.0814304    Stable
 RRHF --> CRHF    0.0568685    Stable

 RRHF --> RUHF   -0.0698716    6A=8B 5A=7B 4A=9B 4A=7B 6A=9B 5A=9B 6A=7B 3A=10B 2
 A=11B 1A=12B 2A=10B
 Not stable.
 ***********************************************************************

 **********************************************************************

            Population analysis using the SCF density.

 **********************************************************************

 Orbital symmetries:
       Occupied  (AG) (BU) (BU) (AG) (AG) (AG)
       Virtual   (BU) (BU) (BU) (AG) (AG) (BU)
 The electronic state is 1-AG.
 Alpha  occ. eigenvalues --   -0.93758  -0.75473  -0.66462  -0.46582  -0.44555
 Alpha  occ. eigenvalues --   -0.27013
 Alpha virt. eigenvalues --    0.06056   0.18438   0.18938   0.52087   0.57246
 Alpha virt. eigenvalues --    1.00464
          Condensed to atoms (all electrons):
               1          2          3          4          5          6
     1  H    0.754789   0.149585   0.314301  -0.148755  -0.019782  -0.033501
     2  H    0.149585   0.963630  -0.138417   0.186196   0.147062  -0.143935
     3  H    0.314301  -0.138417   0.961170  -0.222979  -0.027739   0.023205
     4  H   -0.148755   0.186196  -0.222979   1.373536  -0.126340  -0.214870
     5  H   -0.019782   0.147062  -0.027739  -0.126340   0.692410   0.305714
     6  H   -0.033501  -0.143935   0.023205  -0.214870   0.305714   0.956000
     7  H    0.012013  -0.076600   0.062013  -0.191650  -0.008759   0.303356
     8  H   -0.074388   0.010083  -0.191650   0.693815  -0.061475  -0.170194
     9  H   -0.010479  -0.066485   0.303356  -0.170194   0.009863   0.055167
    10  H   -0.003300   0.001281  -0.008759  -0.061475   0.006149   0.009863
    11  H    0.001316   0.023948  -0.076600   0.010083   0.001281  -0.066485
    12  H    0.008719   0.001316   0.012013  -0.074388  -0.003300  -0.010479
               7          8          9         10         11         12
     1  H    0.012013  -0.074388  -0.010479  -0.003300   0.001316   0.008719
     2  H   -0.076600   0.010083  -0.066485   0.001281   0.023948   0.001316
     3  H    0.062013  -0.191650   0.303356  -0.008759  -0.076600   0.012013
     4  H   -0.191650   0.693815  -0.170194  -0.061475   0.010083  -0.074388
     5  H   -0.008759  -0.061475   0.009863   0.006149   0.001281  -0.003300
     6  H    0.303356  -0.170194   0.055167   0.009863  -0.066485  -0.010479
     7  H    0.961170  -0.222979   0.023205  -0.027739  -0.138417   0.314301
     8  H   -0.222979   1.373536  -0.214870  -0.126340   0.186196  -0.148755
     9  H    0.023205  -0.214870   0.956000   0.305714  -0.143935  -0.033501
    10  H   -0.027739  -0.126340   0.305714   0.692410   0.147062  -0.019782
    11  H   -0.138417   0.186196  -0.143935   0.147062   0.963630   0.149585
    12  H    0.314301  -0.148755  -0.033501  -0.019782   0.149585   0.754789
 Mulliken charges:
               1
     1  H    0.049482
     2  H   -0.057663
     3  H   -0.009913
     4  H   -0.052979
     5  H    0.084916
     6  H   -0.013843
     7  H   -0.009913
     8  H   -0.052979
     9  H   -0.013843
    10  H    0.084916
    11  H   -0.057663
    12  H    0.049482
 Sum of Mulliken charges =   0.00000
 Mulliken charges with hydrogens summed into heavy atoms:
               1
 Electronic spatial extent (au):  <R**2>=            131.7883
 Charge=              0.0000 electrons
 Dipole moment (field-independent basis, Debye):
    X=             -0.0000    Y=             -0.0000    Z=              0.0000  Tot=              0.0000
 Quadrupole moment (field-independent basis, Debye-Ang):
   XX=            -19.3518   YY=            -15.0254   ZZ=            -15.1971
   XY=             -0.7550   XZ=              0.0000   YZ=              0.0000
 Traceless Quadrupole moment (field-independent basis, Debye-Ang):
   XX=             -2.8271   YY=              1.4994   ZZ=              1.3277
   XY=             -0.7550   XZ=              0.0000   YZ=              0.0000
 Octapole moment (field-independent basis, Debye-Ang**2):
  XXX=              0.0000  YYY=             -0.0000  ZZZ=             -0.0000  XYY=              0.0000
  XXY=              0.0000  XXZ=             -0.0000  XZZ=              0.0000  YZZ=              0.0000
  YYZ=             -0.0000  XYZ=              0.0000
 Hexadecapole moment (field-independent basis, Debye-Ang**3):
 XXXX=           -111.6254 YYYY=           -157.7078 ZZZZ=            -18.0266 XXXY=              0.2666
 XXXZ=              0.0000 YYYX=             -1.6655 YYYZ=              0.0000 ZZZX=              0.0000
 ZZZY=              0.0000 XXYY=            -41.8829 XXZZ=            -19.9253 YYZZ=            -29.2291
 XXYZ=              0.0000 YYXZ=              0.0000 ZZXY=              0.3529
 N-N= 2.017645866805D+01 E-N=-5.139606727201D+01  KE= 6.407331753561D+00
 Symmetry AG   KE= 4.856323565136D+00
 Symmetry BG   KE= 0.000000000000D+00
 Symmetry AU   KE= 0.000000000000D+00
 Symmetry BU   KE= 1.551008188426D+00

 Test job not archived.
 1\1\GINC-SULU\Stability\RHF\Gen\H12\LCJ1\17-Feb-2017\0\\#rhf/gen scf(s
 ymm,tight,novaracc,noincfock,fulldiag) stable(crhf) guess=read geom=no
 crowd test\\hf stability analysis of h12 triangular lattice, y= 0.7434
 3302899055930\\0,1\H\H,1,1.0750816724\H,1,1.0750816724,2,92.5\H,2,1.07
 50816724,1,87.5,3,0.,0\H,2,1.0750816724,1,180.,3,0.,0\H,4,1.0750816724
 ,3,180.,5,0.,0\H,6,1.0750816724,5,180.,3,0.,0\H,4,1.0750816724,2,180.,
 3,0.,0\H,3,1.0750816724,1,180.,4,0.,0\H,9,1.0750816724,3,180.,4,0.,0\H
 ,8,1.0750816724,4,180.,3,0.,0\H,7,1.0750816724,6,180.,3,0.,0\\Version=
 ES64L-G09RevE.01\State=1-AG\HF=-5.856336\MP2=-5.9942773\RMSD=1.648e-09
 \Dipole=0.,0.,0.\Quadrupole=1.0597216,0.9870966,-2.0468183,0.,-0.69936
 57,0.\PG=C02H [SGH(H12)]\\@


 I DO NOT KNOW WHAT I MAY APPEAR TO THE WORLD; BUT TO MYSELF
 I SEEM TO HAVE BEEN ONLY LIKE A BOY PLAYING ON THE SEASHORE,
 AND DIVERTING MYSELF IN NOW AND THEN FINDING A SMOOTHER PEBBLE
 OR A PRETTIER SHELL THAN ORDINARY, WHILST THE GREAT OCEAN OF
 TRUTH LAY ALL UNDISCOVERED BEFORE ME.
                                          -- NEWTON (1642-1726)
 Job cpu time:       0 days  0 hours  0 minutes  1.1 seconds.
 File lengths (MBytes):  RWF=     84 Int=      0 D2E=      0 Chk=      2 Scr=      2
 Normal termination of Gaussian 09 at Fri Feb 17 15:01:54 2017.
