 Entering Gaussian System, Link 0=g09
 AtFile(1): H.gbs
            H     0
            S   10   1.00
               1000.000000000000            0.000068713567
                316.227766000000            0.000169141320
                100.000000000000            0.000823394812
                 31.622776600000            0.003425569236
                 10.000000000000            0.013951996000
                  3.162277660000            0.056909313560
                  1.000000000000            0.198286399900
                  0.316227766000            0.496922426700
                  0.100000000000            0.369846276400
                  0.031622776600            0.003752720039
            ****
 Initial command:
 /projects/guscus/apps/gau/g09-e1/g09/l1.exe "/users/lcj1/gaussian/h12/rhfstability/rect/guess/ag4bu2/Gau-20870.inp" -scrdir="/users/lcj1/gaussian/h12/rhfstability/rect/guess/ag4bu2/"
 Entering Link 1 = /projects/guscus/apps/gau/g09-e1/g09/l1.exe PID=     20871.
  
 Copyright (c) 1988,1990,1992,1993,1995,1998,2003,2009,2015,
            Gaussian, Inc.  All Rights Reserved.
  
 This is part of the Gaussian(R) 09 program.  It is based on
 the Gaussian(R) 03 system (copyright 2003, Gaussian, Inc.),
 the Gaussian(R) 98 system (copyright 1998, Gaussian, Inc.),
 the Gaussian(R) 94 system (copyright 1995, Gaussian, Inc.),
 the Gaussian 92(TM) system (copyright 1992, Gaussian, Inc.),
 the Gaussian 90(TM) system (copyright 1990, Gaussian, Inc.),
 the Gaussian 88(TM) system (copyright 1988, Gaussian, Inc.),
 the Gaussian 86(TM) system (copyright 1986, Carnegie Mellon
 University), and the Gaussian 82(TM) system (copyright 1983,
 Carnegie Mellon University). Gaussian is a federally registered
 trademark of Gaussian, Inc.
  
 This software contains proprietary and confidential information,
 including trade secrets, belonging to Gaussian, Inc.
  
 This software is provided under written license and may be
 used, copied, transmitted, or stored only in accord with that
 written license.
  
 The following legend is applicable only to US Government
 contracts under FAR:
  
                    RESTRICTED RIGHTS LEGEND
  
 Use, reproduction and disclosure by the US Government is
 subject to restrictions as set forth in subparagraphs (a)
 and (c) of the Commercial Computer Software - Restricted
 Rights clause in FAR 52.227-19.
  
 Gaussian, Inc.
 340 Quinnipiac St., Bldg. 40, Wallingford CT 06492
  
  
 ---------------------------------------------------------------
 Warning -- This program may not be used in any manner that
 competes with the business of Gaussian, Inc. or will provide
 assistance to any competitor of Gaussian, Inc.  The licensee
 of this program is prohibited from giving any competitor of
 Gaussian, Inc. access to this program.  By using this program,
 the user acknowledges that Gaussian, Inc. is engaged in the
 business of creating and licensing software in the field of
 computational chemistry and represents and warrants to the
 licensee that it is not a competitor of Gaussian, Inc. and that
 it will not use this program in any manner prohibited above.
 ---------------------------------------------------------------
  

 Cite this work as:
 Gaussian 09, Revision E.01,
 M. J. Frisch, G. W. Trucks, H. B. Schlegel, G. E. Scuseria, 
 M. A. Robb, J. R. Cheeseman, G. Scalmani, V. Barone, B. Mennucci, 
 G. A. Petersson, H. Nakatsuji, M. Caricato, X. Li, H. P. Hratchian, 
 A. F. Izmaylov, J. Bloino, G. Zheng, J. L. Sonnenberg, M. Hada, 
 M. Ehara, K. Toyota, R. Fukuda, J. Hasegawa, M. Ishida, T. Nakajima, 
 Y. Honda, O. Kitao, H. Nakai, T. Vreven, J. A. Montgomery, Jr., 
 J. E. Peralta, F. Ogliaro, M. Bearpark, J. J. Heyd, E. Brothers, 
 K. N. Kudin, V. N. Staroverov, T. Keith, R. Kobayashi, J. Normand, 
 K. Raghavachari, A. Rendell, J. C. Burant, S. S. Iyengar, J. Tomasi, 
 M. Cossi, N. Rega, J. M. Millam, M. Klene, J. E. Knox, J. B. Cross, 
 V. Bakken, C. Adamo, J. Jaramillo, R. Gomperts, R. E. Stratmann, 
 O. Yazyev, A. J. Austin, R. Cammi, C. Pomelli, J. W. Ochterski, 
 R. L. Martin, K. Morokuma, V. G. Zakrzewski, G. A. Voth, 
 P. Salvador, J. J. Dannenberg, S. Dapprich, A. D. Daniels, 
 O. Farkas, J. B. Foresman, J. V. Ortiz, J. Cioslowski, 
 and D. J. Fox, Gaussian, Inc., Wallingford CT, 2013.
 
 ******************************************
 Gaussian 09:  ES64L-G09RevE.01 30-Nov-2015
                17-Feb-2017 
 ******************************************
 %chk=h12.chk
 ----------------------------------------------------------------------
 #rhf/gen scf(symm,tight,novaracc,noincfock,fulldiag) stable(crhf) gues
 s=read geom=nocrowd test
 ----------------------------------------------------------------------
 1/38=1/1;
 2/12=1,17=6,18=5,40=1/2;
 3/5=7,16=1,25=1,30=1,116=1/1,2,3;
 4/5=1,9=4/1;
 5/5=100002,15=2,16=1,32=2,38=6/2;
 8/6=1,10=90,11=11/1,4;
 9/8=4,13=1/2;
 6/7=2,8=2,9=2,10=2,28=1/1;
 99/5=1,9=1/99;
 ----------------------------------------------------------------------
 hf stability analysis of h12 triangular lattice, y= 0.5540600992415728
 5
 ----------------------------------------------------------------------
 Symbolic Z-matrix:
 Charge =  0 Multiplicity = 1
 H
 H                    1     1.18018 
 H                    1     1.18018  2     124. 
 H                    2     1.18018  1     56.      3     0.       0
 H                    2     1.18018  1     180.     3     0.       0
 H                    4     1.18018  3     180.     5     0.       0
 H                    6     1.18018  5     180.     3     0.       0
 H                    4     1.18018  2     180.     3     0.       0
 H                    3     1.18018  1     180.     4     0.       0
 H                    9     1.18018  3     180.     4     0.       0
 H                    8     1.18018  4     180.     3     0.       0
 H                    7     1.18018  6     180.     3     0.       0
 
                          Input orientation:                          
 ---------------------------------------------------------------------
 Center     Atomic      Atomic             Coordinates (Angstroms)
 Number     Number       Type             X           Y           Z
 ---------------------------------------------------------------------
      1          1           0        0.000000    0.000000    0.000000
      2          1           0        0.000000    0.000000    1.180178
      3          1           0        0.978412    0.000000   -0.659947
      4          1           0        0.978412    0.000000    0.520231
      5          1           0        0.000000    0.000000    2.360356
      6          1           0        0.978412    0.000000    1.700409
      7          1           0        1.956824    0.000000    1.040462
      8          1           0        1.956824    0.000000   -0.139716
      9          1           0        1.956824    0.000000   -1.319895
     10          1           0        2.935236    0.000000   -1.979842
     11          1           0        2.935236    0.000000   -0.799664
     12          1           0        2.935236    0.000000    0.380515
 ---------------------------------------------------------------------
                    Distance matrix (angstroms):
                    1          2          3          4          5
     1  H    0.000000
     2  H    1.180178   0.000000
     3  H    1.180178   2.084071   0.000000
     4  H    1.108120   1.180178   1.180178   0.000000
     5  H    2.360356   1.180178   3.174827   2.084071   0.000000
     6  H    1.961806   1.108120   2.360356   1.180178   1.180178
     7  H    2.216240   1.961806   1.961806   1.108120   2.360356
     8  H    1.961806   2.360356   1.108120   1.180178   3.174827
     9  H    2.360356   3.174827   1.180178   2.084071   4.168142
    10  H    3.540534   4.312927   2.360356   3.174827   5.239554
    11  H    3.042215   3.540534   1.961806   2.360356   4.312927
    12  H    2.959798   3.042215   2.216240   1.961806   3.540534
                    6          7          8          9         10
     6  H    0.000000
     7  H    1.180178   0.000000
     8  H    2.084071   1.180178   0.000000
     9  H    3.174827   2.360356   1.180178   0.000000
    10  H    4.168142   3.174827   2.084071   1.180178   0.000000
    11  H    3.174827   2.084071   1.180178   1.108120   1.180178
    12  H    2.360356   1.180178   1.108120   1.961806   2.360356
                   11         12
    11  H    0.000000
    12  H    1.180178   0.000000
 Stoichiometry    H12
 Framework group  C2H[SGH(H12)]
 Deg. of freedom    11
 Full point group                 C2H     NOp   4
 Largest Abelian subgroup         C2H     NOp   4
 Largest concise Abelian subgroup C2      NOp   2
                         Standard orientation:                         
 ---------------------------------------------------------------------
 Center     Atomic      Atomic             Coordinates (Angstroms)
 Number     Number       Type             X           Y           Z
 ---------------------------------------------------------------------
      1          1           0        0.978412    1.110320   -0.000000
      2          1           0        0.000000    1.770267    0.000000
      3          1           0        0.978412   -0.069858   -0.000000
      4          1           0        0.000000    0.590089    0.000000
      5          1           0       -0.978412    2.430214    0.000000
      6          1           0       -0.978412    1.250036    0.000000
      7          1           0       -0.978412    0.069858   -0.000000
      8          1           0       -0.000000   -0.590089   -0.000000
      9          1           0        0.978412   -1.250036    0.000000
     10          1           0        0.978412   -2.430214   -0.000000
     11          1           0       -0.000000   -1.770267   -0.000000
     12          1           0       -0.978412   -1.110320   -0.000000
 ---------------------------------------------------------------------
 Rotational constants (GHZ):     80.9970409     19.4032726     15.6534139
 General basis read from cards:  (5D, 7F)
 There are     6 symmetry adapted cartesian basis functions of AG  symmetry.
 There are     0 symmetry adapted cartesian basis functions of BG  symmetry.
 There are     0 symmetry adapted cartesian basis functions of AU  symmetry.
 There are     6 symmetry adapted cartesian basis functions of BU  symmetry.
 There are     6 symmetry adapted basis functions of AG  symmetry.
 There are     0 symmetry adapted basis functions of BG  symmetry.
 There are     0 symmetry adapted basis functions of AU  symmetry.
 There are     6 symmetry adapted basis functions of BU  symmetry.
    12 basis functions,   120 primitive gaussians,    12 cartesian basis functions
     6 alpha electrons        6 beta electrons
       nuclear repulsion energy        19.3611332177 Hartrees.
 NAtoms=   12 NActive=   12 NUniq=    6 SFac= 4.00D+00 NAtFMM=   60 NAOKFM=F Big=F
 Integral buffers will be    131072 words long.
 Regular integral format.
 Two-electron integral symmetry is turned on.
 One-electron integrals computed using PRISM.
 NBasis=    12 RedAO= T EigKep=  1.85D-01  NBF=     6     0     0     6
 NBsUse=    12 1.00D-06 EigRej= -1.00D+00 NBFU=     6     0     0     6
 Initial guess from the checkpoint file:  "h12.chk"
 B after Tr=    -0.000000    0.000000    0.000000
         Rot=    0.997379    0.000000   -0.000000    0.072356 Ang=   8.30 deg.
 Initial guess orbital symmetries:
       Occupied  (AG) (BU) (BU) (AG) (AG) (AG)
       Virtual   (BU) (BU) (BU) (AG) (AG) (BU)
 Keep R1 ints in memory in symmetry-blocked form, NReq=903252.
 Requested convergence on RMS density matrix=1.00D-08 within 128 cycles.
 Requested convergence on MAX density matrix=1.00D-06.
 Requested convergence on             energy=1.00D-06.
 No special actions if energy rises.
 SCF Done:  E(RHF) =  -5.47242199907     A.U. after   14 cycles
            NFock= 14  Conv=0.19D-08     -V/T= 1.8184
 Range of M.O.s used for correlation:     1    12
 NBasis=    12 NAE=     6 NBE=     6 NFC=     0 NFV=     0
 NROrb=     12 NOA=     6 NOB=     6 NVA=     6 NVB=     6

 **** Warning!!: The smallest alpha delta epsilon is -0.20430849D-01

 Semi-Direct transformation.
 ModeAB=           4 MOrb=             6 LenV=     134085025
 LASXX=         2181 LTotXX=        2181 LenRXX=        5115
 LTotAB=        2934 MaxLAS=        3024 LenRXY=           0
 NonZer=        7296 LenScr=      655360 LnRSAI=        3024
 LnScr1=      655360 LExtra=           0 Total=      1318859
 MaxDsk=          -1 SrtSym=           T ITran=            3
 JobTyp=0 Pass  1:  I=   1 to   6.
 (rs|ai) integrals will be sorted in core.
 Spin components of T(2) and E(2):
     alpha-alpha T2 =       0.1319640101D-01 E2=     -0.1517627678D-01
     alpha-beta  T2 =       0.5865592393D+00 E2=     -0.1177589681D+00
     beta-beta   T2 =       0.1319640101D-01 E2=     -0.1517627678D-01
 ANorm=    0.1270020489D+01
 E2 =    -0.1481115217D+00 EUMP2 =    -0.56205335207286D+01
 Second order stability test of a single determinant RHF wave function:
 Stabil:  MDV=134217728
 ***********************************************************************
 Matrix         Lowest Root    Major Pairs
 ***********************************************************************
 Internal RHF    -0.2265245    6A=7A
 RRHF --> CRHF   -0.2731507    6A=7A
 RRHF --> RUHF   -0.3615368    6A=7B
 Not stable.
 ***********************************************************************

 **********************************************************************

            Population analysis using the SCF density.

 **********************************************************************

 Orbital symmetries:
       Occupied  (AG) (BU) (BU) (AG) (AG) (AG)
       Virtual   (BU) (AG) (BU) (BU) (BU) (AG)
 The electronic state is 1-AG.
 Alpha  occ. eigenvalues --   -0.89113  -0.75193  -0.55510  -0.54573  -0.30607
 Alpha  occ. eigenvalues --   -0.08873
 Alpha virt. eigenvalues --   -0.10917   0.18931   0.22736   0.44812   0.53149
 Alpha virt. eigenvalues --    0.62518
          Condensed to atoms (all electrons):
               1          2          3          4          5          6
     1  H    1.394744   0.080344   0.375429  -0.402813   0.014258  -0.111267
     2  H    0.080344   1.131885  -0.125564   0.283198   0.019074  -0.144736
     3  H    0.375429  -0.125564   1.170069  -0.265899   0.003838   0.007227
     4  H   -0.402813   0.283198  -0.265899   1.487212  -0.093715  -0.060156
     5  H    0.014258   0.019074   0.003838  -0.093715   0.509207   0.255601
     6  H   -0.111267  -0.144736   0.007227  -0.060156   0.255601   0.877473
     7  H    0.034495  -0.195502   0.131402  -0.391578   0.034462   0.238412
     8  H   -0.216671   0.036709  -0.391578   0.680165  -0.025811  -0.034121
     9  H   -0.032870  -0.018868   0.238412  -0.034121   0.001860   0.015913
    10  H    0.004727  -0.000868   0.034462  -0.025811   0.000505   0.001860
    11  H   -0.007682   0.019534  -0.195502   0.036709  -0.000868  -0.018868
    12  H    0.058868  -0.007682   0.034495  -0.216671   0.004727  -0.032870
               7          8          9         10         11         12
     1  H    0.034495  -0.216671  -0.032870   0.004727  -0.007682   0.058868
     2  H   -0.195502   0.036709  -0.018868  -0.000868   0.019534  -0.007682
     3  H    0.131402  -0.391578   0.238412   0.034462  -0.195502   0.034495
     4  H   -0.391578   0.680165  -0.034121  -0.025811   0.036709  -0.216671
     5  H    0.034462  -0.025811   0.001860   0.000505  -0.000868   0.004727
     6  H    0.238412  -0.034121   0.015913   0.001860  -0.018868  -0.032870
     7  H    1.170069  -0.265899   0.007227   0.003838  -0.125564   0.375429
     8  H   -0.265899   1.487212  -0.060156  -0.093715   0.283198  -0.402813
     9  H    0.007227  -0.060156   0.877473   0.255601  -0.144736  -0.111267
    10  H    0.003838  -0.093715   0.255601   0.509207   0.019074   0.014258
    11  H   -0.125564   0.283198  -0.144736   0.019074   1.131885   0.080344
    12  H    0.375429  -0.402813  -0.111267   0.014258   0.080344   1.394744
 Mulliken charges:
               1
     1  H   -0.191561
     2  H   -0.077522
     3  H   -0.016791
     4  H    0.003479
     5  H    0.276863
     6  H    0.005532
     7  H   -0.016791
     8  H    0.003479
     9  H    0.005532
    10  H    0.276863
    11  H   -0.077522
    12  H   -0.191561
 Sum of Mulliken charges =  -0.00000
 Mulliken charges with hydrogens summed into heavy atoms:
               1
 Electronic spatial extent (au):  <R**2>=            144.2163
 Charge=             -0.0000 electrons
 Dipole moment (field-independent basis, Debye):
    X=              0.0000    Y=              0.0000    Z=              0.0000  Tot=              0.0000
 Quadrupole moment (field-independent basis, Debye-Ang):
   XX=            -20.6106   YY=             -4.3307   ZZ=            -15.1645
   XY=             -9.7603   XZ=             -0.0000   YZ=              0.0000
 Traceless Quadrupole moment (field-independent basis, Debye-Ang):
   XX=             -7.2420   YY=              9.0379   ZZ=             -1.7959
   XY=             -9.7603   XZ=             -0.0000   YZ=              0.0000
 Octapole moment (field-independent basis, Debye-Ang**2):
  XXX=              0.0000  YYY=              0.0000  ZZZ=              0.0000  XYY=             -0.0000
  XXY=              0.0000  XXZ=              0.0000  XZZ=              0.0000  YZZ=              0.0000
  YYZ=              0.0000  XYZ=              0.0000
 Hexadecapole moment (field-independent basis, Debye-Ang**3):
 XXXX=           -101.4236 YYYY=           -100.8247 ZZZZ=            -18.0550 XXXY=              5.6839
 XXXZ=             -0.0000 YYYX=            -33.7258 YYYZ=             -0.0000 ZZZX=             -0.0000
 ZZZY=             -0.0000 XXYY=            -39.2904 XXZZ=            -18.1895 YYZZ=            -35.6994
 XXYZ=             -0.0000 YYXZ=             -0.0000 ZZXY=              4.5475
 N-N= 1.936113321767D+01 E-N=-5.007672095617D+01  KE= 6.686989838999D+00
 Symmetry AG   KE= 5.089017125980D+00
 Symmetry BG   KE= 0.000000000000D+00
 Symmetry AU   KE= 0.000000000000D+00
 Symmetry BU   KE= 1.597972713019D+00

 Test job not archived.
 1\1\GINC-SULU\Stability\RHF\Gen\H12\LCJ1\17-Feb-2017\0\\#rhf/gen scf(s
 ymm,tight,novaracc,noincfock,fulldiag) stable(crhf) guess=read geom=no
 crowd test\\hf stability analysis of h12 triangular lattice, y= 0.5540
 6009924157285\\0,1\H\H,1,1.1801781599\H,1,1.1801781599,2,124.\H,2,1.18
 01781599,1,56.,3,0.,0\H,2,1.1801781599,1,180.,3,0.,0\H,4,1.1801781599,
 3,180.,5,0.,0\H,6,1.1801781599,5,180.,3,0.,0\H,4,1.1801781599,2,180.,3
 ,0.,0\H,3,1.1801781599,1,180.,4,0.,0\H,9,1.1801781599,3,180.,4,0.,0\H,
 8,1.1801781599,4,180.,3,0.,0\H,7,1.1801781599,6,180.,3,0.,0\\Version=E
 S64L-G09RevE.01\State=1-AG\HF=-5.472422\MP2=-5.6205335\RMSD=1.942e-09\
 Dipole=0.,0.,0.\Quadrupole=-3.7934952,-1.3352172,5.1287124,0.,-8.32953
 01,0.\PG=C02H [SGH(H12)]\\@


 A CHEMICAL PHYSICIST MAKES PRECISE MEASUREMENTS ON IMPURE COMPOUNDS.
 A THEORETICAL PHYSICAL CHEMIST MAKES IMPRECISE
     MEASUREMENTS ON PURE COMPOUNDS.
 AN EXPERIMENTAL PHYSICAL CHEMIST MAKES IMPRECISE
     MEASUREMENTS ON IMPURE COMPOUNDS.
 Job cpu time:       0 days  0 hours  0 minutes  1.1 seconds.
 File lengths (MBytes):  RWF=     84 Int=      0 D2E=      0 Chk=      2 Scr=      2
 Normal termination of Gaussian 09 at Fri Feb 17 14:58:32 2017.
