 Entering Gaussian System, Link 0=g09
 AtFile(1): H.gbs
            H     0
            S   10   1.00
               1000.000000000000            0.000068713567
                316.227766000000            0.000169141320
                100.000000000000            0.000823394812
                 31.622776600000            0.003425569236
                 10.000000000000            0.013951996000
                  3.162277660000            0.056909313560
                  1.000000000000            0.198286399900
                  0.316227766000            0.496922426700
                  0.100000000000            0.369846276400
                  0.031622776600            0.003752720039
            ****
 Initial command:
 /projects/guscus/apps/gau/g09-e1/g09/l1.exe "/users/lcj1/gaussian/h12/rhfstability/rect/guess/ag4bu2/Gau-8138.inp" -scrdir="/users/lcj1/gaussian/h12/rhfstability/rect/guess/ag4bu2/"
 Entering Link 1 = /projects/guscus/apps/gau/g09-e1/g09/l1.exe PID=      8139.
  
 Copyright (c) 1988,1990,1992,1993,1995,1998,2003,2009,2015,
            Gaussian, Inc.  All Rights Reserved.
  
 This is part of the Gaussian(R) 09 program.  It is based on
 the Gaussian(R) 03 system (copyright 2003, Gaussian, Inc.),
 the Gaussian(R) 98 system (copyright 1998, Gaussian, Inc.),
 the Gaussian(R) 94 system (copyright 1995, Gaussian, Inc.),
 the Gaussian 92(TM) system (copyright 1992, Gaussian, Inc.),
 the Gaussian 90(TM) system (copyright 1990, Gaussian, Inc.),
 the Gaussian 88(TM) system (copyright 1988, Gaussian, Inc.),
 the Gaussian 86(TM) system (copyright 1986, Carnegie Mellon
 University), and the Gaussian 82(TM) system (copyright 1983,
 Carnegie Mellon University). Gaussian is a federally registered
 trademark of Gaussian, Inc.
  
 This software contains proprietary and confidential information,
 including trade secrets, belonging to Gaussian, Inc.
  
 This software is provided under written license and may be
 used, copied, transmitted, or stored only in accord with that
 written license.
  
 The following legend is applicable only to US Government
 contracts under FAR:
  
                    RESTRICTED RIGHTS LEGEND
  
 Use, reproduction and disclosure by the US Government is
 subject to restrictions as set forth in subparagraphs (a)
 and (c) of the Commercial Computer Software - Restricted
 Rights clause in FAR 52.227-19.
  
 Gaussian, Inc.
 340 Quinnipiac St., Bldg. 40, Wallingford CT 06492
  
  
 ---------------------------------------------------------------
 Warning -- This program may not be used in any manner that
 competes with the business of Gaussian, Inc. or will provide
 assistance to any competitor of Gaussian, Inc.  The licensee
 of this program is prohibited from giving any competitor of
 Gaussian, Inc. access to this program.  By using this program,
 the user acknowledges that Gaussian, Inc. is engaged in the
 business of creating and licensing software in the field of
 computational chemistry and represents and warrants to the
 licensee that it is not a competitor of Gaussian, Inc. and that
 it will not use this program in any manner prohibited above.
 ---------------------------------------------------------------
  

 Cite this work as:
 Gaussian 09, Revision E.01,
 M. J. Frisch, G. W. Trucks, H. B. Schlegel, G. E. Scuseria, 
 M. A. Robb, J. R. Cheeseman, G. Scalmani, V. Barone, B. Mennucci, 
 G. A. Petersson, H. Nakatsuji, M. Caricato, X. Li, H. P. Hratchian, 
 A. F. Izmaylov, J. Bloino, G. Zheng, J. L. Sonnenberg, M. Hada, 
 M. Ehara, K. Toyota, R. Fukuda, J. Hasegawa, M. Ishida, T. Nakajima, 
 Y. Honda, O. Kitao, H. Nakai, T. Vreven, J. A. Montgomery, Jr., 
 J. E. Peralta, F. Ogliaro, M. Bearpark, J. J. Heyd, E. Brothers, 
 K. N. Kudin, V. N. Staroverov, T. Keith, R. Kobayashi, J. Normand, 
 K. Raghavachari, A. Rendell, J. C. Burant, S. S. Iyengar, J. Tomasi, 
 M. Cossi, N. Rega, J. M. Millam, M. Klene, J. E. Knox, J. B. Cross, 
 V. Bakken, C. Adamo, J. Jaramillo, R. Gomperts, R. E. Stratmann, 
 O. Yazyev, A. J. Austin, R. Cammi, C. Pomelli, J. W. Ochterski, 
 R. L. Martin, K. Morokuma, V. G. Zakrzewski, G. A. Voth, 
 P. Salvador, J. J. Dannenberg, S. Dapprich, A. D. Daniels, 
 O. Farkas, J. B. Foresman, J. V. Ortiz, J. Cioslowski, 
 and D. J. Fox, Gaussian, Inc., Wallingford CT, 2013.
 
 ******************************************
 Gaussian 09:  ES64L-G09RevE.01 30-Nov-2015
                17-Feb-2017 
 ******************************************
 %chk=h12.chk
 ----------------------------------------------------------------------
 #rhf/gen scf(symm,tight,novaracc,noincfock,fulldiag) stable(crhf) gues
 s=read geom=nocrowd test
 ----------------------------------------------------------------------
 1/38=1/1;
 2/12=1,17=6,18=5,40=1/2;
 3/5=7,16=1,25=1,30=1,116=1/1,2,3;
 4/5=1,9=4/1;
 5/5=100002,15=2,16=1,32=2,38=6/2;
 8/6=1,10=90,11=11/1,4;
 9/8=4,13=1/2;
 6/7=2,8=2,9=2,10=2,28=1/1;
 99/5=1,9=1/99;
 ----------------------------------------------------------------------
 hf stability analysis of h12 triangular lattice, y= 1.1806129676413906
 ----------------------------------------------------------------------
 Symbolic Z-matrix:
 Charge =  0 Multiplicity = 1
 H
 H                    1     1.27789 
 H                    1     1.27789  2     45. 
 H                    2     1.27789  1     135.     3     0.       0
 H                    2     1.27789  1     180.     3     0.       0
 H                    4     1.27789  3     180.     5     0.       0
 H                    6     1.27789  5     180.     3     0.       0
 H                    4     1.27789  2     180.     3     0.       0
 H                    3     1.27789  1     180.     4     0.       0
 H                    9     1.27789  3     180.     4     0.       0
 H                    8     1.27789  4     180.     3     0.       0
 H                    7     1.27789  6     180.     3     0.       0
 
                          Input orientation:                          
 ---------------------------------------------------------------------
 Center     Atomic      Atomic             Coordinates (Angstroms)
 Number     Number       Type             X           Y           Z
 ---------------------------------------------------------------------
      1          1           0        0.000000    0.000000    0.000000
      2          1           0        0.000000    0.000000    1.277886
      3          1           0        0.903602    0.000000    0.903602
      4          1           0        0.903602    0.000000    2.181488
      5          1           0        0.000000    0.000000    2.555773
      6          1           0        0.903602    0.000000    3.459375
      7          1           0        1.807204    0.000000    4.362977
      8          1           0        1.807204    0.000000    3.085090
      9          1           0        1.807204    0.000000    1.807204
     10          1           0        2.710806    0.000000    2.710806
     11          1           0        2.710806    0.000000    3.988692
     12          1           0        2.710806    0.000000    5.266579
 ---------------------------------------------------------------------
                    Distance matrix (angstroms):
                    1          2          3          4          5
     1  H    0.000000
     2  H    1.277886   0.000000
     3  H    1.277886   0.978052   0.000000
     4  H    2.361226   1.277886   1.277886   0.000000
     5  H    2.555773   1.277886   1.883126   0.978052   0.000000
     6  H    3.575440   2.361226   2.555773   1.277886   1.277886
     7  H    4.722452   3.575440   3.575440   2.361226   2.555773
     8  H    3.575440   2.555773   2.361226   1.277886   1.883126
     9  H    2.555773   1.883126   1.277886   0.978052   1.956104
    10  H    3.833659   3.066224   2.555773   1.883126   2.715236
    11  H    4.822669   3.833659   3.575440   2.555773   3.066224
    12  H    5.923286   4.822669   4.722452   3.575440   3.833659
                    6          7          8          9         10
     6  H    0.000000
     7  H    1.277886   0.000000
     8  H    0.978052   1.277886   0.000000
     9  H    1.883126   2.555773   1.277886   0.000000
    10  H    1.956104   1.883126   0.978052   1.277886   0.000000
    11  H    1.883126   0.978052   1.277886   2.361226   1.277886
    12  H    2.555773   1.277886   2.361226   3.575440   2.555773
                   11         12
    11  H    0.000000
    12  H    1.277886   0.000000
 Stoichiometry    H12
 Framework group  C2H[SGH(H12)]
 Deg. of freedom    11
 Full point group                 C2H     NOp   4
 Largest Abelian subgroup         C2H     NOp   4
 Largest concise Abelian subgroup C2      NOp   2
                         Standard orientation:                         
 ---------------------------------------------------------------------
 Center     Atomic      Atomic             Coordinates (Angstroms)
 Number     Number       Type             X           Y           Z
 ---------------------------------------------------------------------
      1          1           0        0.903602    2.820431    0.000000
      2          1           0        0.000000    1.916829    0.000000
      3          1           0        0.903602    1.542545    0.000000
      4          1           0        0.000000    0.638943    0.000000
      5          1           0       -0.903602    1.013227    0.000000
      6          1           0       -0.903602   -0.264659    0.000000
      7          1           0       -0.903602   -1.542545    0.000000
      8          1           0       -0.000000   -0.638943    0.000000
      9          1           0        0.903602    0.264659    0.000000
     10          1           0        0.903602   -1.013227    0.000000
     11          1           0       -0.000000   -1.916829    0.000000
     12          1           0       -0.903602   -2.820431    0.000000
 ---------------------------------------------------------------------
 Rotational constants (GHZ):    102.3590870     15.3538631     13.3511853
 General basis read from cards:  (5D, 7F)
 There are     6 symmetry adapted cartesian basis functions of AG  symmetry.
 There are     0 symmetry adapted cartesian basis functions of BG  symmetry.
 There are     0 symmetry adapted cartesian basis functions of AU  symmetry.
 There are     6 symmetry adapted cartesian basis functions of BU  symmetry.
 There are     6 symmetry adapted basis functions of AG  symmetry.
 There are     0 symmetry adapted basis functions of BG  symmetry.
 There are     0 symmetry adapted basis functions of AU  symmetry.
 There are     6 symmetry adapted basis functions of BU  symmetry.
    12 basis functions,   120 primitive gaussians,    12 cartesian basis functions
     6 alpha electrons        6 beta electrons
       nuclear repulsion energy        18.7324693981 Hartrees.
 NAtoms=   12 NActive=   12 NUniq=    6 SFac= 4.00D+00 NAtFMM=   60 NAOKFM=F Big=F
 Integral buffers will be    131072 words long.
 Regular integral format.
 Two-electron integral symmetry is turned on.
 One-electron integrals computed using PRISM.
 NBasis=    12 RedAO= T EigKep=  1.71D-01  NBF=     6     0     0     6
 NBsUse=    12 1.00D-06 EigRej= -1.00D+00 NBFU=     6     0     0     6
 Initial guess from the checkpoint file:  "h12.chk"
 B after Tr=    -0.000000   -0.000000    0.000000
         Rot=    0.987000   -0.000000   -0.000000   -0.160719 Ang= -18.50 deg.
 Initial guess orbital symmetries:
       Occupied  (AG) (BU) (BU) (AG) (AG) (AG)
       Virtual   (BU) (BU) (BU) (AG) (AG) (BU)
 Keep R1 ints in memory in symmetry-blocked form, NReq=901656.
 Requested convergence on RMS density matrix=1.00D-08 within 128 cycles.
 Requested convergence on MAX density matrix=1.00D-06.
 Requested convergence on             energy=1.00D-06.
 No special actions if energy rises.
 SCF Done:  E(RHF) =  -5.40592665218     A.U. after   17 cycles
            NFock= 17  Conv=0.20D-08     -V/T= 1.8139
 Range of M.O.s used for correlation:     1    12
 NBasis=    12 NAE=     6 NBE=     6 NFC=     0 NFV=     0
 NROrb=     12 NOA=     6 NOB=     6 NVA=     6 NVB=     6

 **** Warning!!: The smallest alpha delta epsilon is -0.95940131D-01

 Semi-Direct transformation.
 ModeAB=           4 MOrb=             6 LenV=     134086411
 LASXX=         2181 LTotXX=        2181 LenRXX=        5115
 LTotAB=        2934 MaxLAS=        3024 LenRXY=           0
 NonZer=        7296 LenScr=      655360 LnRSAI=        3024
 LnScr1=      655360 LExtra=           0 Total=      1318859
 MaxDsk=          -1 SrtSym=           T ITran=            3
 JobTyp=0 Pass  1:  I=   1 to   6.
 (rs|ai) integrals will be sorted in core.
 Spin components of T(2) and E(2):
     alpha-alpha T2 =       0.2971284491D-01 E2=     -0.2297704638D-01
     alpha-beta  T2 =       0.2094907553D+01 E2=     -0.3180854276D+00
     beta-beta   T2 =       0.2971284491D-01 E2=     -0.2297704638D-01
 ANorm=    0.1776044268D+01
 E2 =    -0.3640395204D+00 EUMP2 =    -0.57699661725634D+01
 Second order stability test of a single determinant RHF wave function:
 Stabil:  MDV=134217728
 ***********************************************************************
 Matrix         Lowest Root    Major Pairs
 ***********************************************************************
 Internal RHF    -0.198905     6A=7A 6A=8A 5A=7A 4A=7A
 RRHF --> CRHF   -0.2921995    6A=7A
 RRHF --> RUHF   -0.6244407    6A=7B 6A=8B 4A=7B 4A=8B
 Not stable.
 ***********************************************************************

 **********************************************************************

            Population analysis using the SCF density.

 **********************************************************************

 Orbital symmetries:
       Occupied  (AG) (BU) (BU) (AG) (AG) (AG)
       Virtual   (BU) (BU) (AG) (BU) (AG) (BU)
 The electronic state is 1-AG.
 Alpha  occ. eigenvalues --   -0.96015  -0.77310  -0.56640  -0.55037  -0.31959
 Alpha  occ. eigenvalues --   -0.08602
 Alpha virt. eigenvalues --   -0.18196   0.16465   0.24812   0.28059   0.51731
 Alpha virt. eigenvalues --    0.53575
          Condensed to atoms (all electrons):
               1          2          3          4          5          6
     1  H    1.451296  -0.219226  -0.240159   0.002616   0.008990   0.003675
     2  H   -0.219226   0.908196   0.291908  -0.012575   0.195989  -0.070337
     3  H   -0.240159   0.291908   1.206535  -0.033077  -0.182102  -0.018656
     4  H    0.002616  -0.012575  -0.033077   0.551493   0.157780   0.153054
     5  H    0.008990   0.195989  -0.182102   0.157780   1.194237  -0.050592
     6  H    0.003675  -0.070337  -0.018656   0.153054  -0.050592   0.901477
     7  H   -0.002248   0.006003   0.019083  -0.033349  -0.057561   0.143621
     8  H    0.000294  -0.038319  -0.033349   0.070132  -0.034664   0.098357
     9  H    0.028482  -0.124837   0.143621   0.098357  -0.175067   0.024492
    10  H    0.002641   0.010224  -0.057561  -0.034664   0.043120  -0.175067
    11  H   -0.001546   0.010666   0.006003  -0.038319   0.010224  -0.124837
    12  H    0.000636  -0.001546  -0.002248   0.000294   0.002641   0.028482
               7          8          9         10         11         12
     1  H   -0.002248   0.000294   0.028482   0.002641  -0.001546   0.000636
     2  H    0.006003  -0.038319  -0.124837   0.010224   0.010666  -0.001546
     3  H    0.019083  -0.033349   0.143621  -0.057561   0.006003  -0.002248
     4  H   -0.033349   0.070132   0.098357  -0.034664  -0.038319   0.000294
     5  H   -0.057561  -0.034664  -0.175067   0.043120   0.010224   0.002641
     6  H    0.143621   0.098357   0.024492  -0.175067  -0.124837   0.028482
     7  H    1.206535  -0.033077  -0.018656  -0.182102   0.291908  -0.240159
     8  H   -0.033077   0.551493   0.153054   0.157780  -0.012575   0.002616
     9  H   -0.018656   0.153054   0.901477  -0.050592  -0.070337   0.003675
    10  H   -0.182102   0.157780  -0.050592   1.194237   0.195989   0.008990
    11  H    0.291908  -0.012575  -0.070337   0.195989   0.908196  -0.219226
    12  H   -0.240159   0.002616   0.003675   0.008990  -0.219226   1.451296
 Mulliken charges:
               1
     1  H   -0.035450
     2  H    0.043854
     3  H   -0.099997
     4  H    0.118258
     5  H   -0.112995
     6  H    0.086330
     7  H   -0.099997
     8  H    0.118258
     9  H    0.086330
    10  H   -0.112995
    11  H    0.043854
    12  H   -0.035450
 Sum of Mulliken charges =   0.00000
 Mulliken charges with hydrogens summed into heavy atoms:
               1
 Electronic spatial extent (au):  <R**2>=            177.0481
 Charge=              0.0000 electrons
 Dipole moment (field-independent basis, Debye):
    X=              0.0000    Y=             -0.0000    Z=             -0.0000  Tot=              0.0000
 Quadrupole moment (field-independent basis, Debye-Ang):
   XX=            -19.1325   YY=            -23.5251   ZZ=            -15.0753
   XY=             -1.2421   XZ=             -0.0000   YZ=              0.0000
 Traceless Quadrupole moment (field-independent basis, Debye-Ang):
   XX=              0.1117   YY=             -4.2808   ZZ=              4.1690
   XY=             -1.2421   XZ=             -0.0000   YZ=              0.0000
 Octapole moment (field-independent basis, Debye-Ang**2):
  XXX=              0.0000  YYY=              0.0000  ZZZ=             -0.0000  XYY=              0.0000
  XXY=              0.0000  XXZ=             -0.0000  XZZ=              0.0000  YZZ=              0.0000
  YYZ=             -0.0000  XYZ=             -0.0000
 Hexadecapole moment (field-independent basis, Debye-Ang**3):
 XXXX=            -79.0610 YYYY=           -350.7097 ZZZZ=            -17.8199 XXXY=            -28.4063
 XXXZ=              0.0000 YYYX=            -53.7588 YYYZ=              0.0000 ZZZX=              0.0000
 ZZZY=              0.0000 XXYY=            -72.7574 XXZZ=            -15.6488 YYZZ=            -47.4298
 XXYZ=              0.0000 YYXZ=              0.0000 ZZXY=             -8.3784
 N-N= 1.873246939810D+01 E-N=-4.840770619661D+01  KE= 6.642188728301D+00
 Symmetry AG   KE= 4.919153697540D+00
 Symmetry BG   KE= 0.000000000000D+00
 Symmetry AU   KE= 0.000000000000D+00
 Symmetry BU   KE= 1.723035030760D+00

 Test job not archived.
 1\1\GINC-SULU\Stability\RHF\Gen\H12\LCJ1\17-Feb-2017\0\\#rhf/gen scf(s
 ymm,tight,novaracc,noincfock,fulldiag) stable(crhf) guess=read geom=no
 crowd test\\hf stability analysis of h12 triangular lattice, y= 1.1806
 129676413906\\0,1\H\H,1,1.2778862504\H,1,1.2778862504,2,45.\H,2,1.2778
 862504,1,135.,3,0.,0\H,2,1.2778862504,1,180.,3,0.,0\H,4,1.2778862504,3
 ,180.,5,0.,0\H,6,1.2778862504,5,180.,3,0.,0\H,4,1.2778862504,2,180.,3,
 0.,0\H,3,1.2778862504,1,180.,4,0.,0\H,9,1.2778862504,3,180.,4,0.,0\H,8
 ,1.2778862504,4,180.,3,0.,0\H,7,1.2778862504,6,180.,3,0.,0\\Version=ES
 64L-G09RevE.01\State=1-AG\HF=-5.4059267\MP2=-5.7699662\RMSD=2.024e-09\
 Dipole=0.,0.,0.\Quadrupole=-0.6263239,3.0995791,-2.4732552,0.,-1.63286
 71,0.\PG=C02H [SGH(H12)]\\@


 LIFE IS A CONTINUAL STRUGGLE AGAINST THE TENDENCY TO PRODUCE ENTROPY.
 Job cpu time:       0 days  0 hours  0 minutes  1.1 seconds.
 File lengths (MBytes):  RWF=     84 Int=      0 D2E=      0 Chk=      2 Scr=      2
 Normal termination of Gaussian 09 at Fri Feb 17 15:06:53 2017.
