 Entering Gaussian System, Link 0=g09
 AtFile(1): H.gbs
            H     0
            S   10   1.00
               1000.000000000000            0.000068713567
                316.227766000000            0.000169141320
                100.000000000000            0.000823394812
                 31.622776600000            0.003425569236
                 10.000000000000            0.013951996000
                  3.162277660000            0.056909313560
                  1.000000000000            0.198286399900
                  0.316227766000            0.496922426700
                  0.100000000000            0.369846276400
                  0.031622776600            0.003752720039
            ****
 Initial command:
 /projects/guscus/apps/gau/g09-e1/g09/l1.exe "/users/lcj1/gaussian/h12/rhfstability/rect/guess/ag4bu2/Gau-5219.inp" -scrdir="/users/lcj1/gaussian/h12/rhfstability/rect/guess/ag4bu2/"
 Entering Link 1 = /projects/guscus/apps/gau/g09-e1/g09/l1.exe PID=      5220.
  
 Copyright (c) 1988,1990,1992,1993,1995,1998,2003,2009,2015,
            Gaussian, Inc.  All Rights Reserved.
  
 This is part of the Gaussian(R) 09 program.  It is based on
 the Gaussian(R) 03 system (copyright 2003, Gaussian, Inc.),
 the Gaussian(R) 98 system (copyright 1998, Gaussian, Inc.),
 the Gaussian(R) 94 system (copyright 1995, Gaussian, Inc.),
 the Gaussian 92(TM) system (copyright 1992, Gaussian, Inc.),
 the Gaussian 90(TM) system (copyright 1990, Gaussian, Inc.),
 the Gaussian 88(TM) system (copyright 1988, Gaussian, Inc.),
 the Gaussian 86(TM) system (copyright 1986, Carnegie Mellon
 University), and the Gaussian 82(TM) system (copyright 1983,
 Carnegie Mellon University). Gaussian is a federally registered
 trademark of Gaussian, Inc.
  
 This software contains proprietary and confidential information,
 including trade secrets, belonging to Gaussian, Inc.
  
 This software is provided under written license and may be
 used, copied, transmitted, or stored only in accord with that
 written license.
  
 The following legend is applicable only to US Government
 contracts under FAR:
  
                    RESTRICTED RIGHTS LEGEND
  
 Use, reproduction and disclosure by the US Government is
 subject to restrictions as set forth in subparagraphs (a)
 and (c) of the Commercial Computer Software - Restricted
 Rights clause in FAR 52.227-19.
  
 Gaussian, Inc.
 340 Quinnipiac St., Bldg. 40, Wallingford CT 06492
  
  
 ---------------------------------------------------------------
 Warning -- This program may not be used in any manner that
 competes with the business of Gaussian, Inc. or will provide
 assistance to any competitor of Gaussian, Inc.  The licensee
 of this program is prohibited from giving any competitor of
 Gaussian, Inc. access to this program.  By using this program,
 the user acknowledges that Gaussian, Inc. is engaged in the
 business of creating and licensing software in the field of
 computational chemistry and represents and warrants to the
 licensee that it is not a competitor of Gaussian, Inc. and that
 it will not use this program in any manner prohibited above.
 ---------------------------------------------------------------
  

 Cite this work as:
 Gaussian 09, Revision E.01,
 M. J. Frisch, G. W. Trucks, H. B. Schlegel, G. E. Scuseria, 
 M. A. Robb, J. R. Cheeseman, G. Scalmani, V. Barone, B. Mennucci, 
 G. A. Petersson, H. Nakatsuji, M. Caricato, X. Li, H. P. Hratchian, 
 A. F. Izmaylov, J. Bloino, G. Zheng, J. L. Sonnenberg, M. Hada, 
 M. Ehara, K. Toyota, R. Fukuda, J. Hasegawa, M. Ishida, T. Nakajima, 
 Y. Honda, O. Kitao, H. Nakai, T. Vreven, J. A. Montgomery, Jr., 
 J. E. Peralta, F. Ogliaro, M. Bearpark, J. J. Heyd, E. Brothers, 
 K. N. Kudin, V. N. Staroverov, T. Keith, R. Kobayashi, J. Normand, 
 K. Raghavachari, A. Rendell, J. C. Burant, S. S. Iyengar, J. Tomasi, 
 M. Cossi, N. Rega, J. M. Millam, M. Klene, J. E. Knox, J. B. Cross, 
 V. Bakken, C. Adamo, J. Jaramillo, R. Gomperts, R. E. Stratmann, 
 O. Yazyev, A. J. Austin, R. Cammi, C. Pomelli, J. W. Ochterski, 
 R. L. Martin, K. Morokuma, V. G. Zakrzewski, G. A. Voth, 
 P. Salvador, J. J. Dannenberg, S. Dapprich, A. D. Daniels, 
 O. Farkas, J. B. Foresman, J. V. Ortiz, J. Cioslowski, 
 and D. J. Fox, Gaussian, Inc., Wallingford CT, 2013.
 
 ******************************************
 Gaussian 09:  ES64L-G09RevE.01 30-Nov-2015
                17-Feb-2017 
 ******************************************
 %chk=h12.chk
 ----------------------------------------------------------------------
 #rhf/gen scf(symm,tight,novaracc,noincfock,fulldiag) stable(crhf) gues
 s=read geom=nocrowd test
 ----------------------------------------------------------------------
 1/38=1/1;
 2/12=1,17=6,18=5,40=1/2;
 3/5=7,16=1,25=1,30=1,116=1/1,2,3;
 4/5=1,9=4/1;
 5/5=100002,15=2,16=1,32=2,38=6/2;
 8/6=1,10=90,11=11/1,4;
 9/8=4,13=1/2;
 6/7=2,8=2,9=2,10=2,28=1/1;
 99/5=1,9=1/99;
 ----------------------------------------------------------------------
 hf stability analysis of h12 triangular lattice, y= 1.0365814879045478
 ----------------------------------------------------------------------
 Symbolic Z-matrix:
 Charge =  0 Multiplicity = 1
 H
 H                    1     1.17674 
 H                    1     1.17674  2     56.5 
 H                    2     1.17674  1     123.5    3     0.       0
 H                    2     1.17674  1     180.     3     0.       0
 H                    4     1.17674  3     180.     5     0.       0
 H                    6     1.17674  5     180.     3     0.       0
 H                    4     1.17674  2     180.     3     0.       0
 H                    3     1.17674  1     180.     4     0.       0
 H                    9     1.17674  3     180.     4     0.       0
 H                    8     1.17674  4     180.     3     0.       0
 H                    7     1.17674  6     180.     3     0.       0
 
                          Input orientation:                          
 ---------------------------------------------------------------------
 Center     Atomic      Atomic             Coordinates (Angstroms)
 Number     Number       Type             X           Y           Z
 ---------------------------------------------------------------------
      1          1           0        0.000000    0.000000    0.000000
      2          1           0        0.000000    0.000000    1.176742
      3          1           0        0.981269    0.000000    0.649488
      4          1           0        0.981269    0.000000    1.826230
      5          1           0        0.000000    0.000000    2.353485
      6          1           0        0.981269    0.000000    3.002972
      7          1           0        1.962538    0.000000    3.652460
      8          1           0        1.962538    0.000000    2.475718
      9          1           0        1.962538    0.000000    1.298975
     10          1           0        2.943806    0.000000    1.948463
     11          1           0        2.943806    0.000000    3.125205
     12          1           0        2.943806    0.000000    4.301948
 ---------------------------------------------------------------------
                    Distance matrix (angstroms):
                    1          2          3          4          5
     1  H    0.000000
     2  H    1.176742   0.000000
     3  H    1.176742   1.113951   0.000000
     4  H    2.073163   1.176742   1.176742   0.000000
     5  H    2.353485   1.176742   1.966340   1.113951   0.000000
     6  H    3.159230   2.073163   2.353485   1.176742   1.176742
     7  H    4.146326   3.159230   3.159230   2.073163   2.353485
     8  H    3.159230   2.353485   2.073163   1.176742   1.966340
     9  H    2.353485   1.966340   1.176742   1.113951   2.227901
    10  H    3.530227   3.043279   2.353485   1.966340   2.971538
    11  H    4.293356   3.530227   3.159230   2.353485   3.043279
    12  H    5.212749   4.293356   4.146326   3.159230   3.530227
                    6          7          8          9         10
     6  H    0.000000
     7  H    1.176742   0.000000
     8  H    1.113951   1.176742   0.000000
     9  H    1.966340   2.353485   1.176742   0.000000
    10  H    2.227901   1.966340   1.113951   1.176742   0.000000
    11  H    1.966340   1.113951   1.176742   2.073163   1.176742
    12  H    2.353485   1.176742   2.073163   3.159230   2.353485
                   11         12
    11  H    0.000000
    12  H    1.176742   0.000000
 Stoichiometry    H12
 Framework group  C2H[SGH(H12)]
 Deg. of freedom    11
 Full point group                 C2H     NOp   4
 Largest Abelian subgroup         C2H     NOp   4
 Largest concise Abelian subgroup C2      NOp   2
                         Standard orientation:                         
 ---------------------------------------------------------------------
 Center     Atomic      Atomic             Coordinates (Angstroms)
 Number     Number       Type             X           Y           Z
 ---------------------------------------------------------------------
      1          1           0        0.981269    2.414601    0.000000
      2          1           0        0.000000    1.765114    0.000000
      3          1           0        0.981269    1.237859    0.000000
      4          1           0        0.000000    0.588371    0.000000
      5          1           0       -0.981269    1.115626    0.000000
      6          1           0       -0.981269   -0.061116    0.000000
      7          1           0       -0.981269   -1.237859    0.000000
      8          1           0       -0.000000   -0.588371    0.000000
      9          1           0        0.981269    0.061116   -0.000000
     10          1           0        0.981269   -1.115626   -0.000000
     11          1           0       -0.000000   -1.765114    0.000000
     12          1           0       -0.981269   -2.414601    0.000000
 ---------------------------------------------------------------------
 Rotational constants (GHZ):     80.2270893     19.5894865     15.7449549
 General basis read from cards:  (5D, 7F)
 There are     6 symmetry adapted cartesian basis functions of AG  symmetry.
 There are     0 symmetry adapted cartesian basis functions of BG  symmetry.
 There are     0 symmetry adapted cartesian basis functions of AU  symmetry.
 There are     6 symmetry adapted cartesian basis functions of BU  symmetry.
 There are     6 symmetry adapted basis functions of AG  symmetry.
 There are     0 symmetry adapted basis functions of BG  symmetry.
 There are     0 symmetry adapted basis functions of AU  symmetry.
 There are     6 symmetry adapted basis functions of BU  symmetry.
    12 basis functions,   120 primitive gaussians,    12 cartesian basis functions
     6 alpha electrons        6 beta electrons
       nuclear repulsion energy        19.3853151195 Hartrees.
 NAtoms=   12 NActive=   12 NUniq=    6 SFac= 4.00D+00 NAtFMM=   60 NAOKFM=F Big=F
 Integral buffers will be    131072 words long.
 Regular integral format.
 Two-electron integral symmetry is turned on.
 One-electron integrals computed using PRISM.
 NBasis=    12 RedAO= T EigKep=  1.84D-01  NBF=     6     0     0     6
 NBsUse=    12 1.00D-06 EigRej= -1.00D+00 NBFU=     6     0     0     6
 Initial guess from the checkpoint file:  "h12.chk"
 B after Tr=    -0.000000   -0.000000    0.000000
         Rot=    0.991641   -0.000000   -0.000000   -0.129028 Ang= -14.83 deg.
 Initial guess orbital symmetries:
       Occupied  (AG) (BU) (BU) (AG) (AG) (AG)
       Virtual   (BU) (BU) (BU) (AG) (AG) (BU)
 Keep R1 ints in memory in symmetry-blocked form, NReq=903252.
 Requested convergence on RMS density matrix=1.00D-08 within 128 cycles.
 Requested convergence on MAX density matrix=1.00D-06.
 Requested convergence on             energy=1.00D-06.
 No special actions if energy rises.
 SCF Done:  E(RHF) =  -5.48508719574     A.U. after   13 cycles
            NFock= 13  Conv=0.71D-08     -V/T= 1.8211
 Range of M.O.s used for correlation:     1    12
 NBasis=    12 NAE=     6 NBE=     6 NFC=     0 NFV=     0
 NROrb=     12 NOA=     6 NOB=     6 NVA=     6 NVB=     6

 **** Warning!!: The smallest alpha delta epsilon is -0.12076847D-01

 Semi-Direct transformation.
 ModeAB=           4 MOrb=             6 LenV=     134085025
 LASXX=         2181 LTotXX=        2181 LenRXX=        5115
 LTotAB=        2934 MaxLAS=        3024 LenRXY=           0
 NonZer=        7296 LenScr=      655360 LnRSAI=        3024
 LnScr1=      655360 LExtra=           0 Total=      1318859
 MaxDsk=          -1 SrtSym=           T ITran=            3
 JobTyp=0 Pass  1:  I=   1 to   6.
 (rs|ai) integrals will be sorted in core.
 Spin components of T(2) and E(2):
     alpha-alpha T2 =       0.1282541822D-01 E2=     -0.1487610279D-01
     alpha-beta  T2 =       0.1239246577D+01 E2=     -0.1063237839D+00
     beta-beta   T2 =       0.1282541822D-01 E2=     -0.1487610279D-01
 ANorm=    0.1504957612D+01
 E2 =    -0.1360759895D+00 EUMP2 =    -0.56211631852332D+01
 Second order stability test of a single determinant RHF wave function:
 Stabil:  MDV=134217728
 ***********************************************************************
 Matrix         Lowest Root    Major Pairs
 ***********************************************************************
 Internal RHF    -0.2216862    6A=7A
 RRHF --> CRHF   -0.2667015    6A=7A
 RRHF --> RUHF   -0.351751     6A=7B
 Not stable.
 ***********************************************************************

 **********************************************************************

            Population analysis using the SCF density.

 **********************************************************************

 Orbital symmetries:
       Occupied  (AG) (BU) (BU) (AG) (AG) (AG)
       Virtual   (BU) (AG) (BU) (BU) (BU) (AG)
 The electronic state is 1-AG.
 Alpha  occ. eigenvalues --   -0.89065  -0.75198  -0.55700  -0.54521  -0.30883
 Alpha  occ. eigenvalues --   -0.09361
 Alpha virt. eigenvalues --   -0.10569   0.19386   0.22644   0.44935   0.53819
 Alpha virt. eigenvalues --    0.62811
          Condensed to atoms (all electrons):
               1          2          3          4          5          6
     1  H    0.489474   0.036937   0.260100  -0.087095   0.009211   0.002121
     2  H    0.036937   1.114383  -0.157480   0.276776   0.088874  -0.122501
     3  H    0.260100  -0.157480   0.889229  -0.084443  -0.102996   0.011521
     4  H   -0.087095   0.276776  -0.084443   1.521272  -0.408903  -0.273022
     5  H    0.009211   0.088874  -0.102996  -0.408903   1.384755   0.375433
     6  H    0.002121  -0.122501   0.011521  -0.273022   0.375433   1.154170
     7  H    0.001973  -0.020242   0.016789  -0.042973  -0.028069   0.255299
     8  H   -0.024601   0.035523  -0.042973   0.703800  -0.217795  -0.393954
     9  H    0.029068  -0.189506   0.255299  -0.393954   0.034581   0.128764
    10  H    0.003728  -0.006875  -0.028069  -0.217795   0.057574   0.034581
    11  H   -0.000665   0.019250  -0.020242   0.035523  -0.006875  -0.189506
    12  H    0.000491  -0.000665   0.001973  -0.024601   0.003728   0.029068
               7          8          9         10         11         12
     1  H    0.001973  -0.024601   0.029068   0.003728  -0.000665   0.000491
     2  H   -0.020242   0.035523  -0.189506  -0.006875   0.019250  -0.000665
     3  H    0.016789  -0.042973   0.255299  -0.028069  -0.020242   0.001973
     4  H   -0.042973   0.703800  -0.393954  -0.217795   0.035523  -0.024601
     5  H   -0.028069  -0.217795   0.034581   0.057574  -0.006875   0.003728
     6  H    0.255299  -0.393954   0.128764   0.034581  -0.189506   0.029068
     7  H    0.889229  -0.084443   0.011521  -0.102996  -0.157480   0.260100
     8  H   -0.084443   1.521272  -0.273022  -0.408903   0.276776  -0.087095
     9  H    0.011521  -0.273022   1.154170   0.375433  -0.122501   0.002121
    10  H   -0.102996  -0.408903   0.375433   1.384755   0.088874   0.009211
    11  H   -0.157480   0.276776  -0.122501   0.088874   1.114383   0.036937
    12  H    0.260100  -0.087095   0.002121   0.009211   0.036937   0.489474
 Mulliken charges:
               1
     1  H    0.279258
     2  H   -0.074473
     3  H    0.001291
     4  H   -0.004584
     5  H   -0.189518
     6  H   -0.011974
     7  H    0.001291
     8  H   -0.004584
     9  H   -0.011974
    10  H   -0.189518
    11  H   -0.074473
    12  H    0.279258
 Sum of Mulliken charges =   0.00000
 Mulliken charges with hydrogens summed into heavy atoms:
               1
 Electronic spatial extent (au):  <R**2>=            143.5534
 Charge=              0.0000 electrons
 Dipole moment (field-independent basis, Debye):
    X=             -0.0000    Y=             -0.0000    Z=              0.0000  Tot=              0.0000
 Quadrupole moment (field-independent basis, Debye-Ang):
   XX=            -20.6073   YY=             -4.3328   ZZ=            -15.1688
   XY=              9.7790   XZ=             -0.0000   YZ=             -0.0000
 Traceless Quadrupole moment (field-independent basis, Debye-Ang):
   XX=             -7.2377   YY=              9.0368   ZZ=             -1.7992
   XY=              9.7790   XZ=             -0.0000   YZ=             -0.0000
 Octapole moment (field-independent basis, Debye-Ang**2):
  XXX=              0.0000  YYY=              0.0000  ZZZ=             -0.0000  XYY=             -0.0000
  XXY=              0.0000  XXZ=             -0.0000  XZZ=              0.0000  YZZ=             -0.0000
  YYZ=              0.0000  XYZ=              0.0000
 Hexadecapole moment (field-independent basis, Debye-Ang**3):
 XXXX=           -101.9808 YYYY=           -100.5063 ZZZZ=            -18.0629 XXXY=             -5.2949
 XXXZ=              0.0000 YYYX=             34.2253 YYYZ=             -0.0000 ZZZX=              0.0000
 ZZZY=              0.0000 XXYY=            -38.8573 XXZZ=            -18.2623 YYZZ=            -35.4435
 XXYZ=              0.0000 YYXZ=             -0.0000 ZZXY=             -4.4579
 N-N= 1.938531511954D+01 E-N=-5.012630651139D+01  KE= 6.680072098981D+00
 Symmetry AG   KE= 5.084919317283D+00
 Symmetry BG   KE= 0.000000000000D+00
 Symmetry AU   KE= 0.000000000000D+00
 Symmetry BU   KE= 1.595152781698D+00

 Test job not archived.
 1\1\GINC-SULU\Stability\RHF\Gen\H12\LCJ1\17-Feb-2017\0\\#rhf/gen scf(s
 ymm,tight,novaracc,noincfock,fulldiag) stable(crhf) guess=read geom=no
 crowd test\\hf stability analysis of h12 triangular lattice, y= 1.0365
 814879045478\\0,1\H\H,1,1.1767423884\H,1,1.1767423884,2,56.5\H,2,1.176
 7423884,1,123.5,3,0.,0\H,2,1.1767423884,1,180.,3,0.,0\H,4,1.1767423884
 ,3,180.,5,0.,0\H,6,1.1767423884,5,180.,3,0.,0\H,4,1.1767423884,2,180.,
 3,0.,0\H,3,1.1767423884,1,180.,4,0.,0\H,9,1.1767423884,3,180.,4,0.,0\H
 ,8,1.1767423884,4,180.,3,0.,0\H,7,1.1767423884,6,180.,3,0.,0\\Version=
 ES64L-G09RevE.01\State=1-AG\HF=-5.4850872\MP2=-5.6211632\RMSD=7.097e-0
 9\Dipole=0.,0.,0.\Quadrupole=-3.659809,-1.3376411,4.9974501,0.,8.40970
 24,0.\PG=C02H [SGH(H12)]\\@


 CONTRAIWISE...CONTINUED TWEEDLEDEE, IF IT WAS SO, IT MIGHT BE,
 AND IF IT WERE SO, IT WOULD BE.....
 BUT AS IT ISN'T, IT AIN'T....
 THAT'S LOGIC.....
 ALICE THROUGH THE LOOKING GLASS
 Job cpu time:       0 days  0 hours  0 minutes  1.1 seconds.
 File lengths (MBytes):  RWF=     84 Int=      0 D2E=      0 Chk=      2 Scr=      2
 Normal termination of Gaussian 09 at Fri Feb 17 15:05:42 2017.
