 Entering Gaussian System, Link 0=g09
 AtFile(1): H.gbs
            H     0
            S   10   1.00
               1000.000000000000            0.000068713567
                316.227766000000            0.000169141320
                100.000000000000            0.000823394812
                 31.622776600000            0.003425569236
                 10.000000000000            0.013951996000
                  3.162277660000            0.056909313560
                  1.000000000000            0.198286399900
                  0.316227766000            0.496922426700
                  0.100000000000            0.369846276400
                  0.031622776600            0.003752720039
            ****
 Initial command:
 /projects/guscus/apps/gau/g09-e1/g09/l1.exe "/users/lcj1/gaussian/h12/rhfstability/rect/guess/ag4bu2/Gau-6573.inp" -scrdir="/users/lcj1/gaussian/h12/rhfstability/rect/guess/ag4bu2/"
 Entering Link 1 = /projects/guscus/apps/gau/g09-e1/g09/l1.exe PID=      6574.
  
 Copyright (c) 1988,1990,1992,1993,1995,1998,2003,2009,2015,
            Gaussian, Inc.  All Rights Reserved.
  
 This is part of the Gaussian(R) 09 program.  It is based on
 the Gaussian(R) 03 system (copyright 2003, Gaussian, Inc.),
 the Gaussian(R) 98 system (copyright 1998, Gaussian, Inc.),
 the Gaussian(R) 94 system (copyright 1995, Gaussian, Inc.),
 the Gaussian 92(TM) system (copyright 1992, Gaussian, Inc.),
 the Gaussian 90(TM) system (copyright 1990, Gaussian, Inc.),
 the Gaussian 88(TM) system (copyright 1988, Gaussian, Inc.),
 the Gaussian 86(TM) system (copyright 1986, Carnegie Mellon
 University), and the Gaussian 82(TM) system (copyright 1983,
 Carnegie Mellon University). Gaussian is a federally registered
 trademark of Gaussian, Inc.
  
 This software contains proprietary and confidential information,
 including trade secrets, belonging to Gaussian, Inc.
  
 This software is provided under written license and may be
 used, copied, transmitted, or stored only in accord with that
 written license.
  
 The following legend is applicable only to US Government
 contracts under FAR:
  
                    RESTRICTED RIGHTS LEGEND
  
 Use, reproduction and disclosure by the US Government is
 subject to restrictions as set forth in subparagraphs (a)
 and (c) of the Commercial Computer Software - Restricted
 Rights clause in FAR 52.227-19.
  
 Gaussian, Inc.
 340 Quinnipiac St., Bldg. 40, Wallingford CT 06492
  
  
 ---------------------------------------------------------------
 Warning -- This program may not be used in any manner that
 competes with the business of Gaussian, Inc. or will provide
 assistance to any competitor of Gaussian, Inc.  The licensee
 of this program is prohibited from giving any competitor of
 Gaussian, Inc. access to this program.  By using this program,
 the user acknowledges that Gaussian, Inc. is engaged in the
 business of creating and licensing software in the field of
 computational chemistry and represents and warrants to the
 licensee that it is not a competitor of Gaussian, Inc. and that
 it will not use this program in any manner prohibited above.
 ---------------------------------------------------------------
  

 Cite this work as:
 Gaussian 09, Revision E.01,
 M. J. Frisch, G. W. Trucks, H. B. Schlegel, G. E. Scuseria, 
 M. A. Robb, J. R. Cheeseman, G. Scalmani, V. Barone, B. Mennucci, 
 G. A. Petersson, H. Nakatsuji, M. Caricato, X. Li, H. P. Hratchian, 
 A. F. Izmaylov, J. Bloino, G. Zheng, J. L. Sonnenberg, M. Hada, 
 M. Ehara, K. Toyota, R. Fukuda, J. Hasegawa, M. Ishida, T. Nakajima, 
 Y. Honda, O. Kitao, H. Nakai, T. Vreven, J. A. Montgomery, Jr., 
 J. E. Peralta, F. Ogliaro, M. Bearpark, J. J. Heyd, E. Brothers, 
 K. N. Kudin, V. N. Staroverov, T. Keith, R. Kobayashi, J. Normand, 
 K. Raghavachari, A. Rendell, J. C. Burant, S. S. Iyengar, J. Tomasi, 
 M. Cossi, N. Rega, J. M. Millam, M. Klene, J. E. Knox, J. B. Cross, 
 V. Bakken, C. Adamo, J. Jaramillo, R. Gomperts, R. E. Stratmann, 
 O. Yazyev, A. J. Austin, R. Cammi, C. Pomelli, J. W. Ochterski, 
 R. L. Martin, K. Morokuma, V. G. Zakrzewski, G. A. Voth, 
 P. Salvador, J. J. Dannenberg, S. Dapprich, A. D. Daniels, 
 O. Farkas, J. B. Foresman, J. V. Ortiz, J. Cioslowski, 
 and D. J. Fox, Gaussian, Inc., Wallingford CT, 2013.
 
 ******************************************
 Gaussian 09:  ES64L-G09RevE.01 30-Nov-2015
                17-Feb-2017 
 ******************************************
 %chk=h12.chk
 ----------------------------------------------------------------------
 #rhf/gen scf(symm,tight,novaracc,noincfock,fulldiag) stable(crhf) gues
 s=read geom=nocrowd test
 ----------------------------------------------------------------------
 1/38=1/1;
 2/12=1,17=6,18=5,40=1/2;
 3/5=7,16=1,25=1,30=1,116=1/1,2,3;
 4/5=1,9=4/1;
 5/5=100002,15=2,16=1,32=2,38=6/2;
 8/6=1,10=90,11=11/1,4;
 9/8=4,13=1/2;
 6/7=2,8=2,9=2,10=2,28=1/1;
 99/5=1,9=1/99;
 ----------------------------------------------------------------------
 hf stability analysis of h12 triangular lattice, y= 1.1002000313062268
 ----------------------------------------------------------------------
 Symbolic Z-matrix:
 Charge =  0 Multiplicity = 1
 H
 H                    1     1.21894 
 H                    1     1.21894  2     51. 
 H                    2     1.21894  1     129.     3     0.       0
 H                    2     1.21894  1     180.     3     0.       0
 H                    4     1.21894  3     180.     5     0.       0
 H                    6     1.21894  5     180.     3     0.       0
 H                    4     1.21894  2     180.     3     0.       0
 H                    3     1.21894  1     180.     4     0.       0
 H                    9     1.21894  3     180.     4     0.       0
 H                    8     1.21894  4     180.     3     0.       0
 H                    7     1.21894  6     180.     3     0.       0
 
                          Input orientation:                          
 ---------------------------------------------------------------------
 Center     Atomic      Atomic             Coordinates (Angstroms)
 Number     Number       Type             X           Y           Z
 ---------------------------------------------------------------------
      1          1           0        0.000000    0.000000    0.000000
      2          1           0        0.000000    0.000000    1.218943
      3          1           0        0.947297    0.000000    0.767106
      4          1           0        0.947297    0.000000    1.986049
      5          1           0        0.000000    0.000000    2.437886
      6          1           0        0.947297    0.000000    3.204992
      7          1           0        1.894593    0.000000    3.972097
      8          1           0        1.894593    0.000000    2.753154
      9          1           0        1.894593    0.000000    1.534211
     10          1           0        2.841890    0.000000    2.301317
     11          1           0        2.841890    0.000000    3.520260
     12          1           0        2.841890    0.000000    4.739203
 ---------------------------------------------------------------------
                    Distance matrix (angstroms):
                    1          2          3          4          5
     1  H    0.000000
     2  H    1.218943   0.000000
     3  H    1.218943   1.049537   0.000000
     4  H    2.200400   1.218943   1.218943   0.000000
     5  H    2.437886   1.218943   1.920645   1.049537   0.000000
     6  H    3.342057   2.200400   2.437886   1.218943   1.218943
     7  H    4.400800   3.342057   3.342057   2.200400   2.437886
     8  H    3.342057   2.437886   2.200400   1.218943   1.920645
     9  H    2.437886   1.920645   1.218943   1.049537   2.099074
    10  H    3.656829   3.041031   2.437886   1.920645   2.845169
    11  H    4.524220   3.656829   3.342057   2.437886   3.041031
    12  H    5.525974   4.524220   4.400800   3.342057   3.656829
                    6          7          8          9         10
     6  H    0.000000
     7  H    1.218943   0.000000
     8  H    1.049537   1.218943   0.000000
     9  H    1.920645   2.437886   1.218943   0.000000
    10  H    2.099074   1.920645   1.049537   1.218943   0.000000
    11  H    1.920645   1.049537   1.218943   2.200400   1.218943
    12  H    2.437886   1.218943   2.200400   3.342057   2.437886
                   11         12
    11  H    0.000000
    12  H    1.218943   0.000000
 Stoichiometry    H12
 Framework group  C2H[SGH(H12)]
 Deg. of freedom    11
 Full point group                 C2H     NOp   4
 Largest Abelian subgroup         C2H     NOp   4
 Largest concise Abelian subgroup C2      NOp   2
                         Standard orientation:                         
 ---------------------------------------------------------------------
 Center     Atomic      Atomic             Coordinates (Angstroms)
 Number     Number       Type             X           Y           Z
 ---------------------------------------------------------------------
      1          1           0        0.947297    2.595520   -0.000000
      2          1           0        0.000000    1.828415   -0.000000
      3          1           0        0.947297    1.376577   -0.000000
      4          1           0        0.000000    0.609472   -0.000000
      5          1           0       -0.947297    1.061309   -0.000000
      6          1           0       -0.947297   -0.157634   -0.000000
      7          1           0       -0.947297   -1.376577    0.000000
      8          1           0       -0.000000   -0.609472   -0.000000
      9          1           0        0.947297    0.157634   -0.000000
     10          1           0        0.947297   -1.061309   -0.000000
     11          1           0       -0.000000   -1.828415   -0.000000
     12          1           0       -0.947297   -2.595520   -0.000000
 ---------------------------------------------------------------------
 Rotational constants (GHZ):     89.5552029     17.5490357     14.6736252
 General basis read from cards:  (5D, 7F)
 There are     6 symmetry adapted cartesian basis functions of AG  symmetry.
 There are     0 symmetry adapted cartesian basis functions of BG  symmetry.
 There are     0 symmetry adapted cartesian basis functions of AU  symmetry.
 There are     6 symmetry adapted cartesian basis functions of BU  symmetry.
 There are     6 symmetry adapted basis functions of AG  symmetry.
 There are     0 symmetry adapted basis functions of BG  symmetry.
 There are     0 symmetry adapted basis functions of AU  symmetry.
 There are     6 symmetry adapted basis functions of BU  symmetry.
    12 basis functions,   120 primitive gaussians,    12 cartesian basis functions
     6 alpha electrons        6 beta electrons
       nuclear repulsion energy        19.0985107916 Hartrees.
 NAtoms=   12 NActive=   12 NUniq=    6 SFac= 4.00D+00 NAtFMM=   60 NAOKFM=F Big=F
 Integral buffers will be    131072 words long.
 Regular integral format.
 Two-electron integral symmetry is turned on.
 One-electron integrals computed using PRISM.
 NBasis=    12 RedAO= T EigKep=  1.89D-01  NBF=     6     0     0     6
 NBsUse=    12 1.00D-06 EigRej= -1.00D+00 NBFU=     6     0     0     6
 Initial guess from the checkpoint file:  "h12.chk"
 B after Tr=    -0.000000    0.000000   -0.000000
         Rot=    0.989521   -0.000000   -0.000000   -0.144386 Ang= -16.60 deg.
 Initial guess orbital symmetries:
       Occupied  (AG) (BU) (BU) (AG) (AG) (AG)
       Virtual   (BU) (BU) (BU) (AG) (AG) (BU)
 Keep R1 ints in memory in symmetry-blocked form, NReq=902804.
 Requested convergence on RMS density matrix=1.00D-08 within 128 cycles.
 Requested convergence on MAX density matrix=1.00D-06.
 Requested convergence on             energy=1.00D-06.
 No special actions if energy rises.
 Rare condition: small coef for last iteration:  0.000D+00
 SCF Done:  E(RHF) =  -5.39520293031     A.U. after   21 cycles
            NFock= 21  Conv=0.89D-09     -V/T= 1.8031
 Range of M.O.s used for correlation:     1    12
 NBasis=    12 NAE=     6 NBE=     6 NFC=     0 NFV=     0
 NROrb=     12 NOA=     6 NOB=     6 NVA=     6 NVB=     6

 **** Warning!!: The smallest alpha delta epsilon is -0.87607364D-01

 Semi-Direct transformation.
 ModeAB=           4 MOrb=             6 LenV=     134086033
 LASXX=         2181 LTotXX=        2181 LenRXX=        5115
 LTotAB=        2934 MaxLAS=        3024 LenRXY=           0
 NonZer=        7296 LenScr=      655360 LnRSAI=        3024
 LnScr1=      655360 LExtra=           0 Total=      1318859
 MaxDsk=          -1 SrtSym=           T ITran=            3
 JobTyp=0 Pass  1:  I=   1 to   6.
 (rs|ai) integrals will be sorted in core.
 Spin components of T(2) and E(2):
     alpha-alpha T2 =       0.2488100078D-01 E2=     -0.2206690617D-01
     alpha-beta  T2 =       0.9574366269D+00 E2=     -0.1877086018D+00
     beta-beta   T2 =       0.2488100078D-01 E2=     -0.2206690617D-01
 ANorm=    0.1416756376D+01
 E2 =    -0.2318424141D+00 EUMP2 =    -0.56270453444458D+01
 Second order stability test of a single determinant RHF wave function:
 Stabil:  MDV=134217728
 ***********************************************************************
 Matrix         Lowest Root    Major Pairs
 ***********************************************************************
 Internal RHF    -0.2018949    6A=7A
 RRHF --> CRHF   -0.2955005    6A=7A
 RRHF --> RUHF   -0.5568636    6A=7B
 Not stable.
 ***********************************************************************

 **********************************************************************

            Population analysis using the SCF density.

 **********************************************************************

 Orbital symmetries:
       Occupied  (AG) (BU) (BU) (AG) (AG) (AG)
       Virtual   (BU) (AG) (BU) (BU) (BU) (AG)
 The electronic state is 1-AG.
 Alpha  occ. eigenvalues --   -0.94908  -0.76416  -0.57802  -0.53980  -0.31814
 Alpha  occ. eigenvalues --   -0.06112
 Alpha virt. eigenvalues --   -0.14872   0.18554   0.23709   0.31496   0.48709
 Alpha virt. eigenvalues --    0.55970
          Condensed to atoms (all electrons):
               1          2          3          4          5          6
     1  H    1.287069  -0.270789  -0.111650  -0.081770   0.045074   0.016334
     2  H   -0.270789   1.136937   0.233176   0.124298   0.111637  -0.121026
     3  H   -0.111650   0.233176   1.086153   0.118625  -0.204155  -0.048133
     4  H   -0.081770   0.124298   0.118625   0.648302  -0.017864   0.065893
     5  H    0.045074   0.111637  -0.204155  -0.017864   1.236152   0.126170
     6  H    0.016334  -0.121026  -0.048133   0.065893   0.126170   1.044615
     7  H   -0.002430   0.006019   0.021946   0.009511  -0.085415   0.027405
     8  H   -0.018732  -0.010659   0.009511   0.147605  -0.082942  -0.027076
     9  H    0.076001  -0.187450   0.027405  -0.027076  -0.068112   0.066512
    10  H    0.009621  -0.000778  -0.085415  -0.082942   0.049807  -0.068112
    11  H   -0.003173   0.018560   0.006019  -0.010659  -0.000778  -0.187450
    12  H    0.001128  -0.003173  -0.002430  -0.018732   0.009621   0.076001
               7          8          9         10         11         12
     1  H   -0.002430  -0.018732   0.076001   0.009621  -0.003173   0.001128
     2  H    0.006019  -0.010659  -0.187450  -0.000778   0.018560  -0.003173
     3  H    0.021946   0.009511   0.027405  -0.085415   0.006019  -0.002430
     4  H    0.009511   0.147605  -0.027076  -0.082942  -0.010659  -0.018732
     5  H   -0.085415  -0.082942  -0.068112   0.049807  -0.000778   0.009621
     6  H    0.027405  -0.027076   0.066512  -0.068112  -0.187450   0.076001
     7  H    1.086153   0.118625  -0.048133  -0.204155   0.233176  -0.111650
     8  H    0.118625   0.648302   0.065893  -0.017864   0.124298  -0.081770
     9  H   -0.048133   0.065893   1.044615   0.126170  -0.121026   0.016334
    10  H   -0.204155  -0.017864   0.126170   1.236152   0.111637   0.045074
    11  H    0.233176   0.124298  -0.121026   0.111637   1.136937  -0.270789
    12  H   -0.111650  -0.081770   0.016334   0.045074  -0.270789   1.287069
 Mulliken charges:
               1
     1  H    0.053317
     2  H   -0.036752
     3  H   -0.051050
     4  H    0.124810
     5  H   -0.119193
     6  H    0.028868
     7  H   -0.051050
     8  H    0.124810
     9  H    0.028868
    10  H   -0.119193
    11  H   -0.036752
    12  H    0.053317
 Sum of Mulliken charges =   0.00000
 Mulliken charges with hydrogens summed into heavy atoms:
               1
 Electronic spatial extent (au):  <R**2>=            161.1367
 Charge=              0.0000 electrons
 Dipole moment (field-independent basis, Debye):
    X=              0.0000    Y=              0.0000    Z=              0.0000  Tot=              0.0000
 Quadrupole moment (field-independent basis, Debye-Ang):
   XX=            -19.3593   YY=            -18.1883   ZZ=            -15.0425
   XY=              1.7607   XZ=              0.0000   YZ=             -0.0000
 Traceless Quadrupole moment (field-independent basis, Debye-Ang):
   XX=             -1.8293   YY=             -0.6583   ZZ=              2.4876
   XY=              1.7607   XZ=              0.0000   YZ=             -0.0000
 Octapole moment (field-independent basis, Debye-Ang**2):
  XXX=              0.0000  YYY=             -0.0000  ZZZ=              0.0000  XYY=             -0.0000
  XXY=             -0.0000  XXZ=              0.0000  XZZ=              0.0000  YZZ=             -0.0000
  YYZ=              0.0000  XYZ=             -0.0000
 Hexadecapole moment (field-independent basis, Debye-Ang**3):
 XXXX=            -87.0165 YYYY=           -246.0938 ZZZZ=            -17.7678 XXXY=            -21.4521
 XXXZ=              0.0000 YYYX=            -25.8826 YYYZ=              0.0000 ZZZX=              0.0000
 ZZZY=              0.0000 XXYY=            -61.5062 XXZZ=            -16.6510 YYZZ=            -41.1418
 XXYZ=              0.0000 YYXZ=              0.0000 ZZXY=             -6.8698
 N-N= 1.909851079160D+01 E-N=-4.928481170536D+01  KE= 6.718008948110D+00
 Symmetry AG   KE= 5.047147402678D+00
 Symmetry BG   KE= 0.000000000000D+00
 Symmetry AU   KE= 0.000000000000D+00
 Symmetry BU   KE= 1.670861545432D+00

 Test job not archived.
 1\1\GINC-SULU\Stability\RHF\Gen\H12\LCJ1\17-Feb-2017\0\\#rhf/gen scf(s
 ymm,tight,novaracc,noincfock,fulldiag) stable(crhf) guess=read geom=no
 crowd test\\hf stability analysis of h12 triangular lattice, y= 1.1002
 000313062268\\0,1\H\H,1,1.2189430007\H,1,1.2189430007,2,51.\H,2,1.2189
 430007,1,129.,3,0.,0\H,2,1.2189430007,1,180.,3,0.,0\H,4,1.2189430007,3
 ,180.,5,0.,0\H,6,1.2189430007,5,180.,3,0.,0\H,4,1.2189430007,2,180.,3,
 0.,0\H,3,1.2189430007,1,180.,4,0.,0\H,9,1.2189430007,3,180.,4,0.,0\H,8
 ,1.2189430007,4,180.,3,0.,0\H,7,1.2189430007,6,180.,3,0.,0\\Version=ES
 64L-G09RevE.01\State=1-AG\HF=-5.3952029\MP2=-5.6270453\RMSD=8.881e-10\
 Dipole=0.,0.,0.\Quadrupole=-2.1146163,1.8494483,0.265168,0.,0.6979502,
 0.\PG=C02H [SGH(H12)]\\@


 REALITY IS FOR PEOPLE WHO CAN'T FACE SCIENCE FICTION.
 Job cpu time:       0 days  0 hours  0 minutes  1.1 seconds.
 File lengths (MBytes):  RWF=     84 Int=      0 D2E=      0 Chk=      2 Scr=      2
 Normal termination of Gaussian 09 at Fri Feb 17 15:06:15 2017.
