 Entering Gaussian System, Link 0=g09
 AtFile(1): H.gbs
            H     0
            S   10   1.00
               1000.000000000000            0.000068713567
                316.227766000000            0.000169141320
                100.000000000000            0.000823394812
                 31.622776600000            0.003425569236
                 10.000000000000            0.013951996000
                  3.162277660000            0.056909313560
                  1.000000000000            0.198286399900
                  0.316227766000            0.496922426700
                  0.100000000000            0.369846276400
                  0.031622776600            0.003752720039
            ****
 Initial command:
 /projects/guscus/apps/gau/g09-e1/g09/l1.exe "/users/lcj1/gaussian/h12/rhfstability/rect/guess/ag4bu2/Gau-26411.inp" -scrdir="/users/lcj1/gaussian/h12/rhfstability/rect/guess/ag4bu2/"
 Entering Link 1 = /projects/guscus/apps/gau/g09-e1/g09/l1.exe PID=     26412.
  
 Copyright (c) 1988,1990,1992,1993,1995,1998,2003,2009,2015,
            Gaussian, Inc.  All Rights Reserved.
  
 This is part of the Gaussian(R) 09 program.  It is based on
 the Gaussian(R) 03 system (copyright 2003, Gaussian, Inc.),
 the Gaussian(R) 98 system (copyright 1998, Gaussian, Inc.),
 the Gaussian(R) 94 system (copyright 1995, Gaussian, Inc.),
 the Gaussian 92(TM) system (copyright 1992, Gaussian, Inc.),
 the Gaussian 90(TM) system (copyright 1990, Gaussian, Inc.),
 the Gaussian 88(TM) system (copyright 1988, Gaussian, Inc.),
 the Gaussian 86(TM) system (copyright 1986, Carnegie Mellon
 University), and the Gaussian 82(TM) system (copyright 1983,
 Carnegie Mellon University). Gaussian is a federally registered
 trademark of Gaussian, Inc.
  
 This software contains proprietary and confidential information,
 including trade secrets, belonging to Gaussian, Inc.
  
 This software is provided under written license and may be
 used, copied, transmitted, or stored only in accord with that
 written license.
  
 The following legend is applicable only to US Government
 contracts under FAR:
  
                    RESTRICTED RIGHTS LEGEND
  
 Use, reproduction and disclosure by the US Government is
 subject to restrictions as set forth in subparagraphs (a)
 and (c) of the Commercial Computer Software - Restricted
 Rights clause in FAR 52.227-19.
  
 Gaussian, Inc.
 340 Quinnipiac St., Bldg. 40, Wallingford CT 06492
  
  
 ---------------------------------------------------------------
 Warning -- This program may not be used in any manner that
 competes with the business of Gaussian, Inc. or will provide
 assistance to any competitor of Gaussian, Inc.  The licensee
 of this program is prohibited from giving any competitor of
 Gaussian, Inc. access to this program.  By using this program,
 the user acknowledges that Gaussian, Inc. is engaged in the
 business of creating and licensing software in the field of
 computational chemistry and represents and warrants to the
 licensee that it is not a competitor of Gaussian, Inc. and that
 it will not use this program in any manner prohibited above.
 ---------------------------------------------------------------
  

 Cite this work as:
 Gaussian 09, Revision E.01,
 M. J. Frisch, G. W. Trucks, H. B. Schlegel, G. E. Scuseria, 
 M. A. Robb, J. R. Cheeseman, G. Scalmani, V. Barone, B. Mennucci, 
 G. A. Petersson, H. Nakatsuji, M. Caricato, X. Li, H. P. Hratchian, 
 A. F. Izmaylov, J. Bloino, G. Zheng, J. L. Sonnenberg, M. Hada, 
 M. Ehara, K. Toyota, R. Fukuda, J. Hasegawa, M. Ishida, T. Nakajima, 
 Y. Honda, O. Kitao, H. Nakai, T. Vreven, J. A. Montgomery, Jr., 
 J. E. Peralta, F. Ogliaro, M. Bearpark, J. J. Heyd, E. Brothers, 
 K. N. Kudin, V. N. Staroverov, T. Keith, R. Kobayashi, J. Normand, 
 K. Raghavachari, A. Rendell, J. C. Burant, S. S. Iyengar, J. Tomasi, 
 M. Cossi, N. Rega, J. M. Millam, M. Klene, J. E. Knox, J. B. Cross, 
 V. Bakken, C. Adamo, J. Jaramillo, R. Gomperts, R. E. Stratmann, 
 O. Yazyev, A. J. Austin, R. Cammi, C. Pomelli, J. W. Ochterski, 
 R. L. Martin, K. Morokuma, V. G. Zakrzewski, G. A. Voth, 
 P. Salvador, J. J. Dannenberg, S. Dapprich, A. D. Daniels, 
 O. Farkas, J. B. Foresman, J. V. Ortiz, J. Cioslowski, 
 and D. J. Fox, Gaussian, Inc., Wallingford CT, 2013.
 
 ******************************************
 Gaussian 09:  ES64L-G09RevE.01 30-Nov-2015
                17-Feb-2017 
 ******************************************
 %chk=h12.chk
 ----------------------------------------------------------------------
 #rhf/gen scf(symm,tight,novaracc,noincfock,fulldiag) stable(crhf) gues
 s=read geom=nocrowd test
 ----------------------------------------------------------------------
 1/38=1/1;
 2/12=1,17=6,18=5,40=1/2;
 3/5=7,16=1,25=1,30=1,116=1/1,2,3;
 4/5=1,9=4/1;
 5/5=100002,15=2,16=1,32=2,38=6/2;
 8/6=1,10=90,11=11/1,4;
 9/8=4,13=1/2;
 6/7=2,8=2,9=2,10=2,28=1/1;
 99/5=1,9=1/99;
 ----------------------------------------------------------------------
 hf stability analysis of h12 triangular lattice, y= 0.6868150944822820
 6
 ----------------------------------------------------------------------
 Symbolic Z-matrix:
 Charge =  0 Multiplicity = 1
 H
 H                    1     1.08552 
 H                    1     1.08552  2     101.5 
 H                    2     1.08552  1     78.5     3     0.       0
 H                    2     1.08552  1     180.     3     0.       0
 H                    4     1.08552  3     180.     5     0.       0
 H                    6     1.08552  5     180.     3     0.       0
 H                    4     1.08552  2     180.     3     0.       0
 H                    3     1.08552  1     180.     4     0.       0
 H                    9     1.08552  3     180.     4     0.       0
 H                    8     1.08552  4     180.     3     0.       0
 H                    7     1.08552  6     180.     3     0.       0
 
                          Input orientation:                          
 ---------------------------------------------------------------------
 Center     Atomic      Atomic             Coordinates (Angstroms)
 Number     Number       Type             X           Y           Z
 ---------------------------------------------------------------------
      1          1           0        0.000000    0.000000    0.000000
      2          1           0        0.000000    0.000000    1.085521
      3          1           0        1.063729    0.000000   -0.216418
      4          1           0        1.063729    0.000000    0.869103
      5          1           0        0.000000    0.000000    2.171042
      6          1           0        1.063729    0.000000    1.954624
      7          1           0        2.127458    0.000000    1.738206
      8          1           0        2.127458    0.000000    0.652685
      9          1           0        2.127458    0.000000   -0.432836
     10          1           0        3.191187    0.000000   -0.649254
     11          1           0        3.191187    0.000000    0.436267
     12          1           0        3.191187    0.000000    1.521788
 ---------------------------------------------------------------------
                    Distance matrix (angstroms):
                    1          2          3          4          5
     1  H    0.000000
     2  H    1.085521   0.000000
     3  H    1.085521   1.681239   0.000000
     4  H    1.373630   1.085521   1.085521   0.000000
     5  H    2.171042   1.085521   2.613712   1.681239   0.000000
     6  H    2.225326   1.373630   2.171042   1.085521   1.085521
     7  H    2.747260   2.225326   2.225326   1.373630   2.171042
     8  H    2.225326   2.171042   1.373630   1.085521   2.613712
     9  H    2.171042   2.613712   1.085521   1.681239   3.362479
    10  H    3.256564   3.632234   2.171042   2.613712   4.258844
    11  H    3.220870   3.256564   2.225326   2.171042   3.632234
    12  H    3.535465   3.220870   2.747260   2.225326   3.256564
                    6          7          8          9         10
     6  H    0.000000
     7  H    1.085521   0.000000
     8  H    1.681239   1.085521   0.000000
     9  H    2.613712   2.171042   1.085521   0.000000
    10  H    3.362479   2.613712   1.681239   1.085521   0.000000
    11  H    2.613712   1.681239   1.085521   1.373630   1.085521
    12  H    2.171042   1.085521   1.373630   2.225326   2.171042
                   11         12
    11  H    0.000000
    12  H    1.085521   0.000000
 Stoichiometry    H12
 Framework group  C2H[SGH(H12)]
 Deg. of freedom    11
 Full point group                 C2H     NOp   4
 Largest Abelian subgroup         C2H     NOp   4
 Largest concise Abelian subgroup C2      NOp   2
                         Standard orientation:                         
 ---------------------------------------------------------------------
 Center     Atomic      Atomic             Coordinates (Angstroms)
 Number     Number       Type             X           Y           Z
 ---------------------------------------------------------------------
      1          1           0        1.063729    1.411864   -0.000000
      2          1           0        0.000000    1.628282   -0.000000
      3          1           0        1.063729    0.326342   -0.000000
      4          1           0        0.000000    0.542761   -0.000000
      5          1           0       -1.063729    1.844700   -0.000000
      6          1           0       -1.063729    0.759179   -0.000000
      7          1           0       -1.063729   -0.326342   -0.000000
      8          1           0       -0.000000   -0.542761   -0.000000
      9          1           0        1.063729   -0.759179    0.000000
     10          1           0        1.063729   -1.844700    0.000000
     11          1           0       -0.000000   -1.628282   -0.000000
     12          1           0       -1.063729   -1.411864   -0.000000
 ---------------------------------------------------------------------
 Rotational constants (GHZ):     57.7062056     27.2346383     18.5023784
 General basis read from cards:  (5D, 7F)
 There are     6 symmetry adapted cartesian basis functions of AG  symmetry.
 There are     0 symmetry adapted cartesian basis functions of BG  symmetry.
 There are     0 symmetry adapted cartesian basis functions of AU  symmetry.
 There are     6 symmetry adapted cartesian basis functions of BU  symmetry.
 There are     6 symmetry adapted basis functions of AG  symmetry.
 There are     0 symmetry adapted basis functions of BG  symmetry.
 There are     0 symmetry adapted basis functions of AU  symmetry.
 There are     6 symmetry adapted basis functions of BU  symmetry.
    12 basis functions,   120 primitive gaussians,    12 cartesian basis functions
     6 alpha electrons        6 beta electrons
       nuclear repulsion energy        20.0878729225 Hartrees.
 NAtoms=   12 NActive=   12 NUniq=    6 SFac= 4.00D+00 NAtFMM=   60 NAOKFM=F Big=F
 Integral buffers will be    131072 words long.
 Regular integral format.
 Two-electron integral symmetry is turned on.
 One-electron integrals computed using PRISM.
 NBasis=    12 RedAO= T EigKep=  1.18D-01  NBF=     6     0     0     6
 NBsUse=    12 1.00D-06 EigRej= -1.00D+00 NBFU=     6     0     0     6
 Initial guess from the checkpoint file:  "h12.chk"
 B after Tr=    -0.000000   -0.000000   -0.000000
         Rot=    0.999990    0.000000   -0.000000    0.004553 Ang=   0.52 deg.
 Initial guess orbital symmetries:
       Occupied  (AG) (BU) (BU) (AG) (AG) (AG)
       Virtual   (BU) (BU) (BU) (AG) (AG) (BU)
 Keep R1 ints in memory in symmetry-blocked form, NReq=903840.
 Requested convergence on RMS density matrix=1.00D-08 within 128 cycles.
 Requested convergence on MAX density matrix=1.00D-06.
 Requested convergence on             energy=1.00D-06.
 No special actions if energy rises.
 SCF Done:  E(RHF) =  -5.82118521573     A.U. after    8 cycles
            NFock=  8  Conv=0.24D-08     -V/T= 1.9046
 Range of M.O.s used for correlation:     1    12
 NBasis=    12 NAE=     6 NBE=     6 NFC=     0 NFV=     0
 NROrb=     12 NOA=     6 NOB=     6 NVA=     6 NVB=     6
 Semi-Direct transformation.
 ModeAB=           4 MOrb=             6 LenV=     134084339
 LASXX=         2181 LTotXX=        2181 LenRXX=        5115
 LTotAB=        2934 MaxLAS=        3024 LenRXY=           0
 NonZer=        7296 LenScr=      655360 LnRSAI=        3024
 LnScr1=      655360 LExtra=           0 Total=      1318859
 MaxDsk=          -1 SrtSym=           T ITran=            3
 JobTyp=0 Pass  1:  I=   1 to   6.
 (rs|ai) integrals will be sorted in core.
 Spin components of T(2) and E(2):
     alpha-alpha T2 =       0.1118369592D-01 E2=     -0.1377043873D-01
     alpha-beta  T2 =       0.8132012349D-01 E2=     -0.1120644869D+00
     beta-beta   T2 =       0.1118369592D-01 E2=     -0.1377043873D-01
 ANorm=    0.1050565331D+01
 E2 =    -0.1396053644D+00 EUMP2 =    -0.59607905800888D+01
 Second order stability test of a single determinant RHF wave function:
 Stabil:  MDV=134217728
 ***********************************************************************
 Matrix         Lowest Root    Major Pairs
 ***********************************************************************
 Internal RHF     0.0289339    Stable
 RRHF --> CRHF   -0.0032297    6A=7A

 RRHF --> RUHF   -0.0974983    6A=7B 6A=9B 4A=7B 6A=8B 4A=9B 5A=7B 1A=9B 5A=9B 2A
 =10B 6A=12B 3A=10B 1A=12B
 Not stable.
 ***********************************************************************

 **********************************************************************

            Population analysis using the SCF density.

 **********************************************************************

 Orbital symmetries:
       Occupied  (AG) (BU) (BU) (AG) (AG) (AG)
       Virtual   (BU) (BU) (BU) (AG) (AG) (BU)
 The electronic state is 1-AG.
 Alpha  occ. eigenvalues --   -0.93171  -0.75619  -0.65053  -0.49475  -0.41126
 Alpha  occ. eigenvalues --   -0.25055
 Alpha virt. eigenvalues --    0.01908   0.19059   0.24278   0.43409   0.62526
 Alpha virt. eigenvalues --    0.92828
          Condensed to atoms (all electrons):
               1          2          3          4          5          6
     1  H    0.887307   0.150293   0.329432  -0.201378  -0.018532  -0.045156
     2  H    0.150293   0.971645  -0.129070   0.192278   0.138659  -0.154875
     3  H    0.329432  -0.129070   0.979242  -0.239643  -0.018719   0.023895
     4  H   -0.201378   0.192278  -0.239643   1.400490  -0.095351  -0.201714
     5  H   -0.018532   0.138659  -0.018719  -0.095351   0.596698   0.290010
     6  H   -0.045156  -0.154875   0.023895  -0.201714   0.290010   0.952211
     7  H    0.016547  -0.097837   0.075589  -0.237039  -0.004650   0.305256
     8  H   -0.103923   0.012459  -0.237039   0.704070  -0.043162  -0.136712
     9  H   -0.012497  -0.050763   0.305256  -0.136712   0.006622   0.043722
    10  H   -0.002870   0.000993  -0.004650  -0.043162   0.003114   0.006622
    11  H    0.000997   0.023120  -0.097837   0.012459   0.000993  -0.050763
    12  H    0.015693   0.000997   0.016547  -0.103923  -0.002870  -0.012497
               7          8          9         10         11         12
     1  H    0.016547  -0.103923  -0.012497  -0.002870   0.000997   0.015693
     2  H   -0.097837   0.012459  -0.050763   0.000993   0.023120   0.000997
     3  H    0.075589  -0.237039   0.305256  -0.004650  -0.097837   0.016547
     4  H   -0.237039   0.704070  -0.136712  -0.043162   0.012459  -0.103923
     5  H   -0.004650  -0.043162   0.006622   0.003114   0.000993  -0.002870
     6  H    0.305256  -0.136712   0.043722   0.006622  -0.050763  -0.012497
     7  H    0.979242  -0.239643   0.023895  -0.018719  -0.129070   0.329432
     8  H   -0.239643   1.400490  -0.201714  -0.095351   0.192278  -0.201378
     9  H    0.023895  -0.201714   0.952211   0.290010  -0.154875  -0.045156
    10  H   -0.018719  -0.095351   0.290010   0.596698   0.138659  -0.018532
    11  H   -0.129070   0.192278  -0.154875   0.138659   0.971645   0.150293
    12  H    0.329432  -0.201378  -0.045156  -0.018532   0.150293   0.887307
 Mulliken charges:
               1
     1  H   -0.015913
     2  H   -0.057898
     3  H   -0.003003
     4  H   -0.050376
     5  H    0.147187
     6  H   -0.019998
     7  H   -0.003003
     8  H   -0.050376
     9  H   -0.019998
    10  H    0.147187
    11  H   -0.057898
    12  H   -0.015913
 Sum of Mulliken charges =  -0.00000
 Mulliken charges with hydrogens summed into heavy atoms:
               1
 Electronic spatial extent (au):  <R**2>=            132.8719
 Charge=             -0.0000 electrons
 Dipole moment (field-independent basis, Debye):
    X=              0.0000    Y=              0.0000    Z=              0.0000  Tot=              0.0000
 Quadrupole moment (field-independent basis, Debye-Ang):
   XX=            -19.5100   YY=            -13.8341   ZZ=            -15.1958
   XY=             -3.4657   XZ=             -0.0000   YZ=             -0.0000
 Traceless Quadrupole moment (field-independent basis, Debye-Ang):
   XX=             -3.3300   YY=              2.3459   ZZ=              0.9841
   XY=             -3.4657   XZ=             -0.0000   YZ=             -0.0000
 Octapole moment (field-independent basis, Debye-Ang**2):
  XXX=              0.0000  YYY=              0.0000  ZZZ=              0.0000  XYY=              0.0000
  XXY=              0.0000  XXZ=              0.0000  XZZ=              0.0000  YZZ=             -0.0000
  YYZ=              0.0000  XYZ=              0.0000
 Hexadecapole moment (field-independent basis, Debye-Ang**3):
 XXXX=           -110.6346 YYYY=           -153.1478 ZZZZ=            -18.0345 XXXY=              1.2855
 XXXZ=             -0.0000 YYYX=             -8.2200 YYYZ=             -0.0000 ZZZX=             -0.0000
 ZZZY=              0.0000 XXYY=            -41.2151 XXZZ=            -19.7408 YYZZ=            -29.8567
 XXYZ=             -0.0000 YYXZ=             -0.0000 ZZXY=              1.6109
 N-N= 2.008787292254D+01 E-N=-5.126300780109D+01  KE= 6.434876452450D+00
 Symmetry AG   KE= 4.880397771167D+00
 Symmetry BG   KE= 0.000000000000D+00
 Symmetry AU   KE= 0.000000000000D+00
 Symmetry BU   KE= 1.554478681283D+00

 Test job not archived.
 1\1\GINC-SULU\Stability\RHF\Gen\H12\LCJ1\17-Feb-2017\0\\#rhf/gen scf(s
 ymm,tight,novaracc,noincfock,fulldiag) stable(crhf) guess=read geom=no
 crowd test\\hf stability analysis of h12 triangular lattice, y= 0.6868
 1509448228206\\0,1\H\H,1,1.0855212489\H,1,1.0855212489,2,101.5\H,2,1.0
 855212489,1,78.5,3,0.,0\H,2,1.0855212489,1,180.,3,0.,0\H,4,1.085521248
 9,3,180.,5,0.,0\H,6,1.0855212489,5,180.,3,0.,0\H,4,1.0855212489,2,180.
 ,3,0.,0\H,3,1.0855212489,1,180.,4,0.,0\H,9,1.0855212489,3,180.,4,0.,0\
 H,8,1.0855212489,4,180.,3,0.,0\H,7,1.0855212489,6,180.,3,0.,0\\Version
 =ES64L-G09RevE.01\State=1-AG\HF=-5.8211852\MP2=-5.9607906\RMSD=2.435e-
 09\Dipole=0.,0.,0.\Quadrupole=0.5695944,0.7316892,-1.3012836,0.,-3.196
 2875,0.\PG=C02H [SGH(H12)]\\@


 GOORD'S AXIOM:  A MEETING IS AN EVENT AT WHICH
 THE MINUTES ARE KEPT AND THE HOURS ARE LOST.
 Job cpu time:       0 days  0 hours  0 minutes  1.1 seconds.
 File lengths (MBytes):  RWF=     84 Int=      0 D2E=      0 Chk=      2 Scr=      2
 Normal termination of Gaussian 09 at Fri Feb 17 15:00:58 2017.
