 Entering Gaussian System, Link 0=g09
 AtFile(1): H.gbs
            H     0
            S   10   1.00
               1000.000000000000            0.000068713567
                316.227766000000            0.000169141320
                100.000000000000            0.000823394812
                 31.622776600000            0.003425569236
                 10.000000000000            0.013951996000
                  3.162277660000            0.056909313560
                  1.000000000000            0.198286399900
                  0.316227766000            0.496922426700
                  0.100000000000            0.369846276400
                  0.031622776600            0.003752720039
            ****
 Initial command:
 /projects/guscus/apps/gau/g09-e1/g09/l1.exe "/users/lcj1/gaussian/h12/rhfstability/rect/guess/ag4bu2/Gau-13717.inp" -scrdir="/users/lcj1/gaussian/h12/rhfstability/rect/guess/ag4bu2/"
 Entering Link 1 = /projects/guscus/apps/gau/g09-e1/g09/l1.exe PID=     13718.
  
 Copyright (c) 1988,1990,1992,1993,1995,1998,2003,2009,2015,
            Gaussian, Inc.  All Rights Reserved.
  
 This is part of the Gaussian(R) 09 program.  It is based on
 the Gaussian(R) 03 system (copyright 2003, Gaussian, Inc.),
 the Gaussian(R) 98 system (copyright 1998, Gaussian, Inc.),
 the Gaussian(R) 94 system (copyright 1995, Gaussian, Inc.),
 the Gaussian 92(TM) system (copyright 1992, Gaussian, Inc.),
 the Gaussian 90(TM) system (copyright 1990, Gaussian, Inc.),
 the Gaussian 88(TM) system (copyright 1988, Gaussian, Inc.),
 the Gaussian 86(TM) system (copyright 1986, Carnegie Mellon
 University), and the Gaussian 82(TM) system (copyright 1983,
 Carnegie Mellon University). Gaussian is a federally registered
 trademark of Gaussian, Inc.
  
 This software contains proprietary and confidential information,
 including trade secrets, belonging to Gaussian, Inc.
  
 This software is provided under written license and may be
 used, copied, transmitted, or stored only in accord with that
 written license.
  
 The following legend is applicable only to US Government
 contracts under FAR:
  
                    RESTRICTED RIGHTS LEGEND
  
 Use, reproduction and disclosure by the US Government is
 subject to restrictions as set forth in subparagraphs (a)
 and (c) of the Commercial Computer Software - Restricted
 Rights clause in FAR 52.227-19.
  
 Gaussian, Inc.
 340 Quinnipiac St., Bldg. 40, Wallingford CT 06492
  
  
 ---------------------------------------------------------------
 Warning -- This program may not be used in any manner that
 competes with the business of Gaussian, Inc. or will provide
 assistance to any competitor of Gaussian, Inc.  The licensee
 of this program is prohibited from giving any competitor of
 Gaussian, Inc. access to this program.  By using this program,
 the user acknowledges that Gaussian, Inc. is engaged in the
 business of creating and licensing software in the field of
 computational chemistry and represents and warrants to the
 licensee that it is not a competitor of Gaussian, Inc. and that
 it will not use this program in any manner prohibited above.
 ---------------------------------------------------------------
  

 Cite this work as:
 Gaussian 09, Revision E.01,
 M. J. Frisch, G. W. Trucks, H. B. Schlegel, G. E. Scuseria, 
 M. A. Robb, J. R. Cheeseman, G. Scalmani, V. Barone, B. Mennucci, 
 G. A. Petersson, H. Nakatsuji, M. Caricato, X. Li, H. P. Hratchian, 
 A. F. Izmaylov, J. Bloino, G. Zheng, J. L. Sonnenberg, M. Hada, 
 M. Ehara, K. Toyota, R. Fukuda, J. Hasegawa, M. Ishida, T. Nakajima, 
 Y. Honda, O. Kitao, H. Nakai, T. Vreven, J. A. Montgomery, Jr., 
 J. E. Peralta, F. Ogliaro, M. Bearpark, J. J. Heyd, E. Brothers, 
 K. N. Kudin, V. N. Staroverov, T. Keith, R. Kobayashi, J. Normand, 
 K. Raghavachari, A. Rendell, J. C. Burant, S. S. Iyengar, J. Tomasi, 
 M. Cossi, N. Rega, J. M. Millam, M. Klene, J. E. Knox, J. B. Cross, 
 V. Bakken, C. Adamo, J. Jaramillo, R. Gomperts, R. E. Stratmann, 
 O. Yazyev, A. J. Austin, R. Cammi, C. Pomelli, J. W. Ochterski, 
 R. L. Martin, K. Morokuma, V. G. Zakrzewski, G. A. Voth, 
 P. Salvador, J. J. Dannenberg, S. Dapprich, A. D. Daniels, 
 O. Farkas, J. B. Foresman, J. V. Ortiz, J. Cioslowski, 
 and D. J. Fox, Gaussian, Inc., Wallingford CT, 2013.
 
 ******************************************
 Gaussian 09:  ES64L-G09RevE.01 30-Nov-2015
                17-Feb-2017 
 ******************************************
 %chk=h12.chk
 ----------------------------------------------------------------------
 #rhf/gen scf(symm,tight,novaracc,noincfock,fulldiag) stable(crhf) gues
 s=read geom=nocrowd test
 ----------------------------------------------------------------------
 1/38=1/1;
 2/12=1,17=6,18=5,40=1/2;
 3/5=7,16=1,25=1,30=1,116=1/1,2,3;
 4/5=1,9=4/1;
 5/5=100002,15=2,16=1,32=2,38=6/2;
 8/6=1,10=90,11=11/1,4;
 9/8=4,13=1/2;
 6/7=2,8=2,9=2,10=2,28=1/1;
 99/5=1,9=1/99;
 ----------------------------------------------------------------------
 hf stability analysis of h12 triangular lattice, y= 1.7868378553155890
 ----------------------------------------------------------------------
 Symbolic Z-matrix:
 Charge =  0 Multiplicity = 1
 H
 H                    1     1.81582 
 H                    1     1.81582  2     20.5 
 H                    2     1.81582  1     159.5    3     0.       0
 H                    2     1.81582  1     180.     3     0.       0
 H                    4     1.81582  3     180.     5     0.       0
 H                    6     1.81582  5     180.     3     0.       0
 H                    4     1.81582  2     180.     3     0.       0
 H                    3     1.81582  1     180.     4     0.       0
 H                    9     1.81582  3     180.     4     0.       0
 H                    8     1.81582  4     180.     3     0.       0
 H                    7     1.81582  6     180.     3     0.       0
 
                          Input orientation:                          
 ---------------------------------------------------------------------
 Center     Atomic      Atomic             Coordinates (Angstroms)
 Number     Number       Type             X           Y           Z
 ---------------------------------------------------------------------
      1          1           0        0.000000    0.000000    0.000000
      2          1           0        0.000000    0.000000    1.815817
      3          1           0        0.635913    0.000000    1.700825
      4          1           0        0.635913    0.000000    3.516642
      5          1           0        0.000000    0.000000    3.631634
      6          1           0        0.635913    0.000000    5.332459
      7          1           0        1.271825    0.000000    7.033285
      8          1           0        1.271825    0.000000    5.217468
      9          1           0        1.271825    0.000000    3.401651
     10          1           0        1.907738    0.000000    5.102476
     11          1           0        1.907738    0.000000    6.918293
     12          1           0        1.907738    0.000000    8.734110
 ---------------------------------------------------------------------
                    Distance matrix (angstroms):
                    1          2          3          4          5
     1  H    0.000000
     2  H    1.815817   0.000000
     3  H    1.815817   0.646226   0.000000
     4  H    3.573676   1.815817   1.815817   0.000000
     5  H    3.631634   1.815817   2.032832   0.646226   0.000000
     6  H    5.370243   3.573676   3.631634   1.815817   1.815817
     7  H    7.147351   5.370243   5.370243   3.573676   3.631634
     8  H    5.370243   3.631634   3.573676   1.815817   2.032832
     9  H    3.631634   2.032832   1.815817   0.646226   1.292452
    10  H    5.447451   3.800209   3.631634   2.032832   2.408908
    11  H    7.176506   5.447451   5.370243   3.631634   3.800209
    12  H    8.940030   7.176506   7.147351   5.370243   5.447451
                    6          7          8          9         10
     6  H    0.000000
     7  H    1.815817   0.000000
     8  H    0.646226   1.815817   0.000000
     9  H    2.032832   3.631634   1.815817   0.000000
    10  H    1.292452   2.032832   0.646226   1.815817   0.000000
    11  H    2.032832   0.646226   1.815817   3.573676   1.815817
    12  H    3.631634   1.815817   3.573676   5.370243   3.631634
                   11         12
    11  H    0.000000
    12  H    1.815817   0.000000
 Stoichiometry    H12
 Framework group  C2H[SGH(H12)]
 Deg. of freedom    11
 Full point group                 C2H     NOp   4
 Largest Abelian subgroup         C2H     NOp   4
 Largest concise Abelian subgroup C2      NOp   2
                         Standard orientation:                         
 ---------------------------------------------------------------------
 Center     Atomic      Atomic             Coordinates (Angstroms)
 Number     Number       Type             X           Y           Z
 ---------------------------------------------------------------------
      1          1           0        0.635913    4.424551   -0.000000
      2          1           0        0.000000    2.723726   -0.000000
      3          1           0        0.635913    2.608734   -0.000000
      4          1           0        0.000000    0.907909   -0.000000
      5          1           0       -0.635913    1.022900    0.000000
      6          1           0       -0.635913   -0.792917    0.000000
      7          1           0       -0.635913   -2.608734   -0.000000
      8          1           0       -0.000000   -0.907909    0.000000
      9          1           0        0.635913    0.792917    0.000000
     10          1           0        0.635913   -1.022900    0.000000
     11          1           0       -0.000000   -2.723726    0.000000
     12          1           0       -0.635913   -4.424551    0.000000
 ---------------------------------------------------------------------
 Rotational constants (GHZ):    230.8678231      6.8073885      6.6124143
 General basis read from cards:  (5D, 7F)
 There are     6 symmetry adapted cartesian basis functions of AG  symmetry.
 There are     0 symmetry adapted cartesian basis functions of BG  symmetry.
 There are     0 symmetry adapted cartesian basis functions of AU  symmetry.
 There are     6 symmetry adapted cartesian basis functions of BU  symmetry.
 There are     6 symmetry adapted basis functions of AG  symmetry.
 There are     0 symmetry adapted basis functions of BG  symmetry.
 There are     0 symmetry adapted basis functions of AU  symmetry.
 There are     6 symmetry adapted basis functions of BU  symmetry.
    12 basis functions,   120 primitive gaussians,    12 cartesian basis functions
     6 alpha electrons        6 beta electrons
       nuclear repulsion energy        16.6882782894 Hartrees.
 NAtoms=   12 NActive=   12 NUniq=    6 SFac= 4.00D+00 NAtFMM=   60 NAOKFM=F Big=F
 Integral buffers will be    131072 words long.
 Regular integral format.
 Two-electron integral symmetry is turned on.
 One-electron integrals computed using PRISM.
 NBasis=    12 RedAO= T EigKep=  7.20D-02  NBF=     6     0     0     6
 NBsUse=    12 1.00D-06 EigRej= -1.00D+00 NBFU=     6     0     0     6
 Initial guess from the checkpoint file:  "h12.chk"
 B after Tr=    -0.000000   -0.000000    0.000000
         Rot=    0.975255    0.000000   -0.000000   -0.221084 Ang= -25.55 deg.
 Initial guess orbital symmetries:
       Occupied  (AG) (BU) (BU) (AG) (AG) (AG)
       Virtual   (BU) (BU) (BU) (AG) (AG) (BU)
 Keep R1 ints in memory in symmetry-blocked form, NReq=896574.
 Requested convergence on RMS density matrix=1.00D-08 within 128 cycles.
 Requested convergence on MAX density matrix=1.00D-06.
 Requested convergence on             energy=1.00D-06.
 No special actions if energy rises.
 SCF Done:  E(RHF) =  -5.29841877294     A.U. after   11 cycles
            NFock= 11  Conv=0.40D-08     -V/T= 1.7786
 Range of M.O.s used for correlation:     1    12
 NBasis=    12 NAE=     6 NBE=     6 NFC=     0 NFV=     0
 NROrb=     12 NOA=     6 NOB=     6 NVA=     6 NVB=     6

 **** Warning!!: The smallest alpha delta epsilon is  0.60749482D-01

 Semi-Direct transformation.
 ModeAB=           4 MOrb=             6 LenV=     134090737
 LASXX=         2181 LTotXX=        2181 LenRXX=        5115
 LTotAB=        2934 MaxLAS=        3024 LenRXY=           0
 NonZer=        7296 LenScr=      655360 LnRSAI=        3024
 LnScr1=      655360 LExtra=           0 Total=      1318859
 MaxDsk=          -1 SrtSym=           T ITran=            3
 JobTyp=0 Pass  1:  I=   1 to   6.
 (rs|ai) integrals will be sorted in core.
 Spin components of T(2) and E(2):
     alpha-alpha T2 =       0.2719972662D-01 E2=     -0.7900904358D-02
     alpha-beta  T2 =       0.5796459414D+01 E2=     -0.7870630086D+00
     beta-beta   T2 =       0.2719972662D-01 E2=     -0.7900904358D-02
 ANorm=    0.2617414539D+01
 E2 =    -0.8028648173D+00 EUMP2 =    -0.61012835902873D+01
 Second order stability test of a single determinant RHF wave function:
 Stabil:  MDV=134217728
 ***********************************************************************
 Matrix         Lowest Root    Major Pairs
 ***********************************************************************
 Internal RHF    -0.0698939    5A=7A 6A=8A
 RRHF --> CRHF   -0.1319594    5A=8A
 RRHF --> RUHF   -0.5658771    6A=7B
 Not stable.
 ***********************************************************************

 **********************************************************************

            Population analysis using the SCF density.

 **********************************************************************

 Orbital symmetries:
       Occupied  (AG) (BU) (AG) (BU) (AG) (AG)
       Virtual   (BU) (BU) (BU) (AG) (AG) (BU)
 The electronic state is 1-AG.
 Alpha  occ. eigenvalues --   -0.86987  -0.80439  -0.65522  -0.63875  -0.19618
 Alpha  occ. eigenvalues --   -0.18363
 Alpha virt. eigenvalues --   -0.12288  -0.08695   0.50222   0.51495   0.93316
 Alpha virt. eigenvalues --    1.10334
          Condensed to atoms (all electrons):
               1          2          3          4          5          6
     1  H    1.096040  -0.038492  -0.039859   0.000378   0.000176   0.000027
     2  H   -0.038492   0.648052   0.477807  -0.050790   0.022150  -0.004103
     3  H   -0.039859   0.477807   0.671796  -0.054475  -0.064090   0.004865
     4  H    0.000378  -0.050790  -0.054475   0.950427   0.283800  -0.036563
     5  H    0.000176   0.022150  -0.064090   0.283800   1.276988  -0.318026
     6  H    0.000027  -0.004103   0.004865  -0.036563  -0.318026   1.192287
     7  H   -0.000011  -0.000002   0.000080   0.000579  -0.004103   0.023925
     8  H    0.000063   0.000748   0.000579  -0.037135  -0.021601   0.258456
     9  H    0.000100  -0.058434   0.023925   0.258456  -0.462597   0.210454
    10  H    0.000028   0.003744  -0.004103  -0.021601   0.143564  -0.462597
    11  H   -0.000010   0.000061  -0.000002   0.000748   0.003744  -0.058434
    12  H    0.000003  -0.000010  -0.000011   0.000063   0.000028   0.000100
               7          8          9         10         11         12
     1  H   -0.000011   0.000063   0.000100   0.000028  -0.000010   0.000003
     2  H   -0.000002   0.000748  -0.058434   0.003744   0.000061  -0.000010
     3  H    0.000080   0.000579   0.023925  -0.004103  -0.000002  -0.000011
     4  H    0.000579  -0.037135   0.258456  -0.021601   0.000748   0.000063
     5  H   -0.004103  -0.021601  -0.462597   0.143564   0.003744   0.000028
     6  H    0.023925   0.258456   0.210454  -0.462597  -0.058434   0.000100
     7  H    0.671796  -0.054475   0.004865  -0.064090   0.477807  -0.039859
     8  H   -0.054475   0.950427  -0.036563   0.283800  -0.050790   0.000378
     9  H    0.004865  -0.036563   1.192287  -0.318026  -0.004103   0.000027
    10  H   -0.064090   0.283800  -0.318026   1.276988   0.022150   0.000176
    11  H    0.477807  -0.050790  -0.004103   0.022150   0.648052  -0.038492
    12  H   -0.039859   0.000378   0.000027   0.000176  -0.038492   1.096040
 Mulliken charges:
               1
     1  H   -0.018443
     2  H   -0.000732
     3  H   -0.016512
     4  H   -0.293888
     5  H    0.139967
     6  H    0.189607
     7  H   -0.016512
     8  H   -0.293888
     9  H    0.189607
    10  H    0.139967
    11  H   -0.000732
    12  H   -0.018443
 Sum of Mulliken charges =  -0.00000
 Mulliken charges with hydrogens summed into heavy atoms:
               1
 Electronic spatial extent (au):  <R**2>=            311.6020
 Charge=             -0.0000 electrons
 Dipole moment (field-independent basis, Debye):
    X=              0.0000    Y=             -0.0000    Z=              0.0000  Tot=              0.0000
 Quadrupole moment (field-independent basis, Debye-Ang):
   XX=            -14.6927   YY=            -25.1714   ZZ=            -14.9983
   XY=             -0.9322   XZ=              0.0000   YZ=              0.0000
 Traceless Quadrupole moment (field-independent basis, Debye-Ang):
   XX=              3.5948   YY=             -6.8839   ZZ=              3.2892
   XY=             -0.9322   XZ=              0.0000   YZ=              0.0000
 Octapole moment (field-independent basis, Debye-Ang**2):
  XXX=              0.0000  YYY=              0.0000  ZZZ=              0.0000  XYY=              0.0000
  XXY=              0.0000  XXZ=              0.0000  XZZ=              0.0000  YZZ=              0.0000
  YYZ=              0.0000  XYZ=             -0.0000
 Hexadecapole moment (field-independent basis, Debye-Ang**3):
 XXXX=            -41.1828 YYYY=           -797.3062 ZZZZ=            -17.7723 XXXY=            -34.3152
 XXXZ=              0.0000 YYYX=            -64.6245 YYYZ=              0.0000 ZZZX=              0.0000
 ZZZY=              0.0000 XXYY=           -110.6351 XXZZ=             -9.8941 YYZZ=           -104.2614
 XXYZ=              0.0000 YYXZ=              0.0000 ZZXY=            -11.7365
 N-N= 1.668827828945D+01 E-N=-4.408229348762D+01  KE= 6.804973467623D+00
 Symmetry AG   KE= 4.708506850708D+00
 Symmetry BG   KE= 0.000000000000D+00
 Symmetry AU   KE= 0.000000000000D+00
 Symmetry BU   KE= 2.096466616914D+00

 Test job not archived.
 1\1\GINC-SULU\Stability\RHF\Gen\H12\LCJ1\17-Feb-2017\0\\#rhf/gen scf(s
 ymm,tight,novaracc,noincfock,fulldiag) stable(crhf) guess=read geom=no
 crowd test\\hf stability analysis of h12 triangular lattice, y= 1.7868
 378553155890\\0,1\H\H,1,1.8158170156\H,1,1.8158170156,2,20.5\H,2,1.815
 8170156,1,159.5,3,0.,0\H,2,1.8158170156,1,180.,3,0.,0\H,4,1.8158170156
 ,3,180.,5,0.,0\H,6,1.8158170156,5,180.,3,0.,0\H,4,1.8158170156,2,180.,
 3,0.,0\H,3,1.8158170156,1,180.,4,0.,0\H,9,1.8158170156,3,180.,4,0.,0\H
 ,8,1.8158170156,4,180.,3,0.,0\H,7,1.8158170156,6,180.,3,0.,0\\Version=
 ES64L-G09RevE.01\State=1-AG\HF=-5.2984188\MP2=-6.1012836\RMSD=4.042e-0
 9\Dipole=0.,0.,0.\Quadrupole=2.1718176,2.4454318,-4.6172494,0.,-2.0324
 993,0.\PG=C02H [SGH(H12)]\\@


 WHEN YOU REACH FOR THE STARS, YOU MAY NOT QUITE GET ONE,
 BUT YOU WON'T COME UP WITH A HANDFUL OF MUD, EITHER.

                                         -- LEO BURNETT (AD AGENCY HEAD)
 Job cpu time:       0 days  0 hours  0 minutes  0.9 seconds.
 File lengths (MBytes):  RWF=     84 Int=      0 D2E=      0 Chk=      2 Scr=      2
 Normal termination of Gaussian 09 at Fri Feb 17 15:09:17 2017.
