 Entering Gaussian System, Link 0=g09
 AtFile(1): H.gbs
            H     0
            S   10   1.00
               1000.000000000000            0.000068713567
                316.227766000000            0.000169141320
                100.000000000000            0.000823394812
                 31.622776600000            0.003425569236
                 10.000000000000            0.013951996000
                  3.162277660000            0.056909313560
                  1.000000000000            0.198286399900
                  0.316227766000            0.496922426700
                  0.100000000000            0.369846276400
                  0.031622776600            0.003752720039
            ****
 Initial command:
 /projects/guscus/apps/gau/g09-e1/g09/l1.exe "/users/lcj1/gaussian/h12/rhfstability/rect/guess/ag4bu2/Gau-24070.inp" -scrdir="/users/lcj1/gaussian/h12/rhfstability/rect/guess/ag4bu2/"
 Entering Link 1 = /projects/guscus/apps/gau/g09-e1/g09/l1.exe PID=     24072.
  
 Copyright (c) 1988,1990,1992,1993,1995,1998,2003,2009,2015,
            Gaussian, Inc.  All Rights Reserved.
  
 This is part of the Gaussian(R) 09 program.  It is based on
 the Gaussian(R) 03 system (copyright 2003, Gaussian, Inc.),
 the Gaussian(R) 98 system (copyright 1998, Gaussian, Inc.),
 the Gaussian(R) 94 system (copyright 1995, Gaussian, Inc.),
 the Gaussian 92(TM) system (copyright 1992, Gaussian, Inc.),
 the Gaussian 90(TM) system (copyright 1990, Gaussian, Inc.),
 the Gaussian 88(TM) system (copyright 1988, Gaussian, Inc.),
 the Gaussian 86(TM) system (copyright 1986, Carnegie Mellon
 University), and the Gaussian 82(TM) system (copyright 1983,
 Carnegie Mellon University). Gaussian is a federally registered
 trademark of Gaussian, Inc.
  
 This software contains proprietary and confidential information,
 including trade secrets, belonging to Gaussian, Inc.
  
 This software is provided under written license and may be
 used, copied, transmitted, or stored only in accord with that
 written license.
  
 The following legend is applicable only to US Government
 contracts under FAR:
  
                    RESTRICTED RIGHTS LEGEND
  
 Use, reproduction and disclosure by the US Government is
 subject to restrictions as set forth in subparagraphs (a)
 and (c) of the Commercial Computer Software - Restricted
 Rights clause in FAR 52.227-19.
  
 Gaussian, Inc.
 340 Quinnipiac St., Bldg. 40, Wallingford CT 06492
  
  
 ---------------------------------------------------------------
 Warning -- This program may not be used in any manner that
 competes with the business of Gaussian, Inc. or will provide
 assistance to any competitor of Gaussian, Inc.  The licensee
 of this program is prohibited from giving any competitor of
 Gaussian, Inc. access to this program.  By using this program,
 the user acknowledges that Gaussian, Inc. is engaged in the
 business of creating and licensing software in the field of
 computational chemistry and represents and warrants to the
 licensee that it is not a competitor of Gaussian, Inc. and that
 it will not use this program in any manner prohibited above.
 ---------------------------------------------------------------
  

 Cite this work as:
 Gaussian 09, Revision E.01,
 M. J. Frisch, G. W. Trucks, H. B. Schlegel, G. E. Scuseria, 
 M. A. Robb, J. R. Cheeseman, G. Scalmani, V. Barone, B. Mennucci, 
 G. A. Petersson, H. Nakatsuji, M. Caricato, X. Li, H. P. Hratchian, 
 A. F. Izmaylov, J. Bloino, G. Zheng, J. L. Sonnenberg, M. Hada, 
 M. Ehara, K. Toyota, R. Fukuda, J. Hasegawa, M. Ishida, T. Nakajima, 
 Y. Honda, O. Kitao, H. Nakai, T. Vreven, J. A. Montgomery, Jr., 
 J. E. Peralta, F. Ogliaro, M. Bearpark, J. J. Heyd, E. Brothers, 
 K. N. Kudin, V. N. Staroverov, T. Keith, R. Kobayashi, J. Normand, 
 K. Raghavachari, A. Rendell, J. C. Burant, S. S. Iyengar, J. Tomasi, 
 M. Cossi, N. Rega, J. M. Millam, M. Klene, J. E. Knox, J. B. Cross, 
 V. Bakken, C. Adamo, J. Jaramillo, R. Gomperts, R. E. Stratmann, 
 O. Yazyev, A. J. Austin, R. Cammi, C. Pomelli, J. W. Ochterski, 
 R. L. Martin, K. Morokuma, V. G. Zakrzewski, G. A. Voth, 
 P. Salvador, J. J. Dannenberg, S. Dapprich, A. D. Daniels, 
 O. Farkas, J. B. Foresman, J. V. Ortiz, J. Cioslowski, 
 and D. J. Fox, Gaussian, Inc., Wallingford CT, 2013.
 
 ******************************************
 Gaussian 09:  ES64L-G09RevE.01 30-Nov-2015
                17-Feb-2017 
 ******************************************
 %chk=h12.chk
 ----------------------------------------------------------------------
 #rhf/gen scf(symm,tight,novaracc,noincfock,fulldiag) stable(crhf) gues
 s=read geom=nocrowd test
 ----------------------------------------------------------------------
 1/38=1/1;
 2/12=1,17=6,18=5,40=1/2;
 3/5=7,16=1,25=1,30=1,116=1/1,2,3;
 4/5=1,9=4/1;
 5/5=100002,15=2,16=1,32=2,38=6/2;
 8/6=1,10=90,11=11/1,4;
 9/8=4,13=1/2;
 6/7=2,8=2,9=2,10=2,28=1/1;
 99/5=1,9=1/99;
 ----------------------------------------------------------------------
 hf stability analysis of h12 triangular lattice, y= 0.6299221068523126
 5
 ----------------------------------------------------------------------
 Symbolic Z-matrix:
 Charge =  0 Multiplicity = 1
 H
 H                    1     1.11214 
 H                    1     1.11214  2     111. 
 H                    2     1.11214  1     69.      3     0.       0
 H                    2     1.11214  1     180.     3     0.       0
 H                    4     1.11214  3     180.     5     0.       0
 H                    6     1.11214  5     180.     3     0.       0
 H                    4     1.11214  2     180.     3     0.       0
 H                    3     1.11214  1     180.     4     0.       0
 H                    9     1.11214  3     180.     4     0.       0
 H                    8     1.11214  4     180.     3     0.       0
 H                    7     1.11214  6     180.     3     0.       0
 
                          Input orientation:                          
 ---------------------------------------------------------------------
 Center     Atomic      Atomic             Coordinates (Angstroms)
 Number     Number       Type             X           Y           Z
 ---------------------------------------------------------------------
      1          1           0        0.000000    0.000000    0.000000
      2          1           0        0.000000    0.000000    1.112138
      3          1           0        1.038271    0.000000   -0.398555
      4          1           0        1.038271    0.000000    0.713584
      5          1           0        0.000000    0.000000    2.224277
      6          1           0        1.038271    0.000000    1.825722
      7          1           0        2.076541    0.000000    1.427167
      8          1           0        2.076541    0.000000    0.315029
      9          1           0        2.076541    0.000000   -0.797109
     10          1           0        3.114812    0.000000   -1.195664
     11          1           0        3.114812    0.000000   -0.083526
     12          1           0        3.114812    0.000000    1.028612
 ---------------------------------------------------------------------
                    Distance matrix (angstroms):
                    1          2          3          4          5
     1  H    0.000000
     2  H    1.112138   0.000000
     3  H    1.112138   1.833085   0.000000
     4  H    1.259844   1.112138   1.112138   0.000000
     5  H    2.224277   1.112138   2.820860   1.833085   0.000000
     6  H    2.100302   1.259844   2.224277   1.112138   1.112138
     7  H    2.519688   2.100302   2.100302   1.259844   2.224277
     8  H    2.100302   2.224277   1.259844   1.112138   2.820860
     9  H    2.224277   2.820860   1.112138   1.833085   3.666169
    10  H    3.336415   3.876597   2.224277   2.820860   4.625802
    11  H    3.115931   3.336415   2.100302   2.224277   3.876597
    12  H    3.280259   3.115931   2.519688   2.100302   3.336415
                    6          7          8          9         10
     6  H    0.000000
     7  H    1.112138   0.000000
     8  H    1.833085   1.112138   0.000000
     9  H    2.820860   2.224277   1.112138   0.000000
    10  H    3.666169   2.820860   1.833085   1.112138   0.000000
    11  H    2.820860   1.833085   1.112138   1.259844   1.112138
    12  H    2.224277   1.112138   1.259844   2.100302   2.224277
                   11         12
    11  H    0.000000
    12  H    1.112138   0.000000
 Stoichiometry    H12
 Framework group  C2H[SGH(H12)]
 Deg. of freedom    11
 Full point group                 C2H     NOp   4
 Largest Abelian subgroup         C2H     NOp   4
 Largest concise Abelian subgroup C2      NOp   2
                         Standard orientation:                         
 ---------------------------------------------------------------------
 Center     Atomic      Atomic             Coordinates (Angstroms)
 Number     Number       Type             X           Y           Z
 ---------------------------------------------------------------------
      1          1           0        1.038271    1.269653   -0.000000
      2          1           0       -0.000000    1.668208    0.000000
      3          1           0        1.038271    0.157514   -0.000000
      4          1           0       -0.000000    0.556069    0.000000
      5          1           0       -1.038271    2.066762    0.000000
      6          1           0       -1.038271    0.954624    0.000000
      7          1           0       -1.038271   -0.157514   -0.000000
      8          1           0        0.000000   -0.556069    0.000000
      9          1           0        1.038271   -0.954624    0.000000
     10          1           0        1.038271   -2.066762    0.000000
     11          1           0        0.000000   -1.668208    0.000000
     12          1           0       -1.038271   -1.269653   -0.000000
 ---------------------------------------------------------------------
 Rotational constants (GHZ):     64.9663141     24.1911162     17.6273323
 General basis read from cards:  (5D, 7F)
 There are     6 symmetry adapted cartesian basis functions of AG  symmetry.
 There are     0 symmetry adapted cartesian basis functions of BG  symmetry.
 There are     0 symmetry adapted cartesian basis functions of AU  symmetry.
 There are     6 symmetry adapted cartesian basis functions of BU  symmetry.
 There are     6 symmetry adapted basis functions of AG  symmetry.
 There are     0 symmetry adapted basis functions of BG  symmetry.
 There are     0 symmetry adapted basis functions of AU  symmetry.
 There are     6 symmetry adapted basis functions of BU  symmetry.
    12 basis functions,   120 primitive gaussians,    12 cartesian basis functions
     6 alpha electrons        6 beta electrons
       nuclear repulsion energy        19.8700762260 Hartrees.
 NAtoms=   12 NActive=   12 NUniq=    6 SFac= 4.00D+00 NAtFMM=   60 NAOKFM=F Big=F
 Integral buffers will be    131072 words long.
 Regular integral format.
 Two-electron integral symmetry is turned on.
 One-electron integrals computed using PRISM.
 NBasis=    12 RedAO= T EigKep=  1.43D-01  NBF=     6     0     0     6
 NBsUse=    12 1.00D-06 EigRej= -1.00D+00 NBFU=     6     0     0     6
 Initial guess from the checkpoint file:  "h12.chk"
 B after Tr=    -0.000000   -0.000000    0.000000
         Rot=    0.999444    0.000000   -0.000000    0.033342 Ang=   3.82 deg.
 Initial guess orbital symmetries:
       Occupied  (AG) (BU) (BU) (AG) (AG) (AG)
       Virtual   (BU) (BU) (BU) (AG) (AG) (BU)
 Keep R1 ints in memory in symmetry-blocked form, NReq=903966.
 Requested convergence on RMS density matrix=1.00D-08 within 128 cycles.
 Requested convergence on MAX density matrix=1.00D-06.
 Requested convergence on             energy=1.00D-06.
 No special actions if energy rises.
 SCF Done:  E(RHF) =  -5.72775837433     A.U. after   10 cycles
            NFock= 10  Conv=0.48D-08     -V/T= 1.8803
 Range of M.O.s used for correlation:     1    12
 NBasis=    12 NAE=     6 NBE=     6 NFC=     0 NFV=     0
 NROrb=     12 NOA=     6 NOB=     6 NVA=     6 NVB=     6
 Semi-Direct transformation.
 ModeAB=           4 MOrb=             6 LenV=     134084143
 LASXX=         2181 LTotXX=        2181 LenRXX=        5115
 LTotAB=        2934 MaxLAS=        3024 LenRXY=           0
 NonZer=        7296 LenScr=      655360 LnRSAI=        3024
 LnScr1=      655360 LExtra=           0 Total=      1318859
 MaxDsk=          -1 SrtSym=           T ITran=            3
 JobTyp=0 Pass  1:  I=   1 to   6.
 (rs|ai) integrals will be sorted in core.
 Spin components of T(2) and E(2):
     alpha-alpha T2 =       0.1140145624D-01 E2=     -0.1386235912D-01
     alpha-beta  T2 =       0.8937118082D-01 E2=     -0.1166551815D+00
     beta-beta   T2 =       0.1140145624D-01 E2=     -0.1386235912D-01
 ANorm=    0.1054596650D+01
 E2 =    -0.1443798997D+00 EUMP2 =    -0.58721382740484D+01
 Second order stability test of a single determinant RHF wave function:
 Stabil:  MDV=134217728
 ***********************************************************************
 Matrix         Lowest Root    Major Pairs
 ***********************************************************************
 Internal RHF    -0.0624885    6A=7A
 RRHF --> CRHF   -0.1000769    6A=7A
 RRHF --> RUHF   -0.182012     6A=7B
 Not stable.
 ***********************************************************************

 **********************************************************************

            Population analysis using the SCF density.

 **********************************************************************

 Orbital symmetries:
       Occupied  (AG) (BU) (BU) (AG) (AG) (AG)
       Virtual   (BU) (BU) (AG) (BU) (AG) (BU)
 The electronic state is 1-AG.
 Alpha  occ. eigenvalues --   -0.91727  -0.75667  -0.61882  -0.52067  -0.37137
 Alpha  occ. eigenvalues --   -0.20186
 Alpha virt. eigenvalues --   -0.03588   0.20224   0.33010   0.33050   0.64956
 Alpha virt. eigenvalues --    0.77287
          Condensed to atoms (all electrons):
               1          2          3          4          5          6
     1  H    1.064512   0.144017   0.345742  -0.280437  -0.015156  -0.059237
     2  H    0.144017   0.994934  -0.120041   0.208894   0.122680  -0.168490
     3  H    0.345742  -0.120041   1.016789  -0.260400  -0.010913   0.024925
     4  H   -0.280437   0.208894  -0.260400   1.470154  -0.073703  -0.187546
     5  H   -0.015156   0.122680  -0.010913  -0.073703   0.515966   0.274241
     6  H   -0.059237  -0.168490   0.024925  -0.187546   0.274241   0.950976
     7  H    0.022504  -0.125832   0.092659  -0.297677   0.001390   0.308103
     8  H   -0.146681   0.018280  -0.297677   0.728446  -0.029493  -0.106255
     9  H   -0.013243  -0.037028   0.308103  -0.106255   0.004063   0.032529
    10  H   -0.001791   0.000534   0.001390  -0.029493   0.001386   0.004063
    11  H   -0.000238   0.021233  -0.125832   0.018280   0.000534  -0.037028
    12  H    0.027988  -0.000238   0.022504  -0.146681  -0.001791  -0.013243
               7          8          9         10         11         12
     1  H    0.022504  -0.146681  -0.013243  -0.001791  -0.000238   0.027988
     2  H   -0.125832   0.018280  -0.037028   0.000534   0.021233  -0.000238
     3  H    0.092659  -0.297677   0.308103   0.001390  -0.125832   0.022504
     4  H   -0.297677   0.728446  -0.106255  -0.029493   0.018280  -0.146681
     5  H    0.001390  -0.029493   0.004063   0.001386   0.000534  -0.001791
     6  H    0.308103  -0.106255   0.032529   0.004063  -0.037028  -0.013243
     7  H    1.016789  -0.260400   0.024925  -0.010913  -0.120041   0.345742
     8  H   -0.260400   1.470154  -0.187546  -0.073703   0.208894  -0.280437
     9  H    0.024925  -0.187546   0.950976   0.274241  -0.168490  -0.059237
    10  H   -0.010913  -0.073703   0.274241   0.515966   0.122680  -0.015156
    11  H   -0.120041   0.208894  -0.168490   0.122680   0.994934   0.144017
    12  H    0.345742  -0.280437  -0.059237  -0.015156   0.144017   1.064512
 Mulliken charges:
               1
     1  H   -0.087979
     2  H   -0.058945
     3  H    0.002750
     4  H   -0.043583
     5  H    0.210796
     6  H   -0.023039
     7  H    0.002750
     8  H   -0.043583
     9  H   -0.023039
    10  H    0.210796
    11  H   -0.058945
    12  H   -0.087979
 Sum of Mulliken charges =  -0.00000
 Mulliken charges with hydrogens summed into heavy atoms:
               1
 Electronic spatial extent (au):  <R**2>=            135.7051
 Charge=             -0.0000 electrons
 Dipole moment (field-independent basis, Debye):
    X=             -0.0000    Y=             -0.0000    Z=              0.0000  Tot=              0.0000
 Quadrupole moment (field-independent basis, Debye-Ang):
   XX=            -19.8864   YY=            -10.8104   ZZ=            -15.1916
   XY=             -6.3043   XZ=             -0.0000   YZ=              0.0000
 Traceless Quadrupole moment (field-independent basis, Debye-Ang):
   XX=             -4.5903   YY=              4.4857   ZZ=              0.1046
   XY=             -6.3043   XZ=             -0.0000   YZ=              0.0000
 Octapole moment (field-independent basis, Debye-Ang**2):
  XXX=              0.0000  YYY=             -0.0000  ZZZ=             -0.0000  XYY=              0.0000
  XXY=              0.0000  XXZ=             -0.0000  XZZ=              0.0000  YZZ=              0.0000
  YYZ=              0.0000  XYZ=             -0.0000
 Hexadecapole moment (field-independent basis, Debye-Ang**3):
 XXXX=           -108.1633 YYYY=           -139.5295 ZZZZ=            -18.0523 XXXY=              2.5919
 XXXZ=              0.0000 YYYX=            -17.5593 YYYZ=             -0.0000 ZZZX=              0.0000
 ZZZY=             -0.0000 XXYY=            -39.7955 XXZZ=            -19.2912 YYZZ=            -31.4582
 XXYZ=             -0.0000 YYXZ=             -0.0000 ZZXY=              2.8860
 N-N= 1.987007622599D+01 E-N=-5.092930008396D+01  KE= 6.506955400828D+00
 Symmetry AG   KE= 4.942836013848D+00
 Symmetry BG   KE= 0.000000000000D+00
 Symmetry AU   KE= 0.000000000000D+00
 Symmetry BU   KE= 1.564119386979D+00

 Test job not archived.
 1\1\GINC-SULU\Stability\RHF\Gen\H12\LCJ1\17-Feb-2017\0\\#rhf/gen scf(s
 ymm,tight,novaracc,noincfock,fulldiag) stable(crhf) guess=read geom=no
 crowd test\\hf stability analysis of h12 triangular lattice, y= 0.6299
 2210685231265\\0,1\H\H,1,1.1121383389\H,1,1.1121383389,2,111.\H,2,1.11
 21383389,1,69.,3,0.,0\H,2,1.1121383389,1,180.,3,0.,0\H,4,1.1121383389,
 3,180.,5,0.,0\H,6,1.1121383389,5,180.,3,0.,0\H,4,1.1121383389,2,180.,3
 ,0.,0\H,3,1.1121383389,1,180.,4,0.,0\H,9,1.1121383389,3,180.,4,0.,0\H,
 8,1.1121383389,4,180.,3,0.,0\H,7,1.1121383389,6,180.,3,0.,0\\Version=E
 S64L-G09RevE.01\State=1-AG\HF=-5.7277584\MP2=-5.8721383\RMSD=4.757e-09
 \Dipole=0.,0.,0.\Quadrupole=-0.6678456,0.0777379,0.5901076,0.,-5.74074
 12,0.\PG=C02H [SGH(H12)]\\@


 THERE IS NOTHING NOBLE IN BEING SUPERIOR TO SOME OTHER MAN.
 TRUE NOBILITY IS BEING SUPERIOR TO YOUR FORMER SELF.

                                                   -- HINDU PROVERB
 Job cpu time:       0 days  0 hours  0 minutes  1.1 seconds.
 File lengths (MBytes):  RWF=     84 Int=      0 D2E=      0 Chk=      2 Scr=      2
 Normal termination of Gaussian 09 at Fri Feb 17 14:59:52 2017.
