 Entering Gaussian System, Link 0=g09
 AtFile(1): H.gbs
            H     0
            S   10   1.00
               1000.000000000000            0.000068713567
                316.227766000000            0.000169141320
                100.000000000000            0.000823394812
                 31.622776600000            0.003425569236
                 10.000000000000            0.013951996000
                  3.162277660000            0.056909313560
                  1.000000000000            0.198286399900
                  0.316227766000            0.496922426700
                  0.100000000000            0.369846276400
                  0.031622776600            0.003752720039
            ****
 Initial command:
 /projects/guscus/apps/gau/g09-e1/g09/l1.exe "/users/lcj1/gaussian/h12/rhfstability/rect/guess/ag4bu2/Gau-16695.inp" -scrdir="/users/lcj1/gaussian/h12/rhfstability/rect/guess/ag4bu2/"
 Entering Link 1 = /projects/guscus/apps/gau/g09-e1/g09/l1.exe PID=     16696.
  
 Copyright (c) 1988,1990,1992,1993,1995,1998,2003,2009,2015,
            Gaussian, Inc.  All Rights Reserved.
  
 This is part of the Gaussian(R) 09 program.  It is based on
 the Gaussian(R) 03 system (copyright 2003, Gaussian, Inc.),
 the Gaussian(R) 98 system (copyright 1998, Gaussian, Inc.),
 the Gaussian(R) 94 system (copyright 1995, Gaussian, Inc.),
 the Gaussian 92(TM) system (copyright 1992, Gaussian, Inc.),
 the Gaussian 90(TM) system (copyright 1990, Gaussian, Inc.),
 the Gaussian 88(TM) system (copyright 1988, Gaussian, Inc.),
 the Gaussian 86(TM) system (copyright 1986, Carnegie Mellon
 University), and the Gaussian 82(TM) system (copyright 1983,
 Carnegie Mellon University). Gaussian is a federally registered
 trademark of Gaussian, Inc.
  
 This software contains proprietary and confidential information,
 including trade secrets, belonging to Gaussian, Inc.
  
 This software is provided under written license and may be
 used, copied, transmitted, or stored only in accord with that
 written license.
  
 The following legend is applicable only to US Government
 contracts under FAR:
  
                    RESTRICTED RIGHTS LEGEND
  
 Use, reproduction and disclosure by the US Government is
 subject to restrictions as set forth in subparagraphs (a)
 and (c) of the Commercial Computer Software - Restricted
 Rights clause in FAR 52.227-19.
  
 Gaussian, Inc.
 340 Quinnipiac St., Bldg. 40, Wallingford CT 06492
  
  
 ---------------------------------------------------------------
 Warning -- This program may not be used in any manner that
 competes with the business of Gaussian, Inc. or will provide
 assistance to any competitor of Gaussian, Inc.  The licensee
 of this program is prohibited from giving any competitor of
 Gaussian, Inc. access to this program.  By using this program,
 the user acknowledges that Gaussian, Inc. is engaged in the
 business of creating and licensing software in the field of
 computational chemistry and represents and warrants to the
 licensee that it is not a competitor of Gaussian, Inc. and that
 it will not use this program in any manner prohibited above.
 ---------------------------------------------------------------
  

 Cite this work as:
 Gaussian 09, Revision E.01,
 M. J. Frisch, G. W. Trucks, H. B. Schlegel, G. E. Scuseria, 
 M. A. Robb, J. R. Cheeseman, G. Scalmani, V. Barone, B. Mennucci, 
 G. A. Petersson, H. Nakatsuji, M. Caricato, X. Li, H. P. Hratchian, 
 A. F. Izmaylov, J. Bloino, G. Zheng, J. L. Sonnenberg, M. Hada, 
 M. Ehara, K. Toyota, R. Fukuda, J. Hasegawa, M. Ishida, T. Nakajima, 
 Y. Honda, O. Kitao, H. Nakai, T. Vreven, J. A. Montgomery, Jr., 
 J. E. Peralta, F. Ogliaro, M. Bearpark, J. J. Heyd, E. Brothers, 
 K. N. Kudin, V. N. Staroverov, T. Keith, R. Kobayashi, J. Normand, 
 K. Raghavachari, A. Rendell, J. C. Burant, S. S. Iyengar, J. Tomasi, 
 M. Cossi, N. Rega, J. M. Millam, M. Klene, J. E. Knox, J. B. Cross, 
 V. Bakken, C. Adamo, J. Jaramillo, R. Gomperts, R. E. Stratmann, 
 O. Yazyev, A. J. Austin, R. Cammi, C. Pomelli, J. W. Ochterski, 
 R. L. Martin, K. Morokuma, V. G. Zakrzewski, G. A. Voth, 
 P. Salvador, J. J. Dannenberg, S. Dapprich, A. D. Daniels, 
 O. Farkas, J. B. Foresman, J. V. Ortiz, J. Cioslowski, 
 and D. J. Fox, Gaussian, Inc., Wallingford CT, 2013.
 
 ******************************************
 Gaussian 09:  ES64L-G09RevE.01 30-Nov-2015
                17-Feb-2017 
 ******************************************
 %chk=h12.chk
 ----------------------------------------------------------------------
 #rhf/gen scf(symm,tight,novaracc,noincfock,fulldiag) stable(crhf) gues
 s=read geom=nocrowd test
 ----------------------------------------------------------------------
 1/38=1/1;
 2/12=1,17=6,18=5,40=1/2;
 3/5=7,16=1,25=1,30=1,116=1/1,2,3;
 4/5=1,9=4/1;
 5/5=100002,15=2,16=1,32=2,38=6/2;
 8/6=1,10=90,11=11/1,4;
 9/8=4,13=1/2;
 6/7=2,8=2,9=2,10=2,28=1/1;
 99/5=1,9=1/99;
 ----------------------------------------------------------------------
 hf stability analysis of h12 triangular lattice, y= 0.4521619835073459
 3
 ----------------------------------------------------------------------
 Symbolic Z-matrix:
 Charge =  0 Multiplicity = 1
 H
 H                    1     1.35456 
 H                    1     1.35456  2     141. 
 H                    2     1.35456  1     39.      3     0.       0
 H                    2     1.35456  1     180.     3     0.       0
 H                    4     1.35456  3     180.     5     0.       0
 H                    6     1.35456  5     180.     3     0.       0
 H                    4     1.35456  2     180.     3     0.       0
 H                    3     1.35456  1     180.     4     0.       0
 H                    9     1.35456  3     180.     4     0.       0
 H                    8     1.35456  4     180.     3     0.       0
 H                    7     1.35456  6     180.     3     0.       0
 
                          Input orientation:                          
 ---------------------------------------------------------------------
 Center     Atomic      Atomic             Coordinates (Angstroms)
 Number     Number       Type             X           Y           Z
 ---------------------------------------------------------------------
      1          1           0        0.000000    0.000000    0.000000
      2          1           0        0.000000    0.000000    1.354562
      3          1           0        0.852453    0.000000   -1.052692
      4          1           0        0.852453    0.000000    0.301870
      5          1           0        0.000000    0.000000    2.709123
      6          1           0        0.852453    0.000000    1.656431
      7          1           0        1.704907    0.000000    0.603739
      8          1           0        1.704907    0.000000   -0.750823
      9          1           0        1.704907    0.000000   -2.105384
     10          1           0        2.557360    0.000000   -3.158076
     11          1           0        2.557360    0.000000   -1.803515
     12          1           0        2.557360    0.000000   -0.448953
 ---------------------------------------------------------------------
                    Distance matrix (angstroms):
                    1          2          3          4          5
     1  H    0.000000
     2  H    1.354562   0.000000
     3  H    1.354562   2.553732   0.000000
     4  H    0.904324   1.354562   1.354562   0.000000
     5  H    2.709123   1.354562   3.857192   2.553732   0.000000
     6  H    1.862912   0.904324   2.709123   1.354562   1.354562
     7  H    1.808648   1.862912   1.862912   0.904324   2.709123
     8  H    1.862912   2.709123   0.904324   1.354562   3.857192
     9  H    2.709123   3.857192   1.354562   2.553732   5.107464
    10  H    4.063685   5.186906   2.709123   3.857192   6.400322
    11  H    3.129338   4.063685   1.862912   2.709123   5.186906
    12  H    2.596468   3.129338   1.808648   1.862912   4.063685
                    6          7          8          9         10
     6  H    0.000000
     7  H    1.354562   0.000000
     8  H    2.553732   1.354562   0.000000
     9  H    3.857192   2.709123   1.354562   0.000000
    10  H    5.107464   3.857192   2.553732   1.354562   0.000000
    11  H    3.857192   2.553732   1.354562   0.904324   1.354562
    12  H    2.709123   1.354562   0.904324   1.862912   2.709123
                   11         12
    11  H    0.000000
    12  H    1.354562   0.000000
 Stoichiometry    H12
 Framework group  C2H[SGH(H12)]
 Deg. of freedom    11
 Full point group                 C2H     NOp   4
 Largest Abelian subgroup         C2H     NOp   4
 Largest concise Abelian subgroup C2      NOp   2
                         Standard orientation:                         
 ---------------------------------------------------------------------
 Center     Atomic      Atomic             Coordinates (Angstroms)
 Number     Number       Type             X           Y           Z
 ---------------------------------------------------------------------
      1          1           0        0.852453    0.979150   -0.000000
      2          1           0        0.000000    2.031842   -0.000000
      3          1           0        0.852453   -0.375411   -0.000000
      4          1           0        0.000000    0.677281   -0.000000
      5          1           0       -0.852453    3.084535   -0.000000
      6          1           0       -0.852453    1.729973   -0.000000
      7          1           0       -0.852453    0.375411   -0.000000
      8          1           0       -0.000000   -0.677281   -0.000000
      9          1           0        0.852453   -1.729973    0.000000
     10          1           0        0.852453   -3.084535   -0.000000
     11          1           0       -0.000000   -2.031842   -0.000000
     12          1           0       -0.852453   -0.979150   -0.000000
 ---------------------------------------------------------------------
 Rotational constants (GHZ):    119.0629216     13.1998078     11.8824683
 General basis read from cards:  (5D, 7F)
 There are     6 symmetry adapted cartesian basis functions of AG  symmetry.
 There are     0 symmetry adapted cartesian basis functions of BG  symmetry.
 There are     0 symmetry adapted cartesian basis functions of AU  symmetry.
 There are     6 symmetry adapted cartesian basis functions of BU  symmetry.
 There are     6 symmetry adapted basis functions of AG  symmetry.
 There are     0 symmetry adapted basis functions of BG  symmetry.
 There are     0 symmetry adapted basis functions of AU  symmetry.
 There are     6 symmetry adapted basis functions of BU  symmetry.
    12 basis functions,   120 primitive gaussians,    12 cartesian basis functions
     6 alpha electrons        6 beta electrons
       nuclear repulsion energy        18.3094085129 Hartrees.
 NAtoms=   12 NActive=   12 NUniq=    6 SFac= 4.00D+00 NAtFMM=   60 NAOKFM=F Big=F
 Integral buffers will be    131072 words long.
 Regular integral format.
 Two-electron integral symmetry is turned on.
 One-electron integrals computed using PRISM.
 NBasis=    12 RedAO= T EigKep=  1.49D-01  NBF=     6     0     0     6
 NBsUse=    12 1.00D-06 EigRej= -1.00D+00 NBFU=     6     0     0     6
 Initial guess from the checkpoint file:  "h12.chk"
 B after Tr=    -0.000000    0.000000    0.000000
         Rot=    0.992537    0.000000    0.000000    0.121940 Ang=  14.01 deg.
 Initial guess orbital symmetries:
       Occupied  (AG) (BU) (BU) (AG) (AG) (AG)
       Virtual   (BU) (BU) (BU) (AG) (AG) (BU)
 Keep R1 ints in memory in symmetry-blocked form, NReq=900606.
 Requested convergence on RMS density matrix=1.00D-08 within 128 cycles.
 Requested convergence on MAX density matrix=1.00D-06.
 Requested convergence on             energy=1.00D-06.
 No special actions if energy rises.
 SCF Done:  E(RHF) =  -5.38785309106     A.U. after   14 cycles
            NFock= 14  Conv=0.47D-08     -V/T= 1.8168
 Range of M.O.s used for correlation:     1    12
 NBasis=    12 NAE=     6 NBE=     6 NFC=     0 NFV=     0
 NROrb=     12 NOA=     6 NOB=     6 NVA=     6 NVB=     6

 **** Warning!!: The smallest alpha delta epsilon is -0.90665468D-01

 Semi-Direct transformation.
 ModeAB=           4 MOrb=             6 LenV=     134087741
 LASXX=         2181 LTotXX=        2181 LenRXX=        5115
 LTotAB=        2934 MaxLAS=        3024 LenRXY=           0
 NonZer=        7296 LenScr=      655360 LnRSAI=        3024
 LnScr1=      655360 LExtra=           0 Total=      1318859
 MaxDsk=          -1 SrtSym=           T ITran=            3
 JobTyp=0 Pass  1:  I=   1 to   6.
 (rs|ai) integrals will be sorted in core.
 Spin components of T(2) and E(2):
     alpha-alpha T2 =       0.3288155354D-01 E2=     -0.2198181180D-01
     alpha-beta  T2 =       0.4700771231D+01 E2=     -0.4830850208D+00
     beta-beta   T2 =       0.3288155354D-01 E2=     -0.2198181180D-01
 ANorm=    0.2401360935D+01
 E2 =    -0.5270486444D+00 EUMP2 =    -0.59149017354136D+01
 Second order stability test of a single determinant RHF wave function:
 Stabil:  MDV=134217728
 ***********************************************************************
 Matrix         Lowest Root    Major Pairs
 ***********************************************************************
 Internal RHF    -0.2155389    6A=7A 6A=8A 5A=7A 3A=7A
 RRHF --> CRHF   -0.2826021    6A=7A
 RRHF --> RUHF   -0.6027886    6A=7B 6A=8B
 Not stable.
 ***********************************************************************

 **********************************************************************

            Population analysis using the SCF density.

 **********************************************************************

 Orbital symmetries:
       Occupied  (AG) (BU) (AG) (BU) (AG) (AG)
       Virtual   (BU) (BU) (BU) (AG) (AG) (BU)
 The electronic state is 1-AG.
 Alpha  occ. eigenvalues --   -0.94135  -0.77315  -0.56945  -0.53043  -0.29546
 Alpha  occ. eigenvalues --   -0.12469
 Alpha virt. eigenvalues --   -0.21536   0.05806   0.30809   0.34162   0.49383
 Alpha virt. eigenvalues --    0.63083
          Condensed to atoms (all electrons):
               1          2          3          4          5          6
     1  H    1.282962   0.174177  -0.111151   0.260478   0.000146  -0.178889
     2  H    0.174177   0.791157  -0.055509  -0.005555  -0.164617   0.282176
     3  H   -0.111151  -0.055509   0.954995   0.134943   0.000543  -0.004124
     4  H    0.260478  -0.005555   0.134943   0.614232   0.004768  -0.066592
     5  H    0.000146  -0.164617   0.000543   0.004768   1.364090  -0.178776
     6  H   -0.178889   0.282176  -0.004124  -0.066592  -0.178776   1.090726
     7  H   -0.249050  -0.108823   0.070501   0.036689   0.016309   0.192909
     8  H   -0.041297  -0.027330   0.036689   0.042063   0.001439  -0.025502
     9  H   -0.037241   0.002820   0.192909  -0.025502  -0.000989   0.009794
    10  H    0.001628  -0.000661   0.016309   0.001439   0.000253  -0.000989
    11  H    0.011844   0.006305  -0.108823  -0.027330  -0.000661   0.002820
    12  H    0.043398   0.011844  -0.249050  -0.041297   0.001628  -0.037241
               7          8          9         10         11         12
     1  H   -0.249050  -0.041297  -0.037241   0.001628   0.011844   0.043398
     2  H   -0.108823  -0.027330   0.002820  -0.000661   0.006305   0.011844
     3  H    0.070501   0.036689   0.192909   0.016309  -0.108823  -0.249050
     4  H    0.036689   0.042063  -0.025502   0.001439  -0.027330  -0.041297
     5  H    0.016309   0.001439  -0.000989   0.000253  -0.000661   0.001628
     6  H    0.192909  -0.025502   0.009794  -0.000989   0.002820  -0.037241
     7  H    0.954995   0.134943  -0.004124   0.000543  -0.055509  -0.111151
     8  H    0.134943   0.614232  -0.066592   0.004768  -0.005555   0.260478
     9  H   -0.004124  -0.066592   1.090726  -0.178776   0.282176  -0.178889
    10  H    0.000543   0.004768  -0.178776   1.364090  -0.164617   0.000146
    11  H   -0.055509  -0.005555   0.282176  -0.164617   0.791157   0.174177
    12  H   -0.111151   0.260478  -0.178889   0.000146   0.174177   1.282962
 Mulliken charges:
               1
     1  H   -0.157006
     2  H    0.094016
     3  H    0.121768
     4  H    0.071664
     5  H   -0.044132
     6  H   -0.086310
     7  H    0.121768
     8  H    0.071664
     9  H   -0.086310
    10  H   -0.044132
    11  H    0.094016
    12  H   -0.157006
 Sum of Mulliken charges =   0.00000
 Mulliken charges with hydrogens summed into heavy atoms:
               1
 Electronic spatial extent (au):  <R**2>=            193.2349
 Charge=              0.0000 electrons
 Dipole moment (field-independent basis, Debye):
    X=             -0.0000    Y=              0.0000    Z=              0.0000  Tot=              0.0000
 Quadrupole moment (field-independent basis, Debye-Ang):
   XX=            -19.1787   YY=            -22.8980   ZZ=            -15.1296
   XY=              0.8368   XZ=             -0.0000   YZ=              0.0000
 Traceless Quadrupole moment (field-independent basis, Debye-Ang):
   XX=             -0.1099   YY=             -3.8293   ZZ=              3.9392
   XY=              0.8368   XZ=             -0.0000   YZ=              0.0000
 Octapole moment (field-independent basis, Debye-Ang**2):
  XXX=              0.0000  YYY=              0.0000  ZZZ=              0.0000  XYY=              0.0000
  XXY=             -0.0000  XXZ=              0.0000  XZZ=              0.0000  YZZ=             -0.0000
  YYZ=              0.0000  XYZ=              0.0000
 Hexadecapole moment (field-independent basis, Debye-Ang**3):
 XXXX=            -73.5731 YYYY=           -408.6232 ZZZZ=            -17.9423 XXXY=             30.3747
 XXXZ=             -0.0000 YYYX=             61.0718 YYYZ=              0.0000 ZZZX=             -0.0000
 ZZZY=              0.0000 XXYY=            -78.6888 XXZZ=            -14.8083 YYZZ=            -54.4570
 XXYZ=              0.0000 YYXZ=             -0.0000 ZZXY=              9.2978
 N-N= 1.830940851294D+01 E-N=-4.752184725857D+01  KE= 6.596398929184D+00
 Symmetry AG   KE= 4.812974056387D+00
 Symmetry BG   KE= 0.000000000000D+00
 Symmetry AU   KE= 0.000000000000D+00
 Symmetry BU   KE= 1.783424872797D+00

 Test job not archived.
 1\1\GINC-SULU\Stability\RHF\Gen\H12\LCJ1\17-Feb-2017\0\\#rhf/gen scf(s
 ymm,tight,novaracc,noincfock,fulldiag) stable(crhf) guess=read geom=no
 crowd test\\hf stability analysis of h12 triangular lattice, y= 0.4521
 6198350734593\\0,1\H\H,1,1.3545616542\H,1,1.3545616542,2,141.\H,2,1.35
 45616542,1,39.,3,0.,0\H,2,1.3545616542,1,180.,3,0.,0\H,4,1.3545616542,
 3,180.,5,0.,0\H,6,1.3545616542,5,180.,3,0.,0\H,4,1.3545616542,2,180.,3
 ,0.,0\H,3,1.3545616542,1,180.,4,0.,0\H,9,1.3545616542,3,180.,4,0.,0\H,
 8,1.3545616542,4,180.,3,0.,0\H,7,1.3545616542,6,180.,3,0.,0\\Version=E
 S64L-G09RevE.01\State=1-AG\HF=-5.3878531\MP2=-5.9149017\RMSD=4.671e-09
 \Dipole=0.,0.,0.\Quadrupole=-0.5682991,2.9286699,-2.3603708,0.,1.22305
 11,0.\PG=C02H [SGH(H12)]\\@


 I am not a vegetarian because I love animals;
 I am a vegetarian because I hate plants.
                               -- A. Whitney Brown
 Job cpu time:       0 days  0 hours  0 minutes  1.1 seconds.
 File lengths (MBytes):  RWF=     84 Int=      0 D2E=      0 Chk=      2 Scr=      2
 Normal termination of Gaussian 09 at Fri Feb 17 14:56:48 2017.
