 Entering Gaussian System, Link 0=g09
 AtFile(1): H.gbs
            H     0
            S   10   1.00
               1000.000000000000            0.000068713567
                316.227766000000            0.000169141320
                100.000000000000            0.000823394812
                 31.622776600000            0.003425569236
                 10.000000000000            0.013951996000
                  3.162277660000            0.056909313560
                  1.000000000000            0.198286399900
                  0.316227766000            0.496922426700
                  0.100000000000            0.369846276400
                  0.031622776600            0.003752720039
            ****
 Initial command:
 /projects/guscus/apps/gau/g09-e1/g09/l1.exe "/users/lcj1/gaussian/h12/rhfstability/rect/guess/ag4bu2/Gau-30632.inp" -scrdir="/users/lcj1/gaussian/h12/rhfstability/rect/guess/ag4bu2/"
 Entering Link 1 = /projects/guscus/apps/gau/g09-e1/g09/l1.exe PID=     30633.
  
 Copyright (c) 1988,1990,1992,1993,1995,1998,2003,2009,2015,
            Gaussian, Inc.  All Rights Reserved.
  
 This is part of the Gaussian(R) 09 program.  It is based on
 the Gaussian(R) 03 system (copyright 2003, Gaussian, Inc.),
 the Gaussian(R) 98 system (copyright 1998, Gaussian, Inc.),
 the Gaussian(R) 94 system (copyright 1995, Gaussian, Inc.),
 the Gaussian 92(TM) system (copyright 1992, Gaussian, Inc.),
 the Gaussian 90(TM) system (copyright 1990, Gaussian, Inc.),
 the Gaussian 88(TM) system (copyright 1988, Gaussian, Inc.),
 the Gaussian 86(TM) system (copyright 1986, Carnegie Mellon
 University), and the Gaussian 82(TM) system (copyright 1983,
 Carnegie Mellon University). Gaussian is a federally registered
 trademark of Gaussian, Inc.
  
 This software contains proprietary and confidential information,
 including trade secrets, belonging to Gaussian, Inc.
  
 This software is provided under written license and may be
 used, copied, transmitted, or stored only in accord with that
 written license.
  
 The following legend is applicable only to US Government
 contracts under FAR:
  
                    RESTRICTED RIGHTS LEGEND
  
 Use, reproduction and disclosure by the US Government is
 subject to restrictions as set forth in subparagraphs (a)
 and (c) of the Commercial Computer Software - Restricted
 Rights clause in FAR 52.227-19.
  
 Gaussian, Inc.
 340 Quinnipiac St., Bldg. 40, Wallingford CT 06492
  
  
 ---------------------------------------------------------------
 Warning -- This program may not be used in any manner that
 competes with the business of Gaussian, Inc. or will provide
 assistance to any competitor of Gaussian, Inc.  The licensee
 of this program is prohibited from giving any competitor of
 Gaussian, Inc. access to this program.  By using this program,
 the user acknowledges that Gaussian, Inc. is engaged in the
 business of creating and licensing software in the field of
 computational chemistry and represents and warrants to the
 licensee that it is not a competitor of Gaussian, Inc. and that
 it will not use this program in any manner prohibited above.
 ---------------------------------------------------------------
  

 Cite this work as:
 Gaussian 09, Revision E.01,
 M. J. Frisch, G. W. Trucks, H. B. Schlegel, G. E. Scuseria, 
 M. A. Robb, J. R. Cheeseman, G. Scalmani, V. Barone, B. Mennucci, 
 G. A. Petersson, H. Nakatsuji, M. Caricato, X. Li, H. P. Hratchian, 
 A. F. Izmaylov, J. Bloino, G. Zheng, J. L. Sonnenberg, M. Hada, 
 M. Ehara, K. Toyota, R. Fukuda, J. Hasegawa, M. Ishida, T. Nakajima, 
 Y. Honda, O. Kitao, H. Nakai, T. Vreven, J. A. Montgomery, Jr., 
 J. E. Peralta, F. Ogliaro, M. Bearpark, J. J. Heyd, E. Brothers, 
 K. N. Kudin, V. N. Staroverov, T. Keith, R. Kobayashi, J. Normand, 
 K. Raghavachari, A. Rendell, J. C. Burant, S. S. Iyengar, J. Tomasi, 
 M. Cossi, N. Rega, J. M. Millam, M. Klene, J. E. Knox, J. B. Cross, 
 V. Bakken, C. Adamo, J. Jaramillo, R. Gomperts, R. E. Stratmann, 
 O. Yazyev, A. J. Austin, R. Cammi, C. Pomelli, J. W. Ochterski, 
 R. L. Martin, K. Morokuma, V. G. Zakrzewski, G. A. Voth, 
 P. Salvador, J. J. Dannenberg, S. Dapprich, A. D. Daniels, 
 O. Farkas, J. B. Foresman, J. V. Ortiz, J. Cioslowski, 
 and D. J. Fox, Gaussian, Inc., Wallingford CT, 2013.
 
 ******************************************
 Gaussian 09:  ES64L-G09RevE.01 30-Nov-2015
                17-Feb-2017 
 ******************************************
 %chk=h12.chk
 ----------------------------------------------------------------------
 #rhf/gen scf(symm,tight,novaracc,noincfock,fulldiag) stable(crhf) gues
 s=read geom=nocrowd test
 ----------------------------------------------------------------------
 1/38=1/1;
 2/12=1,17=6,18=5,40=1/2;
 3/5=7,16=1,25=1,30=1,116=1/1,2,3;
 4/5=1,9=4/1;
 5/5=100002,15=2,16=1,32=2,38=6/2;
 8/6=1,10=90,11=11/1,4;
 9/8=4,13=1/2;
 6/7=2,8=2,9=2,10=2,28=1/1;
 99/5=1,9=1/99;
 ----------------------------------------------------------------------
 hf stability analysis of h12 triangular lattice, y= 0.7972534768479298
 0
 ----------------------------------------------------------------------
 Symbolic Z-matrix:
 Charge =  0 Multiplicity = 1
 H
 H                    1     1.07705 
 H                    1     1.07705  2     84.5 
 H                    2     1.07705  1     95.5     3     0.       0
 H                    2     1.07705  1     180.     3     0.       0
 H                    4     1.07705  3     180.     5     0.       0
 H                    6     1.07705  5     180.     3     0.       0
 H                    4     1.07705  2     180.     3     0.       0
 H                    3     1.07705  1     180.     4     0.       0
 H                    9     1.07705  3     180.     4     0.       0
 H                    8     1.07705  4     180.     3     0.       0
 H                    7     1.07705  6     180.     3     0.       0
 
                          Input orientation:                          
 ---------------------------------------------------------------------
 Center     Atomic      Atomic             Coordinates (Angstroms)
 Number     Number       Type             X           Y           Z
 ---------------------------------------------------------------------
      1          1           0        0.000000    0.000000    0.000000
      2          1           0        0.000000    0.000000    1.077052
      3          1           0        1.072094    0.000000    0.103231
      4          1           0        1.072094    0.000000    1.180283
      5          1           0        0.000000    0.000000    2.154104
      6          1           0        1.072094    0.000000    2.257335
      7          1           0        2.144187    0.000000    2.360566
      8          1           0        2.144187    0.000000    1.283514
      9          1           0        2.144187    0.000000    0.206462
     10          1           0        3.216281    0.000000    0.309693
     11          1           0        3.216281    0.000000    1.386745
     12          1           0        3.216281    0.000000    2.463797
 ---------------------------------------------------------------------
                    Distance matrix (angstroms):
                    1          2          3          4          5
     1  H    0.000000
     2  H    1.077052   0.000000
     3  H    1.077052   1.448348   0.000000
     4  H    1.594507   1.077052   1.077052   0.000000
     5  H    2.154104   1.077052   2.314188   1.448348   0.000000
     6  H    2.498989   1.594507   2.154104   1.077052   1.077052
     7  H    3.189014   2.498989   2.498989   1.594507   2.154104
     8  H    2.498989   2.154104   1.594507   1.077052   2.314188
     9  H    2.154104   2.314188   1.077052   1.448348   2.896696
    10  H    3.231156   3.306554   2.154104   2.314188   3.707602
    11  H    3.502502   3.231156   2.498989   2.154104   3.306554
    12  H    4.051513   3.502502   3.189014   2.498989   3.231156
                    6          7          8          9         10
     6  H    0.000000
     7  H    1.077052   0.000000
     8  H    1.448348   1.077052   0.000000
     9  H    2.314188   2.154104   1.077052   0.000000
    10  H    2.896696   2.314188   1.448348   1.077052   0.000000
    11  H    2.314188   1.448348   1.077052   1.594507   1.077052
    12  H    2.154104   1.077052   1.594507   2.498989   2.154104
                   11         12
    11  H    0.000000
    12  H    1.077052   0.000000
 Stoichiometry    H12
 Framework group  C2H[SGH(H12)]
 Deg. of freedom    11
 Full point group                 C2H     NOp   4
 Largest Abelian subgroup         C2H     NOp   4
 Largest concise Abelian subgroup C2      NOp   2
                         Standard orientation:                         
 ---------------------------------------------------------------------
 Center     Atomic      Atomic             Coordinates (Angstroms)
 Number     Number       Type             X           Y           Z
 ---------------------------------------------------------------------
      1          1           0        1.072094    1.718809    0.000000
      2          1           0        0.000000    1.615578    0.000000
      3          1           0        1.072094    0.641757    0.000000
      4          1           0        0.000000    0.538526    0.000000
      5          1           0       -1.072094    1.512347    0.000000
      6          1           0       -1.072094    0.435295    0.000000
      7          1           0       -1.072094   -0.641757    0.000000
      8          1           0       -0.000000   -0.538526    0.000000
      9          1           0        1.072094   -0.435295    0.000000
     10          1           0        1.072094   -1.512347    0.000000
     11          1           0       -0.000000   -1.615578    0.000000
     12          1           0       -1.072094   -1.718809    0.000000
 ---------------------------------------------------------------------
 Rotational constants (GHZ):     55.0953952     28.5252078     18.7945021
 General basis read from cards:  (5D, 7F)
 There are     6 symmetry adapted cartesian basis functions of AG  symmetry.
 There are     0 symmetry adapted cartesian basis functions of BG  symmetry.
 There are     0 symmetry adapted cartesian basis functions of AU  symmetry.
 There are     6 symmetry adapted cartesian basis functions of BU  symmetry.
 There are     6 symmetry adapted basis functions of AG  symmetry.
 There are     0 symmetry adapted basis functions of BG  symmetry.
 There are     0 symmetry adapted basis functions of AU  symmetry.
 There are     6 symmetry adapted basis functions of BU  symmetry.
    12 basis functions,   120 primitive gaussians,    12 cartesian basis functions
     6 alpha electrons        6 beta electrons
       nuclear repulsion energy        20.1595976076 Hartrees.
 NAtoms=   12 NActive=   12 NUniq=    6 SFac= 4.00D+00 NAtFMM=   60 NAOKFM=F Big=F
 Integral buffers will be    131072 words long.
 Regular integral format.
 Two-electron integral symmetry is turned on.
 One-electron integrals computed using PRISM.
 NBasis=    12 RedAO= T EigKep=  1.10D-01  NBF=     6     0     0     6
 NBsUse=    12 1.00D-06 EigRej= -1.00D+00 NBFU=     6     0     0     6
 Initial guess from the checkpoint file:  "h12.chk"
 B after Tr=    -0.000000    0.000000    0.000000
         Rot=    0.998899   -0.000000   -0.000000   -0.046916 Ang=  -5.38 deg.
 Initial guess orbital symmetries:
       Occupied  (AG) (BU) (BU) (AG) (AG) (AG)
       Virtual   (BU) (BU) (BU) (AG) (AG) (BU)
 Keep R1 ints in memory in symmetry-blocked form, NReq=903672.
 Requested convergence on RMS density matrix=1.00D-08 within 128 cycles.
 Requested convergence on MAX density matrix=1.00D-06.
 Requested convergence on             energy=1.00D-06.
 No special actions if energy rises.
 SCF Done:  E(RHF) =  -5.84977053874     A.U. after    8 cycles
            NFock=  8  Conv=0.40D-08     -V/T= 1.9122
 Range of M.O.s used for correlation:     1    12
 NBasis=    12 NAE=     6 NBE=     6 NFC=     0 NFV=     0
 NROrb=     12 NOA=     6 NOB=     6 NVA=     6 NVB=     6
 Semi-Direct transformation.
 ModeAB=           4 MOrb=             6 LenV=     134084479
 LASXX=         2181 LTotXX=        2181 LenRXX=        5115
 LTotAB=        2934 MaxLAS=        3024 LenRXY=           0
 NonZer=        7296 LenScr=      655360 LnRSAI=        3024
 LnScr1=      655360 LExtra=           0 Total=      1318859
 MaxDsk=          -1 SrtSym=           T ITran=            3
 JobTyp=0 Pass  1:  I=   1 to   6.
 (rs|ai) integrals will be sorted in core.
 Spin components of T(2) and E(2):
     alpha-alpha T2 =       0.1112179482D-01 E2=     -0.1374310221D-01
     alpha-beta  T2 =       0.7938808630D-01 E2=     -0.1107625021D+00
     beta-beta   T2 =       0.1112179482D-01 E2=     -0.1374310221D-01
 ANorm=    0.1049586431D+01
 E2 =    -0.1382487065D+00 EUMP2 =    -0.59880192452867D+01
 Second order stability test of a single determinant RHF wave function:
 Stabil:  MDV=134217728
 ***********************************************************************
 Matrix         Lowest Root    Major Pairs
 ***********************************************************************
 Internal RHF     0.0693391    Stable
 RRHF --> CRHF    0.0418944    Stable


 RRHF --> RUHF   -0.0737358    6A=8B 6A=9B 6A=7B 4A=7B 5A=7B 4A=9B 5A=9B 3A=10B 2
 A=10B 1A=12B 4A=8B 5A=8B 2A=11B 1A=9B 3A=11B
 Not stable.
 ***********************************************************************

 **********************************************************************

            Population analysis using the SCF density.

 **********************************************************************

 Orbital symmetries:
       Occupied  (AG) (BU) (BU) (AG) (AG) (AG)
       Virtual   (BU) (BU) (BU) (AG) (AG) (BU)
 The electronic state is 1-AG.
 Alpha  occ. eigenvalues --   -0.93646  -0.75509  -0.66185  -0.47568  -0.43468
 Alpha  occ. eigenvalues --   -0.26642
 Alpha virt. eigenvalues --    0.05028   0.18650   0.20099   0.49466   0.59213
 Alpha virt. eigenvalues --    0.98939
          Condensed to atoms (all electrons):
               1          2          3          4          5          6
     1  H    0.658276   0.144836   0.300496  -0.114782  -0.019547  -0.024540
     2  H    0.144836   0.965104  -0.147411   0.187331   0.150389  -0.135231
     3  H    0.300496  -0.147411   0.954098  -0.210320  -0.037208   0.023346
     4  H   -0.114782   0.187331  -0.210320   1.378587  -0.164359  -0.228215
     5  H   -0.019547   0.150389  -0.037208  -0.164359   0.795836   0.319379
     6  H   -0.024540  -0.135231   0.023346  -0.228215   0.319379   0.965763
     7  H    0.008694  -0.060912   0.051240  -0.158370  -0.011309   0.303742
     8  H   -0.054721   0.010537  -0.158370   0.695768  -0.083252  -0.205718
     9  H   -0.007533  -0.083213   0.303742  -0.205718   0.013426   0.066335
    10  H   -0.003218   0.001274  -0.011309  -0.083252   0.010662   0.013426
    11  H    0.001210   0.023788  -0.060912   0.010537   0.001274  -0.083213
    12  H    0.004941   0.001210   0.008694  -0.054721  -0.003218  -0.007533
               7          8          9         10         11         12
     1  H    0.008694  -0.054721  -0.007533  -0.003218   0.001210   0.004941
     2  H   -0.060912   0.010537  -0.083213   0.001274   0.023788   0.001210
     3  H    0.051240  -0.158370   0.303742  -0.011309  -0.060912   0.008694
     4  H   -0.158370   0.695768  -0.205718  -0.083252   0.010537  -0.054721
     5  H   -0.011309  -0.083252   0.013426   0.010662   0.001274  -0.003218
     6  H    0.303742  -0.205718   0.066335   0.013426  -0.083213  -0.007533
     7  H    0.954098  -0.210320   0.023346  -0.037208  -0.147411   0.300496
     8  H   -0.210320   1.378587  -0.228215  -0.164359   0.187331  -0.114782
     9  H    0.023346  -0.228215   0.965763   0.319379  -0.135231  -0.024540
    10  H   -0.037208  -0.164359   0.319379   0.795836   0.150389  -0.019547
    11  H   -0.147411   0.187331  -0.135231   0.150389   0.965104   0.144836
    12  H    0.300496  -0.114782  -0.024540  -0.019547   0.144836   0.658276
 Mulliken charges:
               1
     1  H    0.105888
     2  H   -0.057702
     3  H   -0.016086
     4  H   -0.052486
     5  H    0.027926
     6  H   -0.007540
     7  H   -0.016086
     8  H   -0.052486
     9  H   -0.007540
    10  H    0.027926
    11  H   -0.057702
    12  H    0.105888
 Sum of Mulliken charges =  -0.00000
 Mulliken charges with hydrogens summed into heavy atoms:
               1
 Electronic spatial extent (au):  <R**2>=            131.9917
 Charge=             -0.0000 electrons
 Dipole moment (field-independent basis, Debye):
    X=             -0.0000    Y=             -0.0000    Z=              0.0000  Tot=              0.0000
 Quadrupole moment (field-independent basis, Debye-Ang):
   XX=            -19.3822   YY=            -14.8003   ZZ=            -15.1969
   XY=              1.6603   XZ=             -0.0000   YZ=             -0.0000
 Traceless Quadrupole moment (field-independent basis, Debye-Ang):
   XX=             -2.9224   YY=              1.6595   ZZ=              1.2629
   XY=              1.6603   XZ=             -0.0000   YZ=             -0.0000
 Octapole moment (field-independent basis, Debye-Ang**2):
  XXX=              0.0000  YYY=             -0.0000  ZZZ=             -0.0000  XYY=             -0.0000
  XXY=              0.0000  XXZ=             -0.0000  XZZ=              0.0000  YZZ=             -0.0000
  YYZ=             -0.0000  XYZ=              0.0000
 Hexadecapole moment (field-independent basis, Debye-Ang**3):
 XXXX=           -111.4375 YYYY=           -156.8808 ZZZZ=            -18.0281 XXXY=             -0.5920
 XXXZ=              0.0000 YYYX=              3.7147 YYYZ=              0.0000 ZZZX=              0.0000
 ZZZY=              0.0000 XXYY=            -41.7519 XXZZ=            -19.8901 YYZZ=            -29.3475
 XXYZ=              0.0000 YYXZ=             -0.0000 ZZXY=             -0.7752
 N-N= 2.015959760756D+01 E-N=-5.137085588756D+01  KE= 6.412496080435D+00
 Symmetry AG   KE= 4.860845879268D+00
 Symmetry BG   KE= 0.000000000000D+00
 Symmetry AU   KE= 0.000000000000D+00
 Symmetry BU   KE= 1.551650201166D+00

 Test job not archived.
 1\1\GINC-SULU\Stability\RHF\Gen\H12\LCJ1\17-Feb-2017\0\\#rhf/gen scf(s
 ymm,tight,novaracc,noincfock,fulldiag) stable(crhf) guess=read geom=no
 crowd test\\hf stability analysis of h12 triangular lattice, y= 0.7972
 5347684792980\\0,1\H\H,1,1.0770520613\H,1,1.0770520613,2,84.5\H,2,1.07
 70520613,1,95.5,3,0.,0\H,2,1.0770520613,1,180.,3,0.,0\H,4,1.0770520613
 ,3,180.,5,0.,0\H,6,1.0770520613,5,180.,3,0.,0\H,4,1.0770520613,2,180.,
 3,0.,0\H,3,1.0770520613,1,180.,4,0.,0\H,9,1.0770520613,3,180.,4,0.,0\H
 ,8,1.0770520613,4,180.,3,0.,0\H,7,1.0770520613,6,180.,3,0.,0\\Version=
 ES64L-G09RevE.01\State=1-AG\HF=-5.8497705\MP2=-5.9880192\RMSD=4.011e-0
 9\Dipole=0.,0.,0.\Quadrupole=0.966947,0.9389472,-1.9058942,0.,1.536716
 6,0.\PG=C02H [SGH(H12)]\\@


 MEMORIES ARE LIKE AN ENGLISH GRAMMER LESSON -
 PRESENT TENSE, AND PAST PERFECT.
 Job cpu time:       0 days  0 hours  0 minutes  1.1 seconds.
 File lengths (MBytes):  RWF=     84 Int=      0 D2E=      0 Chk=      2 Scr=      2
 Normal termination of Gaussian 09 at Fri Feb 17 15:02:45 2017.
