 Entering Gaussian System, Link 0=g09
 AtFile(1): H.gbs
            H     0
            S   10   1.00
               1000.000000000000            0.000068713567
                316.227766000000            0.000169141320
                100.000000000000            0.000823394812
                 31.622776600000            0.003425569236
                 10.000000000000            0.013951996000
                  3.162277660000            0.056909313560
                  1.000000000000            0.198286399900
                  0.316227766000            0.496922426700
                  0.100000000000            0.369846276400
                  0.031622776600            0.003752720039
            ****
 Initial command:
 /projects/guscus/apps/gau/g09-e1/g09/l1.exe "/users/lcj1/gaussian/h12/rhfstability/rect/guess/ag4bu2/Gau-13787.inp" -scrdir="/users/lcj1/gaussian/h12/rhfstability/rect/guess/ag4bu2/"
 Entering Link 1 = /projects/guscus/apps/gau/g09-e1/g09/l1.exe PID=     13788.
  
 Copyright (c) 1988,1990,1992,1993,1995,1998,2003,2009,2015,
            Gaussian, Inc.  All Rights Reserved.
  
 This is part of the Gaussian(R) 09 program.  It is based on
 the Gaussian(R) 03 system (copyright 2003, Gaussian, Inc.),
 the Gaussian(R) 98 system (copyright 1998, Gaussian, Inc.),
 the Gaussian(R) 94 system (copyright 1995, Gaussian, Inc.),
 the Gaussian 92(TM) system (copyright 1992, Gaussian, Inc.),
 the Gaussian 90(TM) system (copyright 1990, Gaussian, Inc.),
 the Gaussian 88(TM) system (copyright 1988, Gaussian, Inc.),
 the Gaussian 86(TM) system (copyright 1986, Carnegie Mellon
 University), and the Gaussian 82(TM) system (copyright 1983,
 Carnegie Mellon University). Gaussian is a federally registered
 trademark of Gaussian, Inc.
  
 This software contains proprietary and confidential information,
 including trade secrets, belonging to Gaussian, Inc.
  
 This software is provided under written license and may be
 used, copied, transmitted, or stored only in accord with that
 written license.
  
 The following legend is applicable only to US Government
 contracts under FAR:
  
                    RESTRICTED RIGHTS LEGEND
  
 Use, reproduction and disclosure by the US Government is
 subject to restrictions as set forth in subparagraphs (a)
 and (c) of the Commercial Computer Software - Restricted
 Rights clause in FAR 52.227-19.
  
 Gaussian, Inc.
 340 Quinnipiac St., Bldg. 40, Wallingford CT 06492
  
  
 ---------------------------------------------------------------
 Warning -- This program may not be used in any manner that
 competes with the business of Gaussian, Inc. or will provide
 assistance to any competitor of Gaussian, Inc.  The licensee
 of this program is prohibited from giving any competitor of
 Gaussian, Inc. access to this program.  By using this program,
 the user acknowledges that Gaussian, Inc. is engaged in the
 business of creating and licensing software in the field of
 computational chemistry and represents and warrants to the
 licensee that it is not a competitor of Gaussian, Inc. and that
 it will not use this program in any manner prohibited above.
 ---------------------------------------------------------------
  

 Cite this work as:
 Gaussian 09, Revision E.01,
 M. J. Frisch, G. W. Trucks, H. B. Schlegel, G. E. Scuseria, 
 M. A. Robb, J. R. Cheeseman, G. Scalmani, V. Barone, B. Mennucci, 
 G. A. Petersson, H. Nakatsuji, M. Caricato, X. Li, H. P. Hratchian, 
 A. F. Izmaylov, J. Bloino, G. Zheng, J. L. Sonnenberg, M. Hada, 
 M. Ehara, K. Toyota, R. Fukuda, J. Hasegawa, M. Ishida, T. Nakajima, 
 Y. Honda, O. Kitao, H. Nakai, T. Vreven, J. A. Montgomery, Jr., 
 J. E. Peralta, F. Ogliaro, M. Bearpark, J. J. Heyd, E. Brothers, 
 K. N. Kudin, V. N. Staroverov, T. Keith, R. Kobayashi, J. Normand, 
 K. Raghavachari, A. Rendell, J. C. Burant, S. S. Iyengar, J. Tomasi, 
 M. Cossi, N. Rega, J. M. Millam, M. Klene, J. E. Knox, J. B. Cross, 
 V. Bakken, C. Adamo, J. Jaramillo, R. Gomperts, R. E. Stratmann, 
 O. Yazyev, A. J. Austin, R. Cammi, C. Pomelli, J. W. Ochterski, 
 R. L. Martin, K. Morokuma, V. G. Zakrzewski, G. A. Voth, 
 P. Salvador, J. J. Dannenberg, S. Dapprich, A. D. Daniels, 
 O. Farkas, J. B. Foresman, J. V. Ortiz, J. Cioslowski, 
 and D. J. Fox, Gaussian, Inc., Wallingford CT, 2013.
 
 ******************************************
 Gaussian 09:  ES64L-G09RevE.01 30-Nov-2015
                17-Feb-2017 
 ******************************************
 %chk=h12.chk
 ----------------------------------------------------------------------
 #rhf/gen scf(symm,tight,novaracc,noincfock,fulldiag) stable(crhf) gues
 s=read geom=nocrowd test
 ----------------------------------------------------------------------
 1/38=1/1;
 2/12=1,17=6,18=5,40=1/2;
 3/5=7,16=1,25=1,30=1,116=1/1,2,3;
 4/5=1,9=4/1;
 5/5=100002,15=2,16=1,32=2,38=6/2;
 8/6=1,10=90,11=11/1,4;
 9/8=4,13=1/2;
 6/7=2,8=2,9=2,10=2,28=1/1;
 99/5=1,9=1/99;
 ----------------------------------------------------------------------
 hf stability analysis of h12 triangular lattice, y= 0.3723030219932718
 7
 ----------------------------------------------------------------------
 Symbolic Z-matrix:
 Charge =  0 Multiplicity = 1
 H
 H                    1     1.59482 
 H                    1     1.59482  2     153. 
 H                    2     1.59482  1     27.      3     0.       0
 H                    2     1.59482  1     180.     3     0.       0
 H                    4     1.59482  3     180.     5     0.       0
 H                    6     1.59482  5     180.     3     0.       0
 H                    4     1.59482  2     180.     3     0.       0
 H                    3     1.59482  1     180.     4     0.       0
 H                    9     1.59482  3     180.     4     0.       0
 H                    8     1.59482  4     180.     3     0.       0
 H                    7     1.59482  6     180.     3     0.       0
 
                          Input orientation:                          
 ---------------------------------------------------------------------
 Center     Atomic      Atomic             Coordinates (Angstroms)
 Number     Number       Type             X           Y           Z
 ---------------------------------------------------------------------
      1          1           0        0.000000    0.000000    0.000000
      2          1           0        0.000000    0.000000    1.594819
      3          1           0        0.724032    0.000000   -1.420994
      4          1           0        0.724032    0.000000    0.173825
      5          1           0        0.000000    0.000000    3.189637
      6          1           0        0.724032    0.000000    1.768643
      7          1           0        1.448065    0.000000    0.347650
      8          1           0        1.448065    0.000000   -1.247169
      9          1           0        1.448065    0.000000   -2.841988
     10          1           0        2.172097    0.000000   -4.262981
     11          1           0        2.172097    0.000000   -2.668163
     12          1           0        2.172097    0.000000   -1.073344
 ---------------------------------------------------------------------
                    Distance matrix (angstroms):
                    1          2          3          4          5
     1  H    0.000000
     2  H    1.594819   0.000000
     3  H    1.594819   3.101507   0.000000
     4  H    0.744606   1.594819   1.594819   0.000000
     5  H    3.189637   1.594819   4.667134   3.101507   0.000000
     6  H    1.911105   0.744606   3.189637   1.594819   1.594819
     7  H    1.489212   1.911105   1.911105   0.744606   3.189637
     8  H    1.911105   3.189637   0.744606   1.594819   4.667134
     9  H    3.189637   4.667134   1.594819   3.101507   6.203015
    10  H    4.784456   6.247546   3.189637   4.667134   7.762701
    11  H    3.440509   4.784456   1.911105   3.189637   6.247546
    12  H    2.422824   3.440509   1.489212   1.911105   4.784456
                    6          7          8          9         10
     6  H    0.000000
     7  H    1.594819   0.000000
     8  H    3.101507   1.594819   0.000000
     9  H    4.667134   3.189637   1.594819   0.000000
    10  H    6.203015   4.667134   3.101507   1.594819   0.000000
    11  H    4.667134   3.101507   1.594819   0.744606   1.594819
    12  H    3.189637   1.594819   0.744606   1.911105   3.189637
                   11         12
    11  H    0.000000
    12  H    1.594819   0.000000
 Stoichiometry    H12
 Framework group  C2H[SGH(H12)]
 Deg. of freedom    11
 Full point group                 C2H     NOp   4
 Largest Abelian subgroup         C2H     NOp   4
 Largest concise Abelian subgroup C2      NOp   2
                         Standard orientation:                         
 ---------------------------------------------------------------------
 Center     Atomic      Atomic             Coordinates (Angstroms)
 Number     Number       Type             X           Y           Z
 ---------------------------------------------------------------------
      1          1           0        0.724032    0.971234    0.000000
      2          1           0        0.000000    2.392228   -0.000000
      3          1           0        0.724032   -0.623584    0.000000
      4          1           0        0.000000    0.797409   -0.000000
      5          1           0       -0.724032    3.813222   -0.000000
      6          1           0       -0.724032    2.218403   -0.000000
      7          1           0       -0.724032    0.623584   -0.000000
      8          1           0       -0.000000   -0.797409   -0.000000
      9          1           0        0.724032   -2.218403   -0.000000
     10          1           0        0.724032   -3.813222   -0.000000
     11          1           0       -0.000000   -2.392228   -0.000000
     12          1           0       -0.724032   -0.971234   -0.000000
 ---------------------------------------------------------------------
 Rotational constants (GHZ):    174.3269465      9.0152884      8.5719894
 General basis read from cards:  (5D, 7F)
 There are     6 symmetry adapted cartesian basis functions of AG  symmetry.
 There are     0 symmetry adapted cartesian basis functions of BG  symmetry.
 There are     0 symmetry adapted cartesian basis functions of AU  symmetry.
 There are     6 symmetry adapted cartesian basis functions of BU  symmetry.
 There are     6 symmetry adapted basis functions of AG  symmetry.
 There are     0 symmetry adapted basis functions of BG  symmetry.
 There are     0 symmetry adapted basis functions of AU  symmetry.
 There are     6 symmetry adapted basis functions of BU  symmetry.
    12 basis functions,   120 primitive gaussians,    12 cartesian basis functions
     6 alpha electrons        6 beta electrons
       nuclear repulsion energy        17.2962968882 Hartrees.
 NAtoms=   12 NActive=   12 NUniq=    6 SFac= 4.00D+00 NAtFMM=   60 NAOKFM=F Big=F
 Integral buffers will be    131072 words long.
 Regular integral format.
 Two-electron integral symmetry is turned on.
 One-electron integrals computed using PRISM.
 NBasis=    12 RedAO= T EigKep=  1.00D-01  NBF=     6     0     0     6
 NBsUse=    12 1.00D-06 EigRej= -1.00D+00 NBFU=     6     0     0     6
 Initial guess from the checkpoint file:  "h12.chk"
 B after Tr=    -0.000000    0.000000   -0.000000
         Rot=    0.987863    0.000000    0.000000    0.155328 Ang=  17.87 deg.
 Initial guess orbital symmetries:
       Occupied  (AG) (BU) (BU) (AG) (AG) (AG)
       Virtual   (BU) (BU) (BU) (AG) (AG) (BU)
 Keep R1 ints in memory in symmetry-blocked form, NReq=897526.
 Requested convergence on RMS density matrix=1.00D-08 within 128 cycles.
 Requested convergence on MAX density matrix=1.00D-06.
 Requested convergence on             energy=1.00D-06.
 No special actions if energy rises.
 SCF Done:  E(RHF) =  -5.41042320210     A.U. after   14 cycles
            NFock= 14  Conv=0.18D-08     -V/T= 1.7848
 Range of M.O.s used for correlation:     1    12
 NBasis=    12 NAE=     6 NBE=     6 NFC=     0 NFV=     0
 NROrb=     12 NOA=     6 NOB=     6 NVA=     6 NVB=     6

 **** Warning!!: The smallest alpha delta epsilon is -0.76706093D-02

 Semi-Direct transformation.
 ModeAB=           4 MOrb=             6 LenV=     134090359
 LASXX=         2181 LTotXX=        2181 LenRXX=        5115
 LTotAB=        2934 MaxLAS=        3024 LenRXY=           0
 NonZer=        7296 LenScr=      655360 LnRSAI=        3024
 LnScr1=      655360 LExtra=           0 Total=      1318859
 MaxDsk=          -1 SrtSym=           T ITran=            3
 JobTyp=0 Pass  1:  I=   1 to   6.
 (rs|ai) integrals will be sorted in core.
 Spin components of T(2) and E(2):
     alpha-alpha T2 =       0.4837992463D-01 E2=     -0.1205115981D-01
     alpha-beta  T2 =       0.3877152970D+01 E2=     -0.6167643110D+00
     beta-beta   T2 =       0.4837992463D-01 E2=     -0.1205115981D-01
 ANorm=    0.2230227078D+01
 E2 =    -0.6408666306D+00 EUMP2 =    -0.60512898327034D+01
 Second order stability test of a single determinant RHF wave function:
 Stabil:  MDV=134217728
 ***********************************************************************
 Matrix         Lowest Root    Major Pairs
 ***********************************************************************
 Internal RHF    -0.1582504    6A=7A
 RRHF --> CRHF   -0.1746729    5A=7A 6A=7A 5A=8A
 RRHF --> RUHF   -0.5312395    6A=8B
 Not stable.
 ***********************************************************************

 **********************************************************************

            Population analysis using the SCF density.

 **********************************************************************

 Orbital symmetries:
       Occupied  (AG) (BU) (AG) (BU) (AG) (AG)
       Virtual   (BU) (BU) (BU) (AG) (AG) (BU)
 The electronic state is 1-AG.
 Alpha  occ. eigenvalues --   -0.88509  -0.78168  -0.62323  -0.56909  -0.23659
 Alpha  occ. eigenvalues --   -0.14936
 Alpha virt. eigenvalues --   -0.15703  -0.07091   0.43709   0.47072   0.69031
 Alpha virt. eigenvalues --    0.89029
          Condensed to atoms (all electrons):
               1          2          3          4          5          6
     1  H    1.263253   0.028641  -0.372694   0.336242  -0.000613  -0.107422
     2  H    0.028641   0.712498  -0.011554  -0.084205  -0.056897   0.469036
     3  H   -0.372694  -0.011554   1.071342  -0.054889   0.000281   0.011382
     4  H    0.336242  -0.084205  -0.054889   0.944319  -0.001280  -0.095181
     5  H   -0.000613  -0.056897   0.000281  -0.001280   1.194556  -0.063301
     6  H   -0.107422   0.469036   0.011382  -0.095181  -0.063301   0.788879
     7  H   -0.302703  -0.087392   0.198792   0.287158  -0.000212   0.036131
     8  H   -0.043562   0.001620   0.287158  -0.072472   0.000524   0.001075
     9  H   -0.010284   0.000087   0.036131   0.001075  -0.000094   0.000667
    10  H    0.000276  -0.000080  -0.000212   0.000524   0.000023  -0.000094
    11  H    0.009055   0.000457  -0.087392   0.001620  -0.000080   0.000087
    12  H    0.119396   0.009055  -0.302703  -0.043562   0.000276  -0.010284
               7          8          9         10         11         12
     1  H   -0.302703  -0.043562  -0.010284   0.000276   0.009055   0.119396
     2  H   -0.087392   0.001620   0.000087  -0.000080   0.000457   0.009055
     3  H    0.198792   0.287158   0.036131  -0.000212  -0.087392  -0.302703
     4  H    0.287158  -0.072472   0.001075   0.000524   0.001620  -0.043562
     5  H   -0.000212   0.000524  -0.000094   0.000023  -0.000080   0.000276
     6  H    0.036131   0.001075   0.000667  -0.000094   0.000087  -0.010284
     7  H    1.071342  -0.054889   0.011382   0.000281  -0.011554  -0.372694
     8  H   -0.054889   0.944319  -0.095181  -0.001280  -0.084205   0.336242
     9  H    0.011382  -0.095181   0.788879  -0.063301   0.469036  -0.107422
    10  H    0.000281  -0.001280  -0.063301   1.194556  -0.056897  -0.000613
    11  H   -0.011554  -0.084205   0.469036  -0.056897   0.712498   0.028641
    12  H   -0.372694   0.336242  -0.107422  -0.000613   0.028641   1.263253
 Mulliken charges:
               1
     1  H    0.080415
     2  H    0.018734
     3  H    0.224358
     4  H   -0.219349
     5  H   -0.073183
     6  H   -0.030975
     7  H    0.224358
     8  H   -0.219349
     9  H   -0.030975
    10  H   -0.073183
    11  H    0.018734
    12  H    0.080415
 Sum of Mulliken charges =  -0.00000
 Mulliken charges with hydrogens summed into heavy atoms:
               1
 Electronic spatial extent (au):  <R**2>=            254.5891
 Charge=             -0.0000 electrons
 Dipole moment (field-independent basis, Debye):
    X=             -0.0000    Y=              0.0000    Z=              0.0000  Tot=              0.0000
 Quadrupole moment (field-independent basis, Debye-Ang):
   XX=            -14.1899   YY=            -32.4065   ZZ=            -14.8506
   XY=              2.6928   XZ=              0.0000   YZ=             -0.0000
 Traceless Quadrupole moment (field-independent basis, Debye-Ang):
   XX=              6.2924   YY=            -11.9242   ZZ=              5.6318
   XY=              2.6928   XZ=              0.0000   YZ=             -0.0000
 Octapole moment (field-independent basis, Debye-Ang**2):
  XXX=              0.0000  YYY=              0.0000  ZZZ=              0.0000  XYY=              0.0000
  XXY=             -0.0000  XXZ=              0.0000  XZZ=              0.0000  YZZ=             -0.0000
  YYZ=              0.0000  XYZ=             -0.0000
 Hexadecapole moment (field-independent basis, Debye-Ang**3):
 XXXX=            -46.8242 YYYY=           -724.2601 ZZZZ=            -17.4390 XXXY=             35.1305
 XXXZ=             -0.0000 YYYX=             86.3493 YYYZ=              0.0000 ZZZX=             -0.0000
 ZZZY=             -0.0000 XXYY=            -95.8009 XXZZ=            -10.8516 YYZZ=            -81.5330
 XXYZ=             -0.0000 YYXZ=             -0.0000 ZZXY=             11.6096
 N-N= 1.729629688822D+01 E-N=-4.581702020986D+01  KE= 6.893654345122D+00
 Symmetry AG   KE= 4.722174311993D+00
 Symmetry BG   KE= 0.000000000000D+00
 Symmetry AU   KE= 0.000000000000D+00
 Symmetry BU   KE= 2.171480033130D+00

 Test job not archived.
 1\1\GINC-SULU\Stability\RHF\Gen\H12\LCJ1\17-Feb-2017\0\\#rhf/gen scf(s
 ymm,tight,novaracc,noincfock,fulldiag) stable(crhf) guess=read geom=no
 crowd test\\hf stability analysis of h12 triangular lattice, y= 0.3723
 0302199327187\\0,1\H\H,1,1.5948186148\H,1,1.5948186148,2,153.\H,2,1.59
 48186148,1,27.,3,0.,0\H,2,1.5948186148,1,180.,3,0.,0\H,4,1.5948186148,
 3,180.,5,0.,0\H,6,1.5948186148,5,180.,3,0.,0\H,4,1.5948186148,2,180.,3
 ,0.,0\H,3,1.5948186148,1,180.,4,0.,0\H,9,1.5948186148,3,180.,4,0.,0\H,
 8,1.5948186148,4,180.,3,0.,0\H,7,1.5948186148,6,180.,3,0.,0\\Version=E
 S64L-G09RevE.01\State=1-AG\HF=-5.4104232\MP2=-6.0512898\RMSD=1.817e-09
 \Dipole=0.,0.,0.\Quadrupole=3.5064834,4.1870875,-7.6935709,0.,4.301744
 6,0.\PG=C02H [SGH(H12)]\\@


 ART, GLORY, FREEDOM FAIL, BUT NATURE STILL IS FAIR.

                                           -- BYRON
 Job cpu time:       0 days  0 hours  0 minutes  1.0 seconds.
 File lengths (MBytes):  RWF=     84 Int=      0 D2E=      0 Chk=      2 Scr=      2
 Normal termination of Gaussian 09 at Fri Feb 17 14:55:35 2017.
