 Entering Gaussian System, Link 0=g09
 AtFile(1): H.gbs
            H     0
            S   10   1.00
               1000.000000000000            0.000068713567
                316.227766000000            0.000169141320
                100.000000000000            0.000823394812
                 31.622776600000            0.003425569236
                 10.000000000000            0.013951996000
                  3.162277660000            0.056909313560
                  1.000000000000            0.198286399900
                  0.316227766000            0.496922426700
                  0.100000000000            0.369846276400
                  0.031622776600            0.003752720039
            ****
 Initial command:
 /projects/guscus/apps/gau/g09-e1/g09/l1.exe "/users/lcj1/gaussian/h12/rhfstability/rect/guess/ag4bu2/Gau-27154.inp" -scrdir="/users/lcj1/gaussian/h12/rhfstability/rect/guess/ag4bu2/"
 Entering Link 1 = /projects/guscus/apps/gau/g09-e1/g09/l1.exe PID=     27155.
  
 Copyright (c) 1988,1990,1992,1993,1995,1998,2003,2009,2015,
            Gaussian, Inc.  All Rights Reserved.
  
 This is part of the Gaussian(R) 09 program.  It is based on
 the Gaussian(R) 03 system (copyright 2003, Gaussian, Inc.),
 the Gaussian(R) 98 system (copyright 1998, Gaussian, Inc.),
 the Gaussian(R) 94 system (copyright 1995, Gaussian, Inc.),
 the Gaussian 92(TM) system (copyright 1992, Gaussian, Inc.),
 the Gaussian 90(TM) system (copyright 1990, Gaussian, Inc.),
 the Gaussian 88(TM) system (copyright 1988, Gaussian, Inc.),
 the Gaussian 86(TM) system (copyright 1986, Carnegie Mellon
 University), and the Gaussian 82(TM) system (copyright 1983,
 Carnegie Mellon University). Gaussian is a federally registered
 trademark of Gaussian, Inc.
  
 This software contains proprietary and confidential information,
 including trade secrets, belonging to Gaussian, Inc.
  
 This software is provided under written license and may be
 used, copied, transmitted, or stored only in accord with that
 written license.
  
 The following legend is applicable only to US Government
 contracts under FAR:
  
                    RESTRICTED RIGHTS LEGEND
  
 Use, reproduction and disclosure by the US Government is
 subject to restrictions as set forth in subparagraphs (a)
 and (c) of the Commercial Computer Software - Restricted
 Rights clause in FAR 52.227-19.
  
 Gaussian, Inc.
 340 Quinnipiac St., Bldg. 40, Wallingford CT 06492
  
  
 ---------------------------------------------------------------
 Warning -- This program may not be used in any manner that
 competes with the business of Gaussian, Inc. or will provide
 assistance to any competitor of Gaussian, Inc.  The licensee
 of this program is prohibited from giving any competitor of
 Gaussian, Inc. access to this program.  By using this program,
 the user acknowledges that Gaussian, Inc. is engaged in the
 business of creating and licensing software in the field of
 computational chemistry and represents and warrants to the
 licensee that it is not a competitor of Gaussian, Inc. and that
 it will not use this program in any manner prohibited above.
 ---------------------------------------------------------------
  

 Cite this work as:
 Gaussian 09, Revision E.01,
 M. J. Frisch, G. W. Trucks, H. B. Schlegel, G. E. Scuseria, 
 M. A. Robb, J. R. Cheeseman, G. Scalmani, V. Barone, B. Mennucci, 
 G. A. Petersson, H. Nakatsuji, M. Caricato, X. Li, H. P. Hratchian, 
 A. F. Izmaylov, J. Bloino, G. Zheng, J. L. Sonnenberg, M. Hada, 
 M. Ehara, K. Toyota, R. Fukuda, J. Hasegawa, M. Ishida, T. Nakajima, 
 Y. Honda, O. Kitao, H. Nakai, T. Vreven, J. A. Montgomery, Jr., 
 J. E. Peralta, F. Ogliaro, M. Bearpark, J. J. Heyd, E. Brothers, 
 K. N. Kudin, V. N. Staroverov, T. Keith, R. Kobayashi, J. Normand, 
 K. Raghavachari, A. Rendell, J. C. Burant, S. S. Iyengar, J. Tomasi, 
 M. Cossi, N. Rega, J. M. Millam, M. Klene, J. E. Knox, J. B. Cross, 
 V. Bakken, C. Adamo, J. Jaramillo, R. Gomperts, R. E. Stratmann, 
 O. Yazyev, A. J. Austin, R. Cammi, C. Pomelli, J. W. Ochterski, 
 R. L. Martin, K. Morokuma, V. G. Zakrzewski, G. A. Voth, 
 P. Salvador, J. J. Dannenberg, S. Dapprich, A. D. Daniels, 
 O. Farkas, J. B. Foresman, J. V. Ortiz, J. Cioslowski, 
 and D. J. Fox, Gaussian, Inc., Wallingford CT, 2013.
 
 ******************************************
 Gaussian 09:  ES64L-G09RevE.01 30-Nov-2015
                17-Feb-2017 
 ******************************************
 %chk=h12.chk
 ----------------------------------------------------------------------
 #rhf/gen scf(symm,tight,novaracc,noincfock,fulldiag) stable(crhf) gues
 s=read geom=nocrowd test
 ----------------------------------------------------------------------
 1/38=1/1;
 2/12=1,17=6,18=5,40=1/2;
 3/5=7,16=1,25=1,30=1,116=1/1,2,3;
 4/5=1,9=4/1;
 5/5=100002,15=2,16=1,32=2,38=6/2;
 8/6=1,10=90,11=11/1,4;
 9/8=4,13=1/2;
 6/7=2,8=2,9=2,10=2,28=1/1;
 99/5=1,9=1/99;
 ----------------------------------------------------------------------
 hf stability analysis of h12 triangular lattice, y= 0.7053203805026391
 2
 ----------------------------------------------------------------------
 Symbolic Z-matrix:
 Charge =  0 Multiplicity = 1
 H
 H                    1     1.08052 
 H                    1     1.08052  2     98.5 
 H                    2     1.08052  1     81.5     3     0.       0
 H                    2     1.08052  1     180.     3     0.       0
 H                    4     1.08052  3     180.     5     0.       0
 H                    6     1.08052  5     180.     3     0.       0
 H                    4     1.08052  2     180.     3     0.       0
 H                    3     1.08052  1     180.     4     0.       0
 H                    9     1.08052  3     180.     4     0.       0
 H                    8     1.08052  4     180.     3     0.       0
 H                    7     1.08052  6     180.     3     0.       0
 
                          Input orientation:                          
 ---------------------------------------------------------------------
 Center     Atomic      Atomic             Coordinates (Angstroms)
 Number     Number       Type             X           Y           Z
 ---------------------------------------------------------------------
      1          1           0        0.000000    0.000000    0.000000
      2          1           0        0.000000    0.000000    1.080521
      3          1           0        1.068652    0.000000   -0.159711
      4          1           0        1.068652    0.000000    0.920809
      5          1           0        0.000000    0.000000    2.161041
      6          1           0        1.068652    0.000000    2.001330
      7          1           0        2.137304    0.000000    1.841619
      8          1           0        2.137304    0.000000    0.761098
      9          1           0        2.137304    0.000000   -0.319422
     10          1           0        3.205956    0.000000   -0.479133
     11          1           0        3.205956    0.000000    0.601387
     12          1           0        3.205956    0.000000    1.681908
 ---------------------------------------------------------------------
                    Distance matrix (angstroms):
                    1          2          3          4          5
     1  H    0.000000
     2  H    1.080521   0.000000
     3  H    1.080521   1.637129   0.000000
     4  H    1.410641   1.080521   1.080521   0.000000
     5  H    2.161041   1.080521   2.554977   1.637129   0.000000
     6  H    2.268775   1.410641   2.161041   1.080521   1.080521
     7  H    2.821281   2.268775   2.268775   1.410641   2.161041
     8  H    2.268775   2.161041   1.410641   1.080521   2.554977
     9  H    2.161041   2.554977   1.080521   1.637129   3.274258
    10  H    3.241562   3.565203   2.161041   2.554977   4.153153
    11  H    3.261874   3.241562   2.268775   2.161041   3.565203
    12  H    3.620355   3.261874   2.821281   2.268775   3.241562
                    6          7          8          9         10
     6  H    0.000000
     7  H    1.080521   0.000000
     8  H    1.637129   1.080521   0.000000
     9  H    2.554977   2.161041   1.080521   0.000000
    10  H    3.274258   2.554977   1.637129   1.080521   0.000000
    11  H    2.554977   1.637129   1.080521   1.410641   1.080521
    12  H    2.161041   1.080521   1.410641   2.268775   2.161041
                   11         12
    11  H    0.000000
    12  H    1.080521   0.000000
 Stoichiometry    H12
 Framework group  C2H[SGH(H12)]
 Deg. of freedom    11
 Full point group                 C2H     NOp   4
 Largest Abelian subgroup         C2H     NOp   4
 Largest concise Abelian subgroup C2      NOp   2
                         Standard orientation:                         
 ---------------------------------------------------------------------
 Center     Atomic      Atomic             Coordinates (Angstroms)
 Number     Number       Type             X           Y           Z
 ---------------------------------------------------------------------
      1          1           0        1.068652    1.461070   -0.000000
      2          1           0        0.000000    1.620781    0.000000
      3          1           0        1.068652    0.380549   -0.000000
      4          1           0        0.000000    0.540260    0.000000
      5          1           0       -1.068652    1.780492    0.000000
      6          1           0       -1.068652    0.699971    0.000000
      7          1           0       -1.068652   -0.380549   -0.000000
      8          1           0       -0.000000   -0.540260    0.000000
      9          1           0        1.068652   -0.699971    0.000000
     10          1           0        1.068652   -1.780492    0.000000
     11          1           0       -0.000000   -1.620781    0.000000
     12          1           0       -1.068652   -1.461070    0.000000
 ---------------------------------------------------------------------
 Rotational constants (GHZ):     56.1910580     27.9689987     18.6740324
 General basis read from cards:  (5D, 7F)
 There are     6 symmetry adapted cartesian basis functions of AG  symmetry.
 There are     0 symmetry adapted cartesian basis functions of BG  symmetry.
 There are     0 symmetry adapted cartesian basis functions of AU  symmetry.
 There are     6 symmetry adapted cartesian basis functions of BU  symmetry.
 There are     6 symmetry adapted basis functions of AG  symmetry.
 There are     0 symmetry adapted basis functions of BG  symmetry.
 There are     0 symmetry adapted basis functions of AU  symmetry.
 There are     6 symmetry adapted basis functions of BU  symmetry.
    12 basis functions,   120 primitive gaussians,    12 cartesian basis functions
     6 alpha electrons        6 beta electrons
       nuclear repulsion energy        20.1300769506 Hartrees.
 NAtoms=   12 NActive=   12 NUniq=    6 SFac= 4.00D+00 NAtFMM=   60 NAOKFM=F Big=F
 Integral buffers will be    131072 words long.
 Regular integral format.
 Two-electron integral symmetry is turned on.
 One-electron integrals computed using PRISM.
 NBasis=    12 RedAO= T EigKep=  1.13D-01  NBF=     6     0     0     6
 NBsUse=    12 1.00D-06 EigRej= -1.00D+00 NBFU=     6     0     0     6
 Initial guess from the checkpoint file:  "h12.chk"
 B after Tr=    -0.000000   -0.000000    0.000000
         Rot=    0.999990   -0.000000   -0.000000   -0.004553 Ang=  -0.52 deg.
 Initial guess orbital symmetries:
       Occupied  (AG) (BU) (BU) (AG) (AG) (AG)
       Virtual   (BU) (BU) (BU) (AG) (AG) (BU)
 Keep R1 ints in memory in symmetry-blocked form, NReq=903840.
 Requested convergence on RMS density matrix=1.00D-08 within 128 cycles.
 Requested convergence on MAX density matrix=1.00D-06.
 Requested convergence on             energy=1.00D-06.
 No special actions if energy rises.
 SCF Done:  E(RHF) =  -5.83813437260     A.U. after    7 cycles
            NFock=  7  Conv=0.84D-08     -V/T= 1.9091
 Range of M.O.s used for correlation:     1    12
 NBasis=    12 NAE=     6 NBE=     6 NFC=     0 NFV=     0
 NROrb=     12 NOA=     6 NOB=     6 NVA=     6 NVB=     6
 Semi-Direct transformation.
 ModeAB=           4 MOrb=             6 LenV=     134084311
 LASXX=         2181 LTotXX=        2181 LenRXX=        5115
 LTotAB=        2934 MaxLAS=        3024 LenRXY=           0
 NonZer=        7296 LenScr=      655360 LnRSAI=        3024
 LnScr1=      655360 LExtra=           0 Total=      1318859
 MaxDsk=          -1 SrtSym=           T ITran=            3
 JobTyp=0 Pass  1:  I=   1 to   6.
 (rs|ai) integrals will be sorted in core.
 Spin components of T(2) and E(2):
     alpha-alpha T2 =       0.1114680900D-01 E2=     -0.1375433270D-01
     alpha-beta  T2 =       0.8015585466D-01 E2=     -0.1112884508D+00
     beta-beta   T2 =       0.1114680900D-01 E2=     -0.1375433270D-01
 ANorm=    0.1049975939D+01
 E2 =    -0.1387971162D+00 EUMP2 =    -0.59769314888315D+01
 Second order stability test of a single determinant RHF wave function:
 Stabil:  MDV=134217728
 ***********************************************************************
 Matrix         Lowest Root    Major Pairs
 ***********************************************************************
 Internal RHF     0.0512258    Stable
 RRHF --> CRHF    0.0212181    Stable


 RRHF --> RUHF   -0.0822946    6A=7B 6A=9B 4A=7B 6A=8B 4A=9B 5A=7B 5A=9B 2A=10B 3
 A=10B 1A=9B 1A=12B 5A=8B 4A=8B 6A=12B 2A=11B
 Not stable.
 ***********************************************************************

 **********************************************************************

            Population analysis using the SCF density.

 **********************************************************************

 Orbital symmetries:
       Occupied  (AG) (BU) (BU) (AG) (AG) (AG)
       Virtual   (BU) (BU) (BU) (AG) (AG) (BU)
 The electronic state is 1-AG.
 Alpha  occ. eigenvalues --   -0.93451  -0.75563  -0.65712  -0.48543  -0.42315
 Alpha  occ. eigenvalues --   -0.25990
 Alpha virt. eigenvalues --    0.03569   0.18828   0.21985   0.46522   0.61021
 Alpha virt. eigenvalues --    0.96352
          Condensed to atoms (all electrons):
               1          2          3          4          5          6
     1  H    0.839903   0.150640   0.324415  -0.181821  -0.019132  -0.041095
     2  H    0.150640   0.967741  -0.132117   0.189343   0.142050  -0.151047
     3  H    0.324415  -0.132117   0.971713  -0.233763  -0.021534   0.023583
     4  H   -0.181821   0.189343  -0.233763   1.387522  -0.104484  -0.205955
     5  H   -0.019132   0.142050  -0.021534  -0.104484   0.626414   0.295249
     6  H   -0.041095  -0.151047   0.023583  -0.205955   0.295249   0.952892
     7  H    0.014935  -0.090278   0.070849  -0.220808  -0.006164   0.304391
     8  H   -0.093062   0.011330  -0.220808   0.699188  -0.048634  -0.147236
     9  H   -0.011982  -0.055679   0.304391  -0.147236   0.007613   0.047429
    10  H   -0.003075   0.001112  -0.006164  -0.048634   0.003939   0.007613
    11  H    0.001172   0.023510  -0.090278   0.011330   0.001112  -0.055679
    12  H    0.012967   0.001172   0.014935  -0.093062  -0.003075  -0.011982
               7          8          9         10         11         12
     1  H    0.014935  -0.093062  -0.011982  -0.003075   0.001172   0.012967
     2  H   -0.090278   0.011330  -0.055679   0.001112   0.023510   0.001172
     3  H    0.070849  -0.220808   0.304391  -0.006164  -0.090278   0.014935
     4  H   -0.220808   0.699188  -0.147236  -0.048634   0.011330  -0.093062
     5  H   -0.006164  -0.048634   0.007613   0.003939   0.001112  -0.003075
     6  H    0.304391  -0.147236   0.047429   0.007613  -0.055679  -0.011982
     7  H    0.971713  -0.233763   0.023583  -0.021534  -0.132117   0.324415
     8  H   -0.233763   1.387522  -0.205955  -0.104484   0.189343  -0.181821
     9  H    0.023583  -0.205955   0.952892   0.295249  -0.151047  -0.041095
    10  H   -0.021534  -0.104484   0.295249   0.626414   0.142050  -0.019132
    11  H   -0.132117   0.189343  -0.151047   0.142050   0.967741   0.150640
    12  H    0.324415  -0.181821  -0.041095  -0.019132   0.150640   0.839903
 Mulliken charges:
               1
     1  H    0.006136
     2  H   -0.057777
     3  H   -0.005220
     4  H   -0.051621
     5  H    0.126645
     6  H   -0.018163
     7  H   -0.005220
     8  H   -0.051621
     9  H   -0.018163
    10  H    0.126645
    11  H   -0.057777
    12  H    0.006136
 Sum of Mulliken charges =   0.00000
 Mulliken charges with hydrogens summed into heavy atoms:
               1
 Electronic spatial extent (au):  <R**2>=            132.3510
 Charge=             -0.0000 electrons
 Dipole moment (field-independent basis, Debye):
    X=              0.0000    Y=             -0.0000    Z=              0.0000  Tot=              0.0000
 Quadrupole moment (field-independent basis, Debye-Ang):
   XX=            -19.4350   YY=            -14.4044   ZZ=            -15.1965
   XY=             -2.5641   XZ=              0.0000   YZ=             -0.0000
 Traceless Quadrupole moment (field-independent basis, Debye-Ang):
   XX=             -3.0897   YY=              1.9409   ZZ=              1.1488
   XY=             -2.5641   XZ=              0.0000   YZ=             -0.0000
 Octapole moment (field-independent basis, Debye-Ang**2):
  XXX=              0.0000  YYY=              0.0000  ZZZ=             -0.0000  XYY=              0.0000
  XXY=             -0.0000  XXZ=             -0.0000  XZZ=              0.0000  YZZ=              0.0000
  YYZ=             -0.0000  XYZ=             -0.0000
 Hexadecapole moment (field-independent basis, Debye-Ang**3):
 XXXX=           -111.1077 YYYY=           -155.3869 ZZZZ=            -18.0308 XXXY=              0.9296
 XXXZ=              0.0000 YYYX=             -5.8784 YYYZ=              0.0000 ZZZX=              0.0000
 ZZZY=              0.0000 XXYY=            -41.5269 XXZZ=            -19.8286 YYZZ=            -29.5561
 XXYZ=              0.0000 YYXZ=              0.0000 ZZXY=              1.1950
 N-N= 2.013007695055D+01 E-N=-5.132658609032D+01  KE= 6.421626522445D+00
 Symmetry AG   KE= 4.868831487294D+00
 Symmetry BG   KE= 0.000000000000D+00
 Symmetry AU   KE= 0.000000000000D+00
 Symmetry BU   KE= 1.552795035151D+00

 Test job not archived.
 1\1\GINC-SULU\Stability\RHF\Gen\H12\LCJ1\17-Feb-2017\0\\#rhf/gen scf(s
 ymm,tight,novaracc,noincfock,fulldiag) stable(crhf) guess=read geom=no
 crowd test\\hf stability analysis of h12 triangular lattice, y= 0.7053
 2038050263912\\0,1\H\H,1,1.0805206075\H,1,1.0805206075,2,98.5\H,2,1.08
 05206075,1,81.5,3,0.,0\H,2,1.0805206075,1,180.,3,0.,0\H,4,1.0805206075
 ,3,180.,5,0.,0\H,6,1.0805206075,5,180.,3,0.,0\H,4,1.0805206075,2,180.,
 3,0.,0\H,3,1.0805206075,1,180.,4,0.,0\H,9,1.0805206075,3,180.,4,0.,0\H
 ,8,1.0805206075,4,180.,3,0.,0\H,7,1.0805206075,6,180.,3,0.,0\\Version=
 ES64L-G09RevE.01\State=1-AG\HF=-5.8381344\MP2=-5.9769315\RMSD=8.417e-0
 9\Dipole=0.,0.,0.\Quadrupole=0.8039431,0.8541232,-1.6580663,0.,-2.3698
 1,0.\PG=C02H [SGH(H12)]\\@


 ... A MOLECULAR SYSTEM ... (PASSES) ... FROM ONE STATE OF EQUILIBRIUM 
 TO ANOTHER ... BY MEANS OF ALL POSSIBLE INTERMEDIATE PATHS, 
 BUT THE PATH MOST ECONOMICAL OF ENERGY WILL BE THE MORE OFTEN TRAVELED.

                      -- HENRY EYRING, 1945
 Job cpu time:       0 days  0 hours  0 minutes  1.1 seconds.
 File lengths (MBytes):  RWF=     84 Int=      0 D2E=      0 Chk=      2 Scr=      2
 Normal termination of Gaussian 09 at Fri Feb 17 15:01:17 2017.
