 Entering Gaussian System, Link 0=g09
 AtFile(1): H.gbs
            H     0
            S   10   1.00
               1000.000000000000            0.000068713567
                316.227766000000            0.000169141320
                100.000000000000            0.000823394812
                 31.622776600000            0.003425569236
                 10.000000000000            0.013951996000
                  3.162277660000            0.056909313560
                  1.000000000000            0.198286399900
                  0.316227766000            0.496922426700
                  0.100000000000            0.369846276400
                  0.031622776600            0.003752720039
            ****
 Initial command:
 /projects/guscus/apps/gau/g09-e1/g09/l1.exe "/users/lcj1/gaussian/h12/rhfstability/rect/guess/ag4bu2/Gau-13910.inp" -scrdir="/users/lcj1/gaussian/h12/rhfstability/rect/guess/ag4bu2/"
 Entering Link 1 = /projects/guscus/apps/gau/g09-e1/g09/l1.exe PID=     13911.
  
 Copyright (c) 1988,1990,1992,1993,1995,1998,2003,2009,2015,
            Gaussian, Inc.  All Rights Reserved.
  
 This is part of the Gaussian(R) 09 program.  It is based on
 the Gaussian(R) 03 system (copyright 2003, Gaussian, Inc.),
 the Gaussian(R) 98 system (copyright 1998, Gaussian, Inc.),
 the Gaussian(R) 94 system (copyright 1995, Gaussian, Inc.),
 the Gaussian 92(TM) system (copyright 1992, Gaussian, Inc.),
 the Gaussian 90(TM) system (copyright 1990, Gaussian, Inc.),
 the Gaussian 88(TM) system (copyright 1988, Gaussian, Inc.),
 the Gaussian 86(TM) system (copyright 1986, Carnegie Mellon
 University), and the Gaussian 82(TM) system (copyright 1983,
 Carnegie Mellon University). Gaussian is a federally registered
 trademark of Gaussian, Inc.
  
 This software contains proprietary and confidential information,
 including trade secrets, belonging to Gaussian, Inc.
  
 This software is provided under written license and may be
 used, copied, transmitted, or stored only in accord with that
 written license.
  
 The following legend is applicable only to US Government
 contracts under FAR:
  
                    RESTRICTED RIGHTS LEGEND
  
 Use, reproduction and disclosure by the US Government is
 subject to restrictions as set forth in subparagraphs (a)
 and (c) of the Commercial Computer Software - Restricted
 Rights clause in FAR 52.227-19.
  
 Gaussian, Inc.
 340 Quinnipiac St., Bldg. 40, Wallingford CT 06492
  
  
 ---------------------------------------------------------------
 Warning -- This program may not be used in any manner that
 competes with the business of Gaussian, Inc. or will provide
 assistance to any competitor of Gaussian, Inc.  The licensee
 of this program is prohibited from giving any competitor of
 Gaussian, Inc. access to this program.  By using this program,
 the user acknowledges that Gaussian, Inc. is engaged in the
 business of creating and licensing software in the field of
 computational chemistry and represents and warrants to the
 licensee that it is not a competitor of Gaussian, Inc. and that
 it will not use this program in any manner prohibited above.
 ---------------------------------------------------------------
  

 Cite this work as:
 Gaussian 09, Revision E.01,
 M. J. Frisch, G. W. Trucks, H. B. Schlegel, G. E. Scuseria, 
 M. A. Robb, J. R. Cheeseman, G. Scalmani, V. Barone, B. Mennucci, 
 G. A. Petersson, H. Nakatsuji, M. Caricato, X. Li, H. P. Hratchian, 
 A. F. Izmaylov, J. Bloino, G. Zheng, J. L. Sonnenberg, M. Hada, 
 M. Ehara, K. Toyota, R. Fukuda, J. Hasegawa, M. Ishida, T. Nakajima, 
 Y. Honda, O. Kitao, H. Nakai, T. Vreven, J. A. Montgomery, Jr., 
 J. E. Peralta, F. Ogliaro, M. Bearpark, J. J. Heyd, E. Brothers, 
 K. N. Kudin, V. N. Staroverov, T. Keith, R. Kobayashi, J. Normand, 
 K. Raghavachari, A. Rendell, J. C. Burant, S. S. Iyengar, J. Tomasi, 
 M. Cossi, N. Rega, J. M. Millam, M. Klene, J. E. Knox, J. B. Cross, 
 V. Bakken, C. Adamo, J. Jaramillo, R. Gomperts, R. E. Stratmann, 
 O. Yazyev, A. J. Austin, R. Cammi, C. Pomelli, J. W. Ochterski, 
 R. L. Martin, K. Morokuma, V. G. Zakrzewski, G. A. Voth, 
 P. Salvador, J. J. Dannenberg, S. Dapprich, A. D. Daniels, 
 O. Farkas, J. B. Foresman, J. V. Ortiz, J. Cioslowski, 
 and D. J. Fox, Gaussian, Inc., Wallingford CT, 2013.
 
 ******************************************
 Gaussian 09:  ES64L-G09RevE.01 30-Nov-2015
                17-Feb-2017 
 ******************************************
 %chk=h12.chk
 ----------------------------------------------------------------------
 #rhf/gen scf(symm,tight,novaracc,noincfock,fulldiag) stable(crhf) gues
 s=read geom=nocrowd test
 ----------------------------------------------------------------------
 1/38=1/1;
 2/12=1,17=6,18=5,40=1/2;
 3/5=7,16=1,25=1,30=1,116=1/1,2,3;
 4/5=1,9=4/1;
 5/5=100002,15=2,16=1,32=2,38=6/2;
 8/6=1,10=90,11=11/1,4;
 9/8=4,13=1/2;
 6/7=2,8=2,9=2,10=2,28=1/1;
 99/5=1,9=1/99;
 ----------------------------------------------------------------------
 hf stability analysis of h12 triangular lattice, y= 0.3758679504228169
 5
 ----------------------------------------------------------------------
 Symbolic Z-matrix:
 Charge =  0 Multiplicity = 1
 H
 H                    1     1.58136 
 H                    1     1.58136  2     152.5 
 H                    2     1.58136  1     27.5     3     0.       0
 H                    2     1.58136  1     180.     3     0.       0
 H                    4     1.58136  3     180.     5     0.       0
 H                    6     1.58136  5     180.     3     0.       0
 H                    4     1.58136  2     180.     3     0.       0
 H                    3     1.58136  1     180.     4     0.       0
 H                    9     1.58136  3     180.     4     0.       0
 H                    8     1.58136  4     180.     3     0.       0
 H                    7     1.58136  6     180.     3     0.       0
 
                          Input orientation:                          
 ---------------------------------------------------------------------
 Center     Atomic      Atomic             Coordinates (Angstroms)
 Number     Number       Type             X           Y           Z
 ---------------------------------------------------------------------
      1          1           0        0.000000    0.000000    0.000000
      2          1           0        0.000000    0.000000    1.581364
      3          1           0        0.730193    0.000000   -1.402687
      4          1           0        0.730193    0.000000    0.178677
      5          1           0        0.000000    0.000000    3.162728
      6          1           0        0.730193    0.000000    1.760041
      7          1           0        1.460385    0.000000    0.357354
      8          1           0        1.460385    0.000000   -1.224010
      9          1           0        1.460385    0.000000   -2.805374
     10          1           0        2.190578    0.000000   -4.208061
     11          1           0        2.190578    0.000000   -2.626697
     12          1           0        2.190578    0.000000   -1.045333
 ---------------------------------------------------------------------
                    Distance matrix (angstroms):
                    1          2          3          4          5
     1  H    0.000000
     2  H    1.581364   0.000000
     3  H    1.581364   3.072091   0.000000
     4  H    0.751736   1.581364   1.581364   0.000000
     5  H    3.162728   1.581364   4.623440   3.072091   0.000000
     6  H    1.905499   0.751736   3.162728   1.581364   1.581364
     7  H    1.503472   1.905499   1.905499   0.751736   3.162728
     8  H    1.905499   3.162728   0.751736   1.581364   4.623440
     9  H    3.162728   4.623440   1.581364   3.072091   6.144182
    10  H    4.744092   6.189998   3.162728   4.623440   7.689419
    11  H    3.420259   4.744092   1.905499   3.162728   6.189998
    12  H    2.427211   3.420259   1.503472   1.905499   4.744092
                    6          7          8          9         10
     6  H    0.000000
     7  H    1.581364   0.000000
     8  H    3.072091   1.581364   0.000000
     9  H    4.623440   3.162728   1.581364   0.000000
    10  H    6.144182   4.623440   3.072091   1.581364   0.000000
    11  H    4.623440   3.072091   1.581364   0.751736   1.581364
    12  H    3.162728   1.581364   0.751736   1.905499   3.162728
                   11         12
    11  H    0.000000
    12  H    1.581364   0.000000
 Stoichiometry    H12
 Framework group  C2H[SGH(H12)]
 Deg. of freedom    11
 Full point group                 C2H     NOp   4
 Largest Abelian subgroup         C2H     NOp   4
 Largest concise Abelian subgroup C2      NOp   2
                         Standard orientation:                         
 ---------------------------------------------------------------------
 Center     Atomic      Atomic             Coordinates (Angstroms)
 Number     Number       Type             X           Y           Z
 ---------------------------------------------------------------------
      1          1           0        0.730193    0.969359   -0.000000
      2          1           0        0.000000    2.372046   -0.000000
      3          1           0        0.730193   -0.612005   -0.000000
      4          1           0        0.000000    0.790682   -0.000000
      5          1           0       -0.730193    3.774733   -0.000000
      6          1           0       -0.730193    2.193369   -0.000000
      7          1           0       -0.730193    0.612005   -0.000000
      8          1           0       -0.000000   -0.790682   -0.000000
      9          1           0        0.730193   -2.193369   -0.000000
     10          1           0        0.730193   -3.774733   -0.000000
     11          1           0       -0.000000   -2.372046   -0.000000
     12          1           0       -0.730193   -0.969359   -0.000000
 ---------------------------------------------------------------------
 Rotational constants (GHZ):    171.0751413      9.1866514      8.7184737
 General basis read from cards:  (5D, 7F)
 There are     6 symmetry adapted cartesian basis functions of AG  symmetry.
 There are     0 symmetry adapted cartesian basis functions of BG  symmetry.
 There are     0 symmetry adapted cartesian basis functions of AU  symmetry.
 There are     6 symmetry adapted cartesian basis functions of BU  symmetry.
 There are     6 symmetry adapted basis functions of AG  symmetry.
 There are     0 symmetry adapted basis functions of BG  symmetry.
 There are     0 symmetry adapted basis functions of AU  symmetry.
 There are     6 symmetry adapted basis functions of BU  symmetry.
    12 basis functions,   120 primitive gaussians,    12 cartesian basis functions
     6 alpha electrons        6 beta electrons
       nuclear repulsion energy        17.3423354057 Hartrees.
 NAtoms=   12 NActive=   12 NUniq=    6 SFac= 4.00D+00 NAtFMM=   60 NAOKFM=F Big=F
 Integral buffers will be    131072 words long.
 Regular integral format.
 Two-electron integral symmetry is turned on.
 One-electron integrals computed using PRISM.
 NBasis=    12 RedAO= T EigKep=  1.02D-01  NBF=     6     0     0     6
 NBsUse=    12 1.00D-06 EigRej= -1.00D+00 NBFU=     6     0     0     6
 Initial guess from the checkpoint file:  "h12.chk"
 B after Tr=    -0.000000    0.000000   -0.000000
         Rot=    0.988075    0.000000    0.000000    0.153972 Ang=  17.71 deg.
 Initial guess orbital symmetries:
       Occupied  (AG) (BU) (BU) (AG) (AG) (AG)
       Virtual   (BU) (BU) (BU) (AG) (AG) (BU)
 Keep R1 ints in memory in symmetry-blocked form, NReq=897470.
 Requested convergence on RMS density matrix=1.00D-08 within 128 cycles.
 Requested convergence on MAX density matrix=1.00D-06.
 Requested convergence on             energy=1.00D-06.
 No special actions if energy rises.
 SCF Done:  E(RHF) =  -5.41038908411     A.U. after   14 cycles
            NFock= 14  Conv=0.39D-08     -V/T= 1.7840
 Range of M.O.s used for correlation:     1    12
 NBasis=    12 NAE=     6 NBE=     6 NFC=     0 NFV=     0
 NROrb=     12 NOA=     6 NOB=     6 NVA=     6 NVB=     6

 **** Warning!!: The smallest alpha delta epsilon is -0.16218385D-01

 Semi-Direct transformation.
 ModeAB=           4 MOrb=             6 LenV=     134089855
 LASXX=         2181 LTotXX=        2181 LenRXX=        5115
 LTotAB=        2934 MaxLAS=        3024 LenRXY=           0
 NonZer=        7296 LenScr=      655360 LnRSAI=        3024
 LnScr1=      655360 LExtra=           0 Total=      1318859
 MaxDsk=          -1 SrtSym=           T ITran=            3
 JobTyp=0 Pass  1:  I=   1 to   6.
 (rs|ai) integrals will be sorted in core.
 Spin components of T(2) and E(2):
     alpha-alpha T2 =       0.4992918693D-01 E2=     -0.1238690155D-01
     alpha-beta  T2 =       0.3770412508D+01 E2=     -0.6074518885D+00
     beta-beta   T2 =       0.4992918693D-01 E2=     -0.1238690155D-01
 ANorm=    0.2206869022D+01
 E2 =    -0.6322256916D+00 EUMP2 =    -0.60426147756738D+01
 Second order stability test of a single determinant RHF wave function:
 Stabil:  MDV=134217728
 ***********************************************************************
 Matrix         Lowest Root    Major Pairs
 ***********************************************************************
 Internal RHF    -0.1679168    6A=7A
 RRHF --> CRHF   -0.1788995    5A=7A 6A=7A
 RRHF --> RUHF   -0.5277637    6A=8B
 Not stable.
 ***********************************************************************

 **********************************************************************

            Population analysis using the SCF density.

 **********************************************************************

 Orbital symmetries:
       Occupied  (AG) (BU) (AG) (BU) (AG) (AG)
       Virtual   (BU) (BU) (BU) (AG) (AG) (BU)
 The electronic state is 1-AG.
 Alpha  occ. eigenvalues --   -0.88732  -0.78131  -0.62126  -0.56384  -0.23995
 Alpha  occ. eigenvalues --   -0.14628
 Alpha virt. eigenvalues --   -0.16250  -0.06609   0.43239   0.46789   0.67444
 Alpha virt. eigenvalues --    0.87578
          Condensed to atoms (all electrons):
               1          2          3          4          5          6
     1  H    1.264781   0.028829  -0.375628   0.341110  -0.000787  -0.110760
     2  H    0.028829   0.715985  -0.012412  -0.086439  -0.058244   0.467824
     3  H   -0.375628  -0.012412   1.061240  -0.055517   0.000321   0.011835
     4  H    0.341110  -0.086439  -0.055517   0.947440  -0.001583  -0.098422
     5  H   -0.000787  -0.058244   0.000321  -0.001583   1.204002  -0.065245
     6  H   -0.110760   0.467824   0.011835  -0.098422  -0.065245   0.799034
     7  H   -0.293391  -0.088855   0.197804   0.287054  -0.000230   0.037392
     8  H   -0.045592   0.001640   0.287054  -0.075492   0.000597   0.001060
     9  H   -0.010820   0.000108   0.037392   0.001060  -0.000108   0.000761
    10  H    0.000318  -0.000091  -0.000230   0.000597   0.000025  -0.000108
    11  H    0.009523   0.000518  -0.088855   0.001640  -0.000091   0.000108
    12  H    0.116929   0.009523  -0.293391  -0.045592   0.000318  -0.010820
               7          8          9         10         11         12
     1  H   -0.293391  -0.045592  -0.010820   0.000318   0.009523   0.116929
     2  H   -0.088855   0.001640   0.000108  -0.000091   0.000518   0.009523
     3  H    0.197804   0.287054   0.037392  -0.000230  -0.088855  -0.293391
     4  H    0.287054  -0.075492   0.001060   0.000597   0.001640  -0.045592
     5  H   -0.000230   0.000597  -0.000108   0.000025  -0.000091   0.000318
     6  H    0.037392   0.001060   0.000761  -0.000108   0.000108  -0.010820
     7  H    1.061240  -0.055517   0.011835   0.000321  -0.012412  -0.375628
     8  H   -0.055517   0.947440  -0.098422  -0.001583  -0.086439   0.341110
     9  H    0.011835  -0.098422   0.799034  -0.065245   0.467824  -0.110760
    10  H    0.000321  -0.001583  -0.065245   1.204002  -0.058244  -0.000787
    11  H   -0.012412  -0.086439   0.467824  -0.058244   0.715985   0.028829
    12  H   -0.375628   0.341110  -0.110760  -0.000787   0.028829   1.264781
 Mulliken charges:
               1
     1  H    0.075489
     2  H    0.021615
     3  H    0.230387
     4  H   -0.215856
     5  H   -0.078976
     6  H   -0.032659
     7  H    0.230387
     8  H   -0.215856
     9  H   -0.032659
    10  H   -0.078976
    11  H    0.021615
    12  H    0.075489
 Sum of Mulliken charges =   0.00000
 Mulliken charges with hydrogens summed into heavy atoms:
               1
 Electronic spatial extent (au):  <R**2>=            251.4840
 Charge=              0.0000 electrons
 Dipole moment (field-independent basis, Debye):
    X=              0.0000    Y=             -0.0000    Z=             -0.0000  Tot=              0.0000
 Quadrupole moment (field-independent basis, Debye-Ang):
   XX=            -14.1768   YY=            -32.9726   ZZ=            -14.8422
   XY=              2.8616   XZ=              0.0000   YZ=             -0.0000
 Traceless Quadrupole moment (field-independent basis, Debye-Ang):
   XX=              6.4870   YY=            -12.3087   ZZ=              5.8217
   XY=              2.8616   XZ=              0.0000   YZ=             -0.0000
 Octapole moment (field-independent basis, Debye-Ang**2):
  XXX=              0.0000  YYY=              0.0000  ZZZ=              0.0000  XYY=              0.0000
  XXY=             -0.0000  XXZ=              0.0000  XZZ=              0.0000  YZZ=             -0.0000
  YYZ=              0.0000  XYZ=             -0.0000
 Hexadecapole moment (field-independent basis, Debye-Ang**3):
 XXXX=            -47.3058 YYYY=           -720.4725 ZZZZ=            -17.4204 XXXY=             35.2591
 XXXZ=             -0.0000 YYYX=             88.1481 YYYZ=             -0.0000 ZZZX=             -0.0000
 ZZZY=             -0.0000 XXYY=            -95.2788 XXZZ=            -10.9327 YYZZ=            -80.2676
 XXYZ=             -0.0000 YYXZ=              0.0000 ZZXY=             11.6051
 N-N= 1.734233540573D+01 E-N=-4.592615368345D+01  KE= 6.900618434283D+00
 Symmetry AG   KE= 4.725715760567D+00
 Symmetry BG   KE= 0.000000000000D+00
 Symmetry AU   KE= 0.000000000000D+00
 Symmetry BU   KE= 2.174902673716D+00

 Test job not archived.
 1\1\GINC-SULU\Stability\RHF\Gen\H12\LCJ1\17-Feb-2017\0\\#rhf/gen scf(s
 ymm,tight,novaracc,noincfock,fulldiag) stable(crhf) guess=read geom=no
 crowd test\\hf stability analysis of h12 triangular lattice, y= 0.3758
 6795042281695\\0,1\H\H,1,1.5813641125\H,1,1.5813641125,2,152.5\H,2,1.5
 813641125,1,27.5,3,0.,0\H,2,1.5813641125,1,180.,3,0.,0\H,4,1.581364112
 5,3,180.,5,0.,0\H,6,1.5813641125,5,180.,3,0.,0\H,4,1.5813641125,2,180.
 ,3,0.,0\H,3,1.5813641125,1,180.,4,0.,0\H,9,1.5813641125,3,180.,4,0.,0\
 H,8,1.5813641125,4,180.,3,0.,0\H,7,1.5813641125,6,180.,3,0.,0\\Version
 =ES64L-G09RevE.01\State=1-AG\HF=-5.4103891\MP2=-6.0426148\RMSD=3.899e-
 09\Dipole=0.,0.,0.\Quadrupole=3.5862328,4.3282648,-7.9144976,0.,4.5031
 92,0.\PG=C02H [SGH(H12)]\\@


 Luck is a matter of preparation meeting opportunity.
                                    -- Oprah Winfrey
 Job cpu time:       0 days  0 hours  0 minutes  1.0 seconds.
 File lengths (MBytes):  RWF=     84 Int=      0 D2E=      0 Chk=      2 Scr=      2
 Normal termination of Gaussian 09 at Fri Feb 17 14:55:39 2017.
