 Entering Gaussian System, Link 0=g09
 AtFile(1): H.gbs
            H     0
            S   10   1.00
               1000.000000000000            0.000068713567
                316.227766000000            0.000169141320
                100.000000000000            0.000823394812
                 31.622776600000            0.003425569236
                 10.000000000000            0.013951996000
                  3.162277660000            0.056909313560
                  1.000000000000            0.198286399900
                  0.316227766000            0.496922426700
                  0.100000000000            0.369846276400
                  0.031622776600            0.003752720039
            ****
 Initial command:
 /projects/guscus/apps/gau/g09-e1/g09/l1.exe "/users/lcj1/gaussian/h12/rhfstability/rect/guess/ag4bu2/Gau-2520.inp" -scrdir="/users/lcj1/gaussian/h12/rhfstability/rect/guess/ag4bu2/"
 Entering Link 1 = /projects/guscus/apps/gau/g09-e1/g09/l1.exe PID=      2521.
  
 Copyright (c) 1988,1990,1992,1993,1995,1998,2003,2009,2015,
            Gaussian, Inc.  All Rights Reserved.
  
 This is part of the Gaussian(R) 09 program.  It is based on
 the Gaussian(R) 03 system (copyright 2003, Gaussian, Inc.),
 the Gaussian(R) 98 system (copyright 1998, Gaussian, Inc.),
 the Gaussian(R) 94 system (copyright 1995, Gaussian, Inc.),
 the Gaussian 92(TM) system (copyright 1992, Gaussian, Inc.),
 the Gaussian 90(TM) system (copyright 1990, Gaussian, Inc.),
 the Gaussian 88(TM) system (copyright 1988, Gaussian, Inc.),
 the Gaussian 86(TM) system (copyright 1986, Carnegie Mellon
 University), and the Gaussian 82(TM) system (copyright 1983,
 Carnegie Mellon University). Gaussian is a federally registered
 trademark of Gaussian, Inc.
  
 This software contains proprietary and confidential information,
 including trade secrets, belonging to Gaussian, Inc.
  
 This software is provided under written license and may be
 used, copied, transmitted, or stored only in accord with that
 written license.
  
 The following legend is applicable only to US Government
 contracts under FAR:
  
                    RESTRICTED RIGHTS LEGEND
  
 Use, reproduction and disclosure by the US Government is
 subject to restrictions as set forth in subparagraphs (a)
 and (c) of the Commercial Computer Software - Restricted
 Rights clause in FAR 52.227-19.
  
 Gaussian, Inc.
 340 Quinnipiac St., Bldg. 40, Wallingford CT 06492
  
  
 ---------------------------------------------------------------
 Warning -- This program may not be used in any manner that
 competes with the business of Gaussian, Inc. or will provide
 assistance to any competitor of Gaussian, Inc.  The licensee
 of this program is prohibited from giving any competitor of
 Gaussian, Inc. access to this program.  By using this program,
 the user acknowledges that Gaussian, Inc. is engaged in the
 business of creating and licensing software in the field of
 computational chemistry and represents and warrants to the
 licensee that it is not a competitor of Gaussian, Inc. and that
 it will not use this program in any manner prohibited above.
 ---------------------------------------------------------------
  

 Cite this work as:
 Gaussian 09, Revision E.01,
 M. J. Frisch, G. W. Trucks, H. B. Schlegel, G. E. Scuseria, 
 M. A. Robb, J. R. Cheeseman, G. Scalmani, V. Barone, B. Mennucci, 
 G. A. Petersson, H. Nakatsuji, M. Caricato, X. Li, H. P. Hratchian, 
 A. F. Izmaylov, J. Bloino, G. Zheng, J. L. Sonnenberg, M. Hada, 
 M. Ehara, K. Toyota, R. Fukuda, J. Hasegawa, M. Ishida, T. Nakajima, 
 Y. Honda, O. Kitao, H. Nakai, T. Vreven, J. A. Montgomery, Jr., 
 J. E. Peralta, F. Ogliaro, M. Bearpark, J. J. Heyd, E. Brothers, 
 K. N. Kudin, V. N. Staroverov, T. Keith, R. Kobayashi, J. Normand, 
 K. Raghavachari, A. Rendell, J. C. Burant, S. S. Iyengar, J. Tomasi, 
 M. Cossi, N. Rega, J. M. Millam, M. Klene, J. E. Knox, J. B. Cross, 
 V. Bakken, C. Adamo, J. Jaramillo, R. Gomperts, R. E. Stratmann, 
 O. Yazyev, A. J. Austin, R. Cammi, C. Pomelli, J. W. Ochterski, 
 R. L. Martin, K. Morokuma, V. G. Zakrzewski, G. A. Voth, 
 P. Salvador, J. J. Dannenberg, S. Dapprich, A. D. Daniels, 
 O. Farkas, J. B. Foresman, J. V. Ortiz, J. Cioslowski, 
 and D. J. Fox, Gaussian, Inc., Wallingford CT, 2013.
 
 ******************************************
 Gaussian 09:  ES64L-G09RevE.01 30-Nov-2015
                17-Feb-2017 
 ******************************************
 %chk=h12.chk
 ----------------------------------------------------------------------
 #rhf/gen scf(symm,tight,novaracc,noincfock,fulldiag) stable(crhf) gues
 s=read geom=nocrowd test
 ----------------------------------------------------------------------
 1/38=1/1;
 2/12=1,17=6,18=5,40=1/2;
 3/5=7,16=1,25=1,30=1,116=1/1,2,3;
 4/5=1,9=4/1;
 5/5=100002,15=2,16=1,32=2,38=6/2;
 8/6=1,10=90,11=11/1,4;
 9/8=4,13=1/2;
 6/7=2,8=2,9=2,10=2,28=1/1;
 99/5=1,9=1/99;
 ----------------------------------------------------------------------
 hf stability analysis of h12 triangular lattice, y= 0.9295513923648614
 0
 ----------------------------------------------------------------------
 Symbolic Z-matrix:
 Charge =  0 Multiplicity = 1
 H
 H                    1     1.11796 
 H                    1     1.11796  2     67.5 
 H                    2     1.11796  1     112.5    3     0.       0
 H                    2     1.11796  1     180.     3     0.       0
 H                    4     1.11796  3     180.     5     0.       0
 H                    6     1.11796  5     180.     3     0.       0
 H                    4     1.11796  2     180.     3     0.       0
 H                    3     1.11796  1     180.     4     0.       0
 H                    9     1.11796  3     180.     4     0.       0
 H                    8     1.11796  4     180.     3     0.       0
 H                    7     1.11796  6     180.     3     0.       0
 
                          Input orientation:                          
 ---------------------------------------------------------------------
 Center     Atomic      Atomic             Coordinates (Angstroms)
 Number     Number       Type             X           Y           Z
 ---------------------------------------------------------------------
      1          1           0        0.000000    0.000000    0.000000
      2          1           0        0.000000    0.000000    1.117962
      3          1           0        1.032862    0.000000    0.427826
      4          1           0        1.032862    0.000000    1.545787
      5          1           0        0.000000    0.000000    2.235924
      6          1           0        1.032862    0.000000    2.663749
      7          1           0        2.065724    0.000000    3.091575
      8          1           0        2.065724    0.000000    1.973613
      9          1           0        2.065724    0.000000    0.855651
     10          1           0        3.098586    0.000000    1.283477
     11          1           0        3.098586    0.000000    2.401438
     12          1           0        3.098586    0.000000    3.519400
 ---------------------------------------------------------------------
                    Distance matrix (angstroms):
                    1          2          3          4          5
     1  H    0.000000
     2  H    1.117962   0.000000
     3  H    1.117962   1.242213   0.000000
     4  H    1.859103   1.117962   1.117962   0.000000
     5  H    2.235924   1.117962   2.082312   1.242213   0.000000
     6  H    2.856985   1.859103   2.235924   1.117962   1.117962
     7  H    3.718206   2.856985   2.856985   1.859103   2.235924
     8  H    2.856985   2.235924   1.859103   1.117962   2.082312
     9  H    2.235924   2.082312   1.117962   1.242213   2.484425
    10  H    3.353886   3.103004   2.235924   2.082312   3.241665
    11  H    3.920223   3.353886   2.856985   2.235924   3.103004
    12  H    4.689074   3.920223   3.718206   2.856985   3.353886
                    6          7          8          9         10
     6  H    0.000000
     7  H    1.117962   0.000000
     8  H    1.242213   1.117962   0.000000
     9  H    2.082312   2.235924   1.117962   0.000000
    10  H    2.484425   2.082312   1.242213   1.117962   0.000000
    11  H    2.082312   1.242213   1.117962   1.859103   1.117962
    12  H    2.235924   1.117962   1.859103   2.856985   2.235924
                   11         12
    11  H    0.000000
    12  H    1.117962   0.000000
 Stoichiometry    H12
 Framework group  C2H[SGH(H12)]
 Deg. of freedom    11
 Full point group                 C2H     NOp   4
 Largest Abelian subgroup         C2H     NOp   4
 Largest concise Abelian subgroup C2      NOp   2
                         Standard orientation:                         
 ---------------------------------------------------------------------
 Center     Atomic      Atomic             Coordinates (Angstroms)
 Number     Number       Type             X           Y           Z
 ---------------------------------------------------------------------
      1          1           0        1.032862    2.104768    0.000000
      2          1           0        0.000000    1.676943    0.000000
      3          1           0        1.032862    0.986806    0.000000
      4          1           0        0.000000    0.558981    0.000000
      5          1           0       -1.032862    1.249117    0.000000
      6          1           0       -1.032862    0.131155   -0.000000
      7          1           0       -1.032862   -0.986806    0.000000
      8          1           0       -0.000000   -0.558981   -0.000000
      9          1           0        1.032862   -0.131155   -0.000000
     10          1           0        1.032862   -1.249117   -0.000000
     11          1           0       -0.000000   -1.676943   -0.000000
     12          1           0       -1.032862   -2.104768   -0.000000
 ---------------------------------------------------------------------
 Rotational constants (GHZ):     66.4385354     23.6550600     17.4441649
 General basis read from cards:  (5D, 7F)
 There are     6 symmetry adapted cartesian basis functions of AG  symmetry.
 There are     0 symmetry adapted cartesian basis functions of BG  symmetry.
 There are     0 symmetry adapted cartesian basis functions of AU  symmetry.
 There are     6 symmetry adapted cartesian basis functions of BU  symmetry.
 There are     6 symmetry adapted basis functions of AG  symmetry.
 There are     0 symmetry adapted basis functions of BG  symmetry.
 There are     0 symmetry adapted basis functions of AU  symmetry.
 There are     6 symmetry adapted basis functions of BU  symmetry.
    12 basis functions,   120 primitive gaussians,    12 cartesian basis functions
     6 alpha electrons        6 beta electrons
       nuclear repulsion energy        19.8239064008 Hartrees.
 NAtoms=   12 NActive=   12 NUniq=    6 SFac= 4.00D+00 NAtFMM=   60 NAOKFM=F Big=F
 Integral buffers will be    131072 words long.
 Regular integral format.
 Two-electron integral symmetry is turned on.
 One-electron integrals computed using PRISM.
 NBasis=    12 RedAO= T EigKep=  1.48D-01  NBF=     6     0     0     6
 NBsUse=    12 1.00D-06 EigRej= -1.00D+00 NBFU=     6     0     0     6
 Initial guess from the checkpoint file:  "h12.chk"
 B after Tr=    -0.000000    0.000000    0.000000
         Rot=    0.995244    0.000000    0.000000   -0.097414 Ang= -11.18 deg.
 Initial guess orbital symmetries:
       Occupied  (AG) (BU) (BU) (AG) (AG) (AG)
       Virtual   (BU) (BU) (BU) (AG) (AG) (BU)
 Keep R1 ints in memory in symmetry-blocked form, NReq=903966.
 Requested convergence on RMS density matrix=1.00D-08 within 128 cycles.
 Requested convergence on MAX density matrix=1.00D-06.
 Requested convergence on             energy=1.00D-06.
 No special actions if energy rises.
 SCF Done:  E(RHF) =  -5.70665362838     A.U. after   11 cycles
            NFock= 11  Conv=0.61D-09     -V/T= 1.8748
 Range of M.O.s used for correlation:     1    12
 NBasis=    12 NAE=     6 NBE=     6 NFC=     0 NFV=     0
 NROrb=     12 NOA=     6 NOB=     6 NVA=     6 NVB=     6
 Semi-Direct transformation.
 ModeAB=           4 MOrb=             6 LenV=     134084199
 LASXX=         2181 LTotXX=        2181 LenRXX=        5115
 LTotAB=        2934 MaxLAS=        3024 LenRXY=           0
 NonZer=        7296 LenScr=      655360 LnRSAI=        3024
 LnScr1=      655360 LExtra=           0 Total=      1318859
 MaxDsk=          -1 SrtSym=           T ITran=            3
 JobTyp=0 Pass  1:  I=   1 to   6.
 (rs|ai) integrals will be sorted in core.
 Spin components of T(2) and E(2):
     alpha-alpha T2 =       0.1145569052D-01 E2=     -0.1388624293D-01
     alpha-beta  T2 =       0.9188480561D-01 E2=     -0.1178055081D+00
     beta-beta   T2 =       0.1145569052D-01 E2=     -0.1388624293D-01
 ANorm=    0.1055839091D+01
 E2 =    -0.1455779940D+00 EUMP2 =    -0.58522316223713D+01
 Second order stability test of a single determinant RHF wave function:
 Stabil:  MDV=134217728
 ***********************************************************************
 Matrix         Lowest Root    Major Pairs
 ***********************************************************************
 Internal RHF    -0.0796153    6A=7A
 RRHF --> CRHF   -0.1178825    6A=7A
 RRHF --> RUHF   -0.1989473    6A=7B
 Not stable.
 ***********************************************************************

 **********************************************************************

            Population analysis using the SCF density.

 **********************************************************************

 Orbital symmetries:
       Occupied  (AG) (BU) (BU) (AG) (AG) (AG)
       Virtual   (BU) (BU) (AG) (BU) (AG) (BU)
 The electronic state is 1-AG.
 Alpha  occ. eigenvalues --   -0.91423  -0.75641  -0.61243  -0.52423  -0.36465
 Alpha  occ. eigenvalues --   -0.19148
 Alpha virt. eigenvalues --   -0.04436   0.20469   0.31340   0.34583   0.65012
 Alpha virt. eigenvalues --    0.74455
          Condensed to atoms (all electrons):
               1          2          3          4          5          6
     1  H    0.505124   0.119076   0.272043  -0.071388  -0.014325  -0.009794
     2  H    0.119076   1.000759  -0.170798   0.212859   0.141976  -0.118784
     3  H    0.272043  -0.170798   0.950340  -0.184721  -0.061703   0.024981
     4  H   -0.071388   0.212859  -0.184721   1.485164  -0.295761  -0.263898
     5  H   -0.014325   0.141976  -0.061703  -0.295761   1.097140   0.348498
     6  H   -0.009794  -0.118784   0.024981  -0.263898   0.348498   1.025240
     7  H    0.003738  -0.035078   0.030815  -0.101600  -0.013315   0.308195
     8  H   -0.027829   0.019541  -0.101600   0.733196  -0.154794  -0.308783
     9  H    0.002619  -0.130992   0.308195  -0.308783   0.023608   0.095751
    10  H   -0.001546  -0.000569  -0.013315  -0.154794   0.030582   0.023608
    11  H    0.000453   0.020866  -0.035078   0.019541  -0.000569  -0.130992
    12  H    0.001208   0.000453   0.003738  -0.027829  -0.001546   0.002619
               7          8          9         10         11         12
     1  H    0.003738  -0.027829   0.002619  -0.001546   0.000453   0.001208
     2  H   -0.035078   0.019541  -0.130992  -0.000569   0.020866   0.000453
     3  H    0.030815  -0.101600   0.308195  -0.013315  -0.035078   0.003738
     4  H   -0.101600   0.733196  -0.308783  -0.154794   0.019541  -0.027829
     5  H   -0.013315  -0.154794   0.023608   0.030582  -0.000569  -0.001546
     6  H    0.308195  -0.308783   0.095751   0.023608  -0.130992   0.002619
     7  H    0.950340  -0.184721   0.024981  -0.061703  -0.170798   0.272043
     8  H   -0.184721   1.485164  -0.263898  -0.295761   0.212859  -0.071388
     9  H    0.024981  -0.263898   1.025240   0.348498  -0.118784  -0.009794
    10  H   -0.061703  -0.295761   0.348498   1.097140   0.141976  -0.014325
    11  H   -0.170798   0.212859  -0.118784   0.141976   1.000759   0.119076
    12  H    0.272043  -0.071388  -0.009794  -0.014325   0.119076   0.505124
 Mulliken charges:
               1
     1  H    0.220621
     2  H   -0.059309
     3  H   -0.022897
     4  H   -0.041986
     5  H   -0.099791
     6  H    0.003361
     7  H   -0.022897
     8  H   -0.041986
     9  H    0.003361
    10  H   -0.099791
    11  H   -0.059309
    12  H    0.220621
 Sum of Mulliken charges =  -0.00000
 Mulliken charges with hydrogens summed into heavy atoms:
               1
 Electronic spatial extent (au):  <R**2>=            136.3393
 Charge=             -0.0000 electrons
 Dipole moment (field-independent basis, Debye):
    X=             -0.0000    Y=              0.0000    Z=              0.0000  Tot=              0.0000
 Quadrupole moment (field-independent basis, Debye-Ang):
   XX=            -19.9638   YY=            -10.1525   ZZ=            -15.1904
   XY=              6.7507   XZ=              0.0000   YZ=              0.0000
 Traceless Quadrupole moment (field-independent basis, Debye-Ang):
   XX=             -4.8615   YY=              4.9497   ZZ=             -0.0882
   XY=              6.7507   XZ=              0.0000   YZ=              0.0000
 Octapole moment (field-independent basis, Debye-Ang**2):
  XXX=              0.0000  YYY=             -0.0000  ZZZ=             -0.0000  XYY=              0.0000
  XXY=              0.0000  XXZ=             -0.0000  XZZ=              0.0000  YZZ=             -0.0000
  YYZ=              0.0000  XYZ=              0.0000
 Hexadecapole moment (field-independent basis, Debye-Ang**3):
 XXXX=           -107.6323 YYYY=           -136.1720 ZZZZ=            -18.0558 XXXY=             -2.8285
 XXXZ=              0.0000 YYYX=             19.3965 YYYZ=             -0.0000 ZZZX=              0.0000
 ZZZY=             -0.0000 XXYY=            -39.5378 XXZZ=            -19.1965 YYZZ=            -31.8091
 XXYZ=             -0.0000 YYXZ=              0.0000 ZZXY=             -3.0793
 N-N= 1.982390640078D+01 E-N=-5.085727140886D+01  KE= 6.523019622775D+00
 Symmetry AG   KE= 4.956630866400D+00
 Symmetry BG   KE= 0.000000000000D+00
 Symmetry AU   KE= 0.000000000000D+00
 Symmetry BU   KE= 1.566388756375D+00

 Test job not archived.
 1\1\GINC-SULU\Stability\RHF\Gen\H12\LCJ1\17-Feb-2017\0\\#rhf/gen scf(s
 ymm,tight,novaracc,noincfock,fulldiag) stable(crhf) guess=read geom=no
 crowd test\\hf stability analysis of h12 triangular lattice, y= 0.9295
 5139236486140\\0,1\H\H,1,1.1179619335\H,1,1.1179619335,2,67.5\H,2,1.11
 79619335,1,112.5,3,0.,0\H,2,1.1179619335,1,180.,3,0.,0\H,4,1.117961933
 5,3,180.,5,0.,0\H,6,1.1179619335,5,180.,3,0.,0\H,4,1.1179619335,2,180.
 ,3,0.,0\H,3,1.1179619335,1,180.,4,0.,0\H,9,1.1179619335,3,180.,4,0.,0\
 H,8,1.1179619335,4,180.,3,0.,0\H,7,1.1179619335,6,180.,3,0.,0\\Version
 =ES64L-G09RevE.01\State=1-AG\HF=-5.7066536\MP2=-5.8522316\RMSD=6.059e-
 10\Dipole=0.,0.,0.\Quadrupole=-0.9371865,-0.0655564,1.0027429,0.,6.127
 9071,0.\PG=C02H [SGH(H12)]\\@


 "PERFECTION IS NOT AN ACCIDENT"
         --  EAGLE ELECTRIC MANUFACTURING CO.,INC. NY
 Job cpu time:       0 days  0 hours  0 minutes  1.1 seconds.
 File lengths (MBytes):  RWF=     84 Int=      0 D2E=      0 Chk=      2 Scr=      2
 Normal termination of Gaussian 09 at Fri Feb 17 15:04:32 2017.
