 Entering Gaussian System, Link 0=g09
 AtFile(1): H.gbs
            H     0
            S   10   1.00
               1000.000000000000            0.000068713567
                316.227766000000            0.000169141320
                100.000000000000            0.000823394812
                 31.622776600000            0.003425569236
                 10.000000000000            0.013951996000
                  3.162277660000            0.056909313560
                  1.000000000000            0.198286399900
                  0.316227766000            0.496922426700
                  0.100000000000            0.369846276400
                  0.031622776600            0.003752720039
            ****
 Initial command:
 /projects/guscus/apps/gau/g09-e1/g09/l1.exe "/users/lcj1/gaussian/h12/rhfstability/rect/guess/ag4bu2/Gau-10845.inp" -scrdir="/users/lcj1/gaussian/h12/rhfstability/rect/guess/ag4bu2/"
 Entering Link 1 = /projects/guscus/apps/gau/g09-e1/g09/l1.exe PID=     10846.
  
 Copyright (c) 1988,1990,1992,1993,1995,1998,2003,2009,2015,
            Gaussian, Inc.  All Rights Reserved.
  
 This is part of the Gaussian(R) 09 program.  It is based on
 the Gaussian(R) 03 system (copyright 2003, Gaussian, Inc.),
 the Gaussian(R) 98 system (copyright 1998, Gaussian, Inc.),
 the Gaussian(R) 94 system (copyright 1995, Gaussian, Inc.),
 the Gaussian 92(TM) system (copyright 1992, Gaussian, Inc.),
 the Gaussian 90(TM) system (copyright 1990, Gaussian, Inc.),
 the Gaussian 88(TM) system (copyright 1988, Gaussian, Inc.),
 the Gaussian 86(TM) system (copyright 1986, Carnegie Mellon
 University), and the Gaussian 82(TM) system (copyright 1983,
 Carnegie Mellon University). Gaussian is a federally registered
 trademark of Gaussian, Inc.
  
 This software contains proprietary and confidential information,
 including trade secrets, belonging to Gaussian, Inc.
  
 This software is provided under written license and may be
 used, copied, transmitted, or stored only in accord with that
 written license.
  
 The following legend is applicable only to US Government
 contracts under FAR:
  
                    RESTRICTED RIGHTS LEGEND
  
 Use, reproduction and disclosure by the US Government is
 subject to restrictions as set forth in subparagraphs (a)
 and (c) of the Commercial Computer Software - Restricted
 Rights clause in FAR 52.227-19.
  
 Gaussian, Inc.
 340 Quinnipiac St., Bldg. 40, Wallingford CT 06492
  
  
 ---------------------------------------------------------------
 Warning -- This program may not be used in any manner that
 competes with the business of Gaussian, Inc. or will provide
 assistance to any competitor of Gaussian, Inc.  The licensee
 of this program is prohibited from giving any competitor of
 Gaussian, Inc. access to this program.  By using this program,
 the user acknowledges that Gaussian, Inc. is engaged in the
 business of creating and licensing software in the field of
 computational chemistry and represents and warrants to the
 licensee that it is not a competitor of Gaussian, Inc. and that
 it will not use this program in any manner prohibited above.
 ---------------------------------------------------------------
  

 Cite this work as:
 Gaussian 09, Revision E.01,
 M. J. Frisch, G. W. Trucks, H. B. Schlegel, G. E. Scuseria, 
 M. A. Robb, J. R. Cheeseman, G. Scalmani, V. Barone, B. Mennucci, 
 G. A. Petersson, H. Nakatsuji, M. Caricato, X. Li, H. P. Hratchian, 
 A. F. Izmaylov, J. Bloino, G. Zheng, J. L. Sonnenberg, M. Hada, 
 M. Ehara, K. Toyota, R. Fukuda, J. Hasegawa, M. Ishida, T. Nakajima, 
 Y. Honda, O. Kitao, H. Nakai, T. Vreven, J. A. Montgomery, Jr., 
 J. E. Peralta, F. Ogliaro, M. Bearpark, J. J. Heyd, E. Brothers, 
 K. N. Kudin, V. N. Staroverov, T. Keith, R. Kobayashi, J. Normand, 
 K. Raghavachari, A. Rendell, J. C. Burant, S. S. Iyengar, J. Tomasi, 
 M. Cossi, N. Rega, J. M. Millam, M. Klene, J. E. Knox, J. B. Cross, 
 V. Bakken, C. Adamo, J. Jaramillo, R. Gomperts, R. E. Stratmann, 
 O. Yazyev, A. J. Austin, R. Cammi, C. Pomelli, J. W. Ochterski, 
 R. L. Martin, K. Morokuma, V. G. Zakrzewski, G. A. Voth, 
 P. Salvador, J. J. Dannenberg, S. Dapprich, A. D. Daniels, 
 O. Farkas, J. B. Foresman, J. V. Ortiz, J. Cioslowski, 
 and D. J. Fox, Gaussian, Inc., Wallingford CT, 2013.
 
 ******************************************
 Gaussian 09:  ES64L-G09RevE.01 30-Nov-2015
                17-Feb-2017 
 ******************************************
 %chk=h12.chk
 ----------------------------------------------------------------------
 #rhf/gen scf(symm,tight,novaracc,noincfock,fulldiag) stable(crhf) gues
 s=read geom=nocrowd test
 ----------------------------------------------------------------------
 1/38=1/1;
 2/12=1,17=6,18=5,40=1/2;
 3/5=7,16=1,25=1,30=1,116=1/1,2,3;
 4/5=1,9=4/1;
 5/5=100002,15=2,16=1,32=2,38=6/2;
 8/6=1,10=90,11=11/1,4;
 9/8=4,13=1/2;
 6/7=2,8=2,9=2,10=2,28=1/1;
 99/5=1,9=1/99;
 ----------------------------------------------------------------------
 hf stability analysis of h12 triangular lattice, y= 1.3742008147382716
 ----------------------------------------------------------------------
 Symbolic Z-matrix:
 Charge =  0 Multiplicity = 1
 H
 H                    1     1.43699 
 H                    1     1.43699  2     34. 
 H                    2     1.43699  1     146.     3     0.       0
 H                    2     1.43699  1     180.     3     0.       0
 H                    4     1.43699  3     180.     5     0.       0
 H                    6     1.43699  5     180.     3     0.       0
 H                    4     1.43699  2     180.     3     0.       0
 H                    3     1.43699  1     180.     4     0.       0
 H                    9     1.43699  3     180.     4     0.       0
 H                    8     1.43699  4     180.     3     0.       0
 H                    7     1.43699  6     180.     3     0.       0
 
                          Input orientation:                          
 ---------------------------------------------------------------------
 Center     Atomic      Atomic             Coordinates (Angstroms)
 Number     Number       Type             X           Y           Z
 ---------------------------------------------------------------------
      1          1           0        0.000000    0.000000    0.000000
      2          1           0        0.000000    0.000000    1.436990
      3          1           0        0.803555    0.000000    1.191319
      4          1           0        0.803555    0.000000    2.628310
      5          1           0        0.000000    0.000000    2.873981
      6          1           0        0.803555    0.000000    4.065300
      7          1           0        1.607110    0.000000    5.256619
      8          1           0        1.607110    0.000000    3.819629
      9          1           0        1.607110    0.000000    2.382638
     10          1           0        2.410665    0.000000    3.573957
     11          1           0        2.410665    0.000000    5.010948
     12          1           0        2.410665    0.000000    6.447938
 ---------------------------------------------------------------------
                    Distance matrix (angstroms):
                    1          2          3          4          5
     1  H    0.000000
     2  H    1.436990   0.000000
     3  H    1.436990   0.840271   0.000000
     4  H    2.748402   1.436990   1.436990   0.000000
     5  H    2.873981   1.436990   1.864685   0.840271   0.000000
     6  H    4.143955   2.748402   2.873981   1.436990   1.436990
     7  H    5.496803   4.143955   4.143955   2.748402   2.873981
     8  H    4.143955   2.873981   2.748402   1.436990   1.864685
     9  H    2.873981   1.864685   1.436990   0.840271   1.680541
    10  H    4.310971   3.221480   2.873981   1.864685   2.510233
    11  H    5.560656   4.310971   4.143955   2.873981   3.221480
    12  H    6.883837   5.560656   5.496803   4.143955   4.310971
                    6          7          8          9         10
     6  H    0.000000
     7  H    1.436990   0.000000
     8  H    0.840271   1.436990   0.000000
     9  H    1.864685   2.873981   1.436990   0.000000
    10  H    1.680541   1.864685   0.840271   1.436990   0.000000
    11  H    1.864685   0.840271   1.436990   2.748402   1.436990
    12  H    2.873981   1.436990   2.748402   4.143955   2.873981
                   11         12
    11  H    0.000000
    12  H    1.436990   0.000000
 Stoichiometry    H12
 Framework group  C2H[SGH(H12)]
 Deg. of freedom    11
 Full point group                 C2H     NOp   4
 Largest Abelian subgroup         C2H     NOp   4
 Largest concise Abelian subgroup C2      NOp   2
                         Standard orientation:                         
 ---------------------------------------------------------------------
 Center     Atomic      Atomic             Coordinates (Angstroms)
 Number     Number       Type             X           Y           Z
 ---------------------------------------------------------------------
      1          1           0        0.803555    3.346805   -0.000000
      2          1           0        0.000000    2.155486   -0.000000
      3          1           0        0.803555    1.909814    0.000000
      4          1           0        0.000000    0.718495   -0.000000
      5          1           0       -0.803555    0.964167   -0.000000
      6          1           0       -0.803555   -0.472824   -0.000000
      7          1           0       -0.803555   -1.909814    0.000000
      8          1           0       -0.000000   -0.718495    0.000000
      9          1           0        0.803555    0.472824   -0.000000
     10          1           0        0.803555   -0.964167   -0.000000
     11          1           0       -0.000000   -2.155486    0.000000
     12          1           0       -0.803555   -3.346805    0.000000
 ---------------------------------------------------------------------
 Rotational constants (GHZ):    137.4124109     11.4371567     10.5583597
 General basis read from cards:  (5D, 7F)
 There are     6 symmetry adapted cartesian basis functions of AG  symmetry.
 There are     0 symmetry adapted cartesian basis functions of BG  symmetry.
 There are     0 symmetry adapted cartesian basis functions of AU  symmetry.
 There are     6 symmetry adapted cartesian basis functions of BU  symmetry.
 There are     6 symmetry adapted basis functions of AG  symmetry.
 There are     0 symmetry adapted basis functions of BG  symmetry.
 There are     0 symmetry adapted basis functions of AU  symmetry.
 There are     6 symmetry adapted basis functions of BU  symmetry.
    12 basis functions,   120 primitive gaussians,    12 cartesian basis functions
     6 alpha electrons        6 beta electrons
       nuclear repulsion energy        17.9129602223 Hartrees.
 NAtoms=   12 NActive=   12 NUniq=    6 SFac= 4.00D+00 NAtFMM=   60 NAOKFM=F Big=F
 Integral buffers will be    131072 words long.
 Regular integral format.
 Two-electron integral symmetry is turned on.
 One-electron integrals computed using PRISM.
 NBasis=    12 RedAO= T EigKep=  1.29D-01  NBF=     6     0     0     6
 NBsUse=    12 1.00D-06 EigRej= -1.00D+00 NBFU=     6     0     0     6
 Initial guess from the checkpoint file:  "h12.chk"
 B after Tr=    -0.000000    0.000000    0.000000
         Rot=    0.981926    0.000000   -0.000000   -0.189265 Ang= -21.82 deg.
 Initial guess orbital symmetries:
       Occupied  (AG) (BU) (BU) (AG) (AG) (AG)
       Virtual   (BU) (BU) (BU) (AG) (AG) (BU)
 Keep R1 ints in memory in symmetry-blocked form, NReq=899164.
 Requested convergence on RMS density matrix=1.00D-08 within 128 cycles.
 Requested convergence on MAX density matrix=1.00D-06.
 Requested convergence on             energy=1.00D-06.
 No special actions if energy rises.
 SCF Done:  E(RHF) =  -5.36225419948     A.U. after   16 cycles
            NFock= 16  Conv=0.22D-08     -V/T= 1.7843
 Range of M.O.s used for correlation:     1    12
 NBasis=    12 NAE=     6 NBE=     6 NFC=     0 NFV=     0
 NROrb=     12 NOA=     6 NOB=     6 NVA=     6 NVB=     6

 **** Warning!!: The smallest alpha delta epsilon is -0.10586651D+00

 Semi-Direct transformation.
 ModeAB=           4 MOrb=             6 LenV=     134088959
 LASXX=         2181 LTotXX=        2181 LenRXX=        5115
 LTotAB=        2934 MaxLAS=        3024 LenRXY=           0
 NonZer=        7296 LenScr=      655360 LnRSAI=        3024
 LnScr1=      655360 LExtra=           0 Total=      1318859
 MaxDsk=          -1 SrtSym=           T ITran=            3
 JobTyp=0 Pass  1:  I=   1 to   6.
 (rs|ai) integrals will be sorted in core.
 Spin components of T(2) and E(2):
     alpha-alpha T2 =       0.5348096181D-01 E2=     -0.1762621119D-01
     alpha-beta  T2 =       0.8464822179D+02 E2=     -0.1333796998D+01
     beta-beta   T2 =       0.5348096181D-01 E2=     -0.1762621119D-01
 ANorm=    0.9260409479D+01
 E2 =    -0.1369049420D+01 EUMP2 =    -0.67313036198951D+01
 Second order stability test of a single determinant RHF wave function:
 Stabil:  MDV=134217728
 ***********************************************************************
 Matrix         Lowest Root    Major Pairs
 ***********************************************************************
 Internal RHF    -0.2680645    6A=7A
 RRHF --> CRHF   -0.2858215    6A=7A
 RRHF --> RUHF   -0.5165471    6A=8B 6A=7B
 Not stable.
 ***********************************************************************

 **********************************************************************

            Population analysis using the SCF density.

 **********************************************************************

 Orbital symmetries:
       Occupied  (AG) (BU) (AG) (BU) (AG) (AG)
       Virtual   (BU) (BU) (BU) (AG) (AG) (BU)
 The electronic state is 1-AG.
 Alpha  occ. eigenvalues --   -0.92287  -0.77975  -0.59730  -0.50918  -0.27822
 Alpha  occ. eigenvalues --   -0.12133
 Alpha virt. eigenvalues --   -0.22719  -0.00390   0.36044   0.41893   0.51006
 Alpha virt. eigenvalues --    0.71688
          Condensed to atoms (all electrons):
               1          2          3          4          5          6
     1  H    1.331419  -0.096389  -0.103496  -0.006219  -0.006181   0.000467
     2  H   -0.096389   0.695168   0.396689  -0.067051   0.054343  -0.040084
     3  H   -0.103496   0.396689   0.978647  -0.130433  -0.165805   0.007972
     4  H   -0.006219  -0.067051  -0.130433   0.943071   0.446518   0.024437
     5  H   -0.006181   0.054343  -0.165805   0.446518   1.348224  -0.315896
     6  H    0.000467  -0.040084   0.007972   0.024437  -0.315896   0.869554
     7  H   -0.000481   0.001032   0.003501  -0.004652  -0.017155   0.122321
     8  H    0.002022  -0.005208  -0.004652  -0.089521  -0.076224   0.107056
     9  H    0.006563  -0.081735   0.122321   0.107056  -0.242295   0.201755
    10  H    0.001504   0.015505  -0.017155  -0.076224   0.061845  -0.242295
    11  H   -0.000343   0.002672   0.001032  -0.005208   0.015505  -0.081735
    12  H    0.000100  -0.000343  -0.000481   0.002022   0.001504   0.006563
               7          8          9         10         11         12
     1  H   -0.000481   0.002022   0.006563   0.001504  -0.000343   0.000100
     2  H    0.001032  -0.005208  -0.081735   0.015505   0.002672  -0.000343
     3  H    0.003501  -0.004652   0.122321  -0.017155   0.001032  -0.000481
     4  H   -0.004652  -0.089521   0.107056  -0.076224  -0.005208   0.002022
     5  H   -0.017155  -0.076224  -0.242295   0.061845   0.015505   0.001504
     6  H    0.122321   0.107056   0.201755  -0.242295  -0.081735   0.006563
     7  H    0.978647  -0.130433   0.007972  -0.165805   0.396689  -0.103496
     8  H   -0.130433   0.943071   0.024437   0.446518  -0.067051  -0.006219
     9  H    0.007972   0.024437   0.869554  -0.315896  -0.040084   0.000467
    10  H   -0.165805   0.446518  -0.315896   1.348224   0.054343  -0.006181
    11  H    0.396689  -0.067051  -0.040084   0.054343   0.695168  -0.096389
    12  H   -0.103496  -0.006219   0.000467  -0.006181  -0.096389   1.331419
 Mulliken charges:
               1
     1  H   -0.128966
     2  H    0.125400
     3  H   -0.088140
     4  H   -0.143796
     5  H   -0.104383
     6  H    0.339884
     7  H   -0.088140
     8  H   -0.143796
     9  H    0.339884
    10  H   -0.104383
    11  H    0.125400
    12  H   -0.128966
 Sum of Mulliken charges =  -0.00000
 Mulliken charges with hydrogens summed into heavy atoms:
               1
 Electronic spatial extent (au):  <R**2>=            217.4841
 Charge=             -0.0000 electrons
 Dipole moment (field-independent basis, Debye):
    X=              0.0000    Y=             -0.0000    Z=             -0.0000  Tot=              0.0000
 Quadrupole moment (field-independent basis, Debye-Ang):
   XX=            -15.9796   YY=            -33.5157   ZZ=            -14.9065
   XY=             -3.5489   XZ=              0.0000   YZ=              0.0000
 Traceless Quadrupole moment (field-independent basis, Debye-Ang):
   XX=              5.4876   YY=            -12.0484   ZZ=              6.5608
   XY=             -3.5489   XZ=              0.0000   YZ=              0.0000
 Octapole moment (field-independent basis, Debye-Ang**2):
  XXX=              0.0000  YYY=             -0.0000  ZZZ=             -0.0000  XYY=             -0.0000
  XXY=             -0.0000  XXZ=             -0.0000  XZZ=              0.0000  YZZ=             -0.0000
  YYZ=             -0.0000  XYZ=             -0.0000
 Hexadecapole moment (field-independent basis, Debye-Ang**3):
 XXXX=            -59.2039 YYYY=           -600.7532 ZZZZ=            -17.5248 XXXY=            -35.7467
 XXXZ=              0.0000 YYYX=            -97.5260 YYYZ=              0.0000 ZZZX=              0.0000
 ZZZY=              0.0000 XXYY=            -91.3581 XXZZ=            -12.7587 YYZZ=            -65.5717
 XXYZ=              0.0000 YYXZ=              0.0000 ZZXY=            -11.0491
 N-N= 1.791296022228D+01 E-N=-4.697032357708D+01  KE= 6.837210126424D+00
 Symmetry AG   KE= 4.779467402496D+00
 Symmetry BG   KE= 0.000000000000D+00
 Symmetry AU   KE= 0.000000000000D+00
 Symmetry BU   KE= 2.057742723928D+00

 Test job not archived.
 1\1\GINC-SULU\Stability\RHF\Gen\H12\LCJ1\17-Feb-2017\0\\#rhf/gen scf(s
 ymm,tight,novaracc,noincfock,fulldiag) stable(crhf) guess=read geom=no
 crowd test\\hf stability analysis of h12 triangular lattice, y= 1.3742
 008147382716\\0,1\H\H,1,1.4369904482\H,1,1.4369904482,2,34.\H,2,1.4369
 904482,1,146.,3,0.,0\H,2,1.4369904482,1,180.,3,0.,0\H,4,1.4369904482,3
 ,180.,5,0.,0\H,6,1.4369904482,5,180.,3,0.,0\H,4,1.4369904482,2,180.,3,
 0.,0\H,3,1.4369904482,1,180.,4,0.,0\H,9,1.4369904482,3,180.,4,0.,0\H,8
 ,1.4369904482,4,180.,3,0.,0\H,7,1.4369904482,6,180.,3,0.,0\\Version=ES
 64L-G09RevE.01\State=1-AG\HF=-5.3622542\MP2=-6.7313036\RMSD=2.225e-09\
 Dipole=0.,0.,0.\Quadrupole=2.449499,4.8777625,-7.3272615,0.,-5.0557248
 ,0.\PG=C02H [SGH(H12)]\\@


 QUHEN THE CAUSS IS TAKEN AWAY THE EFFECT WANISHETH.
 -- PROVERBS AND REASONS OF THE YEAR 1585
           AS REPRINTED IN PAISLEY MAGAZINE 1828.
 Job cpu time:       0 days  0 hours  0 minutes  1.0 seconds.
 File lengths (MBytes):  RWF=     84 Int=      0 D2E=      0 Chk=      2 Scr=      2
 Normal termination of Gaussian 09 at Fri Feb 17 15:08:01 2017.
