 Entering Gaussian System, Link 0=g09
 AtFile(1): H.gbs
            H     0
            S   10   1.00
               1000.000000000000            0.000068713567
                316.227766000000            0.000169141320
                100.000000000000            0.000823394812
                 31.622776600000            0.003425569236
                 10.000000000000            0.013951996000
                  3.162277660000            0.056909313560
                  1.000000000000            0.198286399900
                  0.316227766000            0.496922426700
                  0.100000000000            0.369846276400
                  0.031622776600            0.003752720039
            ****
 Initial command:
 /projects/guscus/apps/gau/g09-e1/g09/l1.exe "/users/lcj1/gaussian/h12/rhfstability/rect/guess/ag4bu2/Gau-29037.inp" -scrdir="/users/lcj1/gaussian/h12/rhfstability/rect/guess/ag4bu2/"
 Entering Link 1 = /projects/guscus/apps/gau/g09-e1/g09/l1.exe PID=     29038.
  
 Copyright (c) 1988,1990,1992,1993,1995,1998,2003,2009,2015,
            Gaussian, Inc.  All Rights Reserved.
  
 This is part of the Gaussian(R) 09 program.  It is based on
 the Gaussian(R) 03 system (copyright 2003, Gaussian, Inc.),
 the Gaussian(R) 98 system (copyright 1998, Gaussian, Inc.),
 the Gaussian(R) 94 system (copyright 1995, Gaussian, Inc.),
 the Gaussian 92(TM) system (copyright 1992, Gaussian, Inc.),
 the Gaussian 90(TM) system (copyright 1990, Gaussian, Inc.),
 the Gaussian 88(TM) system (copyright 1988, Gaussian, Inc.),
 the Gaussian 86(TM) system (copyright 1986, Carnegie Mellon
 University), and the Gaussian 82(TM) system (copyright 1983,
 Carnegie Mellon University). Gaussian is a federally registered
 trademark of Gaussian, Inc.
  
 This software contains proprietary and confidential information,
 including trade secrets, belonging to Gaussian, Inc.
  
 This software is provided under written license and may be
 used, copied, transmitted, or stored only in accord with that
 written license.
  
 The following legend is applicable only to US Government
 contracts under FAR:
  
                    RESTRICTED RIGHTS LEGEND
  
 Use, reproduction and disclosure by the US Government is
 subject to restrictions as set forth in subparagraphs (a)
 and (c) of the Commercial Computer Software - Restricted
 Rights clause in FAR 52.227-19.
  
 Gaussian, Inc.
 340 Quinnipiac St., Bldg. 40, Wallingford CT 06492
  
  
 ---------------------------------------------------------------
 Warning -- This program may not be used in any manner that
 competes with the business of Gaussian, Inc. or will provide
 assistance to any competitor of Gaussian, Inc.  The licensee
 of this program is prohibited from giving any competitor of
 Gaussian, Inc. access to this program.  By using this program,
 the user acknowledges that Gaussian, Inc. is engaged in the
 business of creating and licensing software in the field of
 computational chemistry and represents and warrants to the
 licensee that it is not a competitor of Gaussian, Inc. and that
 it will not use this program in any manner prohibited above.
 ---------------------------------------------------------------
  

 Cite this work as:
 Gaussian 09, Revision E.01,
 M. J. Frisch, G. W. Trucks, H. B. Schlegel, G. E. Scuseria, 
 M. A. Robb, J. R. Cheeseman, G. Scalmani, V. Barone, B. Mennucci, 
 G. A. Petersson, H. Nakatsuji, M. Caricato, X. Li, H. P. Hratchian, 
 A. F. Izmaylov, J. Bloino, G. Zheng, J. L. Sonnenberg, M. Hada, 
 M. Ehara, K. Toyota, R. Fukuda, J. Hasegawa, M. Ishida, T. Nakajima, 
 Y. Honda, O. Kitao, H. Nakai, T. Vreven, J. A. Montgomery, Jr., 
 J. E. Peralta, F. Ogliaro, M. Bearpark, J. J. Heyd, E. Brothers, 
 K. N. Kudin, V. N. Staroverov, T. Keith, R. Kobayashi, J. Normand, 
 K. Raghavachari, A. Rendell, J. C. Burant, S. S. Iyengar, J. Tomasi, 
 M. Cossi, N. Rega, J. M. Millam, M. Klene, J. E. Knox, J. B. Cross, 
 V. Bakken, C. Adamo, J. Jaramillo, R. Gomperts, R. E. Stratmann, 
 O. Yazyev, A. J. Austin, R. Cammi, C. Pomelli, J. W. Ochterski, 
 R. L. Martin, K. Morokuma, V. G. Zakrzewski, G. A. Voth, 
 P. Salvador, J. J. Dannenberg, S. Dapprich, A. D. Daniels, 
 O. Farkas, J. B. Foresman, J. V. Ortiz, J. Cioslowski, 
 and D. J. Fox, Gaussian, Inc., Wallingford CT, 2013.
 
 ******************************************
 Gaussian 09:  ES64L-G09RevE.01 30-Nov-2015
                17-Feb-2017 
 ******************************************
 %chk=h12.chk
 ----------------------------------------------------------------------
 #rhf/gen scf(symm,tight,novaracc,noincfock,fulldiag) stable(crhf) gues
 s=read geom=nocrowd test
 ----------------------------------------------------------------------
 1/38=1/1;
 2/12=1,17=6,18=5,40=1/2;
 3/5=7,16=1,25=1,30=1,116=1/1,2,3;
 4/5=1,9=4/1;
 5/5=100002,15=2,16=1,32=2,38=6/2;
 8/6=1,10=90,11=11/1,4;
 9/8=4,13=1/2;
 6/7=2,8=2,9=2,10=2,28=1/1;
 99/5=1,9=1/99;
 ----------------------------------------------------------------------
 hf stability analysis of h12 triangular lattice, y= 0.7532333993657272
 0
 ----------------------------------------------------------------------
 Symbolic Z-matrix:
 Charge =  0 Multiplicity = 1
 H
 H                    1     1.07465 
 H                    1     1.07465  2     91. 
 H                    2     1.07465  1     89.      3     0.       0
 H                    2     1.07465  1     180.     3     0.       0
 H                    4     1.07465  3     180.     5     0.       0
 H                    6     1.07465  5     180.     3     0.       0
 H                    4     1.07465  2     180.     3     0.       0
 H                    3     1.07465  1     180.     4     0.       0
 H                    9     1.07465  3     180.     4     0.       0
 H                    8     1.07465  4     180.     3     0.       0
 H                    7     1.07465  6     180.     3     0.       0
 
                          Input orientation:                          
 ---------------------------------------------------------------------
 Center     Atomic      Atomic             Coordinates (Angstroms)
 Number     Number       Type             X           Y           Z
 ---------------------------------------------------------------------
      1          1           0        0.000000    0.000000    0.000000
      2          1           0        0.000000    0.000000    1.074652
      3          1           0        1.074488    0.000000   -0.018755
      4          1           0        1.074488    0.000000    1.055897
      5          1           0        0.000000    0.000000    2.149304
      6          1           0        1.074488    0.000000    2.130548
      7          1           0        2.148976    0.000000    2.111793
      8          1           0        2.148976    0.000000    1.037141
      9          1           0        2.148976    0.000000   -0.037511
     10          1           0        3.223464    0.000000   -0.056266
     11          1           0        3.223464    0.000000    1.018386
     12          1           0        3.223464    0.000000    2.093038
 ---------------------------------------------------------------------
                    Distance matrix (angstroms):
                    1          2          3          4          5
     1  H    0.000000
     2  H    1.074652   0.000000
     3  H    1.074652   1.532992   0.000000
     4  H    1.506467   1.074652   1.074652   0.000000
     5  H    2.149304   1.074652   2.419711   1.532992   0.000000
     6  H    2.386160   1.506467   2.149304   1.074652   1.074652
     7  H    3.012934   2.386160   2.386160   1.506467   2.149304
     8  H    2.386160   2.149304   1.506467   1.074652   2.419711
     9  H    2.149304   2.419711   1.074652   1.532992   3.065983
    10  H    3.223955   3.416094   2.149304   2.419711   3.905798
    11  H    3.380508   3.223955   2.386160   2.149304   3.416094
    12  H    3.843375   3.380508   3.012934   2.386160   3.223955
                    6          7          8          9         10
     6  H    0.000000
     7  H    1.074652   0.000000
     8  H    1.532992   1.074652   0.000000
     9  H    2.419711   2.149304   1.074652   0.000000
    10  H    3.065983   2.419711   1.532992   1.074652   0.000000
    11  H    2.419711   1.532992   1.074652   1.506467   1.074652
    12  H    2.149304   1.074652   1.506467   2.386160   2.149304
                   11         12
    11  H    0.000000
    12  H    1.074652   0.000000
 Stoichiometry    H12
 Framework group  C2H[SGH(H12)]
 Deg. of freedom    11
 Full point group                 C2H     NOp   4
 Largest Abelian subgroup         C2H     NOp   4
 Largest concise Abelian subgroup C2      NOp   2
                         Standard orientation:                         
 ---------------------------------------------------------------------
 Center     Atomic      Atomic             Coordinates (Angstroms)
 Number     Number       Type             X           Y           Z
 ---------------------------------------------------------------------
      1          1           0        1.074488    1.593222   -0.000000
      2          1           0        0.000000    1.611978   -0.000000
      3          1           0        1.074488    0.518571    0.000000
      4          1           0        0.000000    0.537326   -0.000000
      5          1           0       -1.074488    1.630733   -0.000000
      6          1           0       -1.074488    0.556081   -0.000000
      7          1           0       -1.074488   -0.518571   -0.000000
      8          1           0       -0.000000   -0.537326    0.000000
      9          1           0        1.074488   -0.556081    0.000000
     10          1           0        1.074488   -1.630733    0.000000
     11          1           0       -0.000000   -1.611978    0.000000
     12          1           0       -1.074488   -1.593222    0.000000
 ---------------------------------------------------------------------
 Rotational constants (GHZ):     54.3112610     28.9370488     18.8785528
 General basis read from cards:  (5D, 7F)
 There are     6 symmetry adapted cartesian basis functions of AG  symmetry.
 There are     0 symmetry adapted cartesian basis functions of BG  symmetry.
 There are     0 symmetry adapted cartesian basis functions of AU  symmetry.
 There are     6 symmetry adapted cartesian basis functions of BU  symmetry.
 There are     6 symmetry adapted basis functions of AG  symmetry.
 There are     0 symmetry adapted basis functions of BG  symmetry.
 There are     0 symmetry adapted basis functions of AU  symmetry.
 There are     6 symmetry adapted basis functions of BU  symmetry.
    12 basis functions,   120 primitive gaussians,    12 cartesian basis functions
     6 alpha electrons        6 beta electrons
       nuclear repulsion energy        20.1801462317 Hartrees.
 NAtoms=   12 NActive=   12 NUniq=    6 SFac= 4.00D+00 NAtFMM=   60 NAOKFM=F Big=F
 Integral buffers will be    131072 words long.
 Regular integral format.
 Two-electron integral symmetry is turned on.
 One-electron integrals computed using PRISM.
 NBasis=    12 RedAO= T EigKep=  1.07D-01  NBF=     6     0     0     6
 NBsUse=    12 1.00D-06 EigRej= -1.00D+00 NBFU=     6     0     0     6
 Initial guess from the checkpoint file:  "h12.chk"
 B after Tr=    -0.000000    0.000000    0.000000
         Rot=    0.999627   -0.000000   -0.000000   -0.027292 Ang=  -3.13 deg.
 Initial guess orbital symmetries:
       Occupied  (AG) (BU) (BU) (AG) (AG) (AG)
       Virtual   (BU) (BU) (BU) (AG) (AG) (BU)
 Keep R1 ints in memory in symmetry-blocked form, NReq=903574.
 Requested convergence on RMS density matrix=1.00D-08 within 128 cycles.
 Requested convergence on MAX density matrix=1.00D-06.
 Requested convergence on             energy=1.00D-06.
 No special actions if energy rises.
 SCF Done:  E(RHF) =  -5.85776412535     A.U. after    8 cycles
            NFock=  8  Conv=0.41D-08     -V/T= 1.9144
 Range of M.O.s used for correlation:     1    12
 NBasis=    12 NAE=     6 NBE=     6 NFC=     0 NFV=     0
 NROrb=     12 NOA=     6 NOB=     6 NVA=     6 NVB=     6
 Semi-Direct transformation.
 ModeAB=           4 MOrb=             6 LenV=     134084213
 LASXX=         2181 LTotXX=        2181 LenRXX=        5115
 LTotAB=        2934 MaxLAS=        3024 LenRXY=           0
 NonZer=        7296 LenScr=      655360 LnRSAI=        3024
 LnScr1=      655360 LExtra=           0 Total=      1318859
 MaxDsk=          -1 SrtSym=           T ITran=            3
 JobTyp=0 Pass  1:  I=   1 to   6.
 (rs|ai) integrals will be sorted in core.
 Spin components of T(2) and E(2):
     alpha-alpha T2 =       0.1110473900D-01 E2=     -0.1373526546D-01
     alpha-beta  T2 =       0.7887377248D-01 E2=     -0.1104040850D+00
     beta-beta   T2 =       0.1110473900D-01 E2=     -0.1373526546D-01
 ANorm=    0.1049325140D+01
 E2 =    -0.1378746159D+00 EUMP2 =    -0.59956387412459D+01
 Second order stability test of a single determinant RHF wave function:
 Stabil:  MDV=134217728
 ***********************************************************************
 Matrix         Lowest Root    Major Pairs
 ***********************************************************************
 Internal RHF     0.0843482    Stable
 RRHF --> CRHF    0.0608241    Stable

 RRHF --> RUHF   -0.0691227    6A=8B 5A=7B 4A=9B 4A=7B 3A=10B 2A=11B 5A=9B 4A=8B 
 1A=12B 1A=8B 6A=7B
 Not stable.
 ***********************************************************************

 **********************************************************************

            Population analysis using the SCF density.

 **********************************************************************

 Orbital symmetries:
       Occupied  (AG) (BU) (BU) (AG) (AG) (AG)
       Virtual   (BU) (BU) (BU) (AG) (AG) (BU)
 The electronic state is 1-AG.
 Alpha  occ. eigenvalues --   -0.93782  -0.75464  -0.66523  -0.46152  -0.45007
 Alpha  occ. eigenvalues --   -0.27095
 Alpha virt. eigenvalues --    0.06310   0.18282   0.18764   0.53050   0.56426
 Alpha virt. eigenvalues --    1.00803
          Condensed to atoms (all electrons):
               1          2          3          4          5          6
     1  H    0.735316   0.148982   0.311741  -0.141585  -0.019834  -0.031717
     2  H    0.148982   0.963311  -0.140042   0.185949   0.147973  -0.142248
     3  H    0.311741  -0.140042   0.959320  -0.220470  -0.029412   0.023173
     4  H   -0.141585   0.185949  -0.220470   1.372436  -0.132629  -0.217228
     5  H   -0.019834   0.147973  -0.029412  -0.132629   0.710378   0.308306
     6  H   -0.031717  -0.142248   0.023173  -0.217228   0.308306   0.957263
     7  H    0.011342  -0.073451   0.059916  -0.184965  -0.009318   0.303270
     8  H   -0.070281   0.009983  -0.184965   0.693387  -0.065121  -0.176389
     9  H   -0.010007  -0.069407   0.303270  -0.176389   0.010482   0.057179
    10  H   -0.003318   0.001303  -0.009318  -0.065121   0.006842   0.010482
    11  H    0.001318   0.023983  -0.073451   0.009983   0.001303  -0.069407
    12  H    0.007867   0.001318   0.011342  -0.070281  -0.003318  -0.010007
               7          8          9         10         11         12
     1  H    0.011342  -0.070281  -0.010007  -0.003318   0.001318   0.007867
     2  H   -0.073451   0.009983  -0.069407   0.001303   0.023983   0.001318
     3  H    0.059916  -0.184965   0.303270  -0.009318  -0.073451   0.011342
     4  H   -0.184965   0.693387  -0.176389  -0.065121   0.009983  -0.070281
     5  H   -0.009318  -0.065121   0.010482   0.006842   0.001303  -0.003318
     6  H    0.303270  -0.176389   0.057179   0.010482  -0.069407  -0.010007
     7  H    0.959320  -0.220470   0.023173  -0.029412  -0.140042   0.311741
     8  H   -0.220470   1.372436  -0.217228  -0.132629   0.185949  -0.141585
     9  H    0.023173  -0.217228   0.957263   0.308306  -0.142248  -0.031717
    10  H   -0.029412  -0.132629   0.308306   0.710378   0.147973  -0.019834
    11  H   -0.140042   0.185949  -0.142248   0.147973   0.963311   0.148982
    12  H    0.311741  -0.141585  -0.031717  -0.019834   0.148982   0.735316
 Mulliken charges:
               1
     1  H    0.060176
     2  H   -0.057654
     3  H   -0.011104
     4  H   -0.053087
     5  H    0.074349
     6  H   -0.012680
     7  H   -0.011104
     8  H   -0.053087
     9  H   -0.012680
    10  H    0.074349
    11  H   -0.057654
    12  H    0.060176
 Sum of Mulliken charges =  -0.00000
 Mulliken charges with hydrogens summed into heavy atoms:
               1
 Electronic spatial extent (au):  <R**2>=            131.7440
 Charge=             -0.0000 electrons
 Dipole moment (field-independent basis, Debye):
    X=              0.0000    Y=             -0.0000    Z=              0.0000  Tot=              0.0000
 Quadrupole moment (field-independent basis, Debye-Ang):
   XX=            -19.3452   YY=            -15.0745   ZZ=            -15.1971
   XY=             -0.3020   XZ=             -0.0000   YZ=             -0.0000
 Traceless Quadrupole moment (field-independent basis, Debye-Ang):
   XX=             -2.8063   YY=              1.4645   ZZ=              1.3418
   XY=             -0.3020   XZ=             -0.0000   YZ=             -0.0000
 Octapole moment (field-independent basis, Debye-Ang**2):
  XXX=              0.0000  YYY=              0.0000  ZZZ=             -0.0000  XYY=              0.0000
  XXY=             -0.0000  XXZ=             -0.0000  XZZ=              0.0000  YZZ=             -0.0000
  YYZ=             -0.0000  XYZ=             -0.0000
 Hexadecapole moment (field-independent basis, Debye-Ang**3):
 XXXX=           -111.6665 YYYY=           -157.8862 ZZZZ=            -18.0263 XXXY=              0.1064
 XXXZ=             -0.0000 YYYX=             -0.6642 YYYZ=              0.0000 ZZZX=             -0.0000
 ZZZY=              0.0000 XXYY=            -41.9118 XXZZ=            -19.9330 YYZZ=            -29.2033
 XXYZ=              0.0000 YYXZ=             -0.0000 ZZXY=              0.1412
 N-N= 2.018014623174D+01 E-N=-5.140157393988D+01  KE= 6.406207168051D+00
 Symmetry AG   KE= 4.855338256763D+00
 Symmetry BG   KE= 0.000000000000D+00
 Symmetry AU   KE= 0.000000000000D+00
 Symmetry BU   KE= 1.550868911288D+00

 Test job not archived.
 1\1\GINC-SULU\Stability\RHF\Gen\H12\LCJ1\17-Feb-2017\0\\#rhf/gen scf(s
 ymm,tight,novaracc,noincfock,fulldiag) stable(crhf) guess=read geom=no
 crowd test\\hf stability analysis of h12 triangular lattice, y= 0.7532
 3339936572720\\0,1\H\H,1,1.0746517719\H,1,1.0746517719,2,91.\H,2,1.074
 6517719,1,89.,3,0.,0\H,2,1.0746517719,1,180.,3,0.,0\H,4,1.0746517719,3
 ,180.,5,0.,0\H,6,1.0746517719,5,180.,3,0.,0\H,4,1.0746517719,2,180.,3,
 0.,0\H,3,1.0746517719,1,180.,4,0.,0\H,9,1.0746517719,3,180.,4,0.,0\H,8
 ,1.0746517719,4,180.,3,0.,0\H,7,1.0746517719,6,180.,3,0.,0\\Version=ES
 64L-G09RevE.01\State=1-AG\HF=-5.8577641\MP2=-5.9956387\RMSD=4.146e-09\
 Dipole=0.,0.,0.\Quadrupole=1.0799809,0.9975984,-2.0775793,0.,-0.279821
 3,0.\PG=C02H [SGH(H12)]\\@


 IN THE FIGHT BETWEEN YOU AND THE WORLD, BACK THE WORLD

                                        -- FRANZ KAFKA
 Job cpu time:       0 days  0 hours  0 minutes  1.1 seconds.
 File lengths (MBytes):  RWF=     84 Int=      0 D2E=      0 Chk=      2 Scr=      2
 Normal termination of Gaussian 09 at Fri Feb 17 15:02:03 2017.
