 Entering Gaussian System, Link 0=g09
 AtFile(1): H.gbs
            H     0
            S   10   1.00
               1000.000000000000            0.000068713567
                316.227766000000            0.000169141320
                100.000000000000            0.000823394812
                 31.622776600000            0.003425569236
                 10.000000000000            0.013951996000
                  3.162277660000            0.056909313560
                  1.000000000000            0.198286399900
                  0.316227766000            0.496922426700
                  0.100000000000            0.369846276400
                  0.031622776600            0.003752720039
            ****
 Initial command:
 /projects/guscus/apps/gau/g09-e1/g09/l1.exe "/users/lcj1/gaussian/h12/rhfstability/rect/guess/ag4bu2/Gau-13663.inp" -scrdir="/users/lcj1/gaussian/h12/rhfstability/rect/guess/ag4bu2/"
 Entering Link 1 = /projects/guscus/apps/gau/g09-e1/g09/l1.exe PID=     13665.
  
 Copyright (c) 1988,1990,1992,1993,1995,1998,2003,2009,2015,
            Gaussian, Inc.  All Rights Reserved.
  
 This is part of the Gaussian(R) 09 program.  It is based on
 the Gaussian(R) 03 system (copyright 2003, Gaussian, Inc.),
 the Gaussian(R) 98 system (copyright 1998, Gaussian, Inc.),
 the Gaussian(R) 94 system (copyright 1995, Gaussian, Inc.),
 the Gaussian 92(TM) system (copyright 1992, Gaussian, Inc.),
 the Gaussian 90(TM) system (copyright 1990, Gaussian, Inc.),
 the Gaussian 88(TM) system (copyright 1988, Gaussian, Inc.),
 the Gaussian 86(TM) system (copyright 1986, Carnegie Mellon
 University), and the Gaussian 82(TM) system (copyright 1983,
 Carnegie Mellon University). Gaussian is a federally registered
 trademark of Gaussian, Inc.
  
 This software contains proprietary and confidential information,
 including trade secrets, belonging to Gaussian, Inc.
  
 This software is provided under written license and may be
 used, copied, transmitted, or stored only in accord with that
 written license.
  
 The following legend is applicable only to US Government
 contracts under FAR:
  
                    RESTRICTED RIGHTS LEGEND
  
 Use, reproduction and disclosure by the US Government is
 subject to restrictions as set forth in subparagraphs (a)
 and (c) of the Commercial Computer Software - Restricted
 Rights clause in FAR 52.227-19.
  
 Gaussian, Inc.
 340 Quinnipiac St., Bldg. 40, Wallingford CT 06492
  
  
 ---------------------------------------------------------------
 Warning -- This program may not be used in any manner that
 competes with the business of Gaussian, Inc. or will provide
 assistance to any competitor of Gaussian, Inc.  The licensee
 of this program is prohibited from giving any competitor of
 Gaussian, Inc. access to this program.  By using this program,
 the user acknowledges that Gaussian, Inc. is engaged in the
 business of creating and licensing software in the field of
 computational chemistry and represents and warrants to the
 licensee that it is not a competitor of Gaussian, Inc. and that
 it will not use this program in any manner prohibited above.
 ---------------------------------------------------------------
  

 Cite this work as:
 Gaussian 09, Revision E.01,
 M. J. Frisch, G. W. Trucks, H. B. Schlegel, G. E. Scuseria, 
 M. A. Robb, J. R. Cheeseman, G. Scalmani, V. Barone, B. Mennucci, 
 G. A. Petersson, H. Nakatsuji, M. Caricato, X. Li, H. P. Hratchian, 
 A. F. Izmaylov, J. Bloino, G. Zheng, J. L. Sonnenberg, M. Hada, 
 M. Ehara, K. Toyota, R. Fukuda, J. Hasegawa, M. Ishida, T. Nakajima, 
 Y. Honda, O. Kitao, H. Nakai, T. Vreven, J. A. Montgomery, Jr., 
 J. E. Peralta, F. Ogliaro, M. Bearpark, J. J. Heyd, E. Brothers, 
 K. N. Kudin, V. N. Staroverov, T. Keith, R. Kobayashi, J. Normand, 
 K. Raghavachari, A. Rendell, J. C. Burant, S. S. Iyengar, J. Tomasi, 
 M. Cossi, N. Rega, J. M. Millam, M. Klene, J. E. Knox, J. B. Cross, 
 V. Bakken, C. Adamo, J. Jaramillo, R. Gomperts, R. E. Stratmann, 
 O. Yazyev, A. J. Austin, R. Cammi, C. Pomelli, J. W. Ochterski, 
 R. L. Martin, K. Morokuma, V. G. Zakrzewski, G. A. Voth, 
 P. Salvador, J. J. Dannenberg, S. Dapprich, A. D. Daniels, 
 O. Farkas, J. B. Foresman, J. V. Ortiz, J. Cioslowski, 
 and D. J. Fox, Gaussian, Inc., Wallingford CT, 2013.
 
 ******************************************
 Gaussian 09:  ES64L-G09RevE.01 30-Nov-2015
                17-Feb-2017 
 ******************************************
 %chk=h12.chk
 ----------------------------------------------------------------------
 #rhf/gen scf(symm,tight,novaracc,noincfock,fulldiag) stable(crhf) gues
 s=read geom=nocrowd test
 ----------------------------------------------------------------------
 1/38=1/1;
 2/12=1,17=6,18=5,40=1/2;
 3/5=7,16=1,25=1,30=1,116=1/1,2,3;
 4/5=1,9=4/1;
 5/5=100002,15=2,16=1,32=2,38=6/2;
 8/6=1,10=90,11=11/1,4;
 9/8=4,13=1/2;
 6/7=2,8=2,9=2,10=2,28=1/1;
 99/5=1,9=1/99;
 ----------------------------------------------------------------------
 hf stability analysis of h12 triangular lattice, y= 0.3687111964088696
 8
 ----------------------------------------------------------------------
 Symbolic Z-matrix:
 Charge =  0 Multiplicity = 1
 H
 H                    1     1.60868 
 H                    1     1.60868  2     153.5 
 H                    2     1.60868  1     26.5     3     0.       0
 H                    2     1.60868  1     180.     3     0.       0
 H                    4     1.60868  3     180.     5     0.       0
 H                    6     1.60868  5     180.     3     0.       0
 H                    4     1.60868  2     180.     3     0.       0
 H                    3     1.60868  1     180.     4     0.       0
 H                    9     1.60868  3     180.     4     0.       0
 H                    8     1.60868  4     180.     3     0.       0
 H                    7     1.60868  6     180.     3     0.       0
 
                          Input orientation:                          
 ---------------------------------------------------------------------
 Center     Atomic      Atomic             Coordinates (Angstroms)
 Number     Number       Type             X           Y           Z
 ---------------------------------------------------------------------
      1          1           0        0.000000    0.000000    0.000000
      2          1           0        0.000000    0.000000    1.608685
      3          1           0        0.717792    0.000000   -1.439667
      4          1           0        0.717792    0.000000    0.169017
      5          1           0        0.000000    0.000000    3.217370
      6          1           0        0.717792    0.000000    1.777702
      7          1           0        1.435583    0.000000    0.338035
      8          1           0        1.435583    0.000000   -1.270650
      9          1           0        1.435583    0.000000   -2.879335
     10          1           0        2.153375    0.000000   -4.319002
     11          1           0        2.153375    0.000000   -2.710317
     12          1           0        2.153375    0.000000   -1.101632
 ---------------------------------------------------------------------
                    Distance matrix (angstroms):
                    1          2          3          4          5
     1  H    0.000000
     2  H    1.608685   0.000000
     3  H    1.608685   3.131721   0.000000
     4  H    0.737422   1.608685   1.608685   0.000000
     5  H    3.217370   1.608685   4.712029   3.131721   0.000000
     6  H    1.917146   0.737422   3.217370   1.608685   1.608685
     7  H    1.474845   1.917146   1.917146   0.737422   3.217370
     8  H    1.917146   3.217370   0.737422   1.608685   4.712029
     9  H    3.217370   4.712029   1.608685   3.131721   6.263442
    10  H    4.826054   6.306702   3.217370   4.712029   7.837979
    11  H    3.461624   4.826054   1.917146   3.217370   6.306702
    12  H    2.418805   3.461624   1.474845   1.917146   4.826054
                    6          7          8          9         10
     6  H    0.000000
     7  H    1.608685   0.000000
     8  H    3.131721   1.608685   0.000000
     9  H    4.712029   3.217370   1.608685   0.000000
    10  H    6.263442   4.712029   3.131721   1.608685   0.000000
    11  H    4.712029   3.131721   1.608685   0.737422   1.608685
    12  H    3.217370   1.608685   0.737422   1.917146   3.217370
                   11         12
    11  H    0.000000
    12  H    1.608685   0.000000
 Stoichiometry    H12
 Framework group  C2H[SGH(H12)]
 Deg. of freedom    11
 Full point group                 C2H     NOp   4
 Largest Abelian subgroup         C2H     NOp   4
 Largest concise Abelian subgroup C2      NOp   2
                         Standard orientation:                         
 ---------------------------------------------------------------------
 Center     Atomic      Atomic             Coordinates (Angstroms)
 Number     Number       Type             X           Y           Z
 ---------------------------------------------------------------------
      1          1           0        0.717792    0.973360    0.000000
      2          1           0        0.000000    2.413027    0.000000
      3          1           0        0.717792   -0.635325    0.000000
      4          1           0        0.000000    0.804342    0.000000
      5          1           0       -0.717792    3.852695    0.000000
      6          1           0       -0.717792    2.244010   -0.000000
      7          1           0       -0.717792    0.635325    0.000000
      8          1           0       -0.000000   -0.804342    0.000000
      9          1           0        0.717792   -2.244010    0.000000
     10          1           0        0.717792   -3.852695    0.000000
     11          1           0       -0.000000   -2.413027    0.000000
     12          1           0       -0.717792   -0.973360    0.000000
 ---------------------------------------------------------------------
 Rotational constants (GHZ):    177.7000836      8.8441584      8.4248523
 General basis read from cards:  (5D, 7F)
 There are     6 symmetry adapted cartesian basis functions of AG  symmetry.
 There are     0 symmetry adapted cartesian basis functions of BG  symmetry.
 There are     0 symmetry adapted cartesian basis functions of AU  symmetry.
 There are     6 symmetry adapted cartesian basis functions of BU  symmetry.
 There are     6 symmetry adapted basis functions of AG  symmetry.
 There are     0 symmetry adapted basis functions of BG  symmetry.
 There are     0 symmetry adapted basis functions of AU  symmetry.
 There are     6 symmetry adapted basis functions of BU  symmetry.
    12 basis functions,   120 primitive gaussians,    12 cartesian basis functions
     6 alpha electrons        6 beta electrons
       nuclear repulsion energy        17.2500278109 Hartrees.
 NAtoms=   12 NActive=   12 NUniq=    6 SFac= 4.00D+00 NAtFMM=   60 NAOKFM=F Big=F
 Integral buffers will be    131072 words long.
 Regular integral format.
 Two-electron integral symmetry is turned on.
 One-electron integrals computed using PRISM.
 NBasis=    12 RedAO= T EigKep=  9.82D-02  NBF=     6     0     0     6
 NBsUse=    12 1.00D-06 EigRej= -1.00D+00 NBFU=     6     0     0     6
 Initial guess from the checkpoint file:  "h12.chk"
 B after Tr=    -0.000000    0.000000    0.000000
         Rot=    0.987649    0.000000    0.000000    0.156681 Ang=  18.03 deg.
 Initial guess orbital symmetries:
       Occupied  (AG) (BU) (BU) (AG) (AG) (AG)
       Virtual   (BU) (BU) (BU) (AG) (AG) (BU)
 Keep R1 ints in memory in symmetry-blocked form, NReq=897610.
 Requested convergence on RMS density matrix=1.00D-08 within 128 cycles.
 Requested convergence on MAX density matrix=1.00D-06.
 Requested convergence on             energy=1.00D-06.
 No special actions if energy rises.
 SCF Done:  E(RHF) =  -5.40953525944     A.U. after   13 cycles
            NFock= 13  Conv=0.45D-08     -V/T= 1.7855
 Range of M.O.s used for correlation:     1    12
 NBasis=    12 NAE=     6 NBE=     6 NFC=     0 NFV=     0
 NROrb=     12 NOA=     6 NOB=     6 NVA=     6 NVB=     6

 **** Warning!!: The smallest alpha delta epsilon is  0.83336166D-03

 Semi-Direct transformation.
 ModeAB=           4 MOrb=             6 LenV=     134090275
 LASXX=         2181 LTotXX=        2181 LenRXX=        5115
 LTotAB=        2934 MaxLAS=        3024 LenRXY=           0
 NonZer=        7296 LenScr=      655360 LnRSAI=        3024
 LnScr1=      655360 LExtra=           0 Total=      1318859
 MaxDsk=          -1 SrtSym=           T ITran=            3
 JobTyp=0 Pass  1:  I=   1 to   6.
 (rs|ai) integrals will be sorted in core.
 Spin components of T(2) and E(2):
     alpha-alpha T2 =       0.4676776494D-01 E2=     -0.1171285197D-01
     alpha-beta  T2 =       0.1065055653D+02 E2=     -0.6400908255D+00
     beta-beta   T2 =       0.4676776494D-01 E2=     -0.1171285197D-01
 ANorm=    0.3426965430D+01
 E2 =    -0.6635165294D+00 EUMP2 =    -0.60730517888520D+01
 Second order stability test of a single determinant RHF wave function:
 Stabil:  MDV=134217728
 ***********************************************************************
 Matrix         Lowest Root    Major Pairs
 ***********************************************************************
 Internal RHF    -0.1486708    6A=7A
 RRHF --> CRHF   -0.1712387    5A=7A
 RRHF --> RUHF   -0.5346277    6A=8B
 Not stable.
 ***********************************************************************

 **********************************************************************

            Population analysis using the SCF density.

 **********************************************************************

 Orbital symmetries:
       Occupied  (AG) (BU) (AG) (BU) (AG) (AG)
       Virtual   (BU) (BU) (BU) (AG) (AG) (BU)
 The electronic state is 1-AG.
 Alpha  occ. eigenvalues --   -0.88298  -0.78220  -0.62526  -0.57439  -0.23326
 Alpha  occ. eigenvalues --   -0.15241
 Alpha virt. eigenvalues --   -0.15158  -0.07562   0.44180   0.47358   0.70654
 Alpha virt. eigenvalues --    0.90502
          Condensed to atoms (all electrons):
               1          2          3          4          5          6
     1  H    1.262132   0.028401  -0.369532   0.331602  -0.000462  -0.104092
     2  H    0.028401   0.708695  -0.010755  -0.081870  -0.055561   0.470150
     3  H   -0.369532  -0.010755   1.081133  -0.054056   0.000244   0.010903
     4  H    0.331602  -0.081870  -0.054056   0.941537  -0.001008  -0.091944
     5  H   -0.000462  -0.055561   0.000244  -0.001008   1.185380  -0.061394
     6  H   -0.104092   0.470150   0.010903  -0.091944  -0.061394   0.778937
     7  H   -0.312411  -0.085774   0.199867   0.286740  -0.000185   0.034979
     8  H   -0.041589   0.001587   0.286740  -0.069475   0.000458   0.001076
     9  H   -0.009749   0.000069   0.034979   0.001076  -0.000081   0.000583
    10  H    0.000238  -0.000070  -0.000185   0.000458   0.000020  -0.000081
    11  H    0.008593   0.000401  -0.085774   0.001587  -0.000070   0.000069
    12  H    0.121770   0.008593  -0.312411  -0.041589   0.000238  -0.009749
               7          8          9         10         11         12
     1  H   -0.312411  -0.041589  -0.009749   0.000238   0.008593   0.121770
     2  H   -0.085774   0.001587   0.000069  -0.000070   0.000401   0.008593
     3  H    0.199867   0.286740   0.034979  -0.000185  -0.085774  -0.312411
     4  H    0.286740  -0.069475   0.001076   0.000458   0.001587  -0.041589
     5  H   -0.000185   0.000458  -0.000081   0.000020  -0.000070   0.000238
     6  H    0.034979   0.001076   0.000583  -0.000081   0.000069  -0.009749
     7  H    1.081133  -0.054056   0.010903   0.000244  -0.010755  -0.369532
     8  H   -0.054056   0.941537  -0.091944  -0.001008  -0.081870   0.331602
     9  H    0.010903  -0.091944   0.778937  -0.061394   0.470150  -0.104092
    10  H    0.000244  -0.001008  -0.061394   1.185380  -0.055561  -0.000462
    11  H   -0.010755  -0.081870   0.470150  -0.055561   0.708695   0.028401
    12  H   -0.369532   0.331602  -0.104092  -0.000462   0.028401   1.262132
 Mulliken charges:
               1
     1  H    0.085097
     2  H    0.016132
     3  H    0.218847
     4  H   -0.223059
     5  H   -0.067580
     6  H   -0.029437
     7  H    0.218847
     8  H   -0.223059
     9  H   -0.029437
    10  H   -0.067580
    11  H    0.016132
    12  H    0.085097
 Sum of Mulliken charges =  -0.00000
 Mulliken charges with hydrogens summed into heavy atoms:
               1
 Electronic spatial extent (au):  <R**2>=            257.8316
 Charge=             -0.0000 electrons
 Dipole moment (field-independent basis, Debye):
    X=              0.0000    Y=              0.0000    Z=              0.0000  Tot=              0.0000
 Quadrupole moment (field-independent basis, Debye-Ang):
   XX=            -14.2082   YY=            -31.8334   ZZ=            -14.8595
   XY=              2.5271   XZ=             -0.0000   YZ=              0.0000
 Traceless Quadrupole moment (field-independent basis, Debye-Ang):
   XX=              6.0922   YY=            -11.5331   ZZ=              5.4409
   XY=              2.5271   XZ=             -0.0000   YZ=              0.0000
 Octapole moment (field-independent basis, Debye-Ang**2):
  XXX=             -0.0000  YYY=             -0.0000  ZZZ=             -0.0000  XYY=             -0.0000
  XXY=             -0.0000  XXZ=             -0.0000  XZZ=             -0.0000  YZZ=              0.0000
  YYZ=             -0.0000  XYZ=              0.0000
 Hexadecapole moment (field-independent basis, Debye-Ang**3):
 XXXX=            -46.3539 YYYY=           -728.1061 ZZZZ=            -17.4587 XXXY=             35.0101
 XXXZ=             -0.0000 YYYX=             84.5508 YYYZ=              0.0000 ZZZX=             -0.0000
 ZZZY=              0.0000 XXYY=            -96.3931 XXZZ=            -10.7721 YYZZ=            -82.8491
 XXYZ=              0.0000 YYXZ=             -0.0000 ZZXY=             11.6144
 N-N= 1.725002781090D+01 E-N=-4.570463880824D+01  KE= 6.886508292406D+00
 Symmetry AG   KE= 4.718925890186D+00
 Symmetry BG   KE= 0.000000000000D+00
 Symmetry AU   KE= 0.000000000000D+00
 Symmetry BU   KE= 2.167582402220D+00

 Test job not archived.
 1\1\GINC-SULU\Stability\RHF\Gen\H12\LCJ1\17-Feb-2017\0\\#rhf/gen scf(s
 ymm,tight,novaracc,noincfock,fulldiag) stable(crhf) guess=read geom=no
 crowd test\\hf stability analysis of h12 triangular lattice, y= 0.3687
 1119640886968\\0,1\H\H,1,1.6086848057\H,1,1.6086848057,2,153.5\H,2,1.6
 086848057,1,26.5,3,0.,0\H,2,1.6086848057,1,180.,3,0.,0\H,4,1.608684805
 7,3,180.,5,0.,0\H,6,1.6086848057,5,180.,3,0.,0\H,4,1.6086848057,2,180.
 ,3,0.,0\H,3,1.6086848057,1,180.,4,0.,0\H,9,1.6086848057,3,180.,4,0.,0\
 H,8,1.6086848057,4,180.,3,0.,0\H,7,1.6086848057,6,180.,3,0.,0\\Version
 =ES64L-G09RevE.01\State=1-AG\HF=-5.4095353\MP2=-6.0730518\RMSD=4.539e-
 09\Dipole=0.,0.,0.\Quadrupole=3.4209697,4.0451687,-7.4661383,0.,4.1019
 389,0.\PG=C02H [SGH(H12)]\\@


 QED = W**5 (WHICH WAS WHAT WE WANTED)
 Job cpu time:       0 days  0 hours  0 minutes  1.0 seconds.
 File lengths (MBytes):  RWF=     84 Int=      0 D2E=      0 Chk=      2 Scr=      2
 Normal termination of Gaussian 09 at Fri Feb 17 14:55:32 2017.
