 Entering Gaussian System, Link 0=g09
 AtFile(1): H.gbs
            H     0
            S   10   1.00
               1000.000000000000            0.000068713567
                316.227766000000            0.000169141320
                100.000000000000            0.000823394812
                 31.622776600000            0.003425569236
                 10.000000000000            0.013951996000
                  3.162277660000            0.056909313560
                  1.000000000000            0.198286399900
                  0.316227766000            0.496922426700
                  0.100000000000            0.369846276400
                  0.031622776600            0.003752720039
            ****
 Initial command:
 /projects/guscus/apps/gau/g09-e1/g09/l1.exe "/users/lcj1/gaussian/h12/rhfstability/rect/guess/ag4bu2/Gau-31979.inp" -scrdir="/users/lcj1/gaussian/h12/rhfstability/rect/guess/ag4bu2/"
 Entering Link 1 = /projects/guscus/apps/gau/g09-e1/g09/l1.exe PID=     31980.
  
 Copyright (c) 1988,1990,1992,1993,1995,1998,2003,2009,2015,
            Gaussian, Inc.  All Rights Reserved.
  
 This is part of the Gaussian(R) 09 program.  It is based on
 the Gaussian(R) 03 system (copyright 2003, Gaussian, Inc.),
 the Gaussian(R) 98 system (copyright 1998, Gaussian, Inc.),
 the Gaussian(R) 94 system (copyright 1995, Gaussian, Inc.),
 the Gaussian 92(TM) system (copyright 1992, Gaussian, Inc.),
 the Gaussian 90(TM) system (copyright 1990, Gaussian, Inc.),
 the Gaussian 88(TM) system (copyright 1988, Gaussian, Inc.),
 the Gaussian 86(TM) system (copyright 1986, Carnegie Mellon
 University), and the Gaussian 82(TM) system (copyright 1983,
 Carnegie Mellon University). Gaussian is a federally registered
 trademark of Gaussian, Inc.
  
 This software contains proprietary and confidential information,
 including trade secrets, belonging to Gaussian, Inc.
  
 This software is provided under written license and may be
 used, copied, transmitted, or stored only in accord with that
 written license.
  
 The following legend is applicable only to US Government
 contracts under FAR:
  
                    RESTRICTED RIGHTS LEGEND
  
 Use, reproduction and disclosure by the US Government is
 subject to restrictions as set forth in subparagraphs (a)
 and (c) of the Commercial Computer Software - Restricted
 Rights clause in FAR 52.227-19.
  
 Gaussian, Inc.
 340 Quinnipiac St., Bldg. 40, Wallingford CT 06492
  
  
 ---------------------------------------------------------------
 Warning -- This program may not be used in any manner that
 competes with the business of Gaussian, Inc. or will provide
 assistance to any competitor of Gaussian, Inc.  The licensee
 of this program is prohibited from giving any competitor of
 Gaussian, Inc. access to this program.  By using this program,
 the user acknowledges that Gaussian, Inc. is engaged in the
 business of creating and licensing software in the field of
 computational chemistry and represents and warrants to the
 licensee that it is not a competitor of Gaussian, Inc. and that
 it will not use this program in any manner prohibited above.
 ---------------------------------------------------------------
  

 Cite this work as:
 Gaussian 09, Revision E.01,
 M. J. Frisch, G. W. Trucks, H. B. Schlegel, G. E. Scuseria, 
 M. A. Robb, J. R. Cheeseman, G. Scalmani, V. Barone, B. Mennucci, 
 G. A. Petersson, H. Nakatsuji, M. Caricato, X. Li, H. P. Hratchian, 
 A. F. Izmaylov, J. Bloino, G. Zheng, J. L. Sonnenberg, M. Hada, 
 M. Ehara, K. Toyota, R. Fukuda, J. Hasegawa, M. Ishida, T. Nakajima, 
 Y. Honda, O. Kitao, H. Nakai, T. Vreven, J. A. Montgomery, Jr., 
 J. E. Peralta, F. Ogliaro, M. Bearpark, J. J. Heyd, E. Brothers, 
 K. N. Kudin, V. N. Staroverov, T. Keith, R. Kobayashi, J. Normand, 
 K. Raghavachari, A. Rendell, J. C. Burant, S. S. Iyengar, J. Tomasi, 
 M. Cossi, N. Rega, J. M. Millam, M. Klene, J. E. Knox, J. B. Cross, 
 V. Bakken, C. Adamo, J. Jaramillo, R. Gomperts, R. E. Stratmann, 
 O. Yazyev, A. J. Austin, R. Cammi, C. Pomelli, J. W. Ochterski, 
 R. L. Martin, K. Morokuma, V. G. Zakrzewski, G. A. Voth, 
 P. Salvador, J. J. Dannenberg, S. Dapprich, A. D. Daniels, 
 O. Farkas, J. B. Foresman, J. V. Ortiz, J. Cioslowski, 
 and D. J. Fox, Gaussian, Inc., Wallingford CT, 2013.
 
 ******************************************
 Gaussian 09:  ES64L-G09RevE.01 30-Nov-2015
                17-Feb-2017 
 ******************************************
 %chk=h12.chk
 ----------------------------------------------------------------------
 #rhf/gen scf(symm,tight,novaracc,noincfock,fulldiag) stable(crhf) gues
 s=read geom=nocrowd test
 ----------------------------------------------------------------------
 1/38=1/1;
 2/12=1,17=6,18=5,40=1/2;
 3/5=7,16=1,25=1,30=1,116=1/1,2,3;
 4/5=1,9=4/1;
 5/5=100002,15=2,16=1,32=2,38=6/2;
 8/6=1,10=90,11=11/1,4;
 9/8=4,13=1/2;
 6/7=2,8=2,9=2,10=2,28=1/1;
 99/5=1,9=1/99;
 ----------------------------------------------------------------------
 hf stability analysis of h12 triangular lattice, y= 0.8368882343931486
 3
 ----------------------------------------------------------------------
 Symbolic Z-matrix:
 Charge =  0 Multiplicity = 1
 H
 H                    1     1.08458 
 H                    1     1.08458  2     79. 
 H                    2     1.08458  1     101.     3     0.       0
 H                    2     1.08458  1     180.     3     0.       0
 H                    4     1.08458  3     180.     5     0.       0
 H                    6     1.08458  5     180.     3     0.       0
 H                    4     1.08458  2     180.     3     0.       0
 H                    3     1.08458  1     180.     4     0.       0
 H                    9     1.08458  3     180.     4     0.       0
 H                    8     1.08458  4     180.     3     0.       0
 H                    7     1.08458  6     180.     3     0.       0
 
                          Input orientation:                          
 ---------------------------------------------------------------------
 Center     Atomic      Atomic             Coordinates (Angstroms)
 Number     Number       Type             X           Y           Z
 ---------------------------------------------------------------------
      1          1           0        0.000000    0.000000    0.000000
      2          1           0        0.000000    0.000000    1.084580
      3          1           0        1.064653    0.000000    0.206948
      4          1           0        1.064653    0.000000    1.291527
      5          1           0        0.000000    0.000000    2.169159
      6          1           0        1.064653    0.000000    2.376107
      7          1           0        2.129305    0.000000    2.583054
      8          1           0        2.129305    0.000000    1.498475
      9          1           0        2.129305    0.000000    0.413895
     10          1           0        3.193958    0.000000    0.620843
     11          1           0        3.193958    0.000000    1.705422
     12          1           0        3.193958    0.000000    2.790002
 ---------------------------------------------------------------------
                    Distance matrix (angstroms):
                    1          2          3          4          5
     1  H    0.000000
     2  H    1.084580   0.000000
     3  H    1.084580   1.379755   0.000000
     4  H    1.673776   1.084580   1.084580   0.000000
     5  H    2.169159   1.084580   2.232434   1.379755   0.000000
     6  H    2.603722   1.673776   2.169159   1.084580   1.084580
     7  H    3.347553   2.603722   2.603722   1.673776   2.169159
     8  H    2.603722   2.169159   1.673776   1.084580   2.232434
     9  H    2.169159   2.232434   1.084580   1.379755   2.759510
    10  H    3.253739   3.227448   2.169159   2.232434   3.549458
    11  H    3.620750   3.253739   2.603722   2.169159   3.227448
    12  H    4.240929   3.620750   3.347553   2.603722   3.253739
                    6          7          8          9         10
     6  H    0.000000
     7  H    1.084580   0.000000
     8  H    1.379755   1.084580   0.000000
     9  H    2.232434   2.169159   1.084580   0.000000
    10  H    2.759510   2.232434   1.379755   1.084580   0.000000
    11  H    2.232434   1.379755   1.084580   1.673776   1.084580
    12  H    2.169159   1.084580   1.673776   2.603722   2.169159
                   11         12
    11  H    0.000000
    12  H    1.084580   0.000000
 Stoichiometry    H12
 Framework group  C2H[SGH(H12)]
 Deg. of freedom    11
 Full point group                 C2H     NOp   4
 Largest Abelian subgroup         C2H     NOp   4
 Largest concise Abelian subgroup C2      NOp   2
                         Standard orientation:                         
 ---------------------------------------------------------------------
 Center     Atomic      Atomic             Coordinates (Angstroms)
 Number     Number       Type             X           Y           Z
 ---------------------------------------------------------------------
      1          1           0        1.064653    1.833817    0.000000
      2          1           0        0.000000    1.626869    0.000000
      3          1           0        1.064653    0.749237    0.000000
      4          1           0        0.000000    0.542290    0.000000
      5          1           0       -1.064653    1.419922    0.000000
      6          1           0       -1.064653    0.335342    0.000000
      7          1           0       -1.064653   -0.749237    0.000000
      8          1           0       -0.000000   -0.542290    0.000000
      9          1           0        1.064653   -0.335342   -0.000000
     10          1           0        1.064653   -1.419922    0.000000
     11          1           0       -0.000000   -1.626869    0.000000
     12          1           0       -1.064653   -1.833817    0.000000
 ---------------------------------------------------------------------
 Rotational constants (GHZ):     57.4259985     27.3675273     18.5345233
 General basis read from cards:  (5D, 7F)
 There are     6 symmetry adapted cartesian basis functions of AG  symmetry.
 There are     0 symmetry adapted cartesian basis functions of BG  symmetry.
 There are     0 symmetry adapted cartesian basis functions of AU  symmetry.
 There are     6 symmetry adapted cartesian basis functions of BU  symmetry.
 There are     6 symmetry adapted basis functions of AG  symmetry.
 There are     0 symmetry adapted basis functions of BG  symmetry.
 There are     0 symmetry adapted basis functions of AU  symmetry.
 There are     6 symmetry adapted basis functions of BU  symmetry.
    12 basis functions,   120 primitive gaussians,    12 cartesian basis functions
     6 alpha electrons        6 beta electrons
       nuclear repulsion energy        20.0957888706 Hartrees.
 NAtoms=   12 NActive=   12 NUniq=    6 SFac= 4.00D+00 NAtFMM=   60 NAOKFM=F Big=F
 Integral buffers will be    131072 words long.
 Regular integral format.
 Two-electron integral symmetry is turned on.
 One-electron integrals computed using PRISM.
 NBasis=    12 RedAO= T EigKep=  1.17D-01  NBF=     6     0     0     6
 NBsUse=    12 1.00D-06 EigRej= -1.00D+00 NBFU=     6     0     0     6
 Initial guess from the checkpoint file:  "h12.chk"
 B after Tr=    -0.000000   -0.000000    0.000000
         Rot=    0.997987   -0.000000   -0.000000   -0.063413 Ang=  -7.27 deg.
 Initial guess orbital symmetries:
       Occupied  (AG) (BU) (BU) (AG) (AG) (AG)
       Virtual   (BU) (BU) (BU) (AG) (AG) (BU)
 Keep R1 ints in memory in symmetry-blocked form, NReq=904036.
 Requested convergence on RMS density matrix=1.00D-08 within 128 cycles.
 Requested convergence on MAX density matrix=1.00D-06.
 Requested convergence on             energy=1.00D-06.
 No special actions if energy rises.
 SCF Done:  E(RHF) =  -5.82439257265     A.U. after    9 cycles
            NFock=  9  Conv=0.50D-08     -V/T= 1.9055
 Range of M.O.s used for correlation:     1    12
 NBasis=    12 NAE=     6 NBE=     6 NFC=     0 NFV=     0
 NROrb=     12 NOA=     6 NOB=     6 NVA=     6 NVB=     6
 Semi-Direct transformation.
 ModeAB=           4 MOrb=             6 LenV=     134084143
 LASXX=         2181 LTotXX=        2181 LenRXX=        5115
 LTotAB=        2934 MaxLAS=        3024 LenRXY=           0
 NonZer=        7296 LenScr=      655360 LnRSAI=        3024
 LnScr1=      655360 LExtra=           0 Total=      1318859
 MaxDsk=          -1 SrtSym=           T ITran=            3
 JobTyp=0 Pass  1:  I=   1 to   6.
 (rs|ai) integrals will be sorted in core.
 Spin components of T(2) and E(2):
     alpha-alpha T2 =       0.1117667113D-01 E2=     -0.1376740629D-01
     alpha-beta  T2 =       0.8109524415D-01 E2=     -0.1119166628D+00
     beta-beta   T2 =       0.1117667113D-01 E2=     -0.1376740629D-01
 ANorm=    0.1050451611D+01
 E2 =    -0.1394514754D+00 EUMP2 =    -0.59638440480499D+01
 Second order stability test of a single determinant RHF wave function:
 Stabil:  MDV=134217728
 ***********************************************************************
 Matrix         Lowest Root    Major Pairs
 ***********************************************************************
 Internal RHF     0.032895     Stable
 RRHF --> CRHF    0.0010708    Stable

 RRHF --> RUHF   -0.094479     6A=7B 6A=9B 4A=7B 6A=8B 4A=9B 5A=7B 5A=9B 1A=9B 2A
 =10B 6A=12B 3A=10B 1A=12B
 Not stable.
 ***********************************************************************

 **********************************************************************

            Population analysis using the SCF density.

 **********************************************************************

 Orbital symmetries:
       Occupied  (AG) (BU) (BU) (AG) (AG) (AG)
       Virtual   (BU) (BU) (BU) (AG) (AG) (BU)
 The electronic state is 1-AG.
 Alpha  occ. eigenvalues --   -0.93223  -0.75610  -0.65175  -0.49323  -0.41327
 Alpha  occ. eigenvalues --   -0.25230
 Alpha virt. eigenvalues --    0.02193   0.19016   0.23875   0.43937   0.62298
 Alpha virt. eigenvalues --    0.93474
          Condensed to atoms (all electrons):
               1          2          3          4          5          6
     1  H    0.601506   0.139269   0.290881  -0.096796  -0.018645  -0.019175
     2  H    0.139269   0.970900  -0.154223   0.191722   0.150395  -0.129573
     3  H    0.290881  -0.154223   0.952296  -0.202415  -0.044468   0.023839
     4  H   -0.096796   0.191722  -0.202415   1.398041  -0.197962  -0.238640
     5  H   -0.018645   0.150395  -0.044468  -0.197962   0.879159   0.328596
     6  H   -0.019175  -0.129573   0.023839  -0.238640   0.328596   0.977868
     7  H    0.006781  -0.051562   0.044333  -0.138427  -0.012422   0.305099
     8  H   -0.044033   0.012248  -0.138427   0.703155  -0.102035  -0.234248
     9  H   -0.004913  -0.096541   0.305099  -0.234248   0.016271   0.074781
    10  H   -0.002908   0.001032  -0.012422  -0.102035   0.015207   0.016271
    11  H    0.001014   0.023192  -0.051562   0.012248   0.001032  -0.096541
    12  H    0.003241   0.001014   0.006781  -0.044033  -0.002908  -0.004913
               7          8          9         10         11         12
     1  H    0.006781  -0.044033  -0.004913  -0.002908   0.001014   0.003241
     2  H   -0.051562   0.012248  -0.096541   0.001032   0.023192   0.001014
     3  H    0.044333  -0.138427   0.305099  -0.012422  -0.051562   0.006781
     4  H   -0.138427   0.703155  -0.234248  -0.102035   0.012248  -0.044033
     5  H   -0.012422  -0.102035   0.016271   0.015207   0.001032  -0.002908
     6  H    0.305099  -0.234248   0.074781   0.016271  -0.096541  -0.004913
     7  H    0.952296  -0.202415   0.023839  -0.044468  -0.154223   0.290881
     8  H   -0.202415   1.398041  -0.238640  -0.197962   0.191722  -0.096796
     9  H    0.023839  -0.238640   0.977868   0.328596  -0.129573  -0.019175
    10  H   -0.044468  -0.197962   0.328596   0.879159   0.150395  -0.018645
    11  H   -0.154223   0.191722  -0.129573   0.150395   0.970900   0.139269
    12  H    0.290881  -0.096796  -0.019175  -0.018645   0.139269   0.601506
 Mulliken charges:
               1
     1  H    0.143778
     2  H   -0.057874
     3  H   -0.019712
     4  H   -0.050610
     5  H   -0.012219
     6  H   -0.003363
     7  H   -0.019712
     8  H   -0.050610
     9  H   -0.003363
    10  H   -0.012219
    11  H   -0.057874
    12  H    0.143778
 Sum of Mulliken charges =  -0.00000
 Mulliken charges with hydrogens summed into heavy atoms:
               1
 Electronic spatial extent (au):  <R**2>=            132.7736
 Charge=             -0.0000 electrons
 Dipole moment (field-independent basis, Debye):
    X=             -0.0000    Y=             -0.0000    Z=              0.0000  Tot=              0.0000
 Quadrupole moment (field-independent basis, Debye-Ang):
   XX=            -19.4960   YY=            -13.9414   ZZ=            -15.1959
   XY=              3.3156   XZ=              0.0000   YZ=             -0.0000
 Traceless Quadrupole moment (field-independent basis, Debye-Ang):
   XX=             -3.2849   YY=              2.2697   ZZ=              1.0152
   XY=              3.3156   XZ=              0.0000   YZ=             -0.0000
 Octapole moment (field-independent basis, Debye-Ang**2):
  XXX=              0.0000  YYY=             -0.0000  ZZZ=             -0.0000  XYY=              0.0000
  XXY=             -0.0000  XXZ=             -0.0000  XZZ=             -0.0000  YZZ=             -0.0000
  YYZ=             -0.0000  XYZ=              0.0000
 Hexadecapole moment (field-independent basis, Debye-Ang**3):
 XXXX=           -110.7235 YYYY=           -153.5772 ZZZZ=            -18.0338 XXXY=             -1.2247
 XXXZ=              0.0000 YYYX=              7.8146 YYYZ=              0.0000 ZZZX=              0.0000
 ZZZY=              0.0000 XXYY=            -41.2727 XXZZ=            -19.7573 YYZZ=            -29.8001
 XXYZ=              0.0000 YYXZ=              0.0000 ZZXY=             -1.5419
 N-N= 2.009578887063D+01 E-N=-5.127495873226D+01  KE= 6.432373448872D+00
 Symmetry AG   KE= 4.878214854062D+00
 Symmetry BG   KE= 0.000000000000D+00
 Symmetry AU   KE= 0.000000000000D+00
 Symmetry BU   KE= 1.554158594810D+00

 Test job not archived.
 1\1\GINC-SULU\Stability\RHF\Gen\H12\LCJ1\17-Feb-2017\0\\#rhf/gen scf(s
 ymm,tight,novaracc,noincfock,fulldiag) stable(crhf) guess=read geom=no
 crowd test\\hf stability analysis of h12 triangular lattice, y= 0.8368
 8823439314863\\0,1\H\H,1,1.0845795164\H,1,1.0845795164,2,79.\H,2,1.084
 5795164,1,101.,3,0.,0\H,2,1.0845795164,1,180.,3,0.,0\H,4,1.0845795164,
 3,180.,5,0.,0\H,6,1.0845795164,5,180.,3,0.,0\H,4,1.0845795164,2,180.,3
 ,0.,0\H,3,1.0845795164,1,180.,4,0.,0\H,9,1.0845795164,3,180.,4,0.,0\H,
 8,1.0845795164,4,180.,3,0.,0\H,7,1.0845795164,6,180.,3,0.,0\\Version=E
 S64L-G09RevE.01\State=1-AG\HF=-5.8243926\MP2=-5.963844\RMSD=4.983e-09\
 Dipole=0.,0.,0.\Quadrupole=0.6136717,0.754759,-1.3684307,0.,3.0591025,
 0.\PG=C02H [SGH(H12)]\\@


 THE HURRIEDER I GO, THE BEHINDER I GET.
 Job cpu time:       0 days  0 hours  0 minutes  1.1 seconds.
 File lengths (MBytes):  RWF=     84 Int=      0 D2E=      0 Chk=      2 Scr=      2
 Normal termination of Gaussian 09 at Fri Feb 17 15:03:19 2017.
