 Entering Gaussian System, Link 0=g09
 AtFile(1): H.gbs
            H     0
            S   10   1.00
               1000.000000000000            0.000068713567
                316.227766000000            0.000169141320
                100.000000000000            0.000823394812
                 31.622776600000            0.003425569236
                 10.000000000000            0.013951996000
                  3.162277660000            0.056909313560
                  1.000000000000            0.198286399900
                  0.316227766000            0.496922426700
                  0.100000000000            0.369846276400
                  0.031622776600            0.003752720039
            ****
 Initial command:
 /projects/guscus/apps/gau/g09-e1/g09/l1.exe "/users/lcj1/gaussian/h12/rhfstability/rect/guess/ag4bu2/Gau-10970.inp" -scrdir="/users/lcj1/gaussian/h12/rhfstability/rect/guess/ag4bu2/"
 Entering Link 1 = /projects/guscus/apps/gau/g09-e1/g09/l1.exe PID=     10971.
  
 Copyright (c) 1988,1990,1992,1993,1995,1998,2003,2009,2015,
            Gaussian, Inc.  All Rights Reserved.
  
 This is part of the Gaussian(R) 09 program.  It is based on
 the Gaussian(R) 03 system (copyright 2003, Gaussian, Inc.),
 the Gaussian(R) 98 system (copyright 1998, Gaussian, Inc.),
 the Gaussian(R) 94 system (copyright 1995, Gaussian, Inc.),
 the Gaussian 92(TM) system (copyright 1992, Gaussian, Inc.),
 the Gaussian 90(TM) system (copyright 1990, Gaussian, Inc.),
 the Gaussian 88(TM) system (copyright 1988, Gaussian, Inc.),
 the Gaussian 86(TM) system (copyright 1986, Carnegie Mellon
 University), and the Gaussian 82(TM) system (copyright 1983,
 Carnegie Mellon University). Gaussian is a federally registered
 trademark of Gaussian, Inc.
  
 This software contains proprietary and confidential information,
 including trade secrets, belonging to Gaussian, Inc.
  
 This software is provided under written license and may be
 used, copied, transmitted, or stored only in accord with that
 written license.
  
 The following legend is applicable only to US Government
 contracts under FAR:
  
                    RESTRICTED RIGHTS LEGEND
  
 Use, reproduction and disclosure by the US Government is
 subject to restrictions as set forth in subparagraphs (a)
 and (c) of the Commercial Computer Software - Restricted
 Rights clause in FAR 52.227-19.
  
 Gaussian, Inc.
 340 Quinnipiac St., Bldg. 40, Wallingford CT 06492
  
  
 ---------------------------------------------------------------
 Warning -- This program may not be used in any manner that
 competes with the business of Gaussian, Inc. or will provide
 assistance to any competitor of Gaussian, Inc.  The licensee
 of this program is prohibited from giving any competitor of
 Gaussian, Inc. access to this program.  By using this program,
 the user acknowledges that Gaussian, Inc. is engaged in the
 business of creating and licensing software in the field of
 computational chemistry and represents and warrants to the
 licensee that it is not a competitor of Gaussian, Inc. and that
 it will not use this program in any manner prohibited above.
 ---------------------------------------------------------------
  

 Cite this work as:
 Gaussian 09, Revision E.01,
 M. J. Frisch, G. W. Trucks, H. B. Schlegel, G. E. Scuseria, 
 M. A. Robb, J. R. Cheeseman, G. Scalmani, V. Barone, B. Mennucci, 
 G. A. Petersson, H. Nakatsuji, M. Caricato, X. Li, H. P. Hratchian, 
 A. F. Izmaylov, J. Bloino, G. Zheng, J. L. Sonnenberg, M. Hada, 
 M. Ehara, K. Toyota, R. Fukuda, J. Hasegawa, M. Ishida, T. Nakajima, 
 Y. Honda, O. Kitao, H. Nakai, T. Vreven, J. A. Montgomery, Jr., 
 J. E. Peralta, F. Ogliaro, M. Bearpark, J. J. Heyd, E. Brothers, 
 K. N. Kudin, V. N. Staroverov, T. Keith, R. Kobayashi, J. Normand, 
 K. Raghavachari, A. Rendell, J. C. Burant, S. S. Iyengar, J. Tomasi, 
 M. Cossi, N. Rega, J. M. Millam, M. Klene, J. E. Knox, J. B. Cross, 
 V. Bakken, C. Adamo, J. Jaramillo, R. Gomperts, R. E. Stratmann, 
 O. Yazyev, A. J. Austin, R. Cammi, C. Pomelli, J. W. Ochterski, 
 R. L. Martin, K. Morokuma, V. G. Zakrzewski, G. A. Voth, 
 P. Salvador, J. J. Dannenberg, S. Dapprich, A. D. Daniels, 
 O. Farkas, J. B. Foresman, J. V. Ortiz, J. Cioslowski, 
 and D. J. Fox, Gaussian, Inc., Wallingford CT, 2013.
 
 ******************************************
 Gaussian 09:  ES64L-G09RevE.01 30-Nov-2015
                17-Feb-2017 
 ******************************************
 %chk=h12.chk
 ----------------------------------------------------------------------
 #rhf/gen scf(symm,tight,novaracc,noincfock,fulldiag) stable(crhf) gues
 s=read geom=nocrowd test
 ----------------------------------------------------------------------
 1/38=1/1;
 2/12=1,17=6,18=5,40=1/2;
 3/5=7,16=1,25=1,30=1,116=1/1,2,3;
 4/5=1,9=4/1;
 5/5=100002,15=2,16=1,32=2,38=6/2;
 8/6=1,10=90,11=11/1,4;
 9/8=4,13=1/2;
 6/7=2,8=2,9=2,10=2,28=1/1;
 99/5=1,9=1/99;
 ----------------------------------------------------------------------
 hf stability analysis of h12 triangular lattice, y= 1.3850361609029067
 ----------------------------------------------------------------------
 Symbolic Z-matrix:
 Charge =  0 Multiplicity = 1
 H
 H                    1     1.44641 
 H                    1     1.44641  2     33.5 
 H                    2     1.44641  1     146.5    3     0.       0
 H                    2     1.44641  1     180.     3     0.       0
 H                    4     1.44641  3     180.     5     0.       0
 H                    6     1.44641  5     180.     3     0.       0
 H                    4     1.44641  2     180.     3     0.       0
 H                    3     1.44641  1     180.     4     0.       0
 H                    9     1.44641  3     180.     4     0.       0
 H                    8     1.44641  4     180.     3     0.       0
 H                    7     1.44641  6     180.     3     0.       0
 
                          Input orientation:                          
 ---------------------------------------------------------------------
 Center     Atomic      Atomic             Coordinates (Angstroms)
 Number     Number       Type             X           Y           Z
 ---------------------------------------------------------------------
      1          1           0        0.000000    0.000000    0.000000
      2          1           0        0.000000    0.000000    1.446405
      3          1           0        0.798324    0.000000    1.206137
      4          1           0        0.798324    0.000000    2.652542
      5          1           0        0.000000    0.000000    2.892810
      6          1           0        0.798324    0.000000    4.098947
      7          1           0        1.596649    0.000000    5.305084
      8          1           0        1.596649    0.000000    3.858679
      9          1           0        1.596649    0.000000    2.412273
     10          1           0        2.394973    0.000000    3.618410
     11          1           0        2.394973    0.000000    5.064815
     12          1           0        2.394973    0.000000    6.511221
 ---------------------------------------------------------------------
                    Distance matrix (angstroms):
                    1          2          3          4          5
     1  H    0.000000
     2  H    1.446405   0.000000
     3  H    1.446405   0.833697   0.000000
     4  H    2.770072   1.446405   1.446405   0.000000
     5  H    2.892810   1.446405   1.866063   0.833697   0.000000
     6  H    4.175966   2.770072   2.892810   1.446405   1.446405
     7  H    5.540145   4.175966   4.175966   2.770072   2.892810
     8  H    4.175966   2.892810   2.770072   1.446405   1.866063
     9  H    2.892810   1.866063   1.446405   0.833697   1.667394
    10  H    4.339215   3.233188   2.892810   1.866063   2.502477
    11  H    5.602522   4.339215   4.175966   2.892810   3.233188
    12  H    6.937715   5.602522   5.540145   4.175966   4.339215
                    6          7          8          9         10
     6  H    0.000000
     7  H    1.446405   0.000000
     8  H    0.833697   1.446405   0.000000
     9  H    1.866063   2.892810   1.446405   0.000000
    10  H    1.667394   1.866063   0.833697   1.446405   0.000000
    11  H    1.866063   0.833697   1.446405   2.770072   1.446405
    12  H    2.892810   1.446405   2.770072   4.175966   2.892810
                   11         12
    11  H    0.000000
    12  H    1.446405   0.000000
 Stoichiometry    H12
 Framework group  C2H[SGH(H12)]
 Deg. of freedom    11
 Full point group                 C2H     NOp   4
 Largest Abelian subgroup         C2H     NOp   4
 Largest concise Abelian subgroup C2      NOp   2
                         Standard orientation:                         
 ---------------------------------------------------------------------
 Center     Atomic      Atomic             Coordinates (Angstroms)
 Number     Number       Type             X           Y           Z
 ---------------------------------------------------------------------
      1          1           0        0.798324    3.375744   -0.000000
      2          1           0        0.000000    2.169608   -0.000000
      3          1           0        0.798324    1.929339   -0.000000
      4          1           0        0.000000    0.723203   -0.000000
      5          1           0       -0.798324    0.963471   -0.000000
      6          1           0       -0.798324   -0.482934    0.000000
      7          1           0       -0.798324   -1.929339   -0.000000
      8          1           0       -0.000000   -0.723203   -0.000000
      9          1           0        0.798324    0.482934    0.000000
     10          1           0        0.798324   -0.963471    0.000000
     11          1           0       -0.000000   -2.169608   -0.000000
     12          1           0       -0.798324   -3.375744   -0.000000
 ---------------------------------------------------------------------
 Rotational constants (GHZ):    139.5439301     11.2624553     10.4213576
 General basis read from cards:  (5D, 7F)
 There are     6 symmetry adapted cartesian basis functions of AG  symmetry.
 There are     0 symmetry adapted cartesian basis functions of BG  symmetry.
 There are     0 symmetry adapted cartesian basis functions of AU  symmetry.
 There are     6 symmetry adapted cartesian basis functions of BU  symmetry.
 There are     6 symmetry adapted basis functions of AG  symmetry.
 There are     0 symmetry adapted basis functions of BG  symmetry.
 There are     0 symmetry adapted basis functions of AU  symmetry.
 There are     6 symmetry adapted basis functions of BU  symmetry.
    12 basis functions,   120 primitive gaussians,    12 cartesian basis functions
     6 alpha electrons        6 beta electrons
       nuclear repulsion energy        17.8711714108 Hartrees.
 NAtoms=   12 NActive=   12 NUniq=    6 SFac= 4.00D+00 NAtFMM=   60 NAOKFM=F Big=F
 Integral buffers will be    131072 words long.
 Regular integral format.
 Two-electron integral symmetry is turned on.
 One-electron integrals computed using PRISM.
 NBasis=    12 RedAO= T EigKep=  1.27D-01  NBF=     6     0     0     6
 NBsUse=    12 1.00D-06 EigRej= -1.00D+00 NBFU=     6     0     0     6
 Initial guess from the checkpoint file:  "h12.chk"
 B after Tr=    -0.000000    0.000000   -0.000000
         Rot=    0.981685   -0.000000   -0.000000   -0.190513 Ang= -21.97 deg.
 Initial guess orbital symmetries:
       Occupied  (AG) (BU) (BU) (AG) (AG) (AG)
       Virtual   (BU) (BU) (BU) (AG) (AG) (BU)
 Keep R1 ints in memory in symmetry-blocked form, NReq=899164.
 Requested convergence on RMS density matrix=1.00D-08 within 128 cycles.
 Requested convergence on MAX density matrix=1.00D-06.
 Requested convergence on             energy=1.00D-06.
 No special actions if energy rises.
 SCF Done:  E(RHF) =  -5.36553547758     A.U. after   17 cycles
            NFock= 17  Conv=0.20D-08     -V/T= 1.7802
 Range of M.O.s used for correlation:     1    12
 NBasis=    12 NAE=     6 NBE=     6 NFC=     0 NFV=     0
 NROrb=     12 NOA=     6 NOB=     6 NVA=     6 NVB=     6

 **** Warning!!: The smallest alpha delta epsilon is -0.10487221D+00

 Semi-Direct transformation.
 ModeAB=           4 MOrb=             6 LenV=     134088959
 LASXX=         2181 LTotXX=        2181 LenRXX=        5115
 LTotAB=        2934 MaxLAS=        3024 LenRXY=           0
 NonZer=        7296 LenScr=      655360 LnRSAI=        3024
 LnScr1=      655360 LExtra=           0 Total=      1318859
 MaxDsk=          -1 SrtSym=           T ITran=            3
 JobTyp=0 Pass  1:  I=   1 to   6.
 (rs|ai) integrals will be sorted in core.
 Spin components of T(2) and E(2):
     alpha-alpha T2 =       0.5577720431D-01 E2=     -0.1682961635D-01
     alpha-beta  T2 =       0.1635830673D+03 E2=     -0.1560993506D+01
     beta-beta   T2 =       0.5577720431D-01 E2=     -0.1682961635D-01
 ANorm=    0.1283334024D+02
 E2 =    -0.1594652739D+01 EUMP2 =    -0.69601882167425D+01
 Second order stability test of a single determinant RHF wave function:
 Stabil:  MDV=134217728
 ***********************************************************************
 Matrix         Lowest Root    Major Pairs
 ***********************************************************************
 Internal RHF    -0.2679379    6A=7A
 RRHF --> CRHF   -0.2818019    6A=7A
 RRHF --> RUHF   -0.5070327    6A=8B 6A=7B
 Not stable.
 ***********************************************************************

 **********************************************************************

            Population analysis using the SCF density.

 **********************************************************************

 Orbital symmetries:
       Occupied  (AG) (BU) (AG) (BU) (AG) (AG)
       Virtual   (BU) (BU) (BU) (AG) (AG) (BU)
 The electronic state is 1-AG.
 Alpha  occ. eigenvalues --   -0.92042  -0.78080  -0.59987  -0.51107  -0.27689
 Alpha  occ. eigenvalues --   -0.11899
 Alpha virt. eigenvalues --   -0.22386  -0.00694   0.36882   0.42479   0.51849
 Alpha virt. eigenvalues --    0.72523
          Condensed to atoms (all electrons):
               1          2          3          4          5          6
     1  H    1.325791  -0.088561  -0.097590  -0.006518  -0.005739   0.000614
     2  H   -0.088561   0.703133   0.415384  -0.078969   0.043128  -0.035626
     3  H   -0.097590   0.415384   0.959430  -0.132187  -0.160051   0.009870
     4  H   -0.006518  -0.078969  -0.132187   0.965248   0.440080   0.001058
     5  H   -0.005739   0.043128  -0.160051   0.440080   1.338453  -0.342880
     6  H    0.000614  -0.035626   0.009870   0.001058  -0.342880   0.881768
     7  H   -0.000441   0.000872   0.003065  -0.002862  -0.016270   0.102275
     8  H    0.001959  -0.003000  -0.002862  -0.097453  -0.075215   0.150531
     9  H    0.004702  -0.084002   0.102275   0.150531  -0.234821   0.204638
    10  H    0.001382   0.015381  -0.016270  -0.075215   0.069185  -0.234821
    11  H   -0.000322   0.002283   0.000872  -0.003000   0.015381  -0.084002
    12  H    0.000090  -0.000322  -0.000441   0.001959   0.001382   0.004702
               7          8          9         10         11         12
     1  H   -0.000441   0.001959   0.004702   0.001382  -0.000322   0.000090
     2  H    0.000872  -0.003000  -0.084002   0.015381   0.002283  -0.000322
     3  H    0.003065  -0.002862   0.102275  -0.016270   0.000872  -0.000441
     4  H   -0.002862  -0.097453   0.150531  -0.075215  -0.003000   0.001959
     5  H   -0.016270  -0.075215  -0.234821   0.069185   0.015381   0.001382
     6  H    0.102275   0.150531   0.204638  -0.234821  -0.084002   0.004702
     7  H    0.959430  -0.132187   0.009870  -0.160051   0.415384  -0.097590
     8  H   -0.132187   0.965248   0.001058   0.440080  -0.078969  -0.006518
     9  H    0.009870   0.001058   0.881768  -0.342880  -0.035626   0.000614
    10  H   -0.160051   0.440080  -0.342880   1.338453   0.043128  -0.005739
    11  H    0.415384  -0.078969  -0.035626   0.043128   0.703133  -0.088561
    12  H   -0.097590  -0.006518   0.000614  -0.005739  -0.088561   1.325791
 Mulliken charges:
               1
     1  H   -0.135369
     2  H    0.110297
     3  H   -0.081495
     4  H   -0.162672
     5  H   -0.072633
     6  H    0.341872
     7  H   -0.081495
     8  H   -0.162672
     9  H    0.341872
    10  H   -0.072633
    11  H    0.110297
    12  H   -0.135369
 Sum of Mulliken charges =   0.00000
 Mulliken charges with hydrogens summed into heavy atoms:
               1
 Electronic spatial extent (au):  <R**2>=            220.4230
 Charge=              0.0000 electrons
 Dipole moment (field-independent basis, Debye):
    X=              0.0000    Y=              0.0000    Z=              0.0000  Tot=              0.0000
 Quadrupole moment (field-independent basis, Debye-Ang):
   XX=            -15.4359   YY=            -35.0541   ZZ=            -14.8659
   XY=             -3.9333   XZ=             -0.0000   YZ=             -0.0000
 Traceless Quadrupole moment (field-independent basis, Debye-Ang):
   XX=              6.3494   YY=            -13.2688   ZZ=              6.9194
   XY=             -3.9333   XZ=             -0.0000   YZ=             -0.0000
 Octapole moment (field-independent basis, Debye-Ang**2):
  XXX=              0.0000  YYY=             -0.0000  ZZZ=              0.0000  XYY=             -0.0000
  XXY=             -0.0000  XXZ=              0.0000  XZZ=              0.0000  YZZ=             -0.0000
  YYZ=              0.0000  XYZ=              0.0000
 Hexadecapole moment (field-independent basis, Debye-Ang**3):
 XXXX=            -57.0821 YYYY=           -627.2865 ZZZZ=            -17.4466 XXXY=            -36.2067
 XXXZ=             -0.0000 YYYX=           -100.6839 YYYZ=             -0.0000 ZZZX=             -0.0000
 ZZZY=             -0.0000 XXYY=            -92.1516 XXZZ=            -12.4542 YYZZ=            -66.9573
 XXYZ=             -0.0000 YYXZ=             -0.0000 ZZXY=            -11.2338
 N-N= 1.787117141083D+01 E-N=-4.693469539113D+01  KE= 6.877390123208D+00
 Symmetry AG   KE= 4.778381865493D+00
 Symmetry BG   KE= 0.000000000000D+00
 Symmetry AU   KE= 0.000000000000D+00
 Symmetry BU   KE= 2.099008257715D+00

 Test job not archived.
 1\1\GINC-SULU\Stability\RHF\Gen\H12\LCJ1\17-Feb-2017\0\\#rhf/gen scf(s
 ymm,tight,novaracc,noincfock,fulldiag) stable(crhf) guess=read geom=no
 crowd test\\hf stability analysis of h12 triangular lattice, y= 1.3850
 361609029067\\0,1\H\H,1,1.4464051482\H,1,1.4464051482,2,33.5\H,2,1.446
 4051482,1,146.5,3,0.,0\H,2,1.4464051482,1,180.,3,0.,0\H,4,1.4464051482
 ,3,180.,5,0.,0\H,6,1.4464051482,5,180.,3,0.,0\H,4,1.4464051482,2,180.,
 3,0.,0\H,3,1.4464051482,1,180.,4,0.,0\H,9,1.4464051482,3,180.,4,0.,0\H
 ,8,1.4464051482,4,180.,3,0.,0\H,7,1.4464051482,6,180.,3,0.,0\\Version=
 ES64L-G09RevE.01\State=1-AG\HF=-5.3655355\MP2=-6.9601882\RMSD=2.008e-0
 9\Dipole=0.,0.,0.\Quadrupole=2.969189,5.1444186,-8.1136076,0.,-5.57044
 13,0.\PG=C02H [SGH(H12)]\\@


 THE ONLY DIFFERENCE BETWEEN ECCENTRICS AND JOGGERS
 IS THAT JOGGERS WEAR SWEATBANDS WHEN THEY RUN IN THE RAIN.
 Job cpu time:       0 days  0 hours  0 minutes  1.0 seconds.
 File lengths (MBytes):  RWF=     84 Int=      0 D2E=      0 Chk=      2 Scr=      2
 Normal termination of Gaussian 09 at Fri Feb 17 15:08:04 2017.
