 Entering Gaussian System, Link 0=g09
 AtFile(1): H.gbs
            H     0
            S   10   1.00
               1000.000000000000            0.000068713567
                316.227766000000            0.000169141320
                100.000000000000            0.000823394812
                 31.622776600000            0.003425569236
                 10.000000000000            0.013951996000
                  3.162277660000            0.056909313560
                  1.000000000000            0.198286399900
                  0.316227766000            0.496922426700
                  0.100000000000            0.369846276400
                  0.031622776600            0.003752720039
            ****
 Initial command:
 /projects/guscus/apps/gau/g09-e1/g09/l1.exe "/users/lcj1/gaussian/h12/rhfstability/rect/guess/ag4bu2/Gau-26162.inp" -scrdir="/users/lcj1/gaussian/h12/rhfstability/rect/guess/ag4bu2/"
 Entering Link 1 = /projects/guscus/apps/gau/g09-e1/g09/l1.exe PID=     26163.
  
 Copyright (c) 1988,1990,1992,1993,1995,1998,2003,2009,2015,
            Gaussian, Inc.  All Rights Reserved.
  
 This is part of the Gaussian(R) 09 program.  It is based on
 the Gaussian(R) 03 system (copyright 2003, Gaussian, Inc.),
 the Gaussian(R) 98 system (copyright 1998, Gaussian, Inc.),
 the Gaussian(R) 94 system (copyright 1995, Gaussian, Inc.),
 the Gaussian 92(TM) system (copyright 1992, Gaussian, Inc.),
 the Gaussian 90(TM) system (copyright 1990, Gaussian, Inc.),
 the Gaussian 88(TM) system (copyright 1988, Gaussian, Inc.),
 the Gaussian 86(TM) system (copyright 1986, Carnegie Mellon
 University), and the Gaussian 82(TM) system (copyright 1983,
 Carnegie Mellon University). Gaussian is a federally registered
 trademark of Gaussian, Inc.
  
 This software contains proprietary and confidential information,
 including trade secrets, belonging to Gaussian, Inc.
  
 This software is provided under written license and may be
 used, copied, transmitted, or stored only in accord with that
 written license.
  
 The following legend is applicable only to US Government
 contracts under FAR:
  
                    RESTRICTED RIGHTS LEGEND
  
 Use, reproduction and disclosure by the US Government is
 subject to restrictions as set forth in subparagraphs (a)
 and (c) of the Commercial Computer Software - Restricted
 Rights clause in FAR 52.227-19.
  
 Gaussian, Inc.
 340 Quinnipiac St., Bldg. 40, Wallingford CT 06492
  
  
 ---------------------------------------------------------------
 Warning -- This program may not be used in any manner that
 competes with the business of Gaussian, Inc. or will provide
 assistance to any competitor of Gaussian, Inc.  The licensee
 of this program is prohibited from giving any competitor of
 Gaussian, Inc. access to this program.  By using this program,
 the user acknowledges that Gaussian, Inc. is engaged in the
 business of creating and licensing software in the field of
 computational chemistry and represents and warrants to the
 licensee that it is not a competitor of Gaussian, Inc. and that
 it will not use this program in any manner prohibited above.
 ---------------------------------------------------------------
  

 Cite this work as:
 Gaussian 09, Revision E.01,
 M. J. Frisch, G. W. Trucks, H. B. Schlegel, G. E. Scuseria, 
 M. A. Robb, J. R. Cheeseman, G. Scalmani, V. Barone, B. Mennucci, 
 G. A. Petersson, H. Nakatsuji, M. Caricato, X. Li, H. P. Hratchian, 
 A. F. Izmaylov, J. Bloino, G. Zheng, J. L. Sonnenberg, M. Hada, 
 M. Ehara, K. Toyota, R. Fukuda, J. Hasegawa, M. Ishida, T. Nakajima, 
 Y. Honda, O. Kitao, H. Nakai, T. Vreven, J. A. Montgomery, Jr., 
 J. E. Peralta, F. Ogliaro, M. Bearpark, J. J. Heyd, E. Brothers, 
 K. N. Kudin, V. N. Staroverov, T. Keith, R. Kobayashi, J. Normand, 
 K. Raghavachari, A. Rendell, J. C. Burant, S. S. Iyengar, J. Tomasi, 
 M. Cossi, N. Rega, J. M. Millam, M. Klene, J. E. Knox, J. B. Cross, 
 V. Bakken, C. Adamo, J. Jaramillo, R. Gomperts, R. E. Stratmann, 
 O. Yazyev, A. J. Austin, R. Cammi, C. Pomelli, J. W. Ochterski, 
 R. L. Martin, K. Morokuma, V. G. Zakrzewski, G. A. Voth, 
 P. Salvador, J. J. Dannenberg, S. Dapprich, A. D. Daniels, 
 O. Farkas, J. B. Foresman, J. V. Ortiz, J. Cioslowski, 
 and D. J. Fox, Gaussian, Inc., Wallingford CT, 2013.
 
 ******************************************
 Gaussian 09:  ES64L-G09RevE.01 30-Nov-2015
                17-Feb-2017 
 ******************************************
 %chk=h12.chk
 ----------------------------------------------------------------------
 #rhf/gen scf(symm,tight,novaracc,noincfock,fulldiag) stable(crhf) gues
 s=read geom=nocrowd test
 ----------------------------------------------------------------------
 1/38=1/1;
 2/12=1,17=6,18=5,40=1/2;
 3/5=7,16=1,25=1,30=1,116=1/1,2,3;
 4/5=1,9=4/1;
 5/5=100002,15=2,16=1,32=2,38=6/2;
 8/6=1,10=90,11=11/1,4;
 9/8=4,13=1/2;
 6/7=2,8=2,9=2,10=2,28=1/1;
 99/5=1,9=1/99;
 ----------------------------------------------------------------------
 hf stability analysis of h12 triangular lattice, y= 0.6807147699477958
 9
 ----------------------------------------------------------------------
 Symbolic Z-matrix:
 Charge =  0 Multiplicity = 1
 H
 H                    1     1.08754 
 H                    1     1.08754  2     102.5 
 H                    2     1.08754  1     77.5     3     0.       0
 H                    2     1.08754  1     180.     3     0.       0
 H                    4     1.08754  3     180.     5     0.       0
 H                    6     1.08754  5     180.     3     0.       0
 H                    4     1.08754  2     180.     3     0.       0
 H                    3     1.08754  1     180.     4     0.       0
 H                    9     1.08754  3     180.     4     0.       0
 H                    8     1.08754  4     180.     3     0.       0
 H                    7     1.08754  6     180.     3     0.       0
 
                          Input orientation:                          
 ---------------------------------------------------------------------
 Center     Atomic      Atomic             Coordinates (Angstroms)
 Number     Number       Type             X           Y           Z
 ---------------------------------------------------------------------
      1          1           0        0.000000    0.000000    0.000000
      2          1           0        0.000000    0.000000    1.087537
      3          1           0        1.061758    0.000000   -0.235386
      4          1           0        1.061758    0.000000    0.852151
      5          1           0        0.000000    0.000000    2.175073
      6          1           0        1.061758    0.000000    1.939687
      7          1           0        2.123515    0.000000    1.704301
      8          1           0        2.123515    0.000000    0.616765
      9          1           0        2.123515    0.000000   -0.470772
     10          1           0        3.185273    0.000000   -0.706158
     11          1           0        3.185273    0.000000    0.381379
     12          1           0        3.185273    0.000000    1.468915
 ---------------------------------------------------------------------
                    Distance matrix (angstroms):
                    1          2          3          4          5
     1  H    0.000000
     2  H    1.087537   0.000000
     3  H    1.087537   1.696306   0.000000
     4  H    1.361430   1.087537   1.087537   0.000000
     5  H    2.175073   1.087537   2.633941   1.696306   0.000000
     6  H    2.211270   1.361430   2.175073   1.087537   1.087537
     7  H    2.722859   2.211270   2.211270   1.361430   2.175073
     8  H    2.211270   2.175073   1.361430   1.087537   2.633941
     9  H    2.175073   2.633941   1.087537   1.696306   3.392612
    10  H    3.262610   3.655586   2.175073   2.633941   4.295051
    11  H    3.208024   3.262610   2.211270   2.175073   3.655586
    12  H    3.507660   3.208024   2.722859   2.211270   3.262610
                    6          7          8          9         10
     6  H    0.000000
     7  H    1.087537   0.000000
     8  H    1.696306   1.087537   0.000000
     9  H    2.633941   2.175073   1.087537   0.000000
    10  H    3.392612   2.633941   1.696306   1.087537   0.000000
    11  H    2.633941   1.696306   1.087537   1.361430   1.087537
    12  H    2.175073   1.087537   1.361430   2.211270   2.175073
                   11         12
    11  H    0.000000
    12  H    1.087537   0.000000
 Stoichiometry    H12
 Framework group  C2H[SGH(H12)]
 Deg. of freedom    11
 Full point group                 C2H     NOp   4
 Largest Abelian subgroup         C2H     NOp   4
 Largest concise Abelian subgroup C2      NOp   2
                         Standard orientation:                         
 ---------------------------------------------------------------------
 Center     Atomic      Atomic             Coordinates (Angstroms)
 Number     Number       Type             X           Y           Z
 ---------------------------------------------------------------------
      1          1           0        1.061758    1.395919    0.000000
      2          1           0        0.000000    1.631305    0.000000
      3          1           0        1.061758    0.308382    0.000000
      4          1           0        0.000000    0.543768    0.000000
      5          1           0       -1.061758    1.866691    0.000000
      6          1           0       -1.061758    0.779154    0.000000
      7          1           0       -1.061758   -0.308382    0.000000
      8          1           0       -0.000000   -0.543768    0.000000
      9          1           0        1.061758   -0.779154    0.000000
     10          1           0        1.061758   -1.866691    0.000000
     11          1           0       -0.000000   -1.631305    0.000000
     12          1           0       -1.061758   -1.395919    0.000000
 ---------------------------------------------------------------------
 Rotational constants (GHZ):     58.2987030     26.9578491     18.4338634
 General basis read from cards:  (5D, 7F)
 There are     6 symmetry adapted cartesian basis functions of AG  symmetry.
 There are     0 symmetry adapted cartesian basis functions of BG  symmetry.
 There are     0 symmetry adapted cartesian basis functions of AU  symmetry.
 There are     6 symmetry adapted cartesian basis functions of BU  symmetry.
 There are     6 symmetry adapted basis functions of AG  symmetry.
 There are     0 symmetry adapted basis functions of BG  symmetry.
 There are     0 symmetry adapted basis functions of AU  symmetry.
 There are     6 symmetry adapted basis functions of BU  symmetry.
    12 basis functions,   120 primitive gaussians,    12 cartesian basis functions
     6 alpha electrons        6 beta electrons
       nuclear repulsion energy        20.0709807317 Hartrees.
 NAtoms=   12 NActive=   12 NUniq=    6 SFac= 4.00D+00 NAtFMM=   60 NAOKFM=F Big=F
 Integral buffers will be    131072 words long.
 Regular integral format.
 Two-electron integral symmetry is turned on.
 One-electron integrals computed using PRISM.
 NBasis=    12 RedAO= T EigKep=  1.19D-01  NBF=     6     0     0     6
 NBsUse=    12 1.00D-06 EigRej= -1.00D+00 NBFU=     6     0     0     6
 Initial guess from the checkpoint file:  "h12.chk"
 B after Tr=    -0.000000   -0.000000    0.000000
         Rot=    0.999971    0.000000    0.000000    0.007588 Ang=   0.87 deg.
 Initial guess orbital symmetries:
       Occupied  (AG) (BU) (BU) (AG) (AG) (AG)
       Virtual   (BU) (BU) (BU) (AG) (AG) (BU)
 Keep R1 ints in memory in symmetry-blocked form, NReq=903672.
 Requested convergence on RMS density matrix=1.00D-08 within 128 cycles.
 Requested convergence on MAX density matrix=1.00D-06.
 Requested convergence on             energy=1.00D-06.
 No special actions if energy rises.
 SCF Done:  E(RHF) =  -5.81429733638     A.U. after    8 cycles
            NFock=  8  Conv=0.62D-08     -V/T= 1.9028
 Range of M.O.s used for correlation:     1    12
 NBasis=    12 NAE=     6 NBE=     6 NFC=     0 NFV=     0
 NROrb=     12 NOA=     6 NOB=     6 NVA=     6 NVB=     6
 Semi-Direct transformation.
 ModeAB=           4 MOrb=             6 LenV=     134084367
 LASXX=         2181 LTotXX=        2181 LenRXX=        5115
 LTotAB=        2934 MaxLAS=        3024 LenRXY=           0
 NonZer=        7296 LenScr=      655360 LnRSAI=        3024
 LnScr1=      655360 LExtra=           0 Total=      1318859
 MaxDsk=          -1 SrtSym=           T ITran=            3
 JobTyp=0 Pass  1:  I=   1 to   6.
 (rs|ai) integrals will be sorted in core.
 Spin components of T(2) and E(2):
     alpha-alpha T2 =       0.1119885812D-01 E2=     -0.1377693769D-01
     alpha-beta  T2 =       0.8181089955D-01 E2=     -0.1123835904D+00
     beta-beta   T2 =       0.1119885812D-01 E2=     -0.1377693769D-01
 ANorm=    0.1050813312D+01
 E2 =    -0.1399374657D+00 EUMP2 =    -0.59542348021220D+01
 Second order stability test of a single determinant RHF wave function:
 Stabil:  MDV=134217728
 ***********************************************************************
 Matrix         Lowest Root    Major Pairs
 ***********************************************************************
 Internal RHF     0.020739     Stable
 RRHF --> CRHF   -0.0120847    6A=7A

 RRHF --> RUHF   -0.1040782    6A=7B 4A=7B 6A=9B 6A=8B 4A=9B 5A=7B 1A=9B 6A=12B 2
 A=10B
 Not stable.
 ***********************************************************************

 **********************************************************************

            Population analysis using the SCF density.

 **********************************************************************

 Orbital symmetries:
       Occupied  (AG) (BU) (BU) (AG) (AG) (AG)
       Virtual   (BU) (BU) (BU) (AG) (AG) (BU)
 The electronic state is 1-AG.
 Alpha  occ. eigenvalues --   -0.93059  -0.75636  -0.64795  -0.49774  -0.40723
 Alpha  occ. eigenvalues --   -0.24679
 Alpha virt. eigenvalues --    0.01334   0.19150   0.25107   0.42345   0.62952
 Alpha virt. eigenvalues --    0.91471
          Condensed to atoms (all electrons):
               1          2          3          4          5          6
     1  H    0.903914   0.150032   0.331106  -0.208408  -0.018289  -0.046548
     2  H    0.150032   0.973255  -0.128070   0.193474   0.137383  -0.156200
     3  H    0.331106  -0.128070   0.982145  -0.241679  -0.017821   0.024011
     4  H   -0.208408   0.193474  -0.241679   1.405741  -0.092553  -0.200313
     5  H   -0.018289   0.137383  -0.017821  -0.092553   0.587252   0.288273
     6  H   -0.046548  -0.156200   0.024011  -0.200313   0.288273   0.952070
     7  H    0.017109  -0.100476   0.077226  -0.242726  -0.004110   0.305579
     8  H   -0.107797   0.012910  -0.242726   0.706018  -0.041467  -0.133325
     9  H   -0.012634  -0.049191   0.305579  -0.133325   0.006311   0.042507
    10  H   -0.002788   0.000950  -0.004110  -0.041467   0.002874   0.006311
    11  H    0.000920   0.022966  -0.100476   0.012910   0.000950  -0.049191
    12  H    0.016708   0.000920   0.017109  -0.107797  -0.002788  -0.012634
               7          8          9         10         11         12
     1  H    0.017109  -0.107797  -0.012634  -0.002788   0.000920   0.016708
     2  H   -0.100476   0.012910  -0.049191   0.000950   0.022966   0.000920
     3  H    0.077226  -0.242726   0.305579  -0.004110  -0.100476   0.017109
     4  H   -0.242726   0.706018  -0.133325  -0.041467   0.012910  -0.107797
     5  H   -0.004110  -0.041467   0.006311   0.002874   0.000950  -0.002788
     6  H    0.305579  -0.133325   0.042507   0.006311  -0.049191  -0.012634
     7  H    0.982145  -0.241679   0.024011  -0.017821  -0.128070   0.331106
     8  H   -0.241679   1.405741  -0.200313  -0.092553   0.193474  -0.208408
     9  H    0.024011  -0.200313   0.952070   0.288273  -0.156200  -0.046548
    10  H   -0.017821  -0.092553   0.288273   0.587252   0.137383  -0.018289
    11  H   -0.128070   0.193474  -0.156200   0.137383   0.973255   0.150032
    12  H    0.331106  -0.208408  -0.046548  -0.018289   0.150032   0.903914
 Mulliken charges:
               1
     1  H   -0.023325
     2  H   -0.057952
     3  H   -0.002294
     4  H   -0.049874
     5  H    0.153986
     6  H   -0.020541
     7  H   -0.002294
     8  H   -0.049874
     9  H   -0.020541
    10  H    0.153986
    11  H   -0.057952
    12  H   -0.023325
 Sum of Mulliken charges =  -0.00000
 Mulliken charges with hydrogens summed into heavy atoms:
               1
 Electronic spatial extent (au):  <R**2>=            133.0829
 Charge=             -0.0000 electrons
 Dipole moment (field-independent basis, Debye):
    X=              0.0000    Y=             -0.0000    Z=              0.0000  Tot=              0.0000
 Quadrupole moment (field-independent basis, Debye-Ang):
   XX=            -19.5399   YY=            -13.6044   ZZ=            -15.1956
   XY=             -3.7657   XZ=             -0.0000   YZ=              0.0000
 Traceless Quadrupole moment (field-independent basis, Debye-Ang):
   XX=             -3.4266   YY=              2.5089   ZZ=              0.9177
   XY=             -3.7657   XZ=             -0.0000   YZ=              0.0000
 Octapole moment (field-independent basis, Debye-Ang**2):
  XXX=              0.0000  YYY=             -0.0000  ZZZ=             -0.0000  XYY=              0.0000
  XXY=             -0.0000  XXZ=             -0.0000  XZZ=              0.0000  YZZ=              0.0000
  YYZ=             -0.0000  XYZ=             -0.0000
 Hexadecapole moment (field-independent basis, Debye-Ang**3):
 XXXX=           -110.4448 YYYY=           -152.2167 ZZZZ=            -18.0359 XXXY=              1.4092
 XXXZ=             -0.0000 YYYX=             -9.0514 YYYZ=             -0.0000 ZZZX=             -0.0000
 ZZZY=             -0.0000 XXYY=            -41.0935 XXZZ=            -19.7058 YYZZ=            -29.9779
 XXYZ=             -0.0000 YYXZ=             -0.0000 ZZXY=              1.7484
 N-N= 2.007098073167D+01 E-N=-5.123746463731D+01  KE= 6.440244902391D+00
 Symmetry AG   KE= 4.885076499903D+00
 Symmetry BG   KE= 0.000000000000D+00
 Symmetry AU   KE= 0.000000000000D+00
 Symmetry BU   KE= 1.555168402488D+00

 Test job not archived.
 1\1\GINC-SULU\Stability\RHF\Gen\H12\LCJ1\17-Feb-2017\0\\#rhf/gen scf(s
 ymm,tight,novaracc,noincfock,fulldiag) stable(crhf) guess=read geom=no
 crowd test\\hf stability analysis of h12 triangular lattice, y= 0.6807
 1476994779589\\0,1\H\H,1,1.0875367105\H,1,1.0875367105,2,102.5\H,2,1.0
 875367105,1,77.5,3,0.,0\H,2,1.0875367105,1,180.,3,0.,0\H,4,1.087536710
 5,3,180.,5,0.,0\H,6,1.0875367105,5,180.,3,0.,0\H,4,1.0875367105,2,180.
 ,3,0.,0\H,3,1.0875367105,1,180.,4,0.,0\H,9,1.0875367105,3,180.,4,0.,0\
 H,8,1.0875367105,4,180.,3,0.,0\H,7,1.0875367105,6,180.,3,0.,0\\Version
 =ES64L-G09RevE.01\State=1-AG\HF=-5.8142973\MP2=-5.9542348\RMSD=6.234e-
 09\Dipole=0.,0.,0.\Quadrupole=0.4753466,0.6822971,-1.1576438,0.,-3.469
 8927,0.\PG=C02H [SGH(H12)]\\@


 THE REAL VOYAGE OF DISCOVERY CONSISTS NOT IN SEEKING NEW LANDSCAPES 
 BUT IN HAVING NEW EYES.
                                                    -- MARCEL PROUST
 Job cpu time:       0 days  0 hours  0 minutes  1.2 seconds.
 File lengths (MBytes):  RWF=     84 Int=      0 D2E=      0 Chk=      2 Scr=      2
 Normal termination of Gaussian 09 at Fri Feb 17 15:00:52 2017.
