 Entering Gaussian System, Link 0=g09
 AtFile(1): H.gbs
            H     0
            S   10   1.00
               1000.000000000000            0.000068713567
                316.227766000000            0.000169141320
                100.000000000000            0.000823394812
                 31.622776600000            0.003425569236
                 10.000000000000            0.013951996000
                  3.162277660000            0.056909313560
                  1.000000000000            0.198286399900
                  0.316227766000            0.496922426700
                  0.100000000000            0.369846276400
                  0.031622776600            0.003752720039
            ****
 Initial command:
 /projects/guscus/apps/gau/g09-e1/g09/l1.exe "/users/lcj1/gaussian/h12/rhfstability/rect/guess/ag4bu2/Gau-7521.inp" -scrdir="/users/lcj1/gaussian/h12/rhfstability/rect/guess/ag4bu2/"
 Entering Link 1 = /projects/guscus/apps/gau/g09-e1/g09/l1.exe PID=      7522.
  
 Copyright (c) 1988,1990,1992,1993,1995,1998,2003,2009,2015,
            Gaussian, Inc.  All Rights Reserved.
  
 This is part of the Gaussian(R) 09 program.  It is based on
 the Gaussian(R) 03 system (copyright 2003, Gaussian, Inc.),
 the Gaussian(R) 98 system (copyright 1998, Gaussian, Inc.),
 the Gaussian(R) 94 system (copyright 1995, Gaussian, Inc.),
 the Gaussian 92(TM) system (copyright 1992, Gaussian, Inc.),
 the Gaussian 90(TM) system (copyright 1990, Gaussian, Inc.),
 the Gaussian 88(TM) system (copyright 1988, Gaussian, Inc.),
 the Gaussian 86(TM) system (copyright 1986, Carnegie Mellon
 University), and the Gaussian 82(TM) system (copyright 1983,
 Carnegie Mellon University). Gaussian is a federally registered
 trademark of Gaussian, Inc.
  
 This software contains proprietary and confidential information,
 including trade secrets, belonging to Gaussian, Inc.
  
 This software is provided under written license and may be
 used, copied, transmitted, or stored only in accord with that
 written license.
  
 The following legend is applicable only to US Government
 contracts under FAR:
  
                    RESTRICTED RIGHTS LEGEND
  
 Use, reproduction and disclosure by the US Government is
 subject to restrictions as set forth in subparagraphs (a)
 and (c) of the Commercial Computer Software - Restricted
 Rights clause in FAR 52.227-19.
  
 Gaussian, Inc.
 340 Quinnipiac St., Bldg. 40, Wallingford CT 06492
  
  
 ---------------------------------------------------------------
 Warning -- This program may not be used in any manner that
 competes with the business of Gaussian, Inc. or will provide
 assistance to any competitor of Gaussian, Inc.  The licensee
 of this program is prohibited from giving any competitor of
 Gaussian, Inc. access to this program.  By using this program,
 the user acknowledges that Gaussian, Inc. is engaged in the
 business of creating and licensing software in the field of
 computational chemistry and represents and warrants to the
 licensee that it is not a competitor of Gaussian, Inc. and that
 it will not use this program in any manner prohibited above.
 ---------------------------------------------------------------
  

 Cite this work as:
 Gaussian 09, Revision E.01,
 M. J. Frisch, G. W. Trucks, H. B. Schlegel, G. E. Scuseria, 
 M. A. Robb, J. R. Cheeseman, G. Scalmani, V. Barone, B. Mennucci, 
 G. A. Petersson, H. Nakatsuji, M. Caricato, X. Li, H. P. Hratchian, 
 A. F. Izmaylov, J. Bloino, G. Zheng, J. L. Sonnenberg, M. Hada, 
 M. Ehara, K. Toyota, R. Fukuda, J. Hasegawa, M. Ishida, T. Nakajima, 
 Y. Honda, O. Kitao, H. Nakai, T. Vreven, J. A. Montgomery, Jr., 
 J. E. Peralta, F. Ogliaro, M. Bearpark, J. J. Heyd, E. Brothers, 
 K. N. Kudin, V. N. Staroverov, T. Keith, R. Kobayashi, J. Normand, 
 K. Raghavachari, A. Rendell, J. C. Burant, S. S. Iyengar, J. Tomasi, 
 M. Cossi, N. Rega, J. M. Millam, M. Klene, J. E. Knox, J. B. Cross, 
 V. Bakken, C. Adamo, J. Jaramillo, R. Gomperts, R. E. Stratmann, 
 O. Yazyev, A. J. Austin, R. Cammi, C. Pomelli, J. W. Ochterski, 
 R. L. Martin, K. Morokuma, V. G. Zakrzewski, G. A. Voth, 
 P. Salvador, J. J. Dannenberg, S. Dapprich, A. D. Daniels, 
 O. Farkas, J. B. Foresman, J. V. Ortiz, J. Cioslowski, 
 and D. J. Fox, Gaussian, Inc., Wallingford CT, 2013.
 
 ******************************************
 Gaussian 09:  ES64L-G09RevE.01 30-Nov-2015
                17-Feb-2017 
 ******************************************
 %chk=h12.chk
 ----------------------------------------------------------------------
 #rhf/gen scf(symm,tight,novaracc,noincfock,fulldiag) stable(crhf) gues
 s=read geom=nocrowd test
 ----------------------------------------------------------------------
 1/38=1/1;
 2/12=1,17=6,18=5,40=1/2;
 3/5=7,16=1,25=1,30=1,116=1/1,2,3;
 4/5=1,9=4/1;
 5/5=100002,15=2,16=1,32=2,38=6/2;
 8/6=1,10=90,11=11/1,4;
 9/8=4,13=1/2;
 6/7=2,8=2,9=2,10=2,28=1/1;
 99/5=1,9=1/99;
 ----------------------------------------------------------------------
 hf stability analysis of h12 triangular lattice, y= 1.1454817383776770
 ----------------------------------------------------------------------
 Symbolic Z-matrix:
 Charge =  0 Multiplicity = 1
 H
 H                    1     1.25147 
 H                    1     1.25147  2     47.5 
 H                    2     1.25147  1     132.5    3     0.       0
 H                    2     1.25147  1     180.     3     0.       0
 H                    4     1.25147  3     180.     5     0.       0
 H                    6     1.25147  5     180.     3     0.       0
 H                    4     1.25147  2     180.     3     0.       0
 H                    3     1.25147  1     180.     4     0.       0
 H                    9     1.25147  3     180.     4     0.       0
 H                    8     1.25147  4     180.     3     0.       0
 H                    7     1.25147  6     180.     3     0.       0
 
                          Input orientation:                          
 ---------------------------------------------------------------------
 Center     Atomic      Atomic             Coordinates (Angstroms)
 Number     Number       Type             X           Y           Z
 ---------------------------------------------------------------------
      1          1           0        0.000000    0.000000    0.000000
      2          1           0        0.000000    0.000000    1.251467
      3          1           0        0.922678    0.000000    0.845479
      4          1           0        0.922678    0.000000    2.096945
      5          1           0        0.000000    0.000000    2.502933
      6          1           0        0.922678    0.000000    3.348412
      7          1           0        1.845356    0.000000    4.193890
      8          1           0        1.845356    0.000000    2.942424
      9          1           0        1.845356    0.000000    1.690957
     10          1           0        2.768034    0.000000    2.536436
     11          1           0        2.768034    0.000000    3.787902
     12          1           0        2.768034    0.000000    5.039369
 ---------------------------------------------------------------------
                    Distance matrix (angstroms):
                    1          2          3          4          5
     1  H    0.000000
     2  H    1.251467   0.000000
     3  H    1.251467   1.008048   0.000000
     4  H    2.290963   1.251467   1.251467   0.000000
     5  H    2.502933   1.251467   1.896969   1.008048   0.000000
     6  H    3.473211   2.290963   2.502933   1.251467   1.251467
     7  H    4.581927   3.473211   3.473211   2.290963   2.502933
     8  H    3.473211   2.502933   2.290963   1.251467   1.896969
     9  H    2.502933   1.896969   1.251467   1.008048   2.016096
    10  H    3.754400   3.051747   2.502933   1.896969   2.768237
    11  H    4.691505   3.754400   3.473211   2.502933   3.051747
    12  H    5.749543   4.691505   4.581927   3.473211   3.754400
                    6          7          8          9         10
     6  H    0.000000
     7  H    1.251467   0.000000
     8  H    1.008048   1.251467   0.000000
     9  H    1.896969   2.502933   1.251467   0.000000
    10  H    2.016096   1.896969   1.008048   1.251467   0.000000
    11  H    1.896969   1.008048   1.251467   2.290963   1.251467
    12  H    2.502933   1.251467   2.290963   3.473211   2.502933
                   11         12
    11  H    0.000000
    12  H    1.251467   0.000000
 Stoichiometry    H12
 Framework group  C2H[SGH(H12)]
 Deg. of freedom    11
 Full point group                 C2H     NOp   4
 Largest Abelian subgroup         C2H     NOp   4
 Largest concise Abelian subgroup C2      NOp   2
                         Standard orientation:                         
 ---------------------------------------------------------------------
 Center     Atomic      Atomic             Coordinates (Angstroms)
 Number     Number       Type             X           Y           Z
 ---------------------------------------------------------------------
      1          1           0        0.922678    2.722678   -0.000000
      2          1           0        0.000000    1.877200   -0.000000
      3          1           0        0.922678    1.471212   -0.000000
      4          1           0        0.000000    0.625733   -0.000000
      5          1           0       -0.922678    1.031721   -0.000000
      6          1           0       -0.922678   -0.219745   -0.000000
      7          1           0       -0.922678   -1.471212   -0.000000
      8          1           0       -0.000000   -0.625733   -0.000000
      9          1           0        0.922678    0.219745    0.000000
     10          1           0        0.922678   -1.031721    0.000000
     11          1           0       -0.000000   -1.877200   -0.000000
     12          1           0       -0.922678   -2.722678   -0.000000
 ---------------------------------------------------------------------
 Rotational constants (GHZ):     96.6321325     16.2638181     13.9208485
 General basis read from cards:  (5D, 7F)
 There are     6 symmetry adapted cartesian basis functions of AG  symmetry.
 There are     0 symmetry adapted cartesian basis functions of BG  symmetry.
 There are     0 symmetry adapted cartesian basis functions of AU  symmetry.
 There are     6 symmetry adapted cartesian basis functions of BU  symmetry.
 There are     6 symmetry adapted basis functions of AG  symmetry.
 There are     0 symmetry adapted basis functions of BG  symmetry.
 There are     0 symmetry adapted basis functions of AU  symmetry.
 There are     6 symmetry adapted basis functions of BU  symmetry.
    12 basis functions,   120 primitive gaussians,    12 cartesian basis functions
     6 alpha electrons        6 beta electrons
       nuclear repulsion energy        18.8918328136 Hartrees.
 NAtoms=   12 NActive=   12 NUniq=    6 SFac= 4.00D+00 NAtFMM=   60 NAOKFM=F Big=F
 Integral buffers will be    131072 words long.
 Regular integral format.
 Two-electron integral symmetry is turned on.
 One-electron integrals computed using PRISM.
 NBasis=    12 RedAO= T EigKep=  1.79D-01  NBF=     6     0     0     6
 NBsUse=    12 1.00D-06 EigRej= -1.00D+00 NBFU=     6     0     0     6
 Initial guess from the checkpoint file:  "h12.chk"
 B after Tr=    -0.000000   -0.000000   -0.000000
         Rot=    0.988075   -0.000000   -0.000000   -0.153972 Ang= -17.71 deg.
 Initial guess orbital symmetries:
       Occupied  (AG) (BU) (BU) (AG) (AG) (AG)
       Virtual   (BU) (BU) (BU) (AG) (AG) (BU)
 Keep R1 ints in memory in symmetry-blocked form, NReq=902412.
 Requested convergence on RMS density matrix=1.00D-08 within 128 cycles.
 Requested convergence on MAX density matrix=1.00D-06.
 Requested convergence on             energy=1.00D-06.
 No special actions if energy rises.
 Rare condition: small coef for last iteration:  0.000D+00
 SCF Done:  E(RHF) =  -5.40091613497     A.U. after   17 cycles
            NFock= 17  Conv=0.93D-08     -V/T= 1.8090
 Range of M.O.s used for correlation:     1    12
 NBasis=    12 NAE=     6 NBE=     6 NFC=     0 NFV=     0
 NROrb=     12 NOA=     6 NOB=     6 NVA=     6 NVB=     6

 **** Warning!!: The smallest alpha delta epsilon is -0.98413101D-01

 Semi-Direct transformation.
 ModeAB=           4 MOrb=             6 LenV=     134086215
 LASXX=         2181 LTotXX=        2181 LenRXX=        5115
 LTotAB=        2934 MaxLAS=        3024 LenRXY=           0
 NonZer=        7296 LenScr=      655360 LnRSAI=        3024
 LnScr1=      655360 LExtra=           0 Total=      1318859
 MaxDsk=          -1 SrtSym=           T ITran=            3
 JobTyp=0 Pass  1:  I=   1 to   6.
 (rs|ai) integrals will be sorted in core.
 Spin components of T(2) and E(2):
     alpha-alpha T2 =       0.2858194784D-01 E2=     -0.2307750561D-01
     alpha-beta  T2 =       0.1642427172D+01 E2=     -0.2740497412D+00
     beta-beta   T2 =       0.2858194784D-01 E2=     -0.2307750561D-01
 ANorm=    0.1643043234D+01
 E2 =    -0.3202047524D+00 EUMP2 =    -0.57211208873663D+01
 Second order stability test of a single determinant RHF wave function:
 Stabil:  MDV=134217728
 ***********************************************************************
 Matrix         Lowest Root    Major Pairs
 ***********************************************************************
 Internal RHF    -0.1982606    6A=7A 6A=8A 4A=7A 5A=7A
 RRHF --> CRHF   -0.2967404    6A=7A
 RRHF --> RUHF   -0.6240989    6A=7B 6A=8B 4A=7B 6A=10B 4A=8B
 Not stable.
 ***********************************************************************

 **********************************************************************

            Population analysis using the SCF density.

 **********************************************************************

 Orbital symmetries:
       Occupied  (AG) (BU) (BU) (AG) (AG) (AG)
       Virtual   (BU) (BU) (AG) (BU) (BU) (AG)
 The electronic state is 1-AG.
 Alpha  occ. eigenvalues --   -0.96506  -0.77269  -0.57856  -0.54417  -0.32669
 Alpha  occ. eigenvalues --   -0.06978
 Alpha virt. eigenvalues --   -0.16820   0.20792   0.21550   0.27408   0.50402
 Alpha virt. eigenvalues --    0.52986
          Condensed to atoms (all electrons):
               1          2          3          4          5          6
     1  H    1.473763  -0.248913  -0.245694  -0.011262   0.017423   0.006935
     2  H   -0.248913   0.970199   0.298413   0.001699   0.184879  -0.082440
     3  H   -0.245694   0.298413   1.226926   0.001890  -0.188023  -0.029689
     4  H   -0.011262   0.001699   0.001890   0.538232   0.122194   0.154894
     5  H    0.017423   0.184879  -0.188023   0.122194   1.177636  -0.016129
     6  H    0.006935  -0.082440  -0.029689   0.154894  -0.016129   0.899671
     7  H   -0.002888   0.007681   0.022920  -0.027700  -0.068000   0.102314
     8  H   -0.002691  -0.038113  -0.027700   0.071261  -0.039264   0.100841
     9  H    0.040795  -0.136443   0.102314   0.100841  -0.143007   0.022047
    10  H    0.004120   0.008309  -0.068000  -0.039264   0.043377  -0.143007
    11  H   -0.002162   0.013151   0.007681  -0.038113   0.008309  -0.136443
    12  H    0.000882  -0.002162  -0.002888  -0.002691   0.004120   0.040795
               7          8          9         10         11         12
     1  H   -0.002888  -0.002691   0.040795   0.004120  -0.002162   0.000882
     2  H    0.007681  -0.038113  -0.136443   0.008309   0.013151  -0.002162
     3  H    0.022920  -0.027700   0.102314  -0.068000   0.007681  -0.002888
     4  H   -0.027700   0.071261   0.100841  -0.039264  -0.038113  -0.002691
     5  H   -0.068000  -0.039264  -0.143007   0.043377   0.008309   0.004120
     6  H    0.102314   0.100841   0.022047  -0.143007  -0.136443   0.040795
     7  H    1.226926   0.001890  -0.029689  -0.188023   0.298413  -0.245694
     8  H    0.001890   0.538232   0.154894   0.122194   0.001699  -0.011262
     9  H   -0.029689   0.154894   0.899671  -0.016129  -0.082440   0.006935
    10  H   -0.188023   0.122194  -0.016129   1.177636   0.184879   0.017423
    11  H    0.298413   0.001699  -0.082440   0.184879   0.970199  -0.248913
    12  H   -0.245694  -0.011262   0.006935   0.017423  -0.248913   1.473763
 Mulliken charges:
               1
     1  H   -0.030306
     2  H    0.023740
     3  H   -0.098151
     4  H    0.128019
     5  H   -0.103514
     6  H    0.080212
     7  H   -0.098151
     8  H    0.128019
     9  H    0.080212
    10  H   -0.103514
    11  H    0.023740
    12  H   -0.030306
 Sum of Mulliken charges =   0.00000
 Mulliken charges with hydrogens summed into heavy atoms:
               1
 Electronic spatial extent (au):  <R**2>=            171.4720
 Charge=              0.0000 electrons
 Dipole moment (field-independent basis, Debye):
    X=              0.0000    Y=             -0.0000    Z=              0.0000  Tot=              0.0000
 Quadrupole moment (field-independent basis, Debye-Ang):
   XX=            -19.0691   YY=            -23.4990   ZZ=            -15.0471
   XY=             -1.1919   XZ=             -0.0000   YZ=             -0.0000
 Traceless Quadrupole moment (field-independent basis, Debye-Ang):
   XX=              0.1359   YY=             -4.2939   ZZ=              4.1580
   XY=             -1.1919   XZ=             -0.0000   YZ=             -0.0000
 Octapole moment (field-independent basis, Debye-Ang**2):
  XXX=              0.0000  YYY=              0.0000  ZZZ=              0.0000  XYY=             -0.0000
  XXY=              0.0000  XXZ=              0.0000  XZZ=             -0.0000  YZZ=             -0.0000
  YYZ=              0.0000  XYZ=              0.0000
 Hexadecapole moment (field-independent basis, Debye-Ang**3):
 XXXX=            -81.2135 YYYY=           -327.6984 ZZZZ=            -17.7632 XXXY=            -27.3173
 XXXZ=             -0.0000 YYYX=            -50.2471 YYYZ=             -0.0000 ZZZX=             -0.0000
 ZZZY=             -0.0000 XXYY=            -70.6289 XXZZ=            -15.9654 YYZZ=            -45.0425
 XXYZ=             -0.0000 YYXZ=             -0.0000 ZZXY=             -7.9693
 N-N= 1.889183281355D+01 E-N=-4.874795131892D+01  KE= 6.676361918913D+00
 Symmetry AG   KE= 4.969258466686D+00
 Symmetry BG   KE= 0.000000000000D+00
 Symmetry AU   KE= 0.000000000000D+00
 Symmetry BU   KE= 1.707103452227D+00

 Test job not archived.
 1\1\GINC-SULU\Stability\RHF\Gen\H12\LCJ1\17-Feb-2017\0\\#rhf/gen scf(s
 ymm,tight,novaracc,noincfock,fulldiag) stable(crhf) guess=read geom=no
 crowd test\\hf stability analysis of h12 triangular lattice, y= 1.1454
 817383776770\\0,1\H\H,1,1.2514665754\H,1,1.2514665754,2,47.5\H,2,1.251
 4665754,1,132.5,3,0.,0\H,2,1.2514665754,1,180.,3,0.,0\H,4,1.2514665754
 ,3,180.,5,0.,0\H,6,1.2514665754,5,180.,3,0.,0\H,4,1.2514665754,2,180.,
 3,0.,0\H,3,1.2514665754,1,180.,4,0.,0\H,9,1.2514665754,3,180.,4,0.,0\H
 ,8,1.2514665754,4,180.,3,0.,0\H,7,1.2514665754,6,180.,3,0.,0\\Version=
 ES64L-G09RevE.01\State=1-AG\HF=-5.4009161\MP2=-5.7211209\RMSD=9.339e-0
 9\Dipole=0.,0.,0.\Quadrupole=-0.806431,3.0913654,-2.2849344,0.,-1.7177
 187,0.\PG=C02H [SGH(H12)]\\@


 The arm of the moral universe is long, but it bends toward justice.
 -- Martin Luther King, Jr.
 Job cpu time:       0 days  0 hours  0 minutes  1.1 seconds.
 File lengths (MBytes):  RWF=     84 Int=      0 D2E=      0 Chk=      2 Scr=      2
 Normal termination of Gaussian 09 at Fri Feb 17 15:06:37 2017.
