 Entering Gaussian System, Link 0=g09
 AtFile(1): H.gbs
            H     0
            S   10   1.00
               1000.000000000000            0.000068713567
                316.227766000000            0.000169141320
                100.000000000000            0.000823394812
                 31.622776600000            0.003425569236
                 10.000000000000            0.013951996000
                  3.162277660000            0.056909313560
                  1.000000000000            0.198286399900
                  0.316227766000            0.496922426700
                  0.100000000000            0.369846276400
                  0.031622776600            0.003752720039
            ****
 Initial command:
 /projects/guscus/apps/gau/g09-e1/g09/l1.exe "/users/lcj1/gaussian/h12/rhfstability/rect/guess/ag4bu2/Gau-22463.inp" -scrdir="/users/lcj1/gaussian/h12/rhfstability/rect/guess/ag4bu2/"
 Entering Link 1 = /projects/guscus/apps/gau/g09-e1/g09/l1.exe PID=     22464.
  
 Copyright (c) 1988,1990,1992,1993,1995,1998,2003,2009,2015,
            Gaussian, Inc.  All Rights Reserved.
  
 This is part of the Gaussian(R) 09 program.  It is based on
 the Gaussian(R) 03 system (copyright 2003, Gaussian, Inc.),
 the Gaussian(R) 98 system (copyright 1998, Gaussian, Inc.),
 the Gaussian(R) 94 system (copyright 1995, Gaussian, Inc.),
 the Gaussian 92(TM) system (copyright 1992, Gaussian, Inc.),
 the Gaussian 90(TM) system (copyright 1990, Gaussian, Inc.),
 the Gaussian 88(TM) system (copyright 1988, Gaussian, Inc.),
 the Gaussian 86(TM) system (copyright 1986, Carnegie Mellon
 University), and the Gaussian 82(TM) system (copyright 1983,
 Carnegie Mellon University). Gaussian is a federally registered
 trademark of Gaussian, Inc.
  
 This software contains proprietary and confidential information,
 including trade secrets, belonging to Gaussian, Inc.
  
 This software is provided under written license and may be
 used, copied, transmitted, or stored only in accord with that
 written license.
  
 The following legend is applicable only to US Government
 contracts under FAR:
  
                    RESTRICTED RIGHTS LEGEND
  
 Use, reproduction and disclosure by the US Government is
 subject to restrictions as set forth in subparagraphs (a)
 and (c) of the Commercial Computer Software - Restricted
 Rights clause in FAR 52.227-19.
  
 Gaussian, Inc.
 340 Quinnipiac St., Bldg. 40, Wallingford CT 06492
  
  
 ---------------------------------------------------------------
 Warning -- This program may not be used in any manner that
 competes with the business of Gaussian, Inc. or will provide
 assistance to any competitor of Gaussian, Inc.  The licensee
 of this program is prohibited from giving any competitor of
 Gaussian, Inc. access to this program.  By using this program,
 the user acknowledges that Gaussian, Inc. is engaged in the
 business of creating and licensing software in the field of
 computational chemistry and represents and warrants to the
 licensee that it is not a competitor of Gaussian, Inc. and that
 it will not use this program in any manner prohibited above.
 ---------------------------------------------------------------
  

 Cite this work as:
 Gaussian 09, Revision E.01,
 M. J. Frisch, G. W. Trucks, H. B. Schlegel, G. E. Scuseria, 
 M. A. Robb, J. R. Cheeseman, G. Scalmani, V. Barone, B. Mennucci, 
 G. A. Petersson, H. Nakatsuji, M. Caricato, X. Li, H. P. Hratchian, 
 A. F. Izmaylov, J. Bloino, G. Zheng, J. L. Sonnenberg, M. Hada, 
 M. Ehara, K. Toyota, R. Fukuda, J. Hasegawa, M. Ishida, T. Nakajima, 
 Y. Honda, O. Kitao, H. Nakai, T. Vreven, J. A. Montgomery, Jr., 
 J. E. Peralta, F. Ogliaro, M. Bearpark, J. J. Heyd, E. Brothers, 
 K. N. Kudin, V. N. Staroverov, T. Keith, R. Kobayashi, J. Normand, 
 K. Raghavachari, A. Rendell, J. C. Burant, S. S. Iyengar, J. Tomasi, 
 M. Cossi, N. Rega, J. M. Millam, M. Klene, J. E. Knox, J. B. Cross, 
 V. Bakken, C. Adamo, J. Jaramillo, R. Gomperts, R. E. Stratmann, 
 O. Yazyev, A. J. Austin, R. Cammi, C. Pomelli, J. W. Ochterski, 
 R. L. Martin, K. Morokuma, V. G. Zakrzewski, G. A. Voth, 
 P. Salvador, J. J. Dannenberg, S. Dapprich, A. D. Daniels, 
 O. Farkas, J. B. Foresman, J. V. Ortiz, J. Cioslowski, 
 and D. J. Fox, Gaussian, Inc., Wallingford CT, 2013.
 
 ******************************************
 Gaussian 09:  ES64L-G09RevE.01 30-Nov-2015
                17-Feb-2017 
 ******************************************
 %chk=h12.chk
 ----------------------------------------------------------------------
 #rhf/gen scf(symm,tight,novaracc,noincfock,fulldiag) stable(crhf) gues
 s=read geom=nocrowd test
 ----------------------------------------------------------------------
 1/38=1/1;
 2/12=1,17=6,18=5,40=1/2;
 3/5=7,16=1,25=1,30=1,116=1/1,2,3;
 4/5=1,9=4/1;
 5/5=100002,15=2,16=1,32=2,38=6/2;
 8/6=1,10=90,11=11/1,4;
 9/8=4,13=1/2;
 6/7=2,8=2,9=2,10=2,28=1/1;
 99/5=1,9=1/99;
 ----------------------------------------------------------------------
 hf stability analysis of h12 triangular lattice, y= 0.5918992783615676
 4
 ----------------------------------------------------------------------
 Symbolic Z-matrix:
 Charge =  0 Multiplicity = 1
 H
 H                    1     1.14096 
 H                    1     1.14096  2     117.5 
 H                    2     1.14096  1     62.5     3     0.       0
 H                    2     1.14096  1     180.     3     0.       0
 H                    4     1.14096  3     180.     5     0.       0
 H                    6     1.14096  5     180.     3     0.       0
 H                    4     1.14096  2     180.     3     0.       0
 H                    3     1.14096  1     180.     4     0.       0
 H                    9     1.14096  3     180.     4     0.       0
 H                    8     1.14096  4     180.     3     0.       0
 H                    7     1.14096  6     180.     3     0.       0
 
                          Input orientation:                          
 ---------------------------------------------------------------------
 Center     Atomic      Atomic             Coordinates (Angstroms)
 Number     Number       Type             X           Y           Z
 ---------------------------------------------------------------------
      1          1           0        0.000000    0.000000    0.000000
      2          1           0        0.000000    0.000000    1.140959
      3          1           0        1.012043    0.000000   -0.526836
      4          1           0        1.012043    0.000000    0.614123
      5          1           0        0.000000    0.000000    2.281919
      6          1           0        1.012043    0.000000    1.755082
      7          1           0        2.024087    0.000000    1.228246
      8          1           0        2.024087    0.000000    0.087287
      9          1           0        2.024087    0.000000   -1.053673
     10          1           0        3.036130    0.000000   -1.580509
     11          1           0        3.036130    0.000000   -0.439550
     12          1           0        3.036130    0.000000    0.701410
 ---------------------------------------------------------------------
                    Distance matrix (angstroms):
                    1          2          3          4          5
     1  H    0.000000
     2  H    1.140959   0.000000
     3  H    1.140959   1.950840   0.000000
     4  H    1.183799   1.140959   1.140959   0.000000
     5  H    2.281919   1.140959   2.985522   1.950840   0.000000
     6  H    2.025968   1.183799   2.281919   1.140959   1.140959
     7  H    2.367597   2.025968   2.025968   1.183799   2.281919
     8  H    2.025968   2.281919   1.183799   1.140959   2.985522
     9  H    2.281919   2.985522   1.140959   1.950840   3.901679
    10  H    3.422878   4.077313   2.281919   2.985522   4.912885
    11  H    3.067783   3.422878   2.025968   2.281919   4.077313
    12  H    3.116097   3.067783   2.367597   2.025968   3.422878
                    6          7          8          9         10
     6  H    0.000000
     7  H    1.140959   0.000000
     8  H    1.950840   1.140959   0.000000
     9  H    2.985522   2.281919   1.140959   0.000000
    10  H    3.901679   2.985522   1.950840   1.140959   0.000000
    11  H    2.985522   1.950840   1.140959   1.183799   1.140959
    12  H    2.281919   1.140959   1.183799   2.025968   2.281919
                   11         12
    11  H    0.000000
    12  H    1.140959   0.000000
 Stoichiometry    H12
 Framework group  C2H[SGH(H12)]
 Deg. of freedom    11
 Full point group                 C2H     NOp   4
 Largest Abelian subgroup         C2H     NOp   4
 Largest concise Abelian subgroup C2      NOp   2
                         Standard orientation:                         
 ---------------------------------------------------------------------
 Center     Atomic      Atomic             Coordinates (Angstroms)
 Number     Number       Type             X           Y           Z
 ---------------------------------------------------------------------
      1          1           0        1.012043    1.184603    0.000000
      2          1           0        0.000000    1.711439   -0.000000
      3          1           0        1.012043    0.043643    0.000000
      4          1           0        0.000000    0.570480   -0.000000
      5          1           0       -1.012043    2.238276   -0.000000
      6          1           0       -1.012043    1.097316   -0.000000
      7          1           0       -1.012043   -0.043643    0.000000
      8          1           0       -0.000000   -0.570480   -0.000000
      9          1           0        1.012043   -1.097316   -0.000000
     10          1           0        1.012043   -2.238276   -0.000000
     11          1           0       -0.000000   -1.711439   -0.000000
     12          1           0       -1.012043   -1.184603   -0.000000
 ---------------------------------------------------------------------
 Rotational constants (GHZ):     72.0150161     21.8233328     16.7480319
 General basis read from cards:  (5D, 7F)
 There are     6 symmetry adapted cartesian basis functions of AG  symmetry.
 There are     0 symmetry adapted cartesian basis functions of BG  symmetry.
 There are     0 symmetry adapted cartesian basis functions of AU  symmetry.
 There are     6 symmetry adapted cartesian basis functions of BU  symmetry.
 There are     6 symmetry adapted basis functions of AG  symmetry.
 There are     0 symmetry adapted basis functions of BG  symmetry.
 There are     0 symmetry adapted basis functions of AU  symmetry.
 There are     6 symmetry adapted basis functions of BU  symmetry.
    12 basis functions,   120 primitive gaussians,    12 cartesian basis functions
     6 alpha electrons        6 beta electrons
       nuclear repulsion energy        19.6465205039 Hartrees.
 NAtoms=   12 NActive=   12 NUniq=    6 SFac= 4.00D+00 NAtFMM=   60 NAOKFM=F Big=F
 Integral buffers will be    131072 words long.
 Regular integral format.
 Two-electron integral symmetry is turned on.
 One-electron integrals computed using PRISM.
 NBasis=    12 RedAO= T EigKep=  1.68D-01  NBF=     6     0     0     6
 NBsUse=    12 1.00D-06 EigRej= -1.00D+00 NBFU=     6     0     0     6
 Initial guess from the checkpoint file:  "h12.chk"
 B after Tr=    -0.000000    0.000000   -0.000000
         Rot=    0.998598   -0.000000    0.000000    0.052929 Ang=   6.07 deg.
 Initial guess orbital symmetries:
       Occupied  (AG) (BU) (BU) (AG) (AG) (AG)
       Virtual   (BU) (BU) (BU) (AG) (AG) (BU)
 Keep R1 ints in memory in symmetry-blocked form, NReq=903994.
 Requested convergence on RMS density matrix=1.00D-08 within 128 cycles.
 Requested convergence on MAX density matrix=1.00D-06.
 Requested convergence on             energy=1.00D-06.
 No special actions if energy rises.
 SCF Done:  E(RHF) =  -5.62131883203     A.U. after   11 cycles
            NFock= 11  Conv=0.21D-08     -V/T= 1.8534
 Range of M.O.s used for correlation:     1    12
 NBasis=    12 NAE=     6 NBE=     6 NFC=     0 NFV=     0
 NROrb=     12 NOA=     6 NOB=     6 NVA=     6 NVB=     6

 **** Warning!!: The smallest alpha delta epsilon is  0.79605250D-01

 Semi-Direct transformation.
 ModeAB=           4 MOrb=             6 LenV=     134084339
 LASXX=         2181 LTotXX=        2181 LenRXX=        5115
 LTotAB=        2934 MaxLAS=        3024 LenRXY=           0
 NonZer=        7296 LenScr=      655360 LnRSAI=        3024
 LnScr1=      655360 LExtra=           0 Total=      1318859
 MaxDsk=          -1 SrtSym=           T ITran=            3
 JobTyp=0 Pass  1:  I=   1 to   6.
 (rs|ai) integrals will be sorted in core.
 Spin components of T(2) and E(2):
     alpha-alpha T2 =       0.1171270267D-01 E2=     -0.1401673793D-01
     alpha-beta  T2 =       0.1112820503D+00 E2=     -0.1234613555D+00
     beta-beta   T2 =       0.1171270267D-01 E2=     -0.1401673793D-01
 ANorm=    0.1065226481D+01
 E2 =    -0.1514948313D+00 EUMP2 =    -0.57728136633645D+01
 Second order stability test of a single determinant RHF wave function:
 Stabil:  MDV=134217728
 ***********************************************************************
 Matrix         Lowest Root    Major Pairs
 ***********************************************************************
 Internal RHF    -0.1418197    6A=7A
 RRHF --> CRHF   -0.1820759    6A=7A
 RRHF --> RUHF   -0.2613646    6A=7B
 Not stable.
 ***********************************************************************

 **********************************************************************

            Population analysis using the SCF density.

 **********************************************************************

 Orbital symmetries:
       Occupied  (AG) (BU) (BU) (AG) (AG) (AG)
       Virtual   (BU) (BU) (AG) (BU) (AG) (BU)
 The electronic state is 1-AG.
 Alpha  occ. eigenvalues --   -0.90278  -0.75474  -0.58859  -0.53497  -0.34099
 Alpha  occ. eigenvalues --   -0.15153
 Alpha virt. eigenvalues --   -0.07192   0.21402   0.25789   0.39870   0.64596
 Alpha virt. eigenvalues --    0.64742
          Condensed to atoms (all electrons):
               1          2          3          4          5          6
     1  H    1.217909   0.131031   0.358691  -0.352957  -0.010175  -0.071302
     2  H    0.131031   1.028068  -0.115593   0.230652   0.102449  -0.177777
     3  H    0.358691  -0.115593   1.061539  -0.275264  -0.006018   0.024239
     4  H   -0.352957   0.230652  -0.275264   1.539625  -0.067125  -0.170205
     5  H   -0.010175   0.102449  -0.006018  -0.067125   0.474219   0.266149
     6  H   -0.071302  -0.177777   0.024239  -0.170205   0.266149   0.943678
     7  H    0.027849  -0.150641   0.107386  -0.349273   0.008074   0.305113
     8  H   -0.184792   0.024703  -0.349273   0.747527  -0.023477  -0.084856
     9  H   -0.014180  -0.028879   0.305113  -0.084856   0.002813   0.025062
    10  H   -0.000431   0.000153   0.008074  -0.023477   0.000751   0.002813
    11  H   -0.002150   0.019618  -0.150641   0.024703   0.000153  -0.028879
    12  H    0.040972  -0.002150   0.027849  -0.184792  -0.000431  -0.014180
               7          8          9         10         11         12
     1  H    0.027849  -0.184792  -0.014180  -0.000431  -0.002150   0.040972
     2  H   -0.150641   0.024703  -0.028879   0.000153   0.019618  -0.002150
     3  H    0.107386  -0.349273   0.305113   0.008074  -0.150641   0.027849
     4  H   -0.349273   0.747527  -0.084856  -0.023477   0.024703  -0.184792
     5  H    0.008074  -0.023477   0.002813   0.000751   0.000153  -0.000431
     6  H    0.305113  -0.084856   0.025062   0.002813  -0.028879  -0.014180
     7  H    1.061539  -0.275264   0.024239  -0.006018  -0.115593   0.358691
     8  H   -0.275264   1.539625  -0.170205  -0.067125   0.230652  -0.352957
     9  H    0.024239  -0.170205   0.943678   0.266149  -0.177777  -0.071302
    10  H   -0.006018  -0.067125   0.266149   0.474219   0.102449  -0.010175
    11  H   -0.115593   0.230652  -0.177777   0.102449   1.028068   0.131031
    12  H    0.358691  -0.352957  -0.071302  -0.010175   0.131031   1.217909
 Mulliken charges:
               1
     1  H   -0.140464
     2  H   -0.061634
     3  H    0.003899
     4  H   -0.034558
     5  H    0.252615
     6  H   -0.019857
     7  H    0.003899
     8  H   -0.034558
     9  H   -0.019857
    10  H    0.252615
    11  H   -0.061634
    12  H   -0.140464
 Sum of Mulliken charges =   0.00000
 Mulliken charges with hydrogens summed into heavy atoms:
               1
 Electronic spatial extent (au):  <R**2>=            138.9073
 Charge=              0.0000 electrons
 Dipole moment (field-independent basis, Debye):
    X=              0.0000    Y=             -0.0000    Z=             -0.0000  Tot=              0.0000
 Quadrupole moment (field-independent basis, Debye-Ang):
   XX=            -20.2525   YY=             -7.5842   ZZ=            -15.1850
   XY=             -8.2370   XZ=             -0.0000   YZ=              0.0000
 Traceless Quadrupole moment (field-independent basis, Debye-Ang):
   XX=             -5.9119   YY=              6.7563   ZZ=             -0.8444
   XY=             -8.2370   XZ=             -0.0000   YZ=              0.0000
 Octapole moment (field-independent basis, Debye-Ang**2):
  XXX=              0.0000  YYY=             -0.0000  ZZZ=              0.0000  XYY=             -0.0000
  XXY=              0.0000  XXZ=              0.0000  XZZ=              0.0000  YZZ=             -0.0000
  YYZ=             -0.0000  XYZ=              0.0000
 Hexadecapole moment (field-independent basis, Debye-Ang**3):
 XXXX=           -105.5593 YYYY=           -121.6896 ZZZZ=            -18.0672 XXXY=              3.6881
 XXXZ=              0.0000 YYYX=            -26.3982 YYYZ=             -0.0000 ZZZX=              0.0000
 ZZZY=             -0.0000 XXYY=            -38.7168 XXZZ=            -18.8334 YYZZ=            -33.1976
 XXYZ=             -0.0000 YYXZ=             -0.0000 ZZXY=              3.7038
 N-N= 1.964652050385D+01 E-N=-5.057546238327D+01  KE= 6.586972769121D+00
 Symmetry AG   KE= 5.010972987990D+00
 Symmetry BG   KE= 0.000000000000D+00
 Symmetry AU   KE= 0.000000000000D+00
 Symmetry BU   KE= 1.575999781132D+00

 Test job not archived.
 1\1\GINC-SULU\Stability\RHF\Gen\H12\LCJ1\17-Feb-2017\0\\#rhf/gen scf(s
 ymm,tight,novaracc,noincfock,fulldiag) stable(crhf) guess=read geom=no
 crowd test\\hf stability analysis of h12 triangular lattice, y= 0.5918
 9927836156764\\0,1\H\H,1,1.1409594736\H,1,1.1409594736,2,117.5\H,2,1.1
 409594736,1,62.5,3,0.,0\H,2,1.1409594736,1,180.,3,0.,0\H,4,1.140959473
 6,3,180.,5,0.,0\H,6,1.1409594736,5,180.,3,0.,0\H,4,1.1409594736,2,180.
 ,3,0.,0\H,3,1.1409594736,1,180.,4,0.,0\H,9,1.1409594736,3,180.,4,0.,0\
 H,8,1.1409594736,4,180.,3,0.,0\H,7,1.1409594736,6,180.,3,0.,0\\Version
 =ES64L-G09RevE.01\State=1-AG\HF=-5.6213188\MP2=-5.7728137\RMSD=2.117e-
 09\Dipole=0.,0.,0.\Quadrupole=-2.0014746,-0.6278036,2.6292782,0.,-7.37
 02067,0.\PG=C02H [SGH(H12)]\\@


 WERE I TO AWAIT PERFECTION, MY BOOK WOULD NEVER BE FINISHED.
                                    -- HISTORY OF CHINESE WRITING

                                       TAI T'UNG, 13TH CENTURY
 Job cpu time:       0 days  0 hours  0 minutes  1.1 seconds.
 File lengths (MBytes):  RWF=     84 Int=      0 D2E=      0 Chk=      2 Scr=      2
 Normal termination of Gaussian 09 at Fri Feb 17 14:59:12 2017.
