 Entering Gaussian System, Link 0=g09
 AtFile(1): H.gbs
            H     0
            S   10   1.00
               1000.000000000000            0.000068713567
                316.227766000000            0.000169141320
                100.000000000000            0.000823394812
                 31.622776600000            0.003425569236
                 10.000000000000            0.013951996000
                  3.162277660000            0.056909313560
                  1.000000000000            0.198286399900
                  0.316227766000            0.496922426700
                  0.100000000000            0.369846276400
                  0.031622776600            0.003752720039
            ****
 Initial command:
 /projects/guscus/apps/gau/g09-e1/g09/l1.exe "/users/lcj1/gaussian/h12/rhfstability/rect/guess/ag4bu2/Gau-17729.inp" -scrdir="/users/lcj1/gaussian/h12/rhfstability/rect/guess/ag4bu2/"
 Entering Link 1 = /projects/guscus/apps/gau/g09-e1/g09/l1.exe PID=     17735.
  
 Copyright (c) 1988,1990,1992,1993,1995,1998,2003,2009,2015,
            Gaussian, Inc.  All Rights Reserved.
  
 This is part of the Gaussian(R) 09 program.  It is based on
 the Gaussian(R) 03 system (copyright 2003, Gaussian, Inc.),
 the Gaussian(R) 98 system (copyright 1998, Gaussian, Inc.),
 the Gaussian(R) 94 system (copyright 1995, Gaussian, Inc.),
 the Gaussian 92(TM) system (copyright 1992, Gaussian, Inc.),
 the Gaussian 90(TM) system (copyright 1990, Gaussian, Inc.),
 the Gaussian 88(TM) system (copyright 1988, Gaussian, Inc.),
 the Gaussian 86(TM) system (copyright 1986, Carnegie Mellon
 University), and the Gaussian 82(TM) system (copyright 1983,
 Carnegie Mellon University). Gaussian is a federally registered
 trademark of Gaussian, Inc.
  
 This software contains proprietary and confidential information,
 including trade secrets, belonging to Gaussian, Inc.
  
 This software is provided under written license and may be
 used, copied, transmitted, or stored only in accord with that
 written license.
  
 The following legend is applicable only to US Government
 contracts under FAR:
  
                    RESTRICTED RIGHTS LEGEND
  
 Use, reproduction and disclosure by the US Government is
 subject to restrictions as set forth in subparagraphs (a)
 and (c) of the Commercial Computer Software - Restricted
 Rights clause in FAR 52.227-19.
  
 Gaussian, Inc.
 340 Quinnipiac St., Bldg. 40, Wallingford CT 06492
  
  
 ---------------------------------------------------------------
 Warning -- This program may not be used in any manner that
 competes with the business of Gaussian, Inc. or will provide
 assistance to any competitor of Gaussian, Inc.  The licensee
 of this program is prohibited from giving any competitor of
 Gaussian, Inc. access to this program.  By using this program,
 the user acknowledges that Gaussian, Inc. is engaged in the
 business of creating and licensing software in the field of
 computational chemistry and represents and warrants to the
 licensee that it is not a competitor of Gaussian, Inc. and that
 it will not use this program in any manner prohibited above.
 ---------------------------------------------------------------
  

 Cite this work as:
 Gaussian 09, Revision E.01,
 M. J. Frisch, G. W. Trucks, H. B. Schlegel, G. E. Scuseria, 
 M. A. Robb, J. R. Cheeseman, G. Scalmani, V. Barone, B. Mennucci, 
 G. A. Petersson, H. Nakatsuji, M. Caricato, X. Li, H. P. Hratchian, 
 A. F. Izmaylov, J. Bloino, G. Zheng, J. L. Sonnenberg, M. Hada, 
 M. Ehara, K. Toyota, R. Fukuda, J. Hasegawa, M. Ishida, T. Nakajima, 
 Y. Honda, O. Kitao, H. Nakai, T. Vreven, J. A. Montgomery, Jr., 
 J. E. Peralta, F. Ogliaro, M. Bearpark, J. J. Heyd, E. Brothers, 
 K. N. Kudin, V. N. Staroverov, T. Keith, R. Kobayashi, J. Normand, 
 K. Raghavachari, A. Rendell, J. C. Burant, S. S. Iyengar, J. Tomasi, 
 M. Cossi, N. Rega, J. M. Millam, M. Klene, J. E. Knox, J. B. Cross, 
 V. Bakken, C. Adamo, J. Jaramillo, R. Gomperts, R. E. Stratmann, 
 O. Yazyev, A. J. Austin, R. Cammi, C. Pomelli, J. W. Ochterski, 
 R. L. Martin, K. Morokuma, V. G. Zakrzewski, G. A. Voth, 
 P. Salvador, J. J. Dannenberg, S. Dapprich, A. D. Daniels, 
 O. Farkas, J. B. Foresman, J. V. Ortiz, J. Cioslowski, 
 and D. J. Fox, Gaussian, Inc., Wallingford CT, 2013.
 
 ******************************************
 Gaussian 09:  ES64L-G09RevE.01 30-Nov-2015
                17-Feb-2017 
 ******************************************
 %chk=h12.chk
 ----------------------------------------------------------------------
 #rhf/gen scf(symm,tight,novaracc,noincfock,fulldiag) stable(crhf) gues
 s=read geom=nocrowd test
 ----------------------------------------------------------------------
 1/38=1/1;
 2/12=1,17=6,18=5,40=1/2;
 3/5=7,16=1,25=1,30=1,116=1/1,2,3;
 4/5=1,9=4/1;
 5/5=100002,15=2,16=1,32=2,38=6/2;
 8/6=1,10=90,11=11/1,4;
 9/8=4,13=1/2;
 6/7=2,8=2,9=2,10=2,28=1/1;
 99/5=1,9=1/99;
 ----------------------------------------------------------------------
 hf stability analysis of h12 triangular lattice, y= 0.4799368795303601
 3
 ----------------------------------------------------------------------
 Symbolic Z-matrix:
 Charge =  0 Multiplicity = 1
 H
 H                    1     1.29518 
 H                    1     1.29518  2     136.5 
 H                    2     1.29518  1     43.5     3     0.       0
 H                    2     1.29518  1     180.     3     0.       0
 H                    4     1.29518  3     180.     5     0.       0
 H                    6     1.29518  5     180.     3     0.       0
 H                    4     1.29518  2     180.     3     0.       0
 H                    3     1.29518  1     180.     4     0.       0
 H                    9     1.29518  3     180.     4     0.       0
 H                    8     1.29518  4     180.     3     0.       0
 H                    7     1.29518  6     180.     3     0.       0
 
                          Input orientation:                          
 ---------------------------------------------------------------------
 Center     Atomic      Atomic             Coordinates (Angstroms)
 Number     Number       Type             X           Y           Z
 ---------------------------------------------------------------------
      1          1           0        0.000000    0.000000    0.000000
      2          1           0        0.000000    0.000000    1.295175
      3          1           0        0.891540    0.000000   -0.939487
      4          1           0        0.891540    0.000000    0.355688
      5          1           0        0.000000    0.000000    2.590351
      6          1           0        0.891540    0.000000    1.650864
      7          1           0        1.783080    0.000000    0.711377
      8          1           0        1.783080    0.000000   -0.583799
      9          1           0        1.783080    0.000000   -1.878974
     10          1           0        2.674620    0.000000   -2.818461
     11          1           0        2.674620    0.000000   -1.523286
     12          1           0        2.674620    0.000000   -0.228110
 ---------------------------------------------------------------------
                    Distance matrix (angstroms):
                    1          2          3          4          5
     1  H    0.000000
     2  H    1.295175   0.000000
     3  H    1.295175   2.405943   0.000000
     4  H    0.959874   1.295175   1.295175   0.000000
     5  H    2.590351   1.295175   3.640686   2.405943   0.000000
     6  H    1.876218   0.959874   2.590351   1.295175   1.295175
     7  H    1.919747   1.876218   1.876218   0.959874   2.590351
     8  H    1.876218   2.590351   0.959874   1.295175   3.640686
     9  H    2.590351   3.640686   1.295175   2.405943   4.811885
    10  H    3.885526   4.906689   2.590351   3.640686   6.033973
    11  H    3.077985   3.885526   1.876218   2.590351   4.906689
    12  H    2.684329   3.077985   1.919747   1.876218   3.885526
                    6          7          8          9         10
     6  H    0.000000
     7  H    1.295175   0.000000
     8  H    2.405943   1.295175   0.000000
     9  H    3.640686   2.590351   1.295175   0.000000
    10  H    4.811885   3.640686   2.405943   1.295175   0.000000
    11  H    3.640686   2.405943   1.295175   0.959874   1.295175
    12  H    2.590351   1.295175   0.959874   1.876218   2.590351
                   11         12
    11  H    0.000000
    12  H    1.295175   0.000000
 Stoichiometry    H12
 Framework group  C2H[SGH(H12)]
 Deg. of freedom    11
 Full point group                 C2H     NOp   4
 Largest Abelian subgroup         C2H     NOp   4
 Largest concise Abelian subgroup C2      NOp   2
                         Standard orientation:                         
 ---------------------------------------------------------------------
 Center     Atomic      Atomic             Coordinates (Angstroms)
 Number     Number       Type             X           Y           Z
 ---------------------------------------------------------------------
      1          1           0        0.891540    1.003276    0.000000
      2          1           0        0.000000    1.942763    0.000000
      3          1           0        0.891540   -0.291899    0.000000
      4          1           0        0.000000    0.647588    0.000000
      5          1           0       -0.891540    2.882250   -0.000000
      6          1           0       -0.891540    1.587075   -0.000000
      7          1           0       -0.891540    0.291899    0.000000
      8          1           0       -0.000000   -0.647588   -0.000000
      9          1           0        0.891540   -1.587075   -0.000000
     10          1           0        0.891540   -2.882250   -0.000000
     11          1           0       -0.000000   -1.942763   -0.000000
     12          1           0       -0.891540   -1.003276    0.000000
 ---------------------------------------------------------------------
 Rotational constants (GHZ):    106.1083588     14.8113466     12.9971180
 General basis read from cards:  (5D, 7F)
 There are     6 symmetry adapted cartesian basis functions of AG  symmetry.
 There are     0 symmetry adapted cartesian basis functions of BG  symmetry.
 There are     0 symmetry adapted cartesian basis functions of AU  symmetry.
 There are     6 symmetry adapted cartesian basis functions of BU  symmetry.
 There are     6 symmetry adapted basis functions of AG  symmetry.
 There are     0 symmetry adapted basis functions of BG  symmetry.
 There are     0 symmetry adapted basis functions of AU  symmetry.
 There are     6 symmetry adapted basis functions of BU  symmetry.
    12 basis functions,   120 primitive gaussians,    12 cartesian basis functions
     6 alpha electrons        6 beta electrons
       nuclear repulsion energy        18.6321012927 Hartrees.
 NAtoms=   12 NActive=   12 NUniq=    6 SFac= 4.00D+00 NAtFMM=   60 NAOKFM=F Big=F
 Integral buffers will be    131072 words long.
 Regular integral format.
 Two-electron integral symmetry is turned on.
 One-electron integrals computed using PRISM.
 NBasis=    12 RedAO= T EigKep=  1.66D-01  NBF=     6     0     0     6
 NBsUse=    12 1.00D-06 EigRej= -1.00D+00 NBFU=     6     0     0     6
 Initial guess from the checkpoint file:  "h12.chk"
 B after Tr=    -0.000000    0.000000   -0.000000
         Rot=    0.994038   -0.000000    0.000000    0.109032 Ang=  12.52 deg.
 Initial guess orbital symmetries:
       Occupied  (AG) (BU) (BU) (AG) (AG) (AG)
       Virtual   (BU) (BU) (BU) (AG) (AG) (BU)
 Keep R1 ints in memory in symmetry-blocked form, NReq=901432.
 Requested convergence on RMS density matrix=1.00D-08 within 128 cycles.
 Requested convergence on MAX density matrix=1.00D-06.
 Requested convergence on             energy=1.00D-06.
 No special actions if energy rises.
 SCF Done:  E(RHF) =  -5.40581520080     A.U. after   15 cycles
            NFock= 15  Conv=0.17D-08     -V/T= 1.8161
 Range of M.O.s used for correlation:     1    12
 NBasis=    12 NAE=     6 NBE=     6 NFC=     0 NFV=     0
 NROrb=     12 NOA=     6 NOB=     6 NVA=     6 NVB=     6

 **** Warning!!: The smallest alpha delta epsilon is -0.94042797D-01

 Semi-Direct transformation.
 ModeAB=           4 MOrb=             6 LenV=     134086495
 LASXX=         2181 LTotXX=        2181 LenRXX=        5115
 LTotAB=        2934 MaxLAS=        3024 LenRXY=           0
 NonZer=        7296 LenScr=      655360 LnRSAI=        3024
 LnScr1=      655360 LExtra=           0 Total=      1318859
 MaxDsk=          -1 SrtSym=           T ITran=            3
 JobTyp=0 Pass  1:  I=   1 to   6.
 (rs|ai) integrals will be sorted in core.
 Spin components of T(2) and E(2):
     alpha-alpha T2 =       0.3036464823D-01 E2=     -0.2284072179D-01
     alpha-beta  T2 =       0.2487163821D+01 E2=     -0.3488309399D+00
     beta-beta   T2 =       0.3036464823D-01 E2=     -0.2284072179D-01
 ANorm=    0.1883585177D+01
 E2 =    -0.3945123835D+00 EUMP2 =    -0.58003275842873D+01
 Second order stability test of a single determinant RHF wave function:
 Stabil:  MDV=134217728
 ***********************************************************************
 Matrix         Lowest Root    Major Pairs
 ***********************************************************************
 Internal RHF    -0.2004879    6A=7A 6A=8A 5A=7A 4A=7A
 RRHF --> CRHF   -0.2892326    6A=7A
 RRHF --> RUHF   -0.6211193    6A=7B 6A=8B 4A=7B 4A=8B
 Not stable.
 ***********************************************************************

 **********************************************************************

            Population analysis using the SCF density.

 **********************************************************************

 Orbital symmetries:
       Occupied  (AG) (BU) (BU) (AG) (AG) (AG)
       Virtual   (BU) (BU) (AG) (BU) (AG) (BU)
 The electronic state is 1-AG.
 Alpha  occ. eigenvalues --   -0.95599  -0.77307  -0.55792  -0.55453  -0.31404
 Alpha  occ. eigenvalues --   -0.09631
 Alpha virt. eigenvalues --   -0.19035   0.13754   0.26983   0.28657   0.51048
 Alpha virt. eigenvalues --    0.55746
          Condensed to atoms (all electrons):
               1          2          3          4          5          6
     1  H    1.211738   0.195713  -0.065280   0.177403   0.006134  -0.180575
     2  H    0.195713   0.878730  -0.065477  -0.012782  -0.204327   0.286806
     3  H   -0.065280  -0.065477   0.914465   0.148610   0.002522  -0.013856
     4  H    0.177403  -0.012782   0.148610   0.560690   0.005322  -0.043724
     5  H    0.006134  -0.204327   0.002522   0.005322   1.429651  -0.227730
     6  H   -0.180575   0.286806  -0.013856  -0.043724  -0.227730   1.180391
     7  H   -0.193268  -0.120903   0.030849   0.088523   0.024036   0.161008
     8  H   -0.034237  -0.036353   0.088523   0.067469   0.000929  -0.032987
     9  H   -0.052306   0.005050   0.161008  -0.032987  -0.001866   0.016575
    10  H    0.002202  -0.001262   0.024036   0.000929   0.000513  -0.001866
    11  H    0.010765   0.009435  -0.120903  -0.036353  -0.001262   0.005050
    12  H    0.043314   0.010765  -0.193268  -0.034237   0.002202  -0.052306
               7          8          9         10         11         12
     1  H   -0.193268  -0.034237  -0.052306   0.002202   0.010765   0.043314
     2  H   -0.120903  -0.036353   0.005050  -0.001262   0.009435   0.010765
     3  H    0.030849   0.088523   0.161008   0.024036  -0.120903  -0.193268
     4  H    0.088523   0.067469  -0.032987   0.000929  -0.036353  -0.034237
     5  H    0.024036   0.000929  -0.001866   0.000513  -0.001262   0.002202
     6  H    0.161008  -0.032987   0.016575  -0.001866   0.005050  -0.052306
     7  H    0.914465   0.148610  -0.013856   0.002522  -0.065477  -0.065280
     8  H    0.148610   0.560690  -0.043724   0.005322  -0.012782   0.177403
     9  H   -0.013856  -0.043724   1.180391  -0.227730   0.286806  -0.180575
    10  H    0.002522   0.005322  -0.227730   1.429651  -0.204327   0.006134
    11  H   -0.065477  -0.012782   0.286806  -0.204327   0.878730   0.195713
    12  H   -0.065280   0.177403  -0.180575   0.006134   0.195713   1.211738
 Mulliken charges:
               1
     1  H   -0.121603
     2  H    0.054605
     3  H    0.088772
     4  H    0.111136
     5  H   -0.036124
     6  H   -0.096786
     7  H    0.088772
     8  H    0.111136
     9  H   -0.096786
    10  H   -0.036124
    11  H    0.054605
    12  H   -0.121603
 Sum of Mulliken charges =   0.00000
 Mulliken charges with hydrogens summed into heavy atoms:
               1
 Electronic spatial extent (au):  <R**2>=            180.5778
 Charge=              0.0000 electrons
 Dipole moment (field-independent basis, Debye):
    X=             -0.0000    Y=              0.0000    Z=              0.0000  Tot=              0.0000
 Quadrupole moment (field-independent basis, Debye-Ang):
   XX=            -19.1839   YY=            -23.2896   ZZ=            -15.0926
   XY=              1.1286   XZ=              0.0000   YZ=             -0.0000
 Traceless Quadrupole moment (field-independent basis, Debye-Ang):
   XX=              0.0048   YY=             -4.1009   ZZ=              4.0961
   XY=              1.1286   XZ=              0.0000   YZ=             -0.0000
 Octapole moment (field-independent basis, Debye-Ang**2):
  XXX=              0.0000  YYY=              0.0000  ZZZ=              0.0000  XYY=             -0.0000
  XXY=              0.0000  XXZ=              0.0000  XZZ=              0.0000  YZZ=              0.0000
  YYZ=              0.0000  XYZ=             -0.0000
 Hexadecapole moment (field-independent basis, Debye-Ang**3):
 XXXX=            -77.8428 YYYY=           -362.9039 ZZZZ=            -17.8563 XXXY=             28.8637
 XXXZ=              0.0000 YYYX=             55.1147 YYYZ=             -0.0000 ZZZX=              0.0000
 ZZZY=             -0.0000 XXYY=            -73.9329 XXZZ=            -15.4615 YYZZ=            -48.9588
 XXYZ=             -0.0000 YYXZ=              0.0000 ZZXY=              8.5991
 N-N= 1.863210129273D+01 E-N=-4.819615829723D+01  KE= 6.624021092038D+00
 Symmetry AG   KE= 4.890167293536D+00
 Symmetry BG   KE= 0.000000000000D+00
 Symmetry AU   KE= 0.000000000000D+00
 Symmetry BU   KE= 1.733853798501D+00

 Test job not archived.
 1\1\GINC-SULU\Stability\RHF\Gen\H12\LCJ1\17-Feb-2017\0\\#rhf/gen scf(s
 ymm,tight,novaracc,noincfock,fulldiag) stable(crhf) guess=read geom=no
 crowd test\\hf stability analysis of h12 triangular lattice, y= 0.4799
 3687953036013\\0,1\H\H,1,1.2951753716\H,1,1.2951753716,2,136.5\H,2,1.2
 951753716,1,43.5,3,0.,0\H,2,1.2951753716,1,180.,3,0.,0\H,4,1.295175371
 6,3,180.,5,0.,0\H,6,1.2951753716,5,180.,3,0.,0\H,4,1.2951753716,2,180.
 ,3,0.,0\H,3,1.2951753716,1,180.,4,0.,0\H,9,1.2951753716,3,180.,4,0.,0\
 H,8,1.2951753716,4,180.,3,0.,0\H,7,1.2951753716,6,180.,3,0.,0\\Version
 =ES64L-G09RevE.01\State=1-AG\HF=-5.4058152\MP2=-5.8003276\RMSD=1.741e-
 09\Dipole=0.,0.,0.\Quadrupole=-0.6048541,3.0453415,-2.4404874,0.,1.480
 24,0.\PG=C02H [SGH(H12)]\\@


 A COMPLEXITY IS MERELY A DISARRANGEMENT OF SIMPLICITIES.

                                    -- G. O. ABELL IN "EXPLORATION OF THE UNIVERSE"
 Job cpu time:       0 days  0 hours  0 minutes  1.1 seconds.
 File lengths (MBytes):  RWF=     84 Int=      0 D2E=      0 Chk=      2 Scr=      2
 Normal termination of Gaussian 09 at Fri Feb 17 14:57:16 2017.
