 Entering Gaussian System, Link 0=g09
 AtFile(1): H.gbs
            H     0
            S   10   1.00
               1000.000000000000            0.000068713567
                316.227766000000            0.000169141320
                100.000000000000            0.000823394812
                 31.622776600000            0.003425569236
                 10.000000000000            0.013951996000
                  3.162277660000            0.056909313560
                  1.000000000000            0.198286399900
                  0.316227766000            0.496922426700
                  0.100000000000            0.369846276400
                  0.031622776600            0.003752720039
            ****
 Initial command:
 /projects/guscus/apps/gau/g09-e1/g09/l1.exe "/users/lcj1/gaussian/h12/rhfstability/rect/guess/ag4bu2/Gau-21602.inp" -scrdir="/users/lcj1/gaussian/h12/rhfstability/rect/guess/ag4bu2/"
 Entering Link 1 = /projects/guscus/apps/gau/g09-e1/g09/l1.exe PID=     21603.
  
 Copyright (c) 1988,1990,1992,1993,1995,1998,2003,2009,2015,
            Gaussian, Inc.  All Rights Reserved.
  
 This is part of the Gaussian(R) 09 program.  It is based on
 the Gaussian(R) 03 system (copyright 2003, Gaussian, Inc.),
 the Gaussian(R) 98 system (copyright 1998, Gaussian, Inc.),
 the Gaussian(R) 94 system (copyright 1995, Gaussian, Inc.),
 the Gaussian 92(TM) system (copyright 1992, Gaussian, Inc.),
 the Gaussian 90(TM) system (copyright 1990, Gaussian, Inc.),
 the Gaussian 88(TM) system (copyright 1988, Gaussian, Inc.),
 the Gaussian 86(TM) system (copyright 1986, Carnegie Mellon
 University), and the Gaussian 82(TM) system (copyright 1983,
 Carnegie Mellon University). Gaussian is a federally registered
 trademark of Gaussian, Inc.
  
 This software contains proprietary and confidential information,
 including trade secrets, belonging to Gaussian, Inc.
  
 This software is provided under written license and may be
 used, copied, transmitted, or stored only in accord with that
 written license.
  
 The following legend is applicable only to US Government
 contracts under FAR:
  
                    RESTRICTED RIGHTS LEGEND
  
 Use, reproduction and disclosure by the US Government is
 subject to restrictions as set forth in subparagraphs (a)
 and (c) of the Commercial Computer Software - Restricted
 Rights clause in FAR 52.227-19.
  
 Gaussian, Inc.
 340 Quinnipiac St., Bldg. 40, Wallingford CT 06492
  
  
 ---------------------------------------------------------------
 Warning -- This program may not be used in any manner that
 competes with the business of Gaussian, Inc. or will provide
 assistance to any competitor of Gaussian, Inc.  The licensee
 of this program is prohibited from giving any competitor of
 Gaussian, Inc. access to this program.  By using this program,
 the user acknowledges that Gaussian, Inc. is engaged in the
 business of creating and licensing software in the field of
 computational chemistry and represents and warrants to the
 licensee that it is not a competitor of Gaussian, Inc. and that
 it will not use this program in any manner prohibited above.
 ---------------------------------------------------------------
  

 Cite this work as:
 Gaussian 09, Revision E.01,
 M. J. Frisch, G. W. Trucks, H. B. Schlegel, G. E. Scuseria, 
 M. A. Robb, J. R. Cheeseman, G. Scalmani, V. Barone, B. Mennucci, 
 G. A. Petersson, H. Nakatsuji, M. Caricato, X. Li, H. P. Hratchian, 
 A. F. Izmaylov, J. Bloino, G. Zheng, J. L. Sonnenberg, M. Hada, 
 M. Ehara, K. Toyota, R. Fukuda, J. Hasegawa, M. Ishida, T. Nakajima, 
 Y. Honda, O. Kitao, H. Nakai, T. Vreven, J. A. Montgomery, Jr., 
 J. E. Peralta, F. Ogliaro, M. Bearpark, J. J. Heyd, E. Brothers, 
 K. N. Kudin, V. N. Staroverov, T. Keith, R. Kobayashi, J. Normand, 
 K. Raghavachari, A. Rendell, J. C. Burant, S. S. Iyengar, J. Tomasi, 
 M. Cossi, N. Rega, J. M. Millam, M. Klene, J. E. Knox, J. B. Cross, 
 V. Bakken, C. Adamo, J. Jaramillo, R. Gomperts, R. E. Stratmann, 
 O. Yazyev, A. J. Austin, R. Cammi, C. Pomelli, J. W. Ochterski, 
 R. L. Martin, K. Morokuma, V. G. Zakrzewski, G. A. Voth, 
 P. Salvador, J. J. Dannenberg, S. Dapprich, A. D. Daniels, 
 O. Farkas, J. B. Foresman, J. V. Ortiz, J. Cioslowski, 
 and D. J. Fox, Gaussian, Inc., Wallingford CT, 2013.
 
 ******************************************
 Gaussian 09:  ES64L-G09RevE.01 30-Nov-2015
                17-Feb-2017 
 ******************************************
 %chk=h12.chk
 ----------------------------------------------------------------------
 #rhf/gen scf(symm,tight,novaracc,noincfock,fulldiag) stable(crhf) gues
 s=read geom=nocrowd test
 ----------------------------------------------------------------------
 1/38=1/1;
 2/12=1,17=6,18=5,40=1/2;
 3/5=7,16=1,25=1,30=1,116=1/1,2,3;
 4/5=1,9=4/1;
 5/5=100002,15=2,16=1,32=2,38=6/2;
 8/6=1,10=90,11=11/1,4;
 9/8=4,13=1/2;
 6/7=2,8=2,9=2,10=2,28=1/1;
 99/5=1,9=1/99;
 ----------------------------------------------------------------------
 hf stability analysis of h12 triangular lattice, y= 0.5715322184328752
 7
 ----------------------------------------------------------------------
 Symbolic Z-matrix:
 Charge =  0 Multiplicity = 1
 H
 H                    1     1.16065 
 H                    1     1.16065  2     121. 
 H                    2     1.16065  1     59.      3     0.       0
 H                    2     1.16065  1     180.     3     0.       0
 H                    4     1.16065  3     180.     5     0.       0
 H                    6     1.16065  5     180.     3     0.       0
 H                    4     1.16065  2     180.     3     0.       0
 H                    3     1.16065  1     180.     4     0.       0
 H                    9     1.16065  3     180.     4     0.       0
 H                    8     1.16065  4     180.     3     0.       0
 H                    7     1.16065  6     180.     3     0.       0
 
                          Input orientation:                          
 ---------------------------------------------------------------------
 Center     Atomic      Atomic             Coordinates (Angstroms)
 Number     Number       Type             X           Y           Z
 ---------------------------------------------------------------------
      1          1           0        0.000000    0.000000    0.000000
      2          1           0        0.000000    0.000000    1.160652
      3          1           0        0.994873    0.000000   -0.597780
      4          1           0        0.994873    0.000000    0.562872
      5          1           0        0.000000    0.000000    2.321303
      6          1           0        0.994873    0.000000    1.723523
      7          1           0        1.989745    0.000000    1.125744
      8          1           0        1.989745    0.000000   -0.034908
      9          1           0        1.989745    0.000000   -1.195560
     10          1           0        2.984618    0.000000   -1.793339
     11          1           0        2.984618    0.000000   -0.632688
     12          1           0        2.984618    0.000000    0.527964
 ---------------------------------------------------------------------
                    Distance matrix (angstroms):
                    1          2          3          4          5
     1  H    0.000000
     2  H    1.160652   0.000000
     3  H    1.160652   2.020360   0.000000
     4  H    1.143064   1.160652   1.160652   0.000000
     5  H    2.321303   1.160652   3.083961   2.020360   0.000000
     6  H    1.990051   1.143064   2.321303   1.160652   1.160652
     7  H    2.286129   1.990051   1.990051   1.143064   2.321303
     8  H    1.990051   2.321303   1.143064   1.160652   3.083961
     9  H    2.321303   3.083961   1.160652   2.020360   4.040719
    10  H    3.481955   4.199286   2.321303   3.083961   5.083132
    11  H    3.050940   3.481955   1.990051   2.321303   4.199286
    12  H    3.030955   3.050940   2.286129   1.990051   3.481955
                    6          7          8          9         10
     6  H    0.000000
     7  H    1.160652   0.000000
     8  H    2.020360   1.160652   0.000000
     9  H    3.083961   2.321303   1.160652   0.000000
    10  H    4.040719   3.083961   2.020360   1.160652   0.000000
    11  H    3.083961   2.020360   1.160652   1.143064   1.160652
    12  H    2.321303   1.160652   1.143064   1.990051   2.321303
                   11         12
    11  H    0.000000
    12  H    1.160652   0.000000
 Stoichiometry    H12
 Framework group  C2H[SGH(H12)]
 Deg. of freedom    11
 Full point group                 C2H     NOp   4
 Largest Abelian subgroup         C2H     NOp   4
 Largest concise Abelian subgroup C2      NOp   2
                         Standard orientation:                         
 ---------------------------------------------------------------------
 Center     Atomic      Atomic             Coordinates (Angstroms)
 Number     Number       Type             X           Y           Z
 ---------------------------------------------------------------------
      1          1           0        0.994873    1.143198   -0.000000
      2          1           0        0.000000    1.740977   -0.000000
      3          1           0        0.994873   -0.017454    0.000000
      4          1           0        0.000000    0.580326   -0.000000
      5          1           0       -0.994873    2.338757   -0.000000
      6          1           0       -0.994873    1.178106   -0.000000
      7          1           0       -0.994873    0.017454    0.000000
      8          1           0       -0.000000   -0.580326   -0.000000
      9          1           0        0.994873   -1.178106   -0.000000
     10          1           0        0.994873   -2.338757   -0.000000
     11          1           0       -0.000000   -1.740977   -0.000000
     12          1           0       -0.994873   -1.143198    0.000000
 ---------------------------------------------------------------------
 Rotational constants (GHZ):     76.5841509     20.5213173     16.1845434
 General basis read from cards:  (5D, 7F)
 There are     6 symmetry adapted cartesian basis functions of AG  symmetry.
 There are     0 symmetry adapted cartesian basis functions of BG  symmetry.
 There are     0 symmetry adapted cartesian basis functions of AU  symmetry.
 There are     6 symmetry adapted cartesian basis functions of BU  symmetry.
 There are     6 symmetry adapted basis functions of AG  symmetry.
 There are     0 symmetry adapted basis functions of BG  symmetry.
 There are     0 symmetry adapted basis functions of AU  symmetry.
 There are     6 symmetry adapted basis functions of BU  symmetry.
    12 basis functions,   120 primitive gaussians,    12 cartesian basis functions
     6 alpha electrons        6 beta electrons
       nuclear repulsion energy        19.5006266954 Hartrees.
 NAtoms=   12 NActive=   12 NUniq=    6 SFac= 4.00D+00 NAtFMM=   60 NAOKFM=F Big=F
 Integral buffers will be    131072 words long.
 Regular integral format.
 Two-electron integral symmetry is turned on.
 One-electron integrals computed using PRISM.
 NBasis=    12 RedAO= T EigKep=  1.82D-01  NBF=     6     0     0     6
 NBsUse=    12 1.00D-06 EigRej= -1.00D+00 NBFU=     6     0     0     6
 Initial guess from the checkpoint file:  "h12.chk"
 B after Tr=    -0.000000    0.000000   -0.000000
         Rot=    0.997987   -0.000000    0.000000    0.063413 Ang=   7.27 deg.
 Initial guess orbital symmetries:
       Occupied  (AG) (BU) (BU) (AG) (AG) (AG)
       Virtual   (BU) (BU) (BU) (AG) (AG) (BU)
 Keep R1 ints in memory in symmetry-blocked form, NReq=903588.
 Requested convergence on RMS density matrix=1.00D-08 within 128 cycles.
 Requested convergence on MAX density matrix=1.00D-06.
 Requested convergence on             energy=1.00D-06.
 No special actions if energy rises.
 SCF Done:  E(RHF) =  -5.54631848336     A.U. after   12 cycles
            NFock= 12  Conv=0.23D-08     -V/T= 1.8352
 Range of M.O.s used for correlation:     1    12
 NBasis=    12 NAE=     6 NBE=     6 NFC=     0 NFV=     0
 NROrb=     12 NOA=     6 NOB=     6 NVA=     6 NVB=     6

 **** Warning!!: The smallest alpha delta epsilon is  0.27802295D-01

 Semi-Direct transformation.
 ModeAB=           4 MOrb=             6 LenV=     134084437
 LASXX=         2181 LTotXX=        2181 LenRXX=        5115
 LTotAB=        2934 MaxLAS=        3024 LenRXY=           0
 NonZer=        7296 LenScr=      655360 LnRSAI=        3024
 LnScr1=      655360 LExtra=           0 Total=      1318859
 MaxDsk=          -1 SrtSym=           T ITran=            3
 JobTyp=0 Pass  1:  I=   1 to   6.
 (rs|ai) integrals will be sorted in core.
 Spin components of T(2) and E(2):
     alpha-alpha T2 =       0.1206715579D-01 E2=     -0.1425723922D-01
     alpha-beta  T2 =       0.2592063162D+00 E2=     -0.1343210695D+00
     beta-beta   T2 =       0.1206715579D-01 E2=     -0.1425723922D-01
 ANorm=    0.1132846251D+01
 E2 =    -0.1628355479D+00 EUMP2 =    -0.57091540312609D+01
 Second order stability test of a single determinant RHF wave function:
 Stabil:  MDV=134217728
 ***********************************************************************
 Matrix         Lowest Root    Major Pairs
 ***********************************************************************
 Internal RHF    -0.1893113    6A=7A
 RRHF --> CRHF   -0.2311678    6A=7A
 RRHF --> RUHF   -0.3109353    6A=7B
 Not stable.
 ***********************************************************************

 **********************************************************************

            Population analysis using the SCF density.

 **********************************************************************

 Orbital symmetries:
       Occupied  (AG) (BU) (BU) (AG) (AG) (AG)
       Virtual   (BU) (AG) (BU) (BU) (BU) (AG)
 The electronic state is 1-AG.
 Alpha  occ. eigenvalues --   -0.89428  -0.75299  -0.56989  -0.54143  -0.32283
 Alpha  occ. eigenvalues --   -0.11872
 Alpha virt. eigenvalues --   -0.09092   0.21968   0.22136   0.43448   0.58024
 Alpha virt. eigenvalues --    0.63779
          Condensed to atoms (all electrons):
               1          2          3          4          5          6
     1  H    1.315025   0.114936   0.367934  -0.395348  -0.003700  -0.082491
     2  H    0.114936   1.062505  -0.116048   0.251258   0.079816  -0.177703
     3  H    0.367934  -0.116048   1.101535  -0.280643  -0.002637   0.020973
     4  H   -0.395348   0.251258  -0.280643   1.565896  -0.071079  -0.143900
     5  H   -0.003700   0.079816  -0.002637  -0.071079   0.463696   0.264229
     6  H   -0.082491  -0.177703   0.020973  -0.143900   0.264229   0.926073
     7  H    0.031711  -0.168881   0.117893  -0.379784   0.015421   0.292392
     8  H   -0.207383   0.029920  -0.379784   0.745733  -0.022333  -0.068062
     9  H   -0.017554  -0.024503   0.292392  -0.068062   0.002313   0.020678
    10  H    0.001064  -0.000156   0.015421  -0.022333   0.000546   0.002313
    11  H   -0.004133   0.018969  -0.168881   0.029920  -0.000156  -0.024503
    12  H    0.050190  -0.004133   0.031711  -0.207383   0.001064  -0.017554
               7          8          9         10         11         12
     1  H    0.031711  -0.207383  -0.017554   0.001064  -0.004133   0.050190
     2  H   -0.168881   0.029920  -0.024503  -0.000156   0.018969  -0.004133
     3  H    0.117893  -0.379784   0.292392   0.015421  -0.168881   0.031711
     4  H   -0.379784   0.745733  -0.068062  -0.022333   0.029920  -0.207383
     5  H    0.015421  -0.022333   0.002313   0.000546  -0.000156   0.001064
     6  H    0.292392  -0.068062   0.020678   0.002313  -0.024503  -0.017554
     7  H    1.101535  -0.280643   0.020973  -0.002637  -0.116048   0.367934
     8  H   -0.280643   1.565896  -0.143900  -0.071079   0.251258  -0.395348
     9  H    0.020973  -0.143900   0.926073   0.264229  -0.177703  -0.082491
    10  H   -0.002637  -0.071079   0.264229   0.463696   0.079816  -0.003700
    11  H   -0.116048   0.251258  -0.177703   0.079816   1.062505   0.114936
    12  H    0.367934  -0.395348  -0.082491  -0.003700   0.114936   1.315025
 Mulliken charges:
               1
     1  H   -0.170252
     2  H   -0.065980
     3  H    0.000134
     4  H   -0.024275
     5  H    0.272819
     6  H   -0.012445
     7  H    0.000134
     8  H   -0.024275
     9  H   -0.012445
    10  H    0.272819
    11  H   -0.065980
    12  H   -0.170252
 Sum of Mulliken charges =   0.00000
 Mulliken charges with hydrogens summed into heavy atoms:
               1
 Electronic spatial extent (au):  <R**2>=            141.2472
 Charge=              0.0000 electrons
 Dipole moment (field-independent basis, Debye):
    X=             -0.0000    Y=             -0.0000    Z=             -0.0000  Tot=              0.0000
 Quadrupole moment (field-independent basis, Debye-Ang):
   XX=            -20.4754   YY=             -5.5078   ZZ=            -15.1786
   XY=             -9.2555   XZ=              0.0000   YZ=              0.0000
 Traceless Quadrupole moment (field-independent basis, Debye-Ang):
   XX=             -6.7548   YY=              8.2128   ZZ=             -1.4580
   XY=             -9.2555   XZ=              0.0000   YZ=              0.0000
 Octapole moment (field-independent basis, Debye-Ang**2):
  XXX=             -0.0000  YYY=             -0.0000  ZZZ=              0.0000  XYY=             -0.0000
  XXY=             -0.0000  XXZ=              0.0000  XZZ=              0.0000  YZZ=             -0.0000
  YYZ=             -0.0000  XYZ=              0.0000
 Hexadecapole moment (field-independent basis, Debye-Ang**3):
 XXXX=           -103.7636 YYYY=           -108.3733 ZZZZ=            -18.0723 XXXY=              4.3997
 XXXZ=              0.0000 YYYX=            -31.8632 YYYZ=              0.0000 ZZZX=              0.0000
 ZZZY=              0.0000 XXYY=            -38.3623 XXZZ=            -18.5311 YYZZ=            -34.3995
 XXYZ=              0.0000 YYXZ=              0.0000 ZZXY=              4.1256
 N-N= 1.950062669536D+01 E-N=-5.033445089819D+01  KE= 6.640844116849D+00
 Symmetry AG   KE= 5.055461373435D+00
 Symmetry BG   KE= 0.000000000000D+00
 Symmetry AU   KE= 0.000000000000D+00
 Symmetry BU   KE= 1.585382743415D+00

 Test job not archived.
 1\1\GINC-SULU\Stability\RHF\Gen\H12\LCJ1\17-Feb-2017\0\\#rhf/gen scf(s
 ymm,tight,novaracc,noincfock,fulldiag) stable(crhf) guess=read geom=no
 crowd test\\hf stability analysis of h12 triangular lattice, y= 0.5715
 3221843287527\\0,1\H\H,1,1.1606516224\H,1,1.1606516224,2,121.\H,2,1.16
 06516224,1,59.,3,0.,0\H,2,1.1606516224,1,180.,3,0.,0\H,4,1.1606516224,
 3,180.,5,0.,0\H,6,1.1606516224,5,180.,3,0.,0\H,4,1.1606516224,2,180.,3
 ,0.,0\H,3,1.1606516224,1,180.,4,0.,0\H,9,1.1606516224,3,180.,4,0.,0\H,
 8,1.1606516224,4,180.,3,0.,0\H,7,1.1606516224,6,180.,3,0.,0\\Version=E
 S64L-G09RevE.01\State=1-AG\HF=-5.5463185\MP2=-5.709154\RMSD=2.252e-09\
 Dipole=0.,0.,0.\Quadrupole=-2.9216486,-1.0839913,4.0056398,0.,-8.14329
 86,0.\PG=C02H [SGH(H12)]\\@


 I WOULD TAKE COUNSEL OF MYSELF.
 I WOULD STOP AND LOOK WITHIN
 AND LOOKING WITHIN, LOOK BACK, ALSO
 THAT I MAY LOOK AHEAD WITH CLEARER UNDERSTANDING
 OF THE WAY I HAVE BEEN MOVING, AND IN WHAT DIRECTION.
 I NEED TO KNOW IF I AM GOING FORWARD OR RETREATING,
 WHETHER I HAVE BEEN WASTING, OR ENJOYING
 THE PRECIOUS MOMENTS OF LIFE.  THERE HAVE BEEN FRICTIONS,
 ANNOYANCES AND SOMETIMES WRATH,
 BUT WERE THEY BECAUSE I WAS RIGHT AND OTHERS WRONG.....
 HAVE I HAD MY THOUGHTS TOO SHARPLY FOCUSED
 ON THAT WHICH PLEASED ME, SERVED MY SELF-ESTEEM,
 UNDERGIRDED MY SECURITY,
 OF WHICH I DID NOT INQUIRE WHETHER IT SERVED OR HAMPERED OTHERS.....
 HAVE I BEEN TRYING TO STOP THE CLOCK
 TO HOLD THE WORLD
 IN PERPETUATION OF WHAT WAS AN IS ALREADY SLIPPING AWAY.....
 HAVE I BEEN CRITICAL OF OTHERS FOR WHAT REALLY NEEDED CHANGING IN ME...
 LET ME INDEED TAKE COUNSEL OF MYSELF
 AND SET MY DIRECTIONS STRAIGHT.

                          R.T. WESTON AS ADAPTED BY D. OSBORN 1967
 Job cpu time:       0 days  0 hours  0 minutes  1.1 seconds.
 File lengths (MBytes):  RWF=     84 Int=      0 D2E=      0 Chk=      2 Scr=      2
 Normal termination of Gaussian 09 at Fri Feb 17 14:58:51 2017.
