 Entering Gaussian System, Link 0=g09
 AtFile(1): H.gbs
            H     0
            S   10   1.00
               1000.000000000000            0.000068713567
                316.227766000000            0.000169141320
                100.000000000000            0.000823394812
                 31.622776600000            0.003425569236
                 10.000000000000            0.013951996000
                  3.162277660000            0.056909313560
                  1.000000000000            0.198286399900
                  0.316227766000            0.496922426700
                  0.100000000000            0.369846276400
                  0.031622776600            0.003752720039
            ****
 Initial command:
 /projects/guscus/apps/gau/g09-e1/g09/l1.exe "/users/lcj1/gaussian/h12/rhfstability/rect/guess/ag4bu2/Gau-30144.inp" -scrdir="/users/lcj1/gaussian/h12/rhfstability/rect/guess/ag4bu2/"
 Entering Link 1 = /projects/guscus/apps/gau/g09-e1/g09/l1.exe PID=     30145.
  
 Copyright (c) 1988,1990,1992,1993,1995,1998,2003,2009,2015,
            Gaussian, Inc.  All Rights Reserved.
  
 This is part of the Gaussian(R) 09 program.  It is based on
 the Gaussian(R) 03 system (copyright 2003, Gaussian, Inc.),
 the Gaussian(R) 98 system (copyright 1998, Gaussian, Inc.),
 the Gaussian(R) 94 system (copyright 1995, Gaussian, Inc.),
 the Gaussian 92(TM) system (copyright 1992, Gaussian, Inc.),
 the Gaussian 90(TM) system (copyright 1990, Gaussian, Inc.),
 the Gaussian 88(TM) system (copyright 1988, Gaussian, Inc.),
 the Gaussian 86(TM) system (copyright 1986, Carnegie Mellon
 University), and the Gaussian 82(TM) system (copyright 1983,
 Carnegie Mellon University). Gaussian is a federally registered
 trademark of Gaussian, Inc.
  
 This software contains proprietary and confidential information,
 including trade secrets, belonging to Gaussian, Inc.
  
 This software is provided under written license and may be
 used, copied, transmitted, or stored only in accord with that
 written license.
  
 The following legend is applicable only to US Government
 contracts under FAR:
  
                    RESTRICTED RIGHTS LEGEND
  
 Use, reproduction and disclosure by the US Government is
 subject to restrictions as set forth in subparagraphs (a)
 and (c) of the Commercial Computer Software - Restricted
 Rights clause in FAR 52.227-19.
  
 Gaussian, Inc.
 340 Quinnipiac St., Bldg. 40, Wallingford CT 06492
  
  
 ---------------------------------------------------------------
 Warning -- This program may not be used in any manner that
 competes with the business of Gaussian, Inc. or will provide
 assistance to any competitor of Gaussian, Inc.  The licensee
 of this program is prohibited from giving any competitor of
 Gaussian, Inc. access to this program.  By using this program,
 the user acknowledges that Gaussian, Inc. is engaged in the
 business of creating and licensing software in the field of
 computational chemistry and represents and warrants to the
 licensee that it is not a competitor of Gaussian, Inc. and that
 it will not use this program in any manner prohibited above.
 ---------------------------------------------------------------
  

 Cite this work as:
 Gaussian 09, Revision E.01,
 M. J. Frisch, G. W. Trucks, H. B. Schlegel, G. E. Scuseria, 
 M. A. Robb, J. R. Cheeseman, G. Scalmani, V. Barone, B. Mennucci, 
 G. A. Petersson, H. Nakatsuji, M. Caricato, X. Li, H. P. Hratchian, 
 A. F. Izmaylov, J. Bloino, G. Zheng, J. L. Sonnenberg, M. Hada, 
 M. Ehara, K. Toyota, R. Fukuda, J. Hasegawa, M. Ishida, T. Nakajima, 
 Y. Honda, O. Kitao, H. Nakai, T. Vreven, J. A. Montgomery, Jr., 
 J. E. Peralta, F. Ogliaro, M. Bearpark, J. J. Heyd, E. Brothers, 
 K. N. Kudin, V. N. Staroverov, T. Keith, R. Kobayashi, J. Normand, 
 K. Raghavachari, A. Rendell, J. C. Burant, S. S. Iyengar, J. Tomasi, 
 M. Cossi, N. Rega, J. M. Millam, M. Klene, J. E. Knox, J. B. Cross, 
 V. Bakken, C. Adamo, J. Jaramillo, R. Gomperts, R. E. Stratmann, 
 O. Yazyev, A. J. Austin, R. Cammi, C. Pomelli, J. W. Ochterski, 
 R. L. Martin, K. Morokuma, V. G. Zakrzewski, G. A. Voth, 
 P. Salvador, J. J. Dannenberg, S. Dapprich, A. D. Daniels, 
 O. Farkas, J. B. Foresman, J. V. Ortiz, J. Cioslowski, 
 and D. J. Fox, Gaussian, Inc., Wallingford CT, 2013.
 
 ******************************************
 Gaussian 09:  ES64L-G09RevE.01 30-Nov-2015
                17-Feb-2017 
 ******************************************
 %chk=h12.chk
 ----------------------------------------------------------------------
 #rhf/gen scf(symm,tight,novaracc,noincfock,fulldiag) stable(crhf) gues
 s=read geom=nocrowd test
 ----------------------------------------------------------------------
 1/38=1/1;
 2/12=1,17=6,18=5,40=1/2;
 3/5=7,16=1,25=1,30=1,116=1/1,2,3;
 4/5=1,9=4/1;
 5/5=100002,15=2,16=1,32=2,38=6/2;
 8/6=1,10=90,11=11/1,4;
 9/8=4,13=1/2;
 6/7=2,8=2,9=2,10=2,28=1/1;
 99/5=1,9=1/99;
 ----------------------------------------------------------------------
 hf stability analysis of h12 triangular lattice, y= 0.7834165171194891
 2
 ----------------------------------------------------------------------
 Symbolic Z-matrix:
 Charge =  0 Multiplicity = 1
 H
 H                    1     1.07557 
 H                    1     1.07557  2     86.5 
 H                    2     1.07557  1     93.5     3     0.       0
 H                    2     1.07557  1     180.     3     0.       0
 H                    4     1.07557  3     180.     5     0.       0
 H                    6     1.07557  5     180.     3     0.       0
 H                    4     1.07557  2     180.     3     0.       0
 H                    3     1.07557  1     180.     4     0.       0
 H                    9     1.07557  3     180.     4     0.       0
 H                    8     1.07557  4     180.     3     0.       0
 H                    7     1.07557  6     180.     3     0.       0
 
                          Input orientation:                          
 ---------------------------------------------------------------------
 Center     Atomic      Atomic             Coordinates (Angstroms)
 Number     Number       Type             X           Y           Z
 ---------------------------------------------------------------------
      1          1           0        0.000000    0.000000    0.000000
      2          1           0        0.000000    0.000000    1.075573
      3          1           0        1.073567    0.000000    0.065662
      4          1           0        1.073567    0.000000    1.141236
      5          1           0        0.000000    0.000000    2.151147
      6          1           0        1.073567    0.000000    2.216809
      7          1           0        2.147135    0.000000    2.282471
      8          1           0        2.147135    0.000000    1.206898
      9          1           0        2.147135    0.000000    0.131324
     10          1           0        3.220702    0.000000    0.196987
     11          1           0        3.220702    0.000000    1.272560
     12          1           0        3.220702    0.000000    2.348134
 ---------------------------------------------------------------------
                    Distance matrix (angstroms):
                    1          2          3          4          5
     1  H    0.000000
     2  H    1.075573   0.000000
     3  H    1.075573   1.473929   0.000000
     4  H    1.566833   1.075573   1.075573   0.000000
     5  H    2.151147   1.075573   2.345590   1.473929   0.000000
     6  H    2.463085   1.566833   2.151147   1.075573   1.075573
     7  H    3.133666   2.463085   2.463085   1.566833   2.151147
     8  H    2.463085   2.151147   1.566833   1.075573   2.345590
     9  H    2.151147   2.345590   1.075573   1.473929   2.947859
    10  H    3.226720   3.338388   2.151147   2.345590   3.767182
    11  H    3.462994   3.226720   2.463085   2.151147   3.338388
    12  H    3.985806   3.462994   3.133666   2.463085   3.226720
                    6          7          8          9         10
     6  H    0.000000
     7  H    1.075573   0.000000
     8  H    1.473929   1.075573   0.000000
     9  H    2.345590   2.151147   1.075573   0.000000
    10  H    2.947859   2.345590   1.473929   1.075573   0.000000
    11  H    2.345590   1.473929   1.075573   1.566833   1.075573
    12  H    2.151147   1.075573   1.566833   2.463085   2.151147
                   11         12
    11  H    0.000000
    12  H    1.075573   0.000000
 Stoichiometry    H12
 Framework group  C2H[SGH(H12)]
 Deg. of freedom    11
 Full point group                 C2H     NOp   4
 Largest Abelian subgroup         C2H     NOp   4
 Largest concise Abelian subgroup C2      NOp   2
                         Standard orientation:                         
 ---------------------------------------------------------------------
 Center     Atomic      Atomic             Coordinates (Angstroms)
 Number     Number       Type             X           Y           Z
 ---------------------------------------------------------------------
      1          1           0        1.073567    1.679022   -0.000000
      2          1           0        0.000000    1.613360    0.000000
      3          1           0        1.073567    0.603449   -0.000000
      4          1           0        0.000000    0.537787    0.000000
      5          1           0       -1.073567    1.547698    0.000000
      6          1           0       -1.073567    0.472125    0.000000
      7          1           0       -1.073567   -0.603449   -0.000000
      8          1           0       -0.000000   -0.537787    0.000000
      9          1           0        1.073567   -0.472125    0.000000
     10          1           0        1.073567   -1.547698    0.000000
     11          1           0       -0.000000   -1.613360    0.000000
     12          1           0       -1.073567   -1.679022    0.000000
 ---------------------------------------------------------------------
 Rotational constants (GHZ):     54.6151169     28.7760549     18.8462108
 General basis read from cards:  (5D, 7F)
 There are     6 symmetry adapted cartesian basis functions of AG  symmetry.
 There are     0 symmetry adapted cartesian basis functions of BG  symmetry.
 There are     0 symmetry adapted cartesian basis functions of AU  symmetry.
 There are     6 symmetry adapted cartesian basis functions of BU  symmetry.
 There are     6 symmetry adapted basis functions of AG  symmetry.
 There are     0 symmetry adapted basis functions of BG  symmetry.
 There are     0 symmetry adapted basis functions of AU  symmetry.
 There are     6 symmetry adapted basis functions of BU  symmetry.
    12 basis functions,   120 primitive gaussians,    12 cartesian basis functions
     6 alpha electrons        6 beta electrons
       nuclear repulsion energy        20.1722439134 Hartrees.
 NAtoms=   12 NActive=   12 NUniq=    6 SFac= 4.00D+00 NAtFMM=   60 NAOKFM=F Big=F
 Integral buffers will be    131072 words long.
 Regular integral format.
 Two-electron integral symmetry is turned on.
 One-electron integrals computed using PRISM.
 NBasis=    12 RedAO= T EigKep=  1.08D-01  NBF=     6     0     0     6
 NBsUse=    12 1.00D-06 EigRej= -1.00D+00 NBFU=     6     0     0     6
 Initial guess from the checkpoint file:  "h12.chk"
 B after Tr=    -0.000000   -0.000000    0.000000
         Rot=    0.999164    0.000000   -0.000000   -0.040890 Ang=  -4.69 deg.
 Initial guess orbital symmetries:
       Occupied  (AG) (BU) (BU) (AG) (AG) (AG)
       Virtual   (BU) (BU) (BU) (AG) (AG) (BU)
 Keep R1 ints in memory in symmetry-blocked form, NReq=903868.
 Requested convergence on RMS density matrix=1.00D-08 within 128 cycles.
 Requested convergence on MAX density matrix=1.00D-06.
 Requested convergence on             energy=1.00D-06.
 No special actions if energy rises.
 SCF Done:  E(RHF) =  -5.85470033510     A.U. after    8 cycles
            NFock=  8  Conv=0.96D-08     -V/T= 1.9136
 Range of M.O.s used for correlation:     1    12
 NBasis=    12 NAE=     6 NBE=     6 NFC=     0 NFV=     0
 NROrb=     12 NOA=     6 NOB=     6 NVA=     6 NVB=     6
 Semi-Direct transformation.
 ModeAB=           4 MOrb=             6 LenV=     134084353
 LASXX=         2181 LTotXX=        2181 LenRXX=        5115
 LTotAB=        2934 MaxLAS=        3024 LenRXY=           0
 NonZer=        7296 LenScr=      655360 LnRSAI=        3024
 LnScr1=      655360 LExtra=           0 Total=      1318859
 MaxDsk=          -1 SrtSym=           T ITran=            3
 JobTyp=0 Pass  1:  I=   1 to   6.
 (rs|ai) integrals will be sorted in core.
 Spin components of T(2) and E(2):
     alpha-alpha T2 =       0.1111126454D-01 E2=     -0.1373828262D-01
     alpha-beta  T2 =       0.7906970551D-01 E2=     -0.1105411945D+00
     beta-beta   T2 =       0.1111126454D-01 E2=     -0.1373828262D-01
 ANorm=    0.1049424716D+01
 E2 =    -0.1380177598D+00 EUMP2 =    -0.59927180948841D+01
 Second order stability test of a single determinant RHF wave function:
 Stabil:  MDV=134217728
 ***********************************************************************
 Matrix         Lowest Root    Major Pairs
 ***********************************************************************
 Internal RHF     0.0782342    Stable
 RRHF --> CRHF    0.0527358    Stable


 RRHF --> RUHF   -0.0707686    6A=8B 6A=9B 4A=7B 5A=7B 4A=9B 6A=7B 5A=9B 3A=10B 2
 A=11B 1A=12B 2A=10B 1A=9B 3A=11B
 Not stable.
 ***********************************************************************

 **********************************************************************

            Population analysis using the SCF density.

 **********************************************************************

 Orbital symmetries:
       Occupied  (AG) (BU) (BU) (AG) (AG) (AG)
       Virtual   (BU) (BU) (BU) (AG) (AG) (BU)
 The electronic state is 1-AG.
 Alpha  occ. eigenvalues --   -0.93730  -0.75482  -0.66392  -0.46906  -0.44206
 Alpha  occ. eigenvalues --   -0.26921
 Alpha virt. eigenvalues --    0.05781   0.18529   0.19209   0.51272   0.57897
 Alpha virt. eigenvalues --    1.00080
          Condensed to atoms (all electrons):
               1          2          3          4          5          6
     1  H    0.680771   0.146380   0.303980  -0.122340  -0.019723  -0.026651
     2  H    0.146380   0.963997  -0.145078   0.186479   0.149913  -0.137346
     3  H    0.303980  -0.145078   0.955279  -0.213330  -0.034716   0.023241
     4  H   -0.122340   0.186479  -0.213330   1.374795  -0.153763  -0.224691
     5  H   -0.019723   0.149913  -0.034716  -0.153763   0.768153   0.315999
     6  H   -0.026651  -0.137346   0.023241  -0.224691   0.315999   0.962563
     7  H    0.009463  -0.064588   0.053845  -0.166171  -0.010773   0.303453
     8  H   -0.059146   0.010196  -0.166171   0.694303  -0.077243  -0.196233
     9  H   -0.008366  -0.078757   0.303453  -0.196233   0.012474   0.063434
    10  H   -0.003280   0.001308  -0.010773  -0.077243   0.009329   0.012474
    11  H    0.001261   0.023908  -0.064588   0.010196   0.001308  -0.078757
    12  H    0.005722   0.001261   0.009463  -0.059146  -0.003280  -0.008366
               7          8          9         10         11         12
     1  H    0.009463  -0.059146  -0.008366  -0.003280   0.001261   0.005722
     2  H   -0.064588   0.010196  -0.078757   0.001308   0.023908   0.001261
     3  H    0.053845  -0.166171   0.303453  -0.010773  -0.064588   0.009463
     4  H   -0.166171   0.694303  -0.196233  -0.077243   0.010196  -0.059146
     5  H   -0.010773  -0.077243   0.012474   0.009329   0.001308  -0.003280
     6  H    0.303453  -0.196233   0.063434   0.012474  -0.078757  -0.008366
     7  H    0.955279  -0.213330   0.023241  -0.034716  -0.145078   0.303980
     8  H   -0.213330   1.374795  -0.224691  -0.153763   0.186479  -0.122340
     9  H    0.023241  -0.224691   0.962563   0.315999  -0.137346  -0.026651
    10  H   -0.034716  -0.153763   0.315999   0.768153   0.149913  -0.019723
    11  H   -0.145078   0.186479  -0.137346   0.149913   0.963997   0.146380
    12  H    0.303980  -0.122340  -0.026651  -0.019723   0.146380   0.680771
 Mulliken charges:
               1
     1  H    0.091931
     2  H   -0.057672
     3  H   -0.014605
     4  H   -0.052856
     5  H    0.042322
     6  H   -0.009119
     7  H   -0.014605
     8  H   -0.052856
     9  H   -0.009119
    10  H    0.042322
    11  H   -0.057672
    12  H    0.091931
 Sum of Mulliken charges =   0.00000
 Mulliken charges with hydrogens summed into heavy atoms:
               1
 Electronic spatial extent (au):  <R**2>=            131.8390
 Charge=              0.0000 electrons
 Dipole moment (field-independent basis, Debye):
    X=             -0.0000    Y=             -0.0000    Z=              0.0000  Tot=              0.0000
 Quadrupole moment (field-independent basis, Debye-Ang):
   XX=            -19.3594   YY=            -14.9692   ZZ=            -15.1970
   XY=              1.0569   XZ=              0.0000   YZ=             -0.0000
 Traceless Quadrupole moment (field-independent basis, Debye-Ang):
   XX=             -2.8509   YY=              1.5394   ZZ=              1.3115
   XY=              1.0569   XZ=              0.0000   YZ=             -0.0000
 Octapole moment (field-independent basis, Debye-Ang**2):
  XXX=              0.0000  YYY=              0.0000  ZZZ=             -0.0000  XYY=              0.0000
  XXY=              0.0000  XXZ=             -0.0000  XZZ=             -0.0000  YZZ=              0.0000
  YYZ=             -0.0000  XYZ=              0.0000
 Hexadecapole moment (field-independent basis, Debye-Ang**3):
 XXXX=           -111.5785 YYYY=           -157.5028 ZZZZ=            -18.0270 XXXY=             -0.3741
 XXXZ=              0.0000 YYYX=              2.3397 YYYZ=              0.0000 ZZZX=              0.0000
 ZZZY=              0.0000 XXYY=            -41.8499 XXZZ=            -19.9165 YYZZ=            -29.2587
 XXYZ=              0.0000 YYXZ=              0.0000 ZZXY=             -0.4938
 N-N= 2.017224391336D+01 E-N=-5.138977019508D+01  KE= 6.408619225213D+00
 Symmetry AG   KE= 4.857451355587D+00
 Symmetry BG   KE= 0.000000000000D+00
 Symmetry AU   KE= 0.000000000000D+00
 Symmetry BU   KE= 1.551167869626D+00

 Test job not archived.
 1\1\GINC-SULU\Stability\RHF\Gen\H12\LCJ1\17-Feb-2017\0\\#rhf/gen scf(s
 ymm,tight,novaracc,noincfock,fulldiag) stable(crhf) guess=read geom=no
 crowd test\\hf stability analysis of h12 triangular lattice, y= 0.7834
 1651711948912\\0,1\H\H,1,1.0755734822\H,1,1.0755734822,2,86.5\H,2,1.07
 55734822,1,93.5,3,0.,0\H,2,1.0755734822,1,180.,3,0.,0\H,4,1.0755734822
 ,3,180.,5,0.,0\H,6,1.0755734822,5,180.,3,0.,0\H,4,1.0755734822,2,180.,
 3,0.,0\H,3,1.0755734822,1,180.,4,0.,0\H,9,1.0755734822,3,180.,4,0.,0\H
 ,8,1.0755734822,4,180.,3,0.,0\H,7,1.0755734822,6,180.,3,0.,0\\Version=
 ES64L-G09RevE.01\State=1-AG\HF=-5.8547003\MP2=-5.9927181\RMSD=9.647e-0
 9\Dipole=0.,0.,0.\Quadrupole=1.0365528,0.975081,-2.0116338,0.,0.978811
 7,0.\PG=C02H [SGH(H12)]\\@


 IF YOU DON'T HAVE THE LAW - ARGUE THE FACTS.
 IF YOU DON'T HAVE THE FACTS - ARGUE THE LAW.
 IF YOU DON'T HAVE EITHER - POUND THE TABLE.
 Job cpu time:       0 days  0 hours  0 minutes  1.1 seconds.
 File lengths (MBytes):  RWF=     84 Int=      0 D2E=      0 Chk=      2 Scr=      2
 Normal termination of Gaussian 09 at Fri Feb 17 15:02:32 2017.
