 Entering Gaussian System, Link 0=g09
 AtFile(1): H.gbs
            H     0
            S   10   1.00
               1000.000000000000            0.000068713567
                316.227766000000            0.000169141320
                100.000000000000            0.000823394812
                 31.622776600000            0.003425569236
                 10.000000000000            0.013951996000
                  3.162277660000            0.056909313560
                  1.000000000000            0.198286399900
                  0.316227766000            0.496922426700
                  0.100000000000            0.369846276400
                  0.031622776600            0.003752720039
            ****
 Initial command:
 /projects/guscus/apps/gau/g09-e1/g09/l1.exe "/users/lcj1/gaussian/h12/rhfstability/rect/guess/ag4bu2/Gau-6864.inp" -scrdir="/users/lcj1/gaussian/h12/rhfstability/rect/guess/ag4bu2/"
 Entering Link 1 = /projects/guscus/apps/gau/g09-e1/g09/l1.exe PID=      6865.
  
 Copyright (c) 1988,1990,1992,1993,1995,1998,2003,2009,2015,
            Gaussian, Inc.  All Rights Reserved.
  
 This is part of the Gaussian(R) 09 program.  It is based on
 the Gaussian(R) 03 system (copyright 2003, Gaussian, Inc.),
 the Gaussian(R) 98 system (copyright 1998, Gaussian, Inc.),
 the Gaussian(R) 94 system (copyright 1995, Gaussian, Inc.),
 the Gaussian 92(TM) system (copyright 1992, Gaussian, Inc.),
 the Gaussian 90(TM) system (copyright 1990, Gaussian, Inc.),
 the Gaussian 88(TM) system (copyright 1988, Gaussian, Inc.),
 the Gaussian 86(TM) system (copyright 1986, Carnegie Mellon
 University), and the Gaussian 82(TM) system (copyright 1983,
 Carnegie Mellon University). Gaussian is a federally registered
 trademark of Gaussian, Inc.
  
 This software contains proprietary and confidential information,
 including trade secrets, belonging to Gaussian, Inc.
  
 This software is provided under written license and may be
 used, copied, transmitted, or stored only in accord with that
 written license.
  
 The following legend is applicable only to US Government
 contracts under FAR:
  
                    RESTRICTED RIGHTS LEGEND
  
 Use, reproduction and disclosure by the US Government is
 subject to restrictions as set forth in subparagraphs (a)
 and (c) of the Commercial Computer Software - Restricted
 Rights clause in FAR 52.227-19.
  
 Gaussian, Inc.
 340 Quinnipiac St., Bldg. 40, Wallingford CT 06492
  
  
 ---------------------------------------------------------------
 Warning -- This program may not be used in any manner that
 competes with the business of Gaussian, Inc. or will provide
 assistance to any competitor of Gaussian, Inc.  The licensee
 of this program is prohibited from giving any competitor of
 Gaussian, Inc. access to this program.  By using this program,
 the user acknowledges that Gaussian, Inc. is engaged in the
 business of creating and licensing software in the field of
 computational chemistry and represents and warrants to the
 licensee that it is not a competitor of Gaussian, Inc. and that
 it will not use this program in any manner prohibited above.
 ---------------------------------------------------------------
  

 Cite this work as:
 Gaussian 09, Revision E.01,
 M. J. Frisch, G. W. Trucks, H. B. Schlegel, G. E. Scuseria, 
 M. A. Robb, J. R. Cheeseman, G. Scalmani, V. Barone, B. Mennucci, 
 G. A. Petersson, H. Nakatsuji, M. Caricato, X. Li, H. P. Hratchian, 
 A. F. Izmaylov, J. Bloino, G. Zheng, J. L. Sonnenberg, M. Hada, 
 M. Ehara, K. Toyota, R. Fukuda, J. Hasegawa, M. Ishida, T. Nakajima, 
 Y. Honda, O. Kitao, H. Nakai, T. Vreven, J. A. Montgomery, Jr., 
 J. E. Peralta, F. Ogliaro, M. Bearpark, J. J. Heyd, E. Brothers, 
 K. N. Kudin, V. N. Staroverov, T. Keith, R. Kobayashi, J. Normand, 
 K. Raghavachari, A. Rendell, J. C. Burant, S. S. Iyengar, J. Tomasi, 
 M. Cossi, N. Rega, J. M. Millam, M. Klene, J. E. Knox, J. B. Cross, 
 V. Bakken, C. Adamo, J. Jaramillo, R. Gomperts, R. E. Stratmann, 
 O. Yazyev, A. J. Austin, R. Cammi, C. Pomelli, J. W. Ochterski, 
 R. L. Martin, K. Morokuma, V. G. Zakrzewski, G. A. Voth, 
 P. Salvador, J. J. Dannenberg, S. Dapprich, A. D. Daniels, 
 O. Farkas, J. B. Foresman, J. V. Ortiz, J. Cioslowski, 
 and D. J. Fox, Gaussian, Inc., Wallingford CT, 2013.
 
 ******************************************
 Gaussian 09:  ES64L-G09RevE.01 30-Nov-2015
                17-Feb-2017 
 ******************************************
 %chk=h12.chk
 ----------------------------------------------------------------------
 #rhf/gen scf(symm,tight,novaracc,noincfock,fulldiag) stable(crhf) gues
 s=read geom=nocrowd test
 ----------------------------------------------------------------------
 1/38=1/1;
 2/12=1,17=6,18=5,40=1/2;
 3/5=7,16=1,25=1,30=1,116=1/1,2,3;
 4/5=1,9=4/1;
 5/5=100002,15=2,16=1,32=2,38=6/2;
 8/6=1,10=90,11=11/1,4;
 9/8=4,13=1/2;
 6/7=2,8=2,9=2,10=2,28=1/1;
 99/5=1,9=1/99;
 ----------------------------------------------------------------------
 hf stability analysis of h12 triangular lattice, y= 1.1127136872907215
 ----------------------------------------------------------------------
 Symbolic Z-matrix:
 Charge =  0 Multiplicity = 1
 H
 H                    1     1.22774 
 H                    1     1.22774  2     50. 
 H                    2     1.22774  1     130.     3     0.       0
 H                    2     1.22774  1     180.     3     0.       0
 H                    4     1.22774  3     180.     5     0.       0
 H                    6     1.22774  5     180.     3     0.       0
 H                    4     1.22774  2     180.     3     0.       0
 H                    3     1.22774  1     180.     4     0.       0
 H                    9     1.22774  3     180.     4     0.       0
 H                    8     1.22774  4     180.     3     0.       0
 H                    7     1.22774  6     180.     3     0.       0
 
                          Input orientation:                          
 ---------------------------------------------------------------------
 Center     Atomic      Atomic             Coordinates (Angstroms)
 Number     Number       Type             X           Y           Z
 ---------------------------------------------------------------------
      1          1           0        0.000000    0.000000    0.000000
      2          1           0        0.000000    0.000000    1.227744
      3          1           0        0.940506    0.000000    0.789178
      4          1           0        0.940506    0.000000    2.016922
      5          1           0        0.000000    0.000000    2.455487
      6          1           0        0.940506    0.000000    3.244666
      7          1           0        1.881012    0.000000    4.033844
      8          1           0        1.881012    0.000000    2.806101
      9          1           0        1.881012    0.000000    1.578357
     10          1           0        2.821519    0.000000    2.367535
     11          1           0        2.821519    0.000000    3.595279
     12          1           0        2.821519    0.000000    4.823023
 ---------------------------------------------------------------------
                    Distance matrix (angstroms):
                    1          2          3          4          5
     1  H    0.000000
     2  H    1.227744   0.000000
     3  H    1.227744   1.037734   0.000000
     4  H    2.225427   1.227744   1.227744   0.000000
     5  H    2.455487   1.227744   1.913410   1.037734   0.000000
     6  H    3.378226   2.225427   2.455487   1.227744   1.227744
     7  H    4.450855   3.378226   3.378226   2.225427   2.455487
     8  H    3.378226   2.455487   2.225427   1.227744   1.913410
     9  H    2.455487   1.913410   1.227744   1.037734   2.075468
    10  H    3.683231   3.043040   2.455487   1.913410   2.822889
    11  H    4.570230   3.683231   3.378226   2.455487   3.043040
    12  H    5.587711   4.570230   4.450855   3.378226   3.683231
                    6          7          8          9         10
     6  H    0.000000
     7  H    1.227744   0.000000
     8  H    1.037734   1.227744   0.000000
     9  H    1.913410   2.455487   1.227744   0.000000
    10  H    2.075468   1.913410   1.037734   1.227744   0.000000
    11  H    1.913410   1.037734   1.227744   2.225427   1.227744
    12  H    2.455487   1.227744   2.225427   3.378226   2.455487
                   11         12
    11  H    0.000000
    12  H    1.227744   0.000000
 Stoichiometry    H12
 Framework group  C2H[SGH(H12)]
 Deg. of freedom    11
 Full point group                 C2H     NOp   4
 Largest Abelian subgroup         C2H     NOp   4
 Largest concise Abelian subgroup C2      NOp   2
                         Standard orientation:                         
 ---------------------------------------------------------------------
 Center     Atomic      Atomic             Coordinates (Angstroms)
 Number     Number       Type             X           Y           Z
 ---------------------------------------------------------------------
      1          1           0        0.940506    2.630794    0.000000
      2          1           0        0.000000    1.841616    0.000000
      3          1           0        0.940506    1.403050    0.000000
      4          1           0        0.000000    0.613872    0.000000
      5          1           0       -0.940506    1.052437    0.000000
      6          1           0       -0.940506   -0.175307    0.000000
      7          1           0       -0.940506   -1.403050    0.000000
      8          1           0       -0.000000   -0.613872    0.000000
      9          1           0        0.940506    0.175307    0.000000
     10          1           0        0.940506   -1.052437    0.000000
     11          1           0       -0.000000   -1.841616    0.000000
     12          1           0       -0.940506   -2.630794    0.000000
 ---------------------------------------------------------------------
 Rotational constants (GHZ):     91.4758144     17.1805789     14.4640126
 General basis read from cards:  (5D, 7F)
 There are     6 symmetry adapted cartesian basis functions of AG  symmetry.
 There are     0 symmetry adapted cartesian basis functions of BG  symmetry.
 There are     0 symmetry adapted cartesian basis functions of AU  symmetry.
 There are     6 symmetry adapted cartesian basis functions of BU  symmetry.
 There are     6 symmetry adapted basis functions of AG  symmetry.
 There are     0 symmetry adapted basis functions of BG  symmetry.
 There are     0 symmetry adapted basis functions of AU  symmetry.
 There are     6 symmetry adapted basis functions of BU  symmetry.
    12 basis functions,   120 primitive gaussians,    12 cartesian basis functions
     6 alpha electrons        6 beta electrons
       nuclear repulsion energy        19.0413993983 Hartrees.
 NAtoms=   12 NActive=   12 NUniq=    6 SFac= 4.00D+00 NAtFMM=   60 NAOKFM=F Big=F
 Integral buffers will be    131072 words long.
 Regular integral format.
 Two-electron integral symmetry is turned on.
 One-electron integrals computed using PRISM.
 NBasis=    12 RedAO= T EigKep=  1.86D-01  NBF=     6     0     0     6
 NBsUse=    12 1.00D-06 EigRej= -1.00D+00 NBFU=     6     0     0     6
 Initial guess from the checkpoint file:  "h12.chk"
 B after Tr=    -0.000000    0.000000    0.000000
         Rot=    0.989116   -0.000000   -0.000000   -0.147141 Ang= -16.92 deg.
 Initial guess orbital symmetries:
       Occupied  (AG) (BU) (BU) (AG) (AG) (AG)
       Virtual   (BU) (BU) (BU) (AG) (AG) (BU)
 Keep R1 ints in memory in symmetry-blocked form, NReq=902748.
 Requested convergence on RMS density matrix=1.00D-08 within 128 cycles.
 Requested convergence on MAX density matrix=1.00D-06.
 Requested convergence on             energy=1.00D-06.
 No special actions if energy rises.
 SCF Done:  E(RHF) =  -5.39456892163     A.U. after   19 cycles
            NFock= 19  Conv=0.34D-08     -V/T= 1.8041
 Range of M.O.s used for correlation:     1    12
 NBasis=    12 NAE=     6 NBE=     6 NFC=     0 NFV=     0
 NROrb=     12 NOA=     6 NOB=     6 NVA=     6 NVB=     6

 **** Warning!!: The smallest alpha delta epsilon is -0.94020391D-01

 Semi-Direct transformation.
 ModeAB=           4 MOrb=             6 LenV=     134086033
 LASXX=         2181 LTotXX=        2181 LenRXX=        5115
 LTotAB=        2934 MaxLAS=        3024 LenRXY=           0
 NonZer=        7296 LenScr=      655360 LnRSAI=        3024
 LnScr1=      655360 LExtra=           0 Total=      1318859
 MaxDsk=          -1 SrtSym=           T ITran=            3
 JobTyp=0 Pass  1:  I=   1 to   6.
 (rs|ai) integrals will be sorted in core.
 Spin components of T(2) and E(2):
     alpha-alpha T2 =       0.2649594084D-01 E2=     -0.2266887476D-01
     alpha-beta  T2 =       0.1170115692D+01 E2=     -0.2150780253D+00
     beta-beta   T2 =       0.2649594084D-01 E2=     -0.2266887476D-01
 ANorm=    0.1491008911D+01
 E2 =    -0.2604157748D+00 EUMP2 =    -0.56549846964230D+01
 Second order stability test of a single determinant RHF wave function:
 Stabil:  MDV=134217728
 ***********************************************************************
 Matrix         Lowest Root    Major Pairs
 ***********************************************************************
 Internal RHF    -0.1993755    6A=7A
 RRHF --> CRHF   -0.2972325    6A=7A
 RRHF --> RUHF   -0.591156     6A=7B
 Not stable.
 ***********************************************************************

 **********************************************************************

            Population analysis using the SCF density.

 **********************************************************************

 Orbital symmetries:
       Occupied  (AG) (BU) (BU) (AG) (AG) (AG)
       Virtual   (BU) (AG) (BU) (BU) (BU) (AG)
 The electronic state is 1-AG.
 Alpha  occ. eigenvalues --   -0.95897  -0.76840  -0.58200  -0.53999  -0.32416
 Alpha  occ. eigenvalues --   -0.06053
 Alpha virt. eigenvalues --   -0.15456   0.19129   0.23518   0.29199   0.48625
 Alpha virt. eigenvalues --    0.54817
          Condensed to atoms (all electrons):
               1          2          3          4          5          6
     1  H    1.394648  -0.276800  -0.179212  -0.055505   0.036344   0.013497
     2  H   -0.276800   1.080046   0.272583   0.071861   0.140353  -0.107289
     3  H   -0.179212   0.272583   1.154968   0.083163  -0.201135  -0.044662
     4  H   -0.055505   0.071861   0.083163   0.574451   0.044164   0.113951
     5  H    0.036344   0.140353  -0.201135   0.044164   1.204141   0.066800
     6  H    0.013497  -0.107289  -0.044662   0.113951   0.066800   0.977786
     7  H   -0.002906   0.007763   0.023548  -0.003799  -0.081720   0.042703
     8  H   -0.012512  -0.023443  -0.003799   0.099655  -0.061895   0.038865
     9  H    0.065380  -0.168117   0.042703   0.038865  -0.095624   0.045135
    10  H    0.007773   0.002780  -0.081720  -0.061895   0.046891  -0.095624
    11  H   -0.002953   0.016812   0.007763  -0.023443   0.002780  -0.168117
    12  H    0.001107  -0.002953  -0.002906  -0.012512   0.007773   0.065380
               7          8          9         10         11         12
     1  H   -0.002906  -0.012512   0.065380   0.007773  -0.002953   0.001107
     2  H    0.007763  -0.023443  -0.168117   0.002780   0.016812  -0.002953
     3  H    0.023548  -0.003799   0.042703  -0.081720   0.007763  -0.002906
     4  H   -0.003799   0.099655   0.038865  -0.061895  -0.023443  -0.012512
     5  H   -0.081720  -0.061895  -0.095624   0.046891   0.002780   0.007773
     6  H    0.042703   0.038865   0.045135  -0.095624  -0.168117   0.065380
     7  H    1.154968   0.083163  -0.044662  -0.201135   0.272583  -0.179212
     8  H    0.083163   0.574451   0.113951   0.044164   0.071861  -0.055505
     9  H   -0.044662   0.113951   0.977786   0.066800  -0.107289   0.013497
    10  H   -0.201135   0.044164   0.066800   1.204141   0.140353   0.036344
    11  H    0.272583   0.071861  -0.107289   0.140353   1.080046  -0.276800
    12  H   -0.179212  -0.055505   0.013497   0.036344  -0.276800   1.394648
 Mulliken charges:
               1
     1  H    0.011140
     2  H   -0.013596
     3  H   -0.071294
     4  H    0.131045
     5  H   -0.108872
     6  H    0.051576
     7  H   -0.071294
     8  H    0.131045
     9  H    0.051576
    10  H   -0.108872
    11  H   -0.013596
    12  H    0.011140
 Sum of Mulliken charges =  -0.00000
 Mulliken charges with hydrogens summed into heavy atoms:
               1
 Electronic spatial extent (au):  <R**2>=            164.7783
 Charge=             -0.0000 electrons
 Dipole moment (field-independent basis, Debye):
    X=             -0.0000    Y=             -0.0000    Z=             -0.0000  Tot=              0.0000
 Quadrupole moment (field-independent basis, Debye-Ang):
   XX=            -19.1888   YY=            -20.8862   ZZ=            -15.0344
   XY=              0.2744   XZ=             -0.0000   YZ=              0.0000
 Traceless Quadrupole moment (field-independent basis, Debye-Ang):
   XX=             -0.8190   YY=             -2.5164   ZZ=              3.3354
   XY=              0.2744   XZ=             -0.0000   YZ=              0.0000
 Octapole moment (field-independent basis, Debye-Ang**2):
  XXX=              0.0000  YYY=              0.0000  ZZZ=             -0.0000  XYY=              0.0000
  XXY=             -0.0000  XXZ=             -0.0000  XZZ=              0.0000  YZZ=             -0.0000
  YYZ=             -0.0000  XYZ=             -0.0000
 Hexadecapole moment (field-independent basis, Debye-Ang**3):
 XXXX=            -84.6847 YYYY=           -280.2203 ZZZZ=            -17.7446 XXXY=            -24.1398
 XXXZ=             -0.0000 YYYX=            -37.3387 YYYZ=              0.0000 ZZZX=             -0.0000
 ZZZY=              0.0000 XXYY=            -65.6348 XXZZ=            -16.3949 YYZZ=            -42.4196
 XXYZ=              0.0000 YYXZ=             -0.0000 ZZXY=             -7.3041
 N-N= 1.904139939826D+01 E-N=-4.911275049686D+01  KE= 6.708926083874D+00
 Symmetry AG   KE= 5.023456139485D+00
 Symmetry BG   KE= 0.000000000000D+00
 Symmetry AU   KE= 0.000000000000D+00
 Symmetry BU   KE= 1.685469944389D+00

 Test job not archived.
 1\1\GINC-SULU\Stability\RHF\Gen\H12\LCJ1\17-Feb-2017\0\\#rhf/gen scf(s
 ymm,tight,novaracc,noincfock,fulldiag) stable(crhf) guess=read geom=no
 crowd test\\hf stability analysis of h12 triangular lattice, y= 1.1127
 136872907215\\0,1\H\H,1,1.2277436946\H,1,1.2277436946,2,50.\H,2,1.2277
 436946,1,130.,3,0.,0\H,2,1.2277436946,1,180.,3,0.,0\H,4,1.2277436946,3
 ,180.,5,0.,0\H,6,1.2277436946,5,180.,3,0.,0\H,4,1.2277436946,2,180.,3,
 0.,0\H,3,1.2277436946,1,180.,4,0.,0\H,9,1.2277436946,3,180.,4,0.,0\H,8
 ,1.2277436946,4,180.,3,0.,0\H,7,1.2277436946,6,180.,3,0.,0\\Version=ES
 64L-G09RevE.01\State=1-AG\HF=-5.3945689\MP2=-5.6549847\RMSD=3.415e-09\
 Dipole=0.,0.,0.\Quadrupole=-1.5503804,2.4797604,-0.92938,0.,-0.5859838
 ,0.\PG=C02H [SGH(H12)]\\@


 We find comfort among those who agree with us -- growth among those who don't.
 -- Frank A. Clark
 Job cpu time:       0 days  0 hours  0 minutes  1.1 seconds.
 File lengths (MBytes):  RWF=     84 Int=      0 D2E=      0 Chk=      2 Scr=      2
 Normal termination of Gaussian 09 at Fri Feb 17 15:06:21 2017.
