 Entering Gaussian System, Link 0=g09
 AtFile(1): H.gbs
            H     0
            S   10   1.00
               1000.000000000000            0.000068713567
                316.227766000000            0.000169141320
                100.000000000000            0.000823394812
                 31.622776600000            0.003425569236
                 10.000000000000            0.013951996000
                  3.162277660000            0.056909313560
                  1.000000000000            0.198286399900
                  0.316227766000            0.496922426700
                  0.100000000000            0.369846276400
                  0.031622776600            0.003752720039
            ****
 Initial command:
 /projects/guscus/apps/gau/g09-e1/g09/l1.exe "/users/lcj1/gaussian/h12/rhfstability/rect/guess/ag4bu2/Gau-10474.inp" -scrdir="/users/lcj1/gaussian/h12/rhfstability/rect/guess/ag4bu2/"
 Entering Link 1 = /projects/guscus/apps/gau/g09-e1/g09/l1.exe PID=     10475.
  
 Copyright (c) 1988,1990,1992,1993,1995,1998,2003,2009,2015,
            Gaussian, Inc.  All Rights Reserved.
  
 This is part of the Gaussian(R) 09 program.  It is based on
 the Gaussian(R) 03 system (copyright 2003, Gaussian, Inc.),
 the Gaussian(R) 98 system (copyright 1998, Gaussian, Inc.),
 the Gaussian(R) 94 system (copyright 1995, Gaussian, Inc.),
 the Gaussian 92(TM) system (copyright 1992, Gaussian, Inc.),
 the Gaussian 90(TM) system (copyright 1990, Gaussian, Inc.),
 the Gaussian 88(TM) system (copyright 1988, Gaussian, Inc.),
 the Gaussian 86(TM) system (copyright 1986, Carnegie Mellon
 University), and the Gaussian 82(TM) system (copyright 1983,
 Carnegie Mellon University). Gaussian is a federally registered
 trademark of Gaussian, Inc.
  
 This software contains proprietary and confidential information,
 including trade secrets, belonging to Gaussian, Inc.
  
 This software is provided under written license and may be
 used, copied, transmitted, or stored only in accord with that
 written license.
  
 The following legend is applicable only to US Government
 contracts under FAR:
  
                    RESTRICTED RIGHTS LEGEND
  
 Use, reproduction and disclosure by the US Government is
 subject to restrictions as set forth in subparagraphs (a)
 and (c) of the Commercial Computer Software - Restricted
 Rights clause in FAR 52.227-19.
  
 Gaussian, Inc.
 340 Quinnipiac St., Bldg. 40, Wallingford CT 06492
  
  
 ---------------------------------------------------------------
 Warning -- This program may not be used in any manner that
 competes with the business of Gaussian, Inc. or will provide
 assistance to any competitor of Gaussian, Inc.  The licensee
 of this program is prohibited from giving any competitor of
 Gaussian, Inc. access to this program.  By using this program,
 the user acknowledges that Gaussian, Inc. is engaged in the
 business of creating and licensing software in the field of
 computational chemistry and represents and warrants to the
 licensee that it is not a competitor of Gaussian, Inc. and that
 it will not use this program in any manner prohibited above.
 ---------------------------------------------------------------
  

 Cite this work as:
 Gaussian 09, Revision E.01,
 M. J. Frisch, G. W. Trucks, H. B. Schlegel, G. E. Scuseria, 
 M. A. Robb, J. R. Cheeseman, G. Scalmani, V. Barone, B. Mennucci, 
 G. A. Petersson, H. Nakatsuji, M. Caricato, X. Li, H. P. Hratchian, 
 A. F. Izmaylov, J. Bloino, G. Zheng, J. L. Sonnenberg, M. Hada, 
 M. Ehara, K. Toyota, R. Fukuda, J. Hasegawa, M. Ishida, T. Nakajima, 
 Y. Honda, O. Kitao, H. Nakai, T. Vreven, J. A. Montgomery, Jr., 
 J. E. Peralta, F. Ogliaro, M. Bearpark, J. J. Heyd, E. Brothers, 
 K. N. Kudin, V. N. Staroverov, T. Keith, R. Kobayashi, J. Normand, 
 K. Raghavachari, A. Rendell, J. C. Burant, S. S. Iyengar, J. Tomasi, 
 M. Cossi, N. Rega, J. M. Millam, M. Klene, J. E. Knox, J. B. Cross, 
 V. Bakken, C. Adamo, J. Jaramillo, R. Gomperts, R. E. Stratmann, 
 O. Yazyev, A. J. Austin, R. Cammi, C. Pomelli, J. W. Ochterski, 
 R. L. Martin, K. Morokuma, V. G. Zakrzewski, G. A. Voth, 
 P. Salvador, J. J. Dannenberg, S. Dapprich, A. D. Daniels, 
 O. Farkas, J. B. Foresman, J. V. Ortiz, J. Cioslowski, 
 and D. J. Fox, Gaussian, Inc., Wallingford CT, 2013.
 
 ******************************************
 Gaussian 09:  ES64L-G09RevE.01 30-Nov-2015
                17-Feb-2017 
 ******************************************
 %chk=h12.chk
 ----------------------------------------------------------------------
 #rhf/gen scf(symm,tight,novaracc,noincfock,fulldiag) stable(crhf) gues
 s=read geom=nocrowd test
 ----------------------------------------------------------------------
 1/38=1/1;
 2/12=1,17=6,18=5,40=1/2;
 3/5=7,16=1,25=1,30=1,116=1/1,2,3;
 4/5=1,9=4/1;
 5/5=100002,15=2,16=1,32=2,38=6/2;
 8/6=1,10=90,11=11/1,4;
 9/8=4,13=1/2;
 6/7=2,8=2,9=2,10=2,28=1/1;
 99/5=1,9=1/99;
 ----------------------------------------------------------------------
 hf stability analysis of h12 triangular lattice, y= 0.2614075542186236
 6
 ----------------------------------------------------------------------
 Symbolic Z-matrix:
 Charge =  0 Multiplicity = 1
 H
 H                    1     2.22404 
 H                    1     2.22404  2     166.5 
 H                    2     2.22404  1     13.5     3     0.       0
 H                    2     2.22404  1     180.     3     0.       0
 H                    4     2.22404  3     180.     5     0.       0
 H                    6     2.22404  5     180.     3     0.       0
 H                    4     2.22404  2     180.     3     0.       0
 H                    3     2.22404  1     180.     4     0.       0
 H                    9     2.22404  3     180.     4     0.       0
 H                    8     2.22404  4     180.     3     0.       0
 H                    7     2.22404  6     180.     3     0.       0
 
                          Input orientation:                          
 ---------------------------------------------------------------------
 Center     Atomic      Atomic             Coordinates (Angstroms)
 Number     Number       Type             X           Y           Z
 ---------------------------------------------------------------------
      1          1           0        0.000000    0.000000    0.000000
      2          1           0        0.000000    0.000000    2.224037
      3          1           0        0.519191    0.000000   -2.162587
      4          1           0        0.519191    0.000000    0.061450
      5          1           0        0.000000    0.000000    4.448074
      6          1           0        0.519191    0.000000    2.285488
      7          1           0        1.038382    0.000000    0.122901
      8          1           0        1.038382    0.000000   -2.101137
      9          1           0        1.038382    0.000000   -4.325174
     10          1           0        1.557574    0.000000   -6.487761
     11          1           0        1.557574    0.000000   -4.263723
     12          1           0        1.557574    0.000000   -2.039686
 ---------------------------------------------------------------------
                    Distance matrix (angstroms):
                    1          2          3          4          5
     1  H    0.000000
     2  H    2.224037   0.000000
     3  H    2.224037   4.417242   0.000000
     4  H    0.522815   2.224037   2.224037   0.000000
     5  H    4.448074   2.224037   6.631018   4.417242   0.000000
     6  H    2.343718   0.522815   4.448074   2.224037   2.224037
     7  H    1.045630   2.343718   2.343718   0.522815   4.448074
     8  H    2.343718   4.448074   0.522815   2.224037   6.631018
     9  H    4.448074   6.631018   2.224037   4.417242   8.834485
    10  H    6.672112   8.849941   4.448074   6.631018  11.046200
    11  H    4.539314   6.672112   2.343718   4.448074   8.849941
    12  H    2.566390   4.539314   1.045630   2.343718   6.672112
                    6          7          8          9         10
     6  H    0.000000
     7  H    2.224037   0.000000
     8  H    4.417242   2.224037   0.000000
     9  H    6.631018   4.448074   2.224037   0.000000
    10  H    8.834485   6.631018   4.417242   2.224037   0.000000
    11  H    6.631018   4.417242   2.224037   0.522815   2.224037
    12  H    4.448074   2.224037   0.522815   2.343718   4.448074
                   11         12
    11  H    0.000000
    12  H    2.224037   0.000000
 Stoichiometry    H12
 Framework group  C2H[SGH(H12)]
 Deg. of freedom    11
 Full point group                 C2H     NOp   4
 Largest Abelian subgroup         C2H     NOp   4
 Largest concise Abelian subgroup C2      NOp   2
                         Standard orientation:                         
 ---------------------------------------------------------------------
 Center     Atomic      Atomic             Coordinates (Angstroms)
 Number     Number       Type             X           Y           Z
 ---------------------------------------------------------------------
      1          1           0        0.519191    1.173469    0.000000
      2          1           0        0.000000    3.336056   -0.000000
      3          1           0        0.519191   -1.050568    0.000000
      4          1           0        0.000000    1.112019   -0.000000
      5          1           0       -0.519191    5.498643   -0.000000
      6          1           0       -0.519191    3.274606   -0.000000
      7          1           0       -0.519191    1.050568    0.000000
      8          1           0       -0.000000   -1.112019    0.000000
      9          1           0        0.519191   -3.274606   -0.000000
     10          1           0        0.519191   -5.498643    0.000000
     11          1           0       -0.000000   -3.336056    0.000000
     12          1           0       -0.519191   -1.173469    0.000000
 ---------------------------------------------------------------------
 Rotational constants (GHZ):    352.0892868      4.4636624      4.4077821
 General basis read from cards:  (5D, 7F)
 There are     6 symmetry adapted cartesian basis functions of AG  symmetry.
 There are     0 symmetry adapted cartesian basis functions of BG  symmetry.
 There are     0 symmetry adapted cartesian basis functions of AU  symmetry.
 There are     6 symmetry adapted cartesian basis functions of BU  symmetry.
 There are     6 symmetry adapted basis functions of AG  symmetry.
 There are     0 symmetry adapted basis functions of BG  symmetry.
 There are     0 symmetry adapted basis functions of AU  symmetry.
 There are     6 symmetry adapted basis functions of BU  symmetry.
    12 basis functions,   120 primitive gaussians,    12 cartesian basis functions
     6 alpha electrons        6 beta electrons
       nuclear repulsion energy        16.1422474492 Hartrees.
 NAtoms=   12 NActive=   12 NUniq=    6 SFac= 4.00D+00 NAtFMM=   60 NAOKFM=F Big=F
 Integral buffers will be    131072 words long.
 Regular integral format.
 Two-electron integral symmetry is turned on.
 One-electron integrals computed using PRISM.
 NBasis=    12 RedAO= T EigKep=  4.13D-02  NBF=     6     0     0     6
 NBsUse=    12 1.00D-06 EigRej= -1.00D+00 NBFU=     6     0     0     6
 Initial guess from the checkpoint file:  "h12.chk"
 B after Tr=    -0.000000    0.000000    0.000000
         Rot=    0.981685   -0.000000    0.000000    0.190513 Ang=  21.97 deg.
 Initial guess orbital symmetries:
       Occupied  (AG) (BU) (BU) (AG) (AG) (AG)
       Virtual   (BU) (BU) (BU) (AG) (AG) (BU)
 Keep R1 ints in memory in symmetry-blocked form, NReq=893410.
 Requested convergence on RMS density matrix=1.00D-08 within 128 cycles.
 Requested convergence on MAX density matrix=1.00D-06.
 Requested convergence on             energy=1.00D-06.
 No special actions if energy rises.
 SCF Done:  E(RHF) =  -4.71671671859     A.U. after   10 cycles
            NFock= 10  Conv=0.25D-08     -V/T= 1.6916
 Range of M.O.s used for correlation:     1    12
 NBasis=    12 NAE=     6 NBE=     6 NFC=     0 NFV=     0
 NROrb=     12 NOA=     6 NOB=     6 NVA=     6 NVB=     6

 **** Warning!!: The smallest alpha delta epsilon is -0.45522378D-02

 Semi-Direct transformation.
 ModeAB=           4 MOrb=             6 LenV=     134095679
 LASXX=         2181 LTotXX=        2181 LenRXX=        5115
 LTotAB=        2934 MaxLAS=        3024 LenRXY=           0
 NonZer=        7296 LenScr=      655360 LnRSAI=        3024
 LnScr1=      655360 LExtra=           0 Total=      1318859
 MaxDsk=          -1 SrtSym=           T ITran=            3
 JobTyp=0 Pass  1:  I=   1 to   6.
 (rs|ai) integrals will be sorted in core.
 Spin components of T(2) and E(2):
     alpha-alpha T2 =       0.1306142300D-01 E2=     -0.5061162091D-02
     alpha-beta  T2 =       0.9583222742D+01 E2=     -0.1017186954D+01
     beta-beta   T2 =       0.1306142300D-01 E2=     -0.5061162091D-02
 ANorm=    0.3257199040D+01
 E2 =    -0.1027309278D+01 EUMP2 =    -0.57440259966242D+01
 Second order stability test of a single determinant RHF wave function:
 Stabil:  MDV=134217728
 ***********************************************************************
 Matrix         Lowest Root    Major Pairs
 ***********************************************************************
 Internal RHF    -0.1063882    6A=7A
 RRHF --> CRHF   -0.1064435    6A=7A
 RRHF --> RUHF   -0.5823687    5A=7B
 Not stable.
 ***********************************************************************

 **********************************************************************

            Population analysis using the SCF density.

 **********************************************************************

 Orbital symmetries:
       Occupied  (AG) (BU) (AG) (BU) (AG) (AG)
       Virtual   (BU) (BU) (BU) (AG) (AG) (BU)
 The electronic state is 1-AG.
 Alpha  occ. eigenvalues --   -0.89789  -0.88626  -0.70311  -0.70248  -0.20302
 Alpha  occ. eigenvalues --   -0.15046
 Alpha virt. eigenvalues --   -0.15501  -0.01317   0.59680   0.59869   1.32497
 Alpha virt. eigenvalues --    1.43844
          Condensed to atoms (all electrons):
               1          2          3          4          5          6
     1  H    1.407527   0.011123  -0.229555   0.211248   0.000030  -0.023252
     2  H    0.011123   0.571642  -0.000665  -0.019104  -0.016080   0.477742
     3  H   -0.229555  -0.000665   1.389788  -0.014746   0.000000   0.000754
     4  H    0.211248  -0.019104  -0.014746   1.183085   0.000117  -0.019813
     5  H    0.000030  -0.016080   0.000000   0.000117   1.031538  -0.016165
     6  H   -0.023252   0.477742   0.000754  -0.019813  -0.016165   0.575774
     7  H   -0.771973  -0.022577   0.189233   0.187070   0.000024   0.011508
     8  H   -0.006656   0.000087   0.187070  -0.011677   0.000002   0.000072
     9  H   -0.000665  -0.000000   0.011508   0.000072  -0.000000   0.000002
    10  H    0.000000  -0.000000   0.000024   0.000002   0.000000  -0.000000
    11  H    0.000624   0.000002  -0.022577   0.000087  -0.000000  -0.000000
    12  H    0.144782   0.000624  -0.771973  -0.006656   0.000000  -0.000665
               7          8          9         10         11         12
     1  H   -0.771973  -0.006656  -0.000665   0.000000   0.000624   0.144782
     2  H   -0.022577   0.000087  -0.000000  -0.000000   0.000002   0.000624
     3  H    0.189233   0.187070   0.011508   0.000024  -0.022577  -0.771973
     4  H    0.187070  -0.011677   0.000072   0.000002   0.000087  -0.006656
     5  H    0.000024   0.000002  -0.000000   0.000000  -0.000000   0.000000
     6  H    0.011508   0.000072   0.000002  -0.000000  -0.000000  -0.000665
     7  H    1.389788  -0.014746   0.000754   0.000000  -0.000665  -0.229555
     8  H   -0.014746   1.183085  -0.019813   0.000117  -0.019104   0.211248
     9  H    0.000754  -0.019813   0.575774  -0.016165   0.477742  -0.023252
    10  H    0.000000   0.000117  -0.016165   1.031538  -0.016080   0.000030
    11  H   -0.000665  -0.019104   0.477742  -0.016080   0.571642   0.011123
    12  H   -0.229555   0.211248  -0.023252   0.000030   0.011123   1.407527
 Mulliken charges:
               1
     1  H    0.256766
     2  H   -0.002795
     3  H    0.261139
     4  H   -0.509685
     5  H    0.000532
     6  H   -0.005957
     7  H    0.261139
     8  H   -0.509685
     9  H   -0.005957
    10  H    0.000532
    11  H   -0.002795
    12  H    0.256766
 Sum of Mulliken charges =   0.00000
 Mulliken charges with hydrogens summed into heavy atoms:
               1
 Electronic spatial extent (au):  <R**2>=            443.5605
 Charge=              0.0000 electrons
 Dipole moment (field-independent basis, Debye):
    X=              0.0000    Y=              0.0000    Z=              0.0000  Tot=              0.0000
 Quadrupole moment (field-independent basis, Debye-Ang):
   XX=            -15.6280   YY=            -19.3351   ZZ=            -15.2002
   XY=              0.0639   XZ=              0.0000   YZ=              0.0000
 Traceless Quadrupole moment (field-independent basis, Debye-Ang):
   XX=              1.0931   YY=             -2.6139   ZZ=              1.5209
   XY=              0.0639   XZ=              0.0000   YZ=              0.0000
 Octapole moment (field-independent basis, Debye-Ang**2):
  XXX=              0.0000  YYY=             -0.0000  ZZZ=             -0.0000  XYY=             -0.0000
  XXY=              0.0000  XXZ=             -0.0000  XZZ=              0.0000  YZZ=              0.0000
  YYZ=              0.0000  XYZ=              0.0000
 Hexadecapole moment (field-independent basis, Debye-Ang**3):
 XXXX=            -35.5515 YYYY=          -1028.7878 ZZZZ=            -18.2710 XXXY=             35.0771
 XXXZ=              0.0000 YYYX=             47.9239 YYYZ=              0.0000 ZZZX=              0.0000
 ZZZY=              0.0000 XXYY=           -157.2646 XXZZ=             -8.9639 YYZZ=           -155.8044
 XXYZ=              0.0000 YYXZ=             -0.0000 ZZXY=             12.0538
 N-N= 1.614224744919D+01 E-N=-4.145139438758D+01  KE= 6.819918079163D+00
 Symmetry AG   KE= 4.816483301667D+00
 Symmetry BG   KE= 0.000000000000D+00
 Symmetry AU   KE= 0.000000000000D+00
 Symmetry BU   KE= 2.003434777496D+00

 Test job not archived.
 1\1\GINC-SULU\Stability\RHF\Gen\H12\LCJ1\17-Feb-2017\0\\#rhf/gen scf(s
 ymm,tight,novaracc,noincfock,fulldiag) stable(crhf) guess=read geom=no
 crowd test\\hf stability analysis of h12 triangular lattice, y= 0.2614
 0755421862366\\0,1\H\H,1,2.2240372225\H,1,2.2240372225,2,166.5\H,2,2.2
 240372225,1,13.5,3,0.,0\H,2,2.2240372225,1,180.,3,0.,0\H,4,2.224037222
 5,3,180.,5,0.,0\H,6,2.2240372225,5,180.,3,0.,0\H,4,2.2240372225,2,180.
 ,3,0.,0\H,3,2.2240372225,1,180.,4,0.,0\H,9,2.2240372225,3,180.,4,0.,0\
 H,8,2.2240372225,4,180.,3,0.,0\H,7,2.2240372225,6,180.,3,0.,0\\Version
 =ES64L-G09RevE.01\State=1-AG\HF=-4.7167167\MP2=-5.744026\RMSD=2.529e-0
 9\Dipole=0.,0.,0.\Quadrupole=0.6840549,1.1307265,-1.8147814,0.,0.58328
 19,0.\PG=C02H [SGH(H12)]\\@


 ...THOSE SCIENCES ARE VAIN AND FULL OF ERRORS WHICH 
 ARE NOT BORN FROM EXPERIMENT, THE MOTHER OF CERTAINTY...

                          -- LEONARDO DA VINCI, 1452-1519
 Job cpu time:       0 days  0 hours  0 minutes  1.0 seconds.
 File lengths (MBytes):  RWF=     84 Int=      0 D2E=      0 Chk=      2 Scr=      2
 Normal termination of Gaussian 09 at Fri Feb 17 14:54:12 2017.
