 Entering Gaussian System, Link 0=g09
 AtFile(1): H.gbs
            H     0
            S   10   1.00
               1000.000000000000            0.000068713567
                316.227766000000            0.000169141320
                100.000000000000            0.000823394812
                 31.622776600000            0.003425569236
                 10.000000000000            0.013951996000
                  3.162277660000            0.056909313560
                  1.000000000000            0.198286399900
                  0.316227766000            0.496922426700
                  0.100000000000            0.369846276400
                  0.031622776600            0.003752720039
            ****
 Initial command:
 /projects/guscus/apps/gau/g09-e1/g09/l1.exe "/users/lcj1/gaussian/h12/rhfstability/rect/guess/ag4bu2/Gau-12680.inp" -scrdir="/users/lcj1/gaussian/h12/rhfstability/rect/guess/ag4bu2/"
 Entering Link 1 = /projects/guscus/apps/gau/g09-e1/g09/l1.exe PID=     12681.
  
 Copyright (c) 1988,1990,1992,1993,1995,1998,2003,2009,2015,
            Gaussian, Inc.  All Rights Reserved.
  
 This is part of the Gaussian(R) 09 program.  It is based on
 the Gaussian(R) 03 system (copyright 2003, Gaussian, Inc.),
 the Gaussian(R) 98 system (copyright 1998, Gaussian, Inc.),
 the Gaussian(R) 94 system (copyright 1995, Gaussian, Inc.),
 the Gaussian 92(TM) system (copyright 1992, Gaussian, Inc.),
 the Gaussian 90(TM) system (copyright 1990, Gaussian, Inc.),
 the Gaussian 88(TM) system (copyright 1988, Gaussian, Inc.),
 the Gaussian 86(TM) system (copyright 1986, Carnegie Mellon
 University), and the Gaussian 82(TM) system (copyright 1983,
 Carnegie Mellon University). Gaussian is a federally registered
 trademark of Gaussian, Inc.
  
 This software contains proprietary and confidential information,
 including trade secrets, belonging to Gaussian, Inc.
  
 This software is provided under written license and may be
 used, copied, transmitted, or stored only in accord with that
 written license.
  
 The following legend is applicable only to US Government
 contracts under FAR:
  
                    RESTRICTED RIGHTS LEGEND
  
 Use, reproduction and disclosure by the US Government is
 subject to restrictions as set forth in subparagraphs (a)
 and (c) of the Commercial Computer Software - Restricted
 Rights clause in FAR 52.227-19.
  
 Gaussian, Inc.
 340 Quinnipiac St., Bldg. 40, Wallingford CT 06492
  
  
 ---------------------------------------------------------------
 Warning -- This program may not be used in any manner that
 competes with the business of Gaussian, Inc. or will provide
 assistance to any competitor of Gaussian, Inc.  The licensee
 of this program is prohibited from giving any competitor of
 Gaussian, Inc. access to this program.  By using this program,
 the user acknowledges that Gaussian, Inc. is engaged in the
 business of creating and licensing software in the field of
 computational chemistry and represents and warrants to the
 licensee that it is not a competitor of Gaussian, Inc. and that
 it will not use this program in any manner prohibited above.
 ---------------------------------------------------------------
  

 Cite this work as:
 Gaussian 09, Revision E.01,
 M. J. Frisch, G. W. Trucks, H. B. Schlegel, G. E. Scuseria, 
 M. A. Robb, J. R. Cheeseman, G. Scalmani, V. Barone, B. Mennucci, 
 G. A. Petersson, H. Nakatsuji, M. Caricato, X. Li, H. P. Hratchian, 
 A. F. Izmaylov, J. Bloino, G. Zheng, J. L. Sonnenberg, M. Hada, 
 M. Ehara, K. Toyota, R. Fukuda, J. Hasegawa, M. Ishida, T. Nakajima, 
 Y. Honda, O. Kitao, H. Nakai, T. Vreven, J. A. Montgomery, Jr., 
 J. E. Peralta, F. Ogliaro, M. Bearpark, J. J. Heyd, E. Brothers, 
 K. N. Kudin, V. N. Staroverov, T. Keith, R. Kobayashi, J. Normand, 
 K. Raghavachari, A. Rendell, J. C. Burant, S. S. Iyengar, J. Tomasi, 
 M. Cossi, N. Rega, J. M. Millam, M. Klene, J. E. Knox, J. B. Cross, 
 V. Bakken, C. Adamo, J. Jaramillo, R. Gomperts, R. E. Stratmann, 
 O. Yazyev, A. J. Austin, R. Cammi, C. Pomelli, J. W. Ochterski, 
 R. L. Martin, K. Morokuma, V. G. Zakrzewski, G. A. Voth, 
 P. Salvador, J. J. Dannenberg, S. Dapprich, A. D. Daniels, 
 O. Farkas, J. B. Foresman, J. V. Ortiz, J. Cioslowski, 
 and D. J. Fox, Gaussian, Inc., Wallingford CT, 2013.
 
 ******************************************
 Gaussian 09:  ES64L-G09RevE.01 30-Nov-2015
                17-Feb-2017 
 ******************************************
 %chk=h12.chk
 ----------------------------------------------------------------------
 #rhf/gen scf(symm,tight,novaracc,noincfock,fulldiag) stable(crhf) gues
 s=read geom=nocrowd test
 ----------------------------------------------------------------------
 1/38=1/1;
 2/12=1,17=6,18=5,40=1/2;
 3/5=7,16=1,25=1,30=1,116=1/1,2,3;
 4/5=1,9=4/1;
 5/5=100002,15=2,16=1,32=2,38=6/2;
 8/6=1,10=90,11=11/1,4;
 9/8=4,13=1/2;
 6/7=2,8=2,9=2,10=2,28=1/1;
 99/5=1,9=1/99;
 ----------------------------------------------------------------------
 hf stability analysis of h12 triangular lattice, y= 0.3388836262365067
 0
 ----------------------------------------------------------------------
 Symbolic Z-matrix:
 Charge =  0 Multiplicity = 1
 H
 H                    1     1.73706 
 H                    1     1.73706  2     157.5 
 H                    2     1.73706  1     22.5     3     0.       0
 H                    2     1.73706  1     180.     3     0.       0
 H                    4     1.73706  3     180.     5     0.       0
 H                    6     1.73706  5     180.     3     0.       0
 H                    4     1.73706  2     180.     3     0.       0
 H                    3     1.73706  1     180.     4     0.       0
 H                    9     1.73706  3     180.     4     0.       0
 H                    8     1.73706  4     180.     3     0.       0
 H                    7     1.73706  6     180.     3     0.       0
 
                          Input orientation:                          
 ---------------------------------------------------------------------
 Center     Atomic      Atomic             Coordinates (Angstroms)
 Number     Number       Type             X           Y           Z
 ---------------------------------------------------------------------
      1          1           0        0.000000    0.000000    0.000000
      2          1           0        0.000000    0.000000    1.737060
      3          1           0        0.664744    0.000000   -1.604834
      4          1           0        0.664744    0.000000    0.132226
      5          1           0        0.000000    0.000000    3.474120
      6          1           0        0.664744    0.000000    1.869286
      7          1           0        1.329488    0.000000    0.264452
      8          1           0        1.329488    0.000000   -1.472608
      9          1           0        1.329488    0.000000   -3.209669
     10          1           0        1.994232    0.000000   -4.814503
     11          1           0        1.994232    0.000000   -3.077443
     12          1           0        1.994232    0.000000   -1.340383
 ---------------------------------------------------------------------
                    Distance matrix (angstroms):
                    1          2          3          4          5
     1  H    0.000000
     2  H    1.737060   0.000000
     3  H    1.737060   3.407366   0.000000
     4  H    0.677767   1.737060   1.737060   0.000000
     5  H    3.474120   1.737060   5.122271   3.407366   0.000000
     6  H    1.983964   0.677767   3.474120   1.737060   1.737060
     7  H    1.355534   1.983964   1.983964   0.677767   3.474120
     8  H    1.983964   3.474120   0.677767   1.737060   5.122271
     9  H    3.474120   5.122271   1.737060   3.407366   6.814732
    10  H    5.211180   6.848353   3.474120   5.122271   8.525153
    11  H    3.667099   5.211180   1.983964   3.474120   6.848353
    12  H    2.402829   3.667099   1.355534   1.983964   5.211180
                    6          7          8          9         10
     6  H    0.000000
     7  H    1.737060   0.000000
     8  H    3.407366   1.737060   0.000000
     9  H    5.122271   3.474120   1.737060   0.000000
    10  H    6.814732   5.122271   3.407366   1.737060   0.000000
    11  H    5.122271   3.407366   1.737060   0.677767   1.737060
    12  H    3.474120   1.737060   0.677767   1.983964   3.474120
                   11         12
    11  H    0.000000
    12  H    1.737060   0.000000
 Stoichiometry    H12
 Framework group  C2H[SGH(H12)]
 Deg. of freedom    11
 Full point group                 C2H     NOp   4
 Largest Abelian subgroup         C2H     NOp   4
 Largest concise Abelian subgroup C2      NOp   2
                         Standard orientation:                         
 ---------------------------------------------------------------------
 Center     Atomic      Atomic             Coordinates (Angstroms)
 Number     Number       Type             X           Y           Z
 ---------------------------------------------------------------------
      1          1           0        0.664744    1.000756   -0.000000
      2          1           0        0.000000    2.605590   -0.000000
      3          1           0        0.664744   -0.736304    0.000000
      4          1           0        0.000000    0.868530   -0.000000
      5          1           0       -0.664744    4.210424   -0.000000
      6          1           0       -0.664744    2.473364   -0.000000
      7          1           0       -0.664744    0.736304   -0.000000
      8          1           0       -0.000000   -0.868530   -0.000000
      9          1           0        0.664744   -2.473364    0.000000
     10          1           0        0.664744   -4.210424   -0.000000
     11          1           0       -0.000000   -2.605590   -0.000000
     12          1           0       -0.664744   -1.000756   -0.000000
 ---------------------------------------------------------------------
 Rotational constants (GHZ):    210.0221331      7.4830575      7.2256101
 General basis read from cards:  (5D, 7F)
 There are     6 symmetry adapted cartesian basis functions of AG  symmetry.
 There are     0 symmetry adapted cartesian basis functions of BG  symmetry.
 There are     0 symmetry adapted cartesian basis functions of AU  symmetry.
 There are     6 symmetry adapted cartesian basis functions of BU  symmetry.
 There are     6 symmetry adapted basis functions of AG  symmetry.
 There are     0 symmetry adapted basis functions of BG  symmetry.
 There are     0 symmetry adapted basis functions of AU  symmetry.
 There are     6 symmetry adapted basis functions of BU  symmetry.
    12 basis functions,   120 primitive gaussians,    12 cartesian basis functions
     6 alpha electrons        6 beta electrons
       nuclear repulsion energy        16.8749014237 Hartrees.
 NAtoms=   12 NActive=   12 NUniq=    6 SFac= 4.00D+00 NAtFMM=   60 NAOKFM=F Big=F
 Integral buffers will be    131072 words long.
 Regular integral format.
 Two-electron integral symmetry is turned on.
 One-electron integrals computed using PRISM.
 NBasis=    12 RedAO= T EigKep=  8.08D-02  NBF=     6     0     0     6
 NBsUse=    12 1.00D-06 EigRej= -1.00D+00 NBFU=     6     0     0     6
 Initial guess from the checkpoint file:  "h12.chk"
 B after Tr=    -0.000000   -0.000000   -0.000000
         Rot=    0.985893   -0.000000    0.000000    0.167377 Ang=  19.27 deg.
 Initial guess orbital symmetries:
       Occupied  (AG) (BU) (BU) (AG) (AG) (AG)
       Virtual   (BU) (BU) (BU) (AG) (AG) (BU)
 Keep R1 ints in memory in symmetry-blocked form, NReq=896658.
 Requested convergence on RMS density matrix=1.00D-08 within 128 cycles.
 Requested convergence on MAX density matrix=1.00D-06.
 Requested convergence on             energy=1.00D-06.
 No special actions if energy rises.
 SCF Done:  E(RHF) =  -5.36039195127     A.U. after   11 cycles
            NFock= 11  Conv=0.99D-08     -V/T= 1.7849
 Range of M.O.s used for correlation:     1    12
 NBasis=    12 NAE=     6 NBE=     6 NFC=     0 NFV=     0
 NROrb=     12 NOA=     6 NOB=     6 NVA=     6 NVB=     6

 **** Warning!!: The smallest alpha delta epsilon is  0.62702502D-01

 Semi-Direct transformation.
 ModeAB=           4 MOrb=             6 LenV=     134090555
 LASXX=         2181 LTotXX=        2181 LenRXX=        5115
 LTotAB=        2934 MaxLAS=        3024 LenRXY=           0
 NonZer=        7296 LenScr=      655360 LnRSAI=        3024
 LnScr1=      655360 LExtra=           0 Total=      1318859
 MaxDsk=          -1 SrtSym=           T ITran=            3
 JobTyp=0 Pass  1:  I=   1 to   6.
 (rs|ai) integrals will be sorted in core.
 Spin components of T(2) and E(2):
     alpha-alpha T2 =       0.3328181212D-01 E2=     -0.9068885690D-02
     alpha-beta  T2 =       0.5035487313D+01 E2=     -0.7312529720D+00
     beta-beta   T2 =       0.3328181212D-01 E2=     -0.9068885690D-02
 ANorm=    0.2470232972D+01
 E2 =    -0.7493907434D+00 EUMP2 =    -0.61097826946683D+01
 Second order stability test of a single determinant RHF wave function:
 Stabil:  MDV=134217728
 ***********************************************************************
 Matrix         Lowest Root    Major Pairs
 ***********************************************************************
 Internal RHF    -0.0817333    6A=8A 6A=7A 5A=7A 5A=8A
 RRHF --> CRHF   -0.1457983    5A=8A 5A=7A
 RRHF --> RUHF   -0.5575098    6A=7B 6A=8B
 Not stable.
 ***********************************************************************

 **********************************************************************

            Population analysis using the SCF density.

 **********************************************************************

 Orbital symmetries:
       Occupied  (AG) (BU) (AG) (BU) (AG) (AG)
       Virtual   (BU) (BU) (BU) (AG) (AG) (BU)
 The electronic state is 1-AG.
 Alpha  occ. eigenvalues --   -0.87140  -0.79305  -0.64404  -0.61764  -0.20798
 Alpha  occ. eigenvalues --   -0.17459
 Alpha virt. eigenvalues --   -0.11189  -0.10545   0.48099   0.49918   0.85025
 Alpha virt. eigenvalues --    1.03196
          Condensed to atoms (all electrons):
               1          2          3          4          5          6
     1  H    1.266051   0.024806  -0.337709   0.299089   0.000132  -0.077372
     2  H    0.024806   0.670322  -0.005846  -0.061306  -0.044532   0.476312
     3  H   -0.337709  -0.005846   1.154526  -0.043188   0.000063   0.006774
     4  H    0.299089  -0.061306  -0.043188   0.936477   0.000224  -0.066517
     5  H    0.000132  -0.044532   0.000063   0.000224   1.121760  -0.046912
     6  H   -0.077372   0.476312   0.006774  -0.066517  -0.046912   0.705255
     7  H   -0.404882  -0.068708   0.208383   0.271265   0.000055   0.027443
     8  H   -0.027544   0.001057   0.271265  -0.046994   0.000133   0.000795
     9  H   -0.005757   0.000004   0.027443   0.000795  -0.000023   0.000169
    10  H    0.000063  -0.000021   0.000055   0.000133   0.000007  -0.000023
    11  H    0.005187   0.000124  -0.068708   0.001057  -0.000021   0.000004
    12  H    0.137752   0.005187  -0.404882  -0.027544   0.000063  -0.005757
               7          8          9         10         11         12
     1  H   -0.404882  -0.027544  -0.005757   0.000063   0.005187   0.137752
     2  H   -0.068708   0.001057   0.000004  -0.000021   0.000124   0.005187
     3  H    0.208383   0.271265   0.027443   0.000055  -0.068708  -0.404882
     4  H    0.271265  -0.046994   0.000795   0.000133   0.001057  -0.027544
     5  H    0.000055   0.000133  -0.000023   0.000007  -0.000021   0.000063
     6  H    0.027443   0.000795   0.000169  -0.000023   0.000004  -0.005757
     7  H    1.154526  -0.043188   0.006774   0.000063  -0.005846  -0.337709
     8  H   -0.043188   0.936477  -0.066517   0.000224  -0.061306   0.299089
     9  H    0.006774  -0.066517   0.705255  -0.046912   0.476312  -0.077372
    10  H    0.000063   0.000224  -0.046912   1.121760  -0.044532   0.000132
    11  H   -0.005846  -0.061306   0.476312  -0.044532   0.670322   0.024806
    12  H   -0.337709   0.299089  -0.077372   0.000132   0.024806   1.266051
 Mulliken charges:
               1
     1  H    0.120183
     2  H    0.002601
     3  H    0.191824
     4  H   -0.263491
     5  H   -0.030948
     6  H   -0.020171
     7  H    0.191824
     8  H   -0.263491
     9  H   -0.020171
    10  H   -0.030948
    11  H    0.002601
    12  H    0.120183
 Sum of Mulliken charges =  -0.00000
 Mulliken charges with hydrogens summed into heavy atoms:
               1
 Electronic spatial extent (au):  <R**2>=            289.9944
 Charge=             -0.0000 electrons
 Dipole moment (field-independent basis, Debye):
    X=              0.0000    Y=             -0.0000    Z=              0.0000  Tot=              0.0000
 Quadrupole moment (field-independent basis, Debye-Ang):
   XX=            -14.4878   YY=            -27.2776   ZZ=            -14.9461
   XY=              1.3727   XZ=             -0.0000   YZ=              0.0000
 Traceless Quadrupole moment (field-independent basis, Debye-Ang):
   XX=              4.4161   YY=             -8.3738   ZZ=              3.9577
   XY=              1.3727   XZ=             -0.0000   YZ=              0.0000
 Octapole moment (field-independent basis, Debye-Ang**2):
  XXX=              0.0000  YYY=              0.0000  ZZZ=              0.0000  XYY=              0.0000
  XXY=             -0.0000  XXZ=              0.0000  XZZ=              0.0000  YZZ=              0.0000
  YYZ=              0.0000  XYZ=             -0.0000
 Hexadecapole moment (field-independent basis, Debye-Ang**3):
 XXXX=            -42.8421 YYYY=           -767.1786 ZZZZ=            -17.6528 XXXY=             34.3887
 XXXZ=             -0.0000 YYYX=             70.7785 YYYZ=              0.0000 ZZZX=             -0.0000
 ZZZY=              0.0000 XXYY=           -104.1725 XXZZ=            -10.1750 YYZZ=            -95.7185
 XXYZ=              0.0000 YYXZ=             -0.0000 ZZXY=             11.6794
 N-N= 1.687490142367D+01 E-N=-4.468227246493D+01  KE= 6.829083906240D+00
 Symmetry AG   KE= 4.705219645204D+00
 Symmetry BG   KE= 0.000000000000D+00
 Symmetry AU   KE= 0.000000000000D+00
 Symmetry BU   KE= 2.123864261036D+00

 Test job not archived.
 1\1\GINC-SULU\Stability\RHF\Gen\H12\LCJ1\17-Feb-2017\0\\#rhf/gen scf(s
 ymm,tight,novaracc,noincfock,fulldiag) stable(crhf) guess=read geom=no
 crowd test\\hf stability analysis of h12 triangular lattice, y= 0.3388
 8362623650670\\0,1\H\H,1,1.7370601136\H,1,1.7370601136,2,157.5\H,2,1.7
 370601136,1,22.5,3,0.,0\H,2,1.7370601136,1,180.,3,0.,0\H,4,1.737060113
 6,3,180.,5,0.,0\H,6,1.7370601136,5,180.,3,0.,0\H,4,1.7370601136,2,180.
 ,3,0.,0\H,3,1.7370601136,1,180.,4,0.,0\H,9,1.7370601136,3,180.,4,0.,0\
 H,8,1.7370601136,4,180.,3,0.,0\H,7,1.7370601136,6,180.,3,0.,0\\Version
 =ES64L-G09RevE.01\State=1-AG\HF=-5.360392\MP2=-6.1097827\RMSD=9.933e-0
 9\Dipole=0.,0.,0.\Quadrupole=2.6123113,2.9424678,-5.5547791,0.,2.64028
 66,0.\PG=C02H [SGH(H12)]\\@


 IF IT HAPPENS, IT MUST BE POSSIBLE.

 -- THE UNNAMED LAW FROM PAUL DICKSON'S 
    "THE OFFICIAL RULES"
 Job cpu time:       0 days  0 hours  0 minutes  0.9 seconds.
 File lengths (MBytes):  RWF=     84 Int=      0 D2E=      0 Chk=      2 Scr=      2
 Normal termination of Gaussian 09 at Fri Feb 17 14:55:05 2017.
