 Entering Gaussian System, Link 0=g09
 AtFile(1): H.gbs
            H     0
            S   10   1.00
               1000.000000000000            0.000068713567
                316.227766000000            0.000169141320
                100.000000000000            0.000823394812
                 31.622776600000            0.003425569236
                 10.000000000000            0.013951996000
                  3.162277660000            0.056909313560
                  1.000000000000            0.198286399900
                  0.316227766000            0.496922426700
                  0.100000000000            0.369846276400
                  0.031622776600            0.003752720039
            ****
 Initial command:
 /projects/guscus/apps/gau/g09-e1/g09/l1.exe "/users/lcj1/gaussian/h12/rhfstability/rect/guess/ag4bu2/Gau-7001.inp" -scrdir="/users/lcj1/gaussian/h12/rhfstability/rect/guess/ag4bu2/"
 Entering Link 1 = /projects/guscus/apps/gau/g09-e1/g09/l1.exe PID=      7005.
  
 Copyright (c) 1988,1990,1992,1993,1995,1998,2003,2009,2015,
            Gaussian, Inc.  All Rights Reserved.
  
 This is part of the Gaussian(R) 09 program.  It is based on
 the Gaussian(R) 03 system (copyright 2003, Gaussian, Inc.),
 the Gaussian(R) 98 system (copyright 1998, Gaussian, Inc.),
 the Gaussian(R) 94 system (copyright 1995, Gaussian, Inc.),
 the Gaussian 92(TM) system (copyright 1992, Gaussian, Inc.),
 the Gaussian 90(TM) system (copyright 1990, Gaussian, Inc.),
 the Gaussian 88(TM) system (copyright 1988, Gaussian, Inc.),
 the Gaussian 86(TM) system (copyright 1986, Carnegie Mellon
 University), and the Gaussian 82(TM) system (copyright 1983,
 Carnegie Mellon University). Gaussian is a federally registered
 trademark of Gaussian, Inc.
  
 This software contains proprietary and confidential information,
 including trade secrets, belonging to Gaussian, Inc.
  
 This software is provided under written license and may be
 used, copied, transmitted, or stored only in accord with that
 written license.
  
 The following legend is applicable only to US Government
 contracts under FAR:
  
                    RESTRICTED RIGHTS LEGEND
  
 Use, reproduction and disclosure by the US Government is
 subject to restrictions as set forth in subparagraphs (a)
 and (c) of the Commercial Computer Software - Restricted
 Rights clause in FAR 52.227-19.
  
 Gaussian, Inc.
 340 Quinnipiac St., Bldg. 40, Wallingford CT 06492
  
  
 ---------------------------------------------------------------
 Warning -- This program may not be used in any manner that
 competes with the business of Gaussian, Inc. or will provide
 assistance to any competitor of Gaussian, Inc.  The licensee
 of this program is prohibited from giving any competitor of
 Gaussian, Inc. access to this program.  By using this program,
 the user acknowledges that Gaussian, Inc. is engaged in the
 business of creating and licensing software in the field of
 computational chemistry and represents and warrants to the
 licensee that it is not a competitor of Gaussian, Inc. and that
 it will not use this program in any manner prohibited above.
 ---------------------------------------------------------------
  

 Cite this work as:
 Gaussian 09, Revision E.01,
 M. J. Frisch, G. W. Trucks, H. B. Schlegel, G. E. Scuseria, 
 M. A. Robb, J. R. Cheeseman, G. Scalmani, V. Barone, B. Mennucci, 
 G. A. Petersson, H. Nakatsuji, M. Caricato, X. Li, H. P. Hratchian, 
 A. F. Izmaylov, J. Bloino, G. Zheng, J. L. Sonnenberg, M. Hada, 
 M. Ehara, K. Toyota, R. Fukuda, J. Hasegawa, M. Ishida, T. Nakajima, 
 Y. Honda, O. Kitao, H. Nakai, T. Vreven, J. A. Montgomery, Jr., 
 J. E. Peralta, F. Ogliaro, M. Bearpark, J. J. Heyd, E. Brothers, 
 K. N. Kudin, V. N. Staroverov, T. Keith, R. Kobayashi, J. Normand, 
 K. Raghavachari, A. Rendell, J. C. Burant, S. S. Iyengar, J. Tomasi, 
 M. Cossi, N. Rega, J. M. Millam, M. Klene, J. E. Knox, J. B. Cross, 
 V. Bakken, C. Adamo, J. Jaramillo, R. Gomperts, R. E. Stratmann, 
 O. Yazyev, A. J. Austin, R. Cammi, C. Pomelli, J. W. Ochterski, 
 R. L. Martin, K. Morokuma, V. G. Zakrzewski, G. A. Voth, 
 P. Salvador, J. J. Dannenberg, S. Dapprich, A. D. Daniels, 
 O. Farkas, J. B. Foresman, J. V. Ortiz, J. Cioslowski, 
 and D. J. Fox, Gaussian, Inc., Wallingford CT, 2013.
 
 ******************************************
 Gaussian 09:  ES64L-G09RevE.01 30-Nov-2015
                17-Feb-2017 
 ******************************************
 %chk=h12.chk
 ----------------------------------------------------------------------
 #rhf/gen scf(symm,tight,novaracc,noincfock,fulldiag) stable(crhf) gues
 s=read geom=nocrowd test
 ----------------------------------------------------------------------
 1/38=1/1;
 2/12=1,17=6,18=5,40=1/2;
 3/5=7,16=1,25=1,30=1,116=1/1,2,3;
 4/5=1,9=4/1;
 5/5=100002,15=2,16=1,32=2,38=6/2;
 8/6=1,10=90,11=11/1,4;
 9/8=4,13=1/2;
 6/7=2,8=2,9=2,10=2,28=1/1;
 99/5=1,9=1/99;
 ----------------------------------------------------------------------
 hf stability analysis of h12 triangular lattice, y= 1.1190932273249123
 ----------------------------------------------------------------------
 Symbolic Z-matrix:
 Charge =  0 Multiplicity = 1
 H
 H                    1     1.23229 
 H                    1     1.23229  2     49.5 
 H                    2     1.23229  1     130.5    3     0.       0
 H                    2     1.23229  1     180.     3     0.       0
 H                    4     1.23229  3     180.     5     0.       0
 H                    6     1.23229  5     180.     3     0.       0
 H                    4     1.23229  2     180.     3     0.       0
 H                    3     1.23229  1     180.     4     0.       0
 H                    9     1.23229  3     180.     4     0.       0
 H                    8     1.23229  4     180.     3     0.       0
 H                    7     1.23229  6     180.     3     0.       0
 
                          Input orientation:                          
 ---------------------------------------------------------------------
 Center     Atomic      Atomic             Coordinates (Angstroms)
 Number     Number       Type             X           Y           Z
 ---------------------------------------------------------------------
      1          1           0        0.000000    0.000000    0.000000
      2          1           0        0.000000    0.000000    1.232287
      3          1           0        0.937039    0.000000    0.800307
      4          1           0        0.937039    0.000000    2.032594
      5          1           0        0.000000    0.000000    2.464574
      6          1           0        0.937039    0.000000    3.264881
      7          1           0        1.874077    0.000000    4.065187
      8          1           0        1.874077    0.000000    2.832900
      9          1           0        1.874077    0.000000    1.600613
     10          1           0        2.811116    0.000000    2.400920
     11          1           0        2.811116    0.000000    3.633207
     12          1           0        2.811116    0.000000    4.865494
 ---------------------------------------------------------------------
                    Distance matrix (angstroms):
                    1          2          3          4          5
     1  H    0.000000
     2  H    1.232287   0.000000
     3  H    1.232287   1.031818   0.000000
     4  H    2.238186   1.232287   1.232287   0.000000
     5  H    2.464574   1.232287   1.909929   1.031818   0.000000
     6  H    3.396688   2.238186   2.464574   1.232287   1.232287
     7  H    4.476373   3.396688   3.396688   2.238186   2.464574
     8  H    3.396688   2.464574   2.238186   1.232287   1.909929
     9  H    2.464574   1.909929   1.232287   1.031818   2.063636
    10  H    3.696862   3.044351   2.464574   1.909929   2.811836
    11  H    4.593753   3.696862   3.396688   2.464574   3.044351
    12  H    5.619199   4.593753   4.476373   3.396688   3.696862
                    6          7          8          9         10
     6  H    0.000000
     7  H    1.232287   0.000000
     8  H    1.031818   1.232287   0.000000
     9  H    1.909929   2.464574   1.232287   0.000000
    10  H    2.063636   1.909929   1.031818   1.232287   0.000000
    11  H    1.909929   1.031818   1.232287   2.238186   1.232287
    12  H    2.464574   1.232287   2.238186   3.396688   2.464574
                   11         12
    11  H    0.000000
    12  H    1.232287   0.000000
 Stoichiometry    H12
 Framework group  C2H[SGH(H12)]
 Deg. of freedom    11
 Full point group                 C2H     NOp   4
 Largest Abelian subgroup         C2H     NOp   4
 Largest concise Abelian subgroup C2      NOp   2
                         Standard orientation:                         
 ---------------------------------------------------------------------
 Center     Atomic      Atomic             Coordinates (Angstroms)
 Number     Number       Type             X           Y           Z
 ---------------------------------------------------------------------
      1          1           0        0.937039    2.648737    0.000000
      2          1           0        0.000000    1.848431    0.000000
      3          1           0        0.937039    1.416450    0.000000
      4          1           0        0.000000    0.616144    0.000000
      5          1           0       -0.937039    1.048124    0.000000
      6          1           0       -0.937039   -0.184163    0.000000
      7          1           0       -0.937039   -1.416450    0.000000
      8          1           0       -0.000000   -0.616144    0.000000
      9          1           0        0.937039    0.184163   -0.000000
     10          1           0        0.937039   -1.048124   -0.000000
     11          1           0       -0.000000   -1.848431    0.000000
     12          1           0       -0.937039   -2.648737    0.000000
 ---------------------------------------------------------------------
 Rotational constants (GHZ):     92.4653774     16.9967126     14.3575501
 General basis read from cards:  (5D, 7F)
 There are     6 symmetry adapted cartesian basis functions of AG  symmetry.
 There are     0 symmetry adapted cartesian basis functions of BG  symmetry.
 There are     0 symmetry adapted cartesian basis functions of AU  symmetry.
 There are     6 symmetry adapted cartesian basis functions of BU  symmetry.
 There are     6 symmetry adapted basis functions of AG  symmetry.
 There are     0 symmetry adapted basis functions of BG  symmetry.
 There are     0 symmetry adapted basis functions of AU  symmetry.
 There are     6 symmetry adapted basis functions of BU  symmetry.
    12 basis functions,   120 primitive gaussians,    12 cartesian basis functions
     6 alpha electrons        6 beta electrons
       nuclear repulsion energy        19.0122638867 Hartrees.
 NAtoms=   12 NActive=   12 NUniq=    6 SFac= 4.00D+00 NAtFMM=   60 NAOKFM=F Big=F
 Integral buffers will be    131072 words long.
 Regular integral format.
 Two-electron integral symmetry is turned on.
 One-electron integrals computed using PRISM.
 NBasis=    12 RedAO= T EigKep=  1.85D-01  NBF=     6     0     0     6
 NBsUse=    12 1.00D-06 EigRej= -1.00D+00 NBFU=     6     0     0     6
 Initial guess from the checkpoint file:  "h12.chk"
 B after Tr=    -0.000000   -0.000000    0.000000
         Rot=    0.988910   -0.000000   -0.000000   -0.148513 Ang= -17.08 deg.
 Initial guess orbital symmetries:
       Occupied  (AG) (BU) (BU) (AG) (AG) (AG)
       Virtual   (BU) (BU) (BU) (AG) (AG) (BU)
 Keep R1 ints in memory in symmetry-blocked form, NReq=902692.
 Requested convergence on RMS density matrix=1.00D-08 within 128 cycles.
 Requested convergence on MAX density matrix=1.00D-06.
 Requested convergence on             energy=1.00D-06.
 No special actions if energy rises.
 SCF Done:  E(RHF) =  -5.39531411386     A.U. after   21 cycles
            NFock= 21  Conv=0.66D-09     -V/T= 1.8049
 Range of M.O.s used for correlation:     1    12
 NBasis=    12 NAE=     6 NBE=     6 NFC=     0 NFV=     0
 NROrb=     12 NOA=     6 NOB=     6 NVA=     6 NVB=     6

 **** Warning!!: The smallest alpha delta epsilon is -0.96094047D-01

 Semi-Direct transformation.
 ModeAB=           4 MOrb=             6 LenV=     134086033
 LASXX=         2181 LTotXX=        2181 LenRXX=        5115
 LTotAB=        2934 MaxLAS=        3024 LenRXY=           0
 NonZer=        7296 LenScr=      655360 LnRSAI=        3024
 LnScr1=      655360 LExtra=           0 Total=      1318859
 MaxDsk=          -1 SrtSym=           T ITran=            3
 JobTyp=0 Pass  1:  I=   1 to   6.
 (rs|ai) integrals will be sorted in core.
 Spin components of T(2) and E(2):
     alpha-alpha T2 =       0.2710189347D-01 E2=     -0.2284770730D-01
     alpha-beta  T2 =       0.1275971917D+01 E2=     -0.2291325493D+00
     beta-beta   T2 =       0.2710189347D-01 E2=     -0.2284770730D-01
 ANorm=    0.1526491305D+01
 E2 =    -0.2748279639D+00 EUMP2 =    -0.56701420777955D+01
 Second order stability test of a single determinant RHF wave function:
 Stabil:  MDV=134217728
 ***********************************************************************
 Matrix         Lowest Root    Major Pairs
 ***********************************************************************
 Internal RHF    -0.1988279    6A=7A
 RRHF --> CRHF   -0.2977357    6A=7A
 RRHF --> RUHF   -0.6032883    6A=7B
 Not stable.
 ***********************************************************************

 **********************************************************************

            Population analysis using the SCF density.

 **********************************************************************

 Orbital symmetries:
       Occupied  (AG) (BU) (BU) (AG) (AG) (AG)
       Virtual   (BU) (AG) (BU) (BU) (BU) (AG)
 The electronic state is 1-AG.
 Alpha  occ. eigenvalues --   -0.96210  -0.76997  -0.58273  -0.54049  -0.32611
 Alpha  occ. eigenvalues --   -0.06124
 Alpha virt. eigenvalues --   -0.15733   0.19505   0.23247   0.28401   0.48772
 Alpha virt. eigenvalues --    0.54346
          Condensed to atoms (all electrons):
               1          2          3          4          5          6
     1  H    1.429142  -0.273986  -0.203543  -0.043361   0.031693   0.011937
     2  H   -0.273986   1.052790   0.284374   0.050395   0.153030  -0.100887
     3  H   -0.203543   0.284374   1.181432   0.063479  -0.198372  -0.041828
     4  H   -0.043361   0.050395   0.063479   0.554601   0.067562   0.129934
     5  H    0.031693   0.153030  -0.198372   0.067562   1.192817   0.042916
     6  H    0.011937  -0.100887  -0.041828   0.129934   0.042916   0.951372
     7  H   -0.003022   0.008129   0.023932  -0.010332  -0.079023   0.054398
     8  H   -0.009746  -0.028391  -0.010332   0.086294  -0.054321   0.061921
     9  H    0.059536  -0.159382   0.054398   0.061921  -0.107552   0.036998
    10  H    0.006840   0.004327  -0.079023  -0.054321   0.045731  -0.107552
    11  H   -0.002800   0.015960   0.008129  -0.028391   0.004327  -0.159382
    12  H    0.001076  -0.002800  -0.003022  -0.009746   0.006840   0.059536
               7          8          9         10         11         12
     1  H   -0.003022  -0.009746   0.059536   0.006840  -0.002800   0.001076
     2  H    0.008129  -0.028391  -0.159382   0.004327   0.015960  -0.002800
     3  H    0.023932  -0.010332   0.054398  -0.079023   0.008129  -0.003022
     4  H   -0.010332   0.086294   0.061921  -0.054321  -0.028391  -0.009746
     5  H   -0.079023  -0.054321  -0.107552   0.045731   0.004327   0.006840
     6  H    0.054398   0.061921   0.036998  -0.107552  -0.159382   0.059536
     7  H    1.181432   0.063479  -0.041828  -0.198372   0.284374  -0.203543
     8  H    0.063479   0.554601   0.129934   0.067562   0.050395  -0.043361
     9  H   -0.041828   0.129934   0.951372   0.042916  -0.100887   0.011937
    10  H   -0.198372   0.067562   0.042916   1.192817   0.153030   0.031693
    11  H    0.284374   0.050395  -0.100887   0.153030   1.052790  -0.273986
    12  H   -0.203543  -0.043361   0.011937   0.031693  -0.273986   1.429142
 Mulliken charges:
               1
     1  H   -0.003767
     2  H   -0.003561
     3  H   -0.079624
     4  H    0.131964
     5  H   -0.105648
     6  H    0.060636
     7  H   -0.079624
     8  H    0.131964
     9  H    0.060636
    10  H   -0.105648
    11  H   -0.003561
    12  H   -0.003767
 Sum of Mulliken charges =  -0.00000
 Mulliken charges with hydrogens summed into heavy atoms:
               1
 Electronic spatial extent (au):  <R**2>=            166.3688
 Charge=             -0.0000 electrons
 Dipole moment (field-independent basis, Debye):
    X=             -0.0000    Y=              0.0000    Z=             -0.0000  Tot=              0.0000
 Quadrupole moment (field-independent basis, Debye-Ang):
   XX=            -19.1341   YY=            -21.8459   ZZ=            -15.0339
   XY=             -0.2548   XZ=              0.0000   YZ=              0.0000
 Traceless Quadrupole moment (field-independent basis, Debye-Ang):
   XX=             -0.4628   YY=             -3.1746   ZZ=              3.6373
   XY=             -0.2548   XZ=              0.0000   YZ=              0.0000
 Octapole moment (field-independent basis, Debye-Ang**2):
  XXX=              0.0000  YYY=             -0.0000  ZZZ=             -0.0000  XYY=              0.0000
  XXY=             -0.0000  XXZ=             -0.0000  XZZ=              0.0000  YZZ=              0.0000
  YYZ=             -0.0000  XYZ=             -0.0000
 Hexadecapole moment (field-independent basis, Debye-Ang**3):
 XXXX=            -83.7546 YYYY=           -293.8749 ZZZZ=            -17.7412 XXXY=            -25.1364
 XXXZ=              0.0000 YYYX=            -41.5641 YYYZ=              0.0000 ZZZX=              0.0000
 ZZZY=              0.0000 XXYY=            -67.1761 XXZZ=            -16.2881 YYZZ=            -43.0063
 XXYZ=              0.0000 YYXZ=              0.0000 ZZXY=             -7.4808
 N-N= 1.901226388673D+01 E-N=-4.903301520430D+01  KE= 6.703129726668D+00
 Symmetry AG   KE= 5.011869980677D+00
 Symmetry BG   KE= 0.000000000000D+00
 Symmetry AU   KE= 0.000000000000D+00
 Symmetry BU   KE= 1.691259745990D+00

 Test job not archived.
 1\1\GINC-SULU\Stability\RHF\Gen\H12\LCJ1\17-Feb-2017\0\\#rhf/gen scf(s
 ymm,tight,novaracc,noincfock,fulldiag) stable(crhf) guess=read geom=no
 crowd test\\hf stability analysis of h12 triangular lattice, y= 1.1190
 932273249123\\0,1\H\H,1,1.2322872023\H,1,1.2322872023,2,49.5\H,2,1.232
 2872023,1,130.5,3,0.,0\H,2,1.2322872023,1,180.,3,0.,0\H,4,1.2322872023
 ,3,180.,5,0.,0\H,6,1.2322872023,5,180.,3,0.,0\H,4,1.2322872023,2,180.,
 3,0.,0\H,3,1.2322872023,1,180.,4,0.,0\H,9,1.2322872023,3,180.,4,0.,0\H
 ,8,1.2322872023,4,180.,3,0.,0\H,7,1.2322872023,6,180.,3,0.,0\\Version=
 ES64L-G09RevE.01\State=1-AG\HF=-5.3953141\MP2=-5.6701421\RMSD=6.638e-1
 0\Dipole=0.,0.,0.\Quadrupole=-1.3227287,2.7042789,-1.3815501,0.,-1.025
 3085,0.\PG=C02H [SGH(H12)]\\@


 WHEN HAVING A MEETING OF THE MINDS,
 MAKE SURE YOU HAVE THE EQUIPMENT FOR IT.
 Job cpu time:       0 days  0 hours  0 minutes  1.1 seconds.
 File lengths (MBytes):  RWF=     84 Int=      0 D2E=      0 Chk=      2 Scr=      2
 Normal termination of Gaussian 09 at Fri Feb 17 15:06:24 2017.
