 Entering Gaussian System, Link 0=g09
 AtFile(1): H.gbs
            H     0
            S   10   1.00
               1000.000000000000            0.000068713567
                316.227766000000            0.000169141320
                100.000000000000            0.000823394812
                 31.622776600000            0.003425569236
                 10.000000000000            0.013951996000
                  3.162277660000            0.056909313560
                  1.000000000000            0.198286399900
                  0.316227766000            0.496922426700
                  0.100000000000            0.369846276400
                  0.031622776600            0.003752720039
            ****
 Initial command:
 /projects/guscus/apps/gau/g09-e1/g09/l1.exe "/users/lcj1/gaussian/h12/rhfstability/rect/guess/ag4bu2/Gau-23213.inp" -scrdir="/users/lcj1/gaussian/h12/rhfstability/rect/guess/ag4bu2/"
 Entering Link 1 = /projects/guscus/apps/gau/g09-e1/g09/l1.exe PID=     23214.
  
 Copyright (c) 1988,1990,1992,1993,1995,1998,2003,2009,2015,
            Gaussian, Inc.  All Rights Reserved.
  
 This is part of the Gaussian(R) 09 program.  It is based on
 the Gaussian(R) 03 system (copyright 2003, Gaussian, Inc.),
 the Gaussian(R) 98 system (copyright 1998, Gaussian, Inc.),
 the Gaussian(R) 94 system (copyright 1995, Gaussian, Inc.),
 the Gaussian 92(TM) system (copyright 1992, Gaussian, Inc.),
 the Gaussian 90(TM) system (copyright 1990, Gaussian, Inc.),
 the Gaussian 88(TM) system (copyright 1988, Gaussian, Inc.),
 the Gaussian 86(TM) system (copyright 1986, Carnegie Mellon
 University), and the Gaussian 82(TM) system (copyright 1983,
 Carnegie Mellon University). Gaussian is a federally registered
 trademark of Gaussian, Inc.
  
 This software contains proprietary and confidential information,
 including trade secrets, belonging to Gaussian, Inc.
  
 This software is provided under written license and may be
 used, copied, transmitted, or stored only in accord with that
 written license.
  
 The following legend is applicable only to US Government
 contracts under FAR:
  
                    RESTRICTED RIGHTS LEGEND
  
 Use, reproduction and disclosure by the US Government is
 subject to restrictions as set forth in subparagraphs (a)
 and (c) of the Commercial Computer Software - Restricted
 Rights clause in FAR 52.227-19.
  
 Gaussian, Inc.
 340 Quinnipiac St., Bldg. 40, Wallingford CT 06492
  
  
 ---------------------------------------------------------------
 Warning -- This program may not be used in any manner that
 competes with the business of Gaussian, Inc. or will provide
 assistance to any competitor of Gaussian, Inc.  The licensee
 of this program is prohibited from giving any competitor of
 Gaussian, Inc. access to this program.  By using this program,
 the user acknowledges that Gaussian, Inc. is engaged in the
 business of creating and licensing software in the field of
 computational chemistry and represents and warrants to the
 licensee that it is not a competitor of Gaussian, Inc. and that
 it will not use this program in any manner prohibited above.
 ---------------------------------------------------------------
  

 Cite this work as:
 Gaussian 09, Revision E.01,
 M. J. Frisch, G. W. Trucks, H. B. Schlegel, G. E. Scuseria, 
 M. A. Robb, J. R. Cheeseman, G. Scalmani, V. Barone, B. Mennucci, 
 G. A. Petersson, H. Nakatsuji, M. Caricato, X. Li, H. P. Hratchian, 
 A. F. Izmaylov, J. Bloino, G. Zheng, J. L. Sonnenberg, M. Hada, 
 M. Ehara, K. Toyota, R. Fukuda, J. Hasegawa, M. Ishida, T. Nakajima, 
 Y. Honda, O. Kitao, H. Nakai, T. Vreven, J. A. Montgomery, Jr., 
 J. E. Peralta, F. Ogliaro, M. Bearpark, J. J. Heyd, E. Brothers, 
 K. N. Kudin, V. N. Staroverov, T. Keith, R. Kobayashi, J. Normand, 
 K. Raghavachari, A. Rendell, J. C. Burant, S. S. Iyengar, J. Tomasi, 
 M. Cossi, N. Rega, J. M. Millam, M. Klene, J. E. Knox, J. B. Cross, 
 V. Bakken, C. Adamo, J. Jaramillo, R. Gomperts, R. E. Stratmann, 
 O. Yazyev, A. J. Austin, R. Cammi, C. Pomelli, J. W. Ochterski, 
 R. L. Martin, K. Morokuma, V. G. Zakrzewski, G. A. Voth, 
 P. Salvador, J. J. Dannenberg, S. Dapprich, A. D. Daniels, 
 O. Farkas, J. B. Foresman, J. V. Ortiz, J. Cioslowski, 
 and D. J. Fox, Gaussian, Inc., Wallingford CT, 2013.
 
 ******************************************
 Gaussian 09:  ES64L-G09RevE.01 30-Nov-2015
                17-Feb-2017 
 ******************************************
 %chk=h12.chk
 ----------------------------------------------------------------------
 #rhf/gen scf(symm,tight,novaracc,noincfock,fulldiag) stable(crhf) gues
 s=read geom=nocrowd test
 ----------------------------------------------------------------------
 1/38=1/1;
 2/12=1,17=6,18=5,40=1/2;
 3/5=7,16=1,25=1,30=1,116=1/1,2,3;
 4/5=1,9=4/1;
 5/5=100002,15=2,16=1,32=2,38=6/2;
 8/6=1,10=90,11=11/1,4;
 9/8=4,13=1/2;
 6/7=2,8=2,9=2,10=2,28=1/1;
 99/5=1,9=1/99;
 ----------------------------------------------------------------------
 hf stability analysis of h12 triangular lattice, y= 0.6093965744756328
 9
 ----------------------------------------------------------------------
 Symbolic Z-matrix:
 Charge =  0 Multiplicity = 1
 H
 H                    1     1.12648 
 H                    1     1.12648  2     114.5 
 H                    2     1.12648  1     65.5     3     0.       0
 H                    2     1.12648  1     180.     3     0.       0
 H                    4     1.12648  3     180.     5     0.       0
 H                    6     1.12648  5     180.     3     0.       0
 H                    4     1.12648  2     180.     3     0.       0
 H                    3     1.12648  1     180.     4     0.       0
 H                    9     1.12648  3     180.     4     0.       0
 H                    8     1.12648  4     180.     3     0.       0
 H                    7     1.12648  6     180.     3     0.       0
 
                          Input orientation:                          
 ---------------------------------------------------------------------
 Center     Atomic      Atomic             Coordinates (Angstroms)
 Number     Number       Type             X           Y           Z
 ---------------------------------------------------------------------
      1          1           0        0.000000    0.000000    0.000000
      2          1           0        0.000000    0.000000    1.126479
      3          1           0        1.025053    0.000000   -0.467143
      4          1           0        1.025053    0.000000    0.659336
      5          1           0        0.000000    0.000000    2.252959
      6          1           0        1.025053    0.000000    1.785815
      7          1           0        2.050105    0.000000    1.318672
      8          1           0        2.050105    0.000000    0.192193
      9          1           0        2.050105    0.000000   -0.934287
     10          1           0        3.075158    0.000000   -1.401430
     11          1           0        3.075158    0.000000   -0.274951
     12          1           0        3.075158    0.000000    0.851529
 ---------------------------------------------------------------------
                    Distance matrix (angstroms):
                    1          2          3          4          5
     1  H    0.000000
     2  H    1.126479   0.000000
     3  H    1.126479   1.894826   0.000000
     4  H    1.218793   1.126479   1.126479   0.000000
     5  H    2.252959   1.126479   2.906835   1.894826   0.000000
     6  H    2.059094   1.218793   2.252959   1.126479   1.126479
     7  H    2.437586   2.059094   2.059094   1.218793   2.252959
     8  H    2.059094   2.252959   1.218793   1.126479   2.906835
     9  H    2.252959   2.906835   1.126479   1.894826   3.789652
    10  H    3.379438   3.980819   2.252959   2.906835   4.776102
    11  H    3.087425   3.379438   2.059094   2.252959   3.980819
    12  H    3.190877   3.087425   2.437586   2.059094   3.379438
                    6          7          8          9         10
     6  H    0.000000
     7  H    1.126479   0.000000
     8  H    1.894826   1.126479   0.000000
     9  H    2.906835   2.252959   1.126479   0.000000
    10  H    3.789652   2.906835   1.894826   1.126479   0.000000
    11  H    2.906835   1.894826   1.126479   1.218793   1.126479
    12  H    2.252959   1.126479   1.218793   2.059094   2.252959
                   11         12
    11  H    0.000000
    12  H    1.126479   0.000000
 Stoichiometry    H12
 Framework group  C2H[SGH(H12)]
 Deg. of freedom    11
 Full point group                 C2H     NOp   4
 Largest Abelian subgroup         C2H     NOp   4
 Largest concise Abelian subgroup C2      NOp   2
                         Standard orientation:                         
 ---------------------------------------------------------------------
 Center     Atomic      Atomic             Coordinates (Angstroms)
 Number     Number       Type             X           Y           Z
 ---------------------------------------------------------------------
      1          1           0        1.025053    1.222576    0.000000
      2          1           0        0.000000    1.689719    0.000000
      3          1           0        1.025053    0.096096    0.000000
      4          1           0        0.000000    0.563240    0.000000
      5          1           0       -1.025053    2.156862    0.000000
      6          1           0       -1.025053    1.030383    0.000000
      7          1           0       -1.025053   -0.096096   -0.000000
      8          1           0       -0.000000   -0.563240    0.000000
      9          1           0        1.025053   -1.030383    0.000000
     10          1           0        1.025053   -2.156862    0.000000
     11          1           0       -0.000000   -1.689719    0.000000
     12          1           0       -1.025053   -1.222576    0.000000
 ---------------------------------------------------------------------
 Rotational constants (GHZ):     68.5427538     22.9288666     17.1813689
 General basis read from cards:  (5D, 7F)
 There are     6 symmetry adapted cartesian basis functions of AG  symmetry.
 There are     0 symmetry adapted cartesian basis functions of BG  symmetry.
 There are     0 symmetry adapted cartesian basis functions of AU  symmetry.
 There are     6 symmetry adapted cartesian basis functions of BU  symmetry.
 There are     6 symmetry adapted basis functions of AG  symmetry.
 There are     0 symmetry adapted basis functions of BG  symmetry.
 There are     0 symmetry adapted basis functions of AU  symmetry.
 There are     6 symmetry adapted basis functions of BU  symmetry.
    12 basis functions,   120 primitive gaussians,    12 cartesian basis functions
     6 alpha electrons        6 beta electrons
       nuclear repulsion energy        19.7573026847 Hartrees.
 NAtoms=   12 NActive=   12 NUniq=    6 SFac= 4.00D+00 NAtFMM=   60 NAOKFM=F Big=F
 Integral buffers will be    131072 words long.
 Regular integral format.
 Two-electron integral symmetry is turned on.
 One-electron integrals computed using PRISM.
 NBasis=    12 RedAO= T EigKep=  1.56D-01  NBF=     6     0     0     6
 NBsUse=    12 1.00D-06 EigRej= -1.00D+00 NBFU=     6     0     0     6
 Initial guess from the checkpoint file:  "h12.chk"
 B after Tr=    -0.000000    0.000000    0.000000
         Rot=    0.999036    0.000000    0.000000    0.043905 Ang=   5.03 deg.
 Initial guess orbital symmetries:
       Occupied  (AG) (BU) (BU) (AG) (AG) (AG)
       Virtual   (BU) (BU) (BU) (AG) (AG) (BU)
 Keep R1 ints in memory in symmetry-blocked form, NReq=903994.
 Requested convergence on RMS density matrix=1.00D-08 within 128 cycles.
 Requested convergence on MAX density matrix=1.00D-06.
 Requested convergence on             energy=1.00D-06.
 No special actions if energy rises.
 SCF Done:  E(RHF) =  -5.67540058636     A.U. after   10 cycles
            NFock= 10  Conv=0.61D-08     -V/T= 1.8669
 Range of M.O.s used for correlation:     1    12
 NBasis=    12 NAE=     6 NBE=     6 NFC=     0 NFV=     0
 NROrb=     12 NOA=     6 NOB=     6 NVA=     6 NVB=     6
 Semi-Direct transformation.
 ModeAB=           4 MOrb=             6 LenV=     134084283
 LASXX=         2181 LTotXX=        2181 LenRXX=        5115
 LTotAB=        2934 MaxLAS=        3024 LenRXY=           0
 NonZer=        7296 LenScr=      655360 LnRSAI=        3024
 LnScr1=      655360 LExtra=           0 Total=      1318859
 MaxDsk=          -1 SrtSym=           T ITran=            3
 JobTyp=0 Pass  1:  I=   1 to   6.
 (rs|ai) integrals will be sorted in core.
 Spin components of T(2) and E(2):
     alpha-alpha T2 =       0.1154135307D-01 E2=     -0.1392611547D-01
     alpha-beta  T2 =       0.9660216152D-01 E2=     -0.1196397777D+00
     beta-beta   T2 =       0.1154135307D-01 E2=     -0.1392611547D-01
 ANorm=    0.1058151628D+01
 E2 =    -0.1474920086D+00 EUMP2 =    -0.58228925949511D+01
 Second order stability test of a single determinant RHF wave function:
 Stabil:  MDV=134217728
 ***********************************************************************
 Matrix         Lowest Root    Major Pairs
 ***********************************************************************
 Internal RHF    -0.1035692    6A=7A
 RRHF --> CRHF   -0.1426703    6A=7A
 RRHF --> RUHF   -0.2228146    6A=7B
 Not stable.
 ***********************************************************************

 **********************************************************************

            Population analysis using the SCF density.

 **********************************************************************

 Orbital symmetries:
       Occupied  (AG) (BU) (BU) (AG) (AG) (AG)
       Virtual   (BU) (BU) (AG) (BU) (AG) (BU)
 The electronic state is 1-AG.
 Alpha  occ. eigenvalues --   -0.90987  -0.75589  -0.60335  -0.52873  -0.35545
 Alpha  occ. eigenvalues --   -0.17649
 Alpha virt. eigenvalues --   -0.05551   0.20822   0.29114   0.36673   0.64953
 Alpha virt. eigenvalues --    0.70601
          Condensed to atoms (all electrons):
               1          2          3          4          5          6
     1  H    1.143089   0.138526   0.352340  -0.317544  -0.012991  -0.065198
     2  H    0.138526   1.009942  -0.117267   0.218982   0.113487  -0.173829
     3  H    0.352340  -0.117267   1.038015  -0.268563  -0.008315   0.024915
     4  H   -0.317544   0.218982  -0.268563   1.506536  -0.068926  -0.180207
     5  H   -0.012991   0.113487  -0.008315  -0.068926   0.491638   0.269364
     6  H   -0.065198  -0.173829   0.024915  -0.180207   0.269364   0.948816
     7  H    0.025183  -0.138321   0.100118  -0.324337   0.004479   0.307818
     8  H   -0.166256   0.021402  -0.324337   0.739510  -0.025844  -0.095256
     9  H   -0.013481  -0.032553   0.307818  -0.095256   0.003339   0.028532
    10  H   -0.001168   0.000341   0.004479  -0.025844   0.001001   0.003339
    11  H   -0.001097   0.020363  -0.138321   0.021402   0.000341  -0.032553
    12  H    0.034393  -0.001097   0.025183  -0.166256  -0.001168  -0.013481
               7          8          9         10         11         12
     1  H    0.025183  -0.166256  -0.013481  -0.001168  -0.001097   0.034393
     2  H   -0.138321   0.021402  -0.032553   0.000341   0.020363  -0.001097
     3  H    0.100118  -0.324337   0.307818   0.004479  -0.138321   0.025183
     4  H   -0.324337   0.739510  -0.095256  -0.025844   0.021402  -0.166256
     5  H    0.004479  -0.025844   0.003339   0.001001   0.000341  -0.001168
     6  H    0.307818  -0.095256   0.028532   0.003339  -0.032553  -0.013481
     7  H    1.038015  -0.268563   0.024915  -0.008315  -0.117267   0.352340
     8  H   -0.268563   1.506536  -0.180207  -0.068926   0.218982  -0.317544
     9  H    0.024915  -0.180207   0.948816   0.269364  -0.173829  -0.065198
    10  H   -0.008315  -0.068926   0.269364   0.491638   0.113487  -0.012991
    11  H   -0.117267   0.218982  -0.173829   0.113487   1.009942   0.138526
    12  H    0.352340  -0.317544  -0.065198  -0.012991   0.138526   1.143089
 Mulliken charges:
               1
     1  H   -0.115796
     2  H   -0.059975
     3  H    0.003935
     4  H   -0.039498
     5  H    0.233594
     6  H   -0.022259
     7  H    0.003935
     8  H   -0.039498
     9  H   -0.022259
    10  H    0.233594
    11  H   -0.059975
    12  H   -0.115796
 Sum of Mulliken charges =  -0.00000
 Mulliken charges with hydrogens summed into heavy atoms:
               1
 Electronic spatial extent (au):  <R**2>=            137.2775
 Charge=              0.0000 electrons
 Dipole moment (field-independent basis, Debye):
    X=             -0.0000    Y=             -0.0000    Z=              0.0000  Tot=              0.0000
 Quadrupole moment (field-independent basis, Debye-Ang):
   XX=            -20.0738   YY=             -9.1943   ZZ=            -15.1886
   XY=             -7.3456   XZ=             -0.0000   YZ=             -0.0000
 Traceless Quadrupole moment (field-independent basis, Debye-Ang):
   XX=             -5.2549   YY=              5.6246   ZZ=             -0.3697
   XY=             -7.3456   XZ=             -0.0000   YZ=             -0.0000
 Octapole moment (field-independent basis, Debye-Ang**2):
  XXX=             -0.0000  YYY=             -0.0000  ZZZ=             -0.0000  XYY=              0.0000
  XXY=             -0.0000  XXZ=             -0.0000  XZZ=              0.0000  YZZ=              0.0000
  YYZ=              0.0000  XYZ=             -0.0000
 Hexadecapole moment (field-independent basis, Debye-Ang**3):
 XXXX=           -106.8609 YYYY=           -131.0259 ZZZZ=            -18.0605 XXXY=              3.1585
 XXXZ=             -0.0000 YYYX=            -22.0335 YYYZ=             -0.0000 ZZZX=             -0.0000
 ZZZY=              0.0000 XXYY=            -39.1957 XXZZ=            -19.0600 YYZZ=            -32.3226
 XXYZ=              0.0000 YYXZ=              0.0000 ZZXY=              3.3329
 N-N= 1.975730268475D+01 E-N=-5.075247502406D+01  KE= 6.546647089110D+00
 Symmetry AG   KE= 4.976826411293D+00
 Symmetry BG   KE= 0.000000000000D+00
 Symmetry AU   KE= 0.000000000000D+00
 Symmetry BU   KE= 1.569820677817D+00

 Test job not archived.
 1\1\GINC-SULU\Stability\RHF\Gen\H12\LCJ1\17-Feb-2017\0\\#rhf/gen scf(s
 ymm,tight,novaracc,noincfock,fulldiag) stable(crhf) guess=read geom=no
 crowd test\\hf stability analysis of h12 triangular lattice, y= 0.6093
 9657447563289\\0,1\H\H,1,1.1264793288\H,1,1.1264793288,2,114.5\H,2,1.1
 264793288,1,65.5,3,0.,0\H,2,1.1264793288,1,180.,3,0.,0\H,4,1.126479328
 8,3,180.,5,0.,0\H,6,1.1264793288,5,180.,3,0.,0\H,4,1.1264793288,2,180.
 ,3,0.,0\H,3,1.1264793288,1,180.,4,0.,0\H,9,1.1264793288,3,180.,4,0.,0\
 H,8,1.1264793288,4,180.,3,0.,0\H,7,1.1264793288,6,180.,3,0.,0\\Version
 =ES64L-G09RevE.01\State=1-AG\HF=-5.6754006\MP2=-5.8228926\RMSD=6.125e-
 09\Dipole=0.,0.,0.\Quadrupole=-1.3309137,-0.2748417,1.6057555,0.,-6.63
 52114,0.\PG=C02H [SGH(H12)]\\@


 CHINESE FORTUNE COOKIE OF JAN 1 1967 SAY....
 ALL THINGS ARE DIFFICULT BEFORE THEY ARE EASY.
 WE LEARN SO LITTLE AND FORGET SO MUCH.
 YOU WILL OVERCOME OBSTACLES TO ACHIEVE SUCCESS.
 AH SO.
 Job cpu time:       0 days  0 hours  0 minutes  1.1 seconds.
 File lengths (MBytes):  RWF=     84 Int=      0 D2E=      0 Chk=      2 Scr=      2
 Normal termination of Gaussian 09 at Fri Feb 17 14:59:30 2017.
