 Entering Gaussian System, Link 0=g09
 AtFile(1): H.gbs
            H     0
            S   10   1.00
               1000.000000000000            0.000068713567
                316.227766000000            0.000169141320
                100.000000000000            0.000823394812
                 31.622776600000            0.003425569236
                 10.000000000000            0.013951996000
                  3.162277660000            0.056909313560
                  1.000000000000            0.198286399900
                  0.316227766000            0.496922426700
                  0.100000000000            0.369846276400
                  0.031622776600            0.003752720039
            ****
 Initial command:
 /projects/guscus/apps/gau/g09-e1/g09/l1.exe "/users/lcj1/gaussian/h12/rhfstability/rect/guess/ag4bu2/Gau-9244.inp" -scrdir="/users/lcj1/gaussian/h12/rhfstability/rect/guess/ag4bu2/"
 Entering Link 1 = /projects/guscus/apps/gau/g09-e1/g09/l1.exe PID=      9245.
  
 Copyright (c) 1988,1990,1992,1993,1995,1998,2003,2009,2015,
            Gaussian, Inc.  All Rights Reserved.
  
 This is part of the Gaussian(R) 09 program.  It is based on
 the Gaussian(R) 03 system (copyright 2003, Gaussian, Inc.),
 the Gaussian(R) 98 system (copyright 1998, Gaussian, Inc.),
 the Gaussian(R) 94 system (copyright 1995, Gaussian, Inc.),
 the Gaussian 92(TM) system (copyright 1992, Gaussian, Inc.),
 the Gaussian 90(TM) system (copyright 1990, Gaussian, Inc.),
 the Gaussian 88(TM) system (copyright 1988, Gaussian, Inc.),
 the Gaussian 86(TM) system (copyright 1986, Carnegie Mellon
 University), and the Gaussian 82(TM) system (copyright 1983,
 Carnegie Mellon University). Gaussian is a federally registered
 trademark of Gaussian, Inc.
  
 This software contains proprietary and confidential information,
 including trade secrets, belonging to Gaussian, Inc.
  
 This software is provided under written license and may be
 used, copied, transmitted, or stored only in accord with that
 written license.
  
 The following legend is applicable only to US Government
 contracts under FAR:
  
                    RESTRICTED RIGHTS LEGEND
  
 Use, reproduction and disclosure by the US Government is
 subject to restrictions as set forth in subparagraphs (a)
 and (c) of the Commercial Computer Software - Restricted
 Rights clause in FAR 52.227-19.
  
 Gaussian, Inc.
 340 Quinnipiac St., Bldg. 40, Wallingford CT 06492
  
  
 ---------------------------------------------------------------
 Warning -- This program may not be used in any manner that
 competes with the business of Gaussian, Inc. or will provide
 assistance to any competitor of Gaussian, Inc.  The licensee
 of this program is prohibited from giving any competitor of
 Gaussian, Inc. access to this program.  By using this program,
 the user acknowledges that Gaussian, Inc. is engaged in the
 business of creating and licensing software in the field of
 computational chemistry and represents and warrants to the
 licensee that it is not a competitor of Gaussian, Inc. and that
 it will not use this program in any manner prohibited above.
 ---------------------------------------------------------------
  

 Cite this work as:
 Gaussian 09, Revision E.01,
 M. J. Frisch, G. W. Trucks, H. B. Schlegel, G. E. Scuseria, 
 M. A. Robb, J. R. Cheeseman, G. Scalmani, V. Barone, B. Mennucci, 
 G. A. Petersson, H. Nakatsuji, M. Caricato, X. Li, H. P. Hratchian, 
 A. F. Izmaylov, J. Bloino, G. Zheng, J. L. Sonnenberg, M. Hada, 
 M. Ehara, K. Toyota, R. Fukuda, J. Hasegawa, M. Ishida, T. Nakajima, 
 Y. Honda, O. Kitao, H. Nakai, T. Vreven, J. A. Montgomery, Jr., 
 J. E. Peralta, F. Ogliaro, M. Bearpark, J. J. Heyd, E. Brothers, 
 K. N. Kudin, V. N. Staroverov, T. Keith, R. Kobayashi, J. Normand, 
 K. Raghavachari, A. Rendell, J. C. Burant, S. S. Iyengar, J. Tomasi, 
 M. Cossi, N. Rega, J. M. Millam, M. Klene, J. E. Knox, J. B. Cross, 
 V. Bakken, C. Adamo, J. Jaramillo, R. Gomperts, R. E. Stratmann, 
 O. Yazyev, A. J. Austin, R. Cammi, C. Pomelli, J. W. Ochterski, 
 R. L. Martin, K. Morokuma, V. G. Zakrzewski, G. A. Voth, 
 P. Salvador, J. J. Dannenberg, S. Dapprich, A. D. Daniels, 
 O. Farkas, J. B. Foresman, J. V. Ortiz, J. Cioslowski, 
 and D. J. Fox, Gaussian, Inc., Wallingford CT, 2013.
 
 ******************************************
 Gaussian 09:  ES64L-G09RevE.01 30-Nov-2015
                17-Feb-2017 
 ******************************************
 %chk=h12.chk
 ----------------------------------------------------------------------
 #rhf/gen scf(symm,tight,novaracc,noincfock,fulldiag) stable(crhf) gues
 s=read geom=nocrowd test
 ----------------------------------------------------------------------
 1/38=1/1;
 2/12=1,17=6,18=5,40=1/2;
 3/5=7,16=1,25=1,30=1,116=1/1,2,3;
 4/5=1,9=4/1;
 5/5=100002,15=2,16=1,32=2,38=6/2;
 8/6=1,10=90,11=11/1,4;
 9/8=4,13=1/2;
 6/7=2,8=2,9=2,10=2,28=1/1;
 99/5=1,9=1/99;
 ----------------------------------------------------------------------
 hf stability analysis of h12 triangular lattice, y= 1.2509902265939778
 ----------------------------------------------------------------------
 Symbolic Z-matrix:
 Charge =  0 Multiplicity = 1
 H
 H                    1     1.33341 
 H                    1     1.33341  2     40.5 
 H                    2     1.33341  1     139.5    3     0.       0
 H                    2     1.33341  1     180.     3     0.       0
 H                    4     1.33341  3     180.     5     0.       0
 H                    6     1.33341  5     180.     3     0.       0
 H                    4     1.33341  2     180.     3     0.       0
 H                    3     1.33341  1     180.     4     0.       0
 H                    9     1.33341  3     180.     4     0.       0
 H                    8     1.33341  4     180.     3     0.       0
 H                    7     1.33341  6     180.     3     0.       0
 
                          Input orientation:                          
 ---------------------------------------------------------------------
 Center     Atomic      Atomic             Coordinates (Angstroms)
 Number     Number       Type             X           Y           Z
 ---------------------------------------------------------------------
      1          1           0        0.000000    0.000000    0.000000
      2          1           0        0.000000    0.000000    1.333406
      3          1           0        0.865978    0.000000    1.013930
      4          1           0        0.865978    0.000000    2.347336
      5          1           0        0.000000    0.000000    2.666813
      6          1           0        0.865978    0.000000    3.680743
      7          1           0        1.731956    0.000000    4.694673
      8          1           0        1.731956    0.000000    3.361266
      9          1           0        1.731956    0.000000    2.027860
     10          1           0        2.597934    0.000000    3.041790
     11          1           0        2.597934    0.000000    4.375197
     12          1           0        2.597934    0.000000    5.708603
 ---------------------------------------------------------------------
                    Distance matrix (angstroms):
                    1          2          3          4          5
     1  H    0.000000
     2  H    1.333406   0.000000
     3  H    1.333406   0.923029   0.000000
     4  H    2.501980   1.333406   1.333406   0.000000
     5  H    2.666813   1.333406   1.865995   0.923029   0.000000
     6  H    3.781241   2.501980   2.666813   1.333406   1.333406
     7  H    5.003961   3.781241   3.781241   2.501980   2.666813
     8  H    3.781241   2.666813   2.501980   1.333406   1.865995
     9  H    2.666813   1.865995   1.333406   0.923029   1.846059
    10  H    4.000219   3.109315   2.666813   1.865995   2.624856
    11  H    5.088380   4.000219   3.781241   2.666813   3.109315
    12  H    6.271954   5.088380   5.003961   3.781241   4.000219
                    6          7          8          9         10
     6  H    0.000000
     7  H    1.333406   0.000000
     8  H    0.923029   1.333406   0.000000
     9  H    1.865995   2.666813   1.333406   0.000000
    10  H    1.846059   1.865995   0.923029   1.333406   0.000000
    11  H    1.865995   0.923029   1.333406   2.501980   1.333406
    12  H    2.666813   1.333406   2.501980   3.781241   2.666813
                   11         12
    11  H    0.000000
    12  H    1.333406   0.000000
 Stoichiometry    H12
 Framework group  C2H[SGH(H12)]
 Deg. of freedom    11
 Full point group                 C2H     NOp   4
 Largest Abelian subgroup         C2H     NOp   4
 Largest concise Abelian subgroup C2      NOp   2
                         Standard orientation:                         
 ---------------------------------------------------------------------
 Center     Atomic      Atomic             Coordinates (Angstroms)
 Number     Number       Type             X           Y           Z
 ---------------------------------------------------------------------
      1          1           0        0.865978    3.014039    0.000000
      2          1           0        0.000000    2.000109    0.000000
      3          1           0        0.865978    1.680633    0.000000
      4          1           0        0.000000    0.666703    0.000000
      5          1           0       -0.865978    0.986179    0.000000
      6          1           0       -0.865978   -0.347227    0.000000
      7          1           0       -0.865978   -1.680633    0.000000
      8          1           0       -0.000000   -0.666703    0.000000
      9          1           0        0.865978    0.347227    0.000000
     10          1           0        0.865978   -0.986179    0.000000
     11          1           0       -0.000000   -2.000109    0.000000
     12          1           0       -0.865978   -3.014039    0.000000
 ---------------------------------------------------------------------
 Rotational constants (GHZ):    114.4293321     13.7343051     12.2625059
 General basis read from cards:  (5D, 7F)
 There are     6 symmetry adapted cartesian basis functions of AG  symmetry.
 There are     0 symmetry adapted cartesian basis functions of BG  symmetry.
 There are     0 symmetry adapted cartesian basis functions of AU  symmetry.
 There are     6 symmetry adapted cartesian basis functions of BU  symmetry.
 There are     6 symmetry adapted basis functions of AG  symmetry.
 There are     0 symmetry adapted basis functions of BG  symmetry.
 There are     0 symmetry adapted basis functions of AU  symmetry.
 There are     6 symmetry adapted basis functions of BU  symmetry.
    12 basis functions,   120 primitive gaussians,    12 cartesian basis functions
     6 alpha electrons        6 beta electrons
       nuclear repulsion energy        18.4205802979 Hartrees.
 NAtoms=   12 NActive=   12 NUniq=    6 SFac= 4.00D+00 NAtFMM=   60 NAOKFM=F Big=F
 Integral buffers will be    131072 words long.
 Regular integral format.
 Two-electron integral symmetry is turned on.
 One-electron integrals computed using PRISM.
 NBasis=    12 RedAO= T EigKep=  1.55D-01  NBF=     6     0     0     6
 NBsUse=    12 1.00D-06 EigRej= -1.00D+00 NBFU=     6     0     0     6
 Initial guess from the checkpoint file:  "h12.chk"
 B after Tr=    -0.000000   -0.000000    0.000000
         Rot=    0.984986   -0.000000   -0.000000   -0.172636 Ang= -19.88 deg.
 Initial guess orbital symmetries:
       Occupied  (AG) (BU) (BU) (AG) (AG) (AG)
       Virtual   (BU) (BU) (BU) (AG) (AG) (BU)
 Keep R1 ints in memory in symmetry-blocked form, NReq=900466.
 Requested convergence on RMS density matrix=1.00D-08 within 128 cycles.
 Requested convergence on MAX density matrix=1.00D-06.
 Requested convergence on             energy=1.00D-06.
 No special actions if energy rises.
 SCF Done:  E(RHF) =  -5.39682630237     A.U. after   13 cycles
            NFock= 13  Conv=0.53D-08     -V/T= 1.8178
 Range of M.O.s used for correlation:     1    12
 NBasis=    12 NAE=     6 NBE=     6 NFC=     0 NFV=     0
 NROrb=     12 NOA=     6 NOB=     6 NVA=     6 NVB=     6

 **** Warning!!: The smallest alpha delta epsilon is -0.91127679D-01

 Semi-Direct transformation.
 ModeAB=           4 MOrb=             6 LenV=     134087769
 LASXX=         2181 LTotXX=        2181 LenRXX=        5115
 LTotAB=        2934 MaxLAS=        3024 LenRXY=           0
 NonZer=        7296 LenScr=      655360 LnRSAI=        3024
 LnScr1=      655360 LExtra=           0 Total=      1318859
 MaxDsk=          -1 SrtSym=           T ITran=            3
 JobTyp=0 Pass  1:  I=   1 to   6.
 (rs|ai) integrals will be sorted in core.
 Spin components of T(2) and E(2):
     alpha-alpha T2 =       0.3184401308D-01 E2=     -0.2237185307D-01
     alpha-beta  T2 =       0.1222305659D+02 E2=     -0.4575499025D+00
     beta-beta   T2 =       0.3184401308D-01 E2=     -0.2237185307D-01
 ANorm=    0.3645098711D+01
 E2 =    -0.5022936086D+00 EUMP2 =    -0.58991199109819D+01
 Second order stability test of a single determinant RHF wave function:
 Stabil:  MDV=134217728
 ***********************************************************************
 Matrix         Lowest Root    Major Pairs
 ***********************************************************************
 Internal RHF    -0.208251     6A=7A 6A=8A 5A=7A 3A=7A
 RRHF --> CRHF   -0.284194     6A=7A
 RRHF --> RUHF   -0.6106812    6A=7B 6A=8B
 Not stable.
 ***********************************************************************

 **********************************************************************

            Population analysis using the SCF density.

 **********************************************************************

 Orbital symmetries:
       Occupied  (AG) (BU) (AG) (BU) (AG) (AG)
       Virtual   (BU) (BU) (BU) (AG) (AG) (BU)
 The electronic state is 1-AG.
 Alpha  occ. eigenvalues --   -0.94649  -0.77302  -0.56393  -0.53974  -0.30183
 Alpha  occ. eigenvalues --   -0.11605
 Alpha virt. eigenvalues --   -0.20717   0.08388   0.30028   0.31681   0.49845
 Alpha virt. eigenvalues --    0.60511
          Condensed to atoms (all electrons):
               1          2          3          4          5          6
     1  H    1.384771  -0.177615  -0.196399   0.005905   0.002026   0.001037
     2  H   -0.177615   0.822071   0.280677  -0.007910   0.185297  -0.058221
     3  H   -0.196399   0.280677   1.120487  -0.058402  -0.179202  -0.006784
     4  H    0.005905  -0.007910  -0.058402   0.587901   0.225854   0.139459
     5  H    0.002026   0.185297  -0.179202   0.225854   1.256533  -0.093449
     6  H    0.001037  -0.058221  -0.006784   0.139459  -0.093449   0.945014
     7  H   -0.001233   0.003463   0.011896  -0.028776  -0.042365   0.185403
     8  H    0.001362  -0.030756  -0.028776   0.054602  -0.037128   0.057820
     9  H    0.018239  -0.113712   0.185403   0.057820  -0.230537   0.052748
    10  H    0.001736   0.011458  -0.042365  -0.037128   0.043528  -0.230537
    11  H   -0.000826   0.007279   0.003463  -0.030756   0.011458  -0.113712
    12  H    0.000324  -0.000826  -0.001233   0.001362   0.001736   0.018239
               7          8          9         10         11         12
     1  H   -0.001233   0.001362   0.018239   0.001736  -0.000826   0.000324
     2  H    0.003463  -0.030756  -0.113712   0.011458   0.007279  -0.000826
     3  H    0.011896  -0.028776   0.185403  -0.042365   0.003463  -0.001233
     4  H   -0.028776   0.054602   0.057820  -0.037128  -0.030756   0.001362
     5  H   -0.042365  -0.037128  -0.230537   0.043528   0.011458   0.001736
     6  H    0.185403   0.057820   0.052748  -0.230537  -0.113712   0.018239
     7  H    1.120487  -0.058402  -0.006784  -0.179202   0.280677  -0.196399
     8  H   -0.058402   0.587901   0.139459   0.225854  -0.007910   0.005905
     9  H   -0.006784   0.139459   0.945014  -0.093449  -0.058221   0.001037
    10  H   -0.179202   0.225854  -0.093449   1.256533   0.185297   0.002026
    11  H    0.280677  -0.007910  -0.058221   0.185297   0.822071  -0.177615
    12  H   -0.196399   0.005905   0.001037   0.002026  -0.177615   1.384771
 Mulliken charges:
               1
     1  H   -0.039328
     2  H    0.078796
     3  H   -0.088765
     4  H    0.090068
     5  H   -0.143752
     6  H    0.102982
     7  H   -0.088765
     8  H    0.090068
     9  H    0.102982
    10  H   -0.143752
    11  H    0.078796
    12  H   -0.039328
 Sum of Mulliken charges =   0.00000
 Mulliken charges with hydrogens summed into heavy atoms:
               1
 Electronic spatial extent (au):  <R**2>=            188.5638
 Charge=              0.0000 electrons
 Dipole moment (field-independent basis, Debye):
    X=             -0.0000    Y=             -0.0000    Z=             -0.0000  Tot=              0.0000
 Quadrupole moment (field-independent basis, Debye-Ang):
   XX=            -19.2365   YY=            -22.8470   ZZ=            -15.1220
   XY=             -0.8818   XZ=             -0.0000   YZ=              0.0000
 Traceless Quadrupole moment (field-independent basis, Debye-Ang):
   XX=             -0.1680   YY=             -3.7785   ZZ=              3.9465
   XY=             -0.8818   XZ=             -0.0000   YZ=              0.0000
 Octapole moment (field-independent basis, Debye-Ang**2):
  XXX=              0.0000  YYY=             -0.0000  ZZZ=             -0.0000  XYY=              0.0000
  XXY=              0.0000  XXZ=             -0.0000  XZZ=              0.0000  YZZ=              0.0000
  YYZ=             -0.0000  XYZ=             -0.0000
 Hexadecapole moment (field-independent basis, Debye-Ang**3):
 XXXX=            -75.1898 YYYY=           -390.3507 ZZZZ=            -17.9219 XXXY=            -29.7804
 XXXZ=              0.0000 YYYX=            -58.3280 YYYZ=              0.0000 ZZZX=              0.0000
 ZZZY=              0.0000 XXYY=            -76.7696 XXZZ=            -15.0527 YYZZ=            -52.4233
 XXYZ=              0.0000 YYXZ=              0.0000 ZZXY=             -9.0458
 N-N= 1.842058029789D+01 E-N=-4.775149552978D+01  KE= 6.598805601211D+00
 Symmetry AG   KE= 4.836500784540D+00
 Symmetry BG   KE= 0.000000000000D+00
 Symmetry AU   KE= 0.000000000000D+00
 Symmetry BU   KE= 1.762304816671D+00

 Test job not archived.
 1\1\GINC-SULU\Stability\RHF\Gen\H12\LCJ1\17-Feb-2017\0\\#rhf/gen scf(s
 ymm,tight,novaracc,noincfock,fulldiag) stable(crhf) guess=read geom=no
 crowd test\\hf stability analysis of h12 triangular lattice, y= 1.2509
 902265939778\\0,1\H\H,1,1.3334062713\H,1,1.3334062713,2,40.5\H,2,1.333
 4062713,1,139.5,3,0.,0\H,2,1.3334062713,1,180.,3,0.,0\H,4,1.3334062713
 ,3,180.,5,0.,0\H,6,1.3334062713,5,180.,3,0.,0\H,4,1.3334062713,2,180.,
 3,0.,0\H,3,1.3334062713,1,180.,4,0.,0\H,9,1.3334062713,3,180.,4,0.,0\H
 ,8,1.3334062713,4,180.,3,0.,0\H,7,1.3334062713,6,180.,3,0.,0\\Version=
 ES64L-G09RevE.01\State=1-AG\HF=-5.3968263\MP2=-5.8991199\RMSD=5.317e-0
 9\Dipole=0.,0.,0.\Quadrupole=-0.6095963,2.9341077,-2.3245113,0.,-1.223
 0962,0.\PG=C02H [SGH(H12)]\\@


 COMMON SENSE IS NOT SO COMMON.   -- VOLTAIRE
 Job cpu time:       0 days  0 hours  0 minutes  1.0 seconds.
 File lengths (MBytes):  RWF=     84 Int=      0 D2E=      0 Chk=      2 Scr=      2
 Normal termination of Gaussian 09 at Fri Feb 17 15:07:21 2017.
