 Entering Gaussian System, Link 0=g09
 AtFile(1): H.gbs
            H     0
            S   10   1.00
               1000.000000000000            0.000068713567
                316.227766000000            0.000169141320
                100.000000000000            0.000823394812
                 31.622776600000            0.003425569236
                 10.000000000000            0.013951996000
                  3.162277660000            0.056909313560
                  1.000000000000            0.198286399900
                  0.316227766000            0.496922426700
                  0.100000000000            0.369846276400
                  0.031622776600            0.003752720039
            ****
 Initial command:
 /projects/guscus/apps/gau/g09-e1/g09/l1.exe "/users/lcj1/gaussian/h12/rhfstability/rect/guess/ag4bu2/Gau-21114.inp" -scrdir="/users/lcj1/gaussian/h12/rhfstability/rect/guess/ag4bu2/"
 Entering Link 1 = /projects/guscus/apps/gau/g09-e1/g09/l1.exe PID=     21115.
  
 Copyright (c) 1988,1990,1992,1993,1995,1998,2003,2009,2015,
            Gaussian, Inc.  All Rights Reserved.
  
 This is part of the Gaussian(R) 09 program.  It is based on
 the Gaussian(R) 03 system (copyright 2003, Gaussian, Inc.),
 the Gaussian(R) 98 system (copyright 1998, Gaussian, Inc.),
 the Gaussian(R) 94 system (copyright 1995, Gaussian, Inc.),
 the Gaussian 92(TM) system (copyright 1992, Gaussian, Inc.),
 the Gaussian 90(TM) system (copyright 1990, Gaussian, Inc.),
 the Gaussian 88(TM) system (copyright 1988, Gaussian, Inc.),
 the Gaussian 86(TM) system (copyright 1986, Carnegie Mellon
 University), and the Gaussian 82(TM) system (copyright 1983,
 Carnegie Mellon University). Gaussian is a federally registered
 trademark of Gaussian, Inc.
  
 This software contains proprietary and confidential information,
 including trade secrets, belonging to Gaussian, Inc.
  
 This software is provided under written license and may be
 used, copied, transmitted, or stored only in accord with that
 written license.
  
 The following legend is applicable only to US Government
 contracts under FAR:
  
                    RESTRICTED RIGHTS LEGEND
  
 Use, reproduction and disclosure by the US Government is
 subject to restrictions as set forth in subparagraphs (a)
 and (c) of the Commercial Computer Software - Restricted
 Rights clause in FAR 52.227-19.
  
 Gaussian, Inc.
 340 Quinnipiac St., Bldg. 40, Wallingford CT 06492
  
  
 ---------------------------------------------------------------
 Warning -- This program may not be used in any manner that
 competes with the business of Gaussian, Inc. or will provide
 assistance to any competitor of Gaussian, Inc.  The licensee
 of this program is prohibited from giving any competitor of
 Gaussian, Inc. access to this program.  By using this program,
 the user acknowledges that Gaussian, Inc. is engaged in the
 business of creating and licensing software in the field of
 computational chemistry and represents and warrants to the
 licensee that it is not a competitor of Gaussian, Inc. and that
 it will not use this program in any manner prohibited above.
 ---------------------------------------------------------------
  

 Cite this work as:
 Gaussian 09, Revision E.01,
 M. J. Frisch, G. W. Trucks, H. B. Schlegel, G. E. Scuseria, 
 M. A. Robb, J. R. Cheeseman, G. Scalmani, V. Barone, B. Mennucci, 
 G. A. Petersson, H. Nakatsuji, M. Caricato, X. Li, H. P. Hratchian, 
 A. F. Izmaylov, J. Bloino, G. Zheng, J. L. Sonnenberg, M. Hada, 
 M. Ehara, K. Toyota, R. Fukuda, J. Hasegawa, M. Ishida, T. Nakajima, 
 Y. Honda, O. Kitao, H. Nakai, T. Vreven, J. A. Montgomery, Jr., 
 J. E. Peralta, F. Ogliaro, M. Bearpark, J. J. Heyd, E. Brothers, 
 K. N. Kudin, V. N. Staroverov, T. Keith, R. Kobayashi, J. Normand, 
 K. Raghavachari, A. Rendell, J. C. Burant, S. S. Iyengar, J. Tomasi, 
 M. Cossi, N. Rega, J. M. Millam, M. Klene, J. E. Knox, J. B. Cross, 
 V. Bakken, C. Adamo, J. Jaramillo, R. Gomperts, R. E. Stratmann, 
 O. Yazyev, A. J. Austin, R. Cammi, C. Pomelli, J. W. Ochterski, 
 R. L. Martin, K. Morokuma, V. G. Zakrzewski, G. A. Voth, 
 P. Salvador, J. J. Dannenberg, S. Dapprich, A. D. Daniels, 
 O. Farkas, J. B. Foresman, J. V. Ortiz, J. Cioslowski, 
 and D. J. Fox, Gaussian, Inc., Wallingford CT, 2013.
 
 ******************************************
 Gaussian 09:  ES64L-G09RevE.01 30-Nov-2015
                17-Feb-2017 
 ******************************************
 %chk=h12.chk
 ----------------------------------------------------------------------
 #rhf/gen scf(symm,tight,novaracc,noincfock,fulldiag) stable(crhf) gues
 s=read geom=nocrowd test
 ----------------------------------------------------------------------
 1/38=1/1;
 2/12=1,17=6,18=5,40=1/2;
 3/5=7,16=1,25=1,30=1,116=1/1,2,3;
 4/5=1,9=4/1;
 5/5=100002,15=2,16=1,32=2,38=6/2;
 8/6=1,10=90,11=11/1,4;
 9/8=4,13=1/2;
 6/7=2,8=2,9=2,10=2,28=1/1;
 99/5=1,9=1/99;
 ----------------------------------------------------------------------
 hf stability analysis of h12 triangular lattice, y= 0.5598889440700592
 9
 ----------------------------------------------------------------------
 Symbolic Z-matrix:
 Charge =  0 Multiplicity = 1
 H
 H                    1     1.17338 
 H                    1     1.17338  2     123. 
 H                    2     1.17338  1     57.      3     0.       0
 H                    2     1.17338  1     180.     3     0.       0
 H                    4     1.17338  3     180.     5     0.       0
 H                    6     1.17338  5     180.     3     0.       0
 H                    4     1.17338  2     180.     3     0.       0
 H                    3     1.17338  1     180.     4     0.       0
 H                    9     1.17338  3     180.     4     0.       0
 H                    8     1.17338  4     180.     3     0.       0
 H                    7     1.17338  6     180.     3     0.       0
 
                          Input orientation:                          
 ---------------------------------------------------------------------
 Center     Atomic      Atomic             Coordinates (Angstroms)
 Number     Number       Type             X           Y           Z
 ---------------------------------------------------------------------
      1          1           0        0.000000    0.000000    0.000000
      2          1           0        0.000000    0.000000    1.173381
      3          1           0        0.984080    0.000000   -0.639069
      4          1           0        0.984080    0.000000    0.534312
      5          1           0        0.000000    0.000000    2.346762
      6          1           0        0.984080    0.000000    1.707693
      7          1           0        1.968160    0.000000    1.068624
      8          1           0        1.968160    0.000000   -0.104757
      9          1           0        1.968160    0.000000   -1.278138
     10          1           0        2.952240    0.000000   -1.917207
     11          1           0        2.952240    0.000000   -0.743826
     12          1           0        2.952240    0.000000    0.429555
 ---------------------------------------------------------------------
                    Distance matrix (angstroms):
                    1          2          3          4          5
     1  H    0.000000
     2  H    1.173381   0.000000
     3  H    1.173381   2.062374   0.000000
     4  H    1.119778   1.173381   1.173381   0.000000
     5  H    2.346762   1.173381   3.143819   2.062374   0.000000
     6  H    1.970946   1.119778   2.346762   1.173381   1.173381
     7  H    2.239556   1.970946   1.970946   1.119778   2.346762
     8  H    1.970946   2.346762   1.119778   1.173381   3.143819
     9  H    2.346762   3.143819   1.173381   2.062374   4.124749
    10  H    3.520142   4.274044   2.346762   3.143819   5.186246
    11  H    3.044503   3.520142   1.970946   2.346762   4.274044
    12  H    2.983327   3.044503   2.239556   1.970946   3.520142
                    6          7          8          9         10
     6  H    0.000000
     7  H    1.173381   0.000000
     8  H    2.062374   1.173381   0.000000
     9  H    3.143819   2.346762   1.173381   0.000000
    10  H    4.124749   3.143819   2.062374   1.173381   0.000000
    11  H    3.143819   2.062374   1.173381   1.119778   1.173381
    12  H    2.346762   1.173381   1.119778   1.970946   2.346762
                   11         12
    11  H    0.000000
    12  H    1.173381   0.000000
 Stoichiometry    H12
 Framework group  C2H[SGH(H12)]
 Deg. of freedom    11
 Full point group                 C2H     NOp   4
 Largest Abelian subgroup         C2H     NOp   4
 Largest concise Abelian subgroup C2      NOp   2
                         Standard orientation:                         
 ---------------------------------------------------------------------
 Center     Atomic      Atomic             Coordinates (Angstroms)
 Number     Number       Type             X           Y           Z
 ---------------------------------------------------------------------
      1          1           0        0.984080    1.121002    0.000000
      2          1           0        0.000000    1.760071   -0.000000
      3          1           0        0.984080   -0.052379    0.000000
      4          1           0        0.000000    0.586690   -0.000000
      5          1           0       -0.984080    2.399140   -0.000000
      6          1           0       -0.984080    1.225759   -0.000000
      7          1           0       -0.984080    0.052379    0.000000
      8          1           0       -0.000000   -0.586690   -0.000000
      9          1           0        0.984080   -1.225759   -0.000000
     10          1           0        0.984080   -2.399140   -0.000000
     11          1           0       -0.000000   -1.760071   -0.000000
     12          1           0       -0.984080   -1.121002    0.000000
 ---------------------------------------------------------------------
 Rotational constants (GHZ):     79.4713311     19.7757813     15.8352987
 General basis read from cards:  (5D, 7F)
 There are     6 symmetry adapted cartesian basis functions of AG  symmetry.
 There are     0 symmetry adapted cartesian basis functions of BG  symmetry.
 There are     0 symmetry adapted cartesian basis functions of AU  symmetry.
 There are     6 symmetry adapted cartesian basis functions of BU  symmetry.
 There are     6 symmetry adapted basis functions of AG  symmetry.
 There are     0 symmetry adapted basis functions of BG  symmetry.
 There are     0 symmetry adapted basis functions of AU  symmetry.
 There are     6 symmetry adapted basis functions of BU  symmetry.
    12 basis functions,   120 primitive gaussians,    12 cartesian basis functions
     6 alpha electrons        6 beta electrons
       nuclear repulsion energy        19.4091236145 Hartrees.
 NAtoms=   12 NActive=   12 NUniq=    6 SFac= 4.00D+00 NAtFMM=   60 NAOKFM=F Big=F
 Integral buffers will be    131072 words long.
 Regular integral format.
 Two-electron integral symmetry is turned on.
 One-electron integrals computed using PRISM.
 NBasis=    12 RedAO= T EigKep=  1.84D-01  NBF=     6     0     0     6
 NBsUse=    12 1.00D-06 EigRej= -1.00D+00 NBFU=     6     0     0     6
 Initial guess from the checkpoint file:  "h12.chk"
 B after Tr=    -0.000000    0.000000   -0.000000
         Rot=    0.997590    0.000000    0.000000    0.069380 Ang=   7.96 deg.
 Initial guess orbital symmetries:
       Occupied  (AG) (BU) (BU) (AG) (AG) (AG)
       Virtual   (BU) (BU) (BU) (AG) (AG) (BU)
 Keep R1 ints in memory in symmetry-blocked form, NReq=903252.
 Requested convergence on RMS density matrix=1.00D-08 within 128 cycles.
 Requested convergence on MAX density matrix=1.00D-06.
 Requested convergence on             energy=1.00D-06.
 No special actions if energy rises.
 SCF Done:  E(RHF) =  -5.49771288150     A.U. after   13 cycles
            NFock= 13  Conv=0.85D-08     -V/T= 1.8239
 Range of M.O.s used for correlation:     1    12
 NBasis=    12 NAE=     6 NBE=     6 NFC=     0 NFV=     0
 NROrb=     12 NOA=     6 NOB=     6 NVA=     6 NVB=     6

 **** Warning!!: The smallest alpha delta epsilon is -0.38573349D-02

 Semi-Direct transformation.
 ModeAB=           4 MOrb=             6 LenV=     134084969
 LASXX=         2181 LTotXX=        2181 LenRXX=        5115
 LTotAB=        2934 MaxLAS=        3024 LenRXY=           0
 NonZer=        7296 LenScr=      655360 LnRSAI=        3024
 LnScr1=      655360 LExtra=           0 Total=      1318859
 MaxDsk=          -1 SrtSym=           T ITran=            3
 JobTyp=0 Pass  1:  I=   1 to   6.
 (rs|ai) integrals will be sorted in core.
 Spin components of T(2) and E(2):
     alpha-alpha T2 =       0.1257322988D-01 E2=     -0.1466789398D-01
     alpha-beta  T2 =       0.9958337910D+01 E2=     -0.5511161579D-01
     beta-beta   T2 =       0.1257322988D-01 E2=     -0.1466789398D-01
 ANorm=    0.3314134030D+01
 E2 =    -0.8444740375D-01 EUMP2 =    -0.55821602852503D+01
 Second order stability test of a single determinant RHF wave function:
 Stabil:  MDV=134217728
 ***********************************************************************
 Matrix         Lowest Root    Major Pairs
 ***********************************************************************
 Internal RHF    -0.2159002    6A=7A
 RRHF --> CRHF   -0.2598407    6A=7A
 RRHF --> RUHF   -0.342813     6A=7B
 Not stable.
 ***********************************************************************

 **********************************************************************

            Population analysis using the SCF density.

 **********************************************************************

 Orbital symmetries:
       Occupied  (AG) (BU) (BU) (AG) (AG) (AG)
       Virtual   (BU) (AG) (BU) (BU) (BU) (AG)
 The electronic state is 1-AG.
 Alpha  occ. eigenvalues --   -0.89082  -0.75211  -0.55929  -0.54457  -0.31167
 Alpha  occ. eigenvalues --   -0.09862
 Alpha virt. eigenvalues --   -0.10248   0.19874   0.22549   0.44847   0.54563
 Alpha virt. eigenvalues --    0.63054
          Condensed to atoms (all electrons):
               1          2          3          4          5          6
     1  H    1.372252   0.096054   0.374327  -0.410191   0.005310  -0.096748
     2  H    0.096054   1.100050  -0.120251   0.270584   0.050143  -0.165590
     3  H    0.374327  -0.120251   1.140410  -0.277033   0.000771   0.014632
     4  H   -0.410191   0.270584  -0.277033   1.542446  -0.081968  -0.102920
     5  H    0.005310   0.050143   0.000771  -0.081968   0.477628   0.262264
     6  H   -0.096748  -0.165590   0.014632  -0.102920   0.262264   0.899575
     7  H    0.034204  -0.184313   0.126225  -0.393293   0.024954   0.267527
     8  H   -0.217157   0.034263  -0.393293   0.719673  -0.023716  -0.050068
     9  H   -0.024576  -0.021338   0.267527  -0.050068   0.002056   0.017650
    10  H    0.002945  -0.000512   0.024954  -0.023716   0.000489   0.002056
    11  H   -0.006162   0.019071  -0.184313   0.034263  -0.000512  -0.021338
    12  H    0.056134  -0.006162   0.034204  -0.217157   0.002945  -0.024576
               7          8          9         10         11         12
     1  H    0.034204  -0.217157  -0.024576   0.002945  -0.006162   0.056134
     2  H   -0.184313   0.034263  -0.021338  -0.000512   0.019071  -0.006162
     3  H    0.126225  -0.393293   0.267527   0.024954  -0.184313   0.034204
     4  H   -0.393293   0.719673  -0.050068  -0.023716   0.034263  -0.217157
     5  H    0.024954  -0.023716   0.002056   0.000489  -0.000512   0.002945
     6  H    0.267527  -0.050068   0.017650   0.002056  -0.021338  -0.024576
     7  H    1.140410  -0.277033   0.014632   0.000771  -0.120251   0.374327
     8  H   -0.277033   1.542446  -0.102920  -0.081968   0.270584  -0.410191
     9  H    0.014632  -0.102920   0.899575   0.262264  -0.165590  -0.096748
    10  H    0.000771  -0.081968   0.262264   0.477628   0.050143   0.005310
    11  H   -0.120251   0.270584  -0.165590   0.050143   1.100050   0.096054
    12  H    0.374327  -0.410191  -0.096748   0.005310   0.096054   1.372252
 Mulliken charges:
               1
     1  H   -0.186393
     2  H   -0.072000
     3  H   -0.008160
     4  H   -0.010620
     5  H    0.279635
     6  H   -0.002462
     7  H   -0.008160
     8  H   -0.010620
     9  H   -0.002462
    10  H    0.279635
    11  H   -0.072000
    12  H   -0.186393
 Sum of Mulliken charges =  -0.00000
 Mulliken charges with hydrogens summed into heavy atoms:
               1
 Electronic spatial extent (au):  <R**2>=            142.9952
 Charge=             -0.0000 electrons
 Dipole moment (field-independent basis, Debye):
    X=             -0.0000    Y=              0.0000    Z=             -0.0000  Tot=              0.0000
 Quadrupole moment (field-independent basis, Debye-Ang):
   XX=            -20.5902   YY=             -4.4688   ZZ=            -15.1718
   XY=             -9.7262   XZ=             -0.0000   YZ=             -0.0000
 Traceless Quadrupole moment (field-independent basis, Debye-Ang):
   XX=             -7.1799   YY=              8.9415   ZZ=             -1.7615
   XY=             -9.7262   XZ=             -0.0000   YZ=             -0.0000
 Octapole moment (field-independent basis, Debye-Ang**2):
  XXX=             -0.0000  YYY=              0.0000  ZZZ=              0.0000  XYY=             -0.0000
  XXY=             -0.0000  XXZ=             -0.0000  XZZ=             -0.0000  YZZ=             -0.0000
  YYZ=             -0.0000  XYZ=              0.0000
 Hexadecapole moment (field-independent basis, Debye-Ang**3):
 XXXX=           -102.4284 YYYY=           -101.3155 ZZZZ=            -18.0675 XXXY=              5.0260
 XXXZ=             -0.0000 YYYX=            -34.1743 YYYZ=             -0.0000 ZZZX=             -0.0000
 ZZZY=              0.0000 XXYY=            -38.6069 XXZZ=            -18.3248 YYZZ=            -35.2114
 XXYZ=              0.0000 YYXZ=              0.0000 ZZXY=              4.3818
 N-N= 1.940912361448D+01 E-N=-5.017217467384D+01  KE= 6.672661203718D+00
 Symmetry AG   KE= 5.079895207483D+00
 Symmetry BG   KE= 0.000000000000D+00
 Symmetry AU   KE= 0.000000000000D+00
 Symmetry BU   KE= 1.592765996235D+00

 Test job not archived.
 1\1\GINC-SULU\Stability\RHF\Gen\H12\LCJ1\17-Feb-2017\0\\#rhf/gen scf(s
 ymm,tight,novaracc,noincfock,fulldiag) stable(crhf) guess=read geom=no
 crowd test\\hf stability analysis of h12 triangular lattice, y= 0.5598
 8894407005929\\0,1\H\H,1,1.1733808041\H,1,1.1733808041,2,123.\H,2,1.17
 33808041,1,57.,3,0.,0\H,2,1.1733808041,1,180.,3,0.,0\H,4,1.1733808041,
 3,180.,5,0.,0\H,6,1.1733808041,5,180.,3,0.,0\H,4,1.1733808041,2,180.,3
 ,0.,0\H,3,1.1733808041,1,180.,4,0.,0\H,9,1.1733808041,3,180.,4,0.,0\H,
 8,1.1733808041,4,180.,3,0.,0\H,7,1.1733808041,6,180.,3,0.,0\\Version=E
 S64L-G09RevE.01\State=1-AG\HF=-5.4977129\MP2=-5.5821603\RMSD=8.544e-09
 \Dipole=0.,0.,0.\Quadrupole=-3.513628,-1.3096607,4.8232887,0.,-8.41598
 5,0.\PG=C02H [SGH(H12)]\\@


            ARSENIC

 FOR SMELTER FUMES HAVE I BEEN NAMED,
    I AM AN EVIL POISONOUS SMOKE...
 BUT WHEN FROM POISON I AM FREED,
    THROUGH ART AND SLEIGHT OF HAND,
 THEN CAN I CURE BOTH MAN AND BEAST,
    FROM DIRE DISEASE OFTTIMES DIRECT THEM;
 BUT PREPARE ME CORRECTLY, AND TAKE GREAT CARE
    THAT YOU FAITHFULLY KEEP WATCHFUL GUARD OVER ME;
 FOR ELSE I AM POISON, AND POISON REMAIN,
    THAT PIERCES THE HEART OF MANY A ONE.

 ATTRIBUTED TO THE PROBABLY MYTHICAL 15TH
 CENTURY MONK, BASILIUS VALENTINUS
 Job cpu time:       0 days  0 hours  0 minutes  1.1 seconds.
 File lengths (MBytes):  RWF=     84 Int=      0 D2E=      0 Chk=      2 Scr=      2
 Normal termination of Gaussian 09 at Fri Feb 17 14:58:38 2017.
