 Entering Gaussian System, Link 0=g09
 AtFile(1): H.gbs
            H     0
            S   10   1.00
               1000.000000000000            0.000068713567
                316.227766000000            0.000169141320
                100.000000000000            0.000823394812
                 31.622776600000            0.003425569236
                 10.000000000000            0.013951996000
                  3.162277660000            0.056909313560
                  1.000000000000            0.198286399900
                  0.316227766000            0.496922426700
                  0.100000000000            0.369846276400
                  0.031622776600            0.003752720039
            ****
 Initial command:
 /projects/guscus/apps/gau/g09-e1/g09/l1.exe "/users/lcj1/gaussian/h12/rhfstability/rect/guess/ag4bu2/Gau-21728.inp" -scrdir="/users/lcj1/gaussian/h12/rhfstability/rect/guess/ag4bu2/"
 Entering Link 1 = /projects/guscus/apps/gau/g09-e1/g09/l1.exe PID=     21729.
  
 Copyright (c) 1988,1990,1992,1993,1995,1998,2003,2009,2015,
            Gaussian, Inc.  All Rights Reserved.
  
 This is part of the Gaussian(R) 09 program.  It is based on
 the Gaussian(R) 03 system (copyright 2003, Gaussian, Inc.),
 the Gaussian(R) 98 system (copyright 1998, Gaussian, Inc.),
 the Gaussian(R) 94 system (copyright 1995, Gaussian, Inc.),
 the Gaussian 92(TM) system (copyright 1992, Gaussian, Inc.),
 the Gaussian 90(TM) system (copyright 1990, Gaussian, Inc.),
 the Gaussian 88(TM) system (copyright 1988, Gaussian, Inc.),
 the Gaussian 86(TM) system (copyright 1986, Carnegie Mellon
 University), and the Gaussian 82(TM) system (copyright 1983,
 Carnegie Mellon University). Gaussian is a federally registered
 trademark of Gaussian, Inc.
  
 This software contains proprietary and confidential information,
 including trade secrets, belonging to Gaussian, Inc.
  
 This software is provided under written license and may be
 used, copied, transmitted, or stored only in accord with that
 written license.
  
 The following legend is applicable only to US Government
 contracts under FAR:
  
                    RESTRICTED RIGHTS LEGEND
  
 Use, reproduction and disclosure by the US Government is
 subject to restrictions as set forth in subparagraphs (a)
 and (c) of the Commercial Computer Software - Restricted
 Rights clause in FAR 52.227-19.
  
 Gaussian, Inc.
 340 Quinnipiac St., Bldg. 40, Wallingford CT 06492
  
  
 ---------------------------------------------------------------
 Warning -- This program may not be used in any manner that
 competes with the business of Gaussian, Inc. or will provide
 assistance to any competitor of Gaussian, Inc.  The licensee
 of this program is prohibited from giving any competitor of
 Gaussian, Inc. access to this program.  By using this program,
 the user acknowledges that Gaussian, Inc. is engaged in the
 business of creating and licensing software in the field of
 computational chemistry and represents and warrants to the
 licensee that it is not a competitor of Gaussian, Inc. and that
 it will not use this program in any manner prohibited above.
 ---------------------------------------------------------------
  

 Cite this work as:
 Gaussian 09, Revision E.01,
 M. J. Frisch, G. W. Trucks, H. B. Schlegel, G. E. Scuseria, 
 M. A. Robb, J. R. Cheeseman, G. Scalmani, V. Barone, B. Mennucci, 
 G. A. Petersson, H. Nakatsuji, M. Caricato, X. Li, H. P. Hratchian, 
 A. F. Izmaylov, J. Bloino, G. Zheng, J. L. Sonnenberg, M. Hada, 
 M. Ehara, K. Toyota, R. Fukuda, J. Hasegawa, M. Ishida, T. Nakajima, 
 Y. Honda, O. Kitao, H. Nakai, T. Vreven, J. A. Montgomery, Jr., 
 J. E. Peralta, F. Ogliaro, M. Bearpark, J. J. Heyd, E. Brothers, 
 K. N. Kudin, V. N. Staroverov, T. Keith, R. Kobayashi, J. Normand, 
 K. Raghavachari, A. Rendell, J. C. Burant, S. S. Iyengar, J. Tomasi, 
 M. Cossi, N. Rega, J. M. Millam, M. Klene, J. E. Knox, J. B. Cross, 
 V. Bakken, C. Adamo, J. Jaramillo, R. Gomperts, R. E. Stratmann, 
 O. Yazyev, A. J. Austin, R. Cammi, C. Pomelli, J. W. Ochterski, 
 R. L. Martin, K. Morokuma, V. G. Zakrzewski, G. A. Voth, 
 P. Salvador, J. J. Dannenberg, S. Dapprich, A. D. Daniels, 
 O. Farkas, J. B. Foresman, J. V. Ortiz, J. Cioslowski, 
 and D. J. Fox, Gaussian, Inc., Wallingford CT, 2013.
 
 ******************************************
 Gaussian 09:  ES64L-G09RevE.01 30-Nov-2015
                17-Feb-2017 
 ******************************************
 %chk=h12.chk
 ----------------------------------------------------------------------
 #rhf/gen scf(symm,tight,novaracc,noincfock,fulldiag) stable(crhf) gues
 s=read geom=nocrowd test
 ----------------------------------------------------------------------
 1/38=1/1;
 2/12=1,17=6,18=5,40=1/2;
 3/5=7,16=1,25=1,30=1,116=1/1,2,3;
 4/5=1,9=4/1;
 5/5=100002,15=2,16=1,32=2,38=6/2;
 8/6=1,10=90,11=11/1,4;
 9/8=4,13=1/2;
 6/7=2,8=2,9=2,10=2,28=1/1;
 99/5=1,9=1/99;
 ----------------------------------------------------------------------
 hf stability analysis of h12 triangular lattice, y= 0.5744413597680069
 2
 ----------------------------------------------------------------------
 Symbolic Z-matrix:
 Charge =  0 Multiplicity = 1
 H
 H                    1     1.15764 
 H                    1     1.15764  2     120.5 
 H                    2     1.15764  1     59.5     3     0.       0
 H                    2     1.15764  1     180.     3     0.       0
 H                    4     1.15764  3     180.     5     0.       0
 H                    6     1.15764  5     180.     3     0.       0
 H                    4     1.15764  2     180.     3     0.       0
 H                    3     1.15764  1     180.     4     0.       0
 H                    9     1.15764  3     180.     4     0.       0
 H                    8     1.15764  4     180.     3     0.       0
 H                    7     1.15764  6     180.     3     0.       0
 
                          Input orientation:                          
 ---------------------------------------------------------------------
 Center     Atomic      Atomic             Coordinates (Angstroms)
 Number     Number       Type             X           Y           Z
 ---------------------------------------------------------------------
      1          1           0        0.000000    0.000000    0.000000
      2          1           0        0.000000    0.000000    1.157643
      3          1           0        0.997459    0.000000   -0.587548
      4          1           0        0.997459    0.000000    0.570095
      5          1           0        0.000000    0.000000    2.315285
      6          1           0        0.997459    0.000000    1.727737
      7          1           0        1.994917    0.000000    1.140189
      8          1           0        1.994917    0.000000   -0.017453
      9          1           0        1.994917    0.000000   -1.175096
     10          1           0        2.992376    0.000000   -1.762644
     11          1           0        2.992376    0.000000   -0.605001
     12          1           0        2.992376    0.000000    0.552641
 ---------------------------------------------------------------------
                    Distance matrix (angstroms):
                    1          2          3          4          5
     1  H    0.000000
     2  H    1.157643   0.000000
     3  H    1.157643   2.010128   0.000000
     4  H    1.148883   1.157643   1.157643   0.000000
     5  H    2.315285   1.157643   3.069424   2.010128   0.000000
     6  H    1.994994   1.148883   2.315285   1.157643   1.157643
     7  H    2.297765   1.994994   1.994994   1.148883   2.315285
     8  H    1.994994   2.315285   1.148883   1.157643   3.069424
     9  H    2.315285   3.069424   1.157643   2.010128   4.020256
    10  H    3.472928   4.181194   2.315285   3.069424   5.058045
    11  H    3.052923   3.472928   1.994994   2.315285   4.181194
    12  H    3.042980   3.052923   2.297765   1.994994   3.472928
                    6          7          8          9         10
     6  H    0.000000
     7  H    1.157643   0.000000
     8  H    2.010128   1.157643   0.000000
     9  H    3.069424   2.315285   1.157643   0.000000
    10  H    4.020256   3.069424   2.010128   1.157643   0.000000
    11  H    3.069424   2.010128   1.157643   1.148883   1.157643
    12  H    2.315285   1.157643   1.148883   1.994994   2.315285
                   11         12
    11  H    0.000000
    12  H    1.157643   0.000000
 Stoichiometry    H12
 Framework group  C2H[SGH(H12)]
 Deg. of freedom    11
 Full point group                 C2H     NOp   4
 Largest Abelian subgroup         C2H     NOp   4
 Largest concise Abelian subgroup C2      NOp   2
                         Standard orientation:                         
 ---------------------------------------------------------------------
 Center     Atomic      Atomic             Coordinates (Angstroms)
 Number     Number       Type             X           Y           Z
 ---------------------------------------------------------------------
      1          1           0        0.997459    1.148916    0.000000
      2          1           0        0.000000    1.736464    0.000000
      3          1           0        0.997459   -0.008727    0.000000
      4          1           0        0.000000    0.578821    0.000000
      5          1           0       -0.997459    2.324012    0.000000
      6          1           0       -0.997459    1.166369    0.000000
      7          1           0       -0.997459    0.008727    0.000000
      8          1           0       -0.000000   -0.578821   -0.000000
      9          1           0        0.997459   -1.166369   -0.000000
     10          1           0        0.997459   -2.324012   -0.000000
     11          1           0       -0.000000   -1.736464   -0.000000
     12          1           0       -0.997459   -1.148916    0.000000
 ---------------------------------------------------------------------
 Rotational constants (GHZ):     75.8949448     20.7076725     16.2687897
 General basis read from cards:  (5D, 7F)
 There are     6 symmetry adapted cartesian basis functions of AG  symmetry.
 There are     0 symmetry adapted cartesian basis functions of BG  symmetry.
 There are     0 symmetry adapted cartesian basis functions of AU  symmetry.
 There are     6 symmetry adapted cartesian basis functions of BU  symmetry.
 There are     6 symmetry adapted basis functions of AG  symmetry.
 There are     0 symmetry adapted basis functions of BG  symmetry.
 There are     0 symmetry adapted basis functions of AU  symmetry.
 There are     6 symmetry adapted basis functions of BU  symmetry.
    12 basis functions,   120 primitive gaussians,    12 cartesian basis functions
     6 alpha electrons        6 beta electrons
       nuclear repulsion energy        19.5225742977 Hartrees.
 NAtoms=   12 NActive=   12 NUniq=    6 SFac= 4.00D+00 NAtFMM=   60 NAOKFM=F Big=F
 Integral buffers will be    131072 words long.
 Regular integral format.
 Two-electron integral symmetry is turned on.
 One-electron integrals computed using PRISM.
 NBasis=    12 RedAO= T EigKep=  1.81D-01  NBF=     6     0     0     6
 NBsUse=    12 1.00D-06 EigRej= -1.00D+00 NBFU=     6     0     0     6
 Initial guess from the checkpoint file:  "h12.chk"
 B after Tr=    -0.000000    0.000000    0.000000
         Rot=    0.998081   -0.000000    0.000000    0.061919 Ang=   7.10 deg.
 Initial guess orbital symmetries:
       Occupied  (AG) (BU) (BU) (AG) (AG) (AG)
       Virtual   (BU) (BU) (BU) (AG) (AG) (BU)
 Keep R1 ints in memory in symmetry-blocked form, NReq=903532.
 Requested convergence on RMS density matrix=1.00D-08 within 128 cycles.
 Requested convergence on MAX density matrix=1.00D-06.
 Requested convergence on             energy=1.00D-06.
 No special actions if energy rises.
 SCF Done:  E(RHF) =  -5.55784601265     A.U. after   12 cycles
            NFock= 12  Conv=0.16D-08     -V/T= 1.8379
 Range of M.O.s used for correlation:     1    12
 NBasis=    12 NAE=     6 NBE=     6 NFC=     0 NFV=     0
 NROrb=     12 NOA=     6 NOB=     6 NVA=     6 NVB=     6

 **** Warning!!: The smallest alpha delta epsilon is  0.35458664D-01

 Semi-Direct transformation.
 ModeAB=           4 MOrb=             6 LenV=     134084353
 LASXX=         2181 LTotXX=        2181 LenRXX=        5115
 LTotAB=        2934 MaxLAS=        3024 LenRXY=           0
 NonZer=        7296 LenScr=      655360 LnRSAI=        3024
 LnScr1=      655360 LExtra=           0 Total=      1318859
 MaxDsk=          -1 SrtSym=           T ITran=            3
 JobTyp=0 Pass  1:  I=   1 to   6.
 (rs|ai) integrals will be sorted in core.
 Spin components of T(2) and E(2):
     alpha-alpha T2 =       0.1199530785D-01 E2=     -0.1420338355D-01
     alpha-beta  T2 =       0.1951718652D+00 E2=     -0.1313912208D+00
     beta-beta   T2 =       0.1199530785D-01 E2=     -0.1420338355D-01
 ANorm=    0.1104156910D+01
 E2 =    -0.1597979879D+00 EUMP2 =    -0.57176440005029D+01
 Second order stability test of a single determinant RHF wave function:
 Stabil:  MDV=134217728
 ***********************************************************************
 Matrix         Lowest Root    Major Pairs
 ***********************************************************************
 Internal RHF    -0.182427     6A=7A
 RRHF --> CRHF   -0.2239883    6A=7A
 RRHF --> RUHF   -0.3034893    6A=7B
 Not stable.
 ***********************************************************************

 **********************************************************************

            Population analysis using the SCF density.

 **********************************************************************

 Orbital symmetries:
       Occupied  (AG) (BU) (BU) (AG) (AG) (AG)
       Virtual   (BU) (BU) (AG) (BU) (BU) (AG)
 The electronic state is 1-AG.
 Alpha  occ. eigenvalues --   -0.89543  -0.75325  -0.57262  -0.54057  -0.32553
 Alpha  occ. eigenvalues --   -0.12363
 Alpha virt. eigenvalues --   -0.08817   0.22029   0.22507   0.42977   0.58956
 Alpha virt. eigenvalues --    0.63924
          Condensed to atoms (all electrons):
               1          2          3          4          5          6
     1  H    1.300560   0.118106   0.366425  -0.389682  -0.005052  -0.080300
     2  H    0.118106   1.056019  -0.115662   0.247554   0.084343  -0.178503
     3  H    0.366425  -0.115662   1.094377  -0.280289  -0.003231   0.021783
     4  H   -0.389682   0.247554  -0.280289   1.564659  -0.069772  -0.149706
     5  H   -0.005052   0.084343  -0.003231  -0.069772   0.463831   0.264390
     6  H   -0.080300  -0.178503   0.021783  -0.149706   0.264390   0.930079
     7  H    0.031093  -0.165829   0.116166  -0.375515   0.013949   0.295555
     8  H   -0.204258   0.029030  -0.375515   0.747771  -0.022314  -0.071129
     9  H   -0.016689  -0.025165   0.295555  -0.071129   0.002378   0.021352
    10  H    0.000767  -0.000098   0.013949  -0.022314   0.000569   0.002378
    11  H   -0.003765   0.019026  -0.165829   0.029030  -0.000098  -0.025165
    12  H    0.048764  -0.003765   0.031093  -0.204258   0.000767  -0.016689
               7          8          9         10         11         12
     1  H    0.031093  -0.204258  -0.016689   0.000767  -0.003765   0.048764
     2  H   -0.165829   0.029030  -0.025165  -0.000098   0.019026  -0.003765
     3  H    0.116166  -0.375515   0.295555   0.013949  -0.165829   0.031093
     4  H   -0.375515   0.747771  -0.071129  -0.022314   0.029030  -0.204258
     5  H    0.013949  -0.022314   0.002378   0.000569  -0.000098   0.000767
     6  H    0.295555  -0.071129   0.021352   0.002378  -0.025165  -0.016689
     7  H    1.094377  -0.280289   0.021783  -0.003231  -0.115662   0.366425
     8  H   -0.280289   1.564659  -0.149706  -0.069772   0.247554  -0.389682
     9  H    0.021783  -0.149706   0.930079   0.264390  -0.178503  -0.080300
    10  H   -0.003231  -0.069772   0.264390   0.463831   0.084343  -0.005052
    11  H   -0.115662   0.247554  -0.178503   0.084343   1.056019   0.118106
    12  H    0.366425  -0.389682  -0.080300  -0.005052   0.118106   1.300560
 Mulliken charges:
               1
     1  H   -0.165969
     2  H   -0.065055
     3  H    0.001178
     4  H   -0.026349
     5  H    0.270240
     6  H   -0.014045
     7  H    0.001178
     8  H   -0.026349
     9  H   -0.014045
    10  H    0.270240
    11  H   -0.065055
    12  H   -0.165969
 Sum of Mulliken charges =  -0.00000
 Mulliken charges with hydrogens summed into heavy atoms:
               1
 Electronic spatial extent (au):  <R**2>=            140.8737
 Charge=             -0.0000 electrons
 Dipole moment (field-independent basis, Debye):
    X=             -0.0000    Y=              0.0000    Z=             -0.0000  Tot=              0.0000
 Quadrupole moment (field-independent basis, Debye-Ang):
   XX=            -20.4434   YY=             -5.8070   ZZ=            -15.1798
   XY=             -9.1152   XZ=             -0.0000   YZ=              0.0000
 Traceless Quadrupole moment (field-independent basis, Debye-Ang):
   XX=             -6.6333   YY=              8.0031   ZZ=             -1.3697
   XY=             -9.1152   XZ=             -0.0000   YZ=              0.0000
 Octapole moment (field-independent basis, Debye-Ang**2):
  XXX=             -0.0000  YYY=              0.0000  ZZZ=             -0.0000  XYY=             -0.0000
  XXY=             -0.0000  XXZ=             -0.0000  XZZ=              0.0000  YZZ=             -0.0000
  YYZ=             -0.0000  XYZ=             -0.0000
 Hexadecapole moment (field-independent basis, Debye-Ang**3):
 XXXX=           -104.0461 YYYY=           -110.3771 ZZZZ=            -18.0720 XXXY=              4.2851
 XXXZ=              0.0000 YYYX=            -31.1008 YYYZ=              0.0000 ZZZX=              0.0000
 ZZZY=             -0.0000 XXYY=            -38.3823 XXZZ=            -18.5774 YYZZ=            -34.2139
 XXYZ=             -0.0000 YYXZ=             -0.0000 ZZXY=              4.0653
 N-N= 1.952257429772D+01 E-N=-5.037159803211D+01  KE= 6.632815872588D+00
 Symmetry AG   KE= 5.048972870403D+00
 Symmetry BG   KE= 0.000000000000D+00
 Symmetry AU   KE= 0.000000000000D+00
 Symmetry BU   KE= 1.583843002184D+00

 Test job not archived.
 1\1\GINC-SULU\Stability\RHF\Gen\H12\LCJ1\17-Feb-2017\0\\#rhf/gen scf(s
 ymm,tight,novaracc,noincfock,fulldiag) stable(crhf) guess=read geom=no
 crowd test\\hf stability analysis of h12 triangular lattice, y= 0.5744
 4135976800692\\0,1\H\H,1,1.1576425633\H,1,1.1576425633,2,120.5\H,2,1.1
 576425633,1,59.5,3,0.,0\H,2,1.1576425633,1,180.,3,0.,0\H,4,1.157642563
 3,3,180.,5,0.,0\H,6,1.1576425633,5,180.,3,0.,0\H,4,1.1576425633,2,180.
 ,3,0.,0\H,3,1.1576425633,1,180.,4,0.,0\H,9,1.1576425633,3,180.,4,0.,0\
 H,8,1.1576425633,4,180.,3,0.,0\H,7,1.1576425633,6,180.,3,0.,0\\Version
 =ES64L-G09RevE.01\State=1-AG\HF=-5.557846\MP2=-5.717644\RMSD=1.645e-09
 \Dipole=0.,0.,0.\Quadrupole=-2.7802638,-1.0183603,3.7986241,0.,-8.0442
 58,0.\PG=C02H [SGH(H12)]\\@


 NEVER LOSE YOUR IGNORANCE, IT CAN'T BE REPLACED.
   -- ANDY CAPP
 Job cpu time:       0 days  0 hours  0 minutes  1.1 seconds.
 File lengths (MBytes):  RWF=     84 Int=      0 D2E=      0 Chk=      2 Scr=      2
 Normal termination of Gaussian 09 at Fri Feb 17 14:58:54 2017.
