 Entering Gaussian System, Link 0=g09
 AtFile(1): H.gbs
            H     0
            S   10   1.00
               1000.000000000000            0.000068713567
                316.227766000000            0.000169141320
                100.000000000000            0.000823394812
                 31.622776600000            0.003425569236
                 10.000000000000            0.013951996000
                  3.162277660000            0.056909313560
                  1.000000000000            0.198286399900
                  0.316227766000            0.496922426700
                  0.100000000000            0.369846276400
                  0.031622776600            0.003752720039
            ****
 Initial command:
 /projects/guscus/apps/gau/g09-e1/g09/l1.exe "/users/lcj1/gaussian/h12/rhfstability/rect/guess/ag4bu2/Gau-15719.inp" -scrdir="/users/lcj1/gaussian/h12/rhfstability/rect/guess/ag4bu2/"
 Entering Link 1 = /projects/guscus/apps/gau/g09-e1/g09/l1.exe PID=     15720.
  
 Copyright (c) 1988,1990,1992,1993,1995,1998,2003,2009,2015,
            Gaussian, Inc.  All Rights Reserved.
  
 This is part of the Gaussian(R) 09 program.  It is based on
 the Gaussian(R) 03 system (copyright 2003, Gaussian, Inc.),
 the Gaussian(R) 98 system (copyright 1998, Gaussian, Inc.),
 the Gaussian(R) 94 system (copyright 1995, Gaussian, Inc.),
 the Gaussian 92(TM) system (copyright 1992, Gaussian, Inc.),
 the Gaussian 90(TM) system (copyright 1990, Gaussian, Inc.),
 the Gaussian 88(TM) system (copyright 1988, Gaussian, Inc.),
 the Gaussian 86(TM) system (copyright 1986, Carnegie Mellon
 University), and the Gaussian 82(TM) system (copyright 1983,
 Carnegie Mellon University). Gaussian is a federally registered
 trademark of Gaussian, Inc.
  
 This software contains proprietary and confidential information,
 including trade secrets, belonging to Gaussian, Inc.
  
 This software is provided under written license and may be
 used, copied, transmitted, or stored only in accord with that
 written license.
  
 The following legend is applicable only to US Government
 contracts under FAR:
  
                    RESTRICTED RIGHTS LEGEND
  
 Use, reproduction and disclosure by the US Government is
 subject to restrictions as set forth in subparagraphs (a)
 and (c) of the Commercial Computer Software - Restricted
 Rights clause in FAR 52.227-19.
  
 Gaussian, Inc.
 340 Quinnipiac St., Bldg. 40, Wallingford CT 06492
  
  
 ---------------------------------------------------------------
 Warning -- This program may not be used in any manner that
 competes with the business of Gaussian, Inc. or will provide
 assistance to any competitor of Gaussian, Inc.  The licensee
 of this program is prohibited from giving any competitor of
 Gaussian, Inc. access to this program.  By using this program,
 the user acknowledges that Gaussian, Inc. is engaged in the
 business of creating and licensing software in the field of
 computational chemistry and represents and warrants to the
 licensee that it is not a competitor of Gaussian, Inc. and that
 it will not use this program in any manner prohibited above.
 ---------------------------------------------------------------
  

 Cite this work as:
 Gaussian 09, Revision E.01,
 M. J. Frisch, G. W. Trucks, H. B. Schlegel, G. E. Scuseria, 
 M. A. Robb, J. R. Cheeseman, G. Scalmani, V. Barone, B. Mennucci, 
 G. A. Petersson, H. Nakatsuji, M. Caricato, X. Li, H. P. Hratchian, 
 A. F. Izmaylov, J. Bloino, G. Zheng, J. L. Sonnenberg, M. Hada, 
 M. Ehara, K. Toyota, R. Fukuda, J. Hasegawa, M. Ishida, T. Nakajima, 
 Y. Honda, O. Kitao, H. Nakai, T. Vreven, J. A. Montgomery, Jr., 
 J. E. Peralta, F. Ogliaro, M. Bearpark, J. J. Heyd, E. Brothers, 
 K. N. Kudin, V. N. Staroverov, T. Keith, R. Kobayashi, J. Normand, 
 K. Raghavachari, A. Rendell, J. C. Burant, S. S. Iyengar, J. Tomasi, 
 M. Cossi, N. Rega, J. M. Millam, M. Klene, J. E. Knox, J. B. Cross, 
 V. Bakken, C. Adamo, J. Jaramillo, R. Gomperts, R. E. Stratmann, 
 O. Yazyev, A. J. Austin, R. Cammi, C. Pomelli, J. W. Ochterski, 
 R. L. Martin, K. Morokuma, V. G. Zakrzewski, G. A. Voth, 
 P. Salvador, J. J. Dannenberg, S. Dapprich, A. D. Daniels, 
 O. Farkas, J. B. Foresman, J. V. Ortiz, J. Cioslowski, 
 and D. J. Fox, Gaussian, Inc., Wallingford CT, 2013.
 
 ******************************************
 Gaussian 09:  ES64L-G09RevE.01 30-Nov-2015
                17-Feb-2017 
 ******************************************
 %chk=h12.chk
 ----------------------------------------------------------------------
 #rhf/gen scf(symm,tight,novaracc,noincfock,fulldiag) stable(crhf) gues
 s=read geom=nocrowd test
 ----------------------------------------------------------------------
 1/38=1/1;
 2/12=1,17=6,18=5,40=1/2;
 3/5=7,16=1,25=1,30=1,116=1/1,2,3;
 4/5=1,9=4/1;
 5/5=100002,15=2,16=1,32=2,38=6/2;
 8/6=1,10=90,11=11/1,4;
 9/8=4,13=1/2;
 6/7=2,8=2,9=2,10=2,28=1/1;
 99/5=1,9=1/99;
 ----------------------------------------------------------------------
 hf stability analysis of h12 triangular lattice, y= 0.4266589340790049
 6
 ----------------------------------------------------------------------
 Symbolic Z-matrix:
 Charge =  0 Multiplicity = 1
 H
 H                    1     1.41886 
 H                    1     1.41886  2     145. 
 H                    2     1.41886  1     35.      3     0.       0
 H                    2     1.41886  1     180.     3     0.       0
 H                    4     1.41886  3     180.     5     0.       0
 H                    6     1.41886  5     180.     3     0.       0
 H                    4     1.41886  2     180.     3     0.       0
 H                    3     1.41886  1     180.     4     0.       0
 H                    9     1.41886  3     180.     4     0.       0
 H                    8     1.41886  4     180.     3     0.       0
 H                    7     1.41886  6     180.     3     0.       0
 
                          Input orientation:                          
 ---------------------------------------------------------------------
 Center     Atomic      Atomic             Coordinates (Angstroms)
 Number     Number       Type             X           Y           Z
 ---------------------------------------------------------------------
      1          1           0        0.000000    0.000000    0.000000
      2          1           0        0.000000    0.000000    1.418858
      3          1           0        0.813824    0.000000   -1.162261
      4          1           0        0.813824    0.000000    0.256598
      5          1           0        0.000000    0.000000    2.837717
      6          1           0        0.813824    0.000000    1.675456
      7          1           0        1.627647    0.000000    0.513195
      8          1           0        1.627647    0.000000   -0.905663
      9          1           0        1.627647    0.000000   -2.324521
     10          1           0        2.441471    0.000000   -3.486782
     11          1           0        2.441471    0.000000   -2.067924
     12          1           0        2.441471    0.000000   -0.649065
 ---------------------------------------------------------------------
                    Distance matrix (angstroms):
                    1          2          3          4          5
     1  H    0.000000
     2  H    1.418858   0.000000
     3  H    1.418858   2.706378   0.000000
     4  H    0.853318   1.418858   1.418858   0.000000
     5  H    2.837717   1.418858   4.081927   2.706378   0.000000
     6  H    1.862649   0.853318   2.837717   1.418858   1.418858
     7  H    1.706636   1.862649   1.862649   0.853318   2.837717
     8  H    1.862649   2.837717   0.853318   1.418858   4.081927
     9  H    2.837717   4.081927   1.418858   2.706378   5.412757
    10  H    4.256575   5.479607   2.837717   4.081927   6.779385
    11  H    3.199545   4.256575   1.862649   2.837717   5.479607
    12  H    2.526275   3.199545   1.706636   1.862649   4.256575
                    6          7          8          9         10
     6  H    0.000000
     7  H    1.418858   0.000000
     8  H    2.706378   1.418858   0.000000
     9  H    4.081927   2.837717   1.418858   0.000000
    10  H    5.412757   4.081927   2.706378   1.418858   0.000000
    11  H    4.081927   2.706378   1.418858   0.853318   1.418858
    12  H    2.837717   1.418858   0.853318   1.862649   2.837717
                   11         12
    11  H    0.000000
    12  H    1.418858   0.000000
 Stoichiometry    H12
 Framework group  C2H[SGH(H12)]
 Deg. of freedom    11
 Full point group                 C2H     NOp   4
 Largest Abelian subgroup         C2H     NOp   4
 Largest concise Abelian subgroup C2      NOp   2
                         Standard orientation:                         
 ---------------------------------------------------------------------
 Center     Atomic      Atomic             Coordinates (Angstroms)
 Number     Number       Type             X           Y           Z
 ---------------------------------------------------------------------
      1          1           0        0.813824    0.966027   -0.000000
      2          1           0        0.000000    2.128287    0.000000
      3          1           0        0.813824   -0.452832   -0.000000
      4          1           0        0.000000    0.709429    0.000000
      5          1           0       -0.813824    3.290548    0.000000
      6          1           0       -0.813824    1.871690    0.000000
      7          1           0       -0.813824    0.452832   -0.000000
      8          1           0       -0.000000   -0.709429    0.000000
      9          1           0        0.813824   -1.871690    0.000000
     10          1           0        0.813824   -3.290548    0.000000
     11          1           0       -0.000000   -2.128287    0.000000
     12          1           0       -0.813824   -0.966027   -0.000000
 ---------------------------------------------------------------------
 Rotational constants (GHZ):    133.3295006     11.7873965     10.8299427
 General basis read from cards:  (5D, 7F)
 There are     6 symmetry adapted cartesian basis functions of AG  symmetry.
 There are     0 symmetry adapted cartesian basis functions of BG  symmetry.
 There are     0 symmetry adapted cartesian basis functions of AU  symmetry.
 There are     6 symmetry adapted cartesian basis functions of BU  symmetry.
 There are     6 symmetry adapted basis functions of AG  symmetry.
 There are     0 symmetry adapted basis functions of BG  symmetry.
 There are     0 symmetry adapted basis functions of AU  symmetry.
 There are     6 symmetry adapted basis functions of BU  symmetry.
    12 basis functions,   120 primitive gaussians,    12 cartesian basis functions
     6 alpha electrons        6 beta electrons
       nuclear repulsion energy        17.9953914363 Hartrees.
 NAtoms=   12 NActive=   12 NUniq=    6 SFac= 4.00D+00 NAtFMM=   60 NAOKFM=F Big=F
 Integral buffers will be    131072 words long.
 Regular integral format.
 Two-electron integral symmetry is turned on.
 One-electron integrals computed using PRISM.
 NBasis=    12 RedAO= T EigKep=  1.33D-01  NBF=     6     0     0     6
 NBsUse=    12 1.00D-06 EigRej= -1.00D+00 NBFU=     6     0     0     6
 Initial guess from the checkpoint file:  "h12.chk"
 B after Tr=    -0.000000   -0.000000    0.000000
         Rot=    0.991082    0.000000    0.000000    0.133250 Ang=  15.31 deg.
 Initial guess orbital symmetries:
       Occupied  (AG) (BU) (BU) (AG) (AG) (AG)
       Virtual   (BU) (BU) (BU) (AG) (AG) (BU)
 Keep R1 ints in memory in symmetry-blocked form, NReq=899108.
 Requested convergence on RMS density matrix=1.00D-08 within 128 cycles.
 Requested convergence on MAX density matrix=1.00D-06.
 Requested convergence on             energy=1.00D-06.
 No special actions if energy rises.
 SCF Done:  E(RHF) =  -5.36065202483     A.U. after   16 cycles
            NFock= 16  Conv=0.29D-08     -V/T= 1.7963
 Range of M.O.s used for correlation:     1    12
 NBasis=    12 NAE=     6 NBE=     6 NFC=     0 NFV=     0
 NROrb=     12 NOA=     6 NOB=     6 NVA=     6 NVB=     6

 **** Warning!!: The smallest alpha delta epsilon is -0.10104916D+00

 Semi-Direct transformation.
 ModeAB=           4 MOrb=             6 LenV=     134088777
 LASXX=         2181 LTotXX=        2181 LenRXX=        5115
 LTotAB=        2934 MaxLAS=        3024 LenRXY=           0
 NonZer=        7296 LenScr=      655360 LnRSAI=        3024
 LnScr1=      655360 LExtra=           0 Total=      1318859
 MaxDsk=          -1 SrtSym=           T ITran=            3
 JobTyp=0 Pass  1:  I=   1 to   6.
 (rs|ai) integrals will be sorted in core.
 Spin components of T(2) and E(2):
     alpha-alpha T2 =       0.4580016089D-01 E2=     -0.1934272089D-01
     alpha-beta  T2 =       0.2115098276D+02 E2=     -0.9156839870D+00
     beta-beta   T2 =       0.4580016089D-01 E2=     -0.1934272089D-01
 ANorm=    0.4716204309D+01
 E2 =    -0.9543694287D+00 EUMP2 =    -0.63150214535599D+01
 Second order stability test of a single determinant RHF wave function:
 Stabil:  MDV=134217728
 ***********************************************************************
 Matrix         Lowest Root    Major Pairs
 ***********************************************************************
 Internal RHF    -0.257385     6A=7A 6A=8A 5A=7A
 RRHF --> CRHF   -0.2866236    6A=7A
 RRHF --> RUHF   -0.5454019    6A=8B 6A=7B
 Not stable.
 ***********************************************************************

 **********************************************************************

            Population analysis using the SCF density.

 **********************************************************************

 Orbital symmetries:
       Occupied  (AG) (BU) (AG) (BU) (AG) (AG)
       Virtual   (BU) (BU) (BU) (AG) (AG) (BU)
 The electronic state is 1-AG.
 Alpha  occ. eigenvalues --   -0.92698  -0.77688  -0.59066  -0.50931  -0.28015
 Alpha  occ. eigenvalues --   -0.12921
 Alpha virt. eigenvalues --   -0.23026   0.00209   0.34279   0.40584   0.49782
 Alpha virt. eigenvalues --    0.70169
          Condensed to atoms (all electrons):
               1          2          3          4          5          6
     1  H    1.352753   0.090461  -0.242594   0.426950  -0.005864  -0.174389
     2  H    0.090461   0.693976  -0.047711  -0.036195  -0.116150   0.349353
     3  H   -0.242594  -0.047711   0.884576   0.078087   0.000116   0.003758
     4  H    0.426950  -0.036195   0.078087   0.852999  -0.003843  -0.116659
     5  H   -0.005864  -0.116150   0.000116  -0.003843   1.334343  -0.119813
     6  H   -0.174389   0.349353   0.003758  -0.116659  -0.119813   1.012489
     7  H   -0.263090  -0.083177   0.175865   0.025646   0.010526   0.164549
     8  H   -0.071240  -0.011534   0.025646  -0.055355   0.001934  -0.010076
     9  H   -0.020692   0.001399   0.164549  -0.010076  -0.000556   0.004652
    10  H    0.001624  -0.000379   0.010526   0.001934   0.000122  -0.000556
    11  H    0.014766   0.003583  -0.083177  -0.011534  -0.000379   0.001399
    12  H    0.049582   0.014766  -0.263090  -0.071240   0.001624  -0.020692
               7          8          9         10         11         12
     1  H   -0.263090  -0.071240  -0.020692   0.001624   0.014766   0.049582
     2  H   -0.083177  -0.011534   0.001399  -0.000379   0.003583   0.014766
     3  H    0.175865   0.025646   0.164549   0.010526  -0.083177  -0.263090
     4  H    0.025646  -0.055355  -0.010076   0.001934  -0.011534  -0.071240
     5  H    0.010526   0.001934  -0.000556   0.000122  -0.000379   0.001624
     6  H    0.164549  -0.010076   0.004652  -0.000556   0.001399  -0.020692
     7  H    0.884576   0.078087   0.003758   0.000116  -0.047711  -0.242594
     8  H    0.078087   0.852999  -0.116659  -0.003843  -0.036195   0.426950
     9  H    0.003758  -0.116659   1.012489  -0.119813   0.349353  -0.174389
    10  H    0.000116  -0.003843  -0.119813   1.334343  -0.116150  -0.005864
    11  H   -0.047711  -0.036195   0.349353  -0.116150   0.693976   0.090461
    12  H   -0.242594   0.426950  -0.174389  -0.005864   0.090461   1.352753
 Mulliken charges:
               1
     1  H   -0.158267
     2  H    0.141609
     3  H    0.293450
     4  H   -0.080715
     5  H   -0.102062
     6  H   -0.094016
     7  H    0.293450
     8  H   -0.080715
     9  H   -0.094016
    10  H   -0.102062
    11  H    0.141609
    12  H   -0.158267
 Sum of Mulliken charges =  -0.00000
 Mulliken charges with hydrogens summed into heavy atoms:
               1
 Electronic spatial extent (au):  <R**2>=            211.0428
 Charge=             -0.0000 electrons
 Dipole moment (field-independent basis, Debye):
    X=             -0.0000    Y=             -0.0000    Z=             -0.0000  Tot=              0.0000
 Quadrupole moment (field-independent basis, Debye-Ang):
   XX=            -17.3347   YY=            -29.1122   ZZ=            -15.0117
   XY=              2.3881   XZ=             -0.0000   YZ=              0.0000
 Traceless Quadrupole moment (field-independent basis, Debye-Ang):
   XX=              3.1515   YY=             -8.6260   ZZ=              5.4746
   XY=              2.3881   XZ=             -0.0000   YZ=              0.0000
 Octapole moment (field-independent basis, Debye-Ang**2):
  XXX=              0.0000  YYY=              0.0000  ZZZ=             -0.0000  XYY=              0.0000
  XXY=              0.0000  XXZ=             -0.0000  XZZ=              0.0000  YZZ=              0.0000
  YYZ=             -0.0000  XYZ=              0.0000
 Hexadecapole moment (field-independent basis, Debye-Ang**3):
 XXXX=            -64.2219 YYYY=           -533.7787 ZZZZ=            -17.7280 XXXY=             34.1578
 XXXZ=             -0.0000 YYYX=             86.1149 YYYZ=              0.0000 ZZZX=             -0.0000
 ZZZY=              0.0000 XXYY=            -88.3784 XXZZ=            -13.4681 YYZZ=            -62.5056
 XXYZ=              0.0000 YYXZ=             -0.0000 ZZXY=             10.5251
 N-N= 1.799539143628D+01 E-N=-4.701762678903D+01  KE= 6.731935868674D+00
 Symmetry AG   KE= 4.777905718365D+00
 Symmetry BG   KE= 0.000000000000D+00
 Symmetry AU   KE= 0.000000000000D+00
 Symmetry BU   KE= 1.954030150309D+00

 Test job not archived.
 1\1\GINC-SULU\Stability\RHF\Gen\H12\LCJ1\17-Feb-2017\0\\#rhf/gen scf(s
 ymm,tight,novaracc,noincfock,fulldiag) stable(crhf) guess=read geom=no
 crowd test\\hf stability analysis of h12 triangular lattice, y= 0.4266
 5893407900496\\0,1\H\H,1,1.4188583103\H,1,1.4188583103,2,145.\H,2,1.41
 88583103,1,35.,3,0.,0\H,2,1.4188583103,1,180.,3,0.,0\H,4,1.4188583103,
 3,180.,5,0.,0\H,6,1.4188583103,5,180.,3,0.,0\H,4,1.4188583103,2,180.,3
 ,0.,0\H,3,1.4188583103,1,180.,4,0.,0\H,9,1.4188583103,3,180.,4,0.,0\H,
 8,1.4188583103,4,180.,3,0.,0\H,7,1.4188583103,6,180.,3,0.,0\\Version=E
 S64L-G09RevE.01\State=1-AG\HF=-5.360652\MP2=-6.3150215\RMSD=2.868e-09\
 Dipole=0.,0.,0.\Quadrupole=1.1307567,4.0701958,-5.2009525,0.,3.5068423
 ,0.\PG=C02H [SGH(H12)]\\@


 ONE THORN OF EXPERIENCE IS WORTH A WHOLE WILDERNESS OF
 WARNING....  LOWELL - AMONG MY BOOKS
 Job cpu time:       0 days  0 hours  0 minutes  1.0 seconds.
 File lengths (MBytes):  RWF=     84 Int=      0 D2E=      0 Chk=      2 Scr=      2
 Normal termination of Gaussian 09 at Fri Feb 17 14:56:24 2017.
