 Entering Gaussian System, Link 0=g09
 AtFile(1): H.gbs
            H     0
            S   10   1.00
               1000.000000000000            0.000068713567
                316.227766000000            0.000169141320
                100.000000000000            0.000823394812
                 31.622776600000            0.003425569236
                 10.000000000000            0.013951996000
                  3.162277660000            0.056909313560
                  1.000000000000            0.198286399900
                  0.316227766000            0.496922426700
                  0.100000000000            0.369846276400
                  0.031622776600            0.003752720039
            ****
 Initial command:
 /projects/guscus/apps/gau/g09-e1/g09/l1.exe "/users/lcj1/gaussian/h12/rhfstability/rect/guess/ag4bu2/Gau-16085.inp" -scrdir="/users/lcj1/gaussian/h12/rhfstability/rect/guess/ag4bu2/"
 Entering Link 1 = /projects/guscus/apps/gau/g09-e1/g09/l1.exe PID=     16086.
  
 Copyright (c) 1988,1990,1992,1993,1995,1998,2003,2009,2015,
            Gaussian, Inc.  All Rights Reserved.
  
 This is part of the Gaussian(R) 09 program.  It is based on
 the Gaussian(R) 03 system (copyright 2003, Gaussian, Inc.),
 the Gaussian(R) 98 system (copyright 1998, Gaussian, Inc.),
 the Gaussian(R) 94 system (copyright 1995, Gaussian, Inc.),
 the Gaussian 92(TM) system (copyright 1992, Gaussian, Inc.),
 the Gaussian 90(TM) system (copyright 1990, Gaussian, Inc.),
 the Gaussian 88(TM) system (copyright 1988, Gaussian, Inc.),
 the Gaussian 86(TM) system (copyright 1986, Carnegie Mellon
 University), and the Gaussian 82(TM) system (copyright 1983,
 Carnegie Mellon University). Gaussian is a federally registered
 trademark of Gaussian, Inc.
  
 This software contains proprietary and confidential information,
 including trade secrets, belonging to Gaussian, Inc.
  
 This software is provided under written license and may be
 used, copied, transmitted, or stored only in accord with that
 written license.
  
 The following legend is applicable only to US Government
 contracts under FAR:
  
                    RESTRICTED RIGHTS LEGEND
  
 Use, reproduction and disclosure by the US Government is
 subject to restrictions as set forth in subparagraphs (a)
 and (c) of the Commercial Computer Software - Restricted
 Rights clause in FAR 52.227-19.
  
 Gaussian, Inc.
 340 Quinnipiac St., Bldg. 40, Wallingford CT 06492
  
  
 ---------------------------------------------------------------
 Warning -- This program may not be used in any manner that
 competes with the business of Gaussian, Inc. or will provide
 assistance to any competitor of Gaussian, Inc.  The licensee
 of this program is prohibited from giving any competitor of
 Gaussian, Inc. access to this program.  By using this program,
 the user acknowledges that Gaussian, Inc. is engaged in the
 business of creating and licensing software in the field of
 computational chemistry and represents and warrants to the
 licensee that it is not a competitor of Gaussian, Inc. and that
 it will not use this program in any manner prohibited above.
 ---------------------------------------------------------------
  

 Cite this work as:
 Gaussian 09, Revision E.01,
 M. J. Frisch, G. W. Trucks, H. B. Schlegel, G. E. Scuseria, 
 M. A. Robb, J. R. Cheeseman, G. Scalmani, V. Barone, B. Mennucci, 
 G. A. Petersson, H. Nakatsuji, M. Caricato, X. Li, H. P. Hratchian, 
 A. F. Izmaylov, J. Bloino, G. Zheng, J. L. Sonnenberg, M. Hada, 
 M. Ehara, K. Toyota, R. Fukuda, J. Hasegawa, M. Ishida, T. Nakajima, 
 Y. Honda, O. Kitao, H. Nakai, T. Vreven, J. A. Montgomery, Jr., 
 J. E. Peralta, F. Ogliaro, M. Bearpark, J. J. Heyd, E. Brothers, 
 K. N. Kudin, V. N. Staroverov, T. Keith, R. Kobayashi, J. Normand, 
 K. Raghavachari, A. Rendell, J. C. Burant, S. S. Iyengar, J. Tomasi, 
 M. Cossi, N. Rega, J. M. Millam, M. Klene, J. E. Knox, J. B. Cross, 
 V. Bakken, C. Adamo, J. Jaramillo, R. Gomperts, R. E. Stratmann, 
 O. Yazyev, A. J. Austin, R. Cammi, C. Pomelli, J. W. Ochterski, 
 R. L. Martin, K. Morokuma, V. G. Zakrzewski, G. A. Voth, 
 P. Salvador, J. J. Dannenberg, S. Dapprich, A. D. Daniels, 
 O. Farkas, J. B. Foresman, J. V. Ortiz, J. Cioslowski, 
 and D. J. Fox, Gaussian, Inc., Wallingford CT, 2013.
 
 ******************************************
 Gaussian 09:  ES64L-G09RevE.01 30-Nov-2015
                17-Feb-2017 
 ******************************************
 %chk=h12.chk
 ----------------------------------------------------------------------
 #rhf/gen scf(symm,tight,novaracc,noincfock,fulldiag) stable(crhf) gues
 s=read geom=nocrowd test
 ----------------------------------------------------------------------
 1/38=1/1;
 2/12=1,17=6,18=5,40=1/2;
 3/5=7,16=1,25=1,30=1,116=1/1,2,3;
 4/5=1,9=4/1;
 5/5=100002,15=2,16=1,32=2,38=6/2;
 8/6=1,10=90,11=11/1,4;
 9/8=4,13=1/2;
 6/7=2,8=2,9=2,10=2,28=1/1;
 99/5=1,9=1/99;
 ----------------------------------------------------------------------
 hf stability analysis of h12 triangular lattice, y= 0.4363273688766223
 2
 ----------------------------------------------------------------------
 Symbolic Z-matrix:
 Charge =  0 Multiplicity = 1
 H
 H                    1     1.39329 
 H                    1     1.39329  2     143.5 
 H                    2     1.39329  1     36.5     3     0.       0
 H                    2     1.39329  1     180.     3     0.       0
 H                    4     1.39329  3     180.     5     0.       0
 H                    6     1.39329  5     180.     3     0.       0
 H                    4     1.39329  2     180.     3     0.       0
 H                    3     1.39329  1     180.     4     0.       0
 H                    9     1.39329  3     180.     4     0.       0
 H                    8     1.39329  4     180.     3     0.       0
 H                    7     1.39329  6     180.     3     0.       0
 
                          Input orientation:                          
 ---------------------------------------------------------------------
 Center     Atomic      Atomic             Coordinates (Angstroms)
 Number     Number       Type             X           Y           Z
 ---------------------------------------------------------------------
      1          1           0        0.000000    0.000000    0.000000
      2          1           0        0.000000    0.000000    1.393288
      3          1           0        0.828759    0.000000   -1.120004
      4          1           0        0.828759    0.000000    0.273284
      5          1           0        0.000000    0.000000    2.786576
      6          1           0        0.828759    0.000000    1.666572
      7          1           0        1.657519    0.000000    0.546568
      8          1           0        1.657519    0.000000   -0.846720
      9          1           0        1.657519    0.000000   -2.240008
     10          1           0        2.486278    0.000000   -3.360012
     11          1           0        2.486278    0.000000   -1.966724
     12          1           0        2.486278    0.000000   -0.573436
 ---------------------------------------------------------------------
                    Distance matrix (angstroms):
                    1          2          3          4          5
     1  H    0.000000
     2  H    1.393288   0.000000
     3  H    1.393288   2.646409   0.000000
     4  H    0.872655   1.393288   1.393288   0.000000
     5  H    2.786576   1.393288   3.993521   2.646409   0.000000
     6  H    1.861264   0.872655   2.786576   1.393288   1.393288
     7  H    1.745309   1.861264   1.861264   0.872655   2.786576
     8  H    1.861264   2.786576   0.872655   1.393288   3.993521
     9  H    2.786576   3.993521   1.393288   2.646409   5.292817
    10  H    4.179864   5.364275   2.786576   3.993521   6.630394
    11  H    3.170108   4.179864   1.861264   2.786576   5.364275
    12  H    2.551550   3.170108   1.745309   1.861264   4.179864
                    6          7          8          9         10
     6  H    0.000000
     7  H    1.393288   0.000000
     8  H    2.646409   1.393288   0.000000
     9  H    3.993521   2.786576   1.393288   0.000000
    10  H    5.292817   3.993521   2.646409   1.393288   0.000000
    11  H    3.993521   2.646409   1.393288   0.872655   1.393288
    12  H    2.786576   1.393288   0.872655   1.861264   2.786576
                   11         12
    11  H    0.000000
    12  H    1.393288   0.000000
 Stoichiometry    H12
 Framework group  C2H[SGH(H12)]
 Deg. of freedom    11
 Full point group                 C2H     NOp   4
 Largest Abelian subgroup         C2H     NOp   4
 Largest concise Abelian subgroup C2      NOp   2
                         Standard orientation:                         
 ---------------------------------------------------------------------
 Center     Atomic      Atomic             Coordinates (Angstroms)
 Number     Number       Type             X           Y           Z
 ---------------------------------------------------------------------
      1          1           0        0.828759    0.969928    0.000000
      2          1           0        0.000000    2.089932    0.000000
      3          1           0        0.828759   -0.423360   -0.000000
      4          1           0        0.000000    0.696644    0.000000
      5          1           0       -0.828759    3.209936    0.000000
      6          1           0       -0.828759    1.816648    0.000000
      7          1           0       -0.828759    0.423360   -0.000000
      8          1           0       -0.000000   -0.696644    0.000000
      9          1           0        0.828759   -1.816648    0.000000
     10          1           0        0.828759   -3.209936    0.000000
     11          1           0       -0.000000   -2.089932    0.000000
     12          1           0       -0.828759   -0.969928    0.000000
 ---------------------------------------------------------------------
 Rotational constants (GHZ):    127.6186194     12.3148777     11.2311042
 General basis read from cards:  (5D, 7F)
 There are     6 symmetry adapted cartesian basis functions of AG  symmetry.
 There are     0 symmetry adapted cartesian basis functions of BG  symmetry.
 There are     0 symmetry adapted cartesian basis functions of AU  symmetry.
 There are     6 symmetry adapted cartesian basis functions of BU  symmetry.
 There are     6 symmetry adapted basis functions of AG  symmetry.
 There are     0 symmetry adapted basis functions of BG  symmetry.
 There are     0 symmetry adapted basis functions of AU  symmetry.
 There are     6 symmetry adapted basis functions of BU  symmetry.
    12 basis functions,   120 primitive gaussians,    12 cartesian basis functions
     6 alpha electrons        6 beta electrons
       nuclear repulsion energy        18.1161186457 Hartrees.
 NAtoms=   12 NActive=   12 NUniq=    6 SFac= 4.00D+00 NAtFMM=   60 NAOKFM=F Big=F
 Integral buffers will be    131072 words long.
 Regular integral format.
 Two-electron integral symmetry is turned on.
 One-electron integrals computed using PRISM.
 NBasis=    12 RedAO= T EigKep=  1.39D-01  NBF=     6     0     0     6
 NBsUse=    12 1.00D-06 EigRej= -1.00D+00 NBFU=     6     0     0     6
 Initial guess from the checkpoint file:  "h12.chk"
 B after Tr=    -0.000000   -0.000000    0.000000
         Rot=    0.991641    0.000000    0.000000    0.129028 Ang=  14.83 deg.
 Initial guess orbital symmetries:
       Occupied  (AG) (BU) (BU) (AG) (AG) (AG)
       Virtual   (BU) (BU) (BU) (AG) (AG) (BU)
 Keep R1 ints in memory in symmetry-blocked form, NReq=899864.
 Requested convergence on RMS density matrix=1.00D-08 within 128 cycles.
 Requested convergence on MAX density matrix=1.00D-06.
 Requested convergence on             energy=1.00D-06.
 No special actions if energy rises.
 SCF Done:  E(RHF) =  -5.36873645284     A.U. after   15 cycles
            NFock= 15  Conv=0.26D-08     -V/T= 1.8092
 Range of M.O.s used for correlation:     1    12
 NBasis=    12 NAE=     6 NBE=     6 NFC=     0 NFV=     0
 NROrb=     12 NOA=     6 NOB=     6 NVA=     6 NVB=     6

 **** Warning!!: The smallest alpha delta epsilon is -0.93633011D-01

 Semi-Direct transformation.
 ModeAB=           4 MOrb=             6 LenV=     134088217
 LASXX=         2181 LTotXX=        2181 LenRXX=        5115
 LTotAB=        2934 MaxLAS=        3024 LenRXY=           0
 NonZer=        7296 LenScr=      655360 LnRSAI=        3024
 LnScr1=      655360 LExtra=           0 Total=      1318859
 MaxDsk=          -1 SrtSym=           T ITran=            3
 JobTyp=0 Pass  1:  I=   1 to   6.
 (rs|ai) integrals will be sorted in core.
 Spin components of T(2) and E(2):
     alpha-alpha T2 =       0.3718472246D-01 E2=     -0.2084146548D-01
     alpha-beta  T2 =       0.8138835183D+01 E2=     -0.6669183931D+00
     beta-beta   T2 =       0.3718472246D-01 E2=     -0.2084146548D-01
 ANorm=    0.3035326116D+01
 E2 =    -0.7086013241D+00 EUMP2 =    -0.60773377769268D+01
 Second order stability test of a single determinant RHF wave function:
 Stabil:  MDV=134217728
 ***********************************************************************
 Matrix         Lowest Root    Major Pairs
 ***********************************************************************
 Internal RHF    -0.2365145    6A=7A 6A=8A 5A=7A
 RRHF --> CRHF   -0.2830592    6A=7A
 RRHF --> RUHF   -0.5784487    6A=7B 6A=8B
 Not stable.
 ***********************************************************************

 **********************************************************************

            Population analysis using the SCF density.

 **********************************************************************

 Orbital symmetries:
       Occupied  (AG) (BU) (AG) (BU) (AG) (AG)
       Virtual   (BU) (BU) (BU) (AG) (AG) (BU)
 The electronic state is 1-AG.
 Alpha  occ. eigenvalues --   -0.93249  -0.77431  -0.58103  -0.51579  -0.28505
 Alpha  occ. eigenvalues --   -0.13354
 Alpha virt. eigenvalues --   -0.22717   0.01891   0.32496   0.38310   0.49116
 Alpha virt. eigenvalues --    0.67575
          Condensed to atoms (all electrons):
               1          2          3          4          5          6
     1  H    1.330428   0.137139  -0.164841   0.351686  -0.003492  -0.178091
     2  H    0.137139   0.729566  -0.051950  -0.010723  -0.139576   0.303849
     3  H   -0.164841  -0.051950   0.936834   0.118976   0.000028  -0.000090
     4  H    0.351686  -0.010723   0.118976   0.716474   0.000626  -0.090574
     5  H   -0.003492  -0.139576   0.000028   0.000626   1.338430  -0.145085
     6  H   -0.178091   0.303849  -0.000090  -0.090574  -0.145085   1.044448
     7  H   -0.271695  -0.095014   0.122445   0.000708   0.013622   0.192238
     8  H   -0.056273  -0.019564   0.000708  -0.001564   0.001648  -0.017666
     9  H   -0.027566   0.001915   0.192238  -0.017666  -0.000683   0.006561
    10  H    0.001599  -0.000456   0.013622   0.001648   0.000163  -0.000683
    11  H    0.013140   0.004723  -0.095014  -0.019564  -0.000456   0.001915
    12  H    0.043821   0.013140  -0.271695  -0.056273   0.001599  -0.027566
               7          8          9         10         11         12
     1  H   -0.271695  -0.056273  -0.027566   0.001599   0.013140   0.043821
     2  H   -0.095014  -0.019564   0.001915  -0.000456   0.004723   0.013140
     3  H    0.122445   0.000708   0.192238   0.013622  -0.095014  -0.271695
     4  H    0.000708  -0.001564  -0.017666   0.001648  -0.019564  -0.056273
     5  H    0.013622   0.001648  -0.000683   0.000163  -0.000456   0.001599
     6  H    0.192238  -0.017666   0.006561  -0.000683   0.001915  -0.027566
     7  H    0.936834   0.118976  -0.000090   0.000028  -0.051950  -0.164841
     8  H    0.118976   0.716474  -0.090574   0.000626  -0.010723   0.351686
     9  H   -0.000090  -0.090574   1.044448  -0.145085   0.303849  -0.178091
    10  H    0.000028   0.000626  -0.145085   1.338430  -0.139576  -0.003492
    11  H   -0.051950  -0.010723   0.303849  -0.139576   0.729566   0.137139
    12  H   -0.164841   0.351686  -0.178091  -0.003492   0.137139   1.330428
 Mulliken charges:
               1
     1  H   -0.175855
     2  H    0.126953
     3  H    0.198738
     4  H    0.006247
     5  H   -0.066826
     6  H   -0.089256
     7  H    0.198738
     8  H    0.006247
     9  H   -0.089256
    10  H   -0.066826
    11  H    0.126953
    12  H   -0.175855
 Sum of Mulliken charges =   0.00000
 Mulliken charges with hydrogens summed into heavy atoms:
               1
 Electronic spatial extent (au):  <R**2>=            202.8979
 Charge=              0.0000 electrons
 Dipole moment (field-independent basis, Debye):
    X=              0.0000    Y=             -0.0000    Z=             -0.0000  Tot=              0.0000
 Quadrupole moment (field-independent basis, Debye-Ang):
   XX=            -18.6024   YY=            -24.7414   ZZ=            -15.1035
   XY=              1.2509   XZ=             -0.0000   YZ=              0.0000
 Traceless Quadrupole moment (field-independent basis, Debye-Ang):
   XX=              0.8800   YY=             -5.2589   ZZ=              4.3789
   XY=              1.2509   XZ=             -0.0000   YZ=              0.0000
 Octapole moment (field-independent basis, Debye-Ang**2):
  XXX=              0.0000  YYY=              0.0000  ZZZ=             -0.0000  XYY=              0.0000
  XXY=             -0.0000  XXZ=             -0.0000  XZZ=              0.0000  YZZ=             -0.0000
  YYZ=             -0.0000  XYZ=              0.0000
 Hexadecapole moment (field-independent basis, Debye-Ang**3):
 XXXX=            -69.4299 YYYY=           -461.8209 ZZZZ=            -17.9021 XXXY=             32.0788
 XXXZ=             -0.0000 YYYX=             71.3694 YYYZ=              0.0000 ZZZX=             -0.0000
 ZZZY=              0.0000 XXYY=            -83.5847 XXZZ=            -14.2041 YYZZ=            -58.7375
 XXYZ=              0.0000 YYXZ=             -0.0000 ZZXY=              9.8852
 N-N= 1.811611864567D+01 E-N=-4.715981883839D+01  KE= 6.634532662883D+00
 Symmetry AG   KE= 4.783311673488D+00
 Symmetry BG   KE= 0.000000000000D+00
 Symmetry AU   KE= 0.000000000000D+00
 Symmetry BU   KE= 1.851220989395D+00

 Test job not archived.
 1\1\GINC-SULU\Stability\RHF\Gen\H12\LCJ1\17-Feb-2017\0\\#rhf/gen scf(s
 ymm,tight,novaracc,noincfock,fulldiag) stable(crhf) guess=read geom=no
 crowd test\\hf stability analysis of h12 triangular lattice, y= 0.4363
 2736887662232\\0,1\H\H,1,1.3932879474\H,1,1.3932879474,2,143.5\H,2,1.3
 932879474,1,36.5,3,0.,0\H,2,1.3932879474,1,180.,3,0.,0\H,4,1.393287947
 4,3,180.,5,0.,0\H,6,1.3932879474,5,180.,3,0.,0\H,4,1.3932879474,2,180.
 ,3,0.,0\H,3,1.3932879474,1,180.,4,0.,0\H,9,1.3932879474,3,180.,4,0.,0\
 H,8,1.3932879474,4,180.,3,0.,0\H,7,1.3932879474,6,180.,3,0.,0\\Version
 =ES64L-G09RevE.01\State=1-AG\HF=-5.3687365\MP2=-6.0773378\RMSD=2.606e-
 09\Dipole=0.,0.,0.\Quadrupole=-0.0711957,3.2556151,-3.1844194,0.,1.910
 4366,0.\PG=C02H [SGH(H12)]\\@


 A successful marriage requires falling in love
 many times, always with the same person.
                           -- Mignon McLaughlin
 Job cpu time:       0 days  0 hours  0 minutes  1.0 seconds.
 File lengths (MBytes):  RWF=     84 Int=      0 D2E=      0 Chk=      2 Scr=      2
 Normal termination of Gaussian 09 at Fri Feb 17 14:56:33 2017.
