 Entering Gaussian System, Link 0=g09
 AtFile(1): H.gbs
            H     0
            S   10   1.00
               1000.000000000000            0.000068713567
                316.227766000000            0.000169141320
                100.000000000000            0.000823394812
                 31.622776600000            0.003425569236
                 10.000000000000            0.013951996000
                  3.162277660000            0.056909313560
                  1.000000000000            0.198286399900
                  0.316227766000            0.496922426700
                  0.100000000000            0.369846276400
                  0.031622776600            0.003752720039
            ****
 Initial command:
 /projects/guscus/apps/gau/g09-e1/g09/l1.exe "/users/lcj1/gaussian/h12/rhfstability/rect/guess/ag4bu2/Gau-8627.inp" -scrdir="/users/lcj1/gaussian/h12/rhfstability/rect/guess/ag4bu2/"
 Entering Link 1 = /projects/guscus/apps/gau/g09-e1/g09/l1.exe PID=      8628.
  
 Copyright (c) 1988,1990,1992,1993,1995,1998,2003,2009,2015,
            Gaussian, Inc.  All Rights Reserved.
  
 This is part of the Gaussian(R) 09 program.  It is based on
 the Gaussian(R) 03 system (copyright 2003, Gaussian, Inc.),
 the Gaussian(R) 98 system (copyright 1998, Gaussian, Inc.),
 the Gaussian(R) 94 system (copyright 1995, Gaussian, Inc.),
 the Gaussian 92(TM) system (copyright 1992, Gaussian, Inc.),
 the Gaussian 90(TM) system (copyright 1990, Gaussian, Inc.),
 the Gaussian 88(TM) system (copyright 1988, Gaussian, Inc.),
 the Gaussian 86(TM) system (copyright 1986, Carnegie Mellon
 University), and the Gaussian 82(TM) system (copyright 1983,
 Carnegie Mellon University). Gaussian is a federally registered
 trademark of Gaussian, Inc.
  
 This software contains proprietary and confidential information,
 including trade secrets, belonging to Gaussian, Inc.
  
 This software is provided under written license and may be
 used, copied, transmitted, or stored only in accord with that
 written license.
  
 The following legend is applicable only to US Government
 contracts under FAR:
  
                    RESTRICTED RIGHTS LEGEND
  
 Use, reproduction and disclosure by the US Government is
 subject to restrictions as set forth in subparagraphs (a)
 and (c) of the Commercial Computer Software - Restricted
 Rights clause in FAR 52.227-19.
  
 Gaussian, Inc.
 340 Quinnipiac St., Bldg. 40, Wallingford CT 06492
  
  
 ---------------------------------------------------------------
 Warning -- This program may not be used in any manner that
 competes with the business of Gaussian, Inc. or will provide
 assistance to any competitor of Gaussian, Inc.  The licensee
 of this program is prohibited from giving any competitor of
 Gaussian, Inc. access to this program.  By using this program,
 the user acknowledges that Gaussian, Inc. is engaged in the
 business of creating and licensing software in the field of
 computational chemistry and represents and warrants to the
 licensee that it is not a competitor of Gaussian, Inc. and that
 it will not use this program in any manner prohibited above.
 ---------------------------------------------------------------
  

 Cite this work as:
 Gaussian 09, Revision E.01,
 M. J. Frisch, G. W. Trucks, H. B. Schlegel, G. E. Scuseria, 
 M. A. Robb, J. R. Cheeseman, G. Scalmani, V. Barone, B. Mennucci, 
 G. A. Petersson, H. Nakatsuji, M. Caricato, X. Li, H. P. Hratchian, 
 A. F. Izmaylov, J. Bloino, G. Zheng, J. L. Sonnenberg, M. Hada, 
 M. Ehara, K. Toyota, R. Fukuda, J. Hasegawa, M. Ishida, T. Nakajima, 
 Y. Honda, O. Kitao, H. Nakai, T. Vreven, J. A. Montgomery, Jr., 
 J. E. Peralta, F. Ogliaro, M. Bearpark, J. J. Heyd, E. Brothers, 
 K. N. Kudin, V. N. Staroverov, T. Keith, R. Kobayashi, J. Normand, 
 K. Raghavachari, A. Rendell, J. C. Burant, S. S. Iyengar, J. Tomasi, 
 M. Cossi, N. Rega, J. M. Millam, M. Klene, J. E. Knox, J. B. Cross, 
 V. Bakken, C. Adamo, J. Jaramillo, R. Gomperts, R. E. Stratmann, 
 O. Yazyev, A. J. Austin, R. Cammi, C. Pomelli, J. W. Ochterski, 
 R. L. Martin, K. Morokuma, V. G. Zakrzewski, G. A. Voth, 
 P. Salvador, J. J. Dannenberg, S. Dapprich, A. D. Daniels, 
 O. Farkas, J. B. Foresman, J. V. Ortiz, J. Cioslowski, 
 and D. J. Fox, Gaussian, Inc., Wallingford CT, 2013.
 
 ******************************************
 Gaussian 09:  ES64L-G09RevE.01 30-Nov-2015
                17-Feb-2017 
 ******************************************
 %chk=h12.chk
 ----------------------------------------------------------------------
 #rhf/gen scf(symm,tight,novaracc,noincfock,fulldiag) stable(crhf) gues
 s=read geom=nocrowd test
 ----------------------------------------------------------------------
 1/38=1/1;
 2/12=1,17=6,18=5,40=1/2;
 3/5=7,16=1,25=1,30=1,116=1/1,2,3;
 4/5=1,9=4/1;
 5/5=100002,15=2,16=1,32=2,38=6/2;
 8/6=1,10=90,11=11/1,4;
 9/8=4,13=1/2;
 6/7=2,8=2,9=2,10=2,28=1/1;
 99/5=1,9=1/99;
 ----------------------------------------------------------------------
 hf stability analysis of h12 triangular lattice, y= 1.2106565115415191
 ----------------------------------------------------------------------
 Symbolic Z-matrix:
 Charge =  0 Multiplicity = 1
 H
 H                    1     1.3012 
 H                    1     1.3012   2     43. 
 H                    2     1.3012   1     137.     3     0.       0
 H                    2     1.3012   1     180.     3     0.       0
 H                    4     1.3012   3     180.     5     0.       0
 H                    6     1.3012   5     180.     3     0.       0
 H                    4     1.3012   2     180.     3     0.       0
 H                    3     1.3012   1     180.     4     0.       0
 H                    9     1.3012   3     180.     4     0.       0
 H                    8     1.3012   4     180.     3     0.       0
 H                    7     1.3012   6     180.     3     0.       0
 
                          Input orientation:                          
 ---------------------------------------------------------------------
 Center     Atomic      Atomic             Coordinates (Angstroms)
 Number     Number       Type             X           Y           Z
 ---------------------------------------------------------------------
      1          1           0        0.000000    0.000000    0.000000
      2          1           0        0.000000    0.000000    1.301197
      3          1           0        0.887414    0.000000    0.951635
      4          1           0        0.887414    0.000000    2.252832
      5          1           0        0.000000    0.000000    2.602394
      6          1           0        0.887414    0.000000    3.554029
      7          1           0        1.774828    0.000000    4.505664
      8          1           0        1.774828    0.000000    3.204467
      9          1           0        1.774828    0.000000    1.903270
     10          1           0        2.662243    0.000000    2.854906
     11          1           0        2.662243    0.000000    4.156103
     12          1           0        2.662243    0.000000    5.457299
 ---------------------------------------------------------------------
                    Distance matrix (angstroms):
                    1          2          3          4          5
     1  H    0.000000
     2  H    1.301197   0.000000
     3  H    1.301197   0.953781   0.000000
     4  H    2.421313   1.301197   1.301197   0.000000
     5  H    2.602394   1.301197   1.874169   0.953781   0.000000
     6  H    3.663144   2.421313   2.602394   1.301197   1.301197
     7  H    4.842626   3.663144   3.663144   2.421313   2.602394
     8  H    3.663144   2.602394   2.421313   1.301197   1.874169
     9  H    2.602394   1.874169   1.301197   0.953781   1.907561
    10  H    3.903591   3.082458   2.602394   1.874169   2.674191
    11  H    4.935658   3.903591   3.663144   2.602394   3.082458
    12  H    6.072039   4.935658   4.842626   3.663144   3.903591
                    6          7          8          9         10
     6  H    0.000000
     7  H    1.301197   0.000000
     8  H    0.953781   1.301197   0.000000
     9  H    1.874169   2.602394   1.301197   0.000000
    10  H    1.907561   1.874169   0.953781   1.301197   0.000000
    11  H    1.874169   0.953781   1.301197   2.421313   1.301197
    12  H    2.602394   1.301197   2.421313   3.663144   2.602394
                   11         12
    11  H    0.000000
    12  H    1.301197   0.000000
 Stoichiometry    H12
 Framework group  C2H[SGH(H12)]
 Deg. of freedom    11
 Full point group                 C2H     NOp   4
 Largest Abelian subgroup         C2H     NOp   4
 Largest concise Abelian subgroup C2      NOp   2
                         Standard orientation:                         
 ---------------------------------------------------------------------
 Center     Atomic      Atomic             Coordinates (Angstroms)
 Number     Number       Type             X           Y           Z
 ---------------------------------------------------------------------
      1          1           0        0.887414    2.903431   -0.000000
      2          1           0        0.000000    1.951795   -0.000000
      3          1           0        0.887414    1.602234   -0.000000
      4          1           0        0.000000    0.650598   -0.000000
      5          1           0       -0.887414    1.000160   -0.000000
      6          1           0       -0.887414   -0.301037   -0.000000
      7          1           0       -0.887414   -1.602234    0.000000
      8          1           0       -0.000000   -0.650598   -0.000000
      9          1           0        0.887414    0.301037   -0.000000
     10          1           0        0.887414   -1.000160   -0.000000
     11          1           0       -0.000000   -1.951795   -0.000000
     12          1           0       -0.887414   -2.903431    0.000000
 ---------------------------------------------------------------------
 Rotational constants (GHZ):    107.4155692     14.6310949     12.8771024
 General basis read from cards:  (5D, 7F)
 There are     6 symmetry adapted cartesian basis functions of AG  symmetry.
 There are     0 symmetry adapted cartesian basis functions of BG  symmetry.
 There are     0 symmetry adapted cartesian basis functions of AU  symmetry.
 There are     6 symmetry adapted cartesian basis functions of BU  symmetry.
 There are     6 symmetry adapted basis functions of AG  symmetry.
 There are     0 symmetry adapted basis functions of BG  symmetry.
 There are     0 symmetry adapted basis functions of AU  symmetry.
 There are     6 symmetry adapted basis functions of BU  symmetry.
    12 basis functions,   120 primitive gaussians,    12 cartesian basis functions
     6 alpha electrons        6 beta electrons
       nuclear repulsion energy        18.5978474167 Hartrees.
 NAtoms=   12 NActive=   12 NUniq=    6 SFac= 4.00D+00 NAtFMM=   60 NAOKFM=F Big=F
 Integral buffers will be    131072 words long.
 Regular integral format.
 Two-electron integral symmetry is turned on.
 One-electron integrals computed using PRISM.
 NBasis=    12 RedAO= T EigKep=  1.64D-01  NBF=     6     0     0     6
 NBsUse=    12 1.00D-06 EigRej= -1.00D+00 NBFU=     6     0     0     6
 Initial guess from the checkpoint file:  "h12.chk"
 B after Tr=    -0.000000    0.000000    0.000000
         Rot=    0.986117    0.000000   -0.000000   -0.166053 Ang= -19.12 deg.
 Initial guess orbital symmetries:
       Occupied  (AG) (BU) (BU) (AG) (AG) (AG)
       Virtual   (BU) (BU) (BU) (AG) (AG) (BU)
 Keep R1 ints in memory in symmetry-blocked form, NReq=901432.
 Requested convergence on RMS density matrix=1.00D-08 within 128 cycles.
 Requested convergence on MAX density matrix=1.00D-06.
 Requested convergence on             energy=1.00D-06.
 No special actions if energy rises.
 SCF Done:  E(RHF) =  -5.40515433096     A.U. after   15 cycles
            NFock= 15  Conv=0.34D-08     -V/T= 1.8167
 Range of M.O.s used for correlation:     1    12
 NBasis=    12 NAE=     6 NBE=     6 NFC=     0 NFV=     0
 NROrb=     12 NOA=     6 NOB=     6 NVA=     6 NVB=     6

 **** Warning!!: The smallest alpha delta epsilon is -0.93444528D-01

 Semi-Direct transformation.
 ModeAB=           4 MOrb=             6 LenV=     134087027
 LASXX=         2181 LTotXX=        2181 LenRXX=        5115
 LTotAB=        2934 MaxLAS=        3024 LenRXY=           0
 NonZer=        7296 LenScr=      655360 LnRSAI=        3024
 LnScr1=      655360 LExtra=           0 Total=      1318859
 MaxDsk=          -1 SrtSym=           T ITran=            3
 JobTyp=0 Pass  1:  I=   1 to   6.
 (rs|ai) integrals will be sorted in core.
 Spin components of T(2) and E(2):
     alpha-alpha T2 =       0.3058923609D-01 E2=     -0.2278301314D-01
     alpha-beta  T2 =       0.2667459599D+01 E2=     -0.3607027761D+00
     beta-beta   T2 =       0.3058923609D-01 E2=     -0.2278301314D-01
 ANorm=    0.1930968169D+01
 E2 =    -0.4062688024D+00 EUMP2 =    -0.58114231333511D+01
 Second order stability test of a single determinant RHF wave function:
 Stabil:  MDV=134217728
 ***********************************************************************
 Matrix         Lowest Root    Major Pairs
 ***********************************************************************
 Internal RHF    -0.2013017    6A=7A 6A=8A 5A=7A 3A=7A
 RRHF --> CRHF   -0.2882832    6A=7A
 RRHF --> RUHF   -0.6197243    6A=7B 6A=8B 3A=7B 3A=8B
 Not stable.
 ***********************************************************************

 **********************************************************************

            Population analysis using the SCF density.

 **********************************************************************

 Orbital symmetries:
       Occupied  (AG) (BU) (AG) (BU) (AG) (AG)
       Virtual   (BU) (BU) (AG) (BU) (AG) (BU)
 The electronic state is 1-AG.
 Alpha  occ. eigenvalues --   -0.95450  -0.77306  -0.55598  -0.55497  -0.31208
 Alpha  occ. eigenvalues --   -0.09971
 Alpha virt. eigenvalues --   -0.19316   0.12850   0.27735   0.28871   0.50830
 Alpha virt. eigenvalues --    0.56502
          Condensed to atoms (all electrons):
               1          2          3          4          5          6
     1  H    1.422127  -0.199665  -0.222955   0.005766   0.005351   0.002213
     2  H   -0.199665   0.869329   0.285287  -0.012267   0.194867  -0.064074
     3  H   -0.222955   0.285287   1.170778  -0.046498  -0.180233  -0.012472
     4  H    0.005766  -0.012267  -0.046498   0.564080   0.184342   0.147041
     5  H    0.005351   0.194867  -0.180233   0.184342   1.218374  -0.069867
     6  H    0.002213  -0.064074  -0.012472   0.147041  -0.069867   0.919545
     7  H   -0.001747   0.004756   0.015755  -0.032544  -0.050627   0.165946
     8  H    0.001054  -0.035542  -0.032544   0.066092  -0.034353   0.084407
     9  H    0.022834  -0.119747   0.165946   0.084407  -0.199382   0.033596
    10  H    0.002094   0.010901  -0.050627  -0.034353   0.043381  -0.199382
    11  H   -0.001178   0.009051   0.004756  -0.035542   0.010901  -0.119747
    12  H    0.000477  -0.001178  -0.001747   0.001054   0.002094   0.022834
               7          8          9         10         11         12
     1  H   -0.001747   0.001054   0.022834   0.002094  -0.001178   0.000477
     2  H    0.004756  -0.035542  -0.119747   0.010901   0.009051  -0.001178
     3  H    0.015755  -0.032544   0.165946  -0.050627   0.004756  -0.001747
     4  H   -0.032544   0.066092   0.084407  -0.034353  -0.035542   0.001054
     5  H   -0.050627  -0.034353  -0.199382   0.043381   0.010901   0.002094
     6  H    0.165946   0.084407   0.033596  -0.199382  -0.119747   0.022834
     7  H    1.170778  -0.046498  -0.012472  -0.180233   0.285287  -0.222955
     8  H   -0.046498   0.564080   0.147041   0.184342  -0.012267   0.005766
     9  H   -0.012472   0.147041   0.919545  -0.069867  -0.064074   0.002213
    10  H   -0.180233   0.184342  -0.069867   1.218374   0.194867   0.005351
    11  H    0.285287  -0.012267  -0.064074   0.194867   0.869329  -0.199665
    12  H   -0.222955   0.005766   0.002213   0.005351  -0.199665   1.422127
 Mulliken charges:
               1
     1  H   -0.036370
     2  H    0.058282
     3  H   -0.095447
     4  H    0.108422
     5  H   -0.124848
     6  H    0.089961
     7  H   -0.095447
     8  H    0.108422
     9  H    0.089961
    10  H   -0.124848
    11  H    0.058282
    12  H   -0.036370
 Sum of Mulliken charges =  -0.00000
 Mulliken charges with hydrogens summed into heavy atoms:
               1
 Electronic spatial extent (au):  <R**2>=            181.8124
 Charge=             -0.0000 electrons
 Dipole moment (field-independent basis, Debye):
    X=             -0.0000    Y=             -0.0000    Z=              0.0000  Tot=              0.0000
 Quadrupole moment (field-independent basis, Debye-Ang):
   XX=            -19.1995   YY=            -23.2017   ZZ=            -15.0982
   XY=             -1.0845   XZ=              0.0000   YZ=              0.0000
 Traceless Quadrupole moment (field-independent basis, Debye-Ang):
   XX=             -0.0331   YY=             -4.0352   ZZ=              4.0683
   XY=             -1.0845   XZ=              0.0000   YZ=              0.0000
 Octapole moment (field-independent basis, Debye-Ang**2):
  XXX=              0.0000  YYY=             -0.0000  ZZZ=              0.0000  XYY=             -0.0000
  XXY=             -0.0000  XXZ=              0.0000  XZZ=             -0.0000  YZZ=             -0.0000
  YYZ=              0.0000  XYZ=             -0.0000
 Hexadecapole moment (field-independent basis, Debye-Ang**3):
 XXXX=            -77.4286 YYYY=           -367.0612 ZZZZ=            -17.8682 XXXY=            -29.0089
 XXXZ=              0.0000 YYYX=            -55.5622 YYYZ=              0.0000 ZZZX=              0.0000
 ZZZY=              0.0000 XXYY=            -74.3475 XXZZ=            -15.3974 YYZZ=            -49.4941
 XXYZ=              0.0000 YYXZ=              0.0000 ZZXY=             -8.6719
 N-N= 1.859784741666D+01 E-N=-4.812399331179D+01  KE= 6.618607020865D+00
 Symmetry AG   KE= 4.880766922821D+00
 Symmetry BG   KE= 0.000000000000D+00
 Symmetry AU   KE= 0.000000000000D+00
 Symmetry BU   KE= 1.737840098045D+00

 Test job not archived.
 1\1\GINC-SULU\Stability\RHF\Gen\H12\LCJ1\17-Feb-2017\0\\#rhf/gen scf(s
 ymm,tight,novaracc,noincfock,fulldiag) stable(crhf) guess=read geom=no
 crowd test\\hf stability analysis of h12 triangular lattice, y= 1.2106
 565115415191\\0,1\H\H,1,1.3011969435\H,1,1.3011969435,2,43.\H,2,1.3011
 969435,1,137.,3,0.,0\H,2,1.3011969435,1,180.,3,0.,0\H,4,1.3011969435,3
 ,180.,5,0.,0\H,6,1.3011969435,5,180.,3,0.,0\H,4,1.3011969435,2,180.,3,
 0.,0\H,3,1.3011969435,1,180.,4,0.,0\H,9,1.3011969435,3,180.,4,0.,0\H,8
 ,1.3011969435,4,180.,3,0.,0\H,7,1.3011969435,6,180.,3,0.,0\\Version=ES
 64L-G09RevE.01\State=1-AG\HF=-5.4051543\MP2=-5.8114231\RMSD=3.399e-09\
 Dipole=0.,0.,0.\Quadrupole=-0.6042594,3.0246828,-2.4204234,0.,-1.42789
 01,0.\PG=C02H [SGH(H12)]\\@


 WE THE UNWILLING
 LED BY THE UNQUALIFIED
 HAVE BEEN DOING THE UNBELIEVABLE SO LONG WITH SO LITTLE
 THAT WE NOW ATTEMPT THE IMPOSSIBLE WITH NOTHING.

                                    -- ANONYMOUS
 Job cpu time:       0 days  0 hours  0 minutes  1.0 seconds.
 File lengths (MBytes):  RWF=     84 Int=      0 D2E=      0 Chk=      2 Scr=      2
 Normal termination of Gaussian 09 at Fri Feb 17 15:07:05 2017.
