 Entering Gaussian System, Link 0=g09
 AtFile(1): H.gbs
            H     0
            S   10   1.00
               1000.000000000000            0.000068713567
                316.227766000000            0.000169141320
                100.000000000000            0.000823394812
                 31.622776600000            0.003425569236
                 10.000000000000            0.013951996000
                  3.162277660000            0.056909313560
                  1.000000000000            0.198286399900
                  0.316227766000            0.496922426700
                  0.100000000000            0.369846276400
                  0.031622776600            0.003752720039
            ****
 Initial command:
 /projects/guscus/apps/gau/g09-e1/g09/l1.exe "/users/lcj1/gaussian/h12/rhfstability/rect/guess/ag4bu2/Gau-23949.inp" -scrdir="/users/lcj1/gaussian/h12/rhfstability/rect/guess/ag4bu2/"
 Entering Link 1 = /projects/guscus/apps/gau/g09-e1/g09/l1.exe PID=     23950.
  
 Copyright (c) 1988,1990,1992,1993,1995,1998,2003,2009,2015,
            Gaussian, Inc.  All Rights Reserved.
  
 This is part of the Gaussian(R) 09 program.  It is based on
 the Gaussian(R) 03 system (copyright 2003, Gaussian, Inc.),
 the Gaussian(R) 98 system (copyright 1998, Gaussian, Inc.),
 the Gaussian(R) 94 system (copyright 1995, Gaussian, Inc.),
 the Gaussian 92(TM) system (copyright 1992, Gaussian, Inc.),
 the Gaussian 90(TM) system (copyright 1990, Gaussian, Inc.),
 the Gaussian 88(TM) system (copyright 1988, Gaussian, Inc.),
 the Gaussian 86(TM) system (copyright 1986, Carnegie Mellon
 University), and the Gaussian 82(TM) system (copyright 1983,
 Carnegie Mellon University). Gaussian is a federally registered
 trademark of Gaussian, Inc.
  
 This software contains proprietary and confidential information,
 including trade secrets, belonging to Gaussian, Inc.
  
 This software is provided under written license and may be
 used, copied, transmitted, or stored only in accord with that
 written license.
  
 The following legend is applicable only to US Government
 contracts under FAR:
  
                    RESTRICTED RIGHTS LEGEND
  
 Use, reproduction and disclosure by the US Government is
 subject to restrictions as set forth in subparagraphs (a)
 and (c) of the Commercial Computer Software - Restricted
 Rights clause in FAR 52.227-19.
  
 Gaussian, Inc.
 340 Quinnipiac St., Bldg. 40, Wallingford CT 06492
  
  
 ---------------------------------------------------------------
 Warning -- This program may not be used in any manner that
 competes with the business of Gaussian, Inc. or will provide
 assistance to any competitor of Gaussian, Inc.  The licensee
 of this program is prohibited from giving any competitor of
 Gaussian, Inc. access to this program.  By using this program,
 the user acknowledges that Gaussian, Inc. is engaged in the
 business of creating and licensing software in the field of
 computational chemistry and represents and warrants to the
 licensee that it is not a competitor of Gaussian, Inc. and that
 it will not use this program in any manner prohibited above.
 ---------------------------------------------------------------
  

 Cite this work as:
 Gaussian 09, Revision E.01,
 M. J. Frisch, G. W. Trucks, H. B. Schlegel, G. E. Scuseria, 
 M. A. Robb, J. R. Cheeseman, G. Scalmani, V. Barone, B. Mennucci, 
 G. A. Petersson, H. Nakatsuji, M. Caricato, X. Li, H. P. Hratchian, 
 A. F. Izmaylov, J. Bloino, G. Zheng, J. L. Sonnenberg, M. Hada, 
 M. Ehara, K. Toyota, R. Fukuda, J. Hasegawa, M. Ishida, T. Nakajima, 
 Y. Honda, O. Kitao, H. Nakai, T. Vreven, J. A. Montgomery, Jr., 
 J. E. Peralta, F. Ogliaro, M. Bearpark, J. J. Heyd, E. Brothers, 
 K. N. Kudin, V. N. Staroverov, T. Keith, R. Kobayashi, J. Normand, 
 K. Raghavachari, A. Rendell, J. C. Burant, S. S. Iyengar, J. Tomasi, 
 M. Cossi, N. Rega, J. M. Millam, M. Klene, J. E. Knox, J. B. Cross, 
 V. Bakken, C. Adamo, J. Jaramillo, R. Gomperts, R. E. Stratmann, 
 O. Yazyev, A. J. Austin, R. Cammi, C. Pomelli, J. W. Ochterski, 
 R. L. Martin, K. Morokuma, V. G. Zakrzewski, G. A. Voth, 
 P. Salvador, J. J. Dannenberg, S. Dapprich, A. D. Daniels, 
 O. Farkas, J. B. Foresman, J. V. Ortiz, J. Cioslowski, 
 and D. J. Fox, Gaussian, Inc., Wallingford CT, 2013.
 
 ******************************************
 Gaussian 09:  ES64L-G09RevE.01 30-Nov-2015
                17-Feb-2017 
 ******************************************
 %chk=h12.chk
 ----------------------------------------------------------------------
 #rhf/gen scf(symm,tight,novaracc,noincfock,fulldiag) stable(crhf) gues
 s=read geom=nocrowd test
 ----------------------------------------------------------------------
 1/38=1/1;
 2/12=1,17=6,18=5,40=1/2;
 3/5=7,16=1,25=1,30=1,116=1/1,2,3;
 4/5=1,9=4/1;
 5/5=100002,15=2,16=1,32=2,38=6/2;
 8/6=1,10=90,11=11/1,4;
 9/8=4,13=1/2;
 6/7=2,8=2,9=2,10=2,28=1/1;
 99/5=1,9=1/99;
 ----------------------------------------------------------------------
 hf stability analysis of h12 triangular lattice, y= 0.6269799200977310
 7
 ----------------------------------------------------------------------
 Symbolic Z-matrix:
 Charge =  0 Multiplicity = 1
 H
 H                    1     1.11403 
 H                    1     1.11403  2     111.5 
 H                    2     1.11403  1     68.5     3     0.       0
 H                    2     1.11403  1     180.     3     0.       0
 H                    4     1.11403  3     180.     5     0.       0
 H                    6     1.11403  5     180.     3     0.       0
 H                    4     1.11403  2     180.     3     0.       0
 H                    3     1.11403  1     180.     4     0.       0
 H                    9     1.11403  3     180.     4     0.       0
 H                    8     1.11403  4     180.     3     0.       0
 H                    7     1.11403  6     180.     3     0.       0
 
                          Input orientation:                          
 ---------------------------------------------------------------------
 Center     Atomic      Atomic             Coordinates (Angstroms)
 Number     Number       Type             X           Y           Z
 ---------------------------------------------------------------------
      1          1           0        0.000000    0.000000    0.000000
      2          1           0        0.000000    0.000000    1.114027
      3          1           0        1.036510    0.000000   -0.408292
      4          1           0        1.036510    0.000000    0.705735
      5          1           0        0.000000    0.000000    2.228054
      6          1           0        1.036510    0.000000    1.819762
      7          1           0        2.073021    0.000000    1.411470
      8          1           0        2.073021    0.000000    0.297442
      9          1           0        2.073021    0.000000   -0.816585
     10          1           0        3.109531    0.000000   -1.224877
     11          1           0        3.109531    0.000000   -0.110850
     12          1           0        3.109531    0.000000    1.003177
 ---------------------------------------------------------------------
                    Distance matrix (angstroms):
                    1          2          3          4          5
     1  H    0.000000
     2  H    1.114027   0.000000
     3  H    1.114027   1.841687   0.000000
     4  H    1.253960   1.114027   1.114027   0.000000
     5  H    2.228054   1.114027   2.832786   1.841687   0.000000
     6  H    2.094251   1.253960   2.228054   1.114027   1.114027
     7  H    2.507920   2.094251   2.094251   1.253960   2.228054
     8  H    2.094251   2.228054   1.253960   1.114027   2.832786
     9  H    2.228054   2.832786   1.114027   1.841687   3.683373
    10  H    3.342081   3.890971   2.228054   2.832786   4.646710
    11  H    3.111506   3.342081   2.094251   2.228054   3.890971
    12  H    3.267346   3.111506   2.507920   2.094251   3.342081
                    6          7          8          9         10
     6  H    0.000000
     7  H    1.114027   0.000000
     8  H    1.841687   1.114027   0.000000
     9  H    2.832786   2.228054   1.114027   0.000000
    10  H    3.683373   2.832786   1.841687   1.114027   0.000000
    11  H    2.832786   1.841687   1.114027   1.253960   1.114027
    12  H    2.228054   1.114027   1.253960   2.094251   2.228054
                   11         12
    11  H    0.000000
    12  H    1.114027   0.000000
 Stoichiometry    H12
 Framework group  C2H[SGH(H12)]
 Deg. of freedom    11
 Full point group                 C2H     NOp   4
 Largest Abelian subgroup         C2H     NOp   4
 Largest concise Abelian subgroup C2      NOp   2
                         Standard orientation:                         
 ---------------------------------------------------------------------
 Center     Atomic      Atomic             Coordinates (Angstroms)
 Number     Number       Type             X           Y           Z
 ---------------------------------------------------------------------
      1          1           0        1.036510    1.262748    0.000000
      2          1           0        0.000000    1.671041    0.000000
      3          1           0        1.036510    0.148721    0.000000
      4          1           0        0.000000    0.557014    0.000000
      5          1           0       -1.036510    2.079333   -0.000000
      6          1           0       -1.036510    0.965306   -0.000000
      7          1           0       -1.036510   -0.148721    0.000000
      8          1           0       -0.000000   -0.557014   -0.000000
      9          1           0        1.036510   -0.965306   -0.000000
     10          1           0        1.036510   -2.079333   -0.000000
     11          1           0       -0.000000   -1.671041   -0.000000
     12          1           0       -1.036510   -1.262748    0.000000
 ---------------------------------------------------------------------
 Rotational constants (GHZ):     65.4471123     24.0133995     17.5676130
 General basis read from cards:  (5D, 7F)
 There are     6 symmetry adapted cartesian basis functions of AG  symmetry.
 There are     0 symmetry adapted cartesian basis functions of BG  symmetry.
 There are     0 symmetry adapted cartesian basis functions of AU  symmetry.
 There are     6 symmetry adapted cartesian basis functions of BU  symmetry.
 There are     6 symmetry adapted basis functions of AG  symmetry.
 There are     0 symmetry adapted basis functions of BG  symmetry.
 There are     0 symmetry adapted basis functions of AU  symmetry.
 There are     6 symmetry adapted basis functions of BU  symmetry.
    12 basis functions,   120 primitive gaussians,    12 cartesian basis functions
     6 alpha electrons        6 beta electrons
       nuclear repulsion energy        19.8550458296 Hartrees.
 NAtoms=   12 NActive=   12 NUniq=    6 SFac= 4.00D+00 NAtFMM=   60 NAOKFM=F Big=F
 Integral buffers will be    131072 words long.
 Regular integral format.
 Two-electron integral symmetry is turned on.
 One-electron integrals computed using PRISM.
 NBasis=    12 RedAO= T EigKep=  1.44D-01  NBF=     6     0     0     6
 NBsUse=    12 1.00D-06 EigRej= -1.00D+00 NBFU=     6     0     0     6
 Initial guess from the checkpoint file:  "h12.chk"
 B after Tr=    -0.000000    0.000000   -0.000000
         Rot=    0.999392    0.000000    0.000000    0.034853 Ang=   3.99 deg.
 Initial guess orbital symmetries:
       Occupied  (AG) (BU) (BU) (AG) (AG) (AG)
       Virtual   (BU) (BU) (BU) (AG) (AG) (BU)
 Keep R1 ints in memory in symmetry-blocked form, NReq=903966.
 Requested convergence on RMS density matrix=1.00D-08 within 128 cycles.
 Requested convergence on MAX density matrix=1.00D-06.
 Requested convergence on             energy=1.00D-06.
 No special actions if energy rises.
 SCF Done:  E(RHF) =  -5.72093802504     A.U. after   10 cycles
            NFock= 10  Conv=0.53D-08     -V/T= 1.8785
 Range of M.O.s used for correlation:     1    12
 NBasis=    12 NAE=     6 NBE=     6 NFC=     0 NFV=     0
 NROrb=     12 NOA=     6 NOB=     6 NVA=     6 NVB=     6
 Semi-Direct transformation.
 ModeAB=           4 MOrb=             6 LenV=     134084199
 LASXX=         2181 LTotXX=        2181 LenRXX=        5115
 LTotAB=        2934 MaxLAS=        3024 LenRXY=           0
 NonZer=        7296 LenScr=      655360 LnRSAI=        3024
 LnScr1=      655360 LExtra=           0 Total=      1318859
 MaxDsk=          -1 SrtSym=           T ITran=            3
 JobTyp=0 Pass  1:  I=   1 to   6.
 (rs|ai) integrals will be sorted in core.
 Spin components of T(2) and E(2):
     alpha-alpha T2 =       0.1141871180D-01 E2=     -0.1386986494D-01
     alpha-beta  T2 =       0.9013951060D-01 E2=     -0.1170205662D+00
     beta-beta   T2 =       0.1141871180D-01 E2=     -0.1386986494D-01
 ANorm=    0.1054977220D+01
 E2 =    -0.1447602961D+00 EUMP2 =    -0.58656983211236D+01
 Second order stability test of a single determinant RHF wave function:
 Stabil:  MDV=134217728
 ***********************************************************************
 Matrix         Lowest Root    Major Pairs
 ***********************************************************************
 Internal RHF    -0.068117     6A=7A
 RRHF --> CRHF   -0.1059372    6A=7A
 RRHF --> RUHF   -0.1875639    6A=7B
 Not stable.
 ***********************************************************************

 **********************************************************************

            Population analysis using the SCF density.

 **********************************************************************

 Orbital symmetries:
       Occupied  (AG) (BU) (BU) (AG) (AG) (AG)
       Virtual   (BU) (BU) (AG) (BU) (AG) (BU)
 The electronic state is 1-AG.
 Alpha  occ. eigenvalues --   -0.91628  -0.75660  -0.61673  -0.52187  -0.36915
 Alpha  occ. eigenvalues --   -0.19848
 Alpha virt. eigenvalues --   -0.03872   0.20304   0.32454   0.33557   0.64984
 Alpha virt. eigenvalues --    0.76349
          Condensed to atoms (all electrons):
               1          2          3          4          5          6
     1  H    1.075223   0.143381   0.346651  -0.285450  -0.014892  -0.060047
     2  H    0.143381   0.996787  -0.119613   0.210163   0.121526  -0.169258
     3  H    0.346651  -0.119613   1.019509  -0.261563  -0.010539   0.024951
     4  H   -0.285450   0.210163  -0.261563   1.475046  -0.072891  -0.186643
     5  H   -0.014892   0.121526  -0.010539  -0.072891   0.512288   0.273494
     6  H   -0.060047  -0.169258   0.024951  -0.186643   0.273494   0.950799
     7  H    0.022866  -0.127523   0.093674  -0.301327   0.001787   0.308160
     8  H   -0.149340   0.018689  -0.301327   0.730019  -0.028923  -0.104708
     9  H   -0.013265  -0.036372   0.308160  -0.104708   0.003952   0.031957
    10  H   -0.001712   0.000507   0.001787  -0.028923   0.001324   0.003952
    11  H   -0.000343   0.021112  -0.127523   0.018689   0.000507  -0.036372
    12  H    0.028829  -0.000343   0.022866  -0.149340  -0.001712  -0.013265
               7          8          9         10         11         12
     1  H    0.022866  -0.149340  -0.013265  -0.001712  -0.000343   0.028829
     2  H   -0.127523   0.018689  -0.036372   0.000507   0.021112  -0.000343
     3  H    0.093674  -0.301327   0.308160   0.001787  -0.127523   0.022866
     4  H   -0.301327   0.730019  -0.104708  -0.028923   0.018689  -0.149340
     5  H    0.001787  -0.028923   0.003952   0.001324   0.000507  -0.001712
     6  H    0.308160  -0.104708   0.031957   0.003952  -0.036372  -0.013265
     7  H    1.019509  -0.261563   0.024951  -0.010539  -0.119613   0.346651
     8  H   -0.261563   1.475046  -0.186643  -0.072891   0.210163  -0.285450
     9  H    0.024951  -0.186643   0.950799   0.273494  -0.169258  -0.060047
    10  H   -0.010539  -0.072891   0.273494   0.512288   0.121526  -0.014892
    11  H   -0.119613   0.210163  -0.169258   0.121526   0.996787   0.143381
    12  H    0.346651  -0.285450  -0.060047  -0.014892   0.143381   1.075223
 Mulliken charges:
               1
     1  H   -0.091900
     2  H   -0.059056
     3  H    0.002967
     4  H   -0.043072
     5  H    0.214079
     6  H   -0.023019
     7  H    0.002967
     8  H   -0.043072
     9  H   -0.023019
    10  H    0.214079
    11  H   -0.059056
    12  H   -0.091900
 Sum of Mulliken charges =   0.00000
 Mulliken charges with hydrogens summed into heavy atoms:
               1
 Electronic spatial extent (au):  <R**2>=            135.9101
 Charge=              0.0000 electrons
 Dipole moment (field-independent basis, Debye):
    X=             -0.0000    Y=             -0.0000    Z=             -0.0000  Tot=              0.0000
 Quadrupole moment (field-independent basis, Debye-Ang):
   XX=            -19.9117   YY=            -10.5968   ZZ=            -15.1912
   XY=             -6.4531   XZ=             -0.0000   YZ=              0.0000
 Traceless Quadrupole moment (field-independent basis, Debye-Ang):
   XX=             -4.6784   YY=              4.6364   ZZ=              0.0420
   XY=             -6.4531   XZ=             -0.0000   YZ=              0.0000
 Octapole moment (field-independent basis, Debye-Ang**2):
  XXX=             -0.0000  YYY=             -0.0000  ZZZ=              0.0000  XYY=             -0.0000
  XXY=              0.0000  XXZ=             -0.0000  XZZ=             -0.0000  YZZ=             -0.0000
  YYZ=             -0.0000  XYZ=              0.0000
 Hexadecapole moment (field-independent basis, Debye-Ang**3):
 XXXX=           -107.9908 YYYY=           -138.4552 ZZZZ=            -18.0535 XXXY=              2.6698
 XXXZ=             -0.0000 YYYX=            -18.1587 YYYZ=             -0.0000 ZZZX=             -0.0000
 ZZZY=             -0.0000 XXYY=            -39.7098 XXZZ=            -19.2603 YYZZ=            -31.5720
 XXYZ=             -0.0000 YYXZ=             -0.0000 ZZXY=              2.9507
 N-N= 1.985504582963D+01 E-N=-5.090590440832D+01  KE= 6.512155943368D+00
 Symmetry AG   KE= 4.947307176004D+00
 Symmetry BG   KE= 0.000000000000D+00
 Symmetry AU   KE= 0.000000000000D+00
 Symmetry BU   KE= 1.564848767363D+00

 Test job not archived.
 1\1\GINC-SULU\Stability\RHF\Gen\H12\LCJ1\17-Feb-2017\0\\#rhf/gen scf(s
 ymm,tight,novaracc,noincfock,fulldiag) stable(crhf) guess=read geom=no
 crowd test\\hf stability analysis of h12 triangular lattice, y= 0.6269
 7992009773107\\0,1\H\H,1,1.1140270348\H,1,1.1140270348,2,111.5\H,2,1.1
 140270348,1,68.5,3,0.,0\H,2,1.1140270348,1,180.,3,0.,0\H,4,1.114027034
 8,3,180.,5,0.,0\H,6,1.1140270348,5,180.,3,0.,0\H,4,1.1140270348,2,180.
 ,3,0.,0\H,3,1.1140270348,1,180.,4,0.,0\H,9,1.1140270348,3,180.,4,0.,0\
 H,8,1.1140270348,4,180.,3,0.,0\H,7,1.1140270348,6,180.,3,0.,0\\Version
 =ES64L-G09RevE.01\State=1-AG\HF=-5.720938\MP2=-5.8656983\RMSD=5.275e-0
 9\Dipole=0.,0.,0.\Quadrupole=-0.755225,0.0312588,0.7239662,0.,-5.87036
 83,0.\PG=C02H [SGH(H12)]\\@


 A SCIENTIST IS SOMEONE WHOSE CURIOSITY SURVIVES
 EDUCATION'S ASSAULTS ON IT.
                          - SIR HERMANN BONDI
 Job cpu time:       0 days  0 hours  0 minutes  1.1 seconds.
 File lengths (MBytes):  RWF=     84 Int=      0 D2E=      0 Chk=      2 Scr=      2
 Normal termination of Gaussian 09 at Fri Feb 17 14:59:49 2017.
