 Entering Gaussian System, Link 0=g09
 AtFile(1): H.gbs
            H     0
            S   10   1.00
               1000.000000000000            0.000068713567
                316.227766000000            0.000169141320
                100.000000000000            0.000823394812
                 31.622776600000            0.003425569236
                 10.000000000000            0.013951996000
                  3.162277660000            0.056909313560
                  1.000000000000            0.198286399900
                  0.316227766000            0.496922426700
                  0.100000000000            0.369846276400
                  0.031622776600            0.003752720039
            ****
 Initial command:
 /projects/guscus/apps/gau/g09-e1/g09/l1.exe "/users/lcj1/gaussian/h12/rhfstability/rect/guess/ag4bu2/Gau-21236.inp" -scrdir="/users/lcj1/gaussian/h12/rhfstability/rect/guess/ag4bu2/"
 Entering Link 1 = /projects/guscus/apps/gau/g09-e1/g09/l1.exe PID=     21237.
  
 Copyright (c) 1988,1990,1992,1993,1995,1998,2003,2009,2015,
            Gaussian, Inc.  All Rights Reserved.
  
 This is part of the Gaussian(R) 09 program.  It is based on
 the Gaussian(R) 03 system (copyright 2003, Gaussian, Inc.),
 the Gaussian(R) 98 system (copyright 1998, Gaussian, Inc.),
 the Gaussian(R) 94 system (copyright 1995, Gaussian, Inc.),
 the Gaussian 92(TM) system (copyright 1992, Gaussian, Inc.),
 the Gaussian 90(TM) system (copyright 1990, Gaussian, Inc.),
 the Gaussian 88(TM) system (copyright 1988, Gaussian, Inc.),
 the Gaussian 86(TM) system (copyright 1986, Carnegie Mellon
 University), and the Gaussian 82(TM) system (copyright 1983,
 Carnegie Mellon University). Gaussian is a federally registered
 trademark of Gaussian, Inc.
  
 This software contains proprietary and confidential information,
 including trade secrets, belonging to Gaussian, Inc.
  
 This software is provided under written license and may be
 used, copied, transmitted, or stored only in accord with that
 written license.
  
 The following legend is applicable only to US Government
 contracts under FAR:
  
                    RESTRICTED RIGHTS LEGEND
  
 Use, reproduction and disclosure by the US Government is
 subject to restrictions as set forth in subparagraphs (a)
 and (c) of the Commercial Computer Software - Restricted
 Rights clause in FAR 52.227-19.
  
 Gaussian, Inc.
 340 Quinnipiac St., Bldg. 40, Wallingford CT 06492
  
  
 ---------------------------------------------------------------
 Warning -- This program may not be used in any manner that
 competes with the business of Gaussian, Inc. or will provide
 assistance to any competitor of Gaussian, Inc.  The licensee
 of this program is prohibited from giving any competitor of
 Gaussian, Inc. access to this program.  By using this program,
 the user acknowledges that Gaussian, Inc. is engaged in the
 business of creating and licensing software in the field of
 computational chemistry and represents and warrants to the
 licensee that it is not a competitor of Gaussian, Inc. and that
 it will not use this program in any manner prohibited above.
 ---------------------------------------------------------------
  

 Cite this work as:
 Gaussian 09, Revision E.01,
 M. J. Frisch, G. W. Trucks, H. B. Schlegel, G. E. Scuseria, 
 M. A. Robb, J. R. Cheeseman, G. Scalmani, V. Barone, B. Mennucci, 
 G. A. Petersson, H. Nakatsuji, M. Caricato, X. Li, H. P. Hratchian, 
 A. F. Izmaylov, J. Bloino, G. Zheng, J. L. Sonnenberg, M. Hada, 
 M. Ehara, K. Toyota, R. Fukuda, J. Hasegawa, M. Ishida, T. Nakajima, 
 Y. Honda, O. Kitao, H. Nakai, T. Vreven, J. A. Montgomery, Jr., 
 J. E. Peralta, F. Ogliaro, M. Bearpark, J. J. Heyd, E. Brothers, 
 K. N. Kudin, V. N. Staroverov, T. Keith, R. Kobayashi, J. Normand, 
 K. Raghavachari, A. Rendell, J. C. Burant, S. S. Iyengar, J. Tomasi, 
 M. Cossi, N. Rega, J. M. Millam, M. Klene, J. E. Knox, J. B. Cross, 
 V. Bakken, C. Adamo, J. Jaramillo, R. Gomperts, R. E. Stratmann, 
 O. Yazyev, A. J. Austin, R. Cammi, C. Pomelli, J. W. Ochterski, 
 R. L. Martin, K. Morokuma, V. G. Zakrzewski, G. A. Voth, 
 P. Salvador, J. J. Dannenberg, S. Dapprich, A. D. Daniels, 
 O. Farkas, J. B. Foresman, J. V. Ortiz, J. Cioslowski, 
 and D. J. Fox, Gaussian, Inc., Wallingford CT, 2013.
 
 ******************************************
 Gaussian 09:  ES64L-G09RevE.01 30-Nov-2015
                17-Feb-2017 
 ******************************************
 %chk=h12.chk
 ----------------------------------------------------------------------
 #rhf/gen scf(symm,tight,novaracc,noincfock,fulldiag) stable(crhf) gues
 s=read geom=nocrowd test
 ----------------------------------------------------------------------
 1/38=1/1;
 2/12=1,17=6,18=5,40=1/2;
 3/5=7,16=1,25=1,30=1,116=1/1,2,3;
 4/5=1,9=4/1;
 5/5=100002,15=2,16=1,32=2,38=6/2;
 8/6=1,10=90,11=11/1,4;
 9/8=4,13=1/2;
 6/7=2,8=2,9=2,10=2,28=1/1;
 99/5=1,9=1/99;
 ----------------------------------------------------------------------
 hf stability analysis of h12 triangular lattice, y= 0.5628012212403139
 5
 ----------------------------------------------------------------------
 Symbolic Z-matrix:
 Charge =  0 Multiplicity = 1
 H
 H                    1     1.17009 
 H                    1     1.17009  2     122.5 
 H                    2     1.17009  1     57.5     3     0.       0
 H                    2     1.17009  1     180.     3     0.       0
 H                    4     1.17009  3     180.     5     0.       0
 H                    6     1.17009  5     180.     3     0.       0
 H                    4     1.17009  2     180.     3     0.       0
 H                    3     1.17009  1     180.     4     0.       0
 H                    9     1.17009  3     180.     4     0.       0
 H                    8     1.17009  4     180.     3     0.       0
 H                    7     1.17009  6     180.     3     0.       0
 
                          Input orientation:                          
 ---------------------------------------------------------------------
 Center     Atomic      Atomic             Coordinates (Angstroms)
 Number     Number       Type             X           Y           Z
 ---------------------------------------------------------------------
      1          1           0        0.000000    0.000000    0.000000
      2          1           0        0.000000    0.000000    1.170092
      3          1           0        0.986846    0.000000   -0.628690
      4          1           0        0.986846    0.000000    0.541402
      5          1           0        0.000000    0.000000    2.340184
      6          1           0        0.986846    0.000000    1.711494
      7          1           0        1.973692    0.000000    1.082804
      8          1           0        1.973692    0.000000   -0.087288
      9          1           0        1.973692    0.000000   -1.257380
     10          1           0        2.960537    0.000000   -1.886070
     11          1           0        2.960537    0.000000   -0.715978
     12          1           0        2.960537    0.000000    0.454114
 ---------------------------------------------------------------------
                    Distance matrix (angstroms):
                    1          2          3          4          5
     1  H    0.000000
     2  H    1.170092   0.000000
     3  H    1.170092   2.051702   0.000000
     4  H    1.125602   1.170092   1.170092   0.000000
     5  H    2.340184   1.170092   3.128591   2.051702   0.000000
     6  H    1.975621   1.125602   2.340184   1.170092   1.170092
     7  H    2.251205   1.975621   1.975621   1.125602   2.340184
     8  H    1.975621   2.340184   1.125602   1.170092   3.128591
     9  H    2.340184   3.128591   1.170092   2.051702   4.103405
    10  H    3.510277   4.254986   2.340184   3.128591   5.160040
    11  H    3.045883   3.510277   1.975621   2.340184   4.254986
    12  H    2.995163   3.045883   2.251205   1.975621   3.510277
                    6          7          8          9         10
     6  H    0.000000
     7  H    1.170092   0.000000
     8  H    2.051702   1.170092   0.000000
     9  H    3.128591   2.340184   1.170092   0.000000
    10  H    4.103405   3.128591   2.051702   1.170092   0.000000
    11  H    3.128591   2.051702   1.170092   1.125602   1.170092
    12  H    2.340184   1.170092   1.125602   1.975621   2.340184
                   11         12
    11  H    0.000000
    12  H    1.170092   0.000000
 Stoichiometry    H12
 Framework group  C2H[SGH(H12)]
 Deg. of freedom    11
 Full point group                 C2H     NOp   4
 Largest Abelian subgroup         C2H     NOp   4
 Largest concise Abelian subgroup C2      NOp   2
                         Standard orientation:                         
 ---------------------------------------------------------------------
 Center     Atomic      Atomic             Coordinates (Angstroms)
 Number     Number       Type             X           Y           Z
 ---------------------------------------------------------------------
      1          1           0        0.986846    1.126448    0.000000
      2          1           0        0.000000    1.755138    0.000000
      3          1           0        0.986846   -0.043644    0.000000
      4          1           0        0.000000    0.585046    0.000000
      5          1           0       -0.986846    2.383828    0.000000
      6          1           0       -0.986846    1.213736    0.000000
      7          1           0       -0.986846    0.043644    0.000000
      8          1           0       -0.000000   -0.585046    0.000000
      9          1           0        0.986846   -1.213736   -0.000000
     10          1           0        0.986846   -2.383828   -0.000000
     11          1           0       -0.000000   -1.755138    0.000000
     12          1           0       -0.986846   -1.126448    0.000000
 ---------------------------------------------------------------------
 Rotational constants (GHZ):     78.7294440     19.9621334     15.9244356
 General basis read from cards:  (5D, 7F)
 There are     6 symmetry adapted cartesian basis functions of AG  symmetry.
 There are     0 symmetry adapted cartesian basis functions of BG  symmetry.
 There are     0 symmetry adapted cartesian basis functions of AU  symmetry.
 There are     6 symmetry adapted cartesian basis functions of BU  symmetry.
 There are     6 symmetry adapted basis functions of AG  symmetry.
 There are     0 symmetry adapted basis functions of BG  symmetry.
 There are     0 symmetry adapted basis functions of AU  symmetry.
 There are     6 symmetry adapted basis functions of BU  symmetry.
    12 basis functions,   120 primitive gaussians,    12 cartesian basis functions
     6 alpha electrons        6 beta electrons
       nuclear repulsion energy        19.4325578652 Hartrees.
 NAtoms=   12 NActive=   12 NUniq=    6 SFac= 4.00D+00 NAtFMM=   60 NAOKFM=F Big=F
 Integral buffers will be    131072 words long.
 Regular integral format.
 Two-electron integral symmetry is turned on.
 One-electron integrals computed using PRISM.
 NBasis=    12 RedAO= T EigKep=  1.83D-01  NBF=     6     0     0     6
 NBsUse=    12 1.00D-06 EigRej= -1.00D+00 NBFU=     6     0     0     6
 Initial guess from the checkpoint file:  "h12.chk"
 B after Tr=    -0.000000    0.000000    0.000000
         Rot=    0.997693   -0.000000    0.000000    0.067890 Ang=   7.79 deg.
 Initial guess orbital symmetries:
       Occupied  (AG) (BU) (BU) (AG) (AG) (AG)
       Virtual   (BU) (BU) (BU) (AG) (AG) (BU)
 Keep R1 ints in memory in symmetry-blocked form, NReq=903448.
 Requested convergence on RMS density matrix=1.00D-08 within 128 cycles.
 Requested convergence on MAX density matrix=1.00D-06.
 Requested convergence on             energy=1.00D-06.
 No special actions if energy rises.
 SCF Done:  E(RHF) =  -5.51019637533     A.U. after   13 cycles
            NFock= 13  Conv=0.32D-08     -V/T= 1.8267
 Range of M.O.s used for correlation:     1    12
 NBasis=    12 NAE=     6 NBE=     6 NFC=     0 NFV=     0
 NROrb=     12 NOA=     6 NOB=     6 NVA=     6 NVB=     6

 **** Warning!!: The smallest alpha delta epsilon is  0.42299252D-02

 Semi-Direct transformation.
 ModeAB=           4 MOrb=             6 LenV=     134084969
 LASXX=         2181 LTotXX=        2181 LenRXX=        5115
 LTotAB=        2934 MaxLAS=        3024 LenRXY=           0
 NonZer=        7296 LenScr=      655360 LnRSAI=        3024
 LnScr1=      655360 LExtra=           0 Total=      1318859
 MaxDsk=          -1 SrtSym=           T ITran=            3
 JobTyp=0 Pass  1:  I=   1 to   6.
 (rs|ai) integrals will be sorted in core.
 Spin components of T(2) and E(2):
     alpha-alpha T2 =       0.1239333412D-01 E2=     -0.1451889715D-01
     alpha-beta  T2 =       0.7709533525D+01 E2=     -0.1935665206D+00
     beta-beta   T2 =       0.1239333412D-01 E2=     -0.1451889715D-01
 ANorm=    0.2955388332D+01
 E2 =    -0.2226043149D+00 EUMP2 =    -0.57328006902052D+01
 Second order stability test of a single determinant RHF wave function:
 Stabil:  MDV=134217728
 ***********************************************************************
 Matrix         Lowest Root    Major Pairs
 ***********************************************************************
 Internal RHF    -0.2095758    6A=7A
 RRHF --> CRHF   -0.2527647    6A=7A
 RRHF --> RUHF   -0.3344035    6A=7B
 Not stable.
 ***********************************************************************

 **********************************************************************

            Population analysis using the SCF density.

 **********************************************************************

 Orbital symmetries:
       Occupied  (AG) (BU) (BU) (AG) (AG) (AG)
       Virtual   (BU) (AG) (BU) (BU) (BU) (AG)
 The electronic state is 1-AG.
 Alpha  occ. eigenvalues --   -0.89139  -0.75228  -0.56181  -0.54385  -0.31451
 Alpha  occ. eigenvalues --   -0.10367
 Alpha virt. eigenvalues --   -0.09944   0.20382   0.22449   0.44614   0.55369
 Alpha virt. eigenvalues --    0.63264
          Condensed to atoms (all electrons):
               1          2          3          4          5          6
     1  H    1.358487   0.102033   0.372799  -0.408550   0.002271  -0.091941
     2  H    0.102033   1.088231  -0.118623   0.264941   0.060193  -0.170801
     3  H    0.372799  -0.118623   1.128614  -0.279216  -0.000313   0.016918
     4  H   -0.408550   0.264941  -0.279216   1.555092  -0.078056  -0.117072
     5  H    0.002271   0.060193  -0.000313  -0.078056   0.470595   0.263293
     6  H   -0.091941  -0.170801   0.016918  -0.117072   0.263293   0.908239
     7  H    0.033635  -0.179788   0.123877  -0.390956   0.021762   0.276507
     8  H   -0.215452   0.033050  -0.390956   0.730377  -0.023100  -0.055815
     9  H   -0.022016  -0.022259   0.276507  -0.055815   0.002125   0.018469
    10  H    0.002324  -0.000394   0.021762  -0.023100   0.000496   0.002125
    11  H   -0.005546   0.018973  -0.179788   0.033050  -0.000394  -0.022259
    12  H    0.054639  -0.005546   0.033635  -0.215452   0.002324  -0.022016
               7          8          9         10         11         12
     1  H    0.033635  -0.215452  -0.022016   0.002324  -0.005546   0.054639
     2  H   -0.179788   0.033050  -0.022259  -0.000394   0.018973  -0.005546
     3  H    0.123877  -0.390956   0.276507   0.021762  -0.179788   0.033635
     4  H   -0.390956   0.730377  -0.055815  -0.023100   0.033050  -0.215452
     5  H    0.021762  -0.023100   0.002125   0.000496  -0.000394   0.002324
     6  H    0.276507  -0.055815   0.018469   0.002125  -0.022259  -0.022016
     7  H    1.128614  -0.279216   0.016918  -0.000313  -0.118623   0.372799
     8  H   -0.279216   1.555092  -0.117072  -0.078056   0.264941  -0.408550
     9  H    0.016918  -0.117072   0.908239   0.263293  -0.170801  -0.091941
    10  H   -0.000313  -0.078056   0.263293   0.470595   0.060193   0.002271
    11  H   -0.118623   0.264941  -0.170801   0.060193   1.088231   0.102033
    12  H    0.372799  -0.408550  -0.091941   0.002271   0.102033   1.358487
 Mulliken charges:
               1
     1  H   -0.182686
     2  H   -0.070011
     3  H   -0.005216
     4  H   -0.015243
     5  H    0.278804
     6  H   -0.005648
     7  H   -0.005216
     8  H   -0.015243
     9  H   -0.005648
    10  H    0.278804
    11  H   -0.070011
    12  H   -0.182686
 Sum of Mulliken charges =   0.00000
 Mulliken charges with hydrogens summed into heavy atoms:
               1
 Electronic spatial extent (au):  <R**2>=            142.5033
 Charge=              0.0000 electrons
 Dipole moment (field-independent basis, Debye):
    X=             -0.0000    Y=              0.0000    Z=             -0.0000  Tot=              0.0000
 Quadrupole moment (field-independent basis, Debye-Ang):
   XX=            -20.5657   YY=             -4.6808   ZZ=            -15.1740
   XY=             -9.6337   XZ=              0.0000   YZ=              0.0000
 Traceless Quadrupole moment (field-independent basis, Debye-Ang):
   XX=             -7.0922   YY=              8.7927   ZZ=             -1.7005
   XY=             -9.6337   XZ=              0.0000   YZ=              0.0000
 Octapole moment (field-independent basis, Debye-Ang**2):
  XXX=              0.0000  YYY=              0.0000  ZZZ=             -0.0000  XYY=              0.0000
  XXY=              0.0000  XXZ=             -0.0000  XZZ=              0.0000  YZZ=              0.0000
  YYZ=             -0.0000  XYZ=              0.0000
 Hexadecapole moment (field-independent basis, Debye-Ang**3):
 XXXX=           -102.8106 YYYY=           -102.7360 ZZZZ=            -18.0701 XXXY=              4.8249
 XXXZ=              0.0000 YYYX=            -33.8052 YYYZ=              0.0000 ZZZX=              0.0000
 ZZZY=             -0.0000 XXYY=            -38.4659 XXZZ=            -18.3811 YYZZ=            -34.9947
 XXYZ=              0.0000 YYXZ=              0.0000 ZZXY=              4.3132
 N-N= 1.943255786521D+01 E-N=-5.021537027169D+01  KE= 6.664909831311D+00
 Symmetry AG   KE= 5.074243453521D+00
 Symmetry BG   KE= 0.000000000000D+00
 Symmetry AU   KE= 0.000000000000D+00
 Symmetry BU   KE= 1.590666377790D+00

 Test job not archived.
 1\1\GINC-SULU\Stability\RHF\Gen\H12\LCJ1\17-Feb-2017\0\\#rhf/gen scf(s
 ymm,tight,novaracc,noincfock,fulldiag) stable(crhf) guess=read geom=no
 crowd test\\hf stability analysis of h12 triangular lattice, y= 0.5628
 0122124031395\\0,1\H\H,1,1.1700922002\H,1,1.1700922002,2,122.5\H,2,1.1
 700922002,1,57.5,3,0.,0\H,2,1.1700922002,1,180.,3,0.,0\H,4,1.170092200
 2,3,180.,5,0.,0\H,6,1.1700922002,5,180.,3,0.,0\H,4,1.1700922002,2,180.
 ,3,0.,0\H,3,1.1700922002,1,180.,4,0.,0\H,9,1.1700922002,3,180.,4,0.,0\
 H,8,1.1700922002,4,180.,3,0.,0\H,7,1.1700922002,6,180.,3,0.,0\\Version
 =ES64L-G09RevE.01\State=1-AG\HF=-5.5101964\MP2=-5.7328007\RMSD=3.188e-
 09\Dipole=0.,0.,0.\Quadrupole=-3.3636359,-1.2642858,4.6279217,0.,-8.37
 87145,0.\PG=C02H [SGH(H12)]\\@


 LAWS OF PROGRAMMING DEFINITION:  A WORKING PROGRAM
                                  IS ONE THAT HAS
                                  ONLY UNOBSERVED
                                  BUGS.
 Job cpu time:       0 days  0 hours  0 minutes  1.1 seconds.
 File lengths (MBytes):  RWF=     84 Int=      0 D2E=      0 Chk=      2 Scr=      2
 Normal termination of Gaussian 09 at Fri Feb 17 14:58:42 2017.
