 Entering Gaussian System, Link 0=g09
 AtFile(1): H.gbs
            H     0
            S   10   1.00
               1000.000000000000            0.000068713567
                316.227766000000            0.000169141320
                100.000000000000            0.000823394812
                 31.622776600000            0.003425569236
                 10.000000000000            0.013951996000
                  3.162277660000            0.056909313560
                  1.000000000000            0.198286399900
                  0.316227766000            0.496922426700
                  0.100000000000            0.369846276400
                  0.031622776600            0.003752720039
            ****
 Initial command:
 /projects/guscus/apps/gau/g09-e1/g09/l1.exe "/users/lcj1/gaussian/h12/rhfstability/rect/guess/ag4bu2/Gau-1042.inp" -scrdir="/users/lcj1/gaussian/h12/rhfstability/rect/guess/ag4bu2/"
 Entering Link 1 = /projects/guscus/apps/gau/g09-e1/g09/l1.exe PID=      1043.
  
 Copyright (c) 1988,1990,1992,1993,1995,1998,2003,2009,2015,
            Gaussian, Inc.  All Rights Reserved.
  
 This is part of the Gaussian(R) 09 program.  It is based on
 the Gaussian(R) 03 system (copyright 2003, Gaussian, Inc.),
 the Gaussian(R) 98 system (copyright 1998, Gaussian, Inc.),
 the Gaussian(R) 94 system (copyright 1995, Gaussian, Inc.),
 the Gaussian 92(TM) system (copyright 1992, Gaussian, Inc.),
 the Gaussian 90(TM) system (copyright 1990, Gaussian, Inc.),
 the Gaussian 88(TM) system (copyright 1988, Gaussian, Inc.),
 the Gaussian 86(TM) system (copyright 1986, Carnegie Mellon
 University), and the Gaussian 82(TM) system (copyright 1983,
 Carnegie Mellon University). Gaussian is a federally registered
 trademark of Gaussian, Inc.
  
 This software contains proprietary and confidential information,
 including trade secrets, belonging to Gaussian, Inc.
  
 This software is provided under written license and may be
 used, copied, transmitted, or stored only in accord with that
 written license.
  
 The following legend is applicable only to US Government
 contracts under FAR:
  
                    RESTRICTED RIGHTS LEGEND
  
 Use, reproduction and disclosure by the US Government is
 subject to restrictions as set forth in subparagraphs (a)
 and (c) of the Commercial Computer Software - Restricted
 Rights clause in FAR 52.227-19.
  
 Gaussian, Inc.
 340 Quinnipiac St., Bldg. 40, Wallingford CT 06492
  
  
 ---------------------------------------------------------------
 Warning -- This program may not be used in any manner that
 competes with the business of Gaussian, Inc. or will provide
 assistance to any competitor of Gaussian, Inc.  The licensee
 of this program is prohibited from giving any competitor of
 Gaussian, Inc. access to this program.  By using this program,
 the user acknowledges that Gaussian, Inc. is engaged in the
 business of creating and licensing software in the field of
 computational chemistry and represents and warrants to the
 licensee that it is not a competitor of Gaussian, Inc. and that
 it will not use this program in any manner prohibited above.
 ---------------------------------------------------------------
  

 Cite this work as:
 Gaussian 09, Revision E.01,
 M. J. Frisch, G. W. Trucks, H. B. Schlegel, G. E. Scuseria, 
 M. A. Robb, J. R. Cheeseman, G. Scalmani, V. Barone, B. Mennucci, 
 G. A. Petersson, H. Nakatsuji, M. Caricato, X. Li, H. P. Hratchian, 
 A. F. Izmaylov, J. Bloino, G. Zheng, J. L. Sonnenberg, M. Hada, 
 M. Ehara, K. Toyota, R. Fukuda, J. Hasegawa, M. Ishida, T. Nakajima, 
 Y. Honda, O. Kitao, H. Nakai, T. Vreven, J. A. Montgomery, Jr., 
 J. E. Peralta, F. Ogliaro, M. Bearpark, J. J. Heyd, E. Brothers, 
 K. N. Kudin, V. N. Staroverov, T. Keith, R. Kobayashi, J. Normand, 
 K. Raghavachari, A. Rendell, J. C. Burant, S. S. Iyengar, J. Tomasi, 
 M. Cossi, N. Rega, J. M. Millam, M. Klene, J. E. Knox, J. B. Cross, 
 V. Bakken, C. Adamo, J. Jaramillo, R. Gomperts, R. E. Stratmann, 
 O. Yazyev, A. J. Austin, R. Cammi, C. Pomelli, J. W. Ochterski, 
 R. L. Martin, K. Morokuma, V. G. Zakrzewski, G. A. Voth, 
 P. Salvador, J. J. Dannenberg, S. Dapprich, A. D. Daniels, 
 O. Farkas, J. B. Foresman, J. V. Ortiz, J. Cioslowski, 
 and D. J. Fox, Gaussian, Inc., Wallingford CT, 2013.
 
 ******************************************
 Gaussian 09:  ES64L-G09RevE.01 30-Nov-2015
                17-Feb-2017 
 ******************************************
 %chk=h12.chk
 ----------------------------------------------------------------------
 #rhf/gen scf(symm,tight,novaracc,noincfock,fulldiag) stable(crhf) gues
 s=read geom=nocrowd test
 ----------------------------------------------------------------------
 1/38=1/1;
 2/12=1,17=6,18=5,40=1/2;
 3/5=7,16=1,25=1,30=1,116=1/1,2,3;
 4/5=1,9=4/1;
 5/5=100002,15=2,16=1,32=2,38=6/2;
 8/6=1,10=90,11=11/1,4;
 9/8=4,13=1/2;
 6/7=2,8=2,9=2,10=2,28=1/1;
 99/5=1,9=1/99;
 ----------------------------------------------------------------------
 hf stability analysis of h12 triangular lattice, y= 0.8833142989544126
 0
 ----------------------------------------------------------------------
 Symbolic Z-matrix:
 Charge =  0 Multiplicity = 1
 H
 H                    1     1.09885 
 H                    1     1.09885  2     73. 
 H                    2     1.09885  1     107.     3     0.       0
 H                    2     1.09885  1     180.     3     0.       0
 H                    4     1.09885  3     180.     5     0.       0
 H                    6     1.09885  5     180.     3     0.       0
 H                    4     1.09885  2     180.     3     0.       0
 H                    3     1.09885  1     180.     4     0.       0
 H                    9     1.09885  3     180.     4     0.       0
 H                    8     1.09885  4     180.     3     0.       0
 H                    7     1.09885  6     180.     3     0.       0
 
                          Input orientation:                          
 ---------------------------------------------------------------------
 Center     Atomic      Atomic             Coordinates (Angstroms)
 Number     Number       Type             X           Y           Z
 ---------------------------------------------------------------------
      1          1           0        0.000000    0.000000    0.000000
      2          1           0        0.000000    0.000000    1.098845
      3          1           0        1.050831    0.000000    0.321271
      4          1           0        1.050831    0.000000    1.420116
      5          1           0        0.000000    0.000000    2.197690
      6          1           0        1.050831    0.000000    2.518962
      7          1           0        2.101662    0.000000    2.840233
      8          1           0        2.101662    0.000000    1.741388
      9          1           0        2.101662    0.000000    0.642543
     10          1           0        3.152493    0.000000    0.963814
     11          1           0        3.152493    0.000000    2.062659
     12          1           0        3.152493    0.000000    3.161504
 ---------------------------------------------------------------------
                    Distance matrix (angstroms):
                    1          2          3          4          5
     1  H    0.000000
     2  H    1.098845   0.000000
     3  H    1.098845   1.307236   0.000000
     4  H    1.766629   1.098845   1.098845   0.000000
     5  H    2.197690   1.098845   2.150627   1.307236   0.000000
     6  H    2.729361   1.766629   2.197690   1.098845   1.098845
     7  H    3.533257   2.729361   2.729361   1.766629   2.197690
     8  H    2.729361   2.197690   1.766629   1.098845   2.150627
     9  H    2.197690   2.150627   1.098845   1.307236   2.614473
    10  H    3.296536   3.155383   2.197690   2.150627   3.385360
    11  H    3.767330   3.296536   2.729361   2.197690   3.155383
    12  H    4.464675   3.767330   3.533257   2.729361   3.296536
                    6          7          8          9         10
     6  H    0.000000
     7  H    1.098845   0.000000
     8  H    1.307236   1.098845   0.000000
     9  H    2.150627   2.197690   1.098845   0.000000
    10  H    2.614473   2.150627   1.307236   1.098845   0.000000
    11  H    2.150627   1.307236   1.098845   1.766629   1.098845
    12  H    2.197690   1.098845   1.766629   2.729361   2.197690
                   11         12
    11  H    0.000000
    12  H    1.098845   0.000000
 Stoichiometry    H12
 Framework group  C2H[SGH(H12)]
 Deg. of freedom    11
 Full point group                 C2H     NOp   4
 Largest Abelian subgroup         C2H     NOp   4
 Largest concise Abelian subgroup C2      NOp   2
                         Standard orientation:                         
 ---------------------------------------------------------------------
 Center     Atomic      Atomic             Coordinates (Angstroms)
 Number     Number       Type             X           Y           Z
 ---------------------------------------------------------------------
      1          1           0        1.050831    1.969539    0.000000
      2          1           0        0.000000    1.648268    0.000000
      3          1           0        1.050831    0.870694    0.000000
      4          1           0        0.000000    0.549423    0.000000
      5          1           0       -1.050831    1.326997    0.000000
      6          1           0       -1.050831    0.228151    0.000000
      7          1           0       -1.050831   -0.870694    0.000000
      8          1           0       -0.000000   -0.549423    0.000000
      9          1           0        1.050831   -0.228151    0.000000
     10          1           0        1.050831   -1.326997    0.000000
     11          1           0       -0.000000   -1.648268    0.000000
     12          1           0       -1.050831   -1.969539    0.000000
 ---------------------------------------------------------------------
 Rotational constants (GHZ):     61.4729880     25.5658235     18.0563996
 General basis read from cards:  (5D, 7F)
 There are     6 symmetry adapted cartesian basis functions of AG  symmetry.
 There are     0 symmetry adapted cartesian basis functions of BG  symmetry.
 There are     0 symmetry adapted cartesian basis functions of AU  symmetry.
 There are     6 symmetry adapted cartesian basis functions of BU  symmetry.
 There are     6 symmetry adapted basis functions of AG  symmetry.
 There are     0 symmetry adapted basis functions of BG  symmetry.
 There are     0 symmetry adapted basis functions of AU  symmetry.
 There are     6 symmetry adapted basis functions of BU  symmetry.
    12 basis functions,   120 primitive gaussians,    12 cartesian basis functions
     6 alpha electrons        6 beta electrons
       nuclear repulsion energy        19.9774329431 Hartrees.
 NAtoms=   12 NActive=   12 NUniq=    6 SFac= 4.00D+00 NAtFMM=   60 NAOKFM=F Big=F
 Integral buffers will be    131072 words long.
 Regular integral format.
 Two-electron integral symmetry is turned on.
 One-electron integrals computed using PRISM.
 NBasis=    12 RedAO= T EigKep=  1.30D-01  NBF=     6     0     0     6
 NBsUse=    12 1.00D-06 EigRej= -1.00D+00 NBFU=     6     0     0     6
 Initial guess from the checkpoint file:  "h12.chk"
 B after Tr=    -0.000000    0.000000    0.000000
         Rot=    0.996694    0.000000    0.000000   -0.081251 Ang=  -9.32 deg.
 Initial guess orbital symmetries:
       Occupied  (AG) (BU) (BU) (AG) (AG) (AG)
       Virtual   (BU) (BU) (BU) (AG) (AG) (BU)
 Keep R1 ints in memory in symmetry-blocked form, NReq=903812.
 Requested convergence on RMS density matrix=1.00D-08 within 128 cycles.
 Requested convergence on MAX density matrix=1.00D-06.
 Requested convergence on             energy=1.00D-06.
 No special actions if energy rises.
 SCF Done:  E(RHF) =  -5.77506782487     A.U. after   10 cycles
            NFock= 10  Conv=0.29D-08     -V/T= 1.8925
 Range of M.O.s used for correlation:     1    12
 NBasis=    12 NAE=     6 NBE=     6 NFC=     0 NFV=     0
 NROrb=     12 NOA=     6 NOB=     6 NVA=     6 NVB=     6
 Semi-Direct transformation.
 ModeAB=           4 MOrb=             6 LenV=     134084535
 LASXX=         2181 LTotXX=        2181 LenRXX=        5115
 LTotAB=        2934 MaxLAS=        3024 LenRXY=           0
 NonZer=        7296 LenScr=      655360 LnRSAI=        3024
 LnScr1=      655360 LExtra=           0 Total=      1318859
 MaxDsk=          -1 SrtSym=           T ITran=            3
 JobTyp=0 Pass  1:  I=   1 to   6.
 (rs|ai) integrals will be sorted in core.
 Spin components of T(2) and E(2):
     alpha-alpha T2 =       0.1128752853D-01 E2=     -0.1381419777D-01
     alpha-beta  T2 =       0.8485383038D-01 E2=     -0.1142507913D+00
     beta-beta   T2 =       0.1128752853D-01 E2=     -0.1381419777D-01
 ANorm=    0.1052344472D+01
 E2 =    -0.1418791868D+00 EUMP2 =    -0.59169470116887D+01
 Second order stability test of a single determinant RHF wave function:
 Stabil:  MDV=134217728
 ***********************************************************************
 Matrix         Lowest Root    Major Pairs
 ***********************************************************************
 Internal RHF    -0.020371     6A=7A
 RRHF --> CRHF   -0.0559052    6A=7A
 RRHF --> RUHF   -0.1411386    6A=7B
 Not stable.
 ***********************************************************************

 **********************************************************************

            Population analysis using the SCF density.

 **********************************************************************

 Orbital symmetries:
       Occupied  (AG) (BU) (BU) (AG) (AG) (AG)
       Virtual   (BU) (BU) (BU) (AG) (AG) (BU)
 The electronic state is 1-AG.
 Alpha  occ. eigenvalues --   -0.92438  -0.75685  -0.63407  -0.51046  -0.38864
 Alpha  occ. eigenvalues --   -0.22592
 Alpha virt. eigenvalues --   -0.01285   0.19652   0.29137   0.37447   0.64376
 Alpha virt. eigenvalues --    0.84452
          Condensed to atoms (all electrons):
               1          2          3          4          5          6
     1  H    0.547503   0.130585   0.280614  -0.081451  -0.016900  -0.014019
     2  H    0.130585   0.982713  -0.162485   0.200345   0.147817  -0.123684
     3  H    0.280614  -0.162485   0.951676  -0.193914  -0.053053   0.024552
     4  H   -0.081451   0.200345  -0.193914   1.435368  -0.243604  -0.251298
     5  H   -0.016900   0.147817  -0.053053  -0.243604   0.984243   0.338718
     6  H   -0.014019  -0.123684   0.024552  -0.251298   0.338718   0.998025
     7  H    0.005034  -0.042498   0.037156  -0.118702  -0.013054   0.307100
     8  H   -0.034595   0.015401  -0.118702   0.716693  -0.126968  -0.270238
     9  H   -0.001438  -0.113182   0.307100  -0.270238   0.019811   0.085016
    10  H   -0.002332   0.000435  -0.013054  -0.126968   0.022027   0.019811
    11  H    0.000739   0.022134  -0.042498   0.015401   0.000435  -0.113182
    12  H    0.001974   0.000739   0.005034  -0.034595  -0.002332  -0.001438
               7          8          9         10         11         12
     1  H    0.005034  -0.034595  -0.001438  -0.002332   0.000739   0.001974
     2  H   -0.042498   0.015401  -0.113182   0.000435   0.022134   0.000739
     3  H    0.037156  -0.118702   0.307100  -0.013054  -0.042498   0.005034
     4  H   -0.118702   0.716693  -0.270238  -0.126968   0.015401  -0.034595
     5  H   -0.013054  -0.126968   0.019811   0.022027   0.000435  -0.002332
     6  H    0.307100  -0.270238   0.085016   0.019811  -0.113182  -0.001438
     7  H    0.951676  -0.193914   0.024552  -0.053053  -0.162485   0.280614
     8  H   -0.193914   1.435368  -0.251298  -0.243604   0.200345  -0.081451
     9  H    0.024552  -0.251298   0.998025   0.338718  -0.123684  -0.014019
    10  H   -0.053053  -0.243604   0.338718   0.984243   0.147817  -0.016900
    11  H   -0.162485   0.200345  -0.123684   0.147817   0.982713   0.130585
    12  H    0.280614  -0.081451  -0.014019  -0.016900   0.130585   0.547503
 Mulliken charges:
               1
     1  H    0.184286
     2  H   -0.058320
     3  H   -0.022426
     4  H   -0.047039
     5  H   -0.057139
     6  H    0.000637
     7  H   -0.022426
     8  H   -0.047039
     9  H    0.000637
    10  H   -0.057139
    11  H   -0.058320
    12  H    0.184286
 Sum of Mulliken charges =  -0.00000
 Mulliken charges with hydrogens summed into heavy atoms:
               1
 Electronic spatial extent (au):  <R**2>=            134.2772
 Charge=             -0.0000 electrons
 Dipole moment (field-independent basis, Debye):
    X=             -0.0000    Y=              0.0000    Z=              0.0000  Tot=              0.0000
 Quadrupole moment (field-independent basis, Debye-Ang):
   XX=            -19.7032   YY=            -12.3177   ZZ=            -15.1939
   XY=              5.1120   XZ=              0.0000   YZ=              0.0000
 Traceless Quadrupole moment (field-independent basis, Debye-Ang):
   XX=             -3.9649   YY=              3.4205   ZZ=              0.5444
   XY=              5.1120   XZ=              0.0000   YZ=              0.0000
 Octapole moment (field-independent basis, Debye-Ang**2):
  XXX=             -0.0000  YYY=              0.0000  ZZZ=             -0.0000  XYY=             -0.0000
  XXY=             -0.0000  XXZ=             -0.0000  XZZ=              0.0000  YZZ=             -0.0000
  YYZ=             -0.0000  XYZ=              0.0000
 Hexadecapole moment (field-independent basis, Debye-Ang**3):
 XXXX=           -109.3880 YYYY=           -146.6879 ZZZZ=            -18.0438 XXXY=             -2.0037
 XXXZ=             -0.0000 YYYX=             13.1929 YYYZ=             -0.0000 ZZZX=             -0.0000
 ZZZY=             -0.0000 XXYY=            -40.4547 XXZZ=            -19.5122 YYZZ=            -30.6581
 XXYZ=             -0.0000 YYXZ=              0.0000 ZZXY=             -2.3586
 N-N= 1.997743294310D+01 E-N=-5.109499613285D+01  KE= 6.470651966955D+00
 Symmetry AG   KE= 4.911493070870D+00
 Symmetry BG   KE= 0.000000000000D+00
 Symmetry AU   KE= 0.000000000000D+00
 Symmetry BU   KE= 1.559158896086D+00

 Test job not archived.
 1\1\GINC-SULU\Stability\RHF\Gen\H12\LCJ1\17-Feb-2017\0\\#rhf/gen scf(s
 ymm,tight,novaracc,noincfock,fulldiag) stable(crhf) guess=read geom=no
 crowd test\\hf stability analysis of h12 triangular lattice, y= 0.8833
 1429895441260\\0,1\H\H,1,1.0988452363\H,1,1.0988452363,2,73.\H,2,1.098
 8452363,1,107.,3,0.,0\H,2,1.0988452363,1,180.,3,0.,0\H,4,1.0988452363,
 3,180.,5,0.,0\H,6,1.0988452363,5,180.,3,0.,0\H,4,1.0988452363,2,180.,3
 ,0.,0\H,3,1.0988452363,1,180.,4,0.,0\H,9,1.0988452363,3,180.,4,0.,0\H,
 8,1.0988452363,4,180.,3,0.,0\H,7,1.0988452363,6,180.,3,0.,0\\Version=E
 S64L-G09RevE.01\State=1-AG\HF=-5.7750678\MP2=-5.916947\RMSD=2.942e-09\
 Dipole=0.,0.,0.\Quadrupole=-0.0515761,0.4047191,-0.353143,0.,4.6861189
 ,0.\PG=C02H [SGH(H12)]\\@


 ... IT IS NO ONE DREAME THAT
     CAN PLEASE THESE ALL ...

                -- BEN JONSON
 Job cpu time:       0 days  0 hours  0 minutes  1.1 seconds.
 File lengths (MBytes):  RWF=     84 Int=      0 D2E=      0 Chk=      2 Scr=      2
 Normal termination of Gaussian 09 at Fri Feb 17 15:03:58 2017.
