 Entering Gaussian System, Link 0=g09
 AtFile(1): H.gbs
            H     0
            S   10   1.00
               1000.000000000000            0.000068713567
                316.227766000000            0.000169141320
                100.000000000000            0.000823394812
                 31.622776600000            0.003425569236
                 10.000000000000            0.013951996000
                  3.162277660000            0.056909313560
                  1.000000000000            0.198286399900
                  0.316227766000            0.496922426700
                  0.100000000000            0.369846276400
                  0.031622776600            0.003752720039
            ****
 Initial command:
 /projects/guscus/apps/gau/g09-e1/g09/l1.exe "/users/lcj1/gaussian/h12/rhfstability/rect/guess/ag4bu2/Gau-11710.inp" -scrdir="/users/lcj1/gaussian/h12/rhfstability/rect/guess/ag4bu2/"
 Entering Link 1 = /projects/guscus/apps/gau/g09-e1/g09/l1.exe PID=     11711.
  
 Copyright (c) 1988,1990,1992,1993,1995,1998,2003,2009,2015,
            Gaussian, Inc.  All Rights Reserved.
  
 This is part of the Gaussian(R) 09 program.  It is based on
 the Gaussian(R) 03 system (copyright 2003, Gaussian, Inc.),
 the Gaussian(R) 98 system (copyright 1998, Gaussian, Inc.),
 the Gaussian(R) 94 system (copyright 1995, Gaussian, Inc.),
 the Gaussian 92(TM) system (copyright 1992, Gaussian, Inc.),
 the Gaussian 90(TM) system (copyright 1990, Gaussian, Inc.),
 the Gaussian 88(TM) system (copyright 1988, Gaussian, Inc.),
 the Gaussian 86(TM) system (copyright 1986, Carnegie Mellon
 University), and the Gaussian 82(TM) system (copyright 1983,
 Carnegie Mellon University). Gaussian is a federally registered
 trademark of Gaussian, Inc.
  
 This software contains proprietary and confidential information,
 including trade secrets, belonging to Gaussian, Inc.
  
 This software is provided under written license and may be
 used, copied, transmitted, or stored only in accord with that
 written license.
  
 The following legend is applicable only to US Government
 contracts under FAR:
  
                    RESTRICTED RIGHTS LEGEND
  
 Use, reproduction and disclosure by the US Government is
 subject to restrictions as set forth in subparagraphs (a)
 and (c) of the Commercial Computer Software - Restricted
 Rights clause in FAR 52.227-19.
  
 Gaussian, Inc.
 340 Quinnipiac St., Bldg. 40, Wallingford CT 06492
  
  
 ---------------------------------------------------------------
 Warning -- This program may not be used in any manner that
 competes with the business of Gaussian, Inc. or will provide
 assistance to any competitor of Gaussian, Inc.  The licensee
 of this program is prohibited from giving any competitor of
 Gaussian, Inc. access to this program.  By using this program,
 the user acknowledges that Gaussian, Inc. is engaged in the
 business of creating and licensing software in the field of
 computational chemistry and represents and warrants to the
 licensee that it is not a competitor of Gaussian, Inc. and that
 it will not use this program in any manner prohibited above.
 ---------------------------------------------------------------
  

 Cite this work as:
 Gaussian 09, Revision E.01,
 M. J. Frisch, G. W. Trucks, H. B. Schlegel, G. E. Scuseria, 
 M. A. Robb, J. R. Cheeseman, G. Scalmani, V. Barone, B. Mennucci, 
 G. A. Petersson, H. Nakatsuji, M. Caricato, X. Li, H. P. Hratchian, 
 A. F. Izmaylov, J. Bloino, G. Zheng, J. L. Sonnenberg, M. Hada, 
 M. Ehara, K. Toyota, R. Fukuda, J. Hasegawa, M. Ishida, T. Nakajima, 
 Y. Honda, O. Kitao, H. Nakai, T. Vreven, J. A. Montgomery, Jr., 
 J. E. Peralta, F. Ogliaro, M. Bearpark, J. J. Heyd, E. Brothers, 
 K. N. Kudin, V. N. Staroverov, T. Keith, R. Kobayashi, J. Normand, 
 K. Raghavachari, A. Rendell, J. C. Burant, S. S. Iyengar, J. Tomasi, 
 M. Cossi, N. Rega, J. M. Millam, M. Klene, J. E. Knox, J. B. Cross, 
 V. Bakken, C. Adamo, J. Jaramillo, R. Gomperts, R. E. Stratmann, 
 O. Yazyev, A. J. Austin, R. Cammi, C. Pomelli, J. W. Ochterski, 
 R. L. Martin, K. Morokuma, V. G. Zakrzewski, G. A. Voth, 
 P. Salvador, J. J. Dannenberg, S. Dapprich, A. D. Daniels, 
 O. Farkas, J. B. Foresman, J. V. Ortiz, J. Cioslowski, 
 and D. J. Fox, Gaussian, Inc., Wallingford CT, 2013.
 
 ******************************************
 Gaussian 09:  ES64L-G09RevE.01 30-Nov-2015
                17-Feb-2017 
 ******************************************
 %chk=h12.chk
 ----------------------------------------------------------------------
 #rhf/gen scf(symm,tight,novaracc,noincfock,fulldiag) stable(crhf) gues
 s=read geom=nocrowd test
 ----------------------------------------------------------------------
 1/38=1/1;
 2/12=1,17=6,18=5,40=1/2;
 3/5=7,16=1,25=1,30=1,116=1/1,2,3;
 4/5=1,9=4/1;
 5/5=100002,15=2,16=1,32=2,38=6/2;
 8/6=1,10=90,11=11/1,4;
 9/8=4,13=1/2;
 6/7=2,8=2,9=2,10=2,28=1/1;
 99/5=1,9=1/99;
 ----------------------------------------------------------------------
 hf stability analysis of h12 triangular lattice, y= 1.4552307619668963
 ----------------------------------------------------------------------
 Symbolic Z-matrix:
 Charge =  0 Multiplicity = 1
 H
 H                    1     1.50834 
 H                    1     1.50834  2     30.5 
 H                    2     1.50834  1     149.5    3     0.       0
 H                    2     1.50834  1     180.     3     0.       0
 H                    4     1.50834  3     180.     5     0.       0
 H                    6     1.50834  5     180.     3     0.       0
 H                    4     1.50834  2     180.     3     0.       0
 H                    3     1.50834  1     180.     4     0.       0
 H                    9     1.50834  3     180.     4     0.       0
 H                    8     1.50834  4     180.     3     0.       0
 H                    7     1.50834  6     180.     3     0.       0
 
                          Input orientation:                          
 ---------------------------------------------------------------------
 Center     Atomic      Atomic             Coordinates (Angstroms)
 Number     Number       Type             X           Y           Z
 ---------------------------------------------------------------------
      1          1           0        0.000000    0.000000    0.000000
      2          1           0        0.000000    0.000000    1.508344
      3          1           0        0.765542    0.000000    1.299633
      4          1           0        0.765542    0.000000    2.807976
      5          1           0        0.000000    0.000000    3.016687
      6          1           0        0.765542    0.000000    4.316320
      7          1           0        1.531084    0.000000    5.615953
      8          1           0        1.531084    0.000000    4.107609
      9          1           0        1.531084    0.000000    2.599266
     10          1           0        2.296627    0.000000    3.898898
     11          1           0        2.296627    0.000000    5.407242
     12          1           0        2.296627    0.000000    6.915586
 ---------------------------------------------------------------------
                    Distance matrix (angstroms):
                    1          2          3          4          5
     1  H    0.000000
     2  H    1.508344   0.000000
     3  H    1.508344   0.793483   0.000000
     4  H    2.910461   1.508344   1.508344   0.000000
     5  H    3.016687   1.508344   1.879982   0.793483   0.000000
     6  H    4.383683   2.910461   3.016687   1.508344   1.508344
     7  H    5.820923   4.383683   4.383683   2.910461   3.016687
     8  H    4.383683   3.016687   2.910461   1.508344   1.879982
     9  H    3.016687   1.879982   1.508344   0.793483   1.586966
    10  H    4.525031   3.315003   3.016687   1.879982   2.460242
    11  H    5.874756   4.525031   4.383683   3.016687   3.315003
    12  H    7.286962   5.874756   5.820923   4.383683   4.525031
                    6          7          8          9         10
     6  H    0.000000
     7  H    1.508344   0.000000
     8  H    0.793483   1.508344   0.000000
     9  H    1.879982   3.016687   1.508344   0.000000
    10  H    1.586966   1.879982   0.793483   1.508344   0.000000
    11  H    1.879982   0.793483   1.508344   2.910461   1.508344
    12  H    3.016687   1.508344   2.910461   4.383683   3.016687
                   11         12
    11  H    0.000000
    12  H    1.508344   0.000000
 Stoichiometry    H12
 Framework group  C2H[SGH(H12)]
 Deg. of freedom    11
 Full point group                 C2H     NOp   4
 Largest Abelian subgroup         C2H     NOp   4
 Largest concise Abelian subgroup C2      NOp   2
                         Standard orientation:                         
 ---------------------------------------------------------------------
 Center     Atomic      Atomic             Coordinates (Angstroms)
 Number     Number       Type             X           Y           Z
 ---------------------------------------------------------------------
      1          1           0        0.765542    3.562148   -0.000000
      2          1           0        0.000000    2.262515   -0.000000
      3          1           0        0.765542    2.053805   -0.000000
      4          1           0        0.000000    0.754172   -0.000000
      5          1           0       -0.765542    0.962883   -0.000000
      6          1           0       -0.765542   -0.545461   -0.000000
      7          1           0       -0.765542   -2.053805   -0.000000
      8          1           0       -0.000000   -0.754172   -0.000000
      9          1           0        0.765542    0.545461   -0.000000
     10          1           0        0.765542   -0.962883   -0.000000
     11          1           0       -0.000000   -2.262515   -0.000000
     12          1           0       -0.765542   -3.562148   -0.000000
 ---------------------------------------------------------------------
 Rotational constants (GHZ):    153.7787534     10.2199243      9.5830481
 General basis read from cards:  (5D, 7F)
 There are     6 symmetry adapted cartesian basis functions of AG  symmetry.
 There are     0 symmetry adapted cartesian basis functions of BG  symmetry.
 There are     0 symmetry adapted cartesian basis functions of AU  symmetry.
 There are     6 symmetry adapted cartesian basis functions of BU  symmetry.
 There are     6 symmetry adapted basis functions of AG  symmetry.
 There are     0 symmetry adapted basis functions of BG  symmetry.
 There are     0 symmetry adapted basis functions of AU  symmetry.
 There are     6 symmetry adapted basis functions of BU  symmetry.
    12 basis functions,   120 primitive gaussians,    12 cartesian basis functions
     6 alpha electrons        6 beta electrons
       nuclear repulsion energy        17.6127232425 Hartrees.
 NAtoms=   12 NActive=   12 NUniq=    6 SFac= 4.00D+00 NAtFMM=   60 NAOKFM=F Big=F
 Integral buffers will be    131072 words long.
 Regular integral format.
 Two-electron integral symmetry is turned on.
 One-electron integrals computed using PRISM.
 NBasis=    12 RedAO= T EigKep=  1.15D-01  NBF=     6     0     0     6
 NBsUse=    12 1.00D-06 EigRej= -1.00D+00 NBFU=     6     0     0     6
 Initial guess from the checkpoint file:  "h12.chk"
 B after Tr=    -0.000000    0.000000   -0.000000
         Rot=    0.980223   -0.000000    0.000000   -0.197897 Ang= -22.83 deg.
 Initial guess orbital symmetries:
       Occupied  (AG) (BU) (BU) (AG) (AG) (AG)
       Virtual   (BU) (BU) (BU) (AG) (AG) (BU)
 Keep R1 ints in memory in symmetry-blocked form, NReq=898254.
 Requested convergence on RMS density matrix=1.00D-08 within 128 cycles.
 Requested convergence on MAX density matrix=1.00D-06.
 Requested convergence on             energy=1.00D-06.
 No special actions if energy rises.
 SCF Done:  E(RHF) =  -5.39451392562     A.U. after   16 cycles
            NFock= 16  Conv=0.23D-08     -V/T= 1.7782
 Range of M.O.s used for correlation:     1    12
 NBasis=    12 NAE=     6 NBE=     6 NFC=     0 NFV=     0
 NROrb=     12 NOA=     6 NOB=     6 NVA=     6 NVB=     6

 **** Warning!!: The smallest alpha delta epsilon is -0.67080390D-01

 Semi-Direct transformation.
 ModeAB=           4 MOrb=             6 LenV=     134089547
 LASXX=         2181 LTotXX=        2181 LenRXX=        5115
 LTotAB=        2934 MaxLAS=        3024 LenRXY=           0
 NonZer=        7296 LenScr=      655360 LnRSAI=        3024
 LnScr1=      655360 LExtra=           0 Total=      1318859
 MaxDsk=          -1 SrtSym=           T ITran=            3
 JobTyp=0 Pass  1:  I=   1 to   6.
 (rs|ai) integrals will be sorted in core.
 Spin components of T(2) and E(2):
     alpha-alpha T2 =       0.5692046751D-01 E2=     -0.1430794052D-01
     alpha-beta  T2 =       0.3521683624D+02 E2=     -0.5497329716D+00
     beta-beta   T2 =       0.5692046751D-01 E2=     -0.1430794052D-01
 ANorm=    0.6027493441D+01
 E2 =    -0.5783488526D+00 EUMP2 =    -0.59728627782179D+01
 Second order stability test of a single determinant RHF wave function:
 Stabil:  MDV=134217728
 ***********************************************************************
 Matrix         Lowest Root    Major Pairs
 ***********************************************************************
 Internal RHF    -0.2257359    6A=7A
 RRHF --> CRHF   -0.2318957    6A=7A
 RRHF --> RUHF   -0.5067384    6A=8B
 Not stable.
 ***********************************************************************

 **********************************************************************

            Population analysis using the SCF density.

 **********************************************************************

 Orbital symmetries:
       Occupied  (AG) (BU) (AG) (BU) (AG) (AG)
       Virtual   (BU) (BU) (BU) (AG) (AG) (BU)
 The electronic state is 1-AG.
 Alpha  occ. eigenvalues --   -0.90300  -0.78122  -0.61057  -0.53409  -0.26030
 Alpha  occ. eigenvalues --   -0.12796
 Alpha virt. eigenvalues --   -0.19504  -0.03532   0.40399   0.45027   0.58713
 Alpha virt. eigenvalues --    0.79356
          Condensed to atoms (all electrons):
               1          2          3          4          5          6
     1  H    1.265689  -0.067519  -0.078119  -0.004058  -0.002485   0.000619
     2  H   -0.067519   0.727273   0.456903  -0.095896   0.029264  -0.019499
     3  H   -0.078119   0.456903   0.866612  -0.117839  -0.131760   0.013527
     4  H   -0.004058  -0.095896  -0.117839   0.970359   0.378380  -0.051422
     5  H   -0.002485   0.029264  -0.131760   0.378380   1.285255  -0.385670
     6  H    0.000619  -0.019499   0.013527  -0.051422  -0.385670   0.989007
     7  H   -0.000231   0.000328   0.001560   0.000539  -0.013832   0.050231
     8  H    0.001191   0.001223   0.000539  -0.093326  -0.059288   0.267907
     9  H    0.000202  -0.093190   0.050231   0.267907  -0.246890   0.195949
    10  H    0.000696   0.012476  -0.013832  -0.059288   0.099306  -0.246890
    11  H   -0.000186   0.001055   0.000328   0.001223   0.012476  -0.093190
    12  H    0.000050  -0.000186  -0.000231   0.001191   0.000696   0.000202
               7          8          9         10         11         12
     1  H   -0.000231   0.001191   0.000202   0.000696  -0.000186   0.000050
     2  H    0.000328   0.001223  -0.093190   0.012476   0.001055  -0.000186
     3  H    0.001560   0.000539   0.050231  -0.013832   0.000328  -0.000231
     4  H    0.000539  -0.093326   0.267907  -0.059288   0.001223   0.001191
     5  H   -0.013832  -0.059288  -0.246890   0.099306   0.012476   0.000696
     6  H    0.050231   0.267907   0.195949  -0.246890  -0.093190   0.000202
     7  H    0.866612  -0.117839   0.013527  -0.131760   0.456903  -0.078119
     8  H   -0.117839   0.970359  -0.051422   0.378380  -0.095896  -0.004058
     9  H    0.013527  -0.051422   0.989007  -0.385670  -0.019499   0.000619
    10  H   -0.131760   0.378380  -0.385670   1.285255   0.029264  -0.002485
    11  H    0.456903  -0.095896  -0.019499   0.029264   0.727273  -0.067519
    12  H   -0.078119  -0.004058   0.000619  -0.002485  -0.067519   1.265689
 Mulliken charges:
               1
     1  H   -0.115850
     2  H    0.047766
     3  H   -0.047920
     4  H   -0.197770
     5  H    0.034546
     6  H    0.279228
     7  H   -0.047920
     8  H   -0.197770
     9  H    0.279228
    10  H    0.034546
    11  H    0.047766
    12  H   -0.115850
 Sum of Mulliken charges =   0.00000
 Mulliken charges with hydrogens summed into heavy atoms:
               1
 Electronic spatial extent (au):  <R**2>=            235.1960
 Charge=              0.0000 electrons
 Dipole moment (field-independent basis, Debye):
    X=              0.0000    Y=             -0.0000    Z=              0.0000  Tot=              0.0000
 Quadrupole moment (field-independent basis, Debye-Ang):
   XX=            -14.2731   YY=            -35.9270   ZZ=            -14.8078
   XY=             -3.8601   XZ=             -0.0000   YZ=             -0.0000
 Traceless Quadrupole moment (field-independent basis, Debye-Ang):
   XX=              7.3962   YY=            -14.2577   ZZ=              6.8615
   XY=             -3.8601   XZ=             -0.0000   YZ=             -0.0000
 Octapole moment (field-independent basis, Debye-Ang**2):
  XXX=              0.0000  YYY=             -0.0000  ZZZ=              0.0000  XYY=              0.0000
  XXY=             -0.0000  XXZ=              0.0000  XZZ=              0.0000  YZZ=             -0.0000
  YYZ=              0.0000  XYZ=              0.0000
 Hexadecapole moment (field-independent basis, Debye-Ang**3):
 XXXX=            -50.6379 YYYY=           -694.6410 ZZZZ=            -17.3418 XXXY=            -36.1330
 XXXZ=             -0.0000 YYYX=            -98.3550 YYYZ=             -0.0000 ZZZX=             -0.0000
 ZZZY=             -0.0000 XXYY=            -93.3951 XXZZ=            -11.4809 YYZZ=            -73.5055
 XXYZ=             -0.0000 YYXZ=             -0.0000 ZZXY=            -11.5640
 N-N= 1.761272324255D+01 E-N=-4.651257507211D+01  KE= 6.932363806257D+00
 Symmetry AG   KE= 4.752158440933D+00
 Symmetry BG   KE= 0.000000000000D+00
 Symmetry AU   KE= 0.000000000000D+00
 Symmetry BU   KE= 2.180205365324D+00

 Test job not archived.
 1\1\GINC-SULU\Stability\RHF\Gen\H12\LCJ1\17-Feb-2017\0\\#rhf/gen scf(s
 ymm,tight,novaracc,noincfock,fulldiag) stable(crhf) guess=read geom=no
 crowd test\\hf stability analysis of h12 triangular lattice, y= 1.4552
 307619668963\\0,1\H\H,1,1.5083435609\H,1,1.5083435609,2,30.5\H,2,1.508
 3435609,1,149.5,3,0.,0\H,2,1.5083435609,1,180.,3,0.,0\H,4,1.5083435609
 ,3,180.,5,0.,0\H,6,1.5083435609,5,180.,3,0.,0\H,4,1.5083435609,2,180.,
 3,0.,0\H,3,1.5083435609,1,180.,4,0.,0\H,9,1.5083435609,3,180.,4,0.,0\H
 ,8,1.5083435609,4,180.,3,0.,0\H,7,1.5083435609,6,180.,3,0.,0\\Version=
 ES64L-G09RevE.01\State=1-AG\HF=-5.3945139\MP2=-5.9728628\RMSD=2.336e-0
 9\Dipole=0.,0.,0.\Quadrupole=3.8618667,5.1013669,-8.9632336,0.,-5.6489
 73,0.\PG=C02H [SGH(H12)]\\@


 I DO NOT KNOW WHAT I MAY APPEAR TO THE WORLD; BUT TO MYSELF
 I SEEM TO HAVE BEEN ONLY LIKE A BOY PLAYING ON THE SEASHORE,
 AND DIVERTING MYSELF IN NOW AND THEN FINDING A SMOOTHER PEBBLE
 OR A PRETTIER SHELL THAN ORDINARY, WHILST THE GREAT OCEAN OF
 TRUTH LAY ALL UNDISCOVERED BEFORE ME.
                                          -- NEWTON (1642-1726)
 Job cpu time:       0 days  0 hours  0 minutes  1.0 seconds.
 File lengths (MBytes):  RWF=     84 Int=      0 D2E=      0 Chk=      2 Scr=      2
 Normal termination of Gaussian 09 at Fri Feb 17 15:08:21 2017.
