 Entering Gaussian System, Link 0=g09
 AtFile(1): H.gbs
            H     0
            S   10   1.00
               1000.000000000000            0.000068713567
                316.227766000000            0.000169141320
                100.000000000000            0.000823394812
                 31.622776600000            0.003425569236
                 10.000000000000            0.013951996000
                  3.162277660000            0.056909313560
                  1.000000000000            0.198286399900
                  0.316227766000            0.496922426700
                  0.100000000000            0.369846276400
                  0.031622776600            0.003752720039
            ****
 Initial command:
 /projects/guscus/apps/gau/g09-e1/g09/l1.exe "/users/lcj1/gaussian/h12/rhfstability/rect/guess/ag4bu2/Gau-11456.inp" -scrdir="/users/lcj1/gaussian/h12/rhfstability/rect/guess/ag4bu2/"
 Entering Link 1 = /projects/guscus/apps/gau/g09-e1/g09/l1.exe PID=     11457.
  
 Copyright (c) 1988,1990,1992,1993,1995,1998,2003,2009,2015,
            Gaussian, Inc.  All Rights Reserved.
  
 This is part of the Gaussian(R) 09 program.  It is based on
 the Gaussian(R) 03 system (copyright 2003, Gaussian, Inc.),
 the Gaussian(R) 98 system (copyright 1998, Gaussian, Inc.),
 the Gaussian(R) 94 system (copyright 1995, Gaussian, Inc.),
 the Gaussian 92(TM) system (copyright 1992, Gaussian, Inc.),
 the Gaussian 90(TM) system (copyright 1990, Gaussian, Inc.),
 the Gaussian 88(TM) system (copyright 1988, Gaussian, Inc.),
 the Gaussian 86(TM) system (copyright 1986, Carnegie Mellon
 University), and the Gaussian 82(TM) system (copyright 1983,
 Carnegie Mellon University). Gaussian is a federally registered
 trademark of Gaussian, Inc.
  
 This software contains proprietary and confidential information,
 including trade secrets, belonging to Gaussian, Inc.
  
 This software is provided under written license and may be
 used, copied, transmitted, or stored only in accord with that
 written license.
  
 The following legend is applicable only to US Government
 contracts under FAR:
  
                    RESTRICTED RIGHTS LEGEND
  
 Use, reproduction and disclosure by the US Government is
 subject to restrictions as set forth in subparagraphs (a)
 and (c) of the Commercial Computer Software - Restricted
 Rights clause in FAR 52.227-19.
  
 Gaussian, Inc.
 340 Quinnipiac St., Bldg. 40, Wallingford CT 06492
  
  
 ---------------------------------------------------------------
 Warning -- This program may not be used in any manner that
 competes with the business of Gaussian, Inc. or will provide
 assistance to any competitor of Gaussian, Inc.  The licensee
 of this program is prohibited from giving any competitor of
 Gaussian, Inc. access to this program.  By using this program,
 the user acknowledges that Gaussian, Inc. is engaged in the
 business of creating and licensing software in the field of
 computational chemistry and represents and warrants to the
 licensee that it is not a competitor of Gaussian, Inc. and that
 it will not use this program in any manner prohibited above.
 ---------------------------------------------------------------
  

 Cite this work as:
 Gaussian 09, Revision E.01,
 M. J. Frisch, G. W. Trucks, H. B. Schlegel, G. E. Scuseria, 
 M. A. Robb, J. R. Cheeseman, G. Scalmani, V. Barone, B. Mennucci, 
 G. A. Petersson, H. Nakatsuji, M. Caricato, X. Li, H. P. Hratchian, 
 A. F. Izmaylov, J. Bloino, G. Zheng, J. L. Sonnenberg, M. Hada, 
 M. Ehara, K. Toyota, R. Fukuda, J. Hasegawa, M. Ishida, T. Nakajima, 
 Y. Honda, O. Kitao, H. Nakai, T. Vreven, J. A. Montgomery, Jr., 
 J. E. Peralta, F. Ogliaro, M. Bearpark, J. J. Heyd, E. Brothers, 
 K. N. Kudin, V. N. Staroverov, T. Keith, R. Kobayashi, J. Normand, 
 K. Raghavachari, A. Rendell, J. C. Burant, S. S. Iyengar, J. Tomasi, 
 M. Cossi, N. Rega, J. M. Millam, M. Klene, J. E. Knox, J. B. Cross, 
 V. Bakken, C. Adamo, J. Jaramillo, R. Gomperts, R. E. Stratmann, 
 O. Yazyev, A. J. Austin, R. Cammi, C. Pomelli, J. W. Ochterski, 
 R. L. Martin, K. Morokuma, V. G. Zakrzewski, G. A. Voth, 
 P. Salvador, J. J. Dannenberg, S. Dapprich, A. D. Daniels, 
 O. Farkas, J. B. Foresman, J. V. Ortiz, J. Cioslowski, 
 and D. J. Fox, Gaussian, Inc., Wallingford CT, 2013.
 
 ******************************************
 Gaussian 09:  ES64L-G09RevE.01 30-Nov-2015
                17-Feb-2017 
 ******************************************
 %chk=h12.chk
 ----------------------------------------------------------------------
 #rhf/gen scf(symm,tight,novaracc,noincfock,fulldiag) stable(crhf) gues
 s=read geom=nocrowd test
 ----------------------------------------------------------------------
 1/38=1/1;
 2/12=1,17=6,18=5,40=1/2;
 3/5=7,16=1,25=1,30=1,116=1/1,2,3;
 4/5=1,9=4/1;
 5/5=100002,15=2,16=1,32=2,38=6/2;
 8/6=1,10=90,11=11/1,4;
 9/8=4,13=1/2;
 6/7=2,8=2,9=2,10=2,28=1/1;
 99/5=1,9=1/99;
 ----------------------------------------------------------------------
 hf stability analysis of h12 triangular lattice, y= 0.2980984873290020
 2
 ----------------------------------------------------------------------
 Symbolic Z-matrix:
 Charge =  0 Multiplicity = 1
 H
 H                    1     1.95958 
 H                    1     1.95958  2     162.5 
 H                    2     1.95958  1     17.5     3     0.       0
 H                    2     1.95958  1     180.     3     0.       0
 H                    4     1.95958  3     180.     5     0.       0
 H                    6     1.95958  5     180.     3     0.       0
 H                    4     1.95958  2     180.     3     0.       0
 H                    3     1.95958  1     180.     4     0.       0
 H                    9     1.95958  3     180.     4     0.       0
 H                    8     1.95958  4     180.     3     0.       0
 H                    7     1.95958  6     180.     3     0.       0
 
                          Input orientation:                          
 ---------------------------------------------------------------------
 Center     Atomic      Atomic             Coordinates (Angstroms)
 Number     Number       Type             X           Y           Z
 ---------------------------------------------------------------------
      1          1           0        0.000000    0.000000    0.000000
      2          1           0        0.000000    0.000000    1.959584
      3          1           0        0.589258    0.000000   -1.868888
      4          1           0        0.589258    0.000000    0.090696
      5          1           0        0.000000    0.000000    3.919167
      6          1           0        0.589258    0.000000    2.050279
      7          1           0        1.178516    0.000000    0.181391
      8          1           0        1.178516    0.000000   -1.778193
      9          1           0        1.178516    0.000000   -3.737776
     10          1           0        1.767774    0.000000   -5.606664
     11          1           0        1.767774    0.000000   -3.647081
     12          1           0        1.767774    0.000000   -1.687497
 ---------------------------------------------------------------------
                    Distance matrix (angstroms):
                    1          2          3          4          5
     1  H    0.000000
     2  H    1.959584   0.000000
     3  H    1.959584   3.873554   0.000000
     4  H    0.596197   1.959584   1.959584   0.000000
     5  H    3.919167   1.959584   5.817973   3.873554   0.000000
     6  H    2.133277   0.596197   3.919167   1.959584   1.959584
     7  H    1.192394   2.133277   2.133277   0.596197   3.919167
     8  H    2.133277   3.919167   0.596197   1.959584   5.817973
     9  H    3.919167   5.817973   1.959584   3.873554   7.747108
    10  H    5.878751   7.770015   3.919167   5.817973   9.688472
    11  H    4.052928   5.878751   2.133277   3.919167   7.770015
    12  H    2.443905   4.052928   1.192394   2.133277   5.878751
                    6          7          8          9         10
     6  H    0.000000
     7  H    1.959584   0.000000
     8  H    3.873554   1.959584   0.000000
     9  H    5.817973   3.919167   1.959584   0.000000
    10  H    7.747108   5.817973   3.873554   1.959584   0.000000
    11  H    5.817973   3.873554   1.959584   0.596197   1.959584
    12  H    3.919167   1.959584   0.596197   2.133277   3.919167
                   11         12
    11  H    0.000000
    12  H    1.959584   0.000000
 Stoichiometry    H12
 Framework group  C2H[SGH(H12)]
 Deg. of freedom    11
 Full point group                 C2H     NOp   4
 Largest Abelian subgroup         C2H     NOp   4
 Largest concise Abelian subgroup C2      NOp   2
                         Standard orientation:                         
 ---------------------------------------------------------------------
 Center     Atomic      Atomic             Coordinates (Angstroms)
 Number     Number       Type             X           Y           Z
 ---------------------------------------------------------------------
      1          1           0        0.589258    1.070487    0.000000
      2          1           0        0.000000    2.939375    0.000000
      3          1           0        0.589258   -0.889096    0.000000
      4          1           0        0.000000    0.979792    0.000000
      5          1           0       -0.589258    4.808263    0.000000
      6          1           0       -0.589258    2.848680    0.000000
      7          1           0       -0.589258    0.889096    0.000000
      8          1           0       -0.000000   -0.979792   -0.000000
      9          1           0        0.589258   -2.848680   -0.000000
     10          1           0        0.589258   -4.808263   -0.000000
     11          1           0       -0.000000   -2.939375   -0.000000
     12          1           0       -0.589258   -1.070487   -0.000000
 ---------------------------------------------------------------------
 Rotational constants (GHZ):    271.0016346      5.7992554      5.6777552
 General basis read from cards:  (5D, 7F)
 There are     6 symmetry adapted cartesian basis functions of AG  symmetry.
 There are     0 symmetry adapted cartesian basis functions of BG  symmetry.
 There are     0 symmetry adapted cartesian basis functions of AU  symmetry.
 There are     6 symmetry adapted cartesian basis functions of BU  symmetry.
 There are     6 symmetry adapted basis functions of AG  symmetry.
 There are     0 symmetry adapted basis functions of BG  symmetry.
 There are     0 symmetry adapted basis functions of AU  symmetry.
 There are     6 symmetry adapted basis functions of BU  symmetry.
    12 basis functions,   120 primitive gaussians,    12 cartesian basis functions
     6 alpha electrons        6 beta electrons
       nuclear repulsion energy        16.4220477199 Hartrees.
 NAtoms=   12 NActive=   12 NUniq=    6 SFac= 4.00D+00 NAtFMM=   60 NAOKFM=F Big=F
 Integral buffers will be    131072 words long.
 Regular integral format.
 Two-electron integral symmetry is turned on.
 One-electron integrals computed using PRISM.
 NBasis=    12 RedAO= T EigKep=  5.88D-02  NBF=     6     0     0     6
 NBsUse=    12 1.00D-06 EigRej= -1.00D+00 NBFU=     6     0     0     6
 Initial guess from the checkpoint file:  "h12.chk"
 B after Tr=    -0.000000   -0.000000   -0.000000
         Rot=    0.983593   -0.000000    0.000000    0.180402 Ang=  20.79 deg.
 Initial guess orbital symmetries:
       Occupied  (AG) (BU) (BU) (AG) (AG) (AG)
       Virtual   (BU) (BU) (BU) (AG) (AG) (BU)
 Keep R1 ints in memory in symmetry-blocked form, NReq=896098.
 Requested convergence on RMS density matrix=1.00D-08 within 128 cycles.
 Requested convergence on MAX density matrix=1.00D-06.
 Requested convergence on             energy=1.00D-06.
 No special actions if energy rises.
 SCF Done:  E(RHF) =  -5.13604899706     A.U. after   11 cycles
            NFock= 11  Conv=0.12D-08     -V/T= 1.7570
 Range of M.O.s used for correlation:     1    12
 NBasis=    12 NAE=     6 NBE=     6 NFC=     0 NFV=     0
 NROrb=     12 NOA=     6 NOB=     6 NVA=     6 NVB=     6

 **** Warning!!: The smallest alpha delta epsilon is  0.38857186D-01

 Semi-Direct transformation.
 ModeAB=           4 MOrb=             6 LenV=     134092389
 LASXX=         2181 LTotXX=        2181 LenRXX=        5115
 LTotAB=        2934 MaxLAS=        3024 LenRXY=           0
 NonZer=        7296 LenScr=      655360 LnRSAI=        3024
 LnScr1=      655360 LExtra=           0 Total=      1318859
 MaxDsk=          -1 SrtSym=           T ITran=            3
 JobTyp=0 Pass  1:  I=   1 to   6.
 (rs|ai) integrals will be sorted in core.
 Spin components of T(2) and E(2):
     alpha-alpha T2 =       0.1978944049D-01 E2=     -0.6447558744D-02
     alpha-beta  T2 =       0.7142003529D+01 E2=     -0.8759984866D+00
     beta-beta   T2 =       0.1978944049D-01 E2=     -0.6447558744D-02
 ANorm=    0.2860346554D+01
 E2 =    -0.8888936041D+00 EUMP2 =    -0.60249426011301D+01
 Second order stability test of a single determinant RHF wave function:
 Stabil:  MDV=134217728
 ***********************************************************************
 Matrix         Lowest Root    Major Pairs
 ***********************************************************************
 Internal RHF    -0.0814281    6A=7A
 RRHF --> CRHF   -0.1093778    6A=8A
 RRHF --> RUHF   -0.5749662    5A=7B
 Not stable.
 ***********************************************************************

 **********************************************************************

            Population analysis using the SCF density.

 **********************************************************************

 Orbital symmetries:
       Occupied  (AG) (BU) (AG) (BU) (AG) (AG)
       Virtual   (BU) (BU) (BU) (AG) (AG) (BU)
 The electronic state is 1-AG.
 Alpha  occ. eigenvalues --   -0.87447  -0.83106  -0.67418  -0.66804  -0.19458
 Alpha  occ. eigenvalues --   -0.17811
 Alpha virt. eigenvalues --   -0.13925  -0.05594   0.53770   0.54426   1.07694
 Alpha virt. eigenvalues --    1.22583
          Condensed to atoms (all electrons):
               1          2          3          4          5          6
     1  H    1.309485   0.017573  -0.283993   0.258872   0.000122  -0.045054
     2  H    0.017573   0.613894  -0.002166  -0.035909  -0.028855   0.478432
     3  H   -0.283993  -0.002166   1.258250  -0.026627   0.000006   0.002568
     4  H    0.258872  -0.035909  -0.026627   1.004357   0.000324  -0.037941
     5  H    0.000122  -0.028855   0.000006   0.000324   1.063936  -0.029359
     6  H   -0.045054   0.478432   0.002568  -0.037941  -0.029359   0.626216
     7  H   -0.569195  -0.042400   0.207904   0.234408   0.000085   0.018564
     8  H   -0.014062   0.000367   0.234408  -0.024455   0.000017   0.000293
     9  H   -0.002180  -0.000002   0.018564   0.000293  -0.000003   0.000021
    10  H    0.000006  -0.000003   0.000085   0.000017   0.000001  -0.000003
    11  H    0.002021   0.000017  -0.042400   0.000367  -0.000003  -0.000002
    12  H    0.148552   0.002021  -0.569195  -0.014062   0.000006  -0.002180
               7          8          9         10         11         12
     1  H   -0.569195  -0.014062  -0.002180   0.000006   0.002021   0.148552
     2  H   -0.042400   0.000367  -0.000002  -0.000003   0.000017   0.002021
     3  H    0.207904   0.234408   0.018564   0.000085  -0.042400  -0.569195
     4  H    0.234408  -0.024455   0.000293   0.000017   0.000367  -0.014062
     5  H    0.000085   0.000017  -0.000003   0.000001  -0.000003   0.000006
     6  H    0.018564   0.000293   0.000021  -0.000003  -0.000002  -0.002180
     7  H    1.258250  -0.026627   0.002568   0.000006  -0.002166  -0.283993
     8  H   -0.026627   1.004357  -0.037941   0.000324  -0.035909   0.258872
     9  H    0.002568  -0.037941   0.626216  -0.029359   0.478432  -0.045054
    10  H    0.000006   0.000324  -0.029359   1.063936  -0.028855   0.000122
    11  H   -0.002166  -0.035909   0.478432  -0.028855   0.613894   0.017573
    12  H   -0.283993   0.258872  -0.045054   0.000122   0.017573   1.309485
 Mulliken charges:
               1
     1  H    0.177853
     2  H   -0.002971
     3  H    0.202595
     4  H   -0.359645
     5  H   -0.006277
     6  H   -0.011556
     7  H    0.202595
     8  H   -0.359645
     9  H   -0.011556
    10  H   -0.006277
    11  H   -0.002971
    12  H    0.177853
 Sum of Mulliken charges =  -0.00000
 Mulliken charges with hydrogens summed into heavy atoms:
               1
 Electronic spatial extent (au):  <R**2>=            354.4302
 Charge=             -0.0000 electrons
 Dipole moment (field-independent basis, Debye):
    X=              0.0000    Y=             -0.0000    Z=              0.0000  Tot=              0.0000
 Quadrupole moment (field-independent basis, Debye-Ang):
   XX=            -15.0591   YY=            -22.3617   ZZ=            -15.0844
   XY=              0.4427   XZ=              0.0000   YZ=             -0.0000
 Traceless Quadrupole moment (field-independent basis, Debye-Ang):
   XX=              2.4426   YY=             -4.8600   ZZ=              2.4173
   XY=              0.4427   XZ=              0.0000   YZ=             -0.0000
 Octapole moment (field-independent basis, Debye-Ang**2):
  XXX=              0.0000  YYY=             -0.0000  ZZZ=              0.0000  XYY=             -0.0000
  XXY=             -0.0000  XXZ=              0.0000  XZZ=              0.0000  YZZ=              0.0000
  YYZ=              0.0000  XYZ=             -0.0000
 Hexadecapole moment (field-independent basis, Debye-Ang**3):
 XXXX=            -38.7534 YYYY=           -865.5644 ZZZZ=            -17.9758 XXXY=             34.4744
 XXXZ=              0.0000 YYYX=             56.5495 YYYZ=             -0.0000 ZZZX=              0.0000
 ZZZY=             -0.0000 XXYY=           -124.9017 XXZZ=             -9.4879 YYZZ=           -121.0810
 XXYZ=             -0.0000 YYXZ=              0.0000 ZZXY=             11.8539
 N-N= 1.642204771986D+01 E-N=-4.306015531416D+01  KE= 6.784841534749D+00
 Symmetry AG   KE= 4.731629295286D+00
 Symmetry BG   KE= 0.000000000000D+00
 Symmetry AU   KE= 0.000000000000D+00
 Symmetry BU   KE= 2.053212239463D+00

 Test job not archived.
 1\1\GINC-SULU\Stability\RHF\Gen\H12\LCJ1\17-Feb-2017\0\\#rhf/gen scf(s
 ymm,tight,novaracc,noincfock,fulldiag) stable(crhf) guess=read geom=no
 crowd test\\hf stability analysis of h12 triangular lattice, y= 0.2980
 9848732900202\\0,1\H\H,1,1.9595835102\H,1,1.9595835102,2,162.5\H,2,1.9
 595835102,1,17.5,3,0.,0\H,2,1.9595835102,1,180.,3,0.,0\H,4,1.959583510
 2,3,180.,5,0.,0\H,6,1.9595835102,5,180.,3,0.,0\H,4,1.9595835102,2,180.
 ,3,0.,0\H,3,1.9595835102,1,180.,4,0.,0\H,9,1.9595835102,3,180.,4,0.,0\
 H,8,1.9595835102,4,180.,3,0.,0\H,7,1.9595835102,6,180.,3,0.,0\\Version
 =ES64L-G09RevE.01\State=1-AG\HF=-5.136049\MP2=-6.0249426\RMSD=1.199e-0
 9\Dipole=0.,0.,0.\Quadrupole=1.5138705,1.7972308,-3.3111013,0.,1.28746
 59,0.\PG=C02H [SGH(H12)]\\@


 IF YOU GET CONFUSED, LOGIC OUT YOUR DILEMMA

           --  PICKER X-RAY CORP.    DIGITAL PRINTER MANUAL CA. 1964
 Job cpu time:       0 days  0 hours  0 minutes  1.0 seconds.
 File lengths (MBytes):  RWF=     84 Int=      0 D2E=      0 Chk=      2 Scr=      2
 Normal termination of Gaussian 09 at Fri Feb 17 14:54:36 2017.
