 Entering Gaussian System, Link 0=g09
 AtFile(1): H.gbs
            H     0
            S   10   1.00
               1000.000000000000            0.000068713567
                316.227766000000            0.000169141320
                100.000000000000            0.000823394812
                 31.622776600000            0.003425569236
                 10.000000000000            0.013951996000
                  3.162277660000            0.056909313560
                  1.000000000000            0.198286399900
                  0.316227766000            0.496922426700
                  0.100000000000            0.369846276400
                  0.031622776600            0.003752720039
            ****
 Initial command:
 /projects/guscus/apps/gau/g09-e1/g09/l1.exe "/users/lcj1/gaussian/h12/rhfstability/rect/guess/ag4bu2/Gau-11954.inp" -scrdir="/users/lcj1/gaussian/h12/rhfstability/rect/guess/ag4bu2/"
 Entering Link 1 = /projects/guscus/apps/gau/g09-e1/g09/l1.exe PID=     11955.
  
 Copyright (c) 1988,1990,1992,1993,1995,1998,2003,2009,2015,
            Gaussian, Inc.  All Rights Reserved.
  
 This is part of the Gaussian(R) 09 program.  It is based on
 the Gaussian(R) 03 system (copyright 2003, Gaussian, Inc.),
 the Gaussian(R) 98 system (copyright 1998, Gaussian, Inc.),
 the Gaussian(R) 94 system (copyright 1995, Gaussian, Inc.),
 the Gaussian 92(TM) system (copyright 1992, Gaussian, Inc.),
 the Gaussian 90(TM) system (copyright 1990, Gaussian, Inc.),
 the Gaussian 88(TM) system (copyright 1988, Gaussian, Inc.),
 the Gaussian 86(TM) system (copyright 1986, Carnegie Mellon
 University), and the Gaussian 82(TM) system (copyright 1983,
 Carnegie Mellon University). Gaussian is a federally registered
 trademark of Gaussian, Inc.
  
 This software contains proprietary and confidential information,
 including trade secrets, belonging to Gaussian, Inc.
  
 This software is provided under written license and may be
 used, copied, transmitted, or stored only in accord with that
 written license.
  
 The following legend is applicable only to US Government
 contracts under FAR:
  
                    RESTRICTED RIGHTS LEGEND
  
 Use, reproduction and disclosure by the US Government is
 subject to restrictions as set forth in subparagraphs (a)
 and (c) of the Commercial Computer Software - Restricted
 Rights clause in FAR 52.227-19.
  
 Gaussian, Inc.
 340 Quinnipiac St., Bldg. 40, Wallingford CT 06492
  
  
 ---------------------------------------------------------------
 Warning -- This program may not be used in any manner that
 competes with the business of Gaussian, Inc. or will provide
 assistance to any competitor of Gaussian, Inc.  The licensee
 of this program is prohibited from giving any competitor of
 Gaussian, Inc. access to this program.  By using this program,
 the user acknowledges that Gaussian, Inc. is engaged in the
 business of creating and licensing software in the field of
 computational chemistry and represents and warrants to the
 licensee that it is not a competitor of Gaussian, Inc. and that
 it will not use this program in any manner prohibited above.
 ---------------------------------------------------------------
  

 Cite this work as:
 Gaussian 09, Revision E.01,
 M. J. Frisch, G. W. Trucks, H. B. Schlegel, G. E. Scuseria, 
 M. A. Robb, J. R. Cheeseman, G. Scalmani, V. Barone, B. Mennucci, 
 G. A. Petersson, H. Nakatsuji, M. Caricato, X. Li, H. P. Hratchian, 
 A. F. Izmaylov, J. Bloino, G. Zheng, J. L. Sonnenberg, M. Hada, 
 M. Ehara, K. Toyota, R. Fukuda, J. Hasegawa, M. Ishida, T. Nakajima, 
 Y. Honda, O. Kitao, H. Nakai, T. Vreven, J. A. Montgomery, Jr., 
 J. E. Peralta, F. Ogliaro, M. Bearpark, J. J. Heyd, E. Brothers, 
 K. N. Kudin, V. N. Staroverov, T. Keith, R. Kobayashi, J. Normand, 
 K. Raghavachari, A. Rendell, J. C. Burant, S. S. Iyengar, J. Tomasi, 
 M. Cossi, N. Rega, J. M. Millam, M. Klene, J. E. Knox, J. B. Cross, 
 V. Bakken, C. Adamo, J. Jaramillo, R. Gomperts, R. E. Stratmann, 
 O. Yazyev, A. J. Austin, R. Cammi, C. Pomelli, J. W. Ochterski, 
 R. L. Martin, K. Morokuma, V. G. Zakrzewski, G. A. Voth, 
 P. Salvador, J. J. Dannenberg, S. Dapprich, A. D. Daniels, 
 O. Farkas, J. B. Foresman, J. V. Ortiz, J. Cioslowski, 
 and D. J. Fox, Gaussian, Inc., Wallingford CT, 2013.
 
 ******************************************
 Gaussian 09:  ES64L-G09RevE.01 30-Nov-2015
                17-Feb-2017 
 ******************************************
 %chk=h12.chk
 ----------------------------------------------------------------------
 #rhf/gen scf(symm,tight,novaracc,noincfock,fulldiag) stable(crhf) gues
 s=read geom=nocrowd test
 ----------------------------------------------------------------------
 1/38=1/1;
 2/12=1,17=6,18=5,40=1/2;
 3/5=7,16=1,25=1,30=1,116=1/1,2,3;
 4/5=1,9=4/1;
 5/5=100002,15=2,16=1,32=2,38=6/2;
 8/6=1,10=90,11=11/1,4;
 9/8=4,13=1/2;
 6/7=2,8=2,9=2,10=2,28=1/1;
 99/5=1,9=1/99;
 ----------------------------------------------------------------------
 hf stability analysis of h12 triangular lattice, y= 1.4808545702551064
 ----------------------------------------------------------------------
 Symbolic Z-matrix:
 Charge =  0 Multiplicity = 1
 H
 H                    1     1.53132 
 H                    1     1.53132  2     29.5 
 H                    2     1.53132  1     150.5    3     0.       0
 H                    2     1.53132  1     180.     3     0.       0
 H                    4     1.53132  3     180.     5     0.       0
 H                    6     1.53132  5     180.     3     0.       0
 H                    4     1.53132  2     180.     3     0.       0
 H                    3     1.53132  1     180.     4     0.       0
 H                    9     1.53132  3     180.     4     0.       0
 H                    8     1.53132  4     180.     3     0.       0
 H                    7     1.53132  6     180.     3     0.       0
 
                          Input orientation:                          
 ---------------------------------------------------------------------
 Center     Atomic      Atomic             Coordinates (Angstroms)
 Number     Number       Type             X           Y           Z
 ---------------------------------------------------------------------
      1          1           0        0.000000    0.000000    0.000000
      2          1           0        0.000000    0.000000    1.531318
      3          1           0        0.754057    0.000000    1.332791
      4          1           0        0.754057    0.000000    2.864109
      5          1           0        0.000000    0.000000    3.062635
      6          1           0        0.754057    0.000000    4.395426
      7          1           0        1.508114    0.000000    5.728218
      8          1           0        1.508114    0.000000    4.196900
      9          1           0        1.508114    0.000000    2.665582
     10          1           0        2.262171    0.000000    3.998373
     11          1           0        2.262171    0.000000    5.529691
     12          1           0        2.262171    0.000000    7.061009
 ---------------------------------------------------------------------
                    Distance matrix (angstroms):
                    1          2          3          4          5
     1  H    0.000000
     2  H    1.531318   0.000000
     3  H    1.531318   0.779753   0.000000
     4  H    2.961709   1.531318   1.531318   0.000000
     5  H    3.062635   1.531318   1.887051   0.779753   0.000000
     6  H    4.459639   2.961709   3.062635   1.531318   1.531318
     7  H    5.923418   4.459639   4.459639   2.961709   3.062635
     8  H    4.459639   3.062635   2.961709   1.531318   1.887051
     9  H    3.062635   1.887051   1.531318   0.779753   1.559506
    10  H    4.593953   3.347205   3.062635   1.887051   2.448065
    11  H    5.974521   4.593953   4.459639   3.062635   3.347205
    12  H    7.414530   5.974521   5.923418   4.459639   4.593953
                    6          7          8          9         10
     6  H    0.000000
     7  H    1.531318   0.000000
     8  H    0.779753   1.531318   0.000000
     9  H    1.887051   3.062635   1.531318   0.000000
    10  H    1.559506   1.887051   0.779753   1.531318   0.000000
    11  H    1.887051   0.779753   1.531318   2.961709   1.531318
    12  H    3.062635   1.531318   2.961709   4.459639   3.062635
                   11         12
    11  H    0.000000
    12  H    1.531318   0.000000
 Stoichiometry    H12
 Framework group  C2H[SGH(H12)]
 Deg. of freedom    11
 Full point group                 C2H     NOp   4
 Largest Abelian subgroup         C2H     NOp   4
 Largest concise Abelian subgroup C2      NOp   2
                         Standard orientation:                         
 ---------------------------------------------------------------------
 Center     Atomic      Atomic             Coordinates (Angstroms)
 Number     Number       Type             X           Y           Z
 ---------------------------------------------------------------------
      1          1           0        0.754057    3.629768    0.000000
      2          1           0        0.000000    2.296977    0.000000
      3          1           0        0.754057    2.098450    0.000000
      4          1           0        0.000000    0.765659    0.000000
      5          1           0       -0.754057    0.964185   -0.000000
      6          1           0       -0.754057   -0.567132   -0.000000
      7          1           0       -0.754057   -2.098450    0.000000
      8          1           0       -0.000000   -0.765659    0.000000
      9          1           0        0.754057    0.567132   -0.000000
     10          1           0        0.754057   -0.964185    0.000000
     11          1           0       -0.000000   -2.296977    0.000000
     12          1           0       -0.754057   -3.629768    0.000000
 ---------------------------------------------------------------------
 Rotational constants (GHZ):    159.1580644      9.8745056      9.2976590
 General basis read from cards:  (5D, 7F)
 There are     6 symmetry adapted cartesian basis functions of AG  symmetry.
 There are     0 symmetry adapted cartesian basis functions of BG  symmetry.
 There are     0 symmetry adapted cartesian basis functions of AU  symmetry.
 There are     6 symmetry adapted cartesian basis functions of BU  symmetry.
 There are     6 symmetry adapted basis functions of AG  symmetry.
 There are     0 symmetry adapted basis functions of BG  symmetry.
 There are     0 symmetry adapted basis functions of AU  symmetry.
 There are     6 symmetry adapted basis functions of BU  symmetry.
    12 basis functions,   120 primitive gaussians,    12 cartesian basis functions
     6 alpha electrons        6 beta electrons
       nuclear repulsion energy        17.5238070886 Hartrees.
 NAtoms=   12 NActive=   12 NUniq=    6 SFac= 4.00D+00 NAtFMM=   60 NAOKFM=F Big=F
 Integral buffers will be    131072 words long.
 Regular integral format.
 Two-electron integral symmetry is turned on.
 One-electron integrals computed using PRISM.
 NBasis=    12 RedAO= T EigKep=  1.11D-01  NBF=     6     0     0     6
 NBsUse=    12 1.00D-06 EigRej= -1.00D+00 NBFU=     6     0     0     6
 Initial guess from the checkpoint file:  "h12.chk"
 B after Tr=    -0.000000    0.000000    0.000000
         Rot=    0.979731   -0.000000   -0.000000   -0.200318 Ang= -23.11 deg.
 Initial guess orbital symmetries:
       Occupied  (AG) (BU) (BU) (AG) (AG) (AG)
       Virtual   (BU) (BU) (BU) (AG) (AG) (BU)
 Keep R1 ints in memory in symmetry-blocked form, NReq=897974.
 Requested convergence on RMS density matrix=1.00D-08 within 128 cycles.
 Requested convergence on MAX density matrix=1.00D-06.
 Requested convergence on             energy=1.00D-06.
 No special actions if energy rises.
 SCF Done:  E(RHF) =  -5.40234206723     A.U. after   15 cycles
            NFock= 15  Conv=0.85D-08     -V/T= 1.7801
 Range of M.O.s used for correlation:     1    12
 NBasis=    12 NAE=     6 NBE=     6 NFC=     0 NFV=     0
 NROrb=     12 NOA=     6 NOB=     6 NVA=     6 NVB=     6

 **** Warning!!: The smallest alpha delta epsilon is -0.50427507D-01

 Semi-Direct transformation.
 ModeAB=           4 MOrb=             6 LenV=     134089687
 LASXX=         2181 LTotXX=        2181 LenRXX=        5115
 LTotAB=        2934 MaxLAS=        3024 LenRXY=           0
 NonZer=        7296 LenScr=      655360 LnRSAI=        3024
 LnScr1=      655360 LExtra=           0 Total=      1318859
 MaxDsk=          -1 SrtSym=           T ITran=            3
 JobTyp=0 Pass  1:  I=   1 to   6.
 (rs|ai) integrals will be sorted in core.
 Spin components of T(2) and E(2):
     alpha-alpha T2 =       0.5515476225D-01 E2=     -0.1368490189D-01
     alpha-beta  T2 =       0.4602103209D+01 E2=     -0.5885134586D+00
     beta-beta   T2 =       0.5515476225D-01 E2=     -0.1368490189D-01
 ANorm=    0.2390065425D+01
 E2 =    -0.6158832624D+00 EUMP2 =    -0.60182253295855D+01
 Second order stability test of a single determinant RHF wave function:
 Stabil:  MDV=134217728
 ***********************************************************************
 Matrix         Lowest Root    Major Pairs
 ***********************************************************************
 Internal RHF    -0.2067833    6A=7A
 RRHF --> CRHF   -0.2124581    6A=7A
 RRHF --> RUHF   -0.5134644    6A=8B
 Not stable.
 ***********************************************************************

 **********************************************************************

            Population analysis using the SCF density.

 **********************************************************************

 Orbital symmetries:
       Occupied  (AG) (BU) (AG) (BU) (AG) (AG)
       Virtual   (BU) (BU) (BU) (AG) (AG) (BU)
 The electronic state is 1-AG.
 Alpha  occ. eigenvalues --   -0.89739  -0.78094  -0.61395  -0.54359  -0.25355
 Alpha  occ. eigenvalues --   -0.13388
 Alpha virt. eigenvalues --   -0.18431  -0.04583   0.41360   0.45646   0.61463
 Alpha virt. eigenvalues --    0.81999
          Condensed to atoms (all electrons):
               1          2          3          4          5          6
     1  H    1.244313  -0.064039  -0.073529  -0.003113  -0.001771   0.000515
     2  H   -0.064039   0.725830   0.461558  -0.093811   0.029144  -0.016644
     3  H   -0.073529   0.461558   0.842458  -0.111396  -0.124435   0.013238
     4  H   -0.003113  -0.093811  -0.111396   0.962378   0.363912  -0.054902
     5  H   -0.001771   0.029144  -0.124435   0.363912   1.275817  -0.384301
     6  H    0.000515  -0.016644   0.013238  -0.054902  -0.384301   1.016060
     7  H   -0.000182   0.000232   0.001243   0.000824  -0.012897   0.044409
     8  H    0.000962   0.001505   0.000824  -0.087576  -0.054384   0.279123
     9  H   -0.000108  -0.092777   0.044409   0.279123  -0.260365   0.195473
    10  H    0.000542   0.011461  -0.012897  -0.054384   0.105876  -0.260365
    11  H   -0.000149   0.000837   0.000232   0.001505   0.011461  -0.092777
    12  H    0.000040  -0.000149  -0.000182   0.000962   0.000542  -0.000108
               7          8          9         10         11         12
     1  H   -0.000182   0.000962  -0.000108   0.000542  -0.000149   0.000040
     2  H    0.000232   0.001505  -0.092777   0.011461   0.000837  -0.000149
     3  H    0.001243   0.000824   0.044409  -0.012897   0.000232  -0.000182
     4  H    0.000824  -0.087576   0.279123  -0.054384   0.001505   0.000962
     5  H   -0.012897  -0.054384  -0.260365   0.105876   0.011461   0.000542
     6  H    0.044409   0.279123   0.195473  -0.260365  -0.092777  -0.000108
     7  H    0.842458  -0.111396   0.013238  -0.124435   0.461558  -0.073529
     8  H   -0.111396   0.962378  -0.054902   0.363912  -0.093811  -0.003113
     9  H    0.013238  -0.054902   1.016060  -0.384301  -0.016644   0.000515
    10  H   -0.124435   0.363912  -0.384301   1.275817   0.029144  -0.001771
    11  H    0.461558  -0.093811  -0.016644   0.029144   0.725830  -0.064039
    12  H   -0.073529  -0.003113   0.000515  -0.001771  -0.064039   1.244313
 Mulliken charges:
               1
     1  H   -0.103482
     2  H    0.036851
     3  H   -0.041524
     4  H   -0.203523
     5  H    0.051399
     6  H    0.260279
     7  H   -0.041524
     8  H   -0.203523
     9  H    0.260279
    10  H    0.051399
    11  H    0.036851
    12  H   -0.103482
 Sum of Mulliken charges =   0.00000
 Mulliken charges with hydrogens summed into heavy atoms:
               1
 Electronic spatial extent (au):  <R**2>=            240.2475
 Charge=              0.0000 electrons
 Dipole moment (field-independent basis, Debye):
    X=              0.0000    Y=             -0.0000    Z=             -0.0000  Tot=              0.0000
 Quadrupole moment (field-independent basis, Debye-Ang):
   XX=            -14.1956   YY=            -35.0767   ZZ=            -14.8153
   XY=             -3.5440   XZ=              0.0000   YZ=             -0.0000
 Traceless Quadrupole moment (field-independent basis, Debye-Ang):
   XX=              7.1669   YY=            -13.7142   ZZ=              6.5472
   XY=             -3.5440   XZ=              0.0000   YZ=             -0.0000
 Octapole moment (field-independent basis, Debye-Ang**2):
  XXX=              0.0000  YYY=             -0.0000  ZZZ=             -0.0000  XYY=             -0.0000
  XXY=             -0.0000  XXZ=             -0.0000  XZZ=              0.0000  YZZ=             -0.0000
  YYZ=             -0.0000  XYZ=             -0.0000
 Hexadecapole moment (field-independent basis, Debye-Ang**3):
 XXXX=            -49.4053 YYYY=           -704.5199 ZZZZ=            -17.3599 XXXY=            -35.8353
 XXXZ=             -0.0000 YYYX=            -95.1657 YYYZ=             -0.0000 ZZZX=             -0.0000
 ZZZY=             -0.0000 XXYY=            -93.8142 XXZZ=            -11.2814 YYZZ=            -75.6319
 XXYZ=             -0.0000 YYXZ=             -0.0000 ZZXY=            -11.5842
 N-N= 1.752380708857D+01 E-N=-4.633047483161D+01  KE= 6.924795502742D+00
 Symmetry AG   KE= 4.742503202299D+00
 Symmetry BG   KE= 0.000000000000D+00
 Symmetry AU   KE= 0.000000000000D+00
 Symmetry BU   KE= 2.182292300443D+00

 Test job not archived.
 1\1\GINC-SULU\Stability\RHF\Gen\H12\LCJ1\17-Feb-2017\0\\#rhf/gen scf(s
 ymm,tight,novaracc,noincfock,fulldiag) stable(crhf) guess=read geom=no
 crowd test\\hf stability analysis of h12 triangular lattice, y= 1.4808
 545702551064\\0,1\H\H,1,1.5313176928\H,1,1.5313176928,2,29.5\H,2,1.531
 3176928,1,150.5,3,0.,0\H,2,1.5313176928,1,180.,3,0.,0\H,4,1.5313176928
 ,3,180.,5,0.,0\H,6,1.5313176928,5,180.,3,0.,0\H,4,1.5313176928,2,180.,
 3,0.,0\H,3,1.5313176928,1,180.,4,0.,0\H,9,1.5313176928,3,180.,4,0.,0\H
 ,8,1.5313176928,4,180.,3,0.,0\H,7,1.5313176928,6,180.,3,0.,0\\Version=
 ES64L-G09RevE.01\State=1-AG\HF=-5.4023421\MP2=-6.0182253\RMSD=8.548e-0
 9\Dipole=0.,0.,0.\Quadrupole=3.8225733,4.8676968,-8.6902701,0.,-5.2965
 165,0.\PG=C02H [SGH(H12)]\\@


 IT'S WHAT YOU LEARN AFTER YOU KNOW IT ALL
 THAT COUNTS.
 Job cpu time:       0 days  0 hours  0 minutes  1.0 seconds.
 File lengths (MBytes):  RWF=     84 Int=      0 D2E=      0 Chk=      2 Scr=      2
 Normal termination of Gaussian 09 at Fri Feb 17 15:08:27 2017.
