 Entering Gaussian System, Link 0=g09
 AtFile(1): H.gbs
            H     0
            S   10   1.00
               1000.000000000000            0.000068713567
                316.227766000000            0.000169141320
                100.000000000000            0.000823394812
                 31.622776600000            0.003425569236
                 10.000000000000            0.013951996000
                  3.162277660000            0.056909313560
                  1.000000000000            0.198286399900
                  0.316227766000            0.496922426700
                  0.100000000000            0.369846276400
                  0.031622776600            0.003752720039
            ****
 Initial command:
 /projects/guscus/apps/gau/g09-e1/g09/l1.exe "/users/lcj1/gaussian/h12/rhfstability/rect/guess/ag4bu2/Gau-30510.inp" -scrdir="/users/lcj1/gaussian/h12/rhfstability/rect/guess/ag4bu2/"
 Entering Link 1 = /projects/guscus/apps/gau/g09-e1/g09/l1.exe PID=     30511.
  
 Copyright (c) 1988,1990,1992,1993,1995,1998,2003,2009,2015,
            Gaussian, Inc.  All Rights Reserved.
  
 This is part of the Gaussian(R) 09 program.  It is based on
 the Gaussian(R) 03 system (copyright 2003, Gaussian, Inc.),
 the Gaussian(R) 98 system (copyright 1998, Gaussian, Inc.),
 the Gaussian(R) 94 system (copyright 1995, Gaussian, Inc.),
 the Gaussian 92(TM) system (copyright 1992, Gaussian, Inc.),
 the Gaussian 90(TM) system (copyright 1990, Gaussian, Inc.),
 the Gaussian 88(TM) system (copyright 1988, Gaussian, Inc.),
 the Gaussian 86(TM) system (copyright 1986, Carnegie Mellon
 University), and the Gaussian 82(TM) system (copyright 1983,
 Carnegie Mellon University). Gaussian is a federally registered
 trademark of Gaussian, Inc.
  
 This software contains proprietary and confidential information,
 including trade secrets, belonging to Gaussian, Inc.
  
 This software is provided under written license and may be
 used, copied, transmitted, or stored only in accord with that
 written license.
  
 The following legend is applicable only to US Government
 contracts under FAR:
  
                    RESTRICTED RIGHTS LEGEND
  
 Use, reproduction and disclosure by the US Government is
 subject to restrictions as set forth in subparagraphs (a)
 and (c) of the Commercial Computer Software - Restricted
 Rights clause in FAR 52.227-19.
  
 Gaussian, Inc.
 340 Quinnipiac St., Bldg. 40, Wallingford CT 06492
  
  
 ---------------------------------------------------------------
 Warning -- This program may not be used in any manner that
 competes with the business of Gaussian, Inc. or will provide
 assistance to any competitor of Gaussian, Inc.  The licensee
 of this program is prohibited from giving any competitor of
 Gaussian, Inc. access to this program.  By using this program,
 the user acknowledges that Gaussian, Inc. is engaged in the
 business of creating and licensing software in the field of
 computational chemistry and represents and warrants to the
 licensee that it is not a competitor of Gaussian, Inc. and that
 it will not use this program in any manner prohibited above.
 ---------------------------------------------------------------
  

 Cite this work as:
 Gaussian 09, Revision E.01,
 M. J. Frisch, G. W. Trucks, H. B. Schlegel, G. E. Scuseria, 
 M. A. Robb, J. R. Cheeseman, G. Scalmani, V. Barone, B. Mennucci, 
 G. A. Petersson, H. Nakatsuji, M. Caricato, X. Li, H. P. Hratchian, 
 A. F. Izmaylov, J. Bloino, G. Zheng, J. L. Sonnenberg, M. Hada, 
 M. Ehara, K. Toyota, R. Fukuda, J. Hasegawa, M. Ishida, T. Nakajima, 
 Y. Honda, O. Kitao, H. Nakai, T. Vreven, J. A. Montgomery, Jr., 
 J. E. Peralta, F. Ogliaro, M. Bearpark, J. J. Heyd, E. Brothers, 
 K. N. Kudin, V. N. Staroverov, T. Keith, R. Kobayashi, J. Normand, 
 K. Raghavachari, A. Rendell, J. C. Burant, S. S. Iyengar, J. Tomasi, 
 M. Cossi, N. Rega, J. M. Millam, M. Klene, J. E. Knox, J. B. Cross, 
 V. Bakken, C. Adamo, J. Jaramillo, R. Gomperts, R. E. Stratmann, 
 O. Yazyev, A. J. Austin, R. Cammi, C. Pomelli, J. W. Ochterski, 
 R. L. Martin, K. Morokuma, V. G. Zakrzewski, G. A. Voth, 
 P. Salvador, J. J. Dannenberg, S. Dapprich, A. D. Daniels, 
 O. Farkas, J. B. Foresman, J. V. Ortiz, J. Cioslowski, 
 and D. J. Fox, Gaussian, Inc., Wallingford CT, 2013.
 
 ******************************************
 Gaussian 09:  ES64L-G09RevE.01 30-Nov-2015
                17-Feb-2017 
 ******************************************
 %chk=h12.chk
 ----------------------------------------------------------------------
 #rhf/gen scf(symm,tight,novaracc,noincfock,fulldiag) stable(crhf) gues
 s=read geom=nocrowd test
 ----------------------------------------------------------------------
 1/38=1/1;
 2/12=1,17=6,18=5,40=1/2;
 3/5=7,16=1,25=1,30=1,116=1/1,2,3;
 4/5=1,9=4/1;
 5/5=100002,15=2,16=1,32=2,38=6/2;
 8/6=1,10=90,11=11/1,4;
 9/8=4,13=1/2;
 6/7=2,8=2,9=2,10=2,28=1/1;
 99/5=1,9=1/99;
 ----------------------------------------------------------------------
 hf stability analysis of h12 triangular lattice, y= 0.7937677784109760
 1
 ----------------------------------------------------------------------
 Symbolic Z-matrix:
 Charge =  0 Multiplicity = 1
 H
 H                    1     1.07662 
 H                    1     1.07662  2     85. 
 H                    2     1.07662  1     95.      3     0.       0
 H                    2     1.07662  1     180.     3     0.       0
 H                    4     1.07662  3     180.     5     0.       0
 H                    6     1.07662  5     180.     3     0.       0
 H                    4     1.07662  2     180.     3     0.       0
 H                    3     1.07662  1     180.     4     0.       0
 H                    9     1.07662  3     180.     4     0.       0
 H                    8     1.07662  4     180.     3     0.       0
 H                    7     1.07662  6     180.     3     0.       0
 
                          Input orientation:                          
 ---------------------------------------------------------------------
 Center     Atomic      Atomic             Coordinates (Angstroms)
 Number     Number       Type             X           Y           Z
 ---------------------------------------------------------------------
      1          1           0        0.000000    0.000000    0.000000
      2          1           0        0.000000    0.000000    1.076620
      3          1           0        1.072523    0.000000    0.093834
      4          1           0        1.072523    0.000000    1.170454
      5          1           0        0.000000    0.000000    2.153241
      6          1           0        1.072523    0.000000    2.247074
      7          1           0        2.145047    0.000000    2.340908
      8          1           0        2.145047    0.000000    1.264288
      9          1           0        2.145047    0.000000    0.187667
     10          1           0        3.217570    0.000000    0.281501
     11          1           0        3.217570    0.000000    1.358121
     12          1           0        3.217570    0.000000    2.434742
 ---------------------------------------------------------------------
                    Distance matrix (angstroms):
                    1          2          3          4          5
     1  H    0.000000
     2  H    1.076620   0.000000
     3  H    1.076620   1.454708   0.000000
     4  H    1.587536   1.076620   1.076620   0.000000
     5  H    2.153241   1.076620   2.321953   1.454708   0.000000
     6  H    2.489910   1.587536   2.153241   1.076620   1.076620
     7  H    3.175071   2.489910   2.489910   1.587536   2.153241
     8  H    2.489910   2.153241   1.587536   1.076620   2.321953
     9  H    2.153241   2.321953   1.076620   1.454708   2.909417
    10  H    3.229861   3.314359   2.153241   2.321953   3.722387
    11  H    3.492456   3.229861   2.489910   2.153241   3.314359
    12  H    4.034938   3.492456   3.175071   2.489910   3.229861
                    6          7          8          9         10
     6  H    0.000000
     7  H    1.076620   0.000000
     8  H    1.454708   1.076620   0.000000
     9  H    2.321953   2.153241   1.076620   0.000000
    10  H    2.909417   2.321953   1.454708   1.076620   0.000000
    11  H    2.321953   1.454708   1.076620   1.587536   1.076620
    12  H    2.153241   1.076620   1.587536   2.489910   2.153241
                   11         12
    11  H    0.000000
    12  H    1.076620   0.000000
 Stoichiometry    H12
 Framework group  C2H[SGH(H12)]
 Deg. of freedom    11
 Full point group                 C2H     NOp   4
 Largest Abelian subgroup         C2H     NOp   4
 Largest concise Abelian subgroup C2      NOp   2
                         Standard orientation:                         
 ---------------------------------------------------------------------
 Center     Atomic      Atomic             Coordinates (Angstroms)
 Number     Number       Type             X           Y           Z
 ---------------------------------------------------------------------
      1          1           0        1.072523    1.708764   -0.000000
      2          1           0        0.000000    1.614930    0.000000
      3          1           0        1.072523    0.632144   -0.000000
      4          1           0        0.000000    0.538310    0.000000
      5          1           0       -1.072523    1.521097    0.000000
      6          1           0       -1.072523    0.444477    0.000000
      7          1           0       -1.072523   -0.632144    0.000000
      8          1           0       -0.000000   -0.538310    0.000000
      9          1           0        1.072523   -0.444477    0.000000
     10          1           0        1.072523   -1.521097    0.000000
     11          1           0       -0.000000   -1.614930    0.000000
     12          1           0       -1.072523   -1.708764    0.000000
 ---------------------------------------------------------------------
 Rotational constants (GHZ):     54.9560319     28.5975450     18.8095789
 General basis read from cards:  (5D, 7F)
 There are     6 symmetry adapted cartesian basis functions of AG  symmetry.
 There are     0 symmetry adapted cartesian basis functions of BG  symmetry.
 There are     0 symmetry adapted cartesian basis functions of AU  symmetry.
 There are     6 symmetry adapted cartesian basis functions of BU  symmetry.
 There are     6 symmetry adapted basis functions of AG  symmetry.
 There are     0 symmetry adapted basis functions of BG  symmetry.
 There are     0 symmetry adapted basis functions of AU  symmetry.
 There are     6 symmetry adapted basis functions of BU  symmetry.
    12 basis functions,   120 primitive gaussians,    12 cartesian basis functions
     6 alpha electrons        6 beta electrons
       nuclear repulsion energy        20.1632864492 Hartrees.
 NAtoms=   12 NActive=   12 NUniq=    6 SFac= 4.00D+00 NAtFMM=   60 NAOKFM=F Big=F
 Integral buffers will be    131072 words long.
 Regular integral format.
 Two-electron integral symmetry is turned on.
 One-electron integrals computed using PRISM.
 NBasis=    12 RedAO= T EigKep=  1.09D-01  NBF=     6     0     0     6
 NBsUse=    12 1.00D-06 EigRej= -1.00D+00 NBFU=     6     0     0     6
 Initial guess from the checkpoint file:  "h12.chk"
 B after Tr=    -0.000000    0.000000    0.000000
         Rot=    0.998968   -0.000000   -0.000000   -0.045411 Ang=  -5.21 deg.
 Initial guess orbital symmetries:
       Occupied  (AG) (BU) (BU) (AG) (AG) (AG)
       Virtual   (BU) (BU) (BU) (AG) (AG) (BU)
 Keep R1 ints in memory in symmetry-blocked form, NReq=903672.
 Requested convergence on RMS density matrix=1.00D-08 within 128 cycles.
 Requested convergence on MAX density matrix=1.00D-06.
 Requested convergence on             energy=1.00D-06.
 No special actions if energy rises.
 SCF Done:  E(RHF) =  -5.85121192664     A.U. after    8 cycles
            NFock=  8  Conv=0.34D-08     -V/T= 1.9126
 Range of M.O.s used for correlation:     1    12
 NBasis=    12 NAE=     6 NBE=     6 NFC=     0 NFV=     0
 NROrb=     12 NOA=     6 NOB=     6 NVA=     6 NVB=     6
 Semi-Direct transformation.
 ModeAB=           4 MOrb=             6 LenV=     134084479
 LASXX=         2181 LTotXX=        2181 LenRXX=        5115
 LTotAB=        2934 MaxLAS=        3024 LenRXY=           0
 NonZer=        7296 LenScr=      655360 LnRSAI=        3024
 LnScr1=      655360 LExtra=           0 Total=      1318859
 MaxDsk=          -1 SrtSym=           T ITran=            3
 JobTyp=0 Pass  1:  I=   1 to   6.
 (rs|ai) integrals will be sorted in core.
 Spin components of T(2) and E(2):
     alpha-alpha T2 =       0.1111871201D-01 E2=     -0.1374169732D-01
     alpha-beta  T2 =       0.7929459129D-01 E2=     -0.1106977058D+00
     beta-beta   T2 =       0.1111871201D-01 E2=     -0.1374169732D-01
 ANorm=    0.1049538954D+01
 E2 =    -0.1381811004D+00 EUMP2 =    -0.59893930270395D+01
 Second order stability test of a single determinant RHF wave function:
 Stabil:  MDV=134217728
 ***********************************************************************
 Matrix         Lowest Root    Major Pairs
 ***********************************************************************
 Internal RHF     0.0718409    Stable
 RRHF --> CRHF    0.044872     Stable


 RRHF --> RUHF   -0.0728265    6A=8B 6A=9B 6A=7B 4A=7B 5A=7B 4A=9B 5A=9B 3A=10B 2
 A=10B 1A=12B 2A=11B 4A=8B 1A=9B 5A=8B 3A=11B
 Not stable.
 ***********************************************************************

 **********************************************************************

            Population analysis using the SCF density.

 **********************************************************************

 Orbital symmetries:
       Occupied  (AG) (BU) (BU) (AG) (AG) (AG)
       Virtual   (BU) (BU) (BU) (AG) (AG) (BU)
 The electronic state is 1-AG.
 Alpha  occ. eigenvalues --   -0.93671  -0.75501  -0.66246  -0.47402  -0.43656
 Alpha  occ. eigenvalues --   -0.26724
 Alpha virt. eigenvalues --    0.05238   0.18623   0.19842   0.49933   0.58889
 Alpha virt. eigenvalues --    0.99270
          Condensed to atoms (all electrons):
               1          2          3          4          5          6
     1  H    0.663803   0.145245   0.301368  -0.116618  -0.019598  -0.025060
     2  H    0.145245   0.964780  -0.146821   0.187082   0.150293  -0.135757
     3  H    0.301368  -0.146821   0.954362  -0.211065  -0.036577   0.023316
     4  H   -0.116618   0.187082  -0.211065   1.377478  -0.161635  -0.227322
     5  H   -0.019598   0.150293  -0.036577  -0.161635   0.788792   0.318536
     6  H   -0.025060  -0.135757   0.023316  -0.227322   0.318536   0.964909
     7  H    0.008882  -0.061816   0.051886  -0.160290  -0.011182   0.303658
     8  H   -0.055799   0.010438  -0.160290   0.695341  -0.081711  -0.203306
     9  H   -0.007747  -0.082081   0.303658  -0.203306   0.013184   0.065602
    10  H   -0.003236   0.001285  -0.011182  -0.081711   0.010314   0.013184
    11  H    0.001224   0.023823  -0.061816   0.010438   0.001285  -0.082081
    12  H    0.005127   0.001224   0.008882  -0.055799  -0.003236  -0.007747
               7          8          9         10         11         12
     1  H    0.008882  -0.055799  -0.007747  -0.003236   0.001224   0.005127
     2  H   -0.061816   0.010438  -0.082081   0.001285   0.023823   0.001224
     3  H    0.051886  -0.160290   0.303658  -0.011182  -0.061816   0.008882
     4  H   -0.160290   0.695341  -0.203306  -0.081711   0.010438  -0.055799
     5  H   -0.011182  -0.081711   0.013184   0.010314   0.001285  -0.003236
     6  H    0.303658  -0.203306   0.065602   0.013184  -0.082081  -0.007747
     7  H    0.954362  -0.211065   0.023316  -0.036577  -0.146821   0.301368
     8  H   -0.211065   1.377478  -0.227322  -0.161635   0.187082  -0.116618
     9  H    0.023316  -0.227322   0.964909   0.318536  -0.135757  -0.025060
    10  H   -0.036577  -0.161635   0.318536   0.788792   0.150293  -0.019598
    11  H   -0.146821   0.187082  -0.135757   0.150293   0.964780   0.145245
    12  H    0.301368  -0.116618  -0.025060  -0.019598   0.145245   0.663803
 Mulliken charges:
               1
     1  H    0.102408
     2  H   -0.057693
     3  H   -0.015722
     4  H   -0.052594
     5  H    0.031535
     6  H   -0.007933
     7  H   -0.015722
     8  H   -0.052594
     9  H   -0.007933
    10  H    0.031535
    11  H   -0.057693
    12  H    0.102408
 Sum of Mulliken charges =   0.00000
 Mulliken charges with hydrogens summed into heavy atoms:
               1
 Electronic spatial extent (au):  <R**2>=            131.9471
 Charge=              0.0000 electrons
 Dipole moment (field-independent basis, Debye):
    X=              0.0000    Y=              0.0000    Z=              0.0000  Tot=              0.0000
 Quadrupole moment (field-independent basis, Debye-Ang):
   XX=            -19.3755   YY=            -14.8496   ZZ=            -15.1969
   XY=              1.5095   XZ=             -0.0000   YZ=             -0.0000
 Traceless Quadrupole moment (field-independent basis, Debye-Ang):
   XX=             -2.9015   YY=              1.6244   ZZ=              1.2771
   XY=              1.5095   XZ=             -0.0000   YZ=             -0.0000
 Octapole moment (field-independent basis, Debye-Ang**2):
  XXX=              0.0000  YYY=             -0.0000  ZZZ=             -0.0000  XYY=              0.0000
  XXY=              0.0000  XXZ=             -0.0000  XZZ=              0.0000  YZZ=              0.0000
  YYZ=             -0.0000  XYZ=              0.0000
 Hexadecapole moment (field-independent basis, Debye-Ang**3):
 XXXX=           -111.4786 YYYY=           -157.0633 ZZZZ=            -18.0278 XXXY=             -0.5371
 XXXZ=              0.0000 YYYX=              3.3670 YYYZ=              0.0000 ZZZX=              0.0000
 ZZZY=              0.0000 XXYY=            -41.7804 XXZZ=            -19.8978 YYZZ=            -29.3216
 XXYZ=              0.0000 YYXZ=             -0.0000 ZZXY=             -0.7049
 N-N= 2.016328644918D+01 E-N=-5.137637617537D+01  KE= 6.411363095498D+00
 Symmetry AG   KE= 4.859854084829D+00
 Symmetry BG   KE= 0.000000000000D+00
 Symmetry AU   KE= 0.000000000000D+00
 Symmetry BU   KE= 1.551509010669D+00

 Test job not archived.
 1\1\GINC-SULU\Stability\RHF\Gen\H12\LCJ1\17-Feb-2017\0\\#rhf/gen scf(s
 ymm,tight,novaracc,noincfock,fulldiag) stable(crhf) guess=read geom=no
 crowd test\\hf stability analysis of h12 triangular lattice, y= 0.7937
 6777841097601\\0,1\H\H,1,1.0766203191\H,1,1.0766203191,2,85.\H,2,1.076
 6203191,1,95.,3,0.,0\H,2,1.0766203191,1,180.,3,0.,0\H,4,1.0766203191,3
 ,180.,5,0.,0\H,6,1.0766203191,5,180.,3,0.,0\H,4,1.0766203191,2,180.,3,
 0.,0\H,3,1.0766203191,1,180.,4,0.,0\H,9,1.0766203191,3,180.,4,0.,0\H,8
 ,1.0766203191,4,180.,3,0.,0\H,7,1.0766203191,6,180.,3,0.,0\\Version=ES
 64L-G09RevE.01\State=1-AG\HF=-5.8512119\MP2=-5.989393\RMSD=3.417e-09\D
 ipole=0.,0.,0.\Quadrupole=0.9872641,0.9494998,-1.9367639,0.,1.3973907,
 0.\PG=C02H [SGH(H12)]\\@


 I FIND THAT THE THREE TRULY GREAT TIMES FOR THINKING THOUGHTS
 ARE WHEN I AM STANDING IN THE SHOWER, SITTING ON THE JOHN, OR WALKING.

                                    -- COLIN FLETCHER
 Job cpu time:       0 days  0 hours  0 minutes  1.1 seconds.
 File lengths (MBytes):  RWF=     84 Int=      0 D2E=      0 Chk=      2 Scr=      2
 Normal termination of Gaussian 09 at Fri Feb 17 15:02:42 2017.
