 Entering Gaussian System, Link 0=g09
 AtFile(1): H.gbs
            H     0
            S   10   1.00
               1000.000000000000            0.000068713567
                316.227766000000            0.000169141320
                100.000000000000            0.000823394812
                 31.622776600000            0.003425569236
                 10.000000000000            0.013951996000
                  3.162277660000            0.056909313560
                  1.000000000000            0.198286399900
                  0.316227766000            0.496922426700
                  0.100000000000            0.369846276400
                  0.031622776600            0.003752720039
            ****
 Initial command:
 /projects/guscus/apps/gau/g09-e1/g09/l1.exe "/users/lcj1/gaussian/h12/rhfstability/rect/guess/ag4bu2/Gau-28176.inp" -scrdir="/users/lcj1/gaussian/h12/rhfstability/rect/guess/ag4bu2/"
 Entering Link 1 = /projects/guscus/apps/gau/g09-e1/g09/l1.exe PID=     28178.
  
 Copyright (c) 1988,1990,1992,1993,1995,1998,2003,2009,2015,
            Gaussian, Inc.  All Rights Reserved.
  
 This is part of the Gaussian(R) 09 program.  It is based on
 the Gaussian(R) 03 system (copyright 2003, Gaussian, Inc.),
 the Gaussian(R) 98 system (copyright 1998, Gaussian, Inc.),
 the Gaussian(R) 94 system (copyright 1995, Gaussian, Inc.),
 the Gaussian 92(TM) system (copyright 1992, Gaussian, Inc.),
 the Gaussian 90(TM) system (copyright 1990, Gaussian, Inc.),
 the Gaussian 88(TM) system (copyright 1988, Gaussian, Inc.),
 the Gaussian 86(TM) system (copyright 1986, Carnegie Mellon
 University), and the Gaussian 82(TM) system (copyright 1983,
 Carnegie Mellon University). Gaussian is a federally registered
 trademark of Gaussian, Inc.
  
 This software contains proprietary and confidential information,
 including trade secrets, belonging to Gaussian, Inc.
  
 This software is provided under written license and may be
 used, copied, transmitted, or stored only in accord with that
 written license.
  
 The following legend is applicable only to US Government
 contracts under FAR:
  
                    RESTRICTED RIGHTS LEGEND
  
 Use, reproduction and disclosure by the US Government is
 subject to restrictions as set forth in subparagraphs (a)
 and (c) of the Commercial Computer Software - Restricted
 Rights clause in FAR 52.227-19.
  
 Gaussian, Inc.
 340 Quinnipiac St., Bldg. 40, Wallingford CT 06492
  
  
 ---------------------------------------------------------------
 Warning -- This program may not be used in any manner that
 competes with the business of Gaussian, Inc. or will provide
 assistance to any competitor of Gaussian, Inc.  The licensee
 of this program is prohibited from giving any competitor of
 Gaussian, Inc. access to this program.  By using this program,
 the user acknowledges that Gaussian, Inc. is engaged in the
 business of creating and licensing software in the field of
 computational chemistry and represents and warrants to the
 licensee that it is not a competitor of Gaussian, Inc. and that
 it will not use this program in any manner prohibited above.
 ---------------------------------------------------------------
  

 Cite this work as:
 Gaussian 09, Revision E.01,
 M. J. Frisch, G. W. Trucks, H. B. Schlegel, G. E. Scuseria, 
 M. A. Robb, J. R. Cheeseman, G. Scalmani, V. Barone, B. Mennucci, 
 G. A. Petersson, H. Nakatsuji, M. Caricato, X. Li, H. P. Hratchian, 
 A. F. Izmaylov, J. Bloino, G. Zheng, J. L. Sonnenberg, M. Hada, 
 M. Ehara, K. Toyota, R. Fukuda, J. Hasegawa, M. Ishida, T. Nakajima, 
 Y. Honda, O. Kitao, H. Nakai, T. Vreven, J. A. Montgomery, Jr., 
 J. E. Peralta, F. Ogliaro, M. Bearpark, J. J. Heyd, E. Brothers, 
 K. N. Kudin, V. N. Staroverov, T. Keith, R. Kobayashi, J. Normand, 
 K. Raghavachari, A. Rendell, J. C. Burant, S. S. Iyengar, J. Tomasi, 
 M. Cossi, N. Rega, J. M. Millam, M. Klene, J. E. Knox, J. B. Cross, 
 V. Bakken, C. Adamo, J. Jaramillo, R. Gomperts, R. E. Stratmann, 
 O. Yazyev, A. J. Austin, R. Cammi, C. Pomelli, J. W. Ochterski, 
 R. L. Martin, K. Morokuma, V. G. Zakrzewski, G. A. Voth, 
 P. Salvador, J. J. Dannenberg, S. Dapprich, A. D. Daniels, 
 O. Farkas, J. B. Foresman, J. V. Ortiz, J. Cioslowski, 
 and D. J. Fox, Gaussian, Inc., Wallingford CT, 2013.
 
 ******************************************
 Gaussian 09:  ES64L-G09RevE.01 30-Nov-2015
                17-Feb-2017 
 ******************************************
 %chk=h12.chk
 ----------------------------------------------------------------------
 #rhf/gen scf(symm,tight,novaracc,noincfock,fulldiag) stable(crhf) gues
 s=read geom=nocrowd test
 ----------------------------------------------------------------------
 1/38=1/1;
 2/12=1,17=6,18=5,40=1/2;
 3/5=7,16=1,25=1,30=1,116=1/1,2,3;
 4/5=1,9=4/1;
 5/5=100002,15=2,16=1,32=2,38=6/2;
 8/6=1,10=90,11=11/1,4;
 9/8=4,13=1/2;
 6/7=2,8=2,9=2,10=2,28=1/1;
 99/5=1,9=1/99;
 ----------------------------------------------------------------------
 hf stability analysis of h12 triangular lattice, y= 0.7305457695626856
 9
 ----------------------------------------------------------------------
 Symbolic Z-matrix:
 Charge =  0 Multiplicity = 1
 H
 H                    1     1.07623 
 H                    1     1.07623  2     94.5 
 H                    2     1.07623  1     85.5     3     0.       0
 H                    2     1.07623  1     180.     3     0.       0
 H                    4     1.07623  3     180.     5     0.       0
 H                    6     1.07623  5     180.     3     0.       0
 H                    4     1.07623  2     180.     3     0.       0
 H                    3     1.07623  1     180.     4     0.       0
 H                    9     1.07623  3     180.     4     0.       0
 H                    8     1.07623  4     180.     3     0.       0
 H                    7     1.07623  6     180.     3     0.       0
 
                          Input orientation:                          
 ---------------------------------------------------------------------
 Center     Atomic      Atomic             Coordinates (Angstroms)
 Number     Number       Type             X           Y           Z
 ---------------------------------------------------------------------
      1          1           0        0.000000    0.000000    0.000000
      2          1           0        0.000000    0.000000    1.076230
      3          1           0        1.072912    0.000000   -0.084440
      4          1           0        1.072912    0.000000    0.991790
      5          1           0        0.000000    0.000000    2.152460
      6          1           0        1.072912    0.000000    2.068020
      7          1           0        2.145825    0.000000    1.983580
      8          1           0        2.145825    0.000000    0.907350
      9          1           0        2.145825    0.000000   -0.168880
     10          1           0        3.218737    0.000000   -0.253320
     11          1           0        3.218737    0.000000    0.822910
     12          1           0        3.218737    0.000000    1.899140
 ---------------------------------------------------------------------
                    Distance matrix (angstroms):
                    1          2          3          4          5
     1  H    0.000000
     2  H    1.076230   0.000000
     3  H    1.076230   1.580600   0.000000
     4  H    1.461092   1.076230   1.076230   0.000000
     5  H    2.152460   1.076230   2.480900   1.580600   0.000000
     6  H    2.329774   1.461092   2.152460   1.076230   1.076230
     7  H    2.922183   2.329774   2.329774   1.461092   2.152460
     8  H    2.329774   2.152460   1.461092   1.076230   2.480900
     9  H    2.152460   2.480900   1.076230   1.580600   3.161200
    10  H    3.228690   3.482524   2.152460   2.480900   4.018463
    11  H    3.322266   3.228690   2.329774   2.152460   3.482524
    12  H    3.737245   3.322266   2.922183   2.329774   3.228690
                    6          7          8          9         10
     6  H    0.000000
     7  H    1.076230   0.000000
     8  H    1.580600   1.076230   0.000000
     9  H    2.480900   2.152460   1.076230   0.000000
    10  H    3.161200   2.480900   1.580600   1.076230   0.000000
    11  H    2.480900   1.580600   1.076230   1.461092   1.076230
    12  H    2.152460   1.076230   1.461092   2.329774   2.152460
                   11         12
    11  H    0.000000
    12  H    1.076230   0.000000
 Stoichiometry    H12
 Framework group  C2H[SGH(H12)]
 Deg. of freedom    11
 Full point group                 C2H     NOp   4
 Largest Abelian subgroup         C2H     NOp   4
 Largest concise Abelian subgroup C2      NOp   2
                         Standard orientation:                         
 ---------------------------------------------------------------------
 Center     Atomic      Atomic             Coordinates (Angstroms)
 Number     Number       Type             X           Y           Z
 ---------------------------------------------------------------------
      1          1           0        1.072912    1.529905   -0.000000
      2          1           0        0.000000    1.614345   -0.000000
      3          1           0        1.072912    0.453675   -0.000000
      4          1           0        0.000000    0.538115   -0.000000
      5          1           0       -1.072912    1.698785    0.000000
      6          1           0       -1.072912    0.622555    0.000000
      7          1           0       -1.072912   -0.453675   -0.000000
      8          1           0       -0.000000   -0.538115   -0.000000
      9          1           0        1.072912   -0.622555    0.000000
     10          1           0        1.072912   -1.698785   -0.000000
     11          1           0       -0.000000   -1.614345   -0.000000
     12          1           0       -1.072912   -1.529905   -0.000000
 ---------------------------------------------------------------------
 Rotational constants (GHZ):     54.8294394     28.6635727     18.8232234
 General basis read from cards:  (5D, 7F)
 There are     6 symmetry adapted cartesian basis functions of AG  symmetry.
 There are     0 symmetry adapted cartesian basis functions of BG  symmetry.
 There are     0 symmetry adapted cartesian basis functions of AU  symmetry.
 There are     6 symmetry adapted cartesian basis functions of BU  symmetry.
 There are     6 symmetry adapted basis functions of AG  symmetry.
 There are     0 symmetry adapted basis functions of BG  symmetry.
 There are     0 symmetry adapted basis functions of AU  symmetry.
 There are     6 symmetry adapted basis functions of BU  symmetry.
    12 basis functions,   120 primitive gaussians,    12 cartesian basis functions
     6 alpha electrons        6 beta electrons
       nuclear repulsion energy        20.1666238033 Hartrees.
 NAtoms=   12 NActive=   12 NUniq=    6 SFac= 4.00D+00 NAtFMM=   60 NAOKFM=F Big=F
 Integral buffers will be    131072 words long.
 Regular integral format.
 Two-electron integral symmetry is turned on.
 One-electron integrals computed using PRISM.
 NBasis=    12 RedAO= T EigKep=  1.09D-01  NBF=     6     0     0     6
 NBsUse=    12 1.00D-06 EigRej= -1.00D+00 NBFU=     6     0     0     6
 Initial guess from the checkpoint file:  "h12.chk"
 B after Tr=    -0.000000   -0.000000    0.000000
         Rot=    0.999861   -0.000000   -0.000000   -0.016689 Ang=  -1.91 deg.
 Initial guess orbital symmetries:
       Occupied  (AG) (BU) (BU) (AG) (AG) (AG)
       Virtual   (BU) (BU) (BU) (AG) (AG) (BU)
 Keep R1 ints in memory in symmetry-blocked form, NReq=903868.
 Requested convergence on RMS density matrix=1.00D-08 within 128 cycles.
 Requested convergence on MAX density matrix=1.00D-06.
 Requested convergence on             energy=1.00D-06.
 No special actions if energy rises.
 SCF Done:  E(RHF) =  -5.85251352829     A.U. after    8 cycles
            NFock=  8  Conv=0.19D-08     -V/T= 1.9130
 Range of M.O.s used for correlation:     1    12
 NBasis=    12 NAE=     6 NBE=     6 NFC=     0 NFV=     0
 NROrb=     12 NOA=     6 NOB=     6 NVA=     6 NVB=     6
 Semi-Direct transformation.
 ModeAB=           4 MOrb=             6 LenV=     134084325
 LASXX=         2181 LTotXX=        2181 LenRXX=        5115
 LTotAB=        2934 MaxLAS=        3024 LenRXY=           0
 NonZer=        7296 LenScr=      655360 LnRSAI=        3024
 LnScr1=      655360 LExtra=           0 Total=      1318859
 MaxDsk=          -1 SrtSym=           T ITran=            3
 JobTyp=0 Pass  1:  I=   1 to   6.
 (rs|ai) integrals will be sorted in core.
 Spin components of T(2) and E(2):
     alpha-alpha T2 =       0.1111593083D-01 E2=     -0.1374042562D-01
     alpha-beta  T2 =       0.7921045222D-01 E2=     -0.1106392565D+00
     beta-beta   T2 =       0.1111593083D-01 E2=     -0.1374042562D-01
 ANorm=    0.1049496219D+01
 E2 =    -0.1381201078D+00 EUMP2 =    -0.59906336360443D+01
 Second order stability test of a single determinant RHF wave function:
 Stabil:  MDV=134217728
 ***********************************************************************
 Matrix         Lowest Root    Major Pairs
 ***********************************************************************
 Internal RHF     0.0741662    Stable
 RRHF --> CRHF    0.0476837    Stable


 RRHF --> RUHF   -0.0720352    6A=8B 6A=9B 4A=7B 6A=7B 5A=7B 4A=9B 5A=9B 3A=10B 1
 A=12B 2A=10B 2A=11B 4A=8B 1A=9B 5A=8B 3A=11B
 Not stable.
 ***********************************************************************

 **********************************************************************

            Population analysis using the SCF density.

 **********************************************************************

 Orbital symmetries:
       Occupied  (AG) (BU) (BU) (AG) (AG) (AG)
       Virtual   (BU) (BU) (BU) (AG) (AG) (BU)
 The electronic state is 1-AG.
 Alpha  occ. eigenvalues --   -0.93693  -0.75494  -0.66300  -0.47237  -0.43841
 Alpha  occ. eigenvalues --   -0.26797
 Alpha virt. eigenvalues --    0.05434   0.18594   0.19606   0.50391   0.58561
 Alpha virt. eigenvalues --    0.99570
          Condensed to atoms (all electrons):
               1          2          3          4          5          6
     1  H    0.781832   0.150181   0.317692  -0.158962  -0.019645  -0.035952
     2  H    0.150181   0.964487  -0.136284   0.186857   0.145638  -0.146236
     3  H    0.317692  -0.136284   0.964091  -0.226436  -0.025585   0.023288
     4  H   -0.158962   0.186857  -0.226436   1.376477  -0.118489  -0.211814
     5  H   -0.019645   0.145638  -0.025585  -0.118489   0.669394   0.302240
     6  H   -0.035952  -0.146236   0.023288  -0.211814   0.302240   0.954647
     7  H    0.012945  -0.080961   0.064874  -0.200921  -0.007958   0.303582
     8  H   -0.080197   0.010348  -0.200921   0.694954  -0.056895  -0.162231
     9  H   -0.011050  -0.062730   0.303582  -0.162231   0.009074   0.052536
    10  H   -0.003252   0.001237  -0.007958  -0.056895   0.005319   0.009074
    11  H    0.001294   0.023854  -0.080961   0.010348   0.001237  -0.062730
    12  H    0.009977   0.001294   0.012945  -0.080197  -0.003252  -0.011050
               7          8          9         10         11         12
     1  H    0.012945  -0.080197  -0.011050  -0.003252   0.001294   0.009977
     2  H   -0.080961   0.010348  -0.062730   0.001237   0.023854   0.001294
     3  H    0.064874  -0.200921   0.303582  -0.007958  -0.080961   0.012945
     4  H   -0.200921   0.694954  -0.162231  -0.056895   0.010348  -0.080197
     5  H   -0.007958  -0.056895   0.009074   0.005319   0.001237  -0.003252
     6  H    0.303582  -0.162231   0.052536   0.009074  -0.062730  -0.011050
     7  H    0.964091  -0.226436   0.023288  -0.025585  -0.136284   0.317692
     8  H   -0.226436   1.376477  -0.211814  -0.118489   0.186857  -0.158962
     9  H    0.023288  -0.211814   0.954647   0.302240  -0.146236  -0.035952
    10  H   -0.025585  -0.118489   0.302240   0.669394   0.145638  -0.019645
    11  H   -0.136284   0.186857  -0.146236   0.145638   0.964487   0.150181
    12  H    0.317692  -0.158962  -0.035952  -0.019645   0.150181   0.781832
 Mulliken charges:
               1
     1  H    0.035137
     2  H   -0.057686
     3  H   -0.008328
     4  H   -0.052691
     5  H    0.098921
     6  H   -0.015354
     7  H   -0.008328
     8  H   -0.052691
     9  H   -0.015354
    10  H    0.098921
    11  H   -0.057686
    12  H    0.035137
 Sum of Mulliken charges =  -0.00000
 Mulliken charges with hydrogens summed into heavy atoms:
               1
 Electronic spatial extent (au):  <R**2>=            131.9068
 Charge=             -0.0000 electrons
 Dipole moment (field-independent basis, Debye):
    X=              0.0000    Y=             -0.0000    Z=              0.0000  Tot=              0.0000
 Quadrupole moment (field-independent basis, Debye-Ang):
   XX=            -19.3695   YY=            -14.8942   ZZ=            -15.1969
   XY=             -1.3587   XZ=              0.0000   YZ=              0.0000
 Traceless Quadrupole moment (field-independent basis, Debye-Ang):
   XX=             -2.8826   YY=              1.5927   ZZ=              1.2899
   XY=             -1.3587   XZ=              0.0000   YZ=              0.0000
 Octapole moment (field-independent basis, Debye-Ang**2):
  XXX=              0.0000  YYY=              0.0000  ZZZ=              0.0000  XYY=              0.0000
  XXY=             -0.0000  XXZ=              0.0000  XZZ=              0.0000  YZZ=              0.0000
  YYZ=              0.0000  XYZ=              0.0000
 Hexadecapole moment (field-independent basis, Debye-Ang**3):
 XXXX=           -111.5158 YYYY=           -157.2277 ZZZZ=            -18.0275 XXXY=              0.4825
 XXXZ=              0.0000 YYYX=             -3.0221 YYYZ=             -0.0000 ZZZX=              0.0000
 ZZZY=             -0.0000 XXYY=            -41.8062 XXZZ=            -19.9047 YYZZ=            -29.2981
 XXYZ=             -0.0000 YYXZ=              0.0000 ZZXY=              0.6346
 N-N= 2.016662380329D+01 E-N=-5.138136828296D+01  KE= 6.410339619450D+00
 Symmetry AG   KE= 4.858957986478D+00
 Symmetry BG   KE= 0.000000000000D+00
 Symmetry AU   KE= 0.000000000000D+00
 Symmetry BU   KE= 1.551381632972D+00

 Test job not archived.
 1\1\GINC-SULU\Stability\RHF\Gen\H12\LCJ1\17-Feb-2017\0\\#rhf/gen scf(s
 ymm,tight,novaracc,noincfock,fulldiag) stable(crhf) guess=read geom=no
 crowd test\\hf stability analysis of h12 triangular lattice, y= 0.7305
 4576956268569\\0,1\H\H,1,1.0762300395\H,1,1.0762300395,2,94.5\H,2,1.07
 62300395,1,85.5,3,0.,0\H,2,1.0762300395,1,180.,3,0.,0\H,4,1.0762300395
 ,3,180.,5,0.,0\H,6,1.0762300395,5,180.,3,0.,0\H,4,1.0762300395,2,180.,
 3,0.,0\H,3,1.0762300395,1,180.,4,0.,0\H,9,1.0762300395,3,180.,4,0.,0\H
 ,8,1.0762300395,4,180.,3,0.,0\H,7,1.0762300395,6,180.,3,0.,0\\Version=
 ES64L-G09RevE.01\State=1-AG\HF=-5.8525135\MP2=-5.9906336\RMSD=1.889e-0
 9\Dipole=0.,0.,0.\Quadrupole=1.0056353,0.9590377,-1.9646731,0.,-1.2579
 574,0.\PG=C02H [SGH(H12)]\\@


 The mind is not a vessel to be filled but a fire to be kindled.
                                  -- Plutarch
 Job cpu time:       0 days  0 hours  0 minutes  1.1 seconds.
 File lengths (MBytes):  RWF=     84 Int=      0 D2E=      0 Chk=      2 Scr=      2
 Normal termination of Gaussian 09 at Fri Feb 17 15:01:42 2017.
