 Entering Gaussian System, Link 0=g09
 AtFile(1): H.gbs
            H     0
            S   10   1.00
               1000.000000000000            0.000068713567
                316.227766000000            0.000169141320
                100.000000000000            0.000823394812
                 31.622776600000            0.003425569236
                 10.000000000000            0.013951996000
                  3.162277660000            0.056909313560
                  1.000000000000            0.198286399900
                  0.316227766000            0.496922426700
                  0.100000000000            0.369846276400
                  0.031622776600            0.003752720039
            ****
 Initial command:
 /projects/guscus/apps/gau/g09-e1/g09/l1.exe "/users/lcj1/gaussian/h12/rhfstability/rect/guess/ag4bu2/Gau-9368.inp" -scrdir="/users/lcj1/gaussian/h12/rhfstability/rect/guess/ag4bu2/"
 Entering Link 1 = /projects/guscus/apps/gau/g09-e1/g09/l1.exe PID=      9369.
  
 Copyright (c) 1988,1990,1992,1993,1995,1998,2003,2009,2015,
            Gaussian, Inc.  All Rights Reserved.
  
 This is part of the Gaussian(R) 09 program.  It is based on
 the Gaussian(R) 03 system (copyright 2003, Gaussian, Inc.),
 the Gaussian(R) 98 system (copyright 1998, Gaussian, Inc.),
 the Gaussian(R) 94 system (copyright 1995, Gaussian, Inc.),
 the Gaussian 92(TM) system (copyright 1992, Gaussian, Inc.),
 the Gaussian 90(TM) system (copyright 1990, Gaussian, Inc.),
 the Gaussian 88(TM) system (copyright 1988, Gaussian, Inc.),
 the Gaussian 86(TM) system (copyright 1986, Carnegie Mellon
 University), and the Gaussian 82(TM) system (copyright 1983,
 Carnegie Mellon University). Gaussian is a federally registered
 trademark of Gaussian, Inc.
  
 This software contains proprietary and confidential information,
 including trade secrets, belonging to Gaussian, Inc.
  
 This software is provided under written license and may be
 used, copied, transmitted, or stored only in accord with that
 written license.
  
 The following legend is applicable only to US Government
 contracts under FAR:
  
                    RESTRICTED RIGHTS LEGEND
  
 Use, reproduction and disclosure by the US Government is
 subject to restrictions as set forth in subparagraphs (a)
 and (c) of the Commercial Computer Software - Restricted
 Rights clause in FAR 52.227-19.
  
 Gaussian, Inc.
 340 Quinnipiac St., Bldg. 40, Wallingford CT 06492
  
  
 ---------------------------------------------------------------
 Warning -- This program may not be used in any manner that
 competes with the business of Gaussian, Inc. or will provide
 assistance to any competitor of Gaussian, Inc.  The licensee
 of this program is prohibited from giving any competitor of
 Gaussian, Inc. access to this program.  By using this program,
 the user acknowledges that Gaussian, Inc. is engaged in the
 business of creating and licensing software in the field of
 computational chemistry and represents and warrants to the
 licensee that it is not a competitor of Gaussian, Inc. and that
 it will not use this program in any manner prohibited above.
 ---------------------------------------------------------------
  

 Cite this work as:
 Gaussian 09, Revision E.01,
 M. J. Frisch, G. W. Trucks, H. B. Schlegel, G. E. Scuseria, 
 M. A. Robb, J. R. Cheeseman, G. Scalmani, V. Barone, B. Mennucci, 
 G. A. Petersson, H. Nakatsuji, M. Caricato, X. Li, H. P. Hratchian, 
 A. F. Izmaylov, J. Bloino, G. Zheng, J. L. Sonnenberg, M. Hada, 
 M. Ehara, K. Toyota, R. Fukuda, J. Hasegawa, M. Ishida, T. Nakajima, 
 Y. Honda, O. Kitao, H. Nakai, T. Vreven, J. A. Montgomery, Jr., 
 J. E. Peralta, F. Ogliaro, M. Bearpark, J. J. Heyd, E. Brothers, 
 K. N. Kudin, V. N. Staroverov, T. Keith, R. Kobayashi, J. Normand, 
 K. Raghavachari, A. Rendell, J. C. Burant, S. S. Iyengar, J. Tomasi, 
 M. Cossi, N. Rega, J. M. Millam, M. Klene, J. E. Knox, J. B. Cross, 
 V. Bakken, C. Adamo, J. Jaramillo, R. Gomperts, R. E. Stratmann, 
 O. Yazyev, A. J. Austin, R. Cammi, C. Pomelli, J. W. Ochterski, 
 R. L. Martin, K. Morokuma, V. G. Zakrzewski, G. A. Voth, 
 P. Salvador, J. J. Dannenberg, S. Dapprich, A. D. Daniels, 
 O. Farkas, J. B. Foresman, J. V. Ortiz, J. Cioslowski, 
 and D. J. Fox, Gaussian, Inc., Wallingford CT, 2013.
 
 ******************************************
 Gaussian 09:  ES64L-G09RevE.01 30-Nov-2015
                17-Feb-2017 
 ******************************************
 %chk=h12.chk
 ----------------------------------------------------------------------
 #rhf/gen scf(symm,tight,novaracc,noincfock,fulldiag) stable(crhf) gues
 s=read geom=nocrowd test
 ----------------------------------------------------------------------
 1/38=1/1;
 2/12=1,17=6,18=5,40=1/2;
 3/5=7,16=1,25=1,30=1,116=1/1,2,3;
 4/5=1,9=4/1;
 5/5=100002,15=2,16=1,32=2,38=6/2;
 8/6=1,10=90,11=11/1,4;
 9/8=4,13=1/2;
 6/7=2,8=2,9=2,10=2,28=1/1;
 99/5=1,9=1/99;
 ----------------------------------------------------------------------
 hf stability analysis of h12 triangular lattice, y= 1.2594669489559134
 ----------------------------------------------------------------------
 Symbolic Z-matrix:
 Charge =  0 Multiplicity = 1
 H
 H                    1     1.3403 
 H                    1     1.3403   2     40. 
 H                    2     1.3403   1     140.     3     0.       0
 H                    2     1.3403   1     180.     3     0.       0
 H                    4     1.3403   3     180.     5     0.       0
 H                    6     1.3403   5     180.     3     0.       0
 H                    4     1.3403   2     180.     3     0.       0
 H                    3     1.3403   1     180.     4     0.       0
 H                    9     1.3403   3     180.     4     0.       0
 H                    8     1.3403   4     180.     3     0.       0
 H                    7     1.3403   6     180.     3     0.       0
 
                          Input orientation:                          
 ---------------------------------------------------------------------
 Center     Atomic      Atomic             Coordinates (Angstroms)
 Number     Number       Type             X           Y           Z
 ---------------------------------------------------------------------
      1          1           0        0.000000    0.000000    0.000000
      2          1           0        0.000000    0.000000    1.340297
      3          1           0        0.861526    0.000000    1.026727
      4          1           0        0.861526    0.000000    2.367024
      5          1           0        0.000000    0.000000    2.680593
      6          1           0        0.861526    0.000000    3.707320
      7          1           0        1.723052    0.000000    4.734047
      8          1           0        1.723052    0.000000    3.393750
      9          1           0        1.723052    0.000000    2.053454
     10          1           0        2.584578    0.000000    3.080181
     11          1           0        2.584578    0.000000    4.420477
     12          1           0        2.584578    0.000000    5.760774
 ---------------------------------------------------------------------
                    Distance matrix (angstroms):
                    1          2          3          4          5
     1  H    0.000000
     2  H    1.340297   0.000000
     3  H    1.340297   0.916817   0.000000
     4  H    2.518934   1.340297   1.340297   0.000000
     5  H    2.680593   1.340297   1.864806   0.916817   0.000000
     6  H    3.806107   2.518934   2.680593   1.340297   1.340297
     7  H    5.037868   3.806107   3.806107   2.518934   2.680593
     8  H    3.806107   2.680593   2.518934   1.340297   1.864806
     9  H    2.680593   1.864806   1.340297   0.916817   1.833634
    10  H    4.020890   3.115645   2.680593   1.864806   2.615285
    11  H    5.120612   4.020890   3.806107   2.680593   3.115645
    12  H    6.313997   5.120612   5.037868   3.806107   4.020890
                    6          7          8          9         10
     6  H    0.000000
     7  H    1.340297   0.000000
     8  H    0.916817   1.340297   0.000000
     9  H    1.864806   2.680593   1.340297   0.000000
    10  H    1.833634   1.864806   0.916817   1.340297   0.000000
    11  H    1.864806   0.916817   1.340297   2.518934   1.340297
    12  H    2.680593   1.340297   2.518934   3.806107   2.680593
                   11         12
    11  H    0.000000
    12  H    1.340297   0.000000
 Stoichiometry    H12
 Framework group  C2H[SGH(H12)]
 Deg. of freedom    11
 Full point group                 C2H     NOp   4
 Largest Abelian subgroup         C2H     NOp   4
 Largest concise Abelian subgroup C2      NOp   2
                         Standard orientation:                         
 ---------------------------------------------------------------------
 Center     Atomic      Atomic             Coordinates (Angstroms)
 Number     Number       Type             X           Y           Z
 ---------------------------------------------------------------------
      1          1           0        0.861526    3.037172    0.000000
      2          1           0       -0.000000    2.010445    0.000000
      3          1           0        0.861526    1.696875   -0.000000
      4          1           0       -0.000000    0.670148    0.000000
      5          1           0       -0.861526    0.983718    0.000000
      6          1           0       -0.861526   -0.356578    0.000000
      7          1           0       -0.861526   -1.696875    0.000000
      8          1           0       -0.000000   -0.670148    0.000000
      9          1           0        0.861526    0.356578   -0.000000
     10          1           0        0.861526   -0.983718    0.000000
     11          1           0       -0.000000   -2.010445    0.000000
     12          1           0       -0.861526   -3.037172    0.000000
 ---------------------------------------------------------------------
 Rotational constants (GHZ):    115.9358019     13.5558415     12.1367473
 General basis read from cards:  (5D, 7F)
 There are     6 symmetry adapted cartesian basis functions of AG  symmetry.
 There are     0 symmetry adapted cartesian basis functions of BG  symmetry.
 There are     0 symmetry adapted cartesian basis functions of AU  symmetry.
 There are     6 symmetry adapted cartesian basis functions of BU  symmetry.
 There are     6 symmetry adapted basis functions of AG  symmetry.
 There are     0 symmetry adapted basis functions of BG  symmetry.
 There are     0 symmetry adapted basis functions of AU  symmetry.
 There are     6 symmetry adapted basis functions of BU  symmetry.
    12 basis functions,   120 primitive gaussians,    12 cartesian basis functions
     6 alpha electrons        6 beta electrons
       nuclear repulsion energy        18.3839239181 Hartrees.
 NAtoms=   12 NActive=   12 NUniq=    6 SFac= 4.00D+00 NAtFMM=   60 NAOKFM=F Big=F
 Integral buffers will be    131072 words long.
 Regular integral format.
 Two-electron integral symmetry is turned on.
 One-electron integrals computed using PRISM.
 NBasis=    12 RedAO= T EigKep=  1.53D-01  NBF=     6     0     0     6
 NBsUse=    12 1.00D-06 EigRej= -1.00D+00 NBFU=     6     0     0     6
 Initial guess from the checkpoint file:  "h12.chk"
 B after Tr=    -0.000000   -0.000000    0.000000
         Rot=    0.984756   -0.000000    0.000000   -0.173940 Ang= -20.03 deg.
 Initial guess orbital symmetries:
       Occupied  (AG) (BU) (BU) (AG) (AG) (AG)
       Virtual   (BU) (BU) (BU) (AG) (AG) (BU)
 Keep R1 ints in memory in symmetry-blocked form, NReq=900410.
 Requested convergence on RMS density matrix=1.00D-08 within 128 cycles.
 Requested convergence on MAX density matrix=1.00D-06.
 Requested convergence on             energy=1.00D-06.
 No special actions if energy rises.
 SCF Done:  E(RHF) =  -5.39414883283     A.U. after   13 cycles
            NFock= 13  Conv=0.61D-08     -V/T= 1.8177
 Range of M.O.s used for correlation:     1    12
 NBasis=    12 NAE=     6 NBE=     6 NFC=     0 NFV=     0
 NROrb=     12 NOA=     6 NOB=     6 NVA=     6 NVB=     6

 **** Warning!!: The smallest alpha delta epsilon is -0.90868204D-01

 Semi-Direct transformation.
 ModeAB=           4 MOrb=             6 LenV=     134087769
 LASXX=         2181 LTotXX=        2181 LenRXX=        5115
 LTotAB=        2934 MaxLAS=        3024 LenRXY=           0
 NonZer=        7296 LenScr=      655360 LnRSAI=        3024
 LnScr1=      655360 LExtra=           0 Total=      1318859
 MaxDsk=          -1 SrtSym=           T ITran=            3
 JobTyp=0 Pass  1:  I=   1 to   6.
 (rs|ai) integrals will be sorted in core.
 Spin components of T(2) and E(2):
     alpha-alpha T2 =       0.3214787396D-01 E2=     -0.2225723609D-01
     alpha-beta  T2 =       0.8431525133D+02 E2=     -0.3569296116D+00
     beta-beta   T2 =       0.3214787396D-01 E2=     -0.2225723609D-01
 ANorm=    0.9240105361D+01
 E2 =    -0.4014440838D+00 EUMP2 =    -0.57955929165913D+01
 Second order stability test of a single determinant RHF wave function:
 Stabil:  MDV=134217728
 ***********************************************************************
 Matrix         Lowest Root    Major Pairs
 ***********************************************************************
 Internal RHF    -0.2103628    6A=7A 6A=8A 5A=7A 3A=7A
 RRHF --> CRHF   -0.2835678    6A=7A
 RRHF --> RUHF   -0.6083368    6A=7B 6A=8B
 Not stable.
 ***********************************************************************

 **********************************************************************

            Population analysis using the SCF density.

 **********************************************************************

 Orbital symmetries:
       Occupied  (AG) (BU) (AG) (BU) (AG) (AG)
       Virtual   (BU) (BU) (BU) (AG) (AG) (BU)
 The electronic state is 1-AG.
 Alpha  occ. eigenvalues --   -0.94480  -0.77305  -0.56569  -0.53663  -0.29972
 Alpha  occ. eigenvalues --   -0.11907
 Alpha virt. eigenvalues --   -0.20994   0.07516   0.30279   0.32501   0.49676
 Alpha virt. eigenvalues --    0.61355
          Condensed to atoms (all electrons):
               1          2          3          4          5          6
     1  H    1.377641  -0.173314  -0.190668   0.005618   0.001407   0.000858
     2  H   -0.173314   0.812116   0.280673  -0.006995   0.182153  -0.057253
     3  H   -0.190668   0.280673   1.110436  -0.060890  -0.179082  -0.005848
     4  H    0.005618  -0.006995  -0.060890   0.595152   0.236280   0.138003
     5  H    0.001407   0.182153  -0.179082   0.236280   1.265074  -0.098824
     6  H    0.000858  -0.057253  -0.005848   0.138003  -0.098824   0.949167
     7  H   -0.001146   0.003238   0.011178  -0.027768  -0.040687   0.188289
     8  H    0.001390  -0.029669  -0.027768   0.051066  -0.038247   0.051218
     9  H    0.017541  -0.112254   0.188289   0.051218  -0.236798   0.057978
    10  H    0.001692   0.011573  -0.040687  -0.038247   0.043502  -0.236798
    11  H   -0.000767   0.006948   0.003238  -0.029669   0.011573  -0.112254
    12  H    0.000299  -0.000767  -0.001146   0.001390   0.001692   0.017541
               7          8          9         10         11         12
     1  H   -0.001146   0.001390   0.017541   0.001692  -0.000767   0.000299
     2  H    0.003238  -0.029669  -0.112254   0.011573   0.006948  -0.000767
     3  H    0.011178  -0.027768   0.188289  -0.040687   0.003238  -0.001146
     4  H   -0.027768   0.051066   0.051218  -0.038247  -0.029669   0.001390
     5  H   -0.040687  -0.038247  -0.236798   0.043502   0.011573   0.001692
     6  H    0.188289   0.051218   0.057978  -0.236798  -0.112254   0.017541
     7  H    1.110436  -0.060890  -0.005848  -0.179082   0.280673  -0.190668
     8  H   -0.060890   0.595152   0.138003   0.236280  -0.006995   0.005618
     9  H   -0.005848   0.138003   0.949167  -0.098824  -0.057253   0.000858
    10  H   -0.179082   0.236280  -0.098824   1.265074   0.182153   0.001407
    11  H    0.280673  -0.006995  -0.057253   0.182153   0.812116  -0.173314
    12  H   -0.190668   0.005618   0.000858   0.001407  -0.173314   1.377641
 Mulliken charges:
               1
     1  H   -0.040551
     2  H    0.083551
     3  H   -0.087724
     4  H    0.084843
     5  H   -0.148044
     6  H    0.107925
     7  H   -0.087724
     8  H    0.084843
     9  H    0.107925
    10  H   -0.148044
    11  H    0.083551
    12  H   -0.040551
 Sum of Mulliken charges =   0.00000
 Mulliken charges with hydrogens summed into heavy atoms:
               1
 Electronic spatial extent (au):  <R**2>=            190.0575
 Charge=              0.0000 electrons
 Dipole moment (field-independent basis, Debye):
    X=             -0.0000    Y=              0.0000    Z=             -0.0000  Tot=              0.0000
 Quadrupole moment (field-independent basis, Debye-Ang):
   XX=            -19.2279   YY=            -22.8261   ZZ=            -15.1254
   XY=             -0.8558   XZ=              0.0000   YZ=             -0.0000
 Traceless Quadrupole moment (field-independent basis, Debye-Ang):
   XX=             -0.1681   YY=             -3.7663   ZZ=              3.9344
   XY=             -0.8558   XZ=              0.0000   YZ=             -0.0000
 Octapole moment (field-independent basis, Debye-Ang**2):
  XXX=              0.0000  YYY=              0.0000  ZZZ=             -0.0000  XYY=              0.0000
  XXY=              0.0000  XXZ=             -0.0000  XZZ=              0.0000  YZZ=              0.0000
  YYZ=             -0.0000  XYZ=              0.0000
 Hexadecapole moment (field-independent basis, Debye-Ang**3):
 XXXX=            -74.6852 YYYY=           -395.8963 ZZZZ=            -17.9303 XXXY=            -29.9606
 XXXZ=              0.0000 YYYX=            -59.1005 YYYZ=             -0.0000 ZZZX=              0.0000
 ZZZY=             -0.0000 XXYY=            -77.3568 XXZZ=            -14.9759 YYZZ=            -53.0725
 XXYZ=             -0.0000 YYXZ=              0.0000 ZZXY=             -9.1259
 N-N= 1.838392391807D+01 E-N=-4.767514231750D+01  KE= 6.596908262302D+00
 Symmetry AG   KE= 4.828344078267D+00
 Symmetry BG   KE= 0.000000000000D+00
 Symmetry AU   KE= 0.000000000000D+00
 Symmetry BU   KE= 1.768564184035D+00

 Test job not archived.
 1\1\GINC-SULU\Stability\RHF\Gen\H12\LCJ1\17-Feb-2017\0\\#rhf/gen scf(s
 ymm,tight,novaracc,noincfock,fulldiag) stable(crhf) guess=read geom=no
 crowd test\\hf stability analysis of h12 triangular lattice, y= 1.2594
 669489559134\\0,1\H\H,1,1.3402967157\H,1,1.3402967157,2,40.\H,2,1.3402
 967157,1,140.,3,0.,0\H,2,1.3402967157,1,180.,3,0.,0\H,4,1.3402967157,3
 ,180.,5,0.,0\H,6,1.3402967157,5,180.,3,0.,0\H,4,1.3402967157,2,180.,3,
 0.,0\H,3,1.3402967157,1,180.,4,0.,0\H,9,1.3402967157,3,180.,4,0.,0\H,8
 ,1.3402967157,4,180.,3,0.,0\H,7,1.3402967157,6,180.,3,0.,0\\Version=ES
 64L-G09RevE.01\State=1-AG\HF=-5.3941488\MP2=-5.7955929\RMSD=6.116e-09\
 Dipole=0.,0.,0.\Quadrupole=-0.6036997,2.9251043,-2.3214046,0.,-1.20679
 57,0.\PG=C02H [SGH(H12)]\\@


 IF IT'S NOT TRUE, IT'S WELL INVENTED -- DANTE
 Job cpu time:       0 days  0 hours  0 minutes  1.0 seconds.
 File lengths (MBytes):  RWF=     84 Int=      0 D2E=      0 Chk=      2 Scr=      2
 Normal termination of Gaussian 09 at Fri Feb 17 15:07:24 2017.
