 Entering Gaussian System, Link 0=g09
 AtFile(1): H.gbs
            H     0
            S   10   1.00
               1000.000000000000            0.000068713567
                316.227766000000            0.000169141320
                100.000000000000            0.000823394812
                 31.622776600000            0.003425569236
                 10.000000000000            0.013951996000
                  3.162277660000            0.056909313560
                  1.000000000000            0.198286399900
                  0.316227766000            0.496922426700
                  0.100000000000            0.369846276400
                  0.031622776600            0.003752720039
            ****
 Initial command:
 /projects/guscus/apps/gau/g09-e1/g09/l1.exe "/users/lcj1/gaussian/h12/rhfstability/rect/guess/ag4bu2/Gau-18823.inp" -scrdir="/users/lcj1/gaussian/h12/rhfstability/rect/guess/ag4bu2/"
 Entering Link 1 = /projects/guscus/apps/gau/g09-e1/g09/l1.exe PID=     18824.
  
 Copyright (c) 1988,1990,1992,1993,1995,1998,2003,2009,2015,
            Gaussian, Inc.  All Rights Reserved.
  
 This is part of the Gaussian(R) 09 program.  It is based on
 the Gaussian(R) 03 system (copyright 2003, Gaussian, Inc.),
 the Gaussian(R) 98 system (copyright 1998, Gaussian, Inc.),
 the Gaussian(R) 94 system (copyright 1995, Gaussian, Inc.),
 the Gaussian 92(TM) system (copyright 1992, Gaussian, Inc.),
 the Gaussian 90(TM) system (copyright 1990, Gaussian, Inc.),
 the Gaussian 88(TM) system (copyright 1988, Gaussian, Inc.),
 the Gaussian 86(TM) system (copyright 1986, Carnegie Mellon
 University), and the Gaussian 82(TM) system (copyright 1983,
 Carnegie Mellon University). Gaussian is a federally registered
 trademark of Gaussian, Inc.
  
 This software contains proprietary and confidential information,
 including trade secrets, belonging to Gaussian, Inc.
  
 This software is provided under written license and may be
 used, copied, transmitted, or stored only in accord with that
 written license.
  
 The following legend is applicable only to US Government
 contracts under FAR:
  
                    RESTRICTED RIGHTS LEGEND
  
 Use, reproduction and disclosure by the US Government is
 subject to restrictions as set forth in subparagraphs (a)
 and (c) of the Commercial Computer Software - Restricted
 Rights clause in FAR 52.227-19.
  
 Gaussian, Inc.
 340 Quinnipiac St., Bldg. 40, Wallingford CT 06492
  
  
 ---------------------------------------------------------------
 Warning -- This program may not be used in any manner that
 competes with the business of Gaussian, Inc. or will provide
 assistance to any competitor of Gaussian, Inc.  The licensee
 of this program is prohibited from giving any competitor of
 Gaussian, Inc. access to this program.  By using this program,
 the user acknowledges that Gaussian, Inc. is engaged in the
 business of creating and licensing software in the field of
 computational chemistry and represents and warrants to the
 licensee that it is not a competitor of Gaussian, Inc. and that
 it will not use this program in any manner prohibited above.
 ---------------------------------------------------------------
  

 Cite this work as:
 Gaussian 09, Revision E.01,
 M. J. Frisch, G. W. Trucks, H. B. Schlegel, G. E. Scuseria, 
 M. A. Robb, J. R. Cheeseman, G. Scalmani, V. Barone, B. Mennucci, 
 G. A. Petersson, H. Nakatsuji, M. Caricato, X. Li, H. P. Hratchian, 
 A. F. Izmaylov, J. Bloino, G. Zheng, J. L. Sonnenberg, M. Hada, 
 M. Ehara, K. Toyota, R. Fukuda, J. Hasegawa, M. Ishida, T. Nakajima, 
 Y. Honda, O. Kitao, H. Nakai, T. Vreven, J. A. Montgomery, Jr., 
 J. E. Peralta, F. Ogliaro, M. Bearpark, J. J. Heyd, E. Brothers, 
 K. N. Kudin, V. N. Staroverov, T. Keith, R. Kobayashi, J. Normand, 
 K. Raghavachari, A. Rendell, J. C. Burant, S. S. Iyengar, J. Tomasi, 
 M. Cossi, N. Rega, J. M. Millam, M. Klene, J. E. Knox, J. B. Cross, 
 V. Bakken, C. Adamo, J. Jaramillo, R. Gomperts, R. E. Stratmann, 
 O. Yazyev, A. J. Austin, R. Cammi, C. Pomelli, J. W. Ochterski, 
 R. L. Martin, K. Morokuma, V. G. Zakrzewski, G. A. Voth, 
 P. Salvador, J. J. Dannenberg, S. Dapprich, A. D. Daniels, 
 O. Farkas, J. B. Foresman, J. V. Ortiz, J. Cioslowski, 
 and D. J. Fox, Gaussian, Inc., Wallingford CT, 2013.
 
 ******************************************
 Gaussian 09:  ES64L-G09RevE.01 30-Nov-2015
                17-Feb-2017 
 ******************************************
 %chk=h12.chk
 ----------------------------------------------------------------------
 #rhf/gen scf(symm,tight,novaracc,noincfock,fulldiag) stable(crhf) gues
 s=read geom=nocrowd test
 ----------------------------------------------------------------------
 1/38=1/1;
 2/12=1,17=6,18=5,40=1/2;
 3/5=7,16=1,25=1,30=1,116=1/1,2,3;
 4/5=1,9=4/1;
 5/5=100002,15=2,16=1,32=2,38=6/2;
 8/6=1,10=90,11=11/1,4;
 9/8=4,13=1/2;
 6/7=2,8=2,9=2,10=2,28=1/1;
 99/5=1,9=1/99;
 ----------------------------------------------------------------------
 hf stability analysis of h12 triangular lattice, y= 0.5070038553873883
 5
 ----------------------------------------------------------------------
 Symbolic Z-matrix:
 Charge =  0 Multiplicity = 1
 H
 H                    1     1.24652 
 H                    1     1.24652  2     132. 
 H                    2     1.24652  1     48.      3     0.       0
 H                    2     1.24652  1     180.     3     0.       0
 H                    4     1.24652  3     180.     5     0.       0
 H                    6     1.24652  5     180.     3     0.       0
 H                    4     1.24652  2     180.     3     0.       0
 H                    3     1.24652  1     180.     4     0.       0
 H                    9     1.24652  3     180.     4     0.       0
 H                    8     1.24652  4     180.     3     0.       0
 H                    7     1.24652  6     180.     3     0.       0
 
                          Input orientation:                          
 ---------------------------------------------------------------------
 Center     Atomic      Atomic             Coordinates (Angstroms)
 Number     Number       Type             X           Y           Z
 ---------------------------------------------------------------------
      1          1           0        0.000000    0.000000    0.000000
      2          1           0        0.000000    0.000000    1.246516
      3          1           0        0.926342    0.000000   -0.834082
      4          1           0        0.926342    0.000000    0.412434
      5          1           0        0.000000    0.000000    2.493033
      6          1           0        0.926342    0.000000    1.658950
      7          1           0        1.852684    0.000000    0.824868
      8          1           0        1.852684    0.000000   -0.421648
      9          1           0        1.852684    0.000000   -1.668164
     10          1           0        2.779026    0.000000   -2.502247
     11          1           0        2.779026    0.000000   -1.255730
     12          1           0        2.779026    0.000000   -0.009214
 ---------------------------------------------------------------------
                    Distance matrix (angstroms):
                    1          2          3          4          5
     1  H    0.000000
     2  H    1.246516   0.000000
     3  H    1.246516   2.277499   0.000000
     4  H    1.014008   1.246516   1.246516   0.000000
     5  H    2.493033   1.246516   3.453665   2.277499   0.000000
     6  H    1.900059   1.014008   2.493033   1.246516   1.246516
     7  H    2.028015   1.900059   1.900059   1.014008   2.493033
     8  H    1.900059   2.493033   1.014008   1.246516   3.453665
     9  H    2.493033   3.453665   1.246516   2.277499   4.554997
    10  H    3.739549   4.666499   2.493033   3.453665   5.716275
    11  H    3.049565   3.739549   1.900059   2.493033   4.666499
    12  H    2.779042   3.049565   2.028015   1.900059   3.739549
                    6          7          8          9         10
     6  H    0.000000
     7  H    1.246516   0.000000
     8  H    2.277499   1.246516   0.000000
     9  H    3.453665   2.493033   1.246516   0.000000
    10  H    4.554997   3.453665   2.277499   1.246516   0.000000
    11  H    3.453665   2.277499   1.246516   1.014008   1.246516
    12  H    2.493033   1.246516   1.014008   1.900059   2.493033
                   11         12
    11  H    0.000000
    12  H    1.246516   0.000000
 Stoichiometry    H12
 Framework group  C2H[SGH(H12)]
 Deg. of freedom    11
 Full point group                 C2H     NOp   4
 Largest Abelian subgroup         C2H     NOp   4
 Largest concise Abelian subgroup C2      NOp   2
                         Standard orientation:                         
 ---------------------------------------------------------------------
 Center     Atomic      Atomic             Coordinates (Angstroms)
 Number     Number       Type             X           Y           Z
 ---------------------------------------------------------------------
      1          1           0        0.926342    1.035692    0.000000
      2          1           0        0.000000    1.869774    0.000000
      3          1           0        0.926342   -0.210824   -0.000000
      4          1           0        0.000000    0.623258    0.000000
      5          1           0       -0.926342    2.703857    0.000000
      6          1           0       -0.926342    1.457340    0.000000
      7          1           0       -0.926342    0.210824    0.000000
      8          1           0       -0.000000   -0.623258    0.000000
      9          1           0        0.926342   -1.457340   -0.000000
     10          1           0        0.926342   -2.703857   -0.000000
     11          1           0       -0.000000   -1.869774    0.000000
     12          1           0       -0.926342   -1.035692    0.000000
 ---------------------------------------------------------------------
 Rotational constants (GHZ):     95.5579455     16.4466457     14.0316362
 General basis read from cards:  (5D, 7F)
 There are     6 symmetry adapted cartesian basis functions of AG  symmetry.
 There are     0 symmetry adapted cartesian basis functions of BG  symmetry.
 There are     0 symmetry adapted cartesian basis functions of AU  symmetry.
 There are     6 symmetry adapted cartesian basis functions of BU  symmetry.
 There are     6 symmetry adapted basis functions of AG  symmetry.
 There are     0 symmetry adapted basis functions of BG  symmetry.
 There are     0 symmetry adapted basis functions of AU  symmetry.
 There are     6 symmetry adapted basis functions of BU  symmetry.
    12 basis functions,   120 primitive gaussians,    12 cartesian basis functions
     6 alpha electrons        6 beta electrons
       nuclear repulsion energy        18.9225266948 Hartrees.
 NAtoms=   12 NActive=   12 NUniq=    6 SFac= 4.00D+00 NAtFMM=   60 NAOKFM=F Big=F
 Integral buffers will be    131072 words long.
 Regular integral format.
 Two-electron integral symmetry is turned on.
 One-electron integrals computed using PRISM.
 NBasis=    12 RedAO= T EigKep=  1.81D-01  NBF=     6     0     0     6
 NBsUse=    12 1.00D-06 EigRej= -1.00D+00 NBFU=     6     0     0     6
 Initial guess from the checkpoint file:  "h12.chk"
 B after Tr=    -0.000000    0.000000    0.000000
         Rot=    0.995386    0.000000   -0.000000    0.095954 Ang=  11.01 deg.
 Initial guess orbital symmetries:
       Occupied  (AG) (BU) (BU) (AG) (AG) (AG)
       Virtual   (BU) (BU) (BU) (AG) (AG) (BU)
 Keep R1 ints in memory in symmetry-blocked form, NReq=902440.
 Requested convergence on RMS density matrix=1.00D-08 within 128 cycles.
 Requested convergence on MAX density matrix=1.00D-06.
 Requested convergence on             energy=1.00D-06.
 No special actions if energy rises.
 SCF Done:  E(RHF) =  -5.39942074625     A.U. after   21 cycles
            NFock= 21  Conv=0.54D-08     -V/T= 1.8079
 Range of M.O.s used for correlation:     1    12
 NBasis=    12 NAE=     6 NBE=     6 NFC=     0 NFV=     0
 NROrb=     12 NOA=     6 NOB=     6 NVA=     6 NVB=     6

 **** Warning!!: The smallest alpha delta epsilon is -0.98469484D-01

 Semi-Direct transformation.
 ModeAB=           4 MOrb=             6 LenV=     134086131
 LASXX=         2181 LTotXX=        2181 LenRXX=        5115
 LTotAB=        2934 MaxLAS=        3024 LenRXY=           0
 NonZer=        7296 LenScr=      655360 LnRSAI=        3024
 LnScr1=      655360 LExtra=           0 Total=      1318859
 MaxDsk=          -1 SrtSym=           T ITran=            3
 JobTyp=0 Pass  1:  I=   1 to   6.
 (rs|ai) integrals will be sorted in core.
 Spin components of T(2) and E(2):
     alpha-alpha T2 =       0.2830456464D-01 E2=     -0.2306536417D-01
     alpha-beta  T2 =       0.1558199915D+01 E2=     -0.2645143726D+00
     beta-beta   T2 =       0.2830456464D-01 E2=     -0.2306536417D-01
 ANorm=    0.1617037119D+01
 E2 =    -0.3106451009D+00 EUMP2 =    -0.57100658471515D+01
 Second order stability test of a single determinant RHF wave function:
 Stabil:  MDV=134217728
 ***********************************************************************
 Matrix         Lowest Root    Major Pairs
 ***********************************************************************
 Internal RHF    -0.198303     6A=7A 6A=9A 4A=7A 5A=7A 6A=10A
 RRHF --> CRHF   -0.2973593    6A=7A
 RRHF --> RUHF   -0.6218468    6A=7B
 Not stable.
 ***********************************************************************

 **********************************************************************

            Population analysis using the SCF density.

 **********************************************************************

 Orbital symmetries:
       Occupied  (AG) (BU) (BU) (AG) (AG) (AG)
       Virtual   (BU) (AG) (BU) (BU) (BU) (AG)
 The electronic state is 1-AG.
 Alpha  occ. eigenvalues --   -0.96532  -0.77238  -0.58036  -0.54308  -0.32739
 Alpha  occ. eigenvalues --   -0.06701
 Alpha virt. eigenvalues --   -0.16548   0.20973   0.21560   0.27423   0.49879
 Alpha virt. eigenvalues --    0.53273
          Condensed to atoms (all electrons):
               1          2          3          4          5          6
     1  H    1.177819   0.179588  -0.005600   0.112545   0.020177  -0.190112
     2  H    0.179588   0.986902  -0.086016   0.009145  -0.255692   0.297997
     3  H   -0.005600  -0.086016   0.905835   0.152605   0.007937  -0.032511
     4  H    0.112545   0.009145   0.152605   0.537281  -0.016832   0.013778
     5  H    0.020177  -0.255692   0.007937  -0.016832   1.472005  -0.241446
     6  H   -0.190112   0.297997  -0.032511   0.013778  -0.241446   1.223303
     7  H   -0.135555  -0.140499   0.023659   0.096826   0.044551   0.091425
     8  H   -0.041423  -0.036917   0.096826   0.072057  -0.003892  -0.024793
     9  H   -0.070541   0.007957   0.091425  -0.024793  -0.002982   0.023466
    10  H    0.004629  -0.002312   0.044551  -0.003892   0.000935  -0.002982
    11  H    0.007612   0.013762  -0.140499  -0.036917  -0.002312   0.007957
    12  H    0.043680   0.007612  -0.135555  -0.041423   0.004629  -0.070541
               7          8          9         10         11         12
     1  H   -0.135555  -0.041423  -0.070541   0.004629   0.007612   0.043680
     2  H   -0.140499  -0.036917   0.007957  -0.002312   0.013762   0.007612
     3  H    0.023659   0.096826   0.091425   0.044551  -0.140499  -0.135555
     4  H    0.096826   0.072057  -0.024793  -0.003892  -0.036917  -0.041423
     5  H    0.044551  -0.003892  -0.002982   0.000935  -0.002312   0.004629
     6  H    0.091425  -0.024793   0.023466  -0.002982   0.007957  -0.070541
     7  H    0.905835   0.152605  -0.032511   0.007937  -0.086016  -0.005600
     8  H    0.152605   0.537281   0.013778  -0.016832   0.009145   0.112545
     9  H   -0.032511   0.013778   1.223303  -0.241446   0.297997  -0.190112
    10  H    0.007937  -0.016832  -0.241446   1.472005  -0.255692   0.020177
    11  H   -0.086016   0.009145   0.297997  -0.255692   0.986902   0.179588
    12  H   -0.005600   0.112545  -0.190112   0.020177   0.179588   1.177819
 Mulliken charges:
               1
     1  H   -0.102818
     2  H    0.018474
     3  H    0.077342
     4  H    0.129620
     5  H   -0.027077
     6  H   -0.095541
     7  H    0.077342
     8  H    0.129620
     9  H   -0.095541
    10  H   -0.027077
    11  H    0.018474
    12  H   -0.102818
 Sum of Mulliken charges =   0.00000
 Mulliken charges with hydrogens summed into heavy atoms:
               1
 Electronic spatial extent (au):  <R**2>=            170.3198
 Charge=             -0.0000 electrons
 Dipole moment (field-independent basis, Debye):
    X=              0.0000    Y=             -0.0000    Z=             -0.0000  Tot=              0.0000
 Quadrupole moment (field-independent basis, Debye-Ang):
   XX=            -19.0689   YY=            -23.3204   ZZ=            -15.0423
   XY=              1.0851   XZ=              0.0000   YZ=             -0.0000
 Traceless Quadrupole moment (field-independent basis, Debye-Ang):
   XX=              0.0750   YY=             -4.1765   ZZ=              4.1015
   XY=              1.0851   XZ=              0.0000   YZ=             -0.0000
 Octapole moment (field-independent basis, Debye-Ang**2):
  XXX=              0.0000  YYY=             -0.0000  ZZZ=             -0.0000  XYY=              0.0000
  XXY=             -0.0000  XXZ=             -0.0000  XZZ=              0.0000  YZZ=             -0.0000
  YYZ=             -0.0000  XYZ=             -0.0000
 Hexadecapole moment (field-independent basis, Debye-Ang**3):
 XXXX=            -81.7262 YYYY=           -321.5158 ZZZZ=            -17.7542 XXXY=             26.9616
 XXXZ=              0.0000 YYYX=             48.9423 YYYZ=             -0.0000 ZZZX=              0.0000
 ZZZY=             -0.0000 XXYY=            -70.0402 XXZZ=            -16.0353 YYZZ=            -44.5636
 XXYZ=             -0.0000 YYXZ=              0.0000 ZZXY=              7.8703
 N-N= 1.892252669479D+01 E-N=-4.881613511733D+01  KE= 6.683332374496D+00
 Symmetry AG   KE= 4.979532828106D+00
 Symmetry BG   KE= 0.000000000000D+00
 Symmetry AU   KE= 0.000000000000D+00
 Symmetry BU   KE= 1.703799546390D+00

 Test job not archived.
 1\1\GINC-SULU\Stability\RHF\Gen\H12\LCJ1\17-Feb-2017\0\\#rhf/gen scf(s
 ymm,tight,novaracc,noincfock,fulldiag) stable(crhf) guess=read geom=no
 crowd test\\hf stability analysis of h12 triangular lattice, y= 0.5070
 0385538738835\\0,1\H\H,1,1.2465162673\H,1,1.2465162673,2,132.\H,2,1.24
 65162673,1,48.,3,0.,0\H,2,1.2465162673,1,180.,3,0.,0\H,4,1.2465162673,
 3,180.,5,0.,0\H,6,1.2465162673,5,180.,3,0.,0\H,4,1.2465162673,2,180.,3
 ,0.,0\H,3,1.2465162673,1,180.,4,0.,0\H,9,1.2465162673,3,180.,4,0.,0\H,
 8,1.2465162673,4,180.,3,0.,0\H,7,1.2465162673,6,180.,3,0.,0\\Version=E
 S64L-G09RevE.01\State=1-AG\HF=-5.3994207\MP2=-5.7100658\RMSD=5.428e-09
 \Dipole=0.,0.,0.\Quadrupole=-0.8875682,3.0493798,-2.1618116,0.,1.65611
 47,0.\PG=C02H [SGH(H12)]\\@


 A SOLDIER'S LIFE IS A LIFE OF HONOR, BUT A DOG WOULD NOT LEAD IT.
 -- PRINCE RUPERT, FOUNDER OF THE HUDSON'S BAY COMPANY
 Job cpu time:       0 days  0 hours  0 minutes  1.1 seconds.
 File lengths (MBytes):  RWF=     84 Int=      0 D2E=      0 Chk=      2 Scr=      2
 Normal termination of Gaussian 09 at Fri Feb 17 14:57:43 2017.
