 Entering Gaussian System, Link 0=g09
 AtFile(1): H.gbs
            H     0
            S   10   1.00
               1000.000000000000            0.000068713567
                316.227766000000            0.000169141320
                100.000000000000            0.000823394812
                 31.622776600000            0.003425569236
                 10.000000000000            0.013951996000
                  3.162277660000            0.056909313560
                  1.000000000000            0.198286399900
                  0.316227766000            0.496922426700
                  0.100000000000            0.369846276400
                  0.031622776600            0.003752720039
            ****
 Initial command:
 /projects/guscus/apps/gau/g09-e1/g09/l1.exe "/users/lcj1/gaussian/h12/rhfstability/rect/guess/ag4bu2/Gau-23091.inp" -scrdir="/users/lcj1/gaussian/h12/rhfstability/rect/guess/ag4bu2/"
 Entering Link 1 = /projects/guscus/apps/gau/g09-e1/g09/l1.exe PID=     23092.
  
 Copyright (c) 1988,1990,1992,1993,1995,1998,2003,2009,2015,
            Gaussian, Inc.  All Rights Reserved.
  
 This is part of the Gaussian(R) 09 program.  It is based on
 the Gaussian(R) 03 system (copyright 2003, Gaussian, Inc.),
 the Gaussian(R) 98 system (copyright 1998, Gaussian, Inc.),
 the Gaussian(R) 94 system (copyright 1995, Gaussian, Inc.),
 the Gaussian 92(TM) system (copyright 1992, Gaussian, Inc.),
 the Gaussian 90(TM) system (copyright 1990, Gaussian, Inc.),
 the Gaussian 88(TM) system (copyright 1988, Gaussian, Inc.),
 the Gaussian 86(TM) system (copyright 1986, Carnegie Mellon
 University), and the Gaussian 82(TM) system (copyright 1983,
 Carnegie Mellon University). Gaussian is a federally registered
 trademark of Gaussian, Inc.
  
 This software contains proprietary and confidential information,
 including trade secrets, belonging to Gaussian, Inc.
  
 This software is provided under written license and may be
 used, copied, transmitted, or stored only in accord with that
 written license.
  
 The following legend is applicable only to US Government
 contracts under FAR:
  
                    RESTRICTED RIGHTS LEGEND
  
 Use, reproduction and disclosure by the US Government is
 subject to restrictions as set forth in subparagraphs (a)
 and (c) of the Commercial Computer Software - Restricted
 Rights clause in FAR 52.227-19.
  
 Gaussian, Inc.
 340 Quinnipiac St., Bldg. 40, Wallingford CT 06492
  
  
 ---------------------------------------------------------------
 Warning -- This program may not be used in any manner that
 competes with the business of Gaussian, Inc. or will provide
 assistance to any competitor of Gaussian, Inc.  The licensee
 of this program is prohibited from giving any competitor of
 Gaussian, Inc. access to this program.  By using this program,
 the user acknowledges that Gaussian, Inc. is engaged in the
 business of creating and licensing software in the field of
 computational chemistry and represents and warrants to the
 licensee that it is not a competitor of Gaussian, Inc. and that
 it will not use this program in any manner prohibited above.
 ---------------------------------------------------------------
  

 Cite this work as:
 Gaussian 09, Revision E.01,
 M. J. Frisch, G. W. Trucks, H. B. Schlegel, G. E. Scuseria, 
 M. A. Robb, J. R. Cheeseman, G. Scalmani, V. Barone, B. Mennucci, 
 G. A. Petersson, H. Nakatsuji, M. Caricato, X. Li, H. P. Hratchian, 
 A. F. Izmaylov, J. Bloino, G. Zheng, J. L. Sonnenberg, M. Hada, 
 M. Ehara, K. Toyota, R. Fukuda, J. Hasegawa, M. Ishida, T. Nakajima, 
 Y. Honda, O. Kitao, H. Nakai, T. Vreven, J. A. Montgomery, Jr., 
 J. E. Peralta, F. Ogliaro, M. Bearpark, J. J. Heyd, E. Brothers, 
 K. N. Kudin, V. N. Staroverov, T. Keith, R. Kobayashi, J. Normand, 
 K. Raghavachari, A. Rendell, J. C. Burant, S. S. Iyengar, J. Tomasi, 
 M. Cossi, N. Rega, J. M. Millam, M. Klene, J. E. Knox, J. B. Cross, 
 V. Bakken, C. Adamo, J. Jaramillo, R. Gomperts, R. E. Stratmann, 
 O. Yazyev, A. J. Austin, R. Cammi, C. Pomelli, J. W. Ochterski, 
 R. L. Martin, K. Morokuma, V. G. Zakrzewski, G. A. Voth, 
 P. Salvador, J. J. Dannenberg, S. Dapprich, A. D. Daniels, 
 O. Farkas, J. B. Foresman, J. V. Ortiz, J. Cioslowski, 
 and D. J. Fox, Gaussian, Inc., Wallingford CT, 2013.
 
 ******************************************
 Gaussian 09:  ES64L-G09RevE.01 30-Nov-2015
                17-Feb-2017 
 ******************************************
 %chk=h12.chk
 ----------------------------------------------------------------------
 #rhf/gen scf(symm,tight,novaracc,noincfock,fulldiag) stable(crhf) gues
 s=read geom=nocrowd test
 ----------------------------------------------------------------------
 1/38=1/1;
 2/12=1,17=6,18=5,40=1/2;
 3/5=7,16=1,25=1,30=1,116=1/1,2,3;
 4/5=1,9=4/1;
 5/5=100002,15=2,16=1,32=2,38=6/2;
 8/6=1,10=90,11=11/1,4;
 9/8=4,13=1/2;
 6/7=2,8=2,9=2,10=2,28=1/1;
 99/5=1,9=1/99;
 ----------------------------------------------------------------------
 hf stability analysis of h12 triangular lattice, y= 0.6064756379129316
 9
 ----------------------------------------------------------------------
 Symbolic Z-matrix:
 Charge =  0 Multiplicity = 1
 H
 H                    1     1.12875 
 H                    1     1.12875  2     115. 
 H                    2     1.12875  1     65.      3     0.       0
 H                    2     1.12875  1     180.     3     0.       0
 H                    4     1.12875  3     180.     5     0.       0
 H                    6     1.12875  5     180.     3     0.       0
 H                    4     1.12875  2     180.     3     0.       0
 H                    3     1.12875  1     180.     4     0.       0
 H                    9     1.12875  3     180.     4     0.       0
 H                    8     1.12875  4     180.     3     0.       0
 H                    7     1.12875  6     180.     3     0.       0
 
                          Input orientation:                          
 ---------------------------------------------------------------------
 Center     Atomic      Atomic             Coordinates (Angstroms)
 Number     Number       Type             X           Y           Z
 ---------------------------------------------------------------------
      1          1           0        0.000000    0.000000    0.000000
      2          1           0        0.000000    0.000000    1.128748
      3          1           0        1.022993    0.000000   -0.477029
      4          1           0        1.022993    0.000000    0.651718
      5          1           0        0.000000    0.000000    2.257495
      6          1           0        1.022993    0.000000    1.780466
      7          1           0        2.045985    0.000000    1.303436
      8          1           0        2.045985    0.000000    0.174689
      9          1           0        2.045985    0.000000   -0.954059
     10          1           0        3.068978    0.000000   -1.431088
     11          1           0        3.068978    0.000000   -0.302340
     12          1           0        3.068978    0.000000    0.826407
 ---------------------------------------------------------------------
                    Distance matrix (angstroms):
                    1          2          3          4          5
     1  H    0.000000
     2  H    1.128748   0.000000
     3  H    1.128748   1.903952   0.000000
     4  H    1.212951   1.128748   1.128748   0.000000
     5  H    2.257495   1.128748   2.919613   1.903952   0.000000
     6  H    2.053429   1.212951   2.257495   1.128748   1.128748
     7  H    2.425902   2.053429   2.053429   1.212951   2.257495
     8  H    2.053429   2.257495   1.212951   1.128748   2.919613
     9  H    2.257495   2.919613   1.128748   1.903952   3.807904
    10  H    3.386243   3.996421   2.257495   2.919613   4.798361
    11  H    3.083835   3.386243   2.053429   2.257495   3.996421
    12  H    3.178298   3.083835   2.425902   2.053429   3.386243
                    6          7          8          9         10
     6  H    0.000000
     7  H    1.128748   0.000000
     8  H    1.903952   1.128748   0.000000
     9  H    2.919613   2.257495   1.128748   0.000000
    10  H    3.807904   2.919613   1.903952   1.128748   0.000000
    11  H    2.919613   1.903952   1.128748   1.212951   1.128748
    12  H    2.257495   1.128748   1.212951   2.053429   2.257495
                   11         12
    11  H    0.000000
    12  H    1.128748   0.000000
 Stoichiometry    H12
 Framework group  C2H[SGH(H12)]
 Deg. of freedom    11
 Full point group                 C2H     NOp   4
 Largest Abelian subgroup         C2H     NOp   4
 Largest concise Abelian subgroup C2      NOp   2
                         Standard orientation:                         
 ---------------------------------------------------------------------
 Center     Atomic      Atomic             Coordinates (Angstroms)
 Number     Number       Type             X           Y           Z
 ---------------------------------------------------------------------
      1          1           0        1.022993    1.216092    0.000000
      2          1           0        0.000000    1.693121    0.000000
      3          1           0        1.022993    0.087344    0.000000
      4          1           0        0.000000    0.564374    0.000000
      5          1           0       -1.022993    2.170151    0.000000
      6          1           0       -1.022993    1.041403    0.000000
      7          1           0       -1.022993   -0.087344    0.000000
      8          1           0       -0.000000   -0.564374    0.000000
      9          1           0        1.022993   -1.041403    0.000000
     10          1           0        1.022993   -2.170151    0.000000
     11          1           0       -0.000000   -1.693121    0.000000
     12          1           0       -1.022993   -1.216092    0.000000
 ---------------------------------------------------------------------
 Rotational constants (GHZ):     69.0946305     22.7457278     17.1123859
 General basis read from cards:  (5D, 7F)
 There are     6 symmetry adapted cartesian basis functions of AG  symmetry.
 There are     0 symmetry adapted cartesian basis functions of BG  symmetry.
 There are     0 symmetry adapted cartesian basis functions of AU  symmetry.
 There are     6 symmetry adapted cartesian basis functions of BU  symmetry.
 There are     6 symmetry adapted basis functions of AG  symmetry.
 There are     0 symmetry adapted basis functions of BG  symmetry.
 There are     0 symmetry adapted basis functions of AU  symmetry.
 There are     6 symmetry adapted basis functions of BU  symmetry.
    12 basis functions,   120 primitive gaussians,    12 cartesian basis functions
     6 alpha electrons        6 beta electrons
       nuclear repulsion energy        19.7397475735 Hartrees.
 NAtoms=   12 NActive=   12 NUniq=    6 SFac= 4.00D+00 NAtFMM=   60 NAOKFM=F Big=F
 Integral buffers will be    131072 words long.
 Regular integral format.
 Two-electron integral symmetry is turned on.
 One-electron integrals computed using PRISM.
 NBasis=    12 RedAO= T EigKep=  1.58D-01  NBF=     6     0     0     6
 NBsUse=    12 1.00D-06 EigRej= -1.00D+00 NBFU=     6     0     0     6
 Initial guess from the checkpoint file:  "h12.chk"
 B after Tr=    -0.000000   -0.000000    0.000000
         Rot=    0.998968    0.000000    0.000000    0.045411 Ang=   5.21 deg.
 Initial guess orbital symmetries:
       Occupied  (AG) (BU) (BU) (AG) (AG) (AG)
       Virtual   (BU) (BU) (BU) (AG) (AG) (BU)
 Keep R1 ints in memory in symmetry-blocked form, NReq=903994.
 Requested convergence on RMS density matrix=1.00D-08 within 128 cycles.
 Requested convergence on MAX density matrix=1.00D-06.
 Requested convergence on             energy=1.00D-06.
 No special actions if energy rises.
 SCF Done:  E(RHF) =  -5.66700450883     A.U. after   10 cycles
            NFock= 10  Conv=0.56D-08     -V/T= 1.8648
 Range of M.O.s used for correlation:     1    12
 NBasis=    12 NAE=     6 NBE=     6 NFC=     0 NFV=     0
 NROrb=     12 NOA=     6 NOB=     6 NVA=     6 NVB=     6
 Semi-Direct transformation.
 ModeAB=           4 MOrb=             6 LenV=     134084059
 LASXX=         2181 LTotXX=        2181 LenRXX=        5115
 LTotAB=        2934 MaxLAS=        3024 LenRXY=           0
 NonZer=        7296 LenScr=      655360 LnRSAI=        3024
 LnScr1=      655360 LExtra=           0 Total=      1318859
 MaxDsk=          -1 SrtSym=           T ITran=            3
 JobTyp=0 Pass  1:  I=   1 to   6.
 (rs|ai) integrals will be sorted in core.
 Spin components of T(2) and E(2):
     alpha-alpha T2 =       0.1156572002D-01 E2=     -0.1393804567D-01
     alpha-beta  T2 =       0.9817108921D-01 E2=     -0.1201676322D+00
     beta-beta   T2 =       0.1156572002D-01 E2=     -0.1393804567D-01
 ANorm=    0.1058915733D+01
 E2 =    -0.1480437235D+00 EUMP2 =    -0.58150482323738D+01
 Second order stability test of a single determinant RHF wave function:
 Stabil:  MDV=134217728
 ***********************************************************************
 Matrix         Lowest Root    Major Pairs
 ***********************************************************************
 Internal RHF    -0.1097546    6A=7A
 RRHF --> CRHF   -0.1490537    6A=7A
 RRHF --> RUHF   -0.229009     6A=7B
 Not stable.
 ***********************************************************************

 **********************************************************************

            Population analysis using the SCF density.

 **********************************************************************

 Orbital symmetries:
       Occupied  (AG) (BU) (BU) (AG) (AG) (AG)
       Virtual   (BU) (BU) (AG) (BU) (AG) (BU)
 The electronic state is 1-AG.
 Alpha  occ. eigenvalues --   -0.90873  -0.75573  -0.60099  -0.52981  -0.35309
 Alpha  occ. eigenvalues --   -0.17254
 Alpha virt. eigenvalues --   -0.05827   0.20915   0.28558   0.37203   0.64916
 Alpha virt. eigenvalues --    0.69629
          Condensed to atoms (all electrons):
               1          2          3          4          5          6
     1  H    1.155046   0.137502   0.353340  -0.323230  -0.012604  -0.066125
     2  H    0.137502   1.012545  -0.116926   0.220691   0.111911  -0.174561
     3  H    0.353340  -0.116926   1.041524  -0.269718  -0.007943   0.024862
     4  H   -0.323230   0.220691  -0.269718   1.512054  -0.068443  -0.178881
     5  H   -0.012604   0.111911  -0.007943  -0.068443   0.488467   0.268752
     6  H   -0.066125  -0.174561   0.024862  -0.178881   0.268752   0.948258
     7  H    0.025599  -0.140249   0.101262  -0.328361   0.004996   0.307592
     8  H   -0.169237   0.021905  -0.328361   0.741030  -0.025394  -0.093622
     9  H   -0.013546  -0.031933   0.307592  -0.093622   0.003245   0.027959
    10  H   -0.001062   0.000311   0.004996  -0.025394   0.000955   0.003245
    11  H   -0.001248   0.020236  -0.140249   0.021905   0.000311  -0.031933
    12  H    0.035414  -0.001248   0.025599  -0.169237  -0.001062  -0.013546
               7          8          9         10         11         12
     1  H    0.025599  -0.169237  -0.013546  -0.001062  -0.001248   0.035414
     2  H   -0.140249   0.021905  -0.031933   0.000311   0.020236  -0.001248
     3  H    0.101262  -0.328361   0.307592   0.004996  -0.140249   0.025599
     4  H   -0.328361   0.741030  -0.093622  -0.025394   0.021905  -0.169237
     5  H    0.004996  -0.025394   0.003245   0.000955   0.000311  -0.001062
     6  H    0.307592  -0.093622   0.027959   0.003245  -0.031933  -0.013546
     7  H    1.041524  -0.269718   0.024862  -0.007943  -0.116926   0.353340
     8  H   -0.269718   1.512054  -0.178881  -0.068443   0.220691  -0.323230
     9  H    0.024862  -0.178881   0.948258   0.268752  -0.174561  -0.066125
    10  H   -0.007943  -0.068443   0.268752   0.488467   0.111911  -0.012604
    11  H   -0.116926   0.220691  -0.174561   0.111911   1.012545   0.137502
    12  H    0.353340  -0.323230  -0.066125  -0.012604   0.137502   1.155046
 Mulliken charges:
               1
     1  H   -0.119849
     2  H   -0.060185
     3  H    0.004021
     4  H   -0.038795
     5  H    0.236808
     6  H   -0.022000
     7  H    0.004021
     8  H   -0.038795
     9  H   -0.022000
    10  H    0.236808
    11  H   -0.060185
    12  H   -0.119849
 Sum of Mulliken charges =   0.00000
 Mulliken charges with hydrogens summed into heavy atoms:
               1
 Electronic spatial extent (au):  <R**2>=            137.5297
 Charge=              0.0000 electrons
 Dipole moment (field-independent basis, Debye):
    X=             -0.0000    Y=             -0.0000    Z=              0.0000  Tot=              0.0000
 Quadrupole moment (field-independent basis, Debye-Ang):
   XX=            -20.1025   YY=             -8.9402   ZZ=            -15.1880
   XY=             -7.4943   XZ=              0.0000   YZ=              0.0000
 Traceless Quadrupole moment (field-independent basis, Debye-Ang):
   XX=             -5.3590   YY=              5.8034   ZZ=             -0.4445
   XY=             -7.4943   XZ=              0.0000   YZ=              0.0000
 Octapole moment (field-independent basis, Debye-Ang**2):
  XXX=             -0.0000  YYY=             -0.0000  ZZZ=             -0.0000  XYY=             -0.0000
  XXY=             -0.0000  XXZ=             -0.0000  XZZ=              0.0000  YZZ=              0.0000
  YYZ=             -0.0000  XYZ=             -0.0000
 Hexadecapole moment (field-independent basis, Debye-Ang**3):
 XXXX=           -106.6564 YYYY=           -129.6100 ZZZZ=            -18.0616 XXXY=              3.2438
 XXXZ=              0.0000 YYYX=            -22.7272 YYYZ=              0.0000 ZZZX=              0.0000
 ZZZY=              0.0000 XXYY=            -39.1117 XXZZ=            -19.0241 YYZZ=            -32.4595
 XXYZ=              0.0000 YYXZ=              0.0000 ZZXY=              3.3955
 N-N= 1.973974757349D+01 E-N=-5.072466510295D+01  KE= 6.552958430564D+00
 Symmetry AG   KE= 4.982199966002D+00
 Symmetry BG   KE= 0.000000000000D+00
 Symmetry AU   KE= 0.000000000000D+00
 Symmetry BU   KE= 1.570758464562D+00

 Test job not archived.
 1\1\GINC-SULU\Stability\RHF\Gen\H12\LCJ1\17-Feb-2017\0\\#rhf/gen scf(s
 ymm,tight,novaracc,noincfock,fulldiag) stable(crhf) guess=read geom=no
 crowd test\\hf stability analysis of h12 triangular lattice, y= 0.6064
 7563791293169\\0,1\H\H,1,1.1287475618\H,1,1.1287475618,2,115.\H,2,1.12
 87475618,1,65.,3,0.,0\H,2,1.1287475618,1,180.,3,0.,0\H,4,1.1287475618,
 3,180.,5,0.,0\H,6,1.1287475618,5,180.,3,0.,0\H,4,1.1287475618,2,180.,3
 ,0.,0\H,3,1.1287475618,1,180.,4,0.,0\H,9,1.1287475618,3,180.,4,0.,0\H,
 8,1.1287475618,4,180.,3,0.,0\H,7,1.1287475618,6,180.,3,0.,0\\Version=E
 S64L-G09RevE.01\State=1-AG\HF=-5.6670045\MP2=-5.8150482\RMSD=5.603e-09
 \Dipole=0.,0.,0.\Quadrupole=-1.435794,-0.3304502,1.7662442,0.,-6.76017
 06,0.\PG=C02H [SGH(H12)]\\@


 IT IS A QUALITY OF REVOLUTIONS NOT TO GO BY OLD LINES OR OLD LAWS,
 BUT TO BREAK UP BOTH, AND MAKE NEW ONES.
                                              -- A. LINCOLN (1848)
 Job cpu time:       0 days  0 hours  0 minutes  1.1 seconds.
 File lengths (MBytes):  RWF=     84 Int=      0 D2E=      0 Chk=      2 Scr=      2
 Normal termination of Gaussian 09 at Fri Feb 17 14:59:27 2017.
