 Entering Gaussian System, Link 0=g09
 AtFile(1): H.gbs
            H     0
            S   10   1.00
               1000.000000000000            0.000068713567
                316.227766000000            0.000169141320
                100.000000000000            0.000823394812
                 31.622776600000            0.003425569236
                 10.000000000000            0.013951996000
                  3.162277660000            0.056909313560
                  1.000000000000            0.198286399900
                  0.316227766000            0.496922426700
                  0.100000000000            0.369846276400
                  0.031622776600            0.003752720039
            ****
 Initial command:
 /projects/guscus/apps/gau/g09-e1/g09/l1.exe "/users/lcj1/gaussian/h12/rhfstability/rect/guess/ag4bu2/Gau-15420.inp" -scrdir="/users/lcj1/gaussian/h12/rhfstability/rect/guess/ag4bu2/"
 Entering Link 1 = /projects/guscus/apps/gau/g09-e1/g09/l1.exe PID=     15421.
  
 Copyright (c) 1988,1990,1992,1993,1995,1998,2003,2009,2015,
            Gaussian, Inc.  All Rights Reserved.
  
 This is part of the Gaussian(R) 09 program.  It is based on
 the Gaussian(R) 03 system (copyright 2003, Gaussian, Inc.),
 the Gaussian(R) 98 system (copyright 1998, Gaussian, Inc.),
 the Gaussian(R) 94 system (copyright 1995, Gaussian, Inc.),
 the Gaussian 92(TM) system (copyright 1992, Gaussian, Inc.),
 the Gaussian 90(TM) system (copyright 1990, Gaussian, Inc.),
 the Gaussian 88(TM) system (copyright 1988, Gaussian, Inc.),
 the Gaussian 86(TM) system (copyright 1986, Carnegie Mellon
 University), and the Gaussian 82(TM) system (copyright 1983,
 Carnegie Mellon University). Gaussian is a federally registered
 trademark of Gaussian, Inc.
  
 This software contains proprietary and confidential information,
 including trade secrets, belonging to Gaussian, Inc.
  
 This software is provided under written license and may be
 used, copied, transmitted, or stored only in accord with that
 written license.
  
 The following legend is applicable only to US Government
 contracts under FAR:
  
                    RESTRICTED RIGHTS LEGEND
  
 Use, reproduction and disclosure by the US Government is
 subject to restrictions as set forth in subparagraphs (a)
 and (c) of the Commercial Computer Software - Restricted
 Rights clause in FAR 52.227-19.
  
 Gaussian, Inc.
 340 Quinnipiac St., Bldg. 40, Wallingford CT 06492
  
  
 ---------------------------------------------------------------
 Warning -- This program may not be used in any manner that
 competes with the business of Gaussian, Inc. or will provide
 assistance to any competitor of Gaussian, Inc.  The licensee
 of this program is prohibited from giving any competitor of
 Gaussian, Inc. access to this program.  By using this program,
 the user acknowledges that Gaussian, Inc. is engaged in the
 business of creating and licensing software in the field of
 computational chemistry and represents and warrants to the
 licensee that it is not a competitor of Gaussian, Inc. and that
 it will not use this program in any manner prohibited above.
 ---------------------------------------------------------------
  

 Cite this work as:
 Gaussian 09, Revision E.01,
 M. J. Frisch, G. W. Trucks, H. B. Schlegel, G. E. Scuseria, 
 M. A. Robb, J. R. Cheeseman, G. Scalmani, V. Barone, B. Mennucci, 
 G. A. Petersson, H. Nakatsuji, M. Caricato, X. Li, H. P. Hratchian, 
 A. F. Izmaylov, J. Bloino, G. Zheng, J. L. Sonnenberg, M. Hada, 
 M. Ehara, K. Toyota, R. Fukuda, J. Hasegawa, M. Ishida, T. Nakajima, 
 Y. Honda, O. Kitao, H. Nakai, T. Vreven, J. A. Montgomery, Jr., 
 J. E. Peralta, F. Ogliaro, M. Bearpark, J. J. Heyd, E. Brothers, 
 K. N. Kudin, V. N. Staroverov, T. Keith, R. Kobayashi, J. Normand, 
 K. Raghavachari, A. Rendell, J. C. Burant, S. S. Iyengar, J. Tomasi, 
 M. Cossi, N. Rega, J. M. Millam, M. Klene, J. E. Knox, J. B. Cross, 
 V. Bakken, C. Adamo, J. Jaramillo, R. Gomperts, R. E. Stratmann, 
 O. Yazyev, A. J. Austin, R. Cammi, C. Pomelli, J. W. Ochterski, 
 R. L. Martin, K. Morokuma, V. G. Zakrzewski, G. A. Voth, 
 P. Salvador, J. J. Dannenberg, S. Dapprich, A. D. Daniels, 
 O. Farkas, J. B. Foresman, J. V. Ortiz, J. Cioslowski, 
 and D. J. Fox, Gaussian, Inc., Wallingford CT, 2013.
 
 ******************************************
 Gaussian 09:  ES64L-G09RevE.01 30-Nov-2015
                17-Feb-2017 
 ******************************************
 %chk=h12.chk
 ----------------------------------------------------------------------
 #rhf/gen scf(symm,tight,novaracc,noincfock,fulldiag) stable(crhf) gues
 s=read geom=nocrowd test
 ----------------------------------------------------------------------
 1/38=1/1;
 2/12=1,17=6,18=5,40=1/2;
 3/5=7,16=1,25=1,30=1,116=1/1,2,3;
 4/5=1,9=4/1;
 5/5=100002,15=2,16=1,32=2,38=6/2;
 8/6=1,10=90,11=11/1,4;
 9/8=4,13=1/2;
 6/7=2,8=2,9=2,10=2,28=1/1;
 99/5=1,9=1/99;
 ----------------------------------------------------------------------
 hf stability analysis of h12 triangular lattice, y= 2.2960291063410230
 ----------------------------------------------------------------------
 Symbolic Z-matrix:
 Charge =  0 Multiplicity = 1
 H
 H                    1     2.30976 
 H                    1     2.30976  2     12.5 
 H                    2     2.30976  1     167.5    3     0.       0
 H                    2     2.30976  1     180.     3     0.       0
 H                    4     2.30976  3     180.     5     0.       0
 H                    6     2.30976  5     180.     3     0.       0
 H                    4     2.30976  2     180.     3     0.       0
 H                    3     2.30976  1     180.     4     0.       0
 H                    9     2.30976  3     180.     4     0.       0
 H                    8     2.30976  4     180.     3     0.       0
 H                    7     2.30976  6     180.     3     0.       0
 
                          Input orientation:                          
 ---------------------------------------------------------------------
 Center     Atomic      Atomic             Coordinates (Angstroms)
 Number     Number       Type             X           Y           Z
 ---------------------------------------------------------------------
      1          1           0        0.000000    0.000000    0.000000
      2          1           0        0.000000    0.000000    2.309758
      3          1           0        0.499923    0.000000    2.255007
      4          1           0        0.499923    0.000000    4.564765
      5          1           0        0.000000    0.000000    4.619515
      6          1           0        0.499923    0.000000    6.874522
      7          1           0        0.999846    0.000000    9.129529
      8          1           0        0.999846    0.000000    6.819772
      9          1           0        0.999846    0.000000    4.510014
     10          1           0        1.499769    0.000000    6.765021
     11          1           0        1.499769    0.000000    9.074779
     12          1           0        1.499769    0.000000   11.384536
 ---------------------------------------------------------------------
                    Distance matrix (angstroms):
                    1          2          3          4          5
     1  H    0.000000
     2  H    2.309758   0.000000
     3  H    2.309758   0.502912   0.000000
     4  H    4.592058   2.309758   2.309758   0.000000
     5  H    4.619515   2.309758   2.416779   0.502912   0.000000
     6  H    6.892676   4.592058   4.619515   2.309758   2.309758
     7  H    9.184116   6.892676   6.892676   4.592058   4.619515
     8  H    6.892676   4.619515   4.592058   2.309758   2.416779
     9  H    4.619515   2.416779   2.309758   0.502912   1.005824
    10  H    6.929273   4.700923   4.619515   2.416779   2.617729
    11  H    9.197876   6.929273   6.892676   4.619515   4.700923
    12  H   11.482899   9.197876   9.184116   6.892676   6.929273
                    6          7          8          9         10
     6  H    0.000000
     7  H    2.309758   0.000000
     8  H    0.502912   2.309758   0.000000
     9  H    2.416779   4.619515   2.309758   0.000000
    10  H    1.005824   2.416779   0.502912   2.309758   0.000000
    11  H    2.416779   0.502912   2.309758   4.592058   2.309758
    12  H    4.619515   2.309758   4.592058   6.892676   4.619515
                   11         12
    11  H    0.000000
    12  H    2.309758   0.000000
 Stoichiometry    H12
 Framework group  C2H[SGH(H12)]
 Deg. of freedom    11
 Full point group                 C2H     NOp   4
 Largest Abelian subgroup         C2H     NOp   4
 Largest concise Abelian subgroup C2      NOp   2
                         Standard orientation:                         
 ---------------------------------------------------------------------
 Center     Atomic      Atomic             Coordinates (Angstroms)
 Number     Number       Type             X           Y           Z
 ---------------------------------------------------------------------
      1          1           0        0.499923    5.719643   -0.000000
      2          1           0        0.000000    3.464636   -0.000000
      3          1           0        0.499923    3.409886   -0.000000
      4          1           0        0.000000    1.154879   -0.000000
      5          1           0       -0.499923    1.209629   -0.000000
      6          1           0       -0.499923   -1.100128   -0.000000
      7          1           0       -0.499923   -3.409886   -0.000000
      8          1           0       -0.000000   -1.154879   -0.000000
      9          1           0        0.499923    1.100128   -0.000000
     10          1           0        0.499923   -1.209629   -0.000000
     11          1           0       -0.000000   -3.464636   -0.000000
     12          1           0       -0.499923   -5.719643   -0.000000
 ---------------------------------------------------------------------
 Rotational constants (GHZ):    380.4362462      4.1310639      4.0866876
 General basis read from cards:  (5D, 7F)
 There are     6 symmetry adapted cartesian basis functions of AG  symmetry.
 There are     0 symmetry adapted cartesian basis functions of BG  symmetry.
 There are     0 symmetry adapted cartesian basis functions of AU  symmetry.
 There are     6 symmetry adapted cartesian basis functions of BU  symmetry.
 There are     6 symmetry adapted basis functions of AG  symmetry.
 There are     0 symmetry adapted basis functions of BG  symmetry.
 There are     0 symmetry adapted basis functions of AU  symmetry.
 There are     6 symmetry adapted basis functions of BU  symmetry.
    12 basis functions,   120 primitive gaussians,    12 cartesian basis functions
     6 alpha electrons        6 beta electrons
       nuclear repulsion energy        16.1002334848 Hartrees.
 NAtoms=   12 NActive=   12 NUniq=    6 SFac= 4.00D+00 NAtFMM=   60 NAOKFM=F Big=F
 Integral buffers will be    131072 words long.
 Regular integral format.
 Two-electron integral symmetry is turned on.
 One-electron integrals computed using PRISM.
 NBasis=    12 RedAO= T EigKep=  3.70D-02  NBF=     6     0     0     6
 NBsUse=    12 1.00D-06 EigRej= -1.00D+00 NBFU=     6     0     0     6
 Initial guess from the checkpoint file:  "h12.chk"
 B after Tr=    -0.000000   -0.000000   -0.000000
         Rot=    0.971329    0.000000    0.000000   -0.237741 Ang= -27.51 deg.
 Initial guess orbital symmetries:
       Occupied  (AG) (BU) (BU) (AG) (AG) (AG)
       Virtual   (BU) (BU) (BU) (AG) (AG) (BU)
 Keep R1 ints in memory in symmetry-blocked form, NReq=892094.
 Requested convergence on RMS density matrix=1.00D-08 within 128 cycles.
 Requested convergence on MAX density matrix=1.00D-06.
 Requested convergence on             energy=1.00D-06.
 No special actions if energy rises.
 SCF Done:  E(RHF) =  -4.55646698562     A.U. after   10 cycles
            NFock= 10  Conv=0.18D-08     -V/T= 1.6654
 Range of M.O.s used for correlation:     1    12
 NBasis=    12 NAE=     6 NBE=     6 NFC=     0 NFV=     0
 NROrb=     12 NOA=     6 NOB=     6 NVA=     6 NVB=     6

 **** Warning!!: The smallest alpha delta epsilon is -0.16217790D-01

 Semi-Direct transformation.
 ModeAB=           4 MOrb=             6 LenV=     134097107
 LASXX=         2181 LTotXX=        2181 LenRXX=        5115
 LTotAB=        2934 MaxLAS=        3024 LenRXY=           0
 NonZer=        7296 LenScr=      655360 LnRSAI=        3024
 LnScr1=      655360 LExtra=           0 Total=      1318859
 MaxDsk=          -1 SrtSym=           T ITran=            3
 JobTyp=0 Pass  1:  I=   1 to   6.
 (rs|ai) integrals will be sorted in core.
 Spin components of T(2) and E(2):
     alpha-alpha T2 =       0.1184081386D-01 E2=     -0.4796519599D-02
     alpha-beta  T2 =       0.1040094350D+02 E2=     -0.1060540304D+01
     beta-beta   T2 =       0.1184081386D-01 E2=     -0.4796519599D-02
 ANorm=    0.3380033302D+01
 E2 =    -0.1070133343D+01 EUMP2 =    -0.56266003287943D+01
 Second order stability test of a single determinant RHF wave function:
 Stabil:  MDV=134217728
 ***********************************************************************
 Matrix         Lowest Root    Major Pairs
 ***********************************************************************
 Internal RHF    -0.1137355    6A=7A
 RRHF --> CRHF   -0.1137663    6A=7A
 RRHF --> RUHF   -0.5837171    5A=7B
 Not stable.
 ***********************************************************************

 **********************************************************************

            Population analysis using the SCF density.

 **********************************************************************

 Orbital symmetries:
       Occupied  (AG) (BU) (AG) (BU) (AG) (AG)
       Virtual   (BU) (BU) (BU) (AG) (AG) (BU)
 The electronic state is 1-AG.
 Alpha  occ. eigenvalues --   -0.90782  -0.90348  -0.71100  -0.71077  -0.20414
 Alpha  occ. eigenvalues --   -0.14180
 Alpha virt. eigenvalues --   -0.15801  -0.00167   0.61484   0.61610   1.40244
 Alpha virt. eigenvalues --    1.50599
          Condensed to atoms (all electrons):
               1          2          3          4          5          6
     1  H    1.025178  -0.013157  -0.013206   0.000079   0.000018   0.000000
     2  H   -0.013157   0.562288   0.477644  -0.015600   0.009547  -0.000452
     3  H   -0.013206   0.477644   0.565261  -0.016106  -0.018732   0.000504
     4  H    0.000079  -0.015600  -0.016106   1.260246   0.193308  -0.012167
     5  H    0.000018   0.009547  -0.018732   0.193308   1.449411  -0.214050
     6  H    0.000000  -0.000452   0.000504  -0.012167  -0.214050   1.438060
     7  H   -0.000000  -0.000000   0.000001   0.000045  -0.000451   0.009831
     8  H    0.000001   0.000053   0.000045  -0.009218  -0.005273   0.169519
     9  H    0.000014  -0.018299   0.009831   0.169519  -0.840223   0.181062
    10  H    0.000000   0.000424  -0.000451  -0.005273   0.141166  -0.840223
    11  H   -0.000000   0.000001  -0.000000   0.000053   0.000424  -0.018299
    12  H    0.000000  -0.000000  -0.000000   0.000001   0.000000   0.000014
               7          8          9         10         11         12
     1  H   -0.000000   0.000001   0.000014   0.000000  -0.000000   0.000000
     2  H   -0.000000   0.000053  -0.018299   0.000424   0.000001  -0.000000
     3  H    0.000001   0.000045   0.009831  -0.000451  -0.000000  -0.000000
     4  H    0.000045  -0.009218   0.169519  -0.005273   0.000053   0.000001
     5  H   -0.000451  -0.005273  -0.840223   0.141166   0.000424   0.000000
     6  H    0.009831   0.169519   0.181062  -0.840223  -0.018299   0.000014
     7  H    0.565261  -0.016106   0.000504  -0.018732   0.477644  -0.013206
     8  H   -0.016106   1.260246  -0.012167   0.193308  -0.015600   0.000079
     9  H    0.000504  -0.012167   1.438060  -0.214050  -0.000452   0.000000
    10  H   -0.018732   0.193308  -0.214050   1.449411   0.009547   0.000018
    11  H    0.477644  -0.015600  -0.000452   0.009547   0.562288  -0.013157
    12  H   -0.013206   0.000079   0.000000   0.000018  -0.013157   1.025178
 Mulliken charges:
               1
     1  H    0.001074
     2  H   -0.002450
     3  H   -0.004791
     4  H   -0.564887
     5  H    0.284854
     6  H    0.286201
     7  H   -0.004791
     8  H   -0.564887
     9  H    0.286201
    10  H    0.284854
    11  H   -0.002450
    12  H    0.001074
 Sum of Mulliken charges =  -0.00000
 Mulliken charges with hydrogens summed into heavy atoms:
               1
 Electronic spatial extent (au):  <R**2>=            475.1458
 Charge=             -0.0000 electrons
 Dipole moment (field-independent basis, Debye):
    X=              0.0000    Y=             -0.0000    Z=             -0.0000  Tot=              0.0000
 Quadrupole moment (field-independent basis, Debye-Ang):
   XX=            -15.7795   YY=            -18.7073   ZZ=            -15.2256
   XY=             -0.0090   XZ=              0.0000   YZ=             -0.0000
 Traceless Quadrupole moment (field-independent basis, Debye-Ang):
   XX=              0.7913   YY=             -2.1365   ZZ=              1.3452
   XY=             -0.0090   XZ=              0.0000   YZ=             -0.0000
 Octapole moment (field-independent basis, Debye-Ang**2):
  XXX=              0.0000  YYY=              0.0000  ZZZ=              0.0000  XYY=             -0.0000
  XXY=              0.0000  XXZ=              0.0000  XZZ=              0.0000  YZZ=              0.0000
  YYZ=              0.0000  XYZ=              0.0000
 Hexadecapole moment (field-independent basis, Debye-Ang**3):
 XXXX=            -34.7457 YYYY=          -1090.4744 ZZZZ=            -18.3424 XXXY=            -35.2749
 XXXZ=              0.0000 YYYX=            -46.1309 YYYZ=             -0.0000 ZZZX=              0.0000
 ZZZY=             -0.0000 XXYY=           -169.1034 XXZZ=             -8.8335 YYZZ=           -168.0382
 XXYZ=             -0.0000 YYXZ=             -0.0000 ZZXY=            -12.1075
 N-N= 1.610023348482D+01 E-N=-4.100277677080D+01  KE= 6.847397119559D+00
 Symmetry AG   KE= 4.852471908935D+00
 Symmetry BG   KE= 0.000000000000D+00
 Symmetry AU   KE= 0.000000000000D+00
 Symmetry BU   KE= 1.994925210625D+00

 Test job not archived.
 1\1\GINC-SULU\Stability\RHF\Gen\H12\LCJ1\17-Feb-2017\0\\#rhf/gen scf(s
 ymm,tight,novaracc,noincfock,fulldiag) stable(crhf) guess=read geom=no
 crowd test\\hf stability analysis of h12 triangular lattice, y= 2.2960
 291063410230\\0,1\H\H,1,2.3097575136\H,1,2.3097575136,2,12.5\H,2,2.309
 7575136,1,167.5,3,0.,0\H,2,2.3097575136,1,180.,3,0.,0\H,4,2.3097575136
 ,3,180.,5,0.,0\H,6,2.3097575136,5,180.,3,0.,0\H,4,2.3097575136,2,180.,
 3,0.,0\H,3,2.3097575136,1,180.,4,0.,0\H,9,2.3097575136,3,180.,4,0.,0\H
 ,8,2.3097575136,4,180.,3,0.,0\H,7,2.3097575136,6,180.,3,0.,0\\Version=
 ES64L-G09RevE.01\State=1-AG\HF=-4.556467\MP2=-5.6266003\RMSD=1.795e-09
 \Dipole=0.,0.,0.\Quadrupole=0.4891682,1.0001168,-1.4892851,0.,-0.45387
 53,0.\PG=C02H [SGH(H12)]\\@


 OLD AGE AND TREACHERY WILL ALWAYS PREVAIL OVER YOUTH AND SKILL.
 Job cpu time:       0 days  0 hours  0 minutes  0.9 seconds.
 File lengths (MBytes):  RWF=     84 Int=      0 D2E=      0 Chk=      2 Scr=      2
 Normal termination of Gaussian 09 at Fri Feb 17 15:10:02 2017.
