 Entering Gaussian System, Link 0=g09
 AtFile(1): H.gbs
            H     0
            S   10   1.00
               1000.000000000000            0.000068713567
                316.227766000000            0.000169141320
                100.000000000000            0.000823394812
                 31.622776600000            0.003425569236
                 10.000000000000            0.013951996000
                  3.162277660000            0.056909313560
                  1.000000000000            0.198286399900
                  0.316227766000            0.496922426700
                  0.100000000000            0.369846276400
                  0.031622776600            0.003752720039
            ****
 Initial command:
 /projects/guscus/apps/gau/g09-e1/g09/l1.exe "/users/lcj1/gaussian/h12/rhfstability/rect/guess/ag4bu2/Gau-11094.inp" -scrdir="/users/lcj1/gaussian/h12/rhfstability/rect/guess/ag4bu2/"
 Entering Link 1 = /projects/guscus/apps/gau/g09-e1/g09/l1.exe PID=     11095.
  
 Copyright (c) 1988,1990,1992,1993,1995,1998,2003,2009,2015,
            Gaussian, Inc.  All Rights Reserved.
  
 This is part of the Gaussian(R) 09 program.  It is based on
 the Gaussian(R) 03 system (copyright 2003, Gaussian, Inc.),
 the Gaussian(R) 98 system (copyright 1998, Gaussian, Inc.),
 the Gaussian(R) 94 system (copyright 1995, Gaussian, Inc.),
 the Gaussian 92(TM) system (copyright 1992, Gaussian, Inc.),
 the Gaussian 90(TM) system (copyright 1990, Gaussian, Inc.),
 the Gaussian 88(TM) system (copyright 1988, Gaussian, Inc.),
 the Gaussian 86(TM) system (copyright 1986, Carnegie Mellon
 University), and the Gaussian 82(TM) system (copyright 1983,
 Carnegie Mellon University). Gaussian is a federally registered
 trademark of Gaussian, Inc.
  
 This software contains proprietary and confidential information,
 including trade secrets, belonging to Gaussian, Inc.
  
 This software is provided under written license and may be
 used, copied, transmitted, or stored only in accord with that
 written license.
  
 The following legend is applicable only to US Government
 contracts under FAR:
  
                    RESTRICTED RIGHTS LEGEND
  
 Use, reproduction and disclosure by the US Government is
 subject to restrictions as set forth in subparagraphs (a)
 and (c) of the Commercial Computer Software - Restricted
 Rights clause in FAR 52.227-19.
  
 Gaussian, Inc.
 340 Quinnipiac St., Bldg. 40, Wallingford CT 06492
  
  
 ---------------------------------------------------------------
 Warning -- This program may not be used in any manner that
 competes with the business of Gaussian, Inc. or will provide
 assistance to any competitor of Gaussian, Inc.  The licensee
 of this program is prohibited from giving any competitor of
 Gaussian, Inc. access to this program.  By using this program,
 the user acknowledges that Gaussian, Inc. is engaged in the
 business of creating and licensing software in the field of
 computational chemistry and represents and warrants to the
 licensee that it is not a competitor of Gaussian, Inc. and that
 it will not use this program in any manner prohibited above.
 ---------------------------------------------------------------
  

 Cite this work as:
 Gaussian 09, Revision E.01,
 M. J. Frisch, G. W. Trucks, H. B. Schlegel, G. E. Scuseria, 
 M. A. Robb, J. R. Cheeseman, G. Scalmani, V. Barone, B. Mennucci, 
 G. A. Petersson, H. Nakatsuji, M. Caricato, X. Li, H. P. Hratchian, 
 A. F. Izmaylov, J. Bloino, G. Zheng, J. L. Sonnenberg, M. Hada, 
 M. Ehara, K. Toyota, R. Fukuda, J. Hasegawa, M. Ishida, T. Nakajima, 
 Y. Honda, O. Kitao, H. Nakai, T. Vreven, J. A. Montgomery, Jr., 
 J. E. Peralta, F. Ogliaro, M. Bearpark, J. J. Heyd, E. Brothers, 
 K. N. Kudin, V. N. Staroverov, T. Keith, R. Kobayashi, J. Normand, 
 K. Raghavachari, A. Rendell, J. C. Burant, S. S. Iyengar, J. Tomasi, 
 M. Cossi, N. Rega, J. M. Millam, M. Klene, J. E. Knox, J. B. Cross, 
 V. Bakken, C. Adamo, J. Jaramillo, R. Gomperts, R. E. Stratmann, 
 O. Yazyev, A. J. Austin, R. Cammi, C. Pomelli, J. W. Ochterski, 
 R. L. Martin, K. Morokuma, V. G. Zakrzewski, G. A. Voth, 
 P. Salvador, J. J. Dannenberg, S. Dapprich, A. D. Daniels, 
 O. Farkas, J. B. Foresman, J. V. Ortiz, J. Cioslowski, 
 and D. J. Fox, Gaussian, Inc., Wallingford CT, 2013.
 
 ******************************************
 Gaussian 09:  ES64L-G09RevE.01 30-Nov-2015
                17-Feb-2017 
 ******************************************
 %chk=h12.chk
 ----------------------------------------------------------------------
 #rhf/gen scf(symm,tight,novaracc,noincfock,fulldiag) stable(crhf) gues
 s=read geom=nocrowd test
 ----------------------------------------------------------------------
 1/38=1/1;
 2/12=1,17=6,18=5,40=1/2;
 3/5=7,16=1,25=1,30=1,116=1/1,2,3;
 4/5=1,9=4/1;
 5/5=100002,15=2,16=1,32=2,38=6/2;
 8/6=1,10=90,11=11/1,4;
 9/8=4,13=1/2;
 6/7=2,8=2,9=2,10=2,28=1/1;
 99/5=1,9=1/99;
 ----------------------------------------------------------------------
 hf stability analysis of h12 triangular lattice, y= 1.3961024673370386
 ----------------------------------------------------------------------
 Symbolic Z-matrix:
 Charge =  0 Multiplicity = 1
 H
 H                    1     1.45606 
 H                    1     1.45606  2     33. 
 H                    2     1.45606  1     147.     3     0.       0
 H                    2     1.45606  1     180.     3     0.       0
 H                    4     1.45606  3     180.     5     0.       0
 H                    6     1.45606  5     180.     3     0.       0
 H                    4     1.45606  2     180.     3     0.       0
 H                    3     1.45606  1     180.     4     0.       0
 H                    9     1.45606  3     180.     4     0.       0
 H                    8     1.45606  4     180.     3     0.       0
 H                    7     1.45606  6     180.     3     0.       0
 
                          Input orientation:                          
 ---------------------------------------------------------------------
 Center     Atomic      Atomic             Coordinates (Angstroms)
 Number     Number       Type             X           Y           Z
 ---------------------------------------------------------------------
      1          1           0        0.000000    0.000000    0.000000
      2          1           0        0.000000    0.000000    1.456064
      3          1           0        0.793029    0.000000    1.221158
      4          1           0        0.793029    0.000000    2.677221
      5          1           0        0.000000    0.000000    2.912127
      6          1           0        0.793029    0.000000    4.133285
      7          1           0        1.586058    0.000000    5.354442
      8          1           0        1.586058    0.000000    3.898379
      9          1           0        1.586058    0.000000    2.442315
     10          1           0        2.379087    0.000000    3.663473
     11          1           0        2.379087    0.000000    5.119536
     12          1           0        2.379087    0.000000    6.575600
 ---------------------------------------------------------------------
                    Distance matrix (angstroms):
                    1          2          3          4          5
     1  H    0.000000
     2  H    1.456064   0.000000
     3  H    1.456064   0.827089   0.000000
     4  H    2.792205   1.456064   1.456064   0.000000
     5  H    2.912127   1.456064   1.867692   0.827089   0.000000
     6  H    4.208674   2.792205   2.912127   1.456064   1.456064
     7  H    5.584410   4.208674   4.208674   2.792205   2.912127
     8  H    4.208674   2.912127   2.792205   1.456064   1.867692
     9  H    2.912127   1.867692   1.456064   0.827089   1.654178
    10  H    4.368191   3.245414   2.912127   1.867692   2.494910
    11  H    5.645326   4.368191   4.208674   2.912127   3.245414
    12  H    6.992751   5.645326   5.584410   4.208674   4.368191
                    6          7          8          9         10
     6  H    0.000000
     7  H    1.456064   0.000000
     8  H    0.827089   1.456064   0.000000
     9  H    1.867692   2.912127   1.456064   0.000000
    10  H    1.654178   1.867692   0.827089   1.456064   0.000000
    11  H    1.867692   0.827089   1.456064   2.792205   1.456064
    12  H    2.912127   1.456064   2.792205   4.208674   2.912127
                   11         12
    11  H    0.000000
    12  H    1.456064   0.000000
 Stoichiometry    H12
 Framework group  C2H[SGH(H12)]
 Deg. of freedom    11
 Full point group                 C2H     NOp   4
 Largest Abelian subgroup         C2H     NOp   4
 Largest concise Abelian subgroup C2      NOp   2
                         Standard orientation:                         
 ---------------------------------------------------------------------
 Center     Atomic      Atomic             Coordinates (Angstroms)
 Number     Number       Type             X           Y           Z
 ---------------------------------------------------------------------
      1          1           0        0.793029    3.405253    0.000000
      2          1           0        0.000000    2.184095    0.000000
      3          1           0        0.793029    1.949189   -0.000000
      4          1           0        0.000000    0.728032    0.000000
      5          1           0       -0.793029    0.962938    0.000000
      6          1           0       -0.793029   -0.493126    0.000000
      7          1           0       -0.793029   -1.949189   -0.000000
      8          1           0       -0.000000   -0.728032   -0.000000
      9          1           0        0.793029    0.493126    0.000000
     10          1           0        0.793029   -0.962938   -0.000000
     11          1           0       -0.000000   -2.184095   -0.000000
     12          1           0       -0.793029   -3.405253   -0.000000
 ---------------------------------------------------------------------
 Rotational constants (GHZ):    141.7391028     11.0880289     10.2835619
 General basis read from cards:  (5D, 7F)
 There are     6 symmetry adapted cartesian basis functions of AG  symmetry.
 There are     0 symmetry adapted cartesian basis functions of BG  symmetry.
 There are     0 symmetry adapted cartesian basis functions of AU  symmetry.
 There are     6 symmetry adapted cartesian basis functions of BU  symmetry.
 There are     6 symmetry adapted basis functions of AG  symmetry.
 There are     0 symmetry adapted basis functions of BG  symmetry.
 There are     0 symmetry adapted basis functions of AU  symmetry.
 There are     6 symmetry adapted basis functions of BU  symmetry.
    12 basis functions,   120 primitive gaussians,    12 cartesian basis functions
     6 alpha electrons        6 beta electrons
       nuclear repulsion energy        17.8290056833 Hartrees.
 NAtoms=   12 NActive=   12 NUniq=    6 SFac= 4.00D+00 NAtFMM=   60 NAOKFM=F Big=F
 Integral buffers will be    131072 words long.
 Regular integral format.
 Two-electron integral symmetry is turned on.
 One-electron integrals computed using PRISM.
 NBasis=    12 RedAO= T EigKep=  1.25D-01  NBF=     6     0     0     6
 NBsUse=    12 1.00D-06 EigRej= -1.00D+00 NBFU=     6     0     0     6
 Initial guess from the checkpoint file:  "h12.chk"
 B after Tr=    -0.000000    0.000000    0.000000
         Rot=    0.981443   -0.000000    0.000000   -0.191756 Ang= -22.11 deg.
 Initial guess orbital symmetries:
       Occupied  (AG) (BU) (BU) (AG) (AG) (AG)
       Virtual   (BU) (BU) (BU) (AG) (AG) (BU)
 Keep R1 ints in memory in symmetry-blocked form, NReq=898800.
 Requested convergence on RMS density matrix=1.00D-08 within 128 cycles.
 Requested convergence on MAX density matrix=1.00D-06.
 Requested convergence on             energy=1.00D-06.
 No special actions if energy rises.
 SCF Done:  E(RHF) =  -5.36986197373     A.U. after   16 cycles
            NFock= 16  Conv=0.92D-08     -V/T= 1.7778
 Range of M.O.s used for correlation:     1    12
 NBasis=    12 NAE=     6 NBE=     6 NFC=     0 NFV=     0
 NROrb=     12 NOA=     6 NOB=     6 NVA=     6 NVB=     6

 **** Warning!!: The smallest alpha delta epsilon is -0.10144376D+00

 Semi-Direct transformation.
 ModeAB=           4 MOrb=             6 LenV=     134088959
 LASXX=         2181 LTotXX=        2181 LenRXX=        5115
 LTotAB=        2934 MaxLAS=        3024 LenRXY=           0
 NonZer=        7296 LenScr=      655360 LnRSAI=        3024
 LnScr1=      655360 LExtra=           0 Total=      1318859
 MaxDsk=          -1 SrtSym=           T ITran=            3
 JobTyp=0 Pass  1:  I=   1 to   6.
 (rs|ai) integrals will be sorted in core.
 Spin components of T(2) and E(2):
     alpha-alpha T2 =       0.5708633923D-01 E2=     -0.1619912945D-01
     alpha-beta  T2 =       0.1669291950D+03 E2=     -0.1448295745D+01
     beta-beta   T2 =       0.5708633923D-01 E2=     -0.1619912945D-01
 ANorm=    0.1296315423D+02
 E2 =    -0.1480694004D+01 EUMP2 =    -0.68505559777081D+01
 Second order stability test of a single determinant RHF wave function:
 Stabil:  MDV=134217728
 ***********************************************************************
 Matrix         Lowest Root    Major Pairs
 ***********************************************************************
 Internal RHF    -0.2644923    6A=7A
 RRHF --> CRHF   -0.2756961    6A=7A
 RRHF --> RUHF   -0.5018203    6A=8B 6A=7B
 Not stable.
 ***********************************************************************

 **********************************************************************

            Population analysis using the SCF density.

 **********************************************************************

 Orbital symmetries:
       Occupied  (AG) (BU) (AG) (BU) (AG) (AG)
       Virtual   (BU) (BU) (BU) (AG) (AG) (BU)
 The electronic state is 1-AG.
 Alpha  occ. eigenvalues --   -0.91771  -0.78140  -0.60200  -0.51387  -0.27498
 Alpha  occ. eigenvalues --   -0.11836
 Alpha virt. eigenvalues --   -0.21981  -0.01069   0.37616   0.43014   0.52801
 Alpha virt. eigenvalues --    0.73471
          Condensed to atoms (all electrons):
               1          2          3          4          5          6
     1  H    1.317769  -0.082657  -0.093010  -0.006393  -0.005140   0.000700
     2  H   -0.082657   0.711079   0.428785  -0.086887   0.036544  -0.031661
     3  H   -0.093010   0.428785   0.940999  -0.131546  -0.154378   0.011300
     4  H   -0.006393  -0.086887  -0.131546   0.975606   0.429269  -0.016335
     5  H   -0.005140   0.036544  -0.154378   0.429269   1.327250  -0.360845
     6  H    0.000700  -0.031661   0.011300  -0.016335  -0.360845   0.900208
     7  H   -0.000401   0.000738   0.002714  -0.001676  -0.015738   0.086570
     8  H    0.001851  -0.001504  -0.001676  -0.100675  -0.072977   0.185687
     9  H    0.003255  -0.086670   0.086570   0.185687  -0.231282   0.203922
    10  H    0.001249   0.015027  -0.015738  -0.072977   0.075926  -0.231282
    11  H   -0.000299   0.001969   0.000738  -0.001504   0.015027  -0.086670
    12  H    0.000082  -0.000299  -0.000401   0.001851   0.001249   0.003255
               7          8          9         10         11         12
     1  H   -0.000401   0.001851   0.003255   0.001249  -0.000299   0.000082
     2  H    0.000738  -0.001504  -0.086670   0.015027   0.001969  -0.000299
     3  H    0.002714  -0.001676   0.086570  -0.015738   0.000738  -0.000401
     4  H   -0.001676  -0.100675   0.185687  -0.072977  -0.001504   0.001851
     5  H   -0.015738  -0.072977  -0.231282   0.075926   0.015027   0.001249
     6  H    0.086570   0.185687   0.203922  -0.231282  -0.086670   0.003255
     7  H    0.940999  -0.131546   0.011300  -0.154378   0.428785  -0.093010
     8  H   -0.131546   0.975606  -0.016335   0.429269  -0.086887  -0.006393
     9  H    0.011300  -0.016335   0.900208  -0.360845  -0.031661   0.000700
    10  H   -0.154378   0.429269  -0.360845   1.327250   0.036544  -0.005140
    11  H    0.428785  -0.086887  -0.031661   0.036544   0.711079  -0.082657
    12  H   -0.093010  -0.006393   0.000700  -0.005140  -0.082657   1.317769
 Mulliken charges:
               1
     1  H   -0.137007
     2  H    0.095537
     3  H   -0.074356
     4  H   -0.174421
     5  H   -0.044905
     6  H    0.335152
     7  H   -0.074356
     8  H   -0.174421
     9  H    0.335152
    10  H   -0.044905
    11  H    0.095537
    12  H   -0.137007
 Sum of Mulliken charges =  -0.00000
 Mulliken charges with hydrogens summed into heavy atoms:
               1
 Electronic spatial extent (au):  <R**2>=            223.0949
 Charge=             -0.0000 electrons
 Dipole moment (field-independent basis, Debye):
    X=              0.0000    Y=             -0.0000    Z=              0.0000  Tot=              0.0000
 Quadrupole moment (field-independent basis, Debye-Ang):
   XX=            -15.0430   YY=            -35.9709   ZZ=            -14.8387
   XY=             -4.1367   XZ=             -0.0000   YZ=             -0.0000
 Traceless Quadrupole moment (field-independent basis, Debye-Ang):
   XX=              6.9078   YY=            -14.0200   ZZ=              7.1122
   XY=             -4.1367   XZ=             -0.0000   YZ=             -0.0000
 Octapole moment (field-independent basis, Debye-Ang**2):
  XXX=              0.0000  YYY=             -0.0000  ZZZ=              0.0000  XYY=             -0.0000
  XXY=             -0.0000  XXZ=              0.0000  XZZ=              0.0000  YZZ=             -0.0000
  YYZ=              0.0000  XYZ=              0.0000
 Hexadecapole moment (field-independent basis, Debye-Ang**3):
 XXXX=            -55.4111 YYYY=           -647.0250 ZZZZ=            -17.3947 XXXY=            -36.4323
 XXXZ=             -0.0000 YYYX=           -102.1092 YYYZ=             -0.0000 ZZZX=             -0.0000
 ZZZY=             -0.0000 XXYY=            -92.5883 XXZZ=            -12.2107 YYZZ=            -68.1936
 XXYZ=             -0.0000 YYXZ=             -0.0000 ZZXY=            -11.3570
 N-N= 1.782900568330D+01 E-N=-4.688507994310D+01  KE= 6.904001575029D+00
 Symmetry AG   KE= 4.775602502390D+00
 Symmetry BG   KE= 0.000000000000D+00
 Symmetry AU   KE= 0.000000000000D+00
 Symmetry BU   KE= 2.128399072639D+00

 Test job not archived.
 1\1\GINC-SULU\Stability\RHF\Gen\H12\LCJ1\17-Feb-2017\0\\#rhf/gen scf(s
 ymm,tight,novaracc,noincfock,fulldiag) stable(crhf) guess=read geom=no
 crowd test\\hf stability analysis of h12 triangular lattice, y= 1.3961
 024673370386\\0,1\H\H,1,1.456063535\H,1,1.456063535,2,33.\H,2,1.456063
 535,1,147.,3,0.,0\H,2,1.456063535,1,180.,3,0.,0\H,4,1.456063535,3,180.
 ,5,0.,0\H,6,1.456063535,5,180.,3,0.,0\H,4,1.456063535,2,180.,3,0.,0\H,
 3,1.456063535,1,180.,4,0.,0\H,9,1.456063535,3,180.,4,0.,0\H,8,1.456063
 535,4,180.,3,0.,0\H,7,1.456063535,6,180.,3,0.,0\\Version=ES64L-G09RevE
 .01\State=1-AG\HF=-5.369862\MP2=-6.850556\RMSD=9.197e-09\Dipole=0.,0.,
 0.\Quadrupole=3.3300657,5.2877447,-8.6178104,0.,-5.856151,0.\PG=C02H [
 SGH(H12)]\\@


 THERE'S A SUCKER BORN EVERY MINUTE

              -- PHINEAS TAYLOR (P.T.) BARNUM
 Job cpu time:       0 days  0 hours  0 minutes  1.0 seconds.
 File lengths (MBytes):  RWF=     84 Int=      0 D2E=      0 Chk=      2 Scr=      2
 Normal termination of Gaussian 09 at Fri Feb 17 15:08:07 2017.
