 Entering Gaussian System, Link 0=g09
 AtFile(1): H.gbs
            H     0
            S   10   1.00
               1000.000000000000            0.000068713567
                316.227766000000            0.000169141320
                100.000000000000            0.000823394812
                 31.622776600000            0.003425569236
                 10.000000000000            0.013951996000
                  3.162277660000            0.056909313560
                  1.000000000000            0.198286399900
                  0.316227766000            0.496922426700
                  0.100000000000            0.369846276400
                  0.031622776600            0.003752720039
            ****
 Initial command:
 /projects/guscus/apps/gau/g09-e1/g09/l1.exe "/users/lcj1/gaussian/h12/rhfstability/rect/guess/ag4bu2/Gau-31857.inp" -scrdir="/users/lcj1/gaussian/h12/rhfstability/rect/guess/ag4bu2/"
 Entering Link 1 = /projects/guscus/apps/gau/g09-e1/g09/l1.exe PID=     31858.
  
 Copyright (c) 1988,1990,1992,1993,1995,1998,2003,2009,2015,
            Gaussian, Inc.  All Rights Reserved.
  
 This is part of the Gaussian(R) 09 program.  It is based on
 the Gaussian(R) 03 system (copyright 2003, Gaussian, Inc.),
 the Gaussian(R) 98 system (copyright 1998, Gaussian, Inc.),
 the Gaussian(R) 94 system (copyright 1995, Gaussian, Inc.),
 the Gaussian 92(TM) system (copyright 1992, Gaussian, Inc.),
 the Gaussian 90(TM) system (copyright 1990, Gaussian, Inc.),
 the Gaussian 88(TM) system (copyright 1988, Gaussian, Inc.),
 the Gaussian 86(TM) system (copyright 1986, Carnegie Mellon
 University), and the Gaussian 82(TM) system (copyright 1983,
 Carnegie Mellon University). Gaussian is a federally registered
 trademark of Gaussian, Inc.
  
 This software contains proprietary and confidential information,
 including trade secrets, belonging to Gaussian, Inc.
  
 This software is provided under written license and may be
 used, copied, transmitted, or stored only in accord with that
 written license.
  
 The following legend is applicable only to US Government
 contracts under FAR:
  
                    RESTRICTED RIGHTS LEGEND
  
 Use, reproduction and disclosure by the US Government is
 subject to restrictions as set forth in subparagraphs (a)
 and (c) of the Commercial Computer Software - Restricted
 Rights clause in FAR 52.227-19.
  
 Gaussian, Inc.
 340 Quinnipiac St., Bldg. 40, Wallingford CT 06492
  
  
 ---------------------------------------------------------------
 Warning -- This program may not be used in any manner that
 competes with the business of Gaussian, Inc. or will provide
 assistance to any competitor of Gaussian, Inc.  The licensee
 of this program is prohibited from giving any competitor of
 Gaussian, Inc. access to this program.  By using this program,
 the user acknowledges that Gaussian, Inc. is engaged in the
 business of creating and licensing software in the field of
 computational chemistry and represents and warrants to the
 licensee that it is not a competitor of Gaussian, Inc. and that
 it will not use this program in any manner prohibited above.
 ---------------------------------------------------------------
  

 Cite this work as:
 Gaussian 09, Revision E.01,
 M. J. Frisch, G. W. Trucks, H. B. Schlegel, G. E. Scuseria, 
 M. A. Robb, J. R. Cheeseman, G. Scalmani, V. Barone, B. Mennucci, 
 G. A. Petersson, H. Nakatsuji, M. Caricato, X. Li, H. P. Hratchian, 
 A. F. Izmaylov, J. Bloino, G. Zheng, J. L. Sonnenberg, M. Hada, 
 M. Ehara, K. Toyota, R. Fukuda, J. Hasegawa, M. Ishida, T. Nakajima, 
 Y. Honda, O. Kitao, H. Nakai, T. Vreven, J. A. Montgomery, Jr., 
 J. E. Peralta, F. Ogliaro, M. Bearpark, J. J. Heyd, E. Brothers, 
 K. N. Kudin, V. N. Staroverov, T. Keith, R. Kobayashi, J. Normand, 
 K. Raghavachari, A. Rendell, J. C. Burant, S. S. Iyengar, J. Tomasi, 
 M. Cossi, N. Rega, J. M. Millam, M. Klene, J. E. Knox, J. B. Cross, 
 V. Bakken, C. Adamo, J. Jaramillo, R. Gomperts, R. E. Stratmann, 
 O. Yazyev, A. J. Austin, R. Cammi, C. Pomelli, J. W. Ochterski, 
 R. L. Martin, K. Morokuma, V. G. Zakrzewski, G. A. Voth, 
 P. Salvador, J. J. Dannenberg, S. Dapprich, A. D. Daniels, 
 O. Farkas, J. B. Foresman, J. V. Ortiz, J. Cioslowski, 
 and D. J. Fox, Gaussian, Inc., Wallingford CT, 2013.
 
 ******************************************
 Gaussian 09:  ES64L-G09RevE.01 30-Nov-2015
                17-Feb-2017 
 ******************************************
 %chk=h12.chk
 ----------------------------------------------------------------------
 #rhf/gen scf(symm,tight,novaracc,noincfock,fulldiag) stable(crhf) gues
 s=read geom=nocrowd test
 ----------------------------------------------------------------------
 1/38=1/1;
 2/12=1,17=6,18=5,40=1/2;
 3/5=7,16=1,25=1,30=1,116=1/1,2,3;
 4/5=1,9=4/1;
 5/5=100002,15=2,16=1,32=2,38=6/2;
 8/6=1,10=90,11=11/1,4;
 9/8=4,13=1/2;
 6/7=2,8=2,9=2,10=2,28=1/1;
 99/5=1,9=1/99;
 ----------------------------------------------------------------------
 hf stability analysis of h12 triangular lattice, y= 0.8331796203003375
 4
 ----------------------------------------------------------------------
 Symbolic Z-matrix:
 Charge =  0 Multiplicity = 1
 H
 H                    1     1.08368 
 H                    1     1.08368  2     79.5 
 H                    2     1.08368  1     100.5    3     0.       0
 H                    2     1.08368  1     180.     3     0.       0
 H                    4     1.08368  3     180.     5     0.       0
 H                    6     1.08368  5     180.     3     0.       0
 H                    4     1.08368  2     180.     3     0.       0
 H                    3     1.08368  1     180.     4     0.       0
 H                    9     1.08368  3     180.     4     0.       0
 H                    8     1.08368  4     180.     3     0.       0
 H                    7     1.08368  6     180.     3     0.       0
 
                          Input orientation:                          
 ---------------------------------------------------------------------
 Center     Atomic      Atomic             Coordinates (Angstroms)
 Number     Number       Type             X           Y           Z
 ---------------------------------------------------------------------
      1          1           0        0.000000    0.000000    0.000000
      2          1           0        0.000000    0.000000    1.083681
      3          1           0        1.065535    0.000000    0.197485
      4          1           0        1.065535    0.000000    1.281167
      5          1           0        0.000000    0.000000    2.167363
      6          1           0        1.065535    0.000000    2.364848
      7          1           0        2.131070    0.000000    2.562333
      8          1           0        2.131070    0.000000    1.478652
      9          1           0        2.131070    0.000000    0.394971
     10          1           0        3.196605    0.000000    0.592456
     11          1           0        3.196605    0.000000    1.676137
     12          1           0        3.196605    0.000000    2.759819
 ---------------------------------------------------------------------
                    Distance matrix (angstroms):
                    1          2          3          4          5
     1  H    0.000000
     2  H    1.083681   0.000000
     3  H    1.083681   1.385896   0.000000
     4  H    1.666359   1.083681   1.083681   0.000000
     5  H    2.167363   1.083681   2.239594   1.385896   0.000000
     6  H    2.593814   1.666359   2.167363   1.083681   1.083681
     7  H    3.332718   2.593814   2.593814   1.666359   2.167363
     8  H    2.593814   2.167363   1.666359   1.083681   2.239594
     9  H    2.167363   2.239594   1.083681   1.385896   2.771793
    10  H    3.251044   3.234129   2.167363   2.239594   3.563512
    11  H    3.609393   3.251044   2.593814   2.167363   3.234129
    12  H    4.223137   3.609393   3.332718   2.593814   3.251044
                    6          7          8          9         10
     6  H    0.000000
     7  H    1.083681   0.000000
     8  H    1.385896   1.083681   0.000000
     9  H    2.239594   2.167363   1.083681   0.000000
    10  H    2.771793   2.239594   1.385896   1.083681   0.000000
    11  H    2.239594   1.385896   1.083681   1.666359   1.083681
    12  H    2.167363   1.083681   1.666359   2.593814   2.167363
                   11         12
    11  H    0.000000
    12  H    1.083681   0.000000
 Stoichiometry    H12
 Framework group  C2H[SGH(H12)]
 Deg. of freedom    11
 Full point group                 C2H     NOp   4
 Largest Abelian subgroup         C2H     NOp   4
 Largest concise Abelian subgroup C2      NOp   2
                         Standard orientation:                         
 ---------------------------------------------------------------------
 Center     Atomic      Atomic             Coordinates (Angstroms)
 Number     Number       Type             X           Y           Z
 ---------------------------------------------------------------------
      1          1           0        1.065535    1.823007    0.000000
      2          1           0        0.000000    1.625522    0.000000
      3          1           0        1.065535    0.739326    0.000000
      4          1           0        0.000000    0.541841    0.000000
      5          1           0       -1.065535    1.428037   -0.000000
      6          1           0       -1.065535    0.344355   -0.000000
      7          1           0       -1.065535   -0.739326    0.000000
      8          1           0       -0.000000   -0.541841    0.000000
      9          1           0        1.065535   -0.344355   -0.000000
     10          1           0        1.065535   -1.428037   -0.000000
     11          1           0       -0.000000   -1.625522    0.000000
     12          1           0       -1.065535   -1.823007    0.000000
 ---------------------------------------------------------------------
 Rotational constants (GHZ):     57.1566676     27.4964873     18.5652571
 General basis read from cards:  (5D, 7F)
 There are     6 symmetry adapted cartesian basis functions of AG  symmetry.
 There are     0 symmetry adapted cartesian basis functions of BG  symmetry.
 There are     0 symmetry adapted cartesian basis functions of AU  symmetry.
 There are     6 symmetry adapted cartesian basis functions of BU  symmetry.
 There are     6 symmetry adapted basis functions of AG  symmetry.
 There are     0 symmetry adapted basis functions of BG  symmetry.
 There are     0 symmetry adapted basis functions of AU  symmetry.
 There are     6 symmetry adapted basis functions of BU  symmetry.
    12 basis functions,   120 primitive gaussians,    12 cartesian basis functions
     6 alpha electrons        6 beta electrons
       nuclear repulsion energy        20.1033519282 Hartrees.
 NAtoms=   12 NActive=   12 NUniq=    6 SFac= 4.00D+00 NAtFMM=   60 NAOKFM=F Big=F
 Integral buffers will be    131072 words long.
 Regular integral format.
 Two-electron integral symmetry is turned on.
 One-electron integrals computed using PRISM.
 NBasis=    12 RedAO= T EigKep=  1.16D-01  NBF=     6     0     0     6
 NBsUse=    12 1.00D-06 EigRej= -1.00D+00 NBFU=     6     0     0     6
 Initial guess from the checkpoint file:  "h12.chk"
 B after Tr=    -0.000000    0.000000    0.000000
         Rot=    0.998081   -0.000000   -0.000000   -0.061919 Ang=  -7.10 deg.
 Initial guess orbital symmetries:
       Occupied  (AG) (BU) (BU) (AG) (AG) (AG)
       Virtual   (BU) (BU) (BU) (AG) (AG) (BU)
 Keep R1 ints in memory in symmetry-blocked form, NReq=904036.
 Requested convergence on RMS density matrix=1.00D-08 within 128 cycles.
 Requested convergence on MAX density matrix=1.00D-06.
 Requested convergence on             energy=1.00D-06.
 No special actions if energy rises.
 SCF Done:  E(RHF) =  -5.82744467174     A.U. after    9 cycles
            NFock=  9  Conv=0.45D-08     -V/T= 1.9063
 Range of M.O.s used for correlation:     1    12
 NBasis=    12 NAE=     6 NBE=     6 NFC=     0 NFV=     0
 NROrb=     12 NOA=     6 NOB=     6 NVA=     6 NVB=     6
 Semi-Direct transformation.
 ModeAB=           4 MOrb=             6 LenV=     134084143
 LASXX=         2181 LTotXX=        2181 LenRXX=        5115
 LTotAB=        2934 MaxLAS=        3024 LenRXY=           0
 NonZer=        7296 LenScr=      655360 LnRSAI=        3024
 LnScr1=      655360 LExtra=           0 Total=      1318859
 MaxDsk=          -1 SrtSym=           T ITran=            3
 JobTyp=0 Pass  1:  I=   1 to   6.
 (rs|ai) integrals will be sorted in core.
 Spin components of T(2) and E(2):
     alpha-alpha T2 =       0.1117000631D-01 E2=     -0.1376451536D-01
     alpha-beta  T2 =       0.8088330128D-01 E2=     -0.1117764281D+00
     beta-beta   T2 =       0.1117000631D-01 E2=     -0.1376451536D-01
 ANorm=    0.1050344379D+01
 E2 =    -0.1393054588D+00 EUMP2 =    -0.59667501305378D+01
 Second order stability test of a single determinant RHF wave function:
 Stabil:  MDV=134217728
 ***********************************************************************
 Matrix         Lowest Root    Major Pairs
 ***********************************************************************
 Internal RHF     0.0367621    Stable
 RRHF --> CRHF    0.0052842    Stable

 RRHF --> RUHF   -0.0916492    6A=7B 6A=9B 4A=7B 6A=8B 4A=9B 5A=7B 5A=9B 1A=9B 2A
 =10B 3A=10B 1A=12B 6A=12B
 Not stable.
 ***********************************************************************

 **********************************************************************

            Population analysis using the SCF density.

 **********************************************************************

 Orbital symmetries:
       Occupied  (AG) (BU) (BU) (AG) (AG) (AG)
       Virtual   (BU) (BU) (BU) (AG) (AG) (BU)
 The electronic state is 1-AG.
 Alpha  occ. eigenvalues --   -0.93273  -0.75601  -0.65292  -0.49170  -0.41526
 Alpha  occ. eigenvalues --   -0.25398
 Alpha virt. eigenvalues --    0.02475   0.18975   0.23479   0.44461   0.62061
 Alpha virt. eigenvalues --    0.94098
          Condensed to atoms (all electrons):
               1          2          3          4          5          6
     1  H    0.606371   0.139861   0.291753  -0.098271  -0.018753  -0.019637
     2  H    0.139861   0.970194  -0.153576   0.191193   0.150479  -0.130079
     3  H    0.291753  -0.153576   0.952390  -0.203118  -0.043784   0.023784
     4  H   -0.098271   0.191193  -0.203118   1.395708  -0.194610  -0.237646
     5  H   -0.018753   0.150479  -0.043784  -0.194610   0.871112   0.327760
     6  H   -0.019637  -0.130079   0.023784  -0.237646   0.327760   0.976542
     7  H    0.006943  -0.052368   0.044947  -0.140157  -0.012343   0.304947
     8  H   -0.044920   0.012046  -0.140157   0.702281  -0.100179  -0.231493
     9  H   -0.005171  -0.095259   0.304947  -0.231493   0.015998   0.073981
    10  H   -0.002945   0.001064  -0.012343  -0.100179   0.014734   0.015998
    11  H    0.001035   0.023262  -0.052368   0.012046   0.001064  -0.095259
    12  H    0.003371   0.001035   0.006943  -0.044920  -0.002945  -0.005171
               7          8          9         10         11         12
     1  H    0.006943  -0.044920  -0.005171  -0.002945   0.001035   0.003371
     2  H   -0.052368   0.012046  -0.095259   0.001064   0.023262   0.001035
     3  H    0.044947  -0.140157   0.304947  -0.012343  -0.052368   0.006943
     4  H   -0.140157   0.702281  -0.231493  -0.100179   0.012046  -0.044920
     5  H   -0.012343  -0.100179   0.015998   0.014734   0.001064  -0.002945
     6  H    0.304947  -0.231493   0.073981   0.015998  -0.095259  -0.005171
     7  H    0.952390  -0.203118   0.023784  -0.043784  -0.153576   0.291753
     8  H   -0.203118   1.395708  -0.237646  -0.194610   0.191193  -0.098271
     9  H    0.023784  -0.237646   0.976542   0.327760  -0.130079  -0.019637
    10  H   -0.043784  -0.194610   0.327760   0.871112   0.150479  -0.018753
    11  H   -0.153576   0.191193  -0.130079   0.150479   0.970194   0.139861
    12  H    0.291753  -0.098271  -0.019637  -0.018753   0.139861   0.606371
 Mulliken charges:
               1
     1  H    0.140364
     2  H   -0.057852
     3  H   -0.019418
     4  H   -0.050834
     5  H   -0.008533
     6  H   -0.003727
     7  H   -0.019418
     8  H   -0.050834
     9  H   -0.003727
    10  H   -0.008533
    11  H   -0.057852
    12  H    0.140364
 Sum of Mulliken charges =  -0.00000
 Mulliken charges with hydrogens summed into heavy atoms:
               1
 Electronic spatial extent (au):  <R**2>=            132.6799
 Charge=             -0.0000 electrons
 Dipole moment (field-independent basis, Debye):
    X=              0.0000    Y=             -0.0000    Z=              0.0000  Tot=              0.0000
 Quadrupole moment (field-independent basis, Debye-Ang):
   XX=            -19.4826   YY=            -14.0438   ZZ=            -15.1961
   XY=              3.1655   XZ=              0.0000   YZ=             -0.0000
 Traceless Quadrupole moment (field-independent basis, Debye-Ang):
   XX=             -3.2418   YY=              2.1970   ZZ=              1.0448
   XY=              3.1655   XZ=              0.0000   YZ=             -0.0000
 Octapole moment (field-independent basis, Debye-Ang**2):
  XXX=              0.0000  YYY=             -0.0000  ZZZ=             -0.0000  XYY=             -0.0000
  XXY=             -0.0000  XXZ=             -0.0000  XZZ=              0.0000  YZZ=             -0.0000
  YYZ=              0.0000  XYZ=              0.0000
 Hexadecapole moment (field-independent basis, Debye-Ang**3):
 XXXX=           -110.8083 YYYY=           -153.9833 ZZZZ=            -18.0331 XXXY=             -1.1645
 XXXZ=              0.0000 YYYX=              7.4157 YYYZ=             -0.0000 ZZZX=              0.0000
 ZZZY=             -0.0000 XXYY=            -41.3281 XXZZ=            -19.7730 YYZZ=            -29.7461
 XXYZ=             -0.0000 YYXZ=              0.0000 ZZXY=             -1.4728
 N-N= 2.010335192824D+01 E-N=-5.128636570716D+01  KE= 6.429989770420D+00
 Symmetry AG   KE= 4.876135117857D+00
 Symmetry BG   KE= 0.000000000000D+00
 Symmetry AU   KE= 0.000000000000D+00
 Symmetry BU   KE= 1.553854652563D+00

 Test job not archived.
 1\1\GINC-SULU\Stability\RHF\Gen\H12\LCJ1\17-Feb-2017\0\\#rhf/gen scf(s
 ymm,tight,novaracc,noincfock,fulldiag) stable(crhf) guess=read geom=no
 crowd test\\hf stability analysis of h12 triangular lattice, y= 0.8331
 7962030033754\\0,1\H\H,1,1.0836814136\H,1,1.0836814136,2,79.5\H,2,1.08
 36814136,1,100.5,3,0.,0\H,2,1.0836814136,1,180.,3,0.,0\H,4,1.083681413
 6,3,180.,5,0.,0\H,6,1.0836814136,5,180.,3,0.,0\H,4,1.0836814136,2,180.
 ,3,0.,0\H,3,1.0836814136,1,180.,4,0.,0\H,9,1.0836814136,3,180.,4,0.,0\
 H,8,1.0836814136,4,180.,3,0.,0\H,7,1.0836814136,6,180.,3,0.,0\\Version
 =ES64L-G09RevE.01\State=1-AG\HF=-5.8274447\MP2=-5.9667501\RMSD=4.526e-
 09\Dipole=0.,0.,0.\Quadrupole=0.6557302,0.7767545,-1.4324847,0.,2.9216
 78,0.\PG=C02H [SGH(H12)]\\@


 BETTER TO HUNT IN FIELDS, FOR HEALTH UNBOUGHT
 THAN FEE THE DOCTOR FOR A NAUSEOUS DRAUGHT.
 THE WISE, FOR CURE, ON EXERCISE DEPEND;
 GOD NEVER MADE HIS WORK FOR MAN TO MEND.
     -- JOHN DRYDEN (1631-1700)
 Job cpu time:       0 days  0 hours  0 minutes  1.1 seconds.
 File lengths (MBytes):  RWF=     84 Int=      0 D2E=      0 Chk=      2 Scr=      2
 Normal termination of Gaussian 09 at Fri Feb 17 15:03:16 2017.
