 Entering Gaussian System, Link 0=g09
 AtFile(1): H.gbs
            H     0
            S   10   1.00
               1000.000000000000            0.000068713567
                316.227766000000            0.000169141320
                100.000000000000            0.000823394812
                 31.622776600000            0.003425569236
                 10.000000000000            0.013951996000
                  3.162277660000            0.056909313560
                  1.000000000000            0.198286399900
                  0.316227766000            0.496922426700
                  0.100000000000            0.369846276400
                  0.031622776600            0.003752720039
            ****
 Initial command:
 /projects/guscus/apps/gau/g09-e1/g09/l1.exe "/users/lcj1/gaussian/h12/rhfstability/rect/guess/ag4bu2/Gau-31120.inp" -scrdir="/users/lcj1/gaussian/h12/rhfstability/rect/guess/ag4bu2/"
 Entering Link 1 = /projects/guscus/apps/gau/g09-e1/g09/l1.exe PID=     31121.
  
 Copyright (c) 1988,1990,1992,1993,1995,1998,2003,2009,2015,
            Gaussian, Inc.  All Rights Reserved.
  
 This is part of the Gaussian(R) 09 program.  It is based on
 the Gaussian(R) 03 system (copyright 2003, Gaussian, Inc.),
 the Gaussian(R) 98 system (copyright 1998, Gaussian, Inc.),
 the Gaussian(R) 94 system (copyright 1995, Gaussian, Inc.),
 the Gaussian 92(TM) system (copyright 1992, Gaussian, Inc.),
 the Gaussian 90(TM) system (copyright 1990, Gaussian, Inc.),
 the Gaussian 88(TM) system (copyright 1988, Gaussian, Inc.),
 the Gaussian 86(TM) system (copyright 1986, Carnegie Mellon
 University), and the Gaussian 82(TM) system (copyright 1983,
 Carnegie Mellon University). Gaussian is a federally registered
 trademark of Gaussian, Inc.
  
 This software contains proprietary and confidential information,
 including trade secrets, belonging to Gaussian, Inc.
  
 This software is provided under written license and may be
 used, copied, transmitted, or stored only in accord with that
 written license.
  
 The following legend is applicable only to US Government
 contracts under FAR:
  
                    RESTRICTED RIGHTS LEGEND
  
 Use, reproduction and disclosure by the US Government is
 subject to restrictions as set forth in subparagraphs (a)
 and (c) of the Commercial Computer Software - Restricted
 Rights clause in FAR 52.227-19.
  
 Gaussian, Inc.
 340 Quinnipiac St., Bldg. 40, Wallingford CT 06492
  
  
 ---------------------------------------------------------------
 Warning -- This program may not be used in any manner that
 competes with the business of Gaussian, Inc. or will provide
 assistance to any competitor of Gaussian, Inc.  The licensee
 of this program is prohibited from giving any competitor of
 Gaussian, Inc. access to this program.  By using this program,
 the user acknowledges that Gaussian, Inc. is engaged in the
 business of creating and licensing software in the field of
 computational chemistry and represents and warrants to the
 licensee that it is not a competitor of Gaussian, Inc. and that
 it will not use this program in any manner prohibited above.
 ---------------------------------------------------------------
  

 Cite this work as:
 Gaussian 09, Revision E.01,
 M. J. Frisch, G. W. Trucks, H. B. Schlegel, G. E. Scuseria, 
 M. A. Robb, J. R. Cheeseman, G. Scalmani, V. Barone, B. Mennucci, 
 G. A. Petersson, H. Nakatsuji, M. Caricato, X. Li, H. P. Hratchian, 
 A. F. Izmaylov, J. Bloino, G. Zheng, J. L. Sonnenberg, M. Hada, 
 M. Ehara, K. Toyota, R. Fukuda, J. Hasegawa, M. Ishida, T. Nakajima, 
 Y. Honda, O. Kitao, H. Nakai, T. Vreven, J. A. Montgomery, Jr., 
 J. E. Peralta, F. Ogliaro, M. Bearpark, J. J. Heyd, E. Brothers, 
 K. N. Kudin, V. N. Staroverov, T. Keith, R. Kobayashi, J. Normand, 
 K. Raghavachari, A. Rendell, J. C. Burant, S. S. Iyengar, J. Tomasi, 
 M. Cossi, N. Rega, J. M. Millam, M. Klene, J. E. Knox, J. B. Cross, 
 V. Bakken, C. Adamo, J. Jaramillo, R. Gomperts, R. E. Stratmann, 
 O. Yazyev, A. J. Austin, R. Cammi, C. Pomelli, J. W. Ochterski, 
 R. L. Martin, K. Morokuma, V. G. Zakrzewski, G. A. Voth, 
 P. Salvador, J. J. Dannenberg, S. Dapprich, A. D. Daniels, 
 O. Farkas, J. B. Foresman, J. V. Ortiz, J. Cioslowski, 
 and D. J. Fox, Gaussian, Inc., Wallingford CT, 2013.
 
 ******************************************
 Gaussian 09:  ES64L-G09RevE.01 30-Nov-2015
                17-Feb-2017 
 ******************************************
 %chk=h12.chk
 ----------------------------------------------------------------------
 #rhf/gen scf(symm,tight,novaracc,noincfock,fulldiag) stable(crhf) gues
 s=read geom=nocrowd test
 ----------------------------------------------------------------------
 1/38=1/1;
 2/12=1,17=6,18=5,40=1/2;
 3/5=7,16=1,25=1,30=1,116=1/1,2,3;
 4/5=1,9=4/1;
 5/5=100002,15=2,16=1,32=2,38=6/2;
 8/6=1,10=90,11=11/1,4;
 9/8=4,13=1/2;
 6/7=2,8=2,9=2,10=2,28=1/1;
 99/5=1,9=1/99;
 ----------------------------------------------------------------------
 hf stability analysis of h12 triangular lattice, y= 0.8113826706734035
 3
 ----------------------------------------------------------------------
 Symbolic Z-matrix:
 Charge =  0 Multiplicity = 1
 H
 H                    1     1.0792 
 H                    1     1.0792   2     82.5 
 H                    2     1.0792   1     97.5     3     0.       0
 H                    2     1.0792   1     180.     3     0.       0
 H                    4     1.0792   3     180.     5     0.       0
 H                    6     1.0792   5     180.     3     0.       0
 H                    4     1.0792   2     180.     3     0.       0
 H                    3     1.0792   1     180.     4     0.       0
 H                    9     1.0792   3     180.     4     0.       0
 H                    8     1.0792   4     180.     3     0.       0
 H                    7     1.0792   6     180.     3     0.       0
 
                          Input orientation:                          
 ---------------------------------------------------------------------
 Center     Atomic      Atomic             Coordinates (Angstroms)
 Number     Number       Type             X           Y           Z
 ---------------------------------------------------------------------
      1          1           0        0.000000    0.000000    0.000000
      2          1           0        0.000000    0.000000    1.079196
      3          1           0        1.069964    0.000000    0.140863
      4          1           0        1.069964    0.000000    1.220060
      5          1           0        0.000000    0.000000    2.158392
      6          1           0        1.069964    0.000000    2.299256
      7          1           0        2.139927    0.000000    2.440119
      8          1           0        2.139927    0.000000    1.360923
      9          1           0        2.139927    0.000000    0.281727
     10          1           0        3.209891    0.000000    0.422590
     11          1           0        3.209891    0.000000    1.501786
     12          1           0        3.209891    0.000000    2.580982
 ---------------------------------------------------------------------
                    Distance matrix (angstroms):
                    1          2          3          4          5
     1  H    0.000000
     2  H    1.079196   0.000000
     3  H    1.079196   1.423127   0.000000
     4  H    1.622765   1.079196   1.079196   0.000000
     5  H    2.158392   1.079196   2.283691   1.423127   0.000000
     6  H    2.536020   1.622765   2.158392   1.079196   1.079196
     7  H    3.245531   2.536020   2.536020   1.622765   2.158392
     8  H    2.536020   2.158392   1.622765   1.079196   2.283691
     9  H    2.158392   2.283691   1.079196   1.423127   2.846254
    10  H    3.237589   3.276359   2.158392   2.283691   3.649165
    11  H    3.543834   3.237589   2.536020   2.158392   3.276359
    12  H    4.118843   3.543834   3.245531   2.536020   3.237589
                    6          7          8          9         10
     6  H    0.000000
     7  H    1.079196   0.000000
     8  H    1.423127   1.079196   0.000000
     9  H    2.283691   2.158392   1.079196   0.000000
    10  H    2.846254   2.283691   1.423127   1.079196   0.000000
    11  H    2.283691   1.423127   1.079196   1.622765   1.079196
    12  H    2.158392   1.079196   1.622765   2.536020   2.158392
                   11         12
    11  H    0.000000
    12  H    1.079196   0.000000
 Stoichiometry    H12
 Framework group  C2H[SGH(H12)]
 Deg. of freedom    11
 Full point group                 C2H     NOp   4
 Largest Abelian subgroup         C2H     NOp   4
 Largest concise Abelian subgroup C2      NOp   2
                         Standard orientation:                         
 ---------------------------------------------------------------------
 Center     Atomic      Atomic             Coordinates (Angstroms)
 Number     Number       Type             X           Y           Z
 ---------------------------------------------------------------------
      1          1           0        1.069964    1.759658    0.000000
      2          1           0        0.000000    1.618794    0.000000
      3          1           0        1.069964    0.680461   -0.000000
      4          1           0        0.000000    0.539598    0.000000
      5          1           0       -1.069964    1.477931    0.000000
      6          1           0       -1.069964    0.398735    0.000000
      7          1           0       -1.069964   -0.680461   -0.000000
      8          1           0       -0.000000   -0.539598   -0.000000
      9          1           0        1.069964   -0.398735   -0.000000
     10          1           0        1.069964   -1.477931   -0.000000
     11          1           0       -0.000000   -1.618794   -0.000000
     12          1           0       -1.069964   -1.759658   -0.000000
 ---------------------------------------------------------------------
 Rotational constants (GHZ):     55.7774901     28.1763770     18.7198952
 General basis read from cards:  (5D, 7F)
 There are     6 symmetry adapted cartesian basis functions of AG  symmetry.
 There are     0 symmetry adapted cartesian basis functions of BG  symmetry.
 There are     0 symmetry adapted cartesian basis functions of AU  symmetry.
 There are     6 symmetry adapted cartesian basis functions of BU  symmetry.
 There are     6 symmetry adapted basis functions of AG  symmetry.
 There are     0 symmetry adapted basis functions of BG  symmetry.
 There are     0 symmetry adapted basis functions of AU  symmetry.
 There are     6 symmetry adapted basis functions of BU  symmetry.
    12 basis functions,   120 primitive gaussians,    12 cartesian basis functions
     6 alpha electrons        6 beta electrons
       nuclear repulsion energy        20.1413249519 Hartrees.
 NAtoms=   12 NActive=   12 NUniq=    6 SFac= 4.00D+00 NAtFMM=   60 NAOKFM=F Big=F
 Integral buffers will be    131072 words long.
 Regular integral format.
 Two-electron integral symmetry is turned on.
 One-electron integrals computed using PRISM.
 NBasis=    12 RedAO= T EigKep=  1.12D-01  NBF=     6     0     0     6
 NBsUse=    12 1.00D-06 EigRej= -1.00D+00 NBFU=     6     0     0     6
 Initial guess from the checkpoint file:  "h12.chk"
 B after Tr=    -0.000000   -0.000000    0.000000
         Rot=    0.998598   -0.000000    0.000000   -0.052929 Ang=  -6.07 deg.
 Initial guess orbital symmetries:
       Occupied  (AG) (BU) (BU) (AG) (AG) (AG)
       Virtual   (BU) (BU) (BU) (AG) (AG) (BU)
 Keep R1 ints in memory in symmetry-blocked form, NReq=903840.
 Requested convergence on RMS density matrix=1.00D-08 within 128 cycles.
 Requested convergence on MAX density matrix=1.00D-06.
 Requested convergence on             energy=1.00D-06.
 No special actions if energy rises.
 SCF Done:  E(RHF) =  -5.84258926678     A.U. after    8 cycles
            NFock=  8  Conv=0.76D-08     -V/T= 1.9103
 Range of M.O.s used for correlation:     1    12
 NBasis=    12 NAE=     6 NBE=     6 NFC=     0 NFV=     0
 NROrb=     12 NOA=     6 NOB=     6 NVA=     6 NVB=     6
 Semi-Direct transformation.
 ModeAB=           4 MOrb=             6 LenV=     134084311
 LASXX=         2181 LTotXX=        2181 LenRXX=        5115
 LTotAB=        2934 MaxLAS=        3024 LenRXY=           0
 NonZer=        7296 LenScr=      655360 LnRSAI=        3024
 LnScr1=      655360 LExtra=           0 Total=      1318859
 MaxDsk=          -1 SrtSym=           T ITran=            3
 JobTyp=0 Pass  1:  I=   1 to   6.
 (rs|ai) integrals will be sorted in core.
 Spin components of T(2) and E(2):
     alpha-alpha T2 =       0.1113720498D-01 E2=     -0.1375005461D-01
     alpha-beta  T2 =       0.7985910477D-01 E2=     -0.1110864775D+00
     beta-beta   T2 =       0.1113720498D-01 E2=     -0.1375005461D-01
 ANorm=    0.1049825469D+01
 E2 =    -0.1385865867D+00 EUMP2 =    -0.59811758534788D+01
 Second order stability test of a single determinant RHF wave function:
 Stabil:  MDV=134217728
 ***********************************************************************
 Matrix         Lowest Root    Major Pairs
 ***********************************************************************
 Internal RHF     0.0577934    Stable
 RRHF --> CRHF    0.028585     Stable


 RRHF --> RUHF   -0.0787751    6A=7B 6A=9B 6A=8B 4A=7B 4A=9B 5A=7B 5A=9B 3A=10B 2
 A=10B 1A=12B 5A=8B 1A=9B 4A=8B 2A=11B 6A=12B
 Not stable.
 ***********************************************************************

 **********************************************************************

            Population analysis using the SCF density.

 **********************************************************************

 Orbital symmetries:
       Occupied  (AG) (BU) (BU) (AG) (AG) (AG)
       Virtual   (BU) (BU) (BU) (AG) (AG) (BU)
 The electronic state is 1-AG.
 Alpha  occ. eigenvalues --   -0.93525  -0.75544  -0.65891  -0.48222  -0.42704
 Alpha  occ. eigenvalues --   -0.26239
 Alpha virt. eigenvalues --    0.04086   0.18764   0.21301   0.47526   0.60448
 Alpha virt. eigenvalues --    0.97325
          Condensed to atoms (all electrons):
               1          2          3          4          5          6
     1  H    0.636790   0.143043   0.297000  -0.107783  -0.019290  -0.022515
     2  H    0.143043   0.966727  -0.149815   0.188573   0.150620  -0.133148
     3  H    0.297000  -0.149815   0.953227  -0.207393  -0.039780   0.023494
     4  H   -0.107783   0.188573  -0.207393   1.384104  -0.175780  -0.231878
     5  H   -0.019290   0.150620  -0.039780  -0.175780   0.824860   0.322740
     6  H   -0.022515  -0.133148   0.023494  -0.231878   0.322740   0.969566
     7  H    0.007964  -0.057387   0.048687  -0.150875  -0.011776   0.304147
     8  H   -0.050592   0.011028  -0.150875   0.697885  -0.089681  -0.215657
     9  H   -0.006636  -0.087870   0.304147  -0.215657   0.014421   0.069321
    10  H   -0.003129   0.001213  -0.011776  -0.089681   0.012155   0.014421
    11  H    0.001147   0.023615  -0.057387   0.011028   0.001213  -0.087870
    12  H    0.004252   0.001147   0.007964  -0.050592  -0.003129  -0.006636
               7          8          9         10         11         12
     1  H    0.007964  -0.050592  -0.006636  -0.003129   0.001147   0.004252
     2  H   -0.057387   0.011028  -0.087870   0.001213   0.023615   0.001147
     3  H    0.048687  -0.150875   0.304147  -0.011776  -0.057387   0.007964
     4  H   -0.150875   0.697885  -0.215657  -0.089681   0.011028  -0.050592
     5  H   -0.011776  -0.089681   0.014421   0.012155   0.001213  -0.003129
     6  H    0.304147  -0.215657   0.069321   0.014421  -0.087870  -0.006636
     7  H    0.953227  -0.207393   0.023494  -0.039780  -0.149815   0.297000
     8  H   -0.207393   1.384104  -0.231878  -0.175780   0.188573  -0.107783
     9  H    0.023494  -0.231878   0.969566   0.322740  -0.133148  -0.022515
    10  H   -0.039780  -0.175780   0.322740   0.824860   0.150620  -0.019290
    11  H   -0.149815   0.188573  -0.133148   0.150620   0.966727   0.143043
    12  H    0.297000  -0.107783  -0.022515  -0.019290   0.143043   0.636790
 Mulliken charges:
               1
     1  H    0.119750
     2  H   -0.057748
     3  H   -0.017494
     4  H   -0.051951
     5  H    0.013426
     6  H   -0.005984
     7  H   -0.017494
     8  H   -0.051951
     9  H   -0.005984
    10  H    0.013426
    11  H   -0.057748
    12  H    0.119750
 Sum of Mulliken charges =   0.00000
 Mulliken charges with hydrogens summed into heavy atoms:
               1
 Electronic spatial extent (au):  <R**2>=            132.2136
 Charge=              0.0000 electrons
 Dipole moment (field-independent basis, Debye):
    X=              0.0000    Y=              0.0000    Z=             -0.0000  Tot=              0.0000
 Quadrupole moment (field-independent basis, Debye-Ang):
   XX=            -19.4149   YY=            -14.5555   ZZ=            -15.1966
   XY=              2.2631   XZ=              0.0000   YZ=             -0.0000
 Traceless Quadrupole moment (field-independent basis, Debye-Ang):
   XX=             -3.0259   YY=              1.8335   ZZ=              1.1924
   XY=              2.2631   XZ=              0.0000   YZ=             -0.0000
 Octapole moment (field-independent basis, Debye-Ang**2):
  XXX=              0.0000  YYY=             -0.0000  ZZZ=              0.0000  XYY=              0.0000
  XXY=              0.0000  XXZ=              0.0000  XZZ=             -0.0000  YZZ=              0.0000
  YYZ=              0.0000  XYZ=             -0.0000
 Hexadecapole moment (field-independent basis, Debye-Ang**3):
 XXXX=           -111.2334 YYYY=           -155.9631 ZZZZ=            -18.0298 XXXY=             -0.8153
 XXXZ=              0.0000 YYYX=              5.1405 YYYZ=             -0.0000 ZZZX=              0.0000
 ZZZY=             -0.0000 XXYY=            -41.6119 XXZZ=            -19.8520 YYZZ=            -29.4764
 XXYZ=             -0.0000 YYXZ=              0.0000 ZZXY=             -1.0554
 N-N= 2.014132495195D+01 E-N=-5.134347327119D+01  KE= 6.418134264307D+00
 Symmetry AG   KE= 4.865778587107D+00
 Symmetry BG   KE= 0.000000000000D+00
 Symmetry AU   KE= 0.000000000000D+00
 Symmetry BU   KE= 1.552355677200D+00

 Test job not archived.
 1\1\GINC-SULU\Stability\RHF\Gen\H12\LCJ1\17-Feb-2017\0\\#rhf/gen scf(s
 ymm,tight,novaracc,noincfock,fulldiag) stable(crhf) guess=read geom=no
 crowd test\\hf stability analysis of h12 triangular lattice, y= 0.8113
 8267067340353\\0,1\H\H,1,1.0791961875\H,1,1.0791961875,2,82.5\H,2,1.07
 91961875,1,97.5,3,0.,0\H,2,1.0791961875,1,180.,3,0.,0\H,4,1.0791961875
 ,3,180.,5,0.,0\H,6,1.0791961875,5,180.,3,0.,0\H,4,1.0791961875,2,180.,
 3,0.,0\H,3,1.0791961875,1,180.,4,0.,0\H,9,1.0791961875,3,180.,4,0.,0\H
 ,8,1.0791961875,4,180.,3,0.,0\H,7,1.0791961875,6,180.,3,0.,0\\Version=
 ES64L-G09RevE.01\State=1-AG\HF=-5.8425893\MP2=-5.9811759\RMSD=7.645e-0
 9\Dipole=0.,0.,0.\Quadrupole=0.8661385,0.8865219,-1.7526605,0.,2.09272
 99,0.\PG=C02H [SGH(H12)]\\@


 IF OTHER PEOPLE ARE GOING TO TALK, CONVERSATION IS SIMPLY IMPOSSIBLE.

                                               -- WHISTLER'S PRINCIPLE
 Job cpu time:       0 days  0 hours  0 minutes  1.1 seconds.
 File lengths (MBytes):  RWF=     84 Int=      0 D2E=      0 Chk=      2 Scr=      2
 Normal termination of Gaussian 09 at Fri Feb 17 15:02:57 2017.
