 Entering Gaussian System, Link 0=g09
 AtFile(1): H.gbs
            H     0
            S   10   1.00
               1000.000000000000            0.000068713567
                316.227766000000            0.000169141320
                100.000000000000            0.000823394812
                 31.622776600000            0.003425569236
                 10.000000000000            0.013951996000
                  3.162277660000            0.056909313560
                  1.000000000000            0.198286399900
                  0.316227766000            0.496922426700
                  0.100000000000            0.369846276400
                  0.031622776600            0.003752720039
            ****
 Initial command:
 /projects/guscus/apps/gau/g09-e1/g09/l1.exe "/users/lcj1/gaussian/h12/rhfstability/rect/guess/ag4bu2/Gau-9782.inp" -scrdir="/users/lcj1/gaussian/h12/rhfstability/rect/guess/ag4bu2/"
 Entering Link 1 = /projects/guscus/apps/gau/g09-e1/g09/l1.exe PID=      9783.
  
 Copyright (c) 1988,1990,1992,1993,1995,1998,2003,2009,2015,
            Gaussian, Inc.  All Rights Reserved.
  
 This is part of the Gaussian(R) 09 program.  It is based on
 the Gaussian(R) 03 system (copyright 2003, Gaussian, Inc.),
 the Gaussian(R) 98 system (copyright 1998, Gaussian, Inc.),
 the Gaussian(R) 94 system (copyright 1995, Gaussian, Inc.),
 the Gaussian 92(TM) system (copyright 1992, Gaussian, Inc.),
 the Gaussian 90(TM) system (copyright 1990, Gaussian, Inc.),
 the Gaussian 88(TM) system (copyright 1988, Gaussian, Inc.),
 the Gaussian 86(TM) system (copyright 1986, Carnegie Mellon
 University), and the Gaussian 82(TM) system (copyright 1983,
 Carnegie Mellon University). Gaussian is a federally registered
 trademark of Gaussian, Inc.
  
 This software contains proprietary and confidential information,
 including trade secrets, belonging to Gaussian, Inc.
  
 This software is provided under written license and may be
 used, copied, transmitted, or stored only in accord with that
 written license.
  
 The following legend is applicable only to US Government
 contracts under FAR:
  
                    RESTRICTED RIGHTS LEGEND
  
 Use, reproduction and disclosure by the US Government is
 subject to restrictions as set forth in subparagraphs (a)
 and (c) of the Commercial Computer Software - Restricted
 Rights clause in FAR 52.227-19.
  
 Gaussian, Inc.
 340 Quinnipiac St., Bldg. 40, Wallingford CT 06492
  
  
 ---------------------------------------------------------------
 Warning -- This program may not be used in any manner that
 competes with the business of Gaussian, Inc. or will provide
 assistance to any competitor of Gaussian, Inc.  The licensee
 of this program is prohibited from giving any competitor of
 Gaussian, Inc. access to this program.  By using this program,
 the user acknowledges that Gaussian, Inc. is engaged in the
 business of creating and licensing software in the field of
 computational chemistry and represents and warrants to the
 licensee that it is not a competitor of Gaussian, Inc. and that
 it will not use this program in any manner prohibited above.
 ---------------------------------------------------------------
  

 Cite this work as:
 Gaussian 09, Revision E.01,
 M. J. Frisch, G. W. Trucks, H. B. Schlegel, G. E. Scuseria, 
 M. A. Robb, J. R. Cheeseman, G. Scalmani, V. Barone, B. Mennucci, 
 G. A. Petersson, H. Nakatsuji, M. Caricato, X. Li, H. P. Hratchian, 
 A. F. Izmaylov, J. Bloino, G. Zheng, J. L. Sonnenberg, M. Hada, 
 M. Ehara, K. Toyota, R. Fukuda, J. Hasegawa, M. Ishida, T. Nakajima, 
 Y. Honda, O. Kitao, H. Nakai, T. Vreven, J. A. Montgomery, Jr., 
 J. E. Peralta, F. Ogliaro, M. Bearpark, J. J. Heyd, E. Brothers, 
 K. N. Kudin, V. N. Staroverov, T. Keith, R. Kobayashi, J. Normand, 
 K. Raghavachari, A. Rendell, J. C. Burant, S. S. Iyengar, J. Tomasi, 
 M. Cossi, N. Rega, J. M. Millam, M. Klene, J. E. Knox, J. B. Cross, 
 V. Bakken, C. Adamo, J. Jaramillo, R. Gomperts, R. E. Stratmann, 
 O. Yazyev, A. J. Austin, R. Cammi, C. Pomelli, J. W. Ochterski, 
 R. L. Martin, K. Morokuma, V. G. Zakrzewski, G. A. Voth, 
 P. Salvador, J. J. Dannenberg, S. Dapprich, A. D. Daniels, 
 O. Farkas, J. B. Foresman, J. V. Ortiz, J. Cioslowski, 
 and D. J. Fox, Gaussian, Inc., Wallingford CT, 2013.
 
 ******************************************
 Gaussian 09:  ES64L-G09RevE.01 30-Nov-2015
                17-Feb-2017 
 ******************************************
 %chk=h12.chk
 ----------------------------------------------------------------------
 #rhf/gen scf(symm,tight,novaracc,noincfock,fulldiag) stable(crhf) gues
 s=read geom=nocrowd test
 ----------------------------------------------------------------------
 1/38=1/1;
 2/12=1,17=6,18=5,40=1/2;
 3/5=7,16=1,25=1,30=1,116=1/1,2,3;
 4/5=1,9=4/1;
 5/5=100002,15=2,16=1,32=2,38=6/2;
 8/6=1,10=90,11=11/1,4;
 9/8=4,13=1/2;
 6/7=2,8=2,9=2,10=2,28=1/1;
 99/5=1,9=1/99;
 ----------------------------------------------------------------------
 hf stability analysis of h12 triangular lattice, y= 0.2303281107335596
 6
 ----------------------------------------------------------------------
 Symbolic Z-matrix:
 Charge =  0 Multiplicity = 1
 H
 H                    1     2.5172 
 H                    1     2.5172   2     169.5 
 H                    2     2.5172   1     10.5     3     0.       0
 H                    2     2.5172   1     180.     3     0.       0
 H                    4     2.5172   3     180.     5     0.       0
 H                    6     2.5172   5     180.     3     0.       0
 H                    4     2.5172   2     180.     3     0.       0
 H                    3     2.5172   1     180.     4     0.       0
 H                    9     2.5172   3     180.     4     0.       0
 H                    8     2.5172   4     180.     3     0.       0
 H                    7     2.5172   6     180.     3     0.       0
 
                          Input orientation:                          
 ---------------------------------------------------------------------
 Center     Atomic      Atomic             Coordinates (Angstroms)
 Number     Number       Type             X           Y           Z
 ---------------------------------------------------------------------
      1          1           0        0.000000    0.000000    0.000000
      2          1           0        0.000000    0.000000    2.517203
      3          1           0        0.458724    0.000000   -2.475052
      4          1           0        0.458724    0.000000    0.042151
      5          1           0        0.000000    0.000000    5.034405
      6          1           0        0.458724    0.000000    2.559353
      7          1           0        0.917447    0.000000    0.084302
      8          1           0        0.917447    0.000000   -2.432901
      9          1           0        0.917447    0.000000   -4.950103
     10          1           0        1.376171    0.000000   -7.425155
     11          1           0        1.376171    0.000000   -4.907953
     12          1           0        1.376171    0.000000   -2.390750
 ---------------------------------------------------------------------
                    Distance matrix (angstroms):
                    1          2          3          4          5
     1  H    0.000000
     2  H    2.517203   0.000000
     3  H    2.517203   5.013285   0.000000
     4  H    0.460656   2.517203   2.517203   0.000000
     5  H    5.034405   2.517203   7.523455   5.013285   0.000000
     6  H    2.600138   0.460656   5.034405   2.517203   2.517203
     7  H    0.921312   2.600138   2.600138   0.460656   5.034405
     8  H    2.600138   5.034405   0.460656   2.517203   7.523455
     9  H    5.034405   7.523455   2.517203   5.013285  10.026571
    10  H    7.551608  10.037147   5.034405   7.523455  12.535330
    11  H    5.097239   7.551608   2.600138   5.034405  10.037147
    12  H    2.758538   5.097239   0.921312   2.600138   7.551608
                    6          7          8          9         10
     6  H    0.000000
     7  H    2.517203   0.000000
     8  H    5.013285   2.517203   0.000000
     9  H    7.523455   5.034405   2.517203   0.000000
    10  H   10.026571   7.523455   5.013285   2.517203   0.000000
    11  H    7.523455   5.013285   2.517203   0.460656   2.517203
    12  H    5.034405   2.517203   0.460656   2.600138   5.034405
                   11         12
    11  H    0.000000
    12  H    2.517203   0.000000
 Stoichiometry    H12
 Framework group  C2H[SGH(H12)]
 Deg. of freedom    11
 Full point group                 C2H     NOp   4
 Largest Abelian subgroup         C2H     NOp   4
 Largest concise Abelian subgroup C2      NOp   2
                         Standard orientation:                         
 ---------------------------------------------------------------------
 Center     Atomic      Atomic             Coordinates (Angstroms)
 Number     Number       Type             X           Y           Z
 ---------------------------------------------------------------------
      1          1           0        0.458724    1.300752   -0.000000
      2          1           0        0.000000    3.775804   -0.000000
      3          1           0        0.458724   -1.216450    0.000000
      4          1           0        0.000000    1.258601   -0.000000
      5          1           0       -0.458724    6.250855   -0.000000
      6          1           0       -0.458724    3.733653   -0.000000
      7          1           0       -0.458724    1.216450    0.000000
      8          1           0       -0.000000   -1.258601   -0.000000
      9          1           0        0.458724   -3.733653   -0.000000
     10          1           0        0.458724   -6.250855   -0.000000
     11          1           0       -0.000000   -3.775804   -0.000000
     12          1           0       -0.458724   -1.300752   -0.000000
 ---------------------------------------------------------------------
 Rotational constants (GHZ):    453.2803807      3.4671867      3.4408671
 General basis read from cards:  (5D, 7F)
 There are     6 symmetry adapted cartesian basis functions of AG  symmetry.
 There are     0 symmetry adapted cartesian basis functions of BG  symmetry.
 There are     0 symmetry adapted cartesian basis functions of AU  symmetry.
 There are     6 symmetry adapted cartesian basis functions of BU  symmetry.
 There are     6 symmetry adapted basis functions of AG  symmetry.
 There are     0 symmetry adapted basis functions of BG  symmetry.
 There are     0 symmetry adapted basis functions of AU  symmetry.
 There are     6 symmetry adapted basis functions of BU  symmetry.
    12 basis functions,   120 primitive gaussians,    12 cartesian basis functions
     6 alpha electrons        6 beta electrons
       nuclear repulsion energy        16.0793851957 Hartrees.
 NAtoms=   12 NActive=   12 NUniq=    6 SFac= 4.00D+00 NAtFMM=   60 NAOKFM=F Big=F
 Integral buffers will be    131072 words long.
 Regular integral format.
 Two-electron integral symmetry is turned on.
 One-electron integrals computed using PRISM.
 NBasis=    12 RedAO= T EigKep=  2.87D-02  NBF=     6     0     0     6
 NBsUse=    12 1.00D-06 EigRej= -1.00D+00 NBFU=     6     0     0     6
 Initial guess from the checkpoint file:  "h12.chk"
 B after Tr=    -0.000000    0.000000   -0.000000
         Rot=    0.980223   -0.000000    0.000000    0.197897 Ang=  22.83 deg.
 Initial guess orbital symmetries:
       Occupied  (AG) (BU) (BU) (AG) (AG) (AG)
       Virtual   (BU) (BU) (BU) (AG) (AG) (BU)
 Keep R1 ints in memory in symmetry-blocked form, NReq=889854.
 Requested convergence on RMS density matrix=1.00D-08 within 128 cycles.
 Requested convergence on MAX density matrix=1.00D-06.
 Requested convergence on             energy=1.00D-06.
 No special actions if energy rises.
 SCF Done:  E(RHF) =  -4.13310038525     A.U. after    9 cycles
            NFock=  9  Conv=0.78D-08     -V/T= 1.5958
 Range of M.O.s used for correlation:     1    12
 NBasis=    12 NAE=     6 NBE=     6 NFC=     0 NFV=     0
 NROrb=     12 NOA=     6 NOB=     6 NVA=     6 NVB=     6

 **** Warning!!: The smallest alpha delta epsilon is -0.42510960D-01

 Semi-Direct transformation.
 ModeAB=           4 MOrb=             6 LenV=     134099137
 LASXX=         2181 LTotXX=        2181 LenRXX=        5115
 LTotAB=        2934 MaxLAS=        3024 LenRXY=           0
 NonZer=        7296 LenScr=      655360 LnRSAI=        3024
 LnScr1=      655360 LExtra=           0 Total=      1318859
 MaxDsk=          -1 SrtSym=           T ITran=            3
 JobTyp=0 Pass  1:  I=   1 to   6.
 (rs|ai) integrals will be sorted in core.
 Spin components of T(2) and E(2):
     alpha-alpha T2 =       0.9822087938D-02 E2=     -0.4339229757D-02
     alpha-beta  T2 =       0.1348066902D+02 E2=     -0.1164234605D+01
     beta-beta   T2 =       0.9822087938D-02 E2=     -0.4339229757D-02
 ANorm=    0.3807927678D+01
 E2 =    -0.1172913064D+01 EUMP2 =    -0.53060134494453D+01
 Second order stability test of a single determinant RHF wave function:
 Stabil:  MDV=134217728
 ***********************************************************************
 Matrix         Lowest Root    Major Pairs
 ***********************************************************************
 Internal RHF    -0.1312692    6A=7A
 RRHF --> CRHF   -0.1312772    6A=7A
 RRHF --> RUHF   -0.5862234    5A=7B
 Not stable.
 ***********************************************************************

 **********************************************************************

            Population analysis using the SCF density.

 **********************************************************************

 Orbital symmetries:
       Occupied  (BU) (AG) (BU) (AG) (AG) (AG)
       Virtual   (BU) (BU) (BU) (AG) (AG) (BU)
 The electronic state is 1-AG.
 Alpha  occ. eigenvalues --   -0.94198  -0.93400  -0.72781  -0.72778  -0.20530
 Alpha  occ. eigenvalues --   -0.12057
 Alpha virt. eigenvalues --   -0.16309   0.02338   0.65671   0.65717   1.58628
 Alpha virt. eigenvalues --    1.66907
          Condensed to atoms (all electrons):
               1          2          3          4          5          6
     1  H    1.570315   0.006541  -0.180165   0.141880   0.000004  -0.011069
     2  H    0.006541   0.545545  -0.000176  -0.009557  -0.007952   0.477977
     3  H   -0.180165  -0.000176   1.569205  -0.007612   0.000000   0.000189
     4  H    0.141880  -0.009557  -0.007612   1.482594   0.000028  -0.009782
     5  H    0.000004  -0.007952   0.000000   0.000028   1.014573  -0.007965
     6  H   -0.011069   0.477977   0.000189  -0.009782  -0.007965   0.546946
     7  H   -1.011222  -0.010923   0.159565   0.119634   0.000003   0.006674
     8  H   -0.003039   0.000016   0.119634  -0.005190   0.000000   0.000013
     9  H   -0.000175  -0.000000   0.006674   0.000013  -0.000000   0.000000
    10  H    0.000000  -0.000000   0.000003   0.000000   0.000000  -0.000000
    11  H    0.000165   0.000000  -0.010923   0.000016  -0.000000  -0.000000
    12  H    0.129468   0.000165  -1.011222  -0.003039   0.000000  -0.000175
               7          8          9         10         11         12
     1  H   -1.011222  -0.003039  -0.000175   0.000000   0.000165   0.129468
     2  H   -0.010923   0.000016  -0.000000  -0.000000   0.000000   0.000165
     3  H    0.159565   0.119634   0.006674   0.000003  -0.010923  -1.011222
     4  H    0.119634  -0.005190   0.000013   0.000000   0.000016  -0.003039
     5  H    0.000003   0.000000  -0.000000   0.000000  -0.000000   0.000000
     6  H    0.006674   0.000013   0.000000  -0.000000  -0.000000  -0.000175
     7  H    1.569205  -0.007612   0.000189   0.000000  -0.000176  -0.180165
     8  H   -0.007612   1.482594  -0.009782   0.000028  -0.009557   0.141880
     9  H    0.000189  -0.009782   0.546946  -0.007965   0.477977  -0.011069
    10  H    0.000000   0.000028  -0.007965   1.014573  -0.007952   0.000004
    11  H   -0.000176  -0.009557   0.477977  -0.007952   0.545545   0.006541
    12  H   -0.180165   0.141880  -0.011069   0.000004   0.006541   1.570315
 Mulliken charges:
               1
     1  H    0.357296
     2  H   -0.001636
     3  H    0.354827
     4  H   -0.708986
     5  H    0.001309
     6  H   -0.002810
     7  H    0.354827
     8  H   -0.708986
     9  H   -0.002810
    10  H    0.001309
    11  H   -0.001636
    12  H    0.357296
 Sum of Mulliken charges =  -0.00000
 Mulliken charges with hydrogens summed into heavy atoms:
               1
 Electronic spatial extent (au):  <R**2>=            556.8270
 Charge=             -0.0000 electrons
 Dipole moment (field-independent basis, Debye):
    X=              0.0000    Y=             -0.0000    Z=              0.0000  Tot=              0.0000
 Quadrupole moment (field-independent basis, Debye-Ang):
   XX=            -16.0867   YY=            -17.6035   ZZ=            -15.2657
   XY=             -0.0629   XZ=              0.0000   YZ=             -0.0000
 Traceless Quadrupole moment (field-independent basis, Debye-Ang):
   XX=              0.2320   YY=             -1.2849   ZZ=              1.0530
   XY=             -0.0629   XZ=              0.0000   YZ=             -0.0000
 Octapole moment (field-independent basis, Debye-Ang**2):
  XXX=              0.0000  YYY=              0.0000  ZZZ=              0.0000  XYY=             -0.0000
  XXY=             -0.0000  XXZ=              0.0000  XZZ=              0.0000  YZZ=             -0.0000
  YYZ=              0.0000  XYZ=              0.0000
 Hexadecapole moment (field-independent basis, Debye-Ang**3):
 XXXX=            -33.1120 YYYY=          -1255.2903 ZZZZ=            -18.4703 XXXY=             35.6995
 XXXZ=              0.0000 YYYX=             42.9742 YYYZ=             -0.0000 ZZZX=              0.0000
 ZZZY=             -0.0000 XXYY=           -200.0713 XXZZ=             -8.5696 YYZZ=           -199.5246
 XXYZ=             -0.0000 YYXZ=              0.0000 ZZXY=             12.2135
 N-N= 1.607938519568D+01 E-N=-4.004700865152D+01  KE= 6.936938267960D+00
 Symmetry AG   KE= 4.950682924717D+00
 Symmetry BG   KE= 0.000000000000D+00
 Symmetry AU   KE= 0.000000000000D+00
 Symmetry BU   KE= 1.986255343243D+00

 Test job not archived.
 1\1\GINC-SULU\Stability\RHF\Gen\H12\LCJ1\17-Feb-2017\0\\#rhf/gen scf(s
 ymm,tight,novaracc,noincfock,fulldiag) stable(crhf) guess=read geom=no
 crowd test\\hf stability analysis of h12 triangular lattice, y= 0.2303
 2811073355966\\0,1\H\H,1,2.5172025119\H,1,2.5172025119,2,169.5\H,2,2.5
 172025119,1,10.5,3,0.,0\H,2,2.5172025119,1,180.,3,0.,0\H,4,2.517202511
 9,3,180.,5,0.,0\H,6,2.5172025119,5,180.,3,0.,0\H,4,2.5172025119,2,180.
 ,3,0.,0\H,3,2.5172025119,1,180.,4,0.,0\H,9,2.5172025119,3,180.,4,0.,0\
 H,8,2.5172025119,4,180.,3,0.,0\H,7,2.5172025119,6,180.,3,0.,0\\Version
 =ES64L-G09RevE.01\State=1-AG\HF=-4.1331004\MP2=-5.3060134\RMSD=7.782e-
 09\Dipole=0.,0.,0.\Quadrupole=0.118243,0.7828455,-0.9010884,0.,0.24572
 08,0.\PG=C02H [SGH(H12)]\\@


 THERE IS NO CURE FOR BIRTH AND DEATH SAVE TO ENJOY THE INTERVAL.

                               -- GEORGE SANTAYANA
 Job cpu time:       0 days  0 hours  0 minutes  0.9 seconds.
 File lengths (MBytes):  RWF=     84 Int=      0 D2E=      0 Chk=      2 Scr=      2
 Normal termination of Gaussian 09 at Fri Feb 17 14:53:55 2017.
