 Entering Gaussian System, Link 0=g09
 AtFile(1): H.gbs
            H     0
            S   10   1.00
               1000.000000000000            0.000068713567
                316.227766000000            0.000169141320
                100.000000000000            0.000823394812
                 31.622776600000            0.003425569236
                 10.000000000000            0.013951996000
                  3.162277660000            0.056909313560
                  1.000000000000            0.198286399900
                  0.316227766000            0.496922426700
                  0.100000000000            0.369846276400
                  0.031622776600            0.003752720039
            ****
 Initial command:
 /projects/guscus/apps/gau/g09-e1/g09/l1.exe "/users/lcj1/gaussian/h12/rhfstability/rect/guess/ag4bu2/Gau-15105.inp" -scrdir="/users/lcj1/gaussian/h12/rhfstability/rect/guess/ag4bu2/"
 Entering Link 1 = /projects/guscus/apps/gau/g09-e1/g09/l1.exe PID=     15106.
  
 Copyright (c) 1988,1990,1992,1993,1995,1998,2003,2009,2015,
            Gaussian, Inc.  All Rights Reserved.
  
 This is part of the Gaussian(R) 09 program.  It is based on
 the Gaussian(R) 03 system (copyright 2003, Gaussian, Inc.),
 the Gaussian(R) 98 system (copyright 1998, Gaussian, Inc.),
 the Gaussian(R) 94 system (copyright 1995, Gaussian, Inc.),
 the Gaussian 92(TM) system (copyright 1992, Gaussian, Inc.),
 the Gaussian 90(TM) system (copyright 1990, Gaussian, Inc.),
 the Gaussian 88(TM) system (copyright 1988, Gaussian, Inc.),
 the Gaussian 86(TM) system (copyright 1986, Carnegie Mellon
 University), and the Gaussian 82(TM) system (copyright 1983,
 Carnegie Mellon University). Gaussian is a federally registered
 trademark of Gaussian, Inc.
  
 This software contains proprietary and confidential information,
 including trade secrets, belonging to Gaussian, Inc.
  
 This software is provided under written license and may be
 used, copied, transmitted, or stored only in accord with that
 written license.
  
 The following legend is applicable only to US Government
 contracts under FAR:
  
                    RESTRICTED RIGHTS LEGEND
  
 Use, reproduction and disclosure by the US Government is
 subject to restrictions as set forth in subparagraphs (a)
 and (c) of the Commercial Computer Software - Restricted
 Rights clause in FAR 52.227-19.
  
 Gaussian, Inc.
 340 Quinnipiac St., Bldg. 40, Wallingford CT 06492
  
  
 ---------------------------------------------------------------
 Warning -- This program may not be used in any manner that
 competes with the business of Gaussian, Inc. or will provide
 assistance to any competitor of Gaussian, Inc.  The licensee
 of this program is prohibited from giving any competitor of
 Gaussian, Inc. access to this program.  By using this program,
 the user acknowledges that Gaussian, Inc. is engaged in the
 business of creating and licensing software in the field of
 computational chemistry and represents and warrants to the
 licensee that it is not a competitor of Gaussian, Inc. and that
 it will not use this program in any manner prohibited above.
 ---------------------------------------------------------------
  

 Cite this work as:
 Gaussian 09, Revision E.01,
 M. J. Frisch, G. W. Trucks, H. B. Schlegel, G. E. Scuseria, 
 M. A. Robb, J. R. Cheeseman, G. Scalmani, V. Barone, B. Mennucci, 
 G. A. Petersson, H. Nakatsuji, M. Caricato, X. Li, H. P. Hratchian, 
 A. F. Izmaylov, J. Bloino, G. Zheng, J. L. Sonnenberg, M. Hada, 
 M. Ehara, K. Toyota, R. Fukuda, J. Hasegawa, M. Ishida, T. Nakajima, 
 Y. Honda, O. Kitao, H. Nakai, T. Vreven, J. A. Montgomery, Jr., 
 J. E. Peralta, F. Ogliaro, M. Bearpark, J. J. Heyd, E. Brothers, 
 K. N. Kudin, V. N. Staroverov, T. Keith, R. Kobayashi, J. Normand, 
 K. Raghavachari, A. Rendell, J. C. Burant, S. S. Iyengar, J. Tomasi, 
 M. Cossi, N. Rega, J. M. Millam, M. Klene, J. E. Knox, J. B. Cross, 
 V. Bakken, C. Adamo, J. Jaramillo, R. Gomperts, R. E. Stratmann, 
 O. Yazyev, A. J. Austin, R. Cammi, C. Pomelli, J. W. Ochterski, 
 R. L. Martin, K. Morokuma, V. G. Zakrzewski, G. A. Voth, 
 P. Salvador, J. J. Dannenberg, S. Dapprich, A. D. Daniels, 
 O. Farkas, J. B. Foresman, J. V. Ortiz, J. Cioslowski, 
 and D. J. Fox, Gaussian, Inc., Wallingford CT, 2013.
 
 ******************************************
 Gaussian 09:  ES64L-G09RevE.01 30-Nov-2015
                17-Feb-2017 
 ******************************************
 %chk=h12.chk
 ----------------------------------------------------------------------
 #rhf/gen scf(symm,tight,novaracc,noincfock,fulldiag) stable(crhf) gues
 s=read geom=nocrowd test
 ----------------------------------------------------------------------
 1/38=1/1;
 2/12=1,17=6,18=5,40=1/2;
 3/5=7,16=1,25=1,30=1,116=1/1,2,3;
 4/5=1,9=4/1;
 5/5=100002,15=2,16=1,32=2,38=6/2;
 8/6=1,10=90,11=11/1,4;
 9/8=4,13=1/2;
 6/7=2,8=2,9=2,10=2,28=1/1;
 99/5=1,9=1/99;
 ----------------------------------------------------------------------
 hf stability analysis of h12 triangular lattice, y= 0.4102222107631511
 3
 ----------------------------------------------------------------------
 Symbolic Z-matrix:
 Charge =  0 Multiplicity = 1
 H
 H                    1     1.46597 
 H                    1     1.46597  2     147.5 
 H                    2     1.46597  1     32.5     3     0.       0
 H                    2     1.46597  1     180.     3     0.       0
 H                    4     1.46597  3     180.     5     0.       0
 H                    6     1.46597  5     180.     3     0.       0
 H                    4     1.46597  2     180.     3     0.       0
 H                    3     1.46597  1     180.     4     0.       0
 H                    9     1.46597  3     180.     4     0.       0
 H                    8     1.46597  4     180.     3     0.       0
 H                    7     1.46597  6     180.     3     0.       0
 
                          Input orientation:                          
 ---------------------------------------------------------------------
 Center     Atomic      Atomic             Coordinates (Angstroms)
 Number     Number       Type             X           Y           Z
 ---------------------------------------------------------------------
      1          1           0        0.000000    0.000000    0.000000
      2          1           0        0.000000    0.000000    1.465975
      3          1           0        0.787668    0.000000   -1.236390
      4          1           0        0.787668    0.000000    0.229584
      5          1           0        0.000000    0.000000    2.931949
      6          1           0        0.787668    0.000000    1.695559
      7          1           0        1.575335    0.000000    0.459168
      8          1           0        1.575335    0.000000   -1.006806
      9          1           0        1.575335    0.000000   -2.472781
     10          1           0        2.363003    0.000000   -3.709171
     11          1           0        2.363003    0.000000   -2.243197
     12          1           0        2.363003    0.000000   -0.777222
 ---------------------------------------------------------------------
                    Distance matrix (angstroms):
                    1          2          3          4          5
     1  H    0.000000
     2  H    1.465975   0.000000
     3  H    1.465975   2.814817   0.000000
     4  H    0.820444   1.465975   1.465975   0.000000
     5  H    2.931949   1.465975   4.242107   2.814817   0.000000
     6  H    1.869583   0.820444   2.931949   1.465975   1.465975
     7  H    1.640889   1.869583   1.869583   0.820444   2.931949
     8  H    1.869583   2.931949   0.820444   1.465975   4.242107
     9  H    2.931949   4.242107   1.465975   2.814817   5.629634
    10  H    4.397924   5.689105   2.931949   4.242107   7.048990
    11  H    3.258176   4.397924   1.869583   2.931949   5.689105
    12  H    2.487540   3.258176   1.640889   1.869583   4.397924
                    6          7          8          9         10
     6  H    0.000000
     7  H    1.465975   0.000000
     8  H    2.814817   1.465975   0.000000
     9  H    4.242107   2.931949   1.465975   0.000000
    10  H    5.629634   4.242107   2.814817   1.465975   0.000000
    11  H    4.242107   2.814817   1.465975   0.820444   1.465975
    12  H    2.931949   1.465975   0.820444   1.869583   2.931949
                   11         12
    11  H    0.000000
    12  H    1.465975   0.000000
 Stoichiometry    H12
 Framework group  C2H[SGH(H12)]
 Deg. of freedom    11
 Full point group                 C2H     NOp   4
 Largest Abelian subgroup         C2H     NOp   4
 Largest concise Abelian subgroup C2      NOp   2
                         Standard orientation:                         
 ---------------------------------------------------------------------
 Center     Atomic      Atomic             Coordinates (Angstroms)
 Number     Number       Type             X           Y           Z
 ---------------------------------------------------------------------
      1          1           0        0.787668    0.962571   -0.000000
      2          1           0        0.000000    2.198962   -0.000000
      3          1           0        0.787668   -0.503403   -0.000000
      4          1           0        0.000000    0.732987   -0.000000
      5          1           0       -0.787668    3.435352   -0.000000
      6          1           0       -0.787668    1.969378   -0.000000
      7          1           0       -0.787668    0.503403   -0.000000
      8          1           0       -0.000000   -0.732987   -0.000000
      9          1           0        0.787668   -1.969378    0.000000
     10          1           0        0.787668   -3.435352   -0.000000
     11          1           0       -0.000000   -2.198962   -0.000000
     12          1           0       -0.787668   -0.962571   -0.000000
 ---------------------------------------------------------------------
 Rotational constants (GHZ):    144.0008704     10.9138763     10.1449844
 General basis read from cards:  (5D, 7F)
 There are     6 symmetry adapted cartesian basis functions of AG  symmetry.
 There are     0 symmetry adapted cartesian basis functions of BG  symmetry.
 There are     0 symmetry adapted cartesian basis functions of AU  symmetry.
 There are     6 symmetry adapted cartesian basis functions of BU  symmetry.
 There are     6 symmetry adapted basis functions of AG  symmetry.
 There are     0 symmetry adapted basis functions of BG  symmetry.
 There are     0 symmetry adapted basis functions of AU  symmetry.
 There are     6 symmetry adapted basis functions of BU  symmetry.
    12 basis functions,   120 primitive gaussians,    12 cartesian basis functions
     6 alpha electrons        6 beta electrons
       nuclear repulsion energy        17.7864692303 Hartrees.
 NAtoms=   12 NActive=   12 NUniq=    6 SFac= 4.00D+00 NAtFMM=   60 NAOKFM=F Big=F
 Integral buffers will be    131072 words long.
 Regular integral format.
 Two-electron integral symmetry is turned on.
 One-electron integrals computed using PRISM.
 NBasis=    12 RedAO= T EigKep=  1.23D-01  NBF=     6     0     0     6
 NBsUse=    12 1.00D-06 EigRej= -1.00D+00 NBFU=     6     0     0     6
 Initial guess from the checkpoint file:  "h12.chk"
 B after Tr=    -0.000000    0.000000   -0.000000
         Rot=    0.990119    0.000000    0.000000    0.140232 Ang=  16.12 deg.
 Initial guess orbital symmetries:
       Occupied  (AG) (BU) (BU) (AG) (AG) (AG)
       Virtual   (BU) (BU) (BU) (AG) (AG) (BU)
 Keep R1 ints in memory in symmetry-blocked form, NReq=898772.
 Requested convergence on RMS density matrix=1.00D-08 within 128 cycles.
 Requested convergence on MAX density matrix=1.00D-06.
 Requested convergence on             energy=1.00D-06.
 No special actions if energy rises.
 SCF Done:  E(RHF) =  -5.37476108105     A.U. after   18 cycles
            NFock= 18  Conv=0.23D-08     -V/T= 1.7767
 Range of M.O.s used for correlation:     1    12
 NBasis=    12 NAE=     6 NBE=     6 NFC=     0 NFV=     0
 NROrb=     12 NOA=     6 NOB=     6 NVA=     6 NVB=     6

 **** Warning!!: The smallest alpha delta epsilon is -0.96259621D-01

 Semi-Direct transformation.
 ModeAB=           4 MOrb=             6 LenV=     134088987
 LASXX=         2181 LTotXX=        2181 LenRXX=        5115
 LTotAB=        2934 MaxLAS=        3024 LenRXY=           0
 NonZer=        7296 LenScr=      655360 LnRSAI=        3024
 LnScr1=      655360 LExtra=           0 Total=      1318859
 MaxDsk=          -1 SrtSym=           T ITran=            3
 JobTyp=0 Pass  1:  I=   1 to   6.
 (rs|ai) integrals will be sorted in core.
 Spin components of T(2) and E(2):
     alpha-alpha T2 =       0.5775215239D-01 E2=     -0.1570532995D-01
     alpha-beta  T2 =       0.8714588671D+02 E2=     -0.1094905555D+01
     beta-beta   T2 =       0.5775215239D-01 E2=     -0.1570532995D-01
 ANorm=    0.9394753377D+01
 E2 =    -0.1126316215D+01 EUMP2 =    -0.65010772957083D+01
 Second order stability test of a single determinant RHF wave function:
 Stabil:  MDV=134217728
 ***********************************************************************
 Matrix         Lowest Root    Major Pairs
 ***********************************************************************
 Internal RHF    -0.2587954    6A=7A
 RRHF --> CRHF   -0.2681932    6A=7A
 RRHF --> RUHF   -0.4998106    6A=8B 6A=7B
 Not stable.
 ***********************************************************************

 **********************************************************************

            Population analysis using the SCF density.

 **********************************************************************

 Orbital symmetries:
       Occupied  (AG) (BU) (AG) (BU) (AG) (AG)
       Virtual   (BU) (BU) (BU) (AG) (AG) (BU)
 The electronic state is 1-AG.
 Alpha  occ. eigenvalues --   -0.91483  -0.78166  -0.60387  -0.51727  -0.27257
 Alpha  occ. eigenvalues --   -0.11903
 Alpha virt. eigenvalues --   -0.21529  -0.01505   0.38261   0.43497   0.53845
 Alpha virt. eigenvalues --    0.74522
          Condensed to atoms (all electrons):
               1          2          3          4          5          6
     1  H    1.316468   0.032907  -0.372166   0.417540  -0.004518  -0.149103
     2  H    0.032907   0.717471  -0.028326  -0.091750  -0.078198   0.438209
     3  H   -0.372166  -0.028326   0.920113  -0.028760   0.000734   0.012293
     4  H    0.417540  -0.091750  -0.028760   0.979217  -0.006042  -0.129611
     5  H   -0.004518  -0.078198   0.000734  -0.006042   1.308298  -0.089282
     6  H   -0.149103   0.438209   0.012293  -0.129611  -0.089282   0.923879
     7  H   -0.230921  -0.089025   0.201955   0.212502   0.002190   0.074799
     8  H   -0.070256  -0.000503   0.212502  -0.101176   0.001722  -0.000887
     9  H   -0.015354   0.000627   0.074799  -0.000887  -0.000362   0.002421
    10  H    0.001119  -0.000275   0.002190   0.001722   0.000074  -0.000362
    11  H    0.014560   0.001717  -0.089025  -0.000503  -0.000275   0.000627
    12  H    0.081836   0.014560  -0.230921  -0.070256   0.001119  -0.015354
               7          8          9         10         11         12
     1  H   -0.230921  -0.070256  -0.015354   0.001119   0.014560   0.081836
     2  H   -0.089025  -0.000503   0.000627  -0.000275   0.001717   0.014560
     3  H    0.201955   0.212502   0.074799   0.002190  -0.089025  -0.230921
     4  H    0.212502  -0.101176  -0.000887   0.001722  -0.000503  -0.070256
     5  H    0.002190   0.001722  -0.000362   0.000074  -0.000275   0.001119
     6  H    0.074799  -0.000887   0.002421  -0.000362   0.000627  -0.015354
     7  H    0.920113  -0.028760   0.012293   0.000734  -0.028326  -0.372166
     8  H   -0.028760   0.979217  -0.129611  -0.006042  -0.091750   0.417540
     9  H    0.012293  -0.129611   0.923879  -0.089282   0.438209  -0.149103
    10  H    0.000734  -0.006042  -0.089282   1.308298  -0.078198  -0.004518
    11  H   -0.028326  -0.091750   0.438209  -0.078198   0.717471   0.032907
    12  H   -0.372166   0.417540  -0.149103  -0.004518   0.032907   1.316468
 Mulliken charges:
               1
     1  H   -0.022112
     2  H    0.082587
     3  H    0.324611
     4  H   -0.181996
     5  H   -0.135459
     6  H   -0.067630
     7  H    0.324611
     8  H   -0.181996
     9  H   -0.067630
    10  H   -0.135459
    11  H    0.082587
    12  H   -0.022112
 Sum of Mulliken charges =   0.00000
 Mulliken charges with hydrogens summed into heavy atoms:
               1
 Electronic spatial extent (au):  <R**2>=            225.5918
 Charge=              0.0000 electrons
 Dipole moment (field-independent basis, Debye):
    X=             -0.0000    Y=             -0.0000    Z=              0.0000  Tot=              0.0000
 Quadrupole moment (field-independent basis, Debye-Ang):
   XX=            -14.7676   YY=            -36.4223   ZZ=            -14.8219
   XY=              4.2065   XZ=             -0.0000   YZ=              0.0000
 Traceless Quadrupole moment (field-independent basis, Debye-Ang):
   XX=              7.2363   YY=            -14.4183   ZZ=              7.1820
   XY=              4.2065   XZ=             -0.0000   YZ=              0.0000
 Octapole moment (field-independent basis, Debye-Ang**2):
  XXX=              0.0000  YYY=              0.0000  ZZZ=              0.0000  XYY=              0.0000
  XXY=             -0.0000  XXZ=              0.0000  XZZ=              0.0000  YZZ=             -0.0000
  YYZ=              0.0000  XYZ=             -0.0000
 Hexadecapole moment (field-independent basis, Debye-Ang**3):
 XXXX=            -54.0932 YYYY=           -661.6432 ZZZZ=            -17.3633 XXXY=             36.5008
 XXXZ=             -0.0000 YYYX=            102.3741 YYYZ=              0.0000 ZZZX=             -0.0000
 ZZZY=              0.0000 XXYY=            -92.8319 XXZZ=            -12.0151 YYZZ=            -69.3255
 XXYZ=              0.0000 YYXZ=             -0.0000 ZZXY=             11.4369
 N-N= 1.778646923034D+01 E-N=-4.682416954785D+01  KE= 6.920153234243D+00
 Symmetry AG   KE= 4.771676147564D+00
 Symmetry BG   KE= 0.000000000000D+00
 Symmetry AU   KE= 0.000000000000D+00
 Symmetry BU   KE= 2.148477086679D+00

 Test job not archived.
 1\1\GINC-SULU\Stability\RHF\Gen\H12\LCJ1\17-Feb-2017\0\\#rhf/gen scf(s
 ymm,tight,novaracc,noincfock,fulldiag) stable(crhf) guess=read geom=no
 crowd test\\hf stability analysis of h12 triangular lattice, y= 0.4102
 2221076315113\\0,1\H\H,1,1.4659745026\H,1,1.4659745026,2,147.5\H,2,1.4
 659745026,1,32.5,3,0.,0\H,2,1.4659745026,1,180.,3,0.,0\H,4,1.465974502
 6,3,180.,5,0.,0\H,6,1.4659745026,5,180.,3,0.,0\H,4,1.4659745026,2,180.
 ,3,0.,0\H,3,1.4659745026,1,180.,4,0.,0\H,9,1.4659745026,3,180.,4,0.,0\
 H,8,1.4659745026,4,180.,3,0.,0\H,7,1.4659745026,6,180.,3,0.,0\\Version
 =ES64L-G09RevE.01\State=1-AG\HF=-5.3747611\MP2=-6.5010773\RMSD=2.285e-
 09\Dipole=0.,0.,0.\Quadrupole=3.5666237,5.3396545,-8.9062782,0.,5.9739
 301,0.\PG=C02H [SGH(H12)]\\@


 YE HAVE SOWN MUCH, AND BRING IN LITTLE.
 YE EAT, BUT YE HAVE NOT ENOUGH.
 YE DRINK, BUT YE ARE NOT FILLED WITH DRINK.
 YE CLOTHE YOU, BUT THERE IS NONE WARM.
 AND HE THAT EARNETH WAGES EARNETH WAGES TO PUT
 IT INTO A BAG WITH HOLES.
                                     HAGGAI I,6
 Job cpu time:       0 days  0 hours  0 minutes  1.0 seconds.
 File lengths (MBytes):  RWF=     84 Int=      0 D2E=      0 Chk=      2 Scr=      2
 Normal termination of Gaussian 09 at Fri Feb 17 14:56:09 2017.
