 Entering Gaussian System, Link 0=g09
 AtFile(1): H.gbs
            H     0
            S   10   1.00
               1000.000000000000            0.000068713567
                316.227766000000            0.000169141320
                100.000000000000            0.000823394812
                 31.622776600000            0.003425569236
                 10.000000000000            0.013951996000
                  3.162277660000            0.056909313560
                  1.000000000000            0.198286399900
                  0.316227766000            0.496922426700
                  0.100000000000            0.369846276400
                  0.031622776600            0.003752720039
            ****
 Initial command:
 /projects/guscus/apps/gau/g09-e1/g09/l1.exe "/users/lcj1/gaussian/h12/rhfstability/rect/guess/ag4bu2/Gau-29774.inp" -scrdir="/users/lcj1/gaussian/h12/rhfstability/rect/guess/ag4bu2/"
 Entering Link 1 = /projects/guscus/apps/gau/g09-e1/g09/l1.exe PID=     29775.
  
 Copyright (c) 1988,1990,1992,1993,1995,1998,2003,2009,2015,
            Gaussian, Inc.  All Rights Reserved.
  
 This is part of the Gaussian(R) 09 program.  It is based on
 the Gaussian(R) 03 system (copyright 2003, Gaussian, Inc.),
 the Gaussian(R) 98 system (copyright 1998, Gaussian, Inc.),
 the Gaussian(R) 94 system (copyright 1995, Gaussian, Inc.),
 the Gaussian 92(TM) system (copyright 1992, Gaussian, Inc.),
 the Gaussian 90(TM) system (copyright 1990, Gaussian, Inc.),
 the Gaussian 88(TM) system (copyright 1988, Gaussian, Inc.),
 the Gaussian 86(TM) system (copyright 1986, Carnegie Mellon
 University), and the Gaussian 82(TM) system (copyright 1983,
 Carnegie Mellon University). Gaussian is a federally registered
 trademark of Gaussian, Inc.
  
 This software contains proprietary and confidential information,
 including trade secrets, belonging to Gaussian, Inc.
  
 This software is provided under written license and may be
 used, copied, transmitted, or stored only in accord with that
 written license.
  
 The following legend is applicable only to US Government
 contracts under FAR:
  
                    RESTRICTED RIGHTS LEGEND
  
 Use, reproduction and disclosure by the US Government is
 subject to restrictions as set forth in subparagraphs (a)
 and (c) of the Commercial Computer Software - Restricted
 Rights clause in FAR 52.227-19.
  
 Gaussian, Inc.
 340 Quinnipiac St., Bldg. 40, Wallingford CT 06492
  
  
 ---------------------------------------------------------------
 Warning -- This program may not be used in any manner that
 competes with the business of Gaussian, Inc. or will provide
 assistance to any competitor of Gaussian, Inc.  The licensee
 of this program is prohibited from giving any competitor of
 Gaussian, Inc. access to this program.  By using this program,
 the user acknowledges that Gaussian, Inc. is engaged in the
 business of creating and licensing software in the field of
 computational chemistry and represents and warrants to the
 licensee that it is not a competitor of Gaussian, Inc. and that
 it will not use this program in any manner prohibited above.
 ---------------------------------------------------------------
  

 Cite this work as:
 Gaussian 09, Revision E.01,
 M. J. Frisch, G. W. Trucks, H. B. Schlegel, G. E. Scuseria, 
 M. A. Robb, J. R. Cheeseman, G. Scalmani, V. Barone, B. Mennucci, 
 G. A. Petersson, H. Nakatsuji, M. Caricato, X. Li, H. P. Hratchian, 
 A. F. Izmaylov, J. Bloino, G. Zheng, J. L. Sonnenberg, M. Hada, 
 M. Ehara, K. Toyota, R. Fukuda, J. Hasegawa, M. Ishida, T. Nakajima, 
 Y. Honda, O. Kitao, H. Nakai, T. Vreven, J. A. Montgomery, Jr., 
 J. E. Peralta, F. Ogliaro, M. Bearpark, J. J. Heyd, E. Brothers, 
 K. N. Kudin, V. N. Staroverov, T. Keith, R. Kobayashi, J. Normand, 
 K. Raghavachari, A. Rendell, J. C. Burant, S. S. Iyengar, J. Tomasi, 
 M. Cossi, N. Rega, J. M. Millam, M. Klene, J. E. Knox, J. B. Cross, 
 V. Bakken, C. Adamo, J. Jaramillo, R. Gomperts, R. E. Stratmann, 
 O. Yazyev, A. J. Austin, R. Cammi, C. Pomelli, J. W. Ochterski, 
 R. L. Martin, K. Morokuma, V. G. Zakrzewski, G. A. Voth, 
 P. Salvador, J. J. Dannenberg, S. Dapprich, A. D. Daniels, 
 O. Farkas, J. B. Foresman, J. V. Ortiz, J. Cioslowski, 
 and D. J. Fox, Gaussian, Inc., Wallingford CT, 2013.
 
 ******************************************
 Gaussian 09:  ES64L-G09RevE.01 30-Nov-2015
                17-Feb-2017 
 ******************************************
 %chk=h12.chk
 ----------------------------------------------------------------------
 #rhf/gen scf(symm,tight,novaracc,noincfock,fulldiag) stable(crhf) gues
 s=read geom=nocrowd test
 ----------------------------------------------------------------------
 1/38=1/1;
 2/12=1,17=6,18=5,40=1/2;
 3/5=7,16=1,25=1,30=1,116=1/1,2,3;
 4/5=1,9=4/1;
 5/5=100002,15=2,16=1,32=2,38=6/2;
 8/6=1,10=90,11=11/1,4;
 9/8=4,13=1/2;
 6/7=2,8=2,9=2,10=2,28=1/1;
 99/5=1,9=1/99;
 ----------------------------------------------------------------------
 hf stability analysis of h12 triangular lattice, y= 0.7732164846609803
 6
 ----------------------------------------------------------------------
 Symbolic Z-matrix:
 Charge =  0 Multiplicity = 1
 H
 H                    1     1.0749 
 H                    1     1.0749   2     88. 
 H                    2     1.0749   1     92.      3     0.       0
 H                    2     1.0749   1     180.     3     0.       0
 H                    4     1.0749   3     180.     5     0.       0
 H                    6     1.0749   5     180.     3     0.       0
 H                    4     1.0749   2     180.     3     0.       0
 H                    3     1.0749   1     180.     4     0.       0
 H                    9     1.0749   3     180.     4     0.       0
 H                    8     1.0749   4     180.     3     0.       0
 H                    7     1.0749   6     180.     3     0.       0
 
                          Input orientation:                          
 ---------------------------------------------------------------------
 Center     Atomic      Atomic             Coordinates (Angstroms)
 Number     Number       Type             X           Y           Z
 ---------------------------------------------------------------------
      1          1           0        0.000000    0.000000    0.000000
      2          1           0        0.000000    0.000000    1.074897
      3          1           0        1.074243    0.000000    0.037513
      4          1           0        1.074243    0.000000    1.112411
      5          1           0        0.000000    0.000000    2.149795
      6          1           0        1.074243    0.000000    2.187308
      7          1           0        2.148485    0.000000    2.224822
      8          1           0        2.148485    0.000000    1.149924
      9          1           0        2.148485    0.000000    0.075027
     10          1           0        3.222728    0.000000    0.112540
     11          1           0        3.222728    0.000000    1.187438
     12          1           0        3.222728    0.000000    2.262335
 ---------------------------------------------------------------------
                    Distance matrix (angstroms):
                    1          2          3          4          5
     1  H    0.000000
     2  H    1.074897   0.000000
     3  H    1.074897   1.493373   0.000000
     4  H    1.546433   1.074897   1.074897   0.000000
     5  H    2.149795   1.074897   2.369753   1.493373   0.000000
     6  H    2.436866   1.546433   2.149795   1.074897   1.074897
     7  H    3.092866   2.436866   2.436866   1.546433   2.149795
     8  H    2.436866   2.149795   1.546433   1.074897   2.369753
     9  H    2.149795   2.369753   1.074897   1.493373   2.986746
    10  H    3.224692   3.363347   2.149795   2.369753   3.812661
    11  H    3.434528   3.224692   2.436866   2.149795   3.363347
    12  H    3.937529   3.434528   3.092866   2.436866   3.224692
                    6          7          8          9         10
     6  H    0.000000
     7  H    1.074897   0.000000
     8  H    1.493373   1.074897   0.000000
     9  H    2.369753   2.149795   1.074897   0.000000
    10  H    2.986746   2.369753   1.493373   1.074897   0.000000
    11  H    2.369753   1.493373   1.074897   1.546433   1.074897
    12  H    2.149795   1.074897   1.546433   2.436866   2.149795
                   11         12
    11  H    0.000000
    12  H    1.074897   0.000000
 Stoichiometry    H12
 Framework group  C2H[SGH(H12)]
 Deg. of freedom    11
 Full point group                 C2H     NOp   4
 Largest Abelian subgroup         C2H     NOp   4
 Largest concise Abelian subgroup C2      NOp   2
                         Standard orientation:                         
 ---------------------------------------------------------------------
 Center     Atomic      Atomic             Coordinates (Angstroms)
 Number     Number       Type             X           Y           Z
 ---------------------------------------------------------------------
      1          1           0        1.074243    1.649859   -0.000000
      2          1           0        0.000000    1.612346   -0.000000
      3          1           0        1.074243    0.574962   -0.000000
      4          1           0        0.000000    0.537449   -0.000000
      5          1           0       -1.074243    1.574833   -0.000000
      6          1           0       -1.074243    0.499935   -0.000000
      7          1           0       -1.074243   -0.574962   -0.000000
      8          1           0       -0.000000   -0.537449   -0.000000
      9          1           0        1.074243   -0.499935    0.000000
     10          1           0        1.074243   -1.574833    0.000000
     11          1           0       -0.000000   -1.612346   -0.000000
     12          1           0       -1.074243   -1.649859   -0.000000
 ---------------------------------------------------------------------
 Rotational constants (GHZ):     54.3925792     28.8937871     18.8699264
 General basis read from cards:  (5D, 7F)
 There are     6 symmetry adapted cartesian basis functions of AG  symmetry.
 There are     0 symmetry adapted cartesian basis functions of BG  symmetry.
 There are     0 symmetry adapted cartesian basis functions of AU  symmetry.
 There are     6 symmetry adapted cartesian basis functions of BU  symmetry.
 There are     6 symmetry adapted basis functions of AG  symmetry.
 There are     0 symmetry adapted basis functions of BG  symmetry.
 There are     0 symmetry adapted basis functions of AU  symmetry.
 There are     6 symmetry adapted basis functions of BU  symmetry.
    12 basis functions,   120 primitive gaussians,    12 cartesian basis functions
     6 alpha electrons        6 beta electrons
       nuclear repulsion energy        20.1780390564 Hartrees.
 NAtoms=   12 NActive=   12 NUniq=    6 SFac= 4.00D+00 NAtFMM=   60 NAOKFM=F Big=F
 Integral buffers will be    131072 words long.
 Regular integral format.
 Two-electron integral symmetry is turned on.
 One-electron integrals computed using PRISM.
 NBasis=    12 RedAO= T EigKep=  1.08D-01  NBF=     6     0     0     6
 NBsUse=    12 1.00D-06 EigRej= -1.00D+00 NBFU=     6     0     0     6
 Initial guess from the checkpoint file:  "h12.chk"
 B after Tr=    -0.000000   -0.000000   -0.000000
         Rot=    0.999339   -0.000000   -0.000000   -0.036363 Ang=  -4.17 deg.
 Initial guess orbital symmetries:
       Occupied  (AG) (BU) (BU) (AG) (AG) (AG)
       Virtual   (BU) (BU) (BU) (AG) (AG) (BU)
 Keep R1 ints in memory in symmetry-blocked form, NReq=903742.
 Requested convergence on RMS density matrix=1.00D-08 within 128 cycles.
 Requested convergence on MAX density matrix=1.00D-06.
 Requested convergence on             energy=1.00D-06.
 No special actions if energy rises.
 SCF Done:  E(RHF) =  -5.85694841695     A.U. after    8 cycles
            NFock=  8  Conv=0.72D-08     -V/T= 1.9142
 Range of M.O.s used for correlation:     1    12
 NBasis=    12 NAE=     6 NBE=     6 NFC=     0 NFV=     0
 NROrb=     12 NOA=     6 NOB=     6 NVA=     6 NVB=     6
 Semi-Direct transformation.
 ModeAB=           4 MOrb=             6 LenV=     134084409
 LASXX=         2181 LTotXX=        2181 LenRXX=        5115
 LTotAB=        2934 MaxLAS=        3024 LenRXY=           0
 NonZer=        7296 LenScr=      655360 LnRSAI=        3024
 LnScr1=      655360 LExtra=           0 Total=      1318859
 MaxDsk=          -1 SrtSym=           T ITran=            3
 JobTyp=0 Pass  1:  I=   1 to   6.
 (rs|ai) integrals will be sorted in core.
 Spin components of T(2) and E(2):
     alpha-alpha T2 =       0.1110647502D-01 E2=     -0.1373607050D-01
     alpha-beta  T2 =       0.7892579671D-01 E2=     -0.1104405579D+00
     beta-beta   T2 =       0.1110647502D-01 E2=     -0.1373607050D-01
 ANorm=    0.1049351584D+01
 E2 =    -0.1379126989D+00 EUMP2 =    -0.59948611158632D+01
 Second order stability test of a single determinant RHF wave function:
 Stabil:  MDV=134217728
 ***********************************************************************
 Matrix         Lowest Root    Major Pairs
 ***********************************************************************
 Internal RHF     0.0826659    Stable
 RRHF --> CRHF    0.0585181    Stable

 RRHF --> RUHF   -0.0695466    6A=8B 5A=7B 4A=9B 4A=7B 5A=9B 6A=7B 3A=10B 6A=9B 2
 A=11B 1A=12B
 Not stable.
 ***********************************************************************

 **********************************************************************

            Population analysis using the SCF density.

 **********************************************************************

 Orbital symmetries:
       Occupied  (AG) (BU) (BU) (AG) (AG) (AG)
       Virtual   (BU) (BU) (BU) (AG) (AG) (BU)
 The electronic state is 1-AG.
 Alpha  occ. eigenvalues --   -0.93768  -0.75469  -0.66488  -0.46426  -0.44720
 Alpha  occ. eigenvalues --   -0.27048
 Alpha virt. eigenvalues --    0.06164   0.18382   0.18854   0.52455   0.56939
 Alpha virt. eigenvalues --    1.00609
          Condensed to atoms (all electrons):
               1          2          3          4          5          6
     1  H    0.698331   0.147380   0.306580  -0.128397  -0.019804  -0.028291
     2  H    0.147380   0.963494  -0.143369   0.186090   0.149399  -0.138956
     3  H    0.306580  -0.143369   0.956396  -0.215650  -0.032901   0.023192
     4  H   -0.128397   0.186090  -0.215650   1.373064  -0.146320  -0.222135
     5  H   -0.019804   0.149399  -0.032901  -0.146320   0.748223   0.313449
     6  H   -0.028291  -0.138956   0.023192  -0.222135   0.313449   0.960522
     7  H    0.010067  -0.067448   0.055834  -0.172237  -0.010326   0.303319
     8  H   -0.062670   0.010040  -0.172237   0.693632  -0.072996  -0.189397
     9  H   -0.008949  -0.075539   0.303319  -0.189397   0.011787   0.061310
    10  H   -0.003308   0.001318  -0.010326  -0.072996   0.008426   0.011787
    11  H    0.001289   0.023963  -0.067448   0.010040   0.001318  -0.075539
    12  H    0.006373   0.001289   0.010067  -0.062670  -0.003308  -0.008949
               7          8          9         10         11         12
     1  H    0.010067  -0.062670  -0.008949  -0.003308   0.001289   0.006373
     2  H   -0.067448   0.010040  -0.075539   0.001318   0.023963   0.001289
     3  H    0.055834  -0.172237   0.303319  -0.010326  -0.067448   0.010067
     4  H   -0.172237   0.693632  -0.189397  -0.072996   0.010040  -0.062670
     5  H   -0.010326  -0.072996   0.011787   0.008426   0.001318  -0.003308
     6  H    0.303319  -0.189397   0.061310   0.011787  -0.075539  -0.008949
     7  H    0.956396  -0.215650   0.023192  -0.032901  -0.143369   0.306580
     8  H   -0.215650   1.373064  -0.222135  -0.146320   0.186090  -0.128397
     9  H    0.023192  -0.222135   0.960522   0.313449  -0.138956  -0.028291
    10  H   -0.032901  -0.146320   0.313449   0.748223   0.149399  -0.019804
    11  H   -0.143369   0.186090  -0.138956   0.149399   0.963494   0.147380
    12  H    0.306580  -0.128397  -0.028291  -0.019804   0.147380   0.698331
 Mulliken charges:
               1
     1  H    0.081400
     2  H   -0.057659
     3  H   -0.013457
     4  H   -0.053025
     5  H    0.053052
     6  H   -0.010311
     7  H   -0.013457
     8  H   -0.053025
     9  H   -0.010311
    10  H    0.053052
    11  H   -0.057659
    12  H    0.081400
 Sum of Mulliken charges =  -0.00000
 Mulliken charges with hydrogens summed into heavy atoms:
               1
 Electronic spatial extent (au):  <R**2>=            131.7693
 Charge=             -0.0000 electrons
 Dipole moment (field-independent basis, Debye):
    X=              0.0000    Y=             -0.0000    Z=             -0.0000  Tot=              0.0000
 Quadrupole moment (field-independent basis, Debye-Ang):
   XX=            -19.3490   YY=            -15.0464   ZZ=            -15.1971
   XY=              0.6040   XZ=             -0.0000   YZ=              0.0000
 Traceless Quadrupole moment (field-independent basis, Debye-Ang):
   XX=             -2.8182   YY=              1.4844   ZZ=              1.3337
   XY=              0.6040   XZ=             -0.0000   YZ=              0.0000
 Octapole moment (field-independent basis, Debye-Ang**2):
  XXX=              0.0000  YYY=             -0.0000  ZZZ=              0.0000  XYY=             -0.0000
  XXY=              0.0000  XXZ=              0.0000  XZZ=              0.0000  YZZ=              0.0000
  YYZ=              0.0000  XYZ=             -0.0000
 Hexadecapole moment (field-independent basis, Debye-Ang**3):
 XXXX=           -111.6430 YYYY=           -157.7844 ZZZZ=            -18.0265 XXXY=             -0.2131
 XXXZ=             -0.0000 YYYX=              1.3307 YYYZ=              0.0000 ZZZX=             -0.0000
 ZZZY=              0.0000 XXYY=            -41.8952 XXZZ=            -19.9286 YYZZ=            -29.2180
 XXYZ=              0.0000 YYXZ=             -0.0000 ZZXY=             -0.2823
 N-N= 2.017803905642D+01 E-N=-5.139842758089D+01  KE= 6.406849555972D+00
 Symmetry AG   KE= 4.855901110032D+00
 Symmetry BG   KE= 0.000000000000D+00
 Symmetry AU   KE= 0.000000000000D+00
 Symmetry BU   KE= 1.550948445940D+00

 Test job not archived.
 1\1\GINC-SULU\Stability\RHF\Gen\H12\LCJ1\17-Feb-2017\0\\#rhf/gen scf(s
 ymm,tight,novaracc,noincfock,fulldiag) stable(crhf) guess=read geom=no
 crowd test\\hf stability analysis of h12 triangular lattice, y= 0.7732
 1648466098036\\0,1\H\H,1,1.0748973818\H,1,1.0748973818,2,88.\H,2,1.074
 8973818,1,92.,3,0.,0\H,2,1.0748973818,1,180.,3,0.,0\H,4,1.0748973818,3
 ,180.,5,0.,0\H,6,1.0748973818,5,180.,3,0.,0\H,4,1.0748973818,2,180.,3,
 0.,0\H,3,1.0748973818,1,180.,4,0.,0\H,9,1.0748973818,3,180.,4,0.,0\H,8
 ,1.0748973818,4,180.,3,0.,0\H,7,1.0748973818,6,180.,3,0.,0\\Version=ES
 64L-G09RevE.01\State=1-AG\HF=-5.8569484\MP2=-5.9948611\RMSD=7.174e-09\
 Dipole=0.,0.,0.\Quadrupole=1.0684057,0.9915987,-2.0600044,0.,0.5595568
 ,0.\PG=C02H [SGH(H12)]\\@


 ALL SCIENCE IS EITHER PHYSICS, OR STAMP COLLECTING.
   --ERNEST RUTHERFORD, 1871-1937.
 Job cpu time:       0 days  0 hours  0 minutes  1.1 seconds.
 File lengths (MBytes):  RWF=     84 Int=      0 D2E=      0 Chk=      2 Scr=      2
 Normal termination of Gaussian 09 at Fri Feb 17 15:02:23 2017.
