 Entering Gaussian System, Link 0=g09
 AtFile(1): H.gbs
            H     0
            S   10   1.00
               1000.000000000000            0.000068713567
                316.227766000000            0.000169141320
                100.000000000000            0.000823394812
                 31.622776600000            0.003425569236
                 10.000000000000            0.013951996000
                  3.162277660000            0.056909313560
                  1.000000000000            0.198286399900
                  0.316227766000            0.496922426700
                  0.100000000000            0.369846276400
                  0.031622776600            0.003752720039
            ****
 Initial command:
 /projects/guscus/apps/gau/g09-e1/g09/l1.exe "/users/lcj1/gaussian/h12/rhfstability/rect/guess/ag4bu2/Gau-10352.inp" -scrdir="/users/lcj1/gaussian/h12/rhfstability/rect/guess/ag4bu2/"
 Entering Link 1 = /projects/guscus/apps/gau/g09-e1/g09/l1.exe PID=     10353.
  
 Copyright (c) 1988,1990,1992,1993,1995,1998,2003,2009,2015,
            Gaussian, Inc.  All Rights Reserved.
  
 This is part of the Gaussian(R) 09 program.  It is based on
 the Gaussian(R) 03 system (copyright 2003, Gaussian, Inc.),
 the Gaussian(R) 98 system (copyright 1998, Gaussian, Inc.),
 the Gaussian(R) 94 system (copyright 1995, Gaussian, Inc.),
 the Gaussian 92(TM) system (copyright 1992, Gaussian, Inc.),
 the Gaussian 90(TM) system (copyright 1990, Gaussian, Inc.),
 the Gaussian 88(TM) system (copyright 1988, Gaussian, Inc.),
 the Gaussian 86(TM) system (copyright 1986, Carnegie Mellon
 University), and the Gaussian 82(TM) system (copyright 1983,
 Carnegie Mellon University). Gaussian is a federally registered
 trademark of Gaussian, Inc.
  
 This software contains proprietary and confidential information,
 including trade secrets, belonging to Gaussian, Inc.
  
 This software is provided under written license and may be
 used, copied, transmitted, or stored only in accord with that
 written license.
  
 The following legend is applicable only to US Government
 contracts under FAR:
  
                    RESTRICTED RIGHTS LEGEND
  
 Use, reproduction and disclosure by the US Government is
 subject to restrictions as set forth in subparagraphs (a)
 and (c) of the Commercial Computer Software - Restricted
 Rights clause in FAR 52.227-19.
  
 Gaussian, Inc.
 340 Quinnipiac St., Bldg. 40, Wallingford CT 06492
  
  
 ---------------------------------------------------------------
 Warning -- This program may not be used in any manner that
 competes with the business of Gaussian, Inc. or will provide
 assistance to any competitor of Gaussian, Inc.  The licensee
 of this program is prohibited from giving any competitor of
 Gaussian, Inc. access to this program.  By using this program,
 the user acknowledges that Gaussian, Inc. is engaged in the
 business of creating and licensing software in the field of
 computational chemistry and represents and warrants to the
 licensee that it is not a competitor of Gaussian, Inc. and that
 it will not use this program in any manner prohibited above.
 ---------------------------------------------------------------
  

 Cite this work as:
 Gaussian 09, Revision E.01,
 M. J. Frisch, G. W. Trucks, H. B. Schlegel, G. E. Scuseria, 
 M. A. Robb, J. R. Cheeseman, G. Scalmani, V. Barone, B. Mennucci, 
 G. A. Petersson, H. Nakatsuji, M. Caricato, X. Li, H. P. Hratchian, 
 A. F. Izmaylov, J. Bloino, G. Zheng, J. L. Sonnenberg, M. Hada, 
 M. Ehara, K. Toyota, R. Fukuda, J. Hasegawa, M. Ishida, T. Nakajima, 
 Y. Honda, O. Kitao, H. Nakai, T. Vreven, J. A. Montgomery, Jr., 
 J. E. Peralta, F. Ogliaro, M. Bearpark, J. J. Heyd, E. Brothers, 
 K. N. Kudin, V. N. Staroverov, T. Keith, R. Kobayashi, J. Normand, 
 K. Raghavachari, A. Rendell, J. C. Burant, S. S. Iyengar, J. Tomasi, 
 M. Cossi, N. Rega, J. M. Millam, M. Klene, J. E. Knox, J. B. Cross, 
 V. Bakken, C. Adamo, J. Jaramillo, R. Gomperts, R. E. Stratmann, 
 O. Yazyev, A. J. Austin, R. Cammi, C. Pomelli, J. W. Ochterski, 
 R. L. Martin, K. Morokuma, V. G. Zakrzewski, G. A. Voth, 
 P. Salvador, J. J. Dannenberg, S. Dapprich, A. D. Daniels, 
 O. Farkas, J. B. Foresman, J. V. Ortiz, J. Cioslowski, 
 and D. J. Fox, Gaussian, Inc., Wallingford CT, 2013.
 
 ******************************************
 Gaussian 09:  ES64L-G09RevE.01 30-Nov-2015
                17-Feb-2017 
 ******************************************
 %chk=h12.chk
 ----------------------------------------------------------------------
 #rhf/gen scf(symm,tight,novaracc,noincfock,fulldiag) stable(crhf) gues
 s=read geom=nocrowd test
 ----------------------------------------------------------------------
 1/38=1/1;
 2/12=1,17=6,18=5,40=1/2;
 3/5=7,16=1,25=1,30=1,116=1/1,2,3;
 4/5=1,9=4/1;
 5/5=100002,15=2,16=1,32=2,38=6/2;
 8/6=1,10=90,11=11/1,4;
 9/8=4,13=1/2;
 6/7=2,8=2,9=2,10=2,28=1/1;
 99/5=1,9=1/99;
 ----------------------------------------------------------------------
 hf stability analysis of h12 triangular lattice, y= 0.2564775935039079
 2
 ----------------------------------------------------------------------
 Symbolic Z-matrix:
 Charge =  0 Multiplicity = 1
 H
 H                    1     2.26564 
 H                    1     2.26564  2     167. 
 H                    2     2.26564  1     13.      3     0.       0
 H                    2     2.26564  1     180.     3     0.       0
 H                    4     2.26564  3     180.     5     0.       0
 H                    6     2.26564  5     180.     3     0.       0
 H                    4     2.26564  2     180.     3     0.       0
 H                    3     2.26564  1     180.     4     0.       0
 H                    9     2.26564  3     180.     4     0.       0
 H                    8     2.26564  4     180.     3     0.       0
 H                    7     2.26564  6     180.     3     0.       0
 
                          Input orientation:                          
 ---------------------------------------------------------------------
 Center     Atomic      Atomic             Coordinates (Angstroms)
 Number     Number       Type             X           Y           Z
 ---------------------------------------------------------------------
      1          1           0        0.000000    0.000000    0.000000
      2          1           0        0.000000    0.000000    2.265639
      3          1           0        0.509658    0.000000   -2.207571
      4          1           0        0.509658    0.000000    0.058068
      5          1           0        0.000000    0.000000    4.531277
      6          1           0        0.509658    0.000000    2.323707
      7          1           0        1.019316    0.000000    0.116136
      8          1           0        1.019316    0.000000   -2.149502
      9          1           0        1.019316    0.000000   -4.415141
     10          1           0        1.528973    0.000000   -6.622712
     11          1           0        1.528973    0.000000   -4.357073
     12          1           0        1.528973    0.000000   -2.091434
 ---------------------------------------------------------------------
                    Distance matrix (angstroms):
                    1          2          3          4          5
     1  H    0.000000
     2  H    2.265639   0.000000
     3  H    2.265639   4.502150   0.000000
     4  H    0.512955   2.265639   2.265639   0.000000
     5  H    4.531277   2.265639   6.758093   4.502150   0.000000
     6  H    2.378942   0.512955   4.531277   2.265639   2.265639
     7  H    1.025910   2.378942   2.378942   0.512955   4.531277
     8  H    2.378942   4.531277   0.512955   2.265639   6.758093
     9  H    4.531277   6.758093   2.265639   4.502150   9.004300
    10  H    6.796916   9.018899   4.531277   6.758093  11.258296
    11  H    4.617558   6.796916   2.378942   4.531277   9.018899
    12  H    2.590725   4.617558   1.025910   2.378942   6.796916
                    6          7          8          9         10
     6  H    0.000000
     7  H    2.265639   0.000000
     8  H    4.502150   2.265639   0.000000
     9  H    6.758093   4.531277   2.265639   0.000000
    10  H    9.004300   6.758093   4.502150   2.265639   0.000000
    11  H    6.758093   4.502150   2.265639   0.512955   2.265639
    12  H    4.531277   2.265639   0.512955   2.378942   4.531277
                   11         12
    11  H    0.000000
    12  H    2.265639   0.000000
 Stoichiometry    H12
 Framework group  C2H[SGH(H12)]
 Deg. of freedom    11
 Full point group                 C2H     NOp   4
 Largest Abelian subgroup         C2H     NOp   4
 Largest concise Abelian subgroup C2      NOp   2
                         Standard orientation:                         
 ---------------------------------------------------------------------
 Center     Atomic      Atomic             Coordinates (Angstroms)
 Number     Number       Type             X           Y           Z
 ---------------------------------------------------------------------
      1          1           0        0.509658    1.190888   -0.000000
      2          1           0        0.000000    3.398458   -0.000000
      3          1           0        0.509658   -1.074751   -0.000000
      4          1           0        0.000000    1.132819   -0.000000
      5          1           0       -0.509658    5.606029   -0.000000
      6          1           0       -0.509658    3.340390   -0.000000
      7          1           0       -0.509658    1.074751   -0.000000
      8          1           0       -0.000000   -1.132819   -0.000000
      9          1           0        0.509658   -3.340390    0.000000
     10          1           0        0.509658   -5.606029    0.000000
     11          1           0       -0.000000   -3.398458   -0.000000
     12          1           0       -0.509658   -1.190888   -0.000000
 ---------------------------------------------------------------------
 Rotational constants (GHZ):    365.7193330      4.2973055      4.2473974
 General basis read from cards:  (5D, 7F)
 There are     6 symmetry adapted cartesian basis functions of AG  symmetry.
 There are     0 symmetry adapted cartesian basis functions of BG  symmetry.
 There are     0 symmetry adapted cartesian basis functions of AU  symmetry.
 There are     6 symmetry adapted cartesian basis functions of BU  symmetry.
 There are     6 symmetry adapted basis functions of AG  symmetry.
 There are     0 symmetry adapted basis functions of BG  symmetry.
 There are     0 symmetry adapted basis functions of AU  symmetry.
 There are     6 symmetry adapted basis functions of BU  symmetry.
    12 basis functions,   120 primitive gaussians,    12 cartesian basis functions
     6 alpha electrons        6 beta electrons
       nuclear repulsion energy        16.1191998892 Hartrees.
 NAtoms=   12 NActive=   12 NUniq=    6 SFac= 4.00D+00 NAtFMM=   60 NAOKFM=F Big=F
 Integral buffers will be    131072 words long.
 Regular integral format.
 Two-electron integral symmetry is turned on.
 One-electron integrals computed using PRISM.
 NBasis=    12 RedAO= T EigKep=  3.91D-02  NBF=     6     0     0     6
 NBsUse=    12 1.00D-06 EigRej= -1.00D+00 NBFU=     6     0     0     6
 Initial guess from the checkpoint file:  "h12.chk"
 B after Tr=    -0.000000    0.000000   -0.000000
         Rot=    0.981443    0.000000    0.000000    0.191756 Ang=  22.11 deg.
 Initial guess orbital symmetries:
       Occupied  (AG) (BU) (BU) (AG) (AG) (AG)
       Virtual   (BU) (BU) (BU) (AG) (AG) (BU)
 Keep R1 ints in memory in symmetry-blocked form, NReq=893158.
 Requested convergence on RMS density matrix=1.00D-08 within 128 cycles.
 Requested convergence on MAX density matrix=1.00D-06.
 Requested convergence on             energy=1.00D-06.
 No special actions if energy rises.
 SCF Done:  E(RHF) =  -4.64016916063     A.U. after   10 cycles
            NFock= 10  Conv=0.22D-08     -V/T= 1.6791
 Range of M.O.s used for correlation:     1    12
 NBasis=    12 NAE=     6 NBE=     6 NFC=     0 NFV=     0
 NROrb=     12 NOA=     6 NOB=     6 NVA=     6 NVB=     6

 **** Warning!!: The smallest alpha delta epsilon is -0.10298308D-01

 Semi-Direct transformation.
 ModeAB=           4 MOrb=             6 LenV=     134096239
 LASXX=         2181 LTotXX=        2181 LenRXX=        5115
 LTotAB=        2934 MaxLAS=        3024 LenRXY=           0
 NonZer=        7296 LenScr=      655360 LnRSAI=        3024
 LnScr1=      655360 LExtra=           0 Total=      1318859
 MaxDsk=          -1 SrtSym=           T ITran=            3
 JobTyp=0 Pass  1:  I=   1 to   6.
 (rs|ai) integrals will be sorted in core.
 Spin components of T(2) and E(2):
     alpha-alpha T2 =       0.1243160407D-01 E2=     -0.4925408261D-02
     alpha-beta  T2 =       0.9977490833D+01 E2=     -0.1038289576D+01
     beta-beta   T2 =       0.1243160407D-01 E2=     -0.4925408261D-02
 ANorm=    0.3316979656D+01
 E2 =    -0.1048140392D+01 EUMP2 =    -0.56883095526746D+01
 Second order stability test of a single determinant RHF wave function:
 Stabil:  MDV=134217728
 ***********************************************************************
 Matrix         Lowest Root    Major Pairs
 ***********************************************************************
 Internal RHF    -0.1099751    6A=7A
 RRHF --> CRHF   -0.1100166    6A=7A
 RRHF --> RUHF   -0.5830573    5A=7B
 Not stable.
 ***********************************************************************

 **********************************************************************

            Population analysis using the SCF density.

 **********************************************************************

 Orbital symmetries:
       Occupied  (AG) (BU) (AG) (BU) (AG) (AG)
       Virtual   (BU) (BU) (BU) (AG) (AG) (BU)
 The electronic state is 1-AG.
 Alpha  occ. eigenvalues --   -0.90262  -0.89471  -0.70702  -0.70662  -0.20363
 Alpha  occ. eigenvalues --   -0.14626
 Alpha virt. eigenvalues --   -0.15656  -0.00748   0.60561   0.60717   1.36270
 Alpha virt. eigenvalues --    1.47126
          Condensed to atoms (all electrons):
               1          2          3          4          5          6
     1  H    1.427253   0.010331  -0.221911   0.202750   0.000023  -0.020938
     2  H    0.010331   0.566890  -0.000552  -0.017313  -0.014597   0.477678
     3  H   -0.221911  -0.000552   1.412810  -0.013433   0.000000   0.000620
     4  H    0.202750  -0.017313  -0.013433   1.219427   0.000097  -0.017916
     5  H    0.000023  -0.014597   0.000000   0.000097   1.028271  -0.014661
     6  H   -0.020938   0.477678   0.000620  -0.017916  -0.014661   0.570407
     7  H   -0.804926  -0.020394   0.185347   0.178739   0.000019   0.010663
     8  H   -0.005942   0.000069   0.178739  -0.010411   0.000001   0.000057
     9  H   -0.000551  -0.000000   0.010663   0.000057  -0.000000   0.000001
    10  H    0.000000  -0.000000   0.000019   0.000001   0.000000  -0.000000
    11  H    0.000517   0.000001  -0.020394   0.000069  -0.000000  -0.000000
    12  H    0.143138   0.000517  -0.804926  -0.005942   0.000000  -0.000551
               7          8          9         10         11         12
     1  H   -0.804926  -0.005942  -0.000551   0.000000   0.000517   0.143138
     2  H   -0.020394   0.000069  -0.000000  -0.000000   0.000001   0.000517
     3  H    0.185347   0.178739   0.010663   0.000019  -0.020394  -0.804926
     4  H    0.178739  -0.010411   0.000057   0.000001   0.000069  -0.005942
     5  H    0.000019   0.000001  -0.000000   0.000000  -0.000000   0.000000
     6  H    0.010663   0.000057   0.000001  -0.000000  -0.000000  -0.000551
     7  H    1.412810  -0.013433   0.000620   0.000000  -0.000552  -0.221911
     8  H   -0.013433   1.219427  -0.017916   0.000097  -0.017313   0.202750
     9  H    0.000620  -0.017916   0.570407  -0.014661   0.477678  -0.020938
    10  H    0.000000   0.000097  -0.014661   1.028271  -0.014597   0.000023
    11  H   -0.000552  -0.017313   0.477678  -0.014597   0.566890   0.010331
    12  H   -0.221911   0.202750  -0.020938   0.000023   0.010331   1.427253
 Mulliken charges:
               1
     1  H    0.270254
     2  H   -0.002631
     3  H    0.273016
     4  H   -0.536125
     5  H    0.000846
     6  H   -0.005361
     7  H    0.273016
     8  H   -0.536125
     9  H   -0.005361
    10  H    0.000846
    11  H   -0.002631
    12  H    0.270254
 Sum of Mulliken charges =  -0.00000
 Mulliken charges with hydrogens summed into heavy atoms:
               1
 Electronic spatial extent (au):  <R**2>=            458.7290
 Charge=             -0.0000 electrons
 Dipole moment (field-independent basis, Debye):
    X=              0.0000    Y=              0.0000    Z=             -0.0000  Tot=              0.0000
 Quadrupole moment (field-independent basis, Debye-Ang):
   XX=            -15.7035   YY=            -19.0148   ZZ=            -15.2133
   XY=              0.0347   XZ=             -0.0000   YZ=              0.0000
 Traceless Quadrupole moment (field-independent basis, Debye-Ang):
   XX=              0.9404   YY=             -2.3710   ZZ=              1.4306
   XY=              0.0347   XZ=             -0.0000   YZ=              0.0000
 Octapole moment (field-independent basis, Debye-Ang**2):
  XXX=              0.0000  YYY=              0.0000  ZZZ=              0.0000  XYY=              0.0000
  XXY=              0.0000  XXZ=              0.0000  XZZ=              0.0000  YZZ=              0.0000
  YYZ=              0.0000  XYZ=             -0.0000
 Hexadecapole moment (field-independent basis, Debye-Ang**3):
 XXXX=            -35.1493 YYYY=          -1058.2336 ZZZZ=            -18.3071 XXXY=             35.1743
 XXXZ=             -0.0000 YYYX=             47.0096 YYYZ=              0.0000 ZZZX=             -0.0000
 ZZZY=              0.0000 XXYY=           -162.9361 XXZZ=             -8.8988 YYZZ=           -161.6838
 XXYZ=              0.0000 YYXZ=             -0.0000 ZZXY=             12.0806
 N-N= 1.611919988921D+01 E-N=-4.122947880233D+01  KE= 6.832432925714D+00
 Symmetry AG   KE= 4.833538462238D+00
 Symmetry BG   KE= 0.000000000000D+00
 Symmetry AU   KE= 0.000000000000D+00
 Symmetry BU   KE= 1.998894463475D+00

 Test job not archived.
 1\1\GINC-SULU\Stability\RHF\Gen\H12\LCJ1\17-Feb-2017\0\\#rhf/gen scf(s
 ymm,tight,novaracc,noincfock,fulldiag) stable(crhf) guess=read geom=no
 crowd test\\hf stability analysis of h12 triangular lattice, y= 0.2564
 7759350390792\\0,1\H\H,1,2.2656387382\H,1,2.2656387382,2,167.\H,2,2.26
 56387382,1,13.,3,0.,0\H,2,2.2656387382,1,180.,3,0.,0\H,4,2.2656387382,
 3,180.,5,0.,0\H,6,2.2656387382,5,180.,3,0.,0\H,4,2.2656387382,2,180.,3
 ,0.,0\H,3,2.2656387382,1,180.,4,0.,0\H,9,2.2656387382,3,180.,4,0.,0\H,
 8,2.2656387382,4,180.,3,0.,0\H,7,2.2656387382,6,180.,3,0.,0\\Version=E
 S64L-G09RevE.01\State=1-AG\HF=-4.6401692\MP2=-5.6883096\RMSD=2.223e-09
 \Dipole=0.,0.,0.\Quadrupole=0.585886,1.0636069,-1.6494928,0.,0.5163908
 ,0.\PG=C02H [SGH(H12)]\\@


 THE WORLD IS NOT A HAMBURGER - YOU CAN'T HAVE IT YOUR WAY.
 Job cpu time:       0 days  0 hours  0 minutes  1.0 seconds.
 File lengths (MBytes):  RWF=     84 Int=      0 D2E=      0 Chk=      2 Scr=      2
 Normal termination of Gaussian 09 at Fri Feb 17 14:54:09 2017.
