 Entering Gaussian System, Link 0=g09
 AtFile(1): H.gbs
            H     0
            S   10   1.00
               1000.000000000000            0.000068713567
                316.227766000000            0.000169141320
                100.000000000000            0.000823394812
                 31.622776600000            0.003425569236
                 10.000000000000            0.013951996000
                  3.162277660000            0.056909313560
                  1.000000000000            0.198286399900
                  0.316227766000            0.496922426700
                  0.100000000000            0.369846276400
                  0.031622776600            0.003752720039
            ****
 Initial command:
 /projects/guscus/apps/gau/g09-e1/g09/l1.exe "/users/lcj1/gaussian/h12/rhfstability/rect/guess/ag4bu2/Gau-32629.inp" -scrdir="/users/lcj1/gaussian/h12/rhfstability/rect/guess/ag4bu2/"
 Entering Link 1 = /projects/guscus/apps/gau/g09-e1/g09/l1.exe PID=     32631.
  
 Copyright (c) 1988,1990,1992,1993,1995,1998,2003,2009,2015,
            Gaussian, Inc.  All Rights Reserved.
  
 This is part of the Gaussian(R) 09 program.  It is based on
 the Gaussian(R) 03 system (copyright 2003, Gaussian, Inc.),
 the Gaussian(R) 98 system (copyright 1998, Gaussian, Inc.),
 the Gaussian(R) 94 system (copyright 1995, Gaussian, Inc.),
 the Gaussian 92(TM) system (copyright 1992, Gaussian, Inc.),
 the Gaussian 90(TM) system (copyright 1990, Gaussian, Inc.),
 the Gaussian 88(TM) system (copyright 1988, Gaussian, Inc.),
 the Gaussian 86(TM) system (copyright 1986, Carnegie Mellon
 University), and the Gaussian 82(TM) system (copyright 1983,
 Carnegie Mellon University). Gaussian is a federally registered
 trademark of Gaussian, Inc.
  
 This software contains proprietary and confidential information,
 including trade secrets, belonging to Gaussian, Inc.
  
 This software is provided under written license and may be
 used, copied, transmitted, or stored only in accord with that
 written license.
  
 The following legend is applicable only to US Government
 contracts under FAR:
  
                    RESTRICTED RIGHTS LEGEND
  
 Use, reproduction and disclosure by the US Government is
 subject to restrictions as set forth in subparagraphs (a)
 and (c) of the Commercial Computer Software - Restricted
 Rights clause in FAR 52.227-19.
  
 Gaussian, Inc.
 340 Quinnipiac St., Bldg. 40, Wallingford CT 06492
  
  
 ---------------------------------------------------------------
 Warning -- This program may not be used in any manner that
 competes with the business of Gaussian, Inc. or will provide
 assistance to any competitor of Gaussian, Inc.  The licensee
 of this program is prohibited from giving any competitor of
 Gaussian, Inc. access to this program.  By using this program,
 the user acknowledges that Gaussian, Inc. is engaged in the
 business of creating and licensing software in the field of
 computational chemistry and represents and warrants to the
 licensee that it is not a competitor of Gaussian, Inc. and that
 it will not use this program in any manner prohibited above.
 ---------------------------------------------------------------
  

 Cite this work as:
 Gaussian 09, Revision E.01,
 M. J. Frisch, G. W. Trucks, H. B. Schlegel, G. E. Scuseria, 
 M. A. Robb, J. R. Cheeseman, G. Scalmani, V. Barone, B. Mennucci, 
 G. A. Petersson, H. Nakatsuji, M. Caricato, X. Li, H. P. Hratchian, 
 A. F. Izmaylov, J. Bloino, G. Zheng, J. L. Sonnenberg, M. Hada, 
 M. Ehara, K. Toyota, R. Fukuda, J. Hasegawa, M. Ishida, T. Nakajima, 
 Y. Honda, O. Kitao, H. Nakai, T. Vreven, J. A. Montgomery, Jr., 
 J. E. Peralta, F. Ogliaro, M. Bearpark, J. J. Heyd, E. Brothers, 
 K. N. Kudin, V. N. Staroverov, T. Keith, R. Kobayashi, J. Normand, 
 K. Raghavachari, A. Rendell, J. C. Burant, S. S. Iyengar, J. Tomasi, 
 M. Cossi, N. Rega, J. M. Millam, M. Klene, J. E. Knox, J. B. Cross, 
 V. Bakken, C. Adamo, J. Jaramillo, R. Gomperts, R. E. Stratmann, 
 O. Yazyev, A. J. Austin, R. Cammi, C. Pomelli, J. W. Ochterski, 
 R. L. Martin, K. Morokuma, V. G. Zakrzewski, G. A. Voth, 
 P. Salvador, J. J. Dannenberg, S. Dapprich, A. D. Daniels, 
 O. Farkas, J. B. Foresman, J. V. Ortiz, J. Cioslowski, 
 and D. J. Fox, Gaussian, Inc., Wallingford CT, 2013.
 
 ******************************************
 Gaussian 09:  ES64L-G09RevE.01 30-Nov-2015
                17-Feb-2017 
 ******************************************
 %chk=h12.chk
 ----------------------------------------------------------------------
 #rhf/gen scf(symm,tight,novaracc,noincfock,fulldiag) stable(crhf) gues
 s=read geom=nocrowd test
 ----------------------------------------------------------------------
 1/38=1/1;
 2/12=1,17=6,18=5,40=1/2;
 3/5=7,16=1,25=1,30=1,116=1/1,2,3;
 4/5=1,9=4/1;
 5/5=100002,15=2,16=1,32=2,38=6/2;
 8/6=1,10=90,11=11/1,4;
 9/8=4,13=1/2;
 6/7=2,8=2,9=2,10=2,28=1/1;
 99/5=1,9=1/99;
 ----------------------------------------------------------------------
 hf stability analysis of h12 triangular lattice, y= 0.8557834790083491
 7
 ----------------------------------------------------------------------
 Symbolic Z-matrix:
 Charge =  0 Multiplicity = 1
 H
 H                    1     1.08973 
 H                    1     1.08973  2     76.5 
 H                    2     1.08973  1     103.5    3     0.       0
 H                    2     1.08973  1     180.     3     0.       0
 H                    4     1.08973  3     180.     5     0.       0
 H                    6     1.08973  5     180.     3     0.       0
 H                    4     1.08973  2     180.     3     0.       0
 H                    3     1.08973  1     180.     4     0.       0
 H                    9     1.08973  3     180.     4     0.       0
 H                    8     1.08973  4     180.     3     0.       0
 H                    7     1.08973  6     180.     3     0.       0
 
                          Input orientation:                          
 ---------------------------------------------------------------------
 Center     Atomic      Atomic             Coordinates (Angstroms)
 Number     Number       Type             X           Y           Z
 ---------------------------------------------------------------------
      1          1           0        0.000000    0.000000    0.000000
      2          1           0        0.000000    0.000000    1.089730
      3          1           0        1.059621    0.000000    0.254392
      4          1           0        1.059621    0.000000    1.344122
      5          1           0        0.000000    0.000000    2.179460
      6          1           0        1.059621    0.000000    2.433853
      7          1           0        2.119241    0.000000    2.688245
      8          1           0        2.119241    0.000000    1.598515
      9          1           0        2.119241    0.000000    0.508785
     10          1           0        3.178862    0.000000    0.763177
     11          1           0        3.178862    0.000000    1.852907
     12          1           0        3.178862    0.000000    2.942637
 ---------------------------------------------------------------------
                    Distance matrix (angstroms):
                    1          2          3          4          5
     1  H    0.000000
     2  H    1.089730   0.000000
     3  H    1.089730   1.349291   0.000000
     4  H    1.711567   1.089730   1.089730   0.000000
     5  H    2.179460   1.089730   2.197426   1.349291   0.000000
     6  H    2.654512   1.711567   2.179460   1.089730   1.089730
     7  H    3.423134   2.654512   2.654512   1.711567   2.179460
     8  H    2.654512   2.179460   1.711567   1.089730   2.197426
     9  H    2.179460   2.197426   1.089730   1.349291   2.698581
    10  H    3.269190   3.195591   2.179460   2.197426   3.480089
    11  H    3.679461   3.269190   2.654512   2.179460   3.195591
    12  H    4.331776   3.679461   3.423134   2.654512   3.269190
                    6          7          8          9         10
     6  H    0.000000
     7  H    1.089730   0.000000
     8  H    1.349291   1.089730   0.000000
     9  H    2.197426   2.179460   1.089730   0.000000
    10  H    2.698581   2.197426   1.349291   1.089730   0.000000
    11  H    2.197426   1.349291   1.089730   1.711567   1.089730
    12  H    2.179460   1.089730   1.711567   2.654512   2.179460
                   11         12
    11  H    0.000000
    12  H    1.089730   0.000000
 Stoichiometry    H12
 Framework group  C2H[SGH(H12)]
 Deg. of freedom    11
 Full point group                 C2H     NOp   4
 Largest Abelian subgroup         C2H     NOp   4
 Largest concise Abelian subgroup C2      NOp   2
                         Standard orientation:                         
 ---------------------------------------------------------------------
 Center     Atomic      Atomic             Coordinates (Angstroms)
 Number     Number       Type             X           Y           Z
 ---------------------------------------------------------------------
      1          1           0        1.059621    1.888988    0.000000
      2          1           0        0.000000    1.634595    0.000000
      3          1           0        1.059621    0.799257    0.000000
      4          1           0        0.000000    0.544865    0.000000
      5          1           0       -1.059621    1.380203    0.000000
      6          1           0       -1.059621    0.290473    0.000000
      7          1           0       -1.059621   -0.799257    0.000000
      8          1           0       -0.000000   -0.544865    0.000000
      9          1           0        1.059621   -0.290473    0.000000
     10          1           0        1.059621   -1.380203    0.000000
     11          1           0       -0.000000   -1.634595    0.000000
     12          1           0       -1.059621   -1.888988    0.000000
 ---------------------------------------------------------------------
 Rotational constants (GHZ):     58.9331572     26.6676290     18.3597329
 General basis read from cards:  (5D, 7F)
 There are     6 symmetry adapted cartesian basis functions of AG  symmetry.
 There are     0 symmetry adapted cartesian basis functions of BG  symmetry.
 There are     0 symmetry adapted cartesian basis functions of AU  symmetry.
 There are     6 symmetry adapted cartesian basis functions of BU  symmetry.
 There are     6 symmetry adapted basis functions of AG  symmetry.
 There are     0 symmetry adapted basis functions of BG  symmetry.
 There are     0 symmetry adapted basis functions of AU  symmetry.
 There are     6 symmetry adapted basis functions of BU  symmetry.
    12 basis functions,   120 primitive gaussians,    12 cartesian basis functions
     6 alpha electrons        6 beta electrons
       nuclear repulsion energy        20.0526737181 Hartrees.
 NAtoms=   12 NActive=   12 NUniq=    6 SFac= 4.00D+00 NAtFMM=   60 NAOKFM=F Big=F
 Integral buffers will be    131072 words long.
 Regular integral format.
 Two-electron integral symmetry is turned on.
 One-electron integrals computed using PRISM.
 NBasis=    12 RedAO= T EigKep=  1.21D-01  NBF=     6     0     0     6
 NBsUse=    12 1.00D-06 EigRej= -1.00D+00 NBFU=     6     0     0     6
 Initial guess from the checkpoint file:  "h12.chk"
 B after Tr=    -0.000000    0.000000    0.000000
         Rot=    0.997486   -0.000000   -0.000000   -0.070869 Ang=  -8.13 deg.
 Initial guess orbital symmetries:
       Occupied  (AG) (BU) (BU) (AG) (AG) (AG)
       Virtual   (BU) (BU) (BU) (AG) (AG) (BU)
 Keep R1 ints in memory in symmetry-blocked form, NReq=903672.
 Requested convergence on RMS density matrix=1.00D-08 within 128 cycles.
 Requested convergence on MAX density matrix=1.00D-06.
 Requested convergence on             energy=1.00D-06.
 No special actions if energy rises.
 SCF Done:  E(RHF) =  -5.80676525055     A.U. after    9 cycles
            NFock=  9  Conv=0.36D-08     -V/T= 1.9008
 Range of M.O.s used for correlation:     1    12
 NBasis=    12 NAE=     6 NBE=     6 NFC=     0 NFV=     0
 NROrb=     12 NOA=     6 NOB=     6 NVA=     6 NVB=     6
 Semi-Direct transformation.
 ModeAB=           4 MOrb=             6 LenV=     134084367
 LASXX=         2181 LTotXX=        2181 LenRXX=        5115
 LTotAB=        2934 MaxLAS=        3024 LenRXY=           0
 NonZer=        7296 LenScr=      655360 LnRSAI=        3024
 LnScr1=      655360 LExtra=           0 Total=      1318859
 MaxDsk=          -1 SrtSym=           T ITran=            3
 JobTyp=0 Pass  1:  I=   1 to   6.
 (rs|ai) integrals will be sorted in core.
 Spin components of T(2) and E(2):
     alpha-alpha T2 =       0.1121556423D-01 E2=     -0.1378403650D-01
     alpha-beta  T2 =       0.8236064943D-01 E2=     -0.1127352472D+00
     beta-beta   T2 =       0.1121556423D-01 E2=     -0.1378403650D-01
 ANorm=    0.1051090756D+01
 E2 =    -0.1403033202D+00 EUMP2 =    -0.59470685707493D+01
 Second order stability test of a single determinant RHF wave function:
 Stabil:  MDV=134217728
 ***********************************************************************
 Matrix         Lowest Root    Major Pairs
 ***********************************************************************
 Internal RHF     0.0121922    Stable
 RRHF --> CRHF   -0.0212692    6A=7A

 RRHF --> RUHF   -0.1113281    6A=7B 4A=7B 6A=9B 4A=9B 6A=8B 6A=12B 5A=7B 1A=9B
 Not stable.
 ***********************************************************************

 **********************************************************************

            Population analysis using the SCF density.

 **********************************************************************

 Orbital symmetries:
       Occupied  (AG) (BU) (BU) (AG) (AG) (AG)
       Virtual   (BU) (BU) (BU) (AG) (AG) (BU)
 The electronic state is 1-AG.
 Alpha  occ. eigenvalues --   -0.92937  -0.75652  -0.64518  -0.50068  -0.40317
 Alpha  occ. eigenvalues --   -0.24272
 Alpha virt. eigenvalues --    0.00755   0.19249   0.25963   0.41270   0.63339
 Alpha virt. eigenvalues --    0.90033
          Condensed to atoms (all electrons):
               1          2          3          4          5          6
     1  H    0.578031   0.136027   0.286545  -0.089876  -0.018023  -0.016944
     2  H    0.136027   0.975031  -0.157550   0.194784   0.149693  -0.127077
     3  H    0.286545  -0.157550   0.951959  -0.198912  -0.047959   0.024130
     4  H   -0.089876   0.194784  -0.198912   1.411469  -0.215713  -0.243752
     5  H   -0.018023   0.149693  -0.047959  -0.215713   0.920952   0.332784
     6  H   -0.016944  -0.127077   0.024130  -0.243752   0.332784   0.985262
     7  H    0.006010  -0.047651   0.041302  -0.129993  -0.012754   0.305915
     8  H   -0.039834   0.013398  -0.129993   0.708124  -0.111806  -0.248562
     9  H   -0.003553  -0.103179   0.305915  -0.248562   0.017684   0.078895
    10  H   -0.002699   0.000833  -0.012754  -0.111806   0.017779   0.017684
    11  H    0.000905   0.022800  -0.047651   0.013398   0.000833  -0.103179
    12  H    0.002649   0.000905   0.006010  -0.039834  -0.002699  -0.003553
               7          8          9         10         11         12
     1  H    0.006010  -0.039834  -0.003553  -0.002699   0.000905   0.002649
     2  H   -0.047651   0.013398  -0.103179   0.000833   0.022800   0.000905
     3  H    0.041302  -0.129993   0.305915  -0.012754  -0.047651   0.006010
     4  H   -0.129993   0.708124  -0.248562  -0.111806   0.013398  -0.039834
     5  H   -0.012754  -0.111806   0.017684   0.017779   0.000833  -0.002699
     6  H    0.305915  -0.248562   0.078895   0.017684  -0.103179  -0.003553
     7  H    0.951959  -0.198912   0.024130  -0.047959  -0.157550   0.286545
     8  H   -0.198912   1.411469  -0.243752  -0.215713   0.194784  -0.089876
     9  H    0.024130  -0.243752   0.985262   0.332784  -0.127077  -0.016944
    10  H   -0.047959  -0.215713   0.332784   0.920952   0.149693  -0.018023
    11  H   -0.157550   0.194784  -0.127077   0.149693   0.975031   0.136027
    12  H    0.286545  -0.089876  -0.016944  -0.018023   0.136027   0.578031
 Mulliken charges:
               1
     1  H    0.160762
     2  H   -0.058014
     3  H   -0.021044
     4  H   -0.049328
     5  H   -0.030772
     6  H   -0.001605
     7  H   -0.021044
     8  H   -0.049328
     9  H   -0.001605
    10  H   -0.030772
    11  H   -0.058014
    12  H    0.160762
 Sum of Mulliken charges =   0.00000
 Mulliken charges with hydrogens summed into heavy atoms:
               1
 Electronic spatial extent (au):  <R**2>=            133.3131
 Charge=              0.0000 electrons
 Dipole moment (field-independent basis, Debye):
    X=              0.0000    Y=             -0.0000    Z=              0.0000  Tot=              0.0000
 Quadrupole moment (field-independent basis, Debye-Ang):
   XX=            -19.5721   YY=            -13.3546   ZZ=            -15.1953
   XY=              4.0654   XZ=             -0.0000   YZ=              0.0000
 Traceless Quadrupole moment (field-independent basis, Debye-Ang):
   XX=             -3.5314   YY=              2.6861   ZZ=              0.8454
   XY=              4.0654   XZ=             -0.0000   YZ=              0.0000
 Octapole moment (field-independent basis, Debye-Ang**2):
  XXX=              0.0000  YYY=             -0.0000  ZZZ=             -0.0000  XYY=              0.0000
  XXY=             -0.0000  XXZ=             -0.0000  XZZ=              0.0000  YZZ=             -0.0000
  YYZ=             -0.0000  XYZ=              0.0000
 Hexadecapole moment (field-independent basis, Debye-Ang**3):
 XXXX=           -110.2387 YYYY=           -151.1848 ZZZZ=            -18.0375 XXXY=             -1.5358
 XXXZ=             -0.0000 YYYX=              9.9122 YYYZ=              0.0000 ZZZX=             -0.0000
 ZZZY=             -0.0000 XXYY=            -40.9639 XXZZ=            -19.6678 YYZZ=            -30.1098
 XXYZ=              0.0000 YYXZ=             -0.0000 ZZXY=             -1.8853
 N-N= 2.005267371806D+01 E-N=-5.120971954021D+01  KE= 6.446105049805D+00
 Symmetry AG   KE= 4.890178740673D+00
 Symmetry BG   KE= 0.000000000000D+00
 Symmetry AU   KE= 0.000000000000D+00
 Symmetry BU   KE= 1.555926309132D+00

 Test job not archived.
 1\1\GINC-SULU\Stability\RHF\Gen\H12\LCJ1\17-Feb-2017\0\\#rhf/gen scf(s
 ymm,tight,novaracc,noincfock,fulldiag) stable(crhf) guess=read geom=no
 crowd test\\hf stability analysis of h12 triangular lattice, y= 0.8557
 8347900834917\\0,1\H\H,1,1.0897300547\H,1,1.0897300547,2,76.5\H,2,1.08
 97300547,1,103.5,3,0.,0\H,2,1.0897300547,1,180.,3,0.,0\H,4,1.089730054
 7,3,180.,5,0.,0\H,6,1.0897300547,5,180.,3,0.,0\H,4,1.0897300547,2,180.
 ,3,0.,0\H,3,1.0897300547,1,180.,4,0.,0\H,9,1.0897300547,3,180.,4,0.,0\
 H,8,1.0897300547,4,180.,3,0.,0\H,7,1.0897300547,6,180.,3,0.,0\\Version
 =ES64L-G09RevE.01\State=1-AG\HF=-5.8067653\MP2=-5.9470686\RMSD=3.627e-
 09\Dipole=0.,0.,0.\Quadrupole=0.3729058,0.6285171,-1.0014229,0.,3.7424
 005,0.\PG=C02H [SGH(H12)]\\@


 NOTHING RESEMBLES A NEW PHENOMENON AS MUCH AS A MISTAKE.

                               -- ENRICO FERMI (?)
 Job cpu time:       0 days  0 hours  0 minutes  1.2 seconds.
 File lengths (MBytes):  RWF=     84 Int=      0 D2E=      0 Chk=      2 Scr=      2
 Normal termination of Gaussian 09 at Fri Feb 17 15:03:35 2017.
