 Entering Gaussian System, Link 0=g09
 AtFile(1): H.gbs
            H     0
            S   10   1.00
               1000.000000000000            0.000068713567
                316.227766000000            0.000169141320
                100.000000000000            0.000823394812
                 31.622776600000            0.003425569236
                 10.000000000000            0.013951996000
                  3.162277660000            0.056909313560
                  1.000000000000            0.198286399900
                  0.316227766000            0.496922426700
                  0.100000000000            0.369846276400
                  0.031622776600            0.003752720039
            ****
 Initial command:
 /projects/guscus/apps/gau/g09-e1/g09/l1.exe "/users/lcj1/gaussian/h12/rhfstability/rect/guess/ag4bu2/Gau-13799.inp" -scrdir="/users/lcj1/gaussian/h12/rhfstability/rect/guess/ag4bu2/"
 Entering Link 1 = /projects/guscus/apps/gau/g09-e1/g09/l1.exe PID=     13800.
  
 Copyright (c) 1988,1990,1992,1993,1995,1998,2003,2009,2015,
            Gaussian, Inc.  All Rights Reserved.
  
 This is part of the Gaussian(R) 09 program.  It is based on
 the Gaussian(R) 03 system (copyright 2003, Gaussian, Inc.),
 the Gaussian(R) 98 system (copyright 1998, Gaussian, Inc.),
 the Gaussian(R) 94 system (copyright 1995, Gaussian, Inc.),
 the Gaussian 92(TM) system (copyright 1992, Gaussian, Inc.),
 the Gaussian 90(TM) system (copyright 1990, Gaussian, Inc.),
 the Gaussian 88(TM) system (copyright 1988, Gaussian, Inc.),
 the Gaussian 86(TM) system (copyright 1986, Carnegie Mellon
 University), and the Gaussian 82(TM) system (copyright 1983,
 Carnegie Mellon University). Gaussian is a federally registered
 trademark of Gaussian, Inc.
  
 This software contains proprietary and confidential information,
 including trade secrets, belonging to Gaussian, Inc.
  
 This software is provided under written license and may be
 used, copied, transmitted, or stored only in accord with that
 written license.
  
 The following legend is applicable only to US Government
 contracts under FAR:
  
                    RESTRICTED RIGHTS LEGEND
  
 Use, reproduction and disclosure by the US Government is
 subject to restrictions as set forth in subparagraphs (a)
 and (c) of the Commercial Computer Software - Restricted
 Rights clause in FAR 52.227-19.
  
 Gaussian, Inc.
 340 Quinnipiac St., Bldg. 40, Wallingford CT 06492
  
  
 ---------------------------------------------------------------
 Warning -- This program may not be used in any manner that
 competes with the business of Gaussian, Inc. or will provide
 assistance to any competitor of Gaussian, Inc.  The licensee
 of this program is prohibited from giving any competitor of
 Gaussian, Inc. access to this program.  By using this program,
 the user acknowledges that Gaussian, Inc. is engaged in the
 business of creating and licensing software in the field of
 computational chemistry and represents and warrants to the
 licensee that it is not a competitor of Gaussian, Inc. and that
 it will not use this program in any manner prohibited above.
 ---------------------------------------------------------------
  

 Cite this work as:
 Gaussian 09, Revision E.01,
 M. J. Frisch, G. W. Trucks, H. B. Schlegel, G. E. Scuseria, 
 M. A. Robb, J. R. Cheeseman, G. Scalmani, V. Barone, B. Mennucci, 
 G. A. Petersson, H. Nakatsuji, M. Caricato, X. Li, H. P. Hratchian, 
 A. F. Izmaylov, J. Bloino, G. Zheng, J. L. Sonnenberg, M. Hada, 
 M. Ehara, K. Toyota, R. Fukuda, J. Hasegawa, M. Ishida, T. Nakajima, 
 Y. Honda, O. Kitao, H. Nakai, T. Vreven, J. A. Montgomery, Jr., 
 J. E. Peralta, F. Ogliaro, M. Bearpark, J. J. Heyd, E. Brothers, 
 K. N. Kudin, V. N. Staroverov, T. Keith, R. Kobayashi, J. Normand, 
 K. Raghavachari, A. Rendell, J. C. Burant, S. S. Iyengar, J. Tomasi, 
 M. Cossi, N. Rega, J. M. Millam, M. Klene, J. E. Knox, J. B. Cross, 
 V. Bakken, C. Adamo, J. Jaramillo, R. Gomperts, R. E. Stratmann, 
 O. Yazyev, A. J. Austin, R. Cammi, C. Pomelli, J. W. Ochterski, 
 R. L. Martin, K. Morokuma, V. G. Zakrzewski, G. A. Voth, 
 P. Salvador, J. J. Dannenberg, S. Dapprich, A. D. Daniels, 
 O. Farkas, J. B. Foresman, J. V. Ortiz, J. Cioslowski, 
 and D. J. Fox, Gaussian, Inc., Wallingford CT, 2013.
 
 ******************************************
 Gaussian 09:  ES64L-G09RevE.01 30-Nov-2015
                17-Feb-2017 
 ******************************************
 %chk=h12.chk
 ----------------------------------------------------------------------
 #rhf/gen scf(symm,tight,novaracc,noincfock,fulldiag) stable(crhf) gues
 s=read geom=nocrowd test
 ----------------------------------------------------------------------
 1/38=1/1;
 2/12=1,17=6,18=5,40=1/2;
 3/5=7,16=1,25=1,30=1,116=1/1,2,3;
 4/5=1,9=4/1;
 5/5=100002,15=2,16=1,32=2,38=6/2;
 8/6=1,10=90,11=11/1,4;
 9/8=4,13=1/2;
 6/7=2,8=2,9=2,10=2,28=1/1;
 99/5=1,9=1/99;
 ----------------------------------------------------------------------
 hf stability analysis of h12 triangular lattice, y= 1.8095073443210954
 ----------------------------------------------------------------------
 Symbolic Z-matrix:
 Charge =  0 Multiplicity = 1
 H
 H                    1     1.83742 
 H                    1     1.83742  2     20. 
 H                    2     1.83742  1     160.     3     0.       0
 H                    2     1.83742  1     180.     3     0.       0
 H                    4     1.83742  3     180.     5     0.       0
 H                    6     1.83742  5     180.     3     0.       0
 H                    4     1.83742  2     180.     3     0.       0
 H                    3     1.83742  1     180.     4     0.       0
 H                    9     1.83742  3     180.     4     0.       0
 H                    8     1.83742  4     180.     3     0.       0
 H                    7     1.83742  6     180.     3     0.       0
 
                          Input orientation:                          
 ---------------------------------------------------------------------
 Center     Atomic      Atomic             Coordinates (Angstroms)
 Number     Number       Type             X           Y           Z
 ---------------------------------------------------------------------
      1          1           0        0.000000    0.000000    0.000000
      2          1           0        0.000000    0.000000    1.837422
      3          1           0        0.628435    0.000000    1.726612
      4          1           0        0.628435    0.000000    3.564034
      5          1           0        0.000000    0.000000    3.674844
      6          1           0        0.628435    0.000000    5.401456
      7          1           0        1.256871    0.000000    7.128067
      8          1           0        1.256871    0.000000    5.290645
      9          1           0        1.256871    0.000000    3.453224
     10          1           0        1.885306    0.000000    5.179835
     11          1           0        1.885306    0.000000    7.017257
     12          1           0        1.885306    0.000000    8.854679
 ---------------------------------------------------------------------
                    Distance matrix (angstroms):
                    1          2          3          4          5
     1  H    0.000000
     2  H    1.837422   0.000000
     3  H    1.837422   0.638130   0.000000
     4  H    3.619015   1.837422   1.837422   0.000000
     5  H    3.674844   1.837422   2.047081   0.638130   0.000000
     6  H    5.437891   3.619015   3.674844   1.837422   1.837422
     7  H    7.238029   5.437891   5.437891   3.619015   3.674844
     8  H    5.437891   3.674844   3.619015   1.837422   2.047081
     9  H    3.674844   2.047081   1.837422   0.638130   1.276260
    10  H    5.512266   3.837461   3.674844   2.047081   2.412339
    11  H    7.266105   5.512266   5.437891   3.674844   3.837461
    12  H    9.053161   7.266105   7.238029   5.437891   5.512266
                    6          7          8          9         10
     6  H    0.000000
     7  H    1.837422   0.000000
     8  H    0.638130   1.837422   0.000000
     9  H    2.047081   3.674844   1.837422   0.000000
    10  H    1.276260   2.047081   0.638130   1.837422   0.000000
    11  H    2.047081   0.638130   1.837422   3.619015   1.837422
    12  H    3.674844   1.837422   3.619015   5.437891   3.674844
                   11         12
    11  H    0.000000
    12  H    1.837422   0.000000
 Stoichiometry    H12
 Framework group  C2H[SGH(H12)]
 Deg. of freedom    11
 Full point group                 C2H     NOp   4
 Largest Abelian subgroup         C2H     NOp   4
 Largest concise Abelian subgroup C2      NOp   2
                         Standard orientation:                         
 ---------------------------------------------------------------------
 Center     Atomic      Atomic             Coordinates (Angstroms)
 Number     Number       Type             X           Y           Z
 ---------------------------------------------------------------------
      1          1           0        0.628435    4.482745   -0.000000
      2          1           0       -0.000000    2.756133   -0.000000
      3          1           0        0.628435    2.645323   -0.000000
      4          1           0       -0.000000    0.918711   -0.000000
      5          1           0       -0.628435    1.029521   -0.000000
      6          1           0       -0.628435   -0.807901   -0.000000
      7          1           0       -0.628435   -2.645323    0.000000
      8          1           0       -0.000000   -0.918711   -0.000000
      9          1           0        0.628435    0.807901   -0.000000
     10          1           0        0.628435   -1.029521   -0.000000
     11          1           0       -0.000000   -2.756133   -0.000000
     12          1           0       -0.628435   -4.482745    0.000000
 ---------------------------------------------------------------------
 Rotational constants (GHZ):    236.7257150      6.6389363      6.4578275
 General basis read from cards:  (5D, 7F)
 There are     6 symmetry adapted cartesian basis functions of AG  symmetry.
 There are     0 symmetry adapted cartesian basis functions of BG  symmetry.
 There are     0 symmetry adapted cartesian basis functions of AU  symmetry.
 There are     6 symmetry adapted cartesian basis functions of BU  symmetry.
 There are     6 symmetry adapted basis functions of AG  symmetry.
 There are     0 symmetry adapted basis functions of BG  symmetry.
 There are     0 symmetry adapted basis functions of AU  symmetry.
 There are     6 symmetry adapted basis functions of BU  symmetry.
    12 basis functions,   120 primitive gaussians,    12 cartesian basis functions
     6 alpha electrons        6 beta electrons
       nuclear repulsion energy        16.6423641108 Hartrees.
 NAtoms=   12 NActive=   12 NUniq=    6 SFac= 4.00D+00 NAtFMM=   60 NAOKFM=F Big=F
 Integral buffers will be    131072 words long.
 Regular integral format.
 Two-electron integral symmetry is turned on.
 One-electron integrals computed using PRISM.
 NBasis=    12 RedAO= T EigKep=  6.98D-02  NBF=     6     0     0     6
 NBsUse=    12 1.00D-06 EigRej= -1.00D+00 NBFU=     6     0     0     6
 Initial guess from the checkpoint file:  "h12.chk"
 B after Tr=    -0.000000   -0.000000   -0.000000
         Rot=    0.975006    0.000000   -0.000000   -0.222179 Ang= -25.67 deg.
 Initial guess orbital symmetries:
       Occupied  (AG) (BU) (BU) (AG) (AG) (AG)
       Virtual   (BU) (BU) (BU) (AG) (AG) (BU)
 Keep R1 ints in memory in symmetry-blocked form, NReq=896518.
 Requested convergence on RMS density matrix=1.00D-08 within 128 cycles.
 Requested convergence on MAX density matrix=1.00D-06.
 Requested convergence on             energy=1.00D-06.
 No special actions if energy rises.
 SCF Done:  E(RHF) =  -5.27780077505     A.U. after   11 cycles
            NFock= 11  Conv=0.32D-08     -V/T= 1.7761
 Range of M.O.s used for correlation:     1    12
 NBasis=    12 NAE=     6 NBE=     6 NFC=     0 NFV=     0
 NROrb=     12 NOA=     6 NOB=     6 NVA=     6 NVB=     6

 **** Warning!!: The smallest alpha delta epsilon is  0.59688587D-01

 Semi-Direct transformation.
 ModeAB=           4 MOrb=             6 LenV=     134090961
 LASXX=         2181 LTotXX=        2181 LenRXX=        5115
 LTotAB=        2934 MaxLAS=        3024 LenRXY=           0
 NonZer=        7296 LenScr=      655360 LnRSAI=        3024
 LnScr1=      655360 LExtra=           0 Total=      1318859
 MaxDsk=          -1 SrtSym=           T ITran=            3
 JobTyp=0 Pass  1:  I=   1 to   6.
 (rs|ai) integrals will be sorted in core.
 Spin components of T(2) and E(2):
     alpha-alpha T2 =       0.2581470099D-01 E2=     -0.7632797998D-02
     alpha-beta  T2 =       0.6002303001D+01 E2=     -0.8013754846D+00
     beta-beta   T2 =       0.2581470099D-01 E2=     -0.7632797998D-02
 ANorm=    0.2655924020D+01
 E2 =    -0.8166410806D+00 EUMP2 =    -0.60944418556558D+01
 Second order stability test of a single determinant RHF wave function:
 Stabil:  MDV=134217728
 ***********************************************************************
 Matrix         Lowest Root    Major Pairs
 ***********************************************************************
 Internal RHF    -0.0704408    5A=7A 6A=8A 6A=7A 5A=8A
 RRHF --> CRHF   -0.1283464    5A=8A
 RRHF --> RUHF   -0.567663     6A=7B
 Not stable.
 ***********************************************************************

 **********************************************************************

            Population analysis using the SCF density.

 **********************************************************************

 Orbital symmetries:
       Occupied  (AG) (BU) (AG) (BU) (AG) (AG)
       Virtual   (BU) (BU) (BU) (AG) (AG) (BU)
 The electronic state is 1-AG.
 Alpha  occ. eigenvalues --   -0.87002  -0.80799  -0.65821  -0.64386  -0.19333
 Alpha  occ. eigenvalues --   -0.18558
 Alpha virt. eigenvalues --   -0.12589  -0.08179   0.50778   0.51931   0.95533
 Alpha virt. eigenvalues --    1.12229
          Condensed to atoms (all electrons):
               1          2          3          4          5          6
     1  H    1.090177  -0.036925  -0.038100   0.000387   0.000173   0.000021
     2  H   -0.036925   0.642358   0.478034  -0.048215   0.021426  -0.003726
     3  H   -0.038100   0.478034   0.663795  -0.051577  -0.060820   0.004430
     4  H    0.000387  -0.048215  -0.051577   0.956292   0.279895  -0.034884
     5  H    0.000173   0.021426  -0.060820   0.279895   1.280878  -0.312731
     6  H    0.000021  -0.003726   0.004430  -0.034884  -0.312731   1.202282
     7  H   -0.000009  -0.000002   0.000065   0.000526  -0.003734   0.023039
     8  H    0.000051   0.000676   0.000526  -0.034841  -0.020228   0.254864
     9  H    0.000103  -0.055779   0.023039   0.254864  -0.478507   0.210560
    10  H    0.000022   0.003418  -0.003734  -0.020228   0.144738  -0.478507
    11  H   -0.000008   0.000050  -0.000002   0.000676   0.003418  -0.055779
    12  H    0.000003  -0.000008  -0.000009   0.000051   0.000022   0.000103
               7          8          9         10         11         12
     1  H   -0.000009   0.000051   0.000103   0.000022  -0.000008   0.000003
     2  H   -0.000002   0.000676  -0.055779   0.003418   0.000050  -0.000008
     3  H    0.000065   0.000526   0.023039  -0.003734  -0.000002  -0.000009
     4  H    0.000526  -0.034841   0.254864  -0.020228   0.000676   0.000051
     5  H   -0.003734  -0.020228  -0.478507   0.144738   0.003418   0.000022
     6  H    0.023039   0.254864   0.210560  -0.478507  -0.055779   0.000103
     7  H    0.663795  -0.051577   0.004430  -0.060820   0.478034  -0.038100
     8  H   -0.051577   0.956292  -0.034884   0.279895  -0.048215   0.000387
     9  H    0.004430  -0.034884   1.202282  -0.312731  -0.003726   0.000021
    10  H   -0.060820   0.279895  -0.312731   1.280878   0.021426   0.000173
    11  H    0.478034  -0.048215  -0.003726   0.021426   0.642358  -0.036925
    12  H   -0.038100   0.000387   0.000021   0.000173  -0.036925   1.090177
 Mulliken charges:
               1
     1  H   -0.015896
     2  H   -0.001307
     3  H   -0.015646
     4  H   -0.302948
     5  H    0.145470
     6  H    0.190326
     7  H   -0.015646
     8  H   -0.302948
     9  H    0.190326
    10  H    0.145470
    11  H   -0.001307
    12  H   -0.015896
 Sum of Mulliken charges =  -0.00000
 Mulliken charges with hydrogens summed into heavy atoms:
               1
 Electronic spatial extent (au):  <R**2>=            317.7660
 Charge=             -0.0000 electrons
 Dipole moment (field-independent basis, Debye):
    X=              0.0000    Y=             -0.0000    Z=             -0.0000  Tot=              0.0000
 Quadrupole moment (field-independent basis, Debye-Ang):
   XX=            -14.7493   YY=            -24.6724   ZZ=            -15.0121
   XY=             -0.8367   XZ=              0.0000   YZ=              0.0000
 Traceless Quadrupole moment (field-independent basis, Debye-Ang):
   XX=              3.3953   YY=             -6.5278   ZZ=              3.1325
   XY=             -0.8367   XZ=              0.0000   YZ=              0.0000
 Octapole moment (field-independent basis, Debye-Ang**2):
  XXX=              0.0000  YYY=             -0.0000  ZZZ=              0.0000  XYY=             -0.0000
  XXY=              0.0000  XXZ=              0.0000  XZZ=              0.0000  YZZ=              0.0000
  YYZ=              0.0000  XYZ=              0.0000
 Hexadecapole moment (field-independent basis, Debye-Ang**3):
 XXXX=            -40.7740 YYYY=           -806.4966 ZZZZ=            -17.8043 XXXY=            -34.3203
 XXXZ=              0.0000 YYYX=            -63.1806 YYYZ=              0.0000 ZZZX=              0.0000
 ZZZY=              0.0000 XXYY=           -112.5912 XXZZ=             -9.8252 YYZZ=           -106.6898
 XXYZ=              0.0000 YYXZ=              0.0000 ZZXY=            -11.7536
 N-N= 1.664236411077D+01 E-N=-4.392236020764D+01  KE= 6.799985480859D+00
 Symmetry AG   KE= 4.710670888240D+00
 Symmetry BG   KE= 0.000000000000D+00
 Symmetry AU   KE= 0.000000000000D+00
 Symmetry BU   KE= 2.089314592619D+00

 Test job not archived.
 1\1\GINC-SULU\Stability\RHF\Gen\H12\LCJ1\17-Feb-2017\0\\#rhf/gen scf(s
 ymm,tight,novaracc,noincfock,fulldiag) stable(crhf) guess=read geom=no
 crowd test\\hf stability analysis of h12 triangular lattice, y= 1.8095
 073443210954\\0,1\H\H,1,1.8374218992\H,1,1.8374218992,2,20.\H,2,1.8374
 218992,1,160.,3,0.,0\H,2,1.8374218992,1,180.,3,0.,0\H,4,1.8374218992,3
 ,180.,5,0.,0\H,6,1.8374218992,5,180.,3,0.,0\H,4,1.8374218992,2,180.,3,
 0.,0\H,3,1.8374218992,1,180.,4,0.,0\H,9,1.8374218992,3,180.,4,0.,0\H,8
 ,1.8374218992,4,180.,3,0.,0\H,7,1.8374218992,6,180.,3,0.,0\\Version=ES
 64L-G09RevE.01\State=1-AG\HF=-5.2778008\MP2=-6.0944419\RMSD=3.202e-09\
 Dipole=0.,0.,0.\Quadrupole=2.0611921,2.3289192,-4.3901113,0.,-1.894553
 6,0.\PG=C02H [SGH(H12)]\\@


 IT IS A SIMPLE TASK TO MAKE THINGS COMPLEX,
 BUT A COMPLEX TASK TO MAKE THEM SIMPLE.
 Job cpu time:       0 days  0 hours  0 minutes  1.0 seconds.
 File lengths (MBytes):  RWF=     84 Int=      0 D2E=      0 Chk=      2 Scr=      2
 Normal termination of Gaussian 09 at Fri Feb 17 15:09:20 2017.
