 Entering Gaussian System, Link 0=g09
 AtFile(1): H.gbs
            H     0
            S   10   1.00
               1000.000000000000            0.000068713567
                316.227766000000            0.000169141320
                100.000000000000            0.000823394812
                 31.622776600000            0.003425569236
                 10.000000000000            0.013951996000
                  3.162277660000            0.056909313560
                  1.000000000000            0.198286399900
                  0.316227766000            0.496922426700
                  0.100000000000            0.369846276400
                  0.031622776600            0.003752720039
            ****
 Initial command:
 /projects/guscus/apps/gau/g09-e1/g09/l1.exe "/users/lcj1/gaussian/h12/rhfstability/rect/guess/ag4bu2/Gau-13301.inp" -scrdir="/users/lcj1/gaussian/h12/rhfstability/rect/guess/ag4bu2/"
 Entering Link 1 = /projects/guscus/apps/gau/g09-e1/g09/l1.exe PID=     13302.
  
 Copyright (c) 1988,1990,1992,1993,1995,1998,2003,2009,2015,
            Gaussian, Inc.  All Rights Reserved.
  
 This is part of the Gaussian(R) 09 program.  It is based on
 the Gaussian(R) 03 system (copyright 2003, Gaussian, Inc.),
 the Gaussian(R) 98 system (copyright 1998, Gaussian, Inc.),
 the Gaussian(R) 94 system (copyright 1995, Gaussian, Inc.),
 the Gaussian 92(TM) system (copyright 1992, Gaussian, Inc.),
 the Gaussian 90(TM) system (copyright 1990, Gaussian, Inc.),
 the Gaussian 88(TM) system (copyright 1988, Gaussian, Inc.),
 the Gaussian 86(TM) system (copyright 1986, Carnegie Mellon
 University), and the Gaussian 82(TM) system (copyright 1983,
 Carnegie Mellon University). Gaussian is a federally registered
 trademark of Gaussian, Inc.
  
 This software contains proprietary and confidential information,
 including trade secrets, belonging to Gaussian, Inc.
  
 This software is provided under written license and may be
 used, copied, transmitted, or stored only in accord with that
 written license.
  
 The following legend is applicable only to US Government
 contracts under FAR:
  
                    RESTRICTED RIGHTS LEGEND
  
 Use, reproduction and disclosure by the US Government is
 subject to restrictions as set forth in subparagraphs (a)
 and (c) of the Commercial Computer Software - Restricted
 Rights clause in FAR 52.227-19.
  
 Gaussian, Inc.
 340 Quinnipiac St., Bldg. 40, Wallingford CT 06492
  
  
 ---------------------------------------------------------------
 Warning -- This program may not be used in any manner that
 competes with the business of Gaussian, Inc. or will provide
 assistance to any competitor of Gaussian, Inc.  The licensee
 of this program is prohibited from giving any competitor of
 Gaussian, Inc. access to this program.  By using this program,
 the user acknowledges that Gaussian, Inc. is engaged in the
 business of creating and licensing software in the field of
 computational chemistry and represents and warrants to the
 licensee that it is not a competitor of Gaussian, Inc. and that
 it will not use this program in any manner prohibited above.
 ---------------------------------------------------------------
  

 Cite this work as:
 Gaussian 09, Revision E.01,
 M. J. Frisch, G. W. Trucks, H. B. Schlegel, G. E. Scuseria, 
 M. A. Robb, J. R. Cheeseman, G. Scalmani, V. Barone, B. Mennucci, 
 G. A. Petersson, H. Nakatsuji, M. Caricato, X. Li, H. P. Hratchian, 
 A. F. Izmaylov, J. Bloino, G. Zheng, J. L. Sonnenberg, M. Hada, 
 M. Ehara, K. Toyota, R. Fukuda, J. Hasegawa, M. Ishida, T. Nakajima, 
 Y. Honda, O. Kitao, H. Nakai, T. Vreven, J. A. Montgomery, Jr., 
 J. E. Peralta, F. Ogliaro, M. Bearpark, J. J. Heyd, E. Brothers, 
 K. N. Kudin, V. N. Staroverov, T. Keith, R. Kobayashi, J. Normand, 
 K. Raghavachari, A. Rendell, J. C. Burant, S. S. Iyengar, J. Tomasi, 
 M. Cossi, N. Rega, J. M. Millam, M. Klene, J. E. Knox, J. B. Cross, 
 V. Bakken, C. Adamo, J. Jaramillo, R. Gomperts, R. E. Stratmann, 
 O. Yazyev, A. J. Austin, R. Cammi, C. Pomelli, J. W. Ochterski, 
 R. L. Martin, K. Morokuma, V. G. Zakrzewski, G. A. Voth, 
 P. Salvador, J. J. Dannenberg, S. Dapprich, A. D. Daniels, 
 O. Farkas, J. B. Foresman, J. V. Ortiz, J. Cioslowski, 
 and D. J. Fox, Gaussian, Inc., Wallingford CT, 2013.
 
 ******************************************
 Gaussian 09:  ES64L-G09RevE.01 30-Nov-2015
                17-Feb-2017 
 ******************************************
 %chk=h12.chk
 ----------------------------------------------------------------------
 #rhf/gen scf(symm,tight,novaracc,noincfock,fulldiag) stable(crhf) gues
 s=read geom=nocrowd test
 ----------------------------------------------------------------------
 1/38=1/1;
 2/12=1,17=6,18=5,40=1/2;
 3/5=7,16=1,25=1,30=1,116=1/1,2,3;
 4/5=1,9=4/1;
 5/5=100002,15=2,16=1,32=2,38=6/2;
 8/6=1,10=90,11=11/1,4;
 9/8=4,13=1/2;
 6/7=2,8=2,9=2,10=2,28=1/1;
 99/5=1,9=1/99;
 ----------------------------------------------------------------------
 hf stability analysis of h12 triangular lattice, y= 1.6845675376176648
 ----------------------------------------------------------------------
 Symbolic Z-matrix:
 Charge =  0 Multiplicity = 1
 H
 H                    1     1.71908 
 H                    1     1.71908  2     23. 
 H                    2     1.71908  1     157.     3     0.       0
 H                    2     1.71908  1     180.     3     0.       0
 H                    4     1.71908  3     180.     5     0.       0
 H                    6     1.71908  5     180.     3     0.       0
 H                    4     1.71908  2     180.     3     0.       0
 H                    3     1.71908  1     180.     4     0.       0
 H                    9     1.71908  3     180.     4     0.       0
 H                    8     1.71908  4     180.     3     0.       0
 H                    7     1.71908  6     180.     3     0.       0
 
                          Input orientation:                          
 ---------------------------------------------------------------------
 Center     Atomic      Atomic             Coordinates (Angstroms)
 Number     Number       Type             X           Y           Z
 ---------------------------------------------------------------------
      1          1           0        0.000000    0.000000    0.000000
      2          1           0        0.000000    0.000000    1.719079
      3          1           0        0.671697    0.000000    1.582420
      4          1           0        0.671697    0.000000    3.301499
      5          1           0        0.000000    0.000000    3.438157
      6          1           0        0.671697    0.000000    5.020577
      7          1           0        1.343395    0.000000    6.602997
      8          1           0        1.343395    0.000000    4.883919
      9          1           0        1.343395    0.000000    3.164840
     10          1           0        2.015092    0.000000    4.747260
     11          1           0        2.015092    0.000000    6.466339
     12          1           0        2.015092    0.000000    8.185417
 ---------------------------------------------------------------------
                    Distance matrix (angstroms):
                    1          2          3          4          5
     1  H    0.000000
     2  H    1.719079   0.000000
     3  H    1.719079   0.685458   0.000000
     4  H    3.369135   1.719079   1.719079   0.000000
     5  H    3.438157   1.719079   1.973559   0.685458   0.000000
     6  H    5.065311   3.369135   3.438157   1.719079   1.719079
     7  H    6.738270   5.065311   5.065311   3.369135   3.438157
     8  H    5.065311   3.438157   3.369135   1.719079   1.973559
     9  H    3.438157   1.973559   1.719079   0.685458   1.370917
    10  H    5.157236   3.637373   3.438157   1.973559   2.402988
    11  H    6.773045   5.157236   5.065311   3.438157   3.637373
    12  H    8.429808   6.773045   6.738270   5.065311   5.157236
                    6          7          8          9         10
     6  H    0.000000
     7  H    1.719079   0.000000
     8  H    0.685458   1.719079   0.000000
     9  H    1.973559   3.438157   1.719079   0.000000
    10  H    1.370917   1.973559   0.685458   1.719079   0.000000
    11  H    1.973559   0.685458   1.719079   3.369135   1.719079
    12  H    3.438157   1.719079   3.369135   5.065311   3.438157
                   11         12
    11  H    0.000000
    12  H    1.719079   0.000000
 Stoichiometry    H12
 Framework group  C2H[SGH(H12)]
 Deg. of freedom    11
 Full point group                 C2H     NOp   4
 Largest Abelian subgroup         C2H     NOp   4
 Largest concise Abelian subgroup C2      NOp   2
                         Standard orientation:                         
 ---------------------------------------------------------------------
 Center     Atomic      Atomic             Coordinates (Angstroms)
 Number     Number       Type             X           Y           Z
 ---------------------------------------------------------------------
      1          1           0        0.671697    4.161038   -0.000000
      2          1           0        0.000000    2.578618   -0.000000
      3          1           0        0.671697    2.441959   -0.000000
      4          1           0        0.000000    0.859539   -0.000000
      5          1           0       -0.671697    0.996198   -0.000000
      6          1           0       -0.671697   -0.722881    0.000000
      7          1           0       -0.671697   -2.441959   -0.000000
      8          1           0       -0.000000   -0.859539   -0.000000
      9          1           0        0.671697    0.722881    0.000000
     10          1           0        0.671697   -0.996198   -0.000000
     11          1           0       -0.000000   -2.578618   -0.000000
     12          1           0       -0.671697   -4.161038   -0.000000
 ---------------------------------------------------------------------
 Rotational constants (GHZ):    205.3728416      7.6524580      7.3775605
 General basis read from cards:  (5D, 7F)
 There are     6 symmetry adapted cartesian basis functions of AG  symmetry.
 There are     0 symmetry adapted cartesian basis functions of BG  symmetry.
 There are     0 symmetry adapted cartesian basis functions of AU  symmetry.
 There are     6 symmetry adapted cartesian basis functions of BU  symmetry.
 There are     6 symmetry adapted basis functions of AG  symmetry.
 There are     0 symmetry adapted basis functions of BG  symmetry.
 There are     0 symmetry adapted basis functions of AU  symmetry.
 There are     6 symmetry adapted basis functions of BU  symmetry.
    12 basis functions,   120 primitive gaussians,    12 cartesian basis functions
     6 alpha electrons        6 beta electrons
       nuclear repulsion energy        16.9219450757 Hartrees.
 NAtoms=   12 NActive=   12 NUniq=    6 SFac= 4.00D+00 NAtFMM=   60 NAOKFM=F Big=F
 Integral buffers will be    131072 words long.
 Regular integral format.
 Two-electron integral symmetry is turned on.
 One-electron integrals computed using PRISM.
 NBasis=    12 RedAO= T EigKep=  8.30D-02  NBF=     6     0     0     6
 NBsUse=    12 1.00D-06 EigRej= -1.00D+00 NBFU=     6     0     0     6
 Initial guess from the checkpoint file:  "h12.chk"
 B after Tr=    -0.000000   -0.000000   -0.000000
         Rot=    0.976501   -0.000000    0.000000   -0.215512 Ang= -24.89 deg.
 Initial guess orbital symmetries:
       Occupied  (AG) (BU) (BU) (AG) (AG) (AG)
       Virtual   (BU) (BU) (BU) (AG) (AG) (BU)
 Keep R1 ints in memory in symmetry-blocked form, NReq=896854.
 Requested convergence on RMS density matrix=1.00D-08 within 128 cycles.
 Requested convergence on MAX density matrix=1.00D-06.
 Requested convergence on             energy=1.00D-06.
 No special actions if energy rises.
 SCF Done:  E(RHF) =  -5.37139608011     A.U. after   11 cycles
            NFock= 11  Conv=0.65D-08     -V/T= 1.7858
 Range of M.O.s used for correlation:     1    12
 NBasis=    12 NAE=     6 NBE=     6 NFC=     0 NFV=     0
 NROrb=     12 NOA=     6 NOB=     6 NVA=     6 NVB=     6

 **** Warning!!: The smallest alpha delta epsilon is  0.57398224D-01

 Semi-Direct transformation.
 ModeAB=           4 MOrb=             6 LenV=     134090667
 LASXX=         2181 LTotXX=        2181 LenRXX=        5115
 LTotAB=        2934 MaxLAS=        3024 LenRXY=           0
 NonZer=        7296 LenScr=      655360 LnRSAI=        3024
 LnScr1=      655360 LExtra=           0 Total=      1318859
 MaxDsk=          -1 SrtSym=           T ITran=            3
 JobTyp=0 Pass  1:  I=   1 to   6.
 (rs|ai) integrals will be sorted in core.
 Spin components of T(2) and E(2):
     alpha-alpha T2 =       0.3491680447D-01 E2=     -0.9382127203D-02
     alpha-beta  T2 =       0.4860927475D+01 E2=     -0.7176561976D+00
     beta-beta   T2 =       0.3491680447D-01 E2=     -0.9382127203D-02
 ANorm=    0.2435315397D+01
 E2 =    -0.7364204520D+00 EUMP2 =    -0.61078165321523D+01
 Second order stability test of a single determinant RHF wave function:
 Stabil:  MDV=134217728
 ***********************************************************************
 Matrix         Lowest Root    Major Pairs
 ***********************************************************************
 Internal RHF    -0.0881895    6A=7A 5A=8A 6A=8A 5A=7A
 RRHF --> CRHF   -0.1491093    5A=7A 5A=8A
 RRHF --> RUHF   -0.5550983    6A=8B 6A=7B
 Not stable.
 ***********************************************************************

 **********************************************************************

            Population analysis using the SCF density.

 **********************************************************************

 Orbital symmetries:
       Occupied  (AG) (BU) (AG) (BU) (AG) (AG)
       Virtual   (BU) (BU) (BU) (AG) (AG) (BU)
 The electronic state is 1-AG.
 Alpha  occ. eigenvalues --   -0.87227  -0.79091  -0.64143  -0.61225  -0.21101
 Alpha  occ. eigenvalues --   -0.17209
 Alpha virt. eigenvalues --   -0.11469  -0.10425   0.47590   0.49561   0.83081
 Alpha virt. eigenvalues --    1.01507
          Condensed to atoms (all electrons):
               1          2          3          4          5          6
     1  H    1.128790  -0.045981  -0.048682   0.000147   0.000103   0.000076
     2  H   -0.045981   0.675678   0.475781  -0.063957   0.025396  -0.006346
     3  H   -0.048682   0.475781   0.713967  -0.069620  -0.080719   0.007284
     4  H    0.000147  -0.063957  -0.069620   0.935021   0.302913  -0.044786
     5  H    0.000103   0.025396  -0.080719   0.302913   1.264329  -0.342253
     6  H    0.000076  -0.006346   0.007284  -0.044786  -0.342253   1.145427
     7  H   -0.000027   0.000008   0.000200   0.000846  -0.006212   0.028322
     8  H    0.000158   0.001136   0.000846  -0.049619  -0.029141   0.274046
     9  H    0.000034  -0.071147   0.028322   0.274046  -0.391774   0.207532
    10  H    0.000075   0.005579  -0.006212  -0.029141   0.136050  -0.391774
    11  H   -0.000025   0.000146   0.000008   0.001136   0.005579  -0.071147
    12  H    0.000008  -0.000025  -0.000027   0.000158   0.000075   0.000034
               7          8          9         10         11         12
     1  H   -0.000027   0.000158   0.000034   0.000075  -0.000025   0.000008
     2  H    0.000008   0.001136  -0.071147   0.005579   0.000146  -0.000025
     3  H    0.000200   0.000846   0.028322  -0.006212   0.000008  -0.000027
     4  H    0.000846  -0.049619   0.274046  -0.029141   0.001136   0.000158
     5  H   -0.006212  -0.029141  -0.391774   0.136050   0.005579   0.000075
     6  H    0.028322   0.274046   0.207532  -0.391774  -0.071147   0.000034
     7  H    0.713967  -0.069620   0.007284  -0.080719   0.475781  -0.048682
     8  H   -0.069620   0.935021  -0.044786   0.302913  -0.063957   0.000147
     9  H    0.007284  -0.044786   1.145427  -0.342253  -0.006346   0.000076
    10  H   -0.080719   0.302913  -0.342253   1.264329   0.025396   0.000103
    11  H    0.475781  -0.063957  -0.006346   0.025396   0.675678  -0.045981
    12  H   -0.048682   0.000147   0.000076   0.000103  -0.045981   1.128790
 Mulliken charges:
               1
     1  H   -0.034677
     2  H    0.003731
     3  H   -0.021148
     4  H   -0.257143
     5  H    0.115653
     6  H    0.193585
     7  H   -0.021148
     8  H   -0.257143
     9  H    0.193585
    10  H    0.115653
    11  H    0.003731
    12  H   -0.034677
 Sum of Mulliken charges =   0.00000
 Mulliken charges with hydrogens summed into heavy atoms:
               1
 Electronic spatial extent (au):  <R**2>=            285.2567
 Charge=              0.0000 electrons
 Dipole moment (field-independent basis, Debye):
    X=             -0.0000    Y=              0.0000    Z=              0.0000  Tot=              0.0000
 Quadrupole moment (field-independent basis, Debye-Ang):
   XX=            -14.4424   YY=            -27.8284   ZZ=            -14.9339
   XY=             -1.4976   XZ=             -0.0000   YZ=             -0.0000
 Traceless Quadrupole moment (field-independent basis, Debye-Ang):
   XX=              4.6258   YY=             -8.7602   ZZ=              4.1343
   XY=             -1.4976   XZ=             -0.0000   YZ=             -0.0000
 Octapole moment (field-independent basis, Debye-Ang**2):
  XXX=              0.0000  YYY=              0.0000  ZZZ=              0.0000  XYY=              0.0000
  XXY=             -0.0000  XXZ=              0.0000  XZZ=              0.0000  YZZ=              0.0000
  YYZ=              0.0000  XYZ=              0.0000
 Hexadecapole moment (field-independent basis, Debye-Ang**3):
 XXXX=            -43.2643 YYYY=           -761.0361 ZZZZ=            -17.6252 XXXY=            -34.4316
 XXXZ=             -0.0000 YYYX=            -72.4062 YYYZ=             -0.0000 ZZZX=             -0.0000
 ZZZY=             -0.0000 XXYY=           -102.8596 XXZZ=            -10.2467 YYZZ=            -93.8373
 XXYZ=             -0.0000 YYXZ=             -0.0000 ZZXY=            -11.6679
 N-N= 1.692194507569D+01 E-N=-4.482263548543D+01  KE= 6.835865422937D+00
 Symmetry AG   KE= 4.705584392399D+00
 Symmetry BG   KE= 0.000000000000D+00
 Symmetry AU   KE= 0.000000000000D+00
 Symmetry BU   KE= 2.130281030538D+00

 Test job not archived.
 1\1\GINC-SULU\Stability\RHF\Gen\H12\LCJ1\17-Feb-2017\0\\#rhf/gen scf(s
 ymm,tight,novaracc,noincfock,fulldiag) stable(crhf) guess=read geom=no
 crowd test\\hf stability analysis of h12 triangular lattice, y= 1.6845
 675376176648\\0,1\H\H,1,1.7190785339\H,1,1.7190785339,2,23.\H,2,1.7190
 785339,1,157.,3,0.,0\H,2,1.7190785339,1,180.,3,0.,0\H,4,1.7190785339,3
 ,180.,5,0.,0\H,6,1.7190785339,5,180.,3,0.,0\H,4,1.7190785339,2,180.,3,
 0.,0\H,3,1.7190785339,1,180.,4,0.,0\H,9,1.7190785339,3,180.,4,0.,0\H,8
 ,1.7190785339,4,180.,3,0.,0\H,7,1.7190785339,6,180.,3,0.,0\\Version=ES
 64L-G09RevE.01\State=1-AG\HF=-5.3713961\MP2=-6.1078165\RMSD=6.472e-09\
 Dipole=0.,0.,0.\Quadrupole=2.7207239,3.0737574,-5.7944813,0.,-2.806052
 4,0.\PG=C02H [SGH(H12)]\\@


 The cat could very well be man's best friend
 but would never stoop to admitting it.
                               -- Doug Larson
 Job cpu time:       0 days  0 hours  0 minutes  1.0 seconds.
 File lengths (MBytes):  RWF=     84 Int=      0 D2E=      0 Chk=      2 Scr=      2
 Normal termination of Gaussian 09 at Fri Feb 17 15:09:04 2017.
