 Entering Gaussian System, Link 0=g09
 AtFile(1): H.gbs
            H     0
            S   10   1.00
               1000.000000000000            0.000068713567
                316.227766000000            0.000169141320
                100.000000000000            0.000823394812
                 31.622776600000            0.003425569236
                 10.000000000000            0.013951996000
                  3.162277660000            0.056909313560
                  1.000000000000            0.198286399900
                  0.316227766000            0.496922426700
                  0.100000000000            0.369846276400
                  0.031622776600            0.003752720039
            ****
 Initial command:
 /projects/guscus/apps/gau/g09-e1/g09/l1.exe "/users/lcj1/gaussian/h12/rhfstability/rect/guess/ag4bu2/Gau-11211.inp" -scrdir="/users/lcj1/gaussian/h12/rhfstability/rect/guess/ag4bu2/"
 Entering Link 1 = /projects/guscus/apps/gau/g09-e1/g09/l1.exe PID=     11212.
  
 Copyright (c) 1988,1990,1992,1993,1995,1998,2003,2009,2015,
            Gaussian, Inc.  All Rights Reserved.
  
 This is part of the Gaussian(R) 09 program.  It is based on
 the Gaussian(R) 03 system (copyright 2003, Gaussian, Inc.),
 the Gaussian(R) 98 system (copyright 1998, Gaussian, Inc.),
 the Gaussian(R) 94 system (copyright 1995, Gaussian, Inc.),
 the Gaussian 92(TM) system (copyright 1992, Gaussian, Inc.),
 the Gaussian 90(TM) system (copyright 1990, Gaussian, Inc.),
 the Gaussian 88(TM) system (copyright 1988, Gaussian, Inc.),
 the Gaussian 86(TM) system (copyright 1986, Carnegie Mellon
 University), and the Gaussian 82(TM) system (copyright 1983,
 Carnegie Mellon University). Gaussian is a federally registered
 trademark of Gaussian, Inc.
  
 This software contains proprietary and confidential information,
 including trade secrets, belonging to Gaussian, Inc.
  
 This software is provided under written license and may be
 used, copied, transmitted, or stored only in accord with that
 written license.
  
 The following legend is applicable only to US Government
 contracts under FAR:
  
                    RESTRICTED RIGHTS LEGEND
  
 Use, reproduction and disclosure by the US Government is
 subject to restrictions as set forth in subparagraphs (a)
 and (c) of the Commercial Computer Software - Restricted
 Rights clause in FAR 52.227-19.
  
 Gaussian, Inc.
 340 Quinnipiac St., Bldg. 40, Wallingford CT 06492
  
  
 ---------------------------------------------------------------
 Warning -- This program may not be used in any manner that
 competes with the business of Gaussian, Inc. or will provide
 assistance to any competitor of Gaussian, Inc.  The licensee
 of this program is prohibited from giving any competitor of
 Gaussian, Inc. access to this program.  By using this program,
 the user acknowledges that Gaussian, Inc. is engaged in the
 business of creating and licensing software in the field of
 computational chemistry and represents and warrants to the
 licensee that it is not a competitor of Gaussian, Inc. and that
 it will not use this program in any manner prohibited above.
 ---------------------------------------------------------------
  

 Cite this work as:
 Gaussian 09, Revision E.01,
 M. J. Frisch, G. W. Trucks, H. B. Schlegel, G. E. Scuseria, 
 M. A. Robb, J. R. Cheeseman, G. Scalmani, V. Barone, B. Mennucci, 
 G. A. Petersson, H. Nakatsuji, M. Caricato, X. Li, H. P. Hratchian, 
 A. F. Izmaylov, J. Bloino, G. Zheng, J. L. Sonnenberg, M. Hada, 
 M. Ehara, K. Toyota, R. Fukuda, J. Hasegawa, M. Ishida, T. Nakajima, 
 Y. Honda, O. Kitao, H. Nakai, T. Vreven, J. A. Montgomery, Jr., 
 J. E. Peralta, F. Ogliaro, M. Bearpark, J. J. Heyd, E. Brothers, 
 K. N. Kudin, V. N. Staroverov, T. Keith, R. Kobayashi, J. Normand, 
 K. Raghavachari, A. Rendell, J. C. Burant, S. S. Iyengar, J. Tomasi, 
 M. Cossi, N. Rega, J. M. Millam, M. Klene, J. E. Knox, J. B. Cross, 
 V. Bakken, C. Adamo, J. Jaramillo, R. Gomperts, R. E. Stratmann, 
 O. Yazyev, A. J. Austin, R. Cammi, C. Pomelli, J. W. Ochterski, 
 R. L. Martin, K. Morokuma, V. G. Zakrzewski, G. A. Voth, 
 P. Salvador, J. J. Dannenberg, S. Dapprich, A. D. Daniels, 
 O. Farkas, J. B. Foresman, J. V. Ortiz, J. Cioslowski, 
 and D. J. Fox, Gaussian, Inc., Wallingford CT, 2013.
 
 ******************************************
 Gaussian 09:  ES64L-G09RevE.01 30-Nov-2015
                17-Feb-2017 
 ******************************************
 %chk=h12.chk
 ----------------------------------------------------------------------
 #rhf/gen scf(symm,tight,novaracc,noincfock,fulldiag) stable(crhf) gues
 s=read geom=nocrowd test
 ----------------------------------------------------------------------
 1/38=1/1;
 2/12=1,17=6,18=5,40=1/2;
 3/5=7,16=1,25=1,30=1,116=1/1,2,3;
 4/5=1,9=4/1;
 5/5=100002,15=2,16=1,32=2,38=6/2;
 8/6=1,10=90,11=11/1,4;
 9/8=4,13=1/2;
 6/7=2,8=2,9=2,10=2,28=1/1;
 99/5=1,9=1/99;
 ----------------------------------------------------------------------
 hf stability analysis of h12 triangular lattice, y= 0.2893299282551661
 8
 ----------------------------------------------------------------------
 Symbolic Z-matrix:
 Charge =  0 Multiplicity = 1
 H
 H                    1     2.01634 
 H                    1     2.01634  2     163.5 
 H                    2     2.01634  1     16.5     3     0.       0
 H                    2     2.01634  1     180.     3     0.       0
 H                    4     2.01634  3     180.     5     0.       0
 H                    6     2.01634  5     180.     3     0.       0
 H                    4     2.01634  2     180.     3     0.       0
 H                    3     2.01634  1     180.     4     0.       0
 H                    9     2.01634  3     180.     4     0.       0
 H                    8     2.01634  4     180.     3     0.       0
 H                    7     2.01634  6     180.     3     0.       0
 
                          Input orientation:                          
 ---------------------------------------------------------------------
 Center     Atomic      Atomic             Coordinates (Angstroms)
 Number     Number       Type             X           Y           Z
 ---------------------------------------------------------------------
      1          1           0        0.000000    0.000000    0.000000
      2          1           0        0.000000    0.000000    2.016340
      3          1           0        0.572672    0.000000   -1.933307
      4          1           0        0.572672    0.000000    0.083033
      5          1           0        0.000000    0.000000    4.032680
      6          1           0        0.572672    0.000000    2.099373
      7          1           0        1.145343    0.000000    0.166067
      8          1           0        1.145343    0.000000   -1.850273
      9          1           0        1.145343    0.000000   -3.866613
     10          1           0        1.718015    0.000000   -5.799920
     11          1           0        1.718015    0.000000   -3.783580
     12          1           0        1.718015    0.000000   -1.767240
 ---------------------------------------------------------------------
                    Distance matrix (angstroms):
                    1          2          3          4          5
     1  H    0.000000
     2  H    2.016340   0.000000
     3  H    2.016340   3.990947   0.000000
     4  H    0.578660   2.016340   2.016340   0.000000
     5  H    4.032680   2.016340   5.993409   3.990947   0.000000
     6  H    2.176079   0.578660   4.032680   2.016340   2.016340
     7  H    1.157320   2.176079   2.176079   0.578660   4.032680
     8  H    2.176079   4.032680   0.578660   2.016340   5.993409
     9  H    4.032680   5.993409   2.016340   3.990947   7.981895
    10  H    6.049020   8.002843   4.032680   5.993409   9.981563
    11  H    4.155364   6.049020   2.176079   4.032680   8.002843
    12  H    2.464693   4.155364   1.157320   2.176079   6.049020
                    6          7          8          9         10
     6  H    0.000000
     7  H    2.016340   0.000000
     8  H    3.990947   2.016340   0.000000
     9  H    5.993409   4.032680   2.016340   0.000000
    10  H    7.981895   5.993409   3.990947   2.016340   0.000000
    11  H    5.993409   3.990947   2.016340   0.578660   2.016340
    12  H    4.032680   2.016340   0.578660   2.176079   4.032680
                   11         12
    11  H    0.000000
    12  H    2.016340   0.000000
 Stoichiometry    H12
 Framework group  C2H[SGH(H12)]
 Deg. of freedom    11
 Full point group                 C2H     NOp   4
 Largest Abelian subgroup         C2H     NOp   4
 Largest concise Abelian subgroup C2      NOp   2
                         Standard orientation:                         
 ---------------------------------------------------------------------
 Center     Atomic      Atomic             Coordinates (Angstroms)
 Number     Number       Type             X           Y           Z
 ---------------------------------------------------------------------
      1          1           0        0.572672    1.091203    0.000000
      2          1           0        0.000000    3.024510    0.000000
      3          1           0        0.572672   -0.925137    0.000000
      4          1           0        0.000000    1.008170    0.000000
      5          1           0       -0.572672    4.957817    0.000000
      6          1           0       -0.572672    2.941477    0.000000
      7          1           0       -0.572672    0.925137    0.000000
      8          1           0       -0.000000   -1.008170   -0.000000
      9          1           0        0.572672   -2.941477   -0.000000
     10          1           0        0.572672   -4.957817   -0.000000
     11          1           0       -0.000000   -3.024510   -0.000000
     12          1           0       -0.572672   -1.091203   -0.000000
 ---------------------------------------------------------------------
 Rotational constants (GHZ):    287.6028737      5.4645062      5.3626156
 General basis read from cards:  (5D, 7F)
 There are     6 symmetry adapted cartesian basis functions of AG  symmetry.
 There are     0 symmetry adapted cartesian basis functions of BG  symmetry.
 There are     0 symmetry adapted cartesian basis functions of AU  symmetry.
 There are     6 symmetry adapted cartesian basis functions of BU  symmetry.
 There are     6 symmetry adapted basis functions of AG  symmetry.
 There are     0 symmetry adapted basis functions of BG  symmetry.
 There are     0 symmetry adapted basis functions of AU  symmetry.
 There are     6 symmetry adapted basis functions of BU  symmetry.
    12 basis functions,   120 primitive gaussians,    12 cartesian basis functions
     6 alpha electrons        6 beta electrons
       nuclear repulsion energy        16.3407636642 Hartrees.
 NAtoms=   12 NActive=   12 NUniq=    6 SFac= 4.00D+00 NAtFMM=   60 NAOKFM=F Big=F
 Integral buffers will be    131072 words long.
 Regular integral format.
 Two-electron integral symmetry is turned on.
 One-electron integrals computed using PRISM.
 NBasis=    12 RedAO= T EigKep=  5.43D-02  NBF=     6     0     0     6
 NBsUse=    12 1.00D-06 EigRej= -1.00D+00 NBFU=     6     0     0     6
 Initial guess from the checkpoint file:  "h12.chk"
 B after Tr=    -0.000000   -0.000000   -0.000000
         Rot=    0.983121   -0.000000    0.000000    0.182957 Ang=  21.08 deg.
 Initial guess orbital symmetries:
       Occupied  (AG) (BU) (BU) (AG) (AG) (AG)
       Virtual   (BU) (BU) (BU) (AG) (AG) (BU)
 Keep R1 ints in memory in symmetry-blocked form, NReq=895608.
 Requested convergence on RMS density matrix=1.00D-08 within 128 cycles.
 Requested convergence on MAX density matrix=1.00D-06.
 Requested convergence on             energy=1.00D-06.
 No special actions if energy rises.
 SCF Done:  E(RHF) =  -5.05749265224     A.U. after   10 cycles
            NFock= 10  Conv=0.41D-08     -V/T= 1.7454
 Range of M.O.s used for correlation:     1    12
 NBasis=    12 NAE=     6 NBE=     6 NFC=     0 NFV=     0
 NROrb=     12 NOA=     6 NOB=     6 NVA=     6 NVB=     6

 **** Warning!!: The smallest alpha delta epsilon is  0.28083821D-01

 Semi-Direct transformation.
 ModeAB=           4 MOrb=             6 LenV=     134092823
 LASXX=         2181 LTotXX=        2181 LenRXX=        5115
 LTotAB=        2934 MaxLAS=        3024 LenRXY=           0
 NonZer=        7296 LenScr=      655360 LnRSAI=        3024
 LnScr1=      655360 LExtra=           0 Total=      1318859
 MaxDsk=          -1 SrtSym=           T ITran=            3
 JobTyp=0 Pass  1:  I=   1 to   6.
 (rs|ai) integrals will be sorted in core.
 Spin components of T(2) and E(2):
     alpha-alpha T2 =       0.1779401423D-01 E2=     -0.6045472017D-02
     alpha-beta  T2 =       0.7662916927D+01 E2=     -0.9079472129D+00
     beta-beta   T2 =       0.1779401423D-01 E2=     -0.6045472017D-02
 ANorm=    0.2949322796D+01
 E2 =    -0.9200381569D+00 EUMP2 =    -0.59775308091566D+01
 Second order stability test of a single determinant RHF wave function:
 Stabil:  MDV=134217728
 ***********************************************************************
 Matrix         Lowest Root    Major Pairs
 ***********************************************************************
 Internal RHF    -0.0871975    6A=7A
 RRHF --> CRHF   -0.1013978    6A=8A
 RRHF --> RUHF   -0.5772263    5A=7B
 Not stable.
 ***********************************************************************

 **********************************************************************

            Population analysis using the SCF density.

 **********************************************************************

 Orbital symmetries:
       Occupied  (AG) (BU) (AG) (BU) (AG) (AG)
       Virtual   (BU) (BU) (BU) (AG) (AG) (BU)
 The electronic state is 1-AG.
 Alpha  occ. eigenvalues --   -0.87822  -0.84276  -0.68103  -0.67705  -0.19729
 Alpha  occ. eigenvalues --   -0.17189
 Alpha virt. eigenvalues --   -0.14381  -0.04552   0.55092   0.55595   1.13164
 Alpha virt. eigenvalues --    1.27239
          Condensed to atoms (all electrons):
               1          2          3          4          5          6
     1  H    1.326450   0.015966  -0.271410   0.249237   0.000095  -0.039129
     2  H    0.015966   0.602776  -0.001683  -0.031330  -0.025582   0.478331
     3  H   -0.271410  -0.001683   1.284760  -0.023461   0.000003   0.001981
     4  H    0.249237  -0.031330  -0.023461   1.034618   0.000272  -0.032947
     5  H    0.000095  -0.025582   0.000003   0.000272   1.054777  -0.025924
     6  H   -0.039129   0.478331   0.001981  -0.032947  -0.025924   0.612416
     7  H   -0.611858  -0.037152   0.205096   0.224778   0.000069   0.016771
     8  H   -0.011926   0.000273   0.224778  -0.020817   0.000010   0.000220
     9  H   -0.001693  -0.000001   0.016771   0.000220  -0.000002   0.000013
    10  H    0.000004  -0.000002   0.000069   0.000010   0.000001  -0.000002
    11  H    0.001576   0.000011  -0.037152   0.000273  -0.000002  -0.000001
    12  H    0.148931   0.001576  -0.611858  -0.011926   0.000004  -0.001693
               7          8          9         10         11         12
     1  H   -0.611858  -0.011926  -0.001693   0.000004   0.001576   0.148931
     2  H   -0.037152   0.000273  -0.000001  -0.000002   0.000011   0.001576
     3  H    0.205096   0.224778   0.016771   0.000069  -0.037152  -0.611858
     4  H    0.224778  -0.020817   0.000220   0.000010   0.000273  -0.011926
     5  H    0.000069   0.000010  -0.000002   0.000001  -0.000002   0.000004
     6  H    0.016771   0.000220   0.000013  -0.000002  -0.000001  -0.001693
     7  H    1.284760  -0.023461   0.001981   0.000003  -0.001683  -0.271410
     8  H   -0.023461   1.034618  -0.032947   0.000272  -0.031330   0.249237
     9  H    0.001981  -0.032947   0.612416  -0.025924   0.478331  -0.039129
    10  H    0.000003   0.000272  -0.025924   1.054777  -0.025582   0.000095
    11  H   -0.001683  -0.031330   0.478331  -0.025582   0.602776   0.015966
    12  H   -0.271410   0.249237  -0.039129   0.000095   0.015966   1.326450
 Mulliken charges:
               1
     1  H    0.193757
     2  H   -0.003181
     3  H    0.212106
     4  H   -0.388927
     5  H   -0.003720
     6  H   -0.010034
     7  H    0.212106
     8  H   -0.388927
     9  H   -0.010034
    10  H   -0.003720
    11  H   -0.003181
    12  H    0.193757
 Sum of Mulliken charges =   0.00000
 Mulliken charges with hydrogens summed into heavy atoms:
               1
 Electronic spatial extent (au):  <R**2>=            372.4666
 Charge=              0.0000 electrons
 Dipole moment (field-independent basis, Debye):
    X=             -0.0000    Y=              0.0000    Z=              0.0000  Tot=              0.0000
 Quadrupole moment (field-independent basis, Debye-Ang):
   XX=            -15.1942   YY=            -21.5271   ZZ=            -15.1142
   XY=              0.3213   XZ=              0.0000   YZ=             -0.0000
 Traceless Quadrupole moment (field-independent basis, Debye-Ang):
   XX=              2.0843   YY=             -4.2486   ZZ=              2.1643
   XY=              0.3213   XZ=              0.0000   YZ=             -0.0000
 Octapole moment (field-independent basis, Debye-Ang**2):
  XXX=              0.0000  YYY=              0.0000  ZZZ=              0.0000  XYY=              0.0000
  XXY=             -0.0000  XXZ=              0.0000  XZZ=              0.0000  YZZ=              0.0000
  YYZ=              0.0000  XYZ=             -0.0000
 Hexadecapole moment (field-independent basis, Debye-Ang**3):
 XXXX=            -37.9523 YYYY=           -896.8059 ZZZZ=            -18.0486 XXXY=             34.5895
 XXXZ=              0.0000 YYYX=             54.1694 YYYZ=             -0.0000 ZZZX=              0.0000
 ZZZY=             -0.0000 XXYY=           -131.2523 XXZZ=             -9.3557 YYZZ=           -128.1341
 XXYZ=             -0.0000 YYXZ=              0.0000 ZZXY=             11.9002
 N-N= 1.634076366416D+01 E-N=-4.268509077228D+01  KE= 6.785053042778D+00
 Symmetry AG   KE= 4.745798152434D+00
 Symmetry BG   KE= 0.000000000000D+00
 Symmetry AU   KE= 0.000000000000D+00
 Symmetry BU   KE= 2.039254890344D+00

 Test job not archived.
 1\1\GINC-SULU\Stability\RHF\Gen\H12\LCJ1\17-Feb-2017\0\\#rhf/gen scf(s
 ymm,tight,novaracc,noincfock,fulldiag) stable(crhf) guess=read geom=no
 crowd test\\hf stability analysis of h12 triangular lattice, y= 0.2893
 2992825516618\\0,1\H\H,1,2.0163400476\H,1,2.0163400476,2,163.5\H,2,2.0
 163400476,1,16.5,3,0.,0\H,2,2.0163400476,1,180.,3,0.,0\H,4,2.016340047
 6,3,180.,5,0.,0\H,6,2.0163400476,5,180.,3,0.,0\H,4,2.0163400476,2,180.
 ,3,0.,0\H,3,2.0163400476,1,180.,4,0.,0\H,9,2.0163400476,3,180.,4,0.,0\
 H,8,2.0163400476,4,180.,3,0.,0\H,7,2.0163400476,6,180.,3,0.,0\\Version
 =ES64L-G09RevE.01\State=1-AG\HF=-5.0574927\MP2=-5.9775308\RMSD=4.086e-
 09\Dipole=0.,0.,0.\Quadrupole=1.2999338,1.6091151,-2.9090489,0.,1.0818
 784,0.\PG=C02H [SGH(H12)]\\@


 IF IT'S NOT TRUE, IT'S WELL INVENTED -- DANTE
 Job cpu time:       0 days  0 hours  0 minutes  1.1 seconds.
 File lengths (MBytes):  RWF=     84 Int=      0 D2E=      0 Chk=      2 Scr=      2
 Normal termination of Gaussian 09 at Fri Feb 17 14:54:30 2017.
