 Entering Gaussian System, Link 0=g09
 AtFile(1): H.gbs
            H     0
            S   10   1.00
               1000.000000000000            0.000068713567
                316.227766000000            0.000169141320
                100.000000000000            0.000823394812
                 31.622776600000            0.003425569236
                 10.000000000000            0.013951996000
                  3.162277660000            0.056909313560
                  1.000000000000            0.198286399900
                  0.316227766000            0.496922426700
                  0.100000000000            0.369846276400
                  0.031622776600            0.003752720039
            ****
 Initial command:
 /projects/guscus/apps/gau/g09-e1/g09/l1.exe "/users/lcj1/gaussian/h12/rhfstability/2rows/alterguess/2to4/Gau-24838.inp" -scrdir="/users/lcj1/gaussian/h12/rhfstability/2rows/alterguess/2to4/"
 Entering Link 1 = /projects/guscus/apps/gau/g09-e1/g09/l1.exe PID=     24845.
  
 Copyright (c) 1988,1990,1992,1993,1995,1998,2003,2009,2015,
            Gaussian, Inc.  All Rights Reserved.
  
 This is part of the Gaussian(R) 09 program.  It is based on
 the Gaussian(R) 03 system (copyright 2003, Gaussian, Inc.),
 the Gaussian(R) 98 system (copyright 1998, Gaussian, Inc.),
 the Gaussian(R) 94 system (copyright 1995, Gaussian, Inc.),
 the Gaussian 92(TM) system (copyright 1992, Gaussian, Inc.),
 the Gaussian 90(TM) system (copyright 1990, Gaussian, Inc.),
 the Gaussian 88(TM) system (copyright 1988, Gaussian, Inc.),
 the Gaussian 86(TM) system (copyright 1986, Carnegie Mellon
 University), and the Gaussian 82(TM) system (copyright 1983,
 Carnegie Mellon University). Gaussian is a federally registered
 trademark of Gaussian, Inc.
  
 This software contains proprietary and confidential information,
 including trade secrets, belonging to Gaussian, Inc.
  
 This software is provided under written license and may be
 used, copied, transmitted, or stored only in accord with that
 written license.
  
 The following legend is applicable only to US Government
 contracts under FAR:
  
                    RESTRICTED RIGHTS LEGEND
  
 Use, reproduction and disclosure by the US Government is
 subject to restrictions as set forth in subparagraphs (a)
 and (c) of the Commercial Computer Software - Restricted
 Rights clause in FAR 52.227-19.
  
 Gaussian, Inc.
 340 Quinnipiac St., Bldg. 40, Wallingford CT 06492
  
  
 ---------------------------------------------------------------
 Warning -- This program may not be used in any manner that
 competes with the business of Gaussian, Inc. or will provide
 assistance to any competitor of Gaussian, Inc.  The licensee
 of this program is prohibited from giving any competitor of
 Gaussian, Inc. access to this program.  By using this program,
 the user acknowledges that Gaussian, Inc. is engaged in the
 business of creating and licensing software in the field of
 computational chemistry and represents and warrants to the
 licensee that it is not a competitor of Gaussian, Inc. and that
 it will not use this program in any manner prohibited above.
 ---------------------------------------------------------------
  

 Cite this work as:
 Gaussian 09, Revision E.01,
 M. J. Frisch, G. W. Trucks, H. B. Schlegel, G. E. Scuseria, 
 M. A. Robb, J. R. Cheeseman, G. Scalmani, V. Barone, B. Mennucci, 
 G. A. Petersson, H. Nakatsuji, M. Caricato, X. Li, H. P. Hratchian, 
 A. F. Izmaylov, J. Bloino, G. Zheng, J. L. Sonnenberg, M. Hada, 
 M. Ehara, K. Toyota, R. Fukuda, J. Hasegawa, M. Ishida, T. Nakajima, 
 Y. Honda, O. Kitao, H. Nakai, T. Vreven, J. A. Montgomery, Jr., 
 J. E. Peralta, F. Ogliaro, M. Bearpark, J. J. Heyd, E. Brothers, 
 K. N. Kudin, V. N. Staroverov, T. Keith, R. Kobayashi, J. Normand, 
 K. Raghavachari, A. Rendell, J. C. Burant, S. S. Iyengar, J. Tomasi, 
 M. Cossi, N. Rega, J. M. Millam, M. Klene, J. E. Knox, J. B. Cross, 
 V. Bakken, C. Adamo, J. Jaramillo, R. Gomperts, R. E. Stratmann, 
 O. Yazyev, A. J. Austin, R. Cammi, C. Pomelli, J. W. Ochterski, 
 R. L. Martin, K. Morokuma, V. G. Zakrzewski, G. A. Voth, 
 P. Salvador, J. J. Dannenberg, S. Dapprich, A. D. Daniels, 
 O. Farkas, J. B. Foresman, J. V. Ortiz, J. Cioslowski, 
 and D. J. Fox, Gaussian, Inc., Wallingford CT, 2013.
 
 ******************************************
 Gaussian 09:  ES64L-G09RevE.01 30-Nov-2015
                17-Feb-2017 
 ******************************************
 %chk=h12.chk
 ----------------------------------------------------------------------
 #rhf/gen scf(symm,tight,novaracc,noincfock,fulldiag) stable(crhf) gues
 s=read geom=nocrowd test
 ----------------------------------------------------------------------
 1/38=1/1;
 2/12=1,17=6,18=5,40=1/2;
 3/5=7,16=1,25=1,30=1,116=1/1,2,3;
 4/5=1,9=4/1;
 5/5=100002,15=2,16=1,32=2,38=6/2;
 8/6=1,10=90,11=11/1,4;
 9/8=4,13=1/2;
 6/7=2,8=2,9=2,10=2,28=1/1;
 99/5=1,9=1/99;
 ----------------------------------------------------------------------
 hf stability analysis of h10 triangular lattice, y= 0.9612250668035587
 9
 ----------------------------------------------------------------------
 Symbolic Z-matrix:
 Charge =  0 Multiplicity = 1
 H
 H                    1     1.13346 
 H                    1     1.13346  2     64. 
 H                    2     1.13346  1     116.     3     0.       0
 H                    3     1.13346  1     180.     2     0.       0
 H                    4     1.13346  2     180.     1     0.       0
 H                    5     1.13346  3     180.     2     0.       0
 H                    6     1.13346  4     180.     1     0.       0
 H                    7     1.13346  5     180.     2     0.       0
 H                    8     1.13346  6     180.     1     0.       0
 H                    9     1.13346  7     180.     2     0.       0
 H                    10    1.13346  8     180.     1     0.       0
 
                          Input orientation:                          
 ---------------------------------------------------------------------
 Center     Atomic      Atomic             Coordinates (Angstroms)
 Number     Number       Type             X           Y           Z
 ---------------------------------------------------------------------
      1          1           0        0.000000    0.000000    0.000000
      2          1           0        0.000000    0.000000    1.133456
      3          1           0        1.018743    0.000000    0.496874
      4          1           0        1.018743    0.000000    1.630330
      5          1           0        2.037487    0.000000    0.993749
      6          1           0        2.037487    0.000000    2.127204
      7          1           0        3.056230    0.000000    1.490623
      8          1           0        3.056230    0.000000    2.624079
      9          1           0        4.074973    0.000000    1.987497
     10          1           0        4.074973    0.000000    3.120953
     11          1           0        5.093717    0.000000    2.484372
     12          1           0        5.093717    0.000000    3.617827
 ---------------------------------------------------------------------
                    Distance matrix (angstroms):
                    1          2          3          4          5
     1  H    0.000000
     2  H    1.133456   0.000000
     3  H    1.133456   1.201280   0.000000
     4  H    1.922450   1.133456   1.133456   0.000000
     5  H    2.266912   2.042271   1.133456   1.201280   0.000000
     6  H    2.945565   2.266912   1.922450   1.133456   1.133456
     7  H    3.400367   3.077029   2.266912   2.042271   1.133456
     8  H    4.028192   3.400367   2.945565   2.266912   1.922450
     9  H    4.533823   4.163508   3.400367   3.077029   2.266912
    10  H    5.132812   4.533823   4.028192   3.400367   2.945565
    11  H    5.667279   5.269812   4.533823   4.163508   3.400367
    12  H    6.247770   5.667279   5.132812   4.533823   4.028192
                    6          7          8          9         10
     6  H    0.000000
     7  H    1.201280   0.000000
     8  H    1.133456   1.133456   0.000000
     9  H    2.042271   1.133456   1.201280   0.000000
    10  H    2.266912   1.922450   1.133456   1.133456   0.000000
    11  H    3.077029   2.266912   2.042271   1.133456   1.201280
    12  H    3.400367   2.945565   2.266912   1.922450   1.133456
                   11         12
    11  H    0.000000
    12  H    1.133456   0.000000
 Stoichiometry    H12
 Framework group  C2H[SGH(H12)]
 Deg. of freedom    11
 Full point group                 C2H     NOp   4
 Largest Abelian subgroup         C2H     NOp   4
 Largest concise Abelian subgroup C2      NOp   2
                         Standard orientation:                         
 ---------------------------------------------------------------------
 Center     Atomic      Atomic             Coordinates (Angstroms)
 Number     Number       Type             X           Y           Z
 ---------------------------------------------------------------------
      1          1           0        2.883675    1.201280   -0.000000
      2          1           0        1.922450    1.801920   -0.000000
      3          1           0        1.922450    0.600640    0.000000
      4          1           0        0.961225    1.201280   -0.000000
      5          1           0        0.961225    0.000000    0.000000
      6          1           0        0.000000    0.600640   -0.000000
      7          1           0       -0.000000   -0.600640   -0.000000
      8          1           0       -0.961225    0.000000    0.000000
      9          1           0       -0.961225   -1.201280    0.000000
     10          1           0       -1.922450   -0.600640    0.000000
     11          1           0       -1.922450   -1.801920    0.000000
     12          1           0       -2.883675   -1.201280    0.000000
 ---------------------------------------------------------------------
 Rotational constants (GHZ):    163.9041680     10.9583722     10.2716275
 General basis read from cards:  (5D, 7F)
 There are     6 symmetry adapted cartesian basis functions of AG  symmetry.
 There are     0 symmetry adapted cartesian basis functions of BG  symmetry.
 There are     0 symmetry adapted cartesian basis functions of AU  symmetry.
 There are     6 symmetry adapted cartesian basis functions of BU  symmetry.
 There are     6 symmetry adapted basis functions of AG  symmetry.
 There are     0 symmetry adapted basis functions of BG  symmetry.
 There are     0 symmetry adapted basis functions of AU  symmetry.
 There are     6 symmetry adapted basis functions of BU  symmetry.
    12 basis functions,   120 primitive gaussians,    12 cartesian basis functions
     6 alpha electrons        6 beta electrons
       nuclear repulsion energy        17.8142366300 Hartrees.
 NAtoms=   12 NActive=   12 NUniq=    6 SFac= 4.00D+00 NAtFMM=   60 NAOKFM=F Big=F
 Integral buffers will be    131072 words long.
 Regular integral format.
 Two-electron integral symmetry is turned on.
 One-electron integrals computed using PRISM.
 NBasis=    12 RedAO= T EigKep=  1.64D-01  NBF=     6     0     0     6
 NBsUse=    12 1.00D-06 EigRej= -1.00D+00 NBFU=     6     0     0     6
 Initial guess from the checkpoint file:  "h12.chk"
 B after Tr=     0.000000    0.000000    0.000000
         Rot=    0.999998   -0.000000    0.000000    0.001837 Ang=   0.21 deg.
 Initial guess orbital symmetries:
       Occupied  (AG) (BU) (AG) (BU) (BU) (BU)
       Virtual   (AG) (AG) (AG) (BU) (BU) (AG)
 Keep R1 ints in memory in symmetry-blocked form, NReq=900508.
 Requested convergence on RMS density matrix=1.00D-08 within 128 cycles.
 Requested convergence on MAX density matrix=1.00D-06.
 Requested convergence on             energy=1.00D-06.
 No special actions if energy rises.
 SCF Done:  E(RHF) =  -5.47903735331     A.U. after    9 cycles
            NFock=  9  Conv=0.22D-08     -V/T= 1.8466
 Range of M.O.s used for correlation:     1    12
 NBasis=    12 NAE=     6 NBE=     6 NFC=     0 NFV=     0
 NROrb=     12 NOA=     6 NOB=     6 NVA=     6 NVB=     6

 **** Warning!!: The smallest alpha delta epsilon is -0.30029825D-01

 Semi-Direct transformation.
 ModeAB=           4 MOrb=             6 LenV=     134087657
 LASXX=         2181 LTotXX=        2181 LenRXX=        5115
 LTotAB=        2934 MaxLAS=        3024 LenRXY=           0
 NonZer=        7296 LenScr=      655360 LnRSAI=        3024
 LnScr1=      655360 LExtra=           0 Total=      1318859
 MaxDsk=          -1 SrtSym=           T ITran=            3
 JobTyp=0 Pass  1:  I=   1 to   6.
 (rs|ai) integrals will be sorted in core.
 Spin components of T(2) and E(2):
     alpha-alpha T2 =       0.3207885334D-01 E2=     -0.2274396105D-01
     alpha-beta  T2 =       0.3211729452D+01 E2=     -0.6292575706D-01
     beta-beta   T2 =       0.3207885334D-01 E2=     -0.2274396105D-01
 ANorm=    0.2067821839D+01
 E2 =    -0.1084136792D+00 EUMP2 =    -0.55874510324711D+01
 Second order stability test of a single determinant RHF wave function:
 Stabil:  MDV=134217728
 ***********************************************************************
 Matrix         Lowest Root    Major Pairs
 ***********************************************************************
 Internal RHF    -0.1846563    6A=7A
 RRHF --> CRHF   -0.2243318    6A=7A
 RRHF --> RUHF   -0.445523     6A=7B
 Not stable.
 ***********************************************************************

 **********************************************************************

            Population analysis using the SCF density.

 **********************************************************************

 Orbital symmetries:
       Occupied  (AG) (BU) (AG) (BU) (BU) (BU)
       Virtual   (AG) (AG) (AG) (BU) (BU) (AG)
 The electronic state is 1-AG.
 Alpha  occ. eigenvalues --   -0.86148  -0.78889  -0.63079  -0.43773  -0.37879
 Alpha  occ. eigenvalues --   -0.09246
 Alpha virt. eigenvalues --   -0.12249   0.02151   0.31154   0.31913   0.60554
 Alpha virt. eigenvalues --    0.67645
          Condensed to atoms (all electrons):
               1          2          3          4          5          6
     1  H    0.880788  -0.111250   0.325468  -0.077665  -0.075702   0.012558
     2  H   -0.111250   1.439831  -0.151817   0.118063  -0.048666  -0.137054
     3  H    0.325468  -0.151817   0.720754  -0.054359   0.070296   0.024694
     4  H   -0.077665   0.118063  -0.054359   0.642885   0.068037   0.218783
     5  H   -0.075702  -0.048666   0.070296   0.068037   1.049255  -0.151148
     6  H    0.012558  -0.137054   0.024694   0.218783  -0.151148   1.427334
     7  H   -0.014491   0.033813  -0.040801  -0.057443   0.336192  -0.539889
     8  H    0.003800   0.002412  -0.013042   0.002226  -0.176895   0.336192
     9  H    0.001934  -0.001522   0.007814  -0.026650   0.002226  -0.057443
    10  H   -0.000533   0.003321  -0.004207   0.007814  -0.013042  -0.040801
    11  H    0.000355  -0.001607   0.003321  -0.001522   0.002412   0.033813
    12  H   -0.000148   0.000355  -0.000533   0.001934   0.003800  -0.014491
               7          8          9         10         11         12
     1  H   -0.014491   0.003800   0.001934  -0.000533   0.000355  -0.000148
     2  H    0.033813   0.002412  -0.001522   0.003321  -0.001607   0.000355
     3  H   -0.040801  -0.013042   0.007814  -0.004207   0.003321  -0.000533
     4  H   -0.057443   0.002226  -0.026650   0.007814  -0.001522   0.001934
     5  H    0.336192  -0.176895   0.002226  -0.013042   0.002412   0.003800
     6  H   -0.539889   0.336192  -0.057443  -0.040801   0.033813  -0.014491
     7  H    1.427334  -0.151148   0.218783   0.024694  -0.137054   0.012558
     8  H   -0.151148   1.049255   0.068037   0.070296  -0.048666  -0.075702
     9  H    0.218783   0.068037   0.642885  -0.054359   0.118063  -0.077665
    10  H    0.024694   0.070296  -0.054359   0.720754  -0.151817   0.325468
    11  H   -0.137054  -0.048666   0.118063  -0.151817   1.439831  -0.111250
    12  H    0.012558  -0.075702  -0.077665   0.325468  -0.111250   0.880788
 Mulliken charges:
               1
     1  H    0.054886
     2  H   -0.145880
     3  H    0.112410
     4  H    0.157898
     5  H   -0.066765
     6  H   -0.112549
     7  H   -0.112549
     8  H   -0.066765
     9  H    0.157898
    10  H    0.112410
    11  H   -0.145880
    12  H    0.054886
 Sum of Mulliken charges =  -0.00000
 Mulliken charges with hydrogens summed into heavy atoms:
               1
 Electronic spatial extent (au):  <R**2>=            211.2022
 Charge=             -0.0000 electrons
 Dipole moment (field-independent basis, Debye):
    X=             -0.0000    Y=             -0.0000    Z=              0.0000  Tot=              0.0000
 Quadrupole moment (field-independent basis, Debye-Ang):
   XX=            -14.1747   YY=            -20.1028   ZZ=            -15.3069
   XY=              0.5053   XZ=             -0.0000   YZ=              0.0000
 Traceless Quadrupole moment (field-independent basis, Debye-Ang):
   XX=              2.3534   YY=             -3.5747   ZZ=              1.2213
   XY=              0.5053   XZ=             -0.0000   YZ=              0.0000
 Octapole moment (field-independent basis, Debye-Ang**2):
  XXX=             -0.0000  YYY=              0.0000  ZZZ=             -0.0000  XYY=              0.0000
  XXY=             -0.0000  XXZ=             -0.0000  XZZ=             -0.0000  YZZ=             -0.0000
  YYZ=             -0.0000  XYZ=              0.0000
 Hexadecapole moment (field-independent basis, Debye-Ang**3):
 XXXX=           -291.2723 YYYY=           -157.3939 ZZZZ=            -18.3185 XXXY=            -71.5211
 XXXZ=              0.0000 YYYX=            -89.4282 YYYZ=              0.0000 ZZZX=              0.0000
 ZZZY=              0.0000 XXYY=            -81.6123 XXZZ=            -52.1602 YYZZ=            -25.2794
 XXYZ=              0.0000 YYXZ=              0.0000 ZZXY=            -23.7648
 N-N= 1.781423662999D+01 E-N=-4.667771458857D+01  KE= 6.471440892765D+00
 Symmetry AG   KE= 1.320676352285D+00
 Symmetry BG   KE= 0.000000000000D+00
 Symmetry AU   KE= 0.000000000000D+00
 Symmetry BU   KE= 5.150764540480D+00

 Test job not archived.
 1\1\GINC-SULU\Stability\RHF\Gen\H12\LCJ1\17-Feb-2017\0\\#rhf/gen scf(s
 ymm,tight,novaracc,noincfock,fulldiag) stable(crhf) guess=read geom=no
 crowd test\\hf stability analysis of h10 triangular lattice, y= 0.9612
 2506680355879\\0,1\H\H,1,1.1334558196\H,1,1.1334558196,2,64.\H,2,1.133
 4558196,1,116.,3,0.,0\H,3,1.1334558196,1,180.,2,0.,0\H,4,1.1334558196,
 2,180.,1,0.,0\H,5,1.1334558196,3,180.,2,0.,0\H,6,1.1334558196,4,180.,1
 ,0.,0\H,7,1.1334558196,5,180.,2,0.,0\H,8,1.1334558196,6,180.,1,0.,0\H,
 9,1.1334558196,7,180.,2,0.,0\H,10,1.1334558196,8,180.,1,0.,0\\Version=
 ES64L-G09RevE.01\State=1-AG\HF=-5.4790374\MP2=-5.587451\RMSD=2.176e-09
 \Dipole=0.,0.,0.\Quadrupole=-1.0823804,0.9079711,0.1744093,0.,2.145357
 4,0.\PG=C02H [SGH(H12)]\\@


 THE BEST WAY TO CONVINCE A FOOL THAT HE IS WRONG 
 IS TO LET HIM HAVE HIS OWN WAY.

                                         JOSH BILLINGS
 Job cpu time:       0 days  0 hours  0 minutes  1.0 seconds.
 File lengths (MBytes):  RWF=     84 Int=      0 D2E=      0 Chk=      2 Scr=      2
 Normal termination of Gaussian 09 at Fri Feb 17 13:58:13 2017.
