 Entering Gaussian System, Link 0=g09
 AtFile(1): H.gbs
            H     0
            S   10   1.00
               1000.000000000000            0.000068713567
                316.227766000000            0.000169141320
                100.000000000000            0.000823394812
                 31.622776600000            0.003425569236
                 10.000000000000            0.013951996000
                  3.162277660000            0.056909313560
                  1.000000000000            0.198286399900
                  0.316227766000            0.496922426700
                  0.100000000000            0.369846276400
                  0.031622776600            0.003752720039
            ****
 Initial command:
 /projects/guscus/apps/gau/g09-e1/g09/l1.exe "/users/lcj1/gaussian/h12/rhfstability/2rows/alterguess/2to4/Gau-5329.inp" -scrdir="/users/lcj1/gaussian/h12/rhfstability/2rows/alterguess/2to4/"
 Entering Link 1 = /projects/guscus/apps/gau/g09-e1/g09/l1.exe PID=      5330.
  
 Copyright (c) 1988,1990,1992,1993,1995,1998,2003,2009,2015,
            Gaussian, Inc.  All Rights Reserved.
  
 This is part of the Gaussian(R) 09 program.  It is based on
 the Gaussian(R) 03 system (copyright 2003, Gaussian, Inc.),
 the Gaussian(R) 98 system (copyright 1998, Gaussian, Inc.),
 the Gaussian(R) 94 system (copyright 1995, Gaussian, Inc.),
 the Gaussian 92(TM) system (copyright 1992, Gaussian, Inc.),
 the Gaussian 90(TM) system (copyright 1990, Gaussian, Inc.),
 the Gaussian 88(TM) system (copyright 1988, Gaussian, Inc.),
 the Gaussian 86(TM) system (copyright 1986, Carnegie Mellon
 University), and the Gaussian 82(TM) system (copyright 1983,
 Carnegie Mellon University). Gaussian is a federally registered
 trademark of Gaussian, Inc.
  
 This software contains proprietary and confidential information,
 including trade secrets, belonging to Gaussian, Inc.
  
 This software is provided under written license and may be
 used, copied, transmitted, or stored only in accord with that
 written license.
  
 The following legend is applicable only to US Government
 contracts under FAR:
  
                    RESTRICTED RIGHTS LEGEND
  
 Use, reproduction and disclosure by the US Government is
 subject to restrictions as set forth in subparagraphs (a)
 and (c) of the Commercial Computer Software - Restricted
 Rights clause in FAR 52.227-19.
  
 Gaussian, Inc.
 340 Quinnipiac St., Bldg. 40, Wallingford CT 06492
  
  
 ---------------------------------------------------------------
 Warning -- This program may not be used in any manner that
 competes with the business of Gaussian, Inc. or will provide
 assistance to any competitor of Gaussian, Inc.  The licensee
 of this program is prohibited from giving any competitor of
 Gaussian, Inc. access to this program.  By using this program,
 the user acknowledges that Gaussian, Inc. is engaged in the
 business of creating and licensing software in the field of
 computational chemistry and represents and warrants to the
 licensee that it is not a competitor of Gaussian, Inc. and that
 it will not use this program in any manner prohibited above.
 ---------------------------------------------------------------
  

 Cite this work as:
 Gaussian 09, Revision E.01,
 M. J. Frisch, G. W. Trucks, H. B. Schlegel, G. E. Scuseria, 
 M. A. Robb, J. R. Cheeseman, G. Scalmani, V. Barone, B. Mennucci, 
 G. A. Petersson, H. Nakatsuji, M. Caricato, X. Li, H. P. Hratchian, 
 A. F. Izmaylov, J. Bloino, G. Zheng, J. L. Sonnenberg, M. Hada, 
 M. Ehara, K. Toyota, R. Fukuda, J. Hasegawa, M. Ishida, T. Nakajima, 
 Y. Honda, O. Kitao, H. Nakai, T. Vreven, J. A. Montgomery, Jr., 
 J. E. Peralta, F. Ogliaro, M. Bearpark, J. J. Heyd, E. Brothers, 
 K. N. Kudin, V. N. Staroverov, T. Keith, R. Kobayashi, J. Normand, 
 K. Raghavachari, A. Rendell, J. C. Burant, S. S. Iyengar, J. Tomasi, 
 M. Cossi, N. Rega, J. M. Millam, M. Klene, J. E. Knox, J. B. Cross, 
 V. Bakken, C. Adamo, J. Jaramillo, R. Gomperts, R. E. Stratmann, 
 O. Yazyev, A. J. Austin, R. Cammi, C. Pomelli, J. W. Ochterski, 
 R. L. Martin, K. Morokuma, V. G. Zakrzewski, G. A. Voth, 
 P. Salvador, J. J. Dannenberg, S. Dapprich, A. D. Daniels, 
 O. Farkas, J. B. Foresman, J. V. Ortiz, J. Cioslowski, 
 and D. J. Fox, Gaussian, Inc., Wallingford CT, 2013.
 
 ******************************************
 Gaussian 09:  ES64L-G09RevE.01 30-Nov-2015
                17-Feb-2017 
 ******************************************
 %chk=h12.chk
 ----------------------------------------------------------------------
 #rhf/gen scf(symm,tight,novaracc,noincfock,fulldiag) stable(crhf) gues
 s=read geom=nocrowd test
 ----------------------------------------------------------------------
 1/38=1/1;
 2/12=1,17=6,18=5,40=1/2;
 3/5=7,16=1,25=1,30=1,116=1/1,2,3;
 4/5=1,9=4/1;
 5/5=100002,15=2,16=1,32=2,38=6/2;
 8/6=1,10=90,11=11/1,4;
 9/8=4,13=1/2;
 6/7=2,8=2,9=2,10=2,28=1/1;
 99/5=1,9=1/99;
 ----------------------------------------------------------------------
 hf stability analysis of h10 triangular lattice, y= 0.4331194750473593
 1
 ----------------------------------------------------------------------
 Symbolic Z-matrix:
 Charge =  0 Multiplicity = 1
 H
 H                    1     1.4016 
 H                    1     1.4016   2     144. 
 H                    2     1.4016   1     36.      3     0.       0
 H                    3     1.4016   1     180.     2     0.       0
 H                    4     1.4016   2     180.     1     0.       0
 H                    5     1.4016   3     180.     2     0.       0
 H                    6     1.4016   4     180.     1     0.       0
 H                    7     1.4016   5     180.     2     0.       0
 H                    8     1.4016   6     180.     1     0.       0
 H                    9     1.4016   7     180.     2     0.       0
 H                    10    1.4016   8     180.     1     0.       0
 
                          Input orientation:                          
 ---------------------------------------------------------------------
 Center     Atomic      Atomic             Coordinates (Angstroms)
 Number     Number       Type             X           Y           Z
 ---------------------------------------------------------------------
      1          1           0        0.000000    0.000000    0.000000
      2          1           0        0.000000    0.000000    1.401604
      3          1           0        0.823842    0.000000   -1.133921
      4          1           0        0.823842    0.000000    0.267683
      5          1           0        1.647684    0.000000   -2.267843
      6          1           0        1.647684    0.000000   -0.866239
      7          1           0        2.471527    0.000000   -3.401764
      8          1           0        2.471527    0.000000   -2.000160
      9          1           0        3.295369    0.000000   -4.535686
     10          1           0        3.295369    0.000000   -3.134082
     11          1           0        4.119211    0.000000   -5.669607
     12          1           0        4.119211    0.000000   -4.268003
 ---------------------------------------------------------------------
                    Distance matrix (angstroms):
                    1          2          3          4          5
     1  H    0.000000
     2  H    1.401604   0.000000
     3  H    1.401604   2.666009   0.000000
     4  H    0.866239   1.401604   1.401604   0.000000
     5  H    2.803208   4.022400   1.401604   2.666009   0.000000
     6  H    1.861514   2.803208   0.866239   1.401604   1.401604
     7  H    4.204812   5.401925   2.803208   4.022400   1.401604
     8  H    3.179479   4.204812   1.861514   2.803208   0.866239
     9  H    5.606416   6.790498   4.204812   5.401925   2.803208
    10  H    4.547738   5.606416   3.179479   4.204812   1.861514
    11  H    7.008020   8.183516   5.606416   6.790498   4.204812
    12  H    5.931589   7.008020   4.547738   5.606416   3.179479
                    6          7          8          9         10
     6  H    0.000000
     7  H    2.666009   0.000000
     8  H    1.401604   1.401604   0.000000
     9  H    4.022400   1.401604   2.666009   0.000000
    10  H    2.803208   0.866239   1.401604   1.401604   0.000000
    11  H    5.401925   2.803208   4.022400   1.401604   2.666009
    12  H    4.204812   1.861514   2.803208   0.866239   1.401604
                   11         12
    11  H    0.000000
    12  H    1.401604   0.000000
 Stoichiometry    H12
 Framework group  C2H[SGH(H12)]
 Deg. of freedom    11
 Full point group                 C2H     NOp   4
 Largest Abelian subgroup         C2H     NOp   4
 Largest concise Abelian subgroup C2      NOp   2
                         Standard orientation:                         
 ---------------------------------------------------------------------
 Center     Atomic      Atomic             Coordinates (Angstroms)
 Number     Number       Type             X           Y           Z
 ---------------------------------------------------------------------
      1          1           0        2.666009    1.299358    0.000000
      2          1           0        3.999014    0.866239    0.000000
      3          1           0        1.333005    0.866239    0.000000
      4          1           0        2.666009    0.433119    0.000000
      5          1           0        0.000000    0.433119    0.000000
      6          1           0        1.333005    0.000000    0.000000
      7          1           0       -1.333005    0.000000    0.000000
      8          1           0       -0.000000   -0.433119   -0.000000
      9          1           0       -2.666009   -0.433119    0.000000
     10          1           0       -1.333005   -0.866239   -0.000000
     11          1           0       -3.999014   -0.866239    0.000000
     12          1           0       -2.666009   -1.299358   -0.000000
 ---------------------------------------------------------------------
 Rotational constants (GHZ):    260.4906258      6.8951543      6.7173470
 General basis read from cards:  (5D, 7F)
 There are     6 symmetry adapted cartesian basis functions of AG  symmetry.
 There are     0 symmetry adapted cartesian basis functions of BG  symmetry.
 There are     0 symmetry adapted cartesian basis functions of AU  symmetry.
 There are     6 symmetry adapted cartesian basis functions of BU  symmetry.
 There are     6 symmetry adapted basis functions of AG  symmetry.
 There are     0 symmetry adapted basis functions of BG  symmetry.
 There are     0 symmetry adapted basis functions of AU  symmetry.
 There are     6 symmetry adapted basis functions of BU  symmetry.
    12 basis functions,   120 primitive gaussians,    12 cartesian basis functions
     6 alpha electrons        6 beta electrons
       nuclear repulsion energy        15.8805666437 Hartrees.
 NAtoms=   12 NActive=   12 NUniq=    6 SFac= 4.00D+00 NAtFMM=   60 NAOKFM=F Big=F
 Integral buffers will be    131072 words long.
 Regular integral format.
 Two-electron integral symmetry is turned on.
 One-electron integrals computed using PRISM.
 NBasis=    12 RedAO= T EigKep=  1.74D-01  NBF=     6     0     0     6
 NBsUse=    12 1.00D-06 EigRej= -1.00D+00 NBFU=     6     0     0     6
 Initial guess from the checkpoint file:  "h12.chk"
 B after Tr=    -0.000000   -0.000000    0.000000
         Rot=    0.999998   -0.000000    0.000000   -0.001837 Ang=  -0.21 deg.
 Initial guess orbital symmetries:
       Occupied  (AG) (BU) (AG) (BU) (BU) (BU)
       Virtual   (AG) (AG) (AG) (BU) (AG) (BU)
 Keep R1 ints in memory in symmetry-blocked form, NReq=895678.
 Requested convergence on RMS density matrix=1.00D-08 within 128 cycles.
 Requested convergence on MAX density matrix=1.00D-06.
 Requested convergence on             energy=1.00D-06.
 No special actions if energy rises.
 SCF Done:  E(RHF) =  -5.34448223530     A.U. after    9 cycles
            NFock=  9  Conv=0.27D-08     -V/T= 1.8352
 Range of M.O.s used for correlation:     1    12
 NBasis=    12 NAE=     6 NBE=     6 NFC=     0 NFV=     0
 NROrb=     12 NOA=     6 NOB=     6 NVA=     6 NVB=     6

 **** Warning!!: The smallest alpha delta epsilon is -0.20957708D-01

 Semi-Direct transformation.
 ModeAB=           4 MOrb=             6 LenV=     134092795
 LASXX=         2181 LTotXX=        2181 LenRXX=        5115
 LTotAB=        2934 MaxLAS=        3024 LenRXY=           0
 NonZer=        7296 LenScr=      655360 LnRSAI=        3024
 LnScr1=      655360 LExtra=           0 Total=      1318859
 MaxDsk=          -1 SrtSym=           T ITran=            3
 JobTyp=0 Pass  1:  I=   1 to   6.
 (rs|ai) integrals will be sorted in core.
 Spin components of T(2) and E(2):
     alpha-alpha T2 =       0.3724945497D-01 E2=     -0.2116386903D-01
     alpha-beta  T2 =       0.1368286404D+02 E2=      0.6189377377D-02
     beta-beta   T2 =       0.3724945497D-01 E2=     -0.2116386903D-01
 ANorm=    0.3841531329D+01
 E2 =    -0.3613836069D-01 EUMP2 =    -0.53806205959897D+01
 Second order stability test of a single determinant RHF wave function:
 Stabil:  MDV=134217728
 ***********************************************************************
 Matrix         Lowest Root    Major Pairs
 ***********************************************************************
 Internal RHF    -0.1457355    5A=7A
 RRHF --> CRHF   -0.2135792    5A=7A 5A=8A 6A=7A 6A=8A
 RRHF --> RUHF   -0.5636125    6A=7B 6A=8B
 Not stable.
 ***********************************************************************

 **********************************************************************

            Population analysis using the SCF density.

 **********************************************************************

 Orbital symmetries:
       Occupied  (AG) (BU) (AG) (BU) (BU) (BU)
       Virtual   (AG) (AG) (AG) (BU) (AG) (BU)
 The electronic state is 1-AG.
 Alpha  occ. eigenvalues --   -0.81532  -0.75181  -0.64436  -0.50623  -0.19811
 Alpha  occ. eigenvalues --   -0.11836
 Alpha virt. eigenvalues --   -0.13932   0.02960   0.13086   0.28451   0.46401
 Alpha virt. eigenvalues --    0.61397
          Condensed to atoms (all electrons):
               1          2          3          4          5          6
     1  H    0.826147  -0.148179  -0.004618   0.442951  -0.001336  -0.126474
     2  H   -0.148179   1.299903   0.002561  -0.095954   0.001752   0.009255
     3  H   -0.004618   0.002561   0.878853  -0.125381   0.370821  -0.008859
     4  H    0.442951  -0.095954  -0.125381   0.763414  -0.049348  -0.002637
     5  H   -0.001336   0.001752   0.370821  -0.049348   1.298241  -0.218445
     6  H   -0.126474   0.009255  -0.008859  -0.002637  -0.218445   1.163502
     7  H    0.003930  -0.000177   0.016461  -0.000584   0.340354  -0.088418
     8  H   -0.010276  -0.002132  -0.169523   0.022880  -0.609435   0.340354
     9  H   -0.000116   0.000036   0.003127  -0.000275   0.022880  -0.000584
    10  H    0.000189  -0.000029  -0.032328   0.003127  -0.169523   0.016461
    11  H    0.000033  -0.000013  -0.000029   0.000036  -0.002132  -0.000177
    12  H   -0.000153   0.000033   0.000189  -0.000116  -0.010276   0.003930
               7          8          9         10         11         12
     1  H    0.003930  -0.010276  -0.000116   0.000189   0.000033  -0.000153
     2  H   -0.000177  -0.002132   0.000036  -0.000029  -0.000013   0.000033
     3  H    0.016461  -0.169523   0.003127  -0.032328  -0.000029   0.000189
     4  H   -0.000584   0.022880  -0.000275   0.003127   0.000036  -0.000116
     5  H    0.340354  -0.609435   0.022880  -0.169523  -0.002132  -0.010276
     6  H   -0.088418   0.340354  -0.000584   0.016461  -0.000177   0.003930
     7  H    1.163502  -0.218445  -0.002637  -0.008859   0.009255  -0.126474
     8  H   -0.218445   1.298241  -0.049348   0.370821   0.001752  -0.001336
     9  H   -0.002637  -0.049348   0.763414  -0.125381  -0.095954   0.442951
    10  H   -0.008859   0.370821  -0.125381   0.878853   0.002561  -0.004618
    11  H    0.009255   0.001752  -0.095954   0.002561   1.299903  -0.148179
    12  H   -0.126474  -0.001336   0.442951  -0.004618  -0.148179   0.826147
 Mulliken charges:
               1
     1  H    0.017902
     2  H   -0.067055
     3  H    0.068725
     4  H    0.041887
     5  H    0.026447
     6  H   -0.087907
     7  H   -0.087907
     8  H    0.026447
     9  H    0.041887
    10  H    0.068725
    11  H   -0.067055
    12  H    0.017902
 Sum of Mulliken charges =   0.00000
 Mulliken charges with hydrogens summed into heavy atoms:
               1
 Electronic spatial extent (au):  <R**2>=            309.0824
 Charge=              0.0000 electrons
 Dipole moment (field-independent basis, Debye):
    X=              0.0000    Y=              0.0000    Z=             -0.0000  Tot=              0.0000
 Quadrupole moment (field-independent basis, Debye-Ang):
   XX=            -24.9099   YY=            -16.7191   ZZ=            -15.5346
   XY=              0.1077   XZ=              0.0000   YZ=             -0.0000
 Traceless Quadrupole moment (field-independent basis, Debye-Ang):
   XX=             -5.8554   YY=              2.3354   ZZ=              3.5200
   XY=              0.1077   XZ=              0.0000   YZ=             -0.0000
 Octapole moment (field-independent basis, Debye-Ang**2):
  XXX=              0.0000  YYY=             -0.0000  ZZZ=             -0.0000  XYY=             -0.0000
  XXY=             -0.0000  XXZ=             -0.0000  XZZ=             -0.0000  YZZ=             -0.0000
  YYZ=             -0.0000  XYZ=             -0.0000
 Hexadecapole moment (field-independent basis, Debye-Ang**3):
 XXXX=           -842.8809 YYYY=            -75.7704 ZZZZ=            -18.8759 XXXY=           -120.0859
 XXXZ=             -0.0000 YYYX=            -68.0421 YYYZ=             -0.0000 ZZZX=             -0.0000
 ZZZY=             -0.0000 XXYY=           -109.1316 XXZZ=            -96.2960 YYZZ=            -16.1596
 XXYZ=             -0.0000 YYXZ=             -0.0000 ZZXY=            -23.8146
 N-N= 1.588056664373D+01 E-N=-4.278066628859D+01  KE= 6.398957529476D+00
 Symmetry AG   KE= 1.344880475058D+00
 Symmetry BG   KE= 0.000000000000D+00
 Symmetry AU   KE= 0.000000000000D+00
 Symmetry BU   KE= 5.054077054418D+00

 Test job not archived.
 1\1\GINC-SULU\Stability\RHF\Gen\H12\LCJ1\17-Feb-2017\0\\#rhf/gen scf(s
 ymm,tight,novaracc,noincfock,fulldiag) stable(crhf) guess=read geom=no
 crowd test\\hf stability analysis of h10 triangular lattice, y= 0.4331
 1947504735931\\0,1\H\H,1,1.4016040259\H,1,1.4016040259,2,144.\H,2,1.40
 16040259,1,36.,3,0.,0\H,3,1.4016040259,1,180.,2,0.,0\H,4,1.4016040259,
 2,180.,1,0.,0\H,5,1.4016040259,3,180.,2,0.,0\H,6,1.4016040259,4,180.,1
 ,0.,0\H,7,1.4016040259,5,180.,2,0.,0\H,8,1.4016040259,6,180.,1,0.,0\H,
 9,1.4016040259,7,180.,2,0.,0\H,10,1.4016040259,8,180.,1,0.,0\\Version=
 ES64L-G09RevE.01\State=1-AG\HF=-5.3444822\MP2=-5.3806206\RMSD=2.716e-0
 9\Dipole=0.,0.,0.\Quadrupole=1.2018949,2.6170085,-3.8189033,0.,1.72492
 19,0.\PG=C02H [SGH(H12)]\\@


 TOWERING GENIUS DISDAINS A BEATEN PATH.  IT SEEKS 
 REGIONS HITHERTO UNEXPLORED.

                                -- ABRAHAM LINCOLN
 Job cpu time:       0 days  0 hours  0 minutes  1.0 seconds.
 File lengths (MBytes):  RWF=     84 Int=      0 D2E=      0 Chk=      2 Scr=      2
 Normal termination of Gaussian 09 at Fri Feb 17 13:50:04 2017.
