 Entering Gaussian System, Link 0=g09
 AtFile(1): H.gbs
            H     0
            S   10   1.00
               1000.000000000000            0.000068713567
                316.227766000000            0.000169141320
                100.000000000000            0.000823394812
                 31.622776600000            0.003425569236
                 10.000000000000            0.013951996000
                  3.162277660000            0.056909313560
                  1.000000000000            0.198286399900
                  0.316227766000            0.496922426700
                  0.100000000000            0.369846276400
                  0.031622776600            0.003752720039
            ****
 Initial command:
 /projects/guscus/apps/gau/g09-e1/g09/l1.exe "/users/lcj1/gaussian/h12/rhfstability/2rows/alterguess/2to4/Gau-32551.inp" -scrdir="/users/lcj1/gaussian/h12/rhfstability/2rows/alterguess/2to4/"
 Entering Link 1 = /projects/guscus/apps/gau/g09-e1/g09/l1.exe PID=     32552.
  
 Copyright (c) 1988,1990,1992,1993,1995,1998,2003,2009,2015,
            Gaussian, Inc.  All Rights Reserved.
  
 This is part of the Gaussian(R) 09 program.  It is based on
 the Gaussian(R) 03 system (copyright 2003, Gaussian, Inc.),
 the Gaussian(R) 98 system (copyright 1998, Gaussian, Inc.),
 the Gaussian(R) 94 system (copyright 1995, Gaussian, Inc.),
 the Gaussian 92(TM) system (copyright 1992, Gaussian, Inc.),
 the Gaussian 90(TM) system (copyright 1990, Gaussian, Inc.),
 the Gaussian 88(TM) system (copyright 1988, Gaussian, Inc.),
 the Gaussian 86(TM) system (copyright 1986, Carnegie Mellon
 University), and the Gaussian 82(TM) system (copyright 1983,
 Carnegie Mellon University). Gaussian is a federally registered
 trademark of Gaussian, Inc.
  
 This software contains proprietary and confidential information,
 including trade secrets, belonging to Gaussian, Inc.
  
 This software is provided under written license and may be
 used, copied, transmitted, or stored only in accord with that
 written license.
  
 The following legend is applicable only to US Government
 contracts under FAR:
  
                    RESTRICTED RIGHTS LEGEND
  
 Use, reproduction and disclosure by the US Government is
 subject to restrictions as set forth in subparagraphs (a)
 and (c) of the Commercial Computer Software - Restricted
 Rights clause in FAR 52.227-19.
  
 Gaussian, Inc.
 340 Quinnipiac St., Bldg. 40, Wallingford CT 06492
  
  
 ---------------------------------------------------------------
 Warning -- This program may not be used in any manner that
 competes with the business of Gaussian, Inc. or will provide
 assistance to any competitor of Gaussian, Inc.  The licensee
 of this program is prohibited from giving any competitor of
 Gaussian, Inc. access to this program.  By using this program,
 the user acknowledges that Gaussian, Inc. is engaged in the
 business of creating and licensing software in the field of
 computational chemistry and represents and warrants to the
 licensee that it is not a competitor of Gaussian, Inc. and that
 it will not use this program in any manner prohibited above.
 ---------------------------------------------------------------
  

 Cite this work as:
 Gaussian 09, Revision E.01,
 M. J. Frisch, G. W. Trucks, H. B. Schlegel, G. E. Scuseria, 
 M. A. Robb, J. R. Cheeseman, G. Scalmani, V. Barone, B. Mennucci, 
 G. A. Petersson, H. Nakatsuji, M. Caricato, X. Li, H. P. Hratchian, 
 A. F. Izmaylov, J. Bloino, G. Zheng, J. L. Sonnenberg, M. Hada, 
 M. Ehara, K. Toyota, R. Fukuda, J. Hasegawa, M. Ishida, T. Nakajima, 
 Y. Honda, O. Kitao, H. Nakai, T. Vreven, J. A. Montgomery, Jr., 
 J. E. Peralta, F. Ogliaro, M. Bearpark, J. J. Heyd, E. Brothers, 
 K. N. Kudin, V. N. Staroverov, T. Keith, R. Kobayashi, J. Normand, 
 K. Raghavachari, A. Rendell, J. C. Burant, S. S. Iyengar, J. Tomasi, 
 M. Cossi, N. Rega, J. M. Millam, M. Klene, J. E. Knox, J. B. Cross, 
 V. Bakken, C. Adamo, J. Jaramillo, R. Gomperts, R. E. Stratmann, 
 O. Yazyev, A. J. Austin, R. Cammi, C. Pomelli, J. W. Ochterski, 
 R. L. Martin, K. Morokuma, V. G. Zakrzewski, G. A. Voth, 
 P. Salvador, J. J. Dannenberg, S. Dapprich, A. D. Daniels, 
 O. Farkas, J. B. Foresman, J. V. Ortiz, J. Cioslowski, 
 and D. J. Fox, Gaussian, Inc., Wallingford CT, 2013.
 
 ******************************************
 Gaussian 09:  ES64L-G09RevE.01 30-Nov-2015
                17-Feb-2017 
 ******************************************
 %chk=h12.chk
 ----------------------------------------------------------------------
 #rhf/gen scf(symm,tight,novaracc,noincfock,fulldiag) stable(crhf) gues
 s=read geom=nocrowd test
 ----------------------------------------------------------------------
 1/38=1/1;
 2/12=1,17=6,18=5,40=1/2;
 3/5=7,16=1,25=1,30=1,116=1/1,2,3;
 4/5=1,9=4/1;
 5/5=100002,15=2,16=1,32=2,38=6/2;
 8/6=1,10=90,11=11/1,4;
 9/8=4,13=1/2;
 6/7=2,8=2,9=2,10=2,28=1/1;
 99/5=1,9=1/99;
 ----------------------------------------------------------------------
 hf stability analysis of h10 triangular lattice, y= 1.4189643903365978
 ----------------------------------------------------------------------
 Symbolic Z-matrix:
 Charge =  0 Multiplicity = 1
 H
 H                    1     1.47615 
 H                    1     1.47615  2     32. 
 H                    2     1.47615  1     148.     3     0.       0
 H                    3     1.47615  1     180.     2     0.       0
 H                    4     1.47615  2     180.     1     0.       0
 H                    5     1.47615  3     180.     2     0.       0
 H                    6     1.47615  4     180.     1     0.       0
 H                    7     1.47615  5     180.     2     0.       0
 H                    8     1.47615  6     180.     1     0.       0
 H                    9     1.47615  7     180.     2     0.       0
 H                    10    1.47615  8     180.     1     0.       0
 
                          Input orientation:                          
 ---------------------------------------------------------------------
 Center     Atomic      Atomic             Coordinates (Angstroms)
 Number     Number       Type             X           Y           Z
 ---------------------------------------------------------------------
      1          1           0        0.000000    0.000000    0.000000
      2          1           0        0.000000    0.000000    1.476148
      3          1           0        0.782239    0.000000    1.251844
      4          1           0        0.782239    0.000000    2.727992
      5          1           0        1.564478    0.000000    2.503689
      6          1           0        1.564478    0.000000    3.979837
      7          1           0        2.346718    0.000000    3.755533
      8          1           0        2.346718    0.000000    5.231681
      9          1           0        3.128957    0.000000    5.007377
     10          1           0        3.128957    0.000000    6.483525
     11          1           0        3.911196    0.000000    6.259222
     12          1           0        3.911196    0.000000    7.735370
 ---------------------------------------------------------------------
                    Distance matrix (angstroms):
                    1          2          3          4          5
     1  H    0.000000
     2  H    1.476148   0.000000
     3  H    1.476148   0.813763   0.000000
     4  H    2.837929   1.476148   1.476148   0.000000
     5  H    2.952296   1.871746   1.476148   0.813763   0.000000
     6  H    4.276294   2.952296   2.837929   1.476148   1.476148
     7  H    4.428444   3.271495   2.952296   1.871746   1.476148
     8  H    5.733896   4.428444   4.276294   2.952296   2.837929
     9  H    5.904591   4.718045   4.428444   3.271495   2.952296
    10  H    7.199060   5.904591   5.733896   4.428444   4.276294
    11  H    7.380739   6.178612   5.904591   4.718045   4.428444
    12  H    8.667952   7.380739   7.199060   5.904591   5.733896
                    6          7          8          9         10
     6  H    0.000000
     7  H    0.813763   0.000000
     8  H    1.476148   1.476148   0.000000
     9  H    1.871746   1.476148   0.813763   0.000000
    10  H    2.952296   2.837929   1.476148   1.476148   0.000000
    11  H    3.271495   2.952296   1.871746   1.476148   0.813763
    12  H    4.428444   4.276294   2.952296   2.837929   1.476148
                   11         12
    11  H    0.000000
    12  H    1.476148   0.000000
 Stoichiometry    H12
 Framework group  C2H[SGH(H12)]
 Deg. of freedom    11
 Full point group                 C2H     NOp   4
 Largest Abelian subgroup         C2H     NOp   4
 Largest concise Abelian subgroup C2      NOp   2
                         Standard orientation:                         
 ---------------------------------------------------------------------
 Center     Atomic      Atomic             Coordinates (Angstroms)
 Number     Number       Type             X           Y           Z
 ---------------------------------------------------------------------
      1          1           0        4.256893    0.813763   -0.000000
      2          1           0        2.837929    1.220644   -0.000000
      3          1           0        2.837929    0.406881   -0.000000
      4          1           0        1.418964    0.813763   -0.000000
      5          1           0        1.418964    0.000000   -0.000000
      6          1           0        0.000000    0.406881    0.000000
      7          1           0       -0.000000   -0.406881    0.000000
      8          1           0       -1.418964    0.000000   -0.000000
      9          1           0       -1.418964   -0.813763   -0.000000
     10          1           0       -2.837929   -0.406881   -0.000000
     11          1           0       -2.837929   -1.220644   -0.000000
     12          1           0       -4.256893   -0.813763   -0.000000
 ---------------------------------------------------------------------
 Rotational constants (GHZ):    290.3986387      6.1850241      6.0560401
 General basis read from cards:  (5D, 7F)
 There are     6 symmetry adapted cartesian basis functions of AG  symmetry.
 There are     0 symmetry adapted cartesian basis functions of BG  symmetry.
 There are     0 symmetry adapted cartesian basis functions of AU  symmetry.
 There are     6 symmetry adapted cartesian basis functions of BU  symmetry.
 There are     6 symmetry adapted basis functions of AG  symmetry.
 There are     0 symmetry adapted basis functions of BG  symmetry.
 There are     0 symmetry adapted basis functions of AU  symmetry.
 There are     6 symmetry adapted basis functions of BU  symmetry.
    12 basis functions,   120 primitive gaussians,    12 cartesian basis functions
     6 alpha electrons        6 beta electrons
       nuclear repulsion energy        15.4783257980 Hartrees.
 NAtoms=   12 NActive=   12 NUniq=    6 SFac= 4.00D+00 NAtFMM=   60 NAOKFM=F Big=F
 Integral buffers will be    131072 words long.
 Regular integral format.
 Two-electron integral symmetry is turned on.
 One-electron integrals computed using PRISM.
 NBasis=    12 RedAO= T EigKep=  1.70D-01  NBF=     6     0     0     6
 NBsUse=    12 1.00D-06 EigRej= -1.00D+00 NBFU=     6     0     0     6
 Initial guess from the checkpoint file:  "h12.chk"
 B after Tr=     0.000000    0.000000    0.000000
         Rot=    0.999998   -0.000000   -0.000000    0.001837 Ang=   0.21 deg.
 Initial guess orbital symmetries:
       Occupied  (AG) (BU) (AG) (BU) (BU) (BU)
       Virtual   (AG) (AG) (AG) (BU) (AG) (BU)
 Keep R1 ints in memory in symmetry-blocked form, NReq=894530.
 Requested convergence on RMS density matrix=1.00D-08 within 128 cycles.
 Requested convergence on MAX density matrix=1.00D-06.
 Requested convergence on             energy=1.00D-06.
 No special actions if energy rises.
 SCF Done:  E(RHF) =  -5.27774250771     A.U. after    8 cycles
            NFock=  8  Conv=0.79D-08     -V/T= 1.8272
 Range of M.O.s used for correlation:     1    12
 NBasis=    12 NAE=     6 NBE=     6 NFC=     0 NFV=     0
 NROrb=     12 NOA=     6 NOB=     6 NVA=     6 NVB=     6

 **** Warning!!: The smallest alpha delta epsilon is -0.24291468D-01

 Semi-Direct transformation.
 ModeAB=           4 MOrb=             6 LenV=     134093411
 LASXX=         2181 LTotXX=        2181 LenRXX=        5115
 LTotAB=        2934 MaxLAS=        3024 LenRXY=           0
 NonZer=        7296 LenScr=      655360 LnRSAI=        3024
 LnScr1=      655360 LExtra=           0 Total=      1318859
 MaxDsk=          -1 SrtSym=           T ITran=            3
 JobTyp=0 Pass  1:  I=   1 to   6.
 (rs|ai) integrals will be sorted in core.
 Spin components of T(2) and E(2):
     alpha-alpha T2 =       0.3616233371D-01 E2=     -0.2029502279D-01
     alpha-beta  T2 =       0.5219203668D+02 E2=     -0.4125035827D-01
     beta-beta   T2 =       0.3616233371D-01 E2=     -0.2029502279D-01
 ANorm=    0.7298243717D+01
 E2 =    -0.8184040385D-01 EUMP2 =    -0.53595829115616D+01
 Second order stability test of a single determinant RHF wave function:
 Stabil:  MDV=134217728
 ***********************************************************************
 Matrix         Lowest Root    Major Pairs
 ***********************************************************************
 Internal RHF    -0.2189483    5A=7A 6A=7A 5A=8A 6A=8A
 RRHF --> CRHF   -0.2964683    5A=7A 6A=7A 5A=8A 6A=8A
 RRHF --> RUHF   -0.5686514    6A=7B 6A=8B 5A=7B 5A=8B 4A=7B 4A=8B
 Not stable.
 ***********************************************************************

 **********************************************************************

            Population analysis using the SCF density.

 **********************************************************************

 Orbital symmetries:
       Occupied  (AG) (BU) (AG) (BU) (BU) (BU)
       Virtual   (AG) (AG) (AG) (BU) (AG) (BU)
 The electronic state is 1-AG.
 Alpha  occ. eigenvalues --   -0.80099  -0.74400  -0.64728  -0.52412  -0.15799
 Alpha  occ. eigenvalues --   -0.13721
 Alpha virt. eigenvalues --   -0.16150  -0.02788   0.16551   0.31125   0.47946
 Alpha virt. eigenvalues --    0.61859
          Condensed to atoms (all electrons):
               1          2          3          4          5          6
     1  H    1.245183  -0.111246  -0.089479   0.002649   0.006196   0.000683
     2  H   -0.111246   0.758002   0.441915   0.005466  -0.111075   0.004528
     3  H   -0.089479   0.441915   0.757053  -0.123118   0.008202  -0.037315
     4  H    0.002649   0.005466  -0.123118   0.934762  -0.054194   0.377468
     5  H    0.006196  -0.111075   0.008202  -0.054194   1.162994  -0.259581
     6  H    0.000683   0.004528  -0.037315   0.377468  -0.259581   1.455779
     7  H   -0.000976  -0.011944   0.017754  -0.185606   0.370443  -0.759474
     8  H   -0.000079   0.002415  -0.000550   0.018222  -0.069848   0.370443
     9  H   -0.000022  -0.000002   0.002141  -0.029978   0.018222  -0.185606
    10  H    0.000017  -0.000050  -0.000142   0.002141  -0.000550   0.017754
    11  H    0.000014  -0.000075  -0.000050  -0.000002   0.002415  -0.011944
    12  H   -0.000006   0.000014   0.000017  -0.000022  -0.000079  -0.000976
               7          8          9         10         11         12
     1  H   -0.000976  -0.000079  -0.000022   0.000017   0.000014  -0.000006
     2  H   -0.011944   0.002415  -0.000002  -0.000050  -0.000075   0.000014
     3  H    0.017754  -0.000550   0.002141  -0.000142  -0.000050   0.000017
     4  H   -0.185606   0.018222  -0.029978   0.002141  -0.000002  -0.000022
     5  H    0.370443  -0.069848   0.018222  -0.000550   0.002415  -0.000079
     6  H   -0.759474   0.370443  -0.185606   0.017754  -0.011944  -0.000976
     7  H    1.455779  -0.259581   0.377468  -0.037315   0.004528   0.000683
     8  H   -0.259581   1.162994  -0.054194   0.008202  -0.111075   0.006196
     9  H    0.377468  -0.054194   0.934762  -0.123118   0.005466   0.002649
    10  H   -0.037315   0.008202  -0.123118   0.757053   0.441915  -0.089479
    11  H    0.004528  -0.111075   0.005466   0.441915   0.758002  -0.111246
    12  H    0.000683   0.006196   0.002649  -0.089479  -0.111246   1.245183
 Mulliken charges:
               1
     1  H   -0.052935
     2  H    0.022052
     3  H    0.023572
     4  H    0.052213
     5  H   -0.073143
     6  H    0.028241
     7  H    0.028241
     8  H   -0.073143
     9  H    0.052213
    10  H    0.023572
    11  H    0.022052
    12  H   -0.052935
 Sum of Mulliken charges =  -0.00000
 Mulliken charges with hydrogens summed into heavy atoms:
               1
 Electronic spatial extent (au):  <R**2>=            337.6907
 Charge=             -0.0000 electrons
 Dipole moment (field-independent basis, Debye):
    X=             -0.0000    Y=             -0.0000    Z=              0.0000  Tot=              0.0000
 Quadrupole moment (field-independent basis, Debye-Ang):
   XX=            -23.9563   YY=            -16.9253   ZZ=            -15.6068
   XY=              0.4212   XZ=             -0.0000   YZ=              0.0000
 Traceless Quadrupole moment (field-independent basis, Debye-Ang):
   XX=             -5.1269   YY=              1.9042   ZZ=              3.2227
   XY=              0.4212   XZ=             -0.0000   YZ=              0.0000
 Octapole moment (field-independent basis, Debye-Ang**2):
  XXX=             -0.0000  YYY=             -0.0000  ZZZ=              0.0000  XYY=             -0.0000
  XXY=             -0.0000  XXZ=              0.0000  XZZ=             -0.0000  YZZ=             -0.0000
  YYZ=              0.0000  XYZ=              0.0000
 Hexadecapole moment (field-independent basis, Debye-Ang**3):
 XXXX=           -925.4314 YYYY=            -70.1763 ZZZZ=            -19.0480 XXXY=           -115.4586
 XXXZ=             -0.0000 YYYX=            -67.8789 YYYZ=              0.0000 ZZZX=             -0.0000
 ZZZY=              0.0000 XXYY=           -117.7011 XXZZ=           -108.1533 YYZZ=            -15.2175
 XXYZ=             -0.0000 YYXZ=             -0.0000 ZZXY=            -23.8774
 N-N= 1.547832579803D+01 E-N=-4.186899719991D+01  KE= 6.380024282686D+00
 Symmetry AG   KE= 1.360882585743D+00
 Symmetry BG   KE= 0.000000000000D+00
 Symmetry AU   KE= 0.000000000000D+00
 Symmetry BU   KE= 5.019141696943D+00

 Test job not archived.
 1\1\GINC-SULU\Stability\RHF\Gen\H12\LCJ1\17-Feb-2017\0\\#rhf/gen scf(s
 ymm,tight,novaracc,noincfock,fulldiag) stable(crhf) guess=read geom=no
 crowd test\\hf stability analysis of h10 triangular lattice, y= 1.4189
 643903365978\\0,1\H\H,1,1.4761478396\H,1,1.4761478396,2,32.\H,2,1.4761
 478396,1,148.,3,0.,0\H,3,1.4761478396,1,180.,2,0.,0\H,4,1.4761478396,2
 ,180.,1,0.,0\H,5,1.4761478396,3,180.,2,0.,0\H,6,1.4761478396,4,180.,1,
 0.,0\H,7,1.4761478396,5,180.,2,0.,0\H,8,1.4761478396,6,180.,1,0.,0\H,9
 ,1.4761478396,7,180.,2,0.,0\H,10,1.4761478396,8,180.,1,0.,0\\Version=E
 S64L-G09RevE.01\State=1-AG\HF=-5.2777425\MP2=-5.3595829\RMSD=7.917e-09
 \Dipole=0.,0.,0.\Quadrupole=1.1845219,2.3959704,-3.5804923,0.,-1.11948
 01,0.\PG=C02H [SGH(H12)]\\@


 IF YOU PERCEIVE THAT THERE ARE FOUR POSSIBLE WAYS IN
 WHICH A PROCEDURE CAN GO WRONG AND CIRCUMVENT THESE, 
 THEN A FIFTH WAY WILL DEVELOP.

                              -- MURPHY'S TWELFTH LAW
 Job cpu time:       0 days  0 hours  0 minutes  1.0 seconds.
 File lengths (MBytes):  RWF=     84 Int=      0 D2E=      0 Chk=      2 Scr=      2
 Normal termination of Gaussian 09 at Fri Feb 17 14:01:25 2017.
