 Entering Gaussian System, Link 0=g09
 AtFile(1): H.gbs
            H     0
            S   10   1.00
               1000.000000000000            0.000068713567
                316.227766000000            0.000169141320
                100.000000000000            0.000823394812
                 31.622776600000            0.003425569236
                 10.000000000000            0.013951996000
                  3.162277660000            0.056909313560
                  1.000000000000            0.198286399900
                  0.316227766000            0.496922426700
                  0.100000000000            0.369846276400
                  0.031622776600            0.003752720039
            ****
 Initial command:
 /projects/guscus/apps/gau/g09-e1/g09/l1.exe "/users/lcj1/gaussian/h12/rhfstability/2rows/alterguess/2to4/Gau-8670.inp" -scrdir="/users/lcj1/gaussian/h12/rhfstability/2rows/alterguess/2to4/"
 Entering Link 1 = /projects/guscus/apps/gau/g09-e1/g09/l1.exe PID=      8671.
  
 Copyright (c) 1988,1990,1992,1993,1995,1998,2003,2009,2015,
            Gaussian, Inc.  All Rights Reserved.
  
 This is part of the Gaussian(R) 09 program.  It is based on
 the Gaussian(R) 03 system (copyright 2003, Gaussian, Inc.),
 the Gaussian(R) 98 system (copyright 1998, Gaussian, Inc.),
 the Gaussian(R) 94 system (copyright 1995, Gaussian, Inc.),
 the Gaussian 92(TM) system (copyright 1992, Gaussian, Inc.),
 the Gaussian 90(TM) system (copyright 1990, Gaussian, Inc.),
 the Gaussian 88(TM) system (copyright 1988, Gaussian, Inc.),
 the Gaussian 86(TM) system (copyright 1986, Carnegie Mellon
 University), and the Gaussian 82(TM) system (copyright 1983,
 Carnegie Mellon University). Gaussian is a federally registered
 trademark of Gaussian, Inc.
  
 This software contains proprietary and confidential information,
 including trade secrets, belonging to Gaussian, Inc.
  
 This software is provided under written license and may be
 used, copied, transmitted, or stored only in accord with that
 written license.
  
 The following legend is applicable only to US Government
 contracts under FAR:
  
                    RESTRICTED RIGHTS LEGEND
  
 Use, reproduction and disclosure by the US Government is
 subject to restrictions as set forth in subparagraphs (a)
 and (c) of the Commercial Computer Software - Restricted
 Rights clause in FAR 52.227-19.
  
 Gaussian, Inc.
 340 Quinnipiac St., Bldg. 40, Wallingford CT 06492
  
  
 ---------------------------------------------------------------
 Warning -- This program may not be used in any manner that
 competes with the business of Gaussian, Inc. or will provide
 assistance to any competitor of Gaussian, Inc.  The licensee
 of this program is prohibited from giving any competitor of
 Gaussian, Inc. access to this program.  By using this program,
 the user acknowledges that Gaussian, Inc. is engaged in the
 business of creating and licensing software in the field of
 computational chemistry and represents and warrants to the
 licensee that it is not a competitor of Gaussian, Inc. and that
 it will not use this program in any manner prohibited above.
 ---------------------------------------------------------------
  

 Cite this work as:
 Gaussian 09, Revision E.01,
 M. J. Frisch, G. W. Trucks, H. B. Schlegel, G. E. Scuseria, 
 M. A. Robb, J. R. Cheeseman, G. Scalmani, V. Barone, B. Mennucci, 
 G. A. Petersson, H. Nakatsuji, M. Caricato, X. Li, H. P. Hratchian, 
 A. F. Izmaylov, J. Bloino, G. Zheng, J. L. Sonnenberg, M. Hada, 
 M. Ehara, K. Toyota, R. Fukuda, J. Hasegawa, M. Ishida, T. Nakajima, 
 Y. Honda, O. Kitao, H. Nakai, T. Vreven, J. A. Montgomery, Jr., 
 J. E. Peralta, F. Ogliaro, M. Bearpark, J. J. Heyd, E. Brothers, 
 K. N. Kudin, V. N. Staroverov, T. Keith, R. Kobayashi, J. Normand, 
 K. Raghavachari, A. Rendell, J. C. Burant, S. S. Iyengar, J. Tomasi, 
 M. Cossi, N. Rega, J. M. Millam, M. Klene, J. E. Knox, J. B. Cross, 
 V. Bakken, C. Adamo, J. Jaramillo, R. Gomperts, R. E. Stratmann, 
 O. Yazyev, A. J. Austin, R. Cammi, C. Pomelli, J. W. Ochterski, 
 R. L. Martin, K. Morokuma, V. G. Zakrzewski, G. A. Voth, 
 P. Salvador, J. J. Dannenberg, S. Dapprich, A. D. Daniels, 
 O. Farkas, J. B. Foresman, J. V. Ortiz, J. Cioslowski, 
 and D. J. Fox, Gaussian, Inc., Wallingford CT, 2013.
 
 ******************************************
 Gaussian 09:  ES64L-G09RevE.01 30-Nov-2015
                17-Feb-2017 
 ******************************************
 %chk=h12.chk
 ----------------------------------------------------------------------
 #rhf/gen scf(symm,tight,novaracc,noincfock,fulldiag) stable(crhf) gues
 s=read geom=nocrowd test
 ----------------------------------------------------------------------
 1/38=1/1;
 2/12=1,17=6,18=5,40=1/2;
 3/5=7,16=1,25=1,30=1,116=1/1,2,3;
 4/5=1,9=4/1;
 5/5=100002,15=2,16=1,32=2,38=6/2;
 8/6=1,10=90,11=11/1,4;
 9/8=4,13=1/2;
 6/7=2,8=2,9=2,10=2,28=1/1;
 99/5=1,9=1/99;
 ----------------------------------------------------------------------
 hf stability analysis of h10 triangular lattice, y= 0.5188669005588153
 5
 ----------------------------------------------------------------------
 Symbolic Z-matrix:
 Charge =  0 Multiplicity = 1
 H
 H                    1     1.22774 
 H                    1     1.22774  2     130. 
 H                    2     1.22774  1     50.      3     0.       0
 H                    3     1.22774  1     180.     2     0.       0
 H                    4     1.22774  2     180.     1     0.       0
 H                    5     1.22774  3     180.     2     0.       0
 H                    6     1.22774  4     180.     1     0.       0
 H                    7     1.22774  5     180.     2     0.       0
 H                    8     1.22774  6     180.     1     0.       0
 H                    9     1.22774  7     180.     2     0.       0
 H                    10    1.22774  8     180.     1     0.       0
 
                          Input orientation:                          
 ---------------------------------------------------------------------
 Center     Atomic      Atomic             Coordinates (Angstroms)
 Number     Number       Type             X           Y           Z
 ---------------------------------------------------------------------
      1          1           0        0.000000    0.000000    0.000000
      2          1           0        0.000000    0.000000    1.227744
      3          1           0        0.940506    0.000000   -0.789178
      4          1           0        0.940506    0.000000    0.438565
      5          1           0        1.881012    0.000000   -1.578357
      6          1           0        1.881012    0.000000   -0.350613
      7          1           0        2.821519    0.000000   -2.367535
      8          1           0        2.821519    0.000000   -1.139792
      9          1           0        3.762025    0.000000   -3.156714
     10          1           0        3.762025    0.000000   -1.928970
     11          1           0        4.702531    0.000000   -3.945892
     12          1           0        4.702531    0.000000   -2.718148
 ---------------------------------------------------------------------
                    Distance matrix (angstroms):
                    1          2          3          4          5
     1  H    0.000000
     2  H    1.227744   0.000000
     3  H    1.227744   2.225427   0.000000
     4  H    1.037734   1.227744   1.227744   0.000000
     5  H    2.455487   3.378225   1.227744   2.225427   0.000000
     6  H    1.913410   2.455487   1.037734   1.227744   1.227744
     7  H    3.683231   4.570229   2.455487   3.378225   1.227744
     8  H    3.043040   3.683231   1.913410   2.455487   1.037734
     9  H    4.910975   5.777222   3.683231   4.570229   2.455487
    10  H    4.227736   4.910975   3.043040   3.683231   1.913410
    11  H    6.138718   6.991445   4.910975   5.777222   3.683231
    12  H    5.431586   6.138718   4.227736   4.910975   3.043040
                    6          7          8          9         10
     6  H    0.000000
     7  H    2.225427   0.000000
     8  H    1.227744   1.227744   0.000000
     9  H    3.378225   1.227744   2.225427   0.000000
    10  H    2.455487   1.037734   1.227744   1.227744   0.000000
    11  H    4.570229   2.455487   3.378225   1.227744   2.225427
    12  H    3.683231   1.913410   2.455487   1.037734   1.227744
                   11         12
    11  H    0.000000
    12  H    1.227744   0.000000
 Stoichiometry    H12
 Framework group  C2H[SGH(H12)]
 Deg. of freedom    11
 Full point group                 C2H     NOp   4
 Largest Abelian subgroup         C2H     NOp   4
 Largest concise Abelian subgroup C2      NOp   2
                         Standard orientation:                         
 ---------------------------------------------------------------------
 Center     Atomic      Atomic             Coordinates (Angstroms)
 Number     Number       Type             X           Y           Z
 ---------------------------------------------------------------------
      1          1           0        2.225427    1.556601   -0.000000
      2          1           0        3.338141    1.037734   -0.000000
      3          1           0        1.112714    1.037734   -0.000000
      4          1           0        2.225427    0.518867   -0.000000
      5          1           0        0.000000    0.518867   -0.000000
      6          1           0        1.112714    0.000000   -0.000000
      7          1           0       -1.112714    0.000000   -0.000000
      8          1           0       -0.000000   -0.518867   -0.000000
      9          1           0       -2.225427   -0.518867   -0.000000
     10          1           0       -1.112714   -1.037734   -0.000000
     11          1           0       -3.338141   -1.037734   -0.000000
     12          1           0       -2.225427   -1.556601   -0.000000
 ---------------------------------------------------------------------
 Rotational constants (GHZ):    196.0010372      9.1638447      8.7545346
 General basis read from cards:  (5D, 7F)
 There are     6 symmetry adapted cartesian basis functions of AG  symmetry.
 There are     0 symmetry adapted cartesian basis functions of BG  symmetry.
 There are     0 symmetry adapted cartesian basis functions of AU  symmetry.
 There are     6 symmetry adapted cartesian basis functions of BU  symmetry.
 There are     6 symmetry adapted basis functions of AG  symmetry.
 There are     0 symmetry adapted basis functions of BG  symmetry.
 There are     0 symmetry adapted basis functions of AU  symmetry.
 There are     6 symmetry adapted basis functions of BU  symmetry.
    12 basis functions,   120 primitive gaussians,    12 cartesian basis functions
     6 alpha electrons        6 beta electrons
       nuclear repulsion energy        17.0329119667 Hartrees.
 NAtoms=   12 NActive=   12 NUniq=    6 SFac= 4.00D+00 NAtFMM=   60 NAOKFM=F Big=F
 Integral buffers will be    131072 words long.
 Regular integral format.
 Two-electron integral symmetry is turned on.
 One-electron integrals computed using PRISM.
 NBasis=    12 RedAO= T EigKep=  1.82D-01  NBF=     6     0     0     6
 NBsUse=    12 1.00D-06 EigRej= -1.00D+00 NBFU=     6     0     0     6
 Initial guess from the checkpoint file:  "h12.chk"
 B after Tr=    -0.000000    0.000000   -0.000000
         Rot=    0.999998   -0.000000    0.000000   -0.001837 Ang=  -0.21 deg.
 Initial guess orbital symmetries:
       Occupied  (AG) (BU) (AG) (BU) (BU) (BU)
       Virtual   (AG) (AG) (BU) (AG) (AG) (BU)
 Keep R1 ints in memory in symmetry-blocked form, NReq=899080.
 Requested convergence on RMS density matrix=1.00D-08 within 128 cycles.
 Requested convergence on MAX density matrix=1.00D-06.
 Requested convergence on             energy=1.00D-06.
 No special actions if energy rises.
 SCF Done:  E(RHF) =  -5.40465867897     A.U. after   10 cycles
            NFock= 10  Conv=0.55D-09     -V/T= 1.8336
 Range of M.O.s used for correlation:     1    12
 NBasis=    12 NAE=     6 NBE=     6 NFC=     0 NFV=     0
 NROrb=     12 NOA=     6 NOB=     6 NVA=     6 NVB=     6

 **** Warning!!: The smallest alpha delta epsilon is -0.31118422D-01

 Semi-Direct transformation.
 ModeAB=           4 MOrb=             6 LenV=     134089715
 LASXX=         2181 LTotXX=        2181 LenRXX=        5115
 LTotAB=        2934 MaxLAS=        3024 LenRXY=           0
 NonZer=        7296 LenScr=      655360 LnRSAI=        3024
 LnScr1=      655360 LExtra=           0 Total=      1318859
 MaxDsk=          -1 SrtSym=           T ITran=            3
 JobTyp=0 Pass  1:  I=   1 to   6.
 (rs|ai) integrals will be sorted in core.
 Spin components of T(2) and E(2):
     alpha-alpha T2 =       0.3676774872D-01 E2=     -0.2239270027D-01
     alpha-beta  T2 =       0.4423524547D+01 E2=     -0.1164018934D-01
     beta-beta   T2 =       0.3676774872D-01 E2=     -0.2239270027D-01
 ANorm=    0.2344580995D+01
 E2 =    -0.5642558989D-01 EUMP2 =    -0.54610842688524D+01
 Second order stability test of a single determinant RHF wave function:
 Stabil:  MDV=134217728
 ***********************************************************************
 Matrix         Lowest Root    Major Pairs
 ***********************************************************************

 Internal RHF    -0.1400917    6A=7A 6A=10A 6A=8A 4A=7A 5A=8A 4A=8A 4A=10A
 RRHF --> CRHF   -0.2021815    6A=7A
 RRHF --> RUHF   -0.4871092    6A=7B
 Not stable.
 ***********************************************************************

 **********************************************************************

            Population analysis using the SCF density.

 **********************************************************************

 Orbital symmetries:
       Occupied  (AG) (BU) (AG) (BU) (BU) (BU)
       Virtual   (AG) (AG) (BU) (AG) (AG) (BU)
 The electronic state is 1-AG.
 Alpha  occ. eigenvalues --   -0.84311  -0.77492  -0.63162  -0.46371  -0.30483
 Alpha  occ. eigenvalues --   -0.06448
 Alpha virt. eigenvalues --   -0.09559   0.01853   0.24409   0.26927   0.47242
 Alpha virt. eigenvalues --    0.60509
          Condensed to atoms (all electrons):
               1          2          3          4          5          6
     1  H    1.363858  -0.292163   0.009392   0.219069  -0.077730  -0.146832
     2  H   -0.292163   1.206392  -0.026566   0.133393   0.015288  -0.010238
     3  H    0.009392  -0.026566   0.696474  -0.067483   0.336808   0.046286
     4  H    0.219069   0.133393  -0.067483   0.564654  -0.069727   0.061504
     5  H   -0.077730   0.015288   0.336808  -0.069727   1.346912  -0.061185
     6  H   -0.146832  -0.010238   0.046286   0.061504  -0.061185   1.118907
     7  H    0.010533  -0.000095   0.013042  -0.006842   0.218931  -0.140443
     8  H    0.021501  -0.013389  -0.121580   0.025415  -0.571149   0.218931
     9  H    0.000153  -0.000006   0.004780  -0.000377   0.025415  -0.006842
    10  H    0.000158   0.000435  -0.030292   0.004780  -0.121580   0.013042
    11  H    0.000246  -0.000073   0.000435  -0.000006  -0.013389  -0.000095
    12  H   -0.001063   0.000246   0.000158   0.000153   0.021501   0.010533
               7          8          9         10         11         12
     1  H    0.010533   0.021501   0.000153   0.000158   0.000246  -0.001063
     2  H   -0.000095  -0.013389  -0.000006   0.000435  -0.000073   0.000246
     3  H    0.013042  -0.121580   0.004780  -0.030292   0.000435   0.000158
     4  H   -0.006842   0.025415  -0.000377   0.004780  -0.000006   0.000153
     5  H    0.218931  -0.571149   0.025415  -0.121580  -0.013389   0.021501
     6  H   -0.140443   0.218931  -0.006842   0.013042  -0.000095   0.010533
     7  H    1.118907  -0.061185   0.061504   0.046286  -0.010238  -0.146832
     8  H   -0.061185   1.346912  -0.069727   0.336808   0.015288  -0.077730
     9  H    0.061504  -0.069727   0.564654  -0.067483   0.133393   0.219069
    10  H    0.046286   0.336808  -0.067483   0.696474  -0.026566   0.009392
    11  H   -0.010238   0.015288   0.133393  -0.026566   1.206392  -0.292163
    12  H   -0.146832  -0.077730   0.219069   0.009392  -0.292163   1.363858
 Mulliken charges:
               1
     1  H   -0.107123
     2  H   -0.013225
     3  H    0.138545
     4  H    0.135466
     5  H   -0.050094
     6  H   -0.103568
     7  H   -0.103568
     8  H   -0.050094
     9  H    0.135466
    10  H    0.138545
    11  H   -0.013225
    12  H   -0.107123
 Sum of Mulliken charges =  -0.00000
 Mulliken charges with hydrogens summed into heavy atoms:
               1
 Electronic spatial extent (au):  <R**2>=            243.3969
 Charge=              0.0000 electrons
 Dipole moment (field-independent basis, Debye):
    X=             -0.0000    Y=             -0.0000    Z=             -0.0000  Tot=              0.0000
 Quadrupole moment (field-independent basis, Debye-Ang):
   XX=            -18.2253   YY=            -18.6560   ZZ=            -15.3709
   XY=             -0.3598   XZ=             -0.0000   YZ=             -0.0000
 Traceless Quadrupole moment (field-independent basis, Debye-Ang):
   XX=             -0.8079   YY=             -1.2386   ZZ=              2.0465
   XY=             -0.3598   XZ=             -0.0000   YZ=             -0.0000
 Octapole moment (field-independent basis, Debye-Ang**2):
  XXX=             -0.0000  YYY=             -0.0000  ZZZ=              0.0000  XYY=              0.0000
  XXY=             -0.0000  XXZ=              0.0000  XZZ=             -0.0000  YZZ=             -0.0000
  YYZ=              0.0000  XYZ=              0.0000
 Hexadecapole moment (field-independent basis, Debye-Ang**3):
 XXXX=           -479.5199 YYYY=           -111.3153 ZZZZ=            -18.4883 XXXY=            -91.5814
 XXXZ=             -0.0000 YYYX=            -78.5658 YYYZ=             -0.0000 ZZZX=             -0.0000
 ZZZY=             -0.0000 XXYY=            -91.3349 XXZZ=            -68.2101 YYZZ=            -20.3076
 XXYZ=             -0.0000 YYXZ=             -0.0000 ZZXY=            -23.6209
 N-N= 1.703291196667D+01 E-N=-4.519333027194D+01  KE= 6.483510500407D+00
 Symmetry AG   KE= 1.317716398374D+00
 Symmetry BG   KE= 0.000000000000D+00
 Symmetry AU   KE= 0.000000000000D+00
 Symmetry BU   KE= 5.165794102034D+00

 Test job not archived.
 1\1\GINC-SULU\Stability\RHF\Gen\H12\LCJ1\17-Feb-2017\0\\#rhf/gen scf(s
 ymm,tight,novaracc,noincfock,fulldiag) stable(crhf) guess=read geom=no
 crowd test\\hf stability analysis of h10 triangular lattice, y= 0.5188
 6690055881535\\0,1\H\H,1,1.2277436496\H,1,1.2277436496,2,130.\H,2,1.22
 77436496,1,50.,3,0.,0\H,3,1.2277436496,1,180.,2,0.,0\H,4,1.2277436496,
 2,180.,1,0.,0\H,5,1.2277436496,3,180.,2,0.,0\H,6,1.2277436496,4,180.,1
 ,0.,0\H,7,1.2277436496,5,180.,2,0.,0\H,8,1.2277436496,6,180.,1,0.,0\H,
 9,1.2277436496,7,180.,2,0.,0\H,10,1.2277436496,8,180.,1,0.,0\\Version=
 ES64L-G09RevE.01\State=1-AG\HF=-5.4046587\MP2=-5.4610843\RMSD=5.504e-1
 0\Dipole=0.,0.,0.\Quadrupole=-1.0685886,1.5215192,-0.4529306,0.,0.0492
 931,0.\PG=C02H [SGH(H12)]\\@


 THE UNDERLYING PHYSICAL LAWS NECESSARY FOR THE 
 MATHEMATICAL THEORY OF A LARGE PART OF PHYSICS AND THE
 WHOLE OF CHEMISTRY ARE THUS COMPLETELY KNOWN, AND THE
 DIFFICULTY IS ONLY THAT THE EXACT APPLICATION OF THESE
 LAWS LEADS TO EQUATIONS MUCH TOO COMPLICATED 
 TO BE SOLUBLE.

                                        -- P. A. M. DIRAC, 1929
 Job cpu time:       0 days  0 hours  0 minutes  1.0 seconds.
 File lengths (MBytes):  RWF=     84 Int=      0 D2E=      0 Chk=      2 Scr=      2
 Normal termination of Gaussian 09 at Fri Feb 17 13:51:30 2017.
