 Entering Gaussian System, Link 0=g09
 AtFile(1): H.gbs
            H     0
            S   10   1.00
               1000.000000000000            0.000068713567
                316.227766000000            0.000169141320
                100.000000000000            0.000823394812
                 31.622776600000            0.003425569236
                 10.000000000000            0.013951996000
                  3.162277660000            0.056909313560
                  1.000000000000            0.198286399900
                  0.316227766000            0.496922426700
                  0.100000000000            0.369846276400
                  0.031622776600            0.003752720039
            ****
 Initial command:
 /projects/guscus/apps/gau/g09-e1/g09/l1.exe "/users/lcj1/gaussian/h12/rhfstability/2rows/alterguess/2to4/Gau-17922.inp" -scrdir="/users/lcj1/gaussian/h12/rhfstability/2rows/alterguess/2to4/"
 Entering Link 1 = /projects/guscus/apps/gau/g09-e1/g09/l1.exe PID=     17923.
  
 Copyright (c) 1988,1990,1992,1993,1995,1998,2003,2009,2015,
            Gaussian, Inc.  All Rights Reserved.
  
 This is part of the Gaussian(R) 09 program.  It is based on
 the Gaussian(R) 03 system (copyright 2003, Gaussian, Inc.),
 the Gaussian(R) 98 system (copyright 1998, Gaussian, Inc.),
 the Gaussian(R) 94 system (copyright 1995, Gaussian, Inc.),
 the Gaussian 92(TM) system (copyright 1992, Gaussian, Inc.),
 the Gaussian 90(TM) system (copyright 1990, Gaussian, Inc.),
 the Gaussian 88(TM) system (copyright 1988, Gaussian, Inc.),
 the Gaussian 86(TM) system (copyright 1986, Carnegie Mellon
 University), and the Gaussian 82(TM) system (copyright 1983,
 Carnegie Mellon University). Gaussian is a federally registered
 trademark of Gaussian, Inc.
  
 This software contains proprietary and confidential information,
 including trade secrets, belonging to Gaussian, Inc.
  
 This software is provided under written license and may be
 used, copied, transmitted, or stored only in accord with that
 written license.
  
 The following legend is applicable only to US Government
 contracts under FAR:
  
                    RESTRICTED RIGHTS LEGEND
  
 Use, reproduction and disclosure by the US Government is
 subject to restrictions as set forth in subparagraphs (a)
 and (c) of the Commercial Computer Software - Restricted
 Rights clause in FAR 52.227-19.
  
 Gaussian, Inc.
 340 Quinnipiac St., Bldg. 40, Wallingford CT 06492
  
  
 ---------------------------------------------------------------
 Warning -- This program may not be used in any manner that
 competes with the business of Gaussian, Inc. or will provide
 assistance to any competitor of Gaussian, Inc.  The licensee
 of this program is prohibited from giving any competitor of
 Gaussian, Inc. access to this program.  By using this program,
 the user acknowledges that Gaussian, Inc. is engaged in the
 business of creating and licensing software in the field of
 computational chemistry and represents and warrants to the
 licensee that it is not a competitor of Gaussian, Inc. and that
 it will not use this program in any manner prohibited above.
 ---------------------------------------------------------------
  

 Cite this work as:
 Gaussian 09, Revision E.01,
 M. J. Frisch, G. W. Trucks, H. B. Schlegel, G. E. Scuseria, 
 M. A. Robb, J. R. Cheeseman, G. Scalmani, V. Barone, B. Mennucci, 
 G. A. Petersson, H. Nakatsuji, M. Caricato, X. Li, H. P. Hratchian, 
 A. F. Izmaylov, J. Bloino, G. Zheng, J. L. Sonnenberg, M. Hada, 
 M. Ehara, K. Toyota, R. Fukuda, J. Hasegawa, M. Ishida, T. Nakajima, 
 Y. Honda, O. Kitao, H. Nakai, T. Vreven, J. A. Montgomery, Jr., 
 J. E. Peralta, F. Ogliaro, M. Bearpark, J. J. Heyd, E. Brothers, 
 K. N. Kudin, V. N. Staroverov, T. Keith, R. Kobayashi, J. Normand, 
 K. Raghavachari, A. Rendell, J. C. Burant, S. S. Iyengar, J. Tomasi, 
 M. Cossi, N. Rega, J. M. Millam, M. Klene, J. E. Knox, J. B. Cross, 
 V. Bakken, C. Adamo, J. Jaramillo, R. Gomperts, R. E. Stratmann, 
 O. Yazyev, A. J. Austin, R. Cammi, C. Pomelli, J. W. Ochterski, 
 R. L. Martin, K. Morokuma, V. G. Zakrzewski, G. A. Voth, 
 P. Salvador, J. J. Dannenberg, S. Dapprich, A. D. Daniels, 
 O. Farkas, J. B. Foresman, J. V. Ortiz, J. Cioslowski, 
 and D. J. Fox, Gaussian, Inc., Wallingford CT, 2013.
 
 ******************************************
 Gaussian 09:  ES64L-G09RevE.01 30-Nov-2015
                17-Feb-2017 
 ******************************************
 %chk=h12.chk
 ----------------------------------------------------------------------
 #rhf/gen scf(symm,tight,novaracc,noincfock,fulldiag) stable(crhf) gues
 s=read geom=nocrowd test
 ----------------------------------------------------------------------
 1/38=1/1;
 2/12=1,17=6,18=5,40=1/2;
 3/5=7,16=1,25=1,30=1,116=1/1,2,3;
 4/5=1,9=4/1;
 5/5=100002,15=2,16=1,32=2,38=6/2;
 8/6=1,10=90,11=11/1,4;
 9/8=4,13=1/2;
 6/7=2,8=2,9=2,10=2,28=1/1;
 99/5=1,9=1/99;
 ----------------------------------------------------------------------
 hf stability analysis of h10 triangular lattice, y= 0.7466864790071482
 4
 ----------------------------------------------------------------------
 Symbolic Z-matrix:
 Charge =  0 Multiplicity = 1
 H
 H                    1     1.0749 
 H                    1     1.0749   2     92. 
 H                    2     1.0749   1     88.      3     0.       0
 H                    3     1.0749   1     180.     2     0.       0
 H                    4     1.0749   2     180.     1     0.       0
 H                    5     1.0749   3     180.     2     0.       0
 H                    6     1.0749   4     180.     1     0.       0
 H                    7     1.0749   5     180.     2     0.       0
 H                    8     1.0749   6     180.     1     0.       0
 H                    9     1.0749   7     180.     2     0.       0
 H                    10    1.0749   8     180.     1     0.       0
 
                          Input orientation:                          
 ---------------------------------------------------------------------
 Center     Atomic      Atomic             Coordinates (Angstroms)
 Number     Number       Type             X           Y           Z
 ---------------------------------------------------------------------
      1          1           0        0.000000    0.000000    0.000000
      2          1           0        0.000000    0.000000    1.074897
      3          1           0        1.074243    0.000000   -0.037513
      4          1           0        1.074243    0.000000    1.037384
      5          1           0        2.148485    0.000000   -0.075027
      6          1           0        2.148485    0.000000    0.999871
      7          1           0        3.222728    0.000000   -0.112540
      8          1           0        3.222728    0.000000    0.962357
      9          1           0        4.296970    0.000000   -0.150054
     10          1           0        4.296970    0.000000    0.924844
     11          1           0        5.371213    0.000000   -0.187567
     12          1           0        5.371213    0.000000    0.887330
 ---------------------------------------------------------------------
                    Distance matrix (angstroms):
                    1          2          3          4          5
     1  H    0.000000
     2  H    1.074897   0.000000
     3  H    1.074897   1.546433   0.000000
     4  H    1.493373   1.074897   1.074897   0.000000
     5  H    2.149795   2.436866   1.074897   1.546433   0.000000
     6  H    2.369753   2.149795   1.493373   1.074897   1.074897
     7  H    3.224692   3.434528   2.149795   2.436866   1.074897
     8  H    3.363347   3.224692   2.369753   2.149795   1.493373
     9  H    4.299590   4.468161   3.224692   3.434528   2.149795
    10  H    4.395371   4.299590   3.363347   3.224692   2.369753
    11  H    5.374487   5.517585   4.299590   4.468161   3.224692
    12  H    5.444014   5.374487   4.395371   4.299590   3.363347
                    6          7          8          9         10
     6  H    0.000000
     7  H    1.546433   0.000000
     8  H    1.074897   1.074897   0.000000
     9  H    2.436866   1.074897   1.546433   0.000000
    10  H    2.149795   1.493373   1.074897   1.074897   0.000000
    11  H    3.434528   2.149795   2.436866   1.074897   1.546433
    12  H    3.224692   2.369753   2.149795   1.493373   1.074897
                   11         12
    11  H    0.000000
    12  H    1.074897   0.000000
 Stoichiometry    H12
 Framework group  C2H[SGH(H12)]
 Deg. of freedom    11
 Full point group                 C2H     NOp   4
 Largest Abelian subgroup         C2H     NOp   4
 Largest concise Abelian subgroup C2      NOp   2
                         Standard orientation:                         
 ---------------------------------------------------------------------
 Center     Atomic      Atomic             Coordinates (Angstroms)
 Number     Number       Type             X           Y           Z
 ---------------------------------------------------------------------
      1          1           0        1.546433    2.240059   -0.000000
      2          1           0        2.319649    1.493373   -0.000000
      3          1           0        0.773216    1.493373   -0.000000
      4          1           0        1.546433    0.746686   -0.000000
      5          1           0        0.000000    0.746686   -0.000000
      6          1           0        0.773216    0.000000   -0.000000
      7          1           0       -0.773216    0.000000    0.000000
      8          1           0       -0.000000   -0.746686   -0.000000
      9          1           0       -1.546433   -0.746686    0.000000
     10          1           0       -0.773216   -1.493373   -0.000000
     11          1           0       -2.319649   -1.493373    0.000000
     12          1           0       -1.546433   -2.240059   -0.000000
 ---------------------------------------------------------------------
 Rotational constants (GHZ):    144.8623921     12.3988218     11.4212713
 General basis read from cards:  (5D, 7F)
 There are     6 symmetry adapted cartesian basis functions of AG  symmetry.
 There are     0 symmetry adapted cartesian basis functions of BG  symmetry.
 There are     0 symmetry adapted cartesian basis functions of AU  symmetry.
 There are     6 symmetry adapted cartesian basis functions of BU  symmetry.
 There are     6 symmetry adapted basis functions of AG  symmetry.
 There are     0 symmetry adapted basis functions of BG  symmetry.
 There are     0 symmetry adapted basis functions of AU  symmetry.
 There are     6 symmetry adapted basis functions of BU  symmetry.
    12 basis functions,   120 primitive gaussians,    12 cartesian basis functions
     6 alpha electrons        6 beta electrons
       nuclear repulsion energy        18.3694863920 Hartrees.
 NAtoms=   12 NActive=   12 NUniq=    6 SFac= 4.00D+00 NAtFMM=   60 NAOKFM=F Big=F
 Integral buffers will be    131072 words long.
 Regular integral format.
 Two-electron integral symmetry is turned on.
 One-electron integrals computed using PRISM.
 NBasis=    12 RedAO= T EigKep=  1.15D-01  NBF=     6     0     0     6
 NBsUse=    12 1.00D-06 EigRej= -1.00D+00 NBFU=     6     0     0     6
 Initial guess from the checkpoint file:  "h12.chk"
 B after Tr=    -0.000000    0.000000    0.000000
         Rot=    0.999998   -0.000000   -0.000000   -0.001837 Ang=  -0.21 deg.
 Initial guess orbital symmetries:
       Occupied  (AG) (BU) (AG) (BU) (BU) (BU)
       Virtual   (AG) (AG) (AG) (BU) (BU) (AG)
 Keep R1 ints in memory in symmetry-blocked form, NReq=900494.
 Requested convergence on RMS density matrix=1.00D-08 within 128 cycles.
 Requested convergence on MAX density matrix=1.00D-06.
 Requested convergence on             energy=1.00D-06.
 No special actions if energy rises.
 SCF Done:  E(RHF) =  -5.52738330192     A.U. after    8 cycles
            NFock=  8  Conv=0.19D-08     -V/T= 1.8527
 Range of M.O.s used for correlation:     1    12
 NBasis=    12 NAE=     6 NBE=     6 NFC=     0 NFV=     0
 NROrb=     12 NOA=     6 NOB=     6 NVA=     6 NVB=     6

 **** Warning!!: The smallest alpha delta epsilon is -0.29017537D-01

 Semi-Direct transformation.
 ModeAB=           4 MOrb=             6 LenV=     134087531
 LASXX=         2181 LTotXX=        2181 LenRXX=        5115
 LTotAB=        2934 MaxLAS=        3024 LenRXY=           0
 NonZer=        7296 LenScr=      655360 LnRSAI=        3024
 LnScr1=      655360 LExtra=           0 Total=      1318859
 MaxDsk=          -1 SrtSym=           T ITran=            3
 JobTyp=0 Pass  1:  I=   1 to   6.
 (rs|ai) integrals will be sorted in core.
 Spin components of T(2) and E(2):
     alpha-alpha T2 =       0.3365207900D-01 E2=     -0.2363914400D-01
     alpha-beta  T2 =       0.3183905553D+01 E2=     -0.5247891308D-01
     beta-beta   T2 =       0.3365207900D-01 E2=     -0.2363914400D-01
 ANorm=    0.2061846190D+01
 E2 =    -0.9975720109D-01 EUMP2 =    -0.56271405030105D+01
 Second order stability test of a single determinant RHF wave function:
 Stabil:  MDV=134217728
 ***********************************************************************
 Matrix         Lowest Root    Major Pairs
 ***********************************************************************
 Internal RHF    -0.1907257    6A=7A 5A=8A 4A=7A 6A=9A 4A=9A
 RRHF --> CRHF   -0.2264965    6A=7A
 RRHF --> RUHF   -0.4364064    6A=7B
 Not stable.
 ***********************************************************************

 **********************************************************************

            Population analysis using the SCF density.

 **********************************************************************

 Orbital symmetries:
       Occupied  (AG) (BU) (AG) (BU) (BU) (BU)
       Virtual   (AG) (AG) (AG) (BU) (BU) (AG)
 The electronic state is 1-AG.
 Alpha  occ. eigenvalues --   -0.88376  -0.80353  -0.63473  -0.43790  -0.41184
 Alpha  occ. eigenvalues --   -0.13649
 Alpha virt. eigenvalues --   -0.16550   0.04986   0.29658   0.41905   0.60215
 Alpha virt. eigenvalues --    0.95308
          Condensed to atoms (all electrons):
               1          2          3          4          5          6
     1  H    1.116128  -0.028852   0.245110  -0.143656  -0.135086  -0.003119
     2  H   -0.028852   1.068545  -0.135040   0.263656   0.000107  -0.129846
     3  H    0.245110  -0.135040   0.681981  -0.050152   0.093408   0.073408
     4  H   -0.143656   0.263656  -0.050152   0.697064   0.069587   0.079090
     5  H   -0.135086   0.000107   0.093408   0.069587   1.232192  -0.182272
     6  H   -0.003119  -0.129846   0.073408   0.079090  -0.182272   1.203365
     7  H   -0.009387   0.014903  -0.034344  -0.020134   0.401206  -0.302289
     8  H    0.017408  -0.010716  -0.022711  -0.039524  -0.327734   0.401206
     9  H    0.004618  -0.001448   0.012767  -0.015160  -0.039524  -0.020134
    10  H   -0.001579   0.004397  -0.017106   0.012767  -0.022711  -0.034344
    11  H    0.000458  -0.000678   0.004397  -0.001448  -0.010716   0.014903
    12  H   -0.000822   0.000458  -0.001579   0.004618   0.017408  -0.009387
               7          8          9         10         11         12
     1  H   -0.009387   0.017408   0.004618  -0.001579   0.000458  -0.000822
     2  H    0.014903  -0.010716  -0.001448   0.004397  -0.000678   0.000458
     3  H   -0.034344  -0.022711   0.012767  -0.017106   0.004397  -0.001579
     4  H   -0.020134  -0.039524  -0.015160   0.012767  -0.001448   0.004618
     5  H    0.401206  -0.327734  -0.039524  -0.022711  -0.010716   0.017408
     6  H   -0.302289   0.401206  -0.020134  -0.034344   0.014903  -0.009387
     7  H    1.203365  -0.182272   0.079090   0.073408  -0.129846  -0.003119
     8  H   -0.182272   1.232192   0.069587   0.093408   0.000107  -0.135086
     9  H    0.079090   0.069587   0.697064  -0.050152   0.263656  -0.143656
    10  H    0.073408   0.093408  -0.050152   0.681981  -0.135040   0.245110
    11  H   -0.129846   0.000107   0.263656  -0.135040   1.068545  -0.028852
    12  H   -0.003119  -0.135086  -0.143656   0.245110  -0.028852   1.116128
 Mulliken charges:
               1
     1  H   -0.061221
     2  H   -0.045486
     3  H    0.149861
     4  H    0.143292
     5  H   -0.095864
     6  H   -0.090582
     7  H   -0.090582
     8  H   -0.095864
     9  H    0.143292
    10  H    0.149861
    11  H   -0.045486
    12  H   -0.061221
 Sum of Mulliken charges =  -0.00000
 Mulliken charges with hydrogens summed into heavy atoms:
               1
 Electronic spatial extent (au):  <R**2>=            196.0546
 Charge=              0.0000 electrons
 Dipole moment (field-independent basis, Debye):
    X=              0.0000    Y=              0.0000    Z=             -0.0000  Tot=              0.0000
 Quadrupole moment (field-independent basis, Debye-Ang):
   XX=            -18.6304   YY=            -18.9618   ZZ=            -15.2214
   XY=             -0.2756   XZ=              0.0000   YZ=              0.0000
 Traceless Quadrupole moment (field-independent basis, Debye-Ang):
   XX=             -1.0258   YY=             -1.3573   ZZ=              2.3831
   XY=             -0.2756   XZ=              0.0000   YZ=              0.0000
 Octapole moment (field-independent basis, Debye-Ang**2):
  XXX=              0.0000  YYY=             -0.0000  ZZZ=              0.0000  XYY=             -0.0000
  XXY=              0.0000  XXZ=              0.0000  XZZ=             -0.0000  YZZ=             -0.0000
  YYZ=              0.0000  XYZ=              0.0000
 Hexadecapole moment (field-independent basis, Debye-Ang**3):
 XXXX=           -233.1913 YYYY=           -222.0113 ZZZZ=            -18.1181 XXXY=            -90.2931
 XXXZ=              0.0000 YYYX=            -91.2310 YYYZ=              0.0000 ZZZX=              0.0000
 ZZZY=              0.0000 XXYY=            -80.7768 XXZZ=            -36.7992 YYZZ=            -34.8499
 XXYZ=              0.0000 YYXZ=              0.0000 ZZXY=            -24.0813
 N-N= 1.836948639200D+01 E-N=-4.765971265922D+01  KE= 6.482476713313D+00
 Symmetry AG   KE= 1.344578587153D+00
 Symmetry BG   KE= 0.000000000000D+00
 Symmetry AU   KE= 0.000000000000D+00
 Symmetry BU   KE= 5.137898126160D+00

 Test job not archived.
 1\1\GINC-SULU\Stability\RHF\Gen\H12\LCJ1\17-Feb-2017\0\\#rhf/gen scf(s
 ymm,tight,novaracc,noincfock,fulldiag) stable(crhf) guess=read geom=no
 crowd test\\hf stability analysis of h10 triangular lattice, y= 0.7466
 8647900714824\\0,1\H\H,1,1.0748973801\H,1,1.0748973801,2,92.\H,2,1.074
 8973801,1,88.,3,0.,0\H,3,1.0748973801,1,180.,2,0.,0\H,4,1.0748973801,2
 ,180.,1,0.,0\H,5,1.0748973801,3,180.,2,0.,0\H,6,1.0748973801,4,180.,1,
 0.,0\H,7,1.0748973801,5,180.,2,0.,0\H,8,1.0748973801,6,180.,1,0.,0\H,9
 ,1.0748973801,7,180.,2,0.,0\H,10,1.0748973801,8,180.,1,0.,0\\Version=E
 S64L-G09RevE.01\State=1-AG\HF=-5.5273833\MP2=-5.6271405\RMSD=1.922e-09
 \Dipole=0.,0.,0.\Quadrupole=-1.094997,1.7717962,-0.6767993,0.,-0.11597
 74,0.\PG=C02H [SGH(H12)]\\@


 LIFE IS A CONTINUAL STRUGGLE AGAINST THE TENDENCY TO PRODUCE ENTROPY.
 Job cpu time:       0 days  0 hours  0 minutes  1.0 seconds.
 File lengths (MBytes):  RWF=     84 Int=      0 D2E=      0 Chk=      2 Scr=      2
 Normal termination of Gaussian 09 at Fri Feb 17 13:55:25 2017.
