 Entering Gaussian System, Link 0=g09
 AtFile(1): H.gbs
            H     0
            S   10   1.00
               1000.000000000000            0.000068713567
                316.227766000000            0.000169141320
                100.000000000000            0.000823394812
                 31.622776600000            0.003425569236
                 10.000000000000            0.013951996000
                  3.162277660000            0.056909313560
                  1.000000000000            0.198286399900
                  0.316227766000            0.496922426700
                  0.100000000000            0.369846276400
                  0.031622776600            0.003752720039
            ****
 Initial command:
 /projects/guscus/apps/gau/g09-e1/g09/l1.exe "/users/lcj1/gaussian/h12/rhfstability/2rows/alterguess/2to4/Gau-13025.inp" -scrdir="/users/lcj1/gaussian/h12/rhfstability/2rows/alterguess/2to4/"
 Entering Link 1 = /projects/guscus/apps/gau/g09-e1/g09/l1.exe PID=     13028.
  
 Copyright (c) 1988,1990,1992,1993,1995,1998,2003,2009,2015,
            Gaussian, Inc.  All Rights Reserved.
  
 This is part of the Gaussian(R) 09 program.  It is based on
 the Gaussian(R) 03 system (copyright 2003, Gaussian, Inc.),
 the Gaussian(R) 98 system (copyright 1998, Gaussian, Inc.),
 the Gaussian(R) 94 system (copyright 1995, Gaussian, Inc.),
 the Gaussian 92(TM) system (copyright 1992, Gaussian, Inc.),
 the Gaussian 90(TM) system (copyright 1990, Gaussian, Inc.),
 the Gaussian 88(TM) system (copyright 1988, Gaussian, Inc.),
 the Gaussian 86(TM) system (copyright 1986, Carnegie Mellon
 University), and the Gaussian 82(TM) system (copyright 1983,
 Carnegie Mellon University). Gaussian is a federally registered
 trademark of Gaussian, Inc.
  
 This software contains proprietary and confidential information,
 including trade secrets, belonging to Gaussian, Inc.
  
 This software is provided under written license and may be
 used, copied, transmitted, or stored only in accord with that
 written license.
  
 The following legend is applicable only to US Government
 contracts under FAR:
  
                    RESTRICTED RIGHTS LEGEND
  
 Use, reproduction and disclosure by the US Government is
 subject to restrictions as set forth in subparagraphs (a)
 and (c) of the Commercial Computer Software - Restricted
 Rights clause in FAR 52.227-19.
  
 Gaussian, Inc.
 340 Quinnipiac St., Bldg. 40, Wallingford CT 06492
  
  
 ---------------------------------------------------------------
 Warning -- This program may not be used in any manner that
 competes with the business of Gaussian, Inc. or will provide
 assistance to any competitor of Gaussian, Inc.  The licensee
 of this program is prohibited from giving any competitor of
 Gaussian, Inc. access to this program.  By using this program,
 the user acknowledges that Gaussian, Inc. is engaged in the
 business of creating and licensing software in the field of
 computational chemistry and represents and warrants to the
 licensee that it is not a competitor of Gaussian, Inc. and that
 it will not use this program in any manner prohibited above.
 ---------------------------------------------------------------
  

 Cite this work as:
 Gaussian 09, Revision E.01,
 M. J. Frisch, G. W. Trucks, H. B. Schlegel, G. E. Scuseria, 
 M. A. Robb, J. R. Cheeseman, G. Scalmani, V. Barone, B. Mennucci, 
 G. A. Petersson, H. Nakatsuji, M. Caricato, X. Li, H. P. Hratchian, 
 A. F. Izmaylov, J. Bloino, G. Zheng, J. L. Sonnenberg, M. Hada, 
 M. Ehara, K. Toyota, R. Fukuda, J. Hasegawa, M. Ishida, T. Nakajima, 
 Y. Honda, O. Kitao, H. Nakai, T. Vreven, J. A. Montgomery, Jr., 
 J. E. Peralta, F. Ogliaro, M. Bearpark, J. J. Heyd, E. Brothers, 
 K. N. Kudin, V. N. Staroverov, T. Keith, R. Kobayashi, J. Normand, 
 K. Raghavachari, A. Rendell, J. C. Burant, S. S. Iyengar, J. Tomasi, 
 M. Cossi, N. Rega, J. M. Millam, M. Klene, J. E. Knox, J. B. Cross, 
 V. Bakken, C. Adamo, J. Jaramillo, R. Gomperts, R. E. Stratmann, 
 O. Yazyev, A. J. Austin, R. Cammi, C. Pomelli, J. W. Ochterski, 
 R. L. Martin, K. Morokuma, V. G. Zakrzewski, G. A. Voth, 
 P. Salvador, J. J. Dannenberg, S. Dapprich, A. D. Daniels, 
 O. Farkas, J. B. Foresman, J. V. Ortiz, J. Cioslowski, 
 and D. J. Fox, Gaussian, Inc., Wallingford CT, 2013.
 
 ******************************************
 Gaussian 09:  ES64L-G09RevE.01 30-Nov-2015
                17-Feb-2017 
 ******************************************
 %chk=h12.chk
 ----------------------------------------------------------------------
 #rhf/gen scf(symm,tight,novaracc,noincfock,fulldiag) stable(crhf) gues
 s=read geom=nocrowd test
 ----------------------------------------------------------------------
 1/38=1/1;
 2/12=1,17=6,18=5,40=1/2;
 3/5=7,16=1,25=1,30=1,116=1/1,2,3;
 4/5=1,9=4/1;
 5/5=100002,15=2,16=1,32=2,38=6/2;
 8/6=1,10=90,11=11/1,4;
 9/8=4,13=1/2;
 6/7=2,8=2,9=2,10=2,28=1/1;
 99/5=1,9=1/99;
 ----------------------------------------------------------------------
 hf stability analysis of h10 triangular lattice, y= 0.6240414150047446
 4
 ----------------------------------------------------------------------
 Symbolic Z-matrix:
 Charge =  0 Multiplicity = 1
 H
 H                    1     1.11597 
 H                    1     1.11597  2     112. 
 H                    2     1.11597  1     68.      3     0.       0
 H                    3     1.11597  1     180.     2     0.       0
 H                    4     1.11597  2     180.     1     0.       0
 H                    5     1.11597  3     180.     2     0.       0
 H                    6     1.11597  4     180.     1     0.       0
 H                    7     1.11597  5     180.     2     0.       0
 H                    8     1.11597  6     180.     1     0.       0
 H                    9     1.11597  7     180.     2     0.       0
 H                    10    1.11597  8     180.     1     0.       0
 
                          Input orientation:                          
 ---------------------------------------------------------------------
 Center     Atomic      Atomic             Coordinates (Angstroms)
 Number     Number       Type             X           Y           Z
 ---------------------------------------------------------------------
      1          1           0        0.000000    0.000000    0.000000
      2          1           0        0.000000    0.000000    1.115968
      3          1           0        1.034708    0.000000   -0.418049
      4          1           0        1.034708    0.000000    0.697919
      5          1           0        2.069415    0.000000   -0.836098
      6          1           0        2.069415    0.000000    0.279870
      7          1           0        3.104123    0.000000   -1.254147
      8          1           0        3.104123    0.000000   -0.138179
      9          1           0        4.138830    0.000000   -1.672196
     10          1           0        4.138830    0.000000   -0.556228
     11          1           0        5.173538    0.000000   -2.090245
     12          1           0        5.173538    0.000000   -0.974277
 ---------------------------------------------------------------------
                    Distance matrix (angstroms):
                    1          2          3          4          5
     1  H    0.000000
     2  H    1.115968   0.000000
     3  H    1.115968   1.850359   0.000000
     4  H    1.248083   1.115968   1.115968   0.000000
     5  H    2.231936   2.844827   1.115968   1.850359   0.000000
     6  H    2.088254   2.231936   1.248083   1.115968   1.115968
     7  H    3.347904   3.905512   2.231936   2.844827   1.115968
     8  H    3.107197   3.347904   2.088254   2.231936   1.248083
     9  H    4.463872   4.990368   3.347904   3.905512   2.231936
    10  H    4.176039   4.463872   3.107197   3.347904   2.088254
    11  H    5.579840   6.086484   4.463872   4.990368   3.347904
    12  H    5.264476   5.579840   4.176039   4.463872   3.107197
                    6          7          8          9         10
     6  H    0.000000
     7  H    1.850359   0.000000
     8  H    1.115968   1.115968   0.000000
     9  H    2.844827   1.115968   1.850359   0.000000
    10  H    2.231936   1.248083   1.115968   1.115968   0.000000
    11  H    3.905512   2.231936   2.844827   1.115968   1.850359
    12  H    3.347904   2.088254   2.231936   1.248083   1.115968
                   11         12
    11  H    0.000000
    12  H    1.115968   0.000000
 Stoichiometry    H12
 Framework group  C2H[SGH(H12)]
 Deg. of freedom    11
 Full point group                 C2H     NOp   4
 Largest Abelian subgroup         C2H     NOp   4
 Largest concise Abelian subgroup C2      NOp   2
                         Standard orientation:                         
 ---------------------------------------------------------------------
 Center     Atomic      Atomic             Coordinates (Angstroms)
 Number     Number       Type             X           Y           Z
 ---------------------------------------------------------------------
      1          1           0        1.850359    1.872124    0.000000
      2          1           0        2.775538    1.248083    0.000000
      3          1           0        0.925179    1.248083    0.000000
      4          1           0        1.850359    0.624041    0.000000
      5          1           0        0.000000    0.624041    0.000000
      6          1           0        0.925179    0.000000   -0.000000
      7          1           0       -0.925179    0.000000   -0.000000
      8          1           0       -0.000000   -0.624041    0.000000
      9          1           0       -1.850359   -0.624041   -0.000000
     10          1           0       -0.925179   -1.248083   -0.000000
     11          1           0       -2.775538   -1.248083   -0.000000
     12          1           0       -1.850359   -1.872124   -0.000000
 ---------------------------------------------------------------------
 Rotational constants (GHZ):    158.1513756     11.3569865     10.5960733
 General basis read from cards:  (5D, 7F)
 There are     6 symmetry adapted cartesian basis functions of AG  symmetry.
 There are     0 symmetry adapted cartesian basis functions of BG  symmetry.
 There are     0 symmetry adapted cartesian basis functions of AU  symmetry.
 There are     6 symmetry adapted cartesian basis functions of BU  symmetry.
 There are     6 symmetry adapted basis functions of AG  symmetry.
 There are     0 symmetry adapted basis functions of BG  symmetry.
 There are     0 symmetry adapted basis functions of AU  symmetry.
 There are     6 symmetry adapted basis functions of BU  symmetry.
    12 basis functions,   120 primitive gaussians,    12 cartesian basis functions
     6 alpha electrons        6 beta electrons
       nuclear repulsion energy        17.9739238184 Hartrees.
 NAtoms=   12 NActive=   12 NUniq=    6 SFac= 4.00D+00 NAtFMM=   60 NAOKFM=F Big=F
 Integral buffers will be    131072 words long.
 Regular integral format.
 Two-electron integral symmetry is turned on.
 One-electron integrals computed using PRISM.
 NBasis=    12 RedAO= T EigKep=  1.50D-01  NBF=     6     0     0     6
 NBsUse=    12 1.00D-06 EigRej= -1.00D+00 NBFU=     6     0     0     6
 Initial guess from the checkpoint file:  "h12.chk"
 B after Tr=     0.000000    0.000000    0.000000
         Rot=    0.999998   -0.000000    0.000000   -0.001837 Ang=  -0.21 deg.
 Initial guess orbital symmetries:
       Occupied  (AG) (BU) (AG) (BU) (BU) (BU)
       Virtual   (AG) (AG) (AG) (BU) (BU) (AG)
 Keep R1 ints in memory in symmetry-blocked form, NReq=900606.
 Requested convergence on RMS density matrix=1.00D-08 within 128 cycles.
 Requested convergence on MAX density matrix=1.00D-06.
 Requested convergence on             energy=1.00D-06.
 No special actions if energy rises.
 SCF Done:  E(RHF) =  -5.49578259263     A.U. after    8 cycles
            NFock=  8  Conv=0.82D-08     -V/T= 1.8490
 Range of M.O.s used for correlation:     1    12
 NBasis=    12 NAE=     6 NBE=     6 NFC=     0 NFV=     0
 NROrb=     12 NOA=     6 NOB=     6 NVA=     6 NVB=     6

 **** Warning!!: The smallest alpha delta epsilon is -0.29838251D-01

 Semi-Direct transformation.
 ModeAB=           4 MOrb=             6 LenV=     134087685
 LASXX=         2181 LTotXX=        2181 LenRXX=        5115
 LTotAB=        2934 MaxLAS=        3024 LenRXY=           0
 NonZer=        7296 LenScr=      655360 LnRSAI=        3024
 LnScr1=      655360 LExtra=           0 Total=      1318859
 MaxDsk=          -1 SrtSym=           T ITran=            3
 JobTyp=0 Pass  1:  I=   1 to   6.
 (rs|ai) integrals will be sorted in core.
 Spin components of T(2) and E(2):
     alpha-alpha T2 =       0.3234005801D-01 E2=     -0.2298493313D-01
     alpha-beta  T2 =       0.3185674644D+01 E2=     -0.5986629873D-01
     beta-beta   T2 =       0.3234005801D-01 E2=     -0.2298493313D-01
 ANorm=    0.2061638853D+01
 E2 =    -0.1058361650D+00 EUMP2 =    -0.56016187576083D+01
 Second order stability test of a single determinant RHF wave function:
 Stabil:  MDV=134217728
 ***********************************************************************
 Matrix         Lowest Root    Major Pairs
 ***********************************************************************
 Internal RHF    -0.186772     6A=7A
 RRHF --> CRHF   -0.2256524    6A=7A
 RRHF --> RUHF   -0.4443075    6A=7B
 Not stable.
 ***********************************************************************

 **********************************************************************

            Population analysis using the SCF density.

 **********************************************************************

 Orbital symmetries:
       Occupied  (AG) (BU) (AG) (BU) (BU) (BU)
       Virtual   (AG) (AG) (AG) (BU) (BU) (AG)
 The electronic state is 1-AG.
 Alpha  occ. eigenvalues --   -0.86757  -0.79276  -0.63200  -0.43266  -0.39408
 Alpha  occ. eigenvalues --   -0.10413
 Alpha virt. eigenvalues --   -0.13397   0.02881   0.30835   0.34557   0.60383
 Alpha virt. eigenvalues --    0.74240
          Condensed to atoms (all electrons):
               1          2          3          4          5          6
     1  H    1.381915  -0.081673   0.140799  -0.165825  -0.140630  -0.035038
     2  H   -0.081673   0.888483  -0.088001   0.323909   0.010775  -0.087222
     3  H    0.140799  -0.088001   0.642276  -0.054945   0.193573   0.073744
     4  H   -0.165825   0.323909  -0.054945   0.741001   0.037239   0.060770
     5  H   -0.140630   0.010775   0.193573   0.037239   1.391479  -0.164272
     6  H   -0.035038  -0.087222   0.073744   0.060770  -0.164272   1.069080
     7  H    0.000064   0.005176  -0.003674  -0.013457   0.357562  -0.195064
     8  H    0.031343  -0.014151  -0.047802  -0.046617  -0.496052   0.357562
     9  H    0.003898  -0.000676   0.009048  -0.005876  -0.046617  -0.013457
    10  H   -0.001688   0.002385  -0.025495   0.009048  -0.047802  -0.003674
    11  H    0.000377  -0.000195   0.002385  -0.000676  -0.014151   0.005176
    12  H   -0.001535   0.000377  -0.001688   0.003898   0.031343   0.000064
               7          8          9         10         11         12
     1  H    0.000064   0.031343   0.003898  -0.001688   0.000377  -0.001535
     2  H    0.005176  -0.014151  -0.000676   0.002385  -0.000195   0.000377
     3  H   -0.003674  -0.047802   0.009048  -0.025495   0.002385  -0.001688
     4  H   -0.013457  -0.046617  -0.005876   0.009048  -0.000676   0.003898
     5  H    0.357562  -0.496052  -0.046617  -0.047802  -0.014151   0.031343
     6  H   -0.195064   0.357562  -0.013457  -0.003674   0.005176   0.000064
     7  H    1.069080  -0.164272   0.060770   0.073744  -0.087222  -0.035038
     8  H   -0.164272   1.391479   0.037239   0.193573   0.010775  -0.140630
     9  H    0.060770   0.037239   0.741001  -0.054945   0.323909  -0.165825
    10  H    0.073744   0.193573  -0.054945   0.642276  -0.088001   0.140799
    11  H   -0.087222   0.010775   0.323909  -0.088001   0.888483  -0.081673
    12  H   -0.035038  -0.140630  -0.165825   0.140799  -0.081673   1.381915
 Mulliken charges:
               1
     1  H   -0.132007
     2  H    0.040814
     3  H    0.159779
     4  H    0.111530
     5  H   -0.112447
     6  H   -0.067669
     7  H   -0.067669
     8  H   -0.112447
     9  H    0.111530
    10  H    0.159779
    11  H    0.040814
    12  H   -0.132007
 Sum of Mulliken charges =  -0.00000
 Mulliken charges with hydrogens summed into heavy atoms:
               1
 Electronic spatial extent (au):  <R**2>=            206.4713
 Charge=             -0.0000 electrons
 Dipole moment (field-independent basis, Debye):
    X=              0.0000    Y=              0.0000    Z=             -0.0000  Tot=              0.0000
 Quadrupole moment (field-independent basis, Debye-Ang):
   XX=            -15.1722   YY=            -19.9453   ZZ=            -15.2836
   XY=              0.3846   XZ=              0.0000   YZ=             -0.0000
 Traceless Quadrupole moment (field-independent basis, Debye-Ang):
   XX=              1.6281   YY=             -3.1449   ZZ=              1.5168
   XY=              0.3846   XZ=              0.0000   YZ=             -0.0000
 Octapole moment (field-independent basis, Debye-Ang**2):
  XXX=             -0.0000  YYY=             -0.0000  ZZZ=              0.0000  XYY=             -0.0000
  XXY=             -0.0000  XXZ=              0.0000  XZZ=              0.0000  YZZ=             -0.0000
  YYZ=             -0.0000  XYZ=             -0.0000
 Hexadecapole moment (field-independent basis, Debye-Ang**3):
 XXXX=           -281.6782 YYYY=           -167.6542 ZZZZ=            -18.2633 XXXY=            -75.6964
 XXXZ=             -0.0000 YYYX=            -90.2351 YYYZ=             -0.0000 ZZZX=             -0.0000
 ZZZY=             -0.0000 XXYY=            -80.8494 XXZZ=            -48.9858 YYZZ=            -26.6746
 XXYZ=             -0.0000 YYXZ=             -0.0000 ZZXY=            -23.8404
 N-N= 1.797392381845D+01 E-N=-4.696647682743D+01  KE= 6.473493411629D+00
 Symmetry AG   KE= 1.326282424898D+00
 Symmetry BG   KE= 0.000000000000D+00
 Symmetry AU   KE= 0.000000000000D+00
 Symmetry BU   KE= 5.147210986730D+00

 Test job not archived.
 1\1\GINC-SULU\Stability\RHF\Gen\H12\LCJ1\17-Feb-2017\0\\#rhf/gen scf(s
 ymm,tight,novaracc,noincfock,fulldiag) stable(crhf) guess=read geom=no
 crowd test\\hf stability analysis of h10 triangular lattice, y= 0.6240
 4141500474464\\0,1\H\H,1,1.1159680244\H,1,1.1159680244,2,112.\H,2,1.11
 59680244,1,68.,3,0.,0\H,3,1.1159680244,1,180.,2,0.,0\H,4,1.1159680244,
 2,180.,1,0.,0\H,5,1.1159680244,3,180.,2,0.,0\H,6,1.1159680244,4,180.,1
 ,0.,0\H,7,1.1159680244,5,180.,2,0.,0\H,8,1.1159680244,6,180.,1,0.,0\H,
 9,1.1159680244,7,180.,2,0.,0\H,10,1.1159680244,8,180.,1,0.,0\\Version=
 ES64L-G09RevE.01\State=1-AG\HF=-5.4957826\MP2=-5.6016188\RMSD=8.158e-0
 9\Dipole=0.,0.,0.\Quadrupole=-0.9633996,1.1276799,-0.1642803,0.,-1.752
 2239,0.\PG=C02H [SGH(H12)]\\@



 IN THIS SHORT LIFE

 THAT ONLY LASTS AN HOUR

 HOW MUCH, HOW LITTLE, IS WITHIN OUR POWER....


 EMILY DICKINSON BOLTS OF MELODY NO. 521
 Job cpu time:       0 days  0 hours  0 minutes  1.1 seconds.
 File lengths (MBytes):  RWF=     84 Int=      0 D2E=      0 Chk=      2 Scr=      2
 Normal termination of Gaussian 09 at Fri Feb 17 13:53:19 2017.
