 Entering Gaussian System, Link 0=g09
 AtFile(1): H.gbs
            H     0
            S   10   1.00
               1000.000000000000            0.000068713567
                316.227766000000            0.000169141320
                100.000000000000            0.000823394812
                 31.622776600000            0.003425569236
                 10.000000000000            0.013951996000
                  3.162277660000            0.056909313560
                  1.000000000000            0.198286399900
                  0.316227766000            0.496922426700
                  0.100000000000            0.369846276400
                  0.031622776600            0.003752720039
            ****
 Initial command:
 /projects/guscus/apps/gau/g09-e1/g09/l1.exe "/users/lcj1/gaussian/h12/rhfstability/2rows/alterguess/2to4/Gau-15990.inp" -scrdir="/users/lcj1/gaussian/h12/rhfstability/2rows/alterguess/2to4/"
 Entering Link 1 = /projects/guscus/apps/gau/g09-e1/g09/l1.exe PID=     15991.
  
 Copyright (c) 1988,1990,1992,1993,1995,1998,2003,2009,2015,
            Gaussian, Inc.  All Rights Reserved.
  
 This is part of the Gaussian(R) 09 program.  It is based on
 the Gaussian(R) 03 system (copyright 2003, Gaussian, Inc.),
 the Gaussian(R) 98 system (copyright 1998, Gaussian, Inc.),
 the Gaussian(R) 94 system (copyright 1995, Gaussian, Inc.),
 the Gaussian 92(TM) system (copyright 1992, Gaussian, Inc.),
 the Gaussian 90(TM) system (copyright 1990, Gaussian, Inc.),
 the Gaussian 88(TM) system (copyright 1988, Gaussian, Inc.),
 the Gaussian 86(TM) system (copyright 1986, Carnegie Mellon
 University), and the Gaussian 82(TM) system (copyright 1983,
 Carnegie Mellon University). Gaussian is a federally registered
 trademark of Gaussian, Inc.
  
 This software contains proprietary and confidential information,
 including trade secrets, belonging to Gaussian, Inc.
  
 This software is provided under written license and may be
 used, copied, transmitted, or stored only in accord with that
 written license.
  
 The following legend is applicable only to US Government
 contracts under FAR:
  
                    RESTRICTED RIGHTS LEGEND
  
 Use, reproduction and disclosure by the US Government is
 subject to restrictions as set forth in subparagraphs (a)
 and (c) of the Commercial Computer Software - Restricted
 Rights clause in FAR 52.227-19.
  
 Gaussian, Inc.
 340 Quinnipiac St., Bldg. 40, Wallingford CT 06492
  
  
 ---------------------------------------------------------------
 Warning -- This program may not be used in any manner that
 competes with the business of Gaussian, Inc. or will provide
 assistance to any competitor of Gaussian, Inc.  The licensee
 of this program is prohibited from giving any competitor of
 Gaussian, Inc. access to this program.  By using this program,
 the user acknowledges that Gaussian, Inc. is engaged in the
 business of creating and licensing software in the field of
 computational chemistry and represents and warrants to the
 licensee that it is not a competitor of Gaussian, Inc. and that
 it will not use this program in any manner prohibited above.
 ---------------------------------------------------------------
  

 Cite this work as:
 Gaussian 09, Revision E.01,
 M. J. Frisch, G. W. Trucks, H. B. Schlegel, G. E. Scuseria, 
 M. A. Robb, J. R. Cheeseman, G. Scalmani, V. Barone, B. Mennucci, 
 G. A. Petersson, H. Nakatsuji, M. Caricato, X. Li, H. P. Hratchian, 
 A. F. Izmaylov, J. Bloino, G. Zheng, J. L. Sonnenberg, M. Hada, 
 M. Ehara, K. Toyota, R. Fukuda, J. Hasegawa, M. Ishida, T. Nakajima, 
 Y. Honda, O. Kitao, H. Nakai, T. Vreven, J. A. Montgomery, Jr., 
 J. E. Peralta, F. Ogliaro, M. Bearpark, J. J. Heyd, E. Brothers, 
 K. N. Kudin, V. N. Staroverov, T. Keith, R. Kobayashi, J. Normand, 
 K. Raghavachari, A. Rendell, J. C. Burant, S. S. Iyengar, J. Tomasi, 
 M. Cossi, N. Rega, J. M. Millam, M. Klene, J. E. Knox, J. B. Cross, 
 V. Bakken, C. Adamo, J. Jaramillo, R. Gomperts, R. E. Stratmann, 
 O. Yazyev, A. J. Austin, R. Cammi, C. Pomelli, J. W. Ochterski, 
 R. L. Martin, K. Morokuma, V. G. Zakrzewski, G. A. Voth, 
 P. Salvador, J. J. Dannenberg, S. Dapprich, A. D. Daniels, 
 O. Farkas, J. B. Foresman, J. V. Ortiz, J. Cioslowski, 
 and D. J. Fox, Gaussian, Inc., Wallingford CT, 2013.
 
 ******************************************
 Gaussian 09:  ES64L-G09RevE.01 30-Nov-2015
                17-Feb-2017 
 ******************************************
 %chk=h12.chk
 ----------------------------------------------------------------------
 #rhf/gen scf(symm,tight,novaracc,noincfock,fulldiag) stable(crhf) gues
 s=read geom=nocrowd test
 ----------------------------------------------------------------------
 1/38=1/1;
 2/12=1,17=6,18=5,40=1/2;
 3/5=7,16=1,25=1,30=1,116=1/1,2,3;
 4/5=1,9=4/1;
 5/5=100002,15=2,16=1,32=2,38=6/2;
 8/6=1,10=90,11=11/1,4;
 9/8=4,13=1/2;
 6/7=2,8=2,9=2,10=2,28=1/1;
 99/5=1,9=1/99;
 ----------------------------------------------------------------------
 hf stability analysis of h10 triangular lattice, y= 0.6960275979088506
 0
 ----------------------------------------------------------------------
 Symbolic Z-matrix:
 Charge =  0 Multiplicity = 1
 H
 H                    1     1.08283 
 H                    1     1.08283  2     100. 
 H                    2     1.08283  1     80.      3     0.       0
 H                    3     1.08283  1     180.     2     0.       0
 H                    4     1.08283  2     180.     1     0.       0
 H                    5     1.08283  3     180.     2     0.       0
 H                    6     1.08283  4     180.     1     0.       0
 H                    7     1.08283  5     180.     2     0.       0
 H                    8     1.08283  6     180.     1     0.       0
 H                    9     1.08283  7     180.     2     0.       0
 H                    10    1.08283  8     180.     1     0.       0
 
                          Input orientation:                          
 ---------------------------------------------------------------------
 Center     Atomic      Atomic             Coordinates (Angstroms)
 Number     Number       Type             X           Y           Z
 ---------------------------------------------------------------------
      1          1           0        0.000000    0.000000    0.000000
      2          1           0        0.000000    0.000000    1.082827
      3          1           0        1.066376    0.000000   -0.188031
      4          1           0        1.066376    0.000000    0.894796
      5          1           0        2.132752    0.000000   -0.376062
      6          1           0        2.132752    0.000000    0.706765
      7          1           0        3.199128    0.000000   -0.564093
      8          1           0        3.199128    0.000000    0.518734
      9          1           0        4.265504    0.000000   -0.752124
     10          1           0        4.265504    0.000000    0.330703
     11          1           0        5.331881    0.000000   -0.940154
     12          1           0        5.331881    0.000000    0.142672
 ---------------------------------------------------------------------
                    Distance matrix (angstroms):
                    1          2          3          4          5
     1  H    0.000000
     2  H    1.082827   0.000000
     3  H    1.082827   1.658987   0.000000
     4  H    1.392055   1.082827   1.082827   0.000000
     5  H    2.165653   2.583987   1.082827   1.658987   0.000000
     6  H    2.246809   2.165653   1.392055   1.082827   1.082827
     7  H    3.248480   3.598161   2.165653   2.583987   1.082827
     8  H    3.240911   3.248480   2.246809   2.165653   1.392055
     9  H    4.331307   4.643444   3.248480   3.598161   2.165653
    10  H    4.278305   4.331307   3.240911   3.248480   2.246809
    11  H    5.414133   5.702754   4.331307   4.643444   3.248480
    12  H    5.333789   5.414133   4.278305   4.331307   3.240911
                    6          7          8          9         10
     6  H    0.000000
     7  H    1.658987   0.000000
     8  H    1.082827   1.082827   0.000000
     9  H    2.583987   1.082827   1.658987   0.000000
    10  H    2.165653   1.392055   1.082827   1.082827   0.000000
    11  H    3.598161   2.165653   2.583987   1.082827   1.658987
    12  H    3.248480   2.246809   2.165653   1.392055   1.082827
                   11         12
    11  H    0.000000
    12  H    1.082827   0.000000
 Stoichiometry    H12
 Framework group  C2H[SGH(H12)]
 Deg. of freedom    11
 Full point group                 C2H     NOp   4
 Largest Abelian subgroup         C2H     NOp   4
 Largest concise Abelian subgroup C2      NOp   2
                         Standard orientation:                         
 ---------------------------------------------------------------------
 Center     Atomic      Atomic             Coordinates (Angstroms)
 Number     Number       Type             X           Y           Z
 ---------------------------------------------------------------------
      1          1           0        1.658987    2.088083    0.000000
      2          1           0        2.488480    1.392055   -0.000000
      3          1           0        0.829493    1.392055    0.000000
      4          1           0        1.658987    0.696028   -0.000000
      5          1           0        0.000000    0.696028    0.000000
      6          1           0        0.829493    0.000000   -0.000000
      7          1           0       -0.829493    0.000000   -0.000000
      8          1           0       -0.000000   -0.696028    0.000000
      9          1           0       -1.658987   -0.696028   -0.000000
     10          1           0       -0.829493   -1.392055   -0.000000
     11          1           0       -2.488480   -1.392055   -0.000000
     12          1           0       -1.658987   -2.088083   -0.000000
 ---------------------------------------------------------------------
 Rotational constants (GHZ):    147.4049916     12.1849538     11.2546126
 General basis read from cards:  (5D, 7F)
 There are     6 symmetry adapted cartesian basis functions of AG  symmetry.
 There are     0 symmetry adapted cartesian basis functions of BG  symmetry.
 There are     0 symmetry adapted cartesian basis functions of AU  symmetry.
 There are     6 symmetry adapted cartesian basis functions of BU  symmetry.
 There are     6 symmetry adapted basis functions of AG  symmetry.
 There are     0 symmetry adapted basis functions of BG  symmetry.
 There are     0 symmetry adapted basis functions of AU  symmetry.
 There are     6 symmetry adapted basis functions of BU  symmetry.
    12 basis functions,   120 primitive gaussians,    12 cartesian basis functions
     6 alpha electrons        6 beta electrons
       nuclear repulsion energy        18.2907755647 Hartrees.
 NAtoms=   12 NActive=   12 NUniq=    6 SFac= 4.00D+00 NAtFMM=   60 NAOKFM=F Big=F
 Integral buffers will be    131072 words long.
 Regular integral format.
 Two-electron integral symmetry is turned on.
 One-electron integrals computed using PRISM.
 NBasis=    12 RedAO= T EigKep=  1.22D-01  NBF=     6     0     0     6
 NBsUse=    12 1.00D-06 EigRej= -1.00D+00 NBFU=     6     0     0     6
 Initial guess from the checkpoint file:  "h12.chk"
 B after Tr=    -0.000000   -0.000000   -0.000000
         Rot=    0.999998   -0.000000    0.000000   -0.001837 Ang=  -0.21 deg.
 Initial guess orbital symmetries:
       Occupied  (AG) (BU) (AG) (BU) (BU) (BU)
       Virtual   (AG) (AG) (AG) (BU) (BU) (AG)
 Keep R1 ints in memory in symmetry-blocked form, NReq=900690.
 Requested convergence on RMS density matrix=1.00D-08 within 128 cycles.
 Requested convergence on MAX density matrix=1.00D-06.
 Requested convergence on             energy=1.00D-06.
 No special actions if energy rises.
 SCF Done:  E(RHF) =  -5.52240422830     A.U. after    8 cycles
            NFock=  8  Conv=0.59D-08     -V/T= 1.8522
 Range of M.O.s used for correlation:     1    12
 NBasis=    12 NAE=     6 NBE=     6 NFC=     0 NFV=     0
 NROrb=     12 NOA=     6 NOB=     6 NVA=     6 NVB=     6

 **** Warning!!: The smallest alpha delta epsilon is -0.29269148D-01

 Semi-Direct transformation.
 ModeAB=           4 MOrb=             6 LenV=     134087391
 LASXX=         2181 LTotXX=        2181 LenRXX=        5115
 LTotAB=        2934 MaxLAS=        3024 LenRXY=           0
 NonZer=        7296 LenScr=      655360 LnRSAI=        3024
 LnScr1=      655360 LExtra=           0 Total=      1318859
 MaxDsk=          -1 SrtSym=           T ITran=            3
 JobTyp=0 Pass  1:  I=   1 to   6.
 (rs|ai) integrals will be sorted in core.
 Spin components of T(2) and E(2):
     alpha-alpha T2 =       0.3332106526D-01 E2=     -0.2350118722D-01
     alpha-beta  T2 =       0.3170007204D+01 E2=     -0.5410717994D-01
     beta-beta   T2 =       0.3332106526D-01 E2=     -0.2350118722D-01
 ANorm=    0.2058312254D+01
 E2 =    -0.1011095544D+00 EUMP2 =    -0.56235137826812D+01
 Second order stability test of a single determinant RHF wave function:
 Stabil:  MDV=134217728
 ***********************************************************************
 Matrix         Lowest Root    Major Pairs
 ***********************************************************************
 Internal RHF    -0.1900136    6A=7A
 RRHF --> CRHF   -0.2266669    6A=7A
 RRHF --> RUHF   -0.4387217    6A=7B
 Not stable.
 ***********************************************************************

 **********************************************************************

            Population analysis using the SCF density.

 **********************************************************************

 Orbital symmetries:
       Occupied  (AG) (BU) (AG) (BU) (BU) (BU)
       Virtual   (AG) (AG) (AG) (BU) (BU) (AG)
 The electronic state is 1-AG.
 Alpha  occ. eigenvalues --   -0.88047  -0.80128  -0.63426  -0.43219  -0.41334
 Alpha  occ. eigenvalues --   -0.12969
 Alpha virt. eigenvalues --   -0.15896   0.04548   0.29915   0.40375   0.60183
 Alpha virt. eigenvalues --    0.90442
          Condensed to atoms (all electrons):
               1          2          3          4          5          6
     1  H    1.216896  -0.037743   0.204762  -0.159209  -0.141555  -0.011724
     2  H   -0.037743   0.981209  -0.116934   0.295355   0.005167  -0.115764
     3  H    0.204762  -0.116934   0.657698  -0.051943   0.128772   0.078141
     4  H   -0.159209   0.295355  -0.051943   0.727512   0.059789   0.059753
     5  H   -0.141555   0.005167   0.128772   0.059789   1.291675  -0.179991
     6  H   -0.011724  -0.115764   0.078141   0.059753  -0.179991   1.146746
     7  H   -0.006091   0.010425  -0.022460  -0.016361   0.393131  -0.256110
     8  H    0.022842  -0.012674  -0.029711  -0.047137  -0.385428   0.393131
     9  H    0.004729  -0.001143   0.011938  -0.011291  -0.047137  -0.016361
    10  H   -0.001759   0.003711  -0.020844   0.011938  -0.029711  -0.022460
    11  H    0.000439  -0.000433   0.003711  -0.001143  -0.012674   0.010425
    12  H   -0.001133   0.000439  -0.001759   0.004729   0.022842  -0.006091
               7          8          9         10         11         12
     1  H   -0.006091   0.022842   0.004729  -0.001759   0.000439  -0.001133
     2  H    0.010425  -0.012674  -0.001143   0.003711  -0.000433   0.000439
     3  H   -0.022460  -0.029711   0.011938  -0.020844   0.003711  -0.001759
     4  H   -0.016361  -0.047137  -0.011291   0.011938  -0.001143   0.004729
     5  H    0.393131  -0.385428  -0.047137  -0.029711  -0.012674   0.022842
     6  H   -0.256110   0.393131  -0.016361  -0.022460   0.010425  -0.006091
     7  H    1.146746  -0.179991   0.059753   0.078141  -0.115764  -0.011724
     8  H   -0.179991   1.291675   0.059789   0.128772   0.005167  -0.141555
     9  H    0.059753   0.059789   0.727512  -0.051943   0.295355  -0.159209
    10  H    0.078141   0.128772  -0.051943   0.657698  -0.116934   0.204762
    11  H   -0.115764   0.005167   0.295355  -0.116934   0.981209  -0.037743
    12  H   -0.011724  -0.141555  -0.159209   0.204762  -0.037743   1.216896
 Mulliken charges:
               1
     1  H   -0.090454
     2  H   -0.011614
     3  H    0.158630
     4  H    0.128009
     5  H   -0.104879
     6  H   -0.079693
     7  H   -0.079693
     8  H   -0.104879
     9  H    0.128009
    10  H    0.158630
    11  H   -0.011614
    12  H   -0.090454
 Sum of Mulliken charges =  -0.00000
 Mulliken charges with hydrogens summed into heavy atoms:
               1
 Electronic spatial extent (au):  <R**2>=            198.0059
 Charge=             -0.0000 electrons
 Dipole moment (field-independent basis, Debye):
    X=              0.0000    Y=             -0.0000    Z=             -0.0000  Tot=              0.0000
 Quadrupole moment (field-independent basis, Debye-Ang):
   XX=            -17.6522   YY=            -19.4291   ZZ=            -15.2341
   XY=             -0.1081   XZ=             -0.0000   YZ=             -0.0000
 Traceless Quadrupole moment (field-independent basis, Debye-Ang):
   XX=             -0.2137   YY=             -1.9906   ZZ=              2.2043
   XY=             -0.1081   XZ=             -0.0000   YZ=             -0.0000
 Octapole moment (field-independent basis, Debye-Ang**2):
  XXX=              0.0000  YYY=              0.0000  ZZZ=              0.0000  XYY=              0.0000
  XXY=              0.0000  XXZ=              0.0000  XZZ=              0.0000  YZZ=              0.0000
  YYZ=              0.0000  XYZ=              0.0000
 Hexadecapole moment (field-independent basis, Debye-Ang**3):
 XXXX=           -254.4888 YYYY=           -199.6059 ZZZZ=            -18.1475 XXXY=            -86.4937
 XXXZ=             -0.0000 YYYX=            -91.6632 YYYZ=             -0.0000 ZZZX=             -0.0000
 ZZZY=             -0.0000 XXYY=            -80.5856 XXZZ=            -41.1120 YYZZ=            -31.2956
 XXYZ=             -0.0000 YYXZ=             -0.0000 ZZXY=            -24.0269
 N-N= 1.829077556473D+01 E-N=-4.752418179591D+01  KE= 6.480257523534D+00
 Symmetry AG   KE= 1.340504473506D+00
 Symmetry BG   KE= 0.000000000000D+00
 Symmetry AU   KE= 0.000000000000D+00
 Symmetry BU   KE= 5.139753050028D+00

 Test job not archived.
 1\1\GINC-SULU\Stability\RHF\Gen\H12\LCJ1\17-Feb-2017\0\\#rhf/gen scf(s
 ymm,tight,novaracc,noincfock,fulldiag) stable(crhf) guess=read geom=no
 crowd test\\hf stability analysis of h10 triangular lattice, y= 0.6960
 2759790885060\\0,1\H\H,1,1.0828266931\H,1,1.0828266931,2,100.\H,2,1.08
 28266931,1,80.,3,0.,0\H,3,1.0828266931,1,180.,2,0.,0\H,4,1.0828266931,
 2,180.,1,0.,0\H,5,1.0828266931,3,180.,2,0.,0\H,6,1.0828266931,4,180.,1
 ,0.,0\H,7,1.0828266931,5,180.,2,0.,0\H,8,1.0828266931,6,180.,1,0.,0\H,
 9,1.0828266931,7,180.,2,0.,0\H,10,1.0828266931,8,180.,1,0.,0\\Version=
 ES64L-G09RevE.01\State=1-AG\HF=-5.5224042\MP2=-5.6235138\RMSD=5.899e-0
 9\Dipole=0.,0.,0.\Quadrupole=-1.0133263,1.6388797,-0.6255534,0.,-0.636
 5415,0.\PG=C02H [SGH(H12)]\\@


 HE THAT FOLLOWS NATURE IS NEVER LOST.

                             -- BACON
 Job cpu time:       0 days  0 hours  0 minutes  1.1 seconds.
 File lengths (MBytes):  RWF=     84 Int=      0 D2E=      0 Chk=      2 Scr=      2
 Normal termination of Gaussian 09 at Fri Feb 17 13:54:34 2017.
