 Entering Gaussian System, Link 0=g09
 AtFile(1): H.gbs
            H     0
            S   10   1.00
               1000.000000000000            0.000068713567
                316.227766000000            0.000169141320
                100.000000000000            0.000823394812
                 31.622776600000            0.003425569236
                 10.000000000000            0.013951996000
                  3.162277660000            0.056909313560
                  1.000000000000            0.198286399900
                  0.316227766000            0.496922426700
                  0.100000000000            0.369846276400
                  0.031622776600            0.003752720039
            ****
 Initial command:
 /projects/guscus/apps/gau/g09-e1/g09/l1.exe "/users/lcj1/gaussian/h12/rhfstability/2rows/alterguess/2to4/Gau-28716.inp" -scrdir="/users/lcj1/gaussian/h12/rhfstability/2rows/alterguess/2to4/"
 Entering Link 1 = /projects/guscus/apps/gau/g09-e1/g09/l1.exe PID=     28718.
  
 Copyright (c) 1988,1990,1992,1993,1995,1998,2003,2009,2015,
            Gaussian, Inc.  All Rights Reserved.
  
 This is part of the Gaussian(R) 09 program.  It is based on
 the Gaussian(R) 03 system (copyright 2003, Gaussian, Inc.),
 the Gaussian(R) 98 system (copyright 1998, Gaussian, Inc.),
 the Gaussian(R) 94 system (copyright 1995, Gaussian, Inc.),
 the Gaussian 92(TM) system (copyright 1992, Gaussian, Inc.),
 the Gaussian 90(TM) system (copyright 1990, Gaussian, Inc.),
 the Gaussian 88(TM) system (copyright 1988, Gaussian, Inc.),
 the Gaussian 86(TM) system (copyright 1986, Carnegie Mellon
 University), and the Gaussian 82(TM) system (copyright 1983,
 Carnegie Mellon University). Gaussian is a federally registered
 trademark of Gaussian, Inc.
  
 This software contains proprietary and confidential information,
 including trade secrets, belonging to Gaussian, Inc.
  
 This software is provided under written license and may be
 used, copied, transmitted, or stored only in accord with that
 written license.
  
 The following legend is applicable only to US Government
 contracts under FAR:
  
                    RESTRICTED RIGHTS LEGEND
  
 Use, reproduction and disclosure by the US Government is
 subject to restrictions as set forth in subparagraphs (a)
 and (c) of the Commercial Computer Software - Restricted
 Rights clause in FAR 52.227-19.
  
 Gaussian, Inc.
 340 Quinnipiac St., Bldg. 40, Wallingford CT 06492
  
  
 ---------------------------------------------------------------
 Warning -- This program may not be used in any manner that
 competes with the business of Gaussian, Inc. or will provide
 assistance to any competitor of Gaussian, Inc.  The licensee
 of this program is prohibited from giving any competitor of
 Gaussian, Inc. access to this program.  By using this program,
 the user acknowledges that Gaussian, Inc. is engaged in the
 business of creating and licensing software in the field of
 computational chemistry and represents and warrants to the
 licensee that it is not a competitor of Gaussian, Inc. and that
 it will not use this program in any manner prohibited above.
 ---------------------------------------------------------------
  

 Cite this work as:
 Gaussian 09, Revision E.01,
 M. J. Frisch, G. W. Trucks, H. B. Schlegel, G. E. Scuseria, 
 M. A. Robb, J. R. Cheeseman, G. Scalmani, V. Barone, B. Mennucci, 
 G. A. Petersson, H. Nakatsuji, M. Caricato, X. Li, H. P. Hratchian, 
 A. F. Izmaylov, J. Bloino, G. Zheng, J. L. Sonnenberg, M. Hada, 
 M. Ehara, K. Toyota, R. Fukuda, J. Hasegawa, M. Ishida, T. Nakajima, 
 Y. Honda, O. Kitao, H. Nakai, T. Vreven, J. A. Montgomery, Jr., 
 J. E. Peralta, F. Ogliaro, M. Bearpark, J. J. Heyd, E. Brothers, 
 K. N. Kudin, V. N. Staroverov, T. Keith, R. Kobayashi, J. Normand, 
 K. Raghavachari, A. Rendell, J. C. Burant, S. S. Iyengar, J. Tomasi, 
 M. Cossi, N. Rega, J. M. Millam, M. Klene, J. E. Knox, J. B. Cross, 
 V. Bakken, C. Adamo, J. Jaramillo, R. Gomperts, R. E. Stratmann, 
 O. Yazyev, A. J. Austin, R. Cammi, C. Pomelli, J. W. Ochterski, 
 R. L. Martin, K. Morokuma, V. G. Zakrzewski, G. A. Voth, 
 P. Salvador, J. J. Dannenberg, S. Dapprich, A. D. Daniels, 
 O. Farkas, J. B. Foresman, J. V. Ortiz, J. Cioslowski, 
 and D. J. Fox, Gaussian, Inc., Wallingford CT, 2013.
 
 ******************************************
 Gaussian 09:  ES64L-G09RevE.01 30-Nov-2015
                17-Feb-2017 
 ******************************************
 %chk=h12.chk
 ----------------------------------------------------------------------
 #rhf/gen scf(symm,tight,novaracc,noincfock,fulldiag) stable(crhf) gues
 s=read geom=nocrowd test
 ----------------------------------------------------------------------
 1/38=1/1;
 2/12=1,17=6,18=5,40=1/2;
 3/5=7,16=1,25=1,30=1,116=1/1,2,3;
 4/5=1,9=4/1;
 5/5=100002,15=2,16=1,32=2,38=6/2;
 8/6=1,10=90,11=11/1,4;
 9/8=4,13=1/2;
 6/7=2,8=2,9=2,10=2,28=1/1;
 99/5=1,9=1/99;
 ----------------------------------------------------------------------
 hf stability analysis of h10 triangular lattice, y= 1.1387493349689228
 ----------------------------------------------------------------------
 Symbolic Z-matrix:
 Charge =  0 Multiplicity = 1
 H
 H                    1     1.24652 
 H                    1     1.24652  2     48. 
 H                    2     1.24652  1     132.     3     0.       0
 H                    3     1.24652  1     180.     2     0.       0
 H                    4     1.24652  2     180.     1     0.       0
 H                    5     1.24652  3     180.     2     0.       0
 H                    6     1.24652  4     180.     1     0.       0
 H                    7     1.24652  5     180.     2     0.       0
 H                    8     1.24652  6     180.     1     0.       0
 H                    9     1.24652  7     180.     2     0.       0
 H                    10    1.24652  8     180.     1     0.       0
 
                          Input orientation:                          
 ---------------------------------------------------------------------
 Center     Atomic      Atomic             Coordinates (Angstroms)
 Number     Number       Type             X           Y           Z
 ---------------------------------------------------------------------
      1          1           0        0.000000    0.000000    0.000000
      2          1           0        0.000000    0.000000    1.246516
      3          1           0        0.926342    0.000000    0.834082
      4          1           0        0.926342    0.000000    2.080599
      5          1           0        1.852684    0.000000    1.668164
      6          1           0        1.852684    0.000000    2.914681
      7          1           0        2.779026    0.000000    2.502247
      8          1           0        2.779026    0.000000    3.748763
      9          1           0        3.705369    0.000000    3.336329
     10          1           0        3.705369    0.000000    4.582845
     11          1           0        4.631711    0.000000    4.170411
     12          1           0        4.631711    0.000000    5.416927
 ---------------------------------------------------------------------
                    Distance matrix (angstroms):
                    1          2          3          4          5
     1  H    0.000000
     2  H    1.246516   0.000000
     3  H    1.246516   1.014008   0.000000
     4  H    2.277499   1.246516   1.246516   0.000000
     5  H    2.493033   1.900060   1.246516   1.014008   0.000000
     6  H    3.453665   2.493033   2.277499   1.246516   1.246516
     7  H    3.739549   3.049565   2.493033   1.900060   1.246516
     8  H    4.666499   3.739549   3.453665   2.493033   2.277499
     9  H    4.986065   4.254065   3.739549   3.049565   2.493033
    10  H    5.893405   4.986065   4.666499   3.739549   3.453665
    11  H    6.232582   5.477399   4.986065   4.254065   3.739549
    12  H    7.127121   6.232582   5.893405   4.986065   4.666499
                    6          7          8          9         10
     6  H    0.000000
     7  H    1.014008   0.000000
     8  H    1.246516   1.246516   0.000000
     9  H    1.900060   1.246516   1.014008   0.000000
    10  H    2.493033   2.277499   1.246516   1.246516   0.000000
    11  H    3.049565   2.493033   1.900060   1.246516   1.014008
    12  H    3.739549   3.453665   2.493033   2.277499   1.246516
                   11         12
    11  H    0.000000
    12  H    1.246516   0.000000
 Stoichiometry    H12
 Framework group  C2H[SGH(H12)]
 Deg. of freedom    11
 Full point group                 C2H     NOp   4
 Largest Abelian subgroup         C2H     NOp   4
 Largest concise Abelian subgroup C2      NOp   2
                         Standard orientation:                         
 ---------------------------------------------------------------------
 Center     Atomic      Atomic             Coordinates (Angstroms)
 Number     Number       Type             X           Y           Z
 ---------------------------------------------------------------------
      1          1           0        3.416248    1.014008   -0.000000
      2          1           0        2.277499    1.521012   -0.000000
      3          1           0        2.277499    0.507004   -0.000000
      4          1           0        1.138749    1.014008   -0.000000
      5          1           0        1.138749    0.000000    0.000000
      6          1           0        0.000000    0.507004   -0.000000
      7          1           0       -0.000000   -0.507004   -0.000000
      8          1           0       -1.138749    0.000000   -0.000000
      9          1           0       -1.138749   -1.014008   -0.000000
     10          1           0       -2.277499   -0.507004   -0.000000
     11          1           0       -2.277499   -1.521012   -0.000000
     12          1           0       -3.416248   -1.014008   -0.000000
 ---------------------------------------------------------------------
 Rotational constants (GHZ):    202.6225353      8.8643782      8.4928318
 General basis read from cards:  (5D, 7F)
 There are     6 symmetry adapted cartesian basis functions of AG  symmetry.
 There are     0 symmetry adapted cartesian basis functions of BG  symmetry.
 There are     0 symmetry adapted cartesian basis functions of AU  symmetry.
 There are     6 symmetry adapted cartesian basis functions of BU  symmetry.
 There are     6 symmetry adapted basis functions of AG  symmetry.
 There are     0 symmetry adapted basis functions of BG  symmetry.
 There are     0 symmetry adapted basis functions of AU  symmetry.
 There are     6 symmetry adapted basis functions of BU  symmetry.
    12 basis functions,   120 primitive gaussians,    12 cartesian basis functions
     6 alpha electrons        6 beta electrons
       nuclear repulsion energy        16.8918815071 Hartrees.
 NAtoms=   12 NActive=   12 NUniq=    6 SFac= 4.00D+00 NAtFMM=   60 NAOKFM=F Big=F
 Integral buffers will be    131072 words long.
 Regular integral format.
 Two-electron integral symmetry is turned on.
 One-electron integrals computed using PRISM.
 NBasis=    12 RedAO= T EigKep=  1.81D-01  NBF=     6     0     0     6
 NBsUse=    12 1.00D-06 EigRej= -1.00D+00 NBFU=     6     0     0     6
 Initial guess from the checkpoint file:  "h12.chk"
 B after Tr=    -0.000000   -0.000000   -0.000000
         Rot=    0.999998    0.000000    0.000000    0.001837 Ang=   0.21 deg.
 Initial guess orbital symmetries:
       Occupied  (AG) (BU) (AG) (BU) (BU) (BU)
       Virtual   (AG) (AG) (BU) (AG) (AG) (BU)
 Keep R1 ints in memory in symmetry-blocked form, NReq=898744.
 Requested convergence on RMS density matrix=1.00D-08 within 128 cycles.
 Requested convergence on MAX density matrix=1.00D-06.
 Requested convergence on             energy=1.00D-06.
 No special actions if energy rises.
 SCF Done:  E(RHF) =  -5.39945534781     A.U. after   10 cycles
            NFock= 10  Conv=0.15D-08     -V/T= 1.8329
 Range of M.O.s used for correlation:     1    12
 NBasis=    12 NAE=     6 NBE=     6 NFC=     0 NFV=     0
 NROrb=     12 NOA=     6 NOB=     6 NVA=     6 NVB=     6

 **** Warning!!: The smallest alpha delta epsilon is -0.30688935D-01

 Semi-Direct transformation.
 ModeAB=           4 MOrb=             6 LenV=     134089827
 LASXX=         2181 LTotXX=        2181 LenRXX=        5115
 LTotAB=        2934 MaxLAS=        3024 LenRXY=           0
 NonZer=        7296 LenScr=      655360 LnRSAI=        3024
 LnScr1=      655360 LExtra=           0 Total=      1318859
 MaxDsk=          -1 SrtSym=           T ITran=            3
 JobTyp=0 Pass  1:  I=   1 to   6.
 (rs|ai) integrals will be sorted in core.
 Spin components of T(2) and E(2):
     alpha-alpha T2 =       0.3776471192D-01 E2=     -0.2239385917D-01
     alpha-beta  T2 =       0.5190913671D+01 E2=      0.2034355022D-01
     beta-beta   T2 =       0.3776471192D-01 E2=     -0.2239385917D-01
 ANorm=    0.2503286459D+01
 E2 =    -0.2444416812D-01 EUMP2 =    -0.54238995159259D+01
 Second order stability test of a single determinant RHF wave function:
 Stabil:  MDV=134217728
 ***********************************************************************
 Matrix         Lowest Root    Major Pairs
 ***********************************************************************

 Internal RHF    -0.1238906    6A=7A 6A=10A 6A=8A 4A=7A 5A=8A 4A=10A 4A=8A
 RRHF --> CRHF   -0.1958904    6A=7A
 RRHF --> RUHF   -0.5058401    6A=7B
 Not stable.
 ***********************************************************************

 **********************************************************************

            Population analysis using the SCF density.

 **********************************************************************

 Orbital symmetries:
       Occupied  (AG) (BU) (AG) (BU) (BU) (BU)
       Virtual   (AG) (AG) (BU) (AG) (AG) (BU)
 The electronic state is 1-AG.
 Alpha  occ. eigenvalues --   -0.84137  -0.77241  -0.63367  -0.46856  -0.29285
 Alpha  occ. eigenvalues --   -0.06722
 Alpha virt. eigenvalues --   -0.09791   0.02611   0.24317   0.24442   0.45978
 Alpha virt. eigenvalues --    0.60433
          Condensed to atoms (all electrons):
               1          2          3          4          5          6
     1  H    1.274857  -0.289155   0.069669  -0.018233  -0.000648   0.013049
     2  H   -0.289155   1.266719   0.294377  -0.002884  -0.154817  -0.060687
     3  H    0.069669   0.294377   0.594219  -0.078825   0.039717  -0.076887
     4  H   -0.018233  -0.002884  -0.078825   0.719293   0.046404   0.349078
     5  H   -0.000648  -0.154817   0.039717   0.046404   1.145617  -0.070292
     6  H    0.013049  -0.060687  -0.076887   0.349078  -0.070292   1.288640
     7  H   -0.011575   0.014744   0.031988  -0.131176   0.223852  -0.541436
     8  H   -0.000347   0.010221  -0.004791   0.012621  -0.137396   0.223852
     9  H    0.000276   0.000376   0.004786  -0.031154   0.012621  -0.131176
    10  H    0.000044  -0.000104  -0.000407   0.004786  -0.004791   0.031988
    11  H    0.000205  -0.000862  -0.000104   0.000376   0.010221   0.014744
    12  H   -0.000064   0.000205   0.000044   0.000276  -0.000347  -0.011575
               7          8          9         10         11         12
     1  H   -0.011575  -0.000347   0.000276   0.000044   0.000205  -0.000064
     2  H    0.014744   0.010221   0.000376  -0.000104  -0.000862   0.000205
     3  H    0.031988  -0.004791   0.004786  -0.000407  -0.000104   0.000044
     4  H   -0.131176   0.012621  -0.031154   0.004786   0.000376   0.000276
     5  H    0.223852  -0.137396   0.012621  -0.004791   0.010221  -0.000347
     6  H   -0.541436   0.223852  -0.131176   0.031988   0.014744  -0.011575
     7  H    1.288640  -0.070292   0.349078  -0.076887  -0.060687   0.013049
     8  H   -0.070292   1.145617   0.046404   0.039717  -0.154817  -0.000648
     9  H    0.349078   0.046404   0.719293  -0.078825  -0.002884  -0.018233
    10  H   -0.076887   0.039717  -0.078825   0.594219   0.294377   0.069669
    11  H   -0.060687  -0.154817  -0.002884   0.294377   1.266719  -0.289155
    12  H    0.013049  -0.000648  -0.018233   0.069669  -0.289155   1.274857
 Mulliken charges:
               1
     1  H   -0.038079
     2  H   -0.078134
     3  H    0.126214
     4  H    0.129439
     5  H   -0.110142
     6  H   -0.029299
     7  H   -0.029299
     8  H   -0.110142
     9  H    0.129439
    10  H    0.126214
    11  H   -0.078134
    12  H   -0.038079
 Sum of Mulliken charges =  -0.00000
 Mulliken charges with hydrogens summed into heavy atoms:
               1
 Electronic spatial extent (au):  <R**2>=            250.8366
 Charge=             -0.0000 electrons
 Dipole moment (field-independent basis, Debye):
    X=              0.0000    Y=             -0.0000    Z=             -0.0000  Tot=              0.0000
 Quadrupole moment (field-independent basis, Debye-Ang):
   XX=            -20.3538   YY=            -18.0473   ZZ=            -15.3799
   XY=             -0.4976   XZ=             -0.0000   YZ=              0.0000
 Traceless Quadrupole moment (field-independent basis, Debye-Ang):
   XX=             -2.4268   YY=             -0.1203   ZZ=              2.5471
   XY=             -0.4976   XZ=             -0.0000   YZ=              0.0000
 Octapole moment (field-independent basis, Debye-Ang**2):
  XXX=              0.0000  YYY=              0.0000  ZZZ=              0.0000  XYY=              0.0000
  XXY=              0.0000  XXZ=              0.0000  XZZ=              0.0000  YZZ=              0.0000
  YYZ=              0.0000  XYZ=              0.0000
 Hexadecapole moment (field-independent basis, Debye-Ang**3):
 XXXX=           -541.7417 YYYY=           -103.6605 ZZZZ=            -18.5140 XXXY=           -100.9866
 XXXZ=             -0.0000 YYYX=            -75.7738 YYYZ=             -0.0000 ZZZX=             -0.0000
 ZZZY=             -0.0000 XXYY=            -93.5693 XXZZ=            -71.4575 YYZZ=            -19.5867
 XXYZ=             -0.0000 YYXZ=             -0.0000 ZZXY=            -23.6457
 N-N= 1.689188150713D+01 E-N=-4.491292982632D+01  KE= 6.482434239272D+00
 Symmetry AG   KE= 1.320919743206D+00
 Symmetry BG   KE= 0.000000000000D+00
 Symmetry AU   KE= 0.000000000000D+00
 Symmetry BU   KE= 5.161514496066D+00

 Test job not archived.
 1\1\GINC-SULU\Stability\RHF\Gen\H12\LCJ1\17-Feb-2017\0\\#rhf/gen scf(s
 ymm,tight,novaracc,noincfock,fulldiag) stable(crhf) guess=read geom=no
 crowd test\\hf stability analysis of h10 triangular lattice, y= 1.1387
 493349689228\\0,1\H\H,1,1.2465163164\H,1,1.2465163164,2,48.\H,2,1.2465
 163164,1,132.,3,0.,0\H,3,1.2465163164,1,180.,2,0.,0\H,4,1.2465163164,2
 ,180.,1,0.,0\H,5,1.2465163164,3,180.,2,0.,0\H,6,1.2465163164,4,180.,1,
 0.,0\H,7,1.2465163164,5,180.,2,0.,0\H,8,1.2465163164,6,180.,1,0.,0\H,9
 ,1.2465163164,7,180.,2,0.,0\H,10,1.2465163164,8,180.,1,0.,0\\Version=E
 S64L-G09RevE.01\State=1-AG\HF=-5.3994553\MP2=-5.4238995\RMSD=1.456e-09
 \Dipole=0.,0.,0.\Quadrupole=-0.6480358,1.8936934,-1.2456576,0.,-0.8847
 193,0.\PG=C02H [SGH(H12)]\\@


 A MAN IS NEVER SO BRILLIANT AS WHEN HE TAKES THE WORDS RIGHT OUT
 OF YOUR MOUTH. -- ARNOT SHEPPARD, JR.
 Job cpu time:       0 days  0 hours  0 minutes  1.0 seconds.
 File lengths (MBytes):  RWF=     84 Int=      0 D2E=      0 Chk=      2 Scr=      2
 Normal termination of Gaussian 09 at Fri Feb 17 13:59:48 2017.
