 Entering Gaussian System, Link 0=g09
 AtFile(1): H.gbs
            H     0
            S   10   1.00
               1000.000000000000            0.000068713567
                316.227766000000            0.000169141320
                100.000000000000            0.000823394812
                 31.622776600000            0.003425569236
                 10.000000000000            0.013951996000
                  3.162277660000            0.056909313560
                  1.000000000000            0.198286399900
                  0.316227766000            0.496922426700
                  0.100000000000            0.369846276400
                  0.031622776600            0.003752720039
            ****
 Initial command:
 /projects/guscus/apps/gau/g09-e1/g09/l1.exe "/users/lcj1/gaussian/h12/rhfstability/2rows/alterguess/2to4/Gau-1232.inp" -scrdir="/users/lcj1/gaussian/h12/rhfstability/2rows/alterguess/2to4/"
 Entering Link 1 = /projects/guscus/apps/gau/g09-e1/g09/l1.exe PID=      1233.
  
 Copyright (c) 1988,1990,1992,1993,1995,1998,2003,2009,2015,
            Gaussian, Inc.  All Rights Reserved.
  
 This is part of the Gaussian(R) 09 program.  It is based on
 the Gaussian(R) 03 system (copyright 2003, Gaussian, Inc.),
 the Gaussian(R) 98 system (copyright 1998, Gaussian, Inc.),
 the Gaussian(R) 94 system (copyright 1995, Gaussian, Inc.),
 the Gaussian 92(TM) system (copyright 1992, Gaussian, Inc.),
 the Gaussian 90(TM) system (copyright 1990, Gaussian, Inc.),
 the Gaussian 88(TM) system (copyright 1988, Gaussian, Inc.),
 the Gaussian 86(TM) system (copyright 1986, Carnegie Mellon
 University), and the Gaussian 82(TM) system (copyright 1983,
 Carnegie Mellon University). Gaussian is a federally registered
 trademark of Gaussian, Inc.
  
 This software contains proprietary and confidential information,
 including trade secrets, belonging to Gaussian, Inc.
  
 This software is provided under written license and may be
 used, copied, transmitted, or stored only in accord with that
 written license.
  
 The following legend is applicable only to US Government
 contracts under FAR:
  
                    RESTRICTED RIGHTS LEGEND
  
 Use, reproduction and disclosure by the US Government is
 subject to restrictions as set forth in subparagraphs (a)
 and (c) of the Commercial Computer Software - Restricted
 Rights clause in FAR 52.227-19.
  
 Gaussian, Inc.
 340 Quinnipiac St., Bldg. 40, Wallingford CT 06492
  
  
 ---------------------------------------------------------------
 Warning -- This program may not be used in any manner that
 competes with the business of Gaussian, Inc. or will provide
 assistance to any competitor of Gaussian, Inc.  The licensee
 of this program is prohibited from giving any competitor of
 Gaussian, Inc. access to this program.  By using this program,
 the user acknowledges that Gaussian, Inc. is engaged in the
 business of creating and licensing software in the field of
 computational chemistry and represents and warrants to the
 licensee that it is not a competitor of Gaussian, Inc. and that
 it will not use this program in any manner prohibited above.
 ---------------------------------------------------------------
  

 Cite this work as:
 Gaussian 09, Revision E.01,
 M. J. Frisch, G. W. Trucks, H. B. Schlegel, G. E. Scuseria, 
 M. A. Robb, J. R. Cheeseman, G. Scalmani, V. Barone, B. Mennucci, 
 G. A. Petersson, H. Nakatsuji, M. Caricato, X. Li, H. P. Hratchian, 
 A. F. Izmaylov, J. Bloino, G. Zheng, J. L. Sonnenberg, M. Hada, 
 M. Ehara, K. Toyota, R. Fukuda, J. Hasegawa, M. Ishida, T. Nakajima, 
 Y. Honda, O. Kitao, H. Nakai, T. Vreven, J. A. Montgomery, Jr., 
 J. E. Peralta, F. Ogliaro, M. Bearpark, J. J. Heyd, E. Brothers, 
 K. N. Kudin, V. N. Staroverov, T. Keith, R. Kobayashi, J. Normand, 
 K. Raghavachari, A. Rendell, J. C. Burant, S. S. Iyengar, J. Tomasi, 
 M. Cossi, N. Rega, J. M. Millam, M. Klene, J. E. Knox, J. B. Cross, 
 V. Bakken, C. Adamo, J. Jaramillo, R. Gomperts, R. E. Stratmann, 
 O. Yazyev, A. J. Austin, R. Cammi, C. Pomelli, J. W. Ochterski, 
 R. L. Martin, K. Morokuma, V. G. Zakrzewski, G. A. Voth, 
 P. Salvador, J. J. Dannenberg, S. Dapprich, A. D. Daniels, 
 O. Farkas, J. B. Foresman, J. V. Ortiz, J. Cioslowski, 
 and D. J. Fox, Gaussian, Inc., Wallingford CT, 2013.
 
 ******************************************
 Gaussian 09:  ES64L-G09RevE.01 30-Nov-2015
                17-Feb-2017 
 ******************************************
 %chk=h12.chk
 ----------------------------------------------------------------------
 #rhf/gen scf(symm,tight,novaracc,noincfock,fulldiag) stable(crhf) gues
 s=read geom=nocrowd test
 ----------------------------------------------------------------------
 1/38=1/1;
 2/12=1,17=6,18=5,40=1/2;
 3/5=7,16=1,25=1,30=1,116=1/1,2,3;
 4/5=1,9=4/1;
 5/5=100002,15=2,16=1,32=2,38=6/2;
 8/6=1,10=90,11=11/1,4;
 9/8=4,13=1/2;
 6/7=2,8=2,9=2,10=2,28=1/1;
 99/5=1,9=1/99;
 ----------------------------------------------------------------------
 hf stability analysis of h10 triangular lattice, y= 0.3023959355609886
 5
 ----------------------------------------------------------------------
 Symbolic Z-matrix:
 Charge =  0 Multiplicity = 1
 H
 H                    1     1.93305 
 H                    1     1.93305  2     162. 
 H                    2     1.93305  1     18.      3     0.       0
 H                    3     1.93305  1     180.     2     0.       0
 H                    4     1.93305  2     180.     1     0.       0
 H                    5     1.93305  3     180.     2     0.       0
 H                    6     1.93305  4     180.     1     0.       0
 H                    7     1.93305  5     180.     2     0.       0
 H                    8     1.93305  6     180.     1     0.       0
 H                    9     1.93305  7     180.     2     0.       0
 H                    10    1.93305  8     180.     1     0.       0
 
                          Input orientation:                          
 ---------------------------------------------------------------------
 Center     Atomic      Atomic             Coordinates (Angstroms)
 Number     Number       Type             X           Y           Z
 ---------------------------------------------------------------------
      1          1           0        0.000000    0.000000    0.000000
      2          1           0        0.000000    0.000000    1.933052
      3          1           0        0.597346    0.000000   -1.838442
      4          1           0        0.597346    0.000000    0.094610
      5          1           0        1.194692    0.000000   -3.676883
      6          1           0        1.194692    0.000000   -1.743831
      7          1           0        1.792038    0.000000   -5.515325
      8          1           0        1.792038    0.000000   -3.582273
      9          1           0        2.389383    0.000000   -7.353766
     10          1           0        2.389383    0.000000   -5.420714
     11          1           0        2.986729    0.000000   -9.192208
     12          1           0        2.986729    0.000000   -7.259156
 ---------------------------------------------------------------------
                    Distance matrix (angstroms):
                    1          2          3          4          5
     1  H    0.000000
     2  H    1.933052   0.000000
     3  H    1.933052   3.818505   0.000000
     4  H    0.604792   1.933052   1.933052   0.000000
     5  H    3.866104   5.735735   1.933052   3.818505   0.000000
     6  H    2.113820   3.866104   0.604792   1.933052   1.933052
     7  H    5.799155   7.660921   3.866104   5.735735   1.933052
     8  H    4.005506   5.799155   2.113820   3.866104   0.604792
     9  H    7.732207   9.589272   5.799155   7.660921   3.866104
    10  H    5.923960   7.732207   4.005506   5.799155   2.113820
    11  H    9.665259  11.519199   7.732207   9.589272   5.799155
    12  H    7.849579   9.665259   5.923960   7.732207   4.005506
                    6          7          8          9         10
     6  H    0.000000
     7  H    3.818505   0.000000
     8  H    1.933052   1.933052   0.000000
     9  H    5.735735   1.933052   3.818505   0.000000
    10  H    3.866104   0.604792   1.933052   1.933052   0.000000
    11  H    7.660921   3.866104   5.735735   1.933052   3.818505
    12  H    5.799155   2.113820   3.866104   0.604792   1.933052
                   11         12
    11  H    0.000000
    12  H    1.933052   0.000000
 Stoichiometry    H12
 Framework group  C2H[SGH(H12)]
 Deg. of freedom    11
 Full point group                 C2H     NOp   4
 Largest Abelian subgroup         C2H     NOp   4
 Largest concise Abelian subgroup C2      NOp   2
                         Standard orientation:                         
 ---------------------------------------------------------------------
 Center     Atomic      Atomic             Coordinates (Angstroms)
 Number     Number       Type             X           Y           Z
 ---------------------------------------------------------------------
      1          1           0        3.818505    0.907188   -0.000000
      2          1           0        5.727758    0.604792   -0.000000
      3          1           0        1.909253    0.604792   -0.000000
      4          1           0        3.818505    0.302396   -0.000000
      5          1           0       -0.000000    0.302396   -0.000000
      6          1           0        1.909253    0.000000   -0.000000
      7          1           0       -1.909253    0.000000   -0.000000
      8          1           0       -0.000000   -0.302396   -0.000000
      9          1           0       -3.818505   -0.302396   -0.000000
     10          1           0       -1.909253   -0.604792   -0.000000
     11          1           0       -5.727758   -0.604792   -0.000000
     12          1           0       -3.818505   -0.907188   -0.000000
 ---------------------------------------------------------------------
 Rotational constants (GHZ):    505.0415921      3.5563865      3.5315183
 General basis read from cards:  (5D, 7F)
 There are     6 symmetry adapted cartesian basis functions of AG  symmetry.
 There are     0 symmetry adapted cartesian basis functions of BG  symmetry.
 There are     0 symmetry adapted cartesian basis functions of AU  symmetry.
 There are     6 symmetry adapted cartesian basis functions of BU  symmetry.
 There are     6 symmetry adapted basis functions of AG  symmetry.
 There are     0 symmetry adapted basis functions of BG  symmetry.
 There are     0 symmetry adapted basis functions of AU  symmetry.
 There are     6 symmetry adapted basis functions of BU  symmetry.
    12 basis functions,   120 primitive gaussians,    12 cartesian basis functions
     6 alpha electrons        6 beta electrons
       nuclear repulsion energy        13.8499296334 Hartrees.
 NAtoms=   12 NActive=   12 NUniq=    6 SFac= 4.00D+00 NAtFMM=   60 NAOKFM=F Big=F
 Integral buffers will be    131072 words long.
 Regular integral format.
 Two-electron integral symmetry is turned on.
 One-electron integrals computed using PRISM.
 NBasis=    12 RedAO= T EigKep=  1.39D-01  NBF=     6     0     0     6
 NBsUse=    12 1.00D-06 EigRej= -1.00D+00 NBFU=     6     0     0     6
 Initial guess from the checkpoint file:  "h12.chk"
 B after Tr=     0.000000   -0.000000    0.000000
         Rot=    0.999998    0.000000   -0.000000   -0.001837 Ang=  -0.21 deg.
 Initial guess orbital symmetries:
       Occupied  (AG) (BU) (AG) (BU) (BU) (BU)
       Virtual   (AG) (AG) (AG) (BU) (AG) (BU)
 Keep R1 ints in memory in symmetry-blocked form, NReq=890722.
 Requested convergence on RMS density matrix=1.00D-08 within 128 cycles.
 Requested convergence on MAX density matrix=1.00D-06.
 Requested convergence on             energy=1.00D-06.
 No special actions if energy rises.
 SCF Done:  E(RHF) =  -4.51979200309     A.U. after    9 cycles
            NFock=  9  Conv=0.21D-08     -V/T= 1.6677
 Range of M.O.s used for correlation:     1    12
 NBasis=    12 NAE=     6 NBE=     6 NFC=     0 NFV=     0
 NROrb=     12 NOA=     6 NOB=     6 NVA=     6 NVB=     6

 **** Warning!!: The smallest alpha delta epsilon is -0.33655508D+00

 Semi-Direct transformation.
 ModeAB=           4 MOrb=             6 LenV=     134097527
 LASXX=         2181 LTotXX=        2181 LenRXX=        5115
 LTotAB=        2934 MaxLAS=        3024 LenRXY=           0
 NonZer=        7296 LenScr=      655360 LnRSAI=        3024
 LnScr1=      655360 LExtra=           0 Total=      1318859
 MaxDsk=          -1 SrtSym=           T ITran=            3
 JobTyp=0 Pass  1:  I=   1 to   6.
 (rs|ai) integrals will be sorted in core.
 Spin components of T(2) and E(2):
     alpha-alpha T2 =       0.1324295081D-01 E2=     -0.8504461968D-02
     alpha-beta  T2 =       0.1137074530D+02 E2=     -0.9580099975D+00
     beta-beta   T2 =       0.1324295081D-01 E2=     -0.8504461968D-02
 ANorm=    0.3520970208D+01
 E2 =    -0.9750189214D+00 EUMP2 =    -0.54948109245362D+01
 Second order stability test of a single determinant RHF wave function:
 Stabil:  MDV=134217728
 ***********************************************************************
 Matrix         Lowest Root    Major Pairs
 ***********************************************************************
 Internal RHF    -0.5417502    6A=7A
 RRHF --> CRHF   -0.7006338    6A=7A
 RRHF --> RUHF   -0.8713218    6A=7B
 Not stable.
 ***********************************************************************

 **********************************************************************

            Population analysis using the SCF density.

 **********************************************************************

 Orbital symmetries:
       Occupied  (AG) (BU) (AG) (BU) (BU) (BU)
       Virtual   (AG) (AG) (AG) (BU) (AG) (BU)
 The electronic state is 1-AG.
 Alpha  occ. eigenvalues --   -0.73778  -0.72045  -0.66485  -0.63389  -0.19390
 Alpha  occ. eigenvalues --    0.03978
 Alpha virt. eigenvalues --   -0.29678  -0.14715   0.39251   0.45784   0.58374
 Alpha virt. eigenvalues --    0.63785
          Condensed to atoms (all electrons):
               1          2          3          4          5          6
     1  H    0.607476  -0.031831  -0.002843   0.468452   0.003677  -0.044202
     2  H   -0.031831   1.068494   0.000261  -0.031464   0.000006   0.000430
     3  H   -0.002843   0.000261   0.989110  -0.053375   0.351527  -0.031578
     4  H    0.468452  -0.031464  -0.053375   0.621870  -0.006125  -0.001242
     5  H    0.003677   0.000006   0.351527  -0.006125   3.783556  -0.317793
     6  H   -0.044202   0.000430  -0.031578  -0.001242  -0.317793   1.081952
     7  H    0.000081  -0.000001   0.007079  -0.000051   0.369921  -0.011756
     8  H   -0.004114  -0.000009  -0.242441   0.004170  -3.010181   0.369921
     9  H   -0.000000   0.000000   0.000080  -0.000001   0.004170  -0.000051
    10  H   -0.000030  -0.000001  -0.007690   0.000080  -0.242441   0.007079
    11  H    0.000000  -0.000000  -0.000001   0.000000  -0.000009  -0.000001
    12  H   -0.000001   0.000000  -0.000030  -0.000000  -0.004114   0.000081
               7          8          9         10         11         12
     1  H    0.000081  -0.004114  -0.000000  -0.000030   0.000000  -0.000001
     2  H   -0.000001  -0.000009   0.000000  -0.000001  -0.000000   0.000000
     3  H    0.007079  -0.242441   0.000080  -0.007690  -0.000001  -0.000030
     4  H   -0.000051   0.004170  -0.000001   0.000080   0.000000  -0.000000
     5  H    0.369921  -3.010181   0.004170  -0.242441  -0.000009  -0.004114
     6  H   -0.011756   0.369921  -0.000051   0.007079  -0.000001   0.000081
     7  H    1.081952  -0.317793  -0.001242  -0.031578   0.000430  -0.044202
     8  H   -0.317793   3.783556  -0.006125   0.351527   0.000006   0.003677
     9  H   -0.001242  -0.006125   0.621870  -0.053375  -0.031464   0.468452
    10  H   -0.031578   0.351527  -0.053375   0.989110   0.000261  -0.002843
    11  H    0.000430   0.000006  -0.031464   0.000261   1.068494  -0.031831
    12  H   -0.044202   0.003677   0.468452  -0.002843  -0.031831   0.607476
 Mulliken charges:
               1
     1  H    0.003335
     2  H   -0.005887
     3  H   -0.010101
     4  H   -0.002314
     5  H    0.067808
     6  H   -0.052840
     7  H   -0.052840
     8  H    0.067808
     9  H   -0.002314
    10  H   -0.010101
    11  H   -0.005887
    12  H    0.003335
 Sum of Mulliken charges =  -0.00000
 Mulliken charges with hydrogens summed into heavy atoms:
               1
 Electronic spatial extent (au):  <R**2>=            546.8209
 Charge=             -0.0000 electrons
 Dipole moment (field-independent basis, Debye):
    X=              0.0000    Y=             -0.0000    Z=              0.0000  Tot=              0.0000
 Quadrupole moment (field-independent basis, Debye-Ang):
   XX=            -19.8739   YY=            -17.9506   ZZ=            -15.6411
   XY=              0.2775   XZ=              0.0000   YZ=             -0.0000
 Traceless Quadrupole moment (field-independent basis, Debye-Ang):
   XX=             -2.0520   YY=             -0.1287   ZZ=              2.1807
   XY=              0.2775   XZ=              0.0000   YZ=             -0.0000
 Octapole moment (field-independent basis, Debye-Ang**2):
  XXX=              0.0000  YYY=              0.0000  ZZZ=              0.0000  XYY=              0.0000
  XXY=              0.0000  XXZ=              0.0000  XZZ=              0.0000  YZZ=              0.0000
  YYZ=              0.0000  XYZ=              0.0000
 Hexadecapole moment (field-independent basis, Debye-Ang**3):
 XXXX=          -1377.4331 YYYY=            -51.3489 ZZZZ=            -19.2819 XXXY=            -93.7049
 XXXZ=             -0.0000 YYYX=            -70.0799 YYYZ=              0.0000 ZZZX=             -0.0000
 ZZZY=              0.0000 XXYY=           -191.3715 XXZZ=           -191.6546 YYZZ=            -11.9125
 XXYZ=              0.0000 YYXZ=             -0.0000 ZZXY=            -24.4859
 N-N= 1.384992963339D+01 E-N=-3.768652907945D+01  KE= 6.769265221230D+00
 Symmetry AG   KE= 1.576516510137D+00
 Symmetry BG   KE= 0.000000000000D+00
 Symmetry AU   KE= 0.000000000000D+00
 Symmetry BU   KE= 5.192748711093D+00

 Test job not archived.
 1\1\GINC-SULU\Stability\RHF\Gen\H12\LCJ1\17-Feb-2017\0\\#rhf/gen scf(s
 ymm,tight,novaracc,noincfock,fulldiag) stable(crhf) guess=read geom=no
 crowd test\\hf stability analysis of h10 triangular lattice, y= 0.3023
 9593556098865\\0,1\H\H,1,1.9330518191\H,1,1.9330518191,2,162.\H,2,1.93
 30518191,1,18.,3,0.,0\H,3,1.9330518191,1,180.,2,0.,0\H,4,1.9330518191,
 2,180.,1,0.,0\H,5,1.9330518191,3,180.,2,0.,0\H,6,1.9330518191,4,180.,1
 ,0.,0\H,7,1.9330518191,5,180.,2,0.,0\H,8,1.9330518191,6,180.,1,0.,0\H,
 9,1.9330518191,7,180.,2,0.,0\H,10,1.9330518191,8,180.,1,0.,0\\Version=
 ES64L-G09RevE.01\State=1-AG\HF=-4.519792\MP2=-5.4948109\RMSD=2.076e-09
 \Dipole=0.,0.,0.\Quadrupole=-0.0669353,1.6213218,-1.5543866,0.,0.02472
 19,0.\PG=C02H [SGH(H12)]\\@


 REALITY IS FOR PEOPLE WHO CAN'T FACE SCIENCE FICTION.
 Job cpu time:       0 days  0 hours  0 minutes  0.9 seconds.
 File lengths (MBytes):  RWF=     84 Int=      0 D2E=      0 Chk=      2 Scr=      2
 Normal termination of Gaussian 09 at Fri Feb 17 13:48:20 2017.
