 Entering Gaussian System, Link 0=g09
 AtFile(1): H.gbs
            H     0
            S   10   1.00
               1000.000000000000            0.000068713567
                316.227766000000            0.000169141320
                100.000000000000            0.000823394812
                 31.622776600000            0.003425569236
                 10.000000000000            0.013951996000
                  3.162277660000            0.056909313560
                  1.000000000000            0.198286399900
                  0.316227766000            0.496922426700
                  0.100000000000            0.369846276400
                  0.031622776600            0.003752720039
            ****
 Initial command:
 /projects/guscus/apps/gau/g09-e1/g09/l1.exe "/users/lcj1/gaussian/h12/rhfstability/2rows/alterguess/2to4/Gau-1528.inp" -scrdir="/users/lcj1/gaussian/h12/rhfstability/2rows/alterguess/2to4/"
 Entering Link 1 = /projects/guscus/apps/gau/g09-e1/g09/l1.exe PID=      1531.
  
 Copyright (c) 1988,1990,1992,1993,1995,1998,2003,2009,2015,
            Gaussian, Inc.  All Rights Reserved.
  
 This is part of the Gaussian(R) 09 program.  It is based on
 the Gaussian(R) 03 system (copyright 2003, Gaussian, Inc.),
 the Gaussian(R) 98 system (copyright 1998, Gaussian, Inc.),
 the Gaussian(R) 94 system (copyright 1995, Gaussian, Inc.),
 the Gaussian 92(TM) system (copyright 1992, Gaussian, Inc.),
 the Gaussian 90(TM) system (copyright 1990, Gaussian, Inc.),
 the Gaussian 88(TM) system (copyright 1988, Gaussian, Inc.),
 the Gaussian 86(TM) system (copyright 1986, Carnegie Mellon
 University), and the Gaussian 82(TM) system (copyright 1983,
 Carnegie Mellon University). Gaussian is a federally registered
 trademark of Gaussian, Inc.
  
 This software contains proprietary and confidential information,
 including trade secrets, belonging to Gaussian, Inc.
  
 This software is provided under written license and may be
 used, copied, transmitted, or stored only in accord with that
 written license.
  
 The following legend is applicable only to US Government
 contracts under FAR:
  
                    RESTRICTED RIGHTS LEGEND
  
 Use, reproduction and disclosure by the US Government is
 subject to restrictions as set forth in subparagraphs (a)
 and (c) of the Commercial Computer Software - Restricted
 Rights clause in FAR 52.227-19.
  
 Gaussian, Inc.
 340 Quinnipiac St., Bldg. 40, Wallingford CT 06492
  
  
 ---------------------------------------------------------------
 Warning -- This program may not be used in any manner that
 competes with the business of Gaussian, Inc. or will provide
 assistance to any competitor of Gaussian, Inc.  The licensee
 of this program is prohibited from giving any competitor of
 Gaussian, Inc. access to this program.  By using this program,
 the user acknowledges that Gaussian, Inc. is engaged in the
 business of creating and licensing software in the field of
 computational chemistry and represents and warrants to the
 licensee that it is not a competitor of Gaussian, Inc. and that
 it will not use this program in any manner prohibited above.
 ---------------------------------------------------------------
  

 Cite this work as:
 Gaussian 09, Revision E.01,
 M. J. Frisch, G. W. Trucks, H. B. Schlegel, G. E. Scuseria, 
 M. A. Robb, J. R. Cheeseman, G. Scalmani, V. Barone, B. Mennucci, 
 G. A. Petersson, H. Nakatsuji, M. Caricato, X. Li, H. P. Hratchian, 
 A. F. Izmaylov, J. Bloino, G. Zheng, J. L. Sonnenberg, M. Hada, 
 M. Ehara, K. Toyota, R. Fukuda, J. Hasegawa, M. Ishida, T. Nakajima, 
 Y. Honda, O. Kitao, H. Nakai, T. Vreven, J. A. Montgomery, Jr., 
 J. E. Peralta, F. Ogliaro, M. Bearpark, J. J. Heyd, E. Brothers, 
 K. N. Kudin, V. N. Staroverov, T. Keith, R. Kobayashi, J. Normand, 
 K. Raghavachari, A. Rendell, J. C. Burant, S. S. Iyengar, J. Tomasi, 
 M. Cossi, N. Rega, J. M. Millam, M. Klene, J. E. Knox, J. B. Cross, 
 V. Bakken, C. Adamo, J. Jaramillo, R. Gomperts, R. E. Stratmann, 
 O. Yazyev, A. J. Austin, R. Cammi, C. Pomelli, J. W. Ochterski, 
 R. L. Martin, K. Morokuma, V. G. Zakrzewski, G. A. Voth, 
 P. Salvador, J. J. Dannenberg, S. Dapprich, A. D. Daniels, 
 O. Farkas, J. B. Foresman, J. V. Ortiz, J. Cioslowski, 
 and D. J. Fox, Gaussian, Inc., Wallingford CT, 2013.
 
 ******************************************
 Gaussian 09:  ES64L-G09RevE.01 30-Nov-2015
                17-Feb-2017 
 ******************************************
 %chk=h12.chk
 ----------------------------------------------------------------------
 #rhf/gen scf(symm,tight,novaracc,noincfock,fulldiag) stable(crhf) gues
 s=read geom=nocrowd test
 ----------------------------------------------------------------------
 1/38=1/1;
 2/12=1,17=6,18=5,40=1/2;
 3/5=7,16=1,25=1,30=1,116=1/1,2,3;
 4/5=1,9=4/1;
 5/5=100002,15=2,16=1,32=2,38=6/2;
 8/6=1,10=90,11=11/1,4;
 9/8=4,13=1/2;
 6/7=2,8=2,9=2,10=2,28=1/1;
 99/5=1,9=1/99;
 ----------------------------------------------------------------------
 hf stability analysis of h10 triangular lattice, y= 1.5813852119866876
 ----------------------------------------------------------------------
 Symbolic Z-matrix:
 Charge =  0 Multiplicity = 1
 H
 H                    1     1.62298 
 H                    1     1.62298  2     26. 
 H                    2     1.62298  1     154.     3     0.       0
 H                    3     1.62298  1     180.     2     0.       0
 H                    4     1.62298  2     180.     1     0.       0
 H                    5     1.62298  3     180.     2     0.       0
 H                    6     1.62298  4     180.     1     0.       0
 H                    7     1.62298  5     180.     2     0.       0
 H                    8     1.62298  6     180.     1     0.       0
 H                    9     1.62298  7     180.     2     0.       0
 H                    10    1.62298  8     180.     1     0.       0
 
                          Input orientation:                          
 ---------------------------------------------------------------------
 Center     Atomic      Atomic             Coordinates (Angstroms)
 Number     Number       Type             X           Y           Z
 ---------------------------------------------------------------------
      1          1           0        0.000000    0.000000    0.000000
      2          1           0        0.000000    0.000000    1.622982
      3          1           0        0.711469    0.000000    1.458727
      4          1           0        0.711469    0.000000    3.081709
      5          1           0        1.422937    0.000000    2.917453
      6          1           0        1.422937    0.000000    4.540435
      7          1           0        2.134406    0.000000    4.376180
      8          1           0        2.134406    0.000000    5.999162
      9          1           0        2.845874    0.000000    5.834907
     10          1           0        2.845874    0.000000    7.457889
     11          1           0        3.557343    0.000000    7.293633
     12          1           0        3.557343    0.000000    8.916615
 ---------------------------------------------------------------------
                    Distance matrix (angstroms):
                    1          2          3          4          5
     1  H    0.000000
     2  H    1.622982   0.000000
     3  H    1.622982   0.730183   0.000000
     4  H    3.162770   1.622982   1.622982   0.000000
     5  H    3.245964   1.923644   1.622982   0.730183   0.000000
     6  H    4.758183   3.245964   3.162770   1.622982   1.622982
     7  H    4.868946   3.483645   3.245964   1.923644   1.622982
     8  H    6.367545   4.868946   4.758183   3.245964   3.162770
     9  H    6.491929   5.083238   4.868946   3.483645   3.245964
    10  H    7.982425   6.491929   6.367545   4.868946   4.758183
    11  H    8.114911   6.694100   6.491929   5.083238   4.868946
    12  H    9.600037   8.114911   7.982425   6.491929   6.367545
                    6          7          8          9         10
     6  H    0.000000
     7  H    0.730183   0.000000
     8  H    1.622982   1.622982   0.000000
     9  H    1.923644   1.622982   0.730183   0.000000
    10  H    3.245964   3.162770   1.622982   1.622982   0.000000
    11  H    3.483645   3.245964   1.923644   1.622982   0.730183
    12  H    4.868946   4.758183   3.245964   3.162770   1.622982
                   11         12
    11  H    0.000000
    12  H    1.622982   0.000000
 Stoichiometry    H12
 Framework group  C2H[SGH(H12)]
 Deg. of freedom    11
 Full point group                 C2H     NOp   4
 Largest Abelian subgroup         C2H     NOp   4
 Largest concise Abelian subgroup C2      NOp   2
                         Standard orientation:                         
 ---------------------------------------------------------------------
 Center     Atomic      Atomic             Coordinates (Angstroms)
 Number     Number       Type             X           Y           Z
 ---------------------------------------------------------------------
      1          1           0        4.744156    0.730183   -0.000000
      2          1           0        3.162770    1.095275    0.000000
      3          1           0        3.162770    0.365092   -0.000000
      4          1           0        1.581385    0.730183    0.000000
      5          1           0        1.581385    0.000000   -0.000000
      6          1           0        0.000000    0.365092    0.000000
      7          1           0       -0.000000   -0.365092    0.000000
      8          1           0       -1.581385    0.000000   -0.000000
      9          1           0       -1.581385   -0.730183   -0.000000
     10          1           0       -3.162770   -0.365092   -0.000000
     11          1           0       -3.162770   -1.095275   -0.000000
     12          1           0       -4.744156   -0.730183   -0.000000
 ---------------------------------------------------------------------
 Rotational constants (GHZ):    353.4394539      5.0818391      5.0098069
 General basis read from cards:  (5D, 7F)
 There are     6 symmetry adapted cartesian basis functions of AG  symmetry.
 There are     0 symmetry adapted cartesian basis functions of BG  symmetry.
 There are     0 symmetry adapted cartesian basis functions of AU  symmetry.
 There are     6 symmetry adapted cartesian basis functions of BU  symmetry.
 There are     6 symmetry adapted basis functions of AG  symmetry.
 There are     0 symmetry adapted basis functions of BG  symmetry.
 There are     0 symmetry adapted basis functions of AU  symmetry.
 There are     6 symmetry adapted basis functions of BU  symmetry.
    12 basis functions,   120 primitive gaussians,    12 cartesian basis functions
     6 alpha electrons        6 beta electrons
       nuclear repulsion energy        14.8150017605 Hartrees.
 NAtoms=   12 NActive=   12 NUniq=    6 SFac= 4.00D+00 NAtFMM=   60 NAOKFM=F Big=F
 Integral buffers will be    131072 words long.
 Regular integral format.
 Two-electron integral symmetry is turned on.
 One-electron integrals computed using PRISM.
 NBasis=    12 RedAO= T EigKep=  1.61D-01  NBF=     6     0     0     6
 NBsUse=    12 1.00D-06 EigRej= -1.00D+00 NBFU=     6     0     0     6
 Initial guess from the checkpoint file:  "h12.chk"
 B after Tr=    -0.000000   -0.000000   -0.000000
         Rot=    0.999998   -0.000000    0.000000    0.001837 Ang=   0.21 deg.
 Initial guess orbital symmetries:
       Occupied  (AG) (BU) (AG) (BU) (BU) (BU)
       Virtual   (AG) (AG) (AG) (BU) (AG) (BU)
 Keep R1 ints in memory in symmetry-blocked form, NReq=892990.
 Requested convergence on RMS density matrix=1.00D-08 within 128 cycles.
 Requested convergence on MAX density matrix=1.00D-06.
 Requested convergence on             energy=1.00D-06.
 No special actions if energy rises.
 SCF Done:  E(RHF) =  -5.08142108568     A.U. after    9 cycles
            NFock=  9  Conv=0.13D-08     -V/T= 1.7921
 Range of M.O.s used for correlation:     1    12
 NBasis=    12 NAE=     6 NBE=     6 NFC=     0 NFV=     0
 NROrb=     12 NOA=     6 NOB=     6 NVA=     6 NVB=     6

 **** Warning!!: The smallest alpha delta epsilon is -0.13460817D+00

 Semi-Direct transformation.
 ModeAB=           4 MOrb=             6 LenV=     134094979
 LASXX=         2181 LTotXX=        2181 LenRXX=        5115
 LTotAB=        2934 MaxLAS=        3024 LenRXY=           0
 NonZer=        7296 LenScr=      655360 LnRSAI=        3024
 LnScr1=      655360 LExtra=           0 Total=      1318859
 MaxDsk=          -1 SrtSym=           T ITran=            3
 JobTyp=0 Pass  1:  I=   1 to   6.
 (rs|ai) integrals will be sorted in core.
 Spin components of T(2) and E(2):
     alpha-alpha T2 =       0.3218538262D-01 E2=     -0.1794372815D-01
     alpha-beta  T2 =       0.2500272542D+02 E2=     -0.1158007413D+01
     beta-beta   T2 =       0.3218538262D-01 E2=     -0.1794372815D-01
 ANorm=    0.5105594597D+01
 E2 =    -0.1193894869D+01 EUMP2 =    -0.62753159547260D+01
 Second order stability test of a single determinant RHF wave function:
 Stabil:  MDV=134217728
 ***********************************************************************
 Matrix         Lowest Root    Major Pairs
 ***********************************************************************
 Internal RHF    -0.3573975    6A=7A
 RRHF --> CRHF   -0.4515678    6A=7A
 RRHF --> RUHF   -0.5772724    6A=7B 5A=8B 5A=7B 6A=8B 4A=9B
 Not stable.
 ***********************************************************************

 **********************************************************************

            Population analysis using the SCF density.

 **********************************************************************

 Orbital symmetries:
       Occupied  (AG) (BU) (AG) (BU) (BU) (BU)
       Virtual   (AG) (AG) (AG) (BU) (AG) (BU)
 The electronic state is 1-AG.
 Alpha  occ. eigenvalues --   -0.77578  -0.73215  -0.65268  -0.55964  -0.17097
 Alpha  occ. eigenvalues --   -0.07642
 Alpha virt. eigenvalues --   -0.21103  -0.10061   0.23866   0.36229   0.51139
 Alpha virt. eigenvalues --    0.62405
          Condensed to atoms (all electrons):
               1          2          3          4          5          6
     1  H    1.161515  -0.070014  -0.065661   0.001491   0.002597   0.000125
     2  H   -0.070014   0.687935   0.440120   0.015279  -0.087965   0.007321
     3  H   -0.065661   0.440120   0.715762  -0.106139   0.019697  -0.022388
     4  H    0.001491   0.015279  -0.106139   1.024080  -0.132080   0.391346
     5  H    0.002597  -0.087965   0.019697  -0.132080   1.185713  -0.309501
     6  H    0.000125   0.007321  -0.022388   0.391346  -0.309501   1.903817
     7  H   -0.000226  -0.010743   0.011826  -0.218320   0.402949  -1.188516
     8  H   -0.000017   0.000933  -0.000374   0.017545  -0.044070   0.402949
     9  H   -0.000008  -0.000118   0.000904  -0.023333   0.017545  -0.218320
    10  H    0.000004  -0.000008  -0.000035   0.000904  -0.000374   0.011826
    11  H    0.000003  -0.000020  -0.000008  -0.000118   0.000933  -0.010743
    12  H   -0.000001   0.000003   0.000004  -0.000008  -0.000017  -0.000226
               7          8          9         10         11         12
     1  H   -0.000226  -0.000017  -0.000008   0.000004   0.000003  -0.000001
     2  H   -0.010743   0.000933  -0.000118  -0.000008  -0.000020   0.000003
     3  H    0.011826  -0.000374   0.000904  -0.000035  -0.000008   0.000004
     4  H   -0.218320   0.017545  -0.023333   0.000904  -0.000118  -0.000008
     5  H    0.402949  -0.044070   0.017545  -0.000374   0.000933  -0.000017
     6  H   -1.188516   0.402949  -0.218320   0.011826  -0.010743  -0.000226
     7  H    1.903817  -0.309501   0.391346  -0.022388   0.007321   0.000125
     8  H   -0.309501   1.185713  -0.132080   0.019697  -0.087965   0.002597
     9  H    0.391346  -0.132080   1.024080  -0.106139   0.015279   0.001491
    10  H   -0.022388   0.019697  -0.106139   0.715762   0.440120  -0.065661
    11  H    0.007321  -0.087965   0.015279   0.440120   0.687935  -0.070014
    12  H    0.000125   0.002597   0.001491  -0.065661  -0.070014   1.161515
 Mulliken charges:
               1
     1  H   -0.029808
     2  H    0.017277
     3  H    0.006292
     4  H    0.029354
     5  H   -0.055426
     6  H    0.032311
     7  H    0.032311
     8  H   -0.055426
     9  H    0.029354
    10  H    0.006292
    11  H    0.017277
    12  H   -0.029808
 Sum of Mulliken charges =  -0.00000
 Mulliken charges with hydrogens summed into heavy atoms:
               1
 Electronic spatial extent (au):  <R**2>=            398.2224
 Charge=             -0.0000 electrons
 Dipole moment (field-independent basis, Debye):
    X=              0.0000    Y=             -0.0000    Z=              0.0000  Tot=              0.0000
 Quadrupole moment (field-independent basis, Debye-Ang):
   XX=            -21.7273   YY=            -17.4186   ZZ=            -15.7016
   XY=              0.6792   XZ=              0.0000   YZ=             -0.0000
 Traceless Quadrupole moment (field-independent basis, Debye-Ang):
   XX=             -3.4448   YY=              0.8639   ZZ=              2.5809
   XY=              0.6792   XZ=              0.0000   YZ=             -0.0000
 Octapole moment (field-independent basis, Debye-Ang**2):
  XXX=              0.0000  YYY=              0.0000  ZZZ=              0.0000  XYY=              0.0000
  XXY=              0.0000  XXZ=              0.0000  XZZ=              0.0000  YZZ=             -0.0000
  YYZ=              0.0000  XYZ=              0.0000
 Hexadecapole moment (field-independent basis, Debye-Ang**3):
 XXXX=          -1066.3235 YYYY=            -62.4462 ZZZZ=            -19.2972 XXXY=           -105.2957
 XXXZ=             -0.0000 YYYX=            -68.5796 YYYZ=             -0.0000 ZZZX=             -0.0000
 ZZZY=             -0.0000 XXYY=           -137.9912 XXZZ=           -132.7100 YYZZ=            -13.8574
 XXYZ=             -0.0000 YYXZ=             -0.0000 ZZXY=            -24.0351
 N-N= 1.481500176046D+01 E-N=-4.027255574783D+01  KE= 6.414962404759D+00
 Symmetry AG   KE= 1.406004180687D+00
 Symmetry BG   KE= 0.000000000000D+00
 Symmetry AU   KE= 0.000000000000D+00
 Symmetry BU   KE= 5.008958224072D+00

 Test job not archived.
 1\1\GINC-SULU\Stability\RHF\Gen\H12\LCJ1\17-Feb-2017\0\\#rhf/gen scf(s
 ymm,tight,novaracc,noincfock,fulldiag) stable(crhf) guess=read geom=no
 crowd test\\hf stability analysis of h10 triangular lattice, y= 1.5813
 852119866876\\0,1\H\H,1,1.6229821251\H,1,1.6229821251,2,26.\H,2,1.6229
 821251,1,154.,3,0.,0\H,3,1.6229821251,1,180.,2,0.,0\H,4,1.6229821251,2
 ,180.,1,0.,0\H,5,1.6229821251,3,180.,2,0.,0\H,6,1.6229821251,4,180.,1,
 0.,0\H,7,1.6229821251,5,180.,2,0.,0\H,8,1.6229821251,6,180.,1,0.,0\H,9
 ,1.6229821251,7,180.,2,0.,0\H,10,1.6229821251,8,180.,1,0.,0\\Version=E
 S64L-G09RevE.01\State=1-AG\HF=-5.0814211\MP2=-6.275316\RMSD=1.256e-09\
 Dipole=0.,0.,0.\Quadrupole=0.7015703,1.9188106,-2.620381,0.,-0.2483043
 ,0.\PG=C02H [SGH(H12)]\\@


 THE LENGTH OF A MEETING IS PROPORTIONAL TO THE
 SQUARE OF THE PARTICIPANTS.
 Job cpu time:       0 days  0 hours  0 minutes  0.9 seconds.
 File lengths (MBytes):  RWF=     84 Int=      0 D2E=      0 Chk=      2 Scr=      2
 Normal termination of Gaussian 09 at Fri Feb 17 14:02:00 2017.
