 Entering Gaussian System, Link 0=g09
 AtFile(1): H.gbs
            H     0
            S   10   1.00
               1000.000000000000            0.000068713567
                316.227766000000            0.000169141320
                100.000000000000            0.000823394812
                 31.622776600000            0.003425569236
                 10.000000000000            0.013951996000
                  3.162277660000            0.056909313560
                  1.000000000000            0.198286399900
                  0.316227766000            0.496922426700
                  0.100000000000            0.369846276400
                  0.031622776600            0.003752720039
            ****
 Initial command:
 /projects/guscus/apps/gau/g09-e1/g09/l1.exe "/users/lcj1/gaussian/h12/rhfstability/2rows/alterguess/2to4/Gau-5026.inp" -scrdir="/users/lcj1/gaussian/h12/rhfstability/2rows/alterguess/2to4/"
 Entering Link 1 = /projects/guscus/apps/gau/g09-e1/g09/l1.exe PID=      5028.
  
 Copyright (c) 1988,1990,1992,1993,1995,1998,2003,2009,2015,
            Gaussian, Inc.  All Rights Reserved.
  
 This is part of the Gaussian(R) 09 program.  It is based on
 the Gaussian(R) 03 system (copyright 2003, Gaussian, Inc.),
 the Gaussian(R) 98 system (copyright 1998, Gaussian, Inc.),
 the Gaussian(R) 94 system (copyright 1995, Gaussian, Inc.),
 the Gaussian 92(TM) system (copyright 1992, Gaussian, Inc.),
 the Gaussian 90(TM) system (copyright 1990, Gaussian, Inc.),
 the Gaussian 88(TM) system (copyright 1988, Gaussian, Inc.),
 the Gaussian 86(TM) system (copyright 1986, Carnegie Mellon
 University), and the Gaussian 82(TM) system (copyright 1983,
 Carnegie Mellon University). Gaussian is a federally registered
 trademark of Gaussian, Inc.
  
 This software contains proprietary and confidential information,
 including trade secrets, belonging to Gaussian, Inc.
  
 This software is provided under written license and may be
 used, copied, transmitted, or stored only in accord with that
 written license.
  
 The following legend is applicable only to US Government
 contracts under FAR:
  
                    RESTRICTED RIGHTS LEGEND
  
 Use, reproduction and disclosure by the US Government is
 subject to restrictions as set forth in subparagraphs (a)
 and (c) of the Commercial Computer Software - Restricted
 Rights clause in FAR 52.227-19.
  
 Gaussian, Inc.
 340 Quinnipiac St., Bldg. 40, Wallingford CT 06492
  
  
 ---------------------------------------------------------------
 Warning -- This program may not be used in any manner that
 competes with the business of Gaussian, Inc. or will provide
 assistance to any competitor of Gaussian, Inc.  The licensee
 of this program is prohibited from giving any competitor of
 Gaussian, Inc. access to this program.  By using this program,
 the user acknowledges that Gaussian, Inc. is engaged in the
 business of creating and licensing software in the field of
 computational chemistry and represents and warrants to the
 licensee that it is not a competitor of Gaussian, Inc. and that
 it will not use this program in any manner prohibited above.
 ---------------------------------------------------------------
  

 Cite this work as:
 Gaussian 09, Revision E.01,
 M. J. Frisch, G. W. Trucks, H. B. Schlegel, G. E. Scuseria, 
 M. A. Robb, J. R. Cheeseman, G. Scalmani, V. Barone, B. Mennucci, 
 G. A. Petersson, H. Nakatsuji, M. Caricato, X. Li, H. P. Hratchian, 
 A. F. Izmaylov, J. Bloino, G. Zheng, J. L. Sonnenberg, M. Hada, 
 M. Ehara, K. Toyota, R. Fukuda, J. Hasegawa, M. Ishida, T. Nakajima, 
 Y. Honda, O. Kitao, H. Nakai, T. Vreven, J. A. Montgomery, Jr., 
 J. E. Peralta, F. Ogliaro, M. Bearpark, J. J. Heyd, E. Brothers, 
 K. N. Kudin, V. N. Staroverov, T. Keith, R. Kobayashi, J. Normand, 
 K. Raghavachari, A. Rendell, J. C. Burant, S. S. Iyengar, J. Tomasi, 
 M. Cossi, N. Rega, J. M. Millam, M. Klene, J. E. Knox, J. B. Cross, 
 V. Bakken, C. Adamo, J. Jaramillo, R. Gomperts, R. E. Stratmann, 
 O. Yazyev, A. J. Austin, R. Cammi, C. Pomelli, J. W. Ochterski, 
 R. L. Martin, K. Morokuma, V. G. Zakrzewski, G. A. Voth, 
 P. Salvador, J. J. Dannenberg, S. Dapprich, A. D. Daniels, 
 O. Farkas, J. B. Foresman, J. V. Ortiz, J. Cioslowski, 
 and D. J. Fox, Gaussian, Inc., Wallingford CT, 2013.
 
 ******************************************
 Gaussian 09:  ES64L-G09RevE.01 30-Nov-2015
                17-Feb-2017 
 ******************************************
 %chk=h12.chk
 ----------------------------------------------------------------------
 #rhf/gen scf(symm,tight,novaracc,noincfock,fulldiag) stable(crhf) gues
 s=read geom=nocrowd test
 ----------------------------------------------------------------------
 1/38=1/1;
 2/12=1,17=6,18=5,40=1/2;
 3/5=7,16=1,25=1,30=1,116=1/1,2,3;
 4/5=1,9=4/1;
 5/5=100002,15=2,16=1,32=2,38=6/2;
 8/6=1,10=90,11=11/1,4;
 9/8=4,13=1/2;
 6/7=2,8=2,9=2,10=2,28=1/1;
 99/5=1,9=1/99;
 ----------------------------------------------------------------------
 hf stability analysis of h10 triangular lattice, y= 2.3437412473608381
 ----------------------------------------------------------------------
 Symbolic Z-matrix:
 Charge =  0 Multiplicity = 1
 H
 H                    1     2.35665 
 H                    1     2.35665  2     12. 
 H                    2     2.35665  1     168.     3     0.       0
 H                    3     2.35665  1     180.     2     0.       0
 H                    4     2.35665  2     180.     1     0.       0
 H                    5     2.35665  3     180.     2     0.       0
 H                    6     2.35665  4     180.     1     0.       0
 H                    7     2.35665  5     180.     2     0.       0
 H                    8     2.35665  6     180.     1     0.       0
 H                    9     2.35665  7     180.     2     0.       0
 H                    10    2.35665  8     180.     1     0.       0
 
                          Input orientation:                          
 ---------------------------------------------------------------------
 Center     Atomic      Atomic             Coordinates (Angstroms)
 Number     Number       Type             X           Y           Z
 ---------------------------------------------------------------------
      1          1           0        0.000000    0.000000    0.000000
      2          1           0        0.000000    0.000000    2.356651
      3          1           0        0.489975    0.000000    2.305153
      4          1           0        0.489975    0.000000    4.661804
      5          1           0        0.979951    0.000000    4.610305
      6          1           0        0.979951    0.000000    6.966957
      7          1           0        1.469926    0.000000    6.915458
      8          1           0        1.469926    0.000000    9.272109
      9          1           0        1.959901    0.000000    9.220611
     10          1           0        1.959901    0.000000   11.577262
     11          1           0        2.449877    0.000000   11.525764
     12          1           0        2.449877    0.000000   13.882415
 ---------------------------------------------------------------------
                    Distance matrix (angstroms):
                    1          2          3          4          5
     1  H    0.000000
     2  H    2.356651   0.000000
     3  H    2.356651   0.492674   0.000000
     4  H    4.687482   2.356651   2.356651   0.000000
     5  H    4.713302   2.457491   2.356651   0.492674   0.000000
     6  H    7.035538   4.713302   4.687482   2.356651   2.356651
     7  H    7.069954   4.789927   4.713302   2.457491   2.356651
     8  H    9.387902   7.069954   7.035538   4.713302   4.687482
     9  H    9.426605   7.138288   7.069954   4.789927   4.713302
    10  H   11.741985   9.426605   9.387902   7.069954   7.035538
    11  H   11.783256   9.490760   9.426605   7.138288   7.069954
    12  H   14.096927  11.783256  11.741985   9.426605   9.387902
                    6          7          8          9         10
     6  H    0.000000
     7  H    0.492674   0.000000
     8  H    2.356651   2.356651   0.000000
     9  H    2.457491   2.356651   0.492674   0.000000
    10  H    4.713302   4.687482   2.356651   2.356651   0.000000
    11  H    4.789927   4.713302   2.457491   2.356651   0.492674
    12  H    7.069954   7.035538   4.713302   4.687482   2.356651
                   11         12
    11  H    0.000000
    12  H    2.356651   0.000000
 Stoichiometry    H12
 Framework group  C2H[SGH(H12)]
 Deg. of freedom    11
 Full point group                 C2H     NOp   4
 Largest Abelian subgroup         C2H     NOp   4
 Largest concise Abelian subgroup C2      NOp   2
                         Standard orientation:                         
 ---------------------------------------------------------------------
 Center     Atomic      Atomic             Coordinates (Angstroms)
 Number     Number       Type             X           Y           Z
 ---------------------------------------------------------------------
      1          1           0        7.031224    0.492674    0.000000
      2          1           0        4.687482    0.739011    0.000000
      3          1           0        4.687482    0.246337    0.000000
      4          1           0        2.343741    0.492674    0.000000
      5          1           0        2.343741    0.000000    0.000000
      6          1           0        0.000000    0.246337    0.000000
      7          1           0       -0.000000   -0.246337    0.000000
      8          1           0       -2.343741    0.000000   -0.000000
      9          1           0       -2.343741   -0.492674    0.000000
     10          1           0       -4.687482   -0.246337   -0.000000
     11          1           0       -4.687482   -0.739011   -0.000000
     12          1           0       -7.031224   -0.492674   -0.000000
 ---------------------------------------------------------------------
 Rotational constants (GHZ):    753.5400232      2.3835782      2.3760623
 General basis read from cards:  (5D, 7F)
 There are     6 symmetry adapted cartesian basis functions of AG  symmetry.
 There are     0 symmetry adapted cartesian basis functions of BG  symmetry.
 There are     0 symmetry adapted cartesian basis functions of AU  symmetry.
 There are     6 symmetry adapted cartesian basis functions of BU  symmetry.
 There are     6 symmetry adapted basis functions of AG  symmetry.
 There are     0 symmetry adapted basis functions of BG  symmetry.
 There are     0 symmetry adapted basis functions of AU  symmetry.
 There are     6 symmetry adapted basis functions of BU  symmetry.
    12 basis functions,   120 primitive gaussians,    12 cartesian basis functions
     6 alpha electrons        6 beta electrons
       nuclear repulsion energy        13.1837157935 Hartrees.
 NAtoms=   12 NActive=   12 NUniq=    6 SFac= 4.00D+00 NAtFMM=   60 NAOKFM=F Big=F
 Integral buffers will be    131072 words long.
 Regular integral format.
 Two-electron integral symmetry is turned on.
 One-electron integrals computed using PRISM.
 NBasis=    12 RedAO= T EigKep=  1.10D-01  NBF=     6     0     0     6
 NBsUse=    12 1.00D-06 EigRej= -1.00D+00 NBFU=     6     0     0     6
 Initial guess from the checkpoint file:  "h12.chk"
 B after Tr=     0.000000   -0.000000    0.000000
         Rot=    0.999998    0.000000    0.000000    0.001837 Ang=   0.21 deg.
 Initial guess orbital symmetries:
       Occupied  (AG) (BU) (AG) (BU) (BU) (BU)
       Virtual   (AG) (AG) (AG) (BU) (AG) (BU)
 Keep R1 ints in memory in symmetry-blocked form, NReq=885990.
 Requested convergence on RMS density matrix=1.00D-08 within 128 cycles.
 Requested convergence on MAX density matrix=1.00D-06.
 Requested convergence on             energy=1.00D-06.
 No special actions if energy rises.
 SCF Done:  E(RHF) =  -3.68439016205     A.U. after    8 cycles
            NFock=  8  Conv=0.37D-08     -V/T= 1.5021
 Range of M.O.s used for correlation:     1    12
 NBasis=    12 NAE=     6 NBE=     6 NFC=     0 NFV=     0
 NROrb=     12 NOA=     6 NOB=     6 NVA=     6 NVB=     6

 **** Warning!!: The smallest alpha delta epsilon is -0.46389296D+00

 Semi-Direct transformation.
 ModeAB=           4 MOrb=             6 LenV=     134103351
 LASXX=         2181 LTotXX=        2181 LenRXX=        5115
 LTotAB=        2934 MaxLAS=        3024 LenRXY=           0
 NonZer=        7296 LenScr=      655360 LnRSAI=        3024
 LnScr1=      655360 LExtra=           0 Total=      1318859
 MaxDsk=          -1 SrtSym=           T ITran=            3
 JobTyp=0 Pass  1:  I=   1 to   6.
 (rs|ai) integrals will be sorted in core.
 Spin components of T(2) and E(2):
     alpha-alpha T2 =       0.1239744770D-02 E2=     -0.9406153719D-03
     alpha-beta  T2 =       0.1554705991D+02 E2=     -0.1178964427D+01
     beta-beta   T2 =       0.1239744770D-02 E2=     -0.9406153719D-03
 ANorm=    0.4068112511D+01
 E2 =    -0.1180845658D+01 EUMP2 =    -0.48652358199216D+01
 Second order stability test of a single determinant RHF wave function:
 Stabil:  MDV=134217728
 ***********************************************************************
 Matrix         Lowest Root    Major Pairs
 ***********************************************************************
 Internal RHF    -0.6543796    6A=7A
 RRHF --> CRHF   -0.8970868    6A=7A
 RRHF --> RUHF   -1.141344     6A=7B
 Not stable.
 ***********************************************************************

 **********************************************************************

            Population analysis using the SCF density.

 **********************************************************************

 Orbital symmetries:
       Occupied  (AG) (BU) (AG) (BU) (BU) (BU)
       Virtual   (AG) (AG) (AG) (BU) (AG) (BU)
 The electronic state is 1-AG.
 Alpha  occ. eigenvalues --   -0.73042  -0.72883  -0.70210  -0.70036  -0.20093
 Alpha  occ. eigenvalues --    0.15029
 Alpha virt. eigenvalues --   -0.31361  -0.16338   0.56005   0.57790   0.67155
 Alpha virt. eigenvalues --    0.68813
          Condensed to atoms (all electrons):
               1          2          3          4          5          6
     1  H    1.022255  -0.011761  -0.011736   0.000033   0.000042   0.000000
     2  H   -0.011761   0.552291   0.480337  -0.007946  -0.012486   0.000521
     3  H   -0.011736   0.480337   0.556358  -0.015250  -0.007886  -0.000582
     4  H    0.000033  -0.007946  -0.015250   0.739528   0.284495   0.174202
     5  H    0.000042  -0.012486  -0.007886   0.284495   0.773780  -0.179319
     6  H    0.000000   0.000521  -0.000582   0.174202  -0.179319   7.220760
     7  H   -0.000000  -0.000473   0.000535  -0.149832   0.183191  -6.317100
     8  H   -0.000000   0.000002  -0.000001   0.000808  -0.000945   0.183191
     9  H   -0.000000  -0.000001   0.000002  -0.000716   0.000808  -0.149832
    10  H    0.000000  -0.000000  -0.000000   0.000002  -0.000001   0.000535
    11  H    0.000000  -0.000000  -0.000000  -0.000001   0.000002  -0.000473
    12  H   -0.000000   0.000000   0.000000  -0.000000  -0.000000  -0.000000
               7          8          9         10         11         12
     1  H   -0.000000  -0.000000  -0.000000   0.000000   0.000000  -0.000000
     2  H   -0.000473   0.000002  -0.000001  -0.000000  -0.000000   0.000000
     3  H    0.000535  -0.000001   0.000002  -0.000000  -0.000000   0.000000
     4  H   -0.149832   0.000808  -0.000716   0.000002  -0.000001  -0.000000
     5  H    0.183191  -0.000945   0.000808  -0.000001   0.000002  -0.000000
     6  H   -6.317100   0.183191  -0.149832   0.000535  -0.000473  -0.000000
     7  H    7.220760  -0.179319   0.174202  -0.000582   0.000521   0.000000
     8  H   -0.179319   0.773780   0.284495  -0.007886  -0.012486   0.000042
     9  H    0.174202   0.284495   0.739528  -0.015250  -0.007946   0.000033
    10  H   -0.000582  -0.007886  -0.015250   0.556358   0.480337  -0.011736
    11  H    0.000521  -0.012486  -0.007946   0.480337   0.552291  -0.011761
    12  H    0.000000   0.000042   0.000033  -0.011736  -0.011761   1.022255
 Mulliken charges:
               1
     1  H    0.001167
     2  H   -0.000484
     3  H   -0.001777
     4  H   -0.025322
     5  H   -0.041681
     6  H    0.068097
     7  H    0.068097
     8  H   -0.041681
     9  H   -0.025322
    10  H   -0.001777
    11  H   -0.000484
    12  H    0.001167
 Sum of Mulliken charges =  -0.00000
 Mulliken charges with hydrogens summed into heavy atoms:
               1
 Electronic spatial extent (au):  <R**2>=            793.0594
 Charge=             -0.0000 electrons
 Dipole moment (field-independent basis, Debye):
    X=              0.0000    Y=             -0.0000    Z=              0.0000  Tot=              0.0000
 Quadrupole moment (field-independent basis, Debye-Ang):
   XX=            -19.6712   YY=            -17.9500   ZZ=            -15.3805
   XY=             -0.1683   XZ=             -0.0000   YZ=             -0.0000
 Traceless Quadrupole moment (field-independent basis, Debye-Ang):
   XX=             -2.0039   YY=             -0.2828   ZZ=              2.2868
   XY=             -0.1683   XZ=             -0.0000   YZ=             -0.0000
 Octapole moment (field-independent basis, Debye-Ang**2):
  XXX=             -0.0000  YYY=             -0.0000  ZZZ=             -0.0000  XYY=              0.0000
  XXY=             -0.0000  XXZ=             -0.0000  XZZ=              0.0000  YZZ=             -0.0000
  YYZ=             -0.0000  XYZ=              0.0000
 Hexadecapole moment (field-independent basis, Debye-Ang**3):
 XXXX=          -1879.7100 YYYY=            -41.9512 ZZZZ=            -18.8155 XXXY=            -85.1274
 XXXZ=             -0.0000 YYYX=            -71.5670 YYYZ=             -0.0000 ZZZX=             -0.0000
 ZZZY=             -0.0000 XXYY=           -282.4879 XXZZ=           -288.0805 YYZZ=            -10.2103
 XXYZ=             -0.0000 YYXZ=             -0.0000 ZZXY=            -24.9127
 N-N= 1.318371579353D+01 E-N=-3.524893732660D+01  KE= 7.337442027420D+00
 Symmetry AG   KE= 1.780341239544D+00
 Symmetry BG   KE= 0.000000000000D+00
 Symmetry AU   KE= 0.000000000000D+00
 Symmetry BU   KE= 5.557100787876D+00

 Test job not archived.
 1\1\GINC-SULU\Stability\RHF\Gen\H12\LCJ1\17-Feb-2017\0\\#rhf/gen scf(s
 ymm,tight,novaracc,noincfock,fulldiag) stable(crhf) guess=read geom=no
 crowd test\\hf stability analysis of h10 triangular lattice, y= 2.3437
 412473608381\\0,1\H\H,1,2.3566512193\H,1,2.3566512193,2,12.\H,2,2.3566
 512193,1,168.,3,0.,0\H,3,2.3566512193,1,180.,2,0.,0\H,4,2.3566512193,2
 ,180.,1,0.,0\H,5,2.3566512193,3,180.,2,0.,0\H,6,2.3566512193,4,180.,1,
 0.,0\H,7,2.3566512193,5,180.,2,0.,0\H,8,2.3566512193,6,180.,1,0.,0\H,9
 ,2.3566512193,7,180.,2,0.,0\H,10,2.3566512193,8,180.,1,0.,0\\Version=E
 S64L-G09RevE.01\State=1-AG\HF=-3.6843902\MP2=-4.8652358\RMSD=3.701e-09
 \Dipole=0.,0.,0.\Quadrupole=-0.2502666,1.7001519,-1.4498853,0.,-0.2554
 1,0.\PG=C02H [SGH(H12)]\\@


 TIME IS IN FACT THE HERO OF THE PLOT. THE TIME
 WITH WHICH WE HAVE TO DEAL IS OF THE ORDER OF TWO
 BILLION YEARS...GIVEN SO MUCH TIME, THE "IMPOSSIBLE"
 BECOMES POSSIBLE, THE POSSIBLE PROBABLE, THE PROBABLE
 VIRTUALLY CERTAIN.  ONE HAS ONLY TO WAIT, TIME
 ITSELF PERFORMS THE MIRACLES.
 "ORIGIN OF LIFE" LECTURES, GEORGE WALD, 1954
 Job cpu time:       0 days  0 hours  0 minutes  0.9 seconds.
 File lengths (MBytes):  RWF=     84 Int=      0 D2E=      0 Chk=      2 Scr=      2
 Normal termination of Gaussian 09 at Fri Feb 17 14:03:18 2017.
