 Entering Gaussian System, Link 0=g09
 AtFile(1): H.gbs
            H     0
            S   10   1.00
               1000.000000000000            0.000068713567
                316.227766000000            0.000169141320
                100.000000000000            0.000823394812
                 31.622776600000            0.003425569236
                 10.000000000000            0.013951996000
                  3.162277660000            0.056909313560
                  1.000000000000            0.198286399900
                  0.316227766000            0.496922426700
                  0.100000000000            0.369846276400
                  0.031622776600            0.003752720039
            ****
 Initial command:
 /projects/guscus/apps/gau/g09-e1/g09/l1.exe "/users/lcj1/gaussian/h12/rhfstability/2rows/alterguess/2to4/Gau-14000.inp" -scrdir="/users/lcj1/gaussian/h12/rhfstability/2rows/alterguess/2to4/"
 Entering Link 1 = /projects/guscus/apps/gau/g09-e1/g09/l1.exe PID=     14003.
  
 Copyright (c) 1988,1990,1992,1993,1995,1998,2003,2009,2015,
            Gaussian, Inc.  All Rights Reserved.
  
 This is part of the Gaussian(R) 09 program.  It is based on
 the Gaussian(R) 03 system (copyright 2003, Gaussian, Inc.),
 the Gaussian(R) 98 system (copyright 1998, Gaussian, Inc.),
 the Gaussian(R) 94 system (copyright 1995, Gaussian, Inc.),
 the Gaussian 92(TM) system (copyright 1992, Gaussian, Inc.),
 the Gaussian 90(TM) system (copyright 1990, Gaussian, Inc.),
 the Gaussian 88(TM) system (copyright 1988, Gaussian, Inc.),
 the Gaussian 86(TM) system (copyright 1986, Carnegie Mellon
 University), and the Gaussian 82(TM) system (copyright 1983,
 Carnegie Mellon University). Gaussian is a federally registered
 trademark of Gaussian, Inc.
  
 This software contains proprietary and confidential information,
 including trade secrets, belonging to Gaussian, Inc.
  
 This software is provided under written license and may be
 used, copied, transmitted, or stored only in accord with that
 written license.
  
 The following legend is applicable only to US Government
 contracts under FAR:
  
                    RESTRICTED RIGHTS LEGEND
  
 Use, reproduction and disclosure by the US Government is
 subject to restrictions as set forth in subparagraphs (a)
 and (c) of the Commercial Computer Software - Restricted
 Rights clause in FAR 52.227-19.
  
 Gaussian, Inc.
 340 Quinnipiac St., Bldg. 40, Wallingford CT 06492
  
  
 ---------------------------------------------------------------
 Warning -- This program may not be used in any manner that
 competes with the business of Gaussian, Inc. or will provide
 assistance to any competitor of Gaussian, Inc.  The licensee
 of this program is prohibited from giving any competitor of
 Gaussian, Inc. access to this program.  By using this program,
 the user acknowledges that Gaussian, Inc. is engaged in the
 business of creating and licensing software in the field of
 computational chemistry and represents and warrants to the
 licensee that it is not a competitor of Gaussian, Inc. and that
 it will not use this program in any manner prohibited above.
 ---------------------------------------------------------------
  

 Cite this work as:
 Gaussian 09, Revision E.01,
 M. J. Frisch, G. W. Trucks, H. B. Schlegel, G. E. Scuseria, 
 M. A. Robb, J. R. Cheeseman, G. Scalmani, V. Barone, B. Mennucci, 
 G. A. Petersson, H. Nakatsuji, M. Caricato, X. Li, H. P. Hratchian, 
 A. F. Izmaylov, J. Bloino, G. Zheng, J. L. Sonnenberg, M. Hada, 
 M. Ehara, K. Toyota, R. Fukuda, J. Hasegawa, M. Ishida, T. Nakajima, 
 Y. Honda, O. Kitao, H. Nakai, T. Vreven, J. A. Montgomery, Jr., 
 J. E. Peralta, F. Ogliaro, M. Bearpark, J. J. Heyd, E. Brothers, 
 K. N. Kudin, V. N. Staroverov, T. Keith, R. Kobayashi, J. Normand, 
 K. Raghavachari, A. Rendell, J. C. Burant, S. S. Iyengar, J. Tomasi, 
 M. Cossi, N. Rega, J. M. Millam, M. Klene, J. E. Knox, J. B. Cross, 
 V. Bakken, C. Adamo, J. Jaramillo, R. Gomperts, R. E. Stratmann, 
 O. Yazyev, A. J. Austin, R. Cammi, C. Pomelli, J. W. Ochterski, 
 R. L. Martin, K. Morokuma, V. G. Zakrzewski, G. A. Voth, 
 P. Salvador, J. J. Dannenberg, S. Dapprich, A. D. Daniels, 
 O. Farkas, J. B. Foresman, J. V. Ortiz, J. Cioslowski, 
 and D. J. Fox, Gaussian, Inc., Wallingford CT, 2013.
 
 ******************************************
 Gaussian 09:  ES64L-G09RevE.01 30-Nov-2015
                17-Feb-2017 
 ******************************************
 %chk=h12.chk
 ----------------------------------------------------------------------
 #rhf/gen scf(symm,tight,novaracc,noincfock,fulldiag) stable(crhf) gues
 s=read geom=nocrowd test
 ----------------------------------------------------------------------
 1/38=1/1;
 2/12=1,17=6,18=5,40=1/2;
 3/5=7,16=1,25=1,30=1,116=1/1,2,3;
 4/5=1,9=4/1;
 5/5=100002,15=2,16=1,32=2,38=6/2;
 8/6=1,10=90,11=11/1,4;
 9/8=4,13=1/2;
 6/7=2,8=2,9=2,10=2,28=1/1;
 99/5=1,9=1/99;
 ----------------------------------------------------------------------
 hf stability analysis of h10 triangular lattice, y= 0.6476646814092581
 5
 ----------------------------------------------------------------------
 Symbolic Z-matrix:
 Charge =  0 Multiplicity = 1
 H
 H                    1     1.10187 
 H                    1     1.10187  2     108. 
 H                    2     1.10187  1     72.      3     0.       0
 H                    3     1.10187  1     180.     2     0.       0
 H                    4     1.10187  2     180.     1     0.       0
 H                    5     1.10187  3     180.     2     0.       0
 H                    6     1.10187  4     180.     1     0.       0
 H                    7     1.10187  5     180.     2     0.       0
 H                    8     1.10187  6     180.     1     0.       0
 H                    9     1.10187  7     180.     2     0.       0
 H                    10    1.10187  8     180.     1     0.       0
 
                          Input orientation:                          
 ---------------------------------------------------------------------
 Center     Atomic      Atomic             Coordinates (Angstroms)
 Number     Number       Type             X           Y           Z
 ---------------------------------------------------------------------
      1          1           0        0.000000    0.000000    0.000000
      2          1           0        0.000000    0.000000    1.101873
      3          1           0        1.047943    0.000000   -0.340497
      4          1           0        1.047943    0.000000    0.761375
      5          1           0        2.095887    0.000000   -0.680995
      6          1           0        2.095887    0.000000    0.420878
      7          1           0        3.143830    0.000000   -1.021492
      8          1           0        3.143830    0.000000    0.080381
      9          1           0        4.191774    0.000000   -1.361990
     10          1           0        4.191774    0.000000   -0.260117
     11          1           0        5.239717    0.000000   -1.702487
     12          1           0        5.239717    0.000000   -0.600614
 ---------------------------------------------------------------------
                    Distance matrix (angstroms):
                    1          2          3          4          5
     1  H    0.000000
     2  H    1.101873   0.000000
     3  H    1.101873   1.782868   0.000000
     4  H    1.295329   1.101873   1.101873   0.000000
     5  H    2.203746   2.751610   1.101873   1.782868   0.000000
     6  H    2.137728   2.203746   1.295329   1.101873   1.101873
     7  H    3.305619   3.793725   2.203746   2.751610   1.101873
     8  H    3.144858   3.305619   2.137728   2.203746   1.295329
     9  H    4.407492   4.862262   3.305619   3.793725   2.203746
    10  H    4.199837   4.407492   3.144858   3.305619   2.137728
    11  H    5.509365   5.942985   4.407492   4.862262   3.305619
    12  H    5.274028   5.509365   4.199837   4.407492   3.144858
                    6          7          8          9         10
     6  H    0.000000
     7  H    1.782868   0.000000
     8  H    1.101873   1.101873   0.000000
     9  H    2.751610   1.101873   1.782868   0.000000
    10  H    2.203746   1.295329   1.101873   1.101873   0.000000
    11  H    3.793725   2.203746   2.751610   1.101873   1.782868
    12  H    3.305619   2.137728   2.203746   1.295329   1.101873
                   11         12
    11  H    0.000000
    12  H    1.101873   0.000000
 Stoichiometry    H12
 Framework group  C2H[SGH(H12)]
 Deg. of freedom    11
 Full point group                 C2H     NOp   4
 Largest Abelian subgroup         C2H     NOp   4
 Largest concise Abelian subgroup C2      NOp   2
                         Standard orientation:                         
 ---------------------------------------------------------------------
 Center     Atomic      Atomic             Coordinates (Angstroms)
 Number     Number       Type             X           Y           Z
 ---------------------------------------------------------------------
      1          1           0        1.782868    1.942994    0.000000
      2          1           0        2.674302    1.295329    0.000000
      3          1           0        0.891434    1.295329    0.000000
      4          1           0        1.782868    0.647665    0.000000
      5          1           0        0.000000    0.647665    0.000000
      6          1           0        0.891434   -0.000000    0.000000
      7          1           0       -0.891434    0.000000    0.000000
      8          1           0       -0.000000   -0.647665   -0.000000
      9          1           0       -1.782868   -0.647665    0.000000
     10          1           0       -0.891434   -1.295329   -0.000000
     11          1           0       -2.674302   -1.295329    0.000000
     12          1           0       -1.782868   -1.942994   -0.000000
 ---------------------------------------------------------------------
 Rotational constants (GHZ):    153.5566908     11.6968073     10.8688956
 General basis read from cards:  (5D, 7F)
 There are     6 symmetry adapted cartesian basis functions of AG  symmetry.
 There are     0 symmetry adapted cartesian basis functions of BG  symmetry.
 There are     0 symmetry adapted cartesian basis functions of AU  symmetry.
 There are     6 symmetry adapted cartesian basis functions of BU  symmetry.
 There are     6 symmetry adapted basis functions of AG  symmetry.
 There are     0 symmetry adapted basis functions of BG  symmetry.
 There are     0 symmetry adapted basis functions of AU  symmetry.
 There are     6 symmetry adapted basis functions of BU  symmetry.
    12 basis functions,   120 primitive gaussians,    12 cartesian basis functions
     6 alpha electrons        6 beta electrons
       nuclear repulsion energy        18.1063445943 Hartrees.
 NAtoms=   12 NActive=   12 NUniq=    6 SFac= 4.00D+00 NAtFMM=   60 NAOKFM=F Big=F
 Integral buffers will be    131072 words long.
 Regular integral format.
 Two-electron integral symmetry is turned on.
 One-electron integrals computed using PRISM.
 NBasis=    12 RedAO= T EigKep=  1.38D-01  NBF=     6     0     0     6
 NBsUse=    12 1.00D-06 EigRej= -1.00D+00 NBFU=     6     0     0     6
 Initial guess from the checkpoint file:  "h12.chk"
 B after Tr=     0.000000    0.000000    0.000000
         Rot=    0.999998   -0.000000    0.000000   -0.001837 Ang=  -0.21 deg.
 Initial guess orbital symmetries:
       Occupied  (AG) (BU) (AG) (BU) (BU) (BU)
       Virtual   (AG) (AG) (AG) (BU) (BU) (AG)
 Keep R1 ints in memory in symmetry-blocked form, NReq=900494.
 Requested convergence on RMS density matrix=1.00D-08 within 128 cycles.
 Requested convergence on MAX density matrix=1.00D-06.
 Requested convergence on             energy=1.00D-06.
 No special actions if energy rises.
 SCF Done:  E(RHF) =  -5.50810886292     A.U. after    8 cycles
            NFock=  8  Conv=0.83D-08     -V/T= 1.8506
 Range of M.O.s used for correlation:     1    12
 NBasis=    12 NAE=     6 NBE=     6 NFC=     0 NFV=     0
 NROrb=     12 NOA=     6 NOB=     6 NVA=     6 NVB=     6

 **** Warning!!: The smallest alpha delta epsilon is -0.29659879D-01

 Semi-Direct transformation.
 ModeAB=           4 MOrb=             6 LenV=     134087713
 LASXX=         2181 LTotXX=        2181 LenRXX=        5115
 LTotAB=        2934 MaxLAS=        3024 LenRXY=           0
 NonZer=        7296 LenScr=      655360 LnRSAI=        3024
 LnScr1=      655360 LExtra=           0 Total=      1318859
 MaxDsk=          -1 SrtSym=           T ITran=            3
 JobTyp=0 Pass  1:  I=   1 to   6.
 (rs|ai) integrals will be sorted in core.
 Spin components of T(2) and E(2):
     alpha-alpha T2 =       0.3268368268D-01 E2=     -0.2319454721D-01
     alpha-beta  T2 =       0.3169627514D+01 E2=     -0.5748941034D-01
     beta-beta   T2 =       0.3268368268D-01 E2=     -0.2319454721D-01
 ANorm=    0.2057910319D+01
 E2 =    -0.1038785048D+00 EUMP2 =    -0.56119873676913D+01
 Second order stability test of a single determinant RHF wave function:
 Stabil:  MDV=134217728
 ***********************************************************************
 Matrix         Lowest Root    Major Pairs
 ***********************************************************************
 Internal RHF    -0.1882181    6A=7A
 RRHF --> CRHF   -0.2263591    6A=7A
 RRHF --> RUHF   -0.4425933    6A=7B
 Not stable.
 ***********************************************************************

 **********************************************************************

            Population analysis using the SCF density.

 **********************************************************************

 Orbital symmetries:
       Occupied  (AG) (BU) (AG) (BU) (BU) (BU)
       Virtual   (AG) (AG) (AG) (BU) (BU) (AG)
 The electronic state is 1-AG.
 Alpha  occ. eigenvalues --   -0.87287  -0.79621  -0.63299  -0.42919  -0.40570
 Alpha  occ. eigenvalues --   -0.11446
 Alpha virt. eigenvalues --   -0.14412   0.03552   0.30483   0.36908   0.60259
 Alpha virt. eigenvalues --    0.80439
          Condensed to atoms (all electrons):
               1          2          3          4          5          6
     1  H    1.324912  -0.061390   0.162466  -0.168292  -0.142419  -0.025133
     2  H   -0.061390   0.911347  -0.097898   0.317494   0.009037  -0.097635
     3  H    0.162466  -0.097898   0.644490  -0.054439   0.170514   0.077154
     4  H   -0.168292   0.317494  -0.054439   0.745112   0.046445   0.055932
     5  H   -0.142419   0.009037   0.170514   0.046445   1.356364  -0.172263
     6  H   -0.025133  -0.097635   0.077154   0.055932  -0.172263   1.093064
     7  H   -0.002124   0.006729  -0.009855  -0.014107   0.373236  -0.214439
     8  H    0.028566  -0.013793  -0.040351  -0.049005  -0.455451   0.373236
     9  H    0.004318  -0.000827   0.010178  -0.007614  -0.049005  -0.014107
    10  H   -0.001771   0.002841  -0.024121   0.010178  -0.040351  -0.009855
    11  H    0.000400  -0.000258   0.002841  -0.000827  -0.013793   0.006729
    12  H   -0.001424   0.000400  -0.001771   0.004318   0.028566  -0.002124
               7          8          9         10         11         12
     1  H   -0.002124   0.028566   0.004318  -0.001771   0.000400  -0.001424
     2  H    0.006729  -0.013793  -0.000827   0.002841  -0.000258   0.000400
     3  H   -0.009855  -0.040351   0.010178  -0.024121   0.002841  -0.001771
     4  H   -0.014107  -0.049005  -0.007614   0.010178  -0.000827   0.004318
     5  H    0.373236  -0.455451  -0.049005  -0.040351  -0.013793   0.028566
     6  H   -0.214439   0.373236  -0.014107  -0.009855   0.006729  -0.002124
     7  H    1.093064  -0.172263   0.055932   0.077154  -0.097635  -0.025133
     8  H   -0.172263   1.356364   0.046445   0.170514   0.009037  -0.142419
     9  H    0.055932   0.046445   0.745112  -0.054439   0.317494  -0.168292
    10  H    0.077154   0.170514  -0.054439   0.644490  -0.097898   0.162466
    11  H   -0.097635   0.009037   0.317494  -0.097898   0.911347  -0.061390
    12  H   -0.025133  -0.142419  -0.168292   0.162466  -0.061390   1.324912
 Mulliken charges:
               1
     1  H   -0.118111
     2  H    0.023953
     3  H    0.160793
     4  H    0.114804
     5  H   -0.110880
     6  H   -0.070559
     7  H   -0.070559
     8  H   -0.110880
     9  H    0.114804
    10  H    0.160793
    11  H    0.023953
    12  H   -0.118111
 Sum of Mulliken charges =   0.00000
 Mulliken charges with hydrogens summed into heavy atoms:
               1
 Electronic spatial extent (au):  <R**2>=            202.8031
 Charge=              0.0000 electrons
 Dipole moment (field-independent basis, Debye):
    X=             -0.0000    Y=             -0.0000    Z=              0.0000  Tot=              0.0000
 Quadrupole moment (field-independent basis, Debye-Ang):
   XX=            -16.1312   YY=            -19.7785   ZZ=            -15.2633
   XY=              0.2158   XZ=              0.0000   YZ=             -0.0000
 Traceless Quadrupole moment (field-independent basis, Debye-Ang):
   XX=              0.9265   YY=             -2.7209   ZZ=              1.7944
   XY=              0.2158   XZ=              0.0000   YZ=             -0.0000
 Octapole moment (field-independent basis, Debye-Ang**2):
  XXX=             -0.0000  YYY=             -0.0000  ZZZ=             -0.0000  XYY=             -0.0000
  XXY=             -0.0000  XXZ=             -0.0000  XZZ=             -0.0000  YZZ=             -0.0000
  YYZ=             -0.0000  XYZ=              0.0000
 Hexadecapole moment (field-independent basis, Debye-Ang**3):
 XXXX=           -273.1444 YYYY=           -178.0301 ZZZZ=            -18.2156 XXXY=            -79.8654
 XXXZ=              0.0000 YYYX=            -90.8789 YYYZ=             -0.0000 ZZZX=              0.0000
 ZZZY=              0.0000 XXYY=            -80.5399 XXZZ=            -46.1266 YYZZ=            -28.1332
 XXYZ=             -0.0000 YYXZ=              0.0000 ZZXY=            -23.9123
 N-N= 1.810634459426D+01 E-N=-4.720196322317D+01  KE= 6.475895711017D+00
 Symmetry AG   KE= 1.331771873637D+00
 Symmetry BG   KE= 0.000000000000D+00
 Symmetry AU   KE= 0.000000000000D+00
 Symmetry BU   KE= 5.144123837380D+00

 Test job not archived.
 1\1\GINC-SULU\Stability\RHF\Gen\H12\LCJ1\17-Feb-2017\0\\#rhf/gen scf(s
 ymm,tight,novaracc,noincfock,fulldiag) stable(crhf) guess=read geom=no
 crowd test\\hf stability analysis of h10 triangular lattice, y= 0.6476
 6468140925815\\0,1\H\H,1,1.101872943\H,1,1.101872943,2,108.\H,2,1.1018
 72943,1,72.,3,0.,0\H,3,1.101872943,1,180.,2,0.,0\H,4,1.101872943,2,180
 .,1,0.,0\H,5,1.101872943,3,180.,2,0.,0\H,6,1.101872943,4,180.,1,0.,0\H
 ,7,1.101872943,5,180.,2,0.,0\H,8,1.101872943,6,180.,1,0.,0\H,9,1.10187
 2943,7,180.,2,0.,0\H,10,1.101872943,8,180.,1,0.,0\\Version=ES64L-G09Re
 vE.01\State=1-AG\HF=-5.5081089\MP2=-5.6119874\RMSD=8.312e-09\Dipole=0.
 ,0.,0.\Quadrupole=-0.933403,1.3340816,-0.4006786,0.,-1.3390735,0.\PG=C
 02H [SGH(H12)]\\@


 THE MORE POWERFUL THE METHOD, THE MORE CATASTROPHIC THE ERRORS.
     -- M.D. KAMEN
 Job cpu time:       0 days  0 hours  0 minutes  1.0 seconds.
 File lengths (MBytes):  RWF=     84 Int=      0 D2E=      0 Chk=      2 Scr=      2
 Normal termination of Gaussian 09 at Fri Feb 17 13:53:44 2017.
