 Entering Gaussian System, Link 0=g09
 AtFile(1): H.gbs
            H     0
            S   10   1.00
               1000.000000000000            0.000068713567
                316.227766000000            0.000169141320
                100.000000000000            0.000823394812
                 31.622776600000            0.003425569236
                 10.000000000000            0.013951996000
                  3.162277660000            0.056909313560
                  1.000000000000            0.198286399900
                  0.316227766000            0.496922426700
                  0.100000000000            0.369846276400
                  0.031622776600            0.003752720039
            ****
 Initial command:
 /projects/guscus/apps/gau/g09-e1/g09/l1.exe "/users/lcj1/gaussian/h12/rhfstability/2rows/alterguess/2to4/Gau-24376.inp" -scrdir="/users/lcj1/gaussian/h12/rhfstability/2rows/alterguess/2to4/"
 Entering Link 1 = /projects/guscus/apps/gau/g09-e1/g09/l1.exe PID=     24378.
  
 Copyright (c) 1988,1990,1992,1993,1995,1998,2003,2009,2015,
            Gaussian, Inc.  All Rights Reserved.
  
 This is part of the Gaussian(R) 09 program.  It is based on
 the Gaussian(R) 03 system (copyright 2003, Gaussian, Inc.),
 the Gaussian(R) 98 system (copyright 1998, Gaussian, Inc.),
 the Gaussian(R) 94 system (copyright 1995, Gaussian, Inc.),
 the Gaussian 92(TM) system (copyright 1992, Gaussian, Inc.),
 the Gaussian 90(TM) system (copyright 1990, Gaussian, Inc.),
 the Gaussian 88(TM) system (copyright 1988, Gaussian, Inc.),
 the Gaussian 86(TM) system (copyright 1986, Carnegie Mellon
 University), and the Gaussian 82(TM) system (copyright 1983,
 Carnegie Mellon University). Gaussian is a federally registered
 trademark of Gaussian, Inc.
  
 This software contains proprietary and confidential information,
 including trade secrets, belonging to Gaussian, Inc.
  
 This software is provided under written license and may be
 used, copied, transmitted, or stored only in accord with that
 written license.
  
 The following legend is applicable only to US Government
 contracts under FAR:
  
                    RESTRICTED RIGHTS LEGEND
  
 Use, reproduction and disclosure by the US Government is
 subject to restrictions as set forth in subparagraphs (a)
 and (c) of the Commercial Computer Software - Restricted
 Rights clause in FAR 52.227-19.
  
 Gaussian, Inc.
 340 Quinnipiac St., Bldg. 40, Wallingford CT 06492
  
  
 ---------------------------------------------------------------
 Warning -- This program may not be used in any manner that
 competes with the business of Gaussian, Inc. or will provide
 assistance to any competitor of Gaussian, Inc.  The licensee
 of this program is prohibited from giving any competitor of
 Gaussian, Inc. access to this program.  By using this program,
 the user acknowledges that Gaussian, Inc. is engaged in the
 business of creating and licensing software in the field of
 computational chemistry and represents and warrants to the
 licensee that it is not a competitor of Gaussian, Inc. and that
 it will not use this program in any manner prohibited above.
 ---------------------------------------------------------------
  

 Cite this work as:
 Gaussian 09, Revision E.01,
 M. J. Frisch, G. W. Trucks, H. B. Schlegel, G. E. Scuseria, 
 M. A. Robb, J. R. Cheeseman, G. Scalmani, V. Barone, B. Mennucci, 
 G. A. Petersson, H. Nakatsuji, M. Caricato, X. Li, H. P. Hratchian, 
 A. F. Izmaylov, J. Bloino, G. Zheng, J. L. Sonnenberg, M. Hada, 
 M. Ehara, K. Toyota, R. Fukuda, J. Hasegawa, M. Ishida, T. Nakajima, 
 Y. Honda, O. Kitao, H. Nakai, T. Vreven, J. A. Montgomery, Jr., 
 J. E. Peralta, F. Ogliaro, M. Bearpark, J. J. Heyd, E. Brothers, 
 K. N. Kudin, V. N. Staroverov, T. Keith, R. Kobayashi, J. Normand, 
 K. Raghavachari, A. Rendell, J. C. Burant, S. S. Iyengar, J. Tomasi, 
 M. Cossi, N. Rega, J. M. Millam, M. Klene, J. E. Knox, J. B. Cross, 
 V. Bakken, C. Adamo, J. Jaramillo, R. Gomperts, R. E. Stratmann, 
 O. Yazyev, A. J. Austin, R. Cammi, C. Pomelli, J. W. Ochterski, 
 R. L. Martin, K. Morokuma, V. G. Zakrzewski, G. A. Voth, 
 P. Salvador, J. J. Dannenberg, S. Dapprich, A. D. Daniels, 
 O. Farkas, J. B. Foresman, J. V. Ortiz, J. Cioslowski, 
 and D. J. Fox, Gaussian, Inc., Wallingford CT, 2013.
 
 ******************************************
 Gaussian 09:  ES64L-G09RevE.01 30-Nov-2015
                17-Feb-2017 
 ******************************************
 %chk=h12.chk
 ----------------------------------------------------------------------
 #rhf/gen scf(symm,tight,novaracc,noincfock,fulldiag) stable(crhf) gues
 s=read geom=nocrowd test
 ----------------------------------------------------------------------
 1/38=1/1;
 2/12=1,17=6,18=5,40=1/2;
 3/5=7,16=1,25=1,30=1,116=1/1,2,3;
 4/5=1,9=4/1;
 5/5=100002,15=2,16=1,32=2,38=6/2;
 8/6=1,10=90,11=11/1,4;
 9/8=4,13=1/2;
 6/7=2,8=2,9=2,10=2,28=1/1;
 99/5=1,9=1/99;
 ----------------------------------------------------------------------
 hf stability analysis of h10 triangular lattice, y= 0.9428899751596989
 7
 ----------------------------------------------------------------------
 Symbolic Z-matrix:
 Charge =  0 Multiplicity = 1
 H
 H                    1     1.12427 
 H                    1     1.12427  2     66. 
 H                    2     1.12427  1     114.     3     0.       0
 H                    3     1.12427  1     180.     2     0.       0
 H                    4     1.12427  2     180.     1     0.       0
 H                    5     1.12427  3     180.     2     0.       0
 H                    6     1.12427  4     180.     1     0.       0
 H                    7     1.12427  5     180.     2     0.       0
 H                    8     1.12427  6     180.     1     0.       0
 H                    9     1.12427  7     180.     2     0.       0
 H                    10    1.12427  8     180.     1     0.       0
 
                          Input orientation:                          
 ---------------------------------------------------------------------
 Center     Atomic      Atomic             Coordinates (Angstroms)
 Number     Number       Type             X           Y           Z
 ---------------------------------------------------------------------
      1          1           0        0.000000    0.000000    0.000000
      2          1           0        0.000000    0.000000    1.124267
      3          1           0        1.027069    0.000000    0.457281
      4          1           0        1.027069    0.000000    1.581548
      5          1           0        2.054139    0.000000    0.914561
      6          1           0        2.054139    0.000000    2.038829
      7          1           0        3.081208    0.000000    1.371842
      8          1           0        3.081208    0.000000    2.496110
      9          1           0        4.108277    0.000000    1.829123
     10          1           0        4.108277    0.000000    2.953390
     11          1           0        5.135347    0.000000    2.286404
     12          1           0        5.135347    0.000000    3.410671
 ---------------------------------------------------------------------
                    Distance matrix (angstroms):
                    1          2          3          4          5
     1  H    0.000000
     2  H    1.124267   0.000000
     3  H    1.124267   1.224640   0.000000
     4  H    1.885780   1.124267   1.124267   0.000000
     5  H    2.248535   2.064815   1.124267   1.224640   0.000000
     6  H    2.894185   2.248535   1.885780   1.124267   1.124267
     7  H    3.372802   3.091138   2.248535   2.064815   1.124267
     8  H    3.965401   3.372802   2.894185   2.248535   1.885780
     9  H    4.497070   4.168305   3.372802   3.091138   2.248535
    10  H    5.059689   4.497070   3.965401   3.372802   2.894185
    11  H    5.621337   5.265202   4.497070   4.168305   3.372802
    12  H    6.164776   5.621337   5.059689   4.497070   3.965401
                    6          7          8          9         10
     6  H    0.000000
     7  H    1.224640   0.000000
     8  H    1.124267   1.124267   0.000000
     9  H    2.064815   1.124267   1.224640   0.000000
    10  H    2.248535   1.885780   1.124267   1.124267   0.000000
    11  H    3.091138   2.248535   2.064815   1.124267   1.224640
    12  H    3.372802   2.894185   2.248535   1.885780   1.124267
                   11         12
    11  H    0.000000
    12  H    1.124267   0.000000
 Stoichiometry    H12
 Framework group  C2H[SGH(H12)]
 Deg. of freedom    11
 Full point group                 C2H     NOp   4
 Largest Abelian subgroup         C2H     NOp   4
 Largest concise Abelian subgroup C2      NOp   2
                         Standard orientation:                         
 ---------------------------------------------------------------------
 Center     Atomic      Atomic             Coordinates (Angstroms)
 Number     Number       Type             X           Y           Z
 ---------------------------------------------------------------------
      1          1           0        2.828670    1.224640   -0.000000
      2          1           0        1.885780    1.836960   -0.000000
      3          1           0        1.885780    0.612320   -0.000000
      4          1           0        0.942890    1.224640   -0.000000
      5          1           0        0.942890    0.000000   -0.000000
      6          1           0        0.000000    0.612320    0.000000
      7          1           0       -0.000000   -0.612320   -0.000000
      8          1           0       -0.942890    0.000000   -0.000000
      9          1           0       -0.942890   -1.224640   -0.000000
     10          1           0       -1.885780   -0.612320   -0.000000
     11          1           0       -1.885780   -1.836960   -0.000000
     12          1           0       -2.828670   -1.224640   -0.000000
 ---------------------------------------------------------------------
 Rotational constants (GHZ):    160.8741931     11.1647671     10.4402101
 General basis read from cards:  (5D, 7F)
 There are     6 symmetry adapted cartesian basis functions of AG  symmetry.
 There are     0 symmetry adapted cartesian basis functions of BG  symmetry.
 There are     0 symmetry adapted cartesian basis functions of AU  symmetry.
 There are     6 symmetry adapted cartesian basis functions of BU  symmetry.
 There are     6 symmetry adapted basis functions of AG  symmetry.
 There are     0 symmetry adapted basis functions of BG  symmetry.
 There are     0 symmetry adapted basis functions of AU  symmetry.
 There are     6 symmetry adapted basis functions of BU  symmetry.
    12 basis functions,   120 primitive gaussians,    12 cartesian basis functions
     6 alpha electrons        6 beta electrons
       nuclear repulsion energy        17.8975150134 Hartrees.
 NAtoms=   12 NActive=   12 NUniq=    6 SFac= 4.00D+00 NAtFMM=   60 NAOKFM=F Big=F
 Integral buffers will be    131072 words long.
 Regular integral format.
 Two-electron integral symmetry is turned on.
 One-electron integrals computed using PRISM.
 NBasis=    12 RedAO= T EigKep=  1.57D-01  NBF=     6     0     0     6
 NBsUse=    12 1.00D-06 EigRej= -1.00D+00 NBFU=     6     0     0     6
 Initial guess from the checkpoint file:  "h12.chk"
 B after Tr=    -0.000000   -0.000000   -0.000000
         Rot=    0.999998   -0.000000   -0.000000    0.001837 Ang=   0.21 deg.
 Initial guess orbital symmetries:
       Occupied  (AG) (BU) (AG) (BU) (BU) (BU)
       Virtual   (AG) (AG) (AG) (BU) (BU) (AG)
 Keep R1 ints in memory in symmetry-blocked form, NReq=900564.
 Requested convergence on RMS density matrix=1.00D-08 within 128 cycles.
 Requested convergence on MAX density matrix=1.00D-06.
 Requested convergence on             energy=1.00D-06.
 No special actions if energy rises.
 SCF Done:  E(RHF) =  -5.48799435283     A.U. after    9 cycles
            NFock=  9  Conv=0.17D-08     -V/T= 1.8479
 Range of M.O.s used for correlation:     1    12
 NBasis=    12 NAE=     6 NBE=     6 NFC=     0 NFV=     0
 NROrb=     12 NOA=     6 NOB=     6 NVA=     6 NVB=     6

 **** Warning!!: The smallest alpha delta epsilon is -0.29927782D-01

 Semi-Direct transformation.
 ModeAB=           4 MOrb=             6 LenV=     134087685
 LASXX=         2181 LTotXX=        2181 LenRXX=        5115
 LTotAB=        2934 MaxLAS=        3024 LenRXY=           0
 NonZer=        7296 LenScr=      655360 LnRSAI=        3024
 LnScr1=      655360 LExtra=           0 Total=      1318859
 MaxDsk=          -1 SrtSym=           T ITran=            3
 JobTyp=0 Pass  1:  I=   1 to   6.
 (rs|ai) integrals will be sorted in core.
 Spin components of T(2) and E(2):
     alpha-alpha T2 =       0.3219071841D-01 E2=     -0.2286771495D-01
     alpha-beta  T2 =       0.3197722372D+01 E2=     -0.6130185511D-01
     beta-beta   T2 =       0.3219071841D-01 E2=     -0.2286771495D-01
 ANorm=    0.2064486331D+01
 E2 =    -0.1070372850D+00 EUMP2 =    -0.55950316378500D+01
 Second order stability test of a single determinant RHF wave function:
 Stabil:  MDV=134217728
 ***********************************************************************
 Matrix         Lowest Root    Major Pairs
 ***********************************************************************
 Internal RHF    -0.1858307    6A=7A
 RRHF --> CRHF   -0.2250845    6A=7A
 RRHF --> RUHF   -0.444982     6A=7B
 Not stable.
 ***********************************************************************

 **********************************************************************

            Population analysis using the SCF density.

 **********************************************************************

 Orbital symmetries:
       Occupied  (AG) (BU) (AG) (BU) (BU) (BU)
       Virtual   (AG) (AG) (AG) (BU) (BU) (AG)
 The electronic state is 1-AG.
 Alpha  occ. eigenvalues --   -0.86461  -0.79087  -0.63142  -0.43505  -0.38685
 Alpha  occ. eigenvalues --   -0.09843
 Alpha virt. eigenvalues --   -0.12836   0.02519   0.31005   0.33264   0.60464
 Alpha virt. eigenvalues --    0.70974
          Condensed to atoms (all electrons):
               1          2          3          4          5          6
     1  H    0.882158  -0.095030   0.325477  -0.082908  -0.081630   0.011651
     2  H   -0.095030   1.410941  -0.160843   0.129640  -0.041268  -0.139100
     3  H    0.325477  -0.160843   0.733381  -0.054811   0.064966   0.031511
     4  H   -0.082908   0.129640  -0.054811   0.642228   0.071187   0.205841
     5  H   -0.081630  -0.041268   0.064966   0.071187   1.058463  -0.158525
     6  H    0.011651  -0.139100   0.031511   0.205841  -0.158525   1.409495
     7  H   -0.014316   0.032638  -0.044228  -0.052294   0.347737  -0.517673
     8  H    0.004467   0.001214  -0.013227  -0.000677  -0.185801   0.347737
     9  H    0.002158  -0.001617   0.008440  -0.026101  -0.000677  -0.052294
    10  H   -0.000604   0.003630  -0.005032   0.008440  -0.013227  -0.044228
    11  H    0.000366  -0.001577   0.003630  -0.001617   0.001214   0.032638
    12  H   -0.000170   0.000366  -0.000604   0.002158   0.004467  -0.014316
               7          8          9         10         11         12
     1  H   -0.014316   0.004467   0.002158  -0.000604   0.000366  -0.000170
     2  H    0.032638   0.001214  -0.001617   0.003630  -0.001577   0.000366
     3  H   -0.044228  -0.013227   0.008440  -0.005032   0.003630  -0.000604
     4  H   -0.052294  -0.000677  -0.026101   0.008440  -0.001617   0.002158
     5  H    0.347737  -0.185801  -0.000677  -0.013227   0.001214   0.004467
     6  H   -0.517673   0.347737  -0.052294  -0.044228   0.032638  -0.014316
     7  H    1.409495  -0.158525   0.205841   0.031511  -0.139100   0.011651
     8  H   -0.158525   1.058463   0.071187   0.064966  -0.041268  -0.081630
     9  H    0.205841   0.071187   0.642228  -0.054811   0.129640  -0.082908
    10  H    0.031511   0.064966  -0.054811   0.733381  -0.160843   0.325477
    11  H   -0.139100  -0.041268   0.129640  -0.160843   1.410941  -0.095030
    12  H    0.011651  -0.081630  -0.082908   0.325477  -0.095030   0.882158
 Mulliken charges:
               1
     1  H    0.048382
     2  H   -0.138993
     3  H    0.111339
     4  H    0.158915
     5  H   -0.066906
     6  H   -0.112736
     7  H   -0.112736
     8  H   -0.066906
     9  H    0.158915
    10  H    0.111339
    11  H   -0.138993
    12  H    0.048382
 Sum of Mulliken charges =  -0.00000
 Mulliken charges with hydrogens summed into heavy atoms:
               1
 Electronic spatial extent (au):  <R**2>=            208.6883
 Charge=             -0.0000 electrons
 Dipole moment (field-independent basis, Debye):
    X=              0.0000    Y=             -0.0000    Z=             -0.0000  Tot=              0.0000
 Quadrupole moment (field-independent basis, Debye-Ang):
   XX=            -14.6679   YY=            -20.0268   ZZ=            -15.2949
   XY=              0.4546   XZ=              0.0000   YZ=             -0.0000
 Traceless Quadrupole moment (field-independent basis, Debye-Ang):
   XX=              1.9953   YY=             -3.3636   ZZ=              1.3683
   XY=              0.4546   XZ=              0.0000   YZ=             -0.0000
 Octapole moment (field-independent basis, Debye-Ang**2):
  XXX=             -0.0000  YYY=              0.0000  ZZZ=              0.0000  XYY=             -0.0000
  XXY=             -0.0000  XXZ=              0.0000  XZZ=              0.0000  YZZ=             -0.0000
  YYZ=              0.0000  XYZ=              0.0000
 Hexadecapole moment (field-independent basis, Debye-Ang**3):
 XXXX=           -286.1633 YYYY=           -162.5280 ZZZZ=            -18.2901 XXXY=            -73.5550
 XXXZ=             -0.0000 YYYX=            -89.8582 YYYZ=             -0.0000 ZZZX=             -0.0000
 ZZZY=             -0.0000 XXYY=            -81.1602 XXZZ=            -50.5282 YYZZ=            -25.9704
 XXYZ=             -0.0000 YYXZ=             -0.0000 ZZXY=            -23.8027
 N-N= 1.789751501342D+01 E-N=-4.682897115056D+01  KE= 6.472390357303D+00
 Symmetry AG   KE= 1.323450435818D+00
 Symmetry BG   KE= 0.000000000000D+00
 Symmetry AU   KE= 0.000000000000D+00
 Symmetry BU   KE= 5.148939921485D+00

 Test job not archived.
 1\1\GINC-SULU\Stability\RHF\Gen\H12\LCJ1\17-Feb-2017\0\\#rhf/gen scf(s
 ymm,tight,novaracc,noincfock,fulldiag) stable(crhf) guess=read geom=no
 crowd test\\hf stability analysis of h10 triangular lattice, y= 0.9428
 8997515969897\\0,1\H\H,1,1.1242673754\H,1,1.1242673754,2,66.\H,2,1.124
 2673754,1,114.,3,0.,0\H,3,1.1242673754,1,180.,2,0.,0\H,4,1.1242673754,
 2,180.,1,0.,0\H,5,1.1242673754,3,180.,2,0.,0\H,6,1.1242673754,4,180.,1
 ,0.,0\H,7,1.1242673754,5,180.,2,0.,0\H,8,1.1242673754,6,180.,1,0.,0\H,
 9,1.1242673754,7,180.,2,0.,0\H,10,1.1242673754,8,180.,1,0.,0\\Version=
 ES64L-G09RevE.01\State=1-AG\HF=-5.4879944\MP2=-5.5950316\RMSD=1.725e-0
 9\Dipole=0.,0.,0.\Quadrupole=-1.0101531,1.0172719,-0.0071189,0.,1.9573
 567,0.\PG=C02H [SGH(H12)]\\@


 PICNIC:  A SNACK IN THE GRASS.
 Job cpu time:       0 days  0 hours  0 minutes  1.1 seconds.
 File lengths (MBytes):  RWF=     84 Int=      0 D2E=      0 Chk=      2 Scr=      2
 Normal termination of Gaussian 09 at Fri Feb 17 13:58:01 2017.
