 Entering Gaussian System, Link 0=g09
 AtFile(1): H.gbs
            H     0
            S   10   1.00
               1000.000000000000            0.000068713567
                316.227766000000            0.000169141320
                100.000000000000            0.000823394812
                 31.622776600000            0.003425569236
                 10.000000000000            0.013951996000
                  3.162277660000            0.056909313560
                  1.000000000000            0.198286399900
                  0.316227766000            0.496922426700
                  0.100000000000            0.369846276400
                  0.031622776600            0.003752720039
            ****
 Initial command:
 /projects/guscus/apps/gau/g09-e1/g09/l1.exe "/users/lcj1/gaussian/h12/rhfstability/2rows/alterguess/2to4/Gau-1072.inp" -scrdir="/users/lcj1/gaussian/h12/rhfstability/2rows/alterguess/2to4/"
 Entering Link 1 = /projects/guscus/apps/gau/g09-e1/g09/l1.exe PID=      1073.
  
 Copyright (c) 1988,1990,1992,1993,1995,1998,2003,2009,2015,
            Gaussian, Inc.  All Rights Reserved.
  
 This is part of the Gaussian(R) 09 program.  It is based on
 the Gaussian(R) 03 system (copyright 2003, Gaussian, Inc.),
 the Gaussian(R) 98 system (copyright 1998, Gaussian, Inc.),
 the Gaussian(R) 94 system (copyright 1995, Gaussian, Inc.),
 the Gaussian 92(TM) system (copyright 1992, Gaussian, Inc.),
 the Gaussian 90(TM) system (copyright 1990, Gaussian, Inc.),
 the Gaussian 88(TM) system (copyright 1988, Gaussian, Inc.),
 the Gaussian 86(TM) system (copyright 1986, Carnegie Mellon
 University), and the Gaussian 82(TM) system (copyright 1983,
 Carnegie Mellon University). Gaussian is a federally registered
 trademark of Gaussian, Inc.
  
 This software contains proprietary and confidential information,
 including trade secrets, belonging to Gaussian, Inc.
  
 This software is provided under written license and may be
 used, copied, transmitted, or stored only in accord with that
 written license.
  
 The following legend is applicable only to US Government
 contracts under FAR:
  
                    RESTRICTED RIGHTS LEGEND
  
 Use, reproduction and disclosure by the US Government is
 subject to restrictions as set forth in subparagraphs (a)
 and (c) of the Commercial Computer Software - Restricted
 Rights clause in FAR 52.227-19.
  
 Gaussian, Inc.
 340 Quinnipiac St., Bldg. 40, Wallingford CT 06492
  
  
 ---------------------------------------------------------------
 Warning -- This program may not be used in any manner that
 competes with the business of Gaussian, Inc. or will provide
 assistance to any competitor of Gaussian, Inc.  The licensee
 of this program is prohibited from giving any competitor of
 Gaussian, Inc. access to this program.  By using this program,
 the user acknowledges that Gaussian, Inc. is engaged in the
 business of creating and licensing software in the field of
 computational chemistry and represents and warrants to the
 licensee that it is not a competitor of Gaussian, Inc. and that
 it will not use this program in any manner prohibited above.
 ---------------------------------------------------------------
  

 Cite this work as:
 Gaussian 09, Revision E.01,
 M. J. Frisch, G. W. Trucks, H. B. Schlegel, G. E. Scuseria, 
 M. A. Robb, J. R. Cheeseman, G. Scalmani, V. Barone, B. Mennucci, 
 G. A. Petersson, H. Nakatsuji, M. Caricato, X. Li, H. P. Hratchian, 
 A. F. Izmaylov, J. Bloino, G. Zheng, J. L. Sonnenberg, M. Hada, 
 M. Ehara, K. Toyota, R. Fukuda, J. Hasegawa, M. Ishida, T. Nakajima, 
 Y. Honda, O. Kitao, H. Nakai, T. Vreven, J. A. Montgomery, Jr., 
 J. E. Peralta, F. Ogliaro, M. Bearpark, J. J. Heyd, E. Brothers, 
 K. N. Kudin, V. N. Staroverov, T. Keith, R. Kobayashi, J. Normand, 
 K. Raghavachari, A. Rendell, J. C. Burant, S. S. Iyengar, J. Tomasi, 
 M. Cossi, N. Rega, J. M. Millam, M. Klene, J. E. Knox, J. B. Cross, 
 V. Bakken, C. Adamo, J. Jaramillo, R. Gomperts, R. E. Stratmann, 
 O. Yazyev, A. J. Austin, R. Cammi, C. Pomelli, J. W. Ochterski, 
 R. L. Martin, K. Morokuma, V. G. Zakrzewski, G. A. Voth, 
 P. Salvador, J. J. Dannenberg, S. Dapprich, A. D. Daniels, 
 O. Farkas, J. B. Foresman, J. V. Ortiz, J. Cioslowski, 
 and D. J. Fox, Gaussian, Inc., Wallingford CT, 2013.
 
 ******************************************
 Gaussian 09:  ES64L-G09RevE.01 30-Nov-2015
                17-Feb-2017 
 ******************************************
 %chk=h12.chk
 ----------------------------------------------------------------------
 #rhf/gen scf(symm,tight,novaracc,noincfock,fulldiag) stable(crhf) gues
 s=read geom=nocrowd test
 ----------------------------------------------------------------------
 1/38=1/1;
 2/12=1,17=6,18=5,40=1/2;
 3/5=7,16=1,25=1,30=1,116=1/1,2,3;
 4/5=1,9=4/1;
 5/5=100002,15=2,16=1,32=2,38=6/2;
 8/6=1,10=90,11=11/1,4;
 9/8=4,13=1/2;
 6/7=2,8=2,9=2,10=2,28=1/1;
 99/5=1,9=1/99;
 ----------------------------------------------------------------------
 hf stability analysis of h10 triangular lattice, y= 0.2848531043101661
 9
 ----------------------------------------------------------------------
 Symbolic Z-matrix:
 Charge =  0 Multiplicity = 1
 H
 H                    1     2.04675 
 H                    1     2.04675  2     164. 
 H                    2     2.04675  1     16.      3     0.       0
 H                    3     2.04675  1     180.     2     0.       0
 H                    4     2.04675  2     180.     1     0.       0
 H                    5     2.04675  3     180.     2     0.       0
 H                    6     2.04675  4     180.     1     0.       0
 H                    7     2.04675  5     180.     2     0.       0
 H                    8     2.04675  6     180.     1     0.       0
 H                    9     2.04675  7     180.     2     0.       0
 H                    10    2.04675  8     180.     1     0.       0
 
                          Input orientation:                          
 ---------------------------------------------------------------------
 Center     Atomic      Atomic             Coordinates (Angstroms)
 Number     Number       Type             X           Y           Z
 ---------------------------------------------------------------------
      1          1           0        0.000000    0.000000    0.000000
      2          1           0        0.000000    0.000000    2.046754
      3          1           0        0.564162    0.000000   -1.967466
      4          1           0        0.564162    0.000000    0.079288
      5          1           0        1.128324    0.000000   -3.934932
      6          1           0        1.128324    0.000000   -1.888178
      7          1           0        1.692486    0.000000   -5.902399
      8          1           0        1.692486    0.000000   -3.855645
      9          1           0        2.256647    0.000000   -7.869865
     10          1           0        2.256647    0.000000   -5.823111
     11          1           0        2.820809    0.000000   -9.837331
     12          1           0        2.820809    0.000000   -7.790577
 ---------------------------------------------------------------------
                    Distance matrix (angstroms):
                    1          2          3          4          5
     1  H    0.000000
     2  H    2.046754   0.000000
     3  H    2.046754   4.053670   0.000000
     4  H    0.569706   2.046754   2.046754   0.000000
     5  H    4.093508   6.087174   2.046754   4.053670   0.000000
     6  H    2.199621   4.093508   0.569706   2.046754   2.046754
     7  H    6.140262   8.127332   4.093508   6.087174   2.046754
     8  H    4.210760   6.140262   2.199621   4.093508   0.569706
     9  H    8.187016  10.170142   6.140262   8.127332   4.093508
    10  H    6.245084   8.187016   4.210760   6.140262   2.199621
    11  H   10.233770  12.214272   8.187016  10.170142   6.140262
    12  H    8.285533  10.233770   6.245084   8.187016   4.210760
                    6          7          8          9         10
     6  H    0.000000
     7  H    4.053670   0.000000
     8  H    2.046754   2.046754   0.000000
     9  H    6.087174   2.046754   4.053670   0.000000
    10  H    4.093508   0.569706   2.046754   2.046754   0.000000
    11  H    8.127332   4.093508   6.087174   2.046754   4.053670
    12  H    6.140262   2.199621   4.093508   0.569706   2.046754
                   11         12
    11  H    0.000000
    12  H    2.046754   0.000000
 Stoichiometry    H12
 Framework group  C2H[SGH(H12)]
 Deg. of freedom    11
 Full point group                 C2H     NOp   4
 Largest Abelian subgroup         C2H     NOp   4
 Largest concise Abelian subgroup C2      NOp   2
                         Standard orientation:                         
 ---------------------------------------------------------------------
 Center     Atomic      Atomic             Coordinates (Angstroms)
 Number     Number       Type             X           Y           Z
 ---------------------------------------------------------------------
      1          1           0        4.053670    0.854559   -0.000000
      2          1           0        6.080505    0.569706   -0.000000
      3          1           0        2.026835    0.569706   -0.000000
      4          1           0        4.053670    0.284853   -0.000000
      5          1           0        0.000000    0.284853    0.000000
      6          1           0        2.026835    0.000000   -0.000000
      7          1           0       -2.026835    0.000000    0.000000
      8          1           0       -0.000000   -0.284853   -0.000000
      9          1           0       -4.053670   -0.284853    0.000000
     10          1           0       -2.026835   -0.569706    0.000000
     11          1           0       -6.080505   -0.569706    0.000000
     12          1           0       -4.053670   -0.854559    0.000000
 ---------------------------------------------------------------------
 Rotational constants (GHZ):    567.0214647      3.1676457      3.1500480
 General basis read from cards:  (5D, 7F)
 There are     6 symmetry adapted cartesian basis functions of AG  symmetry.
 There are     0 symmetry adapted cartesian basis functions of BG  symmetry.
 There are     0 symmetry adapted cartesian basis functions of AU  symmetry.
 There are     6 symmetry adapted cartesian basis functions of BU  symmetry.
 There are     6 symmetry adapted basis functions of AG  symmetry.
 There are     0 symmetry adapted basis functions of BG  symmetry.
 There are     0 symmetry adapted basis functions of AU  symmetry.
 There are     6 symmetry adapted basis functions of BU  symmetry.
    12 basis functions,   120 primitive gaussians,    12 cartesian basis functions
     6 alpha electrons        6 beta electrons
       nuclear repulsion energy        13.6100728658 Hartrees.
 NAtoms=   12 NActive=   12 NUniq=    6 SFac= 4.00D+00 NAtFMM=   60 NAOKFM=F Big=F
 Integral buffers will be    131072 words long.
 Regular integral format.
 Two-electron integral symmetry is turned on.
 One-electron integrals computed using PRISM.
 NBasis=    12 RedAO= T EigKep=  1.31D-01  NBF=     6     0     0     6
 NBsUse=    12 1.00D-06 EigRej= -1.00D+00 NBFU=     6     0     0     6
 Initial guess from the checkpoint file:  "h12.chk"
 B after Tr=    -0.000000   -0.000000   -0.000000
         Rot=    0.999998    0.000000   -0.000000   -0.001837 Ang=  -0.21 deg.
 Initial guess orbital symmetries:
       Occupied  (AG) (BU) (AG) (BU) (BU) (BU)
       Virtual   (AG) (AG) (AG) (BU) (AG) (BU)
 Keep R1 ints in memory in symmetry-blocked form, NReq=889812.
 Requested convergence on RMS density matrix=1.00D-08 within 128 cycles.
 Requested convergence on MAX density matrix=1.00D-06.
 Requested convergence on             energy=1.00D-06.
 No special actions if energy rises.
 SCF Done:  E(RHF) =  -4.29827914361     A.U. after    9 cycles
            NFock=  9  Conv=0.79D-08     -V/T= 1.6179
 Range of M.O.s used for correlation:     1    12
 NBasis=    12 NAE=     6 NBE=     6 NFC=     0 NFV=     0
 NROrb=     12 NOA=     6 NOB=     6 NVA=     6 NVB=     6

 **** Warning!!: The smallest alpha delta epsilon is -0.37728395D+00

 Semi-Direct transformation.
 ModeAB=           4 MOrb=             6 LenV=     134098927
 LASXX=         2181 LTotXX=        2181 LenRXX=        5115
 LTotAB=        2934 MaxLAS=        3024 LenRXY=           0
 NonZer=        7296 LenScr=      655360 LnRSAI=        3024
 LnScr1=      655360 LExtra=           0 Total=      1318859
 MaxDsk=          -1 SrtSym=           T ITran=            3
 JobTyp=0 Pass  1:  I=   1 to   6.
 (rs|ai) integrals will be sorted in core.
 Spin components of T(2) and E(2):
     alpha-alpha T2 =       0.7101581060D-02 E2=     -0.4887011359D-02
     alpha-beta  T2 =       0.4944490481D+04 E2=     -0.6705620029D+00
     beta-beta   T2 =       0.7101581060D-02 E2=     -0.4887011359D-02
 ANorm=    0.7032428233D+02
 E2 =    -0.6803360257D+00 EUMP2 =    -0.49786151692623D+01
 Second order stability test of a single determinant RHF wave function:
 Stabil:  MDV=134217728
 ***********************************************************************
 Matrix         Lowest Root    Major Pairs
 ***********************************************************************
 Internal RHF    -0.5724885    6A=7A
 RRHF --> CRHF   -0.7663679    6A=7A
 RRHF --> RUHF   -0.966525     6A=7B
 Not stable.
 ***********************************************************************

 **********************************************************************

            Population analysis using the SCF density.

 **********************************************************************

 Orbital symmetries:
       Occupied  (AG) (BU) (AG) (BU) (BU) (BU)
       Virtual   (AG) (AG) (AG) (BU) (AG) (BU)
 The electronic state is 1-AG.
 Alpha  occ. eigenvalues --   -0.73043  -0.72039  -0.67205  -0.65653  -0.19682
 Alpha  occ. eigenvalues --    0.06875
 Alpha virt. eigenvalues --   -0.30853  -0.15321   0.44597   0.49142   0.61109
 Alpha virt. eigenvalues --    0.64973
          Condensed to atoms (all electrons):
               1          2          3          4          5          6
     1  H    0.587004  -0.024383  -0.008877   0.476635   0.002250  -0.031304
     2  H   -0.024383   1.050470   0.000145  -0.024182   0.000002   0.000231
     3  H   -0.008877   0.000145   0.899985  -0.037677   0.297942   0.090880
     4  H    0.476635  -0.024182  -0.037677   0.596625  -0.003263  -0.008187
     5  H    0.002250   0.000002   0.297942  -0.003263   4.760519  -0.281872
     6  H   -0.031304   0.000231   0.090880  -0.008187  -0.281872   0.972450
     7  H    0.000027  -0.000000   0.003983  -0.000019   0.314761  -0.005937
     8  H   -0.002344  -0.000003  -0.220727   0.002442  -3.950015   0.314761
     9  H   -0.000000   0.000000   0.000026  -0.000000   0.002442  -0.000019
    10  H   -0.000012  -0.000000  -0.004050   0.000026  -0.220727   0.003983
    11  H    0.000000  -0.000000  -0.000000   0.000000  -0.000003  -0.000000
    12  H   -0.000000   0.000000  -0.000012  -0.000000  -0.002344   0.000027
               7          8          9         10         11         12
     1  H    0.000027  -0.002344  -0.000000  -0.000012   0.000000  -0.000000
     2  H   -0.000000  -0.000003   0.000000  -0.000000  -0.000000   0.000000
     3  H    0.003983  -0.220727   0.000026  -0.004050  -0.000000  -0.000012
     4  H   -0.000019   0.002442  -0.000000   0.000026   0.000000  -0.000000
     5  H    0.314761  -3.950015   0.002442  -0.220727  -0.000003  -0.002344
     6  H   -0.005937   0.314761  -0.000019   0.003983  -0.000000   0.000027
     7  H    0.972450  -0.281872  -0.008187   0.090880   0.000231  -0.031304
     8  H   -0.281872   4.760519  -0.003263   0.297942   0.000002   0.002250
     9  H   -0.008187  -0.003263   0.596625  -0.037677  -0.024182   0.476635
    10  H    0.090880   0.297942  -0.037677   0.899985   0.000145  -0.008877
    11  H    0.000231   0.000002  -0.024182   0.000145   1.050470  -0.024383
    12  H   -0.031304   0.002250   0.476635  -0.008877  -0.024383   0.587004
 Mulliken charges:
               1
     1  H    0.001004
     2  H   -0.002279
     3  H   -0.021619
     4  H   -0.002401
     5  H    0.080307
     6  H   -0.055013
     7  H   -0.055013
     8  H    0.080307
     9  H   -0.002401
    10  H   -0.021619
    11  H   -0.002279
    12  H    0.001004
 Sum of Mulliken charges =  -0.00000
 Mulliken charges with hydrogens summed into heavy atoms:
               1
 Electronic spatial extent (au):  <R**2>=            608.3325
 Charge=             -0.0000 electrons
 Dipole moment (field-independent basis, Debye):
    X=             -0.0000    Y=              0.0000    Z=              0.0000  Tot=              0.0000
 Quadrupole moment (field-independent basis, Debye-Ang):
   XX=            -20.1024   YY=            -17.9595   ZZ=            -15.5457
   XY=              0.0434   XZ=              0.0000   YZ=             -0.0000
 Traceless Quadrupole moment (field-independent basis, Debye-Ang):
   XX=             -2.2332   YY=             -0.0903   ZZ=              2.3235
   XY=              0.0434   XZ=              0.0000   YZ=             -0.0000
 Octapole moment (field-independent basis, Debye-Ang**2):
  XXX=             -0.0000  YYY=             -0.0000  ZZZ=              0.0000  XYY=              0.0000
  XXY=              0.0000  XXZ=              0.0000  XZZ=              0.0000  YZZ=             -0.0000
  YYZ=              0.0000  XYZ=              0.0000
 Hexadecapole moment (field-independent basis, Debye-Ang**3):
 XXXX=          -1505.3292 YYYY=            -48.1814 ZZZZ=            -19.1101 XXXY=            -91.5153
 XXXZ=              0.0000 YYYX=            -70.4948 YYYZ=              0.0000 ZZZX=              0.0000
 ZZZY=              0.0000 XXYY=           -213.7299 XXZZ=           -215.8400 YYZZ=            -11.3422
 XXYZ=              0.0000 YYXZ=              0.0000 ZZXY=            -24.6485
 N-N= 1.361007286575D+01 E-N=-3.695833126833D+01  KE= 6.956550848887D+00
 Symmetry AG   KE= 1.655496208639D+00
 Symmetry BG   KE= 0.000000000000D+00
 Symmetry AU   KE= 0.000000000000D+00
 Symmetry BU   KE= 5.301054640249D+00

 Test job not archived.
 1\1\GINC-SULU\Stability\RHF\Gen\H12\LCJ1\17-Feb-2017\0\\#rhf/gen scf(s
 ymm,tight,novaracc,noincfock,fulldiag) stable(crhf) guess=read geom=no
 crowd test\\hf stability analysis of h10 triangular lattice, y= 0.2848
 5310431016619\\0,1\H\H,1,2.0467539666\H,1,2.0467539666,2,164.\H,2,2.04
 67539666,1,16.,3,0.,0\H,3,2.0467539666,1,180.,2,0.,0\H,4,2.0467539666,
 2,180.,1,0.,0\H,5,2.0467539666,3,180.,2,0.,0\H,6,2.0467539666,4,180.,1
 ,0.,0\H,7,2.0467539666,5,180.,2,0.,0\H,8,2.0467539666,6,180.,1,0.,0\H,
 9,2.0467539666,7,180.,2,0.,0\H,10,2.0467539666,8,180.,1,0.,0\\Version=
 ES64L-G09RevE.01\State=1-AG\HF=-4.2982791\MP2=-4.9786152\RMSD=7.932e-0
 9\Dipole=0.,0.,0.\Quadrupole=-0.0890987,1.7274607,-1.6383621,0.,0.1885
 848,0.\PG=C02H [SGH(H12)]\\@


 I MET A TRAVELLER FROM AN ANTIQUE LAND
 WHO SAID... TWO VAST AND TRUNKLESS LEGS OF STONE
 STAND IN THE DESERT..... NEAR THEM,  ON THE SAND,
 HALF SUNK,  A SHATTERED VISAGE LIES,  WHOSE FROWN,
 AND WRINKLED LIP,  AND SNEER OF COLD COMMAND
 TELL THAT ITS SCULPTOR WELL THOSE PASSIONS READ
 WHICH YET SURVIVE,  STAMPED ON THESE LIFELESS THINGS
 THE HAND THAT MOCKED THEM,  AND THE HEART THAT FED-
 AND ON THE PEDESTAL THESE WORDS APPEAR 
 MY NAME IS OZYMANDIAS, KING OF KINGS--   
 LOOK ON MY WORKS YE MIGHTY AND DESPAIR. 
 NOTHING BESIDE REMAINS,  ROUND THE DECAY 
 OF THAT COLOSSAL WRECK,  BOUNDLESS AND BARE
 THE LONE AND LEVEL SANDS STRETCH FAR AWAY.
                                    SHELLEY
 Job cpu time:       0 days  0 hours  0 minutes  0.9 seconds.
 File lengths (MBytes):  RWF=     84 Int=      0 D2E=      0 Chk=      2 Scr=      2
 Normal termination of Gaussian 09 at Fri Feb 17 13:48:10 2017.
