 Entering Gaussian System, Link 0=g09
 AtFile(1): H.gbs
            H     0
            S   10   1.00
               1000.000000000000            0.000068713567
                316.227766000000            0.000169141320
                100.000000000000            0.000823394812
                 31.622776600000            0.003425569236
                 10.000000000000            0.013951996000
                  3.162277660000            0.056909313560
                  1.000000000000            0.198286399900
                  0.316227766000            0.496922426700
                  0.100000000000            0.369846276400
                  0.031622776600            0.003752720039
            ****
 Initial command:
 /projects/guscus/apps/gau/g09-e1/g09/l1.exe "/users/lcj1/gaussian/h12/rhfstability/2rows/alterguess/4to2/Gau-21684.inp" -scrdir="/users/lcj1/gaussian/h12/rhfstability/2rows/alterguess/4to2/"
 Entering Link 1 = /projects/guscus/apps/gau/g09-e1/g09/l1.exe PID=     21685.
  
 Copyright (c) 1988,1990,1992,1993,1995,1998,2003,2009,2015,
            Gaussian, Inc.  All Rights Reserved.
  
 This is part of the Gaussian(R) 09 program.  It is based on
 the Gaussian(R) 03 system (copyright 2003, Gaussian, Inc.),
 the Gaussian(R) 98 system (copyright 1998, Gaussian, Inc.),
 the Gaussian(R) 94 system (copyright 1995, Gaussian, Inc.),
 the Gaussian 92(TM) system (copyright 1992, Gaussian, Inc.),
 the Gaussian 90(TM) system (copyright 1990, Gaussian, Inc.),
 the Gaussian 88(TM) system (copyright 1988, Gaussian, Inc.),
 the Gaussian 86(TM) system (copyright 1986, Carnegie Mellon
 University), and the Gaussian 82(TM) system (copyright 1983,
 Carnegie Mellon University). Gaussian is a federally registered
 trademark of Gaussian, Inc.
  
 This software contains proprietary and confidential information,
 including trade secrets, belonging to Gaussian, Inc.
  
 This software is provided under written license and may be
 used, copied, transmitted, or stored only in accord with that
 written license.
  
 The following legend is applicable only to US Government
 contracts under FAR:
  
                    RESTRICTED RIGHTS LEGEND
  
 Use, reproduction and disclosure by the US Government is
 subject to restrictions as set forth in subparagraphs (a)
 and (c) of the Commercial Computer Software - Restricted
 Rights clause in FAR 52.227-19.
  
 Gaussian, Inc.
 340 Quinnipiac St., Bldg. 40, Wallingford CT 06492
  
  
 ---------------------------------------------------------------
 Warning -- This program may not be used in any manner that
 competes with the business of Gaussian, Inc. or will provide
 assistance to any competitor of Gaussian, Inc.  The licensee
 of this program is prohibited from giving any competitor of
 Gaussian, Inc. access to this program.  By using this program,
 the user acknowledges that Gaussian, Inc. is engaged in the
 business of creating and licensing software in the field of
 computational chemistry and represents and warrants to the
 licensee that it is not a competitor of Gaussian, Inc. and that
 it will not use this program in any manner prohibited above.
 ---------------------------------------------------------------
  

 Cite this work as:
 Gaussian 09, Revision E.01,
 M. J. Frisch, G. W. Trucks, H. B. Schlegel, G. E. Scuseria, 
 M. A. Robb, J. R. Cheeseman, G. Scalmani, V. Barone, B. Mennucci, 
 G. A. Petersson, H. Nakatsuji, M. Caricato, X. Li, H. P. Hratchian, 
 A. F. Izmaylov, J. Bloino, G. Zheng, J. L. Sonnenberg, M. Hada, 
 M. Ehara, K. Toyota, R. Fukuda, J. Hasegawa, M. Ishida, T. Nakajima, 
 Y. Honda, O. Kitao, H. Nakai, T. Vreven, J. A. Montgomery, Jr., 
 J. E. Peralta, F. Ogliaro, M. Bearpark, J. J. Heyd, E. Brothers, 
 K. N. Kudin, V. N. Staroverov, T. Keith, R. Kobayashi, J. Normand, 
 K. Raghavachari, A. Rendell, J. C. Burant, S. S. Iyengar, J. Tomasi, 
 M. Cossi, N. Rega, J. M. Millam, M. Klene, J. E. Knox, J. B. Cross, 
 V. Bakken, C. Adamo, J. Jaramillo, R. Gomperts, R. E. Stratmann, 
 O. Yazyev, A. J. Austin, R. Cammi, C. Pomelli, J. W. Ochterski, 
 R. L. Martin, K. Morokuma, V. G. Zakrzewski, G. A. Voth, 
 P. Salvador, J. J. Dannenberg, S. Dapprich, A. D. Daniels, 
 O. Farkas, J. B. Foresman, J. V. Ortiz, J. Cioslowski, 
 and D. J. Fox, Gaussian, Inc., Wallingford CT, 2013.
 
 ******************************************
 Gaussian 09:  ES64L-G09RevE.01 30-Nov-2015
                14-Feb-2017 
 ******************************************
 %chk=h12.chk
 ----------------------------------------------------------------------
 #rhf/gen scf(symm,tight,novaracc,noincfock,fulldiag) stable(crhf) gues
 s=read geom=nocrowd test
 ----------------------------------------------------------------------
 1/38=1/1;
 2/12=1,17=6,18=5,40=1/2;
 3/5=7,16=1,25=1,30=1,116=1/1,2,3;
 4/5=1,9=4/1;
 5/5=100002,15=2,16=1,32=2,38=6/2;
 8/6=1,10=90,11=11/1,4;
 9/8=4,13=1/2;
 6/7=2,8=2,9=2,10=2,28=1/1;
 99/5=1,9=1/99;
 ----------------------------------------------------------------------
 hf stability analysis of h10 triangular lattice, y= 0.8914339662136427
 9
 ----------------------------------------------------------------------
 Symbolic Z-matrix:
 Charge =  0 Multiplicity = 1
 H
 H                    1     1.10187 
 H                    1     1.10187  2     72. 
 H                    2     1.10187  1     108.     3     0.       0
 H                    3     1.10187  1     180.     2     0.       0
 H                    4     1.10187  2     180.     1     0.       0
 H                    5     1.10187  3     180.     2     0.       0
 H                    6     1.10187  4     180.     1     0.       0
 H                    7     1.10187  5     180.     2     0.       0
 H                    8     1.10187  6     180.     1     0.       0
 H                    9     1.10187  7     180.     2     0.       0
 H                    10    1.10187  8     180.     1     0.       0
 
                          Input orientation:                          
 ---------------------------------------------------------------------
 Center     Atomic      Atomic             Coordinates (Angstroms)
 Number     Number       Type             X           Y           Z
 ---------------------------------------------------------------------
      1          1           0        0.000000    0.000000    0.000000
      2          1           0        0.000000    0.000000    1.101873
      3          1           0        1.047943    0.000000    0.340497
      4          1           0        1.047943    0.000000    1.442370
      5          1           0        2.095887    0.000000    0.680995
      6          1           0        2.095887    0.000000    1.782868
      7          1           0        3.143830    0.000000    1.021492
      8          1           0        3.143830    0.000000    2.123365
      9          1           0        4.191774    0.000000    1.361990
     10          1           0        4.191774    0.000000    2.463863
     11          1           0        5.239717    0.000000    1.702487
     12          1           0        5.239717    0.000000    2.804360
 ---------------------------------------------------------------------
                    Distance matrix (angstroms):
                    1          2          3          4          5
     1  H    0.000000
     2  H    1.101873   0.000000
     3  H    1.101873   1.295329   0.000000
     4  H    1.782868   1.101873   1.101873   0.000000
     5  H    2.203746   2.137728   1.101873   1.295329   0.000000
     6  H    2.751610   2.203746   1.782868   1.101873   1.101873
     7  H    3.305619   3.144858   2.203746   2.137728   1.101873
     8  H    3.793725   3.305619   2.751610   2.203746   1.782868
     9  H    4.407492   4.199837   3.305619   3.144858   2.203746
    10  H    4.862262   4.407492   3.793725   3.305619   2.751610
    11  H    5.509365   5.274028   4.407492   4.199837   3.305619
    12  H    5.942985   5.509365   4.862262   4.407492   3.793725
                    6          7          8          9         10
     6  H    0.000000
     7  H    1.295329   0.000000
     8  H    1.101873   1.101873   0.000000
     9  H    2.137728   1.101873   1.295329   0.000000
    10  H    2.203746   1.782868   1.101873   1.101873   0.000000
    11  H    3.144858   2.203746   2.137728   1.101873   1.295329
    12  H    3.305619   2.751610   2.203746   1.782868   1.101873
                   11         12
    11  H    0.000000
    12  H    1.101873   0.000000
 Stoichiometry    H12
 Framework group  C2H[SGH(H12)]
 Deg. of freedom    11
 Full point group                 C2H     NOp   4
 Largest Abelian subgroup         C2H     NOp   4
 Largest concise Abelian subgroup C2      NOp   2
                         Standard orientation:                         
 ---------------------------------------------------------------------
 Center     Atomic      Atomic             Coordinates (Angstroms)
 Number     Number       Type             X           Y           Z
 ---------------------------------------------------------------------
      1          1           0        2.674302    1.295329    0.000000
      2          1           0        1.782868    1.942994   -0.000000
      3          1           0        1.782868    0.647665    0.000000
      4          1           0        0.891434    1.295329   -0.000000
      5          1           0        0.891434    0.000000    0.000000
      6          1           0        0.000000    0.647665   -0.000000
      7          1           0       -0.000000   -0.647665    0.000000
      8          1           0       -0.891434    0.000000    0.000000
      9          1           0       -0.891434   -1.295329    0.000000
     10          1           0       -1.782868   -0.647665    0.000000
     11          1           0       -1.782868   -1.942994    0.000000
     12          1           0       -2.674302   -1.295329    0.000000
 ---------------------------------------------------------------------
 Rotational constants (GHZ):    153.5566865     11.6968070     10.8688953
 General basis read from cards:  (5D, 7F)
 There are     6 symmetry adapted cartesian basis functions of AG  symmetry.
 There are     0 symmetry adapted cartesian basis functions of BG  symmetry.
 There are     0 symmetry adapted cartesian basis functions of AU  symmetry.
 There are     6 symmetry adapted cartesian basis functions of BU  symmetry.
 There are     6 symmetry adapted basis functions of AG  symmetry.
 There are     0 symmetry adapted basis functions of BG  symmetry.
 There are     0 symmetry adapted basis functions of AU  symmetry.
 There are     6 symmetry adapted basis functions of BU  symmetry.
    12 basis functions,   120 primitive gaussians,    12 cartesian basis functions
     6 alpha electrons        6 beta electrons
       nuclear repulsion energy        18.1063443371 Hartrees.
 NAtoms=   12 NActive=   12 NUniq=    6 SFac= 4.00D+00 NAtFMM=   60 NAOKFM=F Big=F
 Integral buffers will be    131072 words long.
 Regular integral format.
 Two-electron integral symmetry is turned on.
 One-electron integrals computed using PRISM.
 NBasis=    12 RedAO= T EigKep=  1.38D-01  NBF=     6     0     0     6
 NBsUse=    12 1.00D-06 EigRej= -1.00D+00 NBFU=     6     0     0     6
 Initial guess from the checkpoint file:  "h12.chk"
 B after Tr=     0.000000    0.000000    0.000000
         Rot=    0.999973   -0.000000    0.000000    0.007349 Ang=   0.84 deg.
 Initial guess orbital symmetries:
       Occupied  (AG) (BU) (AG) (BU) (AG) (AG)
       Virtual   (BU) (BU) (BU) (AG) (BU) (AG)
 Keep R1 ints in memory in symmetry-blocked form, NReq=900494.
 Requested convergence on RMS density matrix=1.00D-08 within 128 cycles.
 Requested convergence on MAX density matrix=1.00D-06.
 Requested convergence on             energy=1.00D-06.
 No special actions if energy rises.
 SCF Done:  E(RHF) =  -5.41938032374     A.U. after   11 cycles
            NFock= 11  Conv=0.20D-08     -V/T= 1.7955
 Range of M.O.s used for correlation:     1    12
 NBasis=    12 NAE=     6 NBE=     6 NFC=     0 NFV=     0
 NROrb=     12 NOA=     6 NOB=     6 NVA=     6 NVB=     6

 **** Warning!!: The smallest alpha delta epsilon is -0.10481044D-01

 Semi-Direct transformation.
 ModeAB=           4 MOrb=             6 LenV=     134087713
 LASXX=         2181 LTotXX=        2181 LenRXX=        5115
 LTotAB=        2934 MaxLAS=        3024 LenRXY=           0
 NonZer=        7296 LenScr=      655360 LnRSAI=        3024
 LnScr1=      655360 LExtra=           0 Total=      1318859
 MaxDsk=          -1 SrtSym=           T ITran=            3
 JobTyp=0 Pass  1:  I=   1 to   6.
 (rs|ai) integrals will be sorted in core.
 Spin components of T(2) and E(2):
     alpha-alpha T2 =       0.2029598568D-01 E2=     -0.1624540164D-01
     alpha-beta  T2 =       0.1962531016D+01 E2=     -0.2360539475D+00
     beta-beta   T2 =       0.2029598568D-01 E2=     -0.1624540164D-01
 ANorm=    0.1732952102D+01
 E2 =    -0.2685447508D+00 EUMP2 =    -0.56879250745009D+01
 Second order stability test of a single determinant RHF wave function:
 Stabil:  MDV=134217728
 ***********************************************************************
 Matrix         Lowest Root    Major Pairs
 ***********************************************************************
 Internal RHF    -0.2303791    6A=7A
 RRHF --> CRHF   -0.2772441    6A=7A
 RRHF --> RUHF   -0.3646575    5A=7B 6A=7B
 Not stable.
 ***********************************************************************

 **********************************************************************

            Population analysis using the SCF density.

 **********************************************************************

 Orbital symmetries:
       Occupied  (AG) (BU) (AG) (BU) (AG) (AG)
       Virtual   (BU) (BU) (BU) (AG) (BU) (AG)
 The electronic state is 1-AG.
 Alpha  occ. eigenvalues --   -0.89513  -0.78174  -0.63542  -0.44829  -0.25168
 Alpha  occ. eigenvalues --   -0.18735
 Alpha virt. eigenvalues --   -0.19783   0.10035   0.32744   0.33841   0.60339
 Alpha virt. eigenvalues --    0.76816
          Condensed to atoms (all electrons):
               1          2          3          4          5          6
     1  H    1.156750   0.364144  -0.106403  -0.241921  -0.046547   0.010762
     2  H    0.364144   0.814986  -0.175258   0.015446  -0.109555   0.022142
     3  H   -0.106403  -0.175258   1.147220   0.153680   0.294974  -0.195469
     4  H   -0.241921   0.015446   0.153680   1.453791  -0.023037  -0.084615
     5  H   -0.046547  -0.109555   0.294974  -0.023037   0.885817   0.116817
     6  H    0.010762   0.022142  -0.195469  -0.084615   0.116817   1.015613
     7  H    0.019138   0.020730  -0.141194  -0.090417  -0.162367   0.340942
     8  H    0.006072  -0.004219   0.024207  -0.108044   0.013238  -0.162367
     9  H   -0.003807   0.001970  -0.000005   0.047828  -0.108044  -0.090417
    10  H   -0.000713  -0.003098   0.016505  -0.000005   0.024207  -0.141194
    11  H   -0.000006   0.000311  -0.003098   0.001970  -0.004219   0.020730
    12  H    0.000185  -0.000006  -0.000713  -0.003807   0.006072   0.019138
               7          8          9         10         11         12
     1  H    0.019138   0.006072  -0.003807  -0.000713  -0.000006   0.000185
     2  H    0.020730  -0.004219   0.001970  -0.003098   0.000311  -0.000006
     3  H   -0.141194   0.024207  -0.000005   0.016505  -0.003098  -0.000713
     4  H   -0.090417  -0.108044   0.047828  -0.000005   0.001970  -0.003807
     5  H   -0.162367   0.013238  -0.108044   0.024207  -0.004219   0.006072
     6  H    0.340942  -0.162367  -0.090417  -0.141194   0.020730   0.019138
     7  H    1.015613   0.116817  -0.084615  -0.195469   0.022142   0.010762
     8  H    0.116817   0.885817  -0.023037   0.294974  -0.109555  -0.046547
     9  H   -0.084615  -0.023037   1.453791   0.153680   0.015446  -0.241921
    10  H   -0.195469   0.294974   0.153680   1.147220  -0.175258  -0.106403
    11  H    0.022142  -0.109555   0.015446  -0.175258   0.814986   0.364144
    12  H    0.010762  -0.046547  -0.241921  -0.106403   0.364144   1.156750
 Mulliken charges:
               1
     1  H   -0.157654
     2  H    0.052407
     3  H   -0.014446
     4  H   -0.120869
     5  H    0.112642
     6  H    0.127919
     7  H    0.127919
     8  H    0.112642
     9  H   -0.120869
    10  H   -0.014446
    11  H    0.052407
    12  H   -0.157654
 Sum of Mulliken charges =   0.00000
 Mulliken charges with hydrogens summed into heavy atoms:
               1
 Electronic spatial extent (au):  <R**2>=            212.4457
 Charge=              0.0000 electrons
 Dipole moment (field-independent basis, Debye):
    X=             -0.0000    Y=             -0.0000    Z=             -0.0000  Tot=              0.0000
 Quadrupole moment (field-independent basis, Debye-Ang):
   XX=            -29.7178   YY=            -19.4990   ZZ=            -14.9260
   XY=             -8.8476   XZ=              0.0000   YZ=              0.0000
 Traceless Quadrupole moment (field-independent basis, Debye-Ang):
   XX=             -8.3368   YY=              1.8819   ZZ=              6.4549
   XY=             -8.8476   XZ=              0.0000   YZ=              0.0000
 Octapole moment (field-independent basis, Debye-Ang**2):
  XXX=             -0.0000  YYY=             -0.0000  ZZZ=             -0.0000  XYY=             -0.0000
  XXY=             -0.0000  XXZ=             -0.0000  XZZ=             -0.0000  YZZ=             -0.0000
  YYZ=             -0.0000  XYZ=             -0.0000
 Hexadecapole moment (field-independent basis, Debye-Ang**3):
 XXXX=           -394.2152 YYYY=           -163.3534 ZZZZ=            -17.5363 XXXY=           -146.5520
 XXXZ=              0.0000 YYYX=           -102.9283 YYYZ=              0.0000 ZZZX=              0.0000
 ZZZY=              0.0000 XXYY=           -110.2156 XXZZ=            -49.1893 YYZZ=            -27.8904
 XXYZ=              0.0000 YYXZ=              0.0000 ZZXY=            -26.5920
 N-N= 1.810634433710D+01 E-N=-4.746459946954D+01  KE= 6.812356188366D+00
 Symmetry AG   KE= 4.882969920642D+00
 Symmetry BG   KE= 0.000000000000D+00
 Symmetry AU   KE= 0.000000000000D+00
 Symmetry BU   KE= 1.929386267723D+00

 Test job not archived.
 1\1\GINC-SULU\Stability\RHF\Gen\H12\LCJ1\14-Feb-2017\0\\#rhf/gen scf(s
 ymm,tight,novaracc,noincfock,fulldiag) stable(crhf) guess=read geom=no
 crowd test\\hf stability analysis of h10 triangular lattice, y= 0.8914
 3396621364279\\0,1\H\H,1,1.1018729587\H,1,1.1018729587,2,72.\H,2,1.101
 8729587,1,108.,3,0.,0\H,3,1.1018729587,1,180.,2,0.,0\H,4,1.1018729587,
 2,180.,1,0.,0\H,5,1.1018729587,3,180.,2,0.,0\H,6,1.1018729587,4,180.,1
 ,0.,0\H,7,1.1018729587,5,180.,2,0.,0\H,8,1.1018729587,6,180.,1,0.,0\H,
 9,1.1018729587,7,180.,2,0.,0\H,10,1.1018729587,8,180.,1,0.,0\\Version=
 ES64L-G09RevE.01\State=1-AG\HF=-5.4193803\MP2=-5.6879251\RMSD=2.026e-0
 9\Dipole=0.,0.,0.\Quadrupole=-7.4816966,4.79909,2.6826066,0.,-5.645473
 7,0.\PG=C02H [SGH(H12)]\\@


 THE MOST SERIOUS THREAT TO THE SURVIVAL OF MANKIND IS NOT NOW
 IGNORANCE IN THE TRADITIONAL SENSE,
 BUT A MORALLY NEUTRAL, AN INSENSITIVE OR INHIBITED HUMAN INTELLIGENCE.

                     -- MARGO JEFFERSON IN NEWSWEEK, SEPTEMBER 2, 1974
 Job cpu time:       0 days  0 hours  0 minutes  1.0 seconds.
 File lengths (MBytes):  RWF=     84 Int=      0 D2E=      0 Chk=      2 Scr=      2
 Normal termination of Gaussian 09 at Tue Feb 14 17:55:03 2017.
