 Entering Gaussian System, Link 0=g09
 AtFile(1): H.gbs
            H     0
            S   10   1.00
               1000.000000000000            0.000068713567
                316.227766000000            0.000169141320
                100.000000000000            0.000823394812
                 31.622776600000            0.003425569236
                 10.000000000000            0.013951996000
                  3.162277660000            0.056909313560
                  1.000000000000            0.198286399900
                  0.316227766000            0.496922426700
                  0.100000000000            0.369846276400
                  0.031622776600            0.003752720039
            ****
 Initial command:
 /projects/guscus/apps/gau/g09-e1/g09/l1.exe "/users/lcj1/gaussian/h12/rhfstability/2rows/alterguess/4to2/Gau-22778.inp" -scrdir="/users/lcj1/gaussian/h12/rhfstability/2rows/alterguess/4to2/"
 Entering Link 1 = /projects/guscus/apps/gau/g09-e1/g09/l1.exe PID=     22779.
  
 Copyright (c) 1988,1990,1992,1993,1995,1998,2003,2009,2015,
            Gaussian, Inc.  All Rights Reserved.
  
 This is part of the Gaussian(R) 09 program.  It is based on
 the Gaussian(R) 03 system (copyright 2003, Gaussian, Inc.),
 the Gaussian(R) 98 system (copyright 1998, Gaussian, Inc.),
 the Gaussian(R) 94 system (copyright 1995, Gaussian, Inc.),
 the Gaussian 92(TM) system (copyright 1992, Gaussian, Inc.),
 the Gaussian 90(TM) system (copyright 1990, Gaussian, Inc.),
 the Gaussian 88(TM) system (copyright 1988, Gaussian, Inc.),
 the Gaussian 86(TM) system (copyright 1986, Carnegie Mellon
 University), and the Gaussian 82(TM) system (copyright 1983,
 Carnegie Mellon University). Gaussian is a federally registered
 trademark of Gaussian, Inc.
  
 This software contains proprietary and confidential information,
 including trade secrets, belonging to Gaussian, Inc.
  
 This software is provided under written license and may be
 used, copied, transmitted, or stored only in accord with that
 written license.
  
 The following legend is applicable only to US Government
 contracts under FAR:
  
                    RESTRICTED RIGHTS LEGEND
  
 Use, reproduction and disclosure by the US Government is
 subject to restrictions as set forth in subparagraphs (a)
 and (c) of the Commercial Computer Software - Restricted
 Rights clause in FAR 52.227-19.
  
 Gaussian, Inc.
 340 Quinnipiac St., Bldg. 40, Wallingford CT 06492
  
  
 ---------------------------------------------------------------
 Warning -- This program may not be used in any manner that
 competes with the business of Gaussian, Inc. or will provide
 assistance to any competitor of Gaussian, Inc.  The licensee
 of this program is prohibited from giving any competitor of
 Gaussian, Inc. access to this program.  By using this program,
 the user acknowledges that Gaussian, Inc. is engaged in the
 business of creating and licensing software in the field of
 computational chemistry and represents and warrants to the
 licensee that it is not a competitor of Gaussian, Inc. and that
 it will not use this program in any manner prohibited above.
 ---------------------------------------------------------------
  

 Cite this work as:
 Gaussian 09, Revision E.01,
 M. J. Frisch, G. W. Trucks, H. B. Schlegel, G. E. Scuseria, 
 M. A. Robb, J. R. Cheeseman, G. Scalmani, V. Barone, B. Mennucci, 
 G. A. Petersson, H. Nakatsuji, M. Caricato, X. Li, H. P. Hratchian, 
 A. F. Izmaylov, J. Bloino, G. Zheng, J. L. Sonnenberg, M. Hada, 
 M. Ehara, K. Toyota, R. Fukuda, J. Hasegawa, M. Ishida, T. Nakajima, 
 Y. Honda, O. Kitao, H. Nakai, T. Vreven, J. A. Montgomery, Jr., 
 J. E. Peralta, F. Ogliaro, M. Bearpark, J. J. Heyd, E. Brothers, 
 K. N. Kudin, V. N. Staroverov, T. Keith, R. Kobayashi, J. Normand, 
 K. Raghavachari, A. Rendell, J. C. Burant, S. S. Iyengar, J. Tomasi, 
 M. Cossi, N. Rega, J. M. Millam, M. Klene, J. E. Knox, J. B. Cross, 
 V. Bakken, C. Adamo, J. Jaramillo, R. Gomperts, R. E. Stratmann, 
 O. Yazyev, A. J. Austin, R. Cammi, C. Pomelli, J. W. Ochterski, 
 R. L. Martin, K. Morokuma, V. G. Zakrzewski, G. A. Voth, 
 P. Salvador, J. J. Dannenberg, S. Dapprich, A. D. Daniels, 
 O. Farkas, J. B. Foresman, J. V. Ortiz, J. Cioslowski, 
 and D. J. Fox, Gaussian, Inc., Wallingford CT, 2013.
 
 ******************************************
 Gaussian 09:  ES64L-G09RevE.01 30-Nov-2015
                14-Feb-2017 
 ******************************************
 %chk=h12.chk
 ----------------------------------------------------------------------
 #rhf/gen scf(symm,tight,novaracc,noincfock,fulldiag) stable(crhf) gues
 s=read geom=nocrowd test
 ----------------------------------------------------------------------
 1/38=1/1;
 2/12=1,17=6,18=5,40=1/2;
 3/5=7,16=1,25=1,30=1,116=1/1,2,3;
 4/5=1,9=4/1;
 5/5=100002,15=2,16=1,32=2,38=6/2;
 8/6=1,10=90,11=11/1,4;
 9/8=4,13=1/2;
 6/7=2,8=2,9=2,10=2,28=1/1;
 99/5=1,9=1/99;
 ----------------------------------------------------------------------
 hf stability analysis of h10 triangular lattice, y= 1.9092530122354845
 ----------------------------------------------------------------------
 Symbolic Z-matrix:
 Charge =  0 Multiplicity = 1
 H
 H                    1     1.93305 
 H                    1     1.93305  2     18. 
 H                    2     1.93305  1     162.     3     0.       0
 H                    3     1.93305  1     180.     2     0.       0
 H                    4     1.93305  2     180.     1     0.       0
 H                    5     1.93305  3     180.     2     0.       0
 H                    6     1.93305  4     180.     1     0.       0
 H                    7     1.93305  5     180.     2     0.       0
 H                    8     1.93305  6     180.     1     0.       0
 H                    9     1.93305  7     180.     2     0.       0
 H                    10    1.93305  8     180.     1     0.       0
 
                          Input orientation:                          
 ---------------------------------------------------------------------
 Center     Atomic      Atomic             Coordinates (Angstroms)
 Number     Number       Type             X           Y           Z
 ---------------------------------------------------------------------
      1          1           0        0.000000    0.000000    0.000000
      2          1           0        0.000000    0.000000    1.933052
      3          1           0        0.597346    0.000000    1.838442
      4          1           0        0.597346    0.000000    3.771494
      5          1           0        1.194692    0.000000    3.676884
      6          1           0        1.194692    0.000000    5.609936
      7          1           0        1.792038    0.000000    5.515325
      8          1           0        1.792038    0.000000    7.448377
      9          1           0        2.389384    0.000000    7.353767
     10          1           0        2.389384    0.000000    9.286819
     11          1           0        2.986730    0.000000    9.192209
     12          1           0        2.986730    0.000000   11.125261
 ---------------------------------------------------------------------
                    Distance matrix (angstroms):
                    1          2          3          4          5
     1  H    0.000000
     2  H    1.933052   0.000000
     3  H    1.933052   0.604792   0.000000
     4  H    3.818506   1.933052   1.933052   0.000000
     5  H    3.866104   2.113820   1.933052   0.604792   0.000000
     6  H    5.735736   3.866104   3.818506   1.933052   1.933052
     7  H    5.799156   4.005506   3.866104   2.113820   1.933052
     8  H    7.660922   5.799156   5.735736   3.866104   3.818506
     9  H    7.732208   5.923960   5.799156   4.005506   3.866104
    10  H    9.589273   7.732208   7.660922   5.799156   5.735736
    11  H    9.665260   7.849580   7.732208   5.923960   5.799156
    12  H   11.519201   9.665260   9.589273   7.732208   7.660922
                    6          7          8          9         10
     6  H    0.000000
     7  H    0.604792   0.000000
     8  H    1.933052   1.933052   0.000000
     9  H    2.113820   1.933052   0.604792   0.000000
    10  H    3.866104   3.818506   1.933052   1.933052   0.000000
    11  H    4.005506   3.866104   2.113820   1.933052   0.604792
    12  H    5.799156   5.735736   3.866104   3.818506   1.933052
                   11         12
    11  H    0.000000
    12  H    1.933052   0.000000
 Stoichiometry    H12
 Framework group  C2H[SGH(H12)]
 Deg. of freedom    11
 Full point group                 C2H     NOp   4
 Largest Abelian subgroup         C2H     NOp   4
 Largest concise Abelian subgroup C2      NOp   2
                         Standard orientation:                         
 ---------------------------------------------------------------------
 Center     Atomic      Atomic             Coordinates (Angstroms)
 Number     Number       Type             X           Y           Z
 ---------------------------------------------------------------------
      1          1           0        5.727759    0.604792    0.000000
      2          1           0        3.818506    0.907188    0.000000
      3          1           0        3.818506    0.302396    0.000000
      4          1           0        1.909253    0.604792    0.000000
      5          1           0        1.909253    0.000000    0.000000
      6          1           0        0.000000    0.302396   -0.000000
      7          1           0       -0.000000   -0.302396    0.000000
      8          1           0       -1.909253    0.000000    0.000000
      9          1           0       -1.909253   -0.604792    0.000000
     10          1           0       -3.818506   -0.302396    0.000000
     11          1           0       -3.818506   -0.907188    0.000000
     12          1           0       -5.727759   -0.604792    0.000000
 ---------------------------------------------------------------------
 Rotational constants (GHZ):    505.0414562      3.5563855      3.5315174
 General basis read from cards:  (5D, 7F)
 There are     6 symmetry adapted cartesian basis functions of AG  symmetry.
 There are     0 symmetry adapted cartesian basis functions of BG  symmetry.
 There are     0 symmetry adapted cartesian basis functions of AU  symmetry.
 There are     6 symmetry adapted cartesian basis functions of BU  symmetry.
 There are     6 symmetry adapted basis functions of AG  symmetry.
 There are     0 symmetry adapted basis functions of BG  symmetry.
 There are     0 symmetry adapted basis functions of AU  symmetry.
 There are     6 symmetry adapted basis functions of BU  symmetry.
    12 basis functions,   120 primitive gaussians,    12 cartesian basis functions
     6 alpha electrons        6 beta electrons
       nuclear repulsion energy        13.8499277702 Hartrees.
 NAtoms=   12 NActive=   12 NUniq=    6 SFac= 4.00D+00 NAtFMM=   60 NAOKFM=F Big=F
 Integral buffers will be    131072 words long.
 Regular integral format.
 Two-electron integral symmetry is turned on.
 One-electron integrals computed using PRISM.
 NBasis=    12 RedAO= T EigKep=  1.39D-01  NBF=     6     0     0     6
 NBsUse=    12 1.00D-06 EigRej= -1.00D+00 NBFU=     6     0     0     6
 Initial guess from the checkpoint file:  "h12.chk"
 B after Tr=    -0.000000   -0.000000   -0.000000
         Rot=    0.999973    0.000000    0.000000    0.007349 Ang=   0.84 deg.
 Initial guess orbital symmetries:
       Occupied  (AG) (BU) (AG) (BU) (AG) (AG)
       Virtual   (BU) (BU) (AG) (BU) (AG) (BU)
 Keep R1 ints in memory in symmetry-blocked form, NReq=890722.
 Requested convergence on RMS density matrix=1.00D-08 within 128 cycles.
 Requested convergence on MAX density matrix=1.00D-06.
 Requested convergence on             energy=1.00D-06.
 No special actions if energy rises.
 SCF Done:  E(RHF) =  -5.88575094234     A.U. after    6 cycles
            NFock=  6  Conv=0.75D-08     -V/T= 2.0127
 Range of M.O.s used for correlation:     1    12
 NBasis=    12 NAE=     6 NBE=     6 NFC=     0 NFV=     0
 NROrb=     12 NOA=     6 NOB=     6 NVA=     6 NVB=     6

 **** Warning!!: The smallest alpha delta epsilon is  0.46073449D-01

 Semi-Direct transformation.
 ModeAB=           4 MOrb=             6 LenV=     134097527
 LASXX=         2181 LTotXX=        2181 LenRXX=        5115
 LTotAB=        2934 MaxLAS=        3024 LenRXY=           0
 NonZer=        7296 LenScr=      655360 LnRSAI=        3024
 LnScr1=      655360 LExtra=           0 Total=      1318859
 MaxDsk=          -1 SrtSym=           T ITran=            3
 JobTyp=0 Pass  1:  I=   1 to   6.
 (rs|ai) integrals will be sorted in core.
 Spin components of T(2) and E(2):
     alpha-alpha T2 =       0.1648873978D-03 E2=     -0.3837498843D-03
     alpha-beta  T2 =       0.9953162630D+01 E2=     -0.9606182735D+00
     beta-beta   T2 =       0.1648873978D-03 E2=     -0.3837498843D-03
 ANorm=    0.3309606080D+01
 E2 =    -0.9613857733D+00 EUMP2 =    -0.68471367156379D+01
 Second order stability test of a single determinant RHF wave function:
 Stabil:  MDV=134217728
 ***********************************************************************
 Matrix         Lowest Root    Major Pairs
 ***********************************************************************
 Internal RHF     0.3347421    Stable
 RRHF --> CRHF   -0.0001439    6A=7A
 RRHF --> RUHF   -0.5833811    6A=7B
 Not stable.
 ***********************************************************************

 **********************************************************************

            Population analysis using the SCF density.

 **********************************************************************

 Orbital symmetries:
       Occupied  (AG) (BU) (AG) (BU) (AG) (AG)
       Virtual   (BU) (BU) (AG) (BU) (AG) (BU)
 The electronic state is 1-AG.
 Alpha  occ. eigenvalues --   -0.73625  -0.71596  -0.68060  -0.63769  -0.59597
 Alpha  occ. eigenvalues --   -0.19009
 Alpha virt. eigenvalues --   -0.14402   0.38025   0.43262   0.51653   0.61273
 Alpha virt. eigenvalues --    0.69461
          Condensed to atoms (all electrons):
               1          2          3          4          5          6
     1  H    1.069023  -0.031276  -0.030392   0.000169   0.000411  -0.000006
     2  H   -0.031276   0.598612   0.494405  -0.036366  -0.029980   0.000493
     3  H   -0.030392   0.494405   0.604018  -0.035807  -0.036591   0.000486
     4  H    0.000169  -0.036366  -0.035807   0.626189   0.514218  -0.037919
     5  H    0.000411  -0.029980  -0.036591   0.514218   0.624832  -0.037402
     6  H   -0.000006   0.000493   0.000486  -0.037919  -0.037402   0.626792
     7  H   -0.000005   0.000419   0.000482  -0.030915  -0.037801   0.515367
     8  H    0.000001  -0.000007  -0.000007   0.000507   0.000519  -0.037801
     9  H    0.000001  -0.000005  -0.000005   0.000429   0.000507  -0.030915
    10  H   -0.000000   0.000001   0.000001  -0.000005  -0.000007   0.000482
    11  H   -0.000000   0.000000   0.000001  -0.000005  -0.000007   0.000419
    12  H    0.000000  -0.000000  -0.000000   0.000001   0.000001  -0.000005
               7          8          9         10         11         12
     1  H   -0.000005   0.000001   0.000001  -0.000000  -0.000000   0.000000
     2  H    0.000419  -0.000007  -0.000005   0.000001   0.000000  -0.000000
     3  H    0.000482  -0.000007  -0.000005   0.000001   0.000001  -0.000000
     4  H   -0.030915   0.000507   0.000429  -0.000005  -0.000005   0.000001
     5  H   -0.037801   0.000519   0.000507  -0.000007  -0.000007   0.000001
     6  H    0.515367  -0.037801  -0.030915   0.000482   0.000419  -0.000005
     7  H    0.626792  -0.037402  -0.037919   0.000486   0.000493  -0.000006
     8  H   -0.037402   0.624832   0.514218  -0.036591  -0.029980   0.000411
     9  H   -0.037919   0.514218   0.626189  -0.035807  -0.036366   0.000169
    10  H    0.000486  -0.036591  -0.035807   0.604018   0.494405  -0.030392
    11  H    0.000493  -0.029980  -0.036366   0.494405   0.598612  -0.031276
    12  H   -0.000006   0.000411   0.000169  -0.030392  -0.031276   1.069023
 Mulliken charges:
               1
     1  H   -0.007925
     2  H    0.003704
     3  H    0.003411
     4  H   -0.000497
     5  H    0.001299
     6  H    0.000010
     7  H    0.000010
     8  H    0.001299
     9  H   -0.000497
    10  H    0.003411
    11  H    0.003704
    12  H   -0.007925
 Sum of Mulliken charges =  -0.00000
 Mulliken charges with hydrogens summed into heavy atoms:
               1
 Electronic spatial extent (au):  <R**2>=            545.8239
 Charge=             -0.0000 electrons
 Dipole moment (field-independent basis, Debye):
    X=              0.0000    Y=             -0.0000    Z=             -0.0000  Tot=              0.0000
 Quadrupole moment (field-independent basis, Debye-Ang):
   XX=            -21.9446   YY=            -14.3423   ZZ=            -15.8376
   XY=             -0.6514   XZ=              0.0000   YZ=             -0.0000
 Traceless Quadrupole moment (field-independent basis, Debye-Ang):
   XX=             -4.5698   YY=              3.0326   ZZ=              1.5373
   XY=             -0.6514   XZ=              0.0000   YZ=             -0.0000
 Octapole moment (field-independent basis, Debye-Ang**2):
  XXX=              0.0000  YYY=             -0.0000  ZZZ=             -0.0000  XYY=             -0.0000
  XXY=             -0.0000  XXZ=             -0.0000  XZZ=              0.0000  YZZ=             -0.0000
  YYZ=             -0.0000  XYZ=             -0.0000
 Hexadecapole moment (field-independent basis, Debye-Ang**3):
 XXXX=          -1424.2063 YYYY=            -42.5619 ZZZZ=            -19.4556 XXXY=           -103.9143
 XXXZ=              0.0000 YYYX=            -69.1801 YYYZ=              0.0000 ZZZX=              0.0000
 ZZZY=              0.0000 XXYY=           -187.9678 XXZZ=           -192.0432 YYZZ=            -10.6387
 XXYZ=             -0.0000 YYXZ=              0.0000 ZZXY=            -24.7333
 N-N= 1.384992777016D+01 E-N=-3.816994763362D+01  KE= 5.811714821910D+00
 Symmetry AG   KE= 3.997010108277D+00
 Symmetry BG   KE= 0.000000000000D+00
 Symmetry AU   KE= 0.000000000000D+00
 Symmetry BU   KE= 1.814704713633D+00

 Test job not archived.
 1\1\GINC-SULU\Stability\RHF\Gen\H12\LCJ1\14-Feb-2017\0\\#rhf/gen scf(s
 ymm,tight,novaracc,noincfock,fulldiag) stable(crhf) guess=read geom=no
 crowd test\\hf stability analysis of h10 triangular lattice, y= 1.9092
 530122354845\\0,1\H\H,1,1.9330520791\H,1,1.9330520791,2,18.\H,2,1.9330
 520791,1,162.,3,0.,0\H,3,1.9330520791,1,180.,2,0.,0\H,4,1.9330520791,2
 ,180.,1,0.,0\H,5,1.9330520791,3,180.,2,0.,0\H,6,1.9330520791,4,180.,1,
 0.,0\H,7,1.9330520791,5,180.,2,0.,0\H,8,1.9330520791,6,180.,1,0.,0\H,9
 ,1.9330520791,7,180.,2,0.,0\H,10,1.9330520791,8,180.,1,0.,0\\Version=E
 S64L-G09RevE.01\State=1-AG\HF=-5.8857509\MP2=-6.8471367\RMSD=7.500e-09
 \Dipole=0.,0.,0.\Quadrupole=1.966657,1.1429083,-3.1095653,0.,-1.333924
 ,0.\PG=C02H [SGH(H12)]\\@


 REALITY IS FOR PEOPLE WHO CAN'T FACE SCIENCE FICTION.
 Job cpu time:       0 days  0 hours  0 minutes  0.9 seconds.
 File lengths (MBytes):  RWF=     84 Int=      0 D2E=      0 Chk=      2 Scr=      2
 Normal termination of Gaussian 09 at Tue Feb 14 17:56:09 2017.
