 Entering Gaussian System, Link 0=g09
 AtFile(1): H.gbs
            H     0
            S   10   1.00
               1000.000000000000            0.000068713567
                316.227766000000            0.000169141320
                100.000000000000            0.000823394812
                 31.622776600000            0.003425569236
                 10.000000000000            0.013951996000
                  3.162277660000            0.056909313560
                  1.000000000000            0.198286399900
                  0.316227766000            0.496922426700
                  0.100000000000            0.369846276400
                  0.031622776600            0.003752720039
            ****
 Initial command:
 /projects/guscus/apps/gau/g09-e1/g09/l1.exe "/users/lcj1/gaussian/h12/rhfstability/2rows/alterguess/4to2/Gau-22818.inp" -scrdir="/users/lcj1/gaussian/h12/rhfstability/2rows/alterguess/4to2/"
 Entering Link 1 = /projects/guscus/apps/gau/g09-e1/g09/l1.exe PID=     22819.
  
 Copyright (c) 1988,1990,1992,1993,1995,1998,2003,2009,2015,
            Gaussian, Inc.  All Rights Reserved.
  
 This is part of the Gaussian(R) 09 program.  It is based on
 the Gaussian(R) 03 system (copyright 2003, Gaussian, Inc.),
 the Gaussian(R) 98 system (copyright 1998, Gaussian, Inc.),
 the Gaussian(R) 94 system (copyright 1995, Gaussian, Inc.),
 the Gaussian 92(TM) system (copyright 1992, Gaussian, Inc.),
 the Gaussian 90(TM) system (copyright 1990, Gaussian, Inc.),
 the Gaussian 88(TM) system (copyright 1988, Gaussian, Inc.),
 the Gaussian 86(TM) system (copyright 1986, Carnegie Mellon
 University), and the Gaussian 82(TM) system (copyright 1983,
 Carnegie Mellon University). Gaussian is a federally registered
 trademark of Gaussian, Inc.
  
 This software contains proprietary and confidential information,
 including trade secrets, belonging to Gaussian, Inc.
  
 This software is provided under written license and may be
 used, copied, transmitted, or stored only in accord with that
 written license.
  
 The following legend is applicable only to US Government
 contracts under FAR:
  
                    RESTRICTED RIGHTS LEGEND
  
 Use, reproduction and disclosure by the US Government is
 subject to restrictions as set forth in subparagraphs (a)
 and (c) of the Commercial Computer Software - Restricted
 Rights clause in FAR 52.227-19.
  
 Gaussian, Inc.
 340 Quinnipiac St., Bldg. 40, Wallingford CT 06492
  
  
 ---------------------------------------------------------------
 Warning -- This program may not be used in any manner that
 competes with the business of Gaussian, Inc. or will provide
 assistance to any competitor of Gaussian, Inc.  The licensee
 of this program is prohibited from giving any competitor of
 Gaussian, Inc. access to this program.  By using this program,
 the user acknowledges that Gaussian, Inc. is engaged in the
 business of creating and licensing software in the field of
 computational chemistry and represents and warrants to the
 licensee that it is not a competitor of Gaussian, Inc. and that
 it will not use this program in any manner prohibited above.
 ---------------------------------------------------------------
  

 Cite this work as:
 Gaussian 09, Revision E.01,
 M. J. Frisch, G. W. Trucks, H. B. Schlegel, G. E. Scuseria, 
 M. A. Robb, J. R. Cheeseman, G. Scalmani, V. Barone, B. Mennucci, 
 G. A. Petersson, H. Nakatsuji, M. Caricato, X. Li, H. P. Hratchian, 
 A. F. Izmaylov, J. Bloino, G. Zheng, J. L. Sonnenberg, M. Hada, 
 M. Ehara, K. Toyota, R. Fukuda, J. Hasegawa, M. Ishida, T. Nakajima, 
 Y. Honda, O. Kitao, H. Nakai, T. Vreven, J. A. Montgomery, Jr., 
 J. E. Peralta, F. Ogliaro, M. Bearpark, J. J. Heyd, E. Brothers, 
 K. N. Kudin, V. N. Staroverov, T. Keith, R. Kobayashi, J. Normand, 
 K. Raghavachari, A. Rendell, J. C. Burant, S. S. Iyengar, J. Tomasi, 
 M. Cossi, N. Rega, J. M. Millam, M. Klene, J. E. Knox, J. B. Cross, 
 V. Bakken, C. Adamo, J. Jaramillo, R. Gomperts, R. E. Stratmann, 
 O. Yazyev, A. J. Austin, R. Cammi, C. Pomelli, J. W. Ochterski, 
 R. L. Martin, K. Morokuma, V. G. Zakrzewski, G. A. Voth, 
 P. Salvador, J. J. Dannenberg, S. Dapprich, A. D. Daniels, 
 O. Farkas, J. B. Foresman, J. V. Ortiz, J. Cioslowski, 
 and D. J. Fox, Gaussian, Inc., Wallingford CT, 2013.
 
 ******************************************
 Gaussian 09:  ES64L-G09RevE.01 30-Nov-2015
                14-Feb-2017 
 ******************************************
 %chk=h12.chk
 ----------------------------------------------------------------------
 #rhf/gen scf(symm,tight,novaracc,noincfock,fulldiag) stable(crhf) gues
 s=read geom=nocrowd test
 ----------------------------------------------------------------------
 1/38=1/1;
 2/12=1,17=6,18=5,40=1/2;
 3/5=7,16=1,25=1,30=1,116=1/1,2,3;
 4/5=1,9=4/1;
 5/5=100002,15=2,16=1,32=2,38=6/2;
 8/6=1,10=90,11=11/1,4;
 9/8=4,13=1/2;
 6/7=2,8=2,9=2,10=2,28=1/1;
 99/5=1,9=1/99;
 ----------------------------------------------------------------------
 hf stability analysis of h10 triangular lattice, y= 2.0268354180156947
 ----------------------------------------------------------------------
 Symbolic Z-matrix:
 Charge =  0 Multiplicity = 1
 H
 H                    1     2.04675 
 H                    1     2.04675  2     16. 
 H                    2     2.04675  1     164.     3     0.       0
 H                    3     2.04675  1     180.     2     0.       0
 H                    4     2.04675  2     180.     1     0.       0
 H                    5     2.04675  3     180.     2     0.       0
 H                    6     2.04675  4     180.     1     0.       0
 H                    7     2.04675  5     180.     2     0.       0
 H                    8     2.04675  6     180.     1     0.       0
 H                    9     2.04675  7     180.     2     0.       0
 H                    10    2.04675  8     180.     1     0.       0
 
                          Input orientation:                          
 ---------------------------------------------------------------------
 Center     Atomic      Atomic             Coordinates (Angstroms)
 Number     Number       Type             X           Y           Z
 ---------------------------------------------------------------------
      1          1           0        0.000000    0.000000    0.000000
      2          1           0        0.000000    0.000000    2.046754
      3          1           0        0.564162    0.000000    1.967466
      4          1           0        0.564162    0.000000    4.014221
      5          1           0        1.128324    0.000000    3.934933
      6          1           0        1.128324    0.000000    5.981687
      7          1           0        1.692486    0.000000    5.902399
      8          1           0        1.692486    0.000000    7.949154
      9          1           0        2.256648    0.000000    7.869866
     10          1           0        2.256648    0.000000    9.916620
     11          1           0        2.820810    0.000000    9.837332
     12          1           0        2.820810    0.000000   11.884087
 ---------------------------------------------------------------------
                    Distance matrix (angstroms):
                    1          2          3          4          5
     1  H    0.000000
     2  H    2.046754   0.000000
     3  H    2.046754   0.569706   0.000000
     4  H    4.053671   2.046754   2.046754   0.000000
     5  H    4.093509   2.199621   2.046754   0.569706   0.000000
     6  H    6.087175   4.093509   4.053671   2.046754   2.046754
     7  H    6.140263   4.210761   4.093509   2.199621   2.046754
     8  H    8.127334   6.140263   6.087175   4.093509   4.053671
     9  H    8.187017   6.245085   6.140263   4.210761   4.093509
    10  H   10.170143   8.187017   8.127334   6.140263   6.087175
    11  H   10.233771   8.285534   8.187017   6.245085   6.140263
    12  H   12.214274  10.233771  10.170143   8.187017   8.127334
                    6          7          8          9         10
     6  H    0.000000
     7  H    0.569706   0.000000
     8  H    2.046754   2.046754   0.000000
     9  H    2.199621   2.046754   0.569706   0.000000
    10  H    4.093509   4.053671   2.046754   2.046754   0.000000
    11  H    4.210761   4.093509   2.199621   2.046754   0.569706
    12  H    6.140263   6.087175   4.093509   4.053671   2.046754
                   11         12
    11  H    0.000000
    12  H    2.046754   0.000000
 Stoichiometry    H12
 Framework group  C2H[SGH(H12)]
 Deg. of freedom    11
 Full point group                 C2H     NOp   4
 Largest Abelian subgroup         C2H     NOp   4
 Largest concise Abelian subgroup C2      NOp   2
                         Standard orientation:                         
 ---------------------------------------------------------------------
 Center     Atomic      Atomic             Coordinates (Angstroms)
 Number     Number       Type             X           Y           Z
 ---------------------------------------------------------------------
      1          1           0        6.080506    0.569706    0.000000
      2          1           0        4.053671    0.854559    0.000000
      3          1           0        4.053671    0.284853    0.000000
      4          1           0        2.026835    0.569706    0.000000
      5          1           0        2.026835   -0.000000    0.000000
      6          1           0        0.000000    0.284853   -0.000000
      7          1           0       -0.000000   -0.284853   -0.000000
      8          1           0       -2.026835    0.000000    0.000000
      9          1           0       -2.026835   -0.569706    0.000000
     10          1           0       -4.053671   -0.284853    0.000000
     11          1           0       -4.053671   -0.854559    0.000000
     12          1           0       -6.080506   -0.569706    0.000000
 ---------------------------------------------------------------------
 Rotational constants (GHZ):    567.0212919      3.1676447      3.1500471
 General basis read from cards:  (5D, 7F)
 There are     6 symmetry adapted cartesian basis functions of AG  symmetry.
 There are     0 symmetry adapted cartesian basis functions of BG  symmetry.
 There are     0 symmetry adapted cartesian basis functions of AU  symmetry.
 There are     6 symmetry adapted cartesian basis functions of BU  symmetry.
 There are     6 symmetry adapted basis functions of AG  symmetry.
 There are     0 symmetry adapted basis functions of BG  symmetry.
 There are     0 symmetry adapted basis functions of AU  symmetry.
 There are     6 symmetry adapted basis functions of BU  symmetry.
    12 basis functions,   120 primitive gaussians,    12 cartesian basis functions
     6 alpha electrons        6 beta electrons
       nuclear repulsion energy        13.6100707910 Hartrees.
 NAtoms=   12 NActive=   12 NUniq=    6 SFac= 4.00D+00 NAtFMM=   60 NAOKFM=F Big=F
 Integral buffers will be    131072 words long.
 Regular integral format.
 Two-electron integral symmetry is turned on.
 One-electron integrals computed using PRISM.
 NBasis=    12 RedAO= T EigKep=  1.31D-01  NBF=     6     0     0     6
 NBsUse=    12 1.00D-06 EigRej= -1.00D+00 NBFU=     6     0     0     6
 Initial guess from the checkpoint file:  "h12.chk"
 B after Tr=     0.000000    0.000000    0.000000
         Rot=    0.999973   -0.000000    0.000000    0.007349 Ang=   0.84 deg.
 Initial guess orbital symmetries:
       Occupied  (AG) (BU) (AG) (BU) (AG) (AG)
       Virtual   (BU) (BU) (AG) (BU) (AG) (BU)
 Keep R1 ints in memory in symmetry-blocked form, NReq=889812.
 Requested convergence on RMS density matrix=1.00D-08 within 128 cycles.
 Requested convergence on MAX density matrix=1.00D-06.
 Requested convergence on             energy=1.00D-06.
 No special actions if energy rises.
 SCF Done:  E(RHF) =  -5.79478433231     A.U. after    6 cycles
            NFock=  6  Conv=0.39D-08     -V/T= 2.0109
 Range of M.O.s used for correlation:     1    12
 NBasis=    12 NAE=     6 NBE=     6 NFC=     0 NFV=     0
 NROrb=     12 NOA=     6 NOB=     6 NVA=     6 NVB=     6

 **** Warning!!: The smallest alpha delta epsilon is  0.43401120D-01

 Semi-Direct transformation.
 ModeAB=           4 MOrb=             6 LenV=     134098927
 LASXX=         2181 LTotXX=        2181 LenRXX=        5115
 LTotAB=        2934 MaxLAS=        3024 LenRXY=           0
 NonZer=        7296 LenScr=      655360 LnRSAI=        3024
 LnScr1=      655360 LExtra=           0 Total=      1318859
 MaxDsk=          -1 SrtSym=           T ITran=            3
 JobTyp=0 Pass  1:  I=   1 to   6.
 (rs|ai) integrals will be sorted in core.
 Spin components of T(2) and E(2):
     alpha-alpha T2 =       0.1147070666D-03 E2=     -0.2783568207D-03
     alpha-beta  T2 =       0.1139541898D+02 E2=     -0.1029130171D+01
     beta-beta   T2 =       0.1147070666D-03 E2=     -0.2783568207D-03
 ANorm=    0.3520745432D+01
 E2 =    -0.1029686885D+01 EUMP2 =    -0.68244712169070D+01
 Second order stability test of a single determinant RHF wave function:
 Stabil:  MDV=134217728
 ***********************************************************************
 Matrix         Lowest Root    Major Pairs
 ***********************************************************************
 Internal RHF     0.3613705    Stable
 RRHF --> CRHF   -0.0000502    6A=7A
 RRHF --> RUHF   -0.5871231    6A=7B
 Not stable.
 ***********************************************************************

 **********************************************************************

            Population analysis using the SCF density.

 **********************************************************************

 Orbital symmetries:
       Occupied  (AG) (BU) (AG) (BU) (AG) (AG)
       Virtual   (BU) (BU) (AG) (BU) (AG) (BU)
 The electronic state is 1-AG.
 Alpha  occ. eigenvalues --   -0.73464  -0.71803  -0.69008  -0.65712  -0.62653
 Alpha  occ. eigenvalues --   -0.19524
 Alpha virt. eigenvalues --   -0.15184   0.42478   0.47225   0.54670   0.63103
 Alpha virt. eigenvalues --    0.70159
          Condensed to atoms (all electrons):
               1          2          3          4          5          6
     1  H    1.050600  -0.024231  -0.023862   0.000129   0.000232  -0.000002
     2  H   -0.024231   0.580834   0.489958  -0.026743  -0.022152   0.000250
     3  H   -0.023862   0.489958   0.586739  -0.027048  -0.026954   0.000260
     4  H    0.000129  -0.026743  -0.027048   0.600310   0.503455  -0.027549
     5  H    0.000232  -0.022152  -0.026954   0.503455   0.599507  -0.027807
     6  H   -0.000002   0.000250   0.000260  -0.027549  -0.027807   0.600521
     7  H   -0.000002   0.000210   0.000248  -0.022641  -0.027500   0.504009
     8  H    0.000000  -0.000002  -0.000002   0.000256   0.000270  -0.027500
     9  H    0.000000  -0.000002  -0.000002   0.000214   0.000256  -0.022641
    10  H   -0.000000   0.000000   0.000000  -0.000002  -0.000002   0.000248
    11  H   -0.000000   0.000000   0.000000  -0.000002  -0.000002   0.000210
    12  H    0.000000  -0.000000  -0.000000   0.000000   0.000000  -0.000002
               7          8          9         10         11         12
     1  H   -0.000002   0.000000   0.000000  -0.000000  -0.000000   0.000000
     2  H    0.000210  -0.000002  -0.000002   0.000000   0.000000  -0.000000
     3  H    0.000248  -0.000002  -0.000002   0.000000   0.000000  -0.000000
     4  H   -0.022641   0.000256   0.000214  -0.000002  -0.000002   0.000000
     5  H   -0.027500   0.000270   0.000256  -0.000002  -0.000002   0.000000
     6  H    0.504009  -0.027500  -0.022641   0.000248   0.000210  -0.000002
     7  H    0.600521  -0.027807  -0.027549   0.000260   0.000250  -0.000002
     8  H   -0.027807   0.599507   0.503455  -0.026954  -0.022152   0.000232
     9  H   -0.027549   0.503455   0.600310  -0.027048  -0.026743   0.000129
    10  H    0.000260  -0.026954  -0.027048   0.586739   0.489958  -0.023862
    11  H    0.000250  -0.022152  -0.026743   0.489958   0.580834  -0.024231
    12  H   -0.000002   0.000232   0.000129  -0.023862  -0.024231   1.050600
 Mulliken charges:
               1
     1  H   -0.002864
     2  H    0.001878
     3  H    0.000663
     4  H   -0.000379
     5  H    0.000698
     6  H    0.000003
     7  H    0.000003
     8  H    0.000698
     9  H   -0.000379
    10  H    0.000663
    11  H    0.001878
    12  H   -0.002864
 Sum of Mulliken charges =  -0.00000
 Mulliken charges with hydrogens summed into heavy atoms:
               1
 Electronic spatial extent (au):  <R**2>=            606.4034
 Charge=             -0.0000 electrons
 Dipole moment (field-independent basis, Debye):
    X=             -0.0000    Y=             -0.0000    Z=             -0.0000  Tot=              0.0000
 Quadrupole moment (field-independent basis, Debye-Ang):
   XX=            -20.4895   YY=            -14.5782   ZZ=            -15.9449
   XY=             -0.4333   XZ=             -0.0000   YZ=             -0.0000
 Traceless Quadrupole moment (field-independent basis, Debye-Ang):
   XX=             -3.4853   YY=              2.4260   ZZ=              1.0593
   XY=             -0.4333   XZ=             -0.0000   YZ=             -0.0000
 Octapole moment (field-independent basis, Debye-Ang**2):
  XXX=             -0.0000  YYY=             -0.0000  ZZZ=             -0.0000  XYY=             -0.0000
  XXY=             -0.0000  XXZ=             -0.0000  XZZ=             -0.0000  YZZ=             -0.0000
  YYZ=             -0.0000  XYZ=             -0.0000
 Hexadecapole moment (field-independent basis, Debye-Ang**3):
 XXXX=          -1524.9027 YYYY=            -40.3873 ZZZZ=            -19.6909 XXXY=            -96.7360
 XXXZ=             -0.0000 YYYX=            -69.6986 YYYZ=             -0.0000 ZZZX=             -0.0000
 ZZZY=             -0.0000 XXYY=           -210.1340 XXZZ=           -215.8856 YYZZ=            -10.2572
 XXYZ=             -0.0000 YYXZ=             -0.0000 ZZXY=            -24.7782
 N-N= 1.361007079104D+01 E-N=-3.729868381843D+01  KE= 5.732257260888D+00
 Symmetry AG   KE= 3.921602950247D+00
 Symmetry BG   KE= 0.000000000000D+00
 Symmetry AU   KE= 0.000000000000D+00
 Symmetry BU   KE= 1.810654310641D+00

 Test job not archived.
 1\1\GINC-SULU\Stability\RHF\Gen\H12\LCJ1\14-Feb-2017\0\\#rhf/gen scf(s
 ymm,tight,novaracc,noincfock,fulldiag) stable(crhf) guess=read geom=no
 crowd test\\hf stability analysis of h10 triangular lattice, y= 2.0268
 354180156947\\0,1\H\H,1,2.0467542786\H,1,2.0467542786,2,16.\H,2,2.0467
 542786,1,164.,3,0.,0\H,3,2.0467542786,1,180.,2,0.,0\H,4,2.0467542786,2
 ,180.,1,0.,0\H,5,2.0467542786,3,180.,2,0.,0\H,6,2.0467542786,4,180.,1,
 0.,0\H,7,2.0467542786,5,180.,2,0.,0\H,8,2.0467542786,6,180.,1,0.,0\H,9
 ,2.0467542786,7,180.,2,0.,0\H,10,2.0467542786,8,180.,1,0.,0\\Version=E
 S64L-G09RevE.01\State=1-AG\HF=-5.7947843\MP2=-6.8244712\RMSD=3.947e-09
 \Dipole=0.,0.,0.\Quadrupole=1.6297762,0.7875562,-2.4173324,0.,-0.91535
 72,0.\PG=C02H [SGH(H12)]\\@


 FROM THE ASHES OF OUR DESPAIR GROW THE FLOWERS OF TOMORROW.
 Job cpu time:       0 days  0 hours  0 minutes  0.9 seconds.
 File lengths (MBytes):  RWF=     84 Int=      0 D2E=      0 Chk=      2 Scr=      2
 Normal termination of Gaussian 09 at Tue Feb 14 17:56:11 2017.
