 Entering Gaussian System, Link 0=g09
 AtFile(1): H.gbs
            H     0
            S   10   1.00
               1000.000000000000            0.000068713567
                316.227766000000            0.000169141320
                100.000000000000            0.000823394812
                 31.622776600000            0.003425569236
                 10.000000000000            0.013951996000
                  3.162277660000            0.056909313560
                  1.000000000000            0.198286399900
                  0.316227766000            0.496922426700
                  0.100000000000            0.369846276400
                  0.031622776600            0.003752720039
            ****
 Initial command:
 /projects/guscus/apps/gau/g09-e1/g09/l1.exe "/users/lcj1/gaussian/h12/rhfstability/2rows/alterguess/4to2/Gau-21848.inp" -scrdir="/users/lcj1/gaussian/h12/rhfstability/2rows/alterguess/4to2/"
 Entering Link 1 = /projects/guscus/apps/gau/g09-e1/g09/l1.exe PID=     21849.
  
 Copyright (c) 1988,1990,1992,1993,1995,1998,2003,2009,2015,
            Gaussian, Inc.  All Rights Reserved.
  
 This is part of the Gaussian(R) 09 program.  It is based on
 the Gaussian(R) 03 system (copyright 2003, Gaussian, Inc.),
 the Gaussian(R) 98 system (copyright 1998, Gaussian, Inc.),
 the Gaussian(R) 94 system (copyright 1995, Gaussian, Inc.),
 the Gaussian 92(TM) system (copyright 1992, Gaussian, Inc.),
 the Gaussian 90(TM) system (copyright 1990, Gaussian, Inc.),
 the Gaussian 88(TM) system (copyright 1988, Gaussian, Inc.),
 the Gaussian 86(TM) system (copyright 1986, Carnegie Mellon
 University), and the Gaussian 82(TM) system (copyright 1983,
 Carnegie Mellon University). Gaussian is a federally registered
 trademark of Gaussian, Inc.
  
 This software contains proprietary and confidential information,
 including trade secrets, belonging to Gaussian, Inc.
  
 This software is provided under written license and may be
 used, copied, transmitted, or stored only in accord with that
 written license.
  
 The following legend is applicable only to US Government
 contracts under FAR:
  
                    RESTRICTED RIGHTS LEGEND
  
 Use, reproduction and disclosure by the US Government is
 subject to restrictions as set forth in subparagraphs (a)
 and (c) of the Commercial Computer Software - Restricted
 Rights clause in FAR 52.227-19.
  
 Gaussian, Inc.
 340 Quinnipiac St., Bldg. 40, Wallingford CT 06492
  
  
 ---------------------------------------------------------------
 Warning -- This program may not be used in any manner that
 competes with the business of Gaussian, Inc. or will provide
 assistance to any competitor of Gaussian, Inc.  The licensee
 of this program is prohibited from giving any competitor of
 Gaussian, Inc. access to this program.  By using this program,
 the user acknowledges that Gaussian, Inc. is engaged in the
 business of creating and licensing software in the field of
 computational chemistry and represents and warrants to the
 licensee that it is not a competitor of Gaussian, Inc. and that
 it will not use this program in any manner prohibited above.
 ---------------------------------------------------------------
  

 Cite this work as:
 Gaussian 09, Revision E.01,
 M. J. Frisch, G. W. Trucks, H. B. Schlegel, G. E. Scuseria, 
 M. A. Robb, J. R. Cheeseman, G. Scalmani, V. Barone, B. Mennucci, 
 G. A. Petersson, H. Nakatsuji, M. Caricato, X. Li, H. P. Hratchian, 
 A. F. Izmaylov, J. Bloino, G. Zheng, J. L. Sonnenberg, M. Hada, 
 M. Ehara, K. Toyota, R. Fukuda, J. Hasegawa, M. Ishida, T. Nakajima, 
 Y. Honda, O. Kitao, H. Nakai, T. Vreven, J. A. Montgomery, Jr., 
 J. E. Peralta, F. Ogliaro, M. Bearpark, J. J. Heyd, E. Brothers, 
 K. N. Kudin, V. N. Staroverov, T. Keith, R. Kobayashi, J. Normand, 
 K. Raghavachari, A. Rendell, J. C. Burant, S. S. Iyengar, J. Tomasi, 
 M. Cossi, N. Rega, J. M. Millam, M. Klene, J. E. Knox, J. B. Cross, 
 V. Bakken, C. Adamo, J. Jaramillo, R. Gomperts, R. E. Stratmann, 
 O. Yazyev, A. J. Austin, R. Cammi, C. Pomelli, J. W. Ochterski, 
 R. L. Martin, K. Morokuma, V. G. Zakrzewski, G. A. Voth, 
 P. Salvador, J. J. Dannenberg, S. Dapprich, A. D. Daniels, 
 O. Farkas, J. B. Foresman, J. V. Ortiz, J. Cioslowski, 
 and D. J. Fox, Gaussian, Inc., Wallingford CT, 2013.
 
 ******************************************
 Gaussian 09:  ES64L-G09RevE.01 30-Nov-2015
                14-Feb-2017 
 ******************************************
 %chk=h12.chk
 ----------------------------------------------------------------------
 #rhf/gen scf(symm,tight,novaracc,noincfock,fulldiag) stable(crhf) gues
 s=read geom=nocrowd test
 ----------------------------------------------------------------------
 1/38=1/1;
 2/12=1,17=6,18=5,40=1/2;
 3/5=7,16=1,25=1,30=1,116=1/1,2,3;
 4/5=1,9=4/1;
 5/5=100002,15=2,16=1,32=2,38=6/2;
 8/6=1,10=90,11=11/1,4;
 9/8=4,13=1/2;
 6/7=2,8=2,9=2,10=2,28=1/1;
 99/5=1,9=1/99;
 ----------------------------------------------------------------------
 hf stability analysis of h10 triangular lattice, y= 0.9612250668035587
 9
 ----------------------------------------------------------------------
 Symbolic Z-matrix:
 Charge =  0 Multiplicity = 1
 H
 H                    1     1.13346 
 H                    1     1.13346  2     64. 
 H                    2     1.13346  1     116.     3     0.       0
 H                    3     1.13346  1     180.     2     0.       0
 H                    4     1.13346  2     180.     1     0.       0
 H                    5     1.13346  3     180.     2     0.       0
 H                    6     1.13346  4     180.     1     0.       0
 H                    7     1.13346  5     180.     2     0.       0
 H                    8     1.13346  6     180.     1     0.       0
 H                    9     1.13346  7     180.     2     0.       0
 H                    10    1.13346  8     180.     1     0.       0
 
                          Input orientation:                          
 ---------------------------------------------------------------------
 Center     Atomic      Atomic             Coordinates (Angstroms)
 Number     Number       Type             X           Y           Z
 ---------------------------------------------------------------------
      1          1           0        0.000000    0.000000    0.000000
      2          1           0        0.000000    0.000000    1.133456
      3          1           0        1.018743    0.000000    0.496874
      4          1           0        1.018743    0.000000    1.630330
      5          1           0        2.037487    0.000000    0.993749
      6          1           0        2.037487    0.000000    2.127204
      7          1           0        3.056230    0.000000    1.490623
      8          1           0        3.056230    0.000000    2.624079
      9          1           0        4.074973    0.000000    1.987497
     10          1           0        4.074973    0.000000    3.120953
     11          1           0        5.093717    0.000000    2.484372
     12          1           0        5.093717    0.000000    3.617827
 ---------------------------------------------------------------------
                    Distance matrix (angstroms):
                    1          2          3          4          5
     1  H    0.000000
     2  H    1.133456   0.000000
     3  H    1.133456   1.201280   0.000000
     4  H    1.922450   1.133456   1.133456   0.000000
     5  H    2.266912   2.042271   1.133456   1.201280   0.000000
     6  H    2.945565   2.266912   1.922450   1.133456   1.133456
     7  H    3.400367   3.077029   2.266912   2.042271   1.133456
     8  H    4.028192   3.400367   2.945565   2.266912   1.922450
     9  H    4.533823   4.163508   3.400367   3.077029   2.266912
    10  H    5.132812   4.533823   4.028192   3.400367   2.945565
    11  H    5.667279   5.269812   4.533823   4.163508   3.400367
    12  H    6.247770   5.667279   5.132812   4.533823   4.028192
                    6          7          8          9         10
     6  H    0.000000
     7  H    1.201280   0.000000
     8  H    1.133456   1.133456   0.000000
     9  H    2.042271   1.133456   1.201280   0.000000
    10  H    2.266912   1.922450   1.133456   1.133456   0.000000
    11  H    3.077029   2.266912   2.042271   1.133456   1.201280
    12  H    3.400367   2.945565   2.266912   1.922450   1.133456
                   11         12
    11  H    0.000000
    12  H    1.133456   0.000000
 Stoichiometry    H12
 Framework group  C2H[SGH(H12)]
 Deg. of freedom    11
 Full point group                 C2H     NOp   4
 Largest Abelian subgroup         C2H     NOp   4
 Largest concise Abelian subgroup C2      NOp   2
                         Standard orientation:                         
 ---------------------------------------------------------------------
 Center     Atomic      Atomic             Coordinates (Angstroms)
 Number     Number       Type             X           Y           Z
 ---------------------------------------------------------------------
      1          1           0        2.883675    1.201280   -0.000000
      2          1           0        1.922450    1.801920   -0.000000
      3          1           0        1.922450    0.600640    0.000000
      4          1           0        0.961225    1.201280   -0.000000
      5          1           0        0.961225    0.000000    0.000000
      6          1           0        0.000000    0.600640   -0.000000
      7          1           0       -0.000000   -0.600640   -0.000000
      8          1           0       -0.961225    0.000000    0.000000
      9          1           0       -0.961225   -1.201280    0.000000
     10          1           0       -1.922450   -0.600640    0.000000
     11          1           0       -1.922450   -1.801920    0.000000
     12          1           0       -2.883675   -1.201280    0.000000
 ---------------------------------------------------------------------
 Rotational constants (GHZ):    163.9041680     10.9583722     10.2716275
 General basis read from cards:  (5D, 7F)
 There are     6 symmetry adapted cartesian basis functions of AG  symmetry.
 There are     0 symmetry adapted cartesian basis functions of BG  symmetry.
 There are     0 symmetry adapted cartesian basis functions of AU  symmetry.
 There are     6 symmetry adapted cartesian basis functions of BU  symmetry.
 There are     6 symmetry adapted basis functions of AG  symmetry.
 There are     0 symmetry adapted basis functions of BG  symmetry.
 There are     0 symmetry adapted basis functions of AU  symmetry.
 There are     6 symmetry adapted basis functions of BU  symmetry.
    12 basis functions,   120 primitive gaussians,    12 cartesian basis functions
     6 alpha electrons        6 beta electrons
       nuclear repulsion energy        17.8142366300 Hartrees.
 NAtoms=   12 NActive=   12 NUniq=    6 SFac= 4.00D+00 NAtFMM=   60 NAOKFM=F Big=F
 Integral buffers will be    131072 words long.
 Regular integral format.
 Two-electron integral symmetry is turned on.
 One-electron integrals computed using PRISM.
 NBasis=    12 RedAO= T EigKep=  1.64D-01  NBF=     6     0     0     6
 NBsUse=    12 1.00D-06 EigRej= -1.00D+00 NBFU=     6     0     0     6
 Initial guess from the checkpoint file:  "h12.chk"
 B after Tr=     0.000000    0.000000    0.000000
         Rot=    0.999973   -0.000000    0.000000    0.007349 Ang=   0.84 deg.
 Initial guess orbital symmetries:
       Occupied  (AG) (BU) (AG) (BU) (AG) (AG)
       Virtual   (BU) (BU) (BU) (AG) (BU) (AG)
 Keep R1 ints in memory in symmetry-blocked form, NReq=900508.
 Requested convergence on RMS density matrix=1.00D-08 within 128 cycles.
 Requested convergence on MAX density matrix=1.00D-06.
 Requested convergence on             energy=1.00D-06.
 No special actions if energy rises.
 SCF Done:  E(RHF) =  -5.47653743340     A.U. after   10 cycles
            NFock= 10  Conv=0.44D-08     -V/T= 1.8187
 Range of M.O.s used for correlation:     1    12
 NBasis=    12 NAE=     6 NBE=     6 NFC=     0 NFV=     0
 NROrb=     12 NOA=     6 NOB=     6 NVA=     6 NVB=     6

 **** Warning!!: The smallest alpha delta epsilon is  0.36560574D-01

 Semi-Direct transformation.
 ModeAB=           4 MOrb=             6 LenV=     134087657
 LASXX=         2181 LTotXX=        2181 LenRXX=        5115
 LTotAB=        2934 MaxLAS=        3024 LenRXY=           0
 NonZer=        7296 LenScr=      655360 LnRSAI=        3024
 LnScr1=      655360 LExtra=           0 Total=      1318859
 MaxDsk=          -1 SrtSym=           T ITran=            3
 JobTyp=0 Pass  1:  I=   1 to   6.
 (rs|ai) integrals will be sorted in core.
 Spin components of T(2) and E(2):
     alpha-alpha T2 =       0.1694288341D-01 E2=     -0.1438772945D-01
     alpha-beta  T2 =       0.1062669943D+01 E2=     -0.2488578869D+00
     beta-beta   T2 =       0.1694288341D-01 E2=     -0.1438772945D-01
 ANorm=    0.1447948794D+01
 E2 =    -0.2776333458D+00 EUMP2 =    -0.57541707791595D+01
 Second order stability test of a single determinant RHF wave function:
 Stabil:  MDV=134217728
 ***********************************************************************
 Matrix         Lowest Root    Major Pairs
 ***********************************************************************
 Internal RHF    -0.1792262    6A=7A
 RRHF --> CRHF   -0.2247834    6A=7A
 RRHF --> RUHF   -0.355165     5A=7B 6A=7B
 Not stable.
 ***********************************************************************

 **********************************************************************

            Population analysis using the SCF density.

 **********************************************************************

 Orbital symmetries:
       Occupied  (AG) (BU) (AG) (BU) (AG) (AG)
       Virtual   (BU) (BU) (BU) (AG) (BU) (AG)
 The electronic state is 1-AG.
 Alpha  occ. eigenvalues --   -0.88289  -0.78129  -0.64047  -0.45529  -0.23524
 Alpha  occ. eigenvalues --   -0.20816
 Alpha virt. eigenvalues --   -0.17160   0.11005   0.31086   0.34773   0.58101
 Alpha virt. eigenvalues --    0.63471
          Condensed to atoms (all electrons):
               1          2          3          4          5          6
     1  H    1.137752   0.300325  -0.035152  -0.206568  -0.058918   0.015052
     2  H    0.300325   0.796631  -0.138126   0.074163  -0.133480   0.018942
     3  H   -0.035152  -0.138126   1.011713   0.057659   0.320460  -0.158746
     4  H   -0.206568   0.074163   0.057659   1.406442   0.041296  -0.104733
     5  H   -0.058918  -0.133480   0.320460   0.041296   0.952795   0.024072
     6  H    0.015052   0.018942  -0.158746  -0.104733   0.024072   1.041526
     7  H    0.018042   0.018311  -0.112883  -0.104091  -0.197115   0.435432
     8  H    0.002753  -0.007596   0.028796  -0.090653   0.029234  -0.197115
     9  H   -0.002674   0.003385  -0.003341   0.045763  -0.090653  -0.104091
    10  H   -0.000390  -0.002446   0.009607  -0.003341   0.028796  -0.112883
    11  H   -0.000037   0.000383  -0.002446   0.003385  -0.007596   0.018311
    12  H    0.000107  -0.000037  -0.000390  -0.002674   0.002753   0.018042
               7          8          9         10         11         12
     1  H    0.018042   0.002753  -0.002674  -0.000390  -0.000037   0.000107
     2  H    0.018311  -0.007596   0.003385  -0.002446   0.000383  -0.000037
     3  H   -0.112883   0.028796  -0.003341   0.009607  -0.002446  -0.000390
     4  H   -0.104091  -0.090653   0.045763  -0.003341   0.003385  -0.002674
     5  H   -0.197115   0.029234  -0.090653   0.028796  -0.007596   0.002753
     6  H    0.435432  -0.197115  -0.104091  -0.112883   0.018311   0.018042
     7  H    1.041526   0.024072  -0.104733  -0.158746   0.018942   0.015052
     8  H    0.024072   0.952795   0.041296   0.320460  -0.133480  -0.058918
     9  H   -0.104733   0.041296   1.406442   0.057659   0.074163  -0.206568
    10  H   -0.158746   0.320460   0.057659   1.011713  -0.138126  -0.035152
    11  H    0.018942  -0.133480   0.074163  -0.138126   0.796631   0.300325
    12  H    0.015052  -0.058918  -0.206568  -0.035152   0.300325   1.137752
 Mulliken charges:
               1
     1  H   -0.170293
     2  H    0.069546
     3  H    0.022850
     4  H   -0.116647
     5  H    0.088355
     6  H    0.106189
     7  H    0.106189
     8  H    0.088355
     9  H   -0.116647
    10  H    0.022850
    11  H    0.069546
    12  H   -0.170293
 Sum of Mulliken charges =  -0.00000
 Mulliken charges with hydrogens summed into heavy atoms:
               1
 Electronic spatial extent (au):  <R**2>=            222.0474
 Charge=             -0.0000 electrons
 Dipole moment (field-independent basis, Debye):
    X=             -0.0000    Y=             -0.0000    Z=             -0.0000  Tot=              0.0000
 Quadrupole moment (field-independent basis, Debye-Ang):
   XX=            -30.8389   YY=            -18.2958   ZZ=            -15.0369
   XY=             -7.6007   XZ=              0.0000   YZ=              0.0000
 Traceless Quadrupole moment (field-independent basis, Debye-Ang):
   XX=             -9.4484   YY=              3.0947   ZZ=              6.3536
   XY=             -7.6007   XZ=              0.0000   YZ=              0.0000
 Octapole moment (field-independent basis, Debye-Ang**2):
  XXX=             -0.0000  YYY=             -0.0000  ZZZ=             -0.0000  XYY=              0.0000
  XXY=             -0.0000  XXZ=             -0.0000  XZZ=             -0.0000  YZZ=             -0.0000
  YYZ=             -0.0000  XYZ=             -0.0000
 Hexadecapole moment (field-independent basis, Debye-Ang**3):
 XXXX=           -467.7205 YYYY=           -139.4126 ZZZZ=            -17.7520 XXXY=           -148.2172
 XXXZ=              0.0000 YYYX=            -95.7169 YYYZ=              0.0000 ZZZX=              0.0000
 ZZZY=              0.0000 XXYY=           -108.3538 XXZZ=            -56.3214 YYZZ=            -24.7962
 XXYZ=              0.0000 YYXZ=              0.0000 ZZXY=            -26.4061
 N-N= 1.781423662999D+01 E-N=-4.686430146840D+01  KE= 6.689430315313D+00
 Symmetry AG   KE= 4.805945139772D+00
 Symmetry BG   KE= 0.000000000000D+00
 Symmetry AU   KE= 0.000000000000D+00
 Symmetry BU   KE= 1.883485175540D+00

 Test job not archived.
 1\1\GINC-SULU\Stability\RHF\Gen\H12\LCJ1\14-Feb-2017\0\\#rhf/gen scf(s
 ymm,tight,novaracc,noincfock,fulldiag) stable(crhf) guess=read geom=no
 crowd test\\hf stability analysis of h10 triangular lattice, y= 0.9612
 2506680355879\\0,1\H\H,1,1.1334558196\H,1,1.1334558196,2,64.\H,2,1.133
 4558196,1,116.,3,0.,0\H,3,1.1334558196,1,180.,2,0.,0\H,4,1.1334558196,
 2,180.,1,0.,0\H,5,1.1334558196,3,180.,2,0.,0\H,6,1.1334558196,4,180.,1
 ,0.,0\H,7,1.1334558196,5,180.,2,0.,0\H,8,1.1334558196,6,180.,1,0.,0\H,
 9,1.1334558196,7,180.,2,0.,0\H,10,1.1334558196,8,180.,1,0.,0\\Version=
 ES64L-G09RevE.01\State=1-AG\HF=-5.4765374\MP2=-5.7541708\RMSD=4.388e-0
 9\Dipole=0.,0.,0.\Quadrupole=-5.3969123,4.72376,0.6731523,0.,-6.668065
 ,0.\PG=C02H [SGH(H12)]\\@


 PATIENCE IS THE ABILITY TO IDLE YOUR MOTOR WHEN
 YOU FEEL LIKE STRIPPING YOUR GEARS.
 Job cpu time:       0 days  0 hours  0 minutes  1.0 seconds.
 File lengths (MBytes):  RWF=     84 Int=      0 D2E=      0 Chk=      2 Scr=      2
 Normal termination of Gaussian 09 at Tue Feb 14 17:55:16 2017.
