 Entering Gaussian System, Link 0=g09
 AtFile(1): H.gbs
            H     0
            S   10   1.00
               1000.000000000000            0.000068713567
                316.227766000000            0.000169141320
                100.000000000000            0.000823394812
                 31.622776600000            0.003425569236
                 10.000000000000            0.013951996000
                  3.162277660000            0.056909313560
                  1.000000000000            0.198286399900
                  0.316227766000            0.496922426700
                  0.100000000000            0.369846276400
                  0.031622776600            0.003752720039
            ****
 Initial command:
 /projects/guscus/apps/gau/g09-e1/g09/l1.exe "/users/lcj1/gaussian/h12/rhfstability/2rows/alterguess/4to2/Gau-20354.inp" -scrdir="/users/lcj1/gaussian/h12/rhfstability/2rows/alterguess/4to2/"
 Entering Link 1 = /projects/guscus/apps/gau/g09-e1/g09/l1.exe PID=     20355.
  
 Copyright (c) 1988,1990,1992,1993,1995,1998,2003,2009,2015,
            Gaussian, Inc.  All Rights Reserved.
  
 This is part of the Gaussian(R) 09 program.  It is based on
 the Gaussian(R) 03 system (copyright 2003, Gaussian, Inc.),
 the Gaussian(R) 98 system (copyright 1998, Gaussian, Inc.),
 the Gaussian(R) 94 system (copyright 1995, Gaussian, Inc.),
 the Gaussian 92(TM) system (copyright 1992, Gaussian, Inc.),
 the Gaussian 90(TM) system (copyright 1990, Gaussian, Inc.),
 the Gaussian 88(TM) system (copyright 1988, Gaussian, Inc.),
 the Gaussian 86(TM) system (copyright 1986, Carnegie Mellon
 University), and the Gaussian 82(TM) system (copyright 1983,
 Carnegie Mellon University). Gaussian is a federally registered
 trademark of Gaussian, Inc.
  
 This software contains proprietary and confidential information,
 including trade secrets, belonging to Gaussian, Inc.
  
 This software is provided under written license and may be
 used, copied, transmitted, or stored only in accord with that
 written license.
  
 The following legend is applicable only to US Government
 contracts under FAR:
  
                    RESTRICTED RIGHTS LEGEND
  
 Use, reproduction and disclosure by the US Government is
 subject to restrictions as set forth in subparagraphs (a)
 and (c) of the Commercial Computer Software - Restricted
 Rights clause in FAR 52.227-19.
  
 Gaussian, Inc.
 340 Quinnipiac St., Bldg. 40, Wallingford CT 06492
  
  
 ---------------------------------------------------------------
 Warning -- This program may not be used in any manner that
 competes with the business of Gaussian, Inc. or will provide
 assistance to any competitor of Gaussian, Inc.  The licensee
 of this program is prohibited from giving any competitor of
 Gaussian, Inc. access to this program.  By using this program,
 the user acknowledges that Gaussian, Inc. is engaged in the
 business of creating and licensing software in the field of
 computational chemistry and represents and warrants to the
 licensee that it is not a competitor of Gaussian, Inc. and that
 it will not use this program in any manner prohibited above.
 ---------------------------------------------------------------
  

 Cite this work as:
 Gaussian 09, Revision E.01,
 M. J. Frisch, G. W. Trucks, H. B. Schlegel, G. E. Scuseria, 
 M. A. Robb, J. R. Cheeseman, G. Scalmani, V. Barone, B. Mennucci, 
 G. A. Petersson, H. Nakatsuji, M. Caricato, X. Li, H. P. Hratchian, 
 A. F. Izmaylov, J. Bloino, G. Zheng, J. L. Sonnenberg, M. Hada, 
 M. Ehara, K. Toyota, R. Fukuda, J. Hasegawa, M. Ishida, T. Nakajima, 
 Y. Honda, O. Kitao, H. Nakai, T. Vreven, J. A. Montgomery, Jr., 
 J. E. Peralta, F. Ogliaro, M. Bearpark, J. J. Heyd, E. Brothers, 
 K. N. Kudin, V. N. Staroverov, T. Keith, R. Kobayashi, J. Normand, 
 K. Raghavachari, A. Rendell, J. C. Burant, S. S. Iyengar, J. Tomasi, 
 M. Cossi, N. Rega, J. M. Millam, M. Klene, J. E. Knox, J. B. Cross, 
 V. Bakken, C. Adamo, J. Jaramillo, R. Gomperts, R. E. Stratmann, 
 O. Yazyev, A. J. Austin, R. Cammi, C. Pomelli, J. W. Ochterski, 
 R. L. Martin, K. Morokuma, V. G. Zakrzewski, G. A. Voth, 
 P. Salvador, J. J. Dannenberg, S. Dapprich, A. D. Daniels, 
 O. Farkas, J. B. Foresman, J. V. Ortiz, J. Cioslowski, 
 and D. J. Fox, Gaussian, Inc., Wallingford CT, 2013.
 
 ******************************************
 Gaussian 09:  ES64L-G09RevE.01 30-Nov-2015
                14-Feb-2017 
 ******************************************
 %chk=h12.chk
 ----------------------------------------------------------------------
 #rhf/gen scf(symm,tight,novaracc,noincfock,fulldiag) stable(crhf) gues
 s=read geom=nocrowd test
 ----------------------------------------------------------------------
 1/38=1/1;
 2/12=1,17=6,18=5,40=1/2;
 3/5=7,16=1,25=1,30=1,116=1/1,2,3;
 4/5=1,9=4/1;
 5/5=100002,15=2,16=1,32=2,38=6/2;
 8/6=1,10=90,11=11/1,4;
 9/8=4,13=1/2;
 6/7=2,8=2,9=2,10=2,28=1/1;
 99/5=1,9=1/99;
 ----------------------------------------------------------------------
 hf stability analysis of h10 triangular lattice, y= 0.4707695940863088
 6
 ----------------------------------------------------------------------
 Symbolic Z-matrix:
 Charge =  0 Multiplicity = 1
 H
 H                    1     1.31365 
 H                    1     1.31365  2     138. 
 H                    2     1.31365  1     42.      3     0.       0
 H                    3     1.31365  1     180.     2     0.       0
 H                    4     1.31365  2     180.     1     0.       0
 H                    5     1.31365  3     180.     2     0.       0
 H                    6     1.31365  4     180.     1     0.       0
 H                    7     1.31365  5     180.     2     0.       0
 H                    8     1.31365  6     180.     1     0.       0
 H                    9     1.31365  7     180.     2     0.       0
 H                    10    1.31365  8     180.     1     0.       0
 
                          Input orientation:                          
 ---------------------------------------------------------------------
 Center     Atomic      Atomic             Coordinates (Angstroms)
 Number     Number       Type             X           Y           Z
 ---------------------------------------------------------------------
      1          1           0        0.000000    0.000000    0.000000
      2          1           0        0.000000    0.000000    1.313649
      3          1           0        0.879003    0.000000   -0.976231
      4          1           0        0.879003    0.000000    0.337417
      5          1           0        1.758005    0.000000   -1.952462
      6          1           0        1.758005    0.000000   -0.638814
      7          1           0        2.637008    0.000000   -2.928694
      8          1           0        2.637008    0.000000   -1.615045
      9          1           0        3.516010    0.000000   -3.904925
     10          1           0        3.516010    0.000000   -2.591276
     11          1           0        4.395013    0.000000   -4.881156
     12          1           0        4.395013    0.000000   -3.567507
 ---------------------------------------------------------------------
                    Distance matrix (angstroms):
                    1          2          3          4          5
     1  H    0.000000
     2  H    1.313649   0.000000
     3  H    1.313649   2.452793   0.000000
     4  H    0.941539   1.313649   1.313649   0.000000
     5  H    2.627297   3.709186   1.313649   2.452793   0.000000
     6  H    1.870472   2.627297   0.941539   1.313649   1.313649
     7  H    3.940946   4.995125   2.627297   3.709186   1.313649
     8  H    3.092277   3.940946   1.870472   2.627297   0.941539
     9  H    5.254595   6.292522   3.940946   4.995125   2.627297
    10  H    4.367727   5.254595   3.092277   3.940946   1.870472
    11  H    6.568243   7.595508   5.254595   6.292522   3.940946
    12  H    5.660675   6.568243   4.367727   5.254595   3.092277
                    6          7          8          9         10
     6  H    0.000000
     7  H    2.452793   0.000000
     8  H    1.313649   1.313649   0.000000
     9  H    3.709186   1.313649   2.452793   0.000000
    10  H    2.627297   0.941539   1.313649   1.313649   0.000000
    11  H    4.995125   2.627297   3.709186   1.313649   2.452793
    12  H    3.940946   1.870472   2.627297   0.941539   1.313649
                   11         12
    11  H    0.000000
    12  H    1.313649   0.000000
 Stoichiometry    H12
 Framework group  C2H[SGH(H12)]
 Deg. of freedom    11
 Full point group                 C2H     NOp   4
 Largest Abelian subgroup         C2H     NOp   4
 Largest concise Abelian subgroup C2      NOp   2
                         Standard orientation:                         
 ---------------------------------------------------------------------
 Center     Atomic      Atomic             Coordinates (Angstroms)
 Number     Number       Type             X           Y           Z
 ---------------------------------------------------------------------
      1          1           0        2.452793    1.412309   -0.000000
      2          1           0        3.679190    0.941539   -0.000000
      3          1           0        1.226397    0.941539   -0.000000
      4          1           0        2.452793    0.470770   -0.000000
      5          1           0       -0.000000    0.470770    0.000000
      6          1           0        1.226397    0.000000   -0.000000
      7          1           0       -1.226397   -0.000000   -0.000000
      8          1           0        0.000000   -0.470770   -0.000000
      9          1           0       -2.452793   -0.470770   -0.000000
     10          1           0       -1.226397   -0.941539   -0.000000
     11          1           0       -3.679190   -0.941539   -0.000000
     12          1           0       -2.452793   -1.412309   -0.000000
 ---------------------------------------------------------------------
 Rotational constants (GHZ):    226.9664248      7.9136069      7.6469807
 General basis read from cards:  (5D, 7F)
 There are     6 symmetry adapted cartesian basis functions of AG  symmetry.
 There are     0 symmetry adapted cartesian basis functions of BG  symmetry.
 There are     0 symmetry adapted cartesian basis functions of AU  symmetry.
 There are     6 symmetry adapted cartesian basis functions of BU  symmetry.
 There are     6 symmetry adapted basis functions of AG  symmetry.
 There are     0 symmetry adapted basis functions of BG  symmetry.
 There are     0 symmetry adapted basis functions of AU  symmetry.
 There are     6 symmetry adapted basis functions of BU  symmetry.
    12 basis functions,   120 primitive gaussians,    12 cartesian basis functions
     6 alpha electrons        6 beta electrons
       nuclear repulsion energy        16.4222892231 Hartrees.
 NAtoms=   12 NActive=   12 NUniq=    6 SFac= 4.00D+00 NAtFMM=   60 NAOKFM=F Big=F
 Integral buffers will be    131072 words long.
 Regular integral format.
 Two-electron integral symmetry is turned on.
 One-electron integrals computed using PRISM.
 NBasis=    12 RedAO= T EigKep=  1.79D-01  NBF=     6     0     0     6
 NBsUse=    12 1.00D-06 EigRej= -1.00D+00 NBFU=     6     0     0     6
 Initial guess from the checkpoint file:  "h12.chk"
 B after Tr=    -0.000000   -0.000000    0.000000
         Rot=    0.999973   -0.000000    0.000000   -0.007349 Ang=  -0.84 deg.
 Initial guess orbital symmetries:
       Occupied  (AG) (BU) (AG) (BU) (AG) (AG)
       Virtual   (BU) (BU) (AG) (BU) (AG) (BU)
 Keep R1 ints in memory in symmetry-blocked form, NReq=897554.
 Requested convergence on RMS density matrix=1.00D-08 within 128 cycles.
 Requested convergence on MAX density matrix=1.00D-06.
 Requested convergence on             energy=1.00D-06.
 No special actions if energy rises.
 SCF Done:  E(RHF) =  -5.57384826622     A.U. after   11 cycles
            NFock= 11  Conv=0.76D-08     -V/T= 1.8665
 Range of M.O.s used for correlation:     1    12
 NBasis=    12 NAE=     6 NBE=     6 NFC=     0 NFV=     0
 NROrb=     12 NOA=     6 NOB=     6 NVA=     6 NVB=     6

 **** Warning!!: The smallest alpha delta epsilon is  0.70658080D-01

 Semi-Direct transformation.
 ModeAB=           4 MOrb=             6 LenV=     134091339
 LASXX=         2181 LTotXX=        2181 LenRXX=        5115
 LTotAB=        2934 MaxLAS=        3024 LenRXY=           0
 NonZer=        7296 LenScr=      655360 LnRSAI=        3024
 LnScr1=      655360 LExtra=           0 Total=      1318859
 MaxDsk=          -1 SrtSym=           T ITran=            3
 JobTyp=0 Pass  1:  I=   1 to   6.
 (rs|ai) integrals will be sorted in core.
 Spin components of T(2) and E(2):
     alpha-alpha T2 =       0.9158157837D-02 E2=     -0.8612530156D-02
     alpha-beta  T2 =       0.9216191728D+00 E2=     -0.2466887038D+00
     beta-beta   T2 =       0.9158157837D-02 E2=     -0.8612530156D-02
 ANorm=    0.1392815669D+01
 E2 =    -0.2639137641D+00 EUMP2 =    -0.58377620303164D+01
 Second order stability test of a single determinant RHF wave function:
 Stabil:  MDV=134217728
 ***********************************************************************
 Matrix         Lowest Root    Major Pairs
 ***********************************************************************
 Internal RHF    -0.0184193    6A=8A 6A=7A 5A=7A 4A=9A 6A=10A
 RRHF --> CRHF   -0.0883276    6A=7A
 RRHF --> RUHF   -0.3366273    6A=7B
 Not stable.
 ***********************************************************************

 **********************************************************************

            Population analysis using the SCF density.

 **********************************************************************

 Orbital symmetries:
       Occupied  (AG) (BU) (AG) (BU) (AG) (AG)
       Virtual   (BU) (BU) (AG) (BU) (AG) (BU)
 The electronic state is 1-AG.
 Alpha  occ. eigenvalues --   -0.80241  -0.74701  -0.63946  -0.48364  -0.30636
 Alpha  occ. eigenvalues --   -0.09464
 Alpha virt. eigenvalues --   -0.02399   0.09438   0.20012   0.27526   0.46834
 Alpha virt. eigenvalues --    0.62343
          Condensed to atoms (all electrons):
               1          2          3          4          5          6
     1  H    1.200015   0.033603   0.140760  -0.096727   0.020662  -0.230456
     2  H    0.033603   0.882953  -0.094634   0.201187   0.004463  -0.022294
     3  H    0.140760  -0.094634   1.029594  -0.070934  -0.091789   0.200857
     4  H   -0.096727   0.201187  -0.070934   0.695797  -0.045260   0.214038
     5  H    0.020662   0.004463  -0.091789  -0.045260   0.967594  -0.171618
     6  H   -0.230456  -0.022294   0.200857   0.214038  -0.171618   1.286747
     7  H   -0.009369   0.000524  -0.037996   0.011007  -0.237525   0.068456
     8  H    0.014104   0.004461  -0.083820  -0.033369   0.608204  -0.237525
     9  H   -0.000769   0.000025  -0.002113   0.000774  -0.033369   0.011007
    10  H    0.003383  -0.000569   0.019734  -0.002113  -0.083820  -0.037996
    11  H   -0.000050   0.000010  -0.000569   0.000025   0.004461   0.000524
    12  H    0.000556  -0.000050   0.003383  -0.000769   0.014104  -0.009369
               7          8          9         10         11         12
     1  H   -0.009369   0.014104  -0.000769   0.003383  -0.000050   0.000556
     2  H    0.000524   0.004461   0.000025  -0.000569   0.000010  -0.000050
     3  H   -0.037996  -0.083820  -0.002113   0.019734  -0.000569   0.003383
     4  H    0.011007  -0.033369   0.000774  -0.002113   0.000025  -0.000769
     5  H   -0.237525   0.608204  -0.033369  -0.083820   0.004461   0.014104
     6  H    0.068456  -0.237525   0.011007  -0.037996   0.000524  -0.009369
     7  H    1.286747  -0.171618   0.214038   0.200857  -0.022294  -0.230456
     8  H   -0.171618   0.967594  -0.045260  -0.091789   0.004463   0.020662
     9  H    0.214038  -0.045260   0.695797  -0.070934   0.201187  -0.096727
    10  H    0.200857  -0.091789  -0.070934   1.029594  -0.094634   0.140760
    11  H   -0.022294   0.004463   0.201187  -0.094634   0.882953   0.033603
    12  H   -0.230456   0.020662  -0.096727   0.140760   0.033603   1.200015
 Mulliken charges:
               1
     1  H   -0.075713
     2  H   -0.009680
     3  H   -0.012473
     4  H    0.126343
     5  H    0.043896
     6  H   -0.072372
     7  H   -0.072372
     8  H    0.043896
     9  H    0.126343
    10  H   -0.012473
    11  H   -0.009680
    12  H   -0.075713
 Sum of Mulliken charges =  -0.00000
 Mulliken charges with hydrogens summed into heavy atoms:
               1
 Electronic spatial extent (au):  <R**2>=            273.2213
 Charge=             -0.0000 electrons
 Dipole moment (field-independent basis, Debye):
    X=              0.0000    Y=              0.0000    Z=              0.0000  Tot=              0.0000
 Quadrupole moment (field-independent basis, Debye-Ang):
   XX=            -19.6147   YY=            -17.5381   ZZ=            -15.3664
   XY=             -2.8629   XZ=             -0.0000   YZ=             -0.0000
 Traceless Quadrupole moment (field-independent basis, Debye-Ang):
   XX=             -2.1083   YY=             -0.0317   ZZ=              2.1400
   XY=             -2.8629   XZ=             -0.0000   YZ=             -0.0000
 Octapole moment (field-independent basis, Debye-Ang**2):
  XXX=              0.0000  YYY=              0.0000  ZZZ=              0.0000  XYY=             -0.0000
  XXY=              0.0000  XXZ=              0.0000  XZZ=              0.0000  YZZ=              0.0000
  YYZ=              0.0000  XYZ=              0.0000
 Hexadecapole moment (field-independent basis, Debye-Ang**3):
 XXXX=           -514.4699 YYYY=            -97.2525 ZZZZ=            -18.4655 XXXY=            -92.9103
 XXXZ=             -0.0000 YYYX=            -88.3356 YYYZ=             -0.0000 ZZZX=             -0.0000
 ZZZY=             -0.0000 XXYY=           -111.4201 XXZZ=            -84.0899 YYZZ=            -17.8623
 XXYZ=             -0.0000 YYXZ=             -0.0000 ZZXY=            -25.3232
 N-N= 1.642228922305D+01 E-N=-4.427747924867D+01  KE= 6.432263140816D+00
 Symmetry AG   KE= 4.680822998246D+00
 Symmetry BG   KE= 0.000000000000D+00
 Symmetry AU   KE= 0.000000000000D+00
 Symmetry BU   KE= 1.751440142570D+00

 Test job not archived.
 1\1\GINC-SULU\Stability\RHF\Gen\H12\LCJ1\14-Feb-2017\0\\#rhf/gen scf(s
 ymm,tight,novaracc,noincfock,fulldiag) stable(crhf) guess=read geom=no
 crowd test\\hf stability analysis of h10 triangular lattice, y= 0.4707
 6959408630886\\0,1\H\H,1,1.3136486736\H,1,1.3136486736,2,138.\H,2,1.31
 36486736,1,42.,3,0.,0\H,3,1.3136486736,1,180.,2,0.,0\H,4,1.3136486736,
 2,180.,1,0.,0\H,5,1.3136486736,3,180.,2,0.,0\H,6,1.3136486736,4,180.,1
 ,0.,0\H,7,1.3136486736,5,180.,2,0.,0\H,8,1.3136486736,6,180.,1,0.,0\H,
 9,1.3136486736,7,180.,2,0.,0\H,10,1.3136486736,8,180.,1,0.,0\\Version=
 ES64L-G09RevE.01\State=1-AG\HF=-5.5738483\MP2=-5.837762\RMSD=7.632e-09
 \Dipole=0.,0.,0.\Quadrupole=-1.6461066,1.591029,0.0550777,0.,2.0983243
 ,0.\PG=C02H [SGH(H12)]\\@


 ALL MEN WHO EXPLORE
 DEPLORE
 THAT FRUSTRATING HURDLE
 THE GIRDLE.

         -- COLIN FLETCHER
 Job cpu time:       0 days  0 hours  0 minutes  0.9 seconds.
 File lengths (MBytes):  RWF=     84 Int=      0 D2E=      0 Chk=      2 Scr=      2
 Normal termination of Gaussian 09 at Tue Feb 14 17:53:45 2017.
