 Entering Gaussian System, Link 0=g09
 AtFile(1): H.gbs
            H     0
            S   10   1.00
               1000.000000000000            0.000068713567
                316.227766000000            0.000169141320
                100.000000000000            0.000823394812
                 31.622776600000            0.003425569236
                 10.000000000000            0.013951996000
                  3.162277660000            0.056909313560
                  1.000000000000            0.198286399900
                  0.316227766000            0.496922426700
                  0.100000000000            0.369846276400
                  0.031622776600            0.003752720039
            ****
 Initial command:
 /projects/guscus/apps/gau/g09-e1/g09/l1.exe "/users/lcj1/gaussian/h12/rhfstability/2rows/alterguess/4to2/Gau-20634.inp" -scrdir="/users/lcj1/gaussian/h12/rhfstability/2rows/alterguess/4to2/"
 Entering Link 1 = /projects/guscus/apps/gau/g09-e1/g09/l1.exe PID=     20635.
  
 Copyright (c) 1988,1990,1992,1993,1995,1998,2003,2009,2015,
            Gaussian, Inc.  All Rights Reserved.
  
 This is part of the Gaussian(R) 09 program.  It is based on
 the Gaussian(R) 03 system (copyright 2003, Gaussian, Inc.),
 the Gaussian(R) 98 system (copyright 1998, Gaussian, Inc.),
 the Gaussian(R) 94 system (copyright 1995, Gaussian, Inc.),
 the Gaussian 92(TM) system (copyright 1992, Gaussian, Inc.),
 the Gaussian 90(TM) system (copyright 1990, Gaussian, Inc.),
 the Gaussian 88(TM) system (copyright 1988, Gaussian, Inc.),
 the Gaussian 86(TM) system (copyright 1986, Carnegie Mellon
 University), and the Gaussian 82(TM) system (copyright 1983,
 Carnegie Mellon University). Gaussian is a federally registered
 trademark of Gaussian, Inc.
  
 This software contains proprietary and confidential information,
 including trade secrets, belonging to Gaussian, Inc.
  
 This software is provided under written license and may be
 used, copied, transmitted, or stored only in accord with that
 written license.
  
 The following legend is applicable only to US Government
 contracts under FAR:
  
                    RESTRICTED RIGHTS LEGEND
  
 Use, reproduction and disclosure by the US Government is
 subject to restrictions as set forth in subparagraphs (a)
 and (c) of the Commercial Computer Software - Restricted
 Rights clause in FAR 52.227-19.
  
 Gaussian, Inc.
 340 Quinnipiac St., Bldg. 40, Wallingford CT 06492
  
  
 ---------------------------------------------------------------
 Warning -- This program may not be used in any manner that
 competes with the business of Gaussian, Inc. or will provide
 assistance to any competitor of Gaussian, Inc.  The licensee
 of this program is prohibited from giving any competitor of
 Gaussian, Inc. access to this program.  By using this program,
 the user acknowledges that Gaussian, Inc. is engaged in the
 business of creating and licensing software in the field of
 computational chemistry and represents and warrants to the
 licensee that it is not a competitor of Gaussian, Inc. and that
 it will not use this program in any manner prohibited above.
 ---------------------------------------------------------------
  

 Cite this work as:
 Gaussian 09, Revision E.01,
 M. J. Frisch, G. W. Trucks, H. B. Schlegel, G. E. Scuseria, 
 M. A. Robb, J. R. Cheeseman, G. Scalmani, V. Barone, B. Mennucci, 
 G. A. Petersson, H. Nakatsuji, M. Caricato, X. Li, H. P. Hratchian, 
 A. F. Izmaylov, J. Bloino, G. Zheng, J. L. Sonnenberg, M. Hada, 
 M. Ehara, K. Toyota, R. Fukuda, J. Hasegawa, M. Ishida, T. Nakajima, 
 Y. Honda, O. Kitao, H. Nakai, T. Vreven, J. A. Montgomery, Jr., 
 J. E. Peralta, F. Ogliaro, M. Bearpark, J. J. Heyd, E. Brothers, 
 K. N. Kudin, V. N. Staroverov, T. Keith, R. Kobayashi, J. Normand, 
 K. Raghavachari, A. Rendell, J. C. Burant, S. S. Iyengar, J. Tomasi, 
 M. Cossi, N. Rega, J. M. Millam, M. Klene, J. E. Knox, J. B. Cross, 
 V. Bakken, C. Adamo, J. Jaramillo, R. Gomperts, R. E. Stratmann, 
 O. Yazyev, A. J. Austin, R. Cammi, C. Pomelli, J. W. Ochterski, 
 R. L. Martin, K. Morokuma, V. G. Zakrzewski, G. A. Voth, 
 P. Salvador, J. J. Dannenberg, S. Dapprich, A. D. Daniels, 
 O. Farkas, J. B. Foresman, J. V. Ortiz, J. Cioslowski, 
 and D. J. Fox, Gaussian, Inc., Wallingford CT, 2013.
 
 ******************************************
 Gaussian 09:  ES64L-G09RevE.01 30-Nov-2015
                14-Feb-2017 
 ******************************************
 %chk=h12.chk
 ----------------------------------------------------------------------
 #rhf/gen scf(symm,tight,novaracc,noincfock,fulldiag) stable(crhf) gues
 s=read geom=nocrowd test
 ----------------------------------------------------------------------
 1/38=1/1;
 2/12=1,17=6,18=5,40=1/2;
 3/5=7,16=1,25=1,30=1,116=1/1,2,3;
 4/5=1,9=4/1;
 5/5=100002,15=2,16=1,32=2,38=6/2;
 8/6=1,10=90,11=11/1,4;
 9/8=4,13=1/2;
 6/7=2,8=2,9=2,10=2,28=1/1;
 99/5=1,9=1/99;
 ----------------------------------------------------------------------
 hf stability analysis of h10 triangular lattice, y= 0.5540600992415728
 5
 ----------------------------------------------------------------------
 Symbolic Z-matrix:
 Charge =  0 Multiplicity = 1
 H
 H                    1     1.18018 
 H                    1     1.18018  2     124. 
 H                    2     1.18018  1     56.      3     0.       0
 H                    3     1.18018  1     180.     2     0.       0
 H                    4     1.18018  2     180.     1     0.       0
 H                    5     1.18018  3     180.     2     0.       0
 H                    6     1.18018  4     180.     1     0.       0
 H                    7     1.18018  5     180.     2     0.       0
 H                    8     1.18018  6     180.     1     0.       0
 H                    9     1.18018  7     180.     2     0.       0
 H                    10    1.18018  8     180.     1     0.       0
 
                          Input orientation:                          
 ---------------------------------------------------------------------
 Center     Atomic      Atomic             Coordinates (Angstroms)
 Number     Number       Type             X           Y           Z
 ---------------------------------------------------------------------
      1          1           0        0.000000    0.000000    0.000000
      2          1           0        0.000000    0.000000    1.180178
      3          1           0        0.978412    0.000000   -0.659947
      4          1           0        0.978412    0.000000    0.520231
      5          1           0        1.956824    0.000000   -1.319895
      6          1           0        1.956824    0.000000   -0.139716
      7          1           0        2.935236    0.000000   -1.979842
      8          1           0        2.935236    0.000000   -0.799664
      9          1           0        3.913648    0.000000   -2.639789
     10          1           0        3.913648    0.000000   -1.459611
     11          1           0        4.892060    0.000000   -3.299736
     12          1           0        4.892060    0.000000   -2.119558
 ---------------------------------------------------------------------
                    Distance matrix (angstroms):
                    1          2          3          4          5
     1  H    0.000000
     2  H    1.180178   0.000000
     3  H    1.180178   2.084071   0.000000
     4  H    1.108120   1.180178   1.180178   0.000000
     5  H    2.360356   3.174827   1.180178   2.084071   0.000000
     6  H    1.961806   2.360356   1.108120   1.180178   1.180178
     7  H    3.540534   4.312927   2.360356   3.174827   1.180178
     8  H    3.042215   3.540534   1.961806   2.360356   1.108120
     9  H    4.720713   5.468893   3.540534   4.312927   2.360356
    10  H    4.176973   4.720713   3.042215   3.540534   1.961806
    11  H    5.900891   6.633392   4.720713   5.468893   3.540534
    12  H    5.331489   5.900891   4.176973   4.720713   3.042215
                    6          7          8          9         10
     6  H    0.000000
     7  H    2.084071   0.000000
     8  H    1.180178   1.180178   0.000000
     9  H    3.174827   1.180178   2.084071   0.000000
    10  H    2.360356   1.108120   1.180178   1.180178   0.000000
    11  H    4.312927   2.360356   3.174827   1.180178   2.084071
    12  H    3.540534   1.961806   2.360356   1.108120   1.180178
                   11         12
    11  H    0.000000
    12  H    1.180178   0.000000
 Stoichiometry    H12
 Framework group  C2H[SGH(H12)]
 Deg. of freedom    11
 Full point group                 C2H     NOp   4
 Largest Abelian subgroup         C2H     NOp   4
 Largest concise Abelian subgroup C2      NOp   2
                         Standard orientation:                         
 ---------------------------------------------------------------------
 Center     Atomic      Atomic             Coordinates (Angstroms)
 Number     Number       Type             X           Y           Z
 ---------------------------------------------------------------------
      1          1           0        2.084071    1.662180    0.000000
      2          1           0        3.126106    1.108120    0.000000
      3          1           0        1.042035    1.108120    0.000000
      4          1           0        2.084071    0.554060    0.000000
      5          1           0        0.000000    0.554060    0.000000
      6          1           0        1.042035    0.000000    0.000000
      7          1           0       -1.042035    0.000000   -0.000000
      8          1           0       -0.000000   -0.554060    0.000000
      9          1           0       -2.084071   -0.554060   -0.000000
     10          1           0       -1.042035   -1.108120   -0.000000
     11          1           0       -3.126106   -1.108120   -0.000000
     12          1           0       -2.084071   -1.662180   -0.000000
 ---------------------------------------------------------------------
 Rotational constants (GHZ):    179.5735914     10.0021559      9.4744348
 General basis read from cards:  (5D, 7F)
 There are     6 symmetry adapted cartesian basis functions of AG  symmetry.
 There are     0 symmetry adapted cartesian basis functions of BG  symmetry.
 There are     0 symmetry adapted cartesian basis functions of AU  symmetry.
 There are     6 symmetry adapted cartesian basis functions of BU  symmetry.
 There are     6 symmetry adapted basis functions of AG  symmetry.
 There are     0 symmetry adapted basis functions of BG  symmetry.
 There are     0 symmetry adapted basis functions of AU  symmetry.
 There are     6 symmetry adapted basis functions of BU  symmetry.
    12 basis functions,   120 primitive gaussians,    12 cartesian basis functions
     6 alpha electrons        6 beta electrons
       nuclear repulsion energy        17.4110971820 Hartrees.
 NAtoms=   12 NActive=   12 NUniq=    6 SFac= 4.00D+00 NAtFMM=   60 NAOKFM=F Big=F
 Integral buffers will be    131072 words long.
 Regular integral format.
 Two-electron integral symmetry is turned on.
 One-electron integrals computed using PRISM.
 NBasis=    12 RedAO= T EigKep=  1.83D-01  NBF=     6     0     0     6
 NBsUse=    12 1.00D-06 EigRej= -1.00D+00 NBFU=     6     0     0     6
 Initial guess from the checkpoint file:  "h12.chk"
 B after Tr=     0.000000    0.000000   -0.000000
         Rot=    0.999973   -0.000000    0.000000   -0.007349 Ang=  -0.84 deg.
 Initial guess orbital symmetries:
       Occupied  (AG) (BU) (AG) (BU) (AG) (AG)
       Virtual   (BU) (BU) (BU) (AG) (AG) (BU)
 Keep R1 ints in memory in symmetry-blocked form, NReq=899682.
 Requested convergence on RMS density matrix=1.00D-08 within 128 cycles.
 Requested convergence on MAX density matrix=1.00D-06.
 Requested convergence on             energy=1.00D-06.
 No special actions if energy rises.
 SCF Done:  E(RHF) =  -5.53164080852     A.U. after   10 cycles
            NFock= 10  Conv=0.32D-08     -V/T= 1.8430
 Range of M.O.s used for correlation:     1    12
 NBasis=    12 NAE=     6 NBE=     6 NFC=     0 NFV=     0
 NROrb=     12 NOA=     6 NOB=     6 NVA=     6 NVB=     6

 **** Warning!!: The smallest alpha delta epsilon is  0.62571267D-01

 Semi-Direct transformation.
 ModeAB=           4 MOrb=             6 LenV=     134088567
 LASXX=         2181 LTotXX=        2181 LenRXX=        5115
 LTotAB=        2934 MaxLAS=        3024 LenRXY=           0
 NonZer=        7296 LenScr=      655360 LnRSAI=        3024
 LnScr1=      655360 LExtra=           0 Total=      1318859
 MaxDsk=          -1 SrtSym=           T ITran=            3
 JobTyp=0 Pass  1:  I=   1 to   6.
 (rs|ai) integrals will be sorted in core.
 Spin components of T(2) and E(2):
     alpha-alpha T2 =       0.1395696250D-01 E2=     -0.1254261522D-01
     alpha-beta  T2 =       0.8828518187D+00 E2=     -0.2382738032D+00
     beta-beta   T2 =       0.1395696250D-01 E2=     -0.1254261522D-01
 ANorm=    0.1382304505D+01
 E2 =    -0.2633590337D+00 EUMP2 =    -0.57949998421871D+01
 Second order stability test of a single determinant RHF wave function:
 Stabil:  MDV=134217728
 ***********************************************************************
 Matrix         Lowest Root    Major Pairs
 ***********************************************************************
 Internal RHF    -0.1115072    5A=7A 6A=7A
 RRHF --> CRHF   -0.1592291    5A=7A 6A=7A
 RRHF --> RUHF   -0.347452     6A=7B
 Not stable.
 ***********************************************************************

 **********************************************************************

            Population analysis using the SCF density.

 **********************************************************************

 Orbital symmetries:
       Occupied  (AG) (BU) (AG) (BU) (AG) (AG)
       Virtual   (BU) (BU) (BU) (AG) (AG) (BU)
 The electronic state is 1-AG.
 Alpha  occ. eigenvalues --   -0.86269  -0.77514  -0.64396  -0.46419  -0.24464
 Alpha  occ. eigenvalues --   -0.19398
 Alpha virt. eigenvalues --   -0.13141   0.12301   0.27898   0.34714   0.50792
 Alpha virt. eigenvalues --    0.57748
          Condensed to atoms (all electrons):
               1          2          3          4          5          6
     1  H    0.836853   0.232902   0.125364  -0.121785   0.015872  -0.156787
     2  H    0.232902   1.061200  -0.163728   0.045379   0.013527  -0.059554
     3  H    0.125364  -0.163728   1.336778  -0.032529  -0.108272   0.088007
     4  H   -0.121785   0.045379  -0.032529   0.914240  -0.113796   0.316474
     5  H    0.015872   0.013527  -0.108272  -0.113796   1.021751  -0.056199
     6  H   -0.156787  -0.059554   0.088007   0.316474  -0.056199   1.043793
     7  H   -0.009151   0.001054  -0.074923   0.025497  -0.214538   0.047316
     8  H    0.014843   0.013990  -0.104839  -0.081221   0.509585  -0.214538
     9  H   -0.001851  -0.000143  -0.005136   0.005018  -0.081221   0.025497
    10  H    0.004293  -0.001648   0.040836  -0.005136  -0.104839  -0.074923
    11  H   -0.000044   0.000051  -0.001648  -0.000143   0.013990   0.001054
    12  H    0.000466  -0.000044   0.004293  -0.001851   0.014843  -0.009151
               7          8          9         10         11         12
     1  H   -0.009151   0.014843  -0.001851   0.004293  -0.000044   0.000466
     2  H    0.001054   0.013990  -0.000143  -0.001648   0.000051  -0.000044
     3  H   -0.074923  -0.104839  -0.005136   0.040836  -0.001648   0.004293
     4  H    0.025497  -0.081221   0.005018  -0.005136  -0.000143  -0.001851
     5  H   -0.214538   0.509585  -0.081221  -0.104839   0.013990   0.014843
     6  H    0.047316  -0.214538   0.025497  -0.074923   0.001054  -0.009151
     7  H    1.043793  -0.056199   0.316474   0.088007  -0.059554  -0.156787
     8  H   -0.056199   1.021751  -0.113796  -0.108272   0.013527   0.015872
     9  H    0.316474  -0.113796   0.914240  -0.032529   0.045379  -0.121785
    10  H    0.088007  -0.108272  -0.032529   1.336778  -0.163728   0.125364
    11  H   -0.059554   0.013527   0.045379  -0.163728   1.061200   0.232902
    12  H   -0.156787   0.015872  -0.121785   0.125364   0.232902   0.836853
 Mulliken charges:
               1
     1  H    0.059024
     2  H   -0.142984
     3  H   -0.104203
     4  H    0.049854
     5  H    0.089297
     6  H    0.049012
     7  H    0.049012
     8  H    0.089297
     9  H    0.049854
    10  H   -0.104203
    11  H   -0.142984
    12  H    0.059024
 Sum of Mulliken charges =  -0.00000
 Mulliken charges with hydrogens summed into heavy atoms:
               1
 Electronic spatial extent (au):  <R**2>=            235.4940
 Charge=             -0.0000 electrons
 Dipole moment (field-independent basis, Debye):
    X=             -0.0000    Y=              0.0000    Z=              0.0000  Tot=              0.0000
 Quadrupole moment (field-independent basis, Debye-Ang):
   XX=            -29.7482   YY=            -17.6110   ZZ=            -15.1682
   XY=             -5.8796   XZ=             -0.0000   YZ=             -0.0000
 Traceless Quadrupole moment (field-independent basis, Debye-Ang):
   XX=             -8.9057   YY=              3.2314   ZZ=              5.6743
   XY=             -5.8796   XZ=             -0.0000   YZ=             -0.0000
 Octapole moment (field-independent basis, Debye-Ang**2):
  XXX=             -0.0000  YYY=             -0.0000  ZZZ=              0.0000  XYY=             -0.0000
  XXY=             -0.0000  XXZ=              0.0000  XZZ=             -0.0000  YZZ=             -0.0000
  YYZ=              0.0000  XYZ=              0.0000
 Hexadecapole moment (field-independent basis, Debye-Ang**3):
 XXXX=           -525.8308 YYYY=           -121.3994 ZZZZ=            -18.0184 XXXY=           -139.0505
 XXXZ=             -0.0000 YYYX=            -90.7928 YYYZ=             -0.0000 ZZZX=             -0.0000
 ZZZY=             -0.0000 XXYY=           -106.5733 XXZZ=            -64.6906 YYZZ=            -22.0793
 XXYZ=             -0.0000 YYXZ=             -0.0000 ZZXY=            -26.1053
 N-N= 1.741109718198D+01 E-N=-4.607813844114D+01  KE= 6.561874847324D+00
 Symmetry AG   KE= 4.730775572552D+00
 Symmetry BG   KE= 0.000000000000D+00
 Symmetry AU   KE= 0.000000000000D+00
 Symmetry BU   KE= 1.831099274772D+00

 Test job not archived.
 1\1\GINC-SULU\Stability\RHF\Gen\H12\LCJ1\14-Feb-2017\0\\#rhf/gen scf(s
 ymm,tight,novaracc,noincfock,fulldiag) stable(crhf) guess=read geom=no
 crowd test\\hf stability analysis of h10 triangular lattice, y= 0.5540
 6009924157285\\0,1\H\H,1,1.1801781599\H,1,1.1801781599,2,124.\H,2,1.18
 01781599,1,56.,3,0.,0\H,3,1.1801781599,1,180.,2,0.,0\H,4,1.1801781599,
 2,180.,1,0.,0\H,5,1.1801781599,3,180.,2,0.,0\H,6,1.1801781599,4,180.,1
 ,0.,0\H,7,1.1801781599,5,180.,2,0.,0\H,8,1.1801781599,6,180.,1,0.,0\H,
 9,1.1801781599,7,180.,2,0.,0\H,10,1.1801781599,8,180.,1,0.,0\\Version=
 ES64L-G09RevE.01\State=1-AG\HF=-5.5316408\MP2=-5.7949998\RMSD=3.199e-0
 9\Dipole=0.,0.,0.\Quadrupole=-3.2103686,4.2187009,-1.0083322,0.,6.1849
 233,0.\PG=C02H [SGH(H12)]\\@


 ...THOSE SCIENCES ARE VAIN AND FULL OF ERRORS WHICH 
 ARE NOT BORN FROM EXPERIMENT, THE MOTHER OF CERTAINTY...

                          -- LEONARDO DA VINCI, 1452-1519
 Job cpu time:       0 days  0 hours  0 minutes  1.0 seconds.
 File lengths (MBytes):  RWF=     84 Int=      0 D2E=      0 Chk=      2 Scr=      2
 Normal termination of Gaussian 09 at Tue Feb 14 17:54:02 2017.
