 Entering Gaussian System, Link 0=g09
 AtFile(1): H.gbs
            H     0
            S   10   1.00
               1000.000000000000            0.000068713567
                316.227766000000            0.000169141320
                100.000000000000            0.000823394812
                 31.622776600000            0.003425569236
                 10.000000000000            0.013951996000
                  3.162277660000            0.056909313560
                  1.000000000000            0.198286399900
                  0.316227766000            0.496922426700
                  0.100000000000            0.369846276400
                  0.031622776600            0.003752720039
            ****
 Initial command:
 /projects/guscus/apps/gau/g09-e1/g09/l1.exe "/users/lcj1/gaussian/h12/rhfstability/2rows/alterguess/4to2/Gau-20150.inp" -scrdir="/users/lcj1/gaussian/h12/rhfstability/2rows/alterguess/4to2/"
 Entering Link 1 = /projects/guscus/apps/gau/g09-e1/g09/l1.exe PID=     20151.
  
 Copyright (c) 1988,1990,1992,1993,1995,1998,2003,2009,2015,
            Gaussian, Inc.  All Rights Reserved.
  
 This is part of the Gaussian(R) 09 program.  It is based on
 the Gaussian(R) 03 system (copyright 2003, Gaussian, Inc.),
 the Gaussian(R) 98 system (copyright 1998, Gaussian, Inc.),
 the Gaussian(R) 94 system (copyright 1995, Gaussian, Inc.),
 the Gaussian 92(TM) system (copyright 1992, Gaussian, Inc.),
 the Gaussian 90(TM) system (copyright 1990, Gaussian, Inc.),
 the Gaussian 88(TM) system (copyright 1988, Gaussian, Inc.),
 the Gaussian 86(TM) system (copyright 1986, Carnegie Mellon
 University), and the Gaussian 82(TM) system (copyright 1983,
 Carnegie Mellon University). Gaussian is a federally registered
 trademark of Gaussian, Inc.
  
 This software contains proprietary and confidential information,
 including trade secrets, belonging to Gaussian, Inc.
  
 This software is provided under written license and may be
 used, copied, transmitted, or stored only in accord with that
 written license.
  
 The following legend is applicable only to US Government
 contracts under FAR:
  
                    RESTRICTED RIGHTS LEGEND
  
 Use, reproduction and disclosure by the US Government is
 subject to restrictions as set forth in subparagraphs (a)
 and (c) of the Commercial Computer Software - Restricted
 Rights clause in FAR 52.227-19.
  
 Gaussian, Inc.
 340 Quinnipiac St., Bldg. 40, Wallingford CT 06492
  
  
 ---------------------------------------------------------------
 Warning -- This program may not be used in any manner that
 competes with the business of Gaussian, Inc. or will provide
 assistance to any competitor of Gaussian, Inc.  The licensee
 of this program is prohibited from giving any competitor of
 Gaussian, Inc. access to this program.  By using this program,
 the user acknowledges that Gaussian, Inc. is engaged in the
 business of creating and licensing software in the field of
 computational chemistry and represents and warrants to the
 licensee that it is not a competitor of Gaussian, Inc. and that
 it will not use this program in any manner prohibited above.
 ---------------------------------------------------------------
  

 Cite this work as:
 Gaussian 09, Revision E.01,
 M. J. Frisch, G. W. Trucks, H. B. Schlegel, G. E. Scuseria, 
 M. A. Robb, J. R. Cheeseman, G. Scalmani, V. Barone, B. Mennucci, 
 G. A. Petersson, H. Nakatsuji, M. Caricato, X. Li, H. P. Hratchian, 
 A. F. Izmaylov, J. Bloino, G. Zheng, J. L. Sonnenberg, M. Hada, 
 M. Ehara, K. Toyota, R. Fukuda, J. Hasegawa, M. Ishida, T. Nakajima, 
 Y. Honda, O. Kitao, H. Nakai, T. Vreven, J. A. Montgomery, Jr., 
 J. E. Peralta, F. Ogliaro, M. Bearpark, J. J. Heyd, E. Brothers, 
 K. N. Kudin, V. N. Staroverov, T. Keith, R. Kobayashi, J. Normand, 
 K. Raghavachari, A. Rendell, J. C. Burant, S. S. Iyengar, J. Tomasi, 
 M. Cossi, N. Rega, J. M. Millam, M. Klene, J. E. Knox, J. B. Cross, 
 V. Bakken, C. Adamo, J. Jaramillo, R. Gomperts, R. E. Stratmann, 
 O. Yazyev, A. J. Austin, R. Cammi, C. Pomelli, J. W. Ochterski, 
 R. L. Martin, K. Morokuma, V. G. Zakrzewski, G. A. Voth, 
 P. Salvador, J. J. Dannenberg, S. Dapprich, A. D. Daniels, 
 O. Farkas, J. B. Foresman, J. V. Ortiz, J. Cioslowski, 
 and D. J. Fox, Gaussian, Inc., Wallingford CT, 2013.
 
 ******************************************
 Gaussian 09:  ES64L-G09RevE.01 30-Nov-2015
                14-Feb-2017 
 ******************************************
 %chk=h12.chk
 ----------------------------------------------------------------------
 #rhf/gen scf(symm,tight,novaracc,noincfock,fulldiag) stable(crhf) gues
 s=read geom=nocrowd test
 ----------------------------------------------------------------------
 1/38=1/1;
 2/12=1,17=6,18=5,40=1/2;
 3/5=7,16=1,25=1,30=1,116=1/1,2,3;
 4/5=1,9=4/1;
 5/5=100002,15=2,16=1,32=2,38=6/2;
 8/6=1,10=90,11=11/1,4;
 9/8=4,13=1/2;
 6/7=2,8=2,9=2,10=2,28=1/1;
 99/5=1,9=1/99;
 ----------------------------------------------------------------------
 hf stability analysis of h10 triangular lattice, y= 0.4068814698559844
 5
 ----------------------------------------------------------------------
 Symbolic Z-matrix:
 Charge =  0 Multiplicity = 1
 H
 H                    1     1.47615 
 H                    1     1.47615  2     148. 
 H                    2     1.47615  1     32.      3     0.       0
 H                    3     1.47615  1     180.     2     0.       0
 H                    4     1.47615  2     180.     1     0.       0
 H                    5     1.47615  3     180.     2     0.       0
 H                    6     1.47615  4     180.     1     0.       0
 H                    7     1.47615  5     180.     2     0.       0
 H                    8     1.47615  6     180.     1     0.       0
 H                    9     1.47615  7     180.     2     0.       0
 H                    10    1.47615  8     180.     1     0.       0
 
                          Input orientation:                          
 ---------------------------------------------------------------------
 Center     Atomic      Atomic             Coordinates (Angstroms)
 Number     Number       Type             X           Y           Z
 ---------------------------------------------------------------------
      1          1           0        0.000000    0.000000    0.000000
      2          1           0        0.000000    0.000000    1.476148
      3          1           0        0.782239    0.000000   -1.251844
      4          1           0        0.782239    0.000000    0.224303
      5          1           0        1.564478    0.000000   -2.503689
      6          1           0        1.564478    0.000000   -1.027541
      7          1           0        2.346717    0.000000   -3.755533
      8          1           0        2.346717    0.000000   -2.279385
      9          1           0        3.128956    0.000000   -5.007377
     10          1           0        3.128956    0.000000   -3.531229
     11          1           0        3.911196    0.000000   -6.259221
     12          1           0        3.911196    0.000000   -4.783074
 ---------------------------------------------------------------------
                    Distance matrix (angstroms):
                    1          2          3          4          5
     1  H    0.000000
     2  H    1.476148   0.000000
     3  H    1.476148   2.837929   0.000000
     4  H    0.813763   1.476148   1.476148   0.000000
     5  H    2.952295   4.276294   1.476148   2.837929   0.000000
     6  H    1.871746   2.952295   0.813763   1.476148   1.476148
     7  H    4.428443   5.733896   2.952295   4.276294   1.476148
     8  H    3.271495   4.428443   1.871746   2.952295   0.813763
     9  H    5.904591   7.199060   4.428443   5.733896   2.952295
    10  H    4.718045   5.904591   3.271495   4.428443   1.871746
    11  H    7.380739   8.667952   5.904591   7.199060   4.428443
    12  H    6.178612   7.380739   4.718045   5.904591   3.271495
                    6          7          8          9         10
     6  H    0.000000
     7  H    2.837929   0.000000
     8  H    1.476148   1.476148   0.000000
     9  H    4.276294   1.476148   2.837929   0.000000
    10  H    2.952295   0.813763   1.476148   1.476148   0.000000
    11  H    5.733896   2.952295   4.276294   1.476148   2.837929
    12  H    4.428443   1.871746   2.952295   0.813763   1.476148
                   11         12
    11  H    0.000000
    12  H    1.476148   0.000000
 Stoichiometry    H12
 Framework group  C2H[SGH(H12)]
 Deg. of freedom    11
 Full point group                 C2H     NOp   4
 Largest Abelian subgroup         C2H     NOp   4
 Largest concise Abelian subgroup C2      NOp   2
                         Standard orientation:                         
 ---------------------------------------------------------------------
 Center     Atomic      Atomic             Coordinates (Angstroms)
 Number     Number       Type             X           Y           Z
 ---------------------------------------------------------------------
      1          1           0        2.837929    1.220644   -0.000000
      2          1           0        4.256893    0.813763   -0.000000
      3          1           0        1.418964    0.813763   -0.000000
      4          1           0        2.837929    0.406881   -0.000000
      5          1           0        0.000000    0.406881    0.000000
      6          1           0        1.418964    0.000000   -0.000000
      7          1           0       -1.418964    0.000000   -0.000000
      8          1           0       -0.000000   -0.406881   -0.000000
      9          1           0       -2.837929   -0.406881   -0.000000
     10          1           0       -1.418964   -0.813763   -0.000000
     11          1           0       -4.256893   -0.813763   -0.000000
     12          1           0       -2.837929   -1.220644   -0.000000
 ---------------------------------------------------------------------
 Rotational constants (GHZ):    290.3986793      6.1850249      6.0560410
 General basis read from cards:  (5D, 7F)
 There are     6 symmetry adapted cartesian basis functions of AG  symmetry.
 There are     0 symmetry adapted cartesian basis functions of BG  symmetry.
 There are     0 symmetry adapted cartesian basis functions of AU  symmetry.
 There are     6 symmetry adapted cartesian basis functions of BU  symmetry.
 There are     6 symmetry adapted basis functions of AG  symmetry.
 There are     0 symmetry adapted basis functions of BG  symmetry.
 There are     0 symmetry adapted basis functions of AU  symmetry.
 There are     6 symmetry adapted basis functions of BU  symmetry.
    12 basis functions,   120 primitive gaussians,    12 cartesian basis functions
     6 alpha electrons        6 beta electrons
       nuclear repulsion energy        15.4783268808 Hartrees.
 NAtoms=   12 NActive=   12 NUniq=    6 SFac= 4.00D+00 NAtFMM=   60 NAOKFM=F Big=F
 Integral buffers will be    131072 words long.
 Regular integral format.
 Two-electron integral symmetry is turned on.
 One-electron integrals computed using PRISM.
 NBasis=    12 RedAO= T EigKep=  1.70D-01  NBF=     6     0     0     6
 NBsUse=    12 1.00D-06 EigRej= -1.00D+00 NBFU=     6     0     0     6
 Initial guess from the checkpoint file:  "h12.chk"
 B after Tr=    -0.000000   -0.000000   -0.000000
         Rot=    0.999973   -0.000000    0.000000   -0.007349 Ang=  -0.84 deg.
 Initial guess orbital symmetries:
       Occupied  (AG) (BU) (AG) (BU) (AG) (AG)
       Virtual   (BU) (BU) (AG) (BU) (AG) (BU)
 Keep R1 ints in memory in symmetry-blocked form, NReq=894530.
 Requested convergence on RMS density matrix=1.00D-08 within 128 cycles.
 Requested convergence on MAX density matrix=1.00D-06.
 Requested convergence on             energy=1.00D-06.
 No special actions if energy rises.
 SCF Done:  E(RHF) =  -5.80932285717     A.U. after    8 cycles
            NFock=  8  Conv=0.99D-08     -V/T= 1.8960
 Range of M.O.s used for correlation:     1    12
 NBasis=    12 NAE=     6 NBE=     6 NFC=     0 NFV=     0
 NROrb=     12 NOA=     6 NOB=     6 NVA=     6 NVB=     6

 **** Warning!!: The smallest alpha delta epsilon is  0.55939460D-01

 Semi-Direct transformation.
 ModeAB=           4 MOrb=             6 LenV=     134093411
 LASXX=         2181 LTotXX=        2181 LenRXX=        5115
 LTotAB=        2934 MaxLAS=        3024 LenRXY=           0
 NonZer=        7296 LenScr=      655360 LnRSAI=        3024
 LnScr1=      655360 LExtra=           0 Total=      1318859
 MaxDsk=          -1 SrtSym=           T ITran=            3
 JobTyp=0 Pass  1:  I=   1 to   6.
 (rs|ai) integrals will be sorted in core.
 Spin components of T(2) and E(2):
     alpha-alpha T2 =       0.1047275171D-02 E2=     -0.1762807646D-02
     alpha-beta  T2 =       0.4932842162D+01 E2=     -0.6325393720D+00
     beta-beta   T2 =       0.1047275171D-02 E2=     -0.1762807646D-02
 ANorm=    0.2436172554D+01
 E2 =    -0.6360649873D+00 EUMP2 =    -0.64453878444882D+01
 Second order stability test of a single determinant RHF wave function:
 Stabil:  MDV=134217728
 ***********************************************************************
 Matrix         Lowest Root    Major Pairs
 ***********************************************************************
 Internal RHF     0.1129055    Stable
 RRHF --> CRHF   -0.0127149    6A=7A
 RRHF --> RUHF   -0.5252857    6A=7B
 Not stable.
 ***********************************************************************

 **********************************************************************

            Population analysis using the SCF density.

 **********************************************************************

 Orbital symmetries:
       Occupied  (AG) (BU) (AG) (BU) (AG) (AG)
       Virtual   (BU) (BU) (AG) (BU) (AG) (BU)
 The electronic state is 1-AG.
 Alpha  occ. eigenvalues --   -0.77460  -0.73190  -0.64821  -0.53907  -0.40872
 Alpha  occ. eigenvalues --   -0.10988
 Alpha virt. eigenvalues --   -0.05394   0.15745   0.23353   0.36387   0.51606
 Alpha virt. eigenvalues --    0.65081
          Condensed to atoms (all electrons):
               1          2          3          4          5          6
     1  H    0.808098  -0.108549  -0.129691   0.511545   0.009482  -0.111257
     2  H   -0.108549   1.270823  -0.006148  -0.053484  -0.000513   0.005467
     3  H   -0.129691  -0.006148   0.853475  -0.082536  -0.151625   0.605090
     4  H    0.511545  -0.053484  -0.082536   0.659859   0.004051  -0.117770
     5  H    0.009482  -0.000513  -0.151625   0.004051   0.889052  -0.129979
     6  H   -0.111257   0.005467   0.605090  -0.117770  -0.129979   0.875513
     7  H   -0.000960   0.000173   0.008446  -0.000639  -0.153143   0.009820
     8  H    0.007324  -0.000280  -0.112395   0.005266   0.631903  -0.153143
     9  H    0.000067  -0.000017  -0.000241   0.000058   0.005266  -0.000639
    10  H   -0.000366   0.000041   0.006640  -0.000241  -0.112395   0.008446
    11  H   -0.000018   0.000006   0.000041  -0.000017  -0.000280   0.000173
    12  H    0.000064  -0.000018  -0.000366   0.000067   0.007324  -0.000960
               7          8          9         10         11         12
     1  H   -0.000960   0.007324   0.000067  -0.000366  -0.000018   0.000064
     2  H    0.000173  -0.000280  -0.000017   0.000041   0.000006  -0.000018
     3  H    0.008446  -0.112395  -0.000241   0.006640   0.000041  -0.000366
     4  H   -0.000639   0.005266   0.000058  -0.000241  -0.000017   0.000067
     5  H   -0.153143   0.631903   0.005266  -0.112395  -0.000280   0.007324
     6  H    0.009820  -0.153143  -0.000639   0.008446   0.000173  -0.000960
     7  H    0.875513  -0.129979  -0.117770   0.605090   0.005467  -0.111257
     8  H   -0.129979   0.889052   0.004051  -0.151625  -0.000513   0.009482
     9  H   -0.117770   0.004051   0.659859  -0.082536  -0.053484   0.511545
    10  H    0.605090  -0.151625  -0.082536   0.853475  -0.006148  -0.129691
    11  H    0.005467  -0.000513  -0.053484  -0.006148   1.270823  -0.108549
    12  H   -0.111257   0.009482   0.511545  -0.129691  -0.108549   0.808098
 Mulliken charges:
               1
     1  H    0.014260
     2  H   -0.107503
     3  H    0.009308
     4  H    0.073840
     5  H    0.000856
     6  H    0.009238
     7  H    0.009238
     8  H    0.000856
     9  H    0.073840
    10  H    0.009308
    11  H   -0.107503
    12  H    0.014260
 Sum of Mulliken charges =  -0.00000
 Mulliken charges with hydrogens summed into heavy atoms:
               1
 Electronic spatial extent (au):  <R**2>=            342.7251
 Charge=             -0.0000 electrons
 Dipole moment (field-independent basis, Debye):
    X=             -0.0000    Y=             -0.0000    Z=              0.0000  Tot=              0.0000
 Quadrupole moment (field-independent basis, Debye-Ang):
   XX=            -34.4895   YY=            -13.5629   ZZ=            -15.2075
   XY=             -3.8886   XZ=             -0.0000   YZ=              0.0000
 Traceless Quadrupole moment (field-independent basis, Debye-Ang):
   XX=            -13.4029   YY=              7.5237   ZZ=              5.8792
   XY=             -3.8886   XZ=             -0.0000   YZ=              0.0000
 Octapole moment (field-independent basis, Debye-Ang**2):
  XXX=              0.0000  YYY=             -0.0000  ZZZ=              0.0000  XYY=             -0.0000
  XXY=              0.0000  XXZ=              0.0000  XZZ=              0.0000  YZZ=             -0.0000
  YYZ=              0.0000  XYZ=              0.0000
 Hexadecapole moment (field-independent basis, Debye-Ang**3):
 XXXX=          -1126.0556 YYYY=            -59.5100 ZZZZ=            -18.1720 XXXY=           -165.5289
 XXXZ=             -0.0000 YYYX=            -70.8227 YYYZ=             -0.0000 ZZZX=             -0.0000
 ZZZY=             -0.0000 XXYY=           -126.6844 XXZZ=           -110.8108 YYZZ=            -13.6155
 XXYZ=             -0.0000 YYXZ=             -0.0000 ZZXY=            -24.9951
 N-N= 1.547832688078D+01 E-N=-4.263386142353D+01  KE= 6.483325109202D+00
 Symmetry AG   KE= 4.655707240978D+00
 Symmetry BG   KE= 0.000000000000D+00
 Symmetry AU   KE= 0.000000000000D+00
 Symmetry BU   KE= 1.827617868224D+00

 Test job not archived.
 1\1\GINC-SULU\Stability\RHF\Gen\H12\LCJ1\14-Feb-2017\0\\#rhf/gen scf(s
 ymm,tight,novaracc,noincfock,fulldiag) stable(crhf) guess=read geom=no
 crowd test\\hf stability analysis of h10 triangular lattice, y= 0.4068
 8146985598445\\0,1\H\H,1,1.4761477363\H,1,1.4761477363,2,148.\H,2,1.47
 61477363,1,32.,3,0.,0\H,3,1.4761477363,1,180.,2,0.,0\H,4,1.4761477363,
 2,180.,1,0.,0\H,5,1.4761477363,3,180.,2,0.,0\H,6,1.4761477363,4,180.,1
 ,0.,0\H,7,1.4761477363,5,180.,2,0.,0\H,8,1.4761477363,6,180.,1,0.,0\H,
 9,1.4761477363,7,180.,2,0.,0\H,10,1.4761477363,8,180.,1,0.,0\\Version=
 ES64L-G09RevE.01\State=1-AG\HF=-5.8093229\MP2=-6.4453878\RMSD=9.941e-0
 9\Dipole=0.,0.,0.\Quadrupole=2.8796227,4.3710072,-7.2506299,0.,6.57412
 76,0.\PG=C02H [SGH(H12)]\\@


 THOSE WHO TRY TO PASS CHEMISTRY OFF AS A NEW SCIENCE
 SHOW HOW LITTLE KNOWLEDGE THEY HAVE OF THE CHARACTER
 AND LITERATURE OF THE ANCIENTS.
   -- NICOLAS LEFEVRE
 "COURS DE CHYMIE" J.-N.LELOUP, PARIS, 1751
 Job cpu time:       0 days  0 hours  0 minutes  0.9 seconds.
 File lengths (MBytes):  RWF=     84 Int=      0 D2E=      0 Chk=      2 Scr=      2
 Normal termination of Gaussian 09 at Tue Feb 14 17:53:34 2017.
