 Entering Gaussian System, Link 0=g09
 AtFile(1): H.gbs
            H     0
            S   10   1.00
               1000.000000000000            0.000068713567
                316.227766000000            0.000169141320
                100.000000000000            0.000823394812
                 31.622776600000            0.003425569236
                 10.000000000000            0.013951996000
                  3.162277660000            0.056909313560
                  1.000000000000            0.198286399900
                  0.316227766000            0.496922426700
                  0.100000000000            0.369846276400
                  0.031622776600            0.003752720039
            ****
 Initial command:
 /projects/guscus/apps/gau/g09-e1/g09/l1.exe "/users/lcj1/gaussian/h12/rhfstability/2rows/alterguess/4to2/Gau-19789.inp" -scrdir="/users/lcj1/gaussian/h12/rhfstability/2rows/alterguess/4to2/"
 Entering Link 1 = /projects/guscus/apps/gau/g09-e1/g09/l1.exe PID=     19790.
  
 Copyright (c) 1988,1990,1992,1993,1995,1998,2003,2009,2015,
            Gaussian, Inc.  All Rights Reserved.
  
 This is part of the Gaussian(R) 09 program.  It is based on
 the Gaussian(R) 03 system (copyright 2003, Gaussian, Inc.),
 the Gaussian(R) 98 system (copyright 1998, Gaussian, Inc.),
 the Gaussian(R) 94 system (copyright 1995, Gaussian, Inc.),
 the Gaussian 92(TM) system (copyright 1992, Gaussian, Inc.),
 the Gaussian 90(TM) system (copyright 1990, Gaussian, Inc.),
 the Gaussian 88(TM) system (copyright 1988, Gaussian, Inc.),
 the Gaussian 86(TM) system (copyright 1986, Carnegie Mellon
 University), and the Gaussian 82(TM) system (copyright 1983,
 Carnegie Mellon University). Gaussian is a federally registered
 trademark of Gaussian, Inc.
  
 This software contains proprietary and confidential information,
 including trade secrets, belonging to Gaussian, Inc.
  
 This software is provided under written license and may be
 used, copied, transmitted, or stored only in accord with that
 written license.
  
 The following legend is applicable only to US Government
 contracts under FAR:
  
                    RESTRICTED RIGHTS LEGEND
  
 Use, reproduction and disclosure by the US Government is
 subject to restrictions as set forth in subparagraphs (a)
 and (c) of the Commercial Computer Software - Restricted
 Rights clause in FAR 52.227-19.
  
 Gaussian, Inc.
 340 Quinnipiac St., Bldg. 40, Wallingford CT 06492
  
  
 ---------------------------------------------------------------
 Warning -- This program may not be used in any manner that
 competes with the business of Gaussian, Inc. or will provide
 assistance to any competitor of Gaussian, Inc.  The licensee
 of this program is prohibited from giving any competitor of
 Gaussian, Inc. access to this program.  By using this program,
 the user acknowledges that Gaussian, Inc. is engaged in the
 business of creating and licensing software in the field of
 computational chemistry and represents and warrants to the
 licensee that it is not a competitor of Gaussian, Inc. and that
 it will not use this program in any manner prohibited above.
 ---------------------------------------------------------------
  

 Cite this work as:
 Gaussian 09, Revision E.01,
 M. J. Frisch, G. W. Trucks, H. B. Schlegel, G. E. Scuseria, 
 M. A. Robb, J. R. Cheeseman, G. Scalmani, V. Barone, B. Mennucci, 
 G. A. Petersson, H. Nakatsuji, M. Caricato, X. Li, H. P. Hratchian, 
 A. F. Izmaylov, J. Bloino, G. Zheng, J. L. Sonnenberg, M. Hada, 
 M. Ehara, K. Toyota, R. Fukuda, J. Hasegawa, M. Ishida, T. Nakajima, 
 Y. Honda, O. Kitao, H. Nakai, T. Vreven, J. A. Montgomery, Jr., 
 J. E. Peralta, F. Ogliaro, M. Bearpark, J. J. Heyd, E. Brothers, 
 K. N. Kudin, V. N. Staroverov, T. Keith, R. Kobayashi, J. Normand, 
 K. Raghavachari, A. Rendell, J. C. Burant, S. S. Iyengar, J. Tomasi, 
 M. Cossi, N. Rega, J. M. Millam, M. Klene, J. E. Knox, J. B. Cross, 
 V. Bakken, C. Adamo, J. Jaramillo, R. Gomperts, R. E. Stratmann, 
 O. Yazyev, A. J. Austin, R. Cammi, C. Pomelli, J. W. Ochterski, 
 R. L. Martin, K. Morokuma, V. G. Zakrzewski, G. A. Voth, 
 P. Salvador, J. J. Dannenberg, S. Dapprich, A. D. Daniels, 
 O. Farkas, J. B. Foresman, J. V. Ortiz, J. Cioslowski, 
 and D. J. Fox, Gaussian, Inc., Wallingford CT, 2013.
 
 ******************************************
 Gaussian 09:  ES64L-G09RevE.01 30-Nov-2015
                14-Feb-2017 
 ******************************************
 %chk=h12.chk
 ----------------------------------------------------------------------
 #rhf/gen scf(symm,tight,novaracc,noincfock,fulldiag) stable(crhf) gues
 s=read geom=nocrowd test
 ----------------------------------------------------------------------
 1/38=1/1;
 2/12=1,17=6,18=5,40=1/2;
 3/5=7,16=1,25=1,30=1,116=1/1,2,3;
 4/5=1,9=4/1;
 5/5=100002,15=2,16=1,32=2,38=6/2;
 8/6=1,10=90,11=11/1,4;
 9/8=4,13=1/2;
 6/7=2,8=2,9=2,10=2,28=1/1;
 99/5=1,9=1/99;
 ----------------------------------------------------------------------
 hf stability analysis of h10 triangular lattice, y= 0.2662511995880488
 8
 ----------------------------------------------------------------------
 Symbolic Z-matrix:
 Charge =  0 Multiplicity = 1
 H
 H                    1     2.18473 
 H                    1     2.18473  2     166. 
 H                    2     2.18473  1     14.      3     0.       0
 H                    3     2.18473  1     180.     2     0.       0
 H                    4     2.18473  2     180.     1     0.       0
 H                    5     2.18473  3     180.     2     0.       0
 H                    6     2.18473  4     180.     1     0.       0
 H                    7     2.18473  5     180.     2     0.       0
 H                    8     2.18473  6     180.     1     0.       0
 H                    9     2.18473  7     180.     2     0.       0
 H                    10    2.18473  8     180.     1     0.       0
 
                          Input orientation:                          
 ---------------------------------------------------------------------
 Center     Atomic      Atomic             Coordinates (Angstroms)
 Number     Number       Type             X           Y           Z
 ---------------------------------------------------------------------
      1          1           0        0.000000    0.000000    0.000000
      2          1           0        0.000000    0.000000    2.184727
      3          1           0        0.528533    0.000000   -2.119831
      4          1           0        0.528533    0.000000    0.064896
      5          1           0        1.057066    0.000000   -4.239662
      6          1           0        1.057066    0.000000   -2.054935
      7          1           0        1.585600    0.000000   -6.359493
      8          1           0        1.585600    0.000000   -4.174766
      9          1           0        2.114133    0.000000   -8.479323
     10          1           0        2.114133    0.000000   -6.294597
     11          1           0        2.642666    0.000000  -10.599154
     12          1           0        2.642666    0.000000   -8.414428
 ---------------------------------------------------------------------
                    Distance matrix (angstroms):
                    1          2          3          4          5
     1  H    0.000000
     2  H    2.184727   0.000000
     3  H    2.184727   4.336884   0.000000
     4  H    0.532502   2.184727   2.184727   0.000000
     5  H    4.369453   6.510772   2.184727   4.336884   0.000000
     6  H    2.310876   4.369453   0.532502   2.184727   2.184727
     7  H    6.554180   8.690098   4.369453   6.510772   2.184727
     8  H    4.465736   6.554180   2.310876   4.369453   0.532502
     9  H    8.738906  10.871592   6.554180   8.690098   4.369453
    10  H    6.640144   8.738906   4.465736   6.554180   2.310876
    11  H   10.923633  13.054168   8.738906  10.871592   6.554180
    12  H    8.819653  10.923633   6.640144   8.738906   4.465736
                    6          7          8          9         10
     6  H    0.000000
     7  H    4.336884   0.000000
     8  H    2.184727   2.184727   0.000000
     9  H    6.510772   2.184727   4.336884   0.000000
    10  H    4.369453   0.532502   2.184727   2.184727   0.000000
    11  H    8.690098   4.369453   6.510772   2.184727   4.336884
    12  H    6.554180   2.310876   4.369453   0.532502   2.184727
                   11         12
    11  H    0.000000
    12  H    2.184727   0.000000
 Stoichiometry    H12
 Framework group  C2H[SGH(H12)]
 Deg. of freedom    11
 Full point group                 C2H     NOp   4
 Largest Abelian subgroup         C2H     NOp   4
 Largest concise Abelian subgroup C2      NOp   2
                         Standard orientation:                         
 ---------------------------------------------------------------------
 Center     Atomic      Atomic             Coordinates (Angstroms)
 Number     Number       Type             X           Y           Z
 ---------------------------------------------------------------------
      1          1           0        4.336884    0.798754   -0.000000
      2          1           0        6.505326    0.532502    0.000000
      3          1           0        2.168442    0.532502   -0.000000
      4          1           0        4.336884    0.266251    0.000000
      5          1           0        0.000000    0.266251   -0.000000
      6          1           0        2.168442    0.000000    0.000000
      7          1           0       -2.168442    0.000000    0.000000
      8          1           0       -0.000000   -0.266251    0.000000
      9          1           0       -4.336884   -0.266251    0.000000
     10          1           0       -2.168442   -0.532502    0.000000
     11          1           0       -6.505326   -0.532502    0.000000
     12          1           0       -4.336884   -0.798754    0.000000
 ---------------------------------------------------------------------
 Rotational constants (GHZ):    646.8769447      2.7766070      2.7647399
 General basis read from cards:  (5D, 7F)
 There are     6 symmetry adapted cartesian basis functions of AG  symmetry.
 There are     0 symmetry adapted cartesian basis functions of BG  symmetry.
 There are     0 symmetry adapted cartesian basis functions of AU  symmetry.
 There are     6 symmetry adapted cartesian basis functions of BU  symmetry.
 There are     6 symmetry adapted basis functions of AG  symmetry.
 There are     0 symmetry adapted basis functions of BG  symmetry.
 There are     0 symmetry adapted basis functions of AU  symmetry.
 There are     6 symmetry adapted basis functions of BU  symmetry.
    12 basis functions,   120 primitive gaussians,    12 cartesian basis functions
     6 alpha electrons        6 beta electrons
       nuclear repulsion energy        13.3832717859 Hartrees.
 NAtoms=   12 NActive=   12 NUniq=    6 SFac= 4.00D+00 NAtFMM=   60 NAOKFM=F Big=F
 Integral buffers will be    131072 words long.
 Regular integral format.
 Two-electron integral symmetry is turned on.
 One-electron integrals computed using PRISM.
 NBasis=    12 RedAO= T EigKep=  1.21D-01  NBF=     6     0     0     6
 NBsUse=    12 1.00D-06 EigRej= -1.00D+00 NBFU=     6     0     0     6
 Initial guess from the checkpoint file:  "h12.chk"
 B after Tr=    -0.000000   -0.000000    0.000000
         Rot=    0.999973    0.000000   -0.000000   -0.007349 Ang=  -0.84 deg.
 Initial guess orbital symmetries:
       Occupied  (AG) (BU) (AG) (BU) (AG) (AG)
       Virtual   (BU) (BU) (AG) (BU) (AG) (BU)
 Keep R1 ints in memory in symmetry-blocked form, NReq=888118.
 Requested convergence on RMS density matrix=1.00D-08 within 128 cycles.
 Requested convergence on MAX density matrix=1.00D-06.
 Requested convergence on             energy=1.00D-06.
 No special actions if energy rises.
 SCF Done:  E(RHF) =  -5.65264951454     A.U. after    5 cycles
            NFock=  5  Conv=0.97D-08     -V/T= 1.9979
 Range of M.O.s used for correlation:     1    12
 NBasis=    12 NAE=     6 NBE=     6 NFC=     0 NFV=     0
 NROrb=     12 NOA=     6 NOB=     6 NVA=     6 NVB=     6

 **** Warning!!: The smallest alpha delta epsilon is  0.40566396D-01

 Semi-Direct transformation.
 ModeAB=           4 MOrb=             6 LenV=     134101223
 LASXX=         2181 LTotXX=        2181 LenRXX=        5115
 LTotAB=        2934 MaxLAS=        3024 LenRXY=           0
 NonZer=        7296 LenScr=      655360 LnRSAI=        3024
 LnScr1=      655360 LExtra=           0 Total=      1318859
 MaxDsk=          -1 SrtSym=           T ITran=            3
 JobTyp=0 Pass  1:  I=   1 to   6.
 (rs|ai) integrals will be sorted in core.
 Spin components of T(2) and E(2):
     alpha-alpha T2 =       0.7556582832D-04 E2=     -0.1914192577D-03
     alpha-beta  T2 =       0.1319237449D+02 E2=     -0.1107141302D+01
     beta-beta   T2 =       0.7556582832D-04 E2=     -0.1914192577D-03
 ANorm=    0.3767296858D+01
 E2 =    -0.1107524140D+01 EUMP2 =    -0.67601736548129D+01
 Second order stability test of a single determinant RHF wave function:
 Stabil:  MDV=134217728
 ***********************************************************************
 Matrix         Lowest Root    Major Pairs
 ***********************************************************************
 Internal RHF     0.3881094    Stable
 RRHF --> CRHF   -0.0000144    6A=7A
 RRHF --> RUHF   -0.5898695    6A=7B
 Not stable.
 ***********************************************************************

 **********************************************************************

            Population analysis using the SCF density.

 **********************************************************************

 Orbital symmetries:
       Occupied  (AG) (BU) (AG) (BU) (AG) (AG)
       Virtual   (BU) (BU) (AG) (BU) (AG) (BU)
 The electronic state is 1-AG.
 Alpha  occ. eigenvalues --   -0.73487  -0.72209  -0.70142  -0.67789  -0.65714
 Alpha  occ. eigenvalues --   -0.19886
 Alpha virt. eigenvalues --   -0.15830   0.47505   0.51677   0.58077   0.65218
 Alpha virt. eigenvalues --    0.71079
          Condensed to atoms (all electrons):
               1          2          3          4          5          6
     1  H    0.564603  -0.017668  -0.018442   0.485987   0.000110  -0.015348
     2  H   -0.017668   1.035024   0.000076  -0.017541  -0.000001   0.000112
     3  H   -0.018442   0.000076   0.577364  -0.019085  -0.018809   0.494507
     4  H    0.485987  -0.017541  -0.019085   0.569759   0.000119  -0.018582
     5  H    0.000110  -0.000001  -0.018809   0.000119   0.577400  -0.019398
     6  H   -0.015348   0.000112   0.494507  -0.018582  -0.019398   0.576927
     7  H   -0.000001   0.000000   0.000111  -0.000001  -0.018791   0.000121
     8  H    0.000091  -0.000001  -0.015569   0.000110   0.494738  -0.018791
     9  H    0.000000  -0.000000  -0.000001   0.000000   0.000110  -0.000001
    10  H   -0.000000   0.000000   0.000092  -0.000001  -0.015569   0.000111
    11  H   -0.000000   0.000000   0.000000  -0.000000  -0.000001   0.000000
    12  H    0.000000  -0.000000  -0.000000   0.000000   0.000091  -0.000001
               7          8          9         10         11         12
     1  H   -0.000001   0.000091   0.000000  -0.000000  -0.000000   0.000000
     2  H    0.000000  -0.000001  -0.000000   0.000000   0.000000  -0.000000
     3  H    0.000111  -0.015569  -0.000001   0.000092   0.000000  -0.000000
     4  H   -0.000001   0.000110   0.000000  -0.000001  -0.000000   0.000000
     5  H   -0.018791   0.494738   0.000110  -0.015569  -0.000001   0.000091
     6  H    0.000121  -0.018791  -0.000001   0.000111   0.000000  -0.000001
     7  H    0.576927  -0.019398  -0.018582   0.494507   0.000112  -0.015348
     8  H   -0.019398   0.577400   0.000119  -0.018809  -0.000001   0.000110
     9  H   -0.018582   0.000119   0.569759  -0.019085  -0.017541   0.485987
    10  H    0.494507  -0.018809  -0.019085   0.577364   0.000076  -0.018442
    11  H    0.000112  -0.000001  -0.017541   0.000076   1.035024  -0.017668
    12  H   -0.015348   0.000110   0.485987  -0.018442  -0.017668   0.564603
 Mulliken charges:
               1
     1  H    0.000669
     2  H   -0.000002
     3  H   -0.000245
     4  H   -0.000764
     5  H    0.000001
     6  H    0.000341
     7  H    0.000341
     8  H    0.000001
     9  H   -0.000764
    10  H   -0.000245
    11  H   -0.000002
    12  H    0.000669
 Sum of Mulliken charges =  -0.00000
 Mulliken charges with hydrogens summed into heavy atoms:
               1
 Electronic spatial extent (au):  <R**2>=            684.9772
 Charge=              0.0000 electrons
 Dipole moment (field-independent basis, Debye):
    X=             -0.0000    Y=              0.0000    Z=             -0.0000  Tot=              0.0000
 Quadrupole moment (field-independent basis, Debye-Ang):
   XX=            -19.2581   YY=            -14.8266   ZZ=            -16.0512
   XY=             -0.2700   XZ=              0.0000   YZ=             -0.0000
 Traceless Quadrupole moment (field-independent basis, Debye-Ang):
   XX=             -2.5461   YY=              1.8853   ZZ=              0.6608
   XY=             -0.2700   XZ=              0.0000   YZ=             -0.0000
 Octapole moment (field-independent basis, Debye-Ang**2):
  XXX=              0.0000  YYY=             -0.0000  ZZZ=             -0.0000  XYY=              0.0000
  XXY=              0.0000  XXZ=             -0.0000  XZZ=              0.0000  YZZ=             -0.0000
  YYZ=             -0.0000  XYZ=             -0.0000
 Hexadecapole moment (field-independent basis, Debye-Ang**3):
 XXXX=          -1666.6886 YYYY=            -38.1978 ZZZZ=            -19.9302 XXXY=            -90.5890
 XXXZ=              0.0000 YYYX=            -70.3388 YYYZ=              0.0000 ZZZX=              0.0000
 ZZZY=              0.0000 XXYY=           -239.5382 XXZZ=           -246.7057 YYZZ=             -9.8786
 XXYZ=             -0.0000 YYXZ=              0.0000 ZZXY=            -24.8417
 N-N= 1.338327178593D+01 E-N=-3.635198598328D+01  KE= 5.664689738385D+00
 Symmetry AG   KE= 3.856835467445D+00
 Symmetry BG   KE= 0.000000000000D+00
 Symmetry AU   KE= 0.000000000000D+00
 Symmetry BU   KE= 1.807854270940D+00

 Test job not archived.
 1\1\GINC-SULU\Stability\RHF\Gen\H12\LCJ1\14-Feb-2017\0\\#rhf/gen scf(s
 ymm,tight,novaracc,noincfock,fulldiag) stable(crhf) guess=read geom=no
 crowd test\\hf stability analysis of h10 triangular lattice, y= 0.2662
 5119958804888\\0,1\H\H,1,2.1847265668\H,1,2.1847265668,2,166.\H,2,2.18
 47265668,1,14.,3,0.,0\H,3,2.1847265668,1,180.,2,0.,0\H,4,2.1847265668,
 2,180.,1,0.,0\H,5,2.1847265668,3,180.,2,0.,0\H,6,2.1847265668,4,180.,1
 ,0.,0\H,7,2.1847265668,5,180.,2,0.,0\H,8,2.1847265668,6,180.,1,0.,0\H,
 9,2.1847265668,7,180.,2,0.,0\H,10,2.1847265668,8,180.,1,0.,0\\Version=
 ES64L-G09RevE.01\State=1-AG\HF=-5.6526495\MP2=-6.7601737\RMSD=9.699e-0
 9\Dipole=0.,0.,0.\Quadrupole=1.3042136,0.4912917,-1.7955053,0.,0.59327
 97,0.\PG=C02H [SGH(H12)]\\@


 THE HURRIEDER I GO, THE BEHINDER I GET.
 Job cpu time:       0 days  0 hours  0 minutes  0.8 seconds.
 File lengths (MBytes):  RWF=     84 Int=      0 D2E=      0 Chk=      2 Scr=      2
 Normal termination of Gaussian 09 at Tue Feb 14 17:53:14 2017.
