 Entering Gaussian System, Link 0=g09
 AtFile(1): H.gbs
            H     0
            S   10   1.00
               1000.000000000000            0.000068713567
                316.227766000000            0.000169141320
                100.000000000000            0.000823394812
                 31.622776600000            0.003425569236
                 10.000000000000            0.013951996000
                  3.162277660000            0.056909313560
                  1.000000000000            0.198286399900
                  0.316227766000            0.496922426700
                  0.100000000000            0.369846276400
                  0.031622776600            0.003752720039
            ****
 Initial command:
 /projects/guscus/apps/gau/g09-e1/g09/l1.exe "/users/lcj1/gaussian/h12/rhfstability/2rows/alterguess/4to2/Gau-21240.inp" -scrdir="/users/lcj1/gaussian/h12/rhfstability/2rows/alterguess/4to2/"
 Entering Link 1 = /projects/guscus/apps/gau/g09-e1/g09/l1.exe PID=     21241.
  
 Copyright (c) 1988,1990,1992,1993,1995,1998,2003,2009,2015,
            Gaussian, Inc.  All Rights Reserved.
  
 This is part of the Gaussian(R) 09 program.  It is based on
 the Gaussian(R) 03 system (copyright 2003, Gaussian, Inc.),
 the Gaussian(R) 98 system (copyright 1998, Gaussian, Inc.),
 the Gaussian(R) 94 system (copyright 1995, Gaussian, Inc.),
 the Gaussian 92(TM) system (copyright 1992, Gaussian, Inc.),
 the Gaussian 90(TM) system (copyright 1990, Gaussian, Inc.),
 the Gaussian 88(TM) system (copyright 1988, Gaussian, Inc.),
 the Gaussian 86(TM) system (copyright 1986, Carnegie Mellon
 University), and the Gaussian 82(TM) system (copyright 1983,
 Carnegie Mellon University). Gaussian is a federally registered
 trademark of Gaussian, Inc.
  
 This software contains proprietary and confidential information,
 including trade secrets, belonging to Gaussian, Inc.
  
 This software is provided under written license and may be
 used, copied, transmitted, or stored only in accord with that
 written license.
  
 The following legend is applicable only to US Government
 contracts under FAR:
  
                    RESTRICTED RIGHTS LEGEND
  
 Use, reproduction and disclosure by the US Government is
 subject to restrictions as set forth in subparagraphs (a)
 and (c) of the Commercial Computer Software - Restricted
 Rights clause in FAR 52.227-19.
  
 Gaussian, Inc.
 340 Quinnipiac St., Bldg. 40, Wallingford CT 06492
  
  
 ---------------------------------------------------------------
 Warning -- This program may not be used in any manner that
 competes with the business of Gaussian, Inc. or will provide
 assistance to any competitor of Gaussian, Inc.  The licensee
 of this program is prohibited from giving any competitor of
 Gaussian, Inc. access to this program.  By using this program,
 the user acknowledges that Gaussian, Inc. is engaged in the
 business of creating and licensing software in the field of
 computational chemistry and represents and warrants to the
 licensee that it is not a competitor of Gaussian, Inc. and that
 it will not use this program in any manner prohibited above.
 ---------------------------------------------------------------
  

 Cite this work as:
 Gaussian 09, Revision E.01,
 M. J. Frisch, G. W. Trucks, H. B. Schlegel, G. E. Scuseria, 
 M. A. Robb, J. R. Cheeseman, G. Scalmani, V. Barone, B. Mennucci, 
 G. A. Petersson, H. Nakatsuji, M. Caricato, X. Li, H. P. Hratchian, 
 A. F. Izmaylov, J. Bloino, G. Zheng, J. L. Sonnenberg, M. Hada, 
 M. Ehara, K. Toyota, R. Fukuda, J. Hasegawa, M. Ishida, T. Nakajima, 
 Y. Honda, O. Kitao, H. Nakai, T. Vreven, J. A. Montgomery, Jr., 
 J. E. Peralta, F. Ogliaro, M. Bearpark, J. J. Heyd, E. Brothers, 
 K. N. Kudin, V. N. Staroverov, T. Keith, R. Kobayashi, J. Normand, 
 K. Raghavachari, A. Rendell, J. C. Burant, S. S. Iyengar, J. Tomasi, 
 M. Cossi, N. Rega, J. M. Millam, M. Klene, J. E. Knox, J. B. Cross, 
 V. Bakken, C. Adamo, J. Jaramillo, R. Gomperts, R. E. Stratmann, 
 O. Yazyev, A. J. Austin, R. Cammi, C. Pomelli, J. W. Ochterski, 
 R. L. Martin, K. Morokuma, V. G. Zakrzewski, G. A. Voth, 
 P. Salvador, J. J. Dannenberg, S. Dapprich, A. D. Daniels, 
 O. Farkas, J. B. Foresman, J. V. Ortiz, J. Cioslowski, 
 and D. J. Fox, Gaussian, Inc., Wallingford CT, 2013.
 
 ******************************************
 Gaussian 09:  ES64L-G09RevE.01 30-Nov-2015
                14-Feb-2017 
 ******************************************
 %chk=h12.chk
 ----------------------------------------------------------------------
 #rhf/gen scf(symm,tight,novaracc,noincfock,fulldiag) stable(crhf) gues
 s=read geom=nocrowd test
 ----------------------------------------------------------------------
 1/38=1/1;
 2/12=1,17=6,18=5,40=1/2;
 3/5=7,16=1,25=1,30=1,116=1/1,2,3;
 4/5=1,9=4/1;
 5/5=100002,15=2,16=1,32=2,38=6/2;
 8/6=1,10=90,11=11/1,4;
 9/8=4,13=1/2;
 6/7=2,8=2,9=2,10=2,28=1/1;
 99/5=1,9=1/99;
 ----------------------------------------------------------------------
 hf stability analysis of h10 triangular lattice, y= 0.7337491795890599
 4
 ----------------------------------------------------------------------
 Symbolic Z-matrix:
 Charge =  0 Multiplicity = 1
 H
 H                    1     1.07588 
 H                    1     1.07588  2     94. 
 H                    2     1.07588  1     86.      3     0.       0
 H                    3     1.07588  1     180.     2     0.       0
 H                    4     1.07588  2     180.     1     0.       0
 H                    5     1.07588  3     180.     2     0.       0
 H                    6     1.07588  4     180.     1     0.       0
 H                    7     1.07588  5     180.     2     0.       0
 H                    8     1.07588  6     180.     1     0.       0
 H                    9     1.07588  7     180.     2     0.       0
 H                    10    1.07588  8     180.     1     0.       0
 
                          Input orientation:                          
 ---------------------------------------------------------------------
 Center     Atomic      Atomic             Coordinates (Angstroms)
 Number     Number       Type             X           Y           Z
 ---------------------------------------------------------------------
      1          1           0        0.000000    0.000000    0.000000
      2          1           0        0.000000    0.000000    1.075881
      3          1           0        1.073260    0.000000   -0.075050
      4          1           0        1.073260    0.000000    1.000831
      5          1           0        2.146521    0.000000   -0.150099
      6          1           0        2.146521    0.000000    0.925782
      7          1           0        3.219781    0.000000   -0.225149
      8          1           0        3.219781    0.000000    0.850732
      9          1           0        4.293041    0.000000   -0.300199
     10          1           0        4.293041    0.000000    0.775682
     11          1           0        5.366302    0.000000   -0.375248
     12          1           0        5.366302    0.000000    0.700633
 ---------------------------------------------------------------------
                    Distance matrix (angstroms):
                    1          2          3          4          5
     1  H    0.000000
     2  H    1.075881   0.000000
     3  H    1.075881   1.573699   0.000000
     4  H    1.467498   1.075881   1.075881   0.000000
     5  H    2.151762   2.471959   1.075881   1.573699   0.000000
     6  H    2.337653   2.151762   1.467498   1.075881   1.075881
     7  H    3.227643   3.472703   2.151762   2.471959   1.075881
     8  H    3.330275   3.227643   2.337653   2.151762   1.467498
     9  H    4.303525   4.508192   3.227643   3.472703   2.151762
    10  H    4.362555   4.303525   3.330275   3.227643   2.337653
    11  H    5.379406   5.559044   4.303525   4.508192   3.227643
    12  H    5.411846   5.379406   4.362555   4.303525   3.330275
                    6          7          8          9         10
     6  H    0.000000
     7  H    1.573699   0.000000
     8  H    1.075881   1.075881   0.000000
     9  H    2.471959   1.075881   1.573699   0.000000
    10  H    2.151762   1.467498   1.075881   1.075881   0.000000
    11  H    3.472703   2.151762   2.471959   1.075881   1.573699
    12  H    3.227643   2.337653   2.151762   1.467498   1.075881
                   11         12
    11  H    0.000000
    12  H    1.075881   0.000000
 Stoichiometry    H12
 Framework group  C2H[SGH(H12)]
 Deg. of freedom    11
 Full point group                 C2H     NOp   4
 Largest Abelian subgroup         C2H     NOp   4
 Largest concise Abelian subgroup C2      NOp   2
                         Standard orientation:                         
 ---------------------------------------------------------------------
 Center     Atomic      Atomic             Coordinates (Angstroms)
 Number     Number       Type             X           Y           Z
 ---------------------------------------------------------------------
      1          1           0        1.573699    2.201247   -0.000000
      2          1           0        2.360549    1.467498   -0.000000
      3          1           0        0.786850    1.467498   -0.000000
      4          1           0        1.573699    0.733749   -0.000000
      5          1           0        0.000000    0.733749   -0.000000
      6          1           0        0.786850    0.000000   -0.000000
      7          1           0       -0.786850    0.000000   -0.000000
      8          1           0       -0.000000   -0.733749   -0.000000
      9          1           0       -1.573699   -0.733749   -0.000000
     10          1           0       -0.786850   -1.467498   -0.000000
     11          1           0       -2.360549   -1.467498   -0.000000
     12          1           0       -1.573699   -2.201247   -0.000000
 ---------------------------------------------------------------------
 Rotational constants (GHZ):    145.1772667     12.3719301     11.4003945
 General basis read from cards:  (5D, 7F)
 There are     6 symmetry adapted cartesian basis functions of AG  symmetry.
 There are     0 symmetry adapted cartesian basis functions of BG  symmetry.
 There are     0 symmetry adapted cartesian basis functions of AU  symmetry.
 There are     6 symmetry adapted cartesian basis functions of BU  symmetry.
 There are     6 symmetry adapted basis functions of AG  symmetry.
 There are     0 symmetry adapted basis functions of BG  symmetry.
 There are     0 symmetry adapted basis functions of AU  symmetry.
 There are     6 symmetry adapted basis functions of BU  symmetry.
    12 basis functions,   120 primitive gaussians,    12 cartesian basis functions
     6 alpha electrons        6 beta electrons
       nuclear repulsion energy        18.3596581688 Hartrees.
 NAtoms=   12 NActive=   12 NUniq=    6 SFac= 4.00D+00 NAtFMM=   60 NAOKFM=F Big=F
 Integral buffers will be    131072 words long.
 Regular integral format.
 Two-electron integral symmetry is turned on.
 One-electron integrals computed using PRISM.
 NBasis=    12 RedAO= T EigKep=  1.16D-01  NBF=     6     0     0     6
 NBsUse=    12 1.00D-06 EigRej= -1.00D+00 NBFU=     6     0     0     6
 Initial guess from the checkpoint file:  "h12.chk"
 B after Tr=     0.000000    0.000000   -0.000000
         Rot=    0.999973    0.000000    0.000000   -0.007349 Ang=  -0.84 deg.
 Initial guess orbital symmetries:
       Occupied  (AG) (BU) (AG) (BU) (AG) (AG)
       Virtual   (BU) (BU) (AG) (BU) (BU) (AG)
 Keep R1 ints in memory in symmetry-blocked form, NReq=900606.
 Requested convergence on RMS density matrix=1.00D-08 within 128 cycles.
 Requested convergence on MAX density matrix=1.00D-06.
 Requested convergence on             energy=1.00D-06.
 No special actions if energy rises.
 SCF Done:  E(RHF) =  -5.35589765942     A.U. after   12 cycles
            NFock= 12  Conv=0.36D-08     -V/T= 1.7711
 Range of M.O.s used for correlation:     1    12
 NBasis=    12 NAE=     6 NBE=     6 NFC=     0 NFV=     0
 NROrb=     12 NOA=     6 NOB=     6 NVA=     6 NVB=     6

 **** Warning!!: The smallest alpha delta epsilon is -0.55895750D-01

 Semi-Direct transformation.
 ModeAB=           4 MOrb=             6 LenV=     134087559
 LASXX=         2181 LTotXX=        2181 LenRXX=        5115
 LTotAB=        2934 MaxLAS=        3024 LenRXY=           0
 NonZer=        7296 LenScr=      655360 LnRSAI=        3024
 LnScr1=      655360 LExtra=           0 Total=      1318859
 MaxDsk=          -1 SrtSym=           T ITran=            3
 JobTyp=0 Pass  1:  I=   1 to   6.
 (rs|ai) integrals will be sorted in core.
 Spin components of T(2) and E(2):
     alpha-alpha T2 =       0.2487037319D-01 E2=     -0.1862607892D-01
     alpha-beta  T2 =       0.1422058072D+01 E2=     -0.2707912179D+00
     beta-beta   T2 =       0.2487037319D-01 E2=     -0.1862607892D-01
 ANorm=    0.1572195541D+01
 E2 =    -0.3080433757D+00 EUMP2 =    -0.56639410351327D+01
 Second order stability test of a single determinant RHF wave function:
 Stabil:  MDV=134217728
 ***********************************************************************
 Matrix         Lowest Root    Major Pairs
 ***********************************************************************
 Internal RHF    -0.2803515    6A=7A
 RRHF --> CRHF   -0.3269239    6A=7A
 RRHF --> RUHF   -0.4045965    6A=7B
 Not stable.
 ***********************************************************************

 **********************************************************************

            Population analysis using the SCF density.

 **********************************************************************

 Orbital symmetries:
       Occupied  (AG) (BU) (AG) (BU) (AG) (AG)
       Virtual   (BU) (BU) (AG) (BU) (BU) (AG)
 The electronic state is 1-AG.
 Alpha  occ. eigenvalues --   -0.90362  -0.77754  -0.62853  -0.44214  -0.26311
 Alpha  occ. eigenvalues --   -0.16185
 Alpha virt. eigenvalues --   -0.21774   0.09506   0.32668   0.33049   0.64356
 Alpha virt. eigenvalues --    0.91991
          Condensed to atoms (all electrons):
               1          2          3          4          5          6
     1  H    0.948487   0.437552  -0.093780  -0.249732   0.015705  -0.056586
     2  H    0.437552   1.047419  -0.263323  -0.147444  -0.020376  -0.007005
     3  H   -0.093780  -0.263323   1.466461   0.268401   0.029677  -0.150326
     4  H   -0.249732  -0.147444   0.268401   1.398603  -0.198699   0.158629
     5  H    0.015705  -0.020376   0.029677  -0.198699   0.881501   0.246232
     6  H   -0.056586  -0.007005  -0.150326   0.158629   0.246232   0.862556
     7  H    0.006052   0.015203  -0.143251  -0.011700  -0.101162   0.047551
     8  H    0.019156   0.011960  -0.041759  -0.159075   0.152510  -0.101162
     9  H   -0.004325  -0.000901   0.006059   0.032654  -0.159075  -0.011700
    10  H   -0.000399  -0.004879   0.041719   0.006059  -0.041759  -0.143251
    11  H    0.000076   0.000300  -0.004879  -0.000901   0.011960   0.015203
    12  H    0.000287   0.000076  -0.000399  -0.004325   0.019156   0.006052
               7          8          9         10         11         12
     1  H    0.006052   0.019156  -0.004325  -0.000399   0.000076   0.000287
     2  H    0.015203   0.011960  -0.000901  -0.004879   0.000300   0.000076
     3  H   -0.143251  -0.041759   0.006059   0.041719  -0.004879  -0.000399
     4  H   -0.011700  -0.159075   0.032654   0.006059  -0.000901  -0.004325
     5  H   -0.101162   0.152510  -0.159075  -0.041759   0.011960   0.019156
     6  H    0.047551  -0.101162  -0.011700  -0.143251   0.015203   0.006052
     7  H    0.862556   0.246232   0.158629  -0.150326  -0.007005  -0.056586
     8  H    0.246232   0.881501  -0.198699   0.029677  -0.020376   0.015705
     9  H    0.158629  -0.198699   1.398603   0.268401  -0.147444  -0.249732
    10  H   -0.150326   0.029677   0.268401   1.466461  -0.263323  -0.093780
    11  H   -0.007005  -0.020376  -0.147444  -0.263323   1.047419   0.437552
    12  H   -0.056586   0.015705  -0.249732  -0.093780   0.437552   0.948487
 Mulliken charges:
               1
     1  H   -0.022493
     2  H   -0.068581
     3  H   -0.114598
     4  H   -0.092470
     5  H    0.164332
     6  H    0.133810
     7  H    0.133810
     8  H    0.164332
     9  H   -0.092470
    10  H   -0.114598
    11  H   -0.068581
    12  H   -0.022493
 Sum of Mulliken charges =  -0.00000
 Mulliken charges with hydrogens summed into heavy atoms:
               1
 Electronic spatial extent (au):  <R**2>=            203.9427
 Charge=              0.0000 electrons
 Dipole moment (field-independent basis, Debye):
    X=              0.0000    Y=             -0.0000    Z=              0.0000  Tot=              0.0000
 Quadrupole moment (field-independent basis, Debye-Ang):
   XX=            -25.3384   YY=            -22.8832   ZZ=            -14.8156
   XY=             -9.8194   XZ=             -0.0000   YZ=             -0.0000
 Traceless Quadrupole moment (field-independent basis, Debye-Ang):
   XX=             -4.3260   YY=             -1.8708   ZZ=              6.1968
   XY=             -9.8194   XZ=             -0.0000   YZ=             -0.0000
 Octapole moment (field-independent basis, Debye-Ang**2):
  XXX=              0.0000  YYY=             -0.0000  ZZZ=              0.0000  XYY=              0.0000
  XXY=             -0.0000  XXZ=              0.0000  XZZ=             -0.0000  YZZ=             -0.0000
  YYZ=              0.0000  XYZ=              0.0000
 Hexadecapole moment (field-independent basis, Debye-Ang**3):
 XXXX=           -274.2350 YYYY=           -226.1269 ZZZZ=            -17.3293 XXXY=           -129.2330
 XXXZ=             -0.0000 YYYX=           -119.5304 YYYZ=             -0.0000 ZZZX=             -0.0000
 ZZZY=             -0.0000 XXYY=           -111.0809 XXZZ=            -39.0450 YYZZ=            -34.4762
 XXYZ=             -0.0000 YYXZ=             -0.0000 ZZXY=            -26.6881
 N-N= 1.835965816879D+01 E-N=-4.802360087502D+01  KE= 6.946051273539D+00
 Symmetry AG   KE= 4.971370494262D+00
 Symmetry BG   KE= 0.000000000000D+00
 Symmetry AU   KE= 0.000000000000D+00
 Symmetry BU   KE= 1.974680779277D+00

 Test job not archived.
 1\1\GINC-SULU\Stability\RHF\Gen\H12\LCJ1\14-Feb-2017\0\\#rhf/gen scf(s
 ymm,tight,novaracc,noincfock,fulldiag) stable(crhf) guess=read geom=no
 crowd test\\hf stability analysis of h10 triangular lattice, y= 0.7337
 4917958905994\\0,1\H\H,1,1.0758811254\H,1,1.0758811254,2,94.\H,2,1.075
 8811254,1,86.,3,0.,0\H,3,1.0758811254,1,180.,2,0.,0\H,4,1.0758811254,2
 ,180.,1,0.,0\H,5,1.0758811254,3,180.,2,0.,0\H,6,1.0758811254,4,180.,1,
 0.,0\H,7,1.0758811254,5,180.,2,0.,0\H,8,1.0758811254,6,180.,1,0.,0\H,9
 ,1.0758811254,7,180.,2,0.,0\H,10,1.0758811254,8,180.,1,0.,0\\Version=E
 S64L-G09RevE.01\State=1-AG\HF=-5.3558977\MP2=-5.663941\RMSD=3.638e-09\
 Dipole=0.,0.,0.\Quadrupole=-9.5226031,4.6071737,4.9154293,0.,1.4197252
 ,0.\PG=C02H [SGH(H12)]\\@


 YOU KNOW YOU'RE A TEACHER WHEN YOU SAY 2, WRITE 3, AND MEAN 4.
 -- RONALD ANSTROM, HIGH SCHOOL TEACHER, UNDERWOOD, N.D. 1974
 Job cpu time:       0 days  0 hours  0 minutes  1.0 seconds.
 File lengths (MBytes):  RWF=     84 Int=      0 D2E=      0 Chk=      2 Scr=      2
 Normal termination of Gaussian 09 at Tue Feb 14 17:54:38 2017.
