 Entering Gaussian System, Link 0=g09
 AtFile(1): H.gbs
            H     0
            S   10   1.00
               1000.000000000000            0.000068713567
                316.227766000000            0.000169141320
                100.000000000000            0.000823394812
                 31.622776600000            0.003425569236
                 10.000000000000            0.013951996000
                  3.162277660000            0.056909313560
                  1.000000000000            0.198286399900
                  0.316227766000            0.496922426700
                  0.100000000000            0.369846276400
                  0.031622776600            0.003752720039
            ****
 Initial command:
 /projects/guscus/apps/gau/g09-e1/g09/l1.exe "/users/lcj1/gaussian/h12/rhfstability/2rows/alterguess/4to2/Gau-20675.inp" -scrdir="/users/lcj1/gaussian/h12/rhfstability/2rows/alterguess/4to2/"
 Entering Link 1 = /projects/guscus/apps/gau/g09-e1/g09/l1.exe PID=     20676.
  
 Copyright (c) 1988,1990,1992,1993,1995,1998,2003,2009,2015,
            Gaussian, Inc.  All Rights Reserved.
  
 This is part of the Gaussian(R) 09 program.  It is based on
 the Gaussian(R) 03 system (copyright 2003, Gaussian, Inc.),
 the Gaussian(R) 98 system (copyright 1998, Gaussian, Inc.),
 the Gaussian(R) 94 system (copyright 1995, Gaussian, Inc.),
 the Gaussian 92(TM) system (copyright 1992, Gaussian, Inc.),
 the Gaussian 90(TM) system (copyright 1990, Gaussian, Inc.),
 the Gaussian 88(TM) system (copyright 1988, Gaussian, Inc.),
 the Gaussian 86(TM) system (copyright 1986, Carnegie Mellon
 University), and the Gaussian 82(TM) system (copyright 1983,
 Carnegie Mellon University). Gaussian is a federally registered
 trademark of Gaussian, Inc.
  
 This software contains proprietary and confidential information,
 including trade secrets, belonging to Gaussian, Inc.
  
 This software is provided under written license and may be
 used, copied, transmitted, or stored only in accord with that
 written license.
  
 The following legend is applicable only to US Government
 contracts under FAR:
  
                    RESTRICTED RIGHTS LEGEND
  
 Use, reproduction and disclosure by the US Government is
 subject to restrictions as set forth in subparagraphs (a)
 and (c) of the Commercial Computer Software - Restricted
 Rights clause in FAR 52.227-19.
  
 Gaussian, Inc.
 340 Quinnipiac St., Bldg. 40, Wallingford CT 06492
  
  
 ---------------------------------------------------------------
 Warning -- This program may not be used in any manner that
 competes with the business of Gaussian, Inc. or will provide
 assistance to any competitor of Gaussian, Inc.  The licensee
 of this program is prohibited from giving any competitor of
 Gaussian, Inc. access to this program.  By using this program,
 the user acknowledges that Gaussian, Inc. is engaged in the
 business of creating and licensing software in the field of
 computational chemistry and represents and warrants to the
 licensee that it is not a competitor of Gaussian, Inc. and that
 it will not use this program in any manner prohibited above.
 ---------------------------------------------------------------
  

 Cite this work as:
 Gaussian 09, Revision E.01,
 M. J. Frisch, G. W. Trucks, H. B. Schlegel, G. E. Scuseria, 
 M. A. Robb, J. R. Cheeseman, G. Scalmani, V. Barone, B. Mennucci, 
 G. A. Petersson, H. Nakatsuji, M. Caricato, X. Li, H. P. Hratchian, 
 A. F. Izmaylov, J. Bloino, G. Zheng, J. L. Sonnenberg, M. Hada, 
 M. Ehara, K. Toyota, R. Fukuda, J. Hasegawa, M. Ishida, T. Nakajima, 
 Y. Honda, O. Kitao, H. Nakai, T. Vreven, J. A. Montgomery, Jr., 
 J. E. Peralta, F. Ogliaro, M. Bearpark, J. J. Heyd, E. Brothers, 
 K. N. Kudin, V. N. Staroverov, T. Keith, R. Kobayashi, J. Normand, 
 K. Raghavachari, A. Rendell, J. C. Burant, S. S. Iyengar, J. Tomasi, 
 M. Cossi, N. Rega, J. M. Millam, M. Klene, J. E. Knox, J. B. Cross, 
 V. Bakken, C. Adamo, J. Jaramillo, R. Gomperts, R. E. Stratmann, 
 O. Yazyev, A. J. Austin, R. Cammi, C. Pomelli, J. W. Ochterski, 
 R. L. Martin, K. Morokuma, V. G. Zakrzewski, G. A. Voth, 
 P. Salvador, J. J. Dannenberg, S. Dapprich, A. D. Daniels, 
 O. Farkas, J. B. Foresman, J. V. Ortiz, J. Cioslowski, 
 and D. J. Fox, Gaussian, Inc., Wallingford CT, 2013.
 
 ******************************************
 Gaussian 09:  ES64L-G09RevE.01 30-Nov-2015
                14-Feb-2017 
 ******************************************
 %chk=h12.chk
 ----------------------------------------------------------------------
 #rhf/gen scf(symm,tight,novaracc,noincfock,fulldiag) stable(crhf) gues
 s=read geom=nocrowd test
 ----------------------------------------------------------------------
 1/38=1/1;
 2/12=1,17=6,18=5,40=1/2;
 3/5=7,16=1,25=1,30=1,116=1/1,2,3;
 4/5=1,9=4/1;
 5/5=100002,15=2,16=1,32=2,38=6/2;
 8/6=1,10=90,11=11/1,4;
 9/8=4,13=1/2;
 6/7=2,8=2,9=2,10=2,28=1/1;
 99/5=1,9=1/99;
 ----------------------------------------------------------------------
 hf stability analysis of h10 triangular lattice, y= 0.5657123745340343
 3
 ----------------------------------------------------------------------
 Symbolic Z-matrix:
 Charge =  0 Multiplicity = 1
 H
 H                    1     1.16688 
 H                    1     1.16688  2     122. 
 H                    2     1.16688  1     58.      3     0.       0
 H                    3     1.16688  1     180.     2     0.       0
 H                    4     1.16688  2     180.     1     0.       0
 H                    5     1.16688  3     180.     2     0.       0
 H                    6     1.16688  4     180.     1     0.       0
 H                    7     1.16688  5     180.     2     0.       0
 H                    8     1.16688  6     180.     1     0.       0
 H                    9     1.16688  7     180.     2     0.       0
 H                    10    1.16688  8     180.     1     0.       0
 
                          Input orientation:                          
 ---------------------------------------------------------------------
 Center     Atomic      Atomic             Coordinates (Angstroms)
 Number     Number       Type             X           Y           Z
 ---------------------------------------------------------------------
      1          1           0        0.000000    0.000000    0.000000
      2          1           0        0.000000    0.000000    1.166875
      3          1           0        0.989566    0.000000   -0.618350
      4          1           0        0.989566    0.000000    0.548526
      5          1           0        1.979133    0.000000   -1.236699
      6          1           0        1.979133    0.000000   -0.069824
      7          1           0        2.968699    0.000000   -1.855049
      8          1           0        2.968699    0.000000   -0.688174
      9          1           0        3.958265    0.000000   -2.473399
     10          1           0        3.958265    0.000000   -1.306523
     11          1           0        4.947832    0.000000   -3.091748
     12          1           0        4.947832    0.000000   -1.924873
 ---------------------------------------------------------------------
                    Distance matrix (angstroms):
                    1          2          3          4          5
     1  H    0.000000
     2  H    1.166875   0.000000
     3  H    1.166875   2.041144   0.000000
     4  H    1.131425   1.166875   1.166875   0.000000
     5  H    2.333751   3.113541   1.166875   2.041144   0.000000
     6  H    1.980364   2.333751   1.131425   1.166875   1.166875
     7  H    3.500626   4.236178   2.333751   3.113541   1.166875
     8  H    3.047418   3.500626   1.980364   2.333751   1.131425
     9  H    4.667501   5.377682   3.500626   4.236178   2.333751
    10  H    4.168317   4.667501   3.047418   3.500626   1.980364
    11  H    5.834376   6.528163   4.667501   5.377682   3.500626
    12  H    5.309065   5.834376   4.168317   4.667501   3.047418
                    6          7          8          9         10
     6  H    0.000000
     7  H    2.041144   0.000000
     8  H    1.166875   1.166875   0.000000
     9  H    3.113541   1.166875   2.041144   0.000000
    10  H    2.333751   1.131425   1.166875   1.166875   0.000000
    11  H    4.236178   2.333751   3.113541   1.166875   2.041144
    12  H    3.500626   1.980364   2.333751   1.131425   1.166875
                   11         12
    11  H    0.000000
    12  H    1.166875   0.000000
 Stoichiometry    H12
 Framework group  C2H[SGH(H12)]
 Deg. of freedom    11
 Full point group                 C2H     NOp   4
 Largest Abelian subgroup         C2H     NOp   4
 Largest concise Abelian subgroup C2      NOp   2
                         Standard orientation:                         
 ---------------------------------------------------------------------
 Center     Atomic      Atomic             Coordinates (Angstroms)
 Number     Number       Type             X           Y           Z
 ---------------------------------------------------------------------
      1          1           0        2.041144    1.697137   -0.000000
      2          1           0        3.061716    1.131425   -0.000000
      3          1           0        1.020572    1.131425   -0.000000
      4          1           0        2.041144    0.565712   -0.000000
      5          1           0        0.000000    0.565712    0.000000
      6          1           0        1.020572    0.000000   -0.000000
      7          1           0       -1.020572    0.000000    0.000000
      8          1           0       -0.000000   -0.565712   -0.000000
      9          1           0       -2.041144   -0.565712   -0.000000
     10          1           0       -1.020572   -1.131425   -0.000000
     11          1           0       -3.061716   -1.131425   -0.000000
     12          1           0       -2.041144   -1.697137   -0.000000
 ---------------------------------------------------------------------
 Rotational constants (GHZ):    175.0663982     10.2596676      9.6916914
 General basis read from cards:  (5D, 7F)
 There are     6 symmetry adapted cartesian basis functions of AG  symmetry.
 There are     0 symmetry adapted cartesian basis functions of BG  symmetry.
 There are     0 symmetry adapted cartesian basis functions of AU  symmetry.
 There are     6 symmetry adapted cartesian basis functions of BU  symmetry.
 There are     6 symmetry adapted basis functions of AG  symmetry.
 There are     0 symmetry adapted basis functions of BG  symmetry.
 There are     0 symmetry adapted basis functions of AU  symmetry.
 There are     6 symmetry adapted basis functions of BU  symmetry.
    12 basis functions,   120 primitive gaussians,    12 cartesian basis functions
     6 alpha electrons        6 beta electrons
       nuclear repulsion energy        17.5225361268 Hartrees.
 NAtoms=   12 NActive=   12 NUniq=    6 SFac= 4.00D+00 NAtFMM=   60 NAOKFM=F Big=F
 Integral buffers will be    131072 words long.
 Regular integral format.
 Two-electron integral symmetry is turned on.
 One-electron integrals computed using PRISM.
 NBasis=    12 RedAO= T EigKep=  1.82D-01  NBF=     6     0     0     6
 NBsUse=    12 1.00D-06 EigRej= -1.00D+00 NBFU=     6     0     0     6
 Initial guess from the checkpoint file:  "h12.chk"
 B after Tr=    -0.000000   -0.000000    0.000000
         Rot=    0.999973   -0.000000    0.000000   -0.007349 Ang=  -0.84 deg.
 Initial guess orbital symmetries:
       Occupied  (AG) (BU) (AG) (BU) (AG) (AG)
       Virtual   (BU) (BU) (BU) (AG) (AG) (BU)
 Keep R1 ints in memory in symmetry-blocked form, NReq=899794.
 Requested convergence on RMS density matrix=1.00D-08 within 128 cycles.
 Requested convergence on MAX density matrix=1.00D-06.
 Requested convergence on             energy=1.00D-06.
 No special actions if energy rises.
 SCF Done:  E(RHF) =  -5.51898593420     A.U. after   10 cycles
            NFock= 10  Conv=0.39D-08     -V/T= 1.8371
 Range of M.O.s used for correlation:     1    12
 NBasis=    12 NAE=     6 NBE=     6 NFC=     0 NFV=     0
 NROrb=     12 NOA=     6 NOB=     6 NVA=     6 NVB=     6

 **** Warning!!: The smallest alpha delta epsilon is  0.59809777D-01

 Semi-Direct transformation.
 ModeAB=           4 MOrb=             6 LenV=     134087979
 LASXX=         2181 LTotXX=        2181 LenRXX=        5115
 LTotAB=        2934 MaxLAS=        3024 LenRXY=           0
 NonZer=        7296 LenScr=      655360 LnRSAI=        3024
 LnScr1=      655360 LExtra=           0 Total=      1318859
 MaxDsk=          -1 SrtSym=           T ITran=            3
 JobTyp=0 Pass  1:  I=   1 to   6.
 (rs|ai) integrals will be sorted in core.
 Spin components of T(2) and E(2):
     alpha-alpha T2 =       0.1464405118D-01 E2=     -0.1299638481D-01
     alpha-beta  T2 =       0.9096895021D+00 E2=     -0.2398969165D+00
     beta-beta   T2 =       0.1464405118D-01 E2=     -0.1299638481D-01
 ANorm=    0.1392471761D+01
 E2 =    -0.2658896861D+00 EUMP2 =    -0.57848756203389D+01
 Second order stability test of a single determinant RHF wave function:
 Stabil:  MDV=134217728
 ***********************************************************************
 Matrix         Lowest Root    Major Pairs
 ***********************************************************************
 Internal RHF    -0.1298274    5A=7A 6A=7A
 RRHF --> CRHF   -0.1760288    5A=7A 6A=7A
 RRHF --> RUHF   -0.349347     6A=7B
 Not stable.
 ***********************************************************************

 **********************************************************************

            Population analysis using the SCF density.

 **********************************************************************

 Orbital symmetries:
       Occupied  (AG) (BU) (AG) (BU) (AG) (AG)
       Virtual   (BU) (BU) (BU) (AG) (AG) (BU)
 The electronic state is 1-AG.
 Alpha  occ. eigenvalues --   -0.86861  -0.77733  -0.64335  -0.46183  -0.23819
 Alpha  occ. eigenvalues --   -0.20272
 Alpha virt. eigenvalues --   -0.14291   0.11995   0.28778   0.35013   0.53616
 Alpha virt. eigenvalues --    0.57617
          Condensed to atoms (all electrons):
               1          2          3          4          5          6
     1  H    0.820425   0.249992   0.113539  -0.123530   0.016523  -0.150749
     2  H    0.249992   1.085016  -0.174664   0.025105   0.014293  -0.060568
     3  H    0.113539  -0.174664   1.356462  -0.011585  -0.108608   0.077980
     4  H   -0.123530   0.025105  -0.011585   0.934736  -0.125113   0.319804
     5  H    0.016523   0.014293  -0.108608  -0.125113   1.029984  -0.037971
     6  H   -0.150749  -0.060568   0.077980   0.319804  -0.037971   1.019703
     7  H   -0.008905   0.001354  -0.078792   0.026818  -0.211863   0.043101
     8  H    0.015714   0.015180  -0.105773  -0.089077   0.493277  -0.211863
     9  H   -0.001996  -0.000193  -0.004863   0.005966  -0.089077   0.026818
    10  H    0.004131  -0.001882   0.042311  -0.004863  -0.105773  -0.078792
    11  H   -0.000044   0.000062  -0.001882  -0.000193   0.015180   0.001354
    12  H    0.000447  -0.000044   0.004131  -0.001996   0.015714  -0.008905
               7          8          9         10         11         12
     1  H   -0.008905   0.015714  -0.001996   0.004131  -0.000044   0.000447
     2  H    0.001354   0.015180  -0.000193  -0.001882   0.000062  -0.000044
     3  H   -0.078792  -0.105773  -0.004863   0.042311  -0.001882   0.004131
     4  H    0.026818  -0.089077   0.005966  -0.004863  -0.000193  -0.001996
     5  H   -0.211863   0.493277  -0.089077  -0.105773   0.015180   0.015714
     6  H    0.043101  -0.211863   0.026818  -0.078792   0.001354  -0.008905
     7  H    1.019703  -0.037971   0.319804   0.077980  -0.060568  -0.150749
     8  H   -0.037971   1.029984  -0.125113  -0.108608   0.014293   0.016523
     9  H    0.319804  -0.125113   0.934736  -0.011585   0.025105  -0.123530
    10  H    0.077980  -0.108608  -0.011585   1.356462  -0.174664   0.113539
    11  H   -0.060568   0.014293   0.025105  -0.174664   1.085016   0.249992
    12  H   -0.150749   0.016523  -0.123530   0.113539   0.249992   0.820425
 Mulliken charges:
               1
     1  H    0.064453
     2  H   -0.153651
     3  H   -0.108255
     4  H    0.043929
     5  H    0.093435
     6  H    0.060089
     7  H    0.060089
     8  H    0.093435
     9  H    0.043929
    10  H   -0.108255
    11  H   -0.153651
    12  H    0.064453
 Sum of Mulliken charges =   0.00000
 Mulliken charges with hydrogens summed into heavy atoms:
               1
 Electronic spatial extent (au):  <R**2>=            231.7288
 Charge=              0.0000 electrons
 Dipole moment (field-independent basis, Debye):
    X=              0.0000    Y=              0.0000    Z=              0.0000  Tot=              0.0000
 Quadrupole moment (field-independent basis, Debye-Ang):
   XX=            -30.2912   YY=            -17.7367   ZZ=            -15.1341
   XY=             -6.3497   XZ=              0.0000   YZ=              0.0000
 Traceless Quadrupole moment (field-independent basis, Debye-Ang):
   XX=             -9.2372   YY=              3.3173   ZZ=              5.9199
   XY=             -6.3497   XZ=              0.0000   YZ=              0.0000
 Octapole moment (field-independent basis, Debye-Ang**2):
  XXX=              0.0000  YYY=              0.0000  ZZZ=              0.0000  XYY=              0.0000
  XXY=              0.0000  XXZ=              0.0000  XZZ=              0.0000  YZZ=              0.0000
  YYZ=              0.0000  XYZ=              0.0000
 Hexadecapole moment (field-independent basis, Debye-Ang**3):
 XXXX=           -513.9994 YYYY=           -125.4855 ZZZZ=            -17.9480 XXXY=           -142.5636
 XXXZ=              0.0000 YYYX=            -91.8150 YYYZ=              0.0000 ZZZX=              0.0000
 ZZZY=              0.0000 XXYY=           -106.9408 XXZZ=            -62.4611 YYZZ=            -22.7283
 XXYZ=              0.0000 YYXZ=              0.0000 ZZXY=            -26.1918
 N-N= 1.752253612679D+01 E-N=-4.629190300999D+01  KE= 6.592904162921D+00
 Symmetry AG   KE= 4.748464887782D+00
 Symmetry BG   KE= 0.000000000000D+00
 Symmetry AU   KE= 0.000000000000D+00
 Symmetry BU   KE= 1.844439275139D+00

 Test job not archived.
 1\1\GINC-SULU\Stability\RHF\Gen\H12\LCJ1\14-Feb-2017\0\\#rhf/gen scf(s
 ymm,tight,novaracc,noincfock,fulldiag) stable(crhf) guess=read geom=no
 crowd test\\hf stability analysis of h10 triangular lattice, y= 0.5657
 1237453403433\\0,1\H\H,1,1.1668752775\H,1,1.1668752775,2,122.\H,2,1.16
 68752775,1,58.,3,0.,0\H,3,1.1668752775,1,180.,2,0.,0\H,4,1.1668752775,
 2,180.,1,0.,0\H,5,1.1668752775,3,180.,2,0.,0\H,6,1.1668752775,4,180.,1
 ,0.,0\H,7,1.1668752775,5,180.,2,0.,0\H,8,1.1668752775,6,180.,1,0.,0\H,
 9,1.1668752775,7,180.,2,0.,0\H,10,1.1668752775,8,180.,1,0.,0\\Version=
 ES64L-G09RevE.01\State=1-AG\HF=-5.5189859\MP2=-5.7848756\RMSD=3.899e-0
 9\Dipole=0.,0.,0.\Quadrupole=-3.7310244,4.4012758,-0.6702514,0.,6.4595
 009,0.\PG=C02H [SGH(H12)]\\@


 IT CANNOT BE MY BEAUTY, FOR I HAVE NONE; AND IT CANNOT BE MY WIT,
 FOR HE HAS NOT ENOUGH TO KNOW THAT I HAVE ANY.
 -- CATHARINE SEDLEY, PUZZLED ABOUT WHY SHE WAS MISTRESS TO JAMES II
 Job cpu time:       0 days  0 hours  0 minutes  1.0 seconds.
 File lengths (MBytes):  RWF=     84 Int=      0 D2E=      0 Chk=      2 Scr=      2
 Normal termination of Gaussian 09 at Tue Feb 14 17:54:04 2017.
