 Entering Gaussian System, Link 0=g09
 AtFile(1): H.gbs
            H     0
            S   10   1.00
               1000.000000000000            0.000068713567
                316.227766000000            0.000169141320
                100.000000000000            0.000823394812
                 31.622776600000            0.003425569236
                 10.000000000000            0.013951996000
                  3.162277660000            0.056909313560
                  1.000000000000            0.198286399900
                  0.316227766000            0.496922426700
                  0.100000000000            0.369846276400
                  0.031622776600            0.003752720039
            ****
 Initial command:
 /projects/guscus/apps/gau/g09-e1/g09/l1.exe "/users/lcj1/gaussian/h12/rhfstability/2rows/alterguess/4to2/Gau-21120.inp" -scrdir="/users/lcj1/gaussian/h12/rhfstability/2rows/alterguess/4to2/"
 Entering Link 1 = /projects/guscus/apps/gau/g09-e1/g09/l1.exe PID=     21121.
  
 Copyright (c) 1988,1990,1992,1993,1995,1998,2003,2009,2015,
            Gaussian, Inc.  All Rights Reserved.
  
 This is part of the Gaussian(R) 09 program.  It is based on
 the Gaussian(R) 03 system (copyright 2003, Gaussian, Inc.),
 the Gaussian(R) 98 system (copyright 1998, Gaussian, Inc.),
 the Gaussian(R) 94 system (copyright 1995, Gaussian, Inc.),
 the Gaussian 92(TM) system (copyright 1992, Gaussian, Inc.),
 the Gaussian 90(TM) system (copyright 1990, Gaussian, Inc.),
 the Gaussian 88(TM) system (copyright 1988, Gaussian, Inc.),
 the Gaussian 86(TM) system (copyright 1986, Carnegie Mellon
 University), and the Gaussian 82(TM) system (copyright 1983,
 Carnegie Mellon University). Gaussian is a federally registered
 trademark of Gaussian, Inc.
  
 This software contains proprietary and confidential information,
 including trade secrets, belonging to Gaussian, Inc.
  
 This software is provided under written license and may be
 used, copied, transmitted, or stored only in accord with that
 written license.
  
 The following legend is applicable only to US Government
 contracts under FAR:
  
                    RESTRICTED RIGHTS LEGEND
  
 Use, reproduction and disclosure by the US Government is
 subject to restrictions as set forth in subparagraphs (a)
 and (c) of the Commercial Computer Software - Restricted
 Rights clause in FAR 52.227-19.
  
 Gaussian, Inc.
 340 Quinnipiac St., Bldg. 40, Wallingford CT 06492
  
  
 ---------------------------------------------------------------
 Warning -- This program may not be used in any manner that
 competes with the business of Gaussian, Inc. or will provide
 assistance to any competitor of Gaussian, Inc.  The licensee
 of this program is prohibited from giving any competitor of
 Gaussian, Inc. access to this program.  By using this program,
 the user acknowledges that Gaussian, Inc. is engaged in the
 business of creating and licensing software in the field of
 computational chemistry and represents and warrants to the
 licensee that it is not a competitor of Gaussian, Inc. and that
 it will not use this program in any manner prohibited above.
 ---------------------------------------------------------------
  

 Cite this work as:
 Gaussian 09, Revision E.01,
 M. J. Frisch, G. W. Trucks, H. B. Schlegel, G. E. Scuseria, 
 M. A. Robb, J. R. Cheeseman, G. Scalmani, V. Barone, B. Mennucci, 
 G. A. Petersson, H. Nakatsuji, M. Caricato, X. Li, H. P. Hratchian, 
 A. F. Izmaylov, J. Bloino, G. Zheng, J. L. Sonnenberg, M. Hada, 
 M. Ehara, K. Toyota, R. Fukuda, J. Hasegawa, M. Ishida, T. Nakajima, 
 Y. Honda, O. Kitao, H. Nakai, T. Vreven, J. A. Montgomery, Jr., 
 J. E. Peralta, F. Ogliaro, M. Bearpark, J. J. Heyd, E. Brothers, 
 K. N. Kudin, V. N. Staroverov, T. Keith, R. Kobayashi, J. Normand, 
 K. Raghavachari, A. Rendell, J. C. Burant, S. S. Iyengar, J. Tomasi, 
 M. Cossi, N. Rega, J. M. Millam, M. Klene, J. E. Knox, J. B. Cross, 
 V. Bakken, C. Adamo, J. Jaramillo, R. Gomperts, R. E. Stratmann, 
 O. Yazyev, A. J. Austin, R. Cammi, C. Pomelli, J. W. Ochterski, 
 R. L. Martin, K. Morokuma, V. G. Zakrzewski, G. A. Voth, 
 P. Salvador, J. J. Dannenberg, S. Dapprich, A. D. Daniels, 
 O. Farkas, J. B. Foresman, J. V. Ortiz, J. Cioslowski, 
 and D. J. Fox, Gaussian, Inc., Wallingford CT, 2013.
 
 ******************************************
 Gaussian 09:  ES64L-G09RevE.01 30-Nov-2015
                14-Feb-2017 
 ******************************************
 %chk=h12.chk
 ----------------------------------------------------------------------
 #rhf/gen scf(symm,tight,novaracc,noincfock,fulldiag) stable(crhf) gues
 s=read geom=nocrowd test
 ----------------------------------------------------------------------
 1/38=1/1;
 2/12=1,17=6,18=5,40=1/2;
 3/5=7,16=1,25=1,30=1,116=1/1,2,3;
 4/5=1,9=4/1;
 5/5=100002,15=2,16=1,32=2,38=6/2;
 8/6=1,10=90,11=11/1,4;
 9/8=4,13=1/2;
 6/7=2,8=2,9=2,10=2,28=1/1;
 99/5=1,9=1/99;
 ----------------------------------------------------------------------
 hf stability analysis of h10 triangular lattice, y= 0.6960275979088506
 0
 ----------------------------------------------------------------------
 Symbolic Z-matrix:
 Charge =  0 Multiplicity = 1
 H
 H                    1     1.08283 
 H                    1     1.08283  2     100. 
 H                    2     1.08283  1     80.      3     0.       0
 H                    3     1.08283  1     180.     2     0.       0
 H                    4     1.08283  2     180.     1     0.       0
 H                    5     1.08283  3     180.     2     0.       0
 H                    6     1.08283  4     180.     1     0.       0
 H                    7     1.08283  5     180.     2     0.       0
 H                    8     1.08283  6     180.     1     0.       0
 H                    9     1.08283  7     180.     2     0.       0
 H                    10    1.08283  8     180.     1     0.       0
 
                          Input orientation:                          
 ---------------------------------------------------------------------
 Center     Atomic      Atomic             Coordinates (Angstroms)
 Number     Number       Type             X           Y           Z
 ---------------------------------------------------------------------
      1          1           0        0.000000    0.000000    0.000000
      2          1           0        0.000000    0.000000    1.082827
      3          1           0        1.066376    0.000000   -0.188031
      4          1           0        1.066376    0.000000    0.894796
      5          1           0        2.132752    0.000000   -0.376062
      6          1           0        2.132752    0.000000    0.706765
      7          1           0        3.199128    0.000000   -0.564093
      8          1           0        3.199128    0.000000    0.518734
      9          1           0        4.265504    0.000000   -0.752124
     10          1           0        4.265504    0.000000    0.330703
     11          1           0        5.331881    0.000000   -0.940154
     12          1           0        5.331881    0.000000    0.142672
 ---------------------------------------------------------------------
                    Distance matrix (angstroms):
                    1          2          3          4          5
     1  H    0.000000
     2  H    1.082827   0.000000
     3  H    1.082827   1.658987   0.000000
     4  H    1.392055   1.082827   1.082827   0.000000
     5  H    2.165653   2.583987   1.082827   1.658987   0.000000
     6  H    2.246809   2.165653   1.392055   1.082827   1.082827
     7  H    3.248480   3.598161   2.165653   2.583987   1.082827
     8  H    3.240911   3.248480   2.246809   2.165653   1.392055
     9  H    4.331307   4.643444   3.248480   3.598161   2.165653
    10  H    4.278305   4.331307   3.240911   3.248480   2.246809
    11  H    5.414133   5.702754   4.331307   4.643444   3.248480
    12  H    5.333789   5.414133   4.278305   4.331307   3.240911
                    6          7          8          9         10
     6  H    0.000000
     7  H    1.658987   0.000000
     8  H    1.082827   1.082827   0.000000
     9  H    2.583987   1.082827   1.658987   0.000000
    10  H    2.165653   1.392055   1.082827   1.082827   0.000000
    11  H    3.598161   2.165653   2.583987   1.082827   1.658987
    12  H    3.248480   2.246809   2.165653   1.392055   1.082827
                   11         12
    11  H    0.000000
    12  H    1.082827   0.000000
 Stoichiometry    H12
 Framework group  C2H[SGH(H12)]
 Deg. of freedom    11
 Full point group                 C2H     NOp   4
 Largest Abelian subgroup         C2H     NOp   4
 Largest concise Abelian subgroup C2      NOp   2
                         Standard orientation:                         
 ---------------------------------------------------------------------
 Center     Atomic      Atomic             Coordinates (Angstroms)
 Number     Number       Type             X           Y           Z
 ---------------------------------------------------------------------
      1          1           0        1.658987    2.088083    0.000000
      2          1           0        2.488480    1.392055   -0.000000
      3          1           0        0.829493    1.392055    0.000000
      4          1           0        1.658987    0.696028   -0.000000
      5          1           0        0.000000    0.696028    0.000000
      6          1           0        0.829493    0.000000   -0.000000
      7          1           0       -0.829493    0.000000   -0.000000
      8          1           0       -0.000000   -0.696028    0.000000
      9          1           0       -1.658987   -0.696028   -0.000000
     10          1           0       -0.829493   -1.392055   -0.000000
     11          1           0       -2.488480   -1.392055   -0.000000
     12          1           0       -1.658987   -2.088083   -0.000000
 ---------------------------------------------------------------------
 Rotational constants (GHZ):    147.4049916     12.1849538     11.2546126
 General basis read from cards:  (5D, 7F)
 There are     6 symmetry adapted cartesian basis functions of AG  symmetry.
 There are     0 symmetry adapted cartesian basis functions of BG  symmetry.
 There are     0 symmetry adapted cartesian basis functions of AU  symmetry.
 There are     6 symmetry adapted cartesian basis functions of BU  symmetry.
 There are     6 symmetry adapted basis functions of AG  symmetry.
 There are     0 symmetry adapted basis functions of BG  symmetry.
 There are     0 symmetry adapted basis functions of AU  symmetry.
 There are     6 symmetry adapted basis functions of BU  symmetry.
    12 basis functions,   120 primitive gaussians,    12 cartesian basis functions
     6 alpha electrons        6 beta electrons
       nuclear repulsion energy        18.2907755647 Hartrees.
 NAtoms=   12 NActive=   12 NUniq=    6 SFac= 4.00D+00 NAtFMM=   60 NAOKFM=F Big=F
 Integral buffers will be    131072 words long.
 Regular integral format.
 Two-electron integral symmetry is turned on.
 One-electron integrals computed using PRISM.
 NBasis=    12 RedAO= T EigKep=  1.22D-01  NBF=     6     0     0     6
 NBsUse=    12 1.00D-06 EigRej= -1.00D+00 NBFU=     6     0     0     6
 Initial guess from the checkpoint file:  "h12.chk"
 B after Tr=    -0.000000   -0.000000   -0.000000
         Rot=    0.999973   -0.000000   -0.000000   -0.007349 Ang=  -0.84 deg.
 Initial guess orbital symmetries:
       Occupied  (AG) (BU) (AG) (BU) (AG) (AG)
       Virtual   (BU) (BU) (BU) (AG) (BU) (AG)
 Keep R1 ints in memory in symmetry-blocked form, NReq=900690.
 Requested convergence on RMS density matrix=1.00D-08 within 128 cycles.
 Requested convergence on MAX density matrix=1.00D-06.
 Requested convergence on             energy=1.00D-06.
 No special actions if energy rises.
 SCF Done:  E(RHF) =  -5.37468749645     A.U. after   11 cycles
            NFock= 11  Conv=0.28D-08     -V/T= 1.7782
 Range of M.O.s used for correlation:     1    12
 NBasis=    12 NAE=     6 NBE=     6 NFC=     0 NFV=     0
 NROrb=     12 NOA=     6 NOB=     6 NVA=     6 NVB=     6

 **** Warning!!: The smallest alpha delta epsilon is -0.42819644D-01

 Semi-Direct transformation.
 ModeAB=           4 MOrb=             6 LenV=     134087391
 LASXX=         2181 LTotXX=        2181 LenRXX=        5115
 LTotAB=        2934 MaxLAS=        3024 LenRXY=           0
 NonZer=        7296 LenScr=      655360 LnRSAI=        3024
 LnScr1=      655360 LExtra=           0 Total=      1318859
 MaxDsk=          -1 SrtSym=           T ITran=            3
 JobTyp=0 Pass  1:  I=   1 to   6.
 (rs|ai) integrals will be sorted in core.
 Spin components of T(2) and E(2):
     alpha-alpha T2 =       0.2329615858D-01 E2=     -0.1784753748D-01
     alpha-beta  T2 =       0.1278032382D+01 E2=     -0.2630696861D+00
     beta-beta   T2 =       0.2329615858D-01 E2=     -0.1784753748D-01
 ANorm=    0.1524671997D+01
 E2 =    -0.2987647611D+00 EUMP2 =    -0.56734522575137D+01
 Second order stability test of a single determinant RHF wave function:
 Stabil:  MDV=134217728
 ***********************************************************************
 Matrix         Lowest Root    Major Pairs
 ***********************************************************************
 Internal RHF    -0.2649173    6A=7A
 RRHF --> CRHF   -0.3124986    6A=7A
 RRHF --> RUHF   -0.3897752    6A=7B
 Not stable.
 ***********************************************************************

 **********************************************************************

            Population analysis using the SCF density.

 **********************************************************************

 Orbital symmetries:
       Occupied  (AG) (BU) (AG) (BU) (AG) (AG)
       Virtual   (BU) (BU) (AG) (BU) (BU) (AG)
 The electronic state is 1-AG.
 Alpha  occ. eigenvalues --   -0.90146  -0.77924  -0.63071  -0.44377  -0.26063
 Alpha  occ. eigenvalues --   -0.16987
 Alpha virt. eigenvalues --   -0.21269   0.09586   0.33048   0.33141   0.63005
 Alpha virt. eigenvalues --    0.87464
          Condensed to atoms (all electrons):
               1          2          3          4          5          6
     1  H    0.879888   0.415156  -0.045744  -0.221693   0.022347  -0.081803
     2  H    0.415156   1.112601  -0.261124  -0.149403  -0.002169  -0.025699
     3  H   -0.045744  -0.261124   1.474367   0.233483  -0.037497  -0.097617
     4  H   -0.221693  -0.149403   0.233483   1.299612  -0.210006   0.233964
     5  H    0.022347  -0.002169  -0.037497  -0.210006   0.940362   0.201951
     6  H   -0.081803  -0.025699  -0.097617   0.233964   0.201951   0.861230
     7  H    0.001236   0.011068  -0.127521   0.007852  -0.121081   0.014653
     8  H    0.020736   0.016130  -0.064881  -0.158228   0.236474  -0.121081
     9  H   -0.003787  -0.000936   0.003865   0.025378  -0.158228   0.007852
    10  H    0.000463  -0.004697   0.046069   0.003865  -0.064881  -0.127521
    11  H    0.000043   0.000265  -0.004697  -0.000936   0.016130   0.011068
    12  H    0.000280   0.000043   0.000463  -0.003787   0.020736   0.001236
               7          8          9         10         11         12
     1  H    0.001236   0.020736  -0.003787   0.000463   0.000043   0.000280
     2  H    0.011068   0.016130  -0.000936  -0.004697   0.000265   0.000043
     3  H   -0.127521  -0.064881   0.003865   0.046069  -0.004697   0.000463
     4  H    0.007852  -0.158228   0.025378   0.003865  -0.000936  -0.003787
     5  H   -0.121081   0.236474  -0.158228  -0.064881   0.016130   0.020736
     6  H    0.014653  -0.121081   0.007852  -0.127521   0.011068   0.001236
     7  H    0.861230   0.201951   0.233964  -0.097617  -0.025699  -0.081803
     8  H    0.201951   0.940362  -0.210006  -0.037497  -0.002169   0.022347
     9  H    0.233964  -0.210006   1.299612   0.233483  -0.149403  -0.221693
    10  H   -0.097617  -0.037497   0.233483   1.474367  -0.261124  -0.045744
    11  H   -0.025699  -0.002169  -0.149403  -0.261124   1.112601   0.415156
    12  H   -0.081803   0.022347  -0.221693  -0.045744   0.415156   0.879888
 Mulliken charges:
               1
     1  H    0.012877
     2  H   -0.111235
     3  H   -0.119167
     4  H   -0.060102
     5  H    0.155860
     6  H    0.121767
     7  H    0.121767
     8  H    0.155860
     9  H   -0.060102
    10  H   -0.119167
    11  H   -0.111235
    12  H    0.012877
 Sum of Mulliken charges =  -0.00000
 Mulliken charges with hydrogens summed into heavy atoms:
               1
 Electronic spatial extent (au):  <R**2>=            206.2729
 Charge=             -0.0000 electrons
 Dipole moment (field-independent basis, Debye):
    X=              0.0000    Y=              0.0000    Z=              0.0000  Tot=              0.0000
 Quadrupole moment (field-independent basis, Debye-Ang):
   XX=            -27.3413   YY=            -21.2461   ZZ=            -14.8474
   XY=             -9.5613   XZ=             -0.0000   YZ=             -0.0000
 Traceless Quadrupole moment (field-independent basis, Debye-Ang):
   XX=             -6.1964   YY=             -0.1011   ZZ=              6.2975
   XY=             -9.5613   XZ=             -0.0000   YZ=             -0.0000
 Octapole moment (field-independent basis, Debye-Ang**2):
  XXX=              0.0000  YYY=              0.0000  ZZZ=              0.0000  XYY=             -0.0000
  XXY=              0.0000  XXZ=              0.0000  XZZ=              0.0000  YZZ=              0.0000
  YYZ=              0.0000  XYZ=              0.0000
 Hexadecapole moment (field-independent basis, Debye-Ang**3):
 XXXX=           -321.0442 YYYY=           -195.8179 ZZZZ=            -17.3883 XXXY=           -137.5404
 XXXZ=             -0.0000 YYYX=           -112.1149 YYYZ=             -0.0000 ZZZX=             -0.0000
 ZZZY=             -0.0000 XXYY=           -111.0767 XXZZ=            -43.0400 YYZZ=            -31.4538
 XXYZ=             -0.0000 YYXZ=             -0.0000 ZZXY=            -26.6689
 N-N= 1.829077556473D+01 E-N=-4.786624468912D+01  KE= 6.906671375305D+00
 Symmetry AG   KE= 4.944707648370D+00
 Symmetry BG   KE= 0.000000000000D+00
 Symmetry AU   KE= 0.000000000000D+00
 Symmetry BU   KE= 1.961963726935D+00

 Test job not archived.
 1\1\GINC-SULU\Stability\RHF\Gen\H12\LCJ1\14-Feb-2017\0\\#rhf/gen scf(s
 ymm,tight,novaracc,noincfock,fulldiag) stable(crhf) guess=read geom=no
 crowd test\\hf stability analysis of h10 triangular lattice, y= 0.6960
 2759790885060\\0,1\H\H,1,1.0828266931\H,1,1.0828266931,2,100.\H,2,1.08
 28266931,1,80.,3,0.,0\H,3,1.0828266931,1,180.,2,0.,0\H,4,1.0828266931,
 2,180.,1,0.,0\H,5,1.0828266931,3,180.,2,0.,0\H,6,1.0828266931,4,180.,1
 ,0.,0\H,7,1.0828266931,5,180.,2,0.,0\H,8,1.0828266931,6,180.,1,0.,0\H,
 9,1.0828266931,7,180.,2,0.,0\H,10,1.0828266931,8,180.,1,0.,0\\Version=
 ES64L-G09RevE.01\State=1-AG\HF=-5.3746875\MP2=-5.6734523\RMSD=2.817e-0
 9\Dipole=0.,0.,0.\Quadrupole=-8.9481563,4.6820436,4.2661127,0.,3.46580
 29,0.\PG=C02H [SGH(H12)]\\@


 IF YOU'RE NOT PART OF THE SOLUTION,
 THEN YOU'RE PART OF THE PRECIPITATE.
 Job cpu time:       0 days  0 hours  0 minutes  1.0 seconds.
 File lengths (MBytes):  RWF=     84 Int=      0 D2E=      0 Chk=      2 Scr=      2
 Normal termination of Gaussian 09 at Tue Feb 14 17:54:30 2017.
