 Entering Gaussian System, Link 0=g09
 AtFile(1): H.gbs
            H     0
            S   10   1.00
               1000.000000000000            0.000068713567
                316.227766000000            0.000169141320
                100.000000000000            0.000823394812
                 31.622776600000            0.003425569236
                 10.000000000000            0.013951996000
                  3.162277660000            0.056909313560
                  1.000000000000            0.198286399900
                  0.316227766000            0.496922426700
                  0.100000000000            0.369846276400
                  0.031622776600            0.003752720039
            ****
 Initial command:
 /projects/guscus/apps/gau/g09-e1/g09/l1.exe "/users/lcj1/gaussian/h12/rhfstability/2rows/alterguess/4to2/Gau-20394.inp" -scrdir="/users/lcj1/gaussian/h12/rhfstability/2rows/alterguess/4to2/"
 Entering Link 1 = /projects/guscus/apps/gau/g09-e1/g09/l1.exe PID=     20395.
  
 Copyright (c) 1988,1990,1992,1993,1995,1998,2003,2009,2015,
            Gaussian, Inc.  All Rights Reserved.
  
 This is part of the Gaussian(R) 09 program.  It is based on
 the Gaussian(R) 03 system (copyright 2003, Gaussian, Inc.),
 the Gaussian(R) 98 system (copyright 1998, Gaussian, Inc.),
 the Gaussian(R) 94 system (copyright 1995, Gaussian, Inc.),
 the Gaussian 92(TM) system (copyright 1992, Gaussian, Inc.),
 the Gaussian 90(TM) system (copyright 1990, Gaussian, Inc.),
 the Gaussian 88(TM) system (copyright 1988, Gaussian, Inc.),
 the Gaussian 86(TM) system (copyright 1986, Carnegie Mellon
 University), and the Gaussian 82(TM) system (copyright 1983,
 Carnegie Mellon University). Gaussian is a federally registered
 trademark of Gaussian, Inc.
  
 This software contains proprietary and confidential information,
 including trade secrets, belonging to Gaussian, Inc.
  
 This software is provided under written license and may be
 used, copied, transmitted, or stored only in accord with that
 written license.
  
 The following legend is applicable only to US Government
 contracts under FAR:
  
                    RESTRICTED RIGHTS LEGEND
  
 Use, reproduction and disclosure by the US Government is
 subject to restrictions as set forth in subparagraphs (a)
 and (c) of the Commercial Computer Software - Restricted
 Rights clause in FAR 52.227-19.
  
 Gaussian, Inc.
 340 Quinnipiac St., Bldg. 40, Wallingford CT 06492
  
  
 ---------------------------------------------------------------
 Warning -- This program may not be used in any manner that
 competes with the business of Gaussian, Inc. or will provide
 assistance to any competitor of Gaussian, Inc.  The licensee
 of this program is prohibited from giving any competitor of
 Gaussian, Inc. access to this program.  By using this program,
 the user acknowledges that Gaussian, Inc. is engaged in the
 business of creating and licensing software in the field of
 computational chemistry and represents and warrants to the
 licensee that it is not a competitor of Gaussian, Inc. and that
 it will not use this program in any manner prohibited above.
 ---------------------------------------------------------------
  

 Cite this work as:
 Gaussian 09, Revision E.01,
 M. J. Frisch, G. W. Trucks, H. B. Schlegel, G. E. Scuseria, 
 M. A. Robb, J. R. Cheeseman, G. Scalmani, V. Barone, B. Mennucci, 
 G. A. Petersson, H. Nakatsuji, M. Caricato, X. Li, H. P. Hratchian, 
 A. F. Izmaylov, J. Bloino, G. Zheng, J. L. Sonnenberg, M. Hada, 
 M. Ehara, K. Toyota, R. Fukuda, J. Hasegawa, M. Ishida, T. Nakajima, 
 Y. Honda, O. Kitao, H. Nakai, T. Vreven, J. A. Montgomery, Jr., 
 J. E. Peralta, F. Ogliaro, M. Bearpark, J. J. Heyd, E. Brothers, 
 K. N. Kudin, V. N. Staroverov, T. Keith, R. Kobayashi, J. Normand, 
 K. Raghavachari, A. Rendell, J. C. Burant, S. S. Iyengar, J. Tomasi, 
 M. Cossi, N. Rega, J. M. Millam, M. Klene, J. E. Knox, J. B. Cross, 
 V. Bakken, C. Adamo, J. Jaramillo, R. Gomperts, R. E. Stratmann, 
 O. Yazyev, A. J. Austin, R. Cammi, C. Pomelli, J. W. Ochterski, 
 R. L. Martin, K. Morokuma, V. G. Zakrzewski, G. A. Voth, 
 P. Salvador, J. J. Dannenberg, S. Dapprich, A. D. Daniels, 
 O. Farkas, J. B. Foresman, J. V. Ortiz, J. Cioslowski, 
 and D. J. Fox, Gaussian, Inc., Wallingford CT, 2013.
 
 ******************************************
 Gaussian 09:  ES64L-G09RevE.01 30-Nov-2015
                14-Feb-2017 
 ******************************************
 %chk=h12.chk
 ----------------------------------------------------------------------
 #rhf/gen scf(symm,tight,novaracc,noincfock,fulldiag) stable(crhf) gues
 s=read geom=nocrowd test
 ----------------------------------------------------------------------
 1/38=1/1;
 2/12=1,17=6,18=5,40=1/2;
 3/5=7,16=1,25=1,30=1,116=1/1,2,3;
 4/5=1,9=4/1;
 5/5=100002,15=2,16=1,32=2,38=6/2;
 8/6=1,10=90,11=11/1,4;
 9/8=4,13=1/2;
 6/7=2,8=2,9=2,10=2,28=1/1;
 99/5=1,9=1/99;
 ----------------------------------------------------------------------
 hf stability analysis of h10 triangular lattice, y= 0.4829747999860826
 7
 ----------------------------------------------------------------------
 Symbolic Z-matrix:
 Charge =  0 Multiplicity = 1
 H
 H                    1     1.28929 
 H                    1     1.28929  2     136. 
 H                    2     1.28929  1     44.      3     0.       0
 H                    3     1.28929  1     180.     2     0.       0
 H                    4     1.28929  2     180.     1     0.       0
 H                    5     1.28929  3     180.     2     0.       0
 H                    6     1.28929  4     180.     1     0.       0
 H                    7     1.28929  5     180.     2     0.       0
 H                    8     1.28929  6     180.     1     0.       0
 H                    9     1.28929  7     180.     2     0.       0
 H                    10    1.28929  8     180.     1     0.       0
 
                          Input orientation:                          
 ---------------------------------------------------------------------
 Center     Atomic      Atomic             Coordinates (Angstroms)
 Number     Number       Type             X           Y           Z
 ---------------------------------------------------------------------
      1          1           0        0.000000    0.000000    0.000000
      2          1           0        0.000000    0.000000    1.289285
      3          1           0        0.895613    0.000000   -0.927434
      4          1           0        0.895613    0.000000    0.361851
      5          1           0        1.791226    0.000000   -1.854869
      6          1           0        1.791226    0.000000   -0.565583
      7          1           0        2.686839    0.000000   -2.782303
      8          1           0        2.686839    0.000000   -1.493017
      9          1           0        3.582451    0.000000   -3.709737
     10          1           0        3.582451    0.000000   -2.420452
     11          1           0        4.478064    0.000000   -4.637171
     12          1           0        4.478064    0.000000   -3.347886
 ---------------------------------------------------------------------
                    Distance matrix (angstroms):
                    1          2          3          4          5
     1  H    0.000000
     2  H    1.289285   0.000000
     3  H    1.289285   2.390809   0.000000
     4  H    0.965950   1.289285   1.289285   0.000000
     5  H    2.578571   3.618590   1.289285   2.390809   0.000000
     6  H    1.878397   2.578571   0.965950   1.289285   1.289285
     7  H    3.867856   4.878210   2.578571   3.618590   1.289285
     8  H    3.073793   3.867856   1.878397   2.578571   0.965950
     9  H    5.157141   6.150137   3.867856   4.878210   2.578571
    10  H    4.323488   5.157141   3.073793   3.867856   1.878397
    11  H    6.446427   7.428051   5.157141   6.150137   3.867856
    12  H    5.591189   6.446427   4.323488   5.157141   3.073793
                    6          7          8          9         10
     6  H    0.000000
     7  H    2.390809   0.000000
     8  H    1.289285   1.289285   0.000000
     9  H    3.618590   1.289285   2.390809   0.000000
    10  H    2.578571   0.965950   1.289285   1.289285   0.000000
    11  H    4.878210   2.578571   3.618590   1.289285   2.390809
    12  H    3.867856   1.878397   2.578571   0.965950   1.289285
                   11         12
    11  H    0.000000
    12  H    1.289285   0.000000
 Stoichiometry    H12
 Framework group  C2H[SGH(H12)]
 Deg. of freedom    11
 Full point group                 C2H     NOp   4
 Largest Abelian subgroup         C2H     NOp   4
 Largest concise Abelian subgroup C2      NOp   2
                         Standard orientation:                         
 ---------------------------------------------------------------------
 Center     Atomic      Atomic             Coordinates (Angstroms)
 Number     Number       Type             X           Y           Z
 ---------------------------------------------------------------------
      1          1           0        2.390809    1.448924    0.000000
      2          1           0        3.586214    0.965950    0.000000
      3          1           0        1.195405    0.965950    0.000000
      4          1           0        2.390809    0.482975    0.000000
      5          1           0        0.000000    0.482975    0.000000
      6          1           0        1.195405    0.000000    0.000000
      7          1           0       -1.195405    0.000000    0.000000
      8          1           0       -0.000000   -0.482975    0.000000
      9          1           0       -2.390809   -0.482975    0.000000
     10          1           0       -1.195405   -0.965950    0.000000
     11          1           0       -3.586214   -0.965950    0.000000
     12          1           0       -2.390809   -1.448924    0.000000
 ---------------------------------------------------------------------
 Rotational constants (GHZ):    218.0097781      8.2387271      7.9387179
 General basis read from cards:  (5D, 7F)
 There are     6 symmetry adapted cartesian basis functions of AG  symmetry.
 There are     0 symmetry adapted cartesian basis functions of BG  symmetry.
 There are     0 symmetry adapted cartesian basis functions of AU  symmetry.
 There are     6 symmetry adapted cartesian basis functions of BU  symmetry.
 There are     6 symmetry adapted basis functions of AG  symmetry.
 There are     0 symmetry adapted basis functions of BG  symmetry.
 There are     0 symmetry adapted basis functions of AU  symmetry.
 There are     6 symmetry adapted basis functions of BU  symmetry.
    12 basis functions,   120 primitive gaussians,    12 cartesian basis functions
     6 alpha electrons        6 beta electrons
       nuclear repulsion energy        16.5866892569 Hartrees.
 NAtoms=   12 NActive=   12 NUniq=    6 SFac= 4.00D+00 NAtFMM=   60 NAOKFM=F Big=F
 Integral buffers will be    131072 words long.
 Regular integral format.
 Two-electron integral symmetry is turned on.
 One-electron integrals computed using PRISM.
 NBasis=    12 RedAO= T EigKep=  1.80D-01  NBF=     6     0     0     6
 NBsUse=    12 1.00D-06 EigRej= -1.00D+00 NBFU=     6     0     0     6
 Initial guess from the checkpoint file:  "h12.chk"
 B after Tr=     0.000000    0.000000    0.000000
         Rot=    0.999973   -0.000000    0.000000   -0.007349 Ang=  -0.84 deg.
 Initial guess orbital symmetries:
       Occupied  (AG) (BU) (AG) (BU) (AG) (AG)
       Virtual   (BU) (BU) (AG) (BU) (AG) (BU)
 Keep R1 ints in memory in symmetry-blocked form, NReq=897778.
 Requested convergence on RMS density matrix=1.00D-08 within 128 cycles.
 Requested convergence on MAX density matrix=1.00D-06.
 Requested convergence on             energy=1.00D-06.
 No special actions if energy rises.
 SCF Done:  E(RHF) =  -5.57238332331     A.U. after   11 cycles
            NFock= 11  Conv=0.16D-08     -V/T= 1.8674
 Range of M.O.s used for correlation:     1    12
 NBasis=    12 NAE=     6 NBE=     6 NFC=     0 NFV=     0
 NROrb=     12 NOA=     6 NOB=     6 NVA=     6 NVB=     6

 **** Warning!!: The smallest alpha delta epsilon is  0.71536180D-01

 Semi-Direct transformation.
 ModeAB=           4 MOrb=             6 LenV=     134090359
 LASXX=         2181 LTotXX=        2181 LenRXX=        5115
 LTotAB=        2934 MaxLAS=        3024 LenRXY=           0
 NonZer=        7296 LenScr=      655360 LnRSAI=        3024
 LnScr1=      655360 LExtra=           0 Total=      1318859
 MaxDsk=          -1 SrtSym=           T ITran=            3
 JobTyp=0 Pass  1:  I=   1 to   6.
 (rs|ai) integrals will be sorted in core.
 Spin components of T(2) and E(2):
     alpha-alpha T2 =       0.1026719166D-01 E2=     -0.9576153064D-02
     alpha-beta  T2 =       0.8519291741D+00 E2=     -0.2406504634D+00
     beta-beta   T2 =       0.1026719166D-01 E2=     -0.9576153064D-02
 ANorm=    0.1368379902D+01
 E2 =    -0.2598027695D+00 EUMP2 =    -0.58321860928367D+01
 Second order stability test of a single determinant RHF wave function:
 Stabil:  MDV=134217728
 ***********************************************************************
 Matrix         Lowest Root    Major Pairs
 ***********************************************************************

 Internal RHF    -0.0191505    6A=7A 6A=8A 5A=7A 6A=10A 4A=9A 3A=8A 6A=12A 5A=12A
 RRHF --> CRHF   -0.0965       6A=7A
 RRHF --> RUHF   -0.3360406    6A=7B
 Not stable.
 ***********************************************************************

 **********************************************************************

            Population analysis using the SCF density.

 **********************************************************************

 Orbital symmetries:
       Occupied  (AG) (BU) (AG) (BU) (AG) (AG)
       Virtual   (BU) (BU) (AG) (BU) (AG) (BU)
 The electronic state is 1-AG.
 Alpha  occ. eigenvalues --   -0.81301  -0.75188  -0.64139  -0.47993  -0.29549
 Alpha  occ. eigenvalues --   -0.11238
 Alpha virt. eigenvalues --   -0.04084   0.10500   0.22805   0.26376   0.46145
 Alpha virt. eigenvalues --    0.61352
          Condensed to atoms (all electrons):
               1          2          3          4          5          6
     1  H    1.094751   0.093587   0.162739  -0.128381   0.017247  -0.211369
     2  H    0.093587   0.887528  -0.103311   0.173391   0.006203  -0.033951
     3  H    0.162739  -0.103311   1.125987  -0.094799  -0.092766   0.155563
     4  H   -0.128381   0.173391  -0.094799   0.779684  -0.054117   0.254733
     5  H    0.017247   0.006203  -0.092766  -0.054117   0.961671  -0.148299
     6  H   -0.211369  -0.033951   0.155563   0.254733  -0.148299   1.229799
     7  H   -0.009368   0.000434  -0.047380   0.013927  -0.225032   0.065777
     8  H    0.012548   0.006023  -0.086636  -0.039832   0.587382  -0.225032
     9  H   -0.000975   0.000016  -0.003495   0.001273  -0.039832   0.013927
    10  H    0.003955  -0.000663   0.025690  -0.003495  -0.086636  -0.047380
    11  H   -0.000043   0.000012  -0.000663   0.000016   0.006023   0.000434
    12  H    0.000544  -0.000043   0.003955  -0.000975   0.012548  -0.009368
               7          8          9         10         11         12
     1  H   -0.009368   0.012548  -0.000975   0.003955  -0.000043   0.000544
     2  H    0.000434   0.006023   0.000016  -0.000663   0.000012  -0.000043
     3  H   -0.047380  -0.086636  -0.003495   0.025690  -0.000663   0.003955
     4  H    0.013927  -0.039832   0.001273  -0.003495   0.000016  -0.000975
     5  H   -0.225032   0.587382  -0.039832  -0.086636   0.006023   0.012548
     6  H    0.065777  -0.225032   0.013927  -0.047380   0.000434  -0.009368
     7  H    1.229799  -0.148299   0.254733   0.155563  -0.033951  -0.211369
     8  H   -0.148299   0.961671  -0.054117  -0.092766   0.006203   0.017247
     9  H    0.254733  -0.054117   0.779684  -0.094799   0.173391  -0.128381
    10  H    0.155563  -0.092766  -0.094799   1.125987  -0.103311   0.162739
    11  H   -0.033951   0.006203   0.173391  -0.103311   0.887528   0.093587
    12  H   -0.211369   0.017247  -0.128381   0.162739   0.093587   1.094751
 Mulliken charges:
               1
     1  H   -0.035236
     2  H   -0.029226
     3  H   -0.044885
     4  H    0.098574
     5  H    0.055608
     6  H   -0.044835
     7  H   -0.044835
     8  H    0.055608
     9  H    0.098574
    10  H   -0.044885
    11  H   -0.029226
    12  H   -0.035236
 Sum of Mulliken charges =   0.00000
 Mulliken charges with hydrogens summed into heavy atoms:
               1
 Electronic spatial extent (au):  <R**2>=            265.8424
 Charge=              0.0000 electrons
 Dipole moment (field-independent basis, Debye):
    X=              0.0000    Y=             -0.0000    Z=             -0.0000  Tot=              0.0000
 Quadrupole moment (field-independent basis, Debye-Ang):
   XX=            -21.3125   YY=            -17.4951   ZZ=            -15.3615
   XY=             -2.9577   XZ=              0.0000   YZ=              0.0000
 Traceless Quadrupole moment (field-independent basis, Debye-Ang):
   XX=             -3.2562   YY=              0.5613   ZZ=              2.6949
   XY=             -2.9577   XZ=              0.0000   YZ=              0.0000
 Octapole moment (field-independent basis, Debye-Ang**2):
  XXX=             -0.0000  YYY=             -0.0000  ZZZ=             -0.0000  XYY=             -0.0000
  XXY=             -0.0000  XXZ=             -0.0000  XZZ=             -0.0000  YZZ=             -0.0000
  YYZ=             -0.0000  XYZ=             -0.0000
 Hexadecapole moment (field-independent basis, Debye-Ang**3):
 XXXX=           -519.1739 YYYY=           -100.7428 ZZZZ=            -18.4434 XXXY=            -98.3980
 XXXZ=              0.0000 YYYX=            -88.0267 YYYZ=              0.0000 ZZZX=              0.0000
 ZZZY=              0.0000 XXYY=           -108.6757 XXZZ=            -80.7390 YYZZ=            -18.4891
 XXYZ=              0.0000 YYXZ=              0.0000 ZZXY=            -25.4386
 N-N= 1.658668925689D+01 E-N=-4.455448350103D+01  KE= 6.424516610240D+00
 Symmetry AG   KE= 4.667141813571D+00
 Symmetry BG   KE= 0.000000000000D+00
 Symmetry AU   KE= 0.000000000000D+00
 Symmetry BU   KE= 1.757374796669D+00

 Test job not archived.
 1\1\GINC-SULU\Stability\RHF\Gen\H12\LCJ1\14-Feb-2017\0\\#rhf/gen scf(s
 ymm,tight,novaracc,noincfock,fulldiag) stable(crhf) guess=read geom=no
 crowd test\\hf stability analysis of h10 triangular lattice, y= 0.4829
 7479998608267\\0,1\H\H,1,1.2892853348\H,1,1.2892853348,2,136.\H,2,1.28
 92853348,1,44.,3,0.,0\H,3,1.2892853348,1,180.,2,0.,0\H,4,1.2892853348,
 2,180.,1,0.,0\H,5,1.2892853348,3,180.,2,0.,0\H,6,1.2892853348,4,180.,1
 ,0.,0\H,7,1.2892853348,5,180.,2,0.,0\H,8,1.2892853348,6,180.,1,0.,0\H,
 9,1.2892853348,7,180.,2,0.,0\H,10,1.2892853348,8,180.,1,0.,0\\Version=
 ES64L-G09RevE.01\State=1-AG\HF=-5.5723833\MP2=-5.8321861\RMSD=1.563e-0
 9\Dipole=0.,0.,0.\Quadrupole=-1.5085089,2.0035651,-0.4950561,0.,2.5675
 857,0.\PG=C02H [SGH(H12)]\\@


 You don't have to suffer to be a poet.
 Adolescence is enough suffering for anyone.
                             -- John Ciardi
 Job cpu time:       0 days  0 hours  0 minutes  0.9 seconds.
 File lengths (MBytes):  RWF=     84 Int=      0 D2E=      0 Chk=      2 Scr=      2
 Normal termination of Gaussian 09 at Tue Feb 14 17:53:48 2017.
