 Entering Gaussian System, Link 0=g09
 AtFile(1): H.gbs
            H     0
            S   10   1.00
               1000.000000000000            0.000068713567
                316.227766000000            0.000169141320
                100.000000000000            0.000823394812
                 31.622776600000            0.003425569236
                 10.000000000000            0.013951996000
                  3.162277660000            0.056909313560
                  1.000000000000            0.198286399900
                  0.316227766000            0.496922426700
                  0.100000000000            0.369846276400
                  0.031622776600            0.003752720039
            ****
 Initial command:
 /projects/guscus/apps/gau/g09-e1/g09/l1.exe "/users/lcj1/gaussian/h12/rhfstability/2rows/alterguess/4to2/Gau-22738.inp" -scrdir="/users/lcj1/gaussian/h12/rhfstability/2rows/alterguess/4to2/"
 Entering Link 1 = /projects/guscus/apps/gau/g09-e1/g09/l1.exe PID=     22739.
  
 Copyright (c) 1988,1990,1992,1993,1995,1998,2003,2009,2015,
            Gaussian, Inc.  All Rights Reserved.
  
 This is part of the Gaussian(R) 09 program.  It is based on
 the Gaussian(R) 03 system (copyright 2003, Gaussian, Inc.),
 the Gaussian(R) 98 system (copyright 1998, Gaussian, Inc.),
 the Gaussian(R) 94 system (copyright 1995, Gaussian, Inc.),
 the Gaussian 92(TM) system (copyright 1992, Gaussian, Inc.),
 the Gaussian 90(TM) system (copyright 1990, Gaussian, Inc.),
 the Gaussian 88(TM) system (copyright 1988, Gaussian, Inc.),
 the Gaussian 86(TM) system (copyright 1986, Carnegie Mellon
 University), and the Gaussian 82(TM) system (copyright 1983,
 Carnegie Mellon University). Gaussian is a federally registered
 trademark of Gaussian, Inc.
  
 This software contains proprietary and confidential information,
 including trade secrets, belonging to Gaussian, Inc.
  
 This software is provided under written license and may be
 used, copied, transmitted, or stored only in accord with that
 written license.
  
 The following legend is applicable only to US Government
 contracts under FAR:
  
                    RESTRICTED RIGHTS LEGEND
  
 Use, reproduction and disclosure by the US Government is
 subject to restrictions as set forth in subparagraphs (a)
 and (c) of the Commercial Computer Software - Restricted
 Rights clause in FAR 52.227-19.
  
 Gaussian, Inc.
 340 Quinnipiac St., Bldg. 40, Wallingford CT 06492
  
  
 ---------------------------------------------------------------
 Warning -- This program may not be used in any manner that
 competes with the business of Gaussian, Inc. or will provide
 assistance to any competitor of Gaussian, Inc.  The licensee
 of this program is prohibited from giving any competitor of
 Gaussian, Inc. access to this program.  By using this program,
 the user acknowledges that Gaussian, Inc. is engaged in the
 business of creating and licensing software in the field of
 computational chemistry and represents and warrants to the
 licensee that it is not a competitor of Gaussian, Inc. and that
 it will not use this program in any manner prohibited above.
 ---------------------------------------------------------------
  

 Cite this work as:
 Gaussian 09, Revision E.01,
 M. J. Frisch, G. W. Trucks, H. B. Schlegel, G. E. Scuseria, 
 M. A. Robb, J. R. Cheeseman, G. Scalmani, V. Barone, B. Mennucci, 
 G. A. Petersson, H. Nakatsuji, M. Caricato, X. Li, H. P. Hratchian, 
 A. F. Izmaylov, J. Bloino, G. Zheng, J. L. Sonnenberg, M. Hada, 
 M. Ehara, K. Toyota, R. Fukuda, J. Hasegawa, M. Ishida, T. Nakajima, 
 Y. Honda, O. Kitao, H. Nakai, T. Vreven, J. A. Montgomery, Jr., 
 J. E. Peralta, F. Ogliaro, M. Bearpark, J. J. Heyd, E. Brothers, 
 K. N. Kudin, V. N. Staroverov, T. Keith, R. Kobayashi, J. Normand, 
 K. Raghavachari, A. Rendell, J. C. Burant, S. S. Iyengar, J. Tomasi, 
 M. Cossi, N. Rega, J. M. Millam, M. Klene, J. E. Knox, J. B. Cross, 
 V. Bakken, C. Adamo, J. Jaramillo, R. Gomperts, R. E. Stratmann, 
 O. Yazyev, A. J. Austin, R. Cammi, C. Pomelli, J. W. Ochterski, 
 R. L. Martin, K. Morokuma, V. G. Zakrzewski, G. A. Voth, 
 P. Salvador, J. J. Dannenberg, S. Dapprich, A. D. Daniels, 
 O. Farkas, J. B. Foresman, J. V. Ortiz, J. Cioslowski, 
 and D. J. Fox, Gaussian, Inc., Wallingford CT, 2013.
 
 ******************************************
 Gaussian 09:  ES64L-G09RevE.01 30-Nov-2015
                14-Feb-2017 
 ******************************************
 %chk=h12.chk
 ----------------------------------------------------------------------
 #rhf/gen scf(symm,tight,novaracc,noincfock,fulldiag) stable(crhf) gues
 s=read geom=nocrowd test
 ----------------------------------------------------------------------
 1/38=1/1;
 2/12=1,17=6,18=5,40=1/2;
 3/5=7,16=1,25=1,30=1,116=1/1,2,3;
 4/5=1,9=4/1;
 5/5=100002,15=2,16=1,32=2,38=6/2;
 8/6=1,10=90,11=11/1,4;
 9/8=4,13=1/2;
 6/7=2,8=2,9=2,10=2,28=1/1;
 99/5=1,9=1/99;
 ----------------------------------------------------------------------
 hf stability analysis of h10 triangular lattice, y= 1.8095073443210954
 ----------------------------------------------------------------------
 Symbolic Z-matrix:
 Charge =  0 Multiplicity = 1
 H
 H                    1     1.83742 
 H                    1     1.83742  2     20. 
 H                    2     1.83742  1     160.     3     0.       0
 H                    3     1.83742  1     180.     2     0.       0
 H                    4     1.83742  2     180.     1     0.       0
 H                    5     1.83742  3     180.     2     0.       0
 H                    6     1.83742  4     180.     1     0.       0
 H                    7     1.83742  5     180.     2     0.       0
 H                    8     1.83742  6     180.     1     0.       0
 H                    9     1.83742  7     180.     2     0.       0
 H                    10    1.83742  8     180.     1     0.       0
 
                          Input orientation:                          
 ---------------------------------------------------------------------
 Center     Atomic      Atomic             Coordinates (Angstroms)
 Number     Number       Type             X           Y           Z
 ---------------------------------------------------------------------
      1          1           0        0.000000    0.000000    0.000000
      2          1           0        0.000000    0.000000    1.837422
      3          1           0        0.628435    0.000000    1.726612
      4          1           0        0.628435    0.000000    3.564034
      5          1           0        1.256871    0.000000    3.453224
      6          1           0        1.256871    0.000000    5.290645
      7          1           0        1.885306    0.000000    5.179835
      8          1           0        1.885306    0.000000    7.017257
      9          1           0        2.513741    0.000000    6.906447
     10          1           0        2.513741    0.000000    8.743869
     11          1           0        3.142177    0.000000    8.633059
     12          1           0        3.142177    0.000000   10.470481
 ---------------------------------------------------------------------
                    Distance matrix (angstroms):
                    1          2          3          4          5
     1  H    0.000000
     2  H    1.837422   0.000000
     3  H    1.837422   0.638130   0.000000
     4  H    3.619015   1.837422   1.837422   0.000000
     5  H    3.674844   2.047081   1.837422   0.638130   0.000000
     6  H    5.437891   3.674844   3.619015   1.837422   1.837422
     7  H    5.512266   3.837461   3.674844   2.047081   1.837422
     8  H    7.266105   5.512266   5.437891   3.674844   3.619015
     9  H    7.349688   5.658084   5.512266   3.837461   3.674844
    10  H    9.098030   7.349688   7.266105   5.512266   5.437891
    11  H    9.187109   7.486919   7.349688   5.658084   5.512266
    12  H   10.931800   9.187109   9.098030   7.349688   7.266105
                    6          7          8          9         10
     6  H    0.000000
     7  H    0.638130   0.000000
     8  H    1.837422   1.837422   0.000000
     9  H    2.047081   1.837422   0.638130   0.000000
    10  H    3.674844   3.619015   1.837422   1.837422   0.000000
    11  H    3.837461   3.674844   2.047081   1.837422   0.638130
    12  H    5.512266   5.437891   3.674844   3.619015   1.837422
                   11         12
    11  H    0.000000
    12  H    1.837422   0.000000
 Stoichiometry    H12
 Framework group  C2H[SGH(H12)]
 Deg. of freedom    11
 Full point group                 C2H     NOp   4
 Largest Abelian subgroup         C2H     NOp   4
 Largest concise Abelian subgroup C2      NOp   2
                         Standard orientation:                         
 ---------------------------------------------------------------------
 Center     Atomic      Atomic             Coordinates (Angstroms)
 Number     Number       Type             X           Y           Z
 ---------------------------------------------------------------------
      1          1           0        5.428522    0.638130    0.000000
      2          1           0        3.619015    0.957195    0.000000
      3          1           0        3.619015    0.319065    0.000000
      4          1           0        1.809507    0.638130    0.000000
      5          1           0        1.809507    0.000000    0.000000
      6          1           0        0.000000    0.319065    0.000000
      7          1           0       -0.000000   -0.319065    0.000000
      8          1           0       -1.809507    0.000000    0.000000
      9          1           0       -1.809507   -0.638130    0.000000
     10          1           0       -3.619015   -0.319065    0.000000
     11          1           0       -3.619015   -0.957195    0.000000
     12          1           0       -5.428522   -0.638130    0.000000
 ---------------------------------------------------------------------
 Rotational constants (GHZ):    455.5783219      3.9425103      3.9086851
 General basis read from cards:  (5D, 7F)
 There are     6 symmetry adapted cartesian basis functions of AG  symmetry.
 There are     0 symmetry adapted cartesian basis functions of BG  symmetry.
 There are     0 symmetry adapted cartesian basis functions of AU  symmetry.
 There are     6 symmetry adapted cartesian basis functions of BU  symmetry.
 There are     6 symmetry adapted basis functions of AG  symmetry.
 There are     0 symmetry adapted basis functions of BG  symmetry.
 There are     0 symmetry adapted basis functions of AU  symmetry.
 There are     6 symmetry adapted basis functions of BU  symmetry.
    12 basis functions,   120 primitive gaussians,    12 cartesian basis functions
     6 alpha electrons        6 beta electrons
       nuclear repulsion energy        14.0945254115 Hartrees.
 NAtoms=   12 NActive=   12 NUniq=    6 SFac= 4.00D+00 NAtFMM=   60 NAOKFM=F Big=F
 Integral buffers will be    131072 words long.
 Regular integral format.
 Two-electron integral symmetry is turned on.
 One-electron integrals computed using PRISM.
 NBasis=    12 RedAO= T EigKep=  1.46D-01  NBF=     6     0     0     6
 NBsUse=    12 1.00D-06 EigRej= -1.00D+00 NBFU=     6     0     0     6
 Initial guess from the checkpoint file:  "h12.chk"
 B after Tr=     0.000000   -0.000000    0.000000
         Rot=    0.999973    0.000000    0.000000    0.007349 Ang=   0.84 deg.
 Initial guess orbital symmetries:
       Occupied  (AG) (BU) (AG) (BU) (AG) (AG)
       Virtual   (BU) (BU) (AG) (BU) (AG) (BU)
 Keep R1 ints in memory in symmetry-blocked form, NReq=891310.
 Requested convergence on RMS density matrix=1.00D-08 within 128 cycles.
 Requested convergence on MAX density matrix=1.00D-06.
 Requested convergence on             energy=1.00D-06.
 No special actions if energy rises.
 SCF Done:  E(RHF) =  -5.93831774262     A.U. after    6 cycles
            NFock=  6  Conv=0.87D-08     -V/T= 2.0066
 Range of M.O.s used for correlation:     1    12
 NBasis=    12 NAE=     6 NBE=     6 NFC=     0 NFV=     0
 NROrb=     12 NOA=     6 NOB=     6 NVA=     6 NVB=     6

 **** Warning!!: The smallest alpha delta epsilon is  0.48580567D-01

 Semi-Direct transformation.
 ModeAB=           4 MOrb=             6 LenV=     134096309
 LASXX=         2181 LTotXX=        2181 LenRXX=        5115
 LTotAB=        2934 MaxLAS=        3024 LenRXY=           0
 NonZer=        7296 LenScr=      655360 LnRSAI=        3024
 LnScr1=      655360 LExtra=           0 Total=      1318859
 MaxDsk=          -1 SrtSym=           T ITran=            3
 JobTyp=0 Pass  1:  I=   1 to   6.
 (rs|ai) integrals will be sorted in core.
 Spin components of T(2) and E(2):
     alpha-alpha T2 =       0.2276012182D-03 E2=     -0.5081638532D-03
     alpha-beta  T2 =       0.8762901715D+01 E2=     -0.8987072696D+00
     beta-beta   T2 =       0.2276012182D-03 E2=     -0.5081638532D-03
 ANorm=    0.3124637086D+01
 E2 =    -0.8997235973D+00 EUMP2 =    -0.68380413398800D+01
 Second order stability test of a single determinant RHF wave function:
 Stabil:  MDV=134217728
 ***********************************************************************
 Matrix         Lowest Root    Major Pairs
 ***********************************************************************
 Internal RHF     0.3090872    Stable
 RRHF --> CRHF   -0.0003557    6A=7A
 RRHF --> RUHF   -0.5784439    6A=7B
 Not stable.
 ***********************************************************************

 **********************************************************************

            Population analysis using the SCF density.

 **********************************************************************

 Orbital symmetries:
       Occupied  (AG) (BU) (AG) (BU) (AG) (AG)
       Virtual   (BU) (BU) (AG) (BU) (AG) (BU)
 The electronic state is 1-AG.
 Alpha  occ. eigenvalues --   -0.73930  -0.71549  -0.67275  -0.61969  -0.56583
 Alpha  occ. eigenvalues --   -0.18333
 Alpha virt. eigenvalues --   -0.13475   0.34024   0.39683   0.48931   0.59632
 Alpha virt. eigenvalues --    0.68873
          Condensed to atoms (all electrons):
               1          2          3          4          5          6
     1  H    1.090382  -0.038736  -0.036873   0.000154   0.000656  -0.000015
     2  H   -0.038736   0.617946   0.498956  -0.047180  -0.038710   0.000876
     3  H   -0.036873   0.498956   0.620857  -0.045009  -0.047270   0.000811
     4  H    0.000154  -0.047180  -0.045009   0.654728   0.526384  -0.049889
     5  H    0.000656  -0.038710  -0.047270   0.526384   0.652620  -0.048031
     6  H   -0.000015   0.000876   0.000811  -0.049889  -0.048031   0.656074
     7  H   -0.000012   0.000748   0.000835  -0.040303  -0.049644   0.528527
     8  H    0.000003  -0.000018  -0.000018   0.000905   0.000900  -0.049644
     9  H    0.000002  -0.000012  -0.000013   0.000772   0.000905  -0.040303
    10  H   -0.000000   0.000001   0.000002  -0.000013  -0.000018   0.000835
    11  H   -0.000000   0.000001   0.000001  -0.000012  -0.000018   0.000748
    12  H    0.000000  -0.000000  -0.000000   0.000002   0.000003  -0.000012
               7          8          9         10         11         12
     1  H   -0.000012   0.000003   0.000002  -0.000000  -0.000000   0.000000
     2  H    0.000748  -0.000018  -0.000012   0.000001   0.000001  -0.000000
     3  H    0.000835  -0.000018  -0.000013   0.000002   0.000001  -0.000000
     4  H   -0.040303   0.000905   0.000772  -0.000013  -0.000012   0.000002
     5  H   -0.049644   0.000900   0.000905  -0.000018  -0.000018   0.000003
     6  H    0.528527  -0.049644  -0.040303   0.000835   0.000748  -0.000012
     7  H    0.656074  -0.048031  -0.049889   0.000811   0.000876  -0.000015
     8  H   -0.048031   0.652620   0.526384  -0.047270  -0.038710   0.000656
     9  H   -0.049889   0.526384   0.654728  -0.045009  -0.047180   0.000154
    10  H    0.000811  -0.047270  -0.045009   0.620857   0.498956  -0.036873
    11  H    0.000876  -0.038710  -0.047180   0.498956   0.617946  -0.038736
    12  H   -0.000015   0.000656   0.000154  -0.036873  -0.038736   1.090382
 Mulliken charges:
               1
     1  H   -0.015559
     2  H    0.006128
     3  H    0.007722
     4  H   -0.000540
     5  H    0.002224
     6  H    0.000026
     7  H    0.000026
     8  H    0.002224
     9  H   -0.000540
    10  H    0.007722
    11  H    0.006128
    12  H   -0.015559
 Sum of Mulliken charges =   0.00000
 Mulliken charges with hydrogens summed into heavy atoms:
               1
 Electronic spatial extent (au):  <R**2>=            497.8887
 Charge=              0.0000 electrons
 Dipole moment (field-independent basis, Debye):
    X=              0.0000    Y=             -0.0000    Z=             -0.0000  Tot=              0.0000
 Quadrupole moment (field-independent basis, Debye-Ang):
   XX=            -23.6045   YY=            -14.1250   ZZ=            -15.7325
   XY=             -0.9308   XZ=             -0.0000   YZ=              0.0000
 Traceless Quadrupole moment (field-independent basis, Debye-Ang):
   XX=             -5.7839   YY=              3.6956   ZZ=              2.0882
   XY=             -0.9308   XZ=             -0.0000   YZ=              0.0000
 Octapole moment (field-independent basis, Debye-Ang**2):
  XXX=             -0.0000  YYY=             -0.0000  ZZZ=             -0.0000  XYY=             -0.0000
  XXY=             -0.0000  XXZ=             -0.0000  XZZ=             -0.0000  YZZ=             -0.0000
  YYZ=             -0.0000  XYZ=             -0.0000
 Hexadecapole moment (field-independent basis, Debye-Ang**3):
 XXXX=          -1351.5952 YYYY=            -44.7436 ZZZZ=            -19.2305 XXXY=           -112.0375
 XXXZ=             -0.0000 YYYX=            -68.8095 YYYZ=             -0.0000 ZZZX=             -0.0000
 ZZZY=             -0.0000 XXYY=           -171.0058 XXZZ=           -173.1168 YYZZ=            -11.0267
 XXYZ=              0.0000 YYXZ=             -0.0000 ZZXY=            -24.7110
 N-N= 1.409452541147D+01 E-N=-3.897210967266D+01  KE= 5.899198316434D+00
 Symmetry AG   KE= 4.080384487644D+00
 Symmetry BG   KE= 0.000000000000D+00
 Symmetry AU   KE= 0.000000000000D+00
 Symmetry BU   KE= 1.818813828790D+00

 Test job not archived.
 1\1\GINC-SULU\Stability\RHF\Gen\H12\LCJ1\14-Feb-2017\0\\#rhf/gen scf(s
 ymm,tight,novaracc,noincfock,fulldiag) stable(crhf) guess=read geom=no
 crowd test\\hf stability analysis of h10 triangular lattice, y= 1.8095
 073443210954\\0,1\H\H,1,1.8374218992\H,1,1.8374218992,2,20.\H,2,1.8374
 218992,1,160.,3,0.,0\H,3,1.8374218992,1,180.,2,0.,0\H,4,1.8374218992,2
 ,180.,1,0.,0\H,5,1.8374218992,3,180.,2,0.,0\H,6,1.8374218992,4,180.,1,
 0.,0\H,7,1.8374218992,5,180.,2,0.,0\H,8,1.8374218992,6,180.,1,0.,0\H,9
 ,1.8374218992,7,180.,2,0.,0\H,10,1.8374218992,8,180.,1,0.,0\\Version=E
 S64L-G09RevE.01\State=1-AG\HF=-5.9383177\MP2=-6.8380413\RMSD=8.711e-09
 \Dipole=0.,0.,0.\Quadrupole=2.2984207,1.5525326,-3.8509533,0.,-1.85553
 49,0.\PG=C02H [SGH(H12)]\\@


 When cryptography is outlawed, bayl bhgynjf jvyy unir cevinpl.
 Job cpu time:       0 days  0 hours  0 minutes  0.9 seconds.
 File lengths (MBytes):  RWF=     84 Int=      0 D2E=      0 Chk=      2 Scr=      2
 Normal termination of Gaussian 09 at Tue Feb 14 17:56:07 2017.
