 Entering Gaussian System, Link 0=g09
 AtFile(1): H.gbs
            H     0
            S   10   1.00
               1000.000000000000            0.000068713567
                316.227766000000            0.000169141320
                100.000000000000            0.000823394812
                 31.622776600000            0.003425569236
                 10.000000000000            0.013951996000
                  3.162277660000            0.056909313560
                  1.000000000000            0.198286399900
                  0.316227766000            0.496922426700
                  0.100000000000            0.369846276400
                  0.031622776600            0.003752720039
            ****
 Initial command:
 /projects/guscus/apps/gau/g09-e1/g09/l1.exe "/users/lcj1/gaussian/h12/rhfstability/2rows/alterguess/4to2/Gau-22332.inp" -scrdir="/users/lcj1/gaussian/h12/rhfstability/2rows/alterguess/4to2/"
 Entering Link 1 = /projects/guscus/apps/gau/g09-e1/g09/l1.exe PID=     22333.
  
 Copyright (c) 1988,1990,1992,1993,1995,1998,2003,2009,2015,
            Gaussian, Inc.  All Rights Reserved.
  
 This is part of the Gaussian(R) 09 program.  It is based on
 the Gaussian(R) 03 system (copyright 2003, Gaussian, Inc.),
 the Gaussian(R) 98 system (copyright 1998, Gaussian, Inc.),
 the Gaussian(R) 94 system (copyright 1995, Gaussian, Inc.),
 the Gaussian 92(TM) system (copyright 1992, Gaussian, Inc.),
 the Gaussian 90(TM) system (copyright 1990, Gaussian, Inc.),
 the Gaussian 88(TM) system (copyright 1988, Gaussian, Inc.),
 the Gaussian 86(TM) system (copyright 1986, Carnegie Mellon
 University), and the Gaussian 82(TM) system (copyright 1983,
 Carnegie Mellon University). Gaussian is a federally registered
 trademark of Gaussian, Inc.
  
 This software contains proprietary and confidential information,
 including trade secrets, belonging to Gaussian, Inc.
  
 This software is provided under written license and may be
 used, copied, transmitted, or stored only in accord with that
 written license.
  
 The following legend is applicable only to US Government
 contracts under FAR:
  
                    RESTRICTED RIGHTS LEGEND
  
 Use, reproduction and disclosure by the US Government is
 subject to restrictions as set forth in subparagraphs (a)
 and (c) of the Commercial Computer Software - Restricted
 Rights clause in FAR 52.227-19.
  
 Gaussian, Inc.
 340 Quinnipiac St., Bldg. 40, Wallingford CT 06492
  
  
 ---------------------------------------------------------------
 Warning -- This program may not be used in any manner that
 competes with the business of Gaussian, Inc. or will provide
 assistance to any competitor of Gaussian, Inc.  The licensee
 of this program is prohibited from giving any competitor of
 Gaussian, Inc. access to this program.  By using this program,
 the user acknowledges that Gaussian, Inc. is engaged in the
 business of creating and licensing software in the field of
 computational chemistry and represents and warrants to the
 licensee that it is not a competitor of Gaussian, Inc. and that
 it will not use this program in any manner prohibited above.
 ---------------------------------------------------------------
  

 Cite this work as:
 Gaussian 09, Revision E.01,
 M. J. Frisch, G. W. Trucks, H. B. Schlegel, G. E. Scuseria, 
 M. A. Robb, J. R. Cheeseman, G. Scalmani, V. Barone, B. Mennucci, 
 G. A. Petersson, H. Nakatsuji, M. Caricato, X. Li, H. P. Hratchian, 
 A. F. Izmaylov, J. Bloino, G. Zheng, J. L. Sonnenberg, M. Hada, 
 M. Ehara, K. Toyota, R. Fukuda, J. Hasegawa, M. Ishida, T. Nakajima, 
 Y. Honda, O. Kitao, H. Nakai, T. Vreven, J. A. Montgomery, Jr., 
 J. E. Peralta, F. Ogliaro, M. Bearpark, J. J. Heyd, E. Brothers, 
 K. N. Kudin, V. N. Staroverov, T. Keith, R. Kobayashi, J. Normand, 
 K. Raghavachari, A. Rendell, J. C. Burant, S. S. Iyengar, J. Tomasi, 
 M. Cossi, N. Rega, J. M. Millam, M. Klene, J. E. Knox, J. B. Cross, 
 V. Bakken, C. Adamo, J. Jaramillo, R. Gomperts, R. E. Stratmann, 
 O. Yazyev, A. J. Austin, R. Cammi, C. Pomelli, J. W. Ochterski, 
 R. L. Martin, K. Morokuma, V. G. Zakrzewski, G. A. Voth, 
 P. Salvador, J. J. Dannenberg, S. Dapprich, A. D. Daniels, 
 O. Farkas, J. B. Foresman, J. V. Ortiz, J. Cioslowski, 
 and D. J. Fox, Gaussian, Inc., Wallingford CT, 2013.
 
 ******************************************
 Gaussian 09:  ES64L-G09RevE.01 30-Nov-2015
                14-Feb-2017 
 ******************************************
 %chk=h12.chk
 ----------------------------------------------------------------------
 #rhf/gen scf(symm,tight,novaracc,noincfock,fulldiag) stable(crhf) gues
 s=read geom=nocrowd test
 ----------------------------------------------------------------------
 1/38=1/1;
 2/12=1,17=6,18=5,40=1/2;
 3/5=7,16=1,25=1,30=1,116=1/1,2,3;
 4/5=1,9=4/1;
 5/5=100002,15=2,16=1,32=2,38=6/2;
 8/6=1,10=90,11=11/1,4;
 9/8=4,13=1/2;
 6/7=2,8=2,9=2,10=2,28=1/1;
 99/5=1,9=1/99;
 ----------------------------------------------------------------------
 hf stability analysis of h10 triangular lattice, y= 1.2594669489559134
 ----------------------------------------------------------------------
 Symbolic Z-matrix:
 Charge =  0 Multiplicity = 1
 H
 H                    1     1.3403 
 H                    1     1.3403   2     40. 
 H                    2     1.3403   1     140.     3     0.       0
 H                    3     1.3403   1     180.     2     0.       0
 H                    4     1.3403   2     180.     1     0.       0
 H                    5     1.3403   3     180.     2     0.       0
 H                    6     1.3403   4     180.     1     0.       0
 H                    7     1.3403   5     180.     2     0.       0
 H                    8     1.3403   6     180.     1     0.       0
 H                    9     1.3403   7     180.     2     0.       0
 H                    10    1.3403   8     180.     1     0.       0
 
                          Input orientation:                          
 ---------------------------------------------------------------------
 Center     Atomic      Atomic             Coordinates (Angstroms)
 Number     Number       Type             X           Y           Z
 ---------------------------------------------------------------------
      1          1           0        0.000000    0.000000    0.000000
      2          1           0        0.000000    0.000000    1.340297
      3          1           0        0.861526    0.000000    1.026727
      4          1           0        0.861526    0.000000    2.367024
      5          1           0        1.723052    0.000000    2.053454
      6          1           0        1.723052    0.000000    3.393750
      7          1           0        2.584578    0.000000    3.080181
      8          1           0        2.584578    0.000000    4.420477
      9          1           0        3.446104    0.000000    4.106907
     10          1           0        3.446104    0.000000    5.447204
     11          1           0        4.307631    0.000000    5.133634
     12          1           0        4.307631    0.000000    6.473931
 ---------------------------------------------------------------------
                    Distance matrix (angstroms):
                    1          2          3          4          5
     1  H    0.000000
     2  H    1.340297   0.000000
     3  H    1.340297   0.916817   0.000000
     4  H    2.518934   1.340297   1.340297   0.000000
     5  H    2.680593   1.864806   1.340297   0.916817   0.000000
     6  H    3.806107   2.680593   2.518934   1.340297   1.340297
     7  H    4.020890   3.115645   2.680593   1.864806   1.340297
     8  H    5.120612   4.020890   3.806107   2.680593   2.518934
     9  H    5.361187   4.419250   4.020890   3.115645   2.680593
    10  H    6.445748   5.361187   5.120612   4.020890   3.806107
    11  H    6.701484   5.739781   5.361187   4.419250   4.020890
    12  H    7.776083   6.701484   6.445748   5.361187   5.120612
                    6          7          8          9         10
     6  H    0.000000
     7  H    0.916817   0.000000
     8  H    1.340297   1.340297   0.000000
     9  H    1.864806   1.340297   0.916817   0.000000
    10  H    2.680593   2.518934   1.340297   1.340297   0.000000
    11  H    3.115645   2.680593   1.864806   1.340297   0.916817
    12  H    4.020890   3.806107   2.680593   2.518934   1.340297
                   11         12
    11  H    0.000000
    12  H    1.340297   0.000000
 Stoichiometry    H12
 Framework group  C2H[SGH(H12)]
 Deg. of freedom    11
 Full point group                 C2H     NOp   4
 Largest Abelian subgroup         C2H     NOp   4
 Largest concise Abelian subgroup C2      NOp   2
                         Standard orientation:                         
 ---------------------------------------------------------------------
 Center     Atomic      Atomic             Coordinates (Angstroms)
 Number     Number       Type             X           Y           Z
 ---------------------------------------------------------------------
      1          1           0        3.778401    0.916817   -0.000000
      2          1           0        2.518934    1.375225   -0.000000
      3          1           0        2.518934    0.458408   -0.000000
      4          1           0        1.259467    0.916817   -0.000000
      5          1           0        1.259467    0.000000   -0.000000
      6          1           0        0.000000    0.458408    0.000000
      7          1           0       -0.000000   -0.458408   -0.000000
      8          1           0       -1.259467    0.000000   -0.000000
      9          1           0       -1.259467   -0.916817   -0.000000
     10          1           0       -2.518934   -0.458408   -0.000000
     11          1           0       -2.518934   -1.375225   -0.000000
     12          1           0       -3.778401   -0.916817   -0.000000
 ---------------------------------------------------------------------
 Rotational constants (GHZ):    236.9249839      7.5809763      7.3459260
 General basis read from cards:  (5D, 7F)
 There are     6 symmetry adapted cartesian basis functions of AG  symmetry.
 There are     0 symmetry adapted cartesian basis functions of BG  symmetry.
 There are     0 symmetry adapted cartesian basis functions of AU  symmetry.
 There are     6 symmetry adapted cartesian basis functions of BU  symmetry.
 There are     6 symmetry adapted basis functions of AG  symmetry.
 There are     0 symmetry adapted basis functions of BG  symmetry.
 There are     0 symmetry adapted basis functions of AU  symmetry.
 There are     6 symmetry adapted basis functions of BU  symmetry.
    12 basis functions,   120 primitive gaussians,    12 cartesian basis functions
     6 alpha electrons        6 beta electrons
       nuclear repulsion energy        16.2498658899 Hartrees.
 NAtoms=   12 NActive=   12 NUniq=    6 SFac= 4.00D+00 NAtFMM=   60 NAOKFM=F Big=F
 Integral buffers will be    131072 words long.
 Regular integral format.
 Two-electron integral symmetry is turned on.
 One-electron integrals computed using PRISM.
 NBasis=    12 RedAO= T EigKep=  1.78D-01  NBF=     6     0     0     6
 NBsUse=    12 1.00D-06 EigRej= -1.00D+00 NBFU=     6     0     0     6
 Initial guess from the checkpoint file:  "h12.chk"
 B after Tr=    -0.000000   -0.000000   -0.000000
         Rot=    0.999973    0.000000    0.000000    0.007349 Ang=   0.84 deg.
 Initial guess orbital symmetries:
       Occupied  (AG) (BU) (AG) (BU) (AG) (AG)
       Virtual   (BU) (BU) (AG) (BU) (AG) (BU)
 Keep R1 ints in memory in symmetry-blocked form, NReq=896686.
 Requested convergence on RMS density matrix=1.00D-08 within 128 cycles.
 Requested convergence on MAX density matrix=1.00D-06.
 Requested convergence on             energy=1.00D-06.
 No special actions if energy rises.
 SCF Done:  E(RHF) =  -5.58316154060     A.U. after   12 cycles
            NFock= 12  Conv=0.17D-08     -V/T= 1.8563
 Range of M.O.s used for correlation:     1    12
 NBasis=    12 NAE=     6 NBE=     6 NFC=     0 NFV=     0
 NROrb=     12 NOA=     6 NOB=     6 NVA=     6 NVB=     6

 **** Warning!!: The smallest alpha delta epsilon is  0.63372515D-01

 Semi-Direct transformation.
 ModeAB=           4 MOrb=             6 LenV=     134091647
 LASXX=         2181 LTotXX=        2181 LenRXX=        5115
 LTotAB=        2934 MaxLAS=        3024 LenRXY=           0
 NonZer=        7296 LenScr=      655360 LnRSAI=        3024
 LnScr1=      655360 LExtra=           0 Total=      1318859
 MaxDsk=          -1 SrtSym=           T ITran=            3
 JobTyp=0 Pass  1:  I=   1 to   6.
 (rs|ai) integrals will be sorted in core.
 Spin components of T(2) and E(2):
     alpha-alpha T2 =       0.6424766531D-02 E2=     -0.6371795275D-02
     alpha-beta  T2 =       0.1333315036D+01 E2=     -0.2809151577D+00
     beta-beta   T2 =       0.6424766531D-02 E2=     -0.6371795275D-02
 ANorm=    0.1531719481D+01
 E2 =    -0.2936587483D+00 EUMP2 =    -0.58768202888695D+01
 Second order stability test of a single determinant RHF wave function:
 Stabil:  MDV=134217728
 ***********************************************************************
 Matrix         Lowest Root    Major Pairs
 ***********************************************************************
 Internal RHF    -0.0214278    6A=8A
 RRHF --> CRHF   -0.0769624    6A=7A 6A=8A 5A=7A 5A=8A 6A=10A
 RRHF --> RUHF   -0.3627588    6A=7B
 Not stable.
 ***********************************************************************

 **********************************************************************

            Population analysis using the SCF density.

 **********************************************************************

 Orbital symmetries:
       Occupied  (AG) (BU) (AG) (BU) (AG) (AG)
       Virtual   (BU) (BU) (AG) (BU) (AG) (BU)
 The electronic state is 1-AG.
 Alpha  occ. eigenvalues --   -0.79248  -0.74328  -0.63728  -0.49080  -0.32078
 Alpha  occ. eigenvalues --   -0.07644
 Alpha virt. eigenvalues --   -0.01307   0.08963   0.17903   0.29585   0.47748
 Alpha virt. eigenvalues --    0.63298
          Condensed to atoms (all electrons):
               1          2          3          4          5          6
     1  H    0.981296  -0.090825   0.205780  -0.078885  -0.000630   0.001696
     2  H   -0.090825   1.311359   0.065085   0.044646  -0.247367   0.027391
     3  H    0.205780   0.065085   0.523953  -0.015653   0.094772  -0.030599
     4  H   -0.078885   0.044646  -0.015653   0.876019   0.344243  -0.114186
     5  H   -0.000630  -0.247367   0.094772   0.344243   1.329664  -0.208234
     6  H    0.001696   0.027391  -0.030599  -0.114186  -0.208234   1.009063
     7  H    0.002127   0.017778  -0.021759  -0.093982  -0.263853   0.652691
     8  H    0.000746  -0.008764   0.005843  -0.017174   0.065948  -0.263853
     9  H   -0.000428   0.001868   0.000165   0.010539  -0.017174  -0.093982
    10  H    0.000023  -0.000389   0.000185   0.000165   0.005843  -0.021759
    11  H   -0.000066   0.000538  -0.000389   0.001868  -0.008764   0.017778
    12  H    0.000011  -0.000066   0.000023  -0.000428   0.000746   0.002127
               7          8          9         10         11         12
     1  H    0.002127   0.000746  -0.000428   0.000023  -0.000066   0.000011
     2  H    0.017778  -0.008764   0.001868  -0.000389   0.000538  -0.000066
     3  H   -0.021759   0.005843   0.000165   0.000185  -0.000389   0.000023
     4  H   -0.093982  -0.017174   0.010539   0.000165   0.001868  -0.000428
     5  H   -0.263853   0.065948  -0.017174   0.005843  -0.008764   0.000746
     6  H    0.652691  -0.263853  -0.093982  -0.021759   0.017778   0.002127
     7  H    1.009063  -0.208234  -0.114186  -0.030599   0.027391   0.001696
     8  H   -0.208234   1.329664   0.344243   0.094772  -0.247367  -0.000630
     9  H   -0.114186   0.344243   0.876019  -0.015653   0.044646  -0.078885
    10  H   -0.030599   0.094772  -0.015653   0.523953   0.065085   0.205780
    11  H    0.027391  -0.247367   0.044646   0.065085   1.311359  -0.090825
    12  H    0.001696  -0.000630  -0.078885   0.205780  -0.090825   0.981296
 Mulliken charges:
               1
     1  H   -0.020844
     2  H   -0.121253
     3  H    0.172594
     4  H    0.042829
     5  H   -0.095193
     6  H    0.021866
     7  H    0.021866
     8  H   -0.095193
     9  H    0.042829
    10  H    0.172594
    11  H   -0.121253
    12  H   -0.020844
 Sum of Mulliken charges =   0.00000
 Mulliken charges with hydrogens summed into heavy atoms:
               1
 Electronic spatial extent (au):  <R**2>=            283.7306
 Charge=              0.0000 electrons
 Dipole moment (field-independent basis, Debye):
    X=              0.0000    Y=             -0.0000    Z=              0.0000  Tot=              0.0000
 Quadrupole moment (field-independent basis, Debye-Ang):
   XX=            -21.4240   YY=            -17.0399   ZZ=            -15.2822
   XY=             -3.6948   XZ=             -0.0000   YZ=             -0.0000
 Traceless Quadrupole moment (field-independent basis, Debye-Ang):
   XX=             -3.5086   YY=              0.8755   ZZ=              2.6332
   XY=             -3.6948   XZ=             -0.0000   YZ=             -0.0000
 Octapole moment (field-independent basis, Debye-Ang**2):
  XXX=              0.0000  YYY=              0.0000  ZZZ=              0.0000  XYY=              0.0000
  XXY=              0.0000  XXZ=              0.0000  XZZ=              0.0000  YZZ=              0.0000
  YYZ=              0.0000  XYZ=              0.0000
 Hexadecapole moment (field-independent basis, Debye-Ang**3):
 XXXX=           -592.0942 YYYY=            -90.1992 ZZZZ=            -18.3153 XXXY=           -106.0489
 XXXZ=             -0.0000 YYYX=            -87.0349 YYYZ=             -0.0000 ZZZX=             -0.0000
 ZZZY=             -0.0000 XXYY=           -116.4895 XXZZ=            -88.0668 YYZZ=            -16.9232
 XXYZ=             -0.0000 YYXZ=             -0.0000 ZZXY=            -25.2172
 N-N= 1.624986588985D+01 E-N=-4.406375936445D+01  KE= 6.519822697575D+00
 Symmetry AG   KE= 4.756314622676D+00
 Symmetry BG   KE= 0.000000000000D+00
 Symmetry AU   KE= 0.000000000000D+00
 Symmetry BU   KE= 1.763508074899D+00

 Test job not archived.
 1\1\GINC-SULU\Stability\RHF\Gen\H12\LCJ1\14-Feb-2017\0\\#rhf/gen scf(s
 ymm,tight,novaracc,noincfock,fulldiag) stable(crhf) guess=read geom=no
 crowd test\\hf stability analysis of h10 triangular lattice, y= 1.2594
 669489559134\\0,1\H\H,1,1.3402967157\H,1,1.3402967157,2,40.\H,2,1.3402
 967157,1,140.,3,0.,0\H,3,1.3402967157,1,180.,2,0.,0\H,4,1.3402967157,2
 ,180.,1,0.,0\H,5,1.3402967157,3,180.,2,0.,0\H,6,1.3402967157,4,180.,1,
 0.,0\H,7,1.3402967157,5,180.,2,0.,0\H,8,1.3402967157,6,180.,1,0.,0\H,9
 ,1.3402967157,7,180.,2,0.,0\H,10,1.3402967157,8,180.,1,0.,0\\Version=E
 S64L-G09RevE.01\State=1-AG\HF=-5.5831615\MP2=-5.8768203\RMSD=1.705e-09
 \Dipole=0.,0.,0.\Quadrupole=-1.4961163,1.9576827,-0.4615663,0.,-3.1518
 913,0.\PG=C02H [SGH(H12)]\\@


 A politician is a person who can make waves and then
 make you think he's the only one who can save the ship.
 -- Ivern Ball
 Job cpu time:       0 days  0 hours  0 minutes  0.9 seconds.
 File lengths (MBytes):  RWF=     84 Int=      0 D2E=      0 Chk=      2 Scr=      2
 Normal termination of Gaussian 09 at Tue Feb 14 17:55:44 2017.
