 Entering Gaussian System, Link 0=g09
 AtFile(1): H.gbs
            H     0
            S   10   1.00
               1000.000000000000            0.000068713567
                316.227766000000            0.000169141320
                100.000000000000            0.000823394812
                 31.622776600000            0.003425569236
                 10.000000000000            0.013951996000
                  3.162277660000            0.056909313560
                  1.000000000000            0.198286399900
                  0.316227766000            0.496922426700
                  0.100000000000            0.369846276400
                  0.031622776600            0.003752720039
            ****
 Initial command:
 /projects/guscus/apps/gau/g09-e1/g09/l1.exe "/users/lcj1/gaussian/h12/rhfstability/2rows/alterguess/4to2/Gau-20070.inp" -scrdir="/users/lcj1/gaussian/h12/rhfstability/2rows/alterguess/4to2/"
 Entering Link 1 = /projects/guscus/apps/gau/g09-e1/g09/l1.exe PID=     20071.
  
 Copyright (c) 1988,1990,1992,1993,1995,1998,2003,2009,2015,
            Gaussian, Inc.  All Rights Reserved.
  
 This is part of the Gaussian(R) 09 program.  It is based on
 the Gaussian(R) 03 system (copyright 2003, Gaussian, Inc.),
 the Gaussian(R) 98 system (copyright 1998, Gaussian, Inc.),
 the Gaussian(R) 94 system (copyright 1995, Gaussian, Inc.),
 the Gaussian 92(TM) system (copyright 1992, Gaussian, Inc.),
 the Gaussian 90(TM) system (copyright 1990, Gaussian, Inc.),
 the Gaussian 88(TM) system (copyright 1988, Gaussian, Inc.),
 the Gaussian 86(TM) system (copyright 1986, Carnegie Mellon
 University), and the Gaussian 82(TM) system (copyright 1983,
 Carnegie Mellon University). Gaussian is a federally registered
 trademark of Gaussian, Inc.
  
 This software contains proprietary and confidential information,
 including trade secrets, belonging to Gaussian, Inc.
  
 This software is provided under written license and may be
 used, copied, transmitted, or stored only in accord with that
 written license.
  
 The following legend is applicable only to US Government
 contracts under FAR:
  
                    RESTRICTED RIGHTS LEGEND
  
 Use, reproduction and disclosure by the US Government is
 subject to restrictions as set forth in subparagraphs (a)
 and (c) of the Commercial Computer Software - Restricted
 Rights clause in FAR 52.227-19.
  
 Gaussian, Inc.
 340 Quinnipiac St., Bldg. 40, Wallingford CT 06492
  
  
 ---------------------------------------------------------------
 Warning -- This program may not be used in any manner that
 competes with the business of Gaussian, Inc. or will provide
 assistance to any competitor of Gaussian, Inc.  The licensee
 of this program is prohibited from giving any competitor of
 Gaussian, Inc. access to this program.  By using this program,
 the user acknowledges that Gaussian, Inc. is engaged in the
 business of creating and licensing software in the field of
 computational chemistry and represents and warrants to the
 licensee that it is not a competitor of Gaussian, Inc. and that
 it will not use this program in any manner prohibited above.
 ---------------------------------------------------------------
  

 Cite this work as:
 Gaussian 09, Revision E.01,
 M. J. Frisch, G. W. Trucks, H. B. Schlegel, G. E. Scuseria, 
 M. A. Robb, J. R. Cheeseman, G. Scalmani, V. Barone, B. Mennucci, 
 G. A. Petersson, H. Nakatsuji, M. Caricato, X. Li, H. P. Hratchian, 
 A. F. Izmaylov, J. Bloino, G. Zheng, J. L. Sonnenberg, M. Hada, 
 M. Ehara, K. Toyota, R. Fukuda, J. Hasegawa, M. Ishida, T. Nakajima, 
 Y. Honda, O. Kitao, H. Nakai, T. Vreven, J. A. Montgomery, Jr., 
 J. E. Peralta, F. Ogliaro, M. Bearpark, J. J. Heyd, E. Brothers, 
 K. N. Kudin, V. N. Staroverov, T. Keith, R. Kobayashi, J. Normand, 
 K. Raghavachari, A. Rendell, J. C. Burant, S. S. Iyengar, J. Tomasi, 
 M. Cossi, N. Rega, J. M. Millam, M. Klene, J. E. Knox, J. B. Cross, 
 V. Bakken, C. Adamo, J. Jaramillo, R. Gomperts, R. E. Stratmann, 
 O. Yazyev, A. J. Austin, R. Cammi, C. Pomelli, J. W. Ochterski, 
 R. L. Martin, K. Morokuma, V. G. Zakrzewski, G. A. Voth, 
 P. Salvador, J. J. Dannenberg, S. Dapprich, A. D. Daniels, 
 O. Farkas, J. B. Foresman, J. V. Ortiz, J. Cioslowski, 
 and D. J. Fox, Gaussian, Inc., Wallingford CT, 2013.
 
 ******************************************
 Gaussian 09:  ES64L-G09RevE.01 30-Nov-2015
                14-Feb-2017 
 ******************************************
 %chk=h12.chk
 ----------------------------------------------------------------------
 #rhf/gen scf(symm,tight,novaracc,noincfock,fulldiag) stable(crhf) gues
 s=read geom=nocrowd test
 ----------------------------------------------------------------------
 1/38=1/1;
 2/12=1,17=6,18=5,40=1/2;
 3/5=7,16=1,25=1,30=1,116=1/1,2,3;
 4/5=1,9=4/1;
 5/5=100002,15=2,16=1,32=2,38=6/2;
 8/6=1,10=90,11=11/1,4;
 9/8=4,13=1/2;
 6/7=2,8=2,9=2,10=2,28=1/1;
 99/5=1,9=1/99;
 ----------------------------------------------------------------------
 hf stability analysis of h10 triangular lattice, y= 0.3794068973118231
 4
 ----------------------------------------------------------------------
 Symbolic Z-matrix:
 Charge =  0 Multiplicity = 1
 H
 H                    1     1.5683 
 H                    1     1.5683   2     152. 
 H                    2     1.5683   1     28.      3     0.       0
 H                    3     1.5683   1     180.     2     0.       0
 H                    4     1.5683   2     180.     1     0.       0
 H                    5     1.5683   3     180.     2     0.       0
 H                    6     1.5683   4     180.     1     0.       0
 H                    7     1.5683   5     180.     2     0.       0
 H                    8     1.5683   6     180.     1     0.       0
 H                    9     1.5683   7     180.     2     0.       0
 H                    10    1.5683   8     180.     1     0.       0
 
                          Input orientation:                          
 ---------------------------------------------------------------------
 Center     Atomic      Atomic             Coordinates (Angstroms)
 Number     Number       Type             X           Y           Z
 ---------------------------------------------------------------------
      1          1           0        0.000000    0.000000    0.000000
      2          1           0        0.000000    0.000000    1.568303
      3          1           0        0.736274    0.000000   -1.384730
      4          1           0        0.736274    0.000000    0.183574
      5          1           0        1.472548    0.000000   -2.769459
      6          1           0        1.472548    0.000000   -1.201156
      7          1           0        2.208821    0.000000   -4.154189
      8          1           0        2.208821    0.000000   -2.585885
      9          1           0        2.945095    0.000000   -5.538918
     10          1           0        2.945095    0.000000   -3.970615
     11          1           0        3.681369    0.000000   -6.923648
     12          1           0        3.681369    0.000000   -5.355345
 ---------------------------------------------------------------------
                    Distance matrix (angstroms):
                    1          2          3          4          5
     1  H    0.000000
     2  H    1.568303   0.000000
     3  H    1.568303   3.043436   0.000000
     4  H    0.758814   1.568303   1.568303   0.000000
     5  H    3.136606   4.580893   1.568303   3.043436   0.000000
     6  H    1.900308   3.136606   0.758814   1.568303   1.568303
     7  H    4.704910   6.133988   3.136606   4.580893   1.568303
     8  H    3.400837   4.704910   1.900308   3.136606   0.758814
     9  H    6.273213   7.693256   4.704910   6.133988   3.136606
    10  H    4.943619   6.273213   3.400837   4.704910   1.900308
    11  H    7.841516   9.255577   6.273213   7.693256   4.704910
    12  H    6.498630   7.841516   4.943619   6.273213   3.400837
                    6          7          8          9         10
     6  H    0.000000
     7  H    3.043436   0.000000
     8  H    1.568303   1.568303   0.000000
     9  H    4.580893   1.568303   3.043436   0.000000
    10  H    3.136606   0.758814   1.568303   1.568303   0.000000
    11  H    6.133988   3.136606   4.580893   1.568303   3.043436
    12  H    4.704910   1.900308   3.136606   0.758814   1.568303
                   11         12
    11  H    0.000000
    12  H    1.568303   0.000000
 Stoichiometry    H12
 Framework group  C2H[SGH(H12)]
 Deg. of freedom    11
 Full point group                 C2H     NOp   4
 Largest Abelian subgroup         C2H     NOp   4
 Largest concise Abelian subgroup C2      NOp   2
                         Standard orientation:                         
 ---------------------------------------------------------------------
 Center     Atomic      Atomic             Coordinates (Angstroms)
 Number     Number       Type             X           Y           Z
 ---------------------------------------------------------------------
      1          1           0        3.043436    1.138221   -0.000000
      2          1           0        4.565154    0.758814   -0.000000
      3          1           0        1.521718    0.758814   -0.000000
      4          1           0        3.043436    0.379407   -0.000000
      5          1           0        0.000000    0.379407    0.000000
      6          1           0        1.521718    0.000000   -0.000000
      7          1           0       -1.521718    0.000000    0.000000
      8          1           0       -0.000000   -0.379407    0.000000
      9          1           0       -3.043436   -0.379407    0.000000
     10          1           0       -1.521718   -0.758814    0.000000
     11          1           0       -4.565154   -0.758814    0.000000
     12          1           0       -3.043436   -1.138221    0.000000
 ---------------------------------------------------------------------
 Rotational constants (GHZ):    329.3168133      5.4540886      5.3652306
 General basis read from cards:  (5D, 7F)
 There are     6 symmetry adapted cartesian basis functions of AG  symmetry.
 There are     0 symmetry adapted cartesian basis functions of BG  symmetry.
 There are     0 symmetry adapted cartesian basis functions of AU  symmetry.
 There are     6 symmetry adapted cartesian basis functions of BU  symmetry.
 There are     6 symmetry adapted basis functions of AG  symmetry.
 There are     0 symmetry adapted basis functions of BG  symmetry.
 There are     0 symmetry adapted basis functions of AU  symmetry.
 There are     6 symmetry adapted basis functions of BU  symmetry.
    12 basis functions,   120 primitive gaussians,    12 cartesian basis functions
     6 alpha electrons        6 beta electrons
       nuclear repulsion energy        15.0437012344 Hartrees.
 NAtoms=   12 NActive=   12 NUniq=    6 SFac= 4.00D+00 NAtFMM=   60 NAOKFM=F Big=F
 Integral buffers will be    131072 words long.
 Regular integral format.
 Two-electron integral symmetry is turned on.
 One-electron integrals computed using PRISM.
 NBasis=    12 RedAO= T EigKep=  1.64D-01  NBF=     6     0     0     6
 NBsUse=    12 1.00D-06 EigRej= -1.00D+00 NBFU=     6     0     0     6
 Initial guess from the checkpoint file:  "h12.chk"
 B after Tr=    -0.000000    0.000000    0.000000
         Rot=    0.999973    0.000000   -0.000000   -0.007349 Ang=  -0.84 deg.
 Initial guess orbital symmetries:
       Occupied  (AG) (BU) (AG) (BU) (AG) (AG)
       Virtual   (BU) (BU) (AG) (BU) (AG) (BU)
 Keep R1 ints in memory in symmetry-blocked form, NReq=893382.
 Requested convergence on RMS density matrix=1.00D-08 within 128 cycles.
 Requested convergence on MAX density matrix=1.00D-06.
 Requested convergence on             energy=1.00D-06.
 No special actions if energy rises.
 SCF Done:  E(RHF) =  -5.90896580976     A.U. after    8 cycles
            NFock=  8  Conv=0.10D-08     -V/T= 1.9400
 Range of M.O.s used for correlation:     1    12
 NBasis=    12 NAE=     6 NBE=     6 NFC=     0 NFV=     0
 NROrb=     12 NOA=     6 NOB=     6 NVA=     6 NVB=     6

 **** Warning!!: The smallest alpha delta epsilon is  0.55681059D-01

 Semi-Direct transformation.
 ModeAB=           4 MOrb=             6 LenV=     134094223
 LASXX=         2181 LTotXX=        2181 LenRXX=        5115
 LTotAB=        2934 MaxLAS=        3024 LenRXY=           0
 NonZer=        7296 LenScr=      655360 LnRSAI=        3024
 LnScr1=      655360 LExtra=           0 Total=      1318859
 MaxDsk=          -1 SrtSym=           T ITran=            3
 JobTyp=0 Pass  1:  I=   1 to   6.
 (rs|ai) integrals will be sorted in core.
 Spin components of T(2) and E(2):
     alpha-alpha T2 =       0.6531984560D-03 E2=     -0.1223062662D-02
     alpha-beta  T2 =       0.5705458198D+01 E2=     -0.7025141936D+00
     beta-beta   T2 =       0.6531984560D-03 E2=     -0.1223062662D-02
 ANorm=    0.2589742187D+01
 E2 =    -0.7049603189D+00 EUMP2 =    -0.66139261286953D+01
 Second order stability test of a single determinant RHF wave function:
 Stabil:  MDV=134217728
 ***********************************************************************
 Matrix         Lowest Root    Major Pairs
 ***********************************************************************
 Internal RHF     0.2083031    Stable
 RRHF --> CRHF   -0.0050244    6A=7A
 RRHF --> RUHF   -0.5469811    6A=7B
 Not stable.
 ***********************************************************************

 **********************************************************************

            Population analysis using the SCF density.

 **********************************************************************

 Orbital symmetries:
       Occupied  (AG) (BU) (AG) (BU) (AG) (AG)
       Virtual   (BU) (BU) (AG) (BU) (AG) (BU)
 The electronic state is 1-AG.
 Alpha  occ. eigenvalues --   -0.76090  -0.72422  -0.65341  -0.56145  -0.45553
 Alpha  occ. eigenvalues --   -0.14004
 Alpha virt. eigenvalues --   -0.08435   0.21004   0.28001   0.39997   0.54036
 Alpha virt. eigenvalues --    0.66504
          Condensed to atoms (all electrons):
               1          2          3          4          5          6
     1  H    0.719938  -0.076549  -0.100140   0.513088   0.004816  -0.081823
     2  H   -0.076549   1.204714  -0.001826  -0.057122  -0.000200   0.002685
     3  H   -0.100140  -0.001826   0.787923  -0.077912  -0.113141   0.581112
     4  H    0.513088  -0.057122  -0.077912   0.668100   0.003059  -0.095387
     5  H    0.004816  -0.000200  -0.113141   0.003059   0.801027  -0.098908
     6  H   -0.081823   0.002685   0.581112  -0.095387  -0.098908   0.786258
     7  H   -0.000318   0.000056   0.004798  -0.000265  -0.111875   0.004760
     8  H    0.003954  -0.000128  -0.086769   0.003611   0.594159  -0.111875
     9  H    0.000025  -0.000007  -0.000148   0.000026   0.003611  -0.000265
    10  H   -0.000161   0.000021   0.003990  -0.000148  -0.086769   0.004798
    11  H   -0.000006   0.000002   0.000021  -0.000007  -0.000128   0.000056
    12  H    0.000021  -0.000006  -0.000161   0.000025   0.003954  -0.000318
               7          8          9         10         11         12
     1  H   -0.000318   0.003954   0.000025  -0.000161  -0.000006   0.000021
     2  H    0.000056  -0.000128  -0.000007   0.000021   0.000002  -0.000006
     3  H    0.004798  -0.086769  -0.000148   0.003990   0.000021  -0.000161
     4  H   -0.000265   0.003611   0.000026  -0.000148  -0.000007   0.000025
     5  H   -0.111875   0.594159   0.003611  -0.086769  -0.000128   0.003954
     6  H    0.004760  -0.111875  -0.000265   0.004798   0.000056  -0.000318
     7  H    0.786258  -0.098908  -0.095387   0.581112   0.002685  -0.081823
     8  H   -0.098908   0.801027   0.003059  -0.113141  -0.000200   0.004816
     9  H   -0.095387   0.003059   0.668100  -0.077912  -0.057122   0.513088
    10  H    0.581112  -0.113141  -0.077912   0.787923  -0.001826  -0.100140
    11  H    0.002685  -0.000200  -0.057122  -0.001826   1.204714  -0.076549
    12  H   -0.081823   0.004816   0.513088  -0.100140  -0.076549   0.719938
 Mulliken charges:
               1
     1  H    0.017156
     2  H   -0.071642
     3  H    0.002252
     4  H    0.042933
     5  H    0.000393
     6  H    0.008907
     7  H    0.008907
     8  H    0.000393
     9  H    0.042933
    10  H    0.002252
    11  H   -0.071642
    12  H    0.017156
 Sum of Mulliken charges =  -0.00000
 Mulliken charges with hydrogens summed into heavy atoms:
               1
 Electronic spatial extent (au):  <R**2>=            378.5026
 Charge=             -0.0000 electrons
 Dipole moment (field-independent basis, Debye):
    X=              0.0000    Y=              0.0000    Z=              0.0000  Tot=              0.0000
 Quadrupole moment (field-independent basis, Debye-Ang):
   XX=            -31.2619   YY=            -13.5513   ZZ=            -15.3598
   XY=             -2.6949   XZ=              0.0000   YZ=              0.0000
 Traceless Quadrupole moment (field-independent basis, Debye-Ang):
   XX=            -11.2042   YY=              6.5063   ZZ=              4.6979
   XY=             -2.6949   XZ=              0.0000   YZ=              0.0000
 Octapole moment (field-independent basis, Debye-Ang**2):
  XXX=              0.0000  YYY=              0.0000  ZZZ=              0.0000  XYY=              0.0000
  XXY=              0.0000  XXZ=              0.0000  XZZ=              0.0000  YZZ=              0.0000
  YYZ=              0.0000  XYZ=              0.0000
 Hexadecapole moment (field-independent basis, Debye-Ang**3):
 XXXX=          -1192.5364 YYYY=            -53.9854 ZZZZ=            -18.4683 XXXY=           -149.4050
 XXXZ=              0.0000 YYYX=            -69.1695 YYYZ=              0.0000 ZZZX=              0.0000
 ZZZY=              0.0000 XXYY=           -134.2468 XXZZ=           -125.4565 YYZZ=            -12.6881
 XXYZ=              0.0000 YYXZ=              0.0000 ZZXY=            -24.8440
 N-N= 1.504370123441D+01 E-N=-4.160011417582D+01  KE= 6.285860144379D+00
 Symmetry AG   KE= 4.458480727549D+00
 Symmetry BG   KE= 0.000000000000D+00
 Symmetry AU   KE= 0.000000000000D+00
 Symmetry BU   KE= 1.827379416830D+00

 Test job not archived.
 1\1\GINC-SULU\Stability\RHF\Gen\H12\LCJ1\14-Feb-2017\0\\#rhf/gen scf(s
 ymm,tight,novaracc,noincfock,fulldiag) stable(crhf) guess=read geom=no
 crowd test\\hf stability analysis of h10 triangular lattice, y= 0.3794
 0689731182314\\0,1\H\H,1,1.5683032163\H,1,1.5683032163,2,152.\H,2,1.56
 83032163,1,28.,3,0.,0\H,3,1.5683032163,1,180.,2,0.,0\H,4,1.5683032163,
 2,180.,1,0.,0\H,5,1.5683032163,3,180.,2,0.,0\H,6,1.5683032163,4,180.,1
 ,0.,0\H,7,1.5683032163,5,180.,2,0.,0\H,8,1.5683032163,6,180.,1,0.,0\H,
 9,1.5683032163,7,180.,2,0.,0\H,10,1.5683032163,8,180.,1,0.,0\\Version=
 ES64L-G09RevE.01\State=1-AG\HF=-5.9089658\MP2=-6.6139261\RMSD=1.029e-0
 9\Dipole=0.,0.,0.\Quadrupole=3.1260375,3.4927635,-6.6188011,0.,4.85988
 3,0.\PG=C02H [SGH(H12)]\\@


 NOTHING RESEMBLES A NEW PHENOMENON AS MUCH AS A MISTAKE.

                               -- ENRICO FERMI (?)
 Job cpu time:       0 days  0 hours  0 minutes  0.9 seconds.
 File lengths (MBytes):  RWF=     84 Int=      0 D2E=      0 Chk=      2 Scr=      2
 Normal termination of Gaussian 09 at Tue Feb 14 17:53:29 2017.
