 Entering Gaussian System, Link 0=g09
 AtFile(1): H.gbs
            H     0
            S   10   1.00
               1000.000000000000            0.000068713567
                316.227766000000            0.000169141320
                100.000000000000            0.000823394812
                 31.622776600000            0.003425569236
                 10.000000000000            0.013951996000
                  3.162277660000            0.056909313560
                  1.000000000000            0.198286399900
                  0.316227766000            0.496922426700
                  0.100000000000            0.369846276400
                  0.031622776600            0.003752720039
            ****
 Initial command:
 /projects/guscus/apps/gau/g09-e1/g09/l1.exe "/users/lcj1/gaussian/h12/rhfstability/rect/guess/ag3bu3/Gau-10151.inp" -scrdir="/users/lcj1/gaussian/h12/rhfstability/rect/guess/ag3bu3/"
 Entering Link 1 = /projects/guscus/apps/gau/g09-e1/g09/l1.exe PID=     10152.
  
 Copyright (c) 1988,1990,1992,1993,1995,1998,2003,2009,2015,
            Gaussian, Inc.  All Rights Reserved.
  
 This is part of the Gaussian(R) 09 program.  It is based on
 the Gaussian(R) 03 system (copyright 2003, Gaussian, Inc.),
 the Gaussian(R) 98 system (copyright 1998, Gaussian, Inc.),
 the Gaussian(R) 94 system (copyright 1995, Gaussian, Inc.),
 the Gaussian 92(TM) system (copyright 1992, Gaussian, Inc.),
 the Gaussian 90(TM) system (copyright 1990, Gaussian, Inc.),
 the Gaussian 88(TM) system (copyright 1988, Gaussian, Inc.),
 the Gaussian 86(TM) system (copyright 1986, Carnegie Mellon
 University), and the Gaussian 82(TM) system (copyright 1983,
 Carnegie Mellon University). Gaussian is a federally registered
 trademark of Gaussian, Inc.
  
 This software contains proprietary and confidential information,
 including trade secrets, belonging to Gaussian, Inc.
  
 This software is provided under written license and may be
 used, copied, transmitted, or stored only in accord with that
 written license.
  
 The following legend is applicable only to US Government
 contracts under FAR:
  
                    RESTRICTED RIGHTS LEGEND
  
 Use, reproduction and disclosure by the US Government is
 subject to restrictions as set forth in subparagraphs (a)
 and (c) of the Commercial Computer Software - Restricted
 Rights clause in FAR 52.227-19.
  
 Gaussian, Inc.
 340 Quinnipiac St., Bldg. 40, Wallingford CT 06492
  
  
 ---------------------------------------------------------------
 Warning -- This program may not be used in any manner that
 competes with the business of Gaussian, Inc. or will provide
 assistance to any competitor of Gaussian, Inc.  The licensee
 of this program is prohibited from giving any competitor of
 Gaussian, Inc. access to this program.  By using this program,
 the user acknowledges that Gaussian, Inc. is engaged in the
 business of creating and licensing software in the field of
 computational chemistry and represents and warrants to the
 licensee that it is not a competitor of Gaussian, Inc. and that
 it will not use this program in any manner prohibited above.
 ---------------------------------------------------------------
  

 Cite this work as:
 Gaussian 09, Revision E.01,
 M. J. Frisch, G. W. Trucks, H. B. Schlegel, G. E. Scuseria, 
 M. A. Robb, J. R. Cheeseman, G. Scalmani, V. Barone, B. Mennucci, 
 G. A. Petersson, H. Nakatsuji, M. Caricato, X. Li, H. P. Hratchian, 
 A. F. Izmaylov, J. Bloino, G. Zheng, J. L. Sonnenberg, M. Hada, 
 M. Ehara, K. Toyota, R. Fukuda, J. Hasegawa, M. Ishida, T. Nakajima, 
 Y. Honda, O. Kitao, H. Nakai, T. Vreven, J. A. Montgomery, Jr., 
 J. E. Peralta, F. Ogliaro, M. Bearpark, J. J. Heyd, E. Brothers, 
 K. N. Kudin, V. N. Staroverov, T. Keith, R. Kobayashi, J. Normand, 
 K. Raghavachari, A. Rendell, J. C. Burant, S. S. Iyengar, J. Tomasi, 
 M. Cossi, N. Rega, J. M. Millam, M. Klene, J. E. Knox, J. B. Cross, 
 V. Bakken, C. Adamo, J. Jaramillo, R. Gomperts, R. E. Stratmann, 
 O. Yazyev, A. J. Austin, R. Cammi, C. Pomelli, J. W. Ochterski, 
 R. L. Martin, K. Morokuma, V. G. Zakrzewski, G. A. Voth, 
 P. Salvador, J. J. Dannenberg, S. Dapprich, A. D. Daniels, 
 O. Farkas, J. B. Foresman, J. V. Ortiz, J. Cioslowski, 
 and D. J. Fox, Gaussian, Inc., Wallingford CT, 2013.
 
 ******************************************
 Gaussian 09:  ES64L-G09RevE.01 30-Nov-2015
                17-Feb-2017 
 ******************************************
 %chk=h12.chk
 ----------------------------------------------------------------------
 #rhf/gen scf(symm,tight,novaracc,noincfock,fulldiag) stable(crhf) gues
 s=read geom=nocrowd test
 ----------------------------------------------------------------------
 1/38=1/1;
 2/12=1,17=6,18=5,40=1/2;
 3/5=7,16=1,25=1,30=1,116=1/1,2,3;
 4/5=1,9=4/1;
 5/5=100002,15=2,16=1,32=2,38=6/2;
 8/6=1,10=90,11=11/1,4;
 9/8=4,13=1/2;
 6/7=2,8=2,9=2,10=2,28=1/1;
 99/5=1,9=1/99;
 ----------------------------------------------------------------------
 hf stability analysis of h12 triangular lattice, y= 1.4189643903365978
 ----------------------------------------------------------------------
 Symbolic Z-matrix:
 Charge =  0 Multiplicity = 1
 H
 H                    1     1.47615 
 H                    1     1.47615  2     32. 
 H                    2     1.47615  1     148.     3     0.       0
 H                    2     1.47615  1     180.     3     0.       0
 H                    4     1.47615  3     180.     5     0.       0
 H                    6     1.47615  5     180.     3     0.       0
 H                    4     1.47615  2     180.     3     0.       0
 H                    3     1.47615  1     180.     4     0.       0
 H                    9     1.47615  3     180.     4     0.       0
 H                    8     1.47615  4     180.     3     0.       0
 H                    7     1.47615  6     180.     3     0.       0
 
                          Input orientation:                          
 ---------------------------------------------------------------------
 Center     Atomic      Atomic             Coordinates (Angstroms)
 Number     Number       Type             X           Y           Z
 ---------------------------------------------------------------------
      1          1           0        0.000000    0.000000    0.000000
      2          1           0        0.000000    0.000000    1.476148
      3          1           0        0.782239    0.000000    1.251844
      4          1           0        0.782239    0.000000    2.727992
      5          1           0        0.000000    0.000000    2.952296
      6          1           0        0.782239    0.000000    4.204140
      7          1           0        1.564478    0.000000    5.455984
      8          1           0        1.564478    0.000000    3.979837
      9          1           0        1.564478    0.000000    2.503689
     10          1           0        2.346718    0.000000    3.755533
     11          1           0        2.346718    0.000000    5.231681
     12          1           0        2.346718    0.000000    6.707829
 ---------------------------------------------------------------------
                    Distance matrix (angstroms):
                    1          2          3          4          5
     1  H    0.000000
     2  H    1.476148   0.000000
     3  H    1.476148   0.813763   0.000000
     4  H    2.837929   1.476148   1.476148   0.000000
     5  H    2.952296   1.476148   1.871746   0.813763   0.000000
     6  H    4.276294   2.837929   2.952296   1.476148   1.476148
     7  H    5.675858   4.276294   4.276294   2.837929   2.952296
     8  H    4.276294   2.952296   2.837929   1.476148   1.871746
     9  H    2.952296   1.871746   1.476148   0.813763   1.627526
    10  H    4.428444   3.271495   2.952296   1.871746   2.480378
    11  H    5.733896   4.428444   4.276294   2.952296   3.271495
    12  H    7.106479   5.733896   5.675858   4.276294   4.428444
                    6          7          8          9         10
     6  H    0.000000
     7  H    1.476148   0.000000
     8  H    0.813763   1.476148   0.000000
     9  H    1.871746   2.952296   1.476148   0.000000
    10  H    1.627526   1.871746   0.813763   1.476148   0.000000
    11  H    1.871746   0.813763   1.476148   2.837929   1.476148
    12  H    2.952296   1.476148   2.837929   4.276294   2.952296
                   11         12
    11  H    0.000000
    12  H    1.476148   0.000000
 Stoichiometry    H12
 Framework group  C2H[SGH(H12)]
 Deg. of freedom    11
 Full point group                 C2H     NOp   4
 Largest Abelian subgroup         C2H     NOp   4
 Largest concise Abelian subgroup C2      NOp   2
                         Standard orientation:                         
 ---------------------------------------------------------------------
 Center     Atomic      Atomic             Coordinates (Angstroms)
 Number     Number       Type             X           Y           Z
 ---------------------------------------------------------------------
      1          1           0        0.782239    3.466066   -0.000000
      2          1           0        0.000000    2.214222   -0.000000
      3          1           0        0.782239    1.989918   -0.000000
      4          1           0        0.000000    0.738074   -0.000000
      5          1           0       -0.782239    0.962377   -0.000000
      6          1           0       -0.782239   -0.513770    0.000000
      7          1           0       -0.782239   -1.989918   -0.000000
      8          1           0       -0.000000   -0.738074   -0.000000
      9          1           0        0.782239    0.513770   -0.000000
     10          1           0        0.782239   -0.962377   -0.000000
     11          1           0       -0.000000   -2.214222   -0.000000
     12          1           0       -0.782239   -3.466066   -0.000000
 ---------------------------------------------------------------------
 Rotational constants (GHZ):    146.3322785     10.7399903     10.0056316
 General basis read from cards:  (5D, 7F)
 There are     6 symmetry adapted cartesian basis functions of AG  symmetry.
 There are     0 symmetry adapted cartesian basis functions of BG  symmetry.
 There are     0 symmetry adapted cartesian basis functions of AU  symmetry.
 There are     6 symmetry adapted cartesian basis functions of BU  symmetry.
 There are     6 symmetry adapted basis functions of AG  symmetry.
 There are     0 symmetry adapted basis functions of BG  symmetry.
 There are     0 symmetry adapted basis functions of AU  symmetry.
 There are     6 symmetry adapted basis functions of BU  symmetry.
    12 basis functions,   120 primitive gaussians,    12 cartesian basis functions
     6 alpha electrons        6 beta electrons
       nuclear repulsion energy        17.7435640583 Hartrees.
 NAtoms=   12 NActive=   12 NUniq=    6 SFac= 4.00D+00 NAtFMM=   60 NAOKFM=F Big=F
 Integral buffers will be    131072 words long.
 Regular integral format.
 Two-electron integral symmetry is turned on.
 One-electron integrals computed using PRISM.
 NBasis=    12 RedAO= T EigKep=  1.21D-01  NBF=     6     0     0     6
 NBsUse=    12 1.00D-06 EigRej= -1.00D+00 NBFU=     6     0     0     6
 Initial guess from the checkpoint file:  "h12.chk"
 B after Tr=    -0.000000    0.000000    0.000000
         Rot=    0.960932   -0.000000    0.000000   -0.276785 Ang= -32.14 deg.
 Initial guess orbital symmetries:
       Occupied  (AG) (BU) (AG) (BU) (BU) (AG)
       Virtual   (BU) (AG) (BU) (AG) (AG) (BU)
 Keep R1 ints in memory in symmetry-blocked form, NReq=898716.
 Requested convergence on RMS density matrix=1.00D-08 within 128 cycles.
 Requested convergence on MAX density matrix=1.00D-06.
 Requested convergence on             energy=1.00D-06.
 No special actions if energy rises.
 SCF Done:  E(RHF) =  -5.75884424289     A.U. after   14 cycles
            NFock= 14  Conv=0.74D-08     -V/T= 1.9059
 Range of M.O.s used for correlation:     1    12
 NBasis=    12 NAE=     6 NBE=     6 NFC=     0 NFV=     0
 NROrb=     12 NOA=     6 NOB=     6 NVA=     6 NVB=     6
 Semi-Direct transformation.
 ModeAB=           4 MOrb=             6 LenV=     134089267
 LASXX=         2181 LTotXX=        2181 LenRXX=        5115
 LTotAB=        2934 MaxLAS=        3024 LenRXY=           0
 NonZer=        7296 LenScr=      655360 LnRSAI=        3024
 LnScr1=      655360 LExtra=           0 Total=      1318859
 MaxDsk=          -1 SrtSym=           T ITran=            3
 JobTyp=0 Pass  1:  I=   1 to   6.
 (rs|ai) integrals will be sorted in core.
 Spin components of T(2) and E(2):
     alpha-alpha T2 =       0.5478827951D-02 E2=     -0.6015084486D-02
     alpha-beta  T2 =       0.3425800332D+00 E2=     -0.1734312703D+00
     beta-beta   T2 =       0.5478827951D-02 E2=     -0.6015084486D-02
 ANorm=    0.1163416387D+01
 E2 =    -0.1854614393D+00 EUMP2 =    -0.59443056821958D+01
 Second order stability test of a single determinant RHF wave function:
 Stabil:  MDV=134217728
 ***********************************************************************
 Matrix         Lowest Root    Major Pairs
 ***********************************************************************
 Internal RHF     0.0492886    Stable
 RRHF --> CRHF   -0.0180748    6A=8A
 RRHF --> RUHF   -0.3100819    6A=7B
 Not stable.
 ***********************************************************************

 **********************************************************************

            Population analysis using the SCF density.

 **********************************************************************

 Orbital symmetries:
       Occupied  (AG) (BU) (AG) (BU) (BU) (AG)
       Virtual   (BU) (AG) (BU) (AG) (AG) (BU)
 The electronic state is 1-AG.
 Alpha  occ. eigenvalues --   -0.86025  -0.74861  -0.61525  -0.49951  -0.39769
 Alpha  occ. eigenvalues --   -0.17342
 Alpha virt. eigenvalues --   -0.02274  -0.00495   0.37633   0.44600   0.61492
 Alpha virt. eigenvalues --    0.84689
          Condensed to atoms (all electrons):
               1          2          3          4          5          6
     1  H    0.993223   0.116153  -0.131024  -0.016662   0.031815  -0.000990
     2  H    0.116153   0.594211   0.368782  -0.091054  -0.043821   0.009517
     3  H   -0.131024   0.368782   0.922036  -0.080557  -0.169273   0.005115
     4  H   -0.016662  -0.091054  -0.080557   0.924650   0.355895  -0.076236
     5  H    0.031815  -0.043821  -0.169273   0.355895   1.043153   0.063602
     6  H   -0.000990   0.009517   0.005115  -0.076236   0.063602   0.949250
     7  H   -0.000372   0.000582   0.003188  -0.003108  -0.015711   0.124387
     8  H    0.001749   0.002756  -0.003108  -0.127301  -0.040051   0.286153
     9  H   -0.040586  -0.054483   0.124387   0.286153  -0.177603  -0.133635
    10  H    0.003190  -0.002835  -0.015711  -0.040051  -0.019303  -0.177603
    11  H   -0.000062  -0.000040   0.000582   0.002756  -0.002835  -0.054483
    12  H    0.000037  -0.000062  -0.000372   0.001749   0.003190  -0.040586
               7          8          9         10         11         12
     1  H   -0.000372   0.001749  -0.040586   0.003190  -0.000062   0.000037
     2  H    0.000582   0.002756  -0.054483  -0.002835  -0.000040  -0.000062
     3  H    0.003188  -0.003108   0.124387  -0.015711   0.000582  -0.000372
     4  H   -0.003108  -0.127301   0.286153  -0.040051   0.002756   0.001749
     5  H   -0.015711  -0.040051  -0.177603  -0.019303  -0.002835   0.003190
     6  H    0.124387   0.286153  -0.133635  -0.177603  -0.054483  -0.040586
     7  H    0.922036  -0.080557   0.005115  -0.169273   0.368782  -0.131024
     8  H   -0.080557   0.924650  -0.076236   0.355895  -0.091054  -0.016662
     9  H    0.005115  -0.076236   0.949250   0.063602   0.009517  -0.000990
    10  H   -0.169273   0.355895   0.063602   1.043153  -0.043821   0.031815
    11  H    0.368782  -0.091054   0.009517  -0.043821   0.594211   0.116153
    12  H   -0.131024  -0.016662  -0.000990   0.031815   0.116153   0.993223
 Mulliken charges:
               1
     1  H    0.043531
     2  H    0.100294
     3  H   -0.024045
     4  H   -0.136234
     5  H   -0.029056
     6  H    0.045510
     7  H   -0.024045
     8  H   -0.136234
     9  H    0.045510
    10  H   -0.029056
    11  H    0.100294
    12  H    0.043531
 Sum of Mulliken charges =   0.00000
 Mulliken charges with hydrogens summed into heavy atoms:
               1
 Electronic spatial extent (au):  <R**2>=            211.5095
 Charge=              0.0000 electrons
 Dipole moment (field-independent basis, Debye):
    X=             -0.0000    Y=             -0.0000    Z=             -0.0000  Tot=              0.0000
 Quadrupole moment (field-independent basis, Debye-Ang):
   XX=            -16.7900   YY=            -11.6700   ZZ=            -15.3040
   XY=              0.3268   XZ=              0.0000   YZ=             -0.0000
 Traceless Quadrupole moment (field-independent basis, Debye-Ang):
   XX=             -2.2020   YY=              2.9180   ZZ=             -0.7160
   XY=              0.3268   XZ=              0.0000   YZ=             -0.0000
 Octapole moment (field-independent basis, Debye-Ang**2):
  XXX=              0.0000  YYY=              0.0000  ZZZ=              0.0000  XYY=              0.0000
  XXY=             -0.0000  XXZ=              0.0000  XZZ=              0.0000  YZZ=             -0.0000
  YYZ=              0.0000  XYZ=             -0.0000
 Hexadecapole moment (field-independent basis, Debye-Ang**3):
 XXXX=            -60.4690 YYYY=           -356.4615 ZZZZ=            -18.3062 XXXY=            -28.0616
 XXXZ=              0.0000 YYYX=            -23.1272 YYYZ=              0.0000 ZZZX=              0.0000
 ZZZY=              0.0000 XXYY=            -67.2671 XXZZ=            -13.0786 YYZZ=            -65.3471
 XXYZ=              0.0000 YYXZ=              0.0000 ZZXY=            -10.1728
 N-N= 1.774356405829D+01 E-N=-4.677227041036D+01  KE= 6.356901859286D+00
 Symmetry AG   KE= 3.072596798150D+00
 Symmetry BG   KE= 0.000000000000D+00
 Symmetry AU   KE= 0.000000000000D+00
 Symmetry BU   KE= 3.284305061136D+00

 Test job not archived.
 1\1\GINC-SULU\Stability\RHF\Gen\H12\LCJ1\17-Feb-2017\0\\#rhf/gen scf(s
 ymm,tight,novaracc,noincfock,fulldiag) stable(crhf) guess=read geom=no
 crowd test\\hf stability analysis of h12 triangular lattice, y= 1.4189
 643903365978\\0,1\H\H,1,1.4761478396\H,1,1.4761478396,2,32.\H,2,1.4761
 478396,1,148.,3,0.,0\H,2,1.4761478396,1,180.,3,0.,0\H,4,1.4761478396,3
 ,180.,5,0.,0\H,6,1.4761478396,5,180.,3,0.,0\H,4,1.4761478396,2,180.,3,
 0.,0\H,3,1.4761478396,1,180.,4,0.,0\H,9,1.4761478396,3,180.,4,0.,0\H,8
 ,1.4761478396,4,180.,3,0.,0\H,7,1.4761478396,6,180.,3,0.,0\\Version=ES
 64L-G09RevE.01\State=1-AG\HF=-5.7588442\MP2=-5.9443057\RMSD=7.361e-09\
 Dipole=0.,0.,0.\Quadrupole=-0.786572,-0.5323096,1.3188816,0.,1.6041443
 ,0.\PG=C02H [SGH(H12)]\\@


 THE MOST INCOMPREHENSIBLE THING ABOUT THE WORLD
 IS THAT IT IS COMPREHENSIBLE. -- A. EINSTEIN
 Job cpu time:       0 days  0 hours  0 minutes  1.0 seconds.
 File lengths (MBytes):  RWF=     84 Int=      0 D2E=      0 Chk=      2 Scr=      2
 Normal termination of Gaussian 09 at Fri Feb 17 15:07:42 2017.
