 Entering Gaussian System, Link 0=g09
 AtFile(1): H.gbs
            H     0
            S   10   1.00
               1000.000000000000            0.000068713567
                316.227766000000            0.000169141320
                100.000000000000            0.000823394812
                 31.622776600000            0.003425569236
                 10.000000000000            0.013951996000
                  3.162277660000            0.056909313560
                  1.000000000000            0.198286399900
                  0.316227766000            0.496922426700
                  0.100000000000            0.369846276400
                  0.031622776600            0.003752720039
            ****
 Initial command:
 /projects/guscus/apps/gau/g09-e1/g09/l1.exe "/users/lcj1/gaussian/h12/rhfstability/rect/guess/ag3bu3/Gau-8835.inp" -scrdir="/users/lcj1/gaussian/h12/rhfstability/rect/guess/ag3bu3/"
 Entering Link 1 = /projects/guscus/apps/gau/g09-e1/g09/l1.exe PID=      8836.
  
 Copyright (c) 1988,1990,1992,1993,1995,1998,2003,2009,2015,
            Gaussian, Inc.  All Rights Reserved.
  
 This is part of the Gaussian(R) 09 program.  It is based on
 the Gaussian(R) 03 system (copyright 2003, Gaussian, Inc.),
 the Gaussian(R) 98 system (copyright 1998, Gaussian, Inc.),
 the Gaussian(R) 94 system (copyright 1995, Gaussian, Inc.),
 the Gaussian 92(TM) system (copyright 1992, Gaussian, Inc.),
 the Gaussian 90(TM) system (copyright 1990, Gaussian, Inc.),
 the Gaussian 88(TM) system (copyright 1988, Gaussian, Inc.),
 the Gaussian 86(TM) system (copyright 1986, Carnegie Mellon
 University), and the Gaussian 82(TM) system (copyright 1983,
 Carnegie Mellon University). Gaussian is a federally registered
 trademark of Gaussian, Inc.
  
 This software contains proprietary and confidential information,
 including trade secrets, belonging to Gaussian, Inc.
  
 This software is provided under written license and may be
 used, copied, transmitted, or stored only in accord with that
 written license.
  
 The following legend is applicable only to US Government
 contracts under FAR:
  
                    RESTRICTED RIGHTS LEGEND
  
 Use, reproduction and disclosure by the US Government is
 subject to restrictions as set forth in subparagraphs (a)
 and (c) of the Commercial Computer Software - Restricted
 Rights clause in FAR 52.227-19.
  
 Gaussian, Inc.
 340 Quinnipiac St., Bldg. 40, Wallingford CT 06492
  
  
 ---------------------------------------------------------------
 Warning -- This program may not be used in any manner that
 competes with the business of Gaussian, Inc. or will provide
 assistance to any competitor of Gaussian, Inc.  The licensee
 of this program is prohibited from giving any competitor of
 Gaussian, Inc. access to this program.  By using this program,
 the user acknowledges that Gaussian, Inc. is engaged in the
 business of creating and licensing software in the field of
 computational chemistry and represents and warrants to the
 licensee that it is not a competitor of Gaussian, Inc. and that
 it will not use this program in any manner prohibited above.
 ---------------------------------------------------------------
  

 Cite this work as:
 Gaussian 09, Revision E.01,
 M. J. Frisch, G. W. Trucks, H. B. Schlegel, G. E. Scuseria, 
 M. A. Robb, J. R. Cheeseman, G. Scalmani, V. Barone, B. Mennucci, 
 G. A. Petersson, H. Nakatsuji, M. Caricato, X. Li, H. P. Hratchian, 
 A. F. Izmaylov, J. Bloino, G. Zheng, J. L. Sonnenberg, M. Hada, 
 M. Ehara, K. Toyota, R. Fukuda, J. Hasegawa, M. Ishida, T. Nakajima, 
 Y. Honda, O. Kitao, H. Nakai, T. Vreven, J. A. Montgomery, Jr., 
 J. E. Peralta, F. Ogliaro, M. Bearpark, J. J. Heyd, E. Brothers, 
 K. N. Kudin, V. N. Staroverov, T. Keith, R. Kobayashi, J. Normand, 
 K. Raghavachari, A. Rendell, J. C. Burant, S. S. Iyengar, J. Tomasi, 
 M. Cossi, N. Rega, J. M. Millam, M. Klene, J. E. Knox, J. B. Cross, 
 V. Bakken, C. Adamo, J. Jaramillo, R. Gomperts, R. E. Stratmann, 
 O. Yazyev, A. J. Austin, R. Cammi, C. Pomelli, J. W. Ochterski, 
 R. L. Martin, K. Morokuma, V. G. Zakrzewski, G. A. Voth, 
 P. Salvador, J. J. Dannenberg, S. Dapprich, A. D. Daniels, 
 O. Farkas, J. B. Foresman, J. V. Ortiz, J. Cioslowski, 
 and D. J. Fox, Gaussian, Inc., Wallingford CT, 2013.
 
 ******************************************
 Gaussian 09:  ES64L-G09RevE.01 30-Nov-2015
                17-Feb-2017 
 ******************************************
 %chk=h12.chk
 ----------------------------------------------------------------------
 #rhf/gen scf(symm,tight,novaracc,noincfock,fulldiag) stable(crhf) gues
 s=read geom=nocrowd test
 ----------------------------------------------------------------------
 1/38=1/1;
 2/12=1,17=6,18=5,40=1/2;
 3/5=7,16=1,25=1,30=1,116=1/1,2,3;
 4/5=1,9=4/1;
 5/5=100002,15=2,16=1,32=2,38=6/2;
 8/6=1,10=90,11=11/1,4;
 9/8=4,13=1/2;
 6/7=2,8=2,9=2,10=2,28=1/1;
 99/5=1,9=1/99;
 ----------------------------------------------------------------------
 hf stability analysis of h12 triangular lattice, y= 0.2411143230343760
 2
 ----------------------------------------------------------------------
 Symbolic Z-matrix:
 Charge =  0 Multiplicity = 1
 H
 H                    1     2.40662 
 H                    1     2.40662  2     168.5 
 H                    2     2.40662  1     11.5     3     0.       0
 H                    2     2.40662  1     180.     3     0.       0
 H                    4     2.40662  3     180.     5     0.       0
 H                    6     2.40662  5     180.     3     0.       0
 H                    4     2.40662  2     180.     3     0.       0
 H                    3     2.40662  1     180.     4     0.       0
 H                    9     2.40662  3     180.     4     0.       0
 H                    8     2.40662  4     180.     3     0.       0
 H                    7     2.40662  6     180.     3     0.       0
 
                          Input orientation:                          
 ---------------------------------------------------------------------
 Center     Atomic      Atomic             Coordinates (Angstroms)
 Number     Number       Type             X           Y           Z
 ---------------------------------------------------------------------
      1          1           0        0.000000    0.000000    0.000000
      2          1           0        0.000000    0.000000    2.406617
      3          1           0        0.479802    0.000000   -2.358304
      4          1           0        0.479802    0.000000    0.048314
      5          1           0        0.000000    0.000000    4.813234
      6          1           0        0.479802    0.000000    2.454931
      7          1           0        0.959605    0.000000    0.096627
      8          1           0        0.959605    0.000000   -2.309990
      9          1           0        0.959605    0.000000   -4.716607
     10          1           0        1.439407    0.000000   -7.074911
     11          1           0        1.439407    0.000000   -4.668294
     12          1           0        1.439407    0.000000   -2.261677
 ---------------------------------------------------------------------
                    Distance matrix (angstroms):
                    1          2          3          4          5
     1  H    0.000000
     2  H    2.406617   0.000000
     3  H    2.406617   4.789017   0.000000
     4  H    0.482229   2.406617   2.406617   0.000000
     5  H    4.813234   2.406617   7.187571   4.789017   0.000000
     6  H    2.501379   0.482229   4.813234   2.406617   2.406617
     7  H    0.964457   2.501379   2.501379   0.482229   4.813234
     8  H    2.501379   4.813234   0.482229   2.406617   7.187571
     9  H    4.813234   7.187571   2.406617   4.789017   9.578034
    10  H    7.219852   9.590165   4.813234   7.187571  11.974970
    11  H    4.885167   7.219852   2.501379   4.813234   9.590165
    12  H    2.680872   4.885167   0.964457   2.501379   7.219852
                    6          7          8          9         10
     6  H    0.000000
     7  H    2.406617   0.000000
     8  H    4.789017   2.406617   0.000000
     9  H    7.187571   4.813234   2.406617   0.000000
    10  H    9.578034   7.187571   4.789017   2.406617   0.000000
    11  H    7.187571   4.789017   2.406617   0.482229   2.406617
    12  H    4.813234   2.406617   0.482229   2.501379   4.813234
                   11         12
    11  H    0.000000
    12  H    2.406617   0.000000
 Stoichiometry    H12
 Framework group  C2H[SGH(H12)]
 Deg. of freedom    11
 Full point group                 C2H     NOp   4
 Largest Abelian subgroup         C2H     NOp   4
 Largest concise Abelian subgroup C2      NOp   2
                         Standard orientation:                         
 ---------------------------------------------------------------------
 Center     Atomic      Atomic             Coordinates (Angstroms)
 Number     Number       Type             X           Y           Z
 ---------------------------------------------------------------------
      1          1           0        0.479802    1.251622    0.000000
      2          1           0        0.000000    3.609926    0.000000
      3          1           0        0.479802   -1.154995   -0.000000
      4          1           0        0.000000    1.203309    0.000000
      5          1           0       -0.479802    5.968230    0.000000
      6          1           0       -0.479802    3.561612    0.000000
      7          1           0       -0.479802    1.154995   -0.000000
      8          1           0       -0.000000   -1.203309    0.000000
      9          1           0        0.479802   -3.561612    0.000000
     10          1           0        0.479802   -5.968230    0.000000
     11          1           0       -0.000000   -3.609926    0.000000
     12          1           0       -0.479802   -1.251622    0.000000
 ---------------------------------------------------------------------
 Rotational constants (GHZ):    413.6986753      3.7989189      3.7643515
 General basis read from cards:  (5D, 7F)
 There are     6 symmetry adapted cartesian basis functions of AG  symmetry.
 There are     0 symmetry adapted cartesian basis functions of BG  symmetry.
 There are     0 symmetry adapted cartesian basis functions of AU  symmetry.
 There are     6 symmetry adapted cartesian basis functions of BU  symmetry.
 There are     6 symmetry adapted basis functions of AG  symmetry.
 There are     0 symmetry adapted basis functions of BG  symmetry.
 There are     0 symmetry adapted basis functions of AU  symmetry.
 There are     6 symmetry adapted basis functions of BU  symmetry.
    12 basis functions,   120 primitive gaussians,    12 cartesian basis functions
     6 alpha electrons        6 beta electrons
       nuclear repulsion energy        16.0771588290 Hartrees.
 NAtoms=   12 NActive=   12 NUniq=    6 SFac= 4.00D+00 NAtFMM=   60 NAOKFM=F Big=F
 Integral buffers will be    131072 words long.
 Regular integral format.
 Two-electron integral symmetry is turned on.
 One-electron integrals computed using PRISM.
 NBasis=    12 RedAO= T EigKep=  3.28D-02  NBF=     6     0     0     6
 NBsUse=    12 1.00D-06 EigRej= -1.00D+00 NBFU=     6     0     0     6
 Initial guess from the checkpoint file:  "h12.chk"
 B after Tr=     0.000000    0.000000    0.000000
         Rot=    0.998435   -0.000000    0.000000    0.055929 Ang=   6.41 deg.
 Initial guess orbital symmetries:
       Occupied  (AG) (BU) (AG) (BU) (BU) (AG)
       Virtual   (BU) (AG) (BU) (AG) (AG) (BU)
 Keep R1 ints in memory in symmetry-blocked form, NReq=890806.
 Requested convergence on RMS density matrix=1.00D-08 within 128 cycles.
 Requested convergence on MAX density matrix=1.00D-06.
 Requested convergence on             energy=1.00D-06.
 No special actions if energy rises.
 SCF Done:  E(RHF) =  -4.48786419939     A.U. after   10 cycles
            NFock= 10  Conv=0.68D-08     -V/T= 1.6876
 Range of M.O.s used for correlation:     1    12
 NBasis=    12 NAE=     6 NBE=     6 NFC=     0 NFV=     0
 NROrb=     12 NOA=     6 NOB=     6 NVA=     6 NVB=     6

 **** Warning!!: The smallest alpha delta epsilon is  0.50447137D-01

 Semi-Direct transformation.
 ModeAB=           4 MOrb=             6 LenV=     134097737
 LASXX=         2181 LTotXX=        2181 LenRXX=        5115
 LTotAB=        2934 MaxLAS=        3024 LenRXY=           0
 NonZer=        7296 LenScr=      655360 LnRSAI=        3024
 LnScr1=      655360 LExtra=           0 Total=      1318859
 MaxDsk=          -1 SrtSym=           T ITran=            3
 JobTyp=0 Pass  1:  I=   1 to   6.
 (rs|ai) integrals will be sorted in core.
 Spin components of T(2) and E(2):
     alpha-alpha T2 =       0.4374357687D-02 E2=     -0.3687450389D-02
     alpha-beta  T2 =       0.6703714021D+01 E2=     -0.7508669893D+00
     beta-beta   T2 =       0.4374357687D-02 E2=     -0.3687450389D-02
 ANorm=    0.2777132106D+01
 E2 =    -0.7582418901D+00 EUMP2 =    -0.52461060895083D+01
 Second order stability test of a single determinant RHF wave function:
 Stabil:  MDV=134217728
 ***********************************************************************
 Matrix         Lowest Root    Major Pairs
 ***********************************************************************
 Internal RHF     0.0775017    Stable
 RRHF --> CRHF    0.0000356    Stable
 RRHF --> RUHF   -0.5163262    6A=7B
 Not stable.
 ***********************************************************************

 **********************************************************************

            Population analysis using the SCF density.

 **********************************************************************

 Orbital symmetries:
       Occupied  (AG) (BU) (AG) (BU) (BU) (AG)
       Virtual   (BU) (AG) (BU) (AG) (AG) (BU)
 The electronic state is 1-AG.
 Alpha  occ. eigenvalues --   -0.99392  -0.98408  -0.72860  -0.72851  -0.22808
 Alpha  occ. eigenvalues --   -0.18408
 Alpha virt. eigenvalues --   -0.13364   0.01817   0.62518   0.62668   1.40512
 Alpha virt. eigenvalues --    1.51415
          Condensed to atoms (all electrons):
               1          2          3          4          5          6
     1  H    1.130497  -0.000981   0.147539   0.146535   0.001390  -0.012493
     2  H   -0.000981   0.549708   0.000121  -0.013038  -0.008529   0.481426
     3  H    0.147539   0.000121   1.162127  -0.006594   0.000015  -0.000203
     4  H    0.146535  -0.013038  -0.006594   1.442297   0.000057  -0.013027
     5  H    0.001390  -0.008529   0.000015   0.000057   1.134678  -0.014791
     6  H   -0.012493   0.481426  -0.000203  -0.013027  -0.014791   0.553752
     7  H   -0.703013  -0.006077  -0.134746   0.140188  -0.001388   0.006461
     8  H   -0.004452   0.000031   0.140188  -0.013908   0.000000   0.000035
     9  H    0.000224   0.000000   0.006461   0.000035  -0.000000  -0.000000
    10  H   -0.000014  -0.000000  -0.001388   0.000000   0.000000  -0.000000
    11  H   -0.000080   0.000000  -0.006077   0.000031  -0.000000   0.000000
    12  H   -0.103089  -0.000080  -0.703013  -0.004452  -0.000014   0.000224
               7          8          9         10         11         12
     1  H   -0.703013  -0.004452   0.000224  -0.000014  -0.000080  -0.103089
     2  H   -0.006077   0.000031   0.000000  -0.000000   0.000000  -0.000080
     3  H   -0.134746   0.140188   0.006461  -0.001388  -0.006077  -0.703013
     4  H    0.140188  -0.013908   0.000035   0.000000   0.000031  -0.004452
     5  H   -0.001388   0.000000  -0.000000   0.000000  -0.000000  -0.000014
     6  H    0.006461   0.000035  -0.000000  -0.000000   0.000000   0.000224
     7  H    1.162127  -0.006594  -0.000203   0.000015   0.000121   0.147539
     8  H   -0.006594   1.442297  -0.013027   0.000057  -0.013038   0.146535
     9  H   -0.000203  -0.013027   0.553752  -0.014791   0.481426  -0.012493
    10  H    0.000015   0.000057  -0.014791   1.134678  -0.008529   0.001390
    11  H    0.000121  -0.013038   0.481426  -0.008529   0.549708  -0.000981
    12  H    0.147539   0.146535  -0.012493   0.001390  -0.000981   1.130497
 Mulliken charges:
               1
     1  H    0.397938
     2  H   -0.002581
     3  H    0.395569
     4  H   -0.678124
     5  H   -0.111418
     6  H   -0.001385
     7  H    0.395569
     8  H   -0.678124
     9  H   -0.001385
    10  H   -0.111418
    11  H   -0.002581
    12  H    0.397938
 Sum of Mulliken charges =  -0.00000
 Mulliken charges with hydrogens summed into heavy atoms:
               1
 Electronic spatial extent (au):  <R**2>=            539.3784
 Charge=             -0.0000 electrons
 Dipole moment (field-independent basis, Debye):
    X=              0.0000    Y=             -0.0000    Z=             -0.0000  Tot=              0.0000
 Quadrupole moment (field-independent basis, Debye-Ang):
   XX=            -16.3779   YY=            -53.6894   ZZ=            -15.5727
   XY=              3.3536   XZ=             -0.0000   YZ=              0.0000
 Traceless Quadrupole moment (field-independent basis, Debye-Ang):
   XX=             12.1688   YY=            -25.1427   ZZ=             12.9740
   XY=              3.3536   XZ=             -0.0000   YZ=              0.0000
 Octapole moment (field-independent basis, Debye-Ang**2):
  XXX=              0.0000  YYY=             -0.0000  ZZZ=             -0.0000  XYY=              0.0000
  XXY=             -0.0000  XXZ=             -0.0000  XZZ=              0.0000  YZZ=              0.0000
  YYZ=             -0.0000  XYZ=              0.0000
 Hexadecapole moment (field-independent basis, Debye-Ang**3):
 XXXX=            -36.2687 YYYY=          -2599.7479 ZZZZ=            -19.0688 XXXY=             38.9641
 XXXZ=             -0.0000 YYYX=            158.2670 YYYZ=              0.0000 ZZZX=             -0.0000
 ZZZY=              0.0000 XXYY=           -200.4570 XXZZ=             -9.1954 YYZZ=           -192.5955
 XXYZ=              0.0000 YYXZ=             -0.0000 ZZXY=             13.0761
 N-N= 1.607715882903D+01 E-N=-3.996233415150D+01  KE= 6.526834336518D+00
 Symmetry AG   KE= 2.772924794333D+00
 Symmetry BG   KE= 0.000000000000D+00
 Symmetry AU   KE= 0.000000000000D+00
 Symmetry BU   KE= 3.753909542184D+00

 Test job not archived.
 1\1\GINC-SULU\Stability\RHF\Gen\H12\LCJ1\17-Feb-2017\0\\#rhf/gen scf(s
 ymm,tight,novaracc,noincfock,fulldiag) stable(crhf) guess=read geom=no
 crowd test\\hf stability analysis of h12 triangular lattice, y= 0.2411
 1432303437602\\0,1\H\H,1,2.4066172403\H,1,2.4066172403,2,168.5\H,2,2.4
 066172403,1,11.5,3,0.,0\H,2,2.4066172403,1,180.,3,0.,0\H,4,2.406617240
 3,3,180.,5,0.,0\H,6,2.4066172403,5,180.,3,0.,0\H,4,2.4066172403,2,180.
 ,3,0.,0\H,3,2.4066172403,1,180.,4,0.,0\H,9,2.4066172403,3,180.,4,0.,0\
 H,8,2.4066172403,4,180.,3,0.,0\H,7,2.4066172403,6,180.,3,0.,0\\Version
 =ES64L-G09RevE.01\State=1-AG\HF=-4.4878642\MP2=-5.2461061\RMSD=6.815e-
 09\Dipole=0.,0.,0.\Quadrupole=8.918777,9.645835,-18.564612,0.,3.124379
 8,0.\PG=C02H [SGH(H12)]\\@


 ... IT CAN BE VERY DIFFICULT, IN THESE COMPLEX TIMES,
 TO UNDERSTAND JUST HOW SCIENTISTS DO WHAT THEY DO.

                     DON MOSER IN THE FEBRUARY 1979 SMITHSONIAN
 Job cpu time:       0 days  0 hours  0 minutes  0.9 seconds.
 File lengths (MBytes):  RWF=     84 Int=      0 D2E=      0 Chk=      2 Scr=      2
 Normal termination of Gaussian 09 at Fri Feb 17 14:53:25 2017.
