 Entering Gaussian System, Link 0=g09
 AtFile(1): H.gbs
            H     0
            S   10   1.00
               1000.000000000000            0.000068713567
                316.227766000000            0.000169141320
                100.000000000000            0.000823394812
                 31.622776600000            0.003425569236
                 10.000000000000            0.013951996000
                  3.162277660000            0.056909313560
                  1.000000000000            0.198286399900
                  0.316227766000            0.496922426700
                  0.100000000000            0.369846276400
                  0.031622776600            0.003752720039
            ****
 Initial command:
 /projects/guscus/apps/gau/g09-e1/g09/l1.exe "/users/lcj1/gaussian/h12/rhfstability/rect/guess/ag3bu3/Gau-14058.inp" -scrdir="/users/lcj1/gaussian/h12/rhfstability/rect/guess/ag3bu3/"
 Entering Link 1 = /projects/guscus/apps/gau/g09-e1/g09/l1.exe PID=     14059.
  
 Copyright (c) 1988,1990,1992,1993,1995,1998,2003,2009,2015,
            Gaussian, Inc.  All Rights Reserved.
  
 This is part of the Gaussian(R) 09 program.  It is based on
 the Gaussian(R) 03 system (copyright 2003, Gaussian, Inc.),
 the Gaussian(R) 98 system (copyright 1998, Gaussian, Inc.),
 the Gaussian(R) 94 system (copyright 1995, Gaussian, Inc.),
 the Gaussian 92(TM) system (copyright 1992, Gaussian, Inc.),
 the Gaussian 90(TM) system (copyright 1990, Gaussian, Inc.),
 the Gaussian 88(TM) system (copyright 1988, Gaussian, Inc.),
 the Gaussian 86(TM) system (copyright 1986, Carnegie Mellon
 University), and the Gaussian 82(TM) system (copyright 1983,
 Carnegie Mellon University). Gaussian is a federally registered
 trademark of Gaussian, Inc.
  
 This software contains proprietary and confidential information,
 including trade secrets, belonging to Gaussian, Inc.
  
 This software is provided under written license and may be
 used, copied, transmitted, or stored only in accord with that
 written license.
  
 The following legend is applicable only to US Government
 contracts under FAR:
  
                    RESTRICTED RIGHTS LEGEND
  
 Use, reproduction and disclosure by the US Government is
 subject to restrictions as set forth in subparagraphs (a)
 and (c) of the Commercial Computer Software - Restricted
 Rights clause in FAR 52.227-19.
  
 Gaussian, Inc.
 340 Quinnipiac St., Bldg. 40, Wallingford CT 06492
  
  
 ---------------------------------------------------------------
 Warning -- This program may not be used in any manner that
 competes with the business of Gaussian, Inc. or will provide
 assistance to any competitor of Gaussian, Inc.  The licensee
 of this program is prohibited from giving any competitor of
 Gaussian, Inc. access to this program.  By using this program,
 the user acknowledges that Gaussian, Inc. is engaged in the
 business of creating and licensing software in the field of
 computational chemistry and represents and warrants to the
 licensee that it is not a competitor of Gaussian, Inc. and that
 it will not use this program in any manner prohibited above.
 ---------------------------------------------------------------
  

 Cite this work as:
 Gaussian 09, Revision E.01,
 M. J. Frisch, G. W. Trucks, H. B. Schlegel, G. E. Scuseria, 
 M. A. Robb, J. R. Cheeseman, G. Scalmani, V. Barone, B. Mennucci, 
 G. A. Petersson, H. Nakatsuji, M. Caricato, X. Li, H. P. Hratchian, 
 A. F. Izmaylov, J. Bloino, G. Zheng, J. L. Sonnenberg, M. Hada, 
 M. Ehara, K. Toyota, R. Fukuda, J. Hasegawa, M. Ishida, T. Nakajima, 
 Y. Honda, O. Kitao, H. Nakai, T. Vreven, J. A. Montgomery, Jr., 
 J. E. Peralta, F. Ogliaro, M. Bearpark, J. J. Heyd, E. Brothers, 
 K. N. Kudin, V. N. Staroverov, T. Keith, R. Kobayashi, J. Normand, 
 K. Raghavachari, A. Rendell, J. C. Burant, S. S. Iyengar, J. Tomasi, 
 M. Cossi, N. Rega, J. M. Millam, M. Klene, J. E. Knox, J. B. Cross, 
 V. Bakken, C. Adamo, J. Jaramillo, R. Gomperts, R. E. Stratmann, 
 O. Yazyev, A. J. Austin, R. Cammi, C. Pomelli, J. W. Ochterski, 
 R. L. Martin, K. Morokuma, V. G. Zakrzewski, G. A. Voth, 
 P. Salvador, J. J. Dannenberg, S. Dapprich, A. D. Daniels, 
 O. Farkas, J. B. Foresman, J. V. Ortiz, J. Cioslowski, 
 and D. J. Fox, Gaussian, Inc., Wallingford CT, 2013.
 
 ******************************************
 Gaussian 09:  ES64L-G09RevE.01 30-Nov-2015
                17-Feb-2017 
 ******************************************
 %chk=h12.chk
 ----------------------------------------------------------------------
 #rhf/gen scf(symm,tight,novaracc,noincfock,fulldiag) stable(crhf) gues
 s=read geom=nocrowd test
 ----------------------------------------------------------------------
 1/38=1/1;
 2/12=1,17=6,18=5,40=1/2;
 3/5=7,16=1,25=1,30=1,116=1/1,2,3;
 4/5=1,9=4/1;
 5/5=100002,15=2,16=1,32=2,38=6/2;
 8/6=1,10=90,11=11/1,4;
 9/8=4,13=1/2;
 6/7=2,8=2,9=2,10=2,28=1/1;
 99/5=1,9=1/99;
 ----------------------------------------------------------------------
 hf stability analysis of h12 triangular lattice, y= 2.1684423371644423
 ----------------------------------------------------------------------
 Symbolic Z-matrix:
 Charge =  0 Multiplicity = 1
 H
 H                    1     2.18473 
 H                    1     2.18473  2     14. 
 H                    2     2.18473  1     166.     3     0.       0
 H                    2     2.18473  1     180.     3     0.       0
 H                    4     2.18473  3     180.     5     0.       0
 H                    6     2.18473  5     180.     3     0.       0
 H                    4     2.18473  2     180.     3     0.       0
 H                    3     2.18473  1     180.     4     0.       0
 H                    9     2.18473  3     180.     4     0.       0
 H                    8     2.18473  4     180.     3     0.       0
 H                    7     2.18473  6     180.     3     0.       0
 
                          Input orientation:                          
 ---------------------------------------------------------------------
 Center     Atomic      Atomic             Coordinates (Angstroms)
 Number     Number       Type             X           Y           Z
 ---------------------------------------------------------------------
      1          1           0        0.000000    0.000000    0.000000
      2          1           0        0.000000    0.000000    2.184727
      3          1           0        0.528533    0.000000    2.119831
      4          1           0        0.528533    0.000000    4.304558
      5          1           0        0.000000    0.000000    4.369454
      6          1           0        0.528533    0.000000    6.489285
      7          1           0        1.057067    0.000000    8.609116
      8          1           0        1.057067    0.000000    6.424389
      9          1           0        1.057067    0.000000    4.239662
     10          1           0        1.585600    0.000000    6.359494
     11          1           0        1.585600    0.000000    8.544221
     12          1           0        1.585600    0.000000   10.728948
 ---------------------------------------------------------------------
                    Distance matrix (angstroms):
                    1          2          3          4          5
     1  H    0.000000
     2  H    2.184727   0.000000
     3  H    2.184727   0.532502   0.000000
     4  H    4.336885   2.184727   2.184727   0.000000
     5  H    4.369454   2.184727   2.310876   0.532502   0.000000
     6  H    6.510773   4.336885   4.369454   2.184727   2.184727
     7  H    8.673769   6.510773   6.510773   4.336885   4.369454
     8  H    6.510773   4.369454   4.336885   2.184727   2.310876
     9  H    4.369454   2.310876   2.184727   0.532502   1.065005
    10  H    6.554181   4.465737   4.369454   2.310876   2.544481
    11  H    8.690100   6.554181   6.510773   4.369454   4.465737
    12  H   10.845480   8.690100   8.673769   6.510773   6.554181
                    6          7          8          9         10
     6  H    0.000000
     7  H    2.184727   0.000000
     8  H    0.532502   2.184727   0.000000
     9  H    2.310876   4.369454   2.184727   0.000000
    10  H    1.065005   2.310876   0.532502   2.184727   0.000000
    11  H    2.310876   0.532502   2.184727   4.336885   2.184727
    12  H    4.369454   2.184727   4.336885   6.510773   4.369454
                   11         12
    11  H    0.000000
    12  H    2.184727   0.000000
 Stoichiometry    H12
 Framework group  C2H[SGH(H12)]
 Deg. of freedom    11
 Full point group                 C2H     NOp   4
 Largest Abelian subgroup         C2H     NOp   4
 Largest concise Abelian subgroup C2      NOp   2
                         Standard orientation:                         
 ---------------------------------------------------------------------
 Center     Atomic      Atomic             Coordinates (Angstroms)
 Number     Number       Type             X           Y           Z
 ---------------------------------------------------------------------
      1          1           0        0.528533    5.396922   -0.000000
      2          1           0        0.000000    3.277090    0.000000
      3          1           0        0.528533    3.212195   -0.000000
      4          1           0        0.000000    1.092363    0.000000
      5          1           0       -0.528533    1.157259    0.000000
      6          1           0       -0.528533   -1.027468    0.000000
      7          1           0       -0.528533   -3.212195    0.000000
      8          1           0       -0.000000   -1.092363    0.000000
      9          1           0        0.528533    1.027468   -0.000000
     10          1           0        0.528533   -1.157259    0.000000
     11          1           0       -0.000000   -3.277090    0.000000
     12          1           0       -0.528533   -5.396922    0.000000
 ---------------------------------------------------------------------
 Rotational constants (GHZ):    339.4296806      4.6301390      4.5678295
 General basis read from cards:  (5D, 7F)
 There are     6 symmetry adapted cartesian basis functions of AG  symmetry.
 There are     0 symmetry adapted cartesian basis functions of BG  symmetry.
 There are     0 symmetry adapted cartesian basis functions of AU  symmetry.
 There are     6 symmetry adapted cartesian basis functions of BU  symmetry.
 There are     6 symmetry adapted basis functions of AG  symmetry.
 There are     0 symmetry adapted basis functions of BG  symmetry.
 There are     0 symmetry adapted basis functions of AU  symmetry.
 There are     6 symmetry adapted basis functions of BU  symmetry.
    12 basis functions,   120 primitive gaussians,    12 cartesian basis functions
     6 alpha electrons        6 beta electrons
       nuclear repulsion energy        16.1688402678 Hartrees.
 NAtoms=   12 NActive=   12 NUniq=    6 SFac= 4.00D+00 NAtFMM=   60 NAOKFM=F Big=F
 Integral buffers will be    131072 words long.
 Regular integral format.
 Two-electron integral symmetry is turned on.
 One-electron integrals computed using PRISM.
 NBasis=    12 RedAO= T EigKep=  4.34D-02  NBF=     6     0     0     6
 NBsUse=    12 1.00D-06 EigRej= -1.00D+00 NBFU=     6     0     0     6
 Initial guess from the checkpoint file:  "h12.chk"
 B after Tr=    -0.000000   -0.000000    0.000000
         Rot=    0.963608    0.000000    0.000000   -0.267320 Ang= -31.01 deg.
 Initial guess orbital symmetries:
       Occupied  (AG) (BU) (AG) (BU) (BU) (AG)
       Virtual   (BU) (AG) (BU) (AG) (AG) (BU)
 Keep R1 ints in memory in symmetry-blocked form, NReq=893886.
 Requested convergence on RMS density matrix=1.00D-08 within 128 cycles.
 Requested convergence on MAX density matrix=1.00D-06.
 Requested convergence on             energy=1.00D-06.
 No special actions if energy rises.
 SCF Done:  E(RHF) =  -4.94539023795     A.U. after   12 cycles
            NFock= 12  Conv=0.55D-08     -V/T= 1.7691
 Range of M.O.s used for correlation:     1    12
 NBasis=    12 NAE=     6 NBE=     6 NFC=     0 NFV=     0
 NROrb=     12 NOA=     6 NOB=     6 NVA=     6 NVB=     6

 **** Warning!!: The smallest alpha delta epsilon is  0.50917236D-01

 Semi-Direct transformation.
 ModeAB=           4 MOrb=             6 LenV=     134095539
 LASXX=         2181 LTotXX=        2181 LenRXX=        5115
 LTotAB=        2934 MaxLAS=        3024 LenRXY=           0
 NonZer=        7296 LenScr=      655360 LnRSAI=        3024
 LnScr1=      655360 LExtra=           0 Total=      1318859
 MaxDsk=          -1 SrtSym=           T ITran=            3
 JobTyp=0 Pass  1:  I=   1 to   6.
 (rs|ai) integrals will be sorted in core.
 Spin components of T(2) and E(2):
     alpha-alpha T2 =       0.4634438065D-02 E2=     -0.3978879669D-02
     alpha-beta  T2 =       0.7668583647D+01 E2=     -0.8484128487D+00
     beta-beta   T2 =       0.4634438065D-02 E2=     -0.3978879669D-02
 ANorm=    0.2945819499D+01
 E2 =    -0.8563706081D+00 EUMP2 =    -0.58017608460215D+01
 Second order stability test of a single determinant RHF wave function:
 Stabil:  MDV=134217728
 ***********************************************************************
 Matrix         Lowest Root    Major Pairs
 ***********************************************************************
 Internal RHF     0.029233     Stable
 RRHF --> CRHF   -0.0012309    5A=7A
 RRHF --> RUHF   -0.5610965    6A=7B
 Not stable.
 ***********************************************************************

 **********************************************************************

            Population analysis using the SCF density.

 **********************************************************************

 Orbital symmetries:
       Occupied  (AG) (BU) (AG) (BU) (BU) (AG)
       Virtual   (BU) (AG) (BU) (AG) (AG) (BU)
 The electronic state is 1-AG.
 Alpha  occ. eigenvalues --   -0.93106  -0.89888  -0.70787  -0.70686  -0.24980
 Alpha  occ. eigenvalues --   -0.19814
 Alpha virt. eigenvalues --   -0.14722   0.04009   0.57977   0.58376   1.24468
 Alpha virt. eigenvalues --    1.38397
          Condensed to atoms (all electrons):
               1          2          3          4          5          6
     1  H    1.069934  -0.021810  -0.015422   0.000156  -0.001537  -0.000025
     2  H   -0.021810   0.577614   0.484167  -0.021749   0.006912   0.000658
     3  H   -0.015422   0.484167   0.568316  -0.021640  -0.013068  -0.000279
     4  H    0.000156  -0.021749  -0.021640   1.193148   0.192159  -0.013604
     5  H   -0.001537   0.006912  -0.013068   0.192159   1.060770   0.178728
     6  H   -0.000025   0.000658  -0.000279  -0.013604   0.178728   1.114761
     7  H   -0.000000   0.000002   0.000001   0.000120   0.000373  -0.001564
     8  H    0.000002   0.000115   0.000120  -0.023839  -0.006351   0.209574
     9  H    0.001636  -0.020777  -0.001564   0.209574  -0.578214  -0.162759
    10  H    0.000023  -0.000431   0.000373  -0.006351  -0.114251  -0.578214
    11  H   -0.000000   0.000000   0.000002   0.000115  -0.000431  -0.020777
    12  H    0.000000  -0.000000  -0.000000   0.000002   0.000023   0.001636
               7          8          9         10         11         12
     1  H   -0.000000   0.000002   0.001636   0.000023  -0.000000   0.000000
     2  H    0.000002   0.000115  -0.020777  -0.000431   0.000000  -0.000000
     3  H    0.000001   0.000120  -0.001564   0.000373   0.000002  -0.000000
     4  H    0.000120  -0.023839   0.209574  -0.006351   0.000115   0.000002
     5  H    0.000373  -0.006351  -0.578214  -0.114251  -0.000431   0.000023
     6  H   -0.001564   0.209574  -0.162759  -0.578214  -0.020777   0.001636
     7  H    0.568316  -0.021640  -0.000279  -0.013068   0.484167  -0.015422
     8  H   -0.021640   1.193148  -0.013604   0.192159  -0.021749   0.000156
     9  H   -0.000279  -0.013604   1.114761   0.178728   0.000658  -0.000025
    10  H   -0.013068   0.192159   0.178728   1.060770   0.006912  -0.001537
    11  H    0.484167  -0.021749   0.000658   0.006912   0.577614  -0.021810
    12  H   -0.015422   0.000156  -0.000025  -0.001537  -0.021810   1.069934
 Mulliken charges:
               1
     1  H   -0.032956
     2  H   -0.004701
     3  H   -0.001005
     4  H   -0.508092
     5  H    0.274887
     6  H    0.271867
     7  H   -0.001005
     8  H   -0.508092
     9  H    0.271867
    10  H    0.274887
    11  H   -0.004701
    12  H   -0.032956
 Sum of Mulliken charges =  -0.00000
 Mulliken charges with hydrogens summed into heavy atoms:
               1
 Electronic spatial extent (au):  <R**2>=            435.5728
 Charge=              0.0000 electrons
 Dipole moment (field-independent basis, Debye):
    X=              0.0000    Y=              0.0000    Z=             -0.0000  Tot=              0.0000
 Quadrupole moment (field-independent basis, Debye-Ang):
   XX=            -16.4355   YY=            -26.5994   ZZ=            -15.5309
   XY=             -1.2921   XZ=              0.0000   YZ=              0.0000
 Traceless Quadrupole moment (field-independent basis, Debye-Ang):
   XX=              3.0864   YY=             -7.0774   ZZ=              3.9910
   XY=             -1.2921   XZ=              0.0000   YZ=              0.0000
 Octapole moment (field-independent basis, Debye-Ang**2):
  XXX=              0.0000  YYY=              0.0000  ZZZ=             -0.0000  XYY=              0.0000
  XXY=              0.0000  XXZ=             -0.0000  XZZ=              0.0000  YZZ=              0.0000
  YYZ=             -0.0000  XYZ=             -0.0000
 Hexadecapole moment (field-independent basis, Debye-Ang**3):
 XXXX=            -39.6385 YYYY=          -1281.1413 ZZZZ=            -18.9257 XXXY=            -36.1519
 XXXZ=              0.0000 YYYX=            -77.3544 YYYZ=              0.0000 ZZZX=              0.0000
 ZZZY=              0.0000 XXYY=           -155.6835 XXZZ=             -9.7295 YYZZ=           -152.5114
 XXYZ=              0.0000 YYXZ=              0.0000 ZZXY=            -12.3198
 N-N= 1.616884026777D+01 E-N=-4.127341313615D+01  KE= 6.430172747625D+00
 Symmetry AG   KE= 2.739483305420D+00
 Symmetry BG   KE= 0.000000000000D+00
 Symmetry AU   KE= 0.000000000000D+00
 Symmetry BU   KE= 3.690689442205D+00

 Test job not archived.
 1\1\GINC-SULU\Stability\RHF\Gen\H12\LCJ1\17-Feb-2017\0\\#rhf/gen scf(s
 ymm,tight,novaracc,noincfock,fulldiag) stable(crhf) guess=read geom=no
 crowd test\\hf stability analysis of h12 triangular lattice, y= 2.1684
 423371644423\\0,1\H\H,1,2.1847269498\H,1,2.1847269498,2,14.\H,2,2.1847
 269498,1,166.,3,0.,0\H,2,2.1847269498,1,180.,3,0.,0\H,4,2.1847269498,3
 ,180.,5,0.,0\H,6,2.1847269498,5,180.,3,0.,0\H,4,2.1847269498,2,180.,3,
 0.,0\H,3,2.1847269498,1,180.,4,0.,0\H,9,2.1847269498,3,180.,4,0.,0\H,8
 ,2.1847269498,4,180.,3,0.,0\H,7,2.1847269498,6,180.,3,0.,0\\Version=ES
 64L-G09RevE.01\State=1-AG\HF=-4.9453902\MP2=-5.8017608\RMSD=5.539e-09\
 Dipole=0.,0.,0.\Quadrupole=2.3034081,2.9672147,-5.2706228,0.,-0.925609
 2,0.\PG=C02H [SGH(H12)]\\@


 ASKING DUMB QUESTIONS IS EASIER THAN CORECTING DUMB MISTAKES.
 Job cpu time:       0 days  0 hours  0 minutes  1.0 seconds.
 File lengths (MBytes):  RWF=     84 Int=      0 D2E=      0 Chk=      2 Scr=      2
 Normal termination of Gaussian 09 at Fri Feb 17 15:09:28 2017.
