 Entering Gaussian System, Link 0=g09
 AtFile(1): H.gbs
            H     0
            S   10   1.00
               1000.000000000000            0.000068713567
                316.227766000000            0.000169141320
                100.000000000000            0.000823394812
                 31.622776600000            0.003425569236
                 10.000000000000            0.013951996000
                  3.162277660000            0.056909313560
                  1.000000000000            0.198286399900
                  0.316227766000            0.496922426700
                  0.100000000000            0.369846276400
                  0.031622776600            0.003752720039
            ****
 Initial command:
 /projects/guscus/apps/gau/g09-e1/g09/l1.exe "/users/lcj1/gaussian/h12/rhfstability/rect/guessfrommix/alpha15/Gau-1777.inp" -scrdir="/users/lcj1/gaussian/h12/rhfstability/rect/guessfrommix/alpha15/"
 Entering Link 1 = /projects/guscus/apps/gau/g09-e1/g09/l1.exe PID=      1778.
  
 Copyright (c) 1988,1990,1992,1993,1995,1998,2003,2009,2015,
            Gaussian, Inc.  All Rights Reserved.
  
 This is part of the Gaussian(R) 09 program.  It is based on
 the Gaussian(R) 03 system (copyright 2003, Gaussian, Inc.),
 the Gaussian(R) 98 system (copyright 1998, Gaussian, Inc.),
 the Gaussian(R) 94 system (copyright 1995, Gaussian, Inc.),
 the Gaussian 92(TM) system (copyright 1992, Gaussian, Inc.),
 the Gaussian 90(TM) system (copyright 1990, Gaussian, Inc.),
 the Gaussian 88(TM) system (copyright 1988, Gaussian, Inc.),
 the Gaussian 86(TM) system (copyright 1986, Carnegie Mellon
 University), and the Gaussian 82(TM) system (copyright 1983,
 Carnegie Mellon University). Gaussian is a federally registered
 trademark of Gaussian, Inc.
  
 This software contains proprietary and confidential information,
 including trade secrets, belonging to Gaussian, Inc.
  
 This software is provided under written license and may be
 used, copied, transmitted, or stored only in accord with that
 written license.
  
 The following legend is applicable only to US Government
 contracts under FAR:
  
                    RESTRICTED RIGHTS LEGEND
  
 Use, reproduction and disclosure by the US Government is
 subject to restrictions as set forth in subparagraphs (a)
 and (c) of the Commercial Computer Software - Restricted
 Rights clause in FAR 52.227-19.
  
 Gaussian, Inc.
 340 Quinnipiac St., Bldg. 40, Wallingford CT 06492
  
  
 ---------------------------------------------------------------
 Warning -- This program may not be used in any manner that
 competes with the business of Gaussian, Inc. or will provide
 assistance to any competitor of Gaussian, Inc.  The licensee
 of this program is prohibited from giving any competitor of
 Gaussian, Inc. access to this program.  By using this program,
 the user acknowledges that Gaussian, Inc. is engaged in the
 business of creating and licensing software in the field of
 computational chemistry and represents and warrants to the
 licensee that it is not a competitor of Gaussian, Inc. and that
 it will not use this program in any manner prohibited above.
 ---------------------------------------------------------------
  

 Cite this work as:
 Gaussian 09, Revision E.01,
 M. J. Frisch, G. W. Trucks, H. B. Schlegel, G. E. Scuseria, 
 M. A. Robb, J. R. Cheeseman, G. Scalmani, V. Barone, B. Mennucci, 
 G. A. Petersson, H. Nakatsuji, M. Caricato, X. Li, H. P. Hratchian, 
 A. F. Izmaylov, J. Bloino, G. Zheng, J. L. Sonnenberg, M. Hada, 
 M. Ehara, K. Toyota, R. Fukuda, J. Hasegawa, M. Ishida, T. Nakajima, 
 Y. Honda, O. Kitao, H. Nakai, T. Vreven, J. A. Montgomery, Jr., 
 J. E. Peralta, F. Ogliaro, M. Bearpark, J. J. Heyd, E. Brothers, 
 K. N. Kudin, V. N. Staroverov, T. Keith, R. Kobayashi, J. Normand, 
 K. Raghavachari, A. Rendell, J. C. Burant, S. S. Iyengar, J. Tomasi, 
 M. Cossi, N. Rega, J. M. Millam, M. Klene, J. E. Knox, J. B. Cross, 
 V. Bakken, C. Adamo, J. Jaramillo, R. Gomperts, R. E. Stratmann, 
 O. Yazyev, A. J. Austin, R. Cammi, C. Pomelli, J. W. Ochterski, 
 R. L. Martin, K. Morokuma, V. G. Zakrzewski, G. A. Voth, 
 P. Salvador, J. J. Dannenberg, S. Dapprich, A. D. Daniels, 
 O. Farkas, J. B. Foresman, J. V. Ortiz, J. Cioslowski, 
 and D. J. Fox, Gaussian, Inc., Wallingford CT, 2013.
 
 ******************************************
 Gaussian 09:  ES64L-G09RevE.01 30-Nov-2015
                16-Feb-2017 
 ******************************************
 %chk=h12.chk
 ----------------------------------------------------------------------
 #rhf/gen scf(symm,tight,novaracc,noincfock,fulldiag) stable(crhf) gues
 s=read geom=nocrowd test
 ----------------------------------------------------------------------
 1/38=1/1;
 2/12=1,17=6,18=5,40=1/2;
 3/5=7,16=1,25=1,30=1,116=1/1,2,3;
 4/5=1,9=4/1;
 5/5=100002,15=2,16=1,32=2,38=6/2;
 8/6=1,10=90,11=11/1,4;
 9/8=4,13=1/2;
 6/7=2,8=2,9=2,10=2,28=1/1;
 99/5=1,9=1/99;
 ----------------------------------------------------------------------
 hf stability analysis of h12 triangular lattice, y= 0.4201353311163031
 9
 ----------------------------------------------------------------------
 Symbolic Z-matrix:
 Charge =  0 Multiplicity = 1
 H
 H                    1     1.43699 
 H                    1     1.43699  2     146. 
 H                    2     1.43699  1     34.      3     0.       0
 H                    2     1.43699  1     180.     3     0.       0
 H                    4     1.43699  3     180.     5     0.       0
 H                    6     1.43699  5     180.     3     0.       0
 H                    4     1.43699  2     180.     3     0.       0
 H                    3     1.43699  1     180.     4     0.       0
 H                    9     1.43699  3     180.     4     0.       0
 H                    8     1.43699  4     180.     3     0.       0
 H                    7     1.43699  6     180.     3     0.       0
 
                          Input orientation:                          
 ---------------------------------------------------------------------
 Center     Atomic      Atomic             Coordinates (Angstroms)
 Number     Number       Type             X           Y           Z
 ---------------------------------------------------------------------
      1          1           0        0.000000    0.000000    0.000000
      2          1           0        0.000000    0.000000    1.436990
      3          1           0        0.803555    0.000000   -1.191319
      4          1           0        0.803555    0.000000    0.245671
      5          1           0        0.000000    0.000000    2.873981
      6          1           0        0.803555    0.000000    1.682662
      7          1           0        1.607110    0.000000    0.491343
      8          1           0        1.607110    0.000000   -0.945648
      9          1           0        1.607110    0.000000   -2.382638
     10          1           0        2.410664    0.000000   -3.573957
     11          1           0        2.410664    0.000000   -2.136967
     12          1           0        2.410664    0.000000   -0.699976
 ---------------------------------------------------------------------
                    Distance matrix (angstroms):
                    1          2          3          4          5
     1  H    0.000000
     2  H    1.436990   0.000000
     3  H    1.436990   2.748401   0.000000
     4  H    0.840271   1.436990   1.436990   0.000000
     5  H    2.873981   1.436990   4.143955   2.748401   0.000000
     6  H    1.864685   0.840271   2.873981   1.436990   1.436990
     7  H    1.680541   1.864685   1.864685   0.840271   2.873981
     8  H    1.864685   2.873981   0.840271   1.436990   4.143955
     9  H    2.873981   4.143955   1.436990   2.748401   5.496803
    10  H    4.310971   5.560656   2.873981   4.143955   6.883836
    11  H    3.221479   4.310971   1.864685   2.873981   5.560656
    12  H    2.510233   3.221479   1.680541   1.864685   4.310971
                    6          7          8          9         10
     6  H    0.000000
     7  H    1.436990   0.000000
     8  H    2.748401   1.436990   0.000000
     9  H    4.143955   2.873981   1.436990   0.000000
    10  H    5.496803   4.143955   2.748401   1.436990   0.000000
    11  H    4.143955   2.748401   1.436990   0.840271   1.436990
    12  H    2.873981   1.436990   0.840271   1.864685   2.873981
                   11         12
    11  H    0.000000
    12  H    1.436990   0.000000
 Stoichiometry    H12
 Framework group  C2H[SGH(H12)]
 Deg. of freedom    11
 Full point group                 C2H     NOp   4
 Largest Abelian subgroup         C2H     NOp   4
 Largest concise Abelian subgroup C2      NOp   2
                         Standard orientation:                         
 ---------------------------------------------------------------------
 Center     Atomic      Atomic             Coordinates (Angstroms)
 Number     Number       Type             X           Y           Z
 ---------------------------------------------------------------------
      1          1           0        0.803555    0.964167   -0.000000
      2          1           0       -0.000000    2.155486   -0.000000
      3          1           0        0.803555   -0.472824   -0.000000
      4          1           0       -0.000000    0.718495   -0.000000
      5          1           0       -0.803555    3.346805   -0.000000
      6          1           0       -0.803555    1.909814   -0.000000
      7          1           0       -0.803555    0.472824    0.000000
      8          1           0       -0.000000   -0.718495   -0.000000
      9          1           0        0.803555   -1.909814   -0.000000
     10          1           0        0.803555   -3.346805   -0.000000
     11          1           0       -0.000000   -2.155486   -0.000000
     12          1           0       -0.803555   -0.964167    0.000000
 ---------------------------------------------------------------------
 Rotational constants (GHZ):    137.4124288     11.4371582     10.5583611
 General basis read from cards:  (5D, 7F)
 There are     6 symmetry adapted cartesian basis functions of AG  symmetry.
 There are     0 symmetry adapted cartesian basis functions of BG  symmetry.
 There are     0 symmetry adapted cartesian basis functions of AU  symmetry.
 There are     6 symmetry adapted cartesian basis functions of BU  symmetry.
 There are     6 symmetry adapted basis functions of AG  symmetry.
 There are     0 symmetry adapted basis functions of BG  symmetry.
 There are     0 symmetry adapted basis functions of AU  symmetry.
 There are     6 symmetry adapted basis functions of BU  symmetry.
    12 basis functions,   120 primitive gaussians,    12 cartesian basis functions
     6 alpha electrons        6 beta electrons
       nuclear repulsion energy        17.9129613831 Hartrees.
 NAtoms=   12 NActive=   12 NUniq=    6 SFac= 4.00D+00 NAtFMM=   60 NAOKFM=F Big=F
 Integral buffers will be    131072 words long.
 Regular integral format.
 Two-electron integral symmetry is turned on.
 One-electron integrals computed using PRISM.
 NBasis=    12 RedAO= T EigKep=  1.29D-01  NBF=     6     0     0     6
 NBsUse=    12 1.00D-06 EigRej= -1.00D+00 NBFU=     6     0     0     6
 Initial guess from the checkpoint file:  "h12.chk"
 B after Tr=     0.000000    0.000000    0.000000
         Rot=    0.999926    0.000000    0.000000   -0.012139 Ang=  -1.39 deg.
 Initial guess orbital symmetries:
       Occupied  (AG) (BU) (AG) (BU) (BU) (AG)
       Virtual   (BU) (AG) (BU) (AG) (AG) (BU)
 Keep R1 ints in memory in symmetry-blocked form, NReq=899164.
 Requested convergence on RMS density matrix=1.00D-08 within 128 cycles.
 Requested convergence on MAX density matrix=1.00D-06.
 Requested convergence on             energy=1.00D-06.
 No special actions if energy rises.
 SCF Done:  E(RHF) =  -5.77676308936     A.U. after   16 cycles
            NFock= 16  Conv=0.19D-08     -V/T= 1.9228
 Range of M.O.s used for correlation:     1    12
 NBasis=    12 NAE=     6 NBE=     6 NFC=     0 NFV=     0
 NROrb=     12 NOA=     6 NOB=     6 NVA=     6 NVB=     6
 Semi-Direct transformation.
 ModeAB=           4 MOrb=             6 LenV=     134088959
 LASXX=         2181 LTotXX=        2181 LenRXX=        5115
 LTotAB=        2934 MaxLAS=        3024 LenRXY=           0
 NonZer=        7296 LenScr=      655360 LnRSAI=        3024
 LnScr1=      655360 LExtra=           0 Total=      1318859
 MaxDsk=          -1 SrtSym=           T ITran=            3
 JobTyp=0 Pass  1:  I=   1 to   6.
 (rs|ai) integrals will be sorted in core.
 Spin components of T(2) and E(2):
     alpha-alpha T2 =       0.3333691742D-02 E2=     -0.4724923031D-02
     alpha-beta  T2 =       0.1326612821D+00 E2=     -0.1227140680D+00
     beta-beta   T2 =       0.3333691742D-02 E2=     -0.4724923031D-02
 ANorm=    0.1067393398D+01
 E2 =    -0.1321639141D+00 EUMP2 =    -0.59089270034655D+01
 Second order stability test of a single determinant RHF wave function:
 Stabil:  MDV=134217728
 ***********************************************************************
 Matrix         Lowest Root    Major Pairs
 ***********************************************************************
 Internal RHF     0.0242426    Stable
 RRHF --> CRHF   -0.0263827    6A=7A
 RRHF --> RUHF   -0.198892     6A=7B 5A=8B 4A=8B 3A=7B 6A=10B
 Not stable.
 ***********************************************************************

 **********************************************************************

            Population analysis using the SCF density.

 **********************************************************************

 Orbital symmetries:
       Occupied  (AG) (BU) (AG) (BU) (BU) (AG)
       Virtual   (AG) (BU) (BU) (AG) (AG) (BU)
 The electronic state is 1-AG.
 Alpha  occ. eigenvalues --   -0.83605  -0.74109  -0.60250  -0.46628  -0.38524
 Alpha  occ. eigenvalues --   -0.19251
 Alpha virt. eigenvalues --   -0.01670   0.02383   0.35422   0.44542   0.61668
 Alpha virt. eigenvalues --    0.84092
          Condensed to atoms (all electrons):
               1          2          3          4          5          6
     1  H    1.256289   0.058858  -0.039038   0.348864   0.024161  -0.221391
     2  H    0.058858   0.564887  -0.000159  -0.063220   0.216624   0.159259
     3  H   -0.039038  -0.000159   1.039630  -0.067214  -0.000717   0.011720
     4  H    0.348864  -0.063220  -0.067214   0.865173  -0.029656  -0.059026
     5  H    0.024161   0.216624  -0.000717  -0.029656   0.738025  -0.064861
     6  H   -0.221391   0.159259   0.011720  -0.059026  -0.064861   1.022343
     7  H   -0.218670  -0.087709  -0.072533   0.251466  -0.047054   0.235051
     8  H   -0.040155   0.001037   0.251466  -0.114265   0.002354  -0.006964
     9  H   -0.029566  -0.000699   0.235051  -0.006964  -0.000334   0.004968
    10  H    0.003423   0.000039  -0.047054   0.002354   0.000009  -0.000334
    11  H    0.003427   0.000330  -0.087709   0.001037   0.000039  -0.000699
    12  H    0.015448   0.003427  -0.218670  -0.040155   0.003423  -0.029566
               7          8          9         10         11         12
     1  H   -0.218670  -0.040155  -0.029566   0.003423   0.003427   0.015448
     2  H   -0.087709   0.001037  -0.000699   0.000039   0.000330   0.003427
     3  H   -0.072533   0.251466   0.235051  -0.047054  -0.087709  -0.218670
     4  H    0.251466  -0.114265  -0.006964   0.002354   0.001037  -0.040155
     5  H   -0.047054   0.002354  -0.000334   0.000009   0.000039   0.003423
     6  H    0.235051  -0.006964   0.004968  -0.000334  -0.000699  -0.029566
     7  H    1.039630  -0.067214   0.011720  -0.000717  -0.000159  -0.039038
     8  H   -0.067214   0.865173  -0.059026  -0.029656  -0.063220   0.348864
     9  H    0.011720  -0.059026   1.022343  -0.064861   0.159259  -0.221391
    10  H   -0.000717  -0.029656  -0.064861   0.738025   0.216624   0.024161
    11  H   -0.000159  -0.063220   0.159259   0.216624   0.564887   0.058858
    12  H   -0.039038   0.348864  -0.221391   0.024161   0.058858   1.256289
 Mulliken charges:
               1
     1  H   -0.161650
     2  H    0.147326
     3  H   -0.004772
     4  H   -0.088393
     5  H    0.157987
     6  H   -0.050498
     7  H   -0.004772
     8  H   -0.088393
     9  H   -0.050498
    10  H    0.157987
    11  H    0.147326
    12  H   -0.161650
 Sum of Mulliken charges =   0.00000
 Mulliken charges with hydrogens summed into heavy atoms:
               1
 Electronic spatial extent (au):  <R**2>=            193.7281
 Charge=              0.0000 electrons
 Dipole moment (field-independent basis, Debye):
    X=             -0.0000    Y=              0.0000    Z=             -0.0000  Tot=              0.0000
 Quadrupole moment (field-independent basis, Debye-Ang):
   XX=            -18.1920   YY=              1.1526   ZZ=            -15.4098
   XY=             -4.4850   XZ=              0.0000   YZ=              0.0000
 Traceless Quadrupole moment (field-independent basis, Debye-Ang):
   XX=             -7.3756   YY=             11.9690   ZZ=             -4.5934
   XY=             -4.4850   XZ=              0.0000   YZ=              0.0000
 Octapole moment (field-independent basis, Debye-Ang**2):
  XXX=             -0.0000  YYY=             -0.0000  ZZZ=              0.0000  XYY=             -0.0000
  XXY=             -0.0000  XXZ=              0.0000  XZZ=              0.0000  YZZ=             -0.0000
  YYZ=             -0.0000  XYZ=              0.0000
 Hexadecapole moment (field-independent basis, Debye-Ang**3):
 XXXX=            -66.2859 YYYY=           -140.1120 ZZZZ=            -18.5064 XXXY=             22.9736
 XXXZ=              0.0000 YYYX=            -26.1493 YYYZ=              0.0000 ZZZX=              0.0000
 ZZZY=             -0.0000 XXYY=            -55.4601 XXZZ=            -13.9229 YYZZ=            -59.2772
 XXYZ=             -0.0000 YYXZ=             -0.0000 ZZXY=              9.0554
 N-N= 1.791296138312D+01 E-N=-4.719231993753D+01  KE= 6.260199100541D+00
 Symmetry AG   KE= 3.090842074300D+00
 Symmetry BG   KE= 0.000000000000D+00
 Symmetry AU   KE= 0.000000000000D+00
 Symmetry BU   KE= 3.169357026241D+00

 Test job not archived.
 1\1\GINC-SULU\Stability\RHF\Gen\H12\LCJ1\16-Feb-2017\0\\#rhf/gen scf(s
 ymm,tight,novaracc,noincfock,fulldiag) stable(crhf) guess=read geom=no
 crowd test\\hf stability analysis of h12 triangular lattice, y= 0.4201
 3533111630319\\0,1\H\H,1,1.436990355\H,1,1.436990355,2,146.\H,2,1.4369
 90355,1,34.,3,0.,0\H,2,1.436990355,1,180.,3,0.,0\H,4,1.436990355,3,180
 .,5,0.,0\H,6,1.436990355,5,180.,3,0.,0\H,4,1.436990355,2,180.,3,0.,0\H
 ,3,1.436990355,1,180.,4,0.,0\H,9,1.436990355,3,180.,4,0.,0\H,8,1.43699
 0355,4,180.,3,0.,0\H,7,1.436990355,6,180.,3,0.,0\\Version=ES64L-G09Rev
 E.01\State=1-AG\HF=-5.7767631\MP2=-5.908927\RMSD=1.861e-09\Dipole=0.,0
 .,0.\Quadrupole=-4.0779818,-3.4150783,7.4930602,0.,-5.4183815,0.\PG=C0
 2H [SGH(H12)]\\@


 THE LENGTH OF A MEETING IS PROPORTIONAL TO THE
 SQUARE OF THE PARTICIPANTS.
 Job cpu time:       0 days  0 hours  0 minutes  1.0 seconds.
 File lengths (MBytes):  RWF=     84 Int=      0 D2E=      0 Chk=      2 Scr=      2
 Normal termination of Gaussian 09 at Thu Feb 16 18:51:34 2017.
