 Entering Gaussian System, Link 0=g09
 AtFile(1): H.gbs
            H     0
            S   10   1.00
               1000.000000000000            0.000068713567
                316.227766000000            0.000169141320
                100.000000000000            0.000823394812
                 31.622776600000            0.003425569236
                 10.000000000000            0.013951996000
                  3.162277660000            0.056909313560
                  1.000000000000            0.198286399900
                  0.316227766000            0.496922426700
                  0.100000000000            0.369846276400
                  0.031622776600            0.003752720039
            ****
 Initial command:
 /projects/guscus/apps/gau/g09-e1/g09/l1.exe "/users/lcj1/gaussian/h12/rhfstability/rect/guess/ag3bu3/Gau-6410.inp" -scrdir="/users/lcj1/gaussian/h12/rhfstability/rect/guess/ag3bu3/"
 Entering Link 1 = /projects/guscus/apps/gau/g09-e1/g09/l1.exe PID=      6411.
  
 Copyright (c) 1988,1990,1992,1993,1995,1998,2003,2009,2015,
            Gaussian, Inc.  All Rights Reserved.
  
 This is part of the Gaussian(R) 09 program.  It is based on
 the Gaussian(R) 03 system (copyright 2003, Gaussian, Inc.),
 the Gaussian(R) 98 system (copyright 1998, Gaussian, Inc.),
 the Gaussian(R) 94 system (copyright 1995, Gaussian, Inc.),
 the Gaussian 92(TM) system (copyright 1992, Gaussian, Inc.),
 the Gaussian 90(TM) system (copyright 1990, Gaussian, Inc.),
 the Gaussian 88(TM) system (copyright 1988, Gaussian, Inc.),
 the Gaussian 86(TM) system (copyright 1986, Carnegie Mellon
 University), and the Gaussian 82(TM) system (copyright 1983,
 Carnegie Mellon University). Gaussian is a federally registered
 trademark of Gaussian, Inc.
  
 This software contains proprietary and confidential information,
 including trade secrets, belonging to Gaussian, Inc.
  
 This software is provided under written license and may be
 used, copied, transmitted, or stored only in accord with that
 written license.
  
 The following legend is applicable only to US Government
 contracts under FAR:
  
                    RESTRICTED RIGHTS LEGEND
  
 Use, reproduction and disclosure by the US Government is
 subject to restrictions as set forth in subparagraphs (a)
 and (c) of the Commercial Computer Software - Restricted
 Rights clause in FAR 52.227-19.
  
 Gaussian, Inc.
 340 Quinnipiac St., Bldg. 40, Wallingford CT 06492
  
  
 ---------------------------------------------------------------
 Warning -- This program may not be used in any manner that
 competes with the business of Gaussian, Inc. or will provide
 assistance to any competitor of Gaussian, Inc.  The licensee
 of this program is prohibited from giving any competitor of
 Gaussian, Inc. access to this program.  By using this program,
 the user acknowledges that Gaussian, Inc. is engaged in the
 business of creating and licensing software in the field of
 computational chemistry and represents and warrants to the
 licensee that it is not a competitor of Gaussian, Inc. and that
 it will not use this program in any manner prohibited above.
 ---------------------------------------------------------------
  

 Cite this work as:
 Gaussian 09, Revision E.01,
 M. J. Frisch, G. W. Trucks, H. B. Schlegel, G. E. Scuseria, 
 M. A. Robb, J. R. Cheeseman, G. Scalmani, V. Barone, B. Mennucci, 
 G. A. Petersson, H. Nakatsuji, M. Caricato, X. Li, H. P. Hratchian, 
 A. F. Izmaylov, J. Bloino, G. Zheng, J. L. Sonnenberg, M. Hada, 
 M. Ehara, K. Toyota, R. Fukuda, J. Hasegawa, M. Ishida, T. Nakajima, 
 Y. Honda, O. Kitao, H. Nakai, T. Vreven, J. A. Montgomery, Jr., 
 J. E. Peralta, F. Ogliaro, M. Bearpark, J. J. Heyd, E. Brothers, 
 K. N. Kudin, V. N. Staroverov, T. Keith, R. Kobayashi, J. Normand, 
 K. Raghavachari, A. Rendell, J. C. Burant, S. S. Iyengar, J. Tomasi, 
 M. Cossi, N. Rega, J. M. Millam, M. Klene, J. E. Knox, J. B. Cross, 
 V. Bakken, C. Adamo, J. Jaramillo, R. Gomperts, R. E. Stratmann, 
 O. Yazyev, A. J. Austin, R. Cammi, C. Pomelli, J. W. Ochterski, 
 R. L. Martin, K. Morokuma, V. G. Zakrzewski, G. A. Voth, 
 P. Salvador, J. J. Dannenberg, S. Dapprich, A. D. Daniels, 
 O. Farkas, J. B. Foresman, J. V. Ortiz, J. Cioslowski, 
 and D. J. Fox, Gaussian, Inc., Wallingford CT, 2013.
 
 ******************************************
 Gaussian 09:  ES64L-G09RevE.01 30-Nov-2015
                17-Feb-2017 
 ******************************************
 %chk=h12.chk
 ----------------------------------------------------------------------
 #rhf/gen scf(symm,tight,novaracc,noincfock,fulldiag) stable(crhf) gues
 s=read geom=nocrowd test
 ----------------------------------------------------------------------
 1/38=1/1;
 2/12=1,17=6,18=5,40=1/2;
 3/5=7,16=1,25=1,30=1,116=1/1,2,3;
 4/5=1,9=4/1;
 5/5=100002,15=2,16=1,32=2,38=6/2;
 8/6=1,10=90,11=11/1,4;
 9/8=4,13=1/2;
 6/7=2,8=2,9=2,10=2,28=1/1;
 99/5=1,9=1/99;
 ----------------------------------------------------------------------
 hf stability analysis of h12 triangular lattice, y= 1.1592321887657087
 ----------------------------------------------------------------------
 Symbolic Z-matrix:
 Charge =  0 Multiplicity = 1
 H
 H                    1     1.26169 
 H                    1     1.26169  2     46.5 
 H                    2     1.26169  1     133.5    3     0.       0
 H                    2     1.26169  1     180.     3     0.       0
 H                    4     1.26169  3     180.     5     0.       0
 H                    6     1.26169  5     180.     3     0.       0
 H                    4     1.26169  2     180.     3     0.       0
 H                    3     1.26169  1     180.     4     0.       0
 H                    9     1.26169  3     180.     4     0.       0
 H                    8     1.26169  4     180.     3     0.       0
 H                    7     1.26169  6     180.     3     0.       0
 
                          Input orientation:                          
 ---------------------------------------------------------------------
 Center     Atomic      Atomic             Coordinates (Angstroms)
 Number     Number       Type             X           Y           Z
 ---------------------------------------------------------------------
      1          1           0        0.000000    0.000000    0.000000
      2          1           0        0.000000    0.000000    1.261693
      3          1           0        0.915200    0.000000    0.868492
      4          1           0        0.915200    0.000000    2.130185
      5          1           0        0.000000    0.000000    2.523385
      6          1           0        0.915200    0.000000    3.391877
      7          1           0        1.830399    0.000000    4.260369
      8          1           0        1.830399    0.000000    2.998677
      9          1           0        1.830399    0.000000    1.736984
     10          1           0        2.745599    0.000000    2.605476
     11          1           0        2.745599    0.000000    3.867169
     12          1           0        2.745599    0.000000    5.128861
 ---------------------------------------------------------------------
                    Distance matrix (angstroms):
                    1          2          3          4          5
     1  H    0.000000
     2  H    1.261693   0.000000
     3  H    1.261693   0.996091   0.000000
     4  H    2.318464   1.261693   1.261693   0.000000
     5  H    2.523385   1.261693   1.891101   0.996091   0.000000
     6  H    3.513178   2.318464   2.523385   1.261693   1.261693
     7  H    4.636929   3.513178   3.513178   2.318464   2.523385
     8  H    3.513178   2.523385   2.318464   1.261693   1.891101
     9  H    2.523385   1.891101   1.261693   0.996091   1.992182
    10  H    3.785078   3.056806   2.523385   1.891101   2.746826
    11  H    4.742711   3.785078   3.513178   2.523385   3.056806
    12  H    5.817519   4.742711   4.636929   3.513178   3.785078
                    6          7          8          9         10
     6  H    0.000000
     7  H    1.261693   0.000000
     8  H    0.996091   1.261693   0.000000
     9  H    1.891101   2.523385   1.261693   0.000000
    10  H    1.992182   1.891101   0.996091   1.261693   0.000000
    11  H    1.891101   0.996091   1.261693   2.318464   1.261693
    12  H    2.523385   1.261693   2.318464   3.513178   2.523385
                   11         12
    11  H    0.000000
    12  H    1.261693   0.000000
 Stoichiometry    H12
 Framework group  C2H[SGH(H12)]
 Deg. of freedom    11
 Full point group                 C2H     NOp   4
 Largest Abelian subgroup         C2H     NOp   4
 Largest concise Abelian subgroup C2      NOp   2
                         Standard orientation:                         
 ---------------------------------------------------------------------
 Center     Atomic      Atomic             Coordinates (Angstroms)
 Number     Number       Type             X           Y           Z
 ---------------------------------------------------------------------
      1          1           0        0.915200    2.761031    0.000000
      2          1           0        0.000000    1.892539   -0.000000
      3          1           0        0.915200    1.499338    0.000000
      4          1           0        0.000000    0.630846   -0.000000
      5          1           0       -0.915200    1.024047   -0.000000
      6          1           0       -0.915200   -0.237646   -0.000000
      7          1           0       -0.915200   -1.499338    0.000000
      8          1           0       -0.000000   -0.630846   -0.000000
      9          1           0        0.915200    0.237646   -0.000000
     10          1           0        0.915200   -1.024047   -0.000000
     11          1           0       -0.000000   -1.892539   -0.000000
     12          1           0       -0.915200   -2.761031   -0.000000
 ---------------------------------------------------------------------
 Rotational constants (GHZ):     98.8495169     15.8989893     13.6961035
 General basis read from cards:  (5D, 7F)
 There are     6 symmetry adapted cartesian basis functions of AG  symmetry.
 There are     0 symmetry adapted cartesian basis functions of BG  symmetry.
 There are     0 symmetry adapted cartesian basis functions of AU  symmetry.
 There are     6 symmetry adapted cartesian basis functions of BU  symmetry.
 There are     6 symmetry adapted basis functions of AG  symmetry.
 There are     0 symmetry adapted basis functions of BG  symmetry.
 There are     0 symmetry adapted basis functions of AU  symmetry.
 There are     6 symmetry adapted basis functions of BU  symmetry.
    12 basis functions,   120 primitive gaussians,    12 cartesian basis functions
     6 alpha electrons        6 beta electrons
       nuclear repulsion energy        18.8292698540 Hartrees.
 NAtoms=   12 NActive=   12 NUniq=    6 SFac= 4.00D+00 NAtFMM=   60 NAOKFM=F Big=F
 Integral buffers will be    131072 words long.
 Regular integral format.
 Two-electron integral symmetry is turned on.
 One-electron integrals computed using PRISM.
 NBasis=    12 RedAO= T EigKep=  1.76D-01  NBF=     6     0     0     6
 NBsUse=    12 1.00D-06 EigRej= -1.00D+00 NBFU=     6     0     0     6
 Initial guess from the checkpoint file:  "h12.chk"
 B after Tr=    -0.000000    0.000000    0.000000
         Rot=    0.964465    0.000000    0.000000   -0.264212 Ang= -30.64 deg.
 Initial guess orbital symmetries:
       Occupied  (AG) (BU) (AG) (BU) (BU) (AG)
       Virtual   (BU) (AG) (BU) (AG) (AG) (BU)
 Keep R1 ints in memory in symmetry-blocked form, NReq=902188.
 Requested convergence on RMS density matrix=1.00D-08 within 128 cycles.
 Requested convergence on MAX density matrix=1.00D-06.
 Requested convergence on             energy=1.00D-06.
 No special actions if energy rises.
 SCF Done:  E(RHF) =  -5.95764891503     A.U. after   12 cycles
            NFock= 12  Conv=0.58D-08     -V/T= 1.9781
 Range of M.O.s used for correlation:     1    12
 NBasis=    12 NAE=     6 NBE=     6 NFC=     0 NFV=     0
 NROrb=     12 NOA=     6 NOB=     6 NVA=     6 NVB=     6
 Semi-Direct transformation.
 ModeAB=           4 MOrb=             6 LenV=     134086355
 LASXX=         2181 LTotXX=        2181 LenRXX=        5115
 LTotAB=        2934 MaxLAS=        3024 LenRXY=           0
 NonZer=        7296 LenScr=      655360 LnRSAI=        3024
 LnScr1=      655360 LExtra=           0 Total=      1318859
 MaxDsk=          -1 SrtSym=           T ITran=            3
 JobTyp=0 Pass  1:  I=   1 to   6.
 (rs|ai) integrals will be sorted in core.
 Spin components of T(2) and E(2):
     alpha-alpha T2 =       0.4076696611D-02 E2=     -0.6172018440D-02
     alpha-beta  T2 =       0.6424440849D-01 E2=     -0.9812455489D-01
     beta-beta   T2 =       0.4076696611D-02 E2=     -0.6172018440D-02
 ANorm=    0.1035566416D+01
 E2 =    -0.1104685918D+00 EUMP2 =    -0.60681175067998D+01
 Second order stability test of a single determinant RHF wave function:
 Stabil:  MDV=134217728
 ***********************************************************************
 Matrix         Lowest Root    Major Pairs
 ***********************************************************************
 Internal RHF     0.190665     Stable
 RRHF --> CRHF    0.1751058    Stable
 RRHF --> RUHF    0.0191338    Stable
 Stable under the perturbations considered.
 ***********************************************************************

 **********************************************************************

            Population analysis using the SCF density.

 **********************************************************************

 Orbital symmetries:
       Occupied  (AG) (BU) (AG) (BU) (BU) (AG)
       Virtual   (AG) (BU) (AG) (BU) (AG) (BU)
 The electronic state is 1-AG.
 Alpha  occ. eigenvalues --   -0.91040  -0.77517  -0.58525  -0.53084  -0.37248
 Alpha  occ. eigenvalues --   -0.31256
 Alpha virt. eigenvalues --    0.09723   0.23415   0.28343   0.29254   0.54297
 Alpha virt. eigenvalues --    0.57813
          Condensed to atoms (all electrons):
               1          2          3          4          5          6
     1  H    0.780118   0.171448   0.176964  -0.087590  -0.039032   0.007689
     2  H    0.171448   0.753456  -0.023663  -0.058313   0.258551  -0.033204
     3  H    0.176964  -0.023663   0.750054   0.002354  -0.154617   0.001274
     4  H   -0.087590  -0.058313   0.002354   0.916698   0.229914  -0.062503
     5  H   -0.039032   0.258551  -0.154617   0.229914   1.098304  -0.110799
     6  H    0.007689  -0.033204   0.001274  -0.062503  -0.110799   1.059698
     7  H    0.000634  -0.005447   0.007712  -0.013764  -0.040109   0.225045
     8  H    0.008950  -0.013143  -0.013764  -0.154989  -0.068298   0.326287
     9  H   -0.042463  -0.141530   0.225045   0.326287  -0.123613  -0.061961
    10  H    0.001257   0.018454  -0.040109  -0.068298   0.023898  -0.123613
    11  H   -0.000235   0.006197  -0.005447  -0.013143   0.018454  -0.141530
    12  H   -0.000183  -0.000235   0.000634   0.008950   0.001257  -0.042463
               7          8          9         10         11         12
     1  H    0.000634   0.008950  -0.042463   0.001257  -0.000235  -0.000183
     2  H   -0.005447  -0.013143  -0.141530   0.018454   0.006197  -0.000235
     3  H    0.007712  -0.013764   0.225045  -0.040109  -0.005447   0.000634
     4  H   -0.013764  -0.154989   0.326287  -0.068298  -0.013143   0.008950
     5  H   -0.040109  -0.068298  -0.123613   0.023898   0.018454   0.001257
     6  H    0.225045   0.326287  -0.061961  -0.123613  -0.141530  -0.042463
     7  H    0.750054   0.002354   0.001274  -0.154617  -0.023663   0.176964
     8  H    0.002354   0.916698  -0.062503   0.229914  -0.058313  -0.087590
     9  H    0.001274  -0.062503   1.059698  -0.110799  -0.033204   0.007689
    10  H   -0.154617   0.229914  -0.110799   1.098304   0.258551  -0.039032
    11  H   -0.023663  -0.058313  -0.033204   0.258551   0.753456   0.171448
    12  H    0.176964  -0.087590   0.007689  -0.039032   0.171448   0.780118
 Mulliken charges:
               1
     1  H    0.022442
     2  H    0.067429
     3  H    0.073563
     4  H   -0.025602
     5  H   -0.093912
     6  H   -0.043920
     7  H    0.073563
     8  H   -0.025602
     9  H   -0.043920
    10  H   -0.093912
    11  H    0.067429
    12  H    0.022442
 Sum of Mulliken charges =  -0.00000
 Mulliken charges with hydrogens summed into heavy atoms:
               1
 Electronic spatial extent (au):  <R**2>=            166.7049
 Charge=             -0.0000 electrons
 Dipole moment (field-independent basis, Debye):
    X=              0.0000    Y=              0.0000    Z=              0.0000  Tot=              0.0000
 Quadrupole moment (field-independent basis, Debye-Ang):
   XX=            -18.0948   YY=            -14.8089   ZZ=            -15.4605
   XY=              2.4075   XZ=              0.0000   YZ=             -0.0000
 Traceless Quadrupole moment (field-independent basis, Debye-Ang):
   XX=             -1.9734   YY=              1.3125   ZZ=              0.6609
   XY=              2.4075   XZ=              0.0000   YZ=             -0.0000
 Octapole moment (field-independent basis, Debye-Ang**2):
  XXX=              0.0000  YYY=             -0.0000  ZZZ=              0.0000  XYY=             -0.0000
  XXY=             -0.0000  XXZ=              0.0000  XZZ=              0.0000  YZZ=             -0.0000
  YYZ=              0.0000  XYZ=             -0.0000
 Hexadecapole moment (field-independent basis, Debye-Ang**3):
 XXXX=            -79.3161 YYYY=           -246.2537 ZZZZ=            -18.5255 XXXY=            -23.6553
 XXXZ=              0.0000 YYYX=            -12.0734 YYYZ=             -0.0000 ZZZX=              0.0000
 ZZZY=             -0.0000 XXYY=            -57.7661 XXZZ=            -16.0598 YYZZ=            -46.9035
 XXYZ=             -0.0000 YYXZ=              0.0000 ZZXY=             -8.1091
 N-N= 1.882926985397D+01 E-N=-4.869132492786D+01  KE= 6.090891761923D+00
 Symmetry AG   KE= 2.964216174851D+00
 Symmetry BG   KE= 0.000000000000D+00
 Symmetry AU   KE= 0.000000000000D+00
 Symmetry BU   KE= 3.126675587072D+00

 Test job not archived.
 1\1\GINC-SULU\Stability\RHF\Gen\H12\LCJ1\17-Feb-2017\0\\#rhf/gen scf(s
 ymm,tight,novaracc,noincfock,fulldiag) stable(crhf) guess=read geom=no
 crowd test\\hf stability analysis of h12 triangular lattice, y= 1.1592
 321887657087\\0,1\H\H,1,1.2616927108\H,1,1.2616927108,2,46.5\H,2,1.261
 6927108,1,133.5,3,0.,0\H,2,1.2616927108,1,180.,3,0.,0\H,4,1.2616927108
 ,3,180.,5,0.,0\H,6,1.2616927108,5,180.,3,0.,0\H,4,1.2616927108,2,180.,
 3,0.,0\H,3,1.2616927108,1,180.,4,0.,0\H,9,1.2616927108,3,180.,4,0.,0\H
 ,8,1.2616927108,4,180.,3,0.,0\H,7,1.2616927108,6,180.,3,0.,0\\Version=
 ES64L-G09RevE.01\State=1-AG\HF=-5.9576489\MP2=-6.0681175\RMSD=5.750e-0
 9\Dipole=0.,0.,0.\Quadrupole=-1.969224,0.4913932,1.4778307,0.,1.313499
 9,0.\PG=C02H [SGH(H12)]\\@


 ... THE UNIVERSE IS NOT ONLY QUEERER THAN WE SUPPOSE,
 BUT QUEERER THAN WE CAN SUPPOSE ... 

                                   -- J. B. S. HALDANE
 Job cpu time:       0 days  0 hours  0 minutes  1.1 seconds.
 File lengths (MBytes):  RWF=     84 Int=      0 D2E=      0 Chk=      2 Scr=      2
 Normal termination of Gaussian 09 at Fri Feb 17 15:06:11 2017.
