 Entering Gaussian System, Link 0=g09
 AtFile(1): H.gbs
            H     0
            S   10   1.00
               1000.000000000000            0.000068713567
                316.227766000000            0.000169141320
                100.000000000000            0.000823394812
                 31.622776600000            0.003425569236
                 10.000000000000            0.013951996000
                  3.162277660000            0.056909313560
                  1.000000000000            0.198286399900
                  0.316227766000            0.496922426700
                  0.100000000000            0.369846276400
                  0.031622776600            0.003752720039
            ****
 Initial command:
 /projects/guscus/apps/gau/g09-e1/g09/l1.exe "/users/lcj1/gaussian/h12/rhfstability/rect/guess/ag3bu3/Gau-17800.inp" -scrdir="/users/lcj1/gaussian/h12/rhfstability/rect/guess/ag3bu3/"
 Entering Link 1 = /projects/guscus/apps/gau/g09-e1/g09/l1.exe PID=     17801.
  
 Copyright (c) 1988,1990,1992,1993,1995,1998,2003,2009,2015,
            Gaussian, Inc.  All Rights Reserved.
  
 This is part of the Gaussian(R) 09 program.  It is based on
 the Gaussian(R) 03 system (copyright 2003, Gaussian, Inc.),
 the Gaussian(R) 98 system (copyright 1998, Gaussian, Inc.),
 the Gaussian(R) 94 system (copyright 1995, Gaussian, Inc.),
 the Gaussian 92(TM) system (copyright 1992, Gaussian, Inc.),
 the Gaussian 90(TM) system (copyright 1990, Gaussian, Inc.),
 the Gaussian 88(TM) system (copyright 1988, Gaussian, Inc.),
 the Gaussian 86(TM) system (copyright 1986, Carnegie Mellon
 University), and the Gaussian 82(TM) system (copyright 1983,
 Carnegie Mellon University). Gaussian is a federally registered
 trademark of Gaussian, Inc.
  
 This software contains proprietary and confidential information,
 including trade secrets, belonging to Gaussian, Inc.
  
 This software is provided under written license and may be
 used, copied, transmitted, or stored only in accord with that
 written license.
  
 The following legend is applicable only to US Government
 contracts under FAR:
  
                    RESTRICTED RIGHTS LEGEND
  
 Use, reproduction and disclosure by the US Government is
 subject to restrictions as set forth in subparagraphs (a)
 and (c) of the Commercial Computer Software - Restricted
 Rights clause in FAR 52.227-19.
  
 Gaussian, Inc.
 340 Quinnipiac St., Bldg. 40, Wallingford CT 06492
  
  
 ---------------------------------------------------------------
 Warning -- This program may not be used in any manner that
 competes with the business of Gaussian, Inc. or will provide
 assistance to any competitor of Gaussian, Inc.  The licensee
 of this program is prohibited from giving any competitor of
 Gaussian, Inc. access to this program.  By using this program,
 the user acknowledges that Gaussian, Inc. is engaged in the
 business of creating and licensing software in the field of
 computational chemistry and represents and warrants to the
 licensee that it is not a competitor of Gaussian, Inc. and that
 it will not use this program in any manner prohibited above.
 ---------------------------------------------------------------
  

 Cite this work as:
 Gaussian 09, Revision E.01,
 M. J. Frisch, G. W. Trucks, H. B. Schlegel, G. E. Scuseria, 
 M. A. Robb, J. R. Cheeseman, G. Scalmani, V. Barone, B. Mennucci, 
 G. A. Petersson, H. Nakatsuji, M. Caricato, X. Li, H. P. Hratchian, 
 A. F. Izmaylov, J. Bloino, G. Zheng, J. L. Sonnenberg, M. Hada, 
 M. Ehara, K. Toyota, R. Fukuda, J. Hasegawa, M. Ishida, T. Nakajima, 
 Y. Honda, O. Kitao, H. Nakai, T. Vreven, J. A. Montgomery, Jr., 
 J. E. Peralta, F. Ogliaro, M. Bearpark, J. J. Heyd, E. Brothers, 
 K. N. Kudin, V. N. Staroverov, T. Keith, R. Kobayashi, J. Normand, 
 K. Raghavachari, A. Rendell, J. C. Burant, S. S. Iyengar, J. Tomasi, 
 M. Cossi, N. Rega, J. M. Millam, M. Klene, J. E. Knox, J. B. Cross, 
 V. Bakken, C. Adamo, J. Jaramillo, R. Gomperts, R. E. Stratmann, 
 O. Yazyev, A. J. Austin, R. Cammi, C. Pomelli, J. W. Ochterski, 
 R. L. Martin, K. Morokuma, V. G. Zakrzewski, G. A. Voth, 
 P. Salvador, J. J. Dannenberg, S. Dapprich, A. D. Daniels, 
 O. Farkas, J. B. Foresman, J. V. Ortiz, J. Cioslowski, 
 and D. J. Fox, Gaussian, Inc., Wallingford CT, 2013.
 
 ******************************************
 Gaussian 09:  ES64L-G09RevE.01 30-Nov-2015
                17-Feb-2017 
 ******************************************
 %chk=h12.chk
 ----------------------------------------------------------------------
 #rhf/gen scf(symm,tight,novaracc,noincfock,fulldiag) stable(crhf) gues
 s=read geom=nocrowd test
 ----------------------------------------------------------------------
 1/38=1/1;
 2/12=1,17=6,18=5,40=1/2;
 3/5=7,16=1,25=1,30=1,116=1/1,2,3;
 4/5=1,9=4/1;
 5/5=100002,15=2,16=1,32=2,38=6/2;
 8/6=1,10=90,11=11/1,4;
 9/8=4,13=1/2;
 6/7=2,8=2,9=2,10=2,28=1/1;
 99/5=1,9=1/99;
 ----------------------------------------------------------------------
 hf stability analysis of h12 triangular lattice, y= 0.5129460835266602
 7
 ----------------------------------------------------------------------
 Symbolic Z-matrix:
 Charge =  0 Multiplicity = 1
 H
 H                    1     1.23693 
 H                    1     1.23693  2     131. 
 H                    2     1.23693  1     49.      3     0.       0
 H                    2     1.23693  1     180.     3     0.       0
 H                    4     1.23693  3     180.     5     0.       0
 H                    6     1.23693  5     180.     3     0.       0
 H                    4     1.23693  2     180.     3     0.       0
 H                    3     1.23693  1     180.     4     0.       0
 H                    9     1.23693  3     180.     4     0.       0
 H                    8     1.23693  4     180.     3     0.       0
 H                    7     1.23693  6     180.     3     0.       0
 
                          Input orientation:                          
 ---------------------------------------------------------------------
 Center     Atomic      Atomic             Coordinates (Angstroms)
 Number     Number       Type             X           Y           Z
 ---------------------------------------------------------------------
      1          1           0        0.000000    0.000000    0.000000
      2          1           0        0.000000    0.000000    1.236929
      3          1           0        0.933522    0.000000   -0.811498
      4          1           0        0.933522    0.000000    0.425431
      5          1           0        0.000000    0.000000    2.473858
      6          1           0        0.933522    0.000000    1.662359
      7          1           0        1.867044    0.000000    0.850861
      8          1           0        1.867044    0.000000   -0.386068
      9          1           0        1.867044    0.000000   -1.622997
     10          1           0        2.800566    0.000000   -2.434495
     11          1           0        2.800566    0.000000   -1.197566
     12          1           0        2.800566    0.000000    0.039363
 ---------------------------------------------------------------------
                    Distance matrix (angstroms):
                    1          2          3          4          5
     1  H    0.000000
     2  H    1.236929   0.000000
     3  H    1.236929   2.251115   0.000000
     4  H    1.025892   1.236929   1.236929   0.000000
     5  H    2.473858   1.236929   3.415411   2.251115   0.000000
     6  H    1.906542   1.025892   2.473858   1.236929   1.236929
     7  H    2.051784   1.906542   1.906542   1.025892   2.473858
     8  H    1.906542   2.473858   1.025892   1.236929   3.415411
     9  H    2.473858   3.415411   1.236929   2.251115   4.502230
    10  H    3.710787   4.617632   2.473858   3.415411   5.651115
    11  H    3.045872   3.710787   1.906542   2.473858   4.617632
    12  H    2.800843   3.045872   2.051784   1.906542   3.710787
                    6          7          8          9         10
     6  H    0.000000
     7  H    1.236929   0.000000
     8  H    2.251115   1.236929   0.000000
     9  H    3.415411   2.473858   1.236929   0.000000
    10  H    4.502230   3.415411   2.251115   1.236929   0.000000
    11  H    3.415411   2.251115   1.236929   1.025892   1.236929
    12  H    2.473858   1.236929   1.025892   1.906542   2.473858
                   11         12
    11  H    0.000000
    12  H    1.236929   0.000000
 Stoichiometry    H12
 Framework group  C2H[SGH(H12)]
 Deg. of freedom    11
 Full point group                 C2H     NOp   4
 Largest Abelian subgroup         C2H     NOp   4
 Largest concise Abelian subgroup C2      NOp   2
                         Standard orientation:                         
 ---------------------------------------------------------------------
 Center     Atomic      Atomic             Coordinates (Angstroms)
 Number     Number       Type             X           Y           Z
 ---------------------------------------------------------------------
      1          1           0        0.933522    1.043895   -0.000000
      2          1           0       -0.000000    1.855393    0.000000
      3          1           0        0.933522   -0.193034   -0.000000
      4          1           0       -0.000000    0.618464    0.000000
      5          1           0       -0.933522    2.666892    0.000000
      6          1           0       -0.933522    1.429963    0.000000
      7          1           0       -0.933522    0.193034   -0.000000
      8          1           0        0.000000   -0.618464    0.000000
      9          1           0        0.933522   -1.429963    0.000000
     10          1           0        0.933522   -2.666892    0.000000
     11          1           0        0.000000   -1.855393    0.000000
     12          1           0       -0.933522   -1.043895   -0.000000
 ---------------------------------------------------------------------
 Rotational constants (GHZ):     93.4751960     16.8130985     14.2499953
 General basis read from cards:  (5D, 7F)
 There are     6 symmetry adapted cartesian basis functions of AG  symmetry.
 There are     0 symmetry adapted cartesian basis functions of BG  symmetry.
 There are     0 symmetry adapted cartesian basis functions of AU  symmetry.
 There are     6 symmetry adapted cartesian basis functions of BU  symmetry.
 There are     6 symmetry adapted basis functions of AG  symmetry.
 There are     0 symmetry adapted basis functions of BG  symmetry.
 There are     0 symmetry adapted basis functions of AU  symmetry.
 There are     6 symmetry adapted basis functions of BU  symmetry.
    12 basis functions,   120 primitive gaussians,    12 cartesian basis functions
     6 alpha electrons        6 beta electrons
       nuclear repulsion energy        18.9827412035 Hartrees.
 NAtoms=   12 NActive=   12 NUniq=    6 SFac= 4.00D+00 NAtFMM=   60 NAOKFM=F Big=F
 Integral buffers will be    131072 words long.
 Regular integral format.
 Two-electron integral symmetry is turned on.
 One-electron integrals computed using PRISM.
 NBasis=    12 RedAO= T EigKep=  1.84D-01  NBF=     6     0     0     6
 NBsUse=    12 1.00D-06 EigRej= -1.00D+00 NBFU=     6     0     0     6
 Initial guess from the checkpoint file:  "h12.chk"
 B after Tr=     0.000000   -0.000000    0.000000
         Rot=    0.998350    0.000000    0.000000   -0.057428 Ang=  -6.58 deg.
 Initial guess orbital symmetries:
       Occupied  (AG) (BU) (AG) (BU) (BU) (AG)
       Virtual   (BU) (AG) (BU) (AG) (AG) (BU)
 Keep R1 ints in memory in symmetry-blocked form, NReq=902692.
 Requested convergence on RMS density matrix=1.00D-08 within 128 cycles.
 Requested convergence on MAX density matrix=1.00D-06.
 Requested convergence on             energy=1.00D-06.
 No special actions if energy rises.
 SCF Done:  E(RHF) =  -5.96426056992     A.U. after   13 cycles
            NFock= 13  Conv=0.63D-08     -V/T= 1.9777
 Range of M.O.s used for correlation:     1    12
 NBasis=    12 NAE=     6 NBE=     6 NFC=     0 NFV=     0
 NROrb=     12 NOA=     6 NOB=     6 NVA=     6 NVB=     6
 Semi-Direct transformation.
 ModeAB=           4 MOrb=             6 LenV=     134086033
 LASXX=         2181 LTotXX=        2181 LenRXX=        5115
 LTotAB=        2934 MaxLAS=        3024 LenRXY=           0
 NonZer=        7296 LenScr=      655360 LnRSAI=        3024
 LnScr1=      655360 LExtra=           0 Total=      1318859
 MaxDsk=          -1 SrtSym=           T ITran=            3
 JobTyp=0 Pass  1:  I=   1 to   6.
 (rs|ai) integrals will be sorted in core.
 Spin components of T(2) and E(2):
     alpha-alpha T2 =       0.4186602066D-02 E2=     -0.6364003611D-02
     alpha-beta  T2 =       0.6337204568D-01 E2=     -0.9806482162D-01
     beta-beta   T2 =       0.4186602066D-02 E2=     -0.6364003611D-02
 ANorm=    0.1035251298D+01
 E2 =    -0.1107928288D+00 EUMP2 =    -0.60750533987687D+01
 Second order stability test of a single determinant RHF wave function:
 Stabil:  MDV=134217728
 ***********************************************************************
 Matrix         Lowest Root    Major Pairs
 ***********************************************************************
 Internal RHF     0.2225484    Stable
 RRHF --> CRHF    0.2101399    Stable
 RRHF --> RUHF    0.0312412    Stable
 Stable under the perturbations considered.
 ***********************************************************************

 **********************************************************************

            Population analysis using the SCF density.

 **********************************************************************

 Orbital symmetries:
       Occupied  (AG) (BU) (AG) (BU) (BU) (AG)
       Virtual   (AG) (BU) (AG) (BU) (BU) (AG)
 The electronic state is 1-AG.
 Alpha  occ. eigenvalues --   -0.92467  -0.77974  -0.58131  -0.55190  -0.36130
 Alpha  occ. eigenvalues --   -0.32957
 Alpha virt. eigenvalues --    0.12095   0.24306   0.24460   0.31734   0.53451
 Alpha virt. eigenvalues --    0.54692
          Condensed to atoms (all electrons):
               1          2          3          4          5          6
     1  H    1.080586   0.258012  -0.109165   0.225207  -0.043023  -0.148972
     2  H    0.258012   0.739882  -0.034249  -0.061554   0.180242  -0.024347
     3  H   -0.109165  -0.034249   1.025425  -0.062815   0.008908  -0.002216
     4  H    0.225207  -0.061554  -0.062815   0.941901  -0.100350   0.013695
     5  H   -0.043023   0.180242   0.008908  -0.100350   0.828785   0.173471
     6  H   -0.148972  -0.024347  -0.002216   0.013695   0.173471   0.749920
     7  H   -0.105351  -0.132938  -0.067114   0.326852  -0.048599   0.225142
     8  H   -0.071734  -0.015665   0.326852  -0.166532   0.011049  -0.017390
     9  H   -0.044965  -0.006177   0.225142  -0.017390   0.000892   0.009100
    10  H    0.001797  -0.000248  -0.048599   0.011049  -0.000270   0.000892
    11  H    0.018606   0.006910  -0.132938  -0.015665  -0.000248  -0.006177
    12  H    0.023169   0.018606  -0.105351  -0.071734   0.001797  -0.044965
               7          8          9         10         11         12
     1  H   -0.105351  -0.071734  -0.044965   0.001797   0.018606   0.023169
     2  H   -0.132938  -0.015665  -0.006177  -0.000248   0.006910   0.018606
     3  H   -0.067114   0.326852   0.225142  -0.048599  -0.132938  -0.105351
     4  H    0.326852  -0.166532  -0.017390   0.011049  -0.015665  -0.071734
     5  H   -0.048599   0.011049   0.000892  -0.000270  -0.000248   0.001797
     6  H    0.225142  -0.017390   0.009100   0.000892  -0.006177  -0.044965
     7  H    1.025425  -0.062815  -0.002216   0.008908  -0.034249  -0.109165
     8  H   -0.062815   0.941901   0.013695  -0.100350  -0.061554   0.225207
     9  H   -0.002216   0.013695   0.749920   0.173471  -0.024347  -0.148972
    10  H    0.008908  -0.100350   0.173471   0.828785   0.180242  -0.043023
    11  H   -0.034249  -0.061554  -0.024347   0.180242   0.739882   0.258012
    12  H   -0.109165   0.225207  -0.148972  -0.043023   0.258012   1.080586
 Mulliken charges:
               1
     1  H   -0.084169
     2  H    0.071525
     3  H   -0.023884
     4  H   -0.022664
     5  H   -0.012655
     6  H    0.071846
     7  H   -0.023884
     8  H   -0.022664
     9  H    0.071846
    10  H   -0.012655
    11  H    0.071525
    12  H   -0.084169
 Sum of Mulliken charges =   0.00000
 Mulliken charges with hydrogens summed into heavy atoms:
               1
 Electronic spatial extent (au):  <R**2>=            163.6231
 Charge=              0.0000 electrons
 Dipole moment (field-independent basis, Debye):
    X=              0.0000    Y=             -0.0000    Z=              0.0000  Tot=              0.0000
 Quadrupole moment (field-independent basis, Debye-Ang):
   XX=            -18.0153   YY=            -17.6020   ZZ=            -15.4373
   XY=             -1.3887   XZ=             -0.0000   YZ=             -0.0000
 Traceless Quadrupole moment (field-independent basis, Debye-Ang):
   XX=             -0.9971   YY=             -0.5838   ZZ=              1.5809
   XY=             -1.3887   XZ=             -0.0000   YZ=             -0.0000
 Octapole moment (field-independent basis, Debye-Ang**2):
  XXX=              0.0000  YYY=              0.0000  ZZZ=             -0.0000  XYY=             -0.0000
  XXY=              0.0000  XXZ=              0.0000  XZZ=              0.0000  YZZ=              0.0000
  YYZ=              0.0000  XYZ=              0.0000
 Hexadecapole moment (field-independent basis, Debye-Ang**3):
 XXXX=            -81.1099 YYYY=           -260.7914 ZZZZ=            -18.4700 XXXY=             23.9500
 XXXZ=             -0.0000 YYYX=             19.7176 YYYZ=              0.0000 ZZZX=             -0.0000
 ZZZY=              0.0000 XXYY=            -58.7719 XXZZ=            -16.3586 YYZZ=            -45.2242
 XXYZ=              0.0000 YYXZ=             -0.0000 ZZXY=              7.9427
 N-N= 1.898274120345D+01 E-N=-4.893712540880D+01  KE= 6.100106179612D+00
 Symmetry AG   KE= 2.958272920884D+00
 Symmetry BG   KE= 0.000000000000D+00
 Symmetry AU   KE= 0.000000000000D+00
 Symmetry BU   KE= 3.141833258728D+00

 Test job not archived.
 1\1\GINC-SULU\Stability\RHF\Gen\H12\LCJ1\17-Feb-2017\0\\#rhf/gen scf(s
 ymm,tight,novaracc,noincfock,fulldiag) stable(crhf) guess=read geom=no
 crowd test\\hf stability analysis of h12 triangular lattice, y= 0.5129
 4608352666027\\0,1\H\H,1,1.2369289329\H,1,1.2369289329,2,131.\H,2,1.23
 69289329,1,49.,3,0.,0\H,2,1.2369289329,1,180.,3,0.,0\H,4,1.2369289329,
 3,180.,5,0.,0\H,6,1.2369289329,5,180.,3,0.,0\H,4,1.2369289329,2,180.,3
 ,0.,0\H,3,1.2369289329,1,180.,4,0.,0\H,9,1.2369289329,3,180.,4,0.,0\H,
 8,1.2369289329,4,180.,3,0.,0\H,7,1.2369289329,6,180.,3,0.,0\\Version=E
 S64L-G09RevE.01\State=1-AG\HF=-5.9642606\MP2=-6.0750534\RMSD=6.297e-09
 \Dipole=0.,0.,0.\Quadrupole=-1.5887144,1.1753429,0.4133715,0.,-0.29583
 25,0.\PG=C02H [SGH(H12)]\\@


 A COMPLEXITY IS MERELY A DISARRANGEMENT OF SIMPLICITIES.

                                    -- G. O. ABELL IN "EXPLORATION OF THE UNIVERSE"
 Job cpu time:       0 days  0 hours  0 minutes  1.1 seconds.
 File lengths (MBytes):  RWF=     84 Int=      0 D2E=      0 Chk=      2 Scr=      2
 Normal termination of Gaussian 09 at Fri Feb 17 14:57:16 2017.
