 Entering Gaussian System, Link 0=g09
 AtFile(1): H.gbs
            H     0
            S   10   1.00
               1000.000000000000            0.000068713567
                316.227766000000            0.000169141320
                100.000000000000            0.000823394812
                 31.622776600000            0.003425569236
                 10.000000000000            0.013951996000
                  3.162277660000            0.056909313560
                  1.000000000000            0.198286399900
                  0.316227766000            0.496922426700
                  0.100000000000            0.369846276400
                  0.031622776600            0.003752720039
            ****
 Initial command:
 /projects/guscus/apps/gau/g09-e1/g09/l1.exe "/users/lcj1/gaussian/h12/rhfstability/rect/guess/ag3bu3/Gau-14844.inp" -scrdir="/users/lcj1/gaussian/h12/rhfstability/rect/guess/ag3bu3/"
 Entering Link 1 = /projects/guscus/apps/gau/g09-e1/g09/l1.exe PID=     14846.
  
 Copyright (c) 1988,1990,1992,1993,1995,1998,2003,2009,2015,
            Gaussian, Inc.  All Rights Reserved.
  
 This is part of the Gaussian(R) 09 program.  It is based on
 the Gaussian(R) 03 system (copyright 2003, Gaussian, Inc.),
 the Gaussian(R) 98 system (copyright 1998, Gaussian, Inc.),
 the Gaussian(R) 94 system (copyright 1995, Gaussian, Inc.),
 the Gaussian 92(TM) system (copyright 1992, Gaussian, Inc.),
 the Gaussian 90(TM) system (copyright 1990, Gaussian, Inc.),
 the Gaussian 88(TM) system (copyright 1988, Gaussian, Inc.),
 the Gaussian 86(TM) system (copyright 1986, Carnegie Mellon
 University), and the Gaussian 82(TM) system (copyright 1983,
 Carnegie Mellon University). Gaussian is a federally registered
 trademark of Gaussian, Inc.
  
 This software contains proprietary and confidential information,
 including trade secrets, belonging to Gaussian, Inc.
  
 This software is provided under written license and may be
 used, copied, transmitted, or stored only in accord with that
 written license.
  
 The following legend is applicable only to US Government
 contracts under FAR:
  
                    RESTRICTED RIGHTS LEGEND
  
 Use, reproduction and disclosure by the US Government is
 subject to restrictions as set forth in subparagraphs (a)
 and (c) of the Commercial Computer Software - Restricted
 Rights clause in FAR 52.227-19.
  
 Gaussian, Inc.
 340 Quinnipiac St., Bldg. 40, Wallingford CT 06492
  
  
 ---------------------------------------------------------------
 Warning -- This program may not be used in any manner that
 competes with the business of Gaussian, Inc. or will provide
 assistance to any competitor of Gaussian, Inc.  The licensee
 of this program is prohibited from giving any competitor of
 Gaussian, Inc. access to this program.  By using this program,
 the user acknowledges that Gaussian, Inc. is engaged in the
 business of creating and licensing software in the field of
 computational chemistry and represents and warrants to the
 licensee that it is not a competitor of Gaussian, Inc. and that
 it will not use this program in any manner prohibited above.
 ---------------------------------------------------------------
  

 Cite this work as:
 Gaussian 09, Revision E.01,
 M. J. Frisch, G. W. Trucks, H. B. Schlegel, G. E. Scuseria, 
 M. A. Robb, J. R. Cheeseman, G. Scalmani, V. Barone, B. Mennucci, 
 G. A. Petersson, H. Nakatsuji, M. Caricato, X. Li, H. P. Hratchian, 
 A. F. Izmaylov, J. Bloino, G. Zheng, J. L. Sonnenberg, M. Hada, 
 M. Ehara, K. Toyota, R. Fukuda, J. Hasegawa, M. Ishida, T. Nakajima, 
 Y. Honda, O. Kitao, H. Nakai, T. Vreven, J. A. Montgomery, Jr., 
 J. E. Peralta, F. Ogliaro, M. Bearpark, J. J. Heyd, E. Brothers, 
 K. N. Kudin, V. N. Staroverov, T. Keith, R. Kobayashi, J. Normand, 
 K. Raghavachari, A. Rendell, J. C. Burant, S. S. Iyengar, J. Tomasi, 
 M. Cossi, N. Rega, J. M. Millam, M. Klene, J. E. Knox, J. B. Cross, 
 V. Bakken, C. Adamo, J. Jaramillo, R. Gomperts, R. E. Stratmann, 
 O. Yazyev, A. J. Austin, R. Cammi, C. Pomelli, J. W. Ochterski, 
 R. L. Martin, K. Morokuma, V. G. Zakrzewski, G. A. Voth, 
 P. Salvador, J. J. Dannenberg, S. Dapprich, A. D. Daniels, 
 O. Farkas, J. B. Foresman, J. V. Ortiz, J. Cioslowski, 
 and D. J. Fox, Gaussian, Inc., Wallingford CT, 2013.
 
 ******************************************
 Gaussian 09:  ES64L-G09RevE.01 30-Nov-2015
                17-Feb-2017 
 ******************************************
 %chk=h12.chk
 ----------------------------------------------------------------------
 #rhf/gen scf(symm,tight,novaracc,noincfock,fulldiag) stable(crhf) gues
 s=read geom=nocrowd test
 ----------------------------------------------------------------------
 1/38=1/1;
 2/12=1,17=6,18=5,40=1/2;
 3/5=7,16=1,25=1,30=1,116=1/1,2,3;
 4/5=1,9=4/1;
 5/5=100002,15=2,16=1,32=2,38=6/2;
 8/6=1,10=90,11=11/1,4;
 9/8=4,13=1/2;
 6/7=2,8=2,9=2,10=2,28=1/1;
 99/5=1,9=1/99;
 ----------------------------------------------------------------------
 hf stability analysis of h12 triangular lattice, y= 2.4486760461856742
 ----------------------------------------------------------------------
 Symbolic Z-matrix:
 Charge =  0 Multiplicity = 1
 H
 H                    1     2.46 
 H                    1     2.46     2     11. 
 H                    2     2.46     1     169.     3     0.       0
 H                    2     2.46     1     180.     3     0.       0
 H                    4     2.46     3     180.     5     0.       0
 H                    6     2.46     5     180.     3     0.       0
 H                    4     2.46     2     180.     3     0.       0
 H                    3     2.46     1     180.     4     0.       0
 H                    9     2.46     3     180.     4     0.       0
 H                    8     2.46     4     180.     3     0.       0
 H                    7     2.46     6     180.     3     0.       0
 
                          Input orientation:                          
 ---------------------------------------------------------------------
 Center     Atomic      Atomic             Coordinates (Angstroms)
 Number     Number       Type             X           Y           Z
 ---------------------------------------------------------------------
      1          1           0        0.000000    0.000000    0.000000
      2          1           0        0.000000    0.000000    2.460001
      3          1           0        0.469390    0.000000    2.414804
      4          1           0        0.469390    0.000000    4.874806
      5          1           0        0.000000    0.000000    4.920003
      6          1           0        0.469390    0.000000    7.334807
      7          1           0        0.938781    0.000000    9.749611
      8          1           0        0.938781    0.000000    7.289610
      9          1           0        0.938781    0.000000    4.829608
     10          1           0        1.408171    0.000000    7.244413
     11          1           0        1.408171    0.000000    9.704414
     12          1           0        1.408171    0.000000   12.164416
 ---------------------------------------------------------------------
                    Distance matrix (angstroms):
                    1          2          3          4          5
     1  H    0.000000
     2  H    2.460001   0.000000
     3  H    2.460001   0.471561   0.000000
     4  H    4.897352   2.460001   2.460001   0.000000
     5  H    4.920003   2.460001   2.548793   0.471561   0.000000
     6  H    7.349811   4.897352   4.920003   2.460001   2.460001
     7  H    9.794704   7.349811   7.349811   4.897352   4.920003
     8  H    7.349811   4.920003   4.897352   2.460001   2.548793
     9  H    4.920003   2.548793   2.460001   0.471561   0.943123
    10  H    7.380004   4.987338   4.920003   2.548793   2.717688
    11  H    9.806049   7.380004   7.349811   4.920003   4.987338
    12  H   12.245650   9.806049   9.794704   7.349811   7.380004
                    6          7          8          9         10
     6  H    0.000000
     7  H    2.460001   0.000000
     8  H    0.471561   2.460001   0.000000
     9  H    2.548793   4.920003   2.460001   0.000000
    10  H    0.943123   2.548793   0.471561   2.460001   0.000000
    11  H    2.548793   0.471561   2.460001   4.897352   2.460001
    12  H    4.920003   2.460001   4.897352   7.349811   4.920003
                   11         12
    11  H    0.000000
    12  H    2.460001   0.000000
 Stoichiometry    H12
 Framework group  C2H[SGH(H12)]
 Deg. of freedom    11
 Full point group                 C2H     NOp   4
 Largest Abelian subgroup         C2H     NOp   4
 Largest concise Abelian subgroup C2      NOp   2
                         Standard orientation:                         
 ---------------------------------------------------------------------
 Center     Atomic      Atomic             Coordinates (Angstroms)
 Number     Number       Type             X           Y           Z
 ---------------------------------------------------------------------
      1          1           0        0.469390    6.104806    0.000000
      2          1           0       -0.000000    3.690002    0.000000
      3          1           0        0.469390    3.644805    0.000000
      4          1           0       -0.000000    1.230001    0.000000
      5          1           0       -0.469390    1.275198    0.000000
      6          1           0       -0.469390   -1.184804   -0.000000
      7          1           0       -0.469390   -3.644805   -0.000000
      8          1           0       -0.000000   -1.230001   -0.000000
      9          1           0        0.469390    1.184804    0.000000
     10          1           0        0.469390   -1.275198   -0.000000
     11          1           0       -0.000000   -3.690002   -0.000000
     12          1           0       -0.469390   -6.104806   -0.000000
 ---------------------------------------------------------------------
 Rotational constants (GHZ):    432.5916920      3.6330015      3.6027449
 General basis read from cards:  (5D, 7F)
 There are     6 symmetry adapted cartesian basis functions of AG  symmetry.
 There are     0 symmetry adapted cartesian basis functions of BG  symmetry.
 There are     0 symmetry adapted cartesian basis functions of AU  symmetry.
 There are     6 symmetry adapted cartesian basis functions of BU  symmetry.
 There are     6 symmetry adapted basis functions of AG  symmetry.
 There are     0 symmetry adapted basis functions of BG  symmetry.
 There are     0 symmetry adapted basis functions of AU  symmetry.
 There are     6 symmetry adapted basis functions of BU  symmetry.
    12 basis functions,   120 primitive gaussians,    12 cartesian basis functions
     6 alpha electrons        6 beta electrons
       nuclear repulsion energy        16.0746209421 Hartrees.
 NAtoms=   12 NActive=   12 NUniq=    6 SFac= 4.00D+00 NAtFMM=   60 NAOKFM=F Big=F
 Integral buffers will be    131072 words long.
 Regular integral format.
 Two-electron integral symmetry is turned on.
 One-electron integrals computed using PRISM.
 NBasis=    12 RedAO= T EigKep=  3.07D-02  NBF=     6     0     0     6
 NBsUse=    12 1.00D-06 EigRej= -1.00D+00 NBFU=     6     0     0     6
 Initial guess from the checkpoint file:  "h12.chk"
 B after Tr=    -0.000000    0.000000    0.000000
         Rot=    0.965122   -0.000000    0.000000   -0.261801 Ang= -30.35 deg.
 Initial guess orbital symmetries:
       Occupied  (AG) (BU) (AG) (BU) (BU) (AG)
       Virtual   (BU) (AG) (BU) (AG) (AG) (BU)
 Keep R1 ints in memory in symmetry-blocked form, NReq=890358.
 Requested convergence on RMS density matrix=1.00D-08 within 128 cycles.
 Requested convergence on MAX density matrix=1.00D-06.
 Requested convergence on             energy=1.00D-06.
 No special actions if energy rises.
 SCF Done:  E(RHF) =  -4.37130157578     A.U. after   12 cycles
            NFock= 12  Conv=0.77D-08     -V/T= 1.6670
 Range of M.O.s used for correlation:     1    12
 NBasis=    12 NAE=     6 NBE=     6 NFC=     0 NFV=     0
 NROrb=     12 NOA=     6 NOB=     6 NVA=     6 NVB=     6

 **** Warning!!: The smallest alpha delta epsilon is  0.50181616D-01

 Semi-Direct transformation.
 ModeAB=           4 MOrb=             6 LenV=     134098829
 LASXX=         2181 LTotXX=        2181 LenRXX=        5115
 LTotAB=        2934 MaxLAS=        3024 LenRXY=           0
 NonZer=        7296 LenScr=      655360 LnRSAI=        3024
 LnScr1=      655360 LExtra=           0 Total=      1318859
 MaxDsk=          -1 SrtSym=           T ITran=            3
 JobTyp=0 Pass  1:  I=   1 to   6.
 (rs|ai) integrals will be sorted in core.
 Spin components of T(2) and E(2):
     alpha-alpha T2 =       0.4369817450D-02 E2=     -0.3640690682D-02
     alpha-beta  T2 =       0.6566689993D+01 E2=     -0.7359861562D+00
     beta-beta   T2 =       0.4369817450D-02 E2=     -0.3640690682D-02
 ANorm=    0.2752349837D+01
 E2 =    -0.7432675375D+00 EUMP2 =    -0.51145691132989D+01
 Second order stability test of a single determinant RHF wave function:
 Stabil:  MDV=134217728
 ***********************************************************************
 Matrix         Lowest Root    Major Pairs
 ***********************************************************************
 Internal RHF     0.0788119    Stable
 RRHF --> CRHF   -0.000166     5A=7A
 RRHF --> RUHF   -0.5074482    6A=7B
 Not stable.
 ***********************************************************************

 **********************************************************************

            Population analysis using the SCF density.

 **********************************************************************

 Orbital symmetries:
       Occupied  (AG) (BU) (AG) (BU) (BU) (AG)
       Virtual   (BU) (AG) (BU) (AG) (AG) (BU)
 The electronic state is 1-AG.
 Alpha  occ. eigenvalues --   -1.00813  -1.00221  -0.73298  -0.73294  -0.22270
 Alpha  occ. eigenvalues --   -0.18082
 Alpha virt. eigenvalues --   -0.13063   0.01436   0.63573   0.63693   1.44431
 Alpha virt. eigenvalues --    1.54707
          Condensed to atoms (all electrons):
               1          2          3          4          5          6
     1  H    1.148057  -0.013310  -0.007486   0.000045  -0.001237  -0.000012
     2  H   -0.013310   0.550725   0.481132  -0.011521   0.006228   0.000192
     3  H   -0.007486   0.481132   0.545160  -0.011537  -0.004786  -0.000063
     4  H    0.000045  -0.011521  -0.011537   1.511242   0.120906  -0.006762
     5  H   -0.001237   0.006228  -0.004786   0.120906   1.150146   0.140528
     6  H   -0.000012   0.000192  -0.000063  -0.006762   0.140528   1.177406
     7  H   -0.000000   0.000000   0.000000   0.000025   0.000080  -0.000991
     8  H    0.000000   0.000024   0.000025  -0.012224  -0.002984   0.133675
     9  H    0.001256  -0.011320  -0.000991   0.133675  -0.732983  -0.128383
    10  H    0.000012  -0.000147   0.000080  -0.002984  -0.100059  -0.732983
    11  H   -0.000000  -0.000000   0.000000   0.000024  -0.000147  -0.011320
    12  H    0.000000  -0.000000  -0.000000   0.000000   0.000012   0.001256
               7          8          9         10         11         12
     1  H   -0.000000   0.000000   0.001256   0.000012  -0.000000   0.000000
     2  H    0.000000   0.000024  -0.011320  -0.000147  -0.000000  -0.000000
     3  H    0.000000   0.000025  -0.000991   0.000080   0.000000  -0.000000
     4  H    0.000025  -0.012224   0.133675  -0.002984   0.000024   0.000000
     5  H    0.000080  -0.002984  -0.732983  -0.100059  -0.000147   0.000012
     6  H   -0.000991   0.133675  -0.128383  -0.732983  -0.011320   0.001256
     7  H    0.545160  -0.011537  -0.000063  -0.004786   0.481132  -0.007486
     8  H   -0.011537   1.511242  -0.006762   0.120906  -0.011521   0.000045
     9  H   -0.000063  -0.006762   1.177406   0.140528   0.000192  -0.000012
    10  H   -0.004786   0.120906   0.140528   1.150146   0.006228  -0.001237
    11  H    0.481132  -0.011521   0.000192   0.006228   0.550725  -0.013310
    12  H   -0.007486   0.000045  -0.000012  -0.001237  -0.013310   1.148057
 Mulliken charges:
               1
     1  H   -0.127325
     2  H   -0.002002
     3  H   -0.001536
     4  H   -0.720890
     5  H    0.424296
     6  H    0.427457
     7  H   -0.001536
     8  H   -0.720890
     9  H    0.427457
    10  H    0.424296
    11  H   -0.002002
    12  H   -0.127325
 Sum of Mulliken charges =  -0.00000
 Mulliken charges with hydrogens summed into heavy atoms:
               1
 Electronic spatial extent (au):  <R**2>=            565.9320
 Charge=             -0.0000 electrons
 Dipole moment (field-independent basis, Debye):
    X=             -0.0000    Y=             -0.0000    Z=              0.0000  Tot=              0.0000
 Quadrupole moment (field-independent basis, Debye-Ang):
   XX=            -16.3556   YY=            -60.7211   ZZ=            -15.5778
   XY=             -3.7033   XZ=             -0.0000   YZ=             -0.0000
 Traceless Quadrupole moment (field-independent basis, Debye-Ang):
   XX=             14.5293   YY=            -29.8363   ZZ=             15.3070
   XY=             -3.7033   XZ=             -0.0000   YZ=             -0.0000
 Octapole moment (field-independent basis, Debye-Ang**2):
  XXX=              0.0000  YYY=             -0.0000  ZZZ=              0.0000  XYY=              0.0000
  XXY=             -0.0000  XXZ=              0.0000  XZZ=              0.0000  YZZ=             -0.0000
  YYZ=              0.0000  XYZ=              0.0000
 Hexadecapole moment (field-independent basis, Debye-Ang**3):
 XXXX=            -35.5819 YYYY=          -2997.5148 ZZZZ=            -19.0919 XXXY=            -39.4614
 XXXZ=             -0.0000 YYYX=           -180.6615 YYYZ=             -0.0000 ZZZX=             -0.0000
 ZZZY=             -0.0000 XXYY=           -211.9543 XXZZ=             -9.0857 YYZZ=           -202.8147
 XXYZ=             -0.0000 YYXZ=             -0.0000 ZZXY=            -13.2076
 N-N= 1.607462094205D+01 E-N=-3.968574448675D+01  KE= 6.553464435061D+00
 Symmetry AG   KE= 2.783565324994D+00
 Symmetry BG   KE= 0.000000000000D+00
 Symmetry AU   KE= 0.000000000000D+00
 Symmetry BU   KE= 3.769899110067D+00

 Test job not archived.
 1\1\GINC-SULU\Stability\RHF\Gen\H12\LCJ1\17-Feb-2017\0\\#rhf/gen scf(s
 ymm,tight,novaracc,noincfock,fulldiag) stable(crhf) guess=read geom=no
 crowd test\\hf stability analysis of h12 triangular lattice, y= 2.4486
 760461856742\\0,1\H\H,1,2.4600013949\H,1,2.4600013949,2,11.\H,2,2.4600
 013949,1,169.,3,0.,0\H,2,2.4600013949,1,180.,3,0.,0\H,4,2.4600013949,3
 ,180.,5,0.,0\H,6,2.4600013949,5,180.,3,0.,0\H,4,2.4600013949,2,180.,3,
 0.,0\H,3,2.4600013949,1,180.,4,0.,0\H,9,2.4600013949,3,180.,4,0.,0\H,8
 ,2.4600013949,4,180.,3,0.,0\H,7,2.4600013949,6,180.,3,0.,0\\Version=ES
 64L-G09RevE.01\State=1-AG\HF=-4.3713016\MP2=-5.1145691\RMSD=7.745e-09\
 Dipole=0.,0.,0.\Quadrupole=10.6326619,11.3803932,-22.0130551,0.,-3.625
 3013,0.\PG=C02H [SGH(H12)]\\@


 THE HURRIEDER I GO, THE BEHINDER I GET.
 Job cpu time:       0 days  0 hours  0 minutes  0.9 seconds.
 File lengths (MBytes):  RWF=     84 Int=      0 D2E=      0 Chk=      2 Scr=      2
 Normal termination of Gaussian 09 at Fri Feb 17 15:09:46 2017.
