 Entering Gaussian System, Link 0=g09
 AtFile(1): H.gbs
            H     0
            S   10   1.00
               1000.000000000000            0.000068713567
                316.227766000000            0.000169141320
                100.000000000000            0.000823394812
                 31.622776600000            0.003425569236
                 10.000000000000            0.013951996000
                  3.162277660000            0.056909313560
                  1.000000000000            0.198286399900
                  0.316227766000            0.496922426700
                  0.100000000000            0.369846276400
                  0.031622776600            0.003752720039
            ****
 Initial command:
 /projects/guscus/apps/gau/g09-e1/g09/l1.exe "/users/lcj1/gaussian/h12/rhfstability/rect/guess/ag3bu3/Gau-14676.inp" -scrdir="/users/lcj1/gaussian/h12/rhfstability/rect/guess/ag3bu3/"
 Entering Link 1 = /projects/guscus/apps/gau/g09-e1/g09/l1.exe PID=     14678.
  
 Copyright (c) 1988,1990,1992,1993,1995,1998,2003,2009,2015,
            Gaussian, Inc.  All Rights Reserved.
  
 This is part of the Gaussian(R) 09 program.  It is based on
 the Gaussian(R) 03 system (copyright 2003, Gaussian, Inc.),
 the Gaussian(R) 98 system (copyright 1998, Gaussian, Inc.),
 the Gaussian(R) 94 system (copyright 1995, Gaussian, Inc.),
 the Gaussian 92(TM) system (copyright 1992, Gaussian, Inc.),
 the Gaussian 90(TM) system (copyright 1990, Gaussian, Inc.),
 the Gaussian 88(TM) system (copyright 1988, Gaussian, Inc.),
 the Gaussian 86(TM) system (copyright 1986, Carnegie Mellon
 University), and the Gaussian 82(TM) system (copyright 1983,
 Carnegie Mellon University). Gaussian is a federally registered
 trademark of Gaussian, Inc.
  
 This software contains proprietary and confidential information,
 including trade secrets, belonging to Gaussian, Inc.
  
 This software is provided under written license and may be
 used, copied, transmitted, or stored only in accord with that
 written license.
  
 The following legend is applicable only to US Government
 contracts under FAR:
  
                    RESTRICTED RIGHTS LEGEND
  
 Use, reproduction and disclosure by the US Government is
 subject to restrictions as set forth in subparagraphs (a)
 and (c) of the Commercial Computer Software - Restricted
 Rights clause in FAR 52.227-19.
  
 Gaussian, Inc.
 340 Quinnipiac St., Bldg. 40, Wallingford CT 06492
  
  
 ---------------------------------------------------------------
 Warning -- This program may not be used in any manner that
 competes with the business of Gaussian, Inc. or will provide
 assistance to any competitor of Gaussian, Inc.  The licensee
 of this program is prohibited from giving any competitor of
 Gaussian, Inc. access to this program.  By using this program,
 the user acknowledges that Gaussian, Inc. is engaged in the
 business of creating and licensing software in the field of
 computational chemistry and represents and warrants to the
 licensee that it is not a competitor of Gaussian, Inc. and that
 it will not use this program in any manner prohibited above.
 ---------------------------------------------------------------
  

 Cite this work as:
 Gaussian 09, Revision E.01,
 M. J. Frisch, G. W. Trucks, H. B. Schlegel, G. E. Scuseria, 
 M. A. Robb, J. R. Cheeseman, G. Scalmani, V. Barone, B. Mennucci, 
 G. A. Petersson, H. Nakatsuji, M. Caricato, X. Li, H. P. Hratchian, 
 A. F. Izmaylov, J. Bloino, G. Zheng, J. L. Sonnenberg, M. Hada, 
 M. Ehara, K. Toyota, R. Fukuda, J. Hasegawa, M. Ishida, T. Nakajima, 
 Y. Honda, O. Kitao, H. Nakai, T. Vreven, J. A. Montgomery, Jr., 
 J. E. Peralta, F. Ogliaro, M. Bearpark, J. J. Heyd, E. Brothers, 
 K. N. Kudin, V. N. Staroverov, T. Keith, R. Kobayashi, J. Normand, 
 K. Raghavachari, A. Rendell, J. C. Burant, S. S. Iyengar, J. Tomasi, 
 M. Cossi, N. Rega, J. M. Millam, M. Klene, J. E. Knox, J. B. Cross, 
 V. Bakken, C. Adamo, J. Jaramillo, R. Gomperts, R. E. Stratmann, 
 O. Yazyev, A. J. Austin, R. Cammi, C. Pomelli, J. W. Ochterski, 
 R. L. Martin, K. Morokuma, V. G. Zakrzewski, G. A. Voth, 
 P. Salvador, J. J. Dannenberg, S. Dapprich, A. D. Daniels, 
 O. Farkas, J. B. Foresman, J. V. Ortiz, J. Cioslowski, 
 and D. J. Fox, Gaussian, Inc., Wallingford CT, 2013.
 
 ******************************************
 Gaussian 09:  ES64L-G09RevE.01 30-Nov-2015
                17-Feb-2017 
 ******************************************
 %chk=h12.chk
 ----------------------------------------------------------------------
 #rhf/gen scf(symm,tight,novaracc,noincfock,fulldiag) stable(crhf) gues
 s=read geom=nocrowd test
 ----------------------------------------------------------------------
 1/38=1/1;
 2/12=1,17=6,18=5,40=1/2;
 3/5=7,16=1,25=1,30=1,116=1/1,2,3;
 4/5=1,9=4/1;
 5/5=100002,15=2,16=1,32=2,38=6/2;
 8/6=1,10=90,11=11/1,4;
 9/8=4,13=1/2;
 6/7=2,8=2,9=2,10=2,28=1/1;
 99/5=1,9=1/99;
 ----------------------------------------------------------------------
 hf stability analysis of h12 triangular lattice, y= 2.3945089138952178
 ----------------------------------------------------------------------
 Symbolic Z-matrix:
 Charge =  0 Multiplicity = 1
 H
 H                    1     2.40662 
 H                    1     2.40662  2     11.5 
 H                    2     2.40662  1     168.5    3     0.       0
 H                    2     2.40662  1     180.     3     0.       0
 H                    4     2.40662  3     180.     5     0.       0
 H                    6     2.40662  5     180.     3     0.       0
 H                    4     2.40662  2     180.     3     0.       0
 H                    3     2.40662  1     180.     4     0.       0
 H                    9     2.40662  3     180.     4     0.       0
 H                    8     2.40662  4     180.     3     0.       0
 H                    7     2.40662  6     180.     3     0.       0
 
                          Input orientation:                          
 ---------------------------------------------------------------------
 Center     Atomic      Atomic             Coordinates (Angstroms)
 Number     Number       Type             X           Y           Z
 ---------------------------------------------------------------------
      1          1           0        0.000000    0.000000    0.000000
      2          1           0        0.000000    0.000000    2.406618
      3          1           0        0.479802    0.000000    2.358304
      4          1           0        0.479802    0.000000    4.764922
      5          1           0        0.000000    0.000000    4.813236
      6          1           0        0.479802    0.000000    7.171540
      7          1           0        0.959605    0.000000    9.529844
      8          1           0        0.959605    0.000000    7.123226
      9          1           0        0.959605    0.000000    4.716608
     10          1           0        1.439407    0.000000    7.074913
     11          1           0        1.439407    0.000000    9.481530
     12          1           0        1.439407    0.000000   11.888148
 ---------------------------------------------------------------------
                    Distance matrix (angstroms):
                    1          2          3          4          5
     1  H    0.000000
     2  H    2.406618   0.000000
     3  H    2.406618   0.482229   0.000000
     4  H    4.789018   2.406618   2.406618   0.000000
     5  H    4.813236   2.406618   2.501379   0.482229   0.000000
     6  H    7.187572   4.789018   4.813236   2.406618   2.406618
     7  H    9.578036   7.187572   7.187572   4.789018   4.813236
     8  H    7.187572   4.813236   4.789018   2.406618   2.501379
     9  H    4.813236   2.501379   2.406618   0.482229   0.964457
    10  H    7.219853   4.885168   4.813236   2.501379   2.680872
    11  H    9.590167   7.219853   7.187572   4.813236   4.885168
    12  H   11.974972   9.590167   9.578036   7.187572   7.219853
                    6          7          8          9         10
     6  H    0.000000
     7  H    2.406618   0.000000
     8  H    0.482229   2.406618   0.000000
     9  H    2.501379   4.813236   2.406618   0.000000
    10  H    0.964457   2.501379   0.482229   2.406618   0.000000
    11  H    2.501379   0.482229   2.406618   4.789018   2.406618
    12  H    4.813236   2.406618   4.789018   7.187572   4.813236
                   11         12
    11  H    0.000000
    12  H    2.406618   0.000000
 Stoichiometry    H12
 Framework group  C2H[SGH(H12)]
 Deg. of freedom    11
 Full point group                 C2H     NOp   4
 Largest Abelian subgroup         C2H     NOp   4
 Largest concise Abelian subgroup C2      NOp   2
                         Standard orientation:                         
 ---------------------------------------------------------------------
 Center     Atomic      Atomic             Coordinates (Angstroms)
 Number     Number       Type             X           Y           Z
 ---------------------------------------------------------------------
      1          1           0        0.479802    5.968231    0.000000
      2          1           0        0.000000    3.609927    0.000000
      3          1           0        0.479802    3.561613    0.000000
      4          1           0        0.000000    1.203309    0.000000
      5          1           0       -0.479802    1.251622    0.000000
      6          1           0       -0.479802   -1.154995   -0.000000
      7          1           0       -0.479802   -3.561613   -0.000000
      8          1           0       -0.000000   -1.203309    0.000000
      9          1           0        0.479802    1.154995    0.000000
     10          1           0        0.479802   -1.251622    0.000000
     11          1           0       -0.000000   -3.609927    0.000000
     12          1           0       -0.479802   -5.968231    0.000000
 ---------------------------------------------------------------------
 Rotational constants (GHZ):    413.6984975      3.7989172      3.7643499
 General basis read from cards:  (5D, 7F)
 There are     6 symmetry adapted cartesian basis functions of AG  symmetry.
 There are     0 symmetry adapted cartesian basis functions of BG  symmetry.
 There are     0 symmetry adapted cartesian basis functions of AU  symmetry.
 There are     6 symmetry adapted cartesian basis functions of BU  symmetry.
 There are     6 symmetry adapted basis functions of AG  symmetry.
 There are     0 symmetry adapted basis functions of BG  symmetry.
 There are     0 symmetry adapted basis functions of AU  symmetry.
 There are     6 symmetry adapted basis functions of BU  symmetry.
    12 basis functions,   120 primitive gaussians,    12 cartesian basis functions
     6 alpha electrons        6 beta electrons
       nuclear repulsion energy        16.0771553749 Hartrees.
 NAtoms=   12 NActive=   12 NUniq=    6 SFac= 4.00D+00 NAtFMM=   60 NAOKFM=F Big=F
 Integral buffers will be    131072 words long.
 Regular integral format.
 Two-electron integral symmetry is turned on.
 One-electron integrals computed using PRISM.
 NBasis=    12 RedAO= T EigKep=  3.28D-02  NBF=     6     0     0     6
 NBsUse=    12 1.00D-06 EigRej= -1.00D+00 NBFU=     6     0     0     6
 Initial guess from the checkpoint file:  "h12.chk"
 B after Tr=    -0.000000   -0.000000    0.000000
         Rot=    0.964845    0.000000    0.000000   -0.262818 Ang= -30.47 deg.
 Initial guess orbital symmetries:
       Occupied  (AG) (BU) (AG) (BU) (BU) (AG)
       Virtual   (BU) (AG) (BU) (AG) (AG) (BU)
 Keep R1 ints in memory in symmetry-blocked form, NReq=890806.
 Requested convergence on RMS density matrix=1.00D-08 within 128 cycles.
 Requested convergence on MAX density matrix=1.00D-06.
 Requested convergence on             energy=1.00D-06.
 No special actions if energy rises.
 SCF Done:  E(RHF) =  -4.48768362417     A.U. after   11 cycles
            NFock= 11  Conv=0.66D-08     -V/T= 1.6874
 Range of M.O.s used for correlation:     1    12
 NBasis=    12 NAE=     6 NBE=     6 NFC=     0 NFV=     0
 NROrb=     12 NOA=     6 NOB=     6 NVA=     6 NVB=     6

 **** Warning!!: The smallest alpha delta epsilon is  0.50386587D-01

 Semi-Direct transformation.
 ModeAB=           4 MOrb=             6 LenV=     134097737
 LASXX=         2181 LTotXX=        2181 LenRXX=        5115
 LTotAB=        2934 MaxLAS=        3024 LenRXY=           0
 NonZer=        7296 LenScr=      655360 LnRSAI=        3024
 LnScr1=      655360 LExtra=           0 Total=      1318859
 MaxDsk=          -1 SrtSym=           T ITran=            3
 JobTyp=0 Pass  1:  I=   1 to   6.
 (rs|ai) integrals will be sorted in core.
 Spin components of T(2) and E(2):
     alpha-alpha T2 =       0.4393583542D-02 E2=     -0.3694565975D-02
     alpha-beta  T2 =       0.6724704591D+01 E2=     -0.7521780312D+00
     beta-beta   T2 =       0.4393583542D-02 E2=     -0.3694565975D-02
 ANorm=    0.2780915633D+01
 E2 =    -0.7595671631D+00 EUMP2 =    -0.52472507873129D+01
 Second order stability test of a single determinant RHF wave function:
 Stabil:  MDV=134217728
 ***********************************************************************
 Matrix         Lowest Root    Major Pairs
 ***********************************************************************
 Internal RHF     0.0768366    Stable
 RRHF --> CRHF   -0.0002301    5A=7A
 RRHF --> RUHF   -0.5166274    6A=7B
 Not stable.
 ***********************************************************************

 **********************************************************************

            Population analysis using the SCF density.

 **********************************************************************

 Orbital symmetries:
       Occupied  (AG) (BU) (AG) (BU) (BU) (AG)
       Virtual   (BU) (AG) (BU) (AG) (AG) (BU)
 The electronic state is 1-AG.
 Alpha  occ. eigenvalues --   -0.99357  -0.98374  -0.72855  -0.72846  -0.22782
 Alpha  occ. eigenvalues --   -0.18422
 Alpha virt. eigenvalues --   -0.13383   0.01842   0.62523   0.62674   1.40549
 Alpha virt. eigenvalues --    1.51452
          Condensed to atoms (all electrons):
               1          2          3          4          5          6
     1  H    1.134182  -0.014879  -0.008588   0.000059  -0.001377  -0.000015
     2  H   -0.014879   0.554978   0.481482  -0.013031   0.006647   0.000247
     3  H   -0.008588   0.481482   0.548637  -0.013039  -0.005782  -0.000082
     4  H    0.000059  -0.013031  -0.013039   1.441899   0.136555  -0.007759
     5  H   -0.001377   0.006647  -0.005782   0.136555   1.131705   0.147634
     6  H   -0.000015   0.000247  -0.000082  -0.007759   0.147634   1.162953
     7  H   -0.000000   0.000000   0.000000   0.000034   0.000106  -0.001210
     8  H    0.000000   0.000032   0.000034  -0.013907  -0.003439   0.150434
     9  H    0.001405  -0.012873  -0.001210   0.150434  -0.703634  -0.134702
    10  H    0.000014  -0.000184   0.000106  -0.003439  -0.103259  -0.703634
    11  H   -0.000000  -0.000000   0.000000   0.000032  -0.000184  -0.012873
    12  H    0.000000  -0.000000  -0.000000   0.000000   0.000014   0.001405
               7          8          9         10         11         12
     1  H   -0.000000   0.000000   0.001405   0.000014  -0.000000   0.000000
     2  H    0.000000   0.000032  -0.012873  -0.000184  -0.000000  -0.000000
     3  H    0.000000   0.000034  -0.001210   0.000106   0.000000  -0.000000
     4  H    0.000034  -0.013907   0.150434  -0.003439   0.000032   0.000000
     5  H    0.000106  -0.003439  -0.703634  -0.103259  -0.000184   0.000014
     6  H   -0.001210   0.150434  -0.134702  -0.703634  -0.012873   0.001405
     7  H    0.548637  -0.013039  -0.000082  -0.005782   0.481482  -0.008588
     8  H   -0.013039   1.441899  -0.007759   0.136555  -0.013031   0.000059
     9  H   -0.000082  -0.007759   1.162953   0.147634   0.000247  -0.000015
    10  H   -0.005782   0.136555   0.147634   1.131705   0.006647  -0.001377
    11  H    0.481482  -0.013031   0.000247   0.006647   0.554978  -0.014879
    12  H   -0.008588   0.000059  -0.000015  -0.001377  -0.014879   1.134182
 Mulliken charges:
               1
     1  H   -0.110801
     2  H   -0.002419
     3  H   -0.001559
     4  H   -0.677839
     5  H    0.395014
     6  H    0.397604
     7  H   -0.001559
     8  H   -0.677839
     9  H    0.397604
    10  H    0.395014
    11  H   -0.002419
    12  H   -0.110801
 Sum of Mulliken charges =   0.00000
 Mulliken charges with hydrogens summed into heavy atoms:
               1
 Electronic spatial extent (au):  <R**2>=            539.2345
 Charge=              0.0000 electrons
 Dipole moment (field-independent basis, Debye):
    X=              0.0000    Y=             -0.0000    Z=              0.0000  Tot=              0.0000
 Quadrupole moment (field-independent basis, Debye-Ang):
   XX=            -16.3712   YY=            -53.5037   ZZ=            -15.5714
   XY=             -3.2749   XZ=             -0.0000   YZ=             -0.0000
 Traceless Quadrupole moment (field-independent basis, Debye-Ang):
   XX=             12.1109   YY=            -25.0216   ZZ=             12.9107
   XY=             -3.2749   XZ=             -0.0000   YZ=             -0.0000
 Octapole moment (field-independent basis, Debye-Ang**2):
  XXX=              0.0000  YYY=              0.0000  ZZZ=             -0.0000  XYY=              0.0000
  XXY=              0.0000  XXZ=             -0.0000  XZZ=              0.0000  YZZ=              0.0000
  YYZ=             -0.0000  XYZ=             -0.0000
 Hexadecapole moment (field-independent basis, Debye-Ang**3):
 XXXX=            -36.2683 YYYY=          -2591.6755 ZZZZ=            -19.0662 XXXY=            -38.9053
 XXXZ=             -0.0000 YYYX=           -158.8917 YYYZ=             -0.0000 ZZZX=             -0.0000
 ZZZY=             -0.0000 XXYY=           -200.6093 XXZZ=             -9.1950 YYZZ=           -192.5316
 XXYZ=             -0.0000 YYXZ=             -0.0000 ZZXY=            -13.0541
 N-N= 1.607715537488D+01 E-N=-3.996501458336D+01  KE= 6.528054275629D+00
 Symmetry AG   KE= 2.772853595911D+00
 Symmetry BG   KE= 0.000000000000D+00
 Symmetry AU   KE= 0.000000000000D+00
 Symmetry BU   KE= 3.755200679719D+00

 Test job not archived.
 1\1\GINC-SULU\Stability\RHF\Gen\H12\LCJ1\17-Feb-2017\0\\#rhf/gen scf(s
 ymm,tight,novaracc,noincfock,fulldiag) stable(crhf) guess=read geom=no
 crowd test\\hf stability analysis of h12 triangular lattice, y= 2.3945
 089138952178\\0,1\H\H,1,2.4066177574\H,1,2.4066177574,2,11.5\H,2,2.406
 6177574,1,168.5,3,0.,0\H,2,2.4066177574,1,180.,3,0.,0\H,4,2.4066177574
 ,3,180.,5,0.,0\H,6,2.4066177574,5,180.,3,0.,0\H,4,2.4066177574,2,180.,
 3,0.,0\H,3,2.4066177574,1,180.,4,0.,0\H,9,2.4066177574,3,180.,4,0.,0\H
 ,8,2.4066177574,4,180.,3,0.,0\H,7,2.4066177574,6,180.,3,0.,0\\Version=
 ES64L-G09RevE.01\State=1-AG\HF=-4.4876836\MP2=-5.2472508\RMSD=6.578e-0
 9\Dipole=0.,0.,0.\Quadrupole=8.8582023,9.5987722,-18.4569745,0.,-3.152
 1925,0.\PG=C02H [SGH(H12)]\\@


 BETTER TO HUNT IN FIELDS, FOR HEALTH UNBOUGHT
 THAN FEE THE DOCTOR FOR A NAUSEOUS DRAUGHT.
 THE WISE, FOR CURE, ON EXERCISE DEPEND;
 GOD NEVER MADE HIS WORK FOR MAN TO MEND.
     -- JOHN DRYDEN (1631-1700)
 Job cpu time:       0 days  0 hours  0 minutes  0.9 seconds.
 File lengths (MBytes):  RWF=     84 Int=      0 D2E=      0 Chk=      2 Scr=      2
 Normal termination of Gaussian 09 at Fri Feb 17 15:09:43 2017.
