 Entering Gaussian System, Link 0=g09
 AtFile(1): H.gbs
            H     0
            S   10   1.00
               1000.000000000000            0.000068713567
                316.227766000000            0.000169141320
                100.000000000000            0.000823394812
                 31.622776600000            0.003425569236
                 10.000000000000            0.013951996000
                  3.162277660000            0.056909313560
                  1.000000000000            0.198286399900
                  0.316227766000            0.496922426700
                  0.100000000000            0.369846276400
                  0.031622776600            0.003752720039
            ****
 Initial command:
 /projects/guscus/apps/gau/g09-e1/g09/l1.exe "/users/lcj1/gaussian/h12/rhfstability/rect/guess/ag3bu3/Gau-26991.inp" -scrdir="/users/lcj1/gaussian/h12/rhfstability/rect/guess/ag3bu3/"
 Entering Link 1 = /projects/guscus/apps/gau/g09-e1/g09/l1.exe PID=     26992.
  
 Copyright (c) 1988,1990,1992,1993,1995,1998,2003,2009,2015,
            Gaussian, Inc.  All Rights Reserved.
  
 This is part of the Gaussian(R) 09 program.  It is based on
 the Gaussian(R) 03 system (copyright 2003, Gaussian, Inc.),
 the Gaussian(R) 98 system (copyright 1998, Gaussian, Inc.),
 the Gaussian(R) 94 system (copyright 1995, Gaussian, Inc.),
 the Gaussian 92(TM) system (copyright 1992, Gaussian, Inc.),
 the Gaussian 90(TM) system (copyright 1990, Gaussian, Inc.),
 the Gaussian 88(TM) system (copyright 1988, Gaussian, Inc.),
 the Gaussian 86(TM) system (copyright 1986, Carnegie Mellon
 University), and the Gaussian 82(TM) system (copyright 1983,
 Carnegie Mellon University). Gaussian is a federally registered
 trademark of Gaussian, Inc.
  
 This software contains proprietary and confidential information,
 including trade secrets, belonging to Gaussian, Inc.
  
 This software is provided under written license and may be
 used, copied, transmitted, or stored only in accord with that
 written license.
  
 The following legend is applicable only to US Government
 contracts under FAR:
  
                    RESTRICTED RIGHTS LEGEND
  
 Use, reproduction and disclosure by the US Government is
 subject to restrictions as set forth in subparagraphs (a)
 and (c) of the Commercial Computer Software - Restricted
 Rights clause in FAR 52.227-19.
  
 Gaussian, Inc.
 340 Quinnipiac St., Bldg. 40, Wallingford CT 06492
  
  
 ---------------------------------------------------------------
 Warning -- This program may not be used in any manner that
 competes with the business of Gaussian, Inc. or will provide
 assistance to any competitor of Gaussian, Inc.  The licensee
 of this program is prohibited from giving any competitor of
 Gaussian, Inc. access to this program.  By using this program,
 the user acknowledges that Gaussian, Inc. is engaged in the
 business of creating and licensing software in the field of
 computational chemistry and represents and warrants to the
 licensee that it is not a competitor of Gaussian, Inc. and that
 it will not use this program in any manner prohibited above.
 ---------------------------------------------------------------
  

 Cite this work as:
 Gaussian 09, Revision E.01,
 M. J. Frisch, G. W. Trucks, H. B. Schlegel, G. E. Scuseria, 
 M. A. Robb, J. R. Cheeseman, G. Scalmani, V. Barone, B. Mennucci, 
 G. A. Petersson, H. Nakatsuji, M. Caricato, X. Li, H. P. Hratchian, 
 A. F. Izmaylov, J. Bloino, G. Zheng, J. L. Sonnenberg, M. Hada, 
 M. Ehara, K. Toyota, R. Fukuda, J. Hasegawa, M. Ishida, T. Nakajima, 
 Y. Honda, O. Kitao, H. Nakai, T. Vreven, J. A. Montgomery, Jr., 
 J. E. Peralta, F. Ogliaro, M. Bearpark, J. J. Heyd, E. Brothers, 
 K. N. Kudin, V. N. Staroverov, T. Keith, R. Kobayashi, J. Normand, 
 K. Raghavachari, A. Rendell, J. C. Burant, S. S. Iyengar, J. Tomasi, 
 M. Cossi, N. Rega, J. M. Millam, M. Klene, J. E. Knox, J. B. Cross, 
 V. Bakken, C. Adamo, J. Jaramillo, R. Gomperts, R. E. Stratmann, 
 O. Yazyev, A. J. Austin, R. Cammi, C. Pomelli, J. W. Ochterski, 
 R. L. Martin, K. Morokuma, V. G. Zakrzewski, G. A. Voth, 
 P. Salvador, J. J. Dannenberg, S. Dapprich, A. D. Daniels, 
 O. Farkas, J. B. Foresman, J. V. Ortiz, J. Cioslowski, 
 and D. J. Fox, Gaussian, Inc., Wallingford CT, 2013.
 
 ******************************************
 Gaussian 09:  ES64L-G09RevE.01 30-Nov-2015
                17-Feb-2017 
 ******************************************
 %chk=h12.chk
 ----------------------------------------------------------------------
 #rhf/gen scf(symm,tight,novaracc,noincfock,fulldiag) stable(crhf) gues
 s=read geom=nocrowd test
 ----------------------------------------------------------------------
 1/38=1/1;
 2/12=1,17=6,18=5,40=1/2;
 3/5=7,16=1,25=1,30=1,116=1/1,2,3;
 4/5=1,9=4/1;
 5/5=100002,15=2,16=1,32=2,38=6/2;
 8/6=1,10=90,11=11/1,4;
 9/8=4,13=1/2;
 6/7=2,8=2,9=2,10=2,28=1/1;
 99/5=1,9=1/99;
 ----------------------------------------------------------------------
 hf stability analysis of h12 triangular lattice, y= 0.7337491795890599
 4
 ----------------------------------------------------------------------
 Symbolic Z-matrix:
 Charge =  0 Multiplicity = 1
 H
 H                    1     1.07588 
 H                    1     1.07588  2     94. 
 H                    2     1.07588  1     86.      3     0.       0
 H                    2     1.07588  1     180.     3     0.       0
 H                    4     1.07588  3     180.     5     0.       0
 H                    6     1.07588  5     180.     3     0.       0
 H                    4     1.07588  2     180.     3     0.       0
 H                    3     1.07588  1     180.     4     0.       0
 H                    9     1.07588  3     180.     4     0.       0
 H                    8     1.07588  4     180.     3     0.       0
 H                    7     1.07588  6     180.     3     0.       0
 
                          Input orientation:                          
 ---------------------------------------------------------------------
 Center     Atomic      Atomic             Coordinates (Angstroms)
 Number     Number       Type             X           Y           Z
 ---------------------------------------------------------------------
      1          1           0        0.000000    0.000000    0.000000
      2          1           0        0.000000    0.000000    1.075881
      3          1           0        1.073260    0.000000   -0.075050
      4          1           0        1.073260    0.000000    1.000831
      5          1           0        0.000000    0.000000    2.151762
      6          1           0        1.073260    0.000000    2.076713
      7          1           0        2.146521    0.000000    2.001663
      8          1           0        2.146521    0.000000    0.925782
      9          1           0        2.146521    0.000000   -0.150099
     10          1           0        3.219781    0.000000   -0.225149
     11          1           0        3.219781    0.000000    0.850732
     12          1           0        3.219781    0.000000    1.926613
 ---------------------------------------------------------------------
                    Distance matrix (angstroms):
                    1          2          3          4          5
     1  H    0.000000
     2  H    1.075881   0.000000
     3  H    1.075881   1.573699   0.000000
     4  H    1.467498   1.075881   1.075881   0.000000
     5  H    2.151762   1.075881   2.471959   1.573699   0.000000
     6  H    2.337653   1.467498   2.151762   1.075881   1.075881
     7  H    2.934997   2.337653   2.337653   1.467498   2.151762
     8  H    2.337653   2.151762   1.467498   1.075881   2.471959
     9  H    2.151762   2.471959   1.075881   1.573699   3.147399
    10  H    3.227643   3.472703   2.151762   2.471959   4.002087
    11  H    3.330275   3.227643   2.337653   2.151762   3.472703
    12  H    3.752176   3.330275   2.934997   2.337653   3.227643
                    6          7          8          9         10
     6  H    0.000000
     7  H    1.075881   0.000000
     8  H    1.573699   1.075881   0.000000
     9  H    2.471959   2.151762   1.075881   0.000000
    10  H    3.147399   2.471959   1.573699   1.075881   0.000000
    11  H    2.471959   1.573699   1.075881   1.467498   1.075881
    12  H    2.151762   1.075881   1.467498   2.337653   2.151762
                   11         12
    11  H    0.000000
    12  H    1.075881   0.000000
 Stoichiometry    H12
 Framework group  C2H[SGH(H12)]
 Deg. of freedom    11
 Full point group                 C2H     NOp   4
 Largest Abelian subgroup         C2H     NOp   4
 Largest concise Abelian subgroup C2      NOp   2
                         Standard orientation:                         
 ---------------------------------------------------------------------
 Center     Atomic      Atomic             Coordinates (Angstroms)
 Number     Number       Type             X           Y           Z
 ---------------------------------------------------------------------
      1          1           0        1.073260    1.538772   -0.000000
      2          1           0        0.000000    1.613822   -0.000000
      3          1           0        1.073260    0.462891   -0.000000
      4          1           0        0.000000    0.537941   -0.000000
      5          1           0       -1.073260    1.688871   -0.000000
      6          1           0       -1.073260    0.612990   -0.000000
      7          1           0       -1.073260   -0.462891    0.000000
      8          1           0       -0.000000   -0.537941    0.000000
      9          1           0        1.073260   -0.612990   -0.000000
     10          1           0        1.073260   -1.688871   -0.000000
     11          1           0       -0.000000   -1.613822    0.000000
     12          1           0       -1.073260   -1.538772    0.000000
 ---------------------------------------------------------------------
 Rotational constants (GHZ):     54.7157574     28.7231265     18.8354344
 General basis read from cards:  (5D, 7F)
 There are     6 symmetry adapted cartesian basis functions of AG  symmetry.
 There are     0 symmetry adapted cartesian basis functions of BG  symmetry.
 There are     0 symmetry adapted cartesian basis functions of AU  symmetry.
 There are     6 symmetry adapted cartesian basis functions of BU  symmetry.
 There are     6 symmetry adapted basis functions of AG  symmetry.
 There are     0 symmetry adapted basis functions of BG  symmetry.
 There are     0 symmetry adapted basis functions of AU  symmetry.
 There are     6 symmetry adapted basis functions of BU  symmetry.
    12 basis functions,   120 primitive gaussians,    12 cartesian basis functions
     6 alpha electrons        6 beta electrons
       nuclear repulsion energy        20.1696095955 Hartrees.
 NAtoms=   12 NActive=   12 NUniq=    6 SFac= 4.00D+00 NAtFMM=   60 NAOKFM=F Big=F
 Integral buffers will be    131072 words long.
 Regular integral format.
 Two-electron integral symmetry is turned on.
 One-electron integrals computed using PRISM.
 NBasis=    12 RedAO= T EigKep=  1.08D-01  NBF=     6     0     0     6
 NBsUse=    12 1.00D-06 EigRej= -1.00D+00 NBFU=     6     0     0     6
 Initial guess from the checkpoint file:  "h12.chk"
 B after Tr=     0.000000    0.000000    0.000000
         Rot=    0.986561    0.000000    0.000000   -0.163393 Ang= -18.81 deg.
 Initial guess orbital symmetries:
       Occupied  (AG) (BU) (AG) (BU) (BU) (AG)
       Virtual   (BU) (AG) (BU) (AG) (AG) (BU)
 Keep R1 ints in memory in symmetry-blocked form, NReq=903868.
 Requested convergence on RMS density matrix=1.00D-08 within 128 cycles.
 Requested convergence on MAX density matrix=1.00D-06.
 Requested convergence on             energy=1.00D-06.
 No special actions if energy rises.
 SCF Done:  E(RHF) =  -5.67932117160     A.U. after   15 cycles
            NFock= 15  Conv=0.81D-08     -V/T= 1.8717
 Range of M.O.s used for correlation:     1    12
 NBasis=    12 NAE=     6 NBE=     6 NFC=     0 NFV=     0
 NROrb=     12 NOA=     6 NOB=     6 NVA=     6 NVB=     6
 Semi-Direct transformation.
 ModeAB=           4 MOrb=             6 LenV=     134084353
 LASXX=         2181 LTotXX=        2181 LenRXX=        5115
 LTotAB=        2934 MaxLAS=        3024 LenRXY=           0
 NonZer=        7296 LenScr=      655360 LnRSAI=        3024
 LnScr1=      655360 LExtra=           0 Total=      1318859
 MaxDsk=          -1 SrtSym=           T ITran=            3
 JobTyp=0 Pass  1:  I=   1 to   6.
 (rs|ai) integrals will be sorted in core.
 Spin components of T(2) and E(2):
     alpha-alpha T2 =       0.4931024522D-02 E2=     -0.7150456120D-02
     alpha-beta  T2 =       0.8079423427D-01 E2=     -0.1113703346D+00
     beta-beta   T2 =       0.4931024522D-02 E2=     -0.7150456120D-02
 ANorm=    0.1044344906D+01
 E2 =    -0.1256712468D+00 EUMP2 =    -0.58049924183985D+01
 Second order stability test of a single determinant RHF wave function:
 Stabil:  MDV=134217728
 ***********************************************************************
 Matrix         Lowest Root    Major Pairs
 ***********************************************************************
 Internal RHF    -0.086022     6A=7A
 RRHF --> CRHF   -0.1218717    6A=7A
 RRHF --> RUHF   -0.1994715    6A=7B
 Not stable.
 ***********************************************************************

 **********************************************************************

            Population analysis using the SCF density.

 **********************************************************************

 Orbital symmetries:
       Occupied  (AG) (BU) (BU) (AG) (AG) (BU)
       Virtual   (AG) (BU) (BU) (AG) (AG) (BU)
 The electronic state is 1-AG.
 Alpha  occ. eigenvalues --   -1.01277  -0.79028  -0.68957  -0.50670  -0.47277
 Alpha  occ. eigenvalues --   -0.18857
 Alpha virt. eigenvalues --   -0.03173   0.09074   0.21594   0.44253   0.54388
 Alpha virt. eigenvalues --    0.92708
          Condensed to atoms (all electrons):
               1          2          3          4          5          6
     1  H    1.100911   0.087532   0.115715   0.095398  -0.137231  -0.003575
     2  H    0.087532   0.732039  -0.000882  -0.151743   0.401842  -0.072155
     3  H    0.115715  -0.000882   0.722541   0.020198  -0.007743  -0.101373
     4  H    0.095398  -0.151743   0.020198   0.918002  -0.225054   0.404930
     5  H   -0.137231   0.401842  -0.007743  -0.225054   1.452829  -0.221505
     6  H   -0.003575  -0.072155  -0.101373   0.404930  -0.221505   1.012496
     7  H    0.014417  -0.043660  -0.022006   0.112047  -0.101324   0.174322
     8  H   -0.094829  -0.046254   0.112047  -0.046881   0.039886  -0.101892
     9  H   -0.131810  -0.000302   0.174322  -0.101892   0.032641  -0.052944
    10  H    0.020398  -0.001305  -0.101324   0.039886  -0.007686   0.032641
    11  H    0.012878   0.010095  -0.043660  -0.046254  -0.001305  -0.000302
    12  H    0.001463   0.012878   0.014417  -0.094829   0.020398  -0.131810
               7          8          9         10         11         12
     1  H    0.014417  -0.094829  -0.131810   0.020398   0.012878   0.001463
     2  H   -0.043660  -0.046254  -0.000302  -0.001305   0.010095   0.012878
     3  H   -0.022006   0.112047   0.174322  -0.101324  -0.043660   0.014417
     4  H    0.112047  -0.046881  -0.101892   0.039886  -0.046254  -0.094829
     5  H   -0.101324   0.039886   0.032641  -0.007686  -0.001305   0.020398
     6  H    0.174322  -0.101892  -0.052944   0.032641  -0.000302  -0.131810
     7  H    0.722541   0.020198  -0.101373  -0.007743  -0.000882   0.115715
     8  H    0.020198   0.918002   0.404930  -0.225054  -0.151743   0.095398
     9  H   -0.101373   0.404930   1.012496  -0.221505  -0.072155  -0.003575
    10  H   -0.007743  -0.225054  -0.221505   1.452829   0.401842  -0.137231
    11  H   -0.000882  -0.151743  -0.072155   0.401842   0.732039   0.087532
    12  H    0.115715   0.095398  -0.003575  -0.137231   0.087532   1.100911
 Mulliken charges:
               1
     1  H   -0.081268
     2  H    0.071914
     3  H    0.117744
     4  H    0.076192
     5  H   -0.245749
     6  H    0.061166
     7  H    0.117744
     8  H    0.076192
     9  H    0.061166
    10  H   -0.245749
    11  H    0.071914
    12  H   -0.081268
 Sum of Mulliken charges =  -0.00000
 Mulliken charges with hydrogens summed into heavy atoms:
               1
 Electronic spatial extent (au):  <R**2>=            140.1375
 Charge=             -0.0000 electrons
 Dipole moment (field-independent basis, Debye):
    X=              0.0000    Y=             -0.0000    Z=              0.0000  Tot=              0.0000
 Quadrupole moment (field-independent basis, Debye-Ang):
   XX=            -18.2243   YY=            -27.3136   ZZ=            -15.0763
   XY=              3.8976   XZ=             -0.0000   YZ=              0.0000
 Traceless Quadrupole moment (field-independent basis, Debye-Ang):
   XX=              1.9804   YY=             -7.1089   ZZ=              5.1285
   XY=              3.8976   XZ=             -0.0000   YZ=              0.0000
 Octapole moment (field-independent basis, Debye-Ang**2):
  XXX=              0.0000  YYY=             -0.0000  ZZZ=              0.0000  XYY=              0.0000
  XXY=             -0.0000  XXZ=              0.0000  XZZ=              0.0000  YZZ=             -0.0000
  YYZ=              0.0000  XYZ=             -0.0000
 Hexadecapole moment (field-independent basis, Debye-Ang**3):
 XXXX=            -96.3758 YYYY=           -225.0517 ZZZZ=            -17.7542 XXXY=              6.9683
 XXXZ=              0.0000 YYYX=             22.8030 YYYZ=              0.0000 ZZZX=              0.0000
 ZZZY=              0.0000 XXYY=            -60.7332 XXZZ=            -18.7212 YYZZ=            -32.1432
 XXYZ=              0.0000 YYXZ=             -0.0000 ZZXY=              1.6733
 N-N= 2.016960959552D+01 E-N=-5.089190535538D+01  KE= 6.515379134494D+00
 Symmetry AG   KE= 2.955039132056D+00
 Symmetry BG   KE= 0.000000000000D+00
 Symmetry AU   KE= 0.000000000000D+00
 Symmetry BU   KE= 3.560340002438D+00

 Test job not archived.
 1\1\GINC-SULU\Stability\RHF\Gen\H12\LCJ1\17-Feb-2017\0\\#rhf/gen scf(s
 ymm,tight,novaracc,noincfock,fulldiag) stable(crhf) guess=read geom=no
 crowd test\\hf stability analysis of h12 triangular lattice, y= 0.7337
 4917958905994\\0,1\H\H,1,1.0758811254\H,1,1.0758811254,2,94.\H,2,1.075
 8811254,1,86.,3,0.,0\H,2,1.0758811254,1,180.,3,0.,0\H,4,1.0758811254,3
 ,180.,5,0.,0\H,6,1.0758811254,5,180.,3,0.,0\H,4,1.0758811254,2,180.,3,
 0.,0\H,3,1.0758811254,1,180.,4,0.,0\H,9,1.0758811254,3,180.,4,0.,0\H,8
 ,1.0758811254,4,180.,3,0.,0\H,7,1.0758811254,6,180.,3,0.,0\\Version=ES
 64L-G09RevE.01\State=1-AG\HF=-5.6793212\MP2=-5.8049924\RMSD=8.131e-09\
 Dipole=0.,0.,0.\Quadrupole=-4.849117,3.8128994,1.0362176,0.,3.3397846,
 0.\PG=C02H [SGH(H12)]\\@


 THE FIRST MORNING OF CREATION WROTE WHAT THE LAST DAWN OF
 RECKONING SHALL READ. -- OMAR KHAYYAM
 Job cpu time:       0 days  0 hours  0 minutes  1.1 seconds.
 File lengths (MBytes):  RWF=     84 Int=      0 D2E=      0 Chk=      2 Scr=      2
 Normal termination of Gaussian 09 at Fri Feb 17 15:01:12 2017.
