 Entering Gaussian System, Link 0=g09
 AtFile(1): H.gbs
            H     0
            S   10   1.00
               1000.000000000000            0.000068713567
                316.227766000000            0.000169141320
                100.000000000000            0.000823394812
                 31.622776600000            0.003425569236
                 10.000000000000            0.013951996000
                  3.162277660000            0.056909313560
                  1.000000000000            0.198286399900
                  0.316227766000            0.496922426700
                  0.100000000000            0.369846276400
                  0.031622776600            0.003752720039
            ****
 Initial command:
 /projects/guscus/apps/gau/g09-e1/g09/l1.exe "/users/lcj1/gaussian/h12/rhfstability/rect/guess/ag3bu3/Gau-3789.inp" -scrdir="/users/lcj1/gaussian/h12/rhfstability/rect/guess/ag3bu3/"
 Entering Link 1 = /projects/guscus/apps/gau/g09-e1/g09/l1.exe PID=      3790.
  
 Copyright (c) 1988,1990,1992,1993,1995,1998,2003,2009,2015,
            Gaussian, Inc.  All Rights Reserved.
  
 This is part of the Gaussian(R) 09 program.  It is based on
 the Gaussian(R) 03 system (copyright 2003, Gaussian, Inc.),
 the Gaussian(R) 98 system (copyright 1998, Gaussian, Inc.),
 the Gaussian(R) 94 system (copyright 1995, Gaussian, Inc.),
 the Gaussian 92(TM) system (copyright 1992, Gaussian, Inc.),
 the Gaussian 90(TM) system (copyright 1990, Gaussian, Inc.),
 the Gaussian 88(TM) system (copyright 1988, Gaussian, Inc.),
 the Gaussian 86(TM) system (copyright 1986, Carnegie Mellon
 University), and the Gaussian 82(TM) system (copyright 1983,
 Carnegie Mellon University). Gaussian is a federally registered
 trademark of Gaussian, Inc.
  
 This software contains proprietary and confidential information,
 including trade secrets, belonging to Gaussian, Inc.
  
 This software is provided under written license and may be
 used, copied, transmitted, or stored only in accord with that
 written license.
  
 The following legend is applicable only to US Government
 contracts under FAR:
  
                    RESTRICTED RIGHTS LEGEND
  
 Use, reproduction and disclosure by the US Government is
 subject to restrictions as set forth in subparagraphs (a)
 and (c) of the Commercial Computer Software - Restricted
 Rights clause in FAR 52.227-19.
  
 Gaussian, Inc.
 340 Quinnipiac St., Bldg. 40, Wallingford CT 06492
  
  
 ---------------------------------------------------------------
 Warning -- This program may not be used in any manner that
 competes with the business of Gaussian, Inc. or will provide
 assistance to any competitor of Gaussian, Inc.  The licensee
 of this program is prohibited from giving any competitor of
 Gaussian, Inc. access to this program.  By using this program,
 the user acknowledges that Gaussian, Inc. is engaged in the
 business of creating and licensing software in the field of
 computational chemistry and represents and warrants to the
 licensee that it is not a competitor of Gaussian, Inc. and that
 it will not use this program in any manner prohibited above.
 ---------------------------------------------------------------
  

 Cite this work as:
 Gaussian 09, Revision E.01,
 M. J. Frisch, G. W. Trucks, H. B. Schlegel, G. E. Scuseria, 
 M. A. Robb, J. R. Cheeseman, G. Scalmani, V. Barone, B. Mennucci, 
 G. A. Petersson, H. Nakatsuji, M. Caricato, X. Li, H. P. Hratchian, 
 A. F. Izmaylov, J. Bloino, G. Zheng, J. L. Sonnenberg, M. Hada, 
 M. Ehara, K. Toyota, R. Fukuda, J. Hasegawa, M. Ishida, T. Nakajima, 
 Y. Honda, O. Kitao, H. Nakai, T. Vreven, J. A. Montgomery, Jr., 
 J. E. Peralta, F. Ogliaro, M. Bearpark, J. J. Heyd, E. Brothers, 
 K. N. Kudin, V. N. Staroverov, T. Keith, R. Kobayashi, J. Normand, 
 K. Raghavachari, A. Rendell, J. C. Burant, S. S. Iyengar, J. Tomasi, 
 M. Cossi, N. Rega, J. M. Millam, M. Klene, J. E. Knox, J. B. Cross, 
 V. Bakken, C. Adamo, J. Jaramillo, R. Gomperts, R. E. Stratmann, 
 O. Yazyev, A. J. Austin, R. Cammi, C. Pomelli, J. W. Ochterski, 
 R. L. Martin, K. Morokuma, V. G. Zakrzewski, G. A. Voth, 
 P. Salvador, J. J. Dannenberg, S. Dapprich, A. D. Daniels, 
 O. Farkas, J. B. Foresman, J. V. Ortiz, J. Cioslowski, 
 and D. J. Fox, Gaussian, Inc., Wallingford CT, 2013.
 
 ******************************************
 Gaussian 09:  ES64L-G09RevE.01 30-Nov-2015
                17-Feb-2017 
 ******************************************
 %chk=h12.chk
 ----------------------------------------------------------------------
 #rhf/gen scf(symm,tight,novaracc,noincfock,fulldiag) stable(crhf) gues
 s=read geom=nocrowd test
 ----------------------------------------------------------------------
 1/38=1/1;
 2/12=1,17=6,18=5,40=1/2;
 3/5=7,16=1,25=1,30=1,116=1/1,2,3;
 4/5=1,9=4/1;
 5/5=100002,15=2,16=1,32=2,38=6/2;
 8/6=1,10=90,11=11/1,4;
 9/8=4,13=1/2;
 6/7=2,8=2,9=2,10=2,28=1/1;
 99/5=1,9=1/99;
 ----------------------------------------------------------------------
 hf stability analysis of h12 triangular lattice, y= 1.0311871763068714
 ----------------------------------------------------------------------
 Symbolic Z-matrix:
 Charge =  0 Multiplicity = 1
 H
 H                    1     1.17338 
 H                    1     1.17338  2     57. 
 H                    2     1.17338  1     123.     3     0.       0
 H                    2     1.17338  1     180.     3     0.       0
 H                    4     1.17338  3     180.     5     0.       0
 H                    6     1.17338  5     180.     3     0.       0
 H                    4     1.17338  2     180.     3     0.       0
 H                    3     1.17338  1     180.     4     0.       0
 H                    9     1.17338  3     180.     4     0.       0
 H                    8     1.17338  4     180.     3     0.       0
 H                    7     1.17338  6     180.     3     0.       0
 
                          Input orientation:                          
 ---------------------------------------------------------------------
 Center     Atomic      Atomic             Coordinates (Angstroms)
 Number     Number       Type             X           Y           Z
 ---------------------------------------------------------------------
      1          1           0        0.000000    0.000000    0.000000
      2          1           0        0.000000    0.000000    1.173381
      3          1           0        0.984080    0.000000    0.639069
      4          1           0        0.984080    0.000000    1.812450
      5          1           0        0.000000    0.000000    2.346762
      6          1           0        0.984080    0.000000    2.985831
      7          1           0        1.968160    0.000000    3.624900
      8          1           0        1.968160    0.000000    2.451519
      9          1           0        1.968160    0.000000    1.278138
     10          1           0        2.952240    0.000000    1.917207
     11          1           0        2.952240    0.000000    3.090588
     12          1           0        2.952240    0.000000    4.263969
 ---------------------------------------------------------------------
                    Distance matrix (angstroms):
                    1          2          3          4          5
     1  H    0.000000
     2  H    1.173381   0.000000
     3  H    1.173381   1.119778   0.000000
     4  H    2.062374   1.173381   1.173381   0.000000
     5  H    2.346762   1.173381   1.970946   1.119778   0.000000
     6  H    3.143819   2.062374   2.346762   1.173381   1.173381
     7  H    4.124749   3.143819   3.143819   2.062374   2.346762
     8  H    3.143819   2.346762   2.062374   1.173381   1.970946
     9  H    2.346762   1.970946   1.173381   1.119778   2.239556
    10  H    3.520143   3.044503   2.346762   1.970946   2.983327
    11  H    4.274044   3.520143   3.143819   2.346762   3.044503
    12  H    5.186246   4.274044   4.124749   3.143819   3.520143
                    6          7          8          9         10
     6  H    0.000000
     7  H    1.173381   0.000000
     8  H    1.119778   1.173381   0.000000
     9  H    1.970946   2.346762   1.173381   0.000000
    10  H    2.239556   1.970946   1.119778   1.173381   0.000000
    11  H    1.970946   1.119778   1.173381   2.062374   1.173381
    12  H    2.346762   1.173381   2.062374   3.143819   2.346762
                   11         12
    11  H    0.000000
    12  H    1.173381   0.000000
 Stoichiometry    H12
 Framework group  C2H[SGH(H12)]
 Deg. of freedom    11
 Full point group                 C2H     NOp   4
 Largest Abelian subgroup         C2H     NOp   4
 Largest concise Abelian subgroup C2      NOp   2
                         Standard orientation:                         
 ---------------------------------------------------------------------
 Center     Atomic      Atomic             Coordinates (Angstroms)
 Number     Number       Type             X           Y           Z
 ---------------------------------------------------------------------
      1          1           0        0.984080    2.399140    0.000000
      2          1           0        0.000000    1.760071    0.000000
      3          1           0        0.984080    1.225759    0.000000
      4          1           0        0.000000    0.586690    0.000000
      5          1           0       -0.984080    1.121002    0.000000
      6          1           0       -0.984080   -0.052379    0.000000
      7          1           0       -0.984080   -1.225759    0.000000
      8          1           0       -0.000000   -0.586690    0.000000
      9          1           0        0.984080    0.052379   -0.000000
     10          1           0        0.984080   -1.121002   -0.000000
     11          1           0       -0.000000   -1.760071    0.000000
     12          1           0       -0.984080   -2.399140    0.000000
 ---------------------------------------------------------------------
 Rotational constants (GHZ):     79.4713266     19.7757802     15.8352978
 General basis read from cards:  (5D, 7F)
 There are     6 symmetry adapted cartesian basis functions of AG  symmetry.
 There are     0 symmetry adapted cartesian basis functions of BG  symmetry.
 There are     0 symmetry adapted cartesian basis functions of AU  symmetry.
 There are     6 symmetry adapted cartesian basis functions of BU  symmetry.
 There are     6 symmetry adapted basis functions of AG  symmetry.
 There are     0 symmetry adapted basis functions of BG  symmetry.
 There are     0 symmetry adapted basis functions of AU  symmetry.
 There are     6 symmetry adapted basis functions of BU  symmetry.
    12 basis functions,   120 primitive gaussians,    12 cartesian basis functions
     6 alpha electrons        6 beta electrons
       nuclear repulsion energy        19.4091230635 Hartrees.
 NAtoms=   12 NActive=   12 NUniq=    6 SFac= 4.00D+00 NAtFMM=   60 NAOKFM=F Big=F
 Integral buffers will be    131072 words long.
 Regular integral format.
 Two-electron integral symmetry is turned on.
 One-electron integrals computed using PRISM.
 NBasis=    12 RedAO= T EigKep=  1.84D-01  NBF=     6     0     0     6
 NBsUse=    12 1.00D-06 EigRej= -1.00D+00 NBFU=     6     0     0     6
 Initial guess from the checkpoint file:  "h12.chk"
 B after Tr=    -0.000000    0.000000    0.000000
         Rot=    0.968761    0.000000    0.000000   -0.247998 Ang= -28.72 deg.
 Initial guess orbital symmetries:
       Occupied  (AG) (BU) (AG) (BU) (BU) (AG)
       Virtual   (BU) (AG) (BU) (AG) (AG) (BU)
 Keep R1 ints in memory in symmetry-blocked form, NReq=903252.
 Requested convergence on RMS density matrix=1.00D-08 within 128 cycles.
 Requested convergence on MAX density matrix=1.00D-06.
 Requested convergence on             energy=1.00D-06.
 No special actions if energy rises.
 SCF Done:  E(RHF) =  -5.94524632838     A.U. after   13 cycles
            NFock= 13  Conv=0.60D-09     -V/T= 1.9656
 Range of M.O.s used for correlation:     1    12
 NBasis=    12 NAE=     6 NBE=     6 NFC=     0 NFV=     0
 NROrb=     12 NOA=     6 NOB=     6 NVA=     6 NVB=     6
 Semi-Direct transformation.
 ModeAB=           4 MOrb=             6 LenV=     134084969
 LASXX=         2181 LTotXX=        2181 LenRXX=        5115
 LTotAB=        2934 MaxLAS=        3024 LenRXY=           0
 NonZer=        7296 LenScr=      655360 LnRSAI=        3024
 LnScr1=      655360 LExtra=           0 Total=      1318859
 MaxDsk=          -1 SrtSym=           T ITran=            3
 JobTyp=0 Pass  1:  I=   1 to   6.
 (rs|ai) integrals will be sorted in core.
 Spin components of T(2) and E(2):
     alpha-alpha T2 =       0.4513546249D-02 E2=     -0.6867912695D-02
     alpha-beta  T2 =       0.6256429484D-01 E2=     -0.9848724594D-01
     beta-beta   T2 =       0.4513546249D-02 E2=     -0.6867912695D-02
 ANorm=    0.1035176984D+01
 E2 =    -0.1122230713D+00 EUMP2 =    -0.60574693997109D+01
 Second order stability test of a single determinant RHF wave function:
 Stabil:  MDV=134217728
 ***********************************************************************
 Matrix         Lowest Root    Major Pairs
 ***********************************************************************
 Internal RHF     0.2279344    Stable
 RRHF --> CRHF    0.1869497    Stable
 RRHF --> RUHF    0.0627677    Stable
 Stable under the perturbations considered.
 ***********************************************************************

 **********************************************************************

            Population analysis using the SCF density.

 **********************************************************************

 Orbital symmetries:
       Occupied  (AG) (BU) (BU) (AG) (AG) (BU)
       Virtual   (AG) (AG) (BU) (BU) (BU) (AG)
 The electronic state is 1-AG.
 Alpha  occ. eigenvalues --   -0.96157  -0.78932  -0.60902  -0.56655  -0.37508
 Alpha  occ. eigenvalues --   -0.32289
 Alpha virt. eigenvalues --    0.12766   0.20756   0.21891   0.38731   0.48716
 Alpha virt. eigenvalues --    0.56521
          Condensed to atoms (all electrons):
               1          2          3          4          5          6
     1  H    0.989535   0.206042   0.149828  -0.145671  -0.057444   0.012962
     2  H    0.206042   0.705149  -0.023976  -0.076202   0.253521  -0.034673
     3  H    0.149828  -0.023976   0.752344   0.066269  -0.127927  -0.018864
     4  H   -0.145671  -0.076202   0.066269   1.019136   0.203708  -0.057914
     5  H   -0.057444   0.253521  -0.127927   0.203708   1.045223  -0.092585
     6  H    0.012962  -0.034673  -0.018864  -0.057914  -0.092585   0.922605
     7  H    0.002446  -0.008408   0.013029  -0.031901  -0.060924   0.220063
     8  H    0.019604  -0.024986  -0.031901  -0.199548  -0.082812   0.322936
     9  H   -0.068285  -0.106370   0.220063   0.322936  -0.059245  -0.078207
    10  H    0.003902   0.018328  -0.060924  -0.082812   0.020142  -0.059245
    11  H   -0.000243   0.009016  -0.008408  -0.024986   0.018328  -0.106370
    12  H   -0.000783  -0.000243   0.002446   0.019604   0.003902  -0.068285
               7          8          9         10         11         12
     1  H    0.002446   0.019604  -0.068285   0.003902  -0.000243  -0.000783
     2  H   -0.008408  -0.024986  -0.106370   0.018328   0.009016  -0.000243
     3  H    0.013029  -0.031901   0.220063  -0.060924  -0.008408   0.002446
     4  H   -0.031901  -0.199548   0.322936  -0.082812  -0.024986   0.019604
     5  H   -0.060924  -0.082812  -0.059245   0.020142   0.018328   0.003902
     6  H    0.220063   0.322936  -0.078207  -0.059245  -0.106370  -0.068285
     7  H    0.752344   0.066269  -0.018864  -0.127927  -0.023976   0.149828
     8  H    0.066269   1.019136  -0.057914   0.203708  -0.076202  -0.145671
     9  H   -0.018864  -0.057914   0.922605  -0.092585  -0.034673   0.012962
    10  H   -0.127927   0.203708  -0.092585   1.045223   0.253521  -0.057444
    11  H   -0.023976  -0.076202  -0.034673   0.253521   0.705149   0.206042
    12  H    0.149828  -0.145671   0.012962  -0.057444   0.206042   0.989535
 Mulliken charges:
               1
     1  H   -0.111895
     2  H    0.082803
     3  H    0.068021
     4  H   -0.012619
     5  H   -0.063887
     6  H    0.037576
     7  H    0.068021
     8  H   -0.012619
     9  H    0.037576
    10  H   -0.063887
    11  H    0.082803
    12  H   -0.111895
 Sum of Mulliken charges =   0.00000
 Mulliken charges with hydrogens summed into heavy atoms:
               1
 Electronic spatial extent (au):  <R**2>=            155.4264
 Charge=              0.0000 electrons
 Dipole moment (field-independent basis, Debye):
    X=             -0.0000    Y=             -0.0000    Z=             -0.0000  Tot=              0.0000
 Quadrupole moment (field-independent basis, Debye-Ang):
   XX=            -17.8227   YY=            -23.7712   ZZ=            -15.3572
   XY=             -1.3916   XZ=              0.0000   YZ=              0.0000
 Traceless Quadrupole moment (field-independent basis, Debye-Ang):
   XX=              1.1610   YY=             -4.7875   ZZ=              3.6265
   XY=             -1.3916   XZ=              0.0000   YZ=              0.0000
 Octapole moment (field-independent basis, Debye-Ang**2):
  XXX=             -0.0000  YYY=             -0.0000  ZZZ=             -0.0000  XYY=             -0.0000
  XXY=             -0.0000  XXZ=             -0.0000  XZZ=              0.0000  YZZ=             -0.0000
  YYZ=             -0.0000  XYZ=             -0.0000
 Hexadecapole moment (field-independent basis, Debye-Ang**3):
 XXXX=            -86.1825 YYYY=           -276.7347 ZZZZ=            -18.2923 XXXY=            -24.1077
 XXXZ=              0.0000 YYYX=            -34.9438 YYYZ=              0.0000 ZZZX=              0.0000
 ZZZY=              0.0000 XXYY=            -61.3759 XXZZ=            -17.2027 YYZZ=            -40.6951
 XXYZ=              0.0000 YYXZ=              0.0000 ZZXY=             -7.1837
 N-N= 1.940912306352D+01 E-N=-4.961694767255D+01  KE= 6.157073521359D+00
 Symmetry AG   KE= 2.947716676163D+00
 Symmetry BG   KE= 0.000000000000D+00
 Symmetry AU   KE= 0.000000000000D+00
 Symmetry BU   KE= 3.209356845196D+00

 Test job not archived.
 1\1\GINC-SULU\Stability\RHF\Gen\H12\LCJ1\17-Feb-2017\0\\#rhf/gen scf(s
 ymm,tight,novaracc,noincfock,fulldiag) stable(crhf) guess=read geom=no
 crowd test\\hf stability analysis of h12 triangular lattice, y= 1.0311
 871763068714\\0,1\H\H,1,1.1733808374\H,1,1.1733808374,2,57.\H,2,1.1733
 808374,1,123.,3,0.,0\H,2,1.1733808374,1,180.,3,0.,0\H,4,1.1733808374,3
 ,180.,5,0.,0\H,6,1.1733808374,5,180.,3,0.,0\H,4,1.1733808374,2,180.,3,
 0.,0\H,3,1.1733808374,1,180.,4,0.,0\H,9,1.1733808374,3,180.,4,0.,0\H,8
 ,1.1733808374,4,180.,3,0.,0\H,7,1.1733808374,6,180.,3,0.,0\\Version=ES
 64L-G09RevE.01\State=1-AG\HF=-5.9452463\MP2=-6.0574694\RMSD=6.013e-10\
 Dipole=0.,0.,0.\Quadrupole=-1.3023849,2.6962352,-1.3938503,0.,-2.44092
 81,0.\PG=C02H [SGH(H12)]\\@


 UNDER MOST GREENE GRASSE LY MOST GREATE SNAKES.
 -- PROVERBS AND REASONS OF THE YEAR 1585
           AS REPRINTED IN PAISLEY MAGAZINE 1828.
 Job cpu time:       0 days  0 hours  0 minutes  1.1 seconds.
 File lengths (MBytes):  RWF=     84 Int=      0 D2E=      0 Chk=      2 Scr=      2
 Normal termination of Gaussian 09 at Fri Feb 17 15:05:03 2017.
