 Entering Gaussian System, Link 0=g09
 AtFile(1): H.gbs
            H     0
            S   10   1.00
               1000.000000000000            0.000068713567
                316.227766000000            0.000169141320
                100.000000000000            0.000823394812
                 31.622776600000            0.003425569236
                 10.000000000000            0.013951996000
                  3.162277660000            0.056909313560
                  1.000000000000            0.198286399900
                  0.316227766000            0.496922426700
                  0.100000000000            0.369846276400
                  0.031622776600            0.003752720039
            ****
 Initial command:
 /projects/guscus/apps/gau/g09-e1/g09/l1.exe "/users/lcj1/gaussian/h12/rhfstability/rect/guess/ag3bu3/Gau-2687.inp" -scrdir="/users/lcj1/gaussian/h12/rhfstability/rect/guess/ag3bu3/"
 Entering Link 1 = /projects/guscus/apps/gau/g09-e1/g09/l1.exe PID=      2688.
  
 Copyright (c) 1988,1990,1992,1993,1995,1998,2003,2009,2015,
            Gaussian, Inc.  All Rights Reserved.
  
 This is part of the Gaussian(R) 09 program.  It is based on
 the Gaussian(R) 03 system (copyright 2003, Gaussian, Inc.),
 the Gaussian(R) 98 system (copyright 1998, Gaussian, Inc.),
 the Gaussian(R) 94 system (copyright 1995, Gaussian, Inc.),
 the Gaussian 92(TM) system (copyright 1992, Gaussian, Inc.),
 the Gaussian 90(TM) system (copyright 1990, Gaussian, Inc.),
 the Gaussian 88(TM) system (copyright 1988, Gaussian, Inc.),
 the Gaussian 86(TM) system (copyright 1986, Carnegie Mellon
 University), and the Gaussian 82(TM) system (copyright 1983,
 Carnegie Mellon University). Gaussian is a federally registered
 trademark of Gaussian, Inc.
  
 This software contains proprietary and confidential information,
 including trade secrets, belonging to Gaussian, Inc.
  
 This software is provided under written license and may be
 used, copied, transmitted, or stored only in accord with that
 written license.
  
 The following legend is applicable only to US Government
 contracts under FAR:
  
                    RESTRICTED RIGHTS LEGEND
  
 Use, reproduction and disclosure by the US Government is
 subject to restrictions as set forth in subparagraphs (a)
 and (c) of the Commercial Computer Software - Restricted
 Rights clause in FAR 52.227-19.
  
 Gaussian, Inc.
 340 Quinnipiac St., Bldg. 40, Wallingford CT 06492
  
  
 ---------------------------------------------------------------
 Warning -- This program may not be used in any manner that
 competes with the business of Gaussian, Inc. or will provide
 assistance to any competitor of Gaussian, Inc.  The licensee
 of this program is prohibited from giving any competitor of
 Gaussian, Inc. access to this program.  By using this program,
 the user acknowledges that Gaussian, Inc. is engaged in the
 business of creating and licensing software in the field of
 computational chemistry and represents and warrants to the
 licensee that it is not a competitor of Gaussian, Inc. and that
 it will not use this program in any manner prohibited above.
 ---------------------------------------------------------------
  

 Cite this work as:
 Gaussian 09, Revision E.01,
 M. J. Frisch, G. W. Trucks, H. B. Schlegel, G. E. Scuseria, 
 M. A. Robb, J. R. Cheeseman, G. Scalmani, V. Barone, B. Mennucci, 
 G. A. Petersson, H. Nakatsuji, M. Caricato, X. Li, H. P. Hratchian, 
 A. F. Izmaylov, J. Bloino, G. Zheng, J. L. Sonnenberg, M. Hada, 
 M. Ehara, K. Toyota, R. Fukuda, J. Hasegawa, M. Ishida, T. Nakajima, 
 Y. Honda, O. Kitao, H. Nakai, T. Vreven, J. A. Montgomery, Jr., 
 J. E. Peralta, F. Ogliaro, M. Bearpark, J. J. Heyd, E. Brothers, 
 K. N. Kudin, V. N. Staroverov, T. Keith, R. Kobayashi, J. Normand, 
 K. Raghavachari, A. Rendell, J. C. Burant, S. S. Iyengar, J. Tomasi, 
 M. Cossi, N. Rega, J. M. Millam, M. Klene, J. E. Knox, J. B. Cross, 
 V. Bakken, C. Adamo, J. Jaramillo, R. Gomperts, R. E. Stratmann, 
 O. Yazyev, A. J. Austin, R. Cammi, C. Pomelli, J. W. Ochterski, 
 R. L. Martin, K. Morokuma, V. G. Zakrzewski, G. A. Voth, 
 P. Salvador, J. J. Dannenberg, S. Dapprich, A. D. Daniels, 
 O. Farkas, J. B. Foresman, J. V. Ortiz, J. Cioslowski, 
 and D. J. Fox, Gaussian, Inc., Wallingford CT, 2013.
 
 ******************************************
 Gaussian 09:  ES64L-G09RevE.01 30-Nov-2015
                17-Feb-2017 
 ******************************************
 %chk=h12.chk
 ----------------------------------------------------------------------
 #rhf/gen scf(symm,tight,novaracc,noincfock,fulldiag) stable(crhf) gues
 s=read geom=nocrowd test
 ----------------------------------------------------------------------
 1/38=1/1;
 2/12=1,17=6,18=5,40=1/2;
 3/5=7,16=1,25=1,30=1,116=1/1,2,3;
 4/5=1,9=4/1;
 5/5=100002,15=2,16=1,32=2,38=6/2;
 8/6=1,10=90,11=11/1,4;
 9/8=4,13=1/2;
 6/7=2,8=2,9=2,10=2,28=1/1;
 99/5=1,9=1/99;
 ----------------------------------------------------------------------
 hf stability analysis of h12 triangular lattice, y= 0.9851084292399715
 5
 ----------------------------------------------------------------------
 Symbolic Z-matrix:
 Charge =  0 Multiplicity = 1
 H
 H                    1     1.14627 
 H                    1     1.14627  2     61.5 
 H                    2     1.14627  1     118.5    3     0.       0
 H                    2     1.14627  1     180.     3     0.       0
 H                    4     1.14627  3     180.     5     0.       0
 H                    6     1.14627  5     180.     3     0.       0
 H                    4     1.14627  2     180.     3     0.       0
 H                    3     1.14627  1     180.     4     0.       0
 H                    9     1.14627  3     180.     4     0.       0
 H                    8     1.14627  4     180.     3     0.       0
 H                    7     1.14627  6     180.     3     0.       0
 
                          Input orientation:                          
 ---------------------------------------------------------------------
 Center     Atomic      Atomic             Coordinates (Angstroms)
 Number     Number       Type             X           Y           Z
 ---------------------------------------------------------------------
      1          1           0        0.000000    0.000000    0.000000
      2          1           0        0.000000    0.000000    1.146266
      3          1           0        1.007358    0.000000    0.546951
      4          1           0        1.007358    0.000000    1.693217
      5          1           0        0.000000    0.000000    2.292532
      6          1           0        1.007358    0.000000    2.839483
      7          1           0        2.014716    0.000000    3.386434
      8          1           0        2.014716    0.000000    2.240168
      9          1           0        2.014716    0.000000    1.093902
     10          1           0        3.022075    0.000000    1.640853
     11          1           0        3.022075    0.000000    2.787119
     12          1           0        3.022075    0.000000    3.933385
 ---------------------------------------------------------------------
                    Distance matrix (angstroms):
                    1          2          3          4          5
     1  H    0.000000
     2  H    1.146266   0.000000
     3  H    1.146266   1.172156   0.000000
     4  H    1.970217   1.146266   1.146266   0.000000
     5  H    2.292532   1.146266   2.015397   1.172156   0.000000
     6  H    3.012878   1.970217   2.292532   1.146266   1.146266
     7  H    3.940434   3.012878   3.012878   1.970217   2.292532
     8  H    3.012878   2.292532   1.970217   1.146266   2.015397
     9  H    2.292532   2.015397   1.146266   1.172156   2.344312
    10  H    3.438798   3.062279   2.292532   2.015397   3.091540
    11  H    4.111079   3.438798   3.012878   2.292532   3.062279
    12  H    4.960287   4.111079   3.940434   3.012878   3.438798
                    6          7          8          9         10
     6  H    0.000000
     7  H    1.146266   0.000000
     8  H    1.172156   1.146266   0.000000
     9  H    2.015397   2.292532   1.146266   0.000000
    10  H    2.344312   2.015397   1.172156   1.146266   0.000000
    11  H    2.015397   1.172156   1.146266   1.970217   1.146266
    12  H    2.292532   1.146266   1.970217   3.012878   2.292532
                   11         12
    11  H    0.000000
    12  H    1.146266   0.000000
 Stoichiometry    H12
 Framework group  C2H[SGH(H12)]
 Deg. of freedom    11
 Full point group                 C2H     NOp   4
 Largest Abelian subgroup         C2H     NOp   4
 Largest concise Abelian subgroup C2      NOp   2
                         Standard orientation:                         
 ---------------------------------------------------------------------
 Center     Atomic      Atomic             Coordinates (Angstroms)
 Number     Number       Type             X           Y           Z
 ---------------------------------------------------------------------
      1          1           0        1.007358    2.266350    0.000000
      2          1           0        0.000000    1.719399    0.000000
      3          1           0        1.007358    1.120084    0.000000
      4          1           0        0.000000    0.573133    0.000000
      5          1           0       -1.007358    1.172448    0.000000
      6          1           0       -1.007358    0.026182    0.000000
      7          1           0       -1.007358   -1.120084    0.000000
      8          1           0       -0.000000   -0.573133    0.000000
      9          1           0        1.007358   -0.026182   -0.000000
     10          1           0        1.007358   -1.172448    0.000000
     11          1           0       -0.000000   -1.719399    0.000000
     12          1           0       -1.007358   -2.266350    0.000000
 ---------------------------------------------------------------------
 Rotational constants (GHZ):     73.2611166     21.4521370     16.5933220
 General basis read from cards:  (5D, 7F)
 There are     6 symmetry adapted cartesian basis functions of AG  symmetry.
 There are     0 symmetry adapted cartesian basis functions of BG  symmetry.
 There are     0 symmetry adapted cartesian basis functions of AU  symmetry.
 There are     6 symmetry adapted cartesian basis functions of BU  symmetry.
 There are     6 symmetry adapted basis functions of AG  symmetry.
 There are     0 symmetry adapted basis functions of BG  symmetry.
 There are     0 symmetry adapted basis functions of AU  symmetry.
 There are     6 symmetry adapted basis functions of BU  symmetry.
    12 basis functions,   120 primitive gaussians,    12 cartesian basis functions
     6 alpha electrons        6 beta electrons
       nuclear repulsion energy        19.6066741389 Hartrees.
 NAtoms=   12 NActive=   12 NUniq=    6 SFac= 4.00D+00 NAtFMM=   60 NAOKFM=F Big=F
 Integral buffers will be    131072 words long.
 Regular integral format.
 Two-electron integral symmetry is turned on.
 One-electron integrals computed using PRISM.
 NBasis=    12 RedAO= T EigKep=  1.73D-01  NBF=     6     0     0     6
 NBsUse=    12 1.00D-06 EigRej= -1.00D+00 NBFU=     6     0     0     6
 Initial guess from the checkpoint file:  "h12.chk"
 B after Tr=     0.000000    0.000000    0.000000
         Rot=    0.970851    0.000000    0.000000   -0.239684 Ang= -27.74 deg.
 Initial guess orbital symmetries:
       Occupied  (AG) (BU) (AG) (BU) (BU) (AG)
       Virtual   (BU) (AG) (BU) (AG) (AG) (BU)
 Keep R1 ints in memory in symmetry-blocked form, NReq=903714.
 Requested convergence on RMS density matrix=1.00D-08 within 128 cycles.
 Requested convergence on MAX density matrix=1.00D-06.
 Requested convergence on             energy=1.00D-06.
 No special actions if energy rises.
 SCF Done:  E(RHF) =  -5.91496996562     A.U. after   13 cycles
            NFock= 13  Conv=0.67D-08     -V/T= 1.9537
 Range of M.O.s used for correlation:     1    12
 NBasis=    12 NAE=     6 NBE=     6 NFC=     0 NFV=     0
 NROrb=     12 NOA=     6 NOB=     6 NVA=     6 NVB=     6
 Semi-Direct transformation.
 ModeAB=           4 MOrb=             6 LenV=     134084395
 LASXX=         2181 LTotXX=        2181 LenRXX=        5115
 LTotAB=        2934 MaxLAS=        3024 LenRXY=           0
 NonZer=        7296 LenScr=      655360 LnRSAI=        3024
 LnScr1=      655360 LExtra=           0 Total=      1318859
 MaxDsk=          -1 SrtSym=           T ITran=            3
 JobTyp=0 Pass  1:  I=   1 to   6.
 (rs|ai) integrals will be sorted in core.
 Spin components of T(2) and E(2):
     alpha-alpha T2 =       0.4680959317D-02 E2=     -0.7077665569D-02
     alpha-beta  T2 =       0.6322242237D-01 E2=     -0.9915406943D-01
     beta-beta   T2 =       0.4680959317D-02 E2=     -0.7077665569D-02
 ANorm=    0.1035656478D+01
 E2 =    -0.1133094006D+00 EUMP2 =    -0.60282793661851D+01
 Second order stability test of a single determinant RHF wave function:
 Stabil:  MDV=134217728
 ***********************************************************************
 Matrix         Lowest Root    Major Pairs
 ***********************************************************************
 Internal RHF     0.1578003    Stable
 RRHF --> CRHF    0.1176319    Stable
 RRHF --> RUHF    0.0293968    Stable
 Stable under the perturbations considered.
 ***********************************************************************

 **********************************************************************

            Population analysis using the SCF density.

 **********************************************************************

 Orbital symmetries:
       Occupied  (AG) (BU) (BU) (AG) (AG) (BU)
       Virtual   (AG) (BU) (AG) (BU) (BU) (AG)
 The electronic state is 1-AG.
 Alpha  occ. eigenvalues --   -0.97717  -0.79192  -0.63457  -0.55713  -0.39593
 Alpha  occ. eigenvalues --   -0.30040
 Alpha virt. eigenvalues --    0.08226   0.20156   0.24823   0.34245   0.56456
 Alpha virt. eigenvalues --    0.57378
          Condensed to atoms (all electrons):
               1          2          3          4          5          6
     1  H    1.082793   0.222508   0.124742  -0.173414  -0.066388   0.014789
     2  H    0.222508   0.689651  -0.022949  -0.088289   0.247067  -0.032205
     3  H    0.124742  -0.022949   0.758179   0.108943  -0.114397  -0.031876
     4  H   -0.173414  -0.088289   0.108943   1.058586   0.187781  -0.051427
     5  H   -0.066388   0.247067  -0.114397   0.187781   1.036992  -0.073335
     6  H    0.014789  -0.032205  -0.031876  -0.051427  -0.073335   0.866617
     7  H    0.004068  -0.009419   0.014079  -0.042247  -0.070234   0.213903
     8  H    0.025632  -0.030521  -0.042247  -0.213549  -0.089004   0.313893
     9  H   -0.078933  -0.092275   0.213903   0.313893  -0.039402  -0.079840
    10  H    0.005384   0.017697  -0.070234  -0.089004   0.018072  -0.039402
    11  H   -0.000205   0.009940  -0.009419  -0.030521   0.017697  -0.092275
    12  H   -0.001299  -0.000205   0.004068   0.025632   0.005384  -0.078933
               7          8          9         10         11         12
     1  H    0.004068   0.025632  -0.078933   0.005384  -0.000205  -0.001299
     2  H   -0.009419  -0.030521  -0.092275   0.017697   0.009940  -0.000205
     3  H    0.014079  -0.042247   0.213903  -0.070234  -0.009419   0.004068
     4  H   -0.042247  -0.213549   0.313893  -0.089004  -0.030521   0.025632
     5  H   -0.070234  -0.089004  -0.039402   0.018072   0.017697   0.005384
     6  H    0.213903   0.313893  -0.079840  -0.039402  -0.092275  -0.078933
     7  H    0.758179   0.108943  -0.031876  -0.114397  -0.022949   0.124742
     8  H    0.108943   1.058586  -0.051427   0.187781  -0.088289  -0.173414
     9  H   -0.031876  -0.051427   0.866617  -0.073335  -0.032205   0.014789
    10  H   -0.114397   0.187781  -0.073335   1.036992   0.247067  -0.066388
    11  H   -0.022949  -0.088289  -0.032205   0.247067   0.689651   0.222508
    12  H    0.124742  -0.173414   0.014789  -0.066388   0.222508   1.082793
 Mulliken charges:
               1
     1  H   -0.159678
     2  H    0.088999
     3  H    0.067206
     4  H   -0.006385
     5  H   -0.060232
     6  H    0.070091
     7  H    0.067206
     8  H   -0.006385
     9  H    0.070091
    10  H   -0.060232
    11  H    0.088999
    12  H   -0.159678
 Sum of Mulliken charges =  -0.00000
 Mulliken charges with hydrogens summed into heavy atoms:
               1
 Electronic spatial extent (au):  <R**2>=            151.7516
 Charge=             -0.0000 electrons
 Dipole moment (field-independent basis, Debye):
    X=              0.0000    Y=             -0.0000    Z=             -0.0000  Tot=              0.0000
 Quadrupole moment (field-independent basis, Debye-Ang):
   XX=            -17.7619   YY=            -25.8838   ZZ=            -15.3111
   XY=             -2.6225   XZ=              0.0000   YZ=              0.0000
 Traceless Quadrupole moment (field-independent basis, Debye-Ang):
   XX=              1.8904   YY=             -6.2315   ZZ=              4.3412
   XY=             -2.6225   XZ=              0.0000   YZ=              0.0000
 Octapole moment (field-independent basis, Debye-Ang**2):
  XXX=              0.0000  YYY=             -0.0000  ZZZ=             -0.0000  XYY=             -0.0000
  XXY=              0.0000  XXZ=             -0.0000  XZZ=              0.0000  YZZ=             -0.0000
  YYZ=             -0.0000  XYZ=             -0.0000
 Hexadecapole moment (field-independent basis, Debye-Ang**3):
 XXXX=            -88.5894 YYYY=           -274.2795 ZZZZ=            -18.1973 XXXY=            -23.5193
 XXXZ=              0.0000 YYYX=            -38.8324 YYYZ=              0.0000 ZZZX=              0.0000
 ZZZY=              0.0000 XXYY=            -62.3850 XXZZ=            -17.6012 YYZZ=            -38.6415
 XXYZ=              0.0000 YYXZ=              0.0000 ZZXY=             -6.6100
 N-N= 1.960667413891D+01 E-N=-4.993136951630D+01  KE= 6.202313533673D+00
 Symmetry AG   KE= 2.944861215381D+00
 Symmetry BG   KE= 0.000000000000D+00
 Symmetry AU   KE= 0.000000000000D+00
 Symmetry BU   KE= 3.257452318292D+00

 Test job not archived.
 1\1\GINC-SULU\Stability\RHF\Gen\H12\LCJ1\17-Feb-2017\0\\#rhf/gen scf(s
 ymm,tight,novaracc,noincfock,fulldiag) stable(crhf) guess=read geom=no
 crowd test\\hf stability analysis of h12 triangular lattice, y= 0.9851
 0842923997155\\0,1\H\H,1,1.1462660729\H,1,1.1462660729,2,61.5\H,2,1.14
 62660729,1,118.5,3,0.,0\H,2,1.1462660729,1,180.,3,0.,0\H,4,1.146266072
 9,3,180.,5,0.,0\H,6,1.1462660729,5,180.,3,0.,0\H,4,1.1462660729,2,180.
 ,3,0.,0\H,3,1.1462660729,1,180.,4,0.,0\H,9,1.1462660729,3,180.,4,0.,0\
 H,8,1.1462660729,4,180.,3,0.,0\H,7,1.1462660729,6,180.,3,0.,0\\Version
 =ES64L-G09RevE.01\State=1-AG\HF=-5.91497\MP2=-6.0282794\RMSD=6.734e-09
 \Dipole=0.,0.,0.\Quadrupole=-1.6229509,3.2275559,-1.604605,0.,-3.59404
 95,0.\PG=C02H [SGH(H12)]\\@


 COLLEGE PROFESSOR: SOMEONE WHO TALKS IN OTHER PEOPLE'S SLEEP.
 Job cpu time:       0 days  0 hours  0 minutes  1.1 seconds.
 File lengths (MBytes):  RWF=     84 Int=      0 D2E=      0 Chk=      2 Scr=      2
 Normal termination of Gaussian 09 at Fri Feb 17 15:04:36 2017.
