 Entering Gaussian System, Link 0=g09
 AtFile(1): H.gbs
            H     0
            S   10   1.00
               1000.000000000000            0.000068713567
                316.227766000000            0.000169141320
                100.000000000000            0.000823394812
                 31.622776600000            0.003425569236
                 10.000000000000            0.013951996000
                  3.162277660000            0.056909313560
                  1.000000000000            0.198286399900
                  0.316227766000            0.496922426700
                  0.100000000000            0.369846276400
                  0.031622776600            0.003752720039
            ****
 Initial command:
 /projects/guscus/apps/gau/g09-e1/g09/l1.exe "/users/lcj1/gaussian/h12/rhfstability/rect/guess/ag3bu3/Gau-13258.inp" -scrdir="/users/lcj1/gaussian/h12/rhfstability/rect/guess/ag3bu3/"
 Entering Link 1 = /projects/guscus/apps/gau/g09-e1/g09/l1.exe PID=     13259.
  
 Copyright (c) 1988,1990,1992,1993,1995,1998,2003,2009,2015,
            Gaussian, Inc.  All Rights Reserved.
  
 This is part of the Gaussian(R) 09 program.  It is based on
 the Gaussian(R) 03 system (copyright 2003, Gaussian, Inc.),
 the Gaussian(R) 98 system (copyright 1998, Gaussian, Inc.),
 the Gaussian(R) 94 system (copyright 1995, Gaussian, Inc.),
 the Gaussian 92(TM) system (copyright 1992, Gaussian, Inc.),
 the Gaussian 90(TM) system (copyright 1990, Gaussian, Inc.),
 the Gaussian 88(TM) system (copyright 1988, Gaussian, Inc.),
 the Gaussian 86(TM) system (copyright 1986, Carnegie Mellon
 University), and the Gaussian 82(TM) system (copyright 1983,
 Carnegie Mellon University). Gaussian is a federally registered
 trademark of Gaussian, Inc.
  
 This software contains proprietary and confidential information,
 including trade secrets, belonging to Gaussian, Inc.
  
 This software is provided under written license and may be
 used, copied, transmitted, or stored only in accord with that
 written license.
  
 The following legend is applicable only to US Government
 contracts under FAR:
  
                    RESTRICTED RIGHTS LEGEND
  
 Use, reproduction and disclosure by the US Government is
 subject to restrictions as set forth in subparagraphs (a)
 and (c) of the Commercial Computer Software - Restricted
 Rights clause in FAR 52.227-19.
  
 Gaussian, Inc.
 340 Quinnipiac St., Bldg. 40, Wallingford CT 06492
  
  
 ---------------------------------------------------------------
 Warning -- This program may not be used in any manner that
 competes with the business of Gaussian, Inc. or will provide
 assistance to any competitor of Gaussian, Inc.  The licensee
 of this program is prohibited from giving any competitor of
 Gaussian, Inc. access to this program.  By using this program,
 the user acknowledges that Gaussian, Inc. is engaged in the
 business of creating and licensing software in the field of
 computational chemistry and represents and warrants to the
 licensee that it is not a competitor of Gaussian, Inc. and that
 it will not use this program in any manner prohibited above.
 ---------------------------------------------------------------
  

 Cite this work as:
 Gaussian 09, Revision E.01,
 M. J. Frisch, G. W. Trucks, H. B. Schlegel, G. E. Scuseria, 
 M. A. Robb, J. R. Cheeseman, G. Scalmani, V. Barone, B. Mennucci, 
 G. A. Petersson, H. Nakatsuji, M. Caricato, X. Li, H. P. Hratchian, 
 A. F. Izmaylov, J. Bloino, G. Zheng, J. L. Sonnenberg, M. Hada, 
 M. Ehara, K. Toyota, R. Fukuda, J. Hasegawa, M. Ishida, T. Nakajima, 
 Y. Honda, O. Kitao, H. Nakai, T. Vreven, J. A. Montgomery, Jr., 
 J. E. Peralta, F. Ogliaro, M. Bearpark, J. J. Heyd, E. Brothers, 
 K. N. Kudin, V. N. Staroverov, T. Keith, R. Kobayashi, J. Normand, 
 K. Raghavachari, A. Rendell, J. C. Burant, S. S. Iyengar, J. Tomasi, 
 M. Cossi, N. Rega, J. M. Millam, M. Klene, J. E. Knox, J. B. Cross, 
 V. Bakken, C. Adamo, J. Jaramillo, R. Gomperts, R. E. Stratmann, 
 O. Yazyev, A. J. Austin, R. Cammi, C. Pomelli, J. W. Ochterski, 
 R. L. Martin, K. Morokuma, V. G. Zakrzewski, G. A. Voth, 
 P. Salvador, J. J. Dannenberg, S. Dapprich, A. D. Daniels, 
 O. Farkas, J. B. Foresman, J. V. Ortiz, J. Cioslowski, 
 and D. J. Fox, Gaussian, Inc., Wallingford CT, 2013.
 
 ******************************************
 Gaussian 09:  ES64L-G09RevE.01 30-Nov-2015
                17-Feb-2017 
 ******************************************
 %chk=h12.chk
 ----------------------------------------------------------------------
 #rhf/gen scf(symm,tight,novaracc,noincfock,fulldiag) stable(crhf) gues
 s=read geom=nocrowd test
 ----------------------------------------------------------------------
 1/38=1/1;
 2/12=1,17=6,18=5,40=1/2;
 3/5=7,16=1,25=1,30=1,116=1/1,2,3;
 4/5=1,9=4/1;
 5/5=100002,15=2,16=1,32=2,38=6/2;
 8/6=1,10=90,11=11/1,4;
 9/8=4,13=1/2;
 6/7=2,8=2,9=2,10=2,28=1/1;
 99/5=1,9=1/99;
 ----------------------------------------------------------------------
 hf stability analysis of h12 triangular lattice, y= 0.4001417309484786
 0
 ----------------------------------------------------------------------
 Symbolic Z-matrix:
 Charge =  0 Multiplicity = 1
 H
 H                    1     1.49732 
 H                    1     1.49732  2     149. 
 H                    2     1.49732  1     31.      3     0.       0
 H                    2     1.49732  1     180.     3     0.       0
 H                    4     1.49732  3     180.     5     0.       0
 H                    6     1.49732  5     180.     3     0.       0
 H                    4     1.49732  2     180.     3     0.       0
 H                    3     1.49732  1     180.     4     0.       0
 H                    9     1.49732  3     180.     4     0.       0
 H                    8     1.49732  4     180.     3     0.       0
 H                    7     1.49732  6     180.     3     0.       0
 
                          Input orientation:                          
 ---------------------------------------------------------------------
 Center     Atomic      Atomic             Coordinates (Angstroms)
 Number     Number       Type             X           Y           Z
 ---------------------------------------------------------------------
      1          1           0        0.000000    0.000000    0.000000
      2          1           0        0.000000    0.000000    1.497321
      3          1           0        0.771177    0.000000   -1.283455
      4          1           0        0.771177    0.000000    0.213866
      5          1           0        0.000000    0.000000    2.994643
      6          1           0        0.771177    0.000000    1.711188
      7          1           0        1.542355    0.000000    0.427733
      8          1           0        1.542355    0.000000   -1.069588
      9          1           0        1.542355    0.000000   -2.566910
     10          1           0        2.313532    0.000000   -3.850365
     11          1           0        2.313532    0.000000   -2.353043
     12          1           0        2.313532    0.000000   -0.855722
 ---------------------------------------------------------------------
                    Distance matrix (angstroms):
                    1          2          3          4          5
     1  H    0.000000
     2  H    1.497321   0.000000
     3  H    1.497321   2.885729   0.000000
     4  H    0.800283   1.497321   1.497321   0.000000
     5  H    2.994643   1.497321   4.347049   2.885729   0.000000
     6  H    1.876933   0.800283   2.994643   1.497321   1.497321
     7  H    1.600567   1.876933   1.876933   0.800283   2.994643
     8  H    1.876933   2.994643   0.800283   1.497321   4.347049
     9  H    2.994643   4.347049   1.497321   2.885729   5.771458
    10  H    4.491964   5.826678   2.994643   4.347049   7.225411
    11  H    3.299886   4.491964   1.876933   2.994643   5.826678
    12  H    2.466717   3.299886   1.600567   1.876933   4.491964
                    6          7          8          9         10
     6  H    0.000000
     7  H    1.497321   0.000000
     8  H    2.885729   1.497321   0.000000
     9  H    4.347049   2.994643   1.497321   0.000000
    10  H    5.771458   4.347049   2.885729   1.497321   0.000000
    11  H    4.347049   2.885729   1.497321   0.800283   1.497321
    12  H    2.994643   1.497321   0.800283   1.876933   2.994643
                   11         12
    11  H    0.000000
    12  H    1.497321   0.000000
 Stoichiometry    H12
 Framework group  C2H[SGH(H12)]
 Deg. of freedom    11
 Full point group                 C2H     NOp   4
 Largest Abelian subgroup         C2H     NOp   4
 Largest concise Abelian subgroup C2      NOp   2
                         Standard orientation:                         
 ---------------------------------------------------------------------
 Center     Atomic      Atomic             Coordinates (Angstroms)
 Number     Number       Type             X           Y           Z
 ---------------------------------------------------------------------
      1          1           0        0.771177    0.962527    0.000000
      2          1           0        0.000000    2.245982    0.000000
      3          1           0        0.771177   -0.534794    0.000000
      4          1           0        0.000000    0.748661    0.000000
      5          1           0       -0.771177    3.529437   -0.000000
      6          1           0       -0.771177    2.032116   -0.000000
      7          1           0       -0.771177    0.534794   -0.000000
      8          1           0       -0.000000   -0.748661    0.000000
      9          1           0        0.771177   -2.032116    0.000000
     10          1           0        0.771177   -3.529437    0.000000
     11          1           0       -0.000000   -2.245982    0.000000
     12          1           0       -0.771177   -0.962527   -0.000000
 ---------------------------------------------------------------------
 Rotational constants (GHZ):    151.2176201     10.3930196      9.7246548
 General basis read from cards:  (5D, 7F)
 There are     6 symmetry adapted cartesian basis functions of AG  symmetry.
 There are     0 symmetry adapted cartesian basis functions of BG  symmetry.
 There are     0 symmetry adapted cartesian basis functions of AU  symmetry.
 There are     6 symmetry adapted cartesian basis functions of BU  symmetry.
 There are     6 symmetry adapted basis functions of AG  symmetry.
 There are     0 symmetry adapted basis functions of BG  symmetry.
 There are     0 symmetry adapted basis functions of AU  symmetry.
 There are     6 symmetry adapted basis functions of BU  symmetry.
    12 basis functions,   120 primitive gaussians,    12 cartesian basis functions
     6 alpha electrons        6 beta electrons
       nuclear repulsion energy        17.6566852031 Hartrees.
 NAtoms=   12 NActive=   12 NUniq=    6 SFac= 4.00D+00 NAtFMM=   60 NAOKFM=F Big=F
 Integral buffers will be    131072 words long.
 Regular integral format.
 Two-electron integral symmetry is turned on.
 One-electron integrals computed using PRISM.
 NBasis=    12 RedAO= T EigKep=  1.17D-01  NBF=     6     0     0     6
 NBsUse=    12 1.00D-06 EigRej= -1.00D+00 NBFU=     6     0     0     6
 Initial guess from the checkpoint file:  "h12.chk"
 B after Tr=     0.000000    0.000000    0.000000
         Rot=    0.999995    0.000000    0.000000   -0.003035 Ang=  -0.35 deg.
 Initial guess orbital symmetries:
       Occupied  (AG) (BU) (AG) (BU) (BU) (AG)
       Virtual   (BU) (AG) (BU) (AG) (AG) (BU)
 Keep R1 ints in memory in symmetry-blocked form, NReq=898590.
 Requested convergence on RMS density matrix=1.00D-08 within 128 cycles.
 Requested convergence on MAX density matrix=1.00D-06.
 Requested convergence on             energy=1.00D-06.
 No special actions if energy rises.
 SCF Done:  E(RHF) =  -5.75491766879     A.U. after   12 cycles
            NFock= 12  Conv=0.16D-09     -V/T= 1.9031
 Range of M.O.s used for correlation:     1    12
 NBasis=    12 NAE=     6 NBE=     6 NFC=     0 NFV=     0
 NROrb=     12 NOA=     6 NOB=     6 NVA=     6 NVB=     6
 Semi-Direct transformation.
 ModeAB=           4 MOrb=             6 LenV=     134089463
 LASXX=         2181 LTotXX=        2181 LenRXX=        5115
 LTotAB=        2934 MaxLAS=        3024 LenRXY=           0
 NonZer=        7296 LenScr=      655360 LnRSAI=        3024
 LnScr1=      655360 LExtra=           0 Total=      1318859
 MaxDsk=          -1 SrtSym=           T ITran=            3
 JobTyp=0 Pass  1:  I=   1 to   6.
 (rs|ai) integrals will be sorted in core.
 Spin components of T(2) and E(2):
     alpha-alpha T2 =       0.6356574258D-02 E2=     -0.6421927881D-02
     alpha-beta  T2 =       0.6096347418D+00 E2=     -0.2225421848D+00
     beta-beta   T2 =       0.6356574258D-02 E2=     -0.6421927881D-02
 ANorm=    0.1273714211D+01
 E2 =    -0.2353860405D+00 EUMP2 =    -0.59903037093258D+01
 Second order stability test of a single determinant RHF wave function:
 Stabil:  MDV=134217728
 ***********************************************************************
 Matrix         Lowest Root    Major Pairs
 ***********************************************************************
 Internal RHF     0.0421261    Stable
 RRHF --> CRHF   -0.0169098    6A=8A
 RRHF --> RUHF   -0.3711933    6A=7B
 Not stable.
 ***********************************************************************

 **********************************************************************

            Population analysis using the SCF density.

 **********************************************************************

 Orbital symmetries:
       Occupied  (AG) (BU) (AG) (BU) (BU) (AG)
       Virtual   (BU) (AG) (BU) (AG) (AG) (BU)
 The electronic state is 1-AG.
 Alpha  occ. eigenvalues --   -0.87199  -0.75437  -0.62136  -0.51660  -0.40328
 Alpha  occ. eigenvalues --   -0.16514
 Alpha virt. eigenvalues --   -0.03930  -0.00232   0.38564   0.44751   0.61829
 Alpha virt. eigenvalues --    0.85262
          Condensed to atoms (all electrons):
               1          2          3          4          5          6
     1  H    0.940162  -0.059899   0.104580   0.346876   0.028214  -0.140180
     2  H   -0.059899   0.627511   0.010467  -0.096633   0.066116   0.430067
     3  H    0.104580   0.010467   0.926223  -0.077732  -0.000766   0.002638
     4  H    0.346876  -0.096633  -0.077732   0.942103  -0.012061  -0.086151
     5  H    0.028214   0.066116  -0.000766  -0.012061   1.079342  -0.130877
     6  H   -0.140180   0.430067   0.002638  -0.086151  -0.130877   0.862550
     7  H   -0.164084  -0.050405  -0.156721   0.303328  -0.033010   0.076543
     8  H   -0.039368   0.003076   0.303328  -0.128664   0.001403  -0.001235
     9  H   -0.009528   0.000705   0.076543  -0.001235  -0.000316   0.002291
    10  H    0.002590  -0.000088  -0.033010   0.001403   0.000039  -0.000316
    11  H   -0.003739   0.000001  -0.050405   0.003076  -0.000088   0.000705
    12  H   -0.035898  -0.003739  -0.164084  -0.039368   0.002590  -0.009528
               7          8          9         10         11         12
     1  H   -0.164084  -0.039368  -0.009528   0.002590  -0.003739  -0.035898
     2  H   -0.050405   0.003076   0.000705  -0.000088   0.000001  -0.003739
     3  H   -0.156721   0.303328   0.076543  -0.033010  -0.050405  -0.164084
     4  H    0.303328  -0.128664  -0.001235   0.001403   0.003076  -0.039368
     5  H   -0.033010   0.001403  -0.000316   0.000039  -0.000088   0.002590
     6  H    0.076543  -0.001235   0.002291  -0.000316   0.000705  -0.009528
     7  H    0.926223  -0.077732   0.002638  -0.000766   0.010467   0.104580
     8  H   -0.077732   0.942103  -0.086151  -0.012061  -0.096633   0.346876
     9  H    0.002638  -0.086151   0.862550  -0.130877   0.430067  -0.140180
    10  H   -0.000766  -0.012061  -0.130877   1.079342   0.066116   0.028214
    11  H    0.010467  -0.096633   0.430067   0.066116   0.627511  -0.059899
    12  H    0.104580   0.346876  -0.140180   0.028214  -0.059899   0.940162
 Mulliken charges:
               1
     1  H    0.030275
     2  H    0.072823
     3  H    0.058938
     4  H   -0.154942
     5  H   -0.000587
     6  H   -0.006506
     7  H    0.058938
     8  H   -0.154942
     9  H   -0.006506
    10  H   -0.000587
    11  H    0.072823
    12  H    0.030275
 Sum of Mulliken charges =   0.00000
 Mulliken charges with hydrogens summed into heavy atoms:
               1
 Electronic spatial extent (au):  <R**2>=            220.3167
 Charge=              0.0000 electrons
 Dipole moment (field-independent basis, Debye):
    X=              0.0000    Y=              0.0000    Z=             -0.0000  Tot=              0.0000
 Quadrupole moment (field-independent basis, Debye-Ang):
   XX=            -16.2975   YY=            -17.0740   ZZ=            -15.2831
   XY=              1.1618   XZ=             -0.0000   YZ=              0.0000
 Traceless Quadrupole moment (field-independent basis, Debye-Ang):
   XX=             -0.0793   YY=             -0.8558   ZZ=              0.9351
   XY=              1.1618   XZ=             -0.0000   YZ=              0.0000
 Octapole moment (field-independent basis, Debye-Ang**2):
  XXX=              0.0000  YYY=              0.0000  ZZZ=              0.0000  XYY=              0.0000
  XXY=             -0.0000  XXZ=              0.0000  XZZ=              0.0000  YZZ=             -0.0000
  YYZ=              0.0000  XYZ=             -0.0000
 Hexadecapole moment (field-independent basis, Debye-Ang**3):
 XXXX=            -58.3025 YYYY=           -454.5691 ZZZZ=            -18.2681 XXXY=             30.2778
 XXXZ=             -0.0000 YYYX=             43.4203 YYYZ=              0.0000 ZZZX=             -0.0000
 ZZZY=              0.0000 XXYY=            -73.0414 XXZZ=            -12.7601 YYZZ=            -68.4666
 XXYZ=              0.0000 YYXZ=             -0.0000 ZZXY=             10.6308
 N-N= 1.765668520309D+01 E-N=-4.653013745446D+01  KE= 6.372405384270D+00
 Symmetry AG   KE= 3.037390243784D+00
 Symmetry BG   KE= 0.000000000000D+00
 Symmetry AU   KE= 0.000000000000D+00
 Symmetry BU   KE= 3.335015140486D+00

 Test job not archived.
 1\1\GINC-SULU\Stability\RHF\Gen\H12\LCJ1\17-Feb-2017\0\\#rhf/gen scf(s
 ymm,tight,novaracc,noincfock,fulldiag) stable(crhf) guess=read geom=no
 crowd test\\hf stability analysis of h12 triangular lattice, y= 0.4001
 4173094847860\\0,1\H\H,1,1.4973213277\H,1,1.4973213277,2,149.\H,2,1.49
 73213277,1,31.,3,0.,0\H,2,1.4973213277,1,180.,3,0.,0\H,4,1.4973213277,
 3,180.,5,0.,0\H,6,1.4973213277,5,180.,3,0.,0\H,4,1.4973213277,2,180.,3
 ,0.,0\H,3,1.4973213277,1,180.,4,0.,0\H,9,1.4973213277,3,180.,4,0.,0\H,
 8,1.4973213277,4,180.,3,0.,0\H,7,1.4973213277,6,180.,3,0.,0\\Version=E
 S64L-G09RevE.01\State=1-AG\HF=-5.7549177\MP2=-5.9903037\RMSD=1.591e-10
 \Dipole=0.,0.,0.\Quadrupole=0.5505366,0.6952448,-1.2457814,0.,-0.15063
 17,0.\PG=C02H [SGH(H12)]\\@


 Statistics are no substitute for judgment.
                            -- Henry Clay
 Job cpu time:       0 days  0 hours  0 minutes  1.0 seconds.
 File lengths (MBytes):  RWF=     84 Int=      0 D2E=      0 Chk=      2 Scr=      2
 Normal termination of Gaussian 09 at Fri Feb 17 14:55:23 2017.
