 Entering Gaussian System, Link 0=g09
 AtFile(1): H.gbs
            H     0
            S   10   1.00
               1000.000000000000            0.000068713567
                316.227766000000            0.000169141320
                100.000000000000            0.000823394812
                 31.622776600000            0.003425569236
                 10.000000000000            0.013951996000
                  3.162277660000            0.056909313560
                  1.000000000000            0.198286399900
                  0.316227766000            0.496922426700
                  0.100000000000            0.369846276400
                  0.031622776600            0.003752720039
            ****
 Initial command:
 /projects/guscus/apps/gau/g09-e1/g09/l1.exe "/users/lcj1/gaussian/h12/rhfstability/rect/guess/ag3bu3/Gau-24943.inp" -scrdir="/users/lcj1/gaussian/h12/rhfstability/rect/guess/ag3bu3/"
 Entering Link 1 = /projects/guscus/apps/gau/g09-e1/g09/l1.exe PID=     24948.
  
 Copyright (c) 1988,1990,1992,1993,1995,1998,2003,2009,2015,
            Gaussian, Inc.  All Rights Reserved.
  
 This is part of the Gaussian(R) 09 program.  It is based on
 the Gaussian(R) 03 system (copyright 2003, Gaussian, Inc.),
 the Gaussian(R) 98 system (copyright 1998, Gaussian, Inc.),
 the Gaussian(R) 94 system (copyright 1995, Gaussian, Inc.),
 the Gaussian 92(TM) system (copyright 1992, Gaussian, Inc.),
 the Gaussian 90(TM) system (copyright 1990, Gaussian, Inc.),
 the Gaussian 88(TM) system (copyright 1988, Gaussian, Inc.),
 the Gaussian 86(TM) system (copyright 1986, Carnegie Mellon
 University), and the Gaussian 82(TM) system (copyright 1983,
 Carnegie Mellon University). Gaussian is a federally registered
 trademark of Gaussian, Inc.
  
 This software contains proprietary and confidential information,
 including trade secrets, belonging to Gaussian, Inc.
  
 This software is provided under written license and may be
 used, copied, transmitted, or stored only in accord with that
 written license.
  
 The following legend is applicable only to US Government
 contracts under FAR:
  
                    RESTRICTED RIGHTS LEGEND
  
 Use, reproduction and disclosure by the US Government is
 subject to restrictions as set forth in subparagraphs (a)
 and (c) of the Commercial Computer Software - Restricted
 Rights clause in FAR 52.227-19.
  
 Gaussian, Inc.
 340 Quinnipiac St., Bldg. 40, Wallingford CT 06492
  
  
 ---------------------------------------------------------------
 Warning -- This program may not be used in any manner that
 competes with the business of Gaussian, Inc. or will provide
 assistance to any competitor of Gaussian, Inc.  The licensee
 of this program is prohibited from giving any competitor of
 Gaussian, Inc. access to this program.  By using this program,
 the user acknowledges that Gaussian, Inc. is engaged in the
 business of creating and licensing software in the field of
 computational chemistry and represents and warrants to the
 licensee that it is not a competitor of Gaussian, Inc. and that
 it will not use this program in any manner prohibited above.
 ---------------------------------------------------------------
  

 Cite this work as:
 Gaussian 09, Revision E.01,
 M. J. Frisch, G. W. Trucks, H. B. Schlegel, G. E. Scuseria, 
 M. A. Robb, J. R. Cheeseman, G. Scalmani, V. Barone, B. Mennucci, 
 G. A. Petersson, H. Nakatsuji, M. Caricato, X. Li, H. P. Hratchian, 
 A. F. Izmaylov, J. Bloino, G. Zheng, J. L. Sonnenberg, M. Hada, 
 M. Ehara, K. Toyota, R. Fukuda, J. Hasegawa, M. Ishida, T. Nakajima, 
 Y. Honda, O. Kitao, H. Nakai, T. Vreven, J. A. Montgomery, Jr., 
 J. E. Peralta, F. Ogliaro, M. Bearpark, J. J. Heyd, E. Brothers, 
 K. N. Kudin, V. N. Staroverov, T. Keith, R. Kobayashi, J. Normand, 
 K. Raghavachari, A. Rendell, J. C. Burant, S. S. Iyengar, J. Tomasi, 
 M. Cossi, N. Rega, J. M. Millam, M. Klene, J. E. Knox, J. B. Cross, 
 V. Bakken, C. Adamo, J. Jaramillo, R. Gomperts, R. E. Stratmann, 
 O. Yazyev, A. J. Austin, R. Cammi, C. Pomelli, J. W. Ochterski, 
 R. L. Martin, K. Morokuma, V. G. Zakrzewski, G. A. Voth, 
 P. Salvador, J. J. Dannenberg, S. Dapprich, A. D. Daniels, 
 O. Farkas, J. B. Foresman, J. V. Ortiz, J. Cioslowski, 
 and D. J. Fox, Gaussian, Inc., Wallingford CT, 2013.
 
 ******************************************
 Gaussian 09:  ES64L-G09RevE.01 30-Nov-2015
                17-Feb-2017 
 ******************************************
 %chk=h12.chk
 ----------------------------------------------------------------------
 #rhf/gen scf(symm,tight,novaracc,noincfock,fulldiag) stable(crhf) gues
 s=read geom=nocrowd test
 ----------------------------------------------------------------------
 1/38=1/1;
 2/12=1,17=6,18=5,40=1/2;
 3/5=7,16=1,25=1,30=1,116=1/1,2,3;
 4/5=1,9=4/1;
 5/5=100002,15=2,16=1,32=2,38=6/2;
 8/6=1,10=90,11=11/1,4;
 9/8=4,13=1/2;
 6/7=2,8=2,9=2,10=2,28=1/1;
 99/5=1,9=1/99;
 ----------------------------------------------------------------------
 hf stability analysis of h12 triangular lattice, y= 0.6807147699477958
 9
 ----------------------------------------------------------------------
 Symbolic Z-matrix:
 Charge =  0 Multiplicity = 1
 H
 H                    1     1.08754 
 H                    1     1.08754  2     102.5 
 H                    2     1.08754  1     77.5     3     0.       0
 H                    2     1.08754  1     180.     3     0.       0
 H                    4     1.08754  3     180.     5     0.       0
 H                    6     1.08754  5     180.     3     0.       0
 H                    4     1.08754  2     180.     3     0.       0
 H                    3     1.08754  1     180.     4     0.       0
 H                    9     1.08754  3     180.     4     0.       0
 H                    8     1.08754  4     180.     3     0.       0
 H                    7     1.08754  6     180.     3     0.       0
 
                          Input orientation:                          
 ---------------------------------------------------------------------
 Center     Atomic      Atomic             Coordinates (Angstroms)
 Number     Number       Type             X           Y           Z
 ---------------------------------------------------------------------
      1          1           0        0.000000    0.000000    0.000000
      2          1           0        0.000000    0.000000    1.087537
      3          1           0        1.061758    0.000000   -0.235386
      4          1           0        1.061758    0.000000    0.852151
      5          1           0        0.000000    0.000000    2.175073
      6          1           0        1.061758    0.000000    1.939687
      7          1           0        2.123515    0.000000    1.704301
      8          1           0        2.123515    0.000000    0.616765
      9          1           0        2.123515    0.000000   -0.470772
     10          1           0        3.185273    0.000000   -0.706158
     11          1           0        3.185273    0.000000    0.381379
     12          1           0        3.185273    0.000000    1.468915
 ---------------------------------------------------------------------
                    Distance matrix (angstroms):
                    1          2          3          4          5
     1  H    0.000000
     2  H    1.087537   0.000000
     3  H    1.087537   1.696306   0.000000
     4  H    1.361430   1.087537   1.087537   0.000000
     5  H    2.175073   1.087537   2.633941   1.696306   0.000000
     6  H    2.211270   1.361430   2.175073   1.087537   1.087537
     7  H    2.722859   2.211270   2.211270   1.361430   2.175073
     8  H    2.211270   2.175073   1.361430   1.087537   2.633941
     9  H    2.175073   2.633941   1.087537   1.696306   3.392612
    10  H    3.262610   3.655586   2.175073   2.633941   4.295051
    11  H    3.208024   3.262610   2.211270   2.175073   3.655586
    12  H    3.507660   3.208024   2.722859   2.211270   3.262610
                    6          7          8          9         10
     6  H    0.000000
     7  H    1.087537   0.000000
     8  H    1.696306   1.087537   0.000000
     9  H    2.633941   2.175073   1.087537   0.000000
    10  H    3.392612   2.633941   1.696306   1.087537   0.000000
    11  H    2.633941   1.696306   1.087537   1.361430   1.087537
    12  H    2.175073   1.087537   1.361430   2.211270   2.175073
                   11         12
    11  H    0.000000
    12  H    1.087537   0.000000
 Stoichiometry    H12
 Framework group  C2H[SGH(H12)]
 Deg. of freedom    11
 Full point group                 C2H     NOp   4
 Largest Abelian subgroup         C2H     NOp   4
 Largest concise Abelian subgroup C2      NOp   2
                         Standard orientation:                         
 ---------------------------------------------------------------------
 Center     Atomic      Atomic             Coordinates (Angstroms)
 Number     Number       Type             X           Y           Z
 ---------------------------------------------------------------------
      1          1           0        1.061758    1.395919    0.000000
      2          1           0        0.000000    1.631305    0.000000
      3          1           0        1.061758    0.308382    0.000000
      4          1           0        0.000000    0.543768    0.000000
      5          1           0       -1.061758    1.866691    0.000000
      6          1           0       -1.061758    0.779154    0.000000
      7          1           0       -1.061758   -0.308382    0.000000
      8          1           0       -0.000000   -0.543768    0.000000
      9          1           0        1.061758   -0.779154    0.000000
     10          1           0        1.061758   -1.866691    0.000000
     11          1           0       -0.000000   -1.631305    0.000000
     12          1           0       -1.061758   -1.395919    0.000000
 ---------------------------------------------------------------------
 Rotational constants (GHZ):     58.2987030     26.9578491     18.4338634
 General basis read from cards:  (5D, 7F)
 There are     6 symmetry adapted cartesian basis functions of AG  symmetry.
 There are     0 symmetry adapted cartesian basis functions of BG  symmetry.
 There are     0 symmetry adapted cartesian basis functions of AU  symmetry.
 There are     6 symmetry adapted cartesian basis functions of BU  symmetry.
 There are     6 symmetry adapted basis functions of AG  symmetry.
 There are     0 symmetry adapted basis functions of BG  symmetry.
 There are     0 symmetry adapted basis functions of AU  symmetry.
 There are     6 symmetry adapted basis functions of BU  symmetry.
    12 basis functions,   120 primitive gaussians,    12 cartesian basis functions
     6 alpha electrons        6 beta electrons
       nuclear repulsion energy        20.0709807317 Hartrees.
 NAtoms=   12 NActive=   12 NUniq=    6 SFac= 4.00D+00 NAtFMM=   60 NAOKFM=F Big=F
 Integral buffers will be    131072 words long.
 Regular integral format.
 Two-electron integral symmetry is turned on.
 One-electron integrals computed using PRISM.
 NBasis=    12 RedAO= T EigKep=  1.19D-01  NBF=     6     0     0     6
 NBsUse=    12 1.00D-06 EigRej= -1.00D+00 NBFU=     6     0     0     6
 Initial guess from the checkpoint file:  "h12.chk"
 B after Tr=     0.000000   -0.000000    0.000000
         Rot=    0.990119    0.000000    0.000000   -0.140232 Ang= -16.12 deg.
 Initial guess orbital symmetries:
       Occupied  (AG) (BU) (AG) (BU) (BU) (AG)
       Virtual   (BU) (AG) (BU) (AG) (AG) (BU)
 Keep R1 ints in memory in symmetry-blocked form, NReq=903672.
 Requested convergence on RMS density matrix=1.00D-08 within 128 cycles.
 Requested convergence on MAX density matrix=1.00D-06.
 Requested convergence on             energy=1.00D-06.
 No special actions if energy rises.
 SCF Done:  E(RHF) =  -5.75806356908     A.U. after   14 cycles
            NFock= 14  Conv=0.98D-08     -V/T= 1.8978
 Range of M.O.s used for correlation:     1    12
 NBasis=    12 NAE=     6 NBE=     6 NFC=     0 NFV=     0
 NROrb=     12 NOA=     6 NOB=     6 NVA=     6 NVB=     6
 Semi-Direct transformation.
 ModeAB=           4 MOrb=             6 LenV=     134084367
 LASXX=         2181 LTotXX=        2181 LenRXX=        5115
 LTotAB=        2934 MaxLAS=        3024 LenRXY=           0
 NonZer=        7296 LenScr=      655360 LnRSAI=        3024
 LnScr1=      655360 LExtra=           0 Total=      1318859
 MaxDsk=          -1 SrtSym=           T ITran=            3
 JobTyp=0 Pass  1:  I=   1 to   6.
 (rs|ai) integrals will be sorted in core.
 Spin components of T(2) and E(2):
     alpha-alpha T2 =       0.5065918408D-02 E2=     -0.7404998330D-02
     alpha-beta  T2 =       0.7119080066D-01 E2=     -0.1046703885D+00
     beta-beta   T2 =       0.5065918408D-02 E2=     -0.7404998330D-02
 ANorm=    0.1039866644D+01
 E2 =    -0.1194803852D+00 EUMP2 =    -0.58775439542841D+01
 Second order stability test of a single determinant RHF wave function:
 Stabil:  MDV=134217728
 ***********************************************************************
 Matrix         Lowest Root    Major Pairs
 ***********************************************************************
 Internal RHF    -0.0319034    6A=7A
 RRHF --> CRHF   -0.0683439    6A=7A
 RRHF --> RUHF   -0.1440194    6A=7B
 Not stable.
 ***********************************************************************

 **********************************************************************

            Population analysis using the SCF density.

 **********************************************************************

 Orbital symmetries:
       Occupied  (AG) (BU) (BU) (AG) (AG) (BU)
       Virtual   (AG) (BU) (BU) (AG) (AG) (BU)
 The electronic state is 1-AG.
 Alpha  occ. eigenvalues --   -1.00520  -0.79044  -0.68629  -0.52024  -0.45244
 Alpha  occ. eigenvalues --   -0.22186
 Alpha virt. eigenvalues --   -0.01506   0.12949   0.23193   0.39111   0.56828
 Alpha virt. eigenvalues --    0.84655
          Condensed to atoms (all electrons):
               1          2          3          4          5          6
     1  H    1.028366   0.167885   0.067419   0.123122  -0.102544  -0.050862
     2  H    0.167885   0.684535  -0.009590  -0.157399   0.334840  -0.038474
     3  H    0.067419  -0.009590   0.709244  -0.009966   0.006533  -0.085930
     4  H    0.123122  -0.157399  -0.009966   1.122116  -0.259366   0.343353
     5  H   -0.102544   0.334840   0.006533  -0.259366   1.386845  -0.077299
     6  H   -0.050862  -0.038474  -0.085930   0.343353  -0.077299   0.858365
     7  H    0.004515  -0.054229  -0.046974   0.204032  -0.099579   0.176964
     8  H   -0.103851  -0.039842   0.204032  -0.197711   0.049405  -0.097595
     9  H   -0.104265  -0.006493   0.176964  -0.097595   0.018637  -0.009430
    10  H    0.012731  -0.000730  -0.099579   0.049405  -0.005094   0.018637
    11  H    0.013923   0.010510  -0.054229  -0.039842  -0.000730  -0.006493
    12  H    0.008534   0.013923   0.004515  -0.103851   0.012731  -0.104265
               7          8          9         10         11         12
     1  H    0.004515  -0.103851  -0.104265   0.012731   0.013923   0.008534
     2  H   -0.054229  -0.039842  -0.006493  -0.000730   0.010510   0.013923
     3  H   -0.046974   0.204032   0.176964  -0.099579  -0.054229   0.004515
     4  H    0.204032  -0.197711  -0.097595   0.049405  -0.039842  -0.103851
     5  H   -0.099579   0.049405   0.018637  -0.005094  -0.000730   0.012731
     6  H    0.176964  -0.097595  -0.009430   0.018637  -0.006493  -0.104265
     7  H    0.709244  -0.009966  -0.085930   0.006533  -0.009590   0.067419
     8  H   -0.009966   1.122116   0.343353  -0.259366  -0.157399   0.123122
     9  H   -0.085930   0.343353   0.858365  -0.077299  -0.038474  -0.050862
    10  H    0.006533  -0.259366  -0.077299   1.386845   0.334840  -0.102544
    11  H   -0.009590  -0.157399  -0.038474   0.334840   0.684535   0.167885
    12  H    0.067419   0.123122  -0.050862  -0.102544   0.167885   1.028366
 Mulliken charges:
               1
     1  H   -0.064971
     2  H    0.095061
     3  H    0.137560
     4  H    0.023700
     5  H   -0.264379
     6  H    0.073028
     7  H    0.137560
     8  H    0.023700
     9  H    0.073028
    10  H   -0.264379
    11  H    0.095061
    12  H   -0.064971
 Sum of Mulliken charges =   0.00000
 Mulliken charges with hydrogens summed into heavy atoms:
               1
 Electronic spatial extent (au):  <R**2>=            142.5851
 Charge=              0.0000 electrons
 Dipole moment (field-independent basis, Debye):
    X=             -0.0000    Y=             -0.0000    Z=             -0.0000  Tot=              0.0000
 Quadrupole moment (field-independent basis, Debye-Ang):
   XX=            -17.6935   YY=            -28.2762   ZZ=            -15.1509
   XY=              4.7993   XZ=              0.0000   YZ=             -0.0000
 Traceless Quadrupole moment (field-independent basis, Debye-Ang):
   XX=              2.6800   YY=             -7.9027   ZZ=              5.2227
   XY=              4.7993   XZ=              0.0000   YZ=             -0.0000
 Octapole moment (field-independent basis, Debye-Ang**2):
  XXX=             -0.0000  YYY=              0.0000  ZZZ=             -0.0000  XYY=             -0.0000
  XXY=              0.0000  XXZ=             -0.0000  XZZ=              0.0000  YZZ=              0.0000
  YYZ=             -0.0000  XYZ=              0.0000
 Hexadecapole moment (field-independent basis, Debye-Ang**3):
 XXXX=            -94.1248 YYYY=           -244.1728 ZZZZ=            -17.8958 XXXY=             15.6562
 XXXZ=              0.0000 YYYX=             34.9800 YYYZ=             -0.0000 ZZZX=             -0.0000
 ZZZY=             -0.0000 XXYY=            -62.2363 XXZZ=            -18.5010 YYZZ=            -33.6238
 XXYZ=             -0.0000 YYXZ=              0.0000 ZZXY=              3.7459
 N-N= 2.007098073167D+01 E-N=-5.071868530835D+01  KE= 6.413559539828D+00
 Symmetry AG   KE= 2.944397754858D+00
 Symmetry BG   KE= 0.000000000000D+00
 Symmetry AU   KE= 0.000000000000D+00
 Symmetry BU   KE= 3.469161784970D+00

 Test job not archived.
 1\1\GINC-SULU\Stability\RHF\Gen\H12\LCJ1\17-Feb-2017\0\\#rhf/gen scf(s
 ymm,tight,novaracc,noincfock,fulldiag) stable(crhf) guess=read geom=no
 crowd test\\hf stability analysis of h12 triangular lattice, y= 0.6807
 1476994779589\\0,1\H\H,1,1.0875367105\H,1,1.0875367105,2,102.5\H,2,1.0
 875367105,1,77.5,3,0.,0\H,2,1.0875367105,1,180.,3,0.,0\H,4,1.087536710
 5,3,180.,5,0.,0\H,6,1.0875367105,5,180.,3,0.,0\H,4,1.0875367105,2,180.
 ,3,0.,0\H,3,1.0875367105,1,180.,4,0.,0\H,9,1.0875367105,3,180.,4,0.,0\
 H,8,1.0875367105,4,180.,3,0.,0\H,7,1.0875367105,6,180.,3,0.,0\\Version
 =ES64L-G09RevE.01\State=1-AG\HF=-5.7580636\MP2=-5.877544\RMSD=9.774e-0
 9\Dipole=0.,0.,0.\Quadrupole=-3.9988897,3.8829155,0.1159742,0.,4.89640
 12,0.\PG=C02H [SGH(H12)]\\@


 A SLIP OF THE FOOT YOU MAY SOON RECOVER, BUT A SLIP OF THE TONGUE
 YOU MAY NEVER GET OVER. -- BEN FRANKLIN
 Job cpu time:       0 days  0 hours  0 minutes  1.1 seconds.
 File lengths (MBytes):  RWF=     84 Int=      0 D2E=      0 Chk=      2 Scr=      2
 Normal termination of Gaussian 09 at Fri Feb 17 15:00:19 2017.
