 Entering Gaussian System, Link 0=g09
 AtFile(1): H.gbs
            H     0
            S   10   1.00
               1000.000000000000            0.000068713567
                316.227766000000            0.000169141320
                100.000000000000            0.000823394812
                 31.622776600000            0.003425569236
                 10.000000000000            0.013951996000
                  3.162277660000            0.056909313560
                  1.000000000000            0.198286399900
                  0.316227766000            0.496922426700
                  0.100000000000            0.369846276400
                  0.031622776600            0.003752720039
            ****
 Initial command:
 /projects/guscus/apps/gau/g09-e1/g09/l1.exe "/users/lcj1/gaussian/h12/rhfstability/rect/guess/ag3bu3/Gau-14305.inp" -scrdir="/users/lcj1/gaussian/h12/rhfstability/rect/guess/ag3bu3/"
 Entering Link 1 = /projects/guscus/apps/gau/g09-e1/g09/l1.exe PID=     14306.
  
 Copyright (c) 1988,1990,1992,1993,1995,1998,2003,2009,2015,
            Gaussian, Inc.  All Rights Reserved.
  
 This is part of the Gaussian(R) 09 program.  It is based on
 the Gaussian(R) 03 system (copyright 2003, Gaussian, Inc.),
 the Gaussian(R) 98 system (copyright 1998, Gaussian, Inc.),
 the Gaussian(R) 94 system (copyright 1995, Gaussian, Inc.),
 the Gaussian 92(TM) system (copyright 1992, Gaussian, Inc.),
 the Gaussian 90(TM) system (copyright 1990, Gaussian, Inc.),
 the Gaussian 88(TM) system (copyright 1988, Gaussian, Inc.),
 the Gaussian 86(TM) system (copyright 1986, Carnegie Mellon
 University), and the Gaussian 82(TM) system (copyright 1983,
 Carnegie Mellon University). Gaussian is a federally registered
 trademark of Gaussian, Inc.
  
 This software contains proprietary and confidential information,
 including trade secrets, belonging to Gaussian, Inc.
  
 This software is provided under written license and may be
 used, copied, transmitted, or stored only in accord with that
 written license.
  
 The following legend is applicable only to US Government
 contracts under FAR:
  
                    RESTRICTED RIGHTS LEGEND
  
 Use, reproduction and disclosure by the US Government is
 subject to restrictions as set forth in subparagraphs (a)
 and (c) of the Commercial Computer Software - Restricted
 Rights clause in FAR 52.227-19.
  
 Gaussian, Inc.
 340 Quinnipiac St., Bldg. 40, Wallingford CT 06492
  
  
 ---------------------------------------------------------------
 Warning -- This program may not be used in any manner that
 competes with the business of Gaussian, Inc. or will provide
 assistance to any competitor of Gaussian, Inc.  The licensee
 of this program is prohibited from giving any competitor of
 Gaussian, Inc. access to this program.  By using this program,
 the user acknowledges that Gaussian, Inc. is engaged in the
 business of creating and licensing software in the field of
 computational chemistry and represents and warrants to the
 licensee that it is not a competitor of Gaussian, Inc. and that
 it will not use this program in any manner prohibited above.
 ---------------------------------------------------------------
  

 Cite this work as:
 Gaussian 09, Revision E.01,
 M. J. Frisch, G. W. Trucks, H. B. Schlegel, G. E. Scuseria, 
 M. A. Robb, J. R. Cheeseman, G. Scalmani, V. Barone, B. Mennucci, 
 G. A. Petersson, H. Nakatsuji, M. Caricato, X. Li, H. P. Hratchian, 
 A. F. Izmaylov, J. Bloino, G. Zheng, J. L. Sonnenberg, M. Hada, 
 M. Ehara, K. Toyota, R. Fukuda, J. Hasegawa, M. Ishida, T. Nakajima, 
 Y. Honda, O. Kitao, H. Nakai, T. Vreven, J. A. Montgomery, Jr., 
 J. E. Peralta, F. Ogliaro, M. Bearpark, J. J. Heyd, E. Brothers, 
 K. N. Kudin, V. N. Staroverov, T. Keith, R. Kobayashi, J. Normand, 
 K. Raghavachari, A. Rendell, J. C. Burant, S. S. Iyengar, J. Tomasi, 
 M. Cossi, N. Rega, J. M. Millam, M. Klene, J. E. Knox, J. B. Cross, 
 V. Bakken, C. Adamo, J. Jaramillo, R. Gomperts, R. E. Stratmann, 
 O. Yazyev, A. J. Austin, R. Cammi, C. Pomelli, J. W. Ochterski, 
 R. L. Martin, K. Morokuma, V. G. Zakrzewski, G. A. Voth, 
 P. Salvador, J. J. Dannenberg, S. Dapprich, A. D. Daniels, 
 O. Farkas, J. B. Foresman, J. V. Ortiz, J. Cioslowski, 
 and D. J. Fox, Gaussian, Inc., Wallingford CT, 2013.
 
 ******************************************
 Gaussian 09:  ES64L-G09RevE.01 30-Nov-2015
                17-Feb-2017 
 ******************************************
 %chk=h12.chk
 ----------------------------------------------------------------------
 #rhf/gen scf(symm,tight,novaracc,noincfock,fulldiag) stable(crhf) gues
 s=read geom=nocrowd test
 ----------------------------------------------------------------------
 1/38=1/1;
 2/12=1,17=6,18=5,40=1/2;
 3/5=7,16=1,25=1,30=1,116=1/1,2,3;
 4/5=1,9=4/1;
 5/5=100002,15=2,16=1,32=2,38=6/2;
 8/6=1,10=90,11=11/1,4;
 9/8=4,13=1/2;
 6/7=2,8=2,9=2,10=2,28=1/1;
 99/5=1,9=1/99;
 ----------------------------------------------------------------------
 hf stability analysis of h12 triangular lattice, y= 2.2510753219802888
 ----------------------------------------------------------------------
 Symbolic Z-matrix:
 Charge =  0 Multiplicity = 1
 H
 H                    1     2.26564 
 H                    1     2.26564  2     13. 
 H                    2     2.26564  1     167.     3     0.       0
 H                    2     2.26564  1     180.     3     0.       0
 H                    4     2.26564  3     180.     5     0.       0
 H                    6     2.26564  5     180.     3     0.       0
 H                    4     2.26564  2     180.     3     0.       0
 H                    3     2.26564  1     180.     4     0.       0
 H                    9     2.26564  3     180.     4     0.       0
 H                    8     2.26564  4     180.     3     0.       0
 H                    7     2.26564  6     180.     3     0.       0
 
                          Input orientation:                          
 ---------------------------------------------------------------------
 Center     Atomic      Atomic             Coordinates (Angstroms)
 Number     Number       Type             X           Y           Z
 ---------------------------------------------------------------------
      1          1           0        0.000000    0.000000    0.000000
      2          1           0        0.000000    0.000000    2.265639
      3          1           0        0.509658    0.000000    2.207571
      4          1           0        0.509658    0.000000    4.473210
      5          1           0        0.000000    0.000000    4.531278
      6          1           0        0.509658    0.000000    6.738849
      7          1           0        1.019316    0.000000    8.946420
      8          1           0        1.019316    0.000000    6.680781
      9          1           0        1.019316    0.000000    4.415142
     10          1           0        1.528974    0.000000    6.622713
     11          1           0        1.528974    0.000000    8.888352
     12          1           0        1.528974    0.000000   11.153991
 ---------------------------------------------------------------------
                    Distance matrix (angstroms):
                    1          2          3          4          5
     1  H    0.000000
     2  H    2.265639   0.000000
     3  H    2.265639   0.512955   0.000000
     4  H    4.502151   2.265639   2.265639   0.000000
     5  H    4.531278   2.265639   2.378942   0.512955   0.000000
     6  H    6.758095   4.502151   4.531278   2.265639   2.265639
     7  H    9.004301   6.758095   6.758095   4.502151   4.531278
     8  H    6.758095   4.531278   4.502151   2.265639   2.378942
     9  H    4.531278   2.378942   2.265639   0.512955   1.025911
    10  H    6.796918   4.617559   4.531278   2.378942   2.590726
    11  H    9.018900   6.796918   6.758095   4.531278   4.617559
    12  H   11.258298   9.018900   9.004301   6.758095   6.796918
                    6          7          8          9         10
     6  H    0.000000
     7  H    2.265639   0.000000
     8  H    0.512955   2.265639   0.000000
     9  H    2.378942   4.531278   2.265639   0.000000
    10  H    1.025911   2.378942   0.512955   2.265639   0.000000
    11  H    2.378942   0.512955   2.265639   4.502151   2.265639
    12  H    4.531278   2.265639   4.502151   6.758095   4.531278
                   11         12
    11  H    0.000000
    12  H    2.265639   0.000000
 Stoichiometry    H12
 Framework group  C2H[SGH(H12)]
 Deg. of freedom    11
 Full point group                 C2H     NOp   4
 Largest Abelian subgroup         C2H     NOp   4
 Largest concise Abelian subgroup C2      NOp   2
                         Standard orientation:                         
 ---------------------------------------------------------------------
 Center     Atomic      Atomic             Coordinates (Angstroms)
 Number     Number       Type             X           Y           Z
 ---------------------------------------------------------------------
      1          1           0        0.509658    5.606030   -0.000000
      2          1           0        0.000000    3.398459   -0.000000
      3          1           0        0.509658    3.340391   -0.000000
      4          1           0        0.000000    1.132820   -0.000000
      5          1           0       -0.509658    1.190888   -0.000000
      6          1           0       -0.509658   -1.074751    0.000000
      7          1           0       -0.509658   -3.340391   -0.000000
      8          1           0       -0.000000   -1.132820   -0.000000
      9          1           0        0.509658    1.074751    0.000000
     10          1           0        0.509658   -1.190888   -0.000000
     11          1           0       -0.000000   -3.398459   -0.000000
     12          1           0       -0.509658   -5.606030   -0.000000
 ---------------------------------------------------------------------
 Rotational constants (GHZ):    365.7191945      4.2973039      4.2473958
 General basis read from cards:  (5D, 7F)
 There are     6 symmetry adapted cartesian basis functions of AG  symmetry.
 There are     0 symmetry adapted cartesian basis functions of BG  symmetry.
 There are     0 symmetry adapted cartesian basis functions of AU  symmetry.
 There are     6 symmetry adapted cartesian basis functions of BU  symmetry.
 There are     6 symmetry adapted basis functions of AG  symmetry.
 There are     0 symmetry adapted basis functions of BG  symmetry.
 There are     0 symmetry adapted basis functions of AU  symmetry.
 There are     6 symmetry adapted basis functions of BU  symmetry.
    12 basis functions,   120 primitive gaussians,    12 cartesian basis functions
     6 alpha electrons        6 beta electrons
       nuclear repulsion energy        16.1191968373 Hartrees.
 NAtoms=   12 NActive=   12 NUniq=    6 SFac= 4.00D+00 NAtFMM=   60 NAOKFM=F Big=F
 Integral buffers will be    131072 words long.
 Regular integral format.
 Two-electron integral symmetry is turned on.
 One-electron integrals computed using PRISM.
 NBasis=    12 RedAO= T EigKep=  3.91D-02  NBF=     6     0     0     6
 NBsUse=    12 1.00D-06 EigRej= -1.00D+00 NBFU=     6     0     0     6
 Initial guess from the checkpoint file:  "h12.chk"
 B after Tr=    -0.000000    0.000000    0.000000
         Rot=    0.964074    0.000000    0.000000   -0.265633 Ang= -30.81 deg.
 Initial guess orbital symmetries:
       Occupied  (AG) (BU) (AG) (BU) (BU) (AG)
       Virtual   (BU) (AG) (BU) (AG) (AG) (BU)
 Keep R1 ints in memory in symmetry-blocked form, NReq=893158.
 Requested convergence on RMS density matrix=1.00D-08 within 128 cycles.
 Requested convergence on MAX density matrix=1.00D-06.
 Requested convergence on             energy=1.00D-06.
 No special actions if energy rises.
 SCF Done:  E(RHF) =  -4.78390610086     A.U. after   11 cycles
            NFock= 11  Conv=0.46D-08     -V/T= 1.7401
 Range of M.O.s used for correlation:     1    12
 NBasis=    12 NAE=     6 NBE=     6 NFC=     0 NFV=     0
 NROrb=     12 NOA=     6 NOB=     6 NVA=     6 NVB=     6

 **** Warning!!: The smallest alpha delta epsilon is  0.50816818D-01

 Semi-Direct transformation.
 ModeAB=           4 MOrb=             6 LenV=     134096239
 LASXX=         2181 LTotXX=        2181 LenRXX=        5115
 LTotAB=        2934 MaxLAS=        3024 LenRXY=           0
 NonZer=        7296 LenScr=      655360 LnRSAI=        3024
 LnScr1=      655360 LExtra=           0 Total=      1318859
 MaxDsk=          -1 SrtSym=           T ITran=            3
 JobTyp=0 Pass  1:  I=   1 to   6.
 (rs|ai) integrals will be sorted in core.
 Spin components of T(2) and E(2):
     alpha-alpha T2 =       0.4512748935D-02 E2=     -0.3860407479D-02
     alpha-beta  T2 =       0.7250211051D+01 E2=     -0.8061175697D+00
     beta-beta   T2 =       0.4512748935D-02 E2=     -0.3860407479D-02
 ANorm=    0.2873888750D+01
 E2 =    -0.8138383847D+00 EUMP2 =    -0.55977444855262D+01
 Second order stability test of a single determinant RHF wave function:
 Stabil:  MDV=134217728
 ***********************************************************************
 Matrix         Lowest Root    Major Pairs
 ***********************************************************************
 Internal RHF     0.0542366    Stable
 RRHF --> CRHF   -0.0005997    5A=7A
 RRHF --> RUHF   -0.5434235    6A=7B
 Not stable.
 ***********************************************************************

 **********************************************************************

            Population analysis using the SCF density.

 **********************************************************************

 Orbital symmetries:
       Occupied  (AG) (BU) (AG) (BU) (BU) (AG)
       Virtual   (BU) (AG) (BU) (AG) (AG) (BU)
 The electronic state is 1-AG.
 Alpha  occ. eigenvalues --   -0.95433  -0.93151  -0.71589  -0.71543  -0.24173
 Alpha  occ. eigenvalues --   -0.19311
 Alpha virt. eigenvalues --   -0.14229   0.03115   0.59670   0.59949   1.30307
 Alpha virt. eigenvalues --    1.43050
          Condensed to atoms (all electrons):
               1          2          3          4          5          6
     1  H    1.095090  -0.019405  -0.012360   0.000113  -0.001653  -0.000023
     2  H   -0.019405   0.568458   0.482963  -0.018040   0.007331   0.000468
     3  H   -0.012360   0.482963   0.559933  -0.017996  -0.009578  -0.000173
     4  H    0.000113  -0.018040  -0.017996   1.276556   0.173235  -0.011126
     5  H   -0.001653   0.007331  -0.009578   0.173235   1.085122   0.167077
     6  H   -0.000023   0.000468  -0.000173  -0.011126   0.167077   1.129629
     7  H   -0.000000   0.000001   0.000000   0.000077   0.000231  -0.001727
     8  H    0.000001   0.000073   0.000077  -0.019568  -0.005036   0.189968
     9  H    0.001718  -0.017727  -0.001727   0.189968  -0.624286  -0.152143
    10  H    0.000021  -0.000324   0.000231  -0.005036  -0.110724  -0.624286
    11  H   -0.000000   0.000000   0.000001   0.000073  -0.000324  -0.017727
    12  H    0.000000  -0.000000  -0.000000   0.000001   0.000021   0.001718
               7          8          9         10         11         12
     1  H   -0.000000   0.000001   0.001718   0.000021  -0.000000   0.000000
     2  H    0.000001   0.000073  -0.017727  -0.000324   0.000000  -0.000000
     3  H    0.000000   0.000077  -0.001727   0.000231   0.000001  -0.000000
     4  H    0.000077  -0.019568   0.189968  -0.005036   0.000073   0.000001
     5  H    0.000231  -0.005036  -0.624286  -0.110724  -0.000324   0.000021
     6  H   -0.001727   0.189968  -0.152143  -0.624286  -0.017727   0.001718
     7  H    0.559933  -0.017996  -0.000173  -0.009578   0.482963  -0.012360
     8  H   -0.017996   1.276556  -0.011126   0.173235  -0.018040   0.000113
     9  H   -0.000173  -0.011126   1.129629   0.167077   0.000468  -0.000023
    10  H   -0.009578   0.173235   0.167077   1.085122   0.007331  -0.001653
    11  H    0.482963  -0.018040   0.000468   0.007331   0.568458  -0.019405
    12  H   -0.012360   0.000113  -0.000023  -0.001653  -0.019405   1.095090
 Mulliken charges:
               1
     1  H   -0.063503
     2  H   -0.003799
     3  H   -0.001370
     4  H   -0.568257
     5  H    0.318583
     6  H    0.318345
     7  H   -0.001370
     8  H   -0.568257
     9  H    0.318345
    10  H    0.318583
    11  H   -0.003799
    12  H   -0.063503
 Sum of Mulliken charges =  -0.00000
 Mulliken charges with hydrogens summed into heavy atoms:
               1
 Electronic spatial extent (au):  <R**2>=            472.0735
 Charge=              0.0000 electrons
 Dipole moment (field-independent basis, Debye):
    X=              0.0000    Y=             -0.0000    Z=              0.0000  Tot=              0.0000
 Quadrupole moment (field-independent basis, Debye-Ang):
   XX=            -16.4106   YY=            -35.9211   ZZ=            -15.5485
   XY=             -2.0640   XZ=              0.0000   YZ=              0.0000
 Traceless Quadrupole moment (field-independent basis, Debye-Ang):
   XX=              6.2161   YY=            -13.2944   ZZ=              7.0782
   XY=             -2.0640   XZ=              0.0000   YZ=              0.0000
 Octapole moment (field-independent basis, Debye-Ang**2):
  XXX=              0.0000  YYY=              0.0000  ZZZ=              0.0000  XYY=              0.0000
  XXY=              0.0000  XXZ=              0.0000  XZZ=              0.0000  YZZ=             -0.0000
  YYZ=              0.0000  XYZ=              0.0000
 Hexadecapole moment (field-independent basis, Debye-Ang**3):
 XXXX=            -38.2986 YYYY=          -1696.9743 ZZZZ=            -18.9833 XXXY=            -37.2579
 XXXZ=              0.0000 YYYX=           -105.7229 YYYZ=              0.0000 ZZZX=              0.0000
 ZZZY=              0.0000 XXYY=           -171.7043 XXZZ=             -9.5174 YYZZ=           -166.6163
 XXYZ=              0.0000 YYXZ=              0.0000 ZZXY=            -12.6095
 N-N= 1.611919683728D+01 E-N=-4.076612609742D+01  KE= 6.463914338269D+00
 Symmetry AG   KE= 2.749166969801D+00
 Symmetry BG   KE= 0.000000000000D+00
 Symmetry AU   KE= 0.000000000000D+00
 Symmetry BU   KE= 3.714747368468D+00

 Test job not archived.
 1\1\GINC-SULU\Stability\RHF\Gen\H12\LCJ1\17-Feb-2017\0\\#rhf/gen scf(s
 ymm,tight,novaracc,noincfock,fulldiag) stable(crhf) guess=read geom=no
 crowd test\\hf stability analysis of h12 triangular lattice, y= 2.2510
 753219802888\\0,1\H\H,1,2.2656391671\H,1,2.2656391671,2,13.\H,2,2.2656
 391671,1,167.,3,0.,0\H,2,2.2656391671,1,180.,3,0.,0\H,4,2.2656391671,3
 ,180.,5,0.,0\H,6,2.2656391671,5,180.,3,0.,0\H,4,2.2656391671,2,180.,3,
 0.,0\H,3,2.2656391671,1,180.,4,0.,0\H,9,2.2656391671,3,180.,4,0.,0\H,8
 ,2.2656391671,4,180.,3,0.,0\H,7,2.2656391671,6,180.,3,0.,0\\Version=ES
 64L-G09RevE.01\State=1-AG\HF=-4.7839061\MP2=-5.5977445\RMSD=4.635e-09\
 Dipole=0.,0.,0.\Quadrupole=4.5602181,5.2624932,-9.8227113,0.,-1.800153
 4,0.\PG=C02H [SGH(H12)]\\@


 I MET A TRAVELLER FROM AN ANTIQUE LAND
 WHO SAID... TWO VAST AND TRUNKLESS LEGS OF STONE
 STAND IN THE DESERT..... NEAR THEM,  ON THE SAND,
 HALF SUNK,  A SHATTERED VISAGE LIES,  WHOSE FROWN,
 AND WRINKLED LIP,  AND SNEER OF COLD COMMAND
 TELL THAT ITS SCULPTOR WELL THOSE PASSIONS READ
 WHICH YET SURVIVE,  STAMPED ON THESE LIFELESS THINGS
 THE HAND THAT MOCKED THEM,  AND THE HEART THAT FED-
 AND ON THE PEDESTAL THESE WORDS APPEAR 
 MY NAME IS OZYMANDIAS, KING OF KINGS--   
 LOOK ON MY WORKS YE MIGHTY AND DESPAIR. 
 NOTHING BESIDE REMAINS,  ROUND THE DECAY 
 OF THAT COLOSSAL WRECK,  BOUNDLESS AND BARE
 THE LONE AND LEVEL SANDS STRETCH FAR AWAY.
                                    SHELLEY
 Job cpu time:       0 days  0 hours  0 minutes  0.9 seconds.
 File lengths (MBytes):  RWF=     84 Int=      0 D2E=      0 Chk=      2 Scr=      2
 Normal termination of Gaussian 09 at Fri Feb 17 15:09:34 2017.
