 Entering Gaussian System, Link 0=g09
 AtFile(1): H.gbs
            H     0
            S   10   1.00
               1000.000000000000            0.000068713567
                316.227766000000            0.000169141320
                100.000000000000            0.000823394812
                 31.622776600000            0.003425569236
                 10.000000000000            0.013951996000
                  3.162277660000            0.056909313560
                  1.000000000000            0.198286399900
                  0.316227766000            0.496922426700
                  0.100000000000            0.369846276400
                  0.031622776600            0.003752720039
            ****
 Initial command:
 /projects/guscus/apps/gau/g09-e1/g09/l1.exe "/users/lcj1/gaussian/h12/rhfstability/rect/guess/ag3bu3/Gau-9313.inp" -scrdir="/users/lcj1/gaussian/h12/rhfstability/rect/guess/ag3bu3/"
 Entering Link 1 = /projects/guscus/apps/gau/g09-e1/g09/l1.exe PID=      9314.
  
 Copyright (c) 1988,1990,1992,1993,1995,1998,2003,2009,2015,
            Gaussian, Inc.  All Rights Reserved.
  
 This is part of the Gaussian(R) 09 program.  It is based on
 the Gaussian(R) 03 system (copyright 2003, Gaussian, Inc.),
 the Gaussian(R) 98 system (copyright 1998, Gaussian, Inc.),
 the Gaussian(R) 94 system (copyright 1995, Gaussian, Inc.),
 the Gaussian 92(TM) system (copyright 1992, Gaussian, Inc.),
 the Gaussian 90(TM) system (copyright 1990, Gaussian, Inc.),
 the Gaussian 88(TM) system (copyright 1988, Gaussian, Inc.),
 the Gaussian 86(TM) system (copyright 1986, Carnegie Mellon
 University), and the Gaussian 82(TM) system (copyright 1983,
 Carnegie Mellon University). Gaussian is a federally registered
 trademark of Gaussian, Inc.
  
 This software contains proprietary and confidential information,
 including trade secrets, belonging to Gaussian, Inc.
  
 This software is provided under written license and may be
 used, copied, transmitted, or stored only in accord with that
 written license.
  
 The following legend is applicable only to US Government
 contracts under FAR:
  
                    RESTRICTED RIGHTS LEGEND
  
 Use, reproduction and disclosure by the US Government is
 subject to restrictions as set forth in subparagraphs (a)
 and (c) of the Commercial Computer Software - Restricted
 Rights clause in FAR 52.227-19.
  
 Gaussian, Inc.
 340 Quinnipiac St., Bldg. 40, Wallingford CT 06492
  
  
 ---------------------------------------------------------------
 Warning -- This program may not be used in any manner that
 competes with the business of Gaussian, Inc. or will provide
 assistance to any competitor of Gaussian, Inc.  The licensee
 of this program is prohibited from giving any competitor of
 Gaussian, Inc. access to this program.  By using this program,
 the user acknowledges that Gaussian, Inc. is engaged in the
 business of creating and licensing software in the field of
 computational chemistry and represents and warrants to the
 licensee that it is not a competitor of Gaussian, Inc. and that
 it will not use this program in any manner prohibited above.
 ---------------------------------------------------------------
  

 Cite this work as:
 Gaussian 09, Revision E.01,
 M. J. Frisch, G. W. Trucks, H. B. Schlegel, G. E. Scuseria, 
 M. A. Robb, J. R. Cheeseman, G. Scalmani, V. Barone, B. Mennucci, 
 G. A. Petersson, H. Nakatsuji, M. Caricato, X. Li, H. P. Hratchian, 
 A. F. Izmaylov, J. Bloino, G. Zheng, J. L. Sonnenberg, M. Hada, 
 M. Ehara, K. Toyota, R. Fukuda, J. Hasegawa, M. Ishida, T. Nakajima, 
 Y. Honda, O. Kitao, H. Nakai, T. Vreven, J. A. Montgomery, Jr., 
 J. E. Peralta, F. Ogliaro, M. Bearpark, J. J. Heyd, E. Brothers, 
 K. N. Kudin, V. N. Staroverov, T. Keith, R. Kobayashi, J. Normand, 
 K. Raghavachari, A. Rendell, J. C. Burant, S. S. Iyengar, J. Tomasi, 
 M. Cossi, N. Rega, J. M. Millam, M. Klene, J. E. Knox, J. B. Cross, 
 V. Bakken, C. Adamo, J. Jaramillo, R. Gomperts, R. E. Stratmann, 
 O. Yazyev, A. J. Austin, R. Cammi, C. Pomelli, J. W. Ochterski, 
 R. L. Martin, K. Morokuma, V. G. Zakrzewski, G. A. Voth, 
 P. Salvador, J. J. Dannenberg, S. Dapprich, A. D. Daniels, 
 O. Farkas, J. B. Foresman, J. V. Ortiz, J. Cioslowski, 
 and D. J. Fox, Gaussian, Inc., Wallingford CT, 2013.
 
 ******************************************
 Gaussian 09:  ES64L-G09RevE.01 30-Nov-2015
                17-Feb-2017 
 ******************************************
 %chk=h12.chk
 ----------------------------------------------------------------------
 #rhf/gen scf(symm,tight,novaracc,noincfock,fulldiag) stable(crhf) gues
 s=read geom=nocrowd test
 ----------------------------------------------------------------------
 1/38=1/1;
 2/12=1,17=6,18=5,40=1/2;
 3/5=7,16=1,25=1,30=1,116=1/1,2,3;
 4/5=1,9=4/1;
 5/5=100002,15=2,16=1,32=2,38=6/2;
 8/6=1,10=90,11=11/1,4;
 9/8=4,13=1/2;
 6/7=2,8=2,9=2,10=2,28=1/1;
 99/5=1,9=1/99;
 ----------------------------------------------------------------------
 hf stability analysis of h12 triangular lattice, y= 1.3531893207273342
 ----------------------------------------------------------------------
 Symbolic Z-matrix:
 Charge =  0 Multiplicity = 1
 H
 H                    1     1.41886 
 H                    1     1.41886  2     35. 
 H                    2     1.41886  1     145.     3     0.       0
 H                    2     1.41886  1     180.     3     0.       0
 H                    4     1.41886  3     180.     5     0.       0
 H                    6     1.41886  5     180.     3     0.       0
 H                    4     1.41886  2     180.     3     0.       0
 H                    3     1.41886  1     180.     4     0.       0
 H                    9     1.41886  3     180.     4     0.       0
 H                    8     1.41886  4     180.     3     0.       0
 H                    7     1.41886  6     180.     3     0.       0
 
                          Input orientation:                          
 ---------------------------------------------------------------------
 Center     Atomic      Atomic             Coordinates (Angstroms)
 Number     Number       Type             X           Y           Z
 ---------------------------------------------------------------------
      1          1           0        0.000000    0.000000    0.000000
      2          1           0        0.000000    0.000000    1.418858
      3          1           0        0.813824    0.000000    1.162261
      4          1           0        0.813824    0.000000    2.581119
      5          1           0        0.000000    0.000000    2.837717
      6          1           0        0.813824    0.000000    3.999978
      7          1           0        1.627647    0.000000    5.162238
      8          1           0        1.627647    0.000000    3.743380
      9          1           0        1.627647    0.000000    2.324522
     10          1           0        2.441471    0.000000    3.486782
     11          1           0        2.441471    0.000000    4.905641
     12          1           0        2.441471    0.000000    6.324499
 ---------------------------------------------------------------------
                    Distance matrix (angstroms):
                    1          2          3          4          5
     1  H    0.000000
     2  H    1.418858   0.000000
     3  H    1.418858   0.853318   0.000000
     4  H    2.706379   1.418858   1.418858   0.000000
     5  H    2.837717   1.418858   1.862649   0.853318   0.000000
     6  H    4.081927   2.706379   2.837717   1.418858   1.418858
     7  H    5.412757   4.081927   4.081927   2.706379   2.837717
     8  H    4.081927   2.837717   2.706379   1.418858   1.862649
     9  H    2.837717   1.862649   1.418858   0.853318   1.706636
    10  H    4.256575   3.199545   2.837717   1.862649   2.526275
    11  H    5.479607   4.256575   4.081927   2.837717   3.199545
    12  H    6.779386   5.479607   5.412757   4.081927   4.256575
                    6          7          8          9         10
     6  H    0.000000
     7  H    1.418858   0.000000
     8  H    0.853318   1.418858   0.000000
     9  H    1.862649   2.837717   1.418858   0.000000
    10  H    1.706636   1.862649   0.853318   1.418858   0.000000
    11  H    1.862649   0.853318   1.418858   2.706379   1.418858
    12  H    2.837717   1.418858   2.706379   4.081927   2.837717
                   11         12
    11  H    0.000000
    12  H    1.418858   0.000000
 Stoichiometry    H12
 Framework group  C2H[SGH(H12)]
 Deg. of freedom    11
 Full point group                 C2H     NOp   4
 Largest Abelian subgroup         C2H     NOp   4
 Largest concise Abelian subgroup C2      NOp   2
                         Standard orientation:                         
 ---------------------------------------------------------------------
 Center     Atomic      Atomic             Coordinates (Angstroms)
 Number     Number       Type             X           Y           Z
 ---------------------------------------------------------------------
      1          1           0        0.813824    3.290548   -0.000000
      2          1           0        0.000000    2.128288   -0.000000
      3          1           0        0.813824    1.871690   -0.000000
      4          1           0        0.000000    0.709429   -0.000000
      5          1           0       -0.813824    0.966027   -0.000000
      6          1           0       -0.813824   -0.452832   -0.000000
      7          1           0       -0.813824   -1.871690    0.000000
      8          1           0       -0.000000   -0.709429   -0.000000
      9          1           0        0.813824    0.452832   -0.000000
     10          1           0        0.813824   -0.966027   -0.000000
     11          1           0       -0.000000   -2.128288   -0.000000
     12          1           0       -0.813824   -3.290548    0.000000
 ---------------------------------------------------------------------
 Rotational constants (GHZ):    133.3294840     11.7873950     10.8299414
 General basis read from cards:  (5D, 7F)
 There are     6 symmetry adapted cartesian basis functions of AG  symmetry.
 There are     0 symmetry adapted cartesian basis functions of BG  symmetry.
 There are     0 symmetry adapted cartesian basis functions of AU  symmetry.
 There are     6 symmetry adapted cartesian basis functions of BU  symmetry.
 There are     6 symmetry adapted basis functions of AG  symmetry.
 There are     0 symmetry adapted basis functions of BG  symmetry.
 There are     0 symmetry adapted basis functions of AU  symmetry.
 There are     6 symmetry adapted basis functions of BU  symmetry.
    12 basis functions,   120 primitive gaussians,    12 cartesian basis functions
     6 alpha electrons        6 beta electrons
       nuclear repulsion energy        17.9953903129 Hartrees.
 NAtoms=   12 NActive=   12 NUniq=    6 SFac= 4.00D+00 NAtFMM=   60 NAOKFM=F Big=F
 Integral buffers will be    131072 words long.
 Regular integral format.
 Two-electron integral symmetry is turned on.
 One-electron integrals computed using PRISM.
 NBasis=    12 RedAO= T EigKep=  1.33D-01  NBF=     6     0     0     6
 NBsUse=    12 1.00D-06 EigRej= -1.00D+00 NBFU=     6     0     0     6
 Initial guess from the checkpoint file:  "h12.chk"
 B after Tr=    -0.000000    0.000000    0.000000
         Rot=    0.961346    0.000000    0.000000   -0.275342 Ang= -31.96 deg.
 Initial guess orbital symmetries:
       Occupied  (AG) (BU) (AG) (BU) (BU) (AG)
       Virtual   (BU) (AG) (BU) (AG) (AG) (BU)
 Keep R1 ints in memory in symmetry-blocked form, NReq=899108.
 Requested convergence on RMS density matrix=1.00D-08 within 128 cycles.
 Requested convergence on MAX density matrix=1.00D-06.
 Requested convergence on             energy=1.00D-06.
 No special actions if energy rises.
 Rare condition: small coef for last iteration:  0.000D+00
 Rare condition: small coef for last iteration:  0.000D+00
 Rare condition: small coef for last iteration:  0.000D+00
 Rare condition: small coef for last iteration:  0.000D+00
 Rare condition: small coef for last iteration:  0.000D+00
 Rare condition: small coef for last iteration:  0.000D+00
 Rare condition: small coef for last iteration:  0.000D+00
 Rare condition: small coef for last iteration:  0.000D+00
 Rare condition: small coef for last iteration:  0.000D+00
 Rare condition: small coef for last iteration:  0.000D+00
 Rare condition: small coef for last iteration:  0.000D+00
 Rare condition: small coef for last iteration:  0.000D+00
 Rare condition: small coef for last iteration:  0.000D+00
 Rare condition: small coef for last iteration:  0.000D+00
 Rare condition: small coef for last iteration:  0.000D+00
 Rare condition: small coef for last iteration:  0.000D+00
 Rare condition: small coef for last iteration:  0.000D+00
 Rare condition: small coef for last iteration:  0.000D+00
 Rare condition: small coef for last iteration:  0.000D+00
 Rare condition: small coef for last iteration:  0.000D+00
 Rare condition: small coef for last iteration:  0.000D+00
 Rare condition: small coef for last iteration:  0.000D+00
 Rare condition: small coef for last iteration:  0.000D+00
 Rare condition: small coef for last iteration:  0.000D+00
 Rare condition: small coef for last iteration:  0.000D+00
 Rare condition: small coef for last iteration:  0.000D+00
 Rare condition: small coef for last iteration:  0.000D+00
 Rare condition: small coef for last iteration:  0.000D+00
 Rare condition: small coef for last iteration:  0.000D+00
 Rare condition: small coef for last iteration:  0.000D+00
 Rare condition: small coef for last iteration:  0.000D+00
 Rare condition: small coef for last iteration:  0.000D+00
 Rare condition: small coef for last iteration:  0.000D+00
 Rare condition: small coef for last iteration:  0.000D+00
 Rare condition: small coef for last iteration:  0.000D+00
 Rare condition: small coef for last iteration:  0.000D+00
 Rare condition: small coef for last iteration:  0.000D+00
 Rare condition: small coef for last iteration:  0.000D+00
 Rare condition: small coef for last iteration:  0.000D+00
 Rare condition: small coef for last iteration:  0.000D+00
 Rare condition: small coef for last iteration:  0.000D+00
 Rare condition: small coef for last iteration:  0.000D+00
 Rare condition: small coef for last iteration:  0.000D+00
 Rare condition: small coef for last iteration:  0.000D+00
 Rare condition: small coef for last iteration:  0.000D+00
 Rare condition: small coef for last iteration:  0.000D+00
 Rare condition: small coef for last iteration:  0.000D+00
 Rare condition: small coef for last iteration:  0.000D+00
 Rare condition: small coef for last iteration:  0.000D+00
 Rare condition: small coef for last iteration:  0.000D+00
 Rare condition: small coef for last iteration:  0.000D+00
 Rare condition: small coef for last iteration:  0.000D+00
 Rare condition: small coef for last iteration:  0.000D+00
 SCF Done:  E(RHF) =  -5.81610395296     A.U. after  120 cycles
            NFock=120  Conv=0.16D-08     -V/T= 1.9419
 Range of M.O.s used for correlation:     1    12
 NBasis=    12 NAE=     6 NBE=     6 NFC=     0 NFV=     0
 NROrb=     12 NOA=     6 NOB=     6 NVA=     6 NVB=     6
 Semi-Direct transformation.
 ModeAB=           4 MOrb=             6 LenV=     134088777
 LASXX=         2181 LTotXX=        2181 LenRXX=        5115
 LTotAB=        2934 MaxLAS=        3024 LenRXY=           0
 NonZer=        7296 LenScr=      655360 LnRSAI=        3024
 LnScr1=      655360 LExtra=           0 Total=      1318859
 MaxDsk=          -1 SrtSym=           T ITran=            3
 JobTyp=0 Pass  1:  I=   1 to   6.
 (rs|ai) integrals will be sorted in core.
 Spin components of T(2) and E(2):
     alpha-alpha T2 =       0.4126826273D-02 E2=     -0.5665037911D-02
     alpha-beta  T2 =       0.1080674100D+00 E2=     -0.1142724813D+00
     beta-beta   T2 =       0.4126826273D-02 E2=     -0.5665037911D-02
 ANorm=    0.1056560960D+01
 E2 =    -0.1256025572D+00 EUMP2 =    -0.59417065101250D+01
 Second order stability test of a single determinant RHF wave function:
 Stabil:  MDV=134217728
 ***********************************************************************
 Matrix         Lowest Root    Major Pairs
 ***********************************************************************
 Internal RHF     0.0474397    Stable
 RRHF --> CRHF    0.0033804    Stable
 RRHF --> RUHF   -0.1486789    6A=7B 4A=8B 3A=7B 5A=8B 6A=10B
 Not stable.
 ***********************************************************************

 **********************************************************************

            Population analysis using the SCF density.

 **********************************************************************

 Orbital symmetries:
       Occupied  (AG) (BU) (AG) (BU) (BU) (AG)
       Virtual   (AG) (BU) (BU) (AG) (AG) (BU)
 The electronic state is 1-AG.
 Alpha  occ. eigenvalues --   -0.83708  -0.74621  -0.60245  -0.45506  -0.38453
 Alpha  occ. eigenvalues --   -0.21344
 Alpha virt. eigenvalues --   -0.00245   0.03622   0.34237   0.43808   0.60922
 Alpha virt. eigenvalues --    0.82344
          Condensed to atoms (all electrons):
               1          2          3          4          5          6
     1  H    0.711495   0.000300   0.207562  -0.033776  -0.042361   0.005414
     2  H    0.000300   0.930895   0.114125  -0.071404   0.250359  -0.027049
     3  H    0.207562   0.114125   0.577515  -0.037091  -0.107647  -0.001714
     4  H   -0.033776  -0.071404  -0.037091   0.834700   0.202574  -0.048253
     5  H   -0.042361   0.250359  -0.107647   0.202574   1.082807  -0.058647
     6  H    0.005414  -0.027049  -0.001714  -0.048253  -0.058647   1.272518
     7  H    0.000143  -0.001060   0.000628  -0.000576  -0.004022   0.107303
     8  H    0.003028  -0.007200  -0.000576  -0.106851  -0.059943   0.378357
     9  H    0.003344  -0.191421   0.107303   0.378357  -0.223876  -0.053772
    10  H   -0.002135   0.015605  -0.004022  -0.059943   0.007126  -0.223876
    11  H   -0.000355   0.003759  -0.001060  -0.007200   0.015605  -0.191421
    12  H    0.000006  -0.000355   0.000143   0.003028  -0.002135   0.003344
               7          8          9         10         11         12
     1  H    0.000143   0.003028   0.003344  -0.002135  -0.000355   0.000006
     2  H   -0.001060  -0.007200  -0.191421   0.015605   0.003759  -0.000355
     3  H    0.000628  -0.000576   0.107303  -0.004022  -0.001060   0.000143
     4  H   -0.000576  -0.106851   0.378357  -0.059943  -0.007200   0.003028
     5  H   -0.004022  -0.059943  -0.223876   0.007126   0.015605  -0.002135
     6  H    0.107303   0.378357  -0.053772  -0.223876  -0.191421   0.003344
     7  H    0.577515  -0.037091  -0.001714  -0.107647   0.114125   0.207562
     8  H   -0.037091   0.834700  -0.048253   0.202574  -0.071404  -0.033776
     9  H   -0.001714  -0.048253   1.272518  -0.058647  -0.027049   0.005414
    10  H   -0.107647   0.202574  -0.058647   1.082807   0.250359  -0.042361
    11  H    0.114125  -0.071404  -0.027049   0.250359   0.930895   0.000300
    12  H    0.207562  -0.033776   0.005414  -0.042361   0.000300   0.711495
 Mulliken charges:
               1
     1  H    0.147335
     2  H   -0.016555
     3  H    0.144833
     4  H   -0.053566
     5  H   -0.059841
     6  H   -0.162206
     7  H    0.144833
     8  H   -0.053566
     9  H   -0.162206
    10  H   -0.059841
    11  H   -0.016555
    12  H    0.147335
 Sum of Mulliken charges =  -0.00000
 Mulliken charges with hydrogens summed into heavy atoms:
               1
 Electronic spatial extent (au):  <R**2>=            190.0578
 Charge=             -0.0000 electrons
 Dipole moment (field-independent basis, Debye):
    X=             -0.0000    Y=              0.0000    Z=              0.0000  Tot=              0.0000
 Quadrupole moment (field-independent basis, Debye-Ang):
   XX=            -17.6061   YY=             -0.1514   ZZ=            -15.4756
   XY=              5.9113   XZ=             -0.0000   YZ=             -0.0000
 Traceless Quadrupole moment (field-independent basis, Debye-Ang):
   XX=             -6.5284   YY=             10.9263   ZZ=             -4.3979
   XY=              5.9113   XZ=             -0.0000   YZ=             -0.0000
 Octapole moment (field-independent basis, Debye-Ang**2):
  XXX=              0.0000  YYY=              0.0000  ZZZ=              0.0000  XYY=              0.0000
  XXY=             -0.0000  XXZ=              0.0000  XZZ=              0.0000  YZZ=             -0.0000
  YYZ=             -0.0000  XYZ=             -0.0000
 Hexadecapole moment (field-independent basis, Debye-Ang**3):
 XXXX=            -67.6453 YYYY=           -139.2032 ZZZZ=            -18.6245 XXXY=            -24.2587
 XXXZ=              0.0000 YYYX=             22.4581 YYYZ=             -0.0000 ZZZX=              0.0000
 ZZZY=              0.0000 XXYY=            -58.6172 XXZZ=            -14.2044 YYZZ=            -58.0524
 XXYZ=              0.0000 YYXZ=             -0.0000 ZZXY=             -8.9419
 N-N= 1.799539031290D+01 E-N=-4.732008452022D+01  KE= 6.174656441974D+00
 Symmetry AG   KE= 3.028536144729D+00
 Symmetry BG   KE= 0.000000000000D+00
 Symmetry AU   KE= 0.000000000000D+00
 Symmetry BU   KE= 3.146120297245D+00

 Test job not archived.
 1\1\GINC-SULU\Stability\RHF\Gen\H12\LCJ1\17-Feb-2017\0\\#rhf/gen scf(s
 ymm,tight,novaracc,noincfock,fulldiag) stable(crhf) guess=read geom=no
 crowd test\\hf stability analysis of h12 triangular lattice, y= 1.3531
 893207273342\\0,1\H\H,1,1.4188583989\H,1,1.4188583989,2,35.\H,2,1.4188
 583989,1,145.,3,0.,0\H,2,1.4188583989,1,180.,3,0.,0\H,4,1.4188583989,3
 ,180.,5,0.,0\H,6,1.4188583989,5,180.,3,0.,0\H,4,1.4188583989,2,180.,3,
 0.,0\H,3,1.4188583989,1,180.,4,0.,0\H,9,1.4188583989,3,180.,4,0.,0\H,8
 ,1.4188583989,4,180.,3,0.,0\H,7,1.4188583989,6,180.,3,0.,0\\Version=ES
 64L-G09RevE.01\State=1-AG\HF=-5.816104\MP2=-5.9417065\RMSD=1.610e-09\D
 ipole=0.,0.,0.\Quadrupole=-4.7142343,-3.2697231,7.9839574,0.,4.5940866
 ,0.\PG=C02H [SGH(H12)]\\@


 COMMON SENSE IS NOT SO COMMON.   -- VOLTAIRE
 Job cpu time:       0 days  0 hours  0 minutes  1.2 seconds.
 File lengths (MBytes):  RWF=     84 Int=      0 D2E=      0 Chk=      2 Scr=      2
 Normal termination of Gaussian 09 at Fri Feb 17 15:07:21 2017.
