 Entering Gaussian System, Link 0=g09
 AtFile(1): H.gbs
            H     0
            S   10   1.00
               1000.000000000000            0.000068713567
                316.227766000000            0.000169141320
                100.000000000000            0.000823394812
                 31.622776600000            0.003425569236
                 10.000000000000            0.013951996000
                  3.162277660000            0.056909313560
                  1.000000000000            0.198286399900
                  0.316227766000            0.496922426700
                  0.100000000000            0.369846276400
                  0.031622776600            0.003752720039
            ****
 Initial command:
 /projects/guscus/apps/gau/g09-e1/g09/l1.exe "/users/lcj1/gaussian/h12/rhfstability/rect/guess/ag3bu3/Gau-20175.inp" -scrdir="/users/lcj1/gaussian/h12/rhfstability/rect/guess/ag3bu3/"
 Entering Link 1 = /projects/guscus/apps/gau/g09-e1/g09/l1.exe PID=     20179.
  
 Copyright (c) 1988,1990,1992,1993,1995,1998,2003,2009,2015,
            Gaussian, Inc.  All Rights Reserved.
  
 This is part of the Gaussian(R) 09 program.  It is based on
 the Gaussian(R) 03 system (copyright 2003, Gaussian, Inc.),
 the Gaussian(R) 98 system (copyright 1998, Gaussian, Inc.),
 the Gaussian(R) 94 system (copyright 1995, Gaussian, Inc.),
 the Gaussian 92(TM) system (copyright 1992, Gaussian, Inc.),
 the Gaussian 90(TM) system (copyright 1990, Gaussian, Inc.),
 the Gaussian 88(TM) system (copyright 1988, Gaussian, Inc.),
 the Gaussian 86(TM) system (copyright 1986, Carnegie Mellon
 University), and the Gaussian 82(TM) system (copyright 1983,
 Carnegie Mellon University). Gaussian is a federally registered
 trademark of Gaussian, Inc.
  
 This software contains proprietary and confidential information,
 including trade secrets, belonging to Gaussian, Inc.
  
 This software is provided under written license and may be
 used, copied, transmitted, or stored only in accord with that
 written license.
  
 The following legend is applicable only to US Government
 contracts under FAR:
  
                    RESTRICTED RIGHTS LEGEND
  
 Use, reproduction and disclosure by the US Government is
 subject to restrictions as set forth in subparagraphs (a)
 and (c) of the Commercial Computer Software - Restricted
 Rights clause in FAR 52.227-19.
  
 Gaussian, Inc.
 340 Quinnipiac St., Bldg. 40, Wallingford CT 06492
  
  
 ---------------------------------------------------------------
 Warning -- This program may not be used in any manner that
 competes with the business of Gaussian, Inc. or will provide
 assistance to any competitor of Gaussian, Inc.  The licensee
 of this program is prohibited from giving any competitor of
 Gaussian, Inc. access to this program.  By using this program,
 the user acknowledges that Gaussian, Inc. is engaged in the
 business of creating and licensing software in the field of
 computational chemistry and represents and warrants to the
 licensee that it is not a competitor of Gaussian, Inc. and that
 it will not use this program in any manner prohibited above.
 ---------------------------------------------------------------
  

 Cite this work as:
 Gaussian 09, Revision E.01,
 M. J. Frisch, G. W. Trucks, H. B. Schlegel, G. E. Scuseria, 
 M. A. Robb, J. R. Cheeseman, G. Scalmani, V. Barone, B. Mennucci, 
 G. A. Petersson, H. Nakatsuji, M. Caricato, X. Li, H. P. Hratchian, 
 A. F. Izmaylov, J. Bloino, G. Zheng, J. L. Sonnenberg, M. Hada, 
 M. Ehara, K. Toyota, R. Fukuda, J. Hasegawa, M. Ishida, T. Nakajima, 
 Y. Honda, O. Kitao, H. Nakai, T. Vreven, J. A. Montgomery, Jr., 
 J. E. Peralta, F. Ogliaro, M. Bearpark, J. J. Heyd, E. Brothers, 
 K. N. Kudin, V. N. Staroverov, T. Keith, R. Kobayashi, J. Normand, 
 K. Raghavachari, A. Rendell, J. C. Burant, S. S. Iyengar, J. Tomasi, 
 M. Cossi, N. Rega, J. M. Millam, M. Klene, J. E. Knox, J. B. Cross, 
 V. Bakken, C. Adamo, J. Jaramillo, R. Gomperts, R. E. Stratmann, 
 O. Yazyev, A. J. Austin, R. Cammi, C. Pomelli, J. W. Ochterski, 
 R. L. Martin, K. Morokuma, V. G. Zakrzewski, G. A. Voth, 
 P. Salvador, J. J. Dannenberg, S. Dapprich, A. D. Daniels, 
 O. Farkas, J. B. Foresman, J. V. Ortiz, J. Cioslowski, 
 and D. J. Fox, Gaussian, Inc., Wallingford CT, 2013.
 
 ******************************************
 Gaussian 09:  ES64L-G09RevE.01 30-Nov-2015
                17-Feb-2017 
 ******************************************
 %chk=h12.chk
 ----------------------------------------------------------------------
 #rhf/gen scf(symm,tight,novaracc,noincfock,fulldiag) stable(crhf) gues
 s=read geom=nocrowd test
 ----------------------------------------------------------------------
 1/38=1/1;
 2/12=1,17=6,18=5,40=1/2;
 3/5=7,16=1,25=1,30=1,116=1/1,2,3;
 4/5=1,9=4/1;
 5/5=100002,15=2,16=1,32=2,38=6/2;
 8/6=1,10=90,11=11/1,4;
 9/8=4,13=1/2;
 6/7=2,8=2,9=2,10=2,28=1/1;
 99/5=1,9=1/99;
 ----------------------------------------------------------------------
 hf stability analysis of h12 triangular lattice, y= 0.5686226315714816
 3
 ----------------------------------------------------------------------
 Symbolic Z-matrix:
 Charge =  0 Multiplicity = 1
 H
 H                    1     1.16373 
 H                    1     1.16373  2     121.5 
 H                    2     1.16373  1     58.5     3     0.       0
 H                    2     1.16373  1     180.     3     0.       0
 H                    4     1.16373  3     180.     5     0.       0
 H                    6     1.16373  5     180.     3     0.       0
 H                    4     1.16373  2     180.     3     0.       0
 H                    3     1.16373  1     180.     4     0.       0
 H                    9     1.16373  3     180.     4     0.       0
 H                    8     1.16373  4     180.     3     0.       0
 H                    7     1.16373  6     180.     3     0.       0
 
                          Input orientation:                          
 ---------------------------------------------------------------------
 Center     Atomic      Atomic             Coordinates (Angstroms)
 Number     Number       Type             X           Y           Z
 ---------------------------------------------------------------------
      1          1           0        0.000000    0.000000    0.000000
      2          1           0        0.000000    0.000000    1.163729
      3          1           0        0.992242    0.000000   -0.608047
      4          1           0        0.992242    0.000000    0.555682
      5          1           0        0.000000    0.000000    2.327458
      6          1           0        0.992242    0.000000    1.719411
      7          1           0        1.984484    0.000000    1.111364
      8          1           0        1.984484    0.000000   -0.052364
      9          1           0        1.984484    0.000000   -1.216093
     10          1           0        2.976726    0.000000   -1.824140
     11          1           0        2.976726    0.000000   -0.660411
     12          1           0        2.976726    0.000000    0.503318
 ---------------------------------------------------------------------
                    Distance matrix (angstroms):
                    1          2          3          4          5
     1  H    0.000000
     2  H    1.163729   0.000000
     3  H    1.163729   2.030697   0.000000
     4  H    1.137245   1.163729   1.163729   0.000000
     5  H    2.327458   1.163729   3.098666   2.030697   0.000000
     6  H    1.985175   1.137245   2.327458   1.163729   1.163729
     7  H    2.274490   1.985175   1.985175   1.137245   2.327458
     8  H    1.985175   2.327458   1.137245   1.163729   3.098666
     9  H    2.327458   3.098666   1.163729   2.030697   4.061395
    10  H    3.491186   4.217613   2.327458   3.098666   5.108489
    11  H    3.049105   3.491186   1.985175   2.327458   4.217613
    12  H    3.018977   3.049105   2.274490   1.985175   3.491186
                    6          7          8          9         10
     6  H    0.000000
     7  H    1.163729   0.000000
     8  H    2.030697   1.163729   0.000000
     9  H    3.098666   2.327458   1.163729   0.000000
    10  H    4.061395   3.098666   2.030697   1.163729   0.000000
    11  H    3.098666   2.030697   1.163729   1.137245   1.163729
    12  H    2.327458   1.163729   1.137245   1.985175   2.327458
                   11         12
    11  H    0.000000
    12  H    1.163729   0.000000
 Stoichiometry    H12
 Framework group  C2H[SGH(H12)]
 Deg. of freedom    11
 Full point group                 C2H     NOp   4
 Largest Abelian subgroup         C2H     NOp   4
 Largest concise Abelian subgroup C2      NOp   2
                         Standard orientation:                         
 ---------------------------------------------------------------------
 Center     Atomic      Atomic             Coordinates (Angstroms)
 Number     Number       Type             X           Y           Z
 ---------------------------------------------------------------------
      1          1           0        0.992242    1.137547   -0.000000
      2          1           0       -0.000000    1.745593    0.000000
      3          1           0        0.992242   -0.026182   -0.000000
      4          1           0       -0.000000    0.581864    0.000000
      5          1           0       -0.992242    2.353640    0.000000
      6          1           0       -0.992242    1.189911    0.000000
      7          1           0       -0.992242    0.026182    0.000000
      8          1           0       -0.000000   -0.581864   -0.000000
      9          1           0        0.992242   -1.189911   -0.000000
     10          1           0        0.992242   -2.353640   -0.000000
     11          1           0       -0.000000   -1.745593   -0.000000
     12          1           0       -0.992242   -1.137547   -0.000000
 ---------------------------------------------------------------------
 Rotational constants (GHZ):     77.2861295     20.3349252     16.0990646
 General basis read from cards:  (5D, 7F)
 There are     6 symmetry adapted cartesian basis functions of AG  symmetry.
 There are     0 symmetry adapted cartesian basis functions of BG  symmetry.
 There are     0 symmetry adapted cartesian basis functions of AU  symmetry.
 There are     6 symmetry adapted cartesian basis functions of BU  symmetry.
 There are     6 symmetry adapted basis functions of AG  symmetry.
 There are     0 symmetry adapted basis functions of BG  symmetry.
 There are     0 symmetry adapted basis functions of AU  symmetry.
 There are     6 symmetry adapted basis functions of BU  symmetry.
    12 basis functions,   120 primitive gaussians,    12 cartesian basis functions
     6 alpha electrons        6 beta electrons
       nuclear repulsion energy        19.4783086064 Hartrees.
 NAtoms=   12 NActive=   12 NUniq=    6 SFac= 4.00D+00 NAtFMM=   60 NAOKFM=F Big=F
 Integral buffers will be    131072 words long.
 Regular integral format.
 Two-electron integral symmetry is turned on.
 One-electron integrals computed using PRISM.
 NBasis=    12 RedAO= T EigKep=  1.82D-01  NBF=     6     0     0     6
 NBsUse=    12 1.00D-06 EigRej= -1.00D+00 NBFU=     6     0     0     6
 Initial guess from the checkpoint file:  "h12.chk"
 B after Tr=     0.000000   -0.000000    0.000000
         Rot=    0.996323   -0.000000    0.000000   -0.085679 Ang=  -9.83 deg.
 Initial guess orbital symmetries:
       Occupied  (AG) (BU) (AG) (BU) (BU) (AG)
       Virtual   (BU) (AG) (BU) (AG) (AG) (BU)
 Keep R1 ints in memory in symmetry-blocked form, NReq=903532.
 Requested convergence on RMS density matrix=1.00D-08 within 128 cycles.
 Requested convergence on MAX density matrix=1.00D-06.
 Requested convergence on             energy=1.00D-06.
 No special actions if energy rises.
 SCF Done:  E(RHF) =  -5.93638854295     A.U. after   13 cycles
            NFock= 13  Conv=0.61D-08     -V/T= 1.9619
 Range of M.O.s used for correlation:     1    12
 NBasis=    12 NAE=     6 NBE=     6 NFC=     0 NFV=     0
 NROrb=     12 NOA=     6 NOB=     6 NVA=     6 NVB=     6
 Semi-Direct transformation.
 ModeAB=           4 MOrb=             6 LenV=     134084437
 LASXX=         2181 LTotXX=        2181 LenRXX=        5115
 LTotAB=        2934 MaxLAS=        3024 LenRXY=           0
 NonZer=        7296 LenScr=      655360 LnRSAI=        3024
 LnScr1=      655360 LExtra=           0 Total=      1318859
 MaxDsk=          -1 SrtSym=           T ITran=            3
 JobTyp=0 Pass  1:  I=   1 to   6.
 (rs|ai) integrals will be sorted in core.
 Spin components of T(2) and E(2):
     alpha-alpha T2 =       0.4570635118D-02 E2=     -0.6943517434D-02
     alpha-beta  T2 =       0.6270242503D-01 E2=     -0.9867512532D-01
     beta-beta   T2 =       0.4570635118D-02 E2=     -0.6943517434D-02
 ANorm=    0.1035298843D+01
 E2 =    -0.1125621602D+00 EUMP2 =    -0.60489507031328D+01
 Second order stability test of a single determinant RHF wave function:
 Stabil:  MDV=134217728
 ***********************************************************************
 Matrix         Lowest Root    Major Pairs
 ***********************************************************************
 Internal RHF     0.2038984    Stable
 RRHF --> CRHF    0.1631456    Stable
 RRHF --> RUHF    0.0600026    Stable
 Stable under the perturbations considered.
 ***********************************************************************

 **********************************************************************

            Population analysis using the SCF density.

 **********************************************************************

 Orbital symmetries:
       Occupied  (AG) (BU) (BU) (AG) (AG) (BU)
       Virtual   (AG) (BU) (AG) (BU) (BU) (AG)
 The electronic state is 1-AG.
 Alpha  occ. eigenvalues --   -0.96715  -0.79038  -0.61805  -0.56348  -0.38236
 Alpha  occ. eigenvalues --   -0.31543
 Alpha virt. eigenvalues --    0.11205   0.21323   0.22065   0.37364   0.51049
 Alpha virt. eigenvalues --    0.56840
          Condensed to atoms (all electrons):
               1          2          3          4          5          6
     1  H    1.041728   0.251807  -0.087098   0.198686  -0.060366  -0.123564
     2  H    0.251807   0.699679  -0.034099  -0.079871   0.211203  -0.023653
     3  H   -0.087098  -0.034099   0.903833  -0.056035   0.013644  -0.022918
     4  H    0.198686  -0.079871  -0.056035   1.032703  -0.154793   0.079328
     5  H   -0.060366   0.211203   0.013644  -0.154793   1.020438   0.142597
     6  H   -0.123564  -0.023653  -0.022918   0.079328   0.142597   0.753831
     7  H   -0.052222  -0.101581  -0.079183   0.320639  -0.071907   0.218278
     8  H   -0.084888  -0.026844   0.320639  -0.204699   0.021520  -0.035158
     9  H   -0.064005  -0.008777   0.218278  -0.035158   0.002911   0.013529
    10  H    0.004371  -0.000233  -0.071907   0.021520  -0.000933   0.002911
    11  H    0.018153   0.009351  -0.101581  -0.026844  -0.000233  -0.008777
    12  H    0.019480   0.018153  -0.052222  -0.084888   0.004371  -0.064005
               7          8          9         10         11         12
     1  H   -0.052222  -0.084888  -0.064005   0.004371   0.018153   0.019480
     2  H   -0.101581  -0.026844  -0.008777  -0.000233   0.009351   0.018153
     3  H   -0.079183   0.320639   0.218278  -0.071907  -0.101581  -0.052222
     4  H    0.320639  -0.204699  -0.035158   0.021520  -0.026844  -0.084888
     5  H   -0.071907   0.021520   0.002911  -0.000933  -0.000233   0.004371
     6  H    0.218278  -0.035158   0.013529   0.002911  -0.008777  -0.064005
     7  H    0.903833  -0.056035  -0.022918   0.013644  -0.034099  -0.087098
     8  H   -0.056035   1.032703   0.079328  -0.154793  -0.079871   0.198686
     9  H   -0.022918   0.079328   0.753831   0.142597  -0.023653  -0.123564
    10  H    0.013644  -0.154793   0.142597   1.020438   0.211203  -0.060366
    11  H   -0.034099  -0.079871  -0.023653   0.211203   0.699679   0.251807
    12  H   -0.087098   0.198686  -0.123564  -0.060366   0.251807   1.041728
 Mulliken charges:
               1
     1  H   -0.062080
     2  H    0.084866
     3  H    0.048651
     4  H   -0.010587
     5  H   -0.128452
     6  H    0.067602
     7  H    0.048651
     8  H   -0.010587
     9  H    0.067602
    10  H   -0.128452
    11  H    0.084866
    12  H   -0.062080
 Sum of Mulliken charges =  -0.00000
 Mulliken charges with hydrogens summed into heavy atoms:
               1
 Electronic spatial extent (au):  <R**2>=            154.1341
 Charge=              0.0000 electrons
 Dipole moment (field-independent basis, Debye):
    X=              0.0000    Y=             -0.0000    Z=             -0.0000  Tot=              0.0000
 Quadrupole moment (field-independent basis, Debye-Ang):
   XX=            -17.7987   YY=            -24.5645   ZZ=            -15.3418
   XY=              1.8294   XZ=              0.0000   YZ=             -0.0000
 Traceless Quadrupole moment (field-independent basis, Debye-Ang):
   XX=              1.4363   YY=             -5.3295   ZZ=              3.8932
   XY=              1.8294   XZ=              0.0000   YZ=             -0.0000
 Octapole moment (field-independent basis, Debye-Ang**2):
  XXX=              0.0000  YYY=              0.0000  ZZZ=             -0.0000  XYY=             -0.0000
  XXY=              0.0000  XXZ=             -0.0000  XZZ=              0.0000  YZZ=              0.0000
  YYZ=             -0.0000  XYZ=              0.0000
 Hexadecapole moment (field-independent basis, Debye-Ang**3):
 XXXX=            -87.0213 YYYY=           -276.5055 ZZZZ=            -18.2600 XXXY=             23.9741
 XXXZ=              0.0000 YYYX=             36.5531 YYYZ=             -0.0000 ZZZX=              0.0000
 ZZZY=             -0.0000 XXYY=            -61.7507 XXZZ=            -17.3418 YYZZ=            -39.9740
 XXYZ=             -0.0000 YYXZ=              0.0000 ZZXY=              7.0041
 N-N= 1.947830860639D+01 E-N=-4.972699293431D+01  KE= 6.171308025243D+00
 Symmetry AG   KE= 2.946617643293D+00
 Symmetry BG   KE= 0.000000000000D+00
 Symmetry AU   KE= 0.000000000000D+00
 Symmetry BU   KE= 3.224690381950D+00

 Test job not archived.
 1\1\GINC-SULU\Stability\RHF\Gen\H12\LCJ1\17-Feb-2017\0\\#rhf/gen scf(s
 ymm,tight,novaracc,noincfock,fulldiag) stable(crhf) guess=read geom=no
 crowd test\\hf stability analysis of h12 triangular lattice, y= 0.5686
 2263157148163\\0,1\H\H,1,1.1637288125\H,1,1.1637288125,2,121.5\H,2,1.1
 637288125,1,58.5,3,0.,0\H,2,1.1637288125,1,180.,3,0.,0\H,4,1.163728812
 5,3,180.,5,0.,0\H,6,1.1637288125,5,180.,3,0.,0\H,4,1.1637288125,2,180.
 ,3,0.,0\H,3,1.1637288125,1,180.,4,0.,0\H,9,1.1637288125,3,180.,4,0.,0\
 H,8,1.1637288125,4,180.,3,0.,0\H,7,1.1637288125,6,180.,3,0.,0\\Version
 =ES64L-G09RevE.01\State=1-AG\HF=-5.9363885\MP2=-6.0489507\RMSD=6.128e-
 09\Dipole=0.,0.,0.\Quadrupole=-1.3772266,2.8945216,-1.517295,0.,2.8584
 243,0.\PG=C02H [SGH(H12)]\\@


    THE DOUGHNUT CREED
 AS YOU RAMBLE ON THROUGH LIFE, BROTHER
 WHATEVER BE YOUR GOAL
 KEEP YOUR EYE UPON THE DOUGHNUT
 AND NOT UPON THE HOLE.
 Job cpu time:       0 days  0 hours  0 minutes  1.1 seconds.
 File lengths (MBytes):  RWF=     84 Int=      0 D2E=      0 Chk=      2 Scr=      2
 Normal termination of Gaussian 09 at Fri Feb 17 14:58:15 2017.
