 Entering Gaussian System, Link 0=g09
 AtFile(1): H.gbs
            H     0
            S   10   1.00
               1000.000000000000            0.000068713567
                316.227766000000            0.000169141320
                100.000000000000            0.000823394812
                 31.622776600000            0.003425569236
                 10.000000000000            0.013951996000
                  3.162277660000            0.056909313560
                  1.000000000000            0.198286399900
                  0.316227766000            0.496922426700
                  0.100000000000            0.369846276400
                  0.031622776600            0.003752720039
            ****
 Initial command:
 /projects/guscus/apps/gau/g09-e1/g09/l1.exe "/users/lcj1/gaussian/h12/rhfstability/rect/guess/ag3bu3/Gau-11547.inp" -scrdir="/users/lcj1/gaussian/h12/rhfstability/rect/guess/ag3bu3/"
 Entering Link 1 = /projects/guscus/apps/gau/g09-e1/g09/l1.exe PID=     11548.
  
 Copyright (c) 1988,1990,1992,1993,1995,1998,2003,2009,2015,
            Gaussian, Inc.  All Rights Reserved.
  
 This is part of the Gaussian(R) 09 program.  It is based on
 the Gaussian(R) 03 system (copyright 2003, Gaussian, Inc.),
 the Gaussian(R) 98 system (copyright 1998, Gaussian, Inc.),
 the Gaussian(R) 94 system (copyright 1995, Gaussian, Inc.),
 the Gaussian 92(TM) system (copyright 1992, Gaussian, Inc.),
 the Gaussian 90(TM) system (copyright 1990, Gaussian, Inc.),
 the Gaussian 88(TM) system (copyright 1988, Gaussian, Inc.),
 the Gaussian 86(TM) system (copyright 1986, Carnegie Mellon
 University), and the Gaussian 82(TM) system (copyright 1983,
 Carnegie Mellon University). Gaussian is a federally registered
 trademark of Gaussian, Inc.
  
 This software contains proprietary and confidential information,
 including trade secrets, belonging to Gaussian, Inc.
  
 This software is provided under written license and may be
 used, copied, transmitted, or stored only in accord with that
 written license.
  
 The following legend is applicable only to US Government
 contracts under FAR:
  
                    RESTRICTED RIGHTS LEGEND
  
 Use, reproduction and disclosure by the US Government is
 subject to restrictions as set forth in subparagraphs (a)
 and (c) of the Commercial Computer Software - Restricted
 Rights clause in FAR 52.227-19.
  
 Gaussian, Inc.
 340 Quinnipiac St., Bldg. 40, Wallingford CT 06492
  
  
 ---------------------------------------------------------------
 Warning -- This program may not be used in any manner that
 competes with the business of Gaussian, Inc. or will provide
 assistance to any competitor of Gaussian, Inc.  The licensee
 of this program is prohibited from giving any competitor of
 Gaussian, Inc. access to this program.  By using this program,
 the user acknowledges that Gaussian, Inc. is engaged in the
 business of creating and licensing software in the field of
 computational chemistry and represents and warrants to the
 licensee that it is not a competitor of Gaussian, Inc. and that
 it will not use this program in any manner prohibited above.
 ---------------------------------------------------------------
  

 Cite this work as:
 Gaussian 09, Revision E.01,
 M. J. Frisch, G. W. Trucks, H. B. Schlegel, G. E. Scuseria, 
 M. A. Robb, J. R. Cheeseman, G. Scalmani, V. Barone, B. Mennucci, 
 G. A. Petersson, H. Nakatsuji, M. Caricato, X. Li, H. P. Hratchian, 
 A. F. Izmaylov, J. Bloino, G. Zheng, J. L. Sonnenberg, M. Hada, 
 M. Ehara, K. Toyota, R. Fukuda, J. Hasegawa, M. Ishida, T. Nakajima, 
 Y. Honda, O. Kitao, H. Nakai, T. Vreven, J. A. Montgomery, Jr., 
 J. E. Peralta, F. Ogliaro, M. Bearpark, J. J. Heyd, E. Brothers, 
 K. N. Kudin, V. N. Staroverov, T. Keith, R. Kobayashi, J. Normand, 
 K. Raghavachari, A. Rendell, J. C. Burant, S. S. Iyengar, J. Tomasi, 
 M. Cossi, N. Rega, J. M. Millam, M. Klene, J. E. Knox, J. B. Cross, 
 V. Bakken, C. Adamo, J. Jaramillo, R. Gomperts, R. E. Stratmann, 
 O. Yazyev, A. J. Austin, R. Cammi, C. Pomelli, J. W. Ochterski, 
 R. L. Martin, K. Morokuma, V. G. Zakrzewski, G. A. Voth, 
 P. Salvador, J. J. Dannenberg, S. Dapprich, A. D. Daniels, 
 O. Farkas, J. B. Foresman, J. V. Ortiz, J. Cioslowski, 
 and D. J. Fox, Gaussian, Inc., Wallingford CT, 2013.
 
 ******************************************
 Gaussian 09:  ES64L-G09RevE.01 30-Nov-2015
                17-Feb-2017 
 ******************************************
 %chk=h12.chk
 ----------------------------------------------------------------------
 #rhf/gen scf(symm,tight,novaracc,noincfock,fulldiag) stable(crhf) gues
 s=read geom=nocrowd test
 ----------------------------------------------------------------------
 1/38=1/1;
 2/12=1,17=6,18=5,40=1/2;
 3/5=7,16=1,25=1,30=1,116=1/1,2,3;
 4/5=1,9=4/1;
 5/5=100002,15=2,16=1,32=2,38=6/2;
 8/6=1,10=90,11=11/1,4;
 9/8=4,13=1/2;
 6/7=2,8=2,9=2,10=2,28=1/1;
 99/5=1,9=1/99;
 ----------------------------------------------------------------------
 hf stability analysis of h12 triangular lattice, y= 1.5658605742718710
 ----------------------------------------------------------------------
 Symbolic Z-matrix:
 Charge =  0 Multiplicity = 1
 H
 H                    1     1.60868 
 H                    1     1.60868  2     26.5 
 H                    2     1.60868  1     153.5    3     0.       0
 H                    2     1.60868  1     180.     3     0.       0
 H                    4     1.60868  3     180.     5     0.       0
 H                    6     1.60868  5     180.     3     0.       0
 H                    4     1.60868  2     180.     3     0.       0
 H                    3     1.60868  1     180.     4     0.       0
 H                    9     1.60868  3     180.     4     0.       0
 H                    8     1.60868  4     180.     3     0.       0
 H                    7     1.60868  6     180.     3     0.       0
 
                          Input orientation:                          
 ---------------------------------------------------------------------
 Center     Atomic      Atomic             Coordinates (Angstroms)
 Number     Number       Type             X           Y           Z
 ---------------------------------------------------------------------
      1          1           0        0.000000    0.000000    0.000000
      2          1           0        0.000000    0.000000    1.608685
      3          1           0        0.717792    0.000000    1.439667
      4          1           0        0.717792    0.000000    3.048352
      5          1           0        0.000000    0.000000    3.217370
      6          1           0        0.717792    0.000000    4.657037
      7          1           0        1.435583    0.000000    6.096705
      8          1           0        1.435583    0.000000    4.488020
      9          1           0        1.435583    0.000000    2.879335
     10          1           0        2.153375    0.000000    4.319002
     11          1           0        2.153375    0.000000    5.927687
     12          1           0        2.153375    0.000000    7.536372
 ---------------------------------------------------------------------
                    Distance matrix (angstroms):
                    1          2          3          4          5
     1  H    0.000000
     2  H    1.608685   0.000000
     3  H    1.608685   0.737422   0.000000
     4  H    3.131721   1.608685   1.608685   0.000000
     5  H    3.217370   1.608685   1.917147   0.737422   0.000000
     6  H    4.712029   3.131721   3.217370   1.608685   1.608685
     7  H    6.263442   4.712029   4.712029   3.131721   3.217370
     8  H    4.712029   3.217370   3.131721   1.608685   1.917147
     9  H    3.217370   1.917147   1.608685   0.737422   1.474845
    10  H    4.826055   3.461625   3.217370   1.917147   2.418805
    11  H    6.306703   4.826055   4.712029   3.217370   3.461625
    12  H    7.837980   6.306703   6.263442   4.712029   4.826055
                    6          7          8          9         10
     6  H    0.000000
     7  H    1.608685   0.000000
     8  H    0.737422   1.608685   0.000000
     9  H    1.917147   3.217370   1.608685   0.000000
    10  H    1.474845   1.917147   0.737422   1.608685   0.000000
    11  H    1.917147   0.737422   1.608685   3.131721   1.608685
    12  H    3.217370   1.608685   3.131721   4.712029   3.217370
                   11         12
    11  H    0.000000
    12  H    1.608685   0.000000
 Stoichiometry    H12
 Framework group  C2H[SGH(H12)]
 Deg. of freedom    11
 Full point group                 C2H     NOp   4
 Largest Abelian subgroup         C2H     NOp   4
 Largest concise Abelian subgroup C2      NOp   2
                         Standard orientation:                         
 ---------------------------------------------------------------------
 Center     Atomic      Atomic             Coordinates (Angstroms)
 Number     Number       Type             X           Y           Z
 ---------------------------------------------------------------------
      1          1           0        0.717792    3.852695   -0.000000
      2          1           0        0.000000    2.413027   -0.000000
      3          1           0        0.717792    2.244010   -0.000000
      4          1           0        0.000000    0.804342   -0.000000
      5          1           0       -0.717792    0.973360    0.000000
      6          1           0       -0.717792   -0.635325    0.000000
      7          1           0       -0.717792   -2.244010    0.000000
      8          1           0       -0.000000   -0.804342    0.000000
      9          1           0        0.717792    0.635325    0.000000
     10          1           0        0.717792   -0.973360    0.000000
     11          1           0       -0.000000   -2.413027    0.000000
     12          1           0       -0.717792   -3.852695    0.000000
 ---------------------------------------------------------------------
 Rotational constants (GHZ):    177.7000524      8.8441569      8.4248508
 General basis read from cards:  (5D, 7F)
 There are     6 symmetry adapted cartesian basis functions of AG  symmetry.
 There are     0 symmetry adapted cartesian basis functions of BG  symmetry.
 There are     0 symmetry adapted cartesian basis functions of AU  symmetry.
 There are     6 symmetry adapted cartesian basis functions of BU  symmetry.
 There are     6 symmetry adapted basis functions of AG  symmetry.
 There are     0 symmetry adapted basis functions of BG  symmetry.
 There are     0 symmetry adapted basis functions of AU  symmetry.
 There are     6 symmetry adapted basis functions of BU  symmetry.
    12 basis functions,   120 primitive gaussians,    12 cartesian basis functions
     6 alpha electrons        6 beta electrons
       nuclear repulsion energy        17.2500262986 Hartrees.
 NAtoms=   12 NActive=   12 NUniq=    6 SFac= 4.00D+00 NAtFMM=   60 NAOKFM=F Big=F
 Integral buffers will be    131072 words long.
 Regular integral format.
 Two-electron integral symmetry is turned on.
 One-electron integrals computed using PRISM.
 NBasis=    12 RedAO= T EigKep=  9.82D-02  NBF=     6     0     0     6
 NBsUse=    12 1.00D-06 EigRej= -1.00D+00 NBFU=     6     0     0     6
 Initial guess from the checkpoint file:  "h12.chk"
 B after Tr=    -0.000000    0.000000    0.000000
         Rot=    0.960726    0.000000   -0.000000   -0.277499 Ang= -32.22 deg.
 Initial guess orbital symmetries:
       Occupied  (AG) (BU) (AG) (BU) (BU) (AG)
       Virtual   (BU) (AG) (BU) (AG) (AG) (BU)
 Keep R1 ints in memory in symmetry-blocked form, NReq=897610.
 Requested convergence on RMS density matrix=1.00D-08 within 128 cycles.
 Requested convergence on MAX density matrix=1.00D-06.
 Requested convergence on             energy=1.00D-06.
 No special actions if energy rises.
 SCF Done:  E(RHF) =  -5.73508880020     A.U. after   16 cycles
            NFock= 16  Conv=0.38D-08     -V/T= 1.9068
 Range of M.O.s used for correlation:     1    12
 NBasis=    12 NAE=     6 NBE=     6 NFC=     0 NFV=     0
 NROrb=     12 NOA=     6 NOB=     6 NVA=     6 NVB=     6

 **** Warning!!: The smallest alpha delta epsilon is  0.78008712D-01

 Semi-Direct transformation.
 ModeAB=           4 MOrb=             6 LenV=     134090275
 LASXX=         2181 LTotXX=        2181 LenRXX=        5115
 LTotAB=        2934 MaxLAS=        3024 LenRXY=           0
 NonZer=        7296 LenScr=      655360 LnRSAI=        3024
 LnScr1=      655360 LExtra=           0 Total=      1318859
 MaxDsk=          -1 SrtSym=           T ITran=            3
 JobTyp=0 Pass  1:  I=   1 to   6.
 (rs|ai) integrals will be sorted in core.
 Spin components of T(2) and E(2):
     alpha-alpha T2 =       0.6620332111D-02 E2=     -0.6035073847D-02
     alpha-beta  T2 =       0.2932850866D+01 E2=     -0.5221723416D+00
     beta-beta   T2 =       0.6620332111D-02 E2=     -0.6035073847D-02
 ANorm=    0.1986477166D+01
 E2 =    -0.5342424892D+00 EUMP2 =    -0.62693312894453D+01
 Second order stability test of a single determinant RHF wave function:
 Stabil:  MDV=134217728
 ***********************************************************************
 Matrix         Lowest Root    Major Pairs
 ***********************************************************************
 Internal RHF     0.029991     Stable
 RRHF --> CRHF    0.0062762    Stable
 RRHF --> RUHF   -0.5276679    6A=7B
 Not stable.
 ***********************************************************************

 **********************************************************************

            Population analysis using the SCF density.

 **********************************************************************

 Orbital symmetries:
       Occupied  (AG) (BU) (AG) (BU) (BU) (AG)
       Virtual   (BU) (AG) (BU) (AG) (AG) (BU)
 The electronic state is 1-AG.
 Alpha  occ. eigenvalues --   -0.89109  -0.77368  -0.64333  -0.57978  -0.39074
 Alpha  occ. eigenvalues --   -0.16504
 Alpha virt. eigenvalues --   -0.08703   0.01365   0.42485   0.46517   0.69872
 Alpha virt. eigenvalues --    0.93028
          Condensed to atoms (all electrons):
               1          2          3          4          5          6
     1  H    1.171232  -0.069845  -0.043773  -0.001636  -0.004962   0.000745
     2  H   -0.069845   0.730256   0.506846  -0.087887  -0.010545   0.003624
     3  H   -0.043773   0.506846   0.658796  -0.081933  -0.043613  -0.003876
     4  H   -0.001636  -0.087887  -0.081933   0.954306   0.283585  -0.059992
     5  H   -0.004962  -0.010545  -0.043613   0.283585   0.729125   0.184588
     6  H    0.000745   0.003624  -0.003876  -0.059992   0.184588   0.931044
     7  H   -0.000066   0.000318   0.000186   0.001784   0.005212  -0.036432
     8  H    0.000488   0.001867   0.001784  -0.103788  -0.034499   0.338934
     9  H    0.003618  -0.070341  -0.036432   0.338934  -0.181478  -0.189086
    10  H   -0.000186  -0.000636   0.005212  -0.034499  -0.082009  -0.181478
    11  H   -0.000081   0.000261   0.000318   0.001867  -0.000636  -0.070341
    12  H    0.000020  -0.000081  -0.000066   0.000488  -0.000186   0.003618
               7          8          9         10         11         12
     1  H   -0.000066   0.000488   0.003618  -0.000186  -0.000081   0.000020
     2  H    0.000318   0.001867  -0.070341  -0.000636   0.000261  -0.000081
     3  H    0.000186   0.001784  -0.036432   0.005212   0.000318  -0.000066
     4  H    0.001784  -0.103788   0.338934  -0.034499   0.001867   0.000488
     5  H    0.005212  -0.034499  -0.181478  -0.082009  -0.000636  -0.000186
     6  H   -0.036432   0.338934  -0.189086  -0.181478  -0.070341   0.003618
     7  H    0.658796  -0.081933  -0.003876  -0.043613   0.506846  -0.043773
     8  H   -0.081933   0.954306  -0.059992   0.283585  -0.087887  -0.001636
     9  H   -0.003876  -0.059992   0.931044   0.184588   0.003624   0.000745
    10  H   -0.043613   0.283585   0.184588   0.729125  -0.010545  -0.004962
    11  H    0.506846  -0.087887   0.003624  -0.010545   0.730256  -0.069845
    12  H   -0.043773  -0.001636   0.000745  -0.004962  -0.069845   1.171232
 Mulliken charges:
               1
     1  H   -0.055554
     2  H   -0.003837
     3  H    0.036551
     4  H   -0.211229
     5  H    0.155417
     6  H    0.078653
     7  H    0.036551
     8  H   -0.211229
     9  H    0.078653
    10  H    0.155417
    11  H   -0.003837
    12  H   -0.055554
 Sum of Mulliken charges =   0.00000
 Mulliken charges with hydrogens summed into heavy atoms:
               1
 Electronic spatial extent (au):  <R**2>=            254.6695
 Charge=             -0.0000 electrons
 Dipole moment (field-independent basis, Debye):
    X=              0.0000    Y=             -0.0000    Z=              0.0000  Tot=              0.0000
 Quadrupole moment (field-independent basis, Debye-Ang):
   XX=            -15.5960   YY=            -25.7247   ZZ=            -15.3272
   XY=             -2.7662   XZ=              0.0000   YZ=              0.0000
 Traceless Quadrupole moment (field-independent basis, Debye-Ang):
   XX=              3.2866   YY=             -6.8421   ZZ=              3.5554
   XY=             -2.7662   XZ=              0.0000   YZ=              0.0000
 Octapole moment (field-independent basis, Debye-Ang**2):
  XXX=              0.0000  YYY=             -0.0000  ZZZ=             -0.0000  XYY=              0.0000
  XXY=             -0.0000  XXZ=             -0.0000  XZZ=              0.0000  YZZ=              0.0000
  YYZ=             -0.0000  XYZ=             -0.0000
 Hexadecapole moment (field-independent basis, Debye-Ang**3):
 XXXX=            -52.4902 YYYY=           -682.8876 ZZZZ=            -18.3695 XXXY=            -34.6735
 XXXZ=              0.0000 YYYX=            -78.6444 YYYZ=              0.0000 ZZZX=              0.0000
 ZZZY=              0.0000 XXYY=            -90.5558 XXZZ=            -11.8587 YYZZ=            -81.5516
 XXYZ=              0.0000 YYXZ=              0.0000 ZZXY=            -11.5961
 N-N= 1.725002629856D+01 E-N=-4.540732393247D+01  KE= 6.324422628999D+00
 Symmetry AG   KE= 2.871846177216D+00
 Symmetry BG   KE= 0.000000000000D+00
 Symmetry AU   KE= 0.000000000000D+00
 Symmetry BU   KE= 3.452576451783D+00

 Test job not archived.
 1\1\GINC-SULU\Stability\RHF\Gen\H12\LCJ1\17-Feb-2017\0\\#rhf/gen scf(s
 ymm,tight,novaracc,noincfock,fulldiag) stable(crhf) guess=read geom=no
 crowd test\\hf stability analysis of h12 triangular lattice, y= 1.5658
 605742718710\\0,1\H\H,1,1.6086849467\H,1,1.6086849467,2,26.5\H,2,1.608
 6849467,1,153.5,3,0.,0\H,2,1.6086849467,1,180.,3,0.,0\H,4,1.6086849467
 ,3,180.,5,0.,0\H,6,1.6086849467,5,180.,3,0.,0\H,4,1.6086849467,2,180.,
 3,0.,0\H,3,1.6086849467,1,180.,4,0.,0\H,9,1.6086849467,3,180.,4,0.,0\H
 ,8,1.6086849467,4,180.,3,0.,0\H,7,1.6086849467,6,180.,3,0.,0\\Version=
 ES64L-G09RevE.01\State=1-AG\HF=-5.7350888\MP2=-6.2693313\RMSD=3.840e-0
 9\Dipole=0.,0.,0.\Quadrupole=2.5867381,2.6433754,-5.2301135,0.,-1.7693
 652,0.\PG=C02H [SGH(H12)]\\@


 Statistics are no substitute for judgment.
                            -- Henry Clay
 Job cpu time:       0 days  0 hours  0 minutes  1.0 seconds.
 File lengths (MBytes):  RWF=     84 Int=      0 D2E=      0 Chk=      2 Scr=      2
 Normal termination of Gaussian 09 at Fri Feb 17 15:08:17 2017.
