 Entering Gaussian System, Link 0=g09
 AtFile(1): H.gbs
            H     0
            S   10   1.00
               1000.000000000000            0.000068713567
                316.227766000000            0.000169141320
                100.000000000000            0.000823394812
                 31.622776600000            0.003425569236
                 10.000000000000            0.013951996000
                  3.162277660000            0.056909313560
                  1.000000000000            0.198286399900
                  0.316227766000            0.496922426700
                  0.100000000000            0.369846276400
                  0.031622776600            0.003752720039
            ****
 Initial command:
 /projects/guscus/apps/gau/g09-e1/g09/l1.exe "/users/lcj1/gaussian/h12/rhfstability/rect/guess/ag3bu3/Gau-24192.inp" -scrdir="/users/lcj1/gaussian/h12/rhfstability/rect/guess/ag3bu3/"
 Entering Link 1 = /projects/guscus/apps/gau/g09-e1/g09/l1.exe PID=     24194.
  
 Copyright (c) 1988,1990,1992,1993,1995,1998,2003,2009,2015,
            Gaussian, Inc.  All Rights Reserved.
  
 This is part of the Gaussian(R) 09 program.  It is based on
 the Gaussian(R) 03 system (copyright 2003, Gaussian, Inc.),
 the Gaussian(R) 98 system (copyright 1998, Gaussian, Inc.),
 the Gaussian(R) 94 system (copyright 1995, Gaussian, Inc.),
 the Gaussian 92(TM) system (copyright 1992, Gaussian, Inc.),
 the Gaussian 90(TM) system (copyright 1990, Gaussian, Inc.),
 the Gaussian 88(TM) system (copyright 1988, Gaussian, Inc.),
 the Gaussian 86(TM) system (copyright 1986, Carnegie Mellon
 University), and the Gaussian 82(TM) system (copyright 1983,
 Carnegie Mellon University). Gaussian is a federally registered
 trademark of Gaussian, Inc.
  
 This software contains proprietary and confidential information,
 including trade secrets, belonging to Gaussian, Inc.
  
 This software is provided under written license and may be
 used, copied, transmitted, or stored only in accord with that
 written license.
  
 The following legend is applicable only to US Government
 contracts under FAR:
  
                    RESTRICTED RIGHTS LEGEND
  
 Use, reproduction and disclosure by the US Government is
 subject to restrictions as set forth in subparagraphs (a)
 and (c) of the Commercial Computer Software - Restricted
 Rights clause in FAR 52.227-19.
  
 Gaussian, Inc.
 340 Quinnipiac St., Bldg. 40, Wallingford CT 06492
  
  
 ---------------------------------------------------------------
 Warning -- This program may not be used in any manner that
 competes with the business of Gaussian, Inc. or will provide
 assistance to any competitor of Gaussian, Inc.  The licensee
 of this program is prohibited from giving any competitor of
 Gaussian, Inc. access to this program.  By using this program,
 the user acknowledges that Gaussian, Inc. is engaged in the
 business of creating and licensing software in the field of
 computational chemistry and represents and warrants to the
 licensee that it is not a competitor of Gaussian, Inc. and that
 it will not use this program in any manner prohibited above.
 ---------------------------------------------------------------
  

 Cite this work as:
 Gaussian 09, Revision E.01,
 M. J. Frisch, G. W. Trucks, H. B. Schlegel, G. E. Scuseria, 
 M. A. Robb, J. R. Cheeseman, G. Scalmani, V. Barone, B. Mennucci, 
 G. A. Petersson, H. Nakatsuji, M. Caricato, X. Li, H. P. Hratchian, 
 A. F. Izmaylov, J. Bloino, G. Zheng, J. L. Sonnenberg, M. Hada, 
 M. Ehara, K. Toyota, R. Fukuda, J. Hasegawa, M. Ishida, T. Nakajima, 
 Y. Honda, O. Kitao, H. Nakai, T. Vreven, J. A. Montgomery, Jr., 
 J. E. Peralta, F. Ogliaro, M. Bearpark, J. J. Heyd, E. Brothers, 
 K. N. Kudin, V. N. Staroverov, T. Keith, R. Kobayashi, J. Normand, 
 K. Raghavachari, A. Rendell, J. C. Burant, S. S. Iyengar, J. Tomasi, 
 M. Cossi, N. Rega, J. M. Millam, M. Klene, J. E. Knox, J. B. Cross, 
 V. Bakken, C. Adamo, J. Jaramillo, R. Gomperts, R. E. Stratmann, 
 O. Yazyev, A. J. Austin, R. Cammi, C. Pomelli, J. W. Ochterski, 
 R. L. Martin, K. Morokuma, V. G. Zakrzewski, G. A. Voth, 
 P. Salvador, J. J. Dannenberg, S. Dapprich, A. D. Daniels, 
 O. Farkas, J. B. Foresman, J. V. Ortiz, J. Cioslowski, 
 and D. J. Fox, Gaussian, Inc., Wallingford CT, 2013.
 
 ******************************************
 Gaussian 09:  ES64L-G09RevE.01 30-Nov-2015
                17-Feb-2017 
 ******************************************
 %chk=h12.chk
 ----------------------------------------------------------------------
 #rhf/gen scf(symm,tight,novaracc,noincfock,fulldiag) stable(crhf) gues
 s=read geom=nocrowd test
 ----------------------------------------------------------------------
 1/38=1/1;
 2/12=1,17=6,18=5,40=1/2;
 3/5=7,16=1,25=1,30=1,116=1/1,2,3;
 4/5=1,9=4/1;
 5/5=100002,15=2,16=1,32=2,38=6/2;
 8/6=1,10=90,11=11/1,4;
 9/8=4,13=1/2;
 6/7=2,8=2,9=2,10=2,28=1/1;
 99/5=1,9=1/99;
 ----------------------------------------------------------------------
 hf stability analysis of h12 triangular lattice, y= 0.6625913996779515
 5
 ----------------------------------------------------------------------
 Symbolic Z-matrix:
 Charge =  0 Multiplicity = 1
 H
 H                    1     1.09466 
 H                    1     1.09466  2     105.5 
 H                    2     1.09466  1     74.5     3     0.       0
 H                    2     1.09466  1     180.     3     0.       0
 H                    4     1.09466  3     180.     5     0.       0
 H                    6     1.09466  5     180.     3     0.       0
 H                    4     1.09466  2     180.     3     0.       0
 H                    3     1.09466  1     180.     4     0.       0
 H                    9     1.09466  3     180.     4     0.       0
 H                    8     1.09466  4     180.     3     0.       0
 H                    7     1.09466  6     180.     3     0.       0
 
                          Input orientation:                          
 ---------------------------------------------------------------------
 Center     Atomic      Atomic             Coordinates (Angstroms)
 Number     Number       Type             X           Y           Z
 ---------------------------------------------------------------------
      1          1           0        0.000000    0.000000    0.000000
      2          1           0        0.000000    0.000000    1.094660
      3          1           0        1.054848    0.000000   -0.292535
      4          1           0        1.054848    0.000000    0.802125
      5          1           0        0.000000    0.000000    2.189321
      6          1           0        1.054848    0.000000    1.896786
      7          1           0        2.109696    0.000000    1.604250
      8          1           0        2.109696    0.000000    0.509590
      9          1           0        2.109696    0.000000   -0.585071
     10          1           0        3.164544    0.000000   -0.877606
     11          1           0        3.164544    0.000000    0.217055
     12          1           0        3.164544    0.000000    1.311715
 ---------------------------------------------------------------------
                    Distance matrix (angstroms):
                    1          2          3          4          5
     1  H    0.000000
     2  H    1.094660   0.000000
     3  H    1.094660   1.742704   0.000000
     4  H    1.325183   1.094660   1.094660   0.000000
     5  H    2.189321   1.094660   2.696723   1.742704   0.000000
     6  H    2.170369   1.325183   2.189321   1.094660   1.094660
     7  H    2.650366   2.170369   2.170369   1.325183   2.189321
     8  H    2.170369   2.189321   1.325183   1.094660   2.696723
     9  H    2.189321   2.696723   1.094660   1.742704   3.485408
    10  H    3.283981   3.728830   2.189321   2.696723   4.406856
    11  H    3.171980   3.283981   2.170369   2.189321   3.728830
    12  H    3.425630   3.171980   2.650366   2.170369   3.283981
                    6          7          8          9         10
     6  H    0.000000
     7  H    1.094660   0.000000
     8  H    1.742704   1.094660   0.000000
     9  H    2.696723   2.189321   1.094660   0.000000
    10  H    3.485408   2.696723   1.742704   1.094660   0.000000
    11  H    2.696723   1.742704   1.094660   1.325183   1.094660
    12  H    2.189321   1.094660   1.325183   2.170369   2.189321
                   11         12
    11  H    0.000000
    12  H    1.094660   0.000000
 Stoichiometry    H12
 Framework group  C2H[SGH(H12)]
 Deg. of freedom    11
 Full point group                 C2H     NOp   4
 Largest Abelian subgroup         C2H     NOp   4
 Largest concise Abelian subgroup C2      NOp   2
                         Standard orientation:                         
 ---------------------------------------------------------------------
 Center     Atomic      Atomic             Coordinates (Angstroms)
 Number     Number       Type             X           Y           Z
 ---------------------------------------------------------------------
      1          1           0        1.054848    1.349455   -0.000000
      2          1           0        0.000000    1.641991   -0.000000
      3          1           0        1.054848    0.254795    0.000000
      4          1           0        0.000000    0.547330   -0.000000
      5          1           0       -1.054848    1.934526   -0.000000
      6          1           0       -1.054848    0.839865   -0.000000
      7          1           0       -1.054848   -0.254795    0.000000
      8          1           0       -0.000000   -0.547330   -0.000000
      9          1           0        1.054848   -0.839865   -0.000000
     10          1           0        1.054848   -1.934526   -0.000000
     11          1           0       -0.000000   -1.641991   -0.000000
     12          1           0       -1.054848   -1.349455   -0.000000
 ---------------------------------------------------------------------
 Rotational constants (GHZ):     60.3246210     26.0525075     18.1947197
 General basis read from cards:  (5D, 7F)
 There are     6 symmetry adapted cartesian basis functions of AG  symmetry.
 There are     0 symmetry adapted cartesian basis functions of BG  symmetry.
 There are     0 symmetry adapted cartesian basis functions of AU  symmetry.
 There are     6 symmetry adapted cartesian basis functions of BU  symmetry.
 There are     6 symmetry adapted basis functions of AG  symmetry.
 There are     0 symmetry adapted basis functions of BG  symmetry.
 There are     0 symmetry adapted basis functions of AU  symmetry.
 There are     6 symmetry adapted basis functions of BU  symmetry.
    12 basis functions,   120 primitive gaussians,    12 cartesian basis functions
     6 alpha electrons        6 beta electrons
       nuclear repulsion energy        20.0118093091 Hartrees.
 NAtoms=   12 NActive=   12 NUniq=    6 SFac= 4.00D+00 NAtFMM=   60 NAOKFM=F Big=F
 Integral buffers will be    131072 words long.
 Regular integral format.
 Two-electron integral symmetry is turned on.
 One-electron integrals computed using PRISM.
 NBasis=    12 RedAO= T EigKep=  1.26D-01  NBF=     6     0     0     6
 NBsUse=    12 1.00D-06 EigRej= -1.00D+00 NBFU=     6     0     0     6
 Initial guess from the checkpoint file:  "h12.chk"
 B after Tr=     0.000000    0.000000    0.000000
         Rot=    0.991270    0.000000    0.000000   -0.131846 Ang= -15.15 deg.
 Initial guess orbital symmetries:
       Occupied  (AG) (BU) (AG) (BU) (BU) (AG)
       Virtual   (BU) (AG) (BU) (AG) (AG) (BU)
 Keep R1 ints in memory in symmetry-blocked form, NReq=903644.
 Requested convergence on RMS density matrix=1.00D-08 within 128 cycles.
 Requested convergence on MAX density matrix=1.00D-06.
 Requested convergence on             energy=1.00D-06.
 No special actions if energy rises.
 SCF Done:  E(RHF) =  -5.78920921029     A.U. after   14 cycles
            NFock= 14  Conv=0.22D-08     -V/T= 1.9090
 Range of M.O.s used for correlation:     1    12
 NBasis=    12 NAE=     6 NBE=     6 NFC=     0 NFV=     0
 NROrb=     12 NOA=     6 NOB=     6 NVA=     6 NVB=     6
 Semi-Direct transformation.
 ModeAB=           4 MOrb=             6 LenV=     134084479
 LASXX=         2181 LTotXX=        2181 LenRXX=        5115
 LTotAB=        2934 MaxLAS=        3024 LenRXY=           0
 NonZer=        7296 LenScr=      655360 LnRSAI=        3024
 LnScr1=      655360 LExtra=           0 Total=      1318859
 MaxDsk=          -1 SrtSym=           T ITran=            3
 JobTyp=0 Pass  1:  I=   1 to   6.
 (rs|ai) integrals will be sorted in core.
 Spin components of T(2) and E(2):
     alpha-alpha T2 =       0.5039771961D-02 E2=     -0.7398227485D-02
     alpha-beta  T2 =       0.6897547493D-01 E2=     -0.1030814397D+00
     beta-beta   T2 =       0.5039771961D-02 E2=     -0.7398227485D-02
 ANorm=    0.1038775731D+01
 E2 =    -0.1178778947D+00 EUMP2 =    -0.59070871049963D+01
 Second order stability test of a single determinant RHF wave function:
 Stabil:  MDV=134217728
 ***********************************************************************
 Matrix         Lowest Root    Major Pairs
 ***********************************************************************
 Internal RHF    -0.0048558    6A=7A
 RRHF --> CRHF   -0.0416115    6A=7A
 RRHF --> RUHF   -0.1175839    6A=7B
 Not stable.
 ***********************************************************************

 **********************************************************************

            Population analysis using the SCF density.

 **********************************************************************

 Orbital symmetries:
       Occupied  (AG) (BU) (BU) (AG) (AG) (BU)
       Virtual   (AG) (BU) (BU) (AG) (AG) (BU)
 The electronic state is 1-AG.
 Alpha  occ. eigenvalues --   -1.00316  -0.79155  -0.68175  -0.52720  -0.44354
 Alpha  occ. eigenvalues --   -0.23578
 Alpha virt. eigenvalues --   -0.00517   0.14391   0.24325   0.36624   0.57396
 Alpha virt. eigenvalues --    0.80108
          Condensed to atoms (all electrons):
               1          2          3          4          5          6
     1  H    1.029763   0.191763   0.034865   0.133935  -0.095026  -0.065022
     2  H    0.191763   0.674247  -0.013973  -0.142949   0.304979  -0.029897
     3  H    0.034865  -0.013973   0.727638  -0.019933   0.010967  -0.077389
     4  H    0.133935  -0.142949  -0.019933   1.129661  -0.248937   0.293597
     5  H   -0.095026   0.304979   0.010967  -0.248937   1.341309  -0.024359
     6  H   -0.065022  -0.029897  -0.077389   0.293597  -0.024359   0.821586
     7  H   -0.000577  -0.059422  -0.057495   0.235205  -0.099179   0.184692
     8  H   -0.102967  -0.040267   0.235205  -0.213621   0.045748  -0.084983
     9  H   -0.097595  -0.008416   0.184692  -0.084983   0.014513   0.000453
    10  H    0.011064  -0.000418  -0.099179   0.045748  -0.004159   0.014513
    11  H    0.014617   0.010774  -0.059422  -0.040267  -0.000418  -0.008416
    12  H    0.010573   0.014617  -0.000577  -0.102967   0.011064  -0.097595
               7          8          9         10         11         12
     1  H   -0.000577  -0.102967  -0.097595   0.011064   0.014617   0.010573
     2  H   -0.059422  -0.040267  -0.008416  -0.000418   0.010774   0.014617
     3  H   -0.057495   0.235205   0.184692  -0.099179  -0.059422  -0.000577
     4  H    0.235205  -0.213621  -0.084983   0.045748  -0.040267  -0.102967
     5  H   -0.099179   0.045748   0.014513  -0.004159  -0.000418   0.011064
     6  H    0.184692  -0.084983   0.000453   0.014513  -0.008416  -0.097595
     7  H    0.727638  -0.019933  -0.077389   0.010967  -0.013973   0.034865
     8  H   -0.019933   1.129661   0.293597  -0.248937  -0.142949   0.133935
     9  H   -0.077389   0.293597   0.821586  -0.024359  -0.029897  -0.065022
    10  H    0.010967  -0.248937  -0.024359   1.341309   0.304979  -0.095026
    11  H   -0.013973  -0.142949  -0.029897   0.304979   0.674247   0.191763
    12  H    0.034865   0.133935  -0.065022  -0.095026   0.191763   1.029763
 Mulliken charges:
               1
     1  H   -0.065393
     2  H    0.098961
     3  H    0.134601
     4  H    0.015512
     5  H   -0.256502
     6  H    0.072820
     7  H    0.134601
     8  H    0.015512
     9  H    0.072820
    10  H   -0.256502
    11  H    0.098961
    12  H   -0.065393
 Sum of Mulliken charges =   0.00000
 Mulliken charges with hydrogens summed into heavy atoms:
               1
 Electronic spatial extent (au):  <R**2>=            143.9417
 Charge=              0.0000 electrons
 Dipole moment (field-independent basis, Debye):
    X=              0.0000    Y=              0.0000    Z=              0.0000  Tot=              0.0000
 Quadrupole moment (field-independent basis, Debye-Ang):
   XX=            -17.6970   YY=            -28.3498   ZZ=            -15.1812
   XY=              4.6793   XZ=             -0.0000   YZ=              0.0000
 Traceless Quadrupole moment (field-independent basis, Debye-Ang):
   XX=              2.7123   YY=             -7.9405   ZZ=              5.2281
   XY=              4.6793   XZ=             -0.0000   YZ=              0.0000
 Octapole moment (field-independent basis, Debye-Ang**2):
  XXX=              0.0000  YYY=             -0.0000  ZZZ=              0.0000  XYY=              0.0000
  XXY=             -0.0000  XXZ=              0.0000  XZZ=              0.0000  YZZ=             -0.0000
  YYZ=              0.0000  XYZ=             -0.0000
 Hexadecapole moment (field-independent basis, Debye-Ang**3):
 XXXX=            -93.4730 YYYY=           -250.9606 ZZZZ=            -17.9503 XXXY=             17.9173
 XXXZ=             -0.0000 YYYX=             37.4126 YYYZ=              0.0000 ZZZX=             -0.0000
 ZZZY=              0.0000 XXYY=            -62.8341 XXZZ=            -18.4005 YYZZ=            -34.3345
 XXYZ=              0.0000 YYXZ=             -0.0000 ZZXY=              4.3774
 N-N= 2.001180930908D+01 E-N=-5.060469796686D+01  KE= 6.368641319781D+00
 Symmetry AG   KE= 2.942713384654D+00
 Symmetry BG   KE= 0.000000000000D+00
 Symmetry AU   KE= 0.000000000000D+00
 Symmetry BU   KE= 3.425927935127D+00

 Test job not archived.
 1\1\GINC-SULU\Stability\RHF\Gen\H12\LCJ1\17-Feb-2017\0\\#rhf/gen scf(s
 ymm,tight,novaracc,noincfock,fulldiag) stable(crhf) guess=read geom=no
 crowd test\\hf stability analysis of h12 triangular lattice, y= 0.6625
 9139967795155\\0,1\H\H,1,1.094660441\H,1,1.094660441,2,105.5\H,2,1.094
 660441,1,74.5,3,0.,0\H,2,1.094660441,1,180.,3,0.,0\H,4,1.094660441,3,1
 80.,5,0.,0\H,6,1.094660441,5,180.,3,0.,0\H,4,1.094660441,2,180.,3,0.,0
 \H,3,1.094660441,1,180.,4,0.,0\H,9,1.094660441,3,180.,4,0.,0\H,8,1.094
 660441,4,180.,3,0.,0\H,7,1.094660441,6,180.,3,0.,0\\Version=ES64L-G09R
 evE.01\State=1-AG\HF=-5.7892092\MP2=-5.9070871\RMSD=2.173e-09\Dipole=0
 .,0.,0.\Quadrupole=-3.5461162,3.8869945,-0.3408783,0.,5.0216472,0.\PG=
 C02H [SGH(H12)]\\@


 A COMPUTER IS LIKE A HORSE, IT WILL SENSE WEAKNESS.
     -- GREG WETTSTEIN
 Job cpu time:       0 days  0 hours  0 minutes  1.1 seconds.
 File lengths (MBytes):  RWF=     84 Int=      0 D2E=      0 Chk=      2 Scr=      2
 Normal termination of Gaussian 09 at Fri Feb 17 14:59:55 2017.
