 Entering Gaussian System, Link 0=g09
 AtFile(1): H.gbs
            H     0
            S   10   1.00
               1000.000000000000            0.000068713567
                316.227766000000            0.000169141320
                100.000000000000            0.000823394812
                 31.622776600000            0.003425569236
                 10.000000000000            0.013951996000
                  3.162277660000            0.056909313560
                  1.000000000000            0.198286399900
                  0.316227766000            0.496922426700
                  0.100000000000            0.369846276400
                  0.031622776600            0.003752720039
            ****
 Initial command:
 /projects/guscus/apps/gau/g09-e1/g09/l1.exe "/users/lcj1/gaussian/h12/rhfstability/rect/guess/ag3bu3/Gau-25340.inp" -scrdir="/users/lcj1/gaussian/h12/rhfstability/rect/guess/ag3bu3/"
 Entering Link 1 = /projects/guscus/apps/gau/g09-e1/g09/l1.exe PID=     25343.
  
 Copyright (c) 1988,1990,1992,1993,1995,1998,2003,2009,2015,
            Gaussian, Inc.  All Rights Reserved.
  
 This is part of the Gaussian(R) 09 program.  It is based on
 the Gaussian(R) 03 system (copyright 2003, Gaussian, Inc.),
 the Gaussian(R) 98 system (copyright 1998, Gaussian, Inc.),
 the Gaussian(R) 94 system (copyright 1995, Gaussian, Inc.),
 the Gaussian 92(TM) system (copyright 1992, Gaussian, Inc.),
 the Gaussian 90(TM) system (copyright 1990, Gaussian, Inc.),
 the Gaussian 88(TM) system (copyright 1988, Gaussian, Inc.),
 the Gaussian 86(TM) system (copyright 1986, Carnegie Mellon
 University), and the Gaussian 82(TM) system (copyright 1983,
 Carnegie Mellon University). Gaussian is a federally registered
 trademark of Gaussian, Inc.
  
 This software contains proprietary and confidential information,
 including trade secrets, belonging to Gaussian, Inc.
  
 This software is provided under written license and may be
 used, copied, transmitted, or stored only in accord with that
 written license.
  
 The following legend is applicable only to US Government
 contracts under FAR:
  
                    RESTRICTED RIGHTS LEGEND
  
 Use, reproduction and disclosure by the US Government is
 subject to restrictions as set forth in subparagraphs (a)
 and (c) of the Commercial Computer Software - Restricted
 Rights clause in FAR 52.227-19.
  
 Gaussian, Inc.
 340 Quinnipiac St., Bldg. 40, Wallingford CT 06492
  
  
 ---------------------------------------------------------------
 Warning -- This program may not be used in any manner that
 competes with the business of Gaussian, Inc. or will provide
 assistance to any competitor of Gaussian, Inc.  The licensee
 of this program is prohibited from giving any competitor of
 Gaussian, Inc. access to this program.  By using this program,
 the user acknowledges that Gaussian, Inc. is engaged in the
 business of creating and licensing software in the field of
 computational chemistry and represents and warrants to the
 licensee that it is not a competitor of Gaussian, Inc. and that
 it will not use this program in any manner prohibited above.
 ---------------------------------------------------------------
  

 Cite this work as:
 Gaussian 09, Revision E.01,
 M. J. Frisch, G. W. Trucks, H. B. Schlegel, G. E. Scuseria, 
 M. A. Robb, J. R. Cheeseman, G. Scalmani, V. Barone, B. Mennucci, 
 G. A. Petersson, H. Nakatsuji, M. Caricato, X. Li, H. P. Hratchian, 
 A. F. Izmaylov, J. Bloino, G. Zheng, J. L. Sonnenberg, M. Hada, 
 M. Ehara, K. Toyota, R. Fukuda, J. Hasegawa, M. Ishida, T. Nakajima, 
 Y. Honda, O. Kitao, H. Nakai, T. Vreven, J. A. Montgomery, Jr., 
 J. E. Peralta, F. Ogliaro, M. Bearpark, J. J. Heyd, E. Brothers, 
 K. N. Kudin, V. N. Staroverov, T. Keith, R. Kobayashi, J. Normand, 
 K. Raghavachari, A. Rendell, J. C. Burant, S. S. Iyengar, J. Tomasi, 
 M. Cossi, N. Rega, J. M. Millam, M. Klene, J. E. Knox, J. B. Cross, 
 V. Bakken, C. Adamo, J. Jaramillo, R. Gomperts, R. E. Stratmann, 
 O. Yazyev, A. J. Austin, R. Cammi, C. Pomelli, J. W. Ochterski, 
 R. L. Martin, K. Morokuma, V. G. Zakrzewski, G. A. Voth, 
 P. Salvador, J. J. Dannenberg, S. Dapprich, A. D. Daniels, 
 O. Farkas, J. B. Foresman, J. V. Ortiz, J. Cioslowski, 
 and D. J. Fox, Gaussian, Inc., Wallingford CT, 2013.
 
 ******************************************
 Gaussian 09:  ES64L-G09RevE.01 30-Nov-2015
                17-Feb-2017 
 ******************************************
 %chk=h12.chk
 ----------------------------------------------------------------------
 #rhf/gen scf(symm,tight,novaracc,noincfock,fulldiag) stable(crhf) gues
 s=read geom=nocrowd test
 ----------------------------------------------------------------------
 1/38=1/1;
 2/12=1,17=6,18=5,40=1/2;
 3/5=7,16=1,25=1,30=1,116=1/1,2,3;
 4/5=1,9=4/1;
 5/5=100002,15=2,16=1,32=2,38=6/2;
 8/6=1,10=90,11=11/1,4;
 9/8=4,13=1/2;
 6/7=2,8=2,9=2,10=2,28=1/1;
 99/5=1,9=1/99;
 ----------------------------------------------------------------------
 hf stability analysis of h12 triangular lattice, y= 0.6898774187181774
 3
 ----------------------------------------------------------------------
 Symbolic Z-matrix:
 Charge =  0 Multiplicity = 1
 H
 H                    1     1.08458 
 H                    1     1.08458  2     101. 
 H                    2     1.08458  1     79.      3     0.       0
 H                    2     1.08458  1     180.     3     0.       0
 H                    4     1.08458  3     180.     5     0.       0
 H                    6     1.08458  5     180.     3     0.       0
 H                    4     1.08458  2     180.     3     0.       0
 H                    3     1.08458  1     180.     4     0.       0
 H                    9     1.08458  3     180.     4     0.       0
 H                    8     1.08458  4     180.     3     0.       0
 H                    7     1.08458  6     180.     3     0.       0
 
                          Input orientation:                          
 ---------------------------------------------------------------------
 Center     Atomic      Atomic             Coordinates (Angstroms)
 Number     Number       Type             X           Y           Z
 ---------------------------------------------------------------------
      1          1           0        0.000000    0.000000    0.000000
      2          1           0        0.000000    0.000000    1.084580
      3          1           0        1.064653    0.000000   -0.206948
      4          1           0        1.064653    0.000000    0.877632
      5          1           0        0.000000    0.000000    2.169159
      6          1           0        1.064653    0.000000    1.962211
      7          1           0        2.129305    0.000000    1.755264
      8          1           0        2.129305    0.000000    0.670684
      9          1           0        2.129305    0.000000   -0.413895
     10          1           0        3.193958    0.000000   -0.620843
     11          1           0        3.193958    0.000000    0.463737
     12          1           0        3.193958    0.000000    1.548316
 ---------------------------------------------------------------------
                    Distance matrix (angstroms):
                    1          2          3          4          5
     1  H    0.000000
     2  H    1.084580   0.000000
     3  H    1.084580   1.673776   0.000000
     4  H    1.379755   1.084580   1.084580   0.000000
     5  H    2.169159   1.084580   2.603722   1.673776   0.000000
     6  H    2.232434   1.379755   2.169159   1.084580   1.084580
     7  H    2.759510   2.232434   2.232434   1.379755   2.169159
     8  H    2.232434   2.169159   1.379755   1.084580   2.603722
     9  H    2.169159   2.603722   1.084580   1.673776   3.347553
    10  H    3.253739   3.620750   2.169159   2.603722   4.240929
    11  H    3.227448   3.253739   2.232434   2.169159   3.620750
    12  H    3.549458   3.227448   2.759510   2.232434   3.253739
                    6          7          8          9         10
     6  H    0.000000
     7  H    1.084580   0.000000
     8  H    1.673776   1.084580   0.000000
     9  H    2.603722   2.169159   1.084580   0.000000
    10  H    3.347553   2.603722   1.673776   1.084580   0.000000
    11  H    2.603722   1.673776   1.084580   1.379755   1.084580
    12  H    2.169159   1.084580   1.379755   2.232434   2.169159
                   11         12
    11  H    0.000000
    12  H    1.084580   0.000000
 Stoichiometry    H12
 Framework group  C2H[SGH(H12)]
 Deg. of freedom    11
 Full point group                 C2H     NOp   4
 Largest Abelian subgroup         C2H     NOp   4
 Largest concise Abelian subgroup C2      NOp   2
                         Standard orientation:                         
 ---------------------------------------------------------------------
 Center     Atomic      Atomic             Coordinates (Angstroms)
 Number     Number       Type             X           Y           Z
 ---------------------------------------------------------------------
      1          1           0        1.064653    1.419922   -0.000000
      2          1           0        0.000000    1.626869   -0.000000
      3          1           0        1.064653    0.335342   -0.000000
      4          1           0        0.000000    0.542290   -0.000000
      5          1           0       -1.064653    1.833817   -0.000000
      6          1           0       -1.064653    0.749237   -0.000000
      7          1           0       -1.064653   -0.335342   -0.000000
      8          1           0       -0.000000   -0.542290   -0.000000
      9          1           0        1.064653   -0.749237    0.000000
     10          1           0        1.064653   -1.833817   -0.000000
     11          1           0       -0.000000   -1.626869   -0.000000
     12          1           0       -1.064653   -1.419922   -0.000000
 ---------------------------------------------------------------------
 Rotational constants (GHZ):     57.4259995     27.3675277     18.5345236
 General basis read from cards:  (5D, 7F)
 There are     6 symmetry adapted cartesian basis functions of AG  symmetry.
 There are     0 symmetry adapted cartesian basis functions of BG  symmetry.
 There are     0 symmetry adapted cartesian basis functions of AU  symmetry.
 There are     6 symmetry adapted cartesian basis functions of BU  symmetry.
 There are     6 symmetry adapted basis functions of AG  symmetry.
 There are     0 symmetry adapted basis functions of BG  symmetry.
 There are     0 symmetry adapted basis functions of AU  symmetry.
 There are     6 symmetry adapted basis functions of BU  symmetry.
    12 basis functions,   120 primitive gaussians,    12 cartesian basis functions
     6 alpha electrons        6 beta electrons
       nuclear repulsion energy        20.0957890414 Hartrees.
 NAtoms=   12 NActive=   12 NUniq=    6 SFac= 4.00D+00 NAtFMM=   60 NAOKFM=F Big=F
 Integral buffers will be    131072 words long.
 Regular integral format.
 Two-electron integral symmetry is turned on.
 One-electron integrals computed using PRISM.
 NBasis=    12 RedAO= T EigKep=  1.17D-01  NBF=     6     0     0     6
 NBsUse=    12 1.00D-06 EigRej= -1.00D+00 NBFU=     6     0     0     6
 Initial guess from the checkpoint file:  "h12.chk"
 B after Tr=     0.000000    0.000000    0.000000
         Rot=    0.989521    0.000000    0.000000   -0.144386 Ang= -16.60 deg.
 Initial guess orbital symmetries:
       Occupied  (AG) (BU) (AG) (BU) (BU) (AG)
       Virtual   (BU) (AG) (BU) (AG) (AG) (BU)
 Keep R1 ints in memory in symmetry-blocked form, NReq=904036.
 Requested convergence on RMS density matrix=1.00D-08 within 128 cycles.
 Requested convergence on MAX density matrix=1.00D-06.
 Requested convergence on             energy=1.00D-06.
 No special actions if energy rises.
 SCF Done:  E(RHF) =  -5.74284150114     A.U. after   15 cycles
            NFock= 15  Conv=0.18D-08     -V/T= 1.8923
 Range of M.O.s used for correlation:     1    12
 NBasis=    12 NAE=     6 NBE=     6 NFC=     0 NFV=     0
 NROrb=     12 NOA=     6 NOB=     6 NVA=     6 NVB=     6
 Semi-Direct transformation.
 ModeAB=           4 MOrb=             6 LenV=     134084143
 LASXX=         2181 LTotXX=        2181 LenRXX=        5115
 LTotAB=        2934 MaxLAS=        3024 LenRXY=           0
 NonZer=        7296 LenScr=      655360 LnRSAI=        3024
 LnScr1=      655360 LExtra=           0 Total=      1318859
 MaxDsk=          -1 SrtSym=           T ITran=            3
 JobTyp=0 Pass  1:  I=   1 to   6.
 (rs|ai) integrals will be sorted in core.
 Spin components of T(2) and E(2):
     alpha-alpha T2 =       0.5066987033D-02 E2=     -0.7395903162D-02
     alpha-beta  T2 =       0.7246931949D-01 E2=     -0.1056175235D+00
     beta-beta   T2 =       0.5066987033D-02 E2=     -0.7395903162D-02
 ANorm=    0.1040482241D+01
 E2 =    -0.1204093298D+00 EUMP2 =    -0.58632508309575D+01
 Second order stability test of a single determinant RHF wave function:
 Stabil:  MDV=134217728
 ***********************************************************************
 Matrix         Lowest Root    Major Pairs
 ***********************************************************************
 Internal RHF    -0.0437066    6A=7A
 RRHF --> CRHF   -0.0801422    6A=7A
 RRHF --> RUHF   -0.156059     6A=7B
 Not stable.
 ***********************************************************************

 **********************************************************************

            Population analysis using the SCF density.

 **********************************************************************

 Orbital symmetries:
       Occupied  (AG) (BU) (BU) (AG) (AG) (BU)
       Virtual   (AG) (BU) (BU) (AG) (AG) (BU)
 The electronic state is 1-AG.
 Alpha  occ. eigenvalues --   -1.00585  -0.78989  -0.68763  -0.51695  -0.45658
 Alpha  occ. eigenvalues --   -0.21520
 Alpha virt. eigenvalues --   -0.01873   0.12238   0.22772   0.40281   0.56478
 Alpha virt. eigenvalues --    0.86675
          Condensed to atoms (all electrons):
               1          2          3          4          5          6
     1  H    1.028951   0.154374   0.083062   0.118373  -0.106671  -0.043379
     2  H    0.154374   0.692526  -0.007820  -0.163613   0.350674  -0.044237
     3  H    0.083062  -0.007820   0.703532  -0.004666   0.003780  -0.089360
     4  H    0.118373  -0.163613  -0.004666   1.110667  -0.262072   0.366575
     5  H   -0.106671   0.350674   0.003780  -0.262072   1.405470  -0.105335
     6  H   -0.043379  -0.044237  -0.089360   0.366575  -0.105335   0.881627
     7  H    0.006559  -0.051951  -0.041514   0.187309  -0.099189   0.173337
     8  H   -0.103740  -0.039413   0.187309  -0.185435   0.050604  -0.103617
     9  H   -0.107856  -0.005224   0.173337  -0.103617   0.020947  -0.015656
    10  H    0.013655  -0.000934  -0.099189   0.050604  -0.005579   0.020947
    11  H    0.013633   0.010329  -0.051951  -0.039413  -0.000934  -0.005224
    12  H    0.007471   0.013633   0.006559  -0.103740   0.013655  -0.107856
               7          8          9         10         11         12
     1  H    0.006559  -0.103740  -0.107856   0.013655   0.013633   0.007471
     2  H   -0.051951  -0.039413  -0.005224  -0.000934   0.010329   0.013633
     3  H   -0.041514   0.187309   0.173337  -0.099189  -0.051951   0.006559
     4  H    0.187309  -0.185435  -0.103617   0.050604  -0.039413  -0.103740
     5  H   -0.099189   0.050604   0.020947  -0.005579  -0.000934   0.013655
     6  H    0.173337  -0.103617  -0.015656   0.020947  -0.005224  -0.107856
     7  H    0.703532  -0.004666  -0.089360   0.003780  -0.007820   0.083062
     8  H   -0.004666   1.110667   0.366575  -0.262072  -0.163613   0.118373
     9  H   -0.089360   0.366575   0.881627  -0.105335  -0.044237  -0.043379
    10  H    0.003780  -0.262072  -0.105335   1.405470   0.350674  -0.106671
    11  H   -0.007820  -0.163613  -0.044237   0.350674   0.692526   0.154374
    12  H    0.083062   0.118373  -0.043379  -0.106671   0.154374   1.028951
 Mulliken charges:
               1
     1  H   -0.064432
     2  H    0.091657
     3  H    0.136920
     4  H    0.029027
     5  H   -0.265349
     6  H    0.072177
     7  H    0.136920
     8  H    0.029027
     9  H    0.072177
    10  H   -0.265349
    11  H    0.091657
    12  H   -0.064432
 Sum of Mulliken charges =  -0.00000
 Mulliken charges with hydrogens summed into heavy atoms:
               1
 Electronic spatial extent (au):  <R**2>=            141.9677
 Charge=             -0.0000 electrons
 Dipole moment (field-independent basis, Debye):
    X=             -0.0000    Y=              0.0000    Z=              0.0000  Tot=              0.0000
 Quadrupole moment (field-independent basis, Debye-Ang):
   XX=            -17.7025   YY=            -28.1617   ZZ=            -15.1357
   XY=              4.7996   XZ=             -0.0000   YZ=             -0.0000
 Traceless Quadrupole moment (field-independent basis, Debye-Ang):
   XX=              2.6308   YY=             -7.8284   ZZ=              5.1976
   XY=              4.7996   XZ=             -0.0000   YZ=             -0.0000
 Octapole moment (field-independent basis, Debye-Ang**2):
  XXX=             -0.0000  YYY=              0.0000  ZZZ=              0.0000  XYY=             -0.0000
  XXY=              0.0000  XXZ=              0.0000  XZZ=              0.0000  YZZ=              0.0000
  YYZ=              0.0000  XYZ=             -0.0000
 Hexadecapole moment (field-independent basis, Debye-Ang**3):
 XXXX=            -94.4073 YYYY=           -240.6951 ZZZZ=            -17.8685 XXXY=             14.3856
 XXXZ=             -0.0000 YYYX=             33.4922 YYYZ=             -0.0000 ZZZX=             -0.0000
 ZZZY=             -0.0000 XXYY=            -61.8499 XXZZ=            -18.5406 YYZZ=            -33.3028
 XXYZ=             -0.0000 YYXZ=             -0.0000 ZZXY=              3.4145
 N-N= 2.009578904137D+01 E-N=-5.076931970166D+01  KE= 6.436247457115D+00
 Symmetry AG   KE= 2.945696100072D+00
 Symmetry BG   KE= 0.000000000000D+00
 Symmetry AU   KE= 0.000000000000D+00
 Symmetry BU   KE= 3.490551357043D+00

 Test job not archived.
 1\1\GINC-SULU\Stability\RHF\Gen\H12\LCJ1\17-Feb-2017\0\\#rhf/gen scf(s
 ymm,tight,novaracc,noincfock,fulldiag) stable(crhf) guess=read geom=no
 crowd test\\hf stability analysis of h12 triangular lattice, y= 0.6898
 7741871817743\\0,1\H\H,1,1.0845795072\H,1,1.0845795072,2,101.\H,2,1.08
 45795072,1,79.,3,0.,0\H,2,1.0845795072,1,180.,3,0.,0\H,4,1.0845795072,
 3,180.,5,0.,0\H,6,1.0845795072,5,180.,3,0.,0\H,4,1.0845795072,2,180.,3
 ,0.,0\H,3,1.0845795072,1,180.,4,0.,0\H,9,1.0845795072,3,180.,4,0.,0\H,
 8,1.0845795072,4,180.,3,0.,0\H,7,1.0845795072,6,180.,3,0.,0\\Version=E
 S64L-G09RevE.01\State=1-AG\HF=-5.7428415\MP2=-5.8632508\RMSD=1.844e-09
 \Dipole=0.,0.,0.\Quadrupole=-4.2003552,3.864265,0.3360902,0.,4.7650803
 ,0.\PG=C02H [SGH(H12)]\\@


    WHAT WE HAVE LEARNED
 IS LIKE A HANDFUL OF EARTH;
  WHAT WE HAVE YET TO LEARN
   IS LIKE THE WHOLE WORLD.

         -- AVVAYIAR
 Job cpu time:       0 days  0 hours  0 minutes  1.2 seconds.
 File lengths (MBytes):  RWF=     84 Int=      0 D2E=      0 Chk=      2 Scr=      2
 Normal termination of Gaussian 09 at Fri Feb 17 15:00:29 2017.
