 Entering Gaussian System, Link 0=g09
 AtFile(1): H.gbs
            H     0
            S   10   1.00
               1000.000000000000            0.000068713567
                316.227766000000            0.000169141320
                100.000000000000            0.000823394812
                 31.622776600000            0.003425569236
                 10.000000000000            0.013951996000
                  3.162277660000            0.056909313560
                  1.000000000000            0.198286399900
                  0.316227766000            0.496922426700
                  0.100000000000            0.369846276400
                  0.031622776600            0.003752720039
            ****
 Initial command:
 /projects/guscus/apps/gau/g09-e1/g09/l1.exe "/users/lcj1/gaussian/h12/rhfstability/rect/guess/ag3bu3/Gau-14406.inp" -scrdir="/users/lcj1/gaussian/h12/rhfstability/rect/guess/ag3bu3/"
 Entering Link 1 = /projects/guscus/apps/gau/g09-e1/g09/l1.exe PID=     14407.
  
 Copyright (c) 1988,1990,1992,1993,1995,1998,2003,2009,2015,
            Gaussian, Inc.  All Rights Reserved.
  
 This is part of the Gaussian(R) 09 program.  It is based on
 the Gaussian(R) 03 system (copyright 2003, Gaussian, Inc.),
 the Gaussian(R) 98 system (copyright 1998, Gaussian, Inc.),
 the Gaussian(R) 94 system (copyright 1995, Gaussian, Inc.),
 the Gaussian 92(TM) system (copyright 1992, Gaussian, Inc.),
 the Gaussian 90(TM) system (copyright 1990, Gaussian, Inc.),
 the Gaussian 88(TM) system (copyright 1988, Gaussian, Inc.),
 the Gaussian 86(TM) system (copyright 1986, Carnegie Mellon
 University), and the Gaussian 82(TM) system (copyright 1983,
 Carnegie Mellon University). Gaussian is a federally registered
 trademark of Gaussian, Inc.
  
 This software contains proprietary and confidential information,
 including trade secrets, belonging to Gaussian, Inc.
  
 This software is provided under written license and may be
 used, copied, transmitted, or stored only in accord with that
 written license.
  
 The following legend is applicable only to US Government
 contracts under FAR:
  
                    RESTRICTED RIGHTS LEGEND
  
 Use, reproduction and disclosure by the US Government is
 subject to restrictions as set forth in subparagraphs (a)
 and (c) of the Commercial Computer Software - Restricted
 Rights clause in FAR 52.227-19.
  
 Gaussian, Inc.
 340 Quinnipiac St., Bldg. 40, Wallingford CT 06492
  
  
 ---------------------------------------------------------------
 Warning -- This program may not be used in any manner that
 competes with the business of Gaussian, Inc. or will provide
 assistance to any competitor of Gaussian, Inc.  The licensee
 of this program is prohibited from giving any competitor of
 Gaussian, Inc. access to this program.  By using this program,
 the user acknowledges that Gaussian, Inc. is engaged in the
 business of creating and licensing software in the field of
 computational chemistry and represents and warrants to the
 licensee that it is not a competitor of Gaussian, Inc. and that
 it will not use this program in any manner prohibited above.
 ---------------------------------------------------------------
  

 Cite this work as:
 Gaussian 09, Revision E.01,
 M. J. Frisch, G. W. Trucks, H. B. Schlegel, G. E. Scuseria, 
 M. A. Robb, J. R. Cheeseman, G. Scalmani, V. Barone, B. Mennucci, 
 G. A. Petersson, H. Nakatsuji, M. Caricato, X. Li, H. P. Hratchian, 
 A. F. Izmaylov, J. Bloino, G. Zheng, J. L. Sonnenberg, M. Hada, 
 M. Ehara, K. Toyota, R. Fukuda, J. Hasegawa, M. Ishida, T. Nakajima, 
 Y. Honda, O. Kitao, H. Nakai, T. Vreven, J. A. Montgomery, Jr., 
 J. E. Peralta, F. Ogliaro, M. Bearpark, J. J. Heyd, E. Brothers, 
 K. N. Kudin, V. N. Staroverov, T. Keith, R. Kobayashi, J. Normand, 
 K. Raghavachari, A. Rendell, J. C. Burant, S. S. Iyengar, J. Tomasi, 
 M. Cossi, N. Rega, J. M. Millam, M. Klene, J. E. Knox, J. B. Cross, 
 V. Bakken, C. Adamo, J. Jaramillo, R. Gomperts, R. E. Stratmann, 
 O. Yazyev, A. J. Austin, R. Cammi, C. Pomelli, J. W. Ochterski, 
 R. L. Martin, K. Morokuma, V. G. Zakrzewski, G. A. Voth, 
 P. Salvador, J. J. Dannenberg, S. Dapprich, A. D. Daniels, 
 O. Farkas, J. B. Foresman, J. V. Ortiz, J. Cioslowski, 
 and D. J. Fox, Gaussian, Inc., Wallingford CT, 2013.
 
 ******************************************
 Gaussian 09:  ES64L-G09RevE.01 30-Nov-2015
                17-Feb-2017 
 ******************************************
 %chk=h12.chk
 ----------------------------------------------------------------------
 #rhf/gen scf(symm,tight,novaracc,noincfock,fulldiag) stable(crhf) gues
 s=read geom=nocrowd test
 ----------------------------------------------------------------------
 1/38=1/1;
 2/12=1,17=6,18=5,40=1/2;
 3/5=7,16=1,25=1,30=1,116=1/1,2,3;
 4/5=1,9=4/1;
 5/5=100002,15=2,16=1,32=2,38=6/2;
 8/6=1,10=90,11=11/1,4;
 9/8=4,13=1/2;
 6/7=2,8=2,9=2,10=2,28=1/1;
 99/5=1,9=1/99;
 ----------------------------------------------------------------------
 hf stability analysis of h12 triangular lattice, y= 0.4298968291512300
 1
 ----------------------------------------------------------------------
 Symbolic Z-matrix:
 Charge =  0 Multiplicity = 1
 H
 H                    1     1.41013 
 H                    1     1.41013  2     144.5 
 H                    2     1.41013  1     35.5     3     0.       0
 H                    2     1.41013  1     180.     3     0.       0
 H                    4     1.41013  3     180.     5     0.       0
 H                    6     1.41013  5     180.     3     0.       0
 H                    4     1.41013  2     180.     3     0.       0
 H                    3     1.41013  1     180.     4     0.       0
 H                    9     1.41013  3     180.     4     0.       0
 H                    8     1.41013  4     180.     3     0.       0
 H                    7     1.41013  6     180.     3     0.       0
 
                          Input orientation:                          
 ---------------------------------------------------------------------
 Center     Atomic      Atomic             Coordinates (Angstroms)
 Number     Number       Type             X           Y           Z
 ---------------------------------------------------------------------
      1          1           0        0.000000    0.000000    0.000000
      2          1           0        0.000000    0.000000    1.410125
      3          1           0        0.818864    0.000000   -1.148005
      4          1           0        0.818864    0.000000    0.262120
      5          1           0        0.000000    0.000000    2.820250
      6          1           0        0.818864    0.000000    1.672246
      7          1           0        1.637728    0.000000    0.524241
      8          1           0        1.637728    0.000000   -0.885884
      9          1           0        1.637728    0.000000   -2.296010
     10          1           0        2.456592    0.000000   -3.444014
     11          1           0        2.456592    0.000000   -2.033889
     12          1           0        2.456592    0.000000   -0.623764
 ---------------------------------------------------------------------
                    Distance matrix (angstroms):
                    1          2          3          4          5
     1  H    0.000000
     2  H    1.410125   0.000000
     3  H    1.410125   2.685995   0.000000
     4  H    0.859794   1.410125   1.410125   0.000000
     5  H    2.820250   1.410125   4.051862   2.685995   0.000000
     6  H    1.861973   0.859794   2.820250   1.410125   1.410125
     7  H    1.719587   1.861973   1.861973   0.859794   2.820250
     8  H    1.861973   2.820250   0.859794   1.410125   4.051862
     9  H    2.820250   4.051862   1.410125   2.685995   5.371989
    10  H    4.230375   5.440360   2.820250   4.051862   6.728733
    11  H    3.189286   4.230375   1.861973   2.820250   5.440360
    12  H    2.534546   3.189286   1.719587   1.861973   4.230375
                    6          7          8          9         10
     6  H    0.000000
     7  H    1.410125   0.000000
     8  H    2.685995   1.410125   0.000000
     9  H    4.051862   2.820250   1.410125   0.000000
    10  H    5.371989   4.051862   2.685995   1.410125   0.000000
    11  H    4.051862   2.685995   1.410125   0.859794   1.410125
    12  H    2.820250   1.410125   0.859794   1.861973   2.820250
                   11         12
    11  H    0.000000
    12  H    1.410125   0.000000
 Stoichiometry    H12
 Framework group  C2H[SGH(H12)]
 Deg. of freedom    11
 Full point group                 C2H     NOp   4
 Largest Abelian subgroup         C2H     NOp   4
 Largest concise Abelian subgroup C2      NOp   2
                         Standard orientation:                         
 ---------------------------------------------------------------------
 Center     Atomic      Atomic             Coordinates (Angstroms)
 Number     Number       Type             X           Y           Z
 ---------------------------------------------------------------------
      1          1           0        0.818864    0.967183   -0.000000
      2          1           0        0.000000    2.115188    0.000000
      3          1           0        0.818864   -0.442942   -0.000000
      4          1           0        0.000000    0.705063    0.000000
      5          1           0       -0.818864    3.263193    0.000000
      6          1           0       -0.818864    1.853067    0.000000
      7          1           0       -0.818864    0.442942   -0.000000
      8          1           0       -0.000000   -0.705063    0.000000
      9          1           0        0.818864   -1.853067    0.000000
     10          1           0        0.818864   -3.263193    0.000000
     11          1           0       -0.000000   -2.115188    0.000000
     12          1           0       -0.818864   -0.967183    0.000000
 ---------------------------------------------------------------------
 Rotational constants (GHZ):    131.3730512     11.9629381     10.9645016
 General basis read from cards:  (5D, 7F)
 There are     6 symmetry adapted cartesian basis functions of AG  symmetry.
 There are     0 symmetry adapted cartesian basis functions of BG  symmetry.
 There are     0 symmetry adapted cartesian basis functions of AU  symmetry.
 There are     6 symmetry adapted cartesian basis functions of BU  symmetry.
 There are     6 symmetry adapted basis functions of AG  symmetry.
 There are     0 symmetry adapted basis functions of BG  symmetry.
 There are     0 symmetry adapted basis functions of AU  symmetry.
 There are     6 symmetry adapted basis functions of BU  symmetry.
    12 basis functions,   120 primitive gaussians,    12 cartesian basis functions
     6 alpha electrons        6 beta electrons
       nuclear repulsion energy        18.0360256800 Hartrees.
 NAtoms=   12 NActive=   12 NUniq=    6 SFac= 4.00D+00 NAtFMM=   60 NAOKFM=F Big=F
 Integral buffers will be    131072 words long.
 Regular integral format.
 Two-electron integral symmetry is turned on.
 One-electron integrals computed using PRISM.
 NBasis=    12 RedAO= T EigKep=  1.35D-01  NBF=     6     0     0     6
 NBsUse=    12 1.00D-06 EigRej= -1.00D+00 NBFU=     6     0     0     6
 Initial guess from the checkpoint file:  "h12.chk"
 B after Tr=     0.000000    0.000000    0.000000
         Rot=    0.999861   -0.000000    0.000000   -0.016689 Ang=  -1.91 deg.
 Initial guess orbital symmetries:
       Occupied  (AG) (BU) (AG) (BU) (BU) (AG)
       Virtual   (BU) (AG) (BU) (AG) (AG) (BU)
 Keep R1 ints in memory in symmetry-blocked form, NReq=899304.
 Requested convergence on RMS density matrix=1.00D-08 within 128 cycles.
 Requested convergence on MAX density matrix=1.00D-06.
 Requested convergence on             energy=1.00D-06.
 No special actions if energy rises.
 Rare condition: small coef for last iteration:  0.000D+00
 Rare condition: small coef for last iteration:  0.000D+00
 Rare condition: small coef for last iteration:  0.000D+00
 Rare condition: small coef for last iteration:  0.000D+00
 Rare condition: small coef for last iteration:  0.000D+00
 Rare condition: small coef for last iteration:  0.000D+00
 SCF Done:  E(RHF) =  -5.82503826192     A.U. after   31 cycles
            NFock= 31  Conv=0.57D-08     -V/T= 1.9463
 Range of M.O.s used for correlation:     1    12
 NBasis=    12 NAE=     6 NBE=     6 NFC=     0 NFV=     0
 NROrb=     12 NOA=     6 NOB=     6 NVA=     6 NVB=     6
 Semi-Direct transformation.
 ModeAB=           4 MOrb=             6 LenV=     134088777
 LASXX=         2181 LTotXX=        2181 LenRXX=        5115
 LTotAB=        2934 MaxLAS=        3024 LenRXY=           0
 NonZer=        7296 LenScr=      655360 LnRSAI=        3024
 LnScr1=      655360 LExtra=           0 Total=      1318859
 MaxDsk=          -1 SrtSym=           T ITran=            3
 JobTyp=0 Pass  1:  I=   1 to   6.
 (rs|ai) integrals will be sorted in core.
 Spin components of T(2) and E(2):
     alpha-alpha T2 =       0.3968772043D-02 E2=     -0.5559691082D-02
     alpha-beta  T2 =       0.9533695616D-01 E2=     -0.1093826485D+00
     beta-beta   T2 =       0.3968772043D-02 E2=     -0.5559691082D-02
 ANorm=    0.1050368745D+01
 E2 =    -0.1205020306D+00 EUMP2 =    -0.59455402925625D+01
 Second order stability test of a single determinant RHF wave function:
 Stabil:  MDV=134217728
 ***********************************************************************
 Matrix         Lowest Root    Major Pairs
 ***********************************************************************
 Internal RHF     0.0438982    Stable
 RRHF --> CRHF    0.0062775    Stable
 RRHF --> RUHF   -0.1290455    6A=7B 4A=8B 3A=7B 5A=8B 6A=10B
 Not stable.
 ***********************************************************************

 **********************************************************************

            Population analysis using the SCF density.

 **********************************************************************

 Orbital symmetries:
       Occupied  (AG) (BU) (AG) (BU) (BU) (AG)
       Virtual   (AG) (BU) (BU) (AG) (AG) (BU)
 The electronic state is 1-AG.
 Alpha  occ. eigenvalues --   -0.83763  -0.74698  -0.60067  -0.45319  -0.38575
 Alpha  occ. eigenvalues --   -0.21833
 Alpha virt. eigenvalues --   -0.00202   0.04832   0.33778   0.43617   0.60380
 Alpha virt. eigenvalues --    0.81498
          Condensed to atoms (all electrons):
               1          2          3          4          5          6
     1  H    1.112358   0.259882  -0.072857   0.206254  -0.040320  -0.120626
     2  H    0.259882   0.918149  -0.028189  -0.065931   0.025288   0.078080
     3  H   -0.072857  -0.028189   1.268456  -0.048049   0.005287   0.000160
     4  H    0.206254  -0.065931  -0.048049   0.828129  -0.037007  -0.032163
     5  H   -0.040320   0.025288   0.005287  -0.037007   0.679330   0.210348
     6  H   -0.120626   0.078080   0.000160  -0.032163   0.210348   0.604027
     7  H   -0.224921  -0.190870  -0.047554   0.367393  -0.001156   0.132228
     8  H   -0.059559  -0.007312   0.367393  -0.106452   0.003112  -0.001041
     9  H   -0.007595  -0.001464   0.132228  -0.001041   0.000169   0.000982
    10  H   -0.001887  -0.000327  -0.001156   0.003112  -0.000002   0.000169
    11  H    0.016328   0.003867  -0.190870  -0.007312  -0.000327  -0.001464
    12  H    0.012200   0.016328  -0.224921  -0.059559  -0.001887  -0.007595
               7          8          9         10         11         12
     1  H   -0.224921  -0.059559  -0.007595  -0.001887   0.016328   0.012200
     2  H   -0.190870  -0.007312  -0.001464  -0.000327   0.003867   0.016328
     3  H   -0.047554   0.367393   0.132228  -0.001156  -0.190870  -0.224921
     4  H    0.367393  -0.106452  -0.001041   0.003112  -0.007312  -0.059559
     5  H   -0.001156   0.003112   0.000169  -0.000002  -0.000327  -0.001887
     6  H    0.132228  -0.001041   0.000982   0.000169  -0.001464  -0.007595
     7  H    1.268456  -0.048049   0.000160   0.005287  -0.028189  -0.072857
     8  H   -0.048049   0.828129  -0.032163  -0.037007  -0.065931   0.206254
     9  H    0.000160  -0.032163   0.604027   0.210348   0.078080  -0.120626
    10  H    0.005287  -0.037007   0.210348   0.679330   0.025288  -0.040320
    11  H   -0.028189  -0.065931   0.078080   0.025288   0.918149   0.259882
    12  H   -0.072857   0.206254  -0.120626  -0.040320   0.259882   1.112358
 Mulliken charges:
               1
     1  H   -0.079257
     2  H   -0.007502
     3  H   -0.159927
     4  H   -0.047374
     5  H    0.157165
     6  H    0.136895
     7  H   -0.159927
     8  H   -0.047374
     9  H    0.136895
    10  H    0.157165
    11  H   -0.007502
    12  H   -0.079257
 Sum of Mulliken charges =   0.00000
 Mulliken charges with hydrogens summed into heavy atoms:
               1
 Electronic spatial extent (au):  <R**2>=            187.6146
 Charge=              0.0000 electrons
 Dipole moment (field-independent basis, Debye):
    X=              0.0000    Y=             -0.0000    Z=              0.0000  Tot=              0.0000
 Quadrupole moment (field-independent basis, Debye-Ang):
   XX=            -17.8094   YY=              0.6251   ZZ=            -15.4919
   XY=             -6.3233   XZ=              0.0000   YZ=             -0.0000
 Traceless Quadrupole moment (field-independent basis, Debye-Ang):
   XX=             -6.9173   YY=             11.5172   ZZ=             -4.5998
   XY=             -6.3233   XZ=              0.0000   YZ=             -0.0000
 Octapole moment (field-independent basis, Debye-Ang**2):
  XXX=              0.0000  YYY=             -0.0000  ZZZ=             -0.0000  XYY=              0.0000
  XXY=              0.0000  XXZ=             -0.0000  XZZ=              0.0000  YZZ=              0.0000
  YYZ=              0.0000  XYZ=             -0.0000
 Hexadecapole moment (field-independent basis, Debye-Ang**3):
 XXXX=            -68.6700 YYYY=           -124.0994 ZZZZ=            -18.6537 XXXY=             23.5616
 XXXZ=             -0.0000 YYYX=            -27.0939 YYYZ=             -0.0000 ZZZX=             -0.0000
 ZZZY=              0.0000 XXYY=            -57.1468 XXZZ=            -14.3553 YYZZ=            -57.1426
 XXYZ=              0.0000 YYXZ=              0.0000 ZZXY=              8.7831
 N-N= 1.803602567995D+01 E-N=-4.739293438265D+01  KE= 6.155895844646D+00
 Symmetry AG   KE= 3.023477546638D+00
 Symmetry BG   KE= 0.000000000000D+00
 Symmetry AU   KE= 0.000000000000D+00
 Symmetry BU   KE= 3.132418298007D+00

 Test job not archived.
 1\1\GINC-SULU\Stability\RHF\Gen\H12\LCJ1\17-Feb-2017\0\\#rhf/gen scf(s
 ymm,tight,novaracc,noincfock,fulldiag) stable(crhf) guess=read geom=no
 crowd test\\hf stability analysis of h12 triangular lattice, y= 0.4298
 9682915123001\\0,1\H\H,1,1.4101251571\H,1,1.4101251571,2,144.5\H,2,1.4
 101251571,1,35.5,3,0.,0\H,2,1.4101251571,1,180.,3,0.,0\H,4,1.410125157
 1,3,180.,5,0.,0\H,6,1.4101251571,5,180.,3,0.,0\H,4,1.4101251571,2,180.
 ,3,0.,0\H,3,1.4101251571,1,180.,4,0.,0\H,9,1.4101251571,3,180.,4,0.,0\
 H,8,1.4101251571,4,180.,3,0.,0\H,7,1.4101251571,6,180.,3,0.,0\\Version
 =ES64L-G09RevE.01\State=1-AG\HF=-5.8250383\MP2=-5.9455403\RMSD=5.716e-
 09\Dipole=0.,0.,0.\Quadrupole=-4.9661887,-3.419875,8.3860637,0.,-4.948
 8891,0.\PG=C02H [SGH(H12)]\\@


 YOU WILL NEVER "FIND" TIME FOR ANYTHING.
 IF YOU WANT TIME, YOU MUST MAKE IT.

                        -- CHARLES BIXTON
 Job cpu time:       0 days  0 hours  0 minutes  1.0 seconds.
 File lengths (MBytes):  RWF=     84 Int=      0 D2E=      0 Chk=      2 Scr=      2
 Normal termination of Gaussian 09 at Fri Feb 17 14:55:51 2017.
