 Entering Gaussian System, Link 0=g09
 AtFile(1): H.gbs
            H     0
            S   10   1.00
               1000.000000000000            0.000068713567
                316.227766000000            0.000169141320
                100.000000000000            0.000823394812
                 31.622776600000            0.003425569236
                 10.000000000000            0.013951996000
                  3.162277660000            0.056909313560
                  1.000000000000            0.198286399900
                  0.316227766000            0.496922426700
                  0.100000000000            0.369846276400
                  0.031622776600            0.003752720039
            ****
 Initial command:
 /projects/guscus/apps/gau/g09-e1/g09/l1.exe "/users/lcj1/gaussian/h12/rhfstability/rect/guessfrommix/alpha15/Gau-4043.inp" -scrdir="/users/lcj1/gaussian/h12/rhfstability/rect/guessfrommix/alpha15/"
 Entering Link 1 = /projects/guscus/apps/gau/g09-e1/g09/l1.exe PID=      4044.
  
 Copyright (c) 1988,1990,1992,1993,1995,1998,2003,2009,2015,
            Gaussian, Inc.  All Rights Reserved.
  
 This is part of the Gaussian(R) 09 program.  It is based on
 the Gaussian(R) 03 system (copyright 2003, Gaussian, Inc.),
 the Gaussian(R) 98 system (copyright 1998, Gaussian, Inc.),
 the Gaussian(R) 94 system (copyright 1995, Gaussian, Inc.),
 the Gaussian 92(TM) system (copyright 1992, Gaussian, Inc.),
 the Gaussian 90(TM) system (copyright 1990, Gaussian, Inc.),
 the Gaussian 88(TM) system (copyright 1988, Gaussian, Inc.),
 the Gaussian 86(TM) system (copyright 1986, Carnegie Mellon
 University), and the Gaussian 82(TM) system (copyright 1983,
 Carnegie Mellon University). Gaussian is a federally registered
 trademark of Gaussian, Inc.
  
 This software contains proprietary and confidential information,
 including trade secrets, belonging to Gaussian, Inc.
  
 This software is provided under written license and may be
 used, copied, transmitted, or stored only in accord with that
 written license.
  
 The following legend is applicable only to US Government
 contracts under FAR:
  
                    RESTRICTED RIGHTS LEGEND
  
 Use, reproduction and disclosure by the US Government is
 subject to restrictions as set forth in subparagraphs (a)
 and (c) of the Commercial Computer Software - Restricted
 Rights clause in FAR 52.227-19.
  
 Gaussian, Inc.
 340 Quinnipiac St., Bldg. 40, Wallingford CT 06492
  
  
 ---------------------------------------------------------------
 Warning -- This program may not be used in any manner that
 competes with the business of Gaussian, Inc. or will provide
 assistance to any competitor of Gaussian, Inc.  The licensee
 of this program is prohibited from giving any competitor of
 Gaussian, Inc. access to this program.  By using this program,
 the user acknowledges that Gaussian, Inc. is engaged in the
 business of creating and licensing software in the field of
 computational chemistry and represents and warrants to the
 licensee that it is not a competitor of Gaussian, Inc. and that
 it will not use this program in any manner prohibited above.
 ---------------------------------------------------------------
  

 Cite this work as:
 Gaussian 09, Revision E.01,
 M. J. Frisch, G. W. Trucks, H. B. Schlegel, G. E. Scuseria, 
 M. A. Robb, J. R. Cheeseman, G. Scalmani, V. Barone, B. Mennucci, 
 G. A. Petersson, H. Nakatsuji, M. Caricato, X. Li, H. P. Hratchian, 
 A. F. Izmaylov, J. Bloino, G. Zheng, J. L. Sonnenberg, M. Hada, 
 M. Ehara, K. Toyota, R. Fukuda, J. Hasegawa, M. Ishida, T. Nakajima, 
 Y. Honda, O. Kitao, H. Nakai, T. Vreven, J. A. Montgomery, Jr., 
 J. E. Peralta, F. Ogliaro, M. Bearpark, J. J. Heyd, E. Brothers, 
 K. N. Kudin, V. N. Staroverov, T. Keith, R. Kobayashi, J. Normand, 
 K. Raghavachari, A. Rendell, J. C. Burant, S. S. Iyengar, J. Tomasi, 
 M. Cossi, N. Rega, J. M. Millam, M. Klene, J. E. Knox, J. B. Cross, 
 V. Bakken, C. Adamo, J. Jaramillo, R. Gomperts, R. E. Stratmann, 
 O. Yazyev, A. J. Austin, R. Cammi, C. Pomelli, J. W. Ochterski, 
 R. L. Martin, K. Morokuma, V. G. Zakrzewski, G. A. Voth, 
 P. Salvador, J. J. Dannenberg, S. Dapprich, A. D. Daniels, 
 O. Farkas, J. B. Foresman, J. V. Ortiz, J. Cioslowski, 
 and D. J. Fox, Gaussian, Inc., Wallingford CT, 2013.
 
 ******************************************
 Gaussian 09:  ES64L-G09RevE.01 30-Nov-2015
                16-Feb-2017 
 ******************************************
 %chk=h12.chk
 ----------------------------------------------------------------------
 #rhf/gen scf(symm,tight,novaracc,noincfock,fulldiag) stable(crhf) gues
 s=read geom=nocrowd test
 ----------------------------------------------------------------------
 1/38=1/1;
 2/12=1,17=6,18=5,40=1/2;
 3/5=7,16=1,25=1,30=1,116=1/1,2,3;
 4/5=1,9=4/1;
 5/5=100002,15=2,16=1,32=2,38=6/2;
 8/6=1,10=90,11=11/1,4;
 9/8=4,13=1/2;
 6/7=2,8=2,9=2,10=2,28=1/1;
 99/5=1,9=1/99;
 ----------------------------------------------------------------------
 hf stability analysis of h12 triangular lattice, y= 0.8149635215757493
 6
 ----------------------------------------------------------------------
 Symbolic Z-matrix:
 Charge =  0 Multiplicity = 1
 H
 H                    1     1.07984 
 H                    1     1.07984  2     82. 
 H                    2     1.07984  1     98.      3     0.       0
 H                    2     1.07984  1     180.     3     0.       0
 H                    4     1.07984  3     180.     5     0.       0
 H                    6     1.07984  5     180.     3     0.       0
 H                    4     1.07984  2     180.     3     0.       0
 H                    3     1.07984  1     180.     4     0.       0
 H                    9     1.07984  3     180.     4     0.       0
 H                    8     1.07984  4     180.     3     0.       0
 H                    7     1.07984  6     180.     3     0.       0
 
                          Input orientation:                          
 ---------------------------------------------------------------------
 Center     Atomic      Atomic             Coordinates (Angstroms)
 Number     Number       Type             X           Y           Z
 ---------------------------------------------------------------------
      1          1           0        0.000000    0.000000    0.000000
      2          1           0        0.000000    0.000000    1.079837
      3          1           0        1.069328    0.000000    0.150284
      4          1           0        1.069328    0.000000    1.230122
      5          1           0        0.000000    0.000000    2.159674
      6          1           0        1.069328    0.000000    2.309959
      7          1           0        2.138657    0.000000    2.460243
      8          1           0        2.138657    0.000000    1.380406
      9          1           0        2.138657    0.000000    0.300569
     10          1           0        3.207985    0.000000    0.450853
     11          1           0        3.207985    0.000000    1.530690
     12          1           0        3.207985    0.000000    2.610527
 ---------------------------------------------------------------------
                    Distance matrix (angstroms):
                    1          2          3          4          5
     1  H    0.000000
     2  H    1.079837   0.000000
     3  H    1.079837   1.416874   0.000000
     4  H    1.629927   1.079837   1.079837   0.000000
     5  H    2.159674   1.079837   2.276206   1.416874   0.000000
     6  H    2.545461   1.629927   2.159674   1.079837   1.079837
     7  H    3.259854   2.545461   2.545461   1.629927   2.159674
     8  H    2.545461   2.159674   1.629927   1.079837   2.276206
     9  H    2.159674   2.276206   1.079837   1.416874   2.833748
    10  H    3.239512   3.269065   2.159674   2.276206   3.634727
    11  H    3.554459   3.239512   2.545461   2.159674   3.269065
    12  H    4.135943   3.554459   3.259854   2.545461   3.239512
                    6          7          8          9         10
     6  H    0.000000
     7  H    1.079837   0.000000
     8  H    1.416874   1.079837   0.000000
     9  H    2.276206   2.159674   1.079837   0.000000
    10  H    2.833748   2.276206   1.416874   1.079837   0.000000
    11  H    2.276206   1.416874   1.079837   1.629927   1.079837
    12  H    2.159674   1.079837   1.629927   2.545461   2.159674
                   11         12
    11  H    0.000000
    12  H    1.079837   0.000000
 Stoichiometry    H12
 Framework group  C2H[SGH(H12)]
 Deg. of freedom    11
 Full point group                 C2H     NOp   4
 Largest Abelian subgroup         C2H     NOp   4
 Largest concise Abelian subgroup C2      NOp   2
                         Standard orientation:                         
 ---------------------------------------------------------------------
 Center     Atomic      Atomic             Coordinates (Angstroms)
 Number     Number       Type             X           Y           Z
 ---------------------------------------------------------------------
      1          1           0        1.069328    1.770040   -0.000000
      2          1           0        0.000000    1.619756   -0.000000
      3          1           0        1.069328    0.690203    0.000000
      4          1           0        0.000000    0.539919   -0.000000
      5          1           0       -1.069328    1.469472   -0.000000
      6          1           0       -1.069328    0.389634   -0.000000
      7          1           0       -1.069328   -0.690203    0.000000
      8          1           0       -0.000000   -0.539919   -0.000000
      9          1           0        1.069328   -0.389634   -0.000000
     10          1           0        1.069328   -1.469472   -0.000000
     11          1           0       -0.000000   -1.619756   -0.000000
     12          1           0       -1.069328   -1.770040    0.000000
 ---------------------------------------------------------------------
 Rotational constants (GHZ):     55.9783680     28.0752663     18.6976756
 General basis read from cards:  (5D, 7F)
 There are     6 symmetry adapted cartesian basis functions of AG  symmetry.
 There are     0 symmetry adapted cartesian basis functions of BG  symmetry.
 There are     0 symmetry adapted cartesian basis functions of AU  symmetry.
 There are     6 symmetry adapted cartesian basis functions of BU  symmetry.
 There are     6 symmetry adapted basis functions of AG  symmetry.
 There are     0 symmetry adapted basis functions of BG  symmetry.
 There are     0 symmetry adapted basis functions of AU  symmetry.
 There are     6 symmetry adapted basis functions of BU  symmetry.
    12 basis functions,   120 primitive gaussians,    12 cartesian basis functions
     6 alpha electrons        6 beta electrons
       nuclear repulsion energy        20.1358769648 Hartrees.
 NAtoms=   12 NActive=   12 NUniq=    6 SFac= 4.00D+00 NAtFMM=   60 NAOKFM=F Big=F
 Integral buffers will be    131072 words long.
 Regular integral format.
 Two-electron integral symmetry is turned on.
 One-electron integrals computed using PRISM.
 NBasis=    12 RedAO= T EigKep=  1.12D-01  NBF=     6     0     0     6
 NBsUse=    12 1.00D-06 EigRej= -1.00D+00 NBFU=     6     0     0     6
 Initial guess from the checkpoint file:  "h12.chk"
 B after Tr=     0.000000    0.000000    0.000000
         Rot=    0.980957   -0.000000    0.000000   -0.194227 Ang= -22.40 deg.
 Initial guess orbital symmetries:
       Occupied  (AG) (BU) (AG) (BU) (BU) (AG)
       Virtual   (BU) (AG) (BU) (AG) (AG) (BU)
 Keep R1 ints in memory in symmetry-blocked form, NReq=903840.
 Requested convergence on RMS density matrix=1.00D-08 within 128 cycles.
 Requested convergence on MAX density matrix=1.00D-06.
 Requested convergence on             energy=1.00D-06.
 No special actions if energy rises.
 SCF Done:  E(RHF) =  -5.71366351609     A.U. after   17 cycles
            NFock= 17  Conv=0.71D-08     -V/T= 1.8818
 Range of M.O.s used for correlation:     1    12
 NBasis=    12 NAE=     6 NBE=     6 NFC=     0 NFV=     0
 NROrb=     12 NOA=     6 NOB=     6 NVA=     6 NVB=     6
 Semi-Direct transformation.
 ModeAB=           4 MOrb=             6 LenV=     134084311
 LASXX=         2181 LTotXX=        2181 LenRXX=        5115
 LTotAB=        2934 MaxLAS=        3024 LenRXY=           0
 NonZer=        7296 LenScr=      655360 LnRSAI=        3024
 LnScr1=      655360 LExtra=           0 Total=      1318859
 MaxDsk=          -1 SrtSym=           T ITran=            3
 JobTyp=0 Pass  1:  I=   1 to   6.
 (rs|ai) integrals will be sorted in core.
 Spin components of T(2) and E(2):
     alpha-alpha T2 =       0.5040249688D-02 E2=     -0.7342027026D-02
     alpha-beta  T2 =       0.7545824851D-01 E2=     -0.1078367542D+00
     beta-beta   T2 =       0.5040249688D-02 E2=     -0.7342027026D-02
 ANorm=    0.1041891908D+01
 E2 =    -0.1225208082D+00 EUMP2 =    -0.58361843243358D+01
 Second order stability test of a single determinant RHF wave function:
 Stabil:  MDV=134217728
 ***********************************************************************
 Matrix         Lowest Root    Major Pairs
 ***********************************************************************
 Internal RHF    -0.0640101    6A=7A
 RRHF --> CRHF   -0.1006092    6A=7A
 RRHF --> RUHF   -0.1776027    6A=7B
 Not stable.
 ***********************************************************************

 **********************************************************************

            Population analysis using the SCF density.

 **********************************************************************

 Orbital symmetries:
       Occupied  (AG) (BU) (BU) (AG) (AG) (BU)
       Virtual   (AG) (BU) (BU) (AG) (AG) (BU)
 The electronic state is 1-AG.
 Alpha  occ. eigenvalues --   -1.00713  -0.78910  -0.68882  -0.51112  -0.46415
 Alpha  occ. eigenvalues --   -0.20267
 Alpha virt. eigenvalues --   -0.02424   0.10851   0.22169   0.42380   0.55667
 Alpha virt. eigenvalues --    0.90058
          Condensed to atoms (all electrons):
               1          2          3          4          5          6
     1  H    1.433362   0.381189  -0.161399  -0.259621  -0.116469  -0.002252
     2  H    0.381189   0.712784  -0.057882  -0.170692   0.124939  -0.005128
     3  H   -0.161399  -0.057882   0.936982   0.403797  -0.027508  -0.094598
     4  H   -0.259621  -0.170692   0.403797   1.064235   0.110011   0.005992
     5  H   -0.116469   0.124939  -0.027508   0.110011   1.038174   0.109521
     6  H   -0.002252  -0.005128  -0.094598   0.005992   0.109521   0.700830
     7  H    0.025945  -0.002311  -0.030537  -0.112497  -0.116100   0.167912
     8  H    0.050666  -0.039186  -0.112497  -0.147519  -0.102166   0.153425
     9  H   -0.098102  -0.047947   0.167912   0.153425   0.009914  -0.031206
    10  H    0.015843   0.013206  -0.116100  -0.102166   0.005208   0.009914
    11  H   -0.001365   0.009955  -0.002311  -0.039186   0.013206  -0.047947
    12  H   -0.006545  -0.001365   0.025945   0.050666   0.015843  -0.098102
               7          8          9         10         11         12
     1  H    0.025945   0.050666  -0.098102   0.015843  -0.001365  -0.006545
     2  H   -0.002311  -0.039186  -0.047947   0.013206   0.009955  -0.001365
     3  H   -0.030537  -0.112497   0.167912  -0.116100  -0.002311   0.025945
     4  H   -0.112497  -0.147519   0.153425  -0.102166  -0.039186   0.050666
     5  H   -0.116100  -0.102166   0.009914   0.005208   0.013206   0.015843
     6  H    0.167912   0.153425  -0.031206   0.009914  -0.047947  -0.098102
     7  H    0.936982   0.403797  -0.094598  -0.027508  -0.057882  -0.161399
     8  H    0.403797   1.064235   0.005992   0.110011  -0.170692  -0.259621
     9  H   -0.094598   0.005992   0.700830   0.109521  -0.005128  -0.002252
    10  H   -0.027508   0.110011   0.109521   1.038174   0.124939  -0.116469
    11  H   -0.057882  -0.170692  -0.005128   0.124939   0.712784   0.381189
    12  H   -0.161399  -0.259621  -0.002252  -0.116469   0.381189   1.433362
 Mulliken charges:
               1
     1  H   -0.261253
     2  H    0.082438
     3  H    0.068195
     4  H    0.043556
     5  H   -0.064574
     6  H    0.131637
     7  H    0.068195
     8  H    0.043556
     9  H    0.131637
    10  H   -0.064574
    11  H    0.082438
    12  H   -0.261253
 Sum of Mulliken charges =   0.00000
 Mulliken charges with hydrogens summed into heavy atoms:
               1
 Electronic spatial extent (au):  <R**2>=            140.9027
 Charge=             -0.0000 electrons
 Dipole moment (field-independent basis, Debye):
    X=             -0.0000    Y=             -0.0000    Z=             -0.0000  Tot=              0.0000
 Quadrupole moment (field-independent basis, Debye-Ang):
   XX=            -17.7805   YY=            -27.8144   ZZ=            -15.1065
   XY=             -4.6515   XZ=              0.0000   YZ=              0.0000
 Traceless Quadrupole moment (field-independent basis, Debye-Ang):
   XX=              2.4533   YY=             -7.5806   ZZ=              5.1273
   XY=             -4.6515   XZ=              0.0000   YZ=              0.0000
 Octapole moment (field-independent basis, Debye-Ang**2):
  XXX=             -0.0000  YYY=             -0.0000  ZZZ=              0.0000  XYY=             -0.0000
  XXY=             -0.0000  XXZ=              0.0000  XZZ=              0.0000  YZZ=             -0.0000
  YYZ=              0.0000  XYZ=             -0.0000
 Hexadecapole moment (field-independent basis, Debye-Ang**3):
 XXXX=            -94.9897 YYYY=           -233.7090 ZZZZ=            -17.8151 XXXY=            -11.5552
 XXXZ=              0.0000 YYYX=            -29.8986 YYYZ=              0.0000 ZZZX=              0.0000
 ZZZY=              0.0000 XXYY=            -61.0391 XXZZ=            -18.6072 YYZZ=            -32.7311
 XXYZ=              0.0000 YYXZ=              0.0000 ZZXY=             -2.7174
 N-N= 2.013587696482D+01 E-N=-5.085233426166D+01  KE= 6.479249307093D+00
 Symmetry AG   KE= 2.949180264134D+00
 Symmetry BG   KE= 0.000000000000D+00
 Symmetry AU   KE= 0.000000000000D+00
 Symmetry BU   KE= 3.530069042959D+00

 Test job not archived.
 1\1\GINC-SULU\Stability\RHF\Gen\H12\LCJ1\16-Feb-2017\0\\#rhf/gen scf(s
 ymm,tight,novaracc,noincfock,fulldiag) stable(crhf) guess=read geom=no
 crowd test\\hf stability analysis of h12 triangular lattice, y= 0.8149
 6352157574936\\0,1\H\H,1,1.0798372329\H,1,1.0798372329,2,82.\H,2,1.079
 8372329,1,98.,3,0.,0\H,2,1.0798372329,1,180.,3,0.,0\H,4,1.0798372329,3
 ,180.,5,0.,0\H,6,1.0798372329,5,180.,3,0.,0\H,4,1.0798372329,2,180.,3,
 0.,0\H,3,1.0798372329,1,180.,4,0.,0\H,9,1.0798372329,3,180.,4,0.,0\H,8
 ,1.0798372329,4,180.,3,0.,0\H,7,1.0798372329,6,180.,3,0.,0\\Version=ES
 64L-G09RevE.01\State=1-AG\HF=-5.7136635\MP2=-5.8361843\RMSD=7.114e-09\
 Dipole=0.,0.,0.\Quadrupole=-4.5382702,3.8120204,0.7262499,0.,-4.352403
 3,0.\PG=C02H [SGH(H12)]\\@


 I DO NOT KNOW WHAT I MAY APPEAR TO THE WORLD; BUT TO MYSELF
 I SEEM TO HAVE BEEN ONLY LIKE A BOY PLAYING ON THE SEASHORE,
 AND DIVERTING MYSELF IN NOW AND THEN FINDING A SMOOTHER PEBBLE
 OR A PRETTIER SHELL THAN ORDINARY, WHILST THE GREAT OCEAN OF
 TRUTH LAY ALL UNDISCOVERED BEFORE ME.
                                          -- NEWTON (1642-1726)
 Job cpu time:       0 days  0 hours  0 minutes  1.0 seconds.
 File lengths (MBytes):  RWF=     84 Int=      0 D2E=      0 Chk=      2 Scr=      2
 Normal termination of Gaussian 09 at Thu Feb 16 18:52:54 2017.
