 Entering Gaussian System, Link 0=g09
 AtFile(1): H.gbs
            H     0
            S   10   1.00
               1000.000000000000            0.000068713567
                316.227766000000            0.000169141320
                100.000000000000            0.000823394812
                 31.622776600000            0.003425569236
                 10.000000000000            0.013951996000
                  3.162277660000            0.056909313560
                  1.000000000000            0.198286399900
                  0.316227766000            0.496922426700
                  0.100000000000            0.369846276400
                  0.031622776600            0.003752720039
            ****
 Initial command:
 /projects/guscus/apps/gau/g09-e1/g09/l1.exe "/users/lcj1/gaussian/h12/rhfstability/rect/guess/ag3bu3/Gau-580.inp" -scrdir="/users/lcj1/gaussian/h12/rhfstability/rect/guess/ag3bu3/"
 Entering Link 1 = /projects/guscus/apps/gau/g09-e1/g09/l1.exe PID=       581.
  
 Copyright (c) 1988,1990,1992,1993,1995,1998,2003,2009,2015,
            Gaussian, Inc.  All Rights Reserved.
  
 This is part of the Gaussian(R) 09 program.  It is based on
 the Gaussian(R) 03 system (copyright 2003, Gaussian, Inc.),
 the Gaussian(R) 98 system (copyright 1998, Gaussian, Inc.),
 the Gaussian(R) 94 system (copyright 1995, Gaussian, Inc.),
 the Gaussian 92(TM) system (copyright 1992, Gaussian, Inc.),
 the Gaussian 90(TM) system (copyright 1990, Gaussian, Inc.),
 the Gaussian 88(TM) system (copyright 1988, Gaussian, Inc.),
 the Gaussian 86(TM) system (copyright 1986, Carnegie Mellon
 University), and the Gaussian 82(TM) system (copyright 1983,
 Carnegie Mellon University). Gaussian is a federally registered
 trademark of Gaussian, Inc.
  
 This software contains proprietary and confidential information,
 including trade secrets, belonging to Gaussian, Inc.
  
 This software is provided under written license and may be
 used, copied, transmitted, or stored only in accord with that
 written license.
  
 The following legend is applicable only to US Government
 contracts under FAR:
  
                    RESTRICTED RIGHTS LEGEND
  
 Use, reproduction and disclosure by the US Government is
 subject to restrictions as set forth in subparagraphs (a)
 and (c) of the Commercial Computer Software - Restricted
 Rights clause in FAR 52.227-19.
  
 Gaussian, Inc.
 340 Quinnipiac St., Bldg. 40, Wallingford CT 06492
  
  
 ---------------------------------------------------------------
 Warning -- This program may not be used in any manner that
 competes with the business of Gaussian, Inc. or will provide
 assistance to any competitor of Gaussian, Inc.  The licensee
 of this program is prohibited from giving any competitor of
 Gaussian, Inc. access to this program.  By using this program,
 the user acknowledges that Gaussian, Inc. is engaged in the
 business of creating and licensing software in the field of
 computational chemistry and represents and warrants to the
 licensee that it is not a competitor of Gaussian, Inc. and that
 it will not use this program in any manner prohibited above.
 ---------------------------------------------------------------
  

 Cite this work as:
 Gaussian 09, Revision E.01,
 M. J. Frisch, G. W. Trucks, H. B. Schlegel, G. E. Scuseria, 
 M. A. Robb, J. R. Cheeseman, G. Scalmani, V. Barone, B. Mennucci, 
 G. A. Petersson, H. Nakatsuji, M. Caricato, X. Li, H. P. Hratchian, 
 A. F. Izmaylov, J. Bloino, G. Zheng, J. L. Sonnenberg, M. Hada, 
 M. Ehara, K. Toyota, R. Fukuda, J. Hasegawa, M. Ishida, T. Nakajima, 
 Y. Honda, O. Kitao, H. Nakai, T. Vreven, J. A. Montgomery, Jr., 
 J. E. Peralta, F. Ogliaro, M. Bearpark, J. J. Heyd, E. Brothers, 
 K. N. Kudin, V. N. Staroverov, T. Keith, R. Kobayashi, J. Normand, 
 K. Raghavachari, A. Rendell, J. C. Burant, S. S. Iyengar, J. Tomasi, 
 M. Cossi, N. Rega, J. M. Millam, M. Klene, J. E. Knox, J. B. Cross, 
 V. Bakken, C. Adamo, J. Jaramillo, R. Gomperts, R. E. Stratmann, 
 O. Yazyev, A. J. Austin, R. Cammi, C. Pomelli, J. W. Ochterski, 
 R. L. Martin, K. Morokuma, V. G. Zakrzewski, G. A. Voth, 
 P. Salvador, J. J. Dannenberg, S. Dapprich, A. D. Daniels, 
 O. Farkas, J. B. Foresman, J. V. Ortiz, J. Cioslowski, 
 and D. J. Fox, Gaussian, Inc., Wallingford CT, 2013.
 
 ******************************************
 Gaussian 09:  ES64L-G09RevE.01 30-Nov-2015
                17-Feb-2017 
 ******************************************
 %chk=h12.chk
 ----------------------------------------------------------------------
 #rhf/gen scf(symm,tight,novaracc,noincfock,fulldiag) stable(crhf) gues
 s=read geom=nocrowd test
 ----------------------------------------------------------------------
 1/38=1/1;
 2/12=1,17=6,18=5,40=1/2;
 3/5=7,16=1,25=1,30=1,116=1/1,2,3;
 4/5=1,9=4/1;
 5/5=100002,15=2,16=1,32=2,38=6/2;
 8/6=1,10=90,11=11/1,4;
 9/8=4,13=1/2;
 6/7=2,8=2,9=2,10=2,28=1/1;
 99/5=1,9=1/99;
 ----------------------------------------------------------------------
 hf stability analysis of h12 triangular lattice, y= 0.9122757376900774
 2
 ----------------------------------------------------------------------
 Symbolic Z-matrix:
 Charge =  0 Multiplicity = 1
 H
 H                    1     1.1103 
 H                    1     1.1103   2     69.5 
 H                    2     1.1103   1     110.5    3     0.       0
 H                    2     1.1103   1     180.     3     0.       0
 H                    4     1.1103   3     180.     5     0.       0
 H                    6     1.1103   5     180.     3     0.       0
 H                    4     1.1103   2     180.     3     0.       0
 H                    3     1.1103   1     180.     4     0.       0
 H                    9     1.1103   3     180.     4     0.       0
 H                    8     1.1103   4     180.     3     0.       0
 H                    7     1.1103   6     180.     3     0.       0
 
                          Input orientation:                          
 ---------------------------------------------------------------------
 Center     Atomic      Atomic             Coordinates (Angstroms)
 Number     Number       Type             X           Y           Z
 ---------------------------------------------------------------------
      1          1           0        0.000000    0.000000    0.000000
      2          1           0        0.000000    0.000000    1.110301
      3          1           0        1.039988    0.000000    0.388836
      4          1           0        1.039988    0.000000    1.499137
      5          1           0        0.000000    0.000000    2.220603
      6          1           0        1.039988    0.000000    2.609438
      7          1           0        2.079977    0.000000    2.998274
      8          1           0        2.079977    0.000000    1.887973
      9          1           0        2.079977    0.000000    0.777671
     10          1           0        3.119965    0.000000    1.166507
     11          1           0        3.119965    0.000000    2.276809
     12          1           0        3.119965    0.000000    3.387110
 ---------------------------------------------------------------------
                    Distance matrix (angstroms):
                    1          2          3          4          5
     1  H    0.000000
     2  H    1.110301   0.000000
     3  H    1.110301   1.265736   0.000000
     4  H    1.824551   1.110301   1.110301   0.000000
     5  H    2.220603   1.110301   2.106406   1.265736   0.000000
     6  H    2.809047   1.824551   2.220603   1.110301   1.110301
     7  H    3.649103   2.809047   2.809047   1.824551   2.220603
     8  H    2.809047   2.220603   1.824551   1.110301   2.106406
     9  H    2.220603   2.106406   1.110301   1.265736   2.531473
    10  H    3.330904   3.120471   2.220603   2.106406   3.293220
    11  H    3.862388   3.330904   2.809047   2.220603   3.120471
    12  H    4.605073   3.862388   3.649103   2.809047   3.330904
                    6          7          8          9         10
     6  H    0.000000
     7  H    1.110301   0.000000
     8  H    1.265736   1.110301   0.000000
     9  H    2.106406   2.220603   1.110301   0.000000
    10  H    2.531473   2.106406   1.265736   1.110301   0.000000
    11  H    2.106406   1.265736   1.110301   1.824551   1.110301
    12  H    2.220603   1.110301   1.824551   2.809047   2.220603
                   11         12
    11  H    0.000000
    12  H    1.110301   0.000000
 Stoichiometry    H12
 Framework group  C2H[SGH(H12)]
 Deg. of freedom    11
 Full point group                 C2H     NOp   4
 Largest Abelian subgroup         C2H     NOp   4
 Largest concise Abelian subgroup C2      NOp   2
                         Standard orientation:                         
 ---------------------------------------------------------------------
 Center     Atomic      Atomic             Coordinates (Angstroms)
 Number     Number       Type             X           Y           Z
 ---------------------------------------------------------------------
      1          1           0        1.039988    2.054288    0.000000
      2          1           0        0.000000    1.665452   -0.000000
      3          1           0        1.039988    0.943986    0.000000
      4          1           0        0.000000    0.555151   -0.000000
      5          1           0       -1.039988    1.276616   -0.000000
      6          1           0       -1.039988    0.166315   -0.000000
      7          1           0       -1.039988   -0.943986    0.000000
      8          1           0       -0.000000   -0.555151   -0.000000
      9          1           0        1.039988   -0.166315   -0.000000
     10          1           0        1.039988   -1.276616   -0.000000
     11          1           0       -0.000000   -1.665452   -0.000000
     12          1           0       -1.039988   -2.054288    0.000000
 ---------------------------------------------------------------------
 Rotational constants (GHZ):     64.4953849     24.3677520     17.6857086
 General basis read from cards:  (5D, 7F)
 There are     6 symmetry adapted cartesian basis functions of AG  symmetry.
 There are     0 symmetry adapted cartesian basis functions of BG  symmetry.
 There are     0 symmetry adapted cartesian basis functions of AU  symmetry.
 There are     6 symmetry adapted cartesian basis functions of BU  symmetry.
 There are     6 symmetry adapted basis functions of AG  symmetry.
 There are     0 symmetry adapted basis functions of BG  symmetry.
 There are     0 symmetry adapted basis functions of AU  symmetry.
 There are     6 symmetry adapted basis functions of BU  symmetry.
    12 basis functions,   120 primitive gaussians,    12 cartesian basis functions
     6 alpha electrons        6 beta electrons
       nuclear repulsion energy        19.8847474418 Hartrees.
 NAtoms=   12 NActive=   12 NUniq=    6 SFac= 4.00D+00 NAtFMM=   60 NAOKFM=F Big=F
 Integral buffers will be    131072 words long.
 Regular integral format.
 Two-electron integral symmetry is turned on.
 One-electron integrals computed using PRISM.
 NBasis=    12 RedAO= T EigKep=  1.41D-01  NBF=     6     0     0     6
 NBsUse=    12 1.00D-06 EigRej= -1.00D+00 NBFU=     6     0     0     6
 Initial guess from the checkpoint file:  "h12.chk"
 B after Tr=    -0.000000    0.000000    0.000000
         Rot=    0.974757    0.000000    0.000000   -0.223267 Ang= -25.80 deg.
 Initial guess orbital symmetries:
       Occupied  (AG) (BU) (AG) (BU) (BU) (AG)
       Virtual   (BU) (AG) (BU) (AG) (AG) (BU)
 Keep R1 ints in memory in symmetry-blocked form, NReq=903966.
 Requested convergence on RMS density matrix=1.00D-08 within 128 cycles.
 Requested convergence on MAX density matrix=1.00D-06.
 Requested convergence on             energy=1.00D-06.
 No special actions if energy rises.
 SCF Done:  E(RHF) =  -5.84117419040     A.U. after   14 cycles
            NFock= 14  Conv=0.51D-08     -V/T= 1.9273
 Range of M.O.s used for correlation:     1    12
 NBasis=    12 NAE=     6 NBE=     6 NFC=     0 NFV=     0
 NROrb=     12 NOA=     6 NOB=     6 NVA=     6 NVB=     6
 Semi-Direct transformation.
 ModeAB=           4 MOrb=             6 LenV=     134084339
 LASXX=         2181 LTotXX=        2181 LenRXX=        5115
 LTotAB=        2934 MaxLAS=        3024 LenRXY=           0
 NonZer=        7296 LenScr=      655360 LnRSAI=        3024
 LnScr1=      655360 LExtra=           0 Total=      1318859
 MaxDsk=          -1 SrtSym=           T ITran=            3
 JobTyp=0 Pass  1:  I=   1 to   6.
 (rs|ai) integrals will be sorted in core.
 Spin components of T(2) and E(2):
     alpha-alpha T2 =       0.4937252831D-02 E2=     -0.7326953827D-02
     alpha-beta  T2 =       0.6609005567D-01 E2=     -0.1011375681D+00
     beta-beta   T2 =       0.4937252831D-02 E2=     -0.7326953827D-02
 ANorm=    0.1037287116D+01
 E2 =    -0.1157914757D+00 EUMP2 =    -0.59569656661498D+01
 Second order stability test of a single determinant RHF wave function:
 Stabil:  MDV=134217728
 ***********************************************************************
 Matrix         Lowest Root    Major Pairs
 ***********************************************************************
 Internal RHF     0.0497538    Stable
 RRHF --> CRHF    0.0117818    Stable
 RRHF --> RUHF   -0.0667008    6A=7B
 Not stable.
 ***********************************************************************

 **********************************************************************

            Population analysis using the SCF density.

 **********************************************************************

 Orbital symmetries:
       Occupied  (AG) (BU) (BU) (AG) (AG) (BU)
       Virtual   (AG) (BU) (BU) (AG) (AG) (BU)
 The electronic state is 1-AG.
 Alpha  occ. eigenvalues --   -0.99656  -0.79280  -0.66861  -0.53902  -0.42704
 Alpha  occ. eigenvalues --   -0.26017
 Alpha virt. eigenvalues --    0.01987   0.16752   0.27185   0.32213   0.57881
 Alpha virt. eigenvalues --    0.71470
          Condensed to atoms (all electrons):
               1          2          3          4          5          6
     1  H    1.248276   0.264577   0.048886  -0.222882  -0.083503   0.014913
     2  H    0.264577   0.671841  -0.023322  -0.118721   0.221544  -0.022263
     3  H    0.048886  -0.023322   0.784059   0.212680  -0.086212  -0.059923
     4  H   -0.222882  -0.118721   0.212680   1.114688   0.154630  -0.034188
     5  H   -0.083503   0.221544  -0.086212   0.154630   1.032500  -0.015710
     6  H    0.014913  -0.022263  -0.059923  -0.034188  -0.015710   0.773420
     7  H    0.009199  -0.009899   0.010161  -0.065830  -0.087020   0.197379
     8  H    0.038016  -0.038490  -0.065830  -0.223427  -0.098942   0.276640
     9  H   -0.094371  -0.070200   0.197379   0.276640  -0.012330  -0.071278
    10  H    0.008619   0.015915  -0.087020  -0.098942   0.013728  -0.012330
    11  H   -0.000190   0.010829  -0.009899  -0.038490   0.015915  -0.070200
    12  H   -0.002800  -0.000190   0.009199   0.038016   0.008619  -0.094371
               7          8          9         10         11         12
     1  H    0.009199   0.038016  -0.094371   0.008619  -0.000190  -0.002800
     2  H   -0.009899  -0.038490  -0.070200   0.015915   0.010829  -0.000190
     3  H    0.010161  -0.065830   0.197379  -0.087020  -0.009899   0.009199
     4  H   -0.065830  -0.223427   0.276640  -0.098942  -0.038490   0.038016
     5  H   -0.087020  -0.098942  -0.012330   0.013728   0.015915   0.008619
     6  H    0.197379   0.276640  -0.071278  -0.012330  -0.070200  -0.094371
     7  H    0.784059   0.212680  -0.059923  -0.086212  -0.023322   0.048886
     8  H    0.212680   1.114688  -0.034188   0.154630  -0.118721  -0.222882
     9  H   -0.059923  -0.034188   0.773420  -0.015710  -0.022263   0.014913
    10  H   -0.086212   0.154630  -0.015710   1.032500   0.221544  -0.083503
    11  H   -0.023322  -0.118721  -0.022263   0.221544   0.671841   0.264577
    12  H    0.048886  -0.222882   0.014913  -0.083503   0.264577   1.248276
 Mulliken charges:
               1
     1  H   -0.228740
     2  H    0.098380
     3  H    0.069842
     4  H    0.005826
     5  H   -0.063218
     6  H    0.117910
     7  H    0.069842
     8  H    0.005826
     9  H    0.117910
    10  H   -0.063218
    11  H    0.098380
    12  H   -0.228740
 Sum of Mulliken charges =   0.00000
 Mulliken charges with hydrogens summed into heavy atoms:
               1
 Electronic spatial extent (au):  <R**2>=            146.5354
 Charge=              0.0000 electrons
 Dipole moment (field-independent basis, Debye):
    X=             -0.0000    Y=             -0.0000    Z=             -0.0000  Tot=              0.0000
 Quadrupole moment (field-independent basis, Debye-Ang):
   XX=            -17.7148   YY=            -27.9609   ZZ=            -15.2310
   XY=             -4.1681   XZ=             -0.0000   YZ=             -0.0000
 Traceless Quadrupole moment (field-independent basis, Debye-Ang):
   XX=              2.5874   YY=             -7.6587   ZZ=              5.0712
   XY=             -4.1681   XZ=             -0.0000   YZ=             -0.0000
 Octapole moment (field-independent basis, Debye-Ang**2):
  XXX=              0.0000  YYY=             -0.0000  ZZZ=              0.0000  XYY=             -0.0000
  XXY=             -0.0000  XXZ=              0.0000  XZZ=              0.0000  YZZ=             -0.0000
  YYZ=             -0.0000  XYZ=             -0.0000
 Hexadecapole moment (field-independent basis, Debye-Ang**3):
 XXXX=            -91.9943 YYYY=           -261.4796 ZZZZ=            -18.0417 XXXY=            -20.8504
 XXXZ=             -0.0000 YYYX=            -39.8377 YYYZ=             -0.0000 ZZZX=             -0.0000
 ZZZY=             -0.0000 XXYY=            -63.1942 XXZZ=            -18.1609 YYZZ=            -35.7359
 XXYZ=             -0.0000 YYXZ=             -0.0000 ZZXY=             -5.3354
 N-N= 1.988474744180D+01 E-N=-5.038221352108D+01  KE= 6.298787404183D+00
 Symmetry AG   KE= 2.942207560457D+00
 Symmetry BG   KE= 0.000000000000D+00
 Symmetry AU   KE= 0.000000000000D+00
 Symmetry BU   KE= 3.356579843726D+00

 Test job not archived.
 1\1\GINC-SULU\Stability\RHF\Gen\H12\LCJ1\17-Feb-2017\0\\#rhf/gen scf(s
 ymm,tight,novaracc,noincfock,fulldiag) stable(crhf) guess=read geom=no
 crowd test\\hf stability analysis of h12 triangular lattice, y= 0.9122
 7573769007742\\0,1\H\H,1,1.1103013698\H,1,1.1103013698,2,69.5\H,2,1.11
 03013698,1,110.5,3,0.,0\H,2,1.1103013698,1,180.,3,0.,0\H,4,1.110301369
 8,3,180.,5,0.,0\H,6,1.1103013698,5,180.,3,0.,0\H,4,1.1103013698,2,180.
 ,3,0.,0\H,3,1.1103013698,1,180.,4,0.,0\H,9,1.1103013698,3,180.,4,0.,0\
 H,8,1.1103013698,4,180.,3,0.,0\H,7,1.1103013698,6,180.,3,0.,0\\Version
 =ES64L-G09RevE.01\State=1-AG\HF=-5.8411742\MP2=-5.9569657\RMSD=5.098e-
 09\Dipole=0.,0.,0.\Quadrupole=-2.7266854,3.7703467,-1.0436613,0.,-4.83
 76062,0.\PG=C02H [SGH(H12)]\\@


 Where a calculator on the ENIAC is equipped with 18,000
 vacuum tubes and weighs 30 tons, computers inthe future
 may  have only 1,000 vacuum tubes and weigh only 1 1/2 tons.
              ---Popular Mechanics, March 1949
 Job cpu time:       0 days  0 hours  0 minutes  1.1 seconds.
 File lengths (MBytes):  RWF=     84 Int=      0 D2E=      0 Chk=      2 Scr=      2
 Normal termination of Gaussian 09 at Fri Feb 17 15:03:46 2017.
