 Entering Gaussian System, Link 0=g09
 AtFile(1): H.gbs
            H     0
            S   10   1.00
               1000.000000000000            0.000068713567
                316.227766000000            0.000169141320
                100.000000000000            0.000823394812
                 31.622776600000            0.003425569236
                 10.000000000000            0.013951996000
                  3.162277660000            0.056909313560
                  1.000000000000            0.198286399900
                  0.316227766000            0.496922426700
                  0.100000000000            0.369846276400
                  0.031622776600            0.003752720039
            ****
 Initial command:
 /projects/guscus/apps/gau/g09-e1/g09/l1.exe "/users/lcj1/gaussian/h12/rhfstability/rect/guess/ag3bu3/Gau-20290.inp" -scrdir="/users/lcj1/gaussian/h12/rhfstability/rect/guess/ag3bu3/"
 Entering Link 1 = /projects/guscus/apps/gau/g09-e1/g09/l1.exe PID=     20291.
  
 Copyright (c) 1988,1990,1992,1993,1995,1998,2003,2009,2015,
            Gaussian, Inc.  All Rights Reserved.
  
 This is part of the Gaussian(R) 09 program.  It is based on
 the Gaussian(R) 03 system (copyright 2003, Gaussian, Inc.),
 the Gaussian(R) 98 system (copyright 1998, Gaussian, Inc.),
 the Gaussian(R) 94 system (copyright 1995, Gaussian, Inc.),
 the Gaussian 92(TM) system (copyright 1992, Gaussian, Inc.),
 the Gaussian 90(TM) system (copyright 1990, Gaussian, Inc.),
 the Gaussian 88(TM) system (copyright 1988, Gaussian, Inc.),
 the Gaussian 86(TM) system (copyright 1986, Carnegie Mellon
 University), and the Gaussian 82(TM) system (copyright 1983,
 Carnegie Mellon University). Gaussian is a federally registered
 trademark of Gaussian, Inc.
  
 This software contains proprietary and confidential information,
 including trade secrets, belonging to Gaussian, Inc.
  
 This software is provided under written license and may be
 used, copied, transmitted, or stored only in accord with that
 written license.
  
 The following legend is applicable only to US Government
 contracts under FAR:
  
                    RESTRICTED RIGHTS LEGEND
  
 Use, reproduction and disclosure by the US Government is
 subject to restrictions as set forth in subparagraphs (a)
 and (c) of the Commercial Computer Software - Restricted
 Rights clause in FAR 52.227-19.
  
 Gaussian, Inc.
 340 Quinnipiac St., Bldg. 40, Wallingford CT 06492
  
  
 ---------------------------------------------------------------
 Warning -- This program may not be used in any manner that
 competes with the business of Gaussian, Inc. or will provide
 assistance to any competitor of Gaussian, Inc.  The licensee
 of this program is prohibited from giving any competitor of
 Gaussian, Inc. access to this program.  By using this program,
 the user acknowledges that Gaussian, Inc. is engaged in the
 business of creating and licensing software in the field of
 computational chemistry and represents and warrants to the
 licensee that it is not a competitor of Gaussian, Inc. and that
 it will not use this program in any manner prohibited above.
 ---------------------------------------------------------------
  

 Cite this work as:
 Gaussian 09, Revision E.01,
 M. J. Frisch, G. W. Trucks, H. B. Schlegel, G. E. Scuseria, 
 M. A. Robb, J. R. Cheeseman, G. Scalmani, V. Barone, B. Mennucci, 
 G. A. Petersson, H. Nakatsuji, M. Caricato, X. Li, H. P. Hratchian, 
 A. F. Izmaylov, J. Bloino, G. Zheng, J. L. Sonnenberg, M. Hada, 
 M. Ehara, K. Toyota, R. Fukuda, J. Hasegawa, M. Ishida, T. Nakajima, 
 Y. Honda, O. Kitao, H. Nakai, T. Vreven, J. A. Montgomery, Jr., 
 J. E. Peralta, F. Ogliaro, M. Bearpark, J. J. Heyd, E. Brothers, 
 K. N. Kudin, V. N. Staroverov, T. Keith, R. Kobayashi, J. Normand, 
 K. Raghavachari, A. Rendell, J. C. Burant, S. S. Iyengar, J. Tomasi, 
 M. Cossi, N. Rega, J. M. Millam, M. Klene, J. E. Knox, J. B. Cross, 
 V. Bakken, C. Adamo, J. Jaramillo, R. Gomperts, R. E. Stratmann, 
 O. Yazyev, A. J. Austin, R. Cammi, C. Pomelli, J. W. Ochterski, 
 R. L. Martin, K. Morokuma, V. G. Zakrzewski, G. A. Voth, 
 P. Salvador, J. J. Dannenberg, S. Dapprich, A. D. Daniels, 
 O. Farkas, J. B. Foresman, J. V. Ortiz, J. Cioslowski, 
 and D. J. Fox, Gaussian, Inc., Wallingford CT, 2013.
 
 ******************************************
 Gaussian 09:  ES64L-G09RevE.01 30-Nov-2015
                17-Feb-2017 
 ******************************************
 %chk=h12.chk
 ----------------------------------------------------------------------
 #rhf/gen scf(symm,tight,novaracc,noincfock,fulldiag) stable(crhf) gues
 s=read geom=nocrowd test
 ----------------------------------------------------------------------
 1/38=1/1;
 2/12=1,17=6,18=5,40=1/2;
 3/5=7,16=1,25=1,30=1,116=1/1,2,3;
 4/5=1,9=4/1;
 5/5=100002,15=2,16=1,32=2,38=6/2;
 8/6=1,10=90,11=11/1,4;
 9/8=4,13=1/2;
 6/7=2,8=2,9=2,10=2,28=1/1;
 99/5=1,9=1/99;
 ----------------------------------------------------------------------
 hf stability analysis of h12 triangular lattice, y= 0.5715322184328752
 7
 ----------------------------------------------------------------------
 Symbolic Z-matrix:
 Charge =  0 Multiplicity = 1
 H
 H                    1     1.16065 
 H                    1     1.16065  2     121. 
 H                    2     1.16065  1     59.      3     0.       0
 H                    2     1.16065  1     180.     3     0.       0
 H                    4     1.16065  3     180.     5     0.       0
 H                    6     1.16065  5     180.     3     0.       0
 H                    4     1.16065  2     180.     3     0.       0
 H                    3     1.16065  1     180.     4     0.       0
 H                    9     1.16065  3     180.     4     0.       0
 H                    8     1.16065  4     180.     3     0.       0
 H                    7     1.16065  6     180.     3     0.       0
 
                          Input orientation:                          
 ---------------------------------------------------------------------
 Center     Atomic      Atomic             Coordinates (Angstroms)
 Number     Number       Type             X           Y           Z
 ---------------------------------------------------------------------
      1          1           0        0.000000    0.000000    0.000000
      2          1           0        0.000000    0.000000    1.160652
      3          1           0        0.994873    0.000000   -0.597780
      4          1           0        0.994873    0.000000    0.562872
      5          1           0        0.000000    0.000000    2.321303
      6          1           0        0.994873    0.000000    1.723523
      7          1           0        1.989745    0.000000    1.125744
      8          1           0        1.989745    0.000000   -0.034908
      9          1           0        1.989745    0.000000   -1.195560
     10          1           0        2.984618    0.000000   -1.793339
     11          1           0        2.984618    0.000000   -0.632688
     12          1           0        2.984618    0.000000    0.527964
 ---------------------------------------------------------------------
                    Distance matrix (angstroms):
                    1          2          3          4          5
     1  H    0.000000
     2  H    1.160652   0.000000
     3  H    1.160652   2.020360   0.000000
     4  H    1.143064   1.160652   1.160652   0.000000
     5  H    2.321303   1.160652   3.083961   2.020360   0.000000
     6  H    1.990051   1.143064   2.321303   1.160652   1.160652
     7  H    2.286129   1.990051   1.990051   1.143064   2.321303
     8  H    1.990051   2.321303   1.143064   1.160652   3.083961
     9  H    2.321303   3.083961   1.160652   2.020360   4.040719
    10  H    3.481955   4.199286   2.321303   3.083961   5.083132
    11  H    3.050940   3.481955   1.990051   2.321303   4.199286
    12  H    3.030955   3.050940   2.286129   1.990051   3.481955
                    6          7          8          9         10
     6  H    0.000000
     7  H    1.160652   0.000000
     8  H    2.020360   1.160652   0.000000
     9  H    3.083961   2.321303   1.160652   0.000000
    10  H    4.040719   3.083961   2.020360   1.160652   0.000000
    11  H    3.083961   2.020360   1.160652   1.143064   1.160652
    12  H    2.321303   1.160652   1.143064   1.990051   2.321303
                   11         12
    11  H    0.000000
    12  H    1.160652   0.000000
 Stoichiometry    H12
 Framework group  C2H[SGH(H12)]
 Deg. of freedom    11
 Full point group                 C2H     NOp   4
 Largest Abelian subgroup         C2H     NOp   4
 Largest concise Abelian subgroup C2      NOp   2
                         Standard orientation:                         
 ---------------------------------------------------------------------
 Center     Atomic      Atomic             Coordinates (Angstroms)
 Number     Number       Type             X           Y           Z
 ---------------------------------------------------------------------
      1          1           0        0.994873    1.143198   -0.000000
      2          1           0        0.000000    1.740977   -0.000000
      3          1           0        0.994873   -0.017454    0.000000
      4          1           0        0.000000    0.580326   -0.000000
      5          1           0       -0.994873    2.338757   -0.000000
      6          1           0       -0.994873    1.178106   -0.000000
      7          1           0       -0.994873    0.017454    0.000000
      8          1           0       -0.000000   -0.580326   -0.000000
      9          1           0        0.994873   -1.178106   -0.000000
     10          1           0        0.994873   -2.338757   -0.000000
     11          1           0       -0.000000   -1.740977   -0.000000
     12          1           0       -0.994873   -1.143198    0.000000
 ---------------------------------------------------------------------
 Rotational constants (GHZ):     76.5841509     20.5213173     16.1845434
 General basis read from cards:  (5D, 7F)
 There are     6 symmetry adapted cartesian basis functions of AG  symmetry.
 There are     0 symmetry adapted cartesian basis functions of BG  symmetry.
 There are     0 symmetry adapted cartesian basis functions of AU  symmetry.
 There are     6 symmetry adapted cartesian basis functions of BU  symmetry.
 There are     6 symmetry adapted basis functions of AG  symmetry.
 There are     0 symmetry adapted basis functions of BG  symmetry.
 There are     0 symmetry adapted basis functions of AU  symmetry.
 There are     6 symmetry adapted basis functions of BU  symmetry.
    12 basis functions,   120 primitive gaussians,    12 cartesian basis functions
     6 alpha electrons        6 beta electrons
       nuclear repulsion energy        19.5006266954 Hartrees.
 NAtoms=   12 NActive=   12 NUniq=    6 SFac= 4.00D+00 NAtFMM=   60 NAOKFM=F Big=F
 Integral buffers will be    131072 words long.
 Regular integral format.
 Two-electron integral symmetry is turned on.
 One-electron integrals computed using PRISM.
 NBasis=    12 RedAO= T EigKep=  1.82D-01  NBF=     6     0     0     6
 NBsUse=    12 1.00D-06 EigRej= -1.00D+00 NBFU=     6     0     0     6
 Initial guess from the checkpoint file:  "h12.chk"
 B after Tr=     0.000000    0.000000    0.000000
         Rot=    0.996195    0.000000    0.000000   -0.087152 Ang= -10.00 deg.
 Initial guess orbital symmetries:
       Occupied  (AG) (BU) (AG) (BU) (BU) (AG)
       Virtual   (BU) (AG) (BU) (AG) (AG) (BU)
 Keep R1 ints in memory in symmetry-blocked form, NReq=903588.
 Requested convergence on RMS density matrix=1.00D-08 within 128 cycles.
 Requested convergence on MAX density matrix=1.00D-06.
 Requested convergence on             energy=1.00D-06.
 No special actions if energy rises.
 SCF Done:  E(RHF) =  -5.93314368678     A.U. after   13 cycles
            NFock= 13  Conv=0.67D-08     -V/T= 1.9606
 Range of M.O.s used for correlation:     1    12
 NBasis=    12 NAE=     6 NBE=     6 NFC=     0 NFV=     0
 NROrb=     12 NOA=     6 NOB=     6 NVA=     6 NVB=     6
 Semi-Direct transformation.
 ModeAB=           4 MOrb=             6 LenV=     134084437
 LASXX=         2181 LTotXX=        2181 LenRXX=        5115
 LTotAB=        2934 MaxLAS=        3024 LenRXY=           0
 NonZer=        7296 LenScr=      655360 LnRSAI=        3024
 LnScr1=      655360 LExtra=           0 Total=      1318859
 MaxDsk=          -1 SrtSym=           T ITran=            3
 JobTyp=0 Pass  1:  I=   1 to   6.
 (rs|ai) integrals will be sorted in core.
 Spin components of T(2) and E(2):
     alpha-alpha T2 =       0.4589385388D-02 E2=     -0.6967441124D-02
     alpha-beta  T2 =       0.6276686921D-01 E2=     -0.9874540743D-01
     beta-beta   T2 =       0.4589385388D-02 E2=     -0.6967441124D-02
 ANorm=    0.1035348077D+01
 E2 =    -0.1126802897D+00 EUMP2 =    -0.60458239764618D+01
 Second order stability test of a single determinant RHF wave function:
 Stabil:  MDV=134217728
 ***********************************************************************
 Matrix         Lowest Root    Major Pairs
 ***********************************************************************
 Internal RHF     0.1960257    Stable
 RRHF --> CRHF    0.1553574    Stable
 RRHF --> RUHF    0.0566545    Stable
 Stable under the perturbations considered.
 ***********************************************************************

 **********************************************************************

            Population analysis using the SCF density.

 **********************************************************************

 Orbital symmetries:
       Occupied  (AG) (BU) (BU) (AG) (AG) (BU)
       Virtual   (AG) (BU) (AG) (BU) (BU) (AG)
 The electronic state is 1-AG.
 Alpha  occ. eigenvalues --   -0.96893  -0.79069  -0.62094  -0.56244  -0.38470
 Alpha  occ. eigenvalues --   -0.31294
 Alpha virt. eigenvalues --    0.10690   0.21132   0.22517   0.36855   0.51907
 Alpha virt. eigenvalues --    0.56940
          Condensed to atoms (all electrons):
               1          2          3          4          5          6
     1  H    1.040742   0.251147  -0.085071   0.196947  -0.061353  -0.122079
     2  H    0.251147   0.697921  -0.033854  -0.081171   0.212985  -0.023537
     3  H   -0.085071  -0.033854   0.897597  -0.055345   0.013858  -0.024334
     4  H    0.196947  -0.081171  -0.055345   1.037139  -0.157865   0.083933
     5  H   -0.061353   0.212985   0.013858  -0.157865   1.030784   0.139948
     6  H   -0.122079  -0.023537  -0.024334   0.083933   0.139948   0.754421
     7  H   -0.049975  -0.100003  -0.079416   0.319725  -0.073102   0.217623
     8  H   -0.085578  -0.027464   0.319725  -0.206317   0.022180  -0.036285
     9  H   -0.065038  -0.008894   0.217623  -0.036285   0.003082   0.013667
    10  H    0.004532  -0.000228  -0.073102   0.022180  -0.000987   0.003082
    11  H    0.018087   0.009458  -0.100003  -0.027464  -0.000228  -0.008894
    12  H    0.019253   0.018087  -0.049975  -0.085578   0.004532  -0.065038
               7          8          9         10         11         12
     1  H   -0.049975  -0.085578  -0.065038   0.004532   0.018087   0.019253
     2  H   -0.100003  -0.027464  -0.008894  -0.000228   0.009458   0.018087
     3  H   -0.079416   0.319725   0.217623  -0.073102  -0.100003  -0.049975
     4  H    0.319725  -0.206317  -0.036285   0.022180  -0.027464  -0.085578
     5  H   -0.073102   0.022180   0.003082  -0.000987  -0.000228   0.004532
     6  H    0.217623  -0.036285   0.013667   0.003082  -0.008894  -0.065038
     7  H    0.897597  -0.055345  -0.024334   0.013858  -0.033854  -0.085071
     8  H   -0.055345   1.037139   0.083933  -0.157865  -0.081171   0.196947
     9  H   -0.024334   0.083933   0.754421   0.139948  -0.023537  -0.122079
    10  H    0.013858  -0.157865   0.139948   1.030784   0.212985  -0.061353
    11  H   -0.033854  -0.081171  -0.023537   0.212985   0.697921   0.251147
    12  H   -0.085071   0.196947  -0.122079  -0.061353   0.251147   1.040742
 Mulliken charges:
               1
     1  H   -0.061614
     2  H    0.085555
     3  H    0.052297
     4  H   -0.009899
     5  H   -0.133833
     6  H    0.067493
     7  H    0.052297
     8  H   -0.009899
     9  H    0.067493
    10  H   -0.133833
    11  H    0.085555
    12  H   -0.061614
 Sum of Mulliken charges =  -0.00000
 Mulliken charges with hydrogens summed into heavy atoms:
               1
 Electronic spatial extent (au):  <R**2>=            153.7187
 Charge=             -0.0000 electrons
 Dipole moment (field-independent basis, Debye):
    X=              0.0000    Y=             -0.0000    Z=              0.0000  Tot=              0.0000
 Quadrupole moment (field-independent basis, Debye-Ang):
   XX=            -17.7916   YY=            -24.8082   ZZ=            -15.3366
   XY=              1.9693   XZ=              0.0000   YZ=              0.0000
 Traceless Quadrupole moment (field-independent basis, Debye-Ang):
   XX=              1.5205   YY=             -5.4961   ZZ=              3.9755
   XY=              1.9693   XZ=              0.0000   YZ=              0.0000
 Octapole moment (field-independent basis, Debye-Ang**2):
  XXX=              0.0000  YYY=             -0.0000  ZZZ=              0.0000  XYY=              0.0000
  XXY=             -0.0000  XXZ=              0.0000  XZZ=              0.0000  YZZ=             -0.0000
  YYZ=              0.0000  XYZ=             -0.0000
 Hexadecapole moment (field-independent basis, Debye-Ang**3):
 XXXX=            -87.2929 YYYY=           -276.2841 ZZZZ=            -18.2494 XXXY=             23.9162
 XXXZ=              0.0000 YYYX=             37.0171 YYYZ=              0.0000 ZZZX=              0.0000
 ZZZY=              0.0000 XXYY=            -61.8673 XXZZ=            -17.3868 YYZZ=            -39.7419
 XXYZ=              0.0000 YYXZ=              0.0000 ZZXY=              6.9416
 N-N= 1.950062669536D+01 E-N=-4.976249629852D+01  KE= 6.176250280659D+00
 Symmetry AG   KE= 2.946288103987D+00
 Symmetry BG   KE= 0.000000000000D+00
 Symmetry AU   KE= 0.000000000000D+00
 Symmetry BU   KE= 3.229962176672D+00

 Test job not archived.
 1\1\GINC-SULU\Stability\RHF\Gen\H12\LCJ1\17-Feb-2017\0\\#rhf/gen scf(s
 ymm,tight,novaracc,noincfock,fulldiag) stable(crhf) guess=read geom=no
 crowd test\\hf stability analysis of h12 triangular lattice, y= 0.5715
 3221843287527\\0,1\H\H,1,1.1606516224\H,1,1.1606516224,2,121.\H,2,1.16
 06516224,1,59.,3,0.,0\H,2,1.1606516224,1,180.,3,0.,0\H,4,1.1606516224,
 3,180.,5,0.,0\H,6,1.1606516224,5,180.,3,0.,0\H,4,1.1606516224,2,180.,3
 ,0.,0\H,3,1.1606516224,1,180.,4,0.,0\H,9,1.1606516224,3,180.,4,0.,0\H,
 8,1.1606516224,4,180.,3,0.,0\H,7,1.1606516224,6,180.,3,0.,0\\Version=E
 S64L-G09RevE.01\State=1-AG\HF=-5.9331437\MP2=-6.045824\RMSD=6.721e-09\
 Dipole=0.,0.,0.\Quadrupole=-1.4096607,2.9556967,-1.5460359,0.,2.990378
 4,0.\PG=C02H [SGH(H12)]\\@


 ON INDUCTION, OR "WHY DO YOU BELIEVE THE SUN WILL RISE TOMORROW?":

 ... THE FARMER WHO HAS FED THE CHICKEN EVERY DAY THROUGHOUT ITS
 LIFE AT LAST WRINGS ITS NECK INSTEAD, SHOWING THAT MORE REFINED VIEWS
 AS TO THE UNIFORMITY OF NATURE WOULD HAVE BEEN USEFUL TO THE CHICKEN.

                               -- BERTRAND RUSSELL
 Job cpu time:       0 days  0 hours  0 minutes  1.1 seconds.
 File lengths (MBytes):  RWF=     84 Int=      0 D2E=      0 Chk=      2 Scr=      2
 Normal termination of Gaussian 09 at Fri Feb 17 14:58:18 2017.
