 Entering Gaussian System, Link 0=g09
 AtFile(1): H.gbs
            H     0
            S   10   1.00
               1000.000000000000            0.000068713567
                316.227766000000            0.000169141320
                100.000000000000            0.000823394812
                 31.622776600000            0.003425569236
                 10.000000000000            0.013951996000
                  3.162277660000            0.056909313560
                  1.000000000000            0.198286399900
                  0.316227766000            0.496922426700
                  0.100000000000            0.369846276400
                  0.031622776600            0.003752720039
            ****
 Initial command:
 /projects/guscus/apps/gau/g09-e1/g09/l1.exe "/users/lcj1/gaussian/h12/rhfstability/rect/guess/ag3bu3/Gau-19240.inp" -scrdir="/users/lcj1/gaussian/h12/rhfstability/rect/guess/ag3bu3/"
 Entering Link 1 = /projects/guscus/apps/gau/g09-e1/g09/l1.exe PID=     19243.
  
 Copyright (c) 1988,1990,1992,1993,1995,1998,2003,2009,2015,
            Gaussian, Inc.  All Rights Reserved.
  
 This is part of the Gaussian(R) 09 program.  It is based on
 the Gaussian(R) 03 system (copyright 2003, Gaussian, Inc.),
 the Gaussian(R) 98 system (copyright 1998, Gaussian, Inc.),
 the Gaussian(R) 94 system (copyright 1995, Gaussian, Inc.),
 the Gaussian 92(TM) system (copyright 1992, Gaussian, Inc.),
 the Gaussian 90(TM) system (copyright 1990, Gaussian, Inc.),
 the Gaussian 88(TM) system (copyright 1988, Gaussian, Inc.),
 the Gaussian 86(TM) system (copyright 1986, Carnegie Mellon
 University), and the Gaussian 82(TM) system (copyright 1983,
 Carnegie Mellon University). Gaussian is a federally registered
 trademark of Gaussian, Inc.
  
 This software contains proprietary and confidential information,
 including trade secrets, belonging to Gaussian, Inc.
  
 This software is provided under written license and may be
 used, copied, transmitted, or stored only in accord with that
 written license.
  
 The following legend is applicable only to US Government
 contracts under FAR:
  
                    RESTRICTED RIGHTS LEGEND
  
 Use, reproduction and disclosure by the US Government is
 subject to restrictions as set forth in subparagraphs (a)
 and (c) of the Commercial Computer Software - Restricted
 Rights clause in FAR 52.227-19.
  
 Gaussian, Inc.
 340 Quinnipiac St., Bldg. 40, Wallingford CT 06492
  
  
 ---------------------------------------------------------------
 Warning -- This program may not be used in any manner that
 competes with the business of Gaussian, Inc. or will provide
 assistance to any competitor of Gaussian, Inc.  The licensee
 of this program is prohibited from giving any competitor of
 Gaussian, Inc. access to this program.  By using this program,
 the user acknowledges that Gaussian, Inc. is engaged in the
 business of creating and licensing software in the field of
 computational chemistry and represents and warrants to the
 licensee that it is not a competitor of Gaussian, Inc. and that
 it will not use this program in any manner prohibited above.
 ---------------------------------------------------------------
  

 Cite this work as:
 Gaussian 09, Revision E.01,
 M. J. Frisch, G. W. Trucks, H. B. Schlegel, G. E. Scuseria, 
 M. A. Robb, J. R. Cheeseman, G. Scalmani, V. Barone, B. Mennucci, 
 G. A. Petersson, H. Nakatsuji, M. Caricato, X. Li, H. P. Hratchian, 
 A. F. Izmaylov, J. Bloino, G. Zheng, J. L. Sonnenberg, M. Hada, 
 M. Ehara, K. Toyota, R. Fukuda, J. Hasegawa, M. Ishida, T. Nakajima, 
 Y. Honda, O. Kitao, H. Nakai, T. Vreven, J. A. Montgomery, Jr., 
 J. E. Peralta, F. Ogliaro, M. Bearpark, J. J. Heyd, E. Brothers, 
 K. N. Kudin, V. N. Staroverov, T. Keith, R. Kobayashi, J. Normand, 
 K. Raghavachari, A. Rendell, J. C. Burant, S. S. Iyengar, J. Tomasi, 
 M. Cossi, N. Rega, J. M. Millam, M. Klene, J. E. Knox, J. B. Cross, 
 V. Bakken, C. Adamo, J. Jaramillo, R. Gomperts, R. E. Stratmann, 
 O. Yazyev, A. J. Austin, R. Cammi, C. Pomelli, J. W. Ochterski, 
 R. L. Martin, K. Morokuma, V. G. Zakrzewski, G. A. Voth, 
 P. Salvador, J. J. Dannenberg, S. Dapprich, A. D. Daniels, 
 O. Farkas, J. B. Foresman, J. V. Ortiz, J. Cioslowski, 
 and D. J. Fox, Gaussian, Inc., Wallingford CT, 2013.
 
 ******************************************
 Gaussian 09:  ES64L-G09RevE.01 30-Nov-2015
                17-Feb-2017 
 ******************************************
 %chk=h12.chk
 ----------------------------------------------------------------------
 #rhf/gen scf(symm,tight,novaracc,noincfock,fulldiag) stable(crhf) gues
 s=read geom=nocrowd test
 ----------------------------------------------------------------------
 1/38=1/1;
 2/12=1,17=6,18=5,40=1/2;
 3/5=7,16=1,25=1,30=1,116=1/1,2,3;
 4/5=1,9=4/1;
 5/5=100002,15=2,16=1,32=2,38=6/2;
 8/6=1,10=90,11=11/1,4;
 9/8=4,13=1/2;
 6/7=2,8=2,9=2,10=2,28=1/1;
 99/5=1,9=1/99;
 ----------------------------------------------------------------------
 hf stability analysis of h12 triangular lattice, y= 0.5482239839410609
 8
 ----------------------------------------------------------------------
 Symbolic Z-matrix:
 Charge =  0 Multiplicity = 1
 H
 H                    1     1.18728 
 H                    1     1.18728  2     125. 
 H                    2     1.18728  1     55.      3     0.       0
 H                    2     1.18728  1     180.     3     0.       0
 H                    4     1.18728  3     180.     5     0.       0
 H                    6     1.18728  5     180.     3     0.       0
 H                    4     1.18728  2     180.     3     0.       0
 H                    3     1.18728  1     180.     4     0.       0
 H                    9     1.18728  3     180.     4     0.       0
 H                    8     1.18728  4     180.     3     0.       0
 H                    7     1.18728  6     180.     3     0.       0
 
                          Input orientation:                          
 ---------------------------------------------------------------------
 Center     Atomic      Atomic             Coordinates (Angstroms)
 Number     Number       Type             X           Y           Z
 ---------------------------------------------------------------------
      1          1           0        0.000000    0.000000    0.000000
      2          1           0        0.000000    0.000000    1.187278
      3          1           0        0.972561    0.000000   -0.680995
      4          1           0        0.972561    0.000000    0.506283
      5          1           0        0.000000    0.000000    2.374556
      6          1           0        0.972561    0.000000    1.693561
      7          1           0        1.945122    0.000000    1.012567
      8          1           0        1.945122    0.000000   -0.174711
      9          1           0        1.945122    0.000000   -1.361989
     10          1           0        2.917684    0.000000   -2.042984
     11          1           0        2.917684    0.000000   -0.855706
     12          1           0        2.917684    0.000000    0.331572
 ---------------------------------------------------------------------
                    Distance matrix (angstroms):
                    1          2          3          4          5
     1  H    0.000000
     2  H    1.187278   0.000000
     3  H    1.187278   2.106257   0.000000
     4  H    1.096448   1.187278   1.187278   0.000000
     5  H    2.374556   1.187278   3.206597   2.106257   0.000000
     6  H    1.952953   1.096448   2.374556   1.187278   1.187278
     7  H    2.192896   1.952953   1.952953   1.096448   2.374556
     8  H    1.952953   2.374556   1.096448   1.187278   3.206597
     9  H    2.374556   3.206597   1.187278   2.106257   4.212514
    10  H    3.561834   4.352869   2.374556   3.206597   5.294104
    11  H    3.040577   3.561834   1.952953   2.374556   4.352869
    12  H    2.936463   3.040577   2.192896   1.952953   3.561834
                    6          7          8          9         10
     6  H    0.000000
     7  H    1.187278   0.000000
     8  H    2.106257   1.187278   0.000000
     9  H    3.206597   2.374556   1.187278   0.000000
    10  H    4.212514   3.206597   2.106257   1.187278   0.000000
    11  H    3.206597   2.106257   1.187278   1.096448   1.187278
    12  H    2.374556   1.187278   1.096448   1.952953   2.374556
                   11         12
    11  H    0.000000
    12  H    1.187278   0.000000
 Stoichiometry    H12
 Framework group  C2H[SGH(H12)]
 Deg. of freedom    11
 Full point group                 C2H     NOp   4
 Largest Abelian subgroup         C2H     NOp   4
 Largest concise Abelian subgroup C2      NOp   2
                         Standard orientation:                         
 ---------------------------------------------------------------------
 Center     Atomic      Atomic             Coordinates (Angstroms)
 Number     Number       Type             X           Y           Z
 ---------------------------------------------------------------------
      1          1           0        0.972561    1.099922   -0.000000
      2          1           0        0.000000    1.780917    0.000000
      3          1           0        0.972561   -0.087356   -0.000000
      4          1           0        0.000000    0.593639    0.000000
      5          1           0       -0.972561    2.461912    0.000000
      6          1           0       -0.972561    1.274634    0.000000
      7          1           0       -0.972561    0.087356   -0.000000
      8          1           0       -0.000000   -0.593639    0.000000
      9          1           0        0.972561   -1.274634    0.000000
     10          1           0        0.972561   -2.461912    0.000000
     11          1           0       -0.000000   -1.780917    0.000000
     12          1           0       -0.972561   -1.099922   -0.000000
 ---------------------------------------------------------------------
 Rotational constants (GHZ):     82.5807919     19.0311528     15.4667611
 General basis read from cards:  (5D, 7F)
 There are     6 symmetry adapted cartesian basis functions of AG  symmetry.
 There are     0 symmetry adapted cartesian basis functions of BG  symmetry.
 There are     0 symmetry adapted cartesian basis functions of AU  symmetry.
 There are     6 symmetry adapted cartesian basis functions of BU  symmetry.
 There are     6 symmetry adapted basis functions of AG  symmetry.
 There are     0 symmetry adapted basis functions of BG  symmetry.
 There are     0 symmetry adapted basis functions of AU  symmetry.
 There are     6 symmetry adapted basis functions of BU  symmetry.
    12 basis functions,   120 primitive gaussians,    12 cartesian basis functions
     6 alpha electrons        6 beta electrons
       nuclear repulsion energy        19.3116412361 Hartrees.
 NAtoms=   12 NActive=   12 NUniq=    6 SFac= 4.00D+00 NAtFMM=   60 NAOKFM=F Big=F
 Integral buffers will be    131072 words long.
 Regular integral format.
 Two-electron integral symmetry is turned on.
 One-electron integrals computed using PRISM.
 NBasis=    12 RedAO= T EigKep=  1.86D-01  NBF=     6     0     0     6
 NBsUse=    12 1.00D-06 EigRej= -1.00D+00 NBFU=     6     0     0     6
 Initial guess from the checkpoint file:  "h12.chk"
 B after Tr=     0.000000   -0.000000    0.000000
         Rot=    0.997159    0.000000    0.000000   -0.075327 Ang=  -8.64 deg.
 Initial guess orbital symmetries:
       Occupied  (AG) (BU) (AG) (BU) (BU) (AG)
       Virtual   (BU) (AG) (BU) (AG) (AG) (BU)
 Keep R1 ints in memory in symmetry-blocked form, NReq=902916.
 Requested convergence on RMS density matrix=1.00D-08 within 128 cycles.
 Requested convergence on MAX density matrix=1.00D-06.
 Requested convergence on             energy=1.00D-06.
 No special actions if energy rises.
 SCF Done:  E(RHF) =  -5.95480027249     A.U. after   13 cycles
            NFock= 13  Conv=0.23D-08     -V/T= 1.9699
 Range of M.O.s used for correlation:     1    12
 NBasis=    12 NAE=     6 NBE=     6 NFC=     0 NFV=     0
 NROrb=     12 NOA=     6 NOB=     6 NVA=     6 NVB=     6
 Semi-Direct transformation.
 ModeAB=           4 MOrb=             6 LenV=     134085165
 LASXX=         2181 LTotXX=        2181 LenRXX=        5115
 LTotAB=        2934 MaxLAS=        3024 LenRXY=           0
 NonZer=        7296 LenScr=      655360 LnRSAI=        3024
 LnScr1=      655360 LExtra=           0 Total=      1318859
 MaxDsk=          -1 SrtSym=           T ITran=            3
 JobTyp=0 Pass  1:  I=   1 to   6.
 (rs|ai) integrals will be sorted in core.
 Spin components of T(2) and E(2):
     alpha-alpha T2 =       0.4435448987D-02 E2=     -0.6757994092D-02
     alpha-beta  T2 =       0.6251348555D-01 E2=     -0.9829048449D-01
     beta-beta   T2 =       0.4435448987D-02 E2=     -0.6757994092D-02
 ANorm=    0.1035076994D+01
 E2 =    -0.1118064727D+00 EUMP2 =    -0.60666067451712D+01
 Second order stability test of a single determinant RHF wave function:
 Stabil:  MDV=134217728
 ***********************************************************************
 Matrix         Lowest Root    Major Pairs
 ***********************************************************************
 Internal RHF     0.2544504    Stable
 RRHF --> CRHF    0.2194441    Stable
 RRHF --> RUHF    0.0575064    Stable
 Stable under the perturbations considered.
 ***********************************************************************

 **********************************************************************

            Population analysis using the SCF density.

 **********************************************************************

 Orbital symmetries:
       Occupied  (AG) (BU) (BU) (AG) (AG) (BU)
       Virtual   (AG) (AG) (BU) (BU) (BU) (AG)
 The electronic state is 1-AG.
 Alpha  occ. eigenvalues --   -0.95350  -0.78758  -0.59618  -0.57050  -0.36483
 Alpha  occ. eigenvalues --   -0.33273
 Alpha virt. eigenvalues --    0.14668   0.19344   0.22630   0.39404   0.46961
 Alpha virt. eigenvalues --    0.56062
          Condensed to atoms (all electrons):
               1          2          3          4          5          6
     1  H    1.051269   0.255270  -0.098605   0.209933  -0.053646  -0.133538
     2  H    0.255270   0.712903  -0.035082  -0.071815   0.199483  -0.024321
     3  H   -0.098605  -0.035082   0.947794  -0.059959   0.011984  -0.013914
     4  H    0.209933  -0.071815  -0.059959   1.000512  -0.133773   0.050545
     5  H   -0.053646   0.199483   0.011984  -0.133773   0.948683   0.157924
     6  H   -0.133538  -0.024321  -0.013914   0.050545   0.157924   0.750963
     7  H   -0.069313  -0.112867  -0.076309   0.325077  -0.063391   0.222033
     8  H   -0.080038  -0.022534   0.325077  -0.192063   0.017201  -0.027835
     9  H   -0.056857  -0.007882   0.222033  -0.027835   0.001925   0.012200
    10  H    0.003316  -0.000253  -0.063391   0.017201  -0.000613   0.001925
    11  H    0.018503   0.008533  -0.112867  -0.022534  -0.000253  -0.007882
    12  H    0.020981   0.018503  -0.069313  -0.080038   0.003316  -0.056857
               7          8          9         10         11         12
     1  H   -0.069313  -0.080038  -0.056857   0.003316   0.018503   0.020981
     2  H   -0.112867  -0.022534  -0.007882  -0.000253   0.008533   0.018503
     3  H   -0.076309   0.325077   0.222033  -0.063391  -0.112867  -0.069313
     4  H    0.325077  -0.192063  -0.027835   0.017201  -0.022534  -0.080038
     5  H   -0.063391   0.017201   0.001925  -0.000613  -0.000253   0.003316
     6  H    0.222033  -0.027835   0.012200   0.001925  -0.007882  -0.056857
     7  H    0.947794  -0.059959  -0.013914   0.011984  -0.035082  -0.098605
     8  H   -0.059959   1.000512   0.050545  -0.133773  -0.071815   0.209933
     9  H   -0.013914   0.050545   0.750963   0.157924  -0.024321  -0.133538
    10  H    0.011984  -0.133773   0.157924   0.948683   0.199483  -0.053646
    11  H   -0.035082  -0.071815  -0.024321   0.199483   0.712903   0.255270
    12  H   -0.098605   0.209933  -0.133538  -0.053646   0.255270   1.051269
 Mulliken charges:
               1
     1  H   -0.067274
     2  H    0.080060
     3  H    0.022550
     4  H   -0.015252
     5  H   -0.088841
     6  H    0.068756
     7  H    0.022550
     8  H   -0.015252
     9  H    0.068756
    10  H   -0.088841
    11  H    0.080060
    12  H   -0.067274
 Sum of Mulliken charges =   0.00000
 Mulliken charges with hydrogens summed into heavy atoms:
               1
 Electronic spatial extent (au):  <R**2>=            157.2616
 Charge=              0.0000 electrons
 Dipole moment (field-independent basis, Debye):
    X=              0.0000    Y=             -0.0000    Z=             -0.0000  Tot=              0.0000
 Quadrupole moment (field-independent basis, Debye-Ang):
   XX=            -17.8607   YY=            -22.5570   ZZ=            -15.3777
   XY=              0.7661   XZ=              0.0000   YZ=             -0.0000
 Traceless Quadrupole moment (field-independent basis, Debye-Ang):
   XX=              0.7378   YY=             -3.9585   ZZ=              3.2208
   XY=              0.7661   XZ=              0.0000   YZ=             -0.0000
 Octapole moment (field-independent basis, Debye-Ang**2):
  XXX=              0.0000  YYY=              0.0000  ZZZ=             -0.0000  XYY=              0.0000
  XXY=              0.0000  XXZ=             -0.0000  XZZ=              0.0000  YZZ=              0.0000
  YYZ=             -0.0000  XYZ=              0.0000
 Hexadecapole moment (field-independent basis, Debye-Ang**3):
 XXXX=            -85.0085 YYYY=           -275.8368 ZZZZ=            -18.3360 XXXY=             24.1980
 XXXZ=              0.0000 YYYX=             32.2536 YYYZ=             -0.0000 ZZZX=              0.0000
 ZZZY=             -0.0000 XXYY=            -60.8188 XXZZ=            -17.0077 YYZZ=            -41.7162
 XXYZ=             -0.0000 YYXZ=              0.0000 ZZXY=              7.4051
 N-N= 1.931164123609D+01 E-N=-4.946183968596D+01  KE= 6.139604420570D+00
 Symmetry AG   KE= 2.949499089112D+00
 Symmetry BG   KE= 0.000000000000D+00
 Symmetry AU   KE= 0.000000000000D+00
 Symmetry BU   KE= 3.190105331458D+00

 Test job not archived.
 1\1\GINC-SULU\Stability\RHF\Gen\H12\LCJ1\17-Feb-2017\0\\#rhf/gen scf(s
 ymm,tight,novaracc,noincfock,fulldiag) stable(crhf) guess=read geom=no
 crowd test\\hf stability analysis of h12 triangular lattice, y= 0.5482
 2398394106098\\0,1\H\H,1,1.1872779997\H,1,1.1872779997,2,125.\H,2,1.18
 72779997,1,55.,3,0.,0\H,2,1.1872779997,1,180.,3,0.,0\H,4,1.1872779997,
 3,180.,5,0.,0\H,6,1.1872779997,5,180.,3,0.,0\H,4,1.1872779997,2,180.,3
 ,0.,0\H,3,1.1872779997,1,180.,4,0.,0\H,9,1.1872779997,3,180.,4,0.,0\H,
 8,1.1872779997,4,180.,3,0.,0\H,7,1.1872779997,6,180.,3,0.,0\\Version=E
 S64L-G09RevE.01\State=1-AG\HF=-5.9548003\MP2=-6.0666067\RMSD=2.309e-09
 \Dipole=0.,0.,0.\Quadrupole=-1.2591522,2.3945726,-1.1354204,0.,1.83531
 71,0.\PG=C02H [SGH(H12)]\\@


 The earth never tires,
 The earth is rude, silent, incomprehensible at first,
 Nature is rude and incomprehensible at first,
 Be not discouraged, keep on,
 There are divine things well envelop'd,
 I swear to you there are divine things more beautiful than words can tell.
                                 -- Walt Whitman
 Job cpu time:       0 days  0 hours  0 minutes  1.1 seconds.
 File lengths (MBytes):  RWF=     84 Int=      0 D2E=      0 Chk=      2 Scr=      2
 Normal termination of Gaussian 09 at Fri Feb 17 14:57:53 2017.
