 Entering Gaussian System, Link 0=g09
 AtFile(1): H.gbs
            H     0
            S   10   1.00
               1000.000000000000            0.000068713567
                316.227766000000            0.000169141320
                100.000000000000            0.000823394812
                 31.622776600000            0.003425569236
                 10.000000000000            0.013951996000
                  3.162277660000            0.056909313560
                  1.000000000000            0.198286399900
                  0.316227766000            0.496922426700
                  0.100000000000            0.369846276400
                  0.031622776600            0.003752720039
            ****
 Initial command:
 /projects/guscus/apps/gau/g09-e1/g09/l1.exe "/users/lcj1/gaussian/h12/rhfstability/rect/guess/ag3bu3/Gau-10512.inp" -scrdir="/users/lcj1/gaussian/h12/rhfstability/rect/guess/ag3bu3/"
 Entering Link 1 = /projects/guscus/apps/gau/g09-e1/g09/l1.exe PID=     10514.
  
 Copyright (c) 1988,1990,1992,1993,1995,1998,2003,2009,2015,
            Gaussian, Inc.  All Rights Reserved.
  
 This is part of the Gaussian(R) 09 program.  It is based on
 the Gaussian(R) 03 system (copyright 2003, Gaussian, Inc.),
 the Gaussian(R) 98 system (copyright 1998, Gaussian, Inc.),
 the Gaussian(R) 94 system (copyright 1995, Gaussian, Inc.),
 the Gaussian 92(TM) system (copyright 1992, Gaussian, Inc.),
 the Gaussian 90(TM) system (copyright 1990, Gaussian, Inc.),
 the Gaussian 88(TM) system (copyright 1988, Gaussian, Inc.),
 the Gaussian 86(TM) system (copyright 1986, Carnegie Mellon
 University), and the Gaussian 82(TM) system (copyright 1983,
 Carnegie Mellon University). Gaussian is a federally registered
 trademark of Gaussian, Inc.
  
 This software contains proprietary and confidential information,
 including trade secrets, belonging to Gaussian, Inc.
  
 This software is provided under written license and may be
 used, copied, transmitted, or stored only in accord with that
 written license.
  
 The following legend is applicable only to US Government
 contracts under FAR:
  
                    RESTRICTED RIGHTS LEGEND
  
 Use, reproduction and disclosure by the US Government is
 subject to restrictions as set forth in subparagraphs (a)
 and (c) of the Commercial Computer Software - Restricted
 Rights clause in FAR 52.227-19.
  
 Gaussian, Inc.
 340 Quinnipiac St., Bldg. 40, Wallingford CT 06492
  
  
 ---------------------------------------------------------------
 Warning -- This program may not be used in any manner that
 competes with the business of Gaussian, Inc. or will provide
 assistance to any competitor of Gaussian, Inc.  The licensee
 of this program is prohibited from giving any competitor of
 Gaussian, Inc. access to this program.  By using this program,
 the user acknowledges that Gaussian, Inc. is engaged in the
 business of creating and licensing software in the field of
 computational chemistry and represents and warrants to the
 licensee that it is not a competitor of Gaussian, Inc. and that
 it will not use this program in any manner prohibited above.
 ---------------------------------------------------------------
  

 Cite this work as:
 Gaussian 09, Revision E.01,
 M. J. Frisch, G. W. Trucks, H. B. Schlegel, G. E. Scuseria, 
 M. A. Robb, J. R. Cheeseman, G. Scalmani, V. Barone, B. Mennucci, 
 G. A. Petersson, H. Nakatsuji, M. Caricato, X. Li, H. P. Hratchian, 
 A. F. Izmaylov, J. Bloino, G. Zheng, J. L. Sonnenberg, M. Hada, 
 M. Ehara, K. Toyota, R. Fukuda, J. Hasegawa, M. Ishida, T. Nakajima, 
 Y. Honda, O. Kitao, H. Nakai, T. Vreven, J. A. Montgomery, Jr., 
 J. E. Peralta, F. Ogliaro, M. Bearpark, J. J. Heyd, E. Brothers, 
 K. N. Kudin, V. N. Staroverov, T. Keith, R. Kobayashi, J. Normand, 
 K. Raghavachari, A. Rendell, J. C. Burant, S. S. Iyengar, J. Tomasi, 
 M. Cossi, N. Rega, J. M. Millam, M. Klene, J. E. Knox, J. B. Cross, 
 V. Bakken, C. Adamo, J. Jaramillo, R. Gomperts, R. E. Stratmann, 
 O. Yazyev, A. J. Austin, R. Cammi, C. Pomelli, J. W. Ochterski, 
 R. L. Martin, K. Morokuma, V. G. Zakrzewski, G. A. Voth, 
 P. Salvador, J. J. Dannenberg, S. Dapprich, A. D. Daniels, 
 O. Farkas, J. B. Foresman, J. V. Ortiz, J. Cioslowski, 
 and D. J. Fox, Gaussian, Inc., Wallingford CT, 2013.
 
 ******************************************
 Gaussian 09:  ES64L-G09RevE.01 30-Nov-2015
                17-Feb-2017 
 ******************************************
 %chk=h12.chk
 ----------------------------------------------------------------------
 #rhf/gen scf(symm,tight,novaracc,noincfock,fulldiag) stable(crhf) gues
 s=read geom=nocrowd test
 ----------------------------------------------------------------------
 1/38=1/1;
 2/12=1,17=6,18=5,40=1/2;
 3/5=7,16=1,25=1,30=1,116=1/1,2,3;
 4/5=1,9=4/1;
 5/5=100002,15=2,16=1,32=2,38=6/2;
 8/6=1,10=90,11=11/1,4;
 9/8=4,13=1/2;
 6/7=2,8=2,9=2,10=2,28=1/1;
 99/5=1,9=1/99;
 ----------------------------------------------------------------------
 hf stability analysis of h12 triangular lattice, y= 1.4552307619668963
 ----------------------------------------------------------------------
 Symbolic Z-matrix:
 Charge =  0 Multiplicity = 1
 H
 H                    1     1.50834 
 H                    1     1.50834  2     30.5 
 H                    2     1.50834  1     149.5    3     0.       0
 H                    2     1.50834  1     180.     3     0.       0
 H                    4     1.50834  3     180.     5     0.       0
 H                    6     1.50834  5     180.     3     0.       0
 H                    4     1.50834  2     180.     3     0.       0
 H                    3     1.50834  1     180.     4     0.       0
 H                    9     1.50834  3     180.     4     0.       0
 H                    8     1.50834  4     180.     3     0.       0
 H                    7     1.50834  6     180.     3     0.       0
 
                          Input orientation:                          
 ---------------------------------------------------------------------
 Center     Atomic      Atomic             Coordinates (Angstroms)
 Number     Number       Type             X           Y           Z
 ---------------------------------------------------------------------
      1          1           0        0.000000    0.000000    0.000000
      2          1           0        0.000000    0.000000    1.508344
      3          1           0        0.765542    0.000000    1.299633
      4          1           0        0.765542    0.000000    2.807976
      5          1           0        0.000000    0.000000    3.016687
      6          1           0        0.765542    0.000000    4.316320
      7          1           0        1.531084    0.000000    5.615953
      8          1           0        1.531084    0.000000    4.107609
      9          1           0        1.531084    0.000000    2.599266
     10          1           0        2.296627    0.000000    3.898898
     11          1           0        2.296627    0.000000    5.407242
     12          1           0        2.296627    0.000000    6.915586
 ---------------------------------------------------------------------
                    Distance matrix (angstroms):
                    1          2          3          4          5
     1  H    0.000000
     2  H    1.508344   0.000000
     3  H    1.508344   0.793483   0.000000
     4  H    2.910461   1.508344   1.508344   0.000000
     5  H    3.016687   1.508344   1.879982   0.793483   0.000000
     6  H    4.383683   2.910461   3.016687   1.508344   1.508344
     7  H    5.820923   4.383683   4.383683   2.910461   3.016687
     8  H    4.383683   3.016687   2.910461   1.508344   1.879982
     9  H    3.016687   1.879982   1.508344   0.793483   1.586966
    10  H    4.525031   3.315003   3.016687   1.879982   2.460242
    11  H    5.874756   4.525031   4.383683   3.016687   3.315003
    12  H    7.286962   5.874756   5.820923   4.383683   4.525031
                    6          7          8          9         10
     6  H    0.000000
     7  H    1.508344   0.000000
     8  H    0.793483   1.508344   0.000000
     9  H    1.879982   3.016687   1.508344   0.000000
    10  H    1.586966   1.879982   0.793483   1.508344   0.000000
    11  H    1.879982   0.793483   1.508344   2.910461   1.508344
    12  H    3.016687   1.508344   2.910461   4.383683   3.016687
                   11         12
    11  H    0.000000
    12  H    1.508344   0.000000
 Stoichiometry    H12
 Framework group  C2H[SGH(H12)]
 Deg. of freedom    11
 Full point group                 C2H     NOp   4
 Largest Abelian subgroup         C2H     NOp   4
 Largest concise Abelian subgroup C2      NOp   2
                         Standard orientation:                         
 ---------------------------------------------------------------------
 Center     Atomic      Atomic             Coordinates (Angstroms)
 Number     Number       Type             X           Y           Z
 ---------------------------------------------------------------------
      1          1           0        0.765542    3.562148   -0.000000
      2          1           0        0.000000    2.262515   -0.000000
      3          1           0        0.765542    2.053805   -0.000000
      4          1           0        0.000000    0.754172   -0.000000
      5          1           0       -0.765542    0.962883   -0.000000
      6          1           0       -0.765542   -0.545461   -0.000000
      7          1           0       -0.765542   -2.053805   -0.000000
      8          1           0       -0.000000   -0.754172   -0.000000
      9          1           0        0.765542    0.545461   -0.000000
     10          1           0        0.765542   -0.962883   -0.000000
     11          1           0       -0.000000   -2.262515   -0.000000
     12          1           0       -0.765542   -3.562148   -0.000000
 ---------------------------------------------------------------------
 Rotational constants (GHZ):    153.7787534     10.2199243      9.5830481
 General basis read from cards:  (5D, 7F)
 There are     6 symmetry adapted cartesian basis functions of AG  symmetry.
 There are     0 symmetry adapted cartesian basis functions of BG  symmetry.
 There are     0 symmetry adapted cartesian basis functions of AU  symmetry.
 There are     6 symmetry adapted cartesian basis functions of BU  symmetry.
 There are     6 symmetry adapted basis functions of AG  symmetry.
 There are     0 symmetry adapted basis functions of BG  symmetry.
 There are     0 symmetry adapted basis functions of AU  symmetry.
 There are     6 symmetry adapted basis functions of BU  symmetry.
    12 basis functions,   120 primitive gaussians,    12 cartesian basis functions
     6 alpha electrons        6 beta electrons
       nuclear repulsion energy        17.6127232425 Hartrees.
 NAtoms=   12 NActive=   12 NUniq=    6 SFac= 4.00D+00 NAtFMM=   60 NAOKFM=F Big=F
 Integral buffers will be    131072 words long.
 Regular integral format.
 Two-electron integral symmetry is turned on.
 One-electron integrals computed using PRISM.
 NBasis=    12 RedAO= T EigKep=  1.15D-01  NBF=     6     0     0     6
 NBsUse=    12 1.00D-06 EigRej= -1.00D+00 NBFU=     6     0     0     6
 Initial guess from the checkpoint file:  "h12.chk"
 B after Tr=    -0.000000    0.000000    0.000000
         Rot=    0.960801    0.000000    0.000000   -0.277240 Ang= -32.19 deg.
 Initial guess orbital symmetries:
       Occupied  (AG) (BU) (AG) (BU) (BU) (AG)
       Virtual   (BU) (AG) (BU) (AG) (AG) (BU)
 Keep R1 ints in memory in symmetry-blocked form, NReq=898254.
 Requested convergence on RMS density matrix=1.00D-08 within 128 cycles.
 Requested convergence on MAX density matrix=1.00D-06.
 Requested convergence on             energy=1.00D-06.
 No special actions if energy rises.
 SCF Done:  E(RHF) =  -5.75356833981     A.U. after   14 cycles
            NFock= 14  Conv=0.15D-08     -V/T= 1.9026
 Range of M.O.s used for correlation:     1    12
 NBasis=    12 NAE=     6 NBE=     6 NFC=     0 NFV=     0
 NROrb=     12 NOA=     6 NOB=     6 NVA=     6 NVB=     6
 Semi-Direct transformation.
 ModeAB=           4 MOrb=             6 LenV=     134089547
 LASXX=         2181 LTotXX=        2181 LenRXX=        5115
 LTotAB=        2934 MaxLAS=        3024 LenRXY=           0
 NonZer=        7296 LenScr=      655360 LnRSAI=        3024
 LnScr1=      655360 LExtra=           0 Total=      1318859
 MaxDsk=          -1 SrtSym=           T ITran=            3
 JobTyp=0 Pass  1:  I=   1 to   6.
 (rs|ai) integrals will be sorted in core.
 Spin components of T(2) and E(2):
     alpha-alpha T2 =       0.6674014162D-02 E2=     -0.6528771341D-02
     alpha-beta  T2 =       0.8344609573D+00 E2=     -0.2596733009D+00
     beta-beta   T2 =       0.6674014162D-02 E2=     -0.6528771341D-02
 ANorm=    0.1359341379D+01
 E2 =    -0.2727308436D+00 EUMP2 =    -0.60262991834282D+01
 Second order stability test of a single determinant RHF wave function:
 Stabil:  MDV=134217728
 ***********************************************************************
 Matrix         Lowest Root    Major Pairs
 ***********************************************************************
 Internal RHF     0.0348999    Stable
 RRHF --> CRHF   -0.0169413    6A=8A
 RRHF --> RUHF   -0.4033738    6A=7B
 Not stable.
 ***********************************************************************

 **********************************************************************

            Population analysis using the SCF density.

 **********************************************************************

 Orbital symmetries:
       Occupied  (AG) (BU) (AG) (BU) (BU) (AG)
       Virtual   (BU) (AG) (BU) (AG) (AG) (BU)
 The electronic state is 1-AG.
 Alpha  occ. eigenvalues --   -0.87849  -0.75805  -0.62449  -0.52555  -0.40645
 Alpha  occ. eigenvalues --   -0.16115
 Alpha virt. eigenvalues --   -0.04623  -0.00169   0.39003   0.44829   0.62013
 Alpha virt. eigenvalues --    0.85527
          Condensed to atoms (all electrons):
               1          2          3          4          5          6
     1  H    1.118477   0.041459  -0.126859  -0.010033   0.025243  -0.000605
     2  H    0.041459   0.645205   0.454909  -0.098230  -0.063186   0.010415
     3  H   -0.126859   0.454909   0.832752  -0.088219  -0.124999   0.001468
     4  H   -0.010033  -0.098230  -0.088219   0.949562   0.340895  -0.077758
     5  H    0.025243  -0.063186  -0.124999   0.340895   0.888431   0.123938
     6  H   -0.000605   0.010415   0.001468  -0.077758   0.123938   0.915746
     7  H   -0.000283   0.000714   0.001884  -0.000437  -0.006664   0.053740
     8  H    0.001244   0.003137  -0.000437  -0.128442  -0.038875   0.311129
     9  H   -0.028543  -0.049916   0.053740   0.311129  -0.158036  -0.167195
    10  H    0.002241  -0.003884  -0.006664  -0.038875  -0.044321  -0.158036
    11  H   -0.000097   0.000038   0.000714   0.003137  -0.003884  -0.049916
    12  H    0.000039  -0.000097  -0.000283   0.001244   0.002241  -0.028543
               7          8          9         10         11         12
     1  H   -0.000283   0.001244  -0.028543   0.002241  -0.000097   0.000039
     2  H    0.000714   0.003137  -0.049916  -0.003884   0.000038  -0.000097
     3  H    0.001884  -0.000437   0.053740  -0.006664   0.000714  -0.000283
     4  H   -0.000437  -0.128442   0.311129  -0.038875   0.003137   0.001244
     5  H   -0.006664  -0.038875  -0.158036  -0.044321  -0.003884   0.002241
     6  H    0.053740   0.311129  -0.167195  -0.158036  -0.049916  -0.028543
     7  H    0.832752  -0.088219   0.001468  -0.124999   0.454909  -0.126859
     8  H   -0.088219   0.949562  -0.077758   0.340895  -0.098230  -0.010033
     9  H    0.001468  -0.077758   0.915746   0.123938   0.010415  -0.000605
    10  H   -0.124999   0.340895   0.123938   0.888431  -0.063186   0.025243
    11  H    0.454909  -0.098230   0.010415  -0.063186   0.645205   0.041459
    12  H   -0.126859  -0.010033  -0.000605   0.025243   0.041459   1.118477
 Mulliken charges:
               1
     1  H   -0.022284
     2  H    0.059434
     3  H    0.001992
     4  H   -0.163976
     5  H    0.059217
     6  H    0.065617
     7  H    0.001992
     8  H   -0.163976
     9  H    0.065617
    10  H    0.059217
    11  H    0.059434
    12  H   -0.022284
 Sum of Mulliken charges =  -0.00000
 Mulliken charges with hydrogens summed into heavy atoms:
               1
 Electronic spatial extent (au):  <R**2>=            224.9382
 Charge=             -0.0000 electrons
 Dipole moment (field-independent basis, Debye):
    X=              0.0000    Y=              0.0000    Z=             -0.0000  Tot=              0.0000
 Quadrupole moment (field-independent basis, Debye-Ang):
   XX=            -16.0835   YY=            -19.8495   ZZ=            -15.2778
   XY=             -1.8697   XZ=             -0.0000   YZ=             -0.0000
 Traceless Quadrupole moment (field-independent basis, Debye-Ang):
   XX=              0.9868   YY=             -2.7792   ZZ=              1.7925
   XY=             -1.8697   XZ=             -0.0000   YZ=             -0.0000
 Octapole moment (field-independent basis, Debye-Ang**2):
  XXX=              0.0000  YYY=             -0.0000  ZZZ=              0.0000  XYY=              0.0000
  XXY=             -0.0000  XXZ=              0.0000  XZZ=              0.0000  YZZ=             -0.0000
  YYZ=              0.0000  XYZ=              0.0000
 Hexadecapole moment (field-independent basis, Debye-Ang**3):
 XXXX=            -57.3251 YYYY=           -506.4599 ZZZZ=            -18.2590 XXXY=            -31.3907
 XXXZ=             -0.0000 YYYX=            -53.7374 YYYZ=             -0.0000 ZZZX=             -0.0000
 ZZZY=             -0.0000 XXYY=            -76.1117 XXZZ=            -12.6157 YYZZ=            -70.1170
 XXYZ=             -0.0000 YYXZ=             -0.0000 ZZXY=            -10.8573
 N-N= 1.761272324255D+01 E-N=-4.639900415162D+01  KE= 6.374762905220D+00
 Symmetry AG   KE= 3.015516936783D+00
 Symmetry BG   KE= 0.000000000000D+00
 Symmetry AU   KE= 0.000000000000D+00
 Symmetry BU   KE= 3.359245968437D+00

 Test job not archived.
 1\1\GINC-SULU\Stability\RHF\Gen\H12\LCJ1\17-Feb-2017\0\\#rhf/gen scf(s
 ymm,tight,novaracc,noincfock,fulldiag) stable(crhf) guess=read geom=no
 crowd test\\hf stability analysis of h12 triangular lattice, y= 1.4552
 307619668963\\0,1\H\H,1,1.5083435609\H,1,1.5083435609,2,30.5\H,2,1.508
 3435609,1,149.5,3,0.,0\H,2,1.5083435609,1,180.,3,0.,0\H,4,1.5083435609
 ,3,180.,5,0.,0\H,6,1.5083435609,5,180.,3,0.,0\H,4,1.5083435609,2,180.,
 3,0.,0\H,3,1.5083435609,1,180.,4,0.,0\H,9,1.5083435609,3,180.,4,0.,0\H
 ,8,1.5083435609,4,180.,3,0.,0\H,7,1.5083435609,6,180.,3,0.,0\\Version=
 ES64L-G09RevE.01\State=1-AG\HF=-5.7535683\MP2=-6.0262992\RMSD=1.485e-0
 9\Dipole=0.,0.,0.\Quadrupole=1.2281912,1.332658,-2.5608492,0.,-0.55051
 58,0.\PG=C02H [SGH(H12)]\\@


 THERE IS MORE TO LIFE THAN INCREASING ITS SPEED.

                                       -- GANDHI
 Job cpu time:       0 days  0 hours  0 minutes  1.1 seconds.
 File lengths (MBytes):  RWF=     84 Int=      0 D2E=      0 Chk=      2 Scr=      2
 Normal termination of Gaussian 09 at Fri Feb 17 15:07:51 2017.
