 Entering Gaussian System, Link 0=g09
 AtFile(1): H.gbs
            H     0
            S   10   1.00
               1000.000000000000            0.000068713567
                316.227766000000            0.000169141320
                100.000000000000            0.000823394812
                 31.622776600000            0.003425569236
                 10.000000000000            0.013951996000
                  3.162277660000            0.056909313560
                  1.000000000000            0.198286399900
                  0.316227766000            0.496922426700
                  0.100000000000            0.369846276400
                  0.031622776600            0.003752720039
            ****
 Initial command:
 /projects/guscus/apps/gau/g09-e1/g09/l1.exe "/users/lcj1/gaussian/h12/rhfstability/rect/guess/ag3bu3/Gau-32060.inp" -scrdir="/users/lcj1/gaussian/h12/rhfstability/rect/guess/ag3bu3/"
 Entering Link 1 = /projects/guscus/apps/gau/g09-e1/g09/l1.exe PID=     32061.
  
 Copyright (c) 1988,1990,1992,1993,1995,1998,2003,2009,2015,
            Gaussian, Inc.  All Rights Reserved.
  
 This is part of the Gaussian(R) 09 program.  It is based on
 the Gaussian(R) 03 system (copyright 2003, Gaussian, Inc.),
 the Gaussian(R) 98 system (copyright 1998, Gaussian, Inc.),
 the Gaussian(R) 94 system (copyright 1995, Gaussian, Inc.),
 the Gaussian 92(TM) system (copyright 1992, Gaussian, Inc.),
 the Gaussian 90(TM) system (copyright 1990, Gaussian, Inc.),
 the Gaussian 88(TM) system (copyright 1988, Gaussian, Inc.),
 the Gaussian 86(TM) system (copyright 1986, Carnegie Mellon
 University), and the Gaussian 82(TM) system (copyright 1983,
 Carnegie Mellon University). Gaussian is a federally registered
 trademark of Gaussian, Inc.
  
 This software contains proprietary and confidential information,
 including trade secrets, belonging to Gaussian, Inc.
  
 This software is provided under written license and may be
 used, copied, transmitted, or stored only in accord with that
 written license.
  
 The following legend is applicable only to US Government
 contracts under FAR:
  
                    RESTRICTED RIGHTS LEGEND
  
 Use, reproduction and disclosure by the US Government is
 subject to restrictions as set forth in subparagraphs (a)
 and (c) of the Commercial Computer Software - Restricted
 Rights clause in FAR 52.227-19.
  
 Gaussian, Inc.
 340 Quinnipiac St., Bldg. 40, Wallingford CT 06492
  
  
 ---------------------------------------------------------------
 Warning -- This program may not be used in any manner that
 competes with the business of Gaussian, Inc. or will provide
 assistance to any competitor of Gaussian, Inc.  The licensee
 of this program is prohibited from giving any competitor of
 Gaussian, Inc. access to this program.  By using this program,
 the user acknowledges that Gaussian, Inc. is engaged in the
 business of creating and licensing software in the field of
 computational chemistry and represents and warrants to the
 licensee that it is not a competitor of Gaussian, Inc. and that
 it will not use this program in any manner prohibited above.
 ---------------------------------------------------------------
  

 Cite this work as:
 Gaussian 09, Revision E.01,
 M. J. Frisch, G. W. Trucks, H. B. Schlegel, G. E. Scuseria, 
 M. A. Robb, J. R. Cheeseman, G. Scalmani, V. Barone, B. Mennucci, 
 G. A. Petersson, H. Nakatsuji, M. Caricato, X. Li, H. P. Hratchian, 
 A. F. Izmaylov, J. Bloino, G. Zheng, J. L. Sonnenberg, M. Hada, 
 M. Ehara, K. Toyota, R. Fukuda, J. Hasegawa, M. Ishida, T. Nakajima, 
 Y. Honda, O. Kitao, H. Nakai, T. Vreven, J. A. Montgomery, Jr., 
 J. E. Peralta, F. Ogliaro, M. Bearpark, J. J. Heyd, E. Brothers, 
 K. N. Kudin, V. N. Staroverov, T. Keith, R. Kobayashi, J. Normand, 
 K. Raghavachari, A. Rendell, J. C. Burant, S. S. Iyengar, J. Tomasi, 
 M. Cossi, N. Rega, J. M. Millam, M. Klene, J. E. Knox, J. B. Cross, 
 V. Bakken, C. Adamo, J. Jaramillo, R. Gomperts, R. E. Stratmann, 
 O. Yazyev, A. J. Austin, R. Cammi, C. Pomelli, J. W. Ochterski, 
 R. L. Martin, K. Morokuma, V. G. Zakrzewski, G. A. Voth, 
 P. Salvador, J. J. Dannenberg, S. Dapprich, A. D. Daniels, 
 O. Farkas, J. B. Foresman, J. V. Ortiz, J. Cioslowski, 
 and D. J. Fox, Gaussian, Inc., Wallingford CT, 2013.
 
 ******************************************
 Gaussian 09:  ES64L-G09RevE.01 30-Nov-2015
                17-Feb-2017 
 ******************************************
 %chk=h12.chk
 ----------------------------------------------------------------------
 #rhf/gen scf(symm,tight,novaracc,noincfock,fulldiag) stable(crhf) gues
 s=read geom=nocrowd test
 ----------------------------------------------------------------------
 1/38=1/1;
 2/12=1,17=6,18=5,40=1/2;
 3/5=7,16=1,25=1,30=1,116=1/1,2,3;
 4/5=1,9=4/1;
 5/5=100002,15=2,16=1,32=2,38=6/2;
 8/6=1,10=90,11=11/1,4;
 9/8=4,13=1/2;
 6/7=2,8=2,9=2,10=2,28=1/1;
 99/5=1,9=1/99;
 ----------------------------------------------------------------------
 hf stability analysis of h12 triangular lattice, y= 0.8792984807723166
 5
 ----------------------------------------------------------------------
 Symbolic Z-matrix:
 Charge =  0 Multiplicity = 1
 H
 H                    1     1.0974 
 H                    1     1.0974   2     73.5 
 H                    2     1.0974   1     106.5    3     0.       0
 H                    2     1.0974   1     180.     3     0.       0
 H                    4     1.0974   3     180.     5     0.       0
 H                    6     1.0974   5     180.     3     0.       0
 H                    4     1.0974   2     180.     3     0.       0
 H                    3     1.0974   1     180.     4     0.       0
 H                    9     1.0974   3     180.     4     0.       0
 H                    8     1.0974   4     180.     3     0.       0
 H                    7     1.0974   6     180.     3     0.       0
 
                          Input orientation:                          
 ---------------------------------------------------------------------
 Center     Atomic      Atomic             Coordinates (Angstroms)
 Number     Number       Type             X           Y           Z
 ---------------------------------------------------------------------
      1          1           0        0.000000    0.000000    0.000000
      2          1           0        0.000000    0.000000    1.097403
      3          1           0        1.052212    0.000000    0.311679
      4          1           0        1.052212    0.000000    1.409082
      5          1           0        0.000000    0.000000    2.194806
      6          1           0        1.052212    0.000000    2.506486
      7          1           0        2.104424    0.000000    2.818165
      8          1           0        2.104424    0.000000    1.720762
      9          1           0        2.104424    0.000000    0.623359
     10          1           0        3.156635    0.000000    0.935038
     11          1           0        3.156635    0.000000    2.032441
     12          1           0        3.156635    0.000000    3.129844
 ---------------------------------------------------------------------
                    Distance matrix (angstroms):
                    1          2          3          4          5
     1  H    0.000000
     2  H    1.097403   0.000000
     3  H    1.097403   1.313207   0.000000
     4  H    1.758597   1.097403   1.097403   0.000000
     5  H    2.194806   1.097403   2.157155   1.313207   0.000000
     6  H    2.718386   1.758597   2.194806   1.097403   1.097403
     7  H    3.517194   2.718386   2.718386   1.758597   2.194806
     8  H    2.718386   2.194806   1.758597   1.097403   2.157155
     9  H    2.194806   2.157155   1.097403   1.313207   2.626413
    10  H    3.292209   3.160808   2.194806   2.157155   3.398730
    11  H    3.754353   3.292209   2.718386   2.194806   3.160808
    12  H    4.445253   3.754353   3.517194   2.718386   3.292209
                    6          7          8          9         10
     6  H    0.000000
     7  H    1.097403   0.000000
     8  H    1.313207   1.097403   0.000000
     9  H    2.157155   2.194806   1.097403   0.000000
    10  H    2.626413   2.157155   1.313207   1.097403   0.000000
    11  H    2.157155   1.313207   1.097403   1.758597   1.097403
    12  H    2.194806   1.097403   1.758597   2.718386   2.194806
                   11         12
    11  H    0.000000
    12  H    1.097403   0.000000
 Stoichiometry    H12
 Framework group  C2H[SGH(H12)]
 Deg. of freedom    11
 Full point group                 C2H     NOp   4
 Largest Abelian subgroup         C2H     NOp   4
 Largest concise Abelian subgroup C2      NOp   2
                         Standard orientation:                         
 ---------------------------------------------------------------------
 Center     Atomic      Atomic             Coordinates (Angstroms)
 Number     Number       Type             X           Y           Z
 ---------------------------------------------------------------------
      1          1           0        1.052212    1.957784    0.000000
      2          1           0        0.000000    1.646105    0.000000
      3          1           0        1.052212    0.860381    0.000000
      4          1           0        0.000000    0.548702    0.000000
      5          1           0       -1.052212    1.334425   -0.000000
      6          1           0       -1.052212    0.237022   -0.000000
      7          1           0       -1.052212   -0.860381    0.000000
      8          1           0       -0.000000   -0.548702    0.000000
      9          1           0        1.052212   -0.237022   -0.000000
     10          1           0        1.052212   -1.334425   -0.000000
     11          1           0       -0.000000   -1.646105    0.000000
     12          1           0       -1.052212   -1.957784    0.000000
 ---------------------------------------------------------------------
 Rotational constants (GHZ):     61.0803377     25.7301714     18.1038860
 General basis read from cards:  (5D, 7F)
 There are     6 symmetry adapted cartesian basis functions of AG  symmetry.
 There are     0 symmetry adapted cartesian basis functions of BG  symmetry.
 There are     0 symmetry adapted cartesian basis functions of AU  symmetry.
 There are     6 symmetry adapted cartesian basis functions of BU  symmetry.
 There are     6 symmetry adapted basis functions of AG  symmetry.
 There are     0 symmetry adapted basis functions of BG  symmetry.
 There are     0 symmetry adapted basis functions of AU  symmetry.
 There are     6 symmetry adapted basis functions of BU  symmetry.
    12 basis functions,   120 primitive gaussians,    12 cartesian basis functions
     6 alpha electrons        6 beta electrons
       nuclear repulsion energy        19.9892472166 Hartrees.
 NAtoms=   12 NActive=   12 NUniq=    6 SFac= 4.00D+00 NAtFMM=   60 NAOKFM=F Big=F
 Integral buffers will be    131072 words long.
 Regular integral format.
 Two-electron integral symmetry is turned on.
 One-electron integrals computed using PRISM.
 NBasis=    12 RedAO= T EigKep=  1.29D-01  NBF=     6     0     0     6
 NBsUse=    12 1.00D-06 EigRej= -1.00D+00 NBFU=     6     0     0     6
 Initial guess from the checkpoint file:  "h12.chk"
 B after Tr=    -0.000000    0.000000    0.000000
         Rot=    0.976751    0.000000    0.000000   -0.214379 Ang= -24.76 deg.
 Initial guess orbital symmetries:
       Occupied  (AG) (BU) (AG) (BU) (BU) (AG)
       Virtual   (BU) (AG) (BU) (AG) (AG) (BU)
 Keep R1 ints in memory in symmetry-blocked form, NReq=903812.
 Requested convergence on RMS density matrix=1.00D-08 within 128 cycles.
 Requested convergence on MAX density matrix=1.00D-06.
 Requested convergence on             energy=1.00D-06.
 No special actions if energy rises.
 SCF Done:  E(RHF) =  -5.79968296920     A.U. after   15 cycles
            NFock= 15  Conv=0.29D-08     -V/T= 1.9127
 Range of M.O.s used for correlation:     1    12
 NBasis=    12 NAE=     6 NBE=     6 NFC=     0 NFV=     0
 NROrb=     12 NOA=     6 NOB=     6 NVA=     6 NVB=     6
 Semi-Direct transformation.
 ModeAB=           4 MOrb=             6 LenV=     134084535
 LASXX=         2181 LTotXX=        2181 LenRXX=        5115
 LTotAB=        2934 MaxLAS=        3024 LenRXY=           0
 NonZer=        7296 LenScr=      655360 LnRSAI=        3024
 LnScr1=      655360 LExtra=           0 Total=      1318859
 MaxDsk=          -1 SrtSym=           T ITran=            3
 JobTyp=0 Pass  1:  I=   1 to   6.
 (rs|ai) integrals will be sorted in core.
 Spin components of T(2) and E(2):
     alpha-alpha T2 =       0.5024631821D-02 E2=     -0.7389637204D-02
     alpha-beta  T2 =       0.6832432521D-01 E2=     -0.1026312991D+00
     beta-beta   T2 =       0.5024631821D-02 E2=     -0.7389637204D-02
 ANorm=    0.1038447682D+01
 E2 =    -0.1174105735D+00 EUMP2 =    -0.59170935427369D+01
 Second order stability test of a single determinant RHF wave function:
 Stabil:  MDV=134217728
 ***********************************************************************
 Matrix         Lowest Root    Major Pairs
 ***********************************************************************
 Internal RHF     0.0051529    Stable
 RRHF --> CRHF   -0.0317924    6A=7A
 RRHF --> RUHF   -0.1080837    6A=7B
 Not stable.
 ***********************************************************************

 **********************************************************************

            Population analysis using the SCF density.

 **********************************************************************

 Orbital symmetries:
       Occupied  (AG) (BU) (BU) (AG) (AG) (BU)
       Virtual   (AG) (BU) (BU) (AG) (AG) (BU)
 The electronic state is 1-AG.
 Alpha  occ. eigenvalues --   -1.00218  -0.79188  -0.67967  -0.52956  -0.44041
 Alpha  occ. eigenvalues --   -0.24056
 Alpha virt. eigenvalues --   -0.00104   0.14871   0.24797   0.35764   0.57541
 Alpha virt. eigenvalues --    0.78469
          Condensed to atoms (all electrons):
               1          2          3          4          5          6
     1  H    1.324087   0.295884  -0.008065  -0.244386  -0.092650   0.012091
     2  H    0.295884   0.672448  -0.027895  -0.137950   0.198722  -0.015605
     3  H   -0.008065  -0.027895   0.811991   0.276848  -0.069502  -0.074129
     4  H   -0.244386  -0.137950   0.276848   1.128829   0.137874  -0.023019
     5  H   -0.092650   0.198722  -0.069502   0.137874   1.030422   0.024143
     6  H    0.012091  -0.015605  -0.074129  -0.023019   0.024143   0.735502
     7  H    0.013296  -0.008872   0.003019  -0.080885  -0.095453   0.187290
     8  H    0.044299  -0.040177  -0.080885  -0.216982  -0.102386   0.244645
     9  H   -0.098626  -0.061361   0.187290   0.244645  -0.002598  -0.060709
    10  H    0.010546   0.014870  -0.095453  -0.102386   0.011230  -0.002598
    11  H   -0.000346   0.010825  -0.008872  -0.040177   0.014870  -0.061361
    12  H   -0.003864  -0.000346   0.013296   0.044299   0.010546  -0.098626
               7          8          9         10         11         12
     1  H    0.013296   0.044299  -0.098626   0.010546  -0.000346  -0.003864
     2  H   -0.008872  -0.040177  -0.061361   0.014870   0.010825  -0.000346
     3  H    0.003019  -0.080885   0.187290  -0.095453  -0.008872   0.013296
     4  H   -0.080885  -0.216982   0.244645  -0.102386  -0.040177   0.044299
     5  H   -0.095453  -0.102386  -0.002598   0.011230   0.014870   0.010546
     6  H    0.187290   0.244645  -0.060709  -0.002598  -0.061361  -0.098626
     7  H    0.811991   0.276848  -0.074129  -0.069502  -0.027895  -0.008065
     8  H    0.276848   1.128829  -0.023019   0.137874  -0.137950  -0.244386
     9  H   -0.074129  -0.023019   0.735502   0.024143  -0.015605   0.012091
    10  H   -0.069502   0.137874   0.024143   1.030422   0.198722  -0.092650
    11  H   -0.027895  -0.137950  -0.015605   0.198722   0.672448   0.295884
    12  H   -0.008065  -0.244386   0.012091  -0.092650   0.295884   1.324087
 Mulliken charges:
               1
     1  H   -0.252266
     2  H    0.099457
     3  H    0.072358
     4  H    0.013290
     5  H   -0.065217
     6  H    0.132377
     7  H    0.072358
     8  H    0.013290
     9  H    0.132377
    10  H   -0.065217
    11  H    0.099457
    12  H   -0.252266
 Sum of Mulliken charges =   0.00000
 Mulliken charges with hydrogens summed into heavy atoms:
               1
 Electronic spatial extent (au):  <R**2>=            144.4266
 Charge=              0.0000 electrons
 Dipole moment (field-independent basis, Debye):
    X=             -0.0000    Y=             -0.0000    Z=             -0.0000  Tot=              0.0000
 Quadrupole moment (field-independent basis, Debye-Ang):
   XX=            -17.7004   YY=            -28.3244   ZZ=            -15.1912
   XY=             -4.6071   XZ=             -0.0000   YZ=             -0.0000
 Traceless Quadrupole moment (field-independent basis, Debye-Ang):
   XX=              2.7049   YY=             -7.9191   ZZ=              5.2141
   XY=             -4.6071   XZ=             -0.0000   YZ=             -0.0000
 Octapole moment (field-independent basis, Debye-Ang**2):
  XXX=             -0.0000  YYY=             -0.0000  ZZZ=             -0.0000  XYY=             -0.0000
  XXY=             -0.0000  XXZ=             -0.0000  XZZ=              0.0000  YZZ=             -0.0000
  YYZ=             -0.0000  XYZ=             -0.0000
 Hexadecapole moment (field-independent basis, Debye-Ang**3):
 XXXX=            -93.2191 YYYY=           -253.1554 ZZZZ=            -17.9685 XXXY=            -18.5873
 XXXZ=             -0.0000 YYYX=            -38.0639 YYYZ=             -0.0000 ZZZX=             -0.0000
 ZZZY=             -0.0000 XXYY=            -62.9701 XXZZ=            -18.3599 YYZZ=            -34.5923
 XXYZ=             -0.0000 YYXZ=             -0.0000 ZZXY=             -4.5786
 N-N= 1.998924721658D+01 E-N=-5.056341308909D+01  KE= 6.354094069447D+00
 Symmetry AG   KE= 2.942405753876D+00
 Symmetry BG   KE= 0.000000000000D+00
 Symmetry AU   KE= 0.000000000000D+00
 Symmetry BU   KE= 3.411688315571D+00

 Test job not archived.
 1\1\GINC-SULU\Stability\RHF\Gen\H12\LCJ1\17-Feb-2017\0\\#rhf/gen scf(s
 ymm,tight,novaracc,noincfock,fulldiag) stable(crhf) guess=read geom=no
 crowd test\\hf stability analysis of h12 triangular lattice, y= 0.8792
 9848077231665\\0,1\H\H,1,1.0974031572\H,1,1.0974031572,2,73.5\H,2,1.09
 74031572,1,106.5,3,0.,0\H,2,1.0974031572,1,180.,3,0.,0\H,4,1.097403157
 2,3,180.,5,0.,0\H,6,1.0974031572,5,180.,3,0.,0\H,4,1.0974031572,2,180.
 ,3,0.,0\H,3,1.0974031572,1,180.,4,0.,0\H,9,1.0974031572,3,180.,4,0.,0\
 H,8,1.0974031572,4,180.,3,0.,0\H,7,1.0974031572,6,180.,3,0.,0\\Version
 =ES64L-G09RevE.01\State=1-AG\HF=-5.799683\MP2=-5.9170935\RMSD=2.889e-0
 9\Dipole=0.,0.,0.\Quadrupole=-3.3849837,3.8765846,-0.4916009,0.,-5.023
 618,0.\PG=C02H [SGH(H12)]\\@


 THE CAUTIOUS SELDOM ERR...CONFUCIUS                   
 Job cpu time:       0 days  0 hours  0 minutes  1.1 seconds.
 File lengths (MBytes):  RWF=     84 Int=      0 D2E=      0 Chk=      2 Scr=      2
 Normal termination of Gaussian 09 at Fri Feb 17 15:03:22 2017.
