 Entering Gaussian System, Link 0=g09
 AtFile(1): H.gbs
            H     0
            S   10   1.00
               1000.000000000000            0.000068713567
                316.227766000000            0.000169141320
                100.000000000000            0.000823394812
                 31.622776600000            0.003425569236
                 10.000000000000            0.013951996000
                  3.162277660000            0.056909313560
                  1.000000000000            0.198286399900
                  0.316227766000            0.496922426700
                  0.100000000000            0.369846276400
                  0.031622776600            0.003752720039
            ****
 Initial command:
 /projects/guscus/apps/gau/g09-e1/g09/l1.exe "/users/lcj1/gaussian/h12/rhfstability/rect/guessfrommix/alpha15/Gau-4960.inp" -scrdir="/users/lcj1/gaussian/h12/rhfstability/rect/guessfrommix/alpha15/"
 Entering Link 1 = /projects/guscus/apps/gau/g09-e1/g09/l1.exe PID=      4961.
  
 Copyright (c) 1988,1990,1992,1993,1995,1998,2003,2009,2015,
            Gaussian, Inc.  All Rights Reserved.
  
 This is part of the Gaussian(R) 09 program.  It is based on
 the Gaussian(R) 03 system (copyright 2003, Gaussian, Inc.),
 the Gaussian(R) 98 system (copyright 1998, Gaussian, Inc.),
 the Gaussian(R) 94 system (copyright 1995, Gaussian, Inc.),
 the Gaussian 92(TM) system (copyright 1992, Gaussian, Inc.),
 the Gaussian 90(TM) system (copyright 1990, Gaussian, Inc.),
 the Gaussian 88(TM) system (copyright 1988, Gaussian, Inc.),
 the Gaussian 86(TM) system (copyright 1986, Carnegie Mellon
 University), and the Gaussian 82(TM) system (copyright 1983,
 Carnegie Mellon University). Gaussian is a federally registered
 trademark of Gaussian, Inc.
  
 This software contains proprietary and confidential information,
 including trade secrets, belonging to Gaussian, Inc.
  
 This software is provided under written license and may be
 used, copied, transmitted, or stored only in accord with that
 written license.
  
 The following legend is applicable only to US Government
 contracts under FAR:
  
                    RESTRICTED RIGHTS LEGEND
  
 Use, reproduction and disclosure by the US Government is
 subject to restrictions as set forth in subparagraphs (a)
 and (c) of the Commercial Computer Software - Restricted
 Rights clause in FAR 52.227-19.
  
 Gaussian, Inc.
 340 Quinnipiac St., Bldg. 40, Wallingford CT 06492
  
  
 ---------------------------------------------------------------
 Warning -- This program may not be used in any manner that
 competes with the business of Gaussian, Inc. or will provide
 assistance to any competitor of Gaussian, Inc.  The licensee
 of this program is prohibited from giving any competitor of
 Gaussian, Inc. access to this program.  By using this program,
 the user acknowledges that Gaussian, Inc. is engaged in the
 business of creating and licensing software in the field of
 computational chemistry and represents and warrants to the
 licensee that it is not a competitor of Gaussian, Inc. and that
 it will not use this program in any manner prohibited above.
 ---------------------------------------------------------------
  

 Cite this work as:
 Gaussian 09, Revision E.01,
 M. J. Frisch, G. W. Trucks, H. B. Schlegel, G. E. Scuseria, 
 M. A. Robb, J. R. Cheeseman, G. Scalmani, V. Barone, B. Mennucci, 
 G. A. Petersson, H. Nakatsuji, M. Caricato, X. Li, H. P. Hratchian, 
 A. F. Izmaylov, J. Bloino, G. Zheng, J. L. Sonnenberg, M. Hada, 
 M. Ehara, K. Toyota, R. Fukuda, J. Hasegawa, M. Ishida, T. Nakajima, 
 Y. Honda, O. Kitao, H. Nakai, T. Vreven, J. A. Montgomery, Jr., 
 J. E. Peralta, F. Ogliaro, M. Bearpark, J. J. Heyd, E. Brothers, 
 K. N. Kudin, V. N. Staroverov, T. Keith, R. Kobayashi, J. Normand, 
 K. Raghavachari, A. Rendell, J. C. Burant, S. S. Iyengar, J. Tomasi, 
 M. Cossi, N. Rega, J. M. Millam, M. Klene, J. E. Knox, J. B. Cross, 
 V. Bakken, C. Adamo, J. Jaramillo, R. Gomperts, R. E. Stratmann, 
 O. Yazyev, A. J. Austin, R. Cammi, C. Pomelli, J. W. Ochterski, 
 R. L. Martin, K. Morokuma, V. G. Zakrzewski, G. A. Voth, 
 P. Salvador, J. J. Dannenberg, S. Dapprich, A. D. Daniels, 
 O. Farkas, J. B. Foresman, J. V. Ortiz, J. Cioslowski, 
 and D. J. Fox, Gaussian, Inc., Wallingford CT, 2013.
 
 ******************************************
 Gaussian 09:  ES64L-G09RevE.01 30-Nov-2015
                16-Feb-2017 
 ******************************************
 %chk=h12.chk
 ----------------------------------------------------------------------
 #rhf/gen scf(symm,tight,novaracc,noincfock,fulldiag) stable(crhf) gues
 s=read geom=nocrowd test
 ----------------------------------------------------------------------
 1/38=1/1;
 2/12=1,17=6,18=5,40=1/2;
 3/5=7,16=1,25=1,30=1,116=1/1,2,3;
 4/5=1,9=4/1;
 5/5=100002,15=2,16=1,32=2,38=6/2;
 8/6=1,10=90,11=11/1,4;
 9/8=4,13=1/2;
 6/7=2,8=2,9=2,10=2,28=1/1;
 99/5=1,9=1/99;
 ----------------------------------------------------------------------
 hf stability analysis of h12 triangular lattice, y= 1.2263967642726714
 ----------------------------------------------------------------------
 Symbolic Z-matrix:
 Charge =  0 Multiplicity = 1
 H
 H                    1     1.31365 
 H                    1     1.31365  2     42. 
 H                    2     1.31365  1     138.     3     0.       0
 H                    2     1.31365  1     180.     3     0.       0
 H                    4     1.31365  3     180.     5     0.       0
 H                    6     1.31365  5     180.     3     0.       0
 H                    4     1.31365  2     180.     3     0.       0
 H                    3     1.31365  1     180.     4     0.       0
 H                    9     1.31365  3     180.     4     0.       0
 H                    8     1.31365  4     180.     3     0.       0
 H                    7     1.31365  6     180.     3     0.       0
 
                          Input orientation:                          
 ---------------------------------------------------------------------
 Center     Atomic      Atomic             Coordinates (Angstroms)
 Number     Number       Type             X           Y           Z
 ---------------------------------------------------------------------
      1          1           0        0.000000    0.000000    0.000000
      2          1           0        0.000000    0.000000    1.313649
      3          1           0        0.879003    0.000000    0.976231
      4          1           0        0.879003    0.000000    2.289880
      5          1           0        0.000000    0.000000    2.627297
      6          1           0        0.879003    0.000000    3.603529
      7          1           0        1.758005    0.000000    4.579760
      8          1           0        1.758005    0.000000    3.266111
      9          1           0        1.758005    0.000000    1.952463
     10          1           0        2.637008    0.000000    2.928694
     11          1           0        2.637008    0.000000    4.242343
     12          1           0        2.637008    0.000000    5.555991
 ---------------------------------------------------------------------
                    Distance matrix (angstroms):
                    1          2          3          4          5
     1  H    0.000000
     2  H    1.313649   0.000000
     3  H    1.313649   0.941539   0.000000
     4  H    2.452793   1.313649   1.313649   0.000000
     5  H    2.627297   1.313649   1.870472   0.941539   0.000000
     6  H    3.709187   2.452793   2.627297   1.313649   1.313649
     7  H    4.905587   3.709187   3.709187   2.452793   2.627297
     8  H    3.709187   2.627297   2.452793   1.313649   1.870472
     9  H    2.627297   1.870472   1.313649   0.941539   1.883078
    10  H    3.940946   3.092278   2.627297   1.870472   2.654176
    11  H    4.995126   3.940946   3.709187   2.627297   3.092278
    12  H    6.150028   4.995126   4.905587   3.709187   3.940946
                    6          7          8          9         10
     6  H    0.000000
     7  H    1.313649   0.000000
     8  H    0.941539   1.313649   0.000000
     9  H    1.870472   2.627297   1.313649   0.000000
    10  H    1.883078   1.870472   0.941539   1.313649   0.000000
    11  H    1.870472   0.941539   1.313649   2.452793   1.313649
    12  H    2.627297   1.313649   2.452793   3.709187   2.627297
                   11         12
    11  H    0.000000
    12  H    1.313649   0.000000
 Stoichiometry    H12
 Framework group  C2H[SGH(H12)]
 Deg. of freedom    11
 Full point group                 C2H     NOp   4
 Largest Abelian subgroup         C2H     NOp   4
 Largest concise Abelian subgroup C2      NOp   2
                         Standard orientation:                         
 ---------------------------------------------------------------------
 Center     Atomic      Atomic             Coordinates (Angstroms)
 Number     Number       Type             X           Y           Z
 ---------------------------------------------------------------------
      1          1           0        0.879003    2.946704    0.000000
      2          1           0        0.000000    1.970473   -0.000000
      3          1           0        0.879003    1.633056    0.000000
      4          1           0        0.000000    0.656824   -0.000000
      5          1           0       -0.879003    0.994242   -0.000000
      6          1           0       -0.879003   -0.319407   -0.000000
      7          1           0       -0.879003   -1.633056    0.000000
      8          1           0       -0.000000   -0.656824   -0.000000
      9          1           0        0.879003    0.319407   -0.000000
     10          1           0        0.879003   -0.994242   -0.000000
     11          1           0       -0.000000   -1.970473   -0.000000
     12          1           0       -0.879003   -2.946704    0.000000
 ---------------------------------------------------------------------
 Rotational constants (GHZ):    110.1222040     14.2714849     12.6341408
 General basis read from cards:  (5D, 7F)
 There are     6 symmetry adapted cartesian basis functions of AG  symmetry.
 There are     0 symmetry adapted cartesian basis functions of BG  symmetry.
 There are     0 symmetry adapted cartesian basis functions of AU  symmetry.
 There are     6 symmetry adapted cartesian basis functions of BU  symmetry.
 There are     6 symmetry adapted basis functions of AG  symmetry.
 There are     0 symmetry adapted basis functions of BG  symmetry.
 There are     0 symmetry adapted basis functions of AU  symmetry.
 There are     6 symmetry adapted basis functions of BU  symmetry.
    12 basis functions,   120 primitive gaussians,    12 cartesian basis functions
     6 alpha electrons        6 beta electrons
       nuclear repulsion energy        18.5281423888 Hartrees.
 NAtoms=   12 NActive=   12 NUniq=    6 SFac= 4.00D+00 NAtFMM=   60 NAOKFM=F Big=F
 Integral buffers will be    131072 words long.
 Regular integral format.
 Two-electron integral symmetry is turned on.
 One-electron integrals computed using PRISM.
 NBasis=    12 RedAO= T EigKep=  1.60D-01  NBF=     6     0     0     6
 NBsUse=    12 1.00D-06 EigRej= -1.00D+00 NBFU=     6     0     0     6
 Initial guess from the checkpoint file:  "h12.chk"
 B after Tr=    -0.000000    0.000000    0.000000
         Rot=    0.962995    0.000000    0.000000   -0.269519 Ang= -31.27 deg.
 Initial guess orbital symmetries:
       Occupied  (AG) (BU) (AG) (BU) (BU) (AG)
       Virtual   (BU) (AG) (BU) (AG) (AG) (BU)
 Keep R1 ints in memory in symmetry-blocked form, NReq=901152.
 Requested convergence on RMS density matrix=1.00D-08 within 128 cycles.
 Requested convergence on MAX density matrix=1.00D-06.
 Requested convergence on             energy=1.00D-06.
 No special actions if energy rises.
 SCF Done:  E(RHF) =  -5.92564518909     A.U. after   13 cycles
            NFock= 13  Conv=0.29D-08     -V/T= 1.9732
 Range of M.O.s used for correlation:     1    12
 NBasis=    12 NAE=     6 NBE=     6 NFC=     0 NFV=     0
 NROrb=     12 NOA=     6 NOB=     6 NVA=     6 NVB=     6
 Semi-Direct transformation.
 ModeAB=           4 MOrb=             6 LenV=     134087475
 LASXX=         2181 LTotXX=        2181 LenRXX=        5115
 LTotAB=        2934 MaxLAS=        3024 LenRXY=           0
 NonZer=        7296 LenScr=      655360 LnRSAI=        3024
 LnScr1=      655360 LExtra=           0 Total=      1318859
 MaxDsk=          -1 SrtSym=           T ITran=            3
 JobTyp=0 Pass  1:  I=   1 to   6.
 (rs|ai) integrals will be sorted in core.
 Spin components of T(2) and E(2):
     alpha-alpha T2 =       0.3877654755D-02 E2=     -0.5795440503D-02
     alpha-beta  T2 =       0.6685354788D-01 E2=     -0.9847108022D-01
     beta-beta   T2 =       0.3877654755D-02 E2=     -0.5795440503D-02
 ANorm=    0.1036633425D+01
 E2 =    -0.1100619612D+00 EUMP2 =    -0.60357071503116D+01
 Second order stability test of a single determinant RHF wave function:
 Stabil:  MDV=134217728
 ***********************************************************************
 Matrix         Lowest Root    Major Pairs
 ***********************************************************************
 Internal RHF     0.1230067    Stable
 RRHF --> CRHF    0.1045184    Stable
 RRHF --> RUHF   -0.0032973    5A=7B 3A=8B 4A=7B 2A=7B 6A=9B
 Not stable.
 ***********************************************************************

 **********************************************************************

            Population analysis using the SCF density.

 **********************************************************************

 Orbital symmetries:
       Occupied  (AG) (BU) (AG) (BU) (BU) (AG)
       Virtual   (AG) (BU) (BU) (AG) (AG) (BU)
 The electronic state is 1-AG.
 Alpha  occ. eigenvalues --   -0.88102  -0.76479  -0.59137  -0.48992  -0.38985
 Alpha  occ. eigenvalues --   -0.27783
 Alpha virt. eigenvalues --    0.05305   0.16973   0.29845   0.35830   0.54495
 Alpha virt. eigenvalues --    0.66816
          Condensed to atoms (all electrons):
               1          2          3          4          5          6
     1  H    0.695573   0.151039   0.181357  -0.066510  -0.033038   0.005787
     2  H    0.151039   0.784986  -0.020029  -0.053797   0.259847  -0.030787
     3  H    0.181357  -0.020029   0.746481  -0.012962  -0.162236   0.005421
     4  H   -0.066510  -0.053797  -0.012962   0.871093   0.234855  -0.059510
     5  H   -0.033038   0.259847  -0.162236   0.234855   1.137818  -0.110141
     6  H    0.005787  -0.030787   0.005421  -0.059510  -0.110141   1.128042
     7  H    0.000343  -0.004136   0.005248  -0.008200  -0.031200   0.221140
     8  H    0.005844  -0.009320  -0.008200  -0.133518  -0.062301   0.325246
     9  H   -0.031220  -0.157685   0.221140   0.325246  -0.162976  -0.051092
    10  H    0.000367   0.017913  -0.031200  -0.062301   0.024695  -0.162976
    11  H   -0.000207   0.004950  -0.004136  -0.009320   0.017913  -0.157685
    12  H   -0.000083  -0.000207   0.000343   0.005844   0.000367  -0.031220
               7          8          9         10         11         12
     1  H    0.000343   0.005844  -0.031220   0.000367  -0.000207  -0.000083
     2  H   -0.004136  -0.009320  -0.157685   0.017913   0.004950  -0.000207
     3  H    0.005248  -0.008200   0.221140  -0.031200  -0.004136   0.000343
     4  H   -0.008200  -0.133518   0.325246  -0.062301  -0.009320   0.005844
     5  H   -0.031200  -0.062301  -0.162976   0.024695   0.017913   0.000367
     6  H    0.221140   0.325246  -0.051092  -0.162976  -0.157685  -0.031220
     7  H    0.746481  -0.012962   0.005421  -0.162236  -0.020029   0.181357
     8  H   -0.012962   0.871093  -0.059510   0.234855  -0.053797  -0.066510
     9  H    0.005421  -0.059510   1.128042  -0.110141  -0.030787   0.005787
    10  H   -0.162236   0.234855  -0.110141   1.137818   0.259847  -0.033038
    11  H   -0.020029  -0.053797  -0.030787   0.259847   0.784986   0.151039
    12  H    0.181357  -0.066510   0.005787  -0.033038   0.151039   0.695573
 Mulliken charges:
               1
     1  H    0.090749
     2  H    0.057226
     3  H    0.078773
     4  H   -0.030919
     5  H   -0.113603
     6  H   -0.082225
     7  H    0.078773
     8  H   -0.030919
     9  H   -0.082225
    10  H   -0.113603
    11  H    0.057226
    12  H    0.090749
 Sum of Mulliken charges =  -0.00000
 Mulliken charges with hydrogens summed into heavy atoms:
               1
 Electronic spatial extent (au):  <R**2>=            173.0450
 Charge=             -0.0000 electrons
 Dipole moment (field-independent basis, Debye):
    X=             -0.0000    Y=             -0.0000    Z=              0.0000  Tot=              0.0000
 Quadrupole moment (field-independent basis, Debye-Ang):
   XX=            -18.2426   YY=             -8.3706   ZZ=            -15.4969
   XY=              4.4130   XZ=              0.0000   YZ=             -0.0000
 Traceless Quadrupole moment (field-independent basis, Debye-Ang):
   XX=             -4.2059   YY=              5.6661   ZZ=             -1.4602
   XY=              4.4130   XZ=              0.0000   YZ=             -0.0000
 Octapole moment (field-independent basis, Debye-Ang**2):
  XXX=              0.0000  YYY=             -0.0000  ZZZ=              0.0000  XYY=             -0.0000
  XXY=             -0.0000  XXZ=              0.0000  XZZ=              0.0000  YZZ=             -0.0000
  YYZ=              0.0000  XYZ=             -0.0000
 Hexadecapole moment (field-independent basis, Debye-Ang**3):
 XXXX=            -75.8090 YYYY=           -200.3069 ZZZZ=            -18.6201 XXXY=            -22.9239
 XXXZ=              0.0000 YYYX=              6.2176 YYYZ=             -0.0000 ZZZX=              0.0000
 ZZZY=              0.0000 XXYY=            -55.8163 XXZZ=            -15.4775 YYZZ=            -50.3063
 XXYZ=              0.0000 YYXZ=              0.0000 ZZXY=             -8.3219
 N-N= 1.852814238875D+01 E-N=-4.820662501233D+01  KE= 6.088624975176D+00
 Symmetry AG   KE= 2.980052100709D+00
 Symmetry BG   KE= 0.000000000000D+00
 Symmetry AU   KE= 0.000000000000D+00
 Symmetry BU   KE= 3.108572874468D+00

 Test job not archived.
 1\1\GINC-SULU\Stability\RHF\Gen\H12\LCJ1\16-Feb-2017\0\\#rhf/gen scf(s
 ymm,tight,novaracc,noincfock,fulldiag) stable(crhf) guess=read geom=no
 crowd test\\hf stability analysis of h12 triangular lattice, y= 1.2263
 967642726714\\0,1\H\H,1,1.3136487374\H,1,1.3136487374,2,42.\H,2,1.3136
 487374,1,138.,3,0.,0\H,2,1.3136487374,1,180.,3,0.,0\H,4,1.3136487374,3
 ,180.,5,0.,0\H,6,1.3136487374,5,180.,3,0.,0\H,4,1.3136487374,2,180.,3,
 0.,0\H,3,1.3136487374,1,180.,4,0.,0\H,9,1.3136487374,3,180.,4,0.,0\H,8
 ,1.3136487374,4,180.,3,0.,0\H,7,1.3136487374,6,180.,3,0.,0\\Version=ES
 64L-G09RevE.01\State=1-AG\HF=-5.9256452\MP2=-6.0357072\RMSD=2.857e-09\
 Dipole=0.,0.,0.\Quadrupole=-3.1037721,-1.0856104,4.1893825,0.,3.306735
 7,0.\PG=C02H [SGH(H12)]\\@


 IT IS A PROFOUNDLY ERRONEOUS TRUISM ... THAT WE SHOULD CULTIVATE
 THE HABIT OF THINKING OF WHAT WE ARE DOING.
 THE PRECISE OPPOSITE IS THE CASE.
 CIVILIZATION ADVANCES BY EXTENDING THE NUMBER OF IMPORTANT OPERATIONS
 WHICH WE CAN PERFORM WITHOUT THINKING ABOUT THEM.

                                    -- ALFRED NORTH WHITEHEAD
 Job cpu time:       0 days  0 hours  0 minutes  1.0 seconds.
 File lengths (MBytes):  RWF=     84 Int=      0 D2E=      0 Chk=      2 Scr=      2
 Normal termination of Gaussian 09 at Thu Feb 16 18:53:43 2017.
