 Entering Gaussian System, Link 0=g09
 AtFile(1): H.gbs
            H     0
            S   10   1.00
               1000.000000000000            0.000068713567
                316.227766000000            0.000169141320
                100.000000000000            0.000823394812
                 31.622776600000            0.003425569236
                 10.000000000000            0.013951996000
                  3.162277660000            0.056909313560
                  1.000000000000            0.198286399900
                  0.316227766000            0.496922426700
                  0.100000000000            0.369846276400
                  0.031622776600            0.003752720039
            ****
 Initial command:
 /projects/guscus/apps/gau/g09-e1/g09/l1.exe "/users/lcj1/gaussian/h12/rhfstability/rect/guess/ag3bu3/Gau-10022.inp" -scrdir="/users/lcj1/gaussian/h12/rhfstability/rect/guess/ag3bu3/"
 Entering Link 1 = /projects/guscus/apps/gau/g09-e1/g09/l1.exe PID=     10025.
  
 Copyright (c) 1988,1990,1992,1993,1995,1998,2003,2009,2015,
            Gaussian, Inc.  All Rights Reserved.
  
 This is part of the Gaussian(R) 09 program.  It is based on
 the Gaussian(R) 03 system (copyright 2003, Gaussian, Inc.),
 the Gaussian(R) 98 system (copyright 1998, Gaussian, Inc.),
 the Gaussian(R) 94 system (copyright 1995, Gaussian, Inc.),
 the Gaussian 92(TM) system (copyright 1992, Gaussian, Inc.),
 the Gaussian 90(TM) system (copyright 1990, Gaussian, Inc.),
 the Gaussian 88(TM) system (copyright 1988, Gaussian, Inc.),
 the Gaussian 86(TM) system (copyright 1986, Carnegie Mellon
 University), and the Gaussian 82(TM) system (copyright 1983,
 Carnegie Mellon University). Gaussian is a federally registered
 trademark of Gaussian, Inc.
  
 This software contains proprietary and confidential information,
 including trade secrets, belonging to Gaussian, Inc.
  
 This software is provided under written license and may be
 used, copied, transmitted, or stored only in accord with that
 written license.
  
 The following legend is applicable only to US Government
 contracts under FAR:
  
                    RESTRICTED RIGHTS LEGEND
  
 Use, reproduction and disclosure by the US Government is
 subject to restrictions as set forth in subparagraphs (a)
 and (c) of the Commercial Computer Software - Restricted
 Rights clause in FAR 52.227-19.
  
 Gaussian, Inc.
 340 Quinnipiac St., Bldg. 40, Wallingford CT 06492
  
  
 ---------------------------------------------------------------
 Warning -- This program may not be used in any manner that
 competes with the business of Gaussian, Inc. or will provide
 assistance to any competitor of Gaussian, Inc.  The licensee
 of this program is prohibited from giving any competitor of
 Gaussian, Inc. access to this program.  By using this program,
 the user acknowledges that Gaussian, Inc. is engaged in the
 business of creating and licensing software in the field of
 computational chemistry and represents and warrants to the
 licensee that it is not a competitor of Gaussian, Inc. and that
 it will not use this program in any manner prohibited above.
 ---------------------------------------------------------------
  

 Cite this work as:
 Gaussian 09, Revision E.01,
 M. J. Frisch, G. W. Trucks, H. B. Schlegel, G. E. Scuseria, 
 M. A. Robb, J. R. Cheeseman, G. Scalmani, V. Barone, B. Mennucci, 
 G. A. Petersson, H. Nakatsuji, M. Caricato, X. Li, H. P. Hratchian, 
 A. F. Izmaylov, J. Bloino, G. Zheng, J. L. Sonnenberg, M. Hada, 
 M. Ehara, K. Toyota, R. Fukuda, J. Hasegawa, M. Ishida, T. Nakajima, 
 Y. Honda, O. Kitao, H. Nakai, T. Vreven, J. A. Montgomery, Jr., 
 J. E. Peralta, F. Ogliaro, M. Bearpark, J. J. Heyd, E. Brothers, 
 K. N. Kudin, V. N. Staroverov, T. Keith, R. Kobayashi, J. Normand, 
 K. Raghavachari, A. Rendell, J. C. Burant, S. S. Iyengar, J. Tomasi, 
 M. Cossi, N. Rega, J. M. Millam, M. Klene, J. E. Knox, J. B. Cross, 
 V. Bakken, C. Adamo, J. Jaramillo, R. Gomperts, R. E. Stratmann, 
 O. Yazyev, A. J. Austin, R. Cammi, C. Pomelli, J. W. Ochterski, 
 R. L. Martin, K. Morokuma, V. G. Zakrzewski, G. A. Voth, 
 P. Salvador, J. J. Dannenberg, S. Dapprich, A. D. Daniels, 
 O. Farkas, J. B. Foresman, J. V. Ortiz, J. Cioslowski, 
 and D. J. Fox, Gaussian, Inc., Wallingford CT, 2013.
 
 ******************************************
 Gaussian 09:  ES64L-G09RevE.01 30-Nov-2015
                17-Feb-2017 
 ******************************************
 %chk=h12.chk
 ----------------------------------------------------------------------
 #rhf/gen scf(symm,tight,novaracc,noincfock,fulldiag) stable(crhf) gues
 s=read geom=nocrowd test
 ----------------------------------------------------------------------
 1/38=1/1;
 2/12=1,17=6,18=5,40=1/2;
 3/5=7,16=1,25=1,30=1,116=1/1,2,3;
 4/5=1,9=4/1;
 5/5=100002,15=2,16=1,32=2,38=6/2;
 8/6=1,10=90,11=11/1,4;
 9/8=4,13=1/2;
 6/7=2,8=2,9=2,10=2,28=1/1;
 99/5=1,9=1/99;
 ----------------------------------------------------------------------
 hf stability analysis of h12 triangular lattice, y= 1.4074087190092159
 ----------------------------------------------------------------------
 Symbolic Z-matrix:
 Charge =  0 Multiplicity = 1
 H
 H                    1     1.46597 
 H                    1     1.46597  2     32.5 
 H                    2     1.46597  1     147.5    3     0.       0
 H                    2     1.46597  1     180.     3     0.       0
 H                    4     1.46597  3     180.     5     0.       0
 H                    6     1.46597  5     180.     3     0.       0
 H                    4     1.46597  2     180.     3     0.       0
 H                    3     1.46597  1     180.     4     0.       0
 H                    9     1.46597  3     180.     4     0.       0
 H                    8     1.46597  4     180.     3     0.       0
 H                    7     1.46597  6     180.     3     0.       0
 
                          Input orientation:                          
 ---------------------------------------------------------------------
 Center     Atomic      Atomic             Coordinates (Angstroms)
 Number     Number       Type             X           Y           Z
 ---------------------------------------------------------------------
      1          1           0        0.000000    0.000000    0.000000
      2          1           0        0.000000    0.000000    1.465975
      3          1           0        0.787668    0.000000    1.236390
      4          1           0        0.787668    0.000000    2.702365
      5          1           0        0.000000    0.000000    2.931949
      6          1           0        0.787668    0.000000    4.168340
      7          1           0        1.575335    0.000000    5.404730
      8          1           0        1.575335    0.000000    3.938755
      9          1           0        1.575335    0.000000    2.472781
     10          1           0        2.363003    0.000000    3.709171
     11          1           0        2.363003    0.000000    5.175146
     12          1           0        2.363003    0.000000    6.641121
 ---------------------------------------------------------------------
                    Distance matrix (angstroms):
                    1          2          3          4          5
     1  H    0.000000
     2  H    1.465975   0.000000
     3  H    1.465975   0.820444   0.000000
     4  H    2.814817   1.465975   1.465975   0.000000
     5  H    2.931949   1.465975   1.869583   0.820444   0.000000
     6  H    4.242107   2.814817   2.931949   1.465975   1.465975
     7  H    5.629635   4.242107   4.242107   2.814817   2.931949
     8  H    4.242107   2.931949   2.814817   1.465975   1.869583
     9  H    2.931949   1.869583   1.465975   0.820444   1.640889
    10  H    4.397924   3.258176   2.931949   1.869583   2.487540
    11  H    5.689105   4.397924   4.242107   2.931949   3.258176
    12  H    7.048990   5.689105   5.629635   4.242107   4.397924
                    6          7          8          9         10
     6  H    0.000000
     7  H    1.465975   0.000000
     8  H    0.820444   1.465975   0.000000
     9  H    1.869583   2.931949   1.465975   0.000000
    10  H    1.640889   1.869583   0.820444   1.465975   0.000000
    11  H    1.869583   0.820444   1.465975   2.814817   1.465975
    12  H    2.931949   1.465975   2.814817   4.242107   2.931949
                   11         12
    11  H    0.000000
    12  H    1.465975   0.000000
 Stoichiometry    H12
 Framework group  C2H[SGH(H12)]
 Deg. of freedom    11
 Full point group                 C2H     NOp   4
 Largest Abelian subgroup         C2H     NOp   4
 Largest concise Abelian subgroup C2      NOp   2
                         Standard orientation:                         
 ---------------------------------------------------------------------
 Center     Atomic      Atomic             Coordinates (Angstroms)
 Number     Number       Type             X           Y           Z
 ---------------------------------------------------------------------
      1          1           0        0.787668    3.435352   -0.000000
      2          1           0        0.000000    2.198962   -0.000000
      3          1           0        0.787668    1.969378   -0.000000
      4          1           0        0.000000    0.732987   -0.000000
      5          1           0       -0.787668    0.962571   -0.000000
      6          1           0       -0.787668   -0.503403    0.000000
      7          1           0       -0.787668   -1.969378   -0.000000
      8          1           0       -0.000000   -0.732987   -0.000000
      9          1           0        0.787668    0.503403    0.000000
     10          1           0        0.787668   -0.962571   -0.000000
     11          1           0       -0.000000   -2.198962   -0.000000
     12          1           0       -0.787668   -3.435352   -0.000000
 ---------------------------------------------------------------------
 Rotational constants (GHZ):    144.0008506     10.9138748     10.1449830
 General basis read from cards:  (5D, 7F)
 There are     6 symmetry adapted cartesian basis functions of AG  symmetry.
 There are     0 symmetry adapted cartesian basis functions of BG  symmetry.
 There are     0 symmetry adapted cartesian basis functions of AU  symmetry.
 There are     6 symmetry adapted cartesian basis functions of BU  symmetry.
 There are     6 symmetry adapted basis functions of AG  symmetry.
 There are     0 symmetry adapted basis functions of BG  symmetry.
 There are     0 symmetry adapted basis functions of AU  symmetry.
 There are     6 symmetry adapted basis functions of BU  symmetry.
    12 basis functions,   120 primitive gaussians,    12 cartesian basis functions
     6 alpha electrons        6 beta electrons
       nuclear repulsion energy        17.7864680100 Hartrees.
 NAtoms=   12 NActive=   12 NUniq=    6 SFac= 4.00D+00 NAtFMM=   60 NAOKFM=F Big=F
 Integral buffers will be    131072 words long.
 Regular integral format.
 Two-electron integral symmetry is turned on.
 One-electron integrals computed using PRISM.
 NBasis=    12 RedAO= T EigKep=  1.23D-01  NBF=     6     0     0     6
 NBsUse=    12 1.00D-06 EigRej= -1.00D+00 NBFU=     6     0     0     6
 Initial guess from the checkpoint file:  "h12.chk"
 B after Tr=    -0.000000    0.000000   -0.000000
         Rot=    0.960987    0.000000    0.000000   -0.276593 Ang= -32.11 deg.
 Initial guess orbital symmetries:
       Occupied  (AG) (BU) (AG) (BU) (BU) (AG)
       Virtual   (BU) (AG) (BU) (AG) (AG) (BU)
 Keep R1 ints in memory in symmetry-blocked form, NReq=898772.
 Requested convergence on RMS density matrix=1.00D-08 within 128 cycles.
 Requested convergence on MAX density matrix=1.00D-06.
 Requested convergence on             energy=1.00D-06.
 No special actions if energy rises.
 SCF Done:  E(RHF) =  -5.76173865554     A.U. after   14 cycles
            NFock= 14  Conv=0.99D-08     -V/T= 1.9084
 Range of M.O.s used for correlation:     1    12
 NBasis=    12 NAE=     6 NBE=     6 NFC=     0 NFV=     0
 NROrb=     12 NOA=     6 NOB=     6 NVA=     6 NVB=     6
 Semi-Direct transformation.
 ModeAB=           4 MOrb=             6 LenV=     134088987
 LASXX=         2181 LTotXX=        2181 LenRXX=        5115
 LTotAB=        2934 MaxLAS=        3024 LenRXY=           0
 NonZer=        7296 LenScr=      655360 LnRSAI=        3024
 LnScr1=      655360 LExtra=           0 Total=      1318859
 MaxDsk=          -1 SrtSym=           T ITran=            3
 JobTyp=0 Pass  1:  I=   1 to   6.
 (rs|ai) integrals will be sorted in core.
 Spin components of T(2) and E(2):
     alpha-alpha T2 =       0.4949295157D-02 E2=     -0.5727303101D-02
     alpha-beta  T2 =       0.2663725300D+00 E2=     -0.1575227306D+00
     beta-beta   T2 =       0.4949295157D-02 E2=     -0.5727303101D-02
 ANorm=    0.1129721700D+01
 E2 =    -0.1689773368D+00 EUMP2 =    -0.59307159922980D+01
 Second order stability test of a single determinant RHF wave function:
 Stabil:  MDV=134217728
 ***********************************************************************
 Matrix         Lowest Root    Major Pairs
 ***********************************************************************
 Internal RHF     0.0494142    Stable
 RRHF --> CRHF   -0.0191642    6A=8A
 RRHF --> RUHF   -0.2807881    6A=7B 5A=8B 4A=8B 3A=7B
 Not stable.
 ***********************************************************************

 **********************************************************************

            Population analysis using the SCF density.

 **********************************************************************

 Orbital symmetries:
       Occupied  (AG) (BU) (AG) (BU) (BU) (AG)
       Virtual   (BU) (AG) (BU) (AG) (AG) (BU)
 The electronic state is 1-AG.
 Alpha  occ. eigenvalues --   -0.85470  -0.74634  -0.61221  -0.49129  -0.39505
 Alpha  occ. eigenvalues --   -0.17781
 Alpha virt. eigenvalues --   -0.01302  -0.00689   0.37137   0.44539   0.61374
 Alpha virt. eigenvalues --    0.84418
          Condensed to atoms (all electrons):
               1          2          3          4          5          6
     1  H    0.943970   0.141691  -0.126071  -0.019297   0.032318  -0.001050
     2  H    0.141691   0.579306   0.330803  -0.086745  -0.029939   0.008403
     3  H   -0.126071   0.330803   0.951531  -0.076892  -0.183277   0.006497
     4  H   -0.019297  -0.086745  -0.076892   0.914027   0.358515  -0.074815
     5  H    0.032318  -0.029939  -0.183277   0.358515   1.094997   0.041566
     6  H   -0.001050   0.008403   0.006497  -0.074815   0.041566   0.963151
     7  H   -0.000391   0.000442   0.003670  -0.004150  -0.019055   0.149800
     8  H    0.001926   0.002493  -0.004150  -0.125580  -0.040184   0.276923
     9  H   -0.043637  -0.058425   0.149800   0.276923  -0.185423  -0.120842
    10  H    0.003424  -0.002013  -0.019055  -0.040184  -0.011012  -0.185423
    11  H   -0.000044  -0.000034   0.000442   0.002493  -0.002013  -0.058425
    12  H    0.000033  -0.000044  -0.000391   0.001926   0.003424  -0.043637
               7          8          9         10         11         12
     1  H   -0.000391   0.001926  -0.043637   0.003424  -0.000044   0.000033
     2  H    0.000442   0.002493  -0.058425  -0.002013  -0.000034  -0.000044
     3  H    0.003670  -0.004150   0.149800  -0.019055   0.000442  -0.000391
     4  H   -0.004150  -0.125580   0.276923  -0.040184   0.002493   0.001926
     5  H   -0.019055  -0.040184  -0.185423  -0.011012  -0.002013   0.003424
     6  H    0.149800   0.276923  -0.120842  -0.185423  -0.058425  -0.043637
     7  H    0.951531  -0.076892   0.006497  -0.183277   0.330803  -0.126071
     8  H   -0.076892   0.914027  -0.074815   0.358515  -0.086745  -0.019297
     9  H    0.006497  -0.074815   0.963151   0.041566   0.008403  -0.001050
    10  H   -0.183277   0.358515   0.041566   1.094997  -0.029939   0.032318
    11  H    0.330803  -0.086745   0.008403  -0.029939   0.579306   0.141691
    12  H   -0.126071  -0.019297  -0.001050   0.032318   0.141691   0.943970
 Mulliken charges:
               1
     1  H    0.067128
     2  H    0.114062
     3  H   -0.032908
     4  H   -0.126221
     5  H   -0.059915
     6  H    0.037854
     7  H   -0.032908
     8  H   -0.126221
     9  H    0.037854
    10  H   -0.059915
    11  H    0.114062
    12  H    0.067128
 Sum of Mulliken charges =  -0.00000
 Mulliken charges with hydrogens summed into heavy atoms:
               1
 Electronic spatial extent (au):  <R**2>=            207.2220
 Charge=             -0.0000 electrons
 Dipole moment (field-independent basis, Debye):
    X=              0.0000    Y=             -0.0000    Z=             -0.0000  Tot=              0.0000
 Quadrupole moment (field-independent basis, Debye-Ang):
   XX=            -17.0755   YY=             -8.9080   ZZ=            -15.3203
   XY=              1.1466   XZ=             -0.0000   YZ=              0.0000
 Traceless Quadrupole moment (field-independent basis, Debye-Ang):
   XX=             -3.3076   YY=              4.8600   ZZ=             -1.5524
   XY=              1.1466   XZ=             -0.0000   YZ=              0.0000
 Octapole moment (field-independent basis, Debye-Ang**2):
  XXX=              0.0000  YYY=              0.0000  ZZZ=              0.0000  XYY=              0.0000
  XXY=             -0.0000  XXZ=              0.0000  XZZ=              0.0000  YZZ=             -0.0000
  YYZ=              0.0000  XYZ=             -0.0000
 Hexadecapole moment (field-independent basis, Debye-Ang**3):
 XXXX=            -61.6834 YYYY=           -307.9599 ZZZZ=            -18.3364 XXXY=            -26.9208
 XXXZ=             -0.0000 YYYX=            -12.6436 YYYZ=             -0.0000 ZZZX=             -0.0000
 ZZZY=             -0.0000 XXYY=            -64.4618 XXZZ=            -13.2560 YYZZ=            -63.8453
 XXYZ=             -0.0000 YYXZ=             -0.0000 ZZXY=             -9.9323
 N-N= 1.778646800996D+01 E-N=-4.688463107656D+01  KE= 6.343019856650D+00
 Symmetry AG   KE= 3.085197066680D+00
 Symmetry BG   KE= 0.000000000000D+00
 Symmetry AU   KE= 0.000000000000D+00
 Symmetry BU   KE= 3.257822789970D+00

 Test job not archived.
 1\1\GINC-SULU\Stability\RHF\Gen\H12\LCJ1\17-Feb-2017\0\\#rhf/gen scf(s
 ymm,tight,novaracc,noincfock,fulldiag) stable(crhf) guess=read geom=no
 crowd test\\hf stability analysis of h12 triangular lattice, y= 1.4074
 087190092159\\0,1\H\H,1,1.4659746032\H,1,1.4659746032,2,32.5\H,2,1.465
 9746032,1,147.5,3,0.,0\H,2,1.4659746032,1,180.,3,0.,0\H,4,1.4659746032
 ,3,180.,5,0.,0\H,6,1.4659746032,5,180.,3,0.,0\H,4,1.4659746032,2,180.,
 3,0.,0\H,3,1.4659746032,1,180.,4,0.,0\H,9,1.4659746032,3,180.,4,0.,0\H
 ,8,1.4659746032,4,180.,3,0.,0\H,7,1.4659746032,6,180.,3,0.,0\\Version=
 ES64L-G09RevE.01\State=1-AG\HF=-5.7617387\MP2=-5.930716\RMSD=9.902e-09
 \Dipole=0.,0.,0.\Quadrupole=-1.4786877,-1.1541386,2.6328263,0.,2.39145
 12,0.\PG=C02H [SGH(H12)]\\@


 THE FIRST MORNING OF CREATION WROTE WHAT THE LAST DAWN OF
 RECKONING SHALL READ. -- OMAR KHAYYAM
 Job cpu time:       0 days  0 hours  0 minutes  1.0 seconds.
 File lengths (MBytes):  RWF=     84 Int=      0 D2E=      0 Chk=      2 Scr=      2
 Normal termination of Gaussian 09 at Fri Feb 17 15:07:39 2017.
