 Entering Gaussian System, Link 0=g09
 AtFile(1): H.gbs
            H     0
            S   10   1.00
               1000.000000000000            0.000068713567
                316.227766000000            0.000169141320
                100.000000000000            0.000823394812
                 31.622776600000            0.003425569236
                 10.000000000000            0.013951996000
                  3.162277660000            0.056909313560
                  1.000000000000            0.198286399900
                  0.316227766000            0.496922426700
                  0.100000000000            0.369846276400
                  0.031622776600            0.003752720039
            ****
 Initial command:
 /projects/guscus/apps/gau/g09-e1/g09/l1.exe "/users/lcj1/gaussian/h12/rhfstability/rect/guess/ag3bu3/Gau-26244.inp" -scrdir="/users/lcj1/gaussian/h12/rhfstability/rect/guess/ag3bu3/"
 Entering Link 1 = /projects/guscus/apps/gau/g09-e1/g09/l1.exe PID=     26245.
  
 Copyright (c) 1988,1990,1992,1993,1995,1998,2003,2009,2015,
            Gaussian, Inc.  All Rights Reserved.
  
 This is part of the Gaussian(R) 09 program.  It is based on
 the Gaussian(R) 03 system (copyright 2003, Gaussian, Inc.),
 the Gaussian(R) 98 system (copyright 1998, Gaussian, Inc.),
 the Gaussian(R) 94 system (copyright 1995, Gaussian, Inc.),
 the Gaussian 92(TM) system (copyright 1992, Gaussian, Inc.),
 the Gaussian 90(TM) system (copyright 1990, Gaussian, Inc.),
 the Gaussian 88(TM) system (copyright 1988, Gaussian, Inc.),
 the Gaussian 86(TM) system (copyright 1986, Carnegie Mellon
 University), and the Gaussian 82(TM) system (copyright 1983,
 Carnegie Mellon University). Gaussian is a federally registered
 trademark of Gaussian, Inc.
  
 This software contains proprietary and confidential information,
 including trade secrets, belonging to Gaussian, Inc.
  
 This software is provided under written license and may be
 used, copied, transmitted, or stored only in accord with that
 written license.
  
 The following legend is applicable only to US Government
 contracts under FAR:
  
                    RESTRICTED RIGHTS LEGEND
  
 Use, reproduction and disclosure by the US Government is
 subject to restrictions as set forth in subparagraphs (a)
 and (c) of the Commercial Computer Software - Restricted
 Rights clause in FAR 52.227-19.
  
 Gaussian, Inc.
 340 Quinnipiac St., Bldg. 40, Wallingford CT 06492
  
  
 ---------------------------------------------------------------
 Warning -- This program may not be used in any manner that
 competes with the business of Gaussian, Inc. or will provide
 assistance to any competitor of Gaussian, Inc.  The licensee
 of this program is prohibited from giving any competitor of
 Gaussian, Inc. access to this program.  By using this program,
 the user acknowledges that Gaussian, Inc. is engaged in the
 business of creating and licensing software in the field of
 computational chemistry and represents and warrants to the
 licensee that it is not a competitor of Gaussian, Inc. and that
 it will not use this program in any manner prohibited above.
 ---------------------------------------------------------------
  

 Cite this work as:
 Gaussian 09, Revision E.01,
 M. J. Frisch, G. W. Trucks, H. B. Schlegel, G. E. Scuseria, 
 M. A. Robb, J. R. Cheeseman, G. Scalmani, V. Barone, B. Mennucci, 
 G. A. Petersson, H. Nakatsuji, M. Caricato, X. Li, H. P. Hratchian, 
 A. F. Izmaylov, J. Bloino, G. Zheng, J. L. Sonnenberg, M. Hada, 
 M. Ehara, K. Toyota, R. Fukuda, J. Hasegawa, M. Ishida, T. Nakajima, 
 Y. Honda, O. Kitao, H. Nakai, T. Vreven, J. A. Montgomery, Jr., 
 J. E. Peralta, F. Ogliaro, M. Bearpark, J. J. Heyd, E. Brothers, 
 K. N. Kudin, V. N. Staroverov, T. Keith, R. Kobayashi, J. Normand, 
 K. Raghavachari, A. Rendell, J. C. Burant, S. S. Iyengar, J. Tomasi, 
 M. Cossi, N. Rega, J. M. Millam, M. Klene, J. E. Knox, J. B. Cross, 
 V. Bakken, C. Adamo, J. Jaramillo, R. Gomperts, R. E. Stratmann, 
 O. Yazyev, A. J. Austin, R. Cammi, C. Pomelli, J. W. Ochterski, 
 R. L. Martin, K. Morokuma, V. G. Zakrzewski, G. A. Voth, 
 P. Salvador, J. J. Dannenberg, S. Dapprich, A. D. Daniels, 
 O. Farkas, J. B. Foresman, J. V. Ortiz, J. Cioslowski, 
 and D. J. Fox, Gaussian, Inc., Wallingford CT, 2013.
 
 ******************************************
 Gaussian 09:  ES64L-G09RevE.01 30-Nov-2015
                17-Feb-2017 
 ******************************************
 %chk=h12.chk
 ----------------------------------------------------------------------
 #rhf/gen scf(symm,tight,novaracc,noincfock,fulldiag) stable(crhf) gues
 s=read geom=nocrowd test
 ----------------------------------------------------------------------
 1/38=1/1;
 2/12=1,17=6,18=5,40=1/2;
 3/5=7,16=1,25=1,30=1,116=1/1,2,3;
 4/5=1,9=4/1;
 5/5=100002,15=2,16=1,32=2,38=6/2;
 8/6=1,10=90,11=11/1,4;
 9/8=4,13=1/2;
 6/7=2,8=2,9=2,10=2,28=1/1;
 99/5=1,9=1/99;
 ----------------------------------------------------------------------
 hf stability analysis of h12 triangular lattice, y= 0.7147002101552084
 6
 ----------------------------------------------------------------------
 Symbolic Z-matrix:
 Charge =  0 Multiplicity = 1
 H
 H                    1     1.0786 
 H                    1     1.0786   2     97. 
 H                    2     1.0786   1     83.      3     0.       0
 H                    2     1.0786   1     180.     3     0.       0
 H                    4     1.0786   3     180.     5     0.       0
 H                    6     1.0786   5     180.     3     0.       0
 H                    4     1.0786   2     180.     3     0.       0
 H                    3     1.0786   1     180.     4     0.       0
 H                    9     1.0786   3     180.     4     0.       0
 H                    8     1.0786   4     180.     3     0.       0
 H                    7     1.0786   6     180.     3     0.       0
 
                          Input orientation:                          
 ---------------------------------------------------------------------
 Center     Atomic      Atomic             Coordinates (Angstroms)
 Number     Number       Type             X           Y           Z
 ---------------------------------------------------------------------
      1          1           0        0.000000    0.000000    0.000000
      2          1           0        0.000000    0.000000    1.078597
      3          1           0        1.070558    0.000000   -0.131448
      4          1           0        1.070558    0.000000    0.947149
      5          1           0        0.000000    0.000000    2.157195
      6          1           0        1.070558    0.000000    2.025747
      7          1           0        2.141115    0.000000    1.894299
      8          1           0        2.141115    0.000000    0.815701
      9          1           0        2.141115    0.000000   -0.262896
     10          1           0        3.211673    0.000000   -0.394344
     11          1           0        3.211673    0.000000    0.684253
     12          1           0        3.211673    0.000000    1.762851
 ---------------------------------------------------------------------
                    Distance matrix (angstroms):
                    1          2          3          4          5
     1  H    0.000000
     2  H    1.078597   0.000000
     3  H    1.078597   1.615643   0.000000
     4  H    1.429400   1.078597   1.078597   0.000000
     5  H    2.157195   1.078597   2.526654   1.615643   0.000000
     6  H    2.291232   1.429400   2.157195   1.078597   1.078597
     7  H    2.858801   2.291232   2.291232   1.429400   2.157195
     8  H    2.291232   2.157195   1.429400   1.078597   2.526654
     9  H    2.157195   2.526654   1.078597   1.615643   3.231286
    10  H    3.235792   3.533327   2.157195   2.526654   4.101852
    11  H    3.283755   3.235792   2.291232   2.157195   3.533327
    12  H    3.663671   3.283755   2.858801   2.291232   3.235792
                    6          7          8          9         10
     6  H    0.000000
     7  H    1.078597   0.000000
     8  H    1.615643   1.078597   0.000000
     9  H    2.526654   2.157195   1.078597   0.000000
    10  H    3.231286   2.526654   1.615643   1.078597   0.000000
    11  H    2.526654   1.615643   1.078597   1.429400   1.078597
    12  H    2.157195   1.078597   1.429400   2.291232   2.157195
                   11         12
    11  H    0.000000
    12  H    1.078597   0.000000
 Stoichiometry    H12
 Framework group  C2H[SGH(H12)]
 Deg. of freedom    11
 Full point group                 C2H     NOp   4
 Largest Abelian subgroup         C2H     NOp   4
 Largest concise Abelian subgroup C2      NOp   2
                         Standard orientation:                         
 ---------------------------------------------------------------------
 Center     Atomic      Atomic             Coordinates (Angstroms)
 Number     Number       Type             X           Y           Z
 ---------------------------------------------------------------------
      1          1           0        1.070558    1.486448   -0.000000
      2          1           0        0.000000    1.617896   -0.000000
      3          1           0        1.070558    0.407851    0.000000
      4          1           0        0.000000    0.539299   -0.000000
      5          1           0       -1.070558    1.749344   -0.000000
      6          1           0       -1.070558    0.670747   -0.000000
      7          1           0       -1.070558   -0.407851    0.000000
      8          1           0       -0.000000   -0.539299   -0.000000
      9          1           0        1.070558   -0.670747   -0.000000
     10          1           0        1.070558   -1.749344   -0.000000
     11          1           0       -0.000000   -1.617896   -0.000000
     12          1           0       -1.070558   -1.486448    0.000000
 ---------------------------------------------------------------------
 Rotational constants (GHZ):     55.5885901     28.2721260     18.7406893
 General basis read from cards:  (5D, 7F)
 There are     6 symmetry adapted cartesian basis functions of AG  symmetry.
 There are     0 symmetry adapted cartesian basis functions of BG  symmetry.
 There are     0 symmetry adapted cartesian basis functions of AU  symmetry.
 There are     6 symmetry adapted cartesian basis functions of BU  symmetry.
 There are     6 symmetry adapted basis functions of AG  symmetry.
 There are     0 symmetry adapted basis functions of BG  symmetry.
 There are     0 symmetry adapted basis functions of AU  symmetry.
 There are     6 symmetry adapted basis functions of BU  symmetry.
    12 basis functions,   120 primitive gaussians,    12 cartesian basis functions
     6 alpha electrons        6 beta electrons
       nuclear repulsion energy        20.1464210095 Hartrees.
 NAtoms=   12 NActive=   12 NUniq=    6 SFac= 4.00D+00 NAtFMM=   60 NAOKFM=F Big=F
 Integral buffers will be    131072 words long.
 Regular integral format.
 Two-electron integral symmetry is turned on.
 One-electron integrals computed using PRISM.
 NBasis=    12 RedAO= T EigKep=  1.11D-01  NBF=     6     0     0     6
 NBsUse=    12 1.00D-06 EigRej= -1.00D+00 NBFU=     6     0     0     6
 Initial guess from the checkpoint file:  "h12.chk"
 B after Tr=    -0.000000    0.000000    0.000000
         Rot=    0.987863    0.000000    0.000000   -0.155328 Ang= -17.87 deg.
 Initial guess orbital symmetries:
       Occupied  (AG) (BU) (AG) (BU) (BU) (AG)
       Virtual   (BU) (AG) (BU) (AG) (AG) (BU)
 Keep R1 ints in memory in symmetry-blocked form, NReq=903840.
 Requested convergence on RMS density matrix=1.00D-08 within 128 cycles.
 Requested convergence on MAX density matrix=1.00D-06.
 Requested convergence on             energy=1.00D-06.
 No special actions if energy rises.
 SCF Done:  E(RHF) =  -5.70446090144     A.U. after   15 cycles
            NFock= 15  Conv=0.67D-08     -V/T= 1.8787
 Range of M.O.s used for correlation:     1    12
 NBasis=    12 NAE=     6 NBE=     6 NFC=     0 NFV=     0
 NROrb=     12 NOA=     6 NOB=     6 NVA=     6 NVB=     6
 Semi-Direct transformation.
 ModeAB=           4 MOrb=             6 LenV=     134084311
 LASXX=         2181 LTotXX=        2181 LenRXX=        5115
 LTotAB=        2934 MaxLAS=        3024 LenRXY=           0
 NonZer=        7296 LenScr=      655360 LnRSAI=        3024
 LnScr1=      655360 LExtra=           0 Total=      1318859
 MaxDsk=          -1 SrtSym=           T ITran=            3
 JobTyp=0 Pass  1:  I=   1 to   6.
 (rs|ai) integrals will be sorted in core.
 Spin components of T(2) and E(2):
     alpha-alpha T2 =       0.5021115879D-02 E2=     -0.7309412437D-02
     alpha-beta  T2 =       0.7661253797D-01 E2=     -0.1086668136D+00
     beta-beta   T2 =       0.5021115879D-02 E2=     -0.7309412437D-02
 ANorm=    0.1042427345D+01
 E2 =    -0.1232856384D+00 EUMP2 =    -0.58277465398752D+01
 Second order stability test of a single determinant RHF wave function:
 Stabil:  MDV=134217728
 ***********************************************************************
 Matrix         Lowest Root    Major Pairs
 ***********************************************************************
 Internal RHF    -0.0699157    6A=7A
 RRHF --> CRHF   -0.1065337    6A=7A
 RRHF --> RUHF   -0.1839305    6A=7B
 Not stable.
 ***********************************************************************

 **********************************************************************

            Population analysis using the SCF density.

 **********************************************************************

 Orbital symmetries:
       Occupied  (AG) (BU) (BU) (AG) (AG) (BU)
       Virtual   (AG) (BU) (BU) (AG) (AG) (BU)
 The electronic state is 1-AG.
 Alpha  occ. eigenvalues --   -1.00784  -0.78905  -0.68893  -0.50955  -0.46645
 Alpha  occ. eigenvalues --   -0.19880
 Alpha virt. eigenvalues --   -0.02582   0.10400   0.22019   0.42975   0.55369
 Alpha virt. eigenvalues --    0.90950
          Condensed to atoms (all electrons):
               1          2          3          4          5          6
     1  H    1.045918   0.114760   0.115634   0.107296  -0.120517  -0.021883
     2  H    0.114760   0.719811  -0.004336  -0.170231   0.389854  -0.062544
     3  H    0.115634  -0.004336   0.703010   0.009403  -0.004168  -0.096049
     4  H    0.107296  -0.170231   0.009403   1.039080  -0.255457   0.411404
     5  H   -0.120517   0.389854  -0.004168  -0.255457   1.439945  -0.179049
     6  H   -0.021883  -0.062544  -0.096049   0.411404  -0.179049   0.957104
     7  H    0.010924  -0.046768  -0.028214   0.142481  -0.098021   0.167298
     8  H   -0.101122  -0.039726   0.142481  -0.129239   0.049592  -0.113451
     9  H   -0.119362  -0.001380   0.167298  -0.113451   0.027673  -0.036077
    10  H    0.016740  -0.001475  -0.098021   0.049592  -0.006856   0.027673
    11  H    0.013112   0.009869  -0.046768  -0.039726  -0.001475  -0.001380
    12  H    0.004386   0.013112   0.010924  -0.101122   0.016740  -0.119362
               7          8          9         10         11         12
     1  H    0.010924  -0.101122  -0.119362   0.016740   0.013112   0.004386
     2  H   -0.046768  -0.039726  -0.001380  -0.001475   0.009869   0.013112
     3  H   -0.028214   0.142481   0.167298  -0.098021  -0.046768   0.010924
     4  H    0.142481  -0.129239  -0.113451   0.049592  -0.039726  -0.101122
     5  H   -0.098021   0.049592   0.027673  -0.006856  -0.001475   0.016740
     6  H    0.167298  -0.113451  -0.036077   0.027673  -0.001380  -0.119362
     7  H    0.703010   0.009403  -0.096049  -0.004168  -0.004336   0.115634
     8  H    0.009403   1.039080   0.411404  -0.255457  -0.170231   0.107296
     9  H   -0.096049   0.411404   0.957104  -0.179049  -0.062544  -0.021883
    10  H   -0.004168  -0.255457  -0.179049   1.439945   0.389854  -0.120517
    11  H   -0.004336  -0.170231  -0.062544   0.389854   0.719811   0.114760
    12  H    0.115634   0.107296  -0.021883  -0.120517   0.114760   1.045918
 Mulliken charges:
               1
     1  H   -0.065886
     2  H    0.079055
     3  H    0.128807
     4  H    0.049971
     5  H   -0.258263
     6  H    0.066317
     7  H    0.128807
     8  H    0.049971
     9  H    0.066317
    10  H   -0.258263
    11  H    0.079055
    12  H   -0.065886
 Sum of Mulliken charges =  -0.00000
 Mulliken charges with hydrogens summed into heavy atoms:
               1
 Electronic spatial extent (au):  <R**2>=            140.6191
 Charge=             -0.0000 electrons
 Dipole moment (field-independent basis, Debye):
    X=             -0.0000    Y=             -0.0000    Z=              0.0000  Tot=              0.0000
 Quadrupole moment (field-independent basis, Debye-Ang):
   XX=            -17.8397   YY=            -27.6783   ZZ=            -15.0975
   XY=              4.5434   XZ=             -0.0000   YZ=              0.0000
 Traceless Quadrupole moment (field-independent basis, Debye-Ang):
   XX=              2.3655   YY=             -7.4732   ZZ=              5.1077
   XY=              4.5434   XZ=             -0.0000   YZ=              0.0000
 Octapole moment (field-independent basis, Debye-Ang**2):
  XXX=              0.0000  YYY=             -0.0000  ZZZ=              0.0000  XYY=              0.0000
  XXY=             -0.0000  XXZ=              0.0000  XZZ=              0.0000  YZZ=             -0.0000
  YYZ=              0.0000  XYZ=             -0.0000
 Hexadecapole moment (field-independent basis, Debye-Ang**3):
 XXXX=            -95.2303 YYYY=           -231.4219 ZZZZ=            -17.7982 XXXY=             10.5155
 XXXZ=             -0.0000 YYYX=             28.4642 YYYZ=              0.0000 ZZZX=             -0.0000
 ZZZY=              0.0000 XXYY=            -60.8169 XXZZ=            -18.6293 YYZZ=            -32.5631
 XXYZ=              0.0000 YYXZ=             -0.0000 ZZXY=              2.4726
 N-N= 2.014642100952D+01 E-N=-5.087225029682D+01  KE= 6.491735494684D+00
 Symmetry AG   KE= 2.950570647119D+00
 Symmetry BG   KE= 0.000000000000D+00
 Symmetry AU   KE= 0.000000000000D+00
 Symmetry BU   KE= 3.541164847565D+00

 Test job not archived.
 1\1\GINC-SULU\Stability\RHF\Gen\H12\LCJ1\17-Feb-2017\0\\#rhf/gen scf(s
 ymm,tight,novaracc,noincfock,fulldiag) stable(crhf) guess=read geom=no
 crowd test\\hf stability analysis of h12 triangular lattice, y= 0.7147
 0021015520846\\0,1\H\H,1,1.0785972984\H,1,1.0785972984,2,97.\H,2,1.078
 5972984,1,83.,3,0.,0\H,2,1.0785972984,1,180.,3,0.,0\H,4,1.0785972984,3
 ,180.,5,0.,0\H,6,1.0785972984,5,180.,3,0.,0\H,4,1.0785972984,2,180.,3,
 0.,0\H,3,1.0785972984,1,180.,4,0.,0\H,9,1.0785972984,3,180.,4,0.,0\H,8
 ,1.0785972984,4,180.,3,0.,0\H,7,1.0785972984,6,180.,3,0.,0\\Version=ES
 64L-G09RevE.01\State=1-AG\HF=-5.7044609\MP2=-5.8277465\RMSD=6.658e-09\
 Dipole=0.,0.,0.\Quadrupole=-4.6302752,3.7974365,0.8328387,0.,4.1623929
 ,0.\PG=C02H [SGH(H12)]\\@


 COMMON SENSE IS NOT SO COMMON.   -- VOLTAIRE
 Job cpu time:       0 days  0 hours  0 minutes  1.2 seconds.
 File lengths (MBytes):  RWF=     84 Int=      0 D2E=      0 Chk=      2 Scr=      2
 Normal termination of Gaussian 09 at Fri Feb 17 15:00:54 2017.
