 Entering Gaussian System, Link 0=g09
 AtFile(1): H.gbs
            H     0
            S   10   1.00
               1000.000000000000            0.000068713567
                316.227766000000            0.000169141320
                100.000000000000            0.000823394812
                 31.622776600000            0.003425569236
                 10.000000000000            0.013951996000
                  3.162277660000            0.056909313560
                  1.000000000000            0.198286399900
                  0.316227766000            0.496922426700
                  0.100000000000            0.369846276400
                  0.031622776600            0.003752720039
            ****
 Initial command:
 /projects/guscus/apps/gau/g09-e1/g09/l1.exe "/users/lcj1/gaussian/h12/rhfstability/rect/guess/ag3bu3/Gau-13178.inp" -scrdir="/users/lcj1/gaussian/h12/rhfstability/rect/guess/ag3bu3/"
 Entering Link 1 = /projects/guscus/apps/gau/g09-e1/g09/l1.exe PID=     13179.
  
 Copyright (c) 1988,1990,1992,1993,1995,1998,2003,2009,2015,
            Gaussian, Inc.  All Rights Reserved.
  
 This is part of the Gaussian(R) 09 program.  It is based on
 the Gaussian(R) 03 system (copyright 2003, Gaussian, Inc.),
 the Gaussian(R) 98 system (copyright 1998, Gaussian, Inc.),
 the Gaussian(R) 94 system (copyright 1995, Gaussian, Inc.),
 the Gaussian 92(TM) system (copyright 1992, Gaussian, Inc.),
 the Gaussian 90(TM) system (copyright 1990, Gaussian, Inc.),
 the Gaussian 88(TM) system (copyright 1988, Gaussian, Inc.),
 the Gaussian 86(TM) system (copyright 1986, Carnegie Mellon
 University), and the Gaussian 82(TM) system (copyright 1983,
 Carnegie Mellon University). Gaussian is a federally registered
 trademark of Gaussian, Inc.
  
 This software contains proprietary and confidential information,
 including trade secrets, belonging to Gaussian, Inc.
  
 This software is provided under written license and may be
 used, copied, transmitted, or stored only in accord with that
 written license.
  
 The following legend is applicable only to US Government
 contracts under FAR:
  
                    RESTRICTED RIGHTS LEGEND
  
 Use, reproduction and disclosure by the US Government is
 subject to restrictions as set forth in subparagraphs (a)
 and (c) of the Commercial Computer Software - Restricted
 Rights clause in FAR 52.227-19.
  
 Gaussian, Inc.
 340 Quinnipiac St., Bldg. 40, Wallingford CT 06492
  
  
 ---------------------------------------------------------------
 Warning -- This program may not be used in any manner that
 competes with the business of Gaussian, Inc. or will provide
 assistance to any competitor of Gaussian, Inc.  The licensee
 of this program is prohibited from giving any competitor of
 Gaussian, Inc. access to this program.  By using this program,
 the user acknowledges that Gaussian, Inc. is engaged in the
 business of creating and licensing software in the field of
 computational chemistry and represents and warrants to the
 licensee that it is not a competitor of Gaussian, Inc. and that
 it will not use this program in any manner prohibited above.
 ---------------------------------------------------------------
  

 Cite this work as:
 Gaussian 09, Revision E.01,
 M. J. Frisch, G. W. Trucks, H. B. Schlegel, G. E. Scuseria, 
 M. A. Robb, J. R. Cheeseman, G. Scalmani, V. Barone, B. Mennucci, 
 G. A. Petersson, H. Nakatsuji, M. Caricato, X. Li, H. P. Hratchian, 
 A. F. Izmaylov, J. Bloino, G. Zheng, J. L. Sonnenberg, M. Hada, 
 M. Ehara, K. Toyota, R. Fukuda, J. Hasegawa, M. Ishida, T. Nakajima, 
 Y. Honda, O. Kitao, H. Nakai, T. Vreven, J. A. Montgomery, Jr., 
 J. E. Peralta, F. Ogliaro, M. Bearpark, J. J. Heyd, E. Brothers, 
 K. N. Kudin, V. N. Staroverov, T. Keith, R. Kobayashi, J. Normand, 
 K. Raghavachari, A. Rendell, J. C. Burant, S. S. Iyengar, J. Tomasi, 
 M. Cossi, N. Rega, J. M. Millam, M. Klene, J. E. Knox, J. B. Cross, 
 V. Bakken, C. Adamo, J. Jaramillo, R. Gomperts, R. E. Stratmann, 
 O. Yazyev, A. J. Austin, R. Cammi, C. Pomelli, J. W. Ochterski, 
 R. L. Martin, K. Morokuma, V. G. Zakrzewski, G. A. Voth, 
 P. Salvador, J. J. Dannenberg, S. Dapprich, A. D. Daniels, 
 O. Farkas, J. B. Foresman, J. V. Ortiz, J. Cioslowski, 
 and D. J. Fox, Gaussian, Inc., Wallingford CT, 2013.
 
 ******************************************
 Gaussian 09:  ES64L-G09RevE.01 30-Nov-2015
                17-Feb-2017 
 ******************************************
 %chk=h12.chk
 ----------------------------------------------------------------------
 #rhf/gen scf(symm,tight,novaracc,noincfock,fulldiag) stable(crhf) gues
 s=read geom=nocrowd test
 ----------------------------------------------------------------------
 1/38=1/1;
 2/12=1,17=6,18=5,40=1/2;
 3/5=7,16=1,25=1,30=1,116=1/1,2,3;
 4/5=1,9=4/1;
 5/5=100002,15=2,16=1,32=2,38=6/2;
 8/6=1,10=90,11=11/1,4;
 9/8=4,13=1/2;
 6/7=2,8=2,9=2,10=2,28=1/1;
 99/5=1,9=1/99;
 ----------------------------------------------------------------------
 hf stability analysis of h12 triangular lattice, y= 1.8574471710024862
 ----------------------------------------------------------------------
 Symbolic Z-matrix:
 Charge =  0 Multiplicity = 1
 H
 H                    1     1.88328 
 H                    1     1.88328  2     19. 
 H                    2     1.88328  1     161.     3     0.       0
 H                    2     1.88328  1     180.     3     0.       0
 H                    4     1.88328  3     180.     5     0.       0
 H                    6     1.88328  5     180.     3     0.       0
 H                    4     1.88328  2     180.     3     0.       0
 H                    3     1.88328  1     180.     4     0.       0
 H                    9     1.88328  3     180.     4     0.       0
 H                    8     1.88328  4     180.     3     0.       0
 H                    7     1.88328  6     180.     3     0.       0
 
                          Input orientation:                          
 ---------------------------------------------------------------------
 Center     Atomic      Atomic             Coordinates (Angstroms)
 Number     Number       Type             X           Y           Z
 ---------------------------------------------------------------------
      1          1           0        0.000000    0.000000    0.000000
      2          1           0        0.000000    0.000000    1.883275
      3          1           0        0.613134    0.000000    1.780672
      4          1           0        0.613134    0.000000    3.663947
      5          1           0        0.000000    0.000000    3.766550
      6          1           0        0.613134    0.000000    5.547222
      7          1           0        1.226269    0.000000    7.327894
      8          1           0        1.226269    0.000000    5.444618
      9          1           0        1.226269    0.000000    3.561343
     10          1           0        1.839403    0.000000    5.342015
     11          1           0        1.839403    0.000000    7.225290
     12          1           0        1.839403    0.000000    9.108565
 ---------------------------------------------------------------------
                    Distance matrix (angstroms):
                    1          2          3          4          5
     1  H    0.000000
     2  H    1.883275   0.000000
     3  H    1.883275   0.621660   0.000000
     4  H    3.714894   1.883275   1.883275   0.000000
     5  H    3.766550   1.883275   2.078376   0.621660   0.000000
     6  H    5.581004   3.714894   3.766550   1.883275   1.883275
     7  H    7.429789   5.581004   5.581004   3.714894   3.766550
     8  H    5.581004   3.766550   3.714894   1.883275   2.078376
     9  H    3.766550   2.078376   1.883275   0.621660   1.243320
    10  H    5.649825   3.917433   3.766550   2.078376   2.421878
    11  H    7.455751   5.649825   5.581004   3.766550   3.917433
    12  H    9.292436   7.455751   7.429789   5.581004   5.649825
                    6          7          8          9         10
     6  H    0.000000
     7  H    1.883275   0.000000
     8  H    0.621660   1.883275   0.000000
     9  H    2.078376   3.766550   1.883275   0.000000
    10  H    1.243320   2.078376   0.621660   1.883275   0.000000
    11  H    2.078376   0.621660   1.883275   3.714894   1.883275
    12  H    3.766550   1.883275   3.714894   5.581004   3.766550
                   11         12
    11  H    0.000000
    12  H    1.883275   0.000000
 Stoichiometry    H12
 Framework group  C2H[SGH(H12)]
 Deg. of freedom    11
 Full point group                 C2H     NOp   4
 Largest Abelian subgroup         C2H     NOp   4
 Largest concise Abelian subgroup C2      NOp   2
                         Standard orientation:                         
 ---------------------------------------------------------------------
 Center     Atomic      Atomic             Coordinates (Angstroms)
 Number     Number       Type             X           Y           Z
 ---------------------------------------------------------------------
      1          1           0        0.613134    4.605584    0.000000
      2          1           0        0.000000    2.824913    0.000000
      3          1           0        0.613134    2.722309    0.000000
      4          1           0        0.000000    0.941638    0.000000
      5          1           0       -0.613134    1.044241   -0.000000
      6          1           0       -0.613134   -0.839034   -0.000000
      7          1           0       -0.613134   -2.722309    0.000000
      8          1           0       -0.000000   -0.941638    0.000000
      9          1           0        0.613134    0.839034   -0.000000
     10          1           0        0.613134   -1.044241    0.000000
     11          1           0       -0.000000   -2.824913    0.000000
     12          1           0       -0.613134   -4.605584    0.000000
 ---------------------------------------------------------------------
 Rotational constants (GHZ):    249.3600733      6.3025603      6.1471904
 General basis read from cards:  (5D, 7F)
 There are     6 symmetry adapted cartesian basis functions of AG  symmetry.
 There are     0 symmetry adapted cartesian basis functions of BG  symmetry.
 There are     0 symmetry adapted cartesian basis functions of AU  symmetry.
 There are     6 symmetry adapted cartesian basis functions of BU  symmetry.
 There are     6 symmetry adapted basis functions of AG  symmetry.
 There are     0 symmetry adapted basis functions of BG  symmetry.
 There are     0 symmetry adapted basis functions of AU  symmetry.
 There are     6 symmetry adapted basis functions of BU  symmetry.
    12 basis functions,   120 primitive gaussians,    12 cartesian basis functions
     6 alpha electrons        6 beta electrons
       nuclear repulsion energy        16.5520381384 Hartrees.
 NAtoms=   12 NActive=   12 NUniq=    6 SFac= 4.00D+00 NAtFMM=   60 NAOKFM=F Big=F
 Integral buffers will be    131072 words long.
 Regular integral format.
 Two-electron integral symmetry is turned on.
 One-electron integrals computed using PRISM.
 NBasis=    12 RedAO= T EigKep=  6.54D-02  NBF=     6     0     0     6
 NBsUse=    12 1.00D-06 EigRej= -1.00D+00 NBFU=     6     0     0     6
 Initial guess from the checkpoint file:  "h12.chk"
 B after Tr=    -0.000000    0.000000    0.000000
         Rot=    0.961828    0.000000    0.000000   -0.273655 Ang= -31.76 deg.
 Initial guess orbital symmetries:
       Occupied  (AG) (BU) (AG) (BU) (BU) (AG)
       Virtual   (BU) (AG) (BU) (AG) (AG) (BU)
 Keep R1 ints in memory in symmetry-blocked form, NReq=896434.
 Requested convergence on RMS density matrix=1.00D-08 within 128 cycles.
 Requested convergence on MAX density matrix=1.00D-06.
 Requested convergence on             energy=1.00D-06.
 No special actions if energy rises.
 SCF Done:  E(RHF) =  -5.46450189623     A.U. after   13 cycles
            NFock= 13  Conv=0.44D-08     -V/T= 1.8661
 Range of M.O.s used for correlation:     1    12
 NBasis=    12 NAE=     6 NBE=     6 NFC=     0 NFV=     0
 NROrb=     12 NOA=     6 NOB=     6 NVA=     6 NVB=     6

 **** Warning!!: The smallest alpha delta epsilon is  0.58123581D-01

 Semi-Direct transformation.
 ModeAB=           4 MOrb=             6 LenV=     134091549
 LASXX=         2181 LTotXX=        2181 LenRXX=        5115
 LTotAB=        2934 MaxLAS=        3024 LenRXY=           0
 NonZer=        7296 LenScr=      655360 LnRSAI=        3024
 LnScr1=      655360 LExtra=           0 Total=      1318859
 MaxDsk=          -1 SrtSym=           T ITran=            3
 JobTyp=0 Pass  1:  I=   1 to   6.
 (rs|ai) integrals will be sorted in core.
 Spin components of T(2) and E(2):
     alpha-alpha T2 =       0.5235617800D-02 E2=     -0.4615671322D-02
     alpha-beta  T2 =       0.6071297533D+01 E2=     -0.7687637375D+00
     beta-beta   T2 =       0.5235617800D-02 E2=     -0.4615671322D-02
 ANorm=    0.2661159290D+01
 E2 =    -0.7779950801D+00 EUMP2 =    -0.62424969763430D+01
 Second order stability test of a single determinant RHF wave function:
 Stabil:  MDV=134217728
 ***********************************************************************
 Matrix         Lowest Root    Major Pairs
 ***********************************************************************
 Internal RHF     0.0470502    Stable
 RRHF --> CRHF    0.0006471    Stable
 RRHF --> RUHF   -0.5713799    6A=7B
 Not stable.
 ***********************************************************************

 **********************************************************************

            Population analysis using the SCF density.

 **********************************************************************

 Orbital symmetries:
       Occupied  (AG) (BU) (AG) (BU) (BU) (AG)
       Virtual   (BU) (AG) (BU) (AG) (AG) (BU)
 The electronic state is 1-AG.
 Alpha  occ. eigenvalues --   -0.89252  -0.81557  -0.67703  -0.66487  -0.31037
 Alpha  occ. eigenvalues --   -0.19411
 Alpha virt. eigenvalues --   -0.13599   0.04026   0.50692   0.52090   0.97488
 Alpha virt. eigenvalues --    1.16390
          Condensed to atoms (all electrons):
               1          2          3          4          5          6
     1  H    1.079146  -0.034438  -0.035091   0.000342   0.000412   0.000033
     2  H   -0.034438   0.626823   0.494682  -0.044895  -0.003517   0.001920
     3  H   -0.035091   0.494682   0.615472  -0.044027  -0.031503  -0.001139
     4  H    0.000342  -0.044895  -0.044027   0.996670   0.248710  -0.028774
     5  H    0.000412  -0.003517  -0.031503   0.248710   0.887269   0.198455
     6  H    0.000033   0.001920  -0.001139  -0.028774   0.198455   0.986472
     7  H   -0.000006   0.000024   0.000013   0.000591   0.001615  -0.004538
     8  H    0.000033   0.000590   0.000591  -0.050325  -0.015845   0.267469
     9  H   -0.000134  -0.034358  -0.004538   0.267469  -0.360526  -0.184860
    10  H   -0.000003  -0.000879   0.001615  -0.015845  -0.107085  -0.360526
    11  H   -0.000006   0.000011   0.000024   0.000590  -0.000879  -0.034358
    12  H    0.000002  -0.000006  -0.000006   0.000033  -0.000003  -0.000134
               7          8          9         10         11         12
     1  H   -0.000006   0.000033  -0.000134  -0.000003  -0.000006   0.000002
     2  H    0.000024   0.000590  -0.034358  -0.000879   0.000011  -0.000006
     3  H    0.000013   0.000591  -0.004538   0.001615   0.000024  -0.000006
     4  H    0.000591  -0.050325   0.267469  -0.015845   0.000590   0.000033
     5  H    0.001615  -0.015845  -0.360526  -0.107085  -0.000879  -0.000003
     6  H   -0.004538   0.267469  -0.184860  -0.360526  -0.034358  -0.000134
     7  H    0.615472  -0.044027  -0.001139  -0.031503   0.494682  -0.035091
     8  H   -0.044027   0.996670  -0.028774   0.248710  -0.044895   0.000342
     9  H   -0.001139  -0.028774   0.986472   0.198455   0.001920   0.000033
    10  H   -0.031503   0.248710   0.198455   0.887269  -0.003517   0.000412
    11  H    0.494682  -0.044895   0.001920  -0.003517   0.626823  -0.034438
    12  H   -0.035091   0.000342   0.000033   0.000412  -0.034438   1.079146
 Mulliken charges:
               1
     1  H   -0.010291
     2  H   -0.005955
     3  H    0.003906
     4  H   -0.330538
     5  H    0.182897
     6  H    0.159981
     7  H    0.003906
     8  H   -0.330538
     9  H    0.159981
    10  H    0.182897
    11  H   -0.005955
    12  H   -0.010291
 Sum of Mulliken charges =  -0.00000
 Mulliken charges with hydrogens summed into heavy atoms:
               1
 Electronic spatial extent (au):  <R**2>=            330.0561
 Charge=             -0.0000 electrons
 Dipole moment (field-independent basis, Debye):
    X=              0.0000    Y=              0.0000    Z=             -0.0000  Tot=              0.0000
 Quadrupole moment (field-independent basis, Debye-Ang):
   XX=            -16.1309   YY=            -20.5288   ZZ=            -15.4571
   XY=             -1.1037   XZ=             -0.0000   YZ=             -0.0000
 Traceless Quadrupole moment (field-independent basis, Debye-Ang):
   XX=              1.2414   YY=             -3.1565   ZZ=              1.9151
   XY=             -1.1037   XZ=             -0.0000   YZ=             -0.0000
 Octapole moment (field-independent basis, Debye-Ang**2):
  XXX=              0.0000  YYY=              0.0000  ZZZ=             -0.0000  XYY=              0.0000
  XXY=             -0.0000  XXZ=             -0.0000  XZZ=              0.0000  YZZ=             -0.0000
  YYZ=             -0.0000  XYZ=             -0.0000
 Hexadecapole moment (field-independent basis, Debye-Ang**3):
 XXXX=            -45.1039 YYYY=           -811.3451 ZZZZ=            -18.6905 XXXY=            -34.4982
 XXXZ=             -0.0000 YYYX=            -59.7335 YYYZ=             -0.0000 ZZZX=             -0.0000
 ZZZY=             -0.0000 XXYY=           -114.3478 XXZZ=            -10.6229 YYZZ=           -111.3657
 XXYZ=             -0.0000 YYXZ=             -0.0000 ZZXY=            -11.8434
 N-N= 1.655203813844D+01 E-N=-4.323370747201D+01  KE= 6.309563913035D+00
 Symmetry AG   KE= 2.752459957369D+00
 Symmetry BG   KE= 0.000000000000D+00
 Symmetry AU   KE= 0.000000000000D+00
 Symmetry BU   KE= 3.557103955666D+00

 Test job not archived.
 1\1\GINC-SULU\Stability\RHF\Gen\H12\LCJ1\17-Feb-2017\0\\#rhf/gen scf(s
 ymm,tight,novaracc,noincfock,fulldiag) stable(crhf) guess=read geom=no
 crowd test\\hf stability analysis of h12 triangular lattice, y= 1.8574
 471710024862\\0,1\H\H,1,1.8832751446\H,1,1.8832751446,2,19.\H,2,1.8832
 751446,1,161.,3,0.,0\H,2,1.8832751446,1,180.,3,0.,0\H,4,1.8832751446,3
 ,180.,5,0.,0\H,6,1.8832751446,5,180.,3,0.,0\H,4,1.8832751446,2,180.,3,
 0.,0\H,3,1.8832751446,1,180.,4,0.,0\H,9,1.8832751446,3,180.,4,0.,0\H,8
 ,1.8832751446,4,180.,3,0.,0\H,7,1.8832751446,6,180.,3,0.,0\\Version=ES
 64L-G09RevE.01\State=1-AG\HF=-5.4645019\MP2=-6.242497\RMSD=4.400e-09\D
 ipole=0.,0.,0.\Quadrupole=1.0815438,1.423857,-2.5054008,0.,-0.3599247,
 0.\PG=C02H [SGH(H12)]\\@


 IN THE WOODS WE RETURN TO REASON AND FAITH.

                                 -- EMERSON
 Job cpu time:       0 days  0 hours  0 minutes  1.0 seconds.
 File lengths (MBytes):  RWF=     84 Int=      0 D2E=      0 Chk=      2 Scr=      2
 Normal termination of Gaussian 09 at Fri Feb 17 15:09:00 2017.
