 Entering Gaussian System, Link 0=g09
 AtFile(1): H.gbs
            H     0
            S   10   1.00
               1000.000000000000            0.000068713567
                316.227766000000            0.000169141320
                100.000000000000            0.000823394812
                 31.622776600000            0.003425569236
                 10.000000000000            0.013951996000
                  3.162277660000            0.056909313560
                  1.000000000000            0.198286399900
                  0.316227766000            0.496922426700
                  0.100000000000            0.369846276400
                  0.031622776600            0.003752720039
            ****
 Initial command:
 /projects/guscus/apps/gau/g09-e1/g09/l1.exe "/users/lcj1/gaussian/h12/rhfstability/rect/guess/ag3bu3/Gau-11008.inp" -scrdir="/users/lcj1/gaussian/h12/rhfstability/rect/guess/ag3bu3/"
 Entering Link 1 = /projects/guscus/apps/gau/g09-e1/g09/l1.exe PID=     11009.
  
 Copyright (c) 1988,1990,1992,1993,1995,1998,2003,2009,2015,
            Gaussian, Inc.  All Rights Reserved.
  
 This is part of the Gaussian(R) 09 program.  It is based on
 the Gaussian(R) 03 system (copyright 2003, Gaussian, Inc.),
 the Gaussian(R) 98 system (copyright 1998, Gaussian, Inc.),
 the Gaussian(R) 94 system (copyright 1995, Gaussian, Inc.),
 the Gaussian 92(TM) system (copyright 1992, Gaussian, Inc.),
 the Gaussian 90(TM) system (copyright 1990, Gaussian, Inc.),
 the Gaussian 88(TM) system (copyright 1988, Gaussian, Inc.),
 the Gaussian 86(TM) system (copyright 1986, Carnegie Mellon
 University), and the Gaussian 82(TM) system (copyright 1983,
 Carnegie Mellon University). Gaussian is a federally registered
 trademark of Gaussian, Inc.
  
 This software contains proprietary and confidential information,
 including trade secrets, belonging to Gaussian, Inc.
  
 This software is provided under written license and may be
 used, copied, transmitted, or stored only in accord with that
 written license.
  
 The following legend is applicable only to US Government
 contracts under FAR:
  
                    RESTRICTED RIGHTS LEGEND
  
 Use, reproduction and disclosure by the US Government is
 subject to restrictions as set forth in subparagraphs (a)
 and (c) of the Commercial Computer Software - Restricted
 Rights clause in FAR 52.227-19.
  
 Gaussian, Inc.
 340 Quinnipiac St., Bldg. 40, Wallingford CT 06492
  
  
 ---------------------------------------------------------------
 Warning -- This program may not be used in any manner that
 competes with the business of Gaussian, Inc. or will provide
 assistance to any competitor of Gaussian, Inc.  The licensee
 of this program is prohibited from giving any competitor of
 Gaussian, Inc. access to this program.  By using this program,
 the user acknowledges that Gaussian, Inc. is engaged in the
 business of creating and licensing software in the field of
 computational chemistry and represents and warrants to the
 licensee that it is not a competitor of Gaussian, Inc. and that
 it will not use this program in any manner prohibited above.
 ---------------------------------------------------------------
  

 Cite this work as:
 Gaussian 09, Revision E.01,
 M. J. Frisch, G. W. Trucks, H. B. Schlegel, G. E. Scuseria, 
 M. A. Robb, J. R. Cheeseman, G. Scalmani, V. Barone, B. Mennucci, 
 G. A. Petersson, H. Nakatsuji, M. Caricato, X. Li, H. P. Hratchian, 
 A. F. Izmaylov, J. Bloino, G. Zheng, J. L. Sonnenberg, M. Hada, 
 M. Ehara, K. Toyota, R. Fukuda, J. Hasegawa, M. Ishida, T. Nakajima, 
 Y. Honda, O. Kitao, H. Nakai, T. Vreven, J. A. Montgomery, Jr., 
 J. E. Peralta, F. Ogliaro, M. Bearpark, J. J. Heyd, E. Brothers, 
 K. N. Kudin, V. N. Staroverov, T. Keith, R. Kobayashi, J. Normand, 
 K. Raghavachari, A. Rendell, J. C. Burant, S. S. Iyengar, J. Tomasi, 
 M. Cossi, N. Rega, J. M. Millam, M. Klene, J. E. Knox, J. B. Cross, 
 V. Bakken, C. Adamo, J. Jaramillo, R. Gomperts, R. E. Stratmann, 
 O. Yazyev, A. J. Austin, R. Cammi, C. Pomelli, J. W. Ochterski, 
 R. L. Martin, K. Morokuma, V. G. Zakrzewski, G. A. Voth, 
 P. Salvador, J. J. Dannenberg, S. Dapprich, A. D. Daniels, 
 O. Farkas, J. B. Foresman, J. V. Ortiz, J. Cioslowski, 
 and D. J. Fox, Gaussian, Inc., Wallingford CT, 2013.
 
 ******************************************
 Gaussian 09:  ES64L-G09RevE.01 30-Nov-2015
                17-Feb-2017 
 ******************************************
 %chk=h12.chk
 ----------------------------------------------------------------------
 #rhf/gen scf(symm,tight,novaracc,noincfock,fulldiag) stable(crhf) gues
 s=read geom=nocrowd test
 ----------------------------------------------------------------------
 1/38=1/1;
 2/12=1,17=6,18=5,40=1/2;
 3/5=7,16=1,25=1,30=1,116=1/1,2,3;
 4/5=1,9=4/1;
 5/5=100002,15=2,16=1,32=2,38=6/2;
 8/6=1,10=90,11=11/1,4;
 9/8=4,13=1/2;
 6/7=2,8=2,9=2,10=2,28=1/1;
 99/5=1,9=1/99;
 ----------------------------------------------------------------------
 hf stability analysis of h12 triangular lattice, y= 0.3350007865764852
 4
 ----------------------------------------------------------------------
 Symbolic Z-matrix:
 Charge =  0 Multiplicity = 1
 H
 H                    1     1.75569 
 H                    1     1.75569  2     158. 
 H                    2     1.75569  1     22.      3     0.       0
 H                    2     1.75569  1     180.     3     0.       0
 H                    4     1.75569  3     180.     5     0.       0
 H                    6     1.75569  5     180.     3     0.       0
 H                    4     1.75569  2     180.     3     0.       0
 H                    3     1.75569  1     180.     4     0.       0
 H                    9     1.75569  3     180.     4     0.       0
 H                    8     1.75569  4     180.     3     0.       0
 H                    7     1.75569  6     180.     3     0.       0
 
                          Input orientation:                          
 ---------------------------------------------------------------------
 Center     Atomic      Atomic             Coordinates (Angstroms)
 Number     Number       Type             X           Y           Z
 ---------------------------------------------------------------------
      1          1           0        0.000000    0.000000    0.000000
      2          1           0        0.000000    0.000000    1.755687
      3          1           0        0.657692    0.000000   -1.627844
      4          1           0        0.657692    0.000000    0.127842
      5          1           0        0.000000    0.000000    3.511373
      6          1           0        0.657692    0.000000    1.883529
      7          1           0        1.315383    0.000000    0.255685
      8          1           0        1.315383    0.000000   -1.500002
      9          1           0        1.315383    0.000000   -3.255688
     10          1           0        1.973075    0.000000   -4.883533
     11          1           0        1.973075    0.000000   -3.127846
     12          1           0        1.973075    0.000000   -1.372160
 ---------------------------------------------------------------------
                    Distance matrix (angstroms):
                    1          2          3          4          5
     1  H    0.000000
     2  H    1.755687   0.000000
     3  H    1.755687   3.446859   0.000000
     4  H    0.670002   1.755687   1.755687   0.000000
     5  H    3.511373   1.755687   5.181130   3.446859   0.000000
     6  H    1.995054   0.670002   3.511373   1.755687   1.755687
     7  H    1.340003   1.995054   1.995054   0.670002   3.511373
     8  H    1.995054   3.511373   0.670002   1.755687   5.181130
     9  H    3.511373   5.181130   1.755687   3.446859   6.893718
    10  H    5.267060   6.926201   3.511373   5.181130   8.623657
    11  H    3.698168   5.267060   1.995054   3.511373   6.926201
    12  H    2.403299   3.698168   1.340003   1.995054   5.267060
                    6          7          8          9         10
     6  H    0.000000
     7  H    1.755687   0.000000
     8  H    3.446859   1.755687   0.000000
     9  H    5.181130   3.511373   1.755687   0.000000
    10  H    6.893718   5.181130   3.446859   1.755687   0.000000
    11  H    5.181130   3.446859   1.755687   0.670002   1.755687
    12  H    3.511373   1.755687   0.670002   1.995054   3.511373
                   11         12
    11  H    0.000000
    12  H    1.755687   0.000000
 Stoichiometry    H12
 Framework group  C2H[SGH(H12)]
 Deg. of freedom    11
 Full point group                 C2H     NOp   4
 Largest Abelian subgroup         C2H     NOp   4
 Largest concise Abelian subgroup C2      NOp   2
                         Standard orientation:                         
 ---------------------------------------------------------------------
 Center     Atomic      Atomic             Coordinates (Angstroms)
 Number     Number       Type             X           Y           Z
 ---------------------------------------------------------------------
      1          1           0        0.657692    1.005686    0.000000
      2          1           0        0.000000    2.633530    0.000000
      3          1           0        0.657692   -0.750001   -0.000000
      4          1           0        0.000000    0.877843    0.000000
      5          1           0       -0.657692    4.261374    0.000000
      6          1           0       -0.657692    2.505687    0.000000
      7          1           0       -0.657692    0.750001    0.000000
      8          1           0       -0.000000   -0.877843    0.000000
      9          1           0        0.657692   -2.505687    0.000000
     10          1           0        0.657692   -4.261374    0.000000
     11          1           0       -0.000000   -2.633530    0.000000
     12          1           0       -0.657692   -1.005686    0.000000
 ---------------------------------------------------------------------
 Rotational constants (GHZ):    214.8809352      7.3138536      7.0731078
 General basis read from cards:  (5D, 7F)
 There are     6 symmetry adapted cartesian basis functions of AG  symmetry.
 There are     0 symmetry adapted cartesian basis functions of BG  symmetry.
 There are     0 symmetry adapted cartesian basis functions of AU  symmetry.
 There are     6 symmetry adapted cartesian basis functions of BU  symmetry.
 There are     6 symmetry adapted basis functions of AG  symmetry.
 There are     0 symmetry adapted basis functions of BG  symmetry.
 There are     0 symmetry adapted basis functions of AU  symmetry.
 There are     6 symmetry adapted basis functions of BU  symmetry.
    12 basis functions,   120 primitive gaussians,    12 cartesian basis functions
     6 alpha electrons        6 beta electrons
       nuclear repulsion energy        16.8279493496 Hartrees.
 NAtoms=   12 NActive=   12 NUniq=    6 SFac= 4.00D+00 NAtFMM=   60 NAOKFM=F Big=F
 Integral buffers will be    131072 words long.
 Regular integral format.
 Two-electron integral symmetry is turned on.
 One-electron integrals computed using PRISM.
 NBasis=    12 RedAO= T EigKep=  7.86D-02  NBF=     6     0     0     6
 NBsUse=    12 1.00D-06 EigRej= -1.00D+00 NBFU=     6     0     0     6
 Initial guess from the checkpoint file:  "h12.chk"
 B after Tr=    -0.000000   -0.000000    0.000000
         Rot=    0.999706   -0.000000    0.000000    0.024265 Ang=   2.78 deg.
 Initial guess orbital symmetries:
       Occupied  (AG) (BU) (AG) (BU) (BU) (AG)
       Virtual   (BU) (AG) (BU) (AG) (AG) (BU)
 Keep R1 ints in memory in symmetry-blocked form, NReq=896658.
 Requested convergence on RMS density matrix=1.00D-08 within 128 cycles.
 Requested convergence on MAX density matrix=1.00D-06.
 Requested convergence on             energy=1.00D-06.
 No special actions if energy rises.
 SCF Done:  E(RHF) =  -5.62288812134     A.U. after   12 cycles
            NFock= 12  Conv=0.36D-08     -V/T= 1.8930
 Range of M.O.s used for correlation:     1    12
 NBasis=    12 NAE=     6 NBE=     6 NFC=     0 NFV=     0
 NROrb=     12 NOA=     6 NOB=     6 NVA=     6 NVB=     6

 **** Warning!!: The smallest alpha delta epsilon is  0.64363832D-01

 Semi-Direct transformation.
 ModeAB=           4 MOrb=             6 LenV=     134090555
 LASXX=         2181 LTotXX=        2181 LenRXX=        5115
 LTotAB=        2934 MaxLAS=        3024 LenRXY=           0
 NonZer=        7296 LenScr=      655360 LnRSAI=        3024
 LnScr1=      655360 LExtra=           0 Total=      1318859
 MaxDsk=          -1 SrtSym=           T ITran=            3
 JobTyp=0 Pass  1:  I=   1 to   6.
 (rs|ai) integrals will be sorted in core.
 Spin components of T(2) and E(2):
     alpha-alpha T2 =       0.5735186094D-02 E2=     -0.5110543960D-02
     alpha-beta  T2 =       0.4774149751D+01 E2=     -0.6773936124D+00
     beta-beta   T2 =       0.5735186094D-02 E2=     -0.5110543960D-02
 ANorm=    0.2405331604D+01
 E2 =    -0.6876147003D+00 EUMP2 =    -0.63105028216189D+01
 Second order stability test of a single determinant RHF wave function:
 Stabil:  MDV=134217728
 ***********************************************************************
 Matrix         Lowest Root    Major Pairs
 ***********************************************************************
 Internal RHF     0.0618145    Stable
 RRHF --> CRHF    0.0018021    Stable
 RRHF --> RUHF   -0.5605851    6A=7B
 Not stable.
 ***********************************************************************

 **********************************************************************

            Population analysis using the SCF density.

 **********************************************************************

 Orbital symmetries:
       Occupied  (AG) (BU) (AG) (BU) (BU) (AG)
       Virtual   (BU) (AG) (BU) (AG) (AG) (BU)
 The electronic state is 1-AG.
 Alpha  occ. eigenvalues --   -0.88912  -0.79169  -0.66216  -0.63387  -0.34545
 Alpha  occ. eigenvalues --   -0.18382
 Alpha virt. eigenvalues --   -0.11946   0.03131   0.47128   0.49451   0.84780
 Alpha virt. eigenvalues --    1.05876
          Condensed to atoms (all electrons):
               1          2          3          4          5          6
     1  H    0.808768  -0.009992   0.197332   0.267609   0.000230  -0.039347
     2  H   -0.009992   0.662308   0.003051  -0.061543  -0.045323   0.502067
     3  H    0.197332   0.003051   0.940933  -0.040951   0.000116  -0.001750
     4  H    0.267609  -0.061543  -0.040951   0.960505   0.000146  -0.059494
     5  H    0.000230  -0.045323   0.000116   0.000146   1.114372  -0.044681
     6  H   -0.039347   0.502067  -0.001750  -0.059494  -0.044681   0.641200
     7  H   -0.270844  -0.045750  -0.189619   0.295681   0.000028  -0.013426
     8  H   -0.022489   0.001115   0.295681  -0.070217   0.000111   0.001066
     9  H    0.002588   0.000077  -0.013426   0.001066  -0.000018   0.000052
    10  H    0.000000  -0.000018   0.000028   0.000111   0.000006  -0.000018
    11  H   -0.001126   0.000042  -0.045750   0.001115  -0.000018   0.000077
    12  H   -0.097282  -0.001126  -0.270844  -0.022489   0.000000   0.002588
               7          8          9         10         11         12
     1  H   -0.270844  -0.022489   0.002588   0.000000  -0.001126  -0.097282
     2  H   -0.045750   0.001115   0.000077  -0.000018   0.000042  -0.001126
     3  H   -0.189619   0.295681  -0.013426   0.000028  -0.045750  -0.270844
     4  H    0.295681  -0.070217   0.001066   0.000111   0.001115  -0.022489
     5  H    0.000028   0.000111  -0.000018   0.000006  -0.000018   0.000000
     6  H   -0.013426   0.001066   0.000052  -0.000018   0.000077   0.002588
     7  H    0.940933  -0.040951  -0.001750   0.000116   0.003051   0.197332
     8  H   -0.040951   0.960505  -0.059494   0.000146  -0.061543   0.267609
     9  H   -0.001750  -0.059494   0.641200  -0.044681   0.502067  -0.039347
    10  H    0.000116   0.000146  -0.044681   1.114372  -0.045323   0.000230
    11  H    0.003051  -0.061543   0.502067  -0.045323   0.662308  -0.009992
    12  H    0.197332   0.267609  -0.039347   0.000230  -0.009992   0.808768
 Mulliken charges:
               1
     1  H    0.164554
     2  H   -0.004909
     3  H    0.125199
     4  H   -0.271540
     5  H   -0.024970
     6  H    0.011666
     7  H    0.125199
     8  H   -0.271540
     9  H    0.011666
    10  H   -0.024970
    11  H   -0.004909
    12  H    0.164554
 Sum of Mulliken charges =  -0.00000
 Mulliken charges with hydrogens summed into heavy atoms:
               1
 Electronic spatial extent (au):  <R**2>=            293.3644
 Charge=             -0.0000 electrons
 Dipole moment (field-independent basis, Debye):
    X=              0.0000    Y=             -0.0000    Z=             -0.0000  Tot=              0.0000
 Quadrupole moment (field-independent basis, Debye-Ang):
   XX=            -15.8832   YY=            -22.7705   ZZ=            -15.4035
   XY=              1.7409   XZ=              0.0000   YZ=             -0.0000
 Traceless Quadrupole moment (field-independent basis, Debye-Ang):
   XX=              2.1359   YY=             -4.7514   ZZ=              2.6156
   XY=              1.7409   XZ=              0.0000   YZ=             -0.0000
 Octapole moment (field-independent basis, Debye-Ang**2):
  XXX=              0.0000  YYY=             -0.0000  ZZZ=             -0.0000  XYY=              0.0000
  XXY=              0.0000  XXZ=             -0.0000  XZZ=              0.0000  YZZ=              0.0000
  YYZ=             -0.0000  XYZ=              0.0000
 Hexadecapole moment (field-independent basis, Debye-Ang**3):
 XXXX=            -48.0487 YYYY=           -752.9106 ZZZZ=            -18.5507 XXXY=             34.4110
 XXXZ=              0.0000 YYYX=             67.6479 YYYZ=             -0.0000 ZZZX=              0.0000
 ZZZY=             -0.0000 XXYY=           -101.9513 XXZZ=            -11.1136 YYZZ=            -96.8932
 XXYZ=             -0.0000 YYXZ=              0.0000 ZZXY=             11.7385
 N-N= 1.682794934955D+01 E-N=-4.418615091977D+01  KE= 6.296698821707D+00
 Symmetry AG   KE= 2.789821958378D+00
 Symmetry BG   KE= 0.000000000000D+00
 Symmetry AU   KE= 0.000000000000D+00
 Symmetry BU   KE= 3.506876863329D+00

 Test job not archived.
 1\1\GINC-SULU\Stability\RHF\Gen\H12\LCJ1\17-Feb-2017\0\\#rhf/gen scf(s
 ymm,tight,novaracc,noincfock,fulldiag) stable(crhf) guess=read geom=no
 crowd test\\hf stability analysis of h12 triangular lattice, y= 0.3350
 0078657648524\\0,1\H\H,1,1.7556865006\H,1,1.7556865006,2,158.\H,2,1.75
 56865006,1,22.,3,0.,0\H,2,1.7556865006,1,180.,3,0.,0\H,4,1.7556865006,
 3,180.,5,0.,0\H,6,1.7556865006,5,180.,3,0.,0\H,4,1.7556865006,2,180.,3
 ,0.,0\H,3,1.7556865006,1,180.,4,0.,0\H,9,1.7556865006,3,180.,4,0.,0\H,
 8,1.7556865006,4,180.,3,0.,0\H,7,1.7556865006,6,180.,3,0.,0\\Version=E
 S64L-G09RevE.01\State=1-AG\HF=-5.6228881\MP2=-6.3105028\RMSD=3.616e-09
 \Dipole=0.,0.,0.\Quadrupole=1.7685191,1.9446137,-3.7131328,0.,0.847431
 4,0.\PG=C02H [SGH(H12)]\\@


 THE REAL VOYAGE OF DISCOVERY CONSISTS NOT IN SEEKING NEW LANDSCAPES 
 BUT IN HAVING NEW EYES.
                                                    -- MARCEL PROUST
 Job cpu time:       0 days  0 hours  0 minutes  1.0 seconds.
 File lengths (MBytes):  RWF=     84 Int=      0 D2E=      0 Chk=      2 Scr=      2
 Normal termination of Gaussian 09 at Fri Feb 17 14:54:25 2017.
