 Entering Gaussian System, Link 0=g09
 AtFile(1): H.gbs
            H     0
            S   10   1.00
               1000.000000000000            0.000068713567
                316.227766000000            0.000169141320
                100.000000000000            0.000823394812
                 31.622776600000            0.003425569236
                 10.000000000000            0.013951996000
                  3.162277660000            0.056909313560
                  1.000000000000            0.198286399900
                  0.316227766000            0.496922426700
                  0.100000000000            0.369846276400
                  0.031622776600            0.003752720039
            ****
 Initial command:
 /projects/guscus/apps/gau/g09-e1/g09/l1.exe "/users/lcj1/gaussian/h12/rhfstability/rect/guess/ag3bu3/Gau-2931.inp" -scrdir="/users/lcj1/gaussian/h12/rhfstability/rect/guess/ag3bu3/"
 Entering Link 1 = /projects/guscus/apps/gau/g09-e1/g09/l1.exe PID=      2932.
  
 Copyright (c) 1988,1990,1992,1993,1995,1998,2003,2009,2015,
            Gaussian, Inc.  All Rights Reserved.
  
 This is part of the Gaussian(R) 09 program.  It is based on
 the Gaussian(R) 03 system (copyright 2003, Gaussian, Inc.),
 the Gaussian(R) 98 system (copyright 1998, Gaussian, Inc.),
 the Gaussian(R) 94 system (copyright 1995, Gaussian, Inc.),
 the Gaussian 92(TM) system (copyright 1992, Gaussian, Inc.),
 the Gaussian 90(TM) system (copyright 1990, Gaussian, Inc.),
 the Gaussian 88(TM) system (copyright 1988, Gaussian, Inc.),
 the Gaussian 86(TM) system (copyright 1986, Carnegie Mellon
 University), and the Gaussian 82(TM) system (copyright 1983,
 Carnegie Mellon University). Gaussian is a federally registered
 trademark of Gaussian, Inc.
  
 This software contains proprietary and confidential information,
 including trade secrets, belonging to Gaussian, Inc.
  
 This software is provided under written license and may be
 used, copied, transmitted, or stored only in accord with that
 written license.
  
 The following legend is applicable only to US Government
 contracts under FAR:
  
                    RESTRICTED RIGHTS LEGEND
  
 Use, reproduction and disclosure by the US Government is
 subject to restrictions as set forth in subparagraphs (a)
 and (c) of the Commercial Computer Software - Restricted
 Rights clause in FAR 52.227-19.
  
 Gaussian, Inc.
 340 Quinnipiac St., Bldg. 40, Wallingford CT 06492
  
  
 ---------------------------------------------------------------
 Warning -- This program may not be used in any manner that
 competes with the business of Gaussian, Inc. or will provide
 assistance to any competitor of Gaussian, Inc.  The licensee
 of this program is prohibited from giving any competitor of
 Gaussian, Inc. access to this program.  By using this program,
 the user acknowledges that Gaussian, Inc. is engaged in the
 business of creating and licensing software in the field of
 computational chemistry and represents and warrants to the
 licensee that it is not a competitor of Gaussian, Inc. and that
 it will not use this program in any manner prohibited above.
 ---------------------------------------------------------------
  

 Cite this work as:
 Gaussian 09, Revision E.01,
 M. J. Frisch, G. W. Trucks, H. B. Schlegel, G. E. Scuseria, 
 M. A. Robb, J. R. Cheeseman, G. Scalmani, V. Barone, B. Mennucci, 
 G. A. Petersson, H. Nakatsuji, M. Caricato, X. Li, H. P. Hratchian, 
 A. F. Izmaylov, J. Bloino, G. Zheng, J. L. Sonnenberg, M. Hada, 
 M. Ehara, K. Toyota, R. Fukuda, J. Hasegawa, M. Ishida, T. Nakajima, 
 Y. Honda, O. Kitao, H. Nakai, T. Vreven, J. A. Montgomery, Jr., 
 J. E. Peralta, F. Ogliaro, M. Bearpark, J. J. Heyd, E. Brothers, 
 K. N. Kudin, V. N. Staroverov, T. Keith, R. Kobayashi, J. Normand, 
 K. Raghavachari, A. Rendell, J. C. Burant, S. S. Iyengar, J. Tomasi, 
 M. Cossi, N. Rega, J. M. Millam, M. Klene, J. E. Knox, J. B. Cross, 
 V. Bakken, C. Adamo, J. Jaramillo, R. Gomperts, R. E. Stratmann, 
 O. Yazyev, A. J. Austin, R. Cammi, C. Pomelli, J. W. Ochterski, 
 R. L. Martin, K. Morokuma, V. G. Zakrzewski, G. A. Voth, 
 P. Salvador, J. J. Dannenberg, S. Dapprich, A. D. Daniels, 
 O. Farkas, J. B. Foresman, J. V. Ortiz, J. Cioslowski, 
 and D. J. Fox, Gaussian, Inc., Wallingford CT, 2013.
 
 ******************************************
 Gaussian 09:  ES64L-G09RevE.01 30-Nov-2015
                17-Feb-2017 
 ******************************************
 %chk=h12.chk
 ----------------------------------------------------------------------
 #rhf/gen scf(symm,tight,novaracc,noincfock,fulldiag) stable(crhf) gues
 s=read geom=nocrowd test
 ----------------------------------------------------------------------
 1/38=1/1;
 2/12=1,17=6,18=5,40=1/2;
 3/5=7,16=1,25=1,30=1,116=1/1,2,3;
 4/5=1,9=4/1;
 5/5=100002,15=2,16=1,32=2,38=6/2;
 8/6=1,10=90,11=11/1,4;
 9/8=4,13=1/2;
 6/7=2,8=2,9=2,10=2,28=1/1;
 99/5=1,9=1/99;
 ----------------------------------------------------------------------
 hf stability analysis of h12 triangular lattice, y= 0.9949868959062069
 3
 ----------------------------------------------------------------------
 Symbolic Z-matrix:
 Charge =  0 Multiplicity = 1
 H
 H                    1     1.15182 
 H                    1     1.15182  2     60.5 
 H                    2     1.15182  1     119.5    3     0.       0
 H                    2     1.15182  1     180.     3     0.       0
 H                    4     1.15182  3     180.     5     0.       0
 H                    6     1.15182  5     180.     3     0.       0
 H                    4     1.15182  2     180.     3     0.       0
 H                    3     1.15182  1     180.     4     0.       0
 H                    9     1.15182  3     180.     4     0.       0
 H                    8     1.15182  4     180.     3     0.       0
 H                    7     1.15182  6     180.     3     0.       0
 
                          Input orientation:                          
 ---------------------------------------------------------------------
 Center     Atomic      Atomic             Coordinates (Angstroms)
 Number     Number       Type             X           Y           Z
 ---------------------------------------------------------------------
      1          1           0        0.000000    0.000000    0.000000
      2          1           0        0.000000    0.000000    1.151824
      3          1           0        1.002497    0.000000    0.567186
      4          1           0        1.002497    0.000000    1.719010
      5          1           0        0.000000    0.000000    2.303649
      6          1           0        1.002497    0.000000    2.870834
      7          1           0        2.004994    0.000000    3.438020
      8          1           0        2.004994    0.000000    2.286195
      9          1           0        2.004994    0.000000    1.134371
     10          1           0        3.007491    0.000000    1.701557
     11          1           0        3.007491    0.000000    2.853381
     12          1           0        3.007491    0.000000    4.005205
 ---------------------------------------------------------------------
                    Distance matrix (angstroms):
                    1          2          3          4          5
     1  H    0.000000
     2  H    1.151824   0.000000
     3  H    1.151824   1.160518   0.000000
     4  H    1.989974   1.151824   1.151824   0.000000
     5  H    2.303649   1.151824   2.005070   1.160518   0.000000
     6  H    3.040837   1.989974   2.303649   1.151824   1.151824
     7  H    3.979948   3.040837   3.040837   1.989974   2.303649
     8  H    3.040837   2.303649   1.989974   1.151824   2.005070
     9  H    2.303649   2.005070   1.151824   1.160518   2.321037
    10  H    3.455473   3.057320   2.303649   2.005070   3.067168
    11  H    4.145695   3.455473   3.040837   2.303649   3.057320
    12  H    5.008660   4.145695   3.979948   3.040837   3.455473
                    6          7          8          9         10
     6  H    0.000000
     7  H    1.151824   0.000000
     8  H    1.160518   1.151824   0.000000
     9  H    2.005070   2.303649   1.151824   0.000000
    10  H    2.321037   2.005070   1.160518   1.151824   0.000000
    11  H    2.005070   1.160518   1.151824   1.989974   1.151824
    12  H    2.303649   1.151824   1.989974   3.040837   2.303649
                   11         12
    11  H    0.000000
    12  H    1.151824   0.000000
 Stoichiometry    H12
 Framework group  C2H[SGH(H12)]
 Deg. of freedom    11
 Full point group                 C2H     NOp   4
 Largest Abelian subgroup         C2H     NOp   4
 Largest concise Abelian subgroup C2      NOp   2
                         Standard orientation:                         
 ---------------------------------------------------------------------
 Center     Atomic      Atomic             Coordinates (Angstroms)
 Number     Number       Type             X           Y           Z
 ---------------------------------------------------------------------
      1          1           0        1.002497    2.294922   -0.000000
      2          1           0        0.000000    1.727737   -0.000000
      3          1           0        1.002497    1.143098   -0.000000
      4          1           0        0.000000    0.575912   -0.000000
      5          1           0       -1.002497    1.160551    0.000000
      6          1           0       -1.002497    0.008727    0.000000
      7          1           0       -1.002497   -1.143098   -0.000000
      8          1           0       -0.000000   -0.575912   -0.000000
      9          1           0        1.002497   -0.008727    0.000000
     10          1           0        1.002497   -1.160551    0.000000
     11          1           0       -0.000000   -1.727737   -0.000000
     12          1           0       -1.002497   -2.294922   -0.000000
 ---------------------------------------------------------------------
 Rotational constants (GHZ):     74.5538784     21.0801576     16.4335583
 General basis read from cards:  (5D, 7F)
 There are     6 symmetry adapted cartesian basis functions of AG  symmetry.
 There are     0 symmetry adapted cartesian basis functions of BG  symmetry.
 There are     0 symmetry adapted cartesian basis functions of AU  symmetry.
 There are     6 symmetry adapted cartesian basis functions of BU  symmetry.
 There are     6 symmetry adapted basis functions of AG  symmetry.
 There are     0 symmetry adapted basis functions of BG  symmetry.
 There are     0 symmetry adapted basis functions of AU  symmetry.
 There are     6 symmetry adapted basis functions of BU  symmetry.
    12 basis functions,   120 primitive gaussians,    12 cartesian basis functions
     6 alpha electrons        6 beta electrons
       nuclear repulsion energy        19.5653605491 Hartrees.
 NAtoms=   12 NActive=   12 NUniq=    6 SFac= 4.00D+00 NAtFMM=   60 NAOKFM=F Big=F
 Integral buffers will be    131072 words long.
 Regular integral format.
 Two-electron integral symmetry is turned on.
 One-electron integrals computed using PRISM.
 NBasis=    12 RedAO= T EigKep=  1.77D-01  NBF=     6     0     0     6
 NBsUse=    12 1.00D-06 EigRej= -1.00D+00 NBFU=     6     0     0     6
 Initial guess from the checkpoint file:  "h12.chk"
 B after Tr=    -0.000000    0.000000    0.000000
         Rot=    0.970377    0.000000    0.000000   -0.241594 Ang= -27.96 deg.
 Initial guess orbital symmetries:
       Occupied  (AG) (BU) (AG) (BU) (BU) (AG)
       Virtual   (BU) (AG) (BU) (AG) (AG) (BU)
 Keep R1 ints in memory in symmetry-blocked form, NReq=903448.
 Requested convergence on RMS density matrix=1.00D-08 within 128 cycles.
 Requested convergence on MAX density matrix=1.00D-06.
 Requested convergence on             energy=1.00D-06.
 No special actions if energy rises.
 SCF Done:  E(RHF) =  -5.92260827206     A.U. after   13 cycles
            NFock= 13  Conv=0.53D-08     -V/T= 1.9566
 Range of M.O.s used for correlation:     1    12
 NBasis=    12 NAE=     6 NBE=     6 NFC=     0 NFV=     0
 NROrb=     12 NOA=     6 NOB=     6 NVA=     6 NVB=     6
 Semi-Direct transformation.
 ModeAB=           4 MOrb=             6 LenV=     134084129
 LASXX=         2181 LTotXX=        2181 LenRXX=        5115
 LTotAB=        2934 MaxLAS=        3024 LenRXY=           0
 NonZer=        7296 LenScr=      655360 LnRSAI=        3024
 LnScr1=      655360 LExtra=           0 Total=      1318859
 MaxDsk=          -1 SrtSym=           T ITran=            3
 JobTyp=0 Pass  1:  I=   1 to   6.
 (rs|ai) integrals will be sorted in core.
 Spin components of T(2) and E(2):
     alpha-alpha T2 =       0.4644779525D-02 E2=     -0.7035439365D-02
     alpha-beta  T2 =       0.6301391291D-01 E2=     -0.9897915824D-01
     beta-beta   T2 =       0.4644779525D-02 E2=     -0.7035439365D-02
 ANorm=    0.1035520870D+01
 E2 =    -0.1130500370D+00 EUMP2 =    -0.60356583090234D+01
 Second order stability test of a single determinant RHF wave function:
 Stabil:  MDV=134217728
 ***********************************************************************
 Matrix         Lowest Root    Major Pairs
 ***********************************************************************
 Internal RHF     0.1728564    Stable
 RRHF --> CRHF    0.1324726    Stable
 RRHF --> RUHF    0.041434     Stable
 Stable under the perturbations considered.
 ***********************************************************************

 **********************************************************************

            Population analysis using the SCF density.

 **********************************************************************

 Orbital symmetries:
       Occupied  (AG) (BU) (BU) (AG) (AG) (BU)
       Virtual   (AG) (BU) (AG) (BU) (BU) (AG)
 The electronic state is 1-AG.
 Alpha  occ. eigenvalues --   -0.97400  -0.79149  -0.62929  -0.55928  -0.39154
 Alpha  occ. eigenvalues --   -0.30543
 Alpha virt. eigenvalues --    0.09187   0.20550   0.23895   0.35287   0.54601
 Alpha virt. eigenvalues --    0.57216
          Condensed to atoms (all electrons):
               1          2          3          4          5          6
     1  H    1.061941   0.218562   0.131233  -0.167163  -0.064355   0.014448
     2  H    0.218562   0.692851  -0.023181  -0.085315   0.248866  -0.032951
     3  H    0.131233  -0.023181   0.756505   0.098535  -0.117523  -0.028768
     4  H   -0.167163  -0.085315   0.098535   1.050164   0.191538  -0.053085
     5  H   -0.064355   0.248866  -0.117523   0.191538   1.038273  -0.078359
     6  H    0.014448  -0.032951  -0.028768  -0.053085  -0.078359   0.878963
     7  H    0.003646  -0.009222   0.013975  -0.039795  -0.068149   0.215481
     8  H    0.024221  -0.029309  -0.039795  -0.210838  -0.087640   0.316492
     9  H   -0.076633  -0.095331   0.215481   0.316492  -0.043503  -0.079825
    10  H    0.005035   0.017864  -0.068149  -0.087640   0.018554  -0.043503
    11  H   -0.000215   0.009757  -0.009222  -0.029309   0.017864  -0.095331
    12  H   -0.001167  -0.000215   0.003646   0.024221   0.005035  -0.076633
               7          8          9         10         11         12
     1  H    0.003646   0.024221  -0.076633   0.005035  -0.000215  -0.001167
     2  H   -0.009222  -0.029309  -0.095331   0.017864   0.009757  -0.000215
     3  H    0.013975  -0.039795   0.215481  -0.068149  -0.009222   0.003646
     4  H   -0.039795  -0.210838   0.316492  -0.087640  -0.029309   0.024221
     5  H   -0.068149  -0.087640  -0.043503   0.018554   0.017864   0.005035
     6  H    0.215481   0.316492  -0.079825  -0.043503  -0.095331  -0.076633
     7  H    0.756505   0.098535  -0.028768  -0.117523  -0.023181   0.131233
     8  H    0.098535   1.050164  -0.053085   0.191538  -0.085315  -0.167163
     9  H   -0.028768  -0.053085   0.878963  -0.078359  -0.032951   0.014448
    10  H   -0.117523   0.191538  -0.078359   1.038273   0.248866  -0.064355
    11  H   -0.023181  -0.085315  -0.032951   0.248866   0.692851   0.218562
    12  H    0.131233  -0.167163   0.014448  -0.064355   0.218562   1.061941
 Mulliken charges:
               1
     1  H   -0.149553
     2  H    0.087624
     3  H    0.067265
     4  H   -0.007806
     5  H   -0.060601
     6  H    0.063071
     7  H    0.067265
     8  H   -0.007806
     9  H    0.063071
    10  H   -0.060601
    11  H    0.087624
    12  H   -0.149553
 Sum of Mulliken charges =   0.00000
 Mulliken charges with hydrogens summed into heavy atoms:
               1
 Electronic spatial extent (au):  <R**2>=            152.5170
 Charge=             -0.0000 electrons
 Dipole moment (field-independent basis, Debye):
    X=             -0.0000    Y=              0.0000    Z=              0.0000  Tot=              0.0000
 Quadrupole moment (field-independent basis, Debye-Ang):
   XX=            -17.7726   YY=            -25.4812   ZZ=            -15.3213
   XY=             -2.3705   XZ=             -0.0000   YZ=             -0.0000
 Traceless Quadrupole moment (field-independent basis, Debye-Ang):
   XX=              1.7524   YY=             -5.9562   ZZ=              4.2037
   XY=             -2.3705   XZ=             -0.0000   YZ=             -0.0000
 Octapole moment (field-independent basis, Debye-Ang**2):
  XXX=              0.0000  YYY=             -0.0000  ZZZ=              0.0000  XYY=             -0.0000
  XXY=             -0.0000  XXZ=              0.0000  XZZ=              0.0000  YZZ=             -0.0000
  YYZ=              0.0000  XYZ=              0.0000
 Hexadecapole moment (field-independent basis, Debye-Ang**3):
 XXXX=            -88.0832 YYYY=           -275.2457 ZZZZ=            -18.2179 XXXY=            -23.7002
 XXXZ=             -0.0000 YYYX=            -38.2039 YYYZ=             -0.0000 ZZZX=             -0.0000
 ZZZY=             -0.0000 XXYY=            -62.1912 XXZZ=            -17.5175 YYZZ=            -39.0698
 XXYZ=             -0.0000 YYXZ=             -0.0000 ZZXY=             -6.7465
 N-N= 1.956536054906D+01 E-N=-4.986552972252D+01  KE= 6.191627965380D+00
 Symmetry AG   KE= 2.945391884627D+00
 Symmetry BG   KE= 0.000000000000D+00
 Symmetry AU   KE= 0.000000000000D+00
 Symmetry BU   KE= 3.246236080752D+00

 Test job not archived.
 1\1\GINC-SULU\Stability\RHF\Gen\H12\LCJ1\17-Feb-2017\0\\#rhf/gen scf(s
 ymm,tight,novaracc,noincfock,fulldiag) stable(crhf) guess=read geom=no
 crowd test\\hf stability analysis of h12 triangular lattice, y= 0.9949
 8689590620693\\0,1\H\H,1,1.1518244771\H,1,1.1518244771,2,60.5\H,2,1.15
 18244771,1,119.5,3,0.,0\H,2,1.1518244771,1,180.,3,0.,0\H,4,1.151824477
 1,3,180.,5,0.,0\H,6,1.1518244771,5,180.,3,0.,0\H,4,1.1518244771,2,180.
 ,3,0.,0\H,3,1.1518244771,1,180.,4,0.,0\H,9,1.1518244771,3,180.,4,0.,0\
 H,8,1.1518244771,4,180.,3,0.,0\H,7,1.1518244771,6,180.,3,0.,0\\Version
 =ES64L-G09RevE.01\State=1-AG\HF=-5.9226083\MP2=-6.0356583\RMSD=5.290e-
 09\Dipole=0.,0.,0.\Quadrupole=-1.5278642,3.1253831,-1.5975189,0.,-3.36
 39873,0.\PG=C02H [SGH(H12)]\\@


    THE DOUGHNUT CREED
 AS YOU RAMBLE ON THROUGH LIFE, BROTHER
 WHATEVER BE YOUR GOAL
 KEEP YOUR EYE UPON THE DOUGHNUT
 AND NOT UPON THE HOLE.
 Job cpu time:       0 days  0 hours  0 minutes  1.1 seconds.
 File lengths (MBytes):  RWF=     84 Int=      0 D2E=      0 Chk=      2 Scr=      2
 Normal termination of Gaussian 09 at Fri Feb 17 15:04:42 2017.
