 Entering Gaussian System, Link 0=g09
 AtFile(1): H.gbs
            H     0
            S   10   1.00
               1000.000000000000            0.000068713567
                316.227766000000            0.000169141320
                100.000000000000            0.000823394812
                 31.622776600000            0.003425569236
                 10.000000000000            0.013951996000
                  3.162277660000            0.056909313560
                  1.000000000000            0.198286399900
                  0.316227766000            0.496922426700
                  0.100000000000            0.369846276400
                  0.031622776600            0.003752720039
            ****
 Initial command:
 /projects/guscus/apps/gau/g09-e1/g09/l1.exe "/users/lcj1/gaussian/h12/rhfstability/rect/guess/ag3bu3/Gau-27235.inp" -scrdir="/users/lcj1/gaussian/h12/rhfstability/rect/guess/ag3bu3/"
 Entering Link 1 = /projects/guscus/apps/gau/g09-e1/g09/l1.exe PID=     27236.
  
 Copyright (c) 1988,1990,1992,1993,1995,1998,2003,2009,2015,
            Gaussian, Inc.  All Rights Reserved.
  
 This is part of the Gaussian(R) 09 program.  It is based on
 the Gaussian(R) 03 system (copyright 2003, Gaussian, Inc.),
 the Gaussian(R) 98 system (copyright 1998, Gaussian, Inc.),
 the Gaussian(R) 94 system (copyright 1995, Gaussian, Inc.),
 the Gaussian 92(TM) system (copyright 1992, Gaussian, Inc.),
 the Gaussian 90(TM) system (copyright 1990, Gaussian, Inc.),
 the Gaussian 88(TM) system (copyright 1988, Gaussian, Inc.),
 the Gaussian 86(TM) system (copyright 1986, Carnegie Mellon
 University), and the Gaussian 82(TM) system (copyright 1983,
 Carnegie Mellon University). Gaussian is a federally registered
 trademark of Gaussian, Inc.
  
 This software contains proprietary and confidential information,
 including trade secrets, belonging to Gaussian, Inc.
  
 This software is provided under written license and may be
 used, copied, transmitted, or stored only in accord with that
 written license.
  
 The following legend is applicable only to US Government
 contracts under FAR:
  
                    RESTRICTED RIGHTS LEGEND
  
 Use, reproduction and disclosure by the US Government is
 subject to restrictions as set forth in subparagraphs (a)
 and (c) of the Commercial Computer Software - Restricted
 Rights clause in FAR 52.227-19.
  
 Gaussian, Inc.
 340 Quinnipiac St., Bldg. 40, Wallingford CT 06492
  
  
 ---------------------------------------------------------------
 Warning -- This program may not be used in any manner that
 competes with the business of Gaussian, Inc. or will provide
 assistance to any competitor of Gaussian, Inc.  The licensee
 of this program is prohibited from giving any competitor of
 Gaussian, Inc. access to this program.  By using this program,
 the user acknowledges that Gaussian, Inc. is engaged in the
 business of creating and licensing software in the field of
 computational chemistry and represents and warrants to the
 licensee that it is not a competitor of Gaussian, Inc. and that
 it will not use this program in any manner prohibited above.
 ---------------------------------------------------------------
  

 Cite this work as:
 Gaussian 09, Revision E.01,
 M. J. Frisch, G. W. Trucks, H. B. Schlegel, G. E. Scuseria, 
 M. A. Robb, J. R. Cheeseman, G. Scalmani, V. Barone, B. Mennucci, 
 G. A. Petersson, H. Nakatsuji, M. Caricato, X. Li, H. P. Hratchian, 
 A. F. Izmaylov, J. Bloino, G. Zheng, J. L. Sonnenberg, M. Hada, 
 M. Ehara, K. Toyota, R. Fukuda, J. Hasegawa, M. Ishida, T. Nakajima, 
 Y. Honda, O. Kitao, H. Nakai, T. Vreven, J. A. Montgomery, Jr., 
 J. E. Peralta, F. Ogliaro, M. Bearpark, J. J. Heyd, E. Brothers, 
 K. N. Kudin, V. N. Staroverov, T. Keith, R. Kobayashi, J. Normand, 
 K. Raghavachari, A. Rendell, J. C. Burant, S. S. Iyengar, J. Tomasi, 
 M. Cossi, N. Rega, J. M. Millam, M. Klene, J. E. Knox, J. B. Cross, 
 V. Bakken, C. Adamo, J. Jaramillo, R. Gomperts, R. E. Stratmann, 
 O. Yazyev, A. J. Austin, R. Cammi, C. Pomelli, J. W. Ochterski, 
 R. L. Martin, K. Morokuma, V. G. Zakrzewski, G. A. Voth, 
 P. Salvador, J. J. Dannenberg, S. Dapprich, A. D. Daniels, 
 O. Farkas, J. B. Foresman, J. V. Ortiz, J. Cioslowski, 
 and D. J. Fox, Gaussian, Inc., Wallingford CT, 2013.
 
 ******************************************
 Gaussian 09:  ES64L-G09RevE.01 30-Nov-2015
                17-Feb-2017 
 ******************************************
 %chk=h12.chk
 ----------------------------------------------------------------------
 #rhf/gen scf(symm,tight,novaracc,noincfock,fulldiag) stable(crhf) gues
 s=read geom=nocrowd test
 ----------------------------------------------------------------------
 1/38=1/1;
 2/12=1,17=6,18=5,40=1/2;
 3/5=7,16=1,25=1,30=1,116=1/1,2,3;
 4/5=1,9=4/1;
 5/5=100002,15=2,16=1,32=2,38=6/2;
 8/6=1,10=90,11=11/1,4;
 9/8=4,13=1/2;
 6/7=2,8=2,9=2,10=2,28=1/1;
 99/5=1,9=1/99;
 ----------------------------------------------------------------------
 hf stability analysis of h12 triangular lattice, y= 0.7401925230820305
 4
 ----------------------------------------------------------------------
 Symbolic Z-matrix:
 Charge =  0 Multiplicity = 1
 H
 H                    1     1.07531 
 H                    1     1.07531  2     93. 
 H                    2     1.07531  1     87.      3     0.       0
 H                    2     1.07531  1     180.     3     0.       0
 H                    4     1.07531  3     180.     5     0.       0
 H                    6     1.07531  5     180.     3     0.       0
 H                    4     1.07531  2     180.     3     0.       0
 H                    3     1.07531  1     180.     4     0.       0
 H                    9     1.07531  3     180.     4     0.       0
 H                    8     1.07531  4     180.     3     0.       0
 H                    7     1.07531  6     180.     3     0.       0
 
                          Input orientation:                          
 ---------------------------------------------------------------------
 Center     Atomic      Atomic             Coordinates (Angstroms)
 Number     Number       Type             X           Y           Z
 ---------------------------------------------------------------------
      1          1           0        0.000000    0.000000    0.000000
      2          1           0        0.000000    0.000000    1.075307
      3          1           0        1.073833    0.000000   -0.056277
      4          1           0        1.073833    0.000000    1.019030
      5          1           0        0.000000    0.000000    2.150614
      6          1           0        1.073833    0.000000    2.094337
      7          1           0        2.147667    0.000000    2.038060
      8          1           0        2.147667    0.000000    0.962753
      9          1           0        2.147667    0.000000   -0.112554
     10          1           0        3.221500    0.000000   -0.168832
     11          1           0        3.221500    0.000000    0.906475
     12          1           0        3.221500    0.000000    1.981782
 ---------------------------------------------------------------------
                    Distance matrix (angstroms):
                    1          2          3          4          5
     1  H    0.000000
     2  H    1.075307   0.000000
     3  H    1.075307   1.560000   0.000000
     4  H    1.480385   1.075307   1.075307   0.000000
     5  H    2.150614   1.075307   2.454279   1.560000   0.000000
     6  H    2.353586   1.480385   2.150614   1.075307   1.075307
     7  H    2.960770   2.353586   2.353586   1.480385   2.150614
     8  H    2.353586   2.150614   1.480385   1.075307   2.454279
     9  H    2.150614   2.454279   1.075307   1.560000   3.120001
    10  H    3.225921   3.453396   2.150614   2.454279   3.969621
    11  H    3.346604   3.225921   2.353586   2.150614   3.453396
    12  H    3.782264   3.346604   2.960770   2.353586   3.225921
                    6          7          8          9         10
     6  H    0.000000
     7  H    1.075307   0.000000
     8  H    1.560000   1.075307   0.000000
     9  H    2.454279   2.150614   1.075307   0.000000
    10  H    3.120001   2.454279   1.560000   1.075307   0.000000
    11  H    2.454279   1.560000   1.075307   1.480385   1.075307
    12  H    2.150614   1.075307   1.480385   2.353586   2.150614
                   11         12
    11  H    0.000000
    12  H    1.075307   0.000000
 Stoichiometry    H12
 Framework group  C2H[SGH(H12)]
 Deg. of freedom    11
 Full point group                 C2H     NOp   4
 Largest Abelian subgroup         C2H     NOp   4
 Largest concise Abelian subgroup C2      NOp   2
                         Standard orientation:                         
 ---------------------------------------------------------------------
 Center     Atomic      Atomic             Coordinates (Angstroms)
 Number     Number       Type             X           Y           Z
 ---------------------------------------------------------------------
      1          1           0        1.073833    1.556683    0.000000
      2          1           0        0.000000    1.612961    0.000000
      3          1           0        1.073833    0.481376    0.000000
      4          1           0        0.000000    0.537654    0.000000
      5          1           0       -1.073833    1.669238    0.000000
      6          1           0       -1.073833    0.593931    0.000000
      7          1           0       -1.073833   -0.481376    0.000000
      8          1           0       -0.000000   -0.537654    0.000000
      9          1           0        1.073833   -0.593931    0.000000
     10          1           0        1.073833   -1.669238    0.000000
     11          1           0       -0.000000   -1.612961    0.000000
     12          1           0       -1.073833   -1.556683    0.000000
 ---------------------------------------------------------------------
 Rotational constants (GHZ):     54.5276385     28.8222204     18.8555522
 General basis read from cards:  (5D, 7F)
 There are     6 symmetry adapted cartesian basis functions of AG  symmetry.
 There are     0 symmetry adapted cartesian basis functions of BG  symmetry.
 There are     0 symmetry adapted cartesian basis functions of AU  symmetry.
 There are     6 symmetry adapted cartesian basis functions of BU  symmetry.
 There are     6 symmetry adapted basis functions of AG  symmetry.
 There are     0 symmetry adapted basis functions of BG  symmetry.
 There are     0 symmetry adapted basis functions of AU  symmetry.
 There are     6 symmetry adapted basis functions of BU  symmetry.
    12 basis functions,   120 primitive gaussians,    12 cartesian basis functions
     6 alpha electrons        6 beta electrons
       nuclear repulsion energy        20.1745269752 Hartrees.
 NAtoms=   12 NActive=   12 NUniq=    6 SFac= 4.00D+00 NAtFMM=   60 NAOKFM=F Big=F
 Integral buffers will be    131072 words long.
 Regular integral format.
 Two-electron integral symmetry is turned on.
 One-electron integrals computed using PRISM.
 NBasis=    12 RedAO= T EigKep=  1.08D-01  NBF=     6     0     0     6
 NBsUse=    12 1.00D-06 EigRej= -1.00D+00 NBFU=     6     0     0     6
 Initial guess from the checkpoint file:  "h12.chk"
 B after Tr=     0.000000    0.000000    0.000000
         Rot=    0.986117   -0.000000    0.000000   -0.166053 Ang= -19.12 deg.
 Initial guess orbital symmetries:
       Occupied  (AG) (BU) (AG) (BU) (BU) (AG)
       Virtual   (BU) (AG) (BU) (AG) (AG) (BU)
 Keep R1 ints in memory in symmetry-blocked form, NReq=903924.
 Requested convergence on RMS density matrix=1.00D-08 within 128 cycles.
 Requested convergence on MAX density matrix=1.00D-06.
 Requested convergence on             energy=1.00D-06.
 No special actions if energy rises.
 SCF Done:  E(RHF) =  -5.67216587034     A.U. after   16 cycles
            NFock= 16  Conv=0.17D-08     -V/T= 1.8706
 Range of M.O.s used for correlation:     1    12
 NBasis=    12 NAE=     6 NBE=     6 NFC=     0 NFV=     0
 NROrb=     12 NOA=     6 NOB=     6 NVA=     6 NVB=     6
 Semi-Direct transformation.
 ModeAB=           4 MOrb=             6 LenV=     134084409
 LASXX=         2181 LTotXX=        2181 LenRXX=        5115
 LTotAB=        2934 MaxLAS=        3024 LenRXY=           0
 NonZer=        7296 LenScr=      655360 LnRSAI=        3024
 LnScr1=      655360 LExtra=           0 Total=      1318859
 MaxDsk=          -1 SrtSym=           T ITran=            3
 JobTyp=0 Pass  1:  I=   1 to   6.
 (rs|ai) integrals will be sorted in core.
 Spin components of T(2) and E(2):
     alpha-alpha T2 =       0.4897152399D-02 E2=     -0.7078702013D-02
     alpha-beta  T2 =       0.8256365639D-01 E2=     -0.1123318581D+00
     beta-beta   T2 =       0.4897152399D-02 E2=     -0.7078702013D-02
 ANorm=    0.1045159299D+01
 E2 =    -0.1264892621D+00 EUMP2 =    -0.57986551324469D+01
 Second order stability test of a single determinant RHF wave function:
 Stabil:  MDV=134217728
 ***********************************************************************
 Matrix         Lowest Root    Major Pairs
 ***********************************************************************
 Internal RHF    -0.0912956    6A=7A
 RRHF --> CRHF   -0.1262923    6A=7A
 RRHF --> RUHF   -0.2031091    6A=7B
 Not stable.
 ***********************************************************************

 **********************************************************************

            Population analysis using the SCF density.

 **********************************************************************

 Orbital symmetries:
       Occupied  (AG) (BU) (BU) (AG) (AG) (BU)
       Virtual   (AG) (BU) (BU) (AG) (AG) (BU)
 The electronic state is 1-AG.
 Alpha  occ. eigenvalues --   -1.01615  -0.79151  -0.69036  -0.50661  -0.47473
 Alpha  occ. eigenvalues --   -0.18580
 Alpha virt. eigenvalues --   -0.03486   0.08632   0.21409   0.44445   0.54017
 Alpha virt. eigenvalues --    0.92920
          Condensed to atoms (all electrons):
               1          2          3          4          5          6
     1  H    1.138139   0.083232   0.104032   0.087184  -0.145169   0.003012
     2  H    0.083232   0.728074   0.001034  -0.136307   0.395790  -0.071345
     3  H    0.104032   0.001034   0.735816   0.026043  -0.007350  -0.104313
     4  H    0.087184  -0.136307   0.026043   0.856685  -0.204843   0.385732
     5  H   -0.145169   0.395790  -0.007350  -0.204843   1.454873  -0.227954
     6  H    0.003012  -0.071345  -0.104313   0.385732  -0.227954   1.023384
     7  H    0.016108  -0.042623  -0.021535   0.102346  -0.104819   0.181913
     8  H   -0.090451  -0.051343   0.102346  -0.006628   0.032783  -0.089093
     9  H   -0.137051  -0.001469   0.181913  -0.089093   0.033989  -0.057714
    10  H    0.022109  -0.000845  -0.104819   0.032783  -0.007881   0.033989
    11  H    0.012698   0.010517  -0.042623  -0.051343  -0.000845  -0.001469
    12  H    0.000209   0.012698   0.016108  -0.090451   0.022109  -0.137051
               7          8          9         10         11         12
     1  H    0.016108  -0.090451  -0.137051   0.022109   0.012698   0.000209
     2  H   -0.042623  -0.051343  -0.001469  -0.000845   0.010517   0.012698
     3  H   -0.021535   0.102346   0.181913  -0.104819  -0.042623   0.016108
     4  H    0.102346  -0.006628  -0.089093   0.032783  -0.051343  -0.090451
     5  H   -0.104819   0.032783   0.033989  -0.007881  -0.000845   0.022109
     6  H    0.181913  -0.089093  -0.057714   0.033989  -0.001469  -0.137051
     7  H    0.735816   0.026043  -0.104313  -0.007350   0.001034   0.104032
     8  H    0.026043   0.856685   0.385732  -0.204843  -0.136307   0.087184
     9  H   -0.104313   0.385732   1.023384  -0.227954  -0.071345   0.003012
    10  H   -0.007350  -0.204843  -0.227954   1.454873   0.395790  -0.145169
    11  H    0.001034  -0.136307  -0.071345   0.395790   0.728074   0.083232
    12  H    0.104032   0.087184   0.003012  -0.145169   0.083232   1.138139
 Mulliken charges:
               1
     1  H   -0.094054
     2  H    0.072588
     3  H    0.113348
     4  H    0.087891
     5  H   -0.240683
     6  H    0.060910
     7  H    0.113348
     8  H    0.087891
     9  H    0.060910
    10  H   -0.240683
    11  H    0.072588
    12  H   -0.094054
 Sum of Mulliken charges =  -0.00000
 Mulliken charges with hydrogens summed into heavy atoms:
               1
 Electronic spatial extent (au):  <R**2>=            140.1657
 Charge=             -0.0000 electrons
 Dipole moment (field-independent basis, Debye):
    X=              0.0000    Y=             -0.0000    Z=             -0.0000  Tot=              0.0000
 Quadrupole moment (field-independent basis, Debye-Ang):
   XX=            -18.4645   YY=            -27.2514   ZZ=            -15.0727
   XY=              3.4887   XZ=             -0.0000   YZ=              0.0000
 Traceless Quadrupole moment (field-independent basis, Debye-Ang):
   XX=              1.7983   YY=             -6.9885   ZZ=              5.1902
   XY=              3.4887   XZ=             -0.0000   YZ=              0.0000
 Octapole moment (field-independent basis, Debye-Ang**2):
  XXX=             -0.0000  YYY=              0.0000  ZZZ=             -0.0000  XYY=              0.0000
  XXY=             -0.0000  XXZ=             -0.0000  XZZ=              0.0000  YZZ=             -0.0000
  YYZ=             -0.0000  XYZ=              0.0000
 Hexadecapole moment (field-independent basis, Debye-Ang**3):
 XXXX=            -97.0113 YYYY=           -223.2685 ZZZZ=            -17.7438 XXXY=              5.5650
 XXXZ=             -0.0000 YYYX=             20.0417 YYYZ=              0.0000 ZZZX=             -0.0000
 ZZZY=              0.0000 XXYY=            -61.0899 XXZZ=            -18.7710 YYZZ=            -32.0400
 XXYZ=              0.0000 YYXZ=             -0.0000 ZZXY=              1.3675
 N-N= 2.017452697517D+01 E-N=-5.087815270640D+01  KE= 6.515063241791D+00
 Symmetry AG   KE= 2.956357104285D+00
 Symmetry BG   KE= 0.000000000000D+00
 Symmetry AU   KE= 0.000000000000D+00
 Symmetry BU   KE= 3.558706137506D+00

 Test job not archived.
 1\1\GINC-SULU\Stability\RHF\Gen\H12\LCJ1\17-Feb-2017\0\\#rhf/gen scf(s
 ymm,tight,novaracc,noincfock,fulldiag) stable(crhf) guess=read geom=no
 crowd test\\hf stability analysis of h12 triangular lattice, y= 0.7401
 9252308203054\\0,1\H\H,1,1.0753070187\H,1,1.0753070187,2,93.\H,2,1.075
 3070187,1,87.,3,0.,0\H,2,1.0753070187,1,180.,3,0.,0\H,4,1.0753070187,3
 ,180.,5,0.,0\H,6,1.0753070187,5,180.,3,0.,0\H,4,1.0753070187,2,180.,3,
 0.,0\H,3,1.0753070187,1,180.,4,0.,0\H,9,1.0753070187,3,180.,4,0.,0\H,8
 ,1.0753070187,4,180.,3,0.,0\H,7,1.0753070187,6,180.,3,0.,0\\Version=ES
 64L-G09RevE.01\State=1-AG\HF=-5.6721659\MP2=-5.7986551\RMSD=1.750e-09\
 Dipole=0.,0.,0.\Quadrupole=-4.9067732,3.8587846,1.0479886,0.,2.9209995
 ,0.\PG=C02H [SGH(H12)]\\@


 NOT WHAT WE DID SHALL BE THE TEST
 WHEN ACT AND WILL ARE DONE,
 BUT WHAT OUR LORD INFERS WE WOULD-
 HAD WE DIVINER BEEN.
           EMILY DICKINSON  POEMS NO. CLXXV
 Job cpu time:       0 days  0 hours  0 minutes  1.1 seconds.
 File lengths (MBytes):  RWF=     84 Int=      0 D2E=      0 Chk=      2 Scr=      2
 Normal termination of Gaussian 09 at Fri Feb 17 15:01:18 2017.
