 Entering Gaussian System, Link 0=g09
 AtFile(1): H.gbs
            H     0
            S   10   1.00
               1000.000000000000            0.000068713567
                316.227766000000            0.000169141320
                100.000000000000            0.000823394812
                 31.622776600000            0.003425569236
                 10.000000000000            0.013951996000
                  3.162277660000            0.056909313560
                  1.000000000000            0.198286399900
                  0.316227766000            0.496922426700
                  0.100000000000            0.369846276400
                  0.031622776600            0.003752720039
            ****
 Initial command:
 /projects/guscus/apps/gau/g09-e1/g09/l1.exe "/users/lcj1/gaussian/h12/rhfstability/rect/guess/ag3bu3/Gau-13506.inp" -scrdir="/users/lcj1/gaussian/h12/rhfstability/rect/guess/ag3bu3/"
 Entering Link 1 = /projects/guscus/apps/gau/g09-e1/g09/l1.exe PID=     13507.
  
 Copyright (c) 1988,1990,1992,1993,1995,1998,2003,2009,2015,
            Gaussian, Inc.  All Rights Reserved.
  
 This is part of the Gaussian(R) 09 program.  It is based on
 the Gaussian(R) 03 system (copyright 2003, Gaussian, Inc.),
 the Gaussian(R) 98 system (copyright 1998, Gaussian, Inc.),
 the Gaussian(R) 94 system (copyright 1995, Gaussian, Inc.),
 the Gaussian 92(TM) system (copyright 1992, Gaussian, Inc.),
 the Gaussian 90(TM) system (copyright 1990, Gaussian, Inc.),
 the Gaussian 88(TM) system (copyright 1988, Gaussian, Inc.),
 the Gaussian 86(TM) system (copyright 1986, Carnegie Mellon
 University), and the Gaussian 82(TM) system (copyright 1983,
 Carnegie Mellon University). Gaussian is a federally registered
 trademark of Gaussian, Inc.
  
 This software contains proprietary and confidential information,
 including trade secrets, belonging to Gaussian, Inc.
  
 This software is provided under written license and may be
 used, copied, transmitted, or stored only in accord with that
 written license.
  
 The following legend is applicable only to US Government
 contracts under FAR:
  
                    RESTRICTED RIGHTS LEGEND
  
 Use, reproduction and disclosure by the US Government is
 subject to restrictions as set forth in subparagraphs (a)
 and (c) of the Commercial Computer Software - Restricted
 Rights clause in FAR 52.227-19.
  
 Gaussian, Inc.
 340 Quinnipiac St., Bldg. 40, Wallingford CT 06492
  
  
 ---------------------------------------------------------------
 Warning -- This program may not be used in any manner that
 competes with the business of Gaussian, Inc. or will provide
 assistance to any competitor of Gaussian, Inc.  The licensee
 of this program is prohibited from giving any competitor of
 Gaussian, Inc. access to this program.  By using this program,
 the user acknowledges that Gaussian, Inc. is engaged in the
 business of creating and licensing software in the field of
 computational chemistry and represents and warrants to the
 licensee that it is not a competitor of Gaussian, Inc. and that
 it will not use this program in any manner prohibited above.
 ---------------------------------------------------------------
  

 Cite this work as:
 Gaussian 09, Revision E.01,
 M. J. Frisch, G. W. Trucks, H. B. Schlegel, G. E. Scuseria, 
 M. A. Robb, J. R. Cheeseman, G. Scalmani, V. Barone, B. Mennucci, 
 G. A. Petersson, H. Nakatsuji, M. Caricato, X. Li, H. P. Hratchian, 
 A. F. Izmaylov, J. Bloino, G. Zheng, J. L. Sonnenberg, M. Hada, 
 M. Ehara, K. Toyota, R. Fukuda, J. Hasegawa, M. Ishida, T. Nakajima, 
 Y. Honda, O. Kitao, H. Nakai, T. Vreven, J. A. Montgomery, Jr., 
 J. E. Peralta, F. Ogliaro, M. Bearpark, J. J. Heyd, E. Brothers, 
 K. N. Kudin, V. N. Staroverov, T. Keith, R. Kobayashi, J. Normand, 
 K. Raghavachari, A. Rendell, J. C. Burant, S. S. Iyengar, J. Tomasi, 
 M. Cossi, N. Rega, J. M. Millam, M. Klene, J. E. Knox, J. B. Cross, 
 V. Bakken, C. Adamo, J. Jaramillo, R. Gomperts, R. E. Stratmann, 
 O. Yazyev, A. J. Austin, R. Cammi, C. Pomelli, J. W. Ochterski, 
 R. L. Martin, K. Morokuma, V. G. Zakrzewski, G. A. Voth, 
 P. Salvador, J. J. Dannenberg, S. Dapprich, A. D. Daniels, 
 O. Farkas, J. B. Foresman, J. V. Ortiz, J. Cioslowski, 
 and D. J. Fox, Gaussian, Inc., Wallingford CT, 2013.
 
 ******************************************
 Gaussian 09:  ES64L-G09RevE.01 30-Nov-2015
                17-Feb-2017 
 ******************************************
 %chk=h12.chk
 ----------------------------------------------------------------------
 #rhf/gen scf(symm,tight,novaracc,noincfock,fulldiag) stable(crhf) gues
 s=read geom=nocrowd test
 ----------------------------------------------------------------------
 1/38=1/1;
 2/12=1,17=6,18=5,40=1/2;
 3/5=7,16=1,25=1,30=1,116=1/1,2,3;
 4/5=1,9=4/1;
 5/5=100002,15=2,16=1,32=2,38=6/2;
 8/6=1,10=90,11=11/1,4;
 9/8=4,13=1/2;
 6/7=2,8=2,9=2,10=2,28=1/1;
 99/5=1,9=1/99;
 ----------------------------------------------------------------------
 hf stability analysis of h12 triangular lattice, y= 1.9654877006520655
 ----------------------------------------------------------------------
 Symbolic Z-matrix:
 Charge =  0 Multiplicity = 1
 H
 H                    1     1.98732 
 H                    1     1.98732  2     17. 
 H                    2     1.98732  1     163.     3     0.       0
 H                    2     1.98732  1     180.     3     0.       0
 H                    4     1.98732  3     180.     5     0.       0
 H                    6     1.98732  5     180.     3     0.       0
 H                    4     1.98732  2     180.     3     0.       0
 H                    3     1.98732  1     180.     4     0.       0
 H                    9     1.98732  3     180.     4     0.       0
 H                    8     1.98732  4     180.     3     0.       0
 H                    7     1.98732  6     180.     3     0.       0
 
                          Input orientation:                          
 ---------------------------------------------------------------------
 Center     Atomic      Atomic             Coordinates (Angstroms)
 Number     Number       Type             X           Y           Z
 ---------------------------------------------------------------------
      1          1           0        0.000000    0.000000    0.000000
      2          1           0        0.000000    0.000000    1.987317
      3          1           0        0.581035    0.000000    1.900480
      4          1           0        0.581035    0.000000    3.887797
      5          1           0        0.000000    0.000000    3.974633
      6          1           0        0.581035    0.000000    5.875114
      7          1           0        1.162070    0.000000    7.775594
      8          1           0        1.162070    0.000000    5.788277
      9          1           0        1.162070    0.000000    3.800961
     10          1           0        1.743105    0.000000    5.701441
     11          1           0        1.743105    0.000000    7.688758
     12          1           0        1.743105    0.000000    9.676074
 ---------------------------------------------------------------------
                    Distance matrix (angstroms):
                    1          2          3          4          5
     1  H    0.000000
     2  H    1.987317   0.000000
     3  H    1.987317   0.587488   0.000000
     4  H    3.930975   1.987317   1.987317   0.000000
     5  H    3.974633   1.987317   2.153999   0.587488   0.000000
     6  H    5.903775   3.930975   3.974633   1.987317   1.987317
     7  H    7.861951   5.903775   5.903775   3.930975   3.974633
     8  H    5.903775   3.974633   3.930975   1.987317   2.153999
     9  H    3.974633   2.153999   1.987317   0.587488   1.174976
    10  H    5.961950   4.102821   3.974633   2.153999   2.453626
    11  H    7.883870   5.961950   5.903775   3.974633   4.102821
    12  H    9.831828   7.883870   7.861951   5.903775   5.961950
                    6          7          8          9         10
     6  H    0.000000
     7  H    1.987317   0.000000
     8  H    0.587488   1.987317   0.000000
     9  H    2.153999   3.974633   1.987317   0.000000
    10  H    1.174976   2.153999   0.587488   1.987317   0.000000
    11  H    2.153999   0.587488   1.987317   3.930975   1.987317
    12  H    3.974633   1.987317   3.930975   5.903775   3.974633
                   11         12
    11  H    0.000000
    12  H    1.987317   0.000000
 Stoichiometry    H12
 Framework group  C2H[SGH(H12)]
 Deg. of freedom    11
 Full point group                 C2H     NOp   4
 Largest Abelian subgroup         C2H     NOp   4
 Largest concise Abelian subgroup C2      NOp   2
                         Standard orientation:                         
 ---------------------------------------------------------------------
 Center     Atomic      Atomic             Coordinates (Angstroms)
 Number     Number       Type             X           Y           Z
 ---------------------------------------------------------------------
      1          1           0        0.581035    4.881455   -0.000000
      2          1           0        0.000000    2.980975   -0.000000
      3          1           0        0.581035    2.894139   -0.000000
      4          1           0        0.000000    0.993658   -0.000000
      5          1           0       -0.581035    1.080495   -0.000000
      6          1           0       -0.581035   -0.906822    0.000000
      7          1           0       -0.581035   -2.894139   -0.000000
      8          1           0       -0.000000   -0.993658   -0.000000
      9          1           0        0.581035    0.906822   -0.000000
     10          1           0        0.581035   -1.080495   -0.000000
     11          1           0       -0.000000   -2.980975   -0.000000
     12          1           0       -0.581035   -4.881455   -0.000000
 ---------------------------------------------------------------------
 Rotational constants (GHZ):    279.0592520      5.6318032      5.5203940
 General basis read from cards:  (5D, 7F)
 There are     6 symmetry adapted cartesian basis functions of AG  symmetry.
 There are     0 symmetry adapted cartesian basis functions of BG  symmetry.
 There are     0 symmetry adapted cartesian basis functions of AU  symmetry.
 There are     6 symmetry adapted cartesian basis functions of BU  symmetry.
 There are     6 symmetry adapted basis functions of AG  symmetry.
 There are     0 symmetry adapted basis functions of BG  symmetry.
 There are     0 symmetry adapted basis functions of AU  symmetry.
 There are     6 symmetry adapted basis functions of BU  symmetry.
    12 basis functions,   120 primitive gaussians,    12 cartesian basis functions
     6 alpha electrons        6 beta electrons
       nuclear repulsion energy        16.3807491743 Hartrees.
 NAtoms=   12 NActive=   12 NUniq=    6 SFac= 4.00D+00 NAtFMM=   60 NAOKFM=F Big=F
 Integral buffers will be    131072 words long.
 Regular integral format.
 Two-electron integral symmetry is turned on.
 One-electron integrals computed using PRISM.
 NBasis=    12 RedAO= T EigKep=  5.65D-02  NBF=     6     0     0     6
 NBsUse=    12 1.00D-06 EigRej= -1.00D+00 NBFU=     6     0     0     6
 Initial guess from the checkpoint file:  "h12.chk"
 B after Tr=    -0.000000    0.000000   -0.000000
         Rot=    0.962432    0.000000    0.000000   -0.271523 Ang= -31.51 deg.
 Initial guess orbital symmetries:
       Occupied  (AG) (BU) (AG) (BU) (BU) (AG)
       Virtual   (BU) (AG) (BU) (AG) (AG) (BU)
 Keep R1 ints in memory in symmetry-blocked form, NReq=895804.
 Requested convergence on RMS density matrix=1.00D-08 within 128 cycles.
 Requested convergence on MAX density matrix=1.00D-06.
 Requested convergence on             energy=1.00D-06.
 No special actions if energy rises.
 SCF Done:  E(RHF) =  -5.30424621949     A.U. after   14 cycles
            NFock= 14  Conv=0.91D-08     -V/T= 1.8363
 Range of M.O.s used for correlation:     1    12
 NBasis=    12 NAE=     6 NBE=     6 NFC=     0 NFV=     0
 NROrb=     12 NOA=     6 NOB=     6 NVA=     6 NVB=     6

 **** Warning!!: The smallest alpha delta epsilon is  0.54404449D-01

 Semi-Direct transformation.
 ModeAB=           4 MOrb=             6 LenV=     134092641
 LASXX=         2181 LTotXX=        2181 LenRXX=        5115
 LTotAB=        2934 MaxLAS=        3024 LenRXY=           0
 NonZer=        7296 LenScr=      655360 LnRSAI=        3024
 LnScr1=      655360 LExtra=           0 Total=      1318859
 MaxDsk=          -1 SrtSym=           T ITran=            3
 JobTyp=0 Pass  1:  I=   1 to   6.
 (rs|ai) integrals will be sorted in core.
 Spin components of T(2) and E(2):
     alpha-alpha T2 =       0.4975442191D-02 E2=     -0.4338560941D-02
     alpha-beta  T2 =       0.7053772097D+01 E2=     -0.8319055181D+00
     beta-beta   T2 =       0.4975442191D-02 E2=     -0.4338560941D-02
 ANorm=    0.2839669520D+01
 E2 =    -0.8405826400D+00 EUMP2 =    -0.61448288594513D+01
 Second order stability test of a single determinant RHF wave function:
 Stabil:  MDV=134217728
 ***********************************************************************
 Matrix         Lowest Root    Major Pairs
 ***********************************************************************
 Internal RHF     0.0242219    Stable
 RRHF --> CRHF    0.0002902    Stable
 RRHF --> RUHF   -0.5762159    6A=7B
 Not stable.
 ***********************************************************************

 **********************************************************************

            Population analysis using the SCF density.

 **********************************************************************

 Orbital symmetries:
       Occupied  (AG) (BU) (AG) (BU) (BU) (AG)
       Virtual   (BU) (AG) (BU) (AG) (AG) (BU)
 The electronic state is 1-AG.
 Alpha  occ. eigenvalues --   -0.89881  -0.83869  -0.68809  -0.68248  -0.28485
 Alpha  occ. eigenvalues --   -0.19917
 Alpha virt. eigenvalues --   -0.14476   0.04506   0.53381   0.54300   1.07542
 Alpha virt. eigenvalues --    1.24654
          Condensed to atoms (all electrons):
               1          2          3          4          5          6
     1  H    1.059757  -0.027296  -0.028332   0.000287   0.000418   0.000016
     2  H   -0.027296   0.604528   0.489717  -0.034773  -0.000224   0.001269
     3  H   -0.028332   0.489717   0.597610  -0.034344  -0.025985  -0.000826
     4  H    0.000287  -0.034773  -0.034344   1.045801   0.233058  -0.021612
     5  H    0.000418  -0.000224  -0.025985   0.233058   0.955888   0.195897
     6  H    0.000016   0.001269  -0.000826  -0.021612   0.195897   1.035146
     7  H   -0.000002   0.000009   0.000004   0.000348   0.001102  -0.000137
     8  H    0.000013   0.000338   0.000348  -0.038705  -0.011961   0.246091
     9  H   -0.000229  -0.027172  -0.000137   0.246091  -0.438636  -0.179909
    10  H   -0.000005  -0.000666   0.001102  -0.011961  -0.112847  -0.438636
    11  H   -0.000002   0.000004   0.000009   0.000338  -0.000666  -0.027172
    12  H    0.000001  -0.000002  -0.000002   0.000013  -0.000005  -0.000229
               7          8          9         10         11         12
     1  H   -0.000002   0.000013  -0.000229  -0.000005  -0.000002   0.000001
     2  H    0.000009   0.000338  -0.027172  -0.000666   0.000004  -0.000002
     3  H    0.000004   0.000348  -0.000137   0.001102   0.000009  -0.000002
     4  H    0.000348  -0.038705   0.246091  -0.011961   0.000338   0.000013
     5  H    0.001102  -0.011961  -0.438636  -0.112847  -0.000666  -0.000005
     6  H   -0.000137   0.246091  -0.179909  -0.438636  -0.027172  -0.000229
     7  H    0.597610  -0.034344  -0.000826  -0.025985   0.489717  -0.028332
     8  H   -0.034344   1.045801  -0.021612   0.233058  -0.034773   0.000287
     9  H   -0.000826  -0.021612   1.035146   0.195897   0.001269   0.000016
    10  H   -0.025985   0.233058   0.195897   0.955888  -0.000224   0.000418
    11  H    0.489717  -0.034773   0.001269  -0.000224   0.604528  -0.027296
    12  H   -0.028332   0.000287   0.000016   0.000418  -0.027296   1.059757
 Mulliken charges:
               1
     1  H   -0.004624
     2  H   -0.005732
     3  H    0.000834
     4  H   -0.384540
     5  H    0.203961
     6  H    0.190101
     7  H    0.000834
     8  H   -0.384540
     9  H    0.190101
    10  H    0.203961
    11  H   -0.005732
    12  H   -0.004624
 Sum of Mulliken charges =   0.00000
 Mulliken charges with hydrogens summed into heavy atoms:
               1
 Electronic spatial extent (au):  <R**2>=            362.3728
 Charge=              0.0000 electrons
 Dipole moment (field-independent basis, Debye):
    X=             -0.0000    Y=             -0.0000    Z=             -0.0000  Tot=              0.0000
 Quadrupole moment (field-independent basis, Debye-Ang):
   XX=            -16.3034   YY=            -19.3036   ZZ=            -15.4890
   XY=             -0.7762   XZ=              0.0000   YZ=             -0.0000
 Traceless Quadrupole moment (field-independent basis, Debye-Ang):
   XX=              0.7286   YY=             -2.2716   ZZ=              1.5430
   XY=             -0.7762   XZ=              0.0000   YZ=             -0.0000
 Octapole moment (field-independent basis, Debye-Ang**2):
  XXX=             -0.0000  YYY=              0.0000  ZZZ=              0.0000  XYY=             -0.0000
  XXY=              0.0000  XXZ=              0.0000  XZZ=              0.0000  YZZ=             -0.0000
  YYZ=              0.0000  XYZ=              0.0000
 Hexadecapole moment (field-independent basis, Debye-Ang**3):
 XXXX=            -43.0818 YYYY=           -869.5372 ZZZZ=            -18.7839 XXXY=            -34.6992
 XXXZ=             -0.0000 YYYX=            -55.2937 YYYZ=             -0.0000 ZZZX=             -0.0000
 ZZZY=             -0.0000 XXYY=           -125.9572 XXZZ=            -10.2882 YYZZ=           -124.0495
 XXYZ=             -0.0000 YYXZ=             -0.0000 ZZXY=            -11.9302
 N-N= 1.638074917426D+01 E-N=-4.252795703792D+01  KE= 6.342139784865D+00
 Symmetry AG   KE= 2.737764092783D+00
 Symmetry BG   KE= 0.000000000000D+00
 Symmetry AU   KE= 0.000000000000D+00
 Symmetry BU   KE= 3.604375692082D+00

 Test job not archived.
 1\1\GINC-SULU\Stability\RHF\Gen\H12\LCJ1\17-Feb-2017\0\\#rhf/gen scf(s
 ymm,tight,novaracc,noincfock,fulldiag) stable(crhf) guess=read geom=no
 crowd test\\hf stability analysis of h12 triangular lattice, y= 1.9654
 877006520655\\0,1\H\H,1,1.9873166466\H,1,1.9873166466,2,17.\H,2,1.9873
 166466,1,163.,3,0.,0\H,2,1.9873166466,1,180.,3,0.,0\H,4,1.9873166466,3
 ,180.,5,0.,0\H,6,1.9873166466,5,180.,3,0.,0\H,4,1.9873166466,2,180.,3,
 0.,0\H,3,1.9873166466,1,180.,4,0.,0\H,9,1.9873166466,3,180.,4,0.,0\H,8
 ,1.9873166466,4,180.,3,0.,0\H,7,1.9873166466,6,180.,3,0.,0\\Version=ES
 64L-G09RevE.01\State=1-AG\HF=-5.3042462\MP2=-6.1448289\RMSD=9.136e-09\
 Dipole=0.,0.,0.\Quadrupole=0.6737343,1.1471742,-1.8209086,0.,-0.145202
 9,0.\PG=C02H [SGH(H12)]\\@


 When I told the people of Northern Ireland that I was
 an atheist, a woman in the audience stood up and said,
 "Yes, but is it the God of the Catholics or the God
 of the Protestants in whom you don't believe?"
                               -- Quentin Crisp
 Job cpu time:       0 days  0 hours  0 minutes  1.0 seconds.
 File lengths (MBytes):  RWF=     84 Int=      0 D2E=      0 Chk=      2 Scr=      2
 Normal termination of Gaussian 09 at Fri Feb 17 15:09:11 2017.
