 Entering Gaussian System, Link 0=g09
 AtFile(1): H.gbs
            H     0
            S   10   1.00
               1000.000000000000            0.000068713567
                316.227766000000            0.000169141320
                100.000000000000            0.000823394812
                 31.622776600000            0.003425569236
                 10.000000000000            0.013951996000
                  3.162277660000            0.056909313560
                  1.000000000000            0.198286399900
                  0.316227766000            0.496922426700
                  0.100000000000            0.369846276400
                  0.031622776600            0.003752720039
            ****
 Initial command:
 /projects/guscus/apps/gau/g09-e1/g09/l1.exe "/users/lcj1/gaussian/h12/rhfstability/rect/guess/ag3bu3/Gau-19397.inp" -scrdir="/users/lcj1/gaussian/h12/rhfstability/rect/guess/ag3bu3/"
 Entering Link 1 = /projects/guscus/apps/gau/g09-e1/g09/l1.exe PID=     19398.
  
 Copyright (c) 1988,1990,1992,1993,1995,1998,2003,2009,2015,
            Gaussian, Inc.  All Rights Reserved.
  
 This is part of the Gaussian(R) 09 program.  It is based on
 the Gaussian(R) 03 system (copyright 2003, Gaussian, Inc.),
 the Gaussian(R) 98 system (copyright 1998, Gaussian, Inc.),
 the Gaussian(R) 94 system (copyright 1995, Gaussian, Inc.),
 the Gaussian 92(TM) system (copyright 1992, Gaussian, Inc.),
 the Gaussian 90(TM) system (copyright 1990, Gaussian, Inc.),
 the Gaussian 88(TM) system (copyright 1988, Gaussian, Inc.),
 the Gaussian 86(TM) system (copyright 1986, Carnegie Mellon
 University), and the Gaussian 82(TM) system (copyright 1983,
 Carnegie Mellon University). Gaussian is a federally registered
 trademark of Gaussian, Inc.
  
 This software contains proprietary and confidential information,
 including trade secrets, belonging to Gaussian, Inc.
  
 This software is provided under written license and may be
 used, copied, transmitted, or stored only in accord with that
 written license.
  
 The following legend is applicable only to US Government
 contracts under FAR:
  
                    RESTRICTED RIGHTS LEGEND
  
 Use, reproduction and disclosure by the US Government is
 subject to restrictions as set forth in subparagraphs (a)
 and (c) of the Commercial Computer Software - Restricted
 Rights clause in FAR 52.227-19.
  
 Gaussian, Inc.
 340 Quinnipiac St., Bldg. 40, Wallingford CT 06492
  
  
 ---------------------------------------------------------------
 Warning -- This program may not be used in any manner that
 competes with the business of Gaussian, Inc. or will provide
 assistance to any competitor of Gaussian, Inc.  The licensee
 of this program is prohibited from giving any competitor of
 Gaussian, Inc. access to this program.  By using this program,
 the user acknowledges that Gaussian, Inc. is engaged in the
 business of creating and licensing software in the field of
 computational chemistry and represents and warrants to the
 licensee that it is not a competitor of Gaussian, Inc. and that
 it will not use this program in any manner prohibited above.
 ---------------------------------------------------------------
  

 Cite this work as:
 Gaussian 09, Revision E.01,
 M. J. Frisch, G. W. Trucks, H. B. Schlegel, G. E. Scuseria, 
 M. A. Robb, J. R. Cheeseman, G. Scalmani, V. Barone, B. Mennucci, 
 G. A. Petersson, H. Nakatsuji, M. Caricato, X. Li, H. P. Hratchian, 
 A. F. Izmaylov, J. Bloino, G. Zheng, J. L. Sonnenberg, M. Hada, 
 M. Ehara, K. Toyota, R. Fukuda, J. Hasegawa, M. Ishida, T. Nakajima, 
 Y. Honda, O. Kitao, H. Nakai, T. Vreven, J. A. Montgomery, Jr., 
 J. E. Peralta, F. Ogliaro, M. Bearpark, J. J. Heyd, E. Brothers, 
 K. N. Kudin, V. N. Staroverov, T. Keith, R. Kobayashi, J. Normand, 
 K. Raghavachari, A. Rendell, J. C. Burant, S. S. Iyengar, J. Tomasi, 
 M. Cossi, N. Rega, J. M. Millam, M. Klene, J. E. Knox, J. B. Cross, 
 V. Bakken, C. Adamo, J. Jaramillo, R. Gomperts, R. E. Stratmann, 
 O. Yazyev, A. J. Austin, R. Cammi, C. Pomelli, J. W. Ochterski, 
 R. L. Martin, K. Morokuma, V. G. Zakrzewski, G. A. Voth, 
 P. Salvador, J. J. Dannenberg, S. Dapprich, A. D. Daniels, 
 O. Farkas, J. B. Foresman, J. V. Ortiz, J. Cioslowski, 
 and D. J. Fox, Gaussian, Inc., Wallingford CT, 2013.
 
 ******************************************
 Gaussian 09:  ES64L-G09RevE.01 30-Nov-2015
                17-Feb-2017 
 ******************************************
 %chk=h12.chk
 ----------------------------------------------------------------------
 #rhf/gen scf(symm,tight,novaracc,noincfock,fulldiag) stable(crhf) gues
 s=read geom=nocrowd test
 ----------------------------------------------------------------------
 1/38=1/1;
 2/12=1,17=6,18=5,40=1/2;
 3/5=7,16=1,25=1,30=1,116=1/1,2,3;
 4/5=1,9=4/1;
 5/5=100002,15=2,16=1,32=2,38=6/2;
 8/6=1,10=90,11=11/1,4;
 9/8=4,13=1/2;
 6/7=2,8=2,9=2,10=2,28=1/1;
 99/5=1,9=1/99;
 ----------------------------------------------------------------------
 hf stability analysis of h12 triangular lattice, y= 0.5511430676164930
 1
 ----------------------------------------------------------------------
 Symbolic Z-matrix:
 Charge =  0 Multiplicity = 1
 H
 H                    1     1.18369 
 H                    1     1.18369  2     124.5 
 H                    2     1.18369  1     55.5     3     0.       0
 H                    2     1.18369  1     180.     3     0.       0
 H                    4     1.18369  3     180.     5     0.       0
 H                    6     1.18369  5     180.     3     0.       0
 H                    4     1.18369  2     180.     3     0.       0
 H                    3     1.18369  1     180.     4     0.       0
 H                    9     1.18369  3     180.     4     0.       0
 H                    8     1.18369  4     180.     3     0.       0
 H                    7     1.18369  6     180.     3     0.       0
 
                          Input orientation:                          
 ---------------------------------------------------------------------
 Center     Atomic      Atomic             Coordinates (Angstroms)
 Number     Number       Type             X           Y           Z
 ---------------------------------------------------------------------
      1          1           0        0.000000    0.000000    0.000000
      2          1           0        0.000000    0.000000    1.183690
      3          1           0        0.975510    0.000000   -0.670449
      4          1           0        0.975510    0.000000    0.513240
      5          1           0        0.000000    0.000000    2.367379
      6          1           0        0.975510    0.000000    1.696930
      7          1           0        1.951019    0.000000    1.026481
      8          1           0        1.951019    0.000000   -0.157209
      9          1           0        1.951019    0.000000   -1.340898
     10          1           0        2.926529    0.000000   -2.011347
     11          1           0        2.926529    0.000000   -0.827658
     12          1           0        2.926529    0.000000    0.356032
 ---------------------------------------------------------------------
                    Distance matrix (angstroms):
                    1          2          3          4          5
     1  H    0.000000
     2  H    1.183690   0.000000
     3  H    1.183690   2.095101   0.000000
     4  H    1.102286   1.183690   1.183690   0.000000
     5  H    2.367379   1.183690   3.190614   2.095101   0.000000
     6  H    1.957343   1.102286   2.367379   1.183690   1.183690
     7  H    2.204572   1.957343   1.957343   1.102286   2.367379
     8  H    1.957343   2.367379   1.102286   1.183690   3.190614
     9  H    2.367379   3.190614   1.183690   2.095101   4.190203
    10  H    3.551069   4.332763   2.367379   3.190614   5.266670
    11  H    3.041314   3.551069   1.957343   2.367379   4.332763
    12  H    2.948106   3.041314   2.204572   1.957343   3.551069
                    6          7          8          9         10
     6  H    0.000000
     7  H    1.183690   0.000000
     8  H    2.095101   1.183690   0.000000
     9  H    3.190614   2.367379   1.183690   0.000000
    10  H    4.190203   3.190614   2.095101   1.183690   0.000000
    11  H    3.190614   2.095101   1.183690   1.102286   1.183690
    12  H    2.367379   1.183690   1.102286   1.957343   2.367379
                   11         12
    11  H    0.000000
    12  H    1.183690   0.000000
 Stoichiometry    H12
 Framework group  C2H[SGH(H12)]
 Deg. of freedom    11
 Full point group                 C2H     NOp   4
 Largest Abelian subgroup         C2H     NOp   4
 Largest concise Abelian subgroup C2      NOp   2
                         Standard orientation:                         
 ---------------------------------------------------------------------
 Center     Atomic      Atomic             Coordinates (Angstroms)
 Number     Number       Type             X           Y           Z
 ---------------------------------------------------------------------
      1          1           0        0.975510    1.105085    0.000000
      2          1           0        0.000000    1.775534    0.000000
      3          1           0        0.975510   -0.078604   -0.000000
      4          1           0        0.000000    0.591845    0.000000
      5          1           0       -0.975510    2.445984    0.000000
      6          1           0       -0.975510    1.262294    0.000000
      7          1           0       -0.975510    0.078604   -0.000000
      8          1           0       -0.000000   -0.591845    0.000000
      9          1           0        0.975510   -1.262294    0.000000
     10          1           0        0.975510   -2.445984    0.000000
     11          1           0       -0.000000   -1.775534    0.000000
     12          1           0       -0.975510   -1.105085    0.000000
 ---------------------------------------------------------------------
 Rotational constants (GHZ):     81.7814945     19.2171551     15.5606800
 General basis read from cards:  (5D, 7F)
 There are     6 symmetry adapted cartesian basis functions of AG  symmetry.
 There are     0 symmetry adapted cartesian basis functions of BG  symmetry.
 There are     0 symmetry adapted cartesian basis functions of AU  symmetry.
 There are     6 symmetry adapted cartesian basis functions of BU  symmetry.
 There are     6 symmetry adapted basis functions of AG  symmetry.
 There are     0 symmetry adapted basis functions of BG  symmetry.
 There are     0 symmetry adapted basis functions of AU  symmetry.
 There are     6 symmetry adapted basis functions of BU  symmetry.
    12 basis functions,   120 primitive gaussians,    12 cartesian basis functions
     6 alpha electrons        6 beta electrons
       nuclear repulsion energy        19.3365753631 Hartrees.
 NAtoms=   12 NActive=   12 NUniq=    6 SFac= 4.00D+00 NAtFMM=   60 NAOKFM=F Big=F
 Integral buffers will be    131072 words long.
 Regular integral format.
 Two-electron integral symmetry is turned on.
 One-electron integrals computed using PRISM.
 NBasis=    12 RedAO= T EigKep=  1.86D-01  NBF=     6     0     0     6
 NBsUse=    12 1.00D-06 EigRej= -1.00D+00 NBFU=     6     0     0     6
 Initial guess from the checkpoint file:  "h12.chk"
 B after Tr=    -0.000000    0.000000    0.000000
         Rot=    0.997046   -0.000000    0.000000   -0.076810 Ang=  -8.81 deg.
 Initial guess orbital symmetries:
       Occupied  (AG) (BU) (AG) (BU) (BU) (AG)
       Virtual   (BU) (AG) (BU) (AG) (AG) (BU)
 Keep R1 ints in memory in symmetry-blocked form, NReq=902972.
 Requested convergence on RMS density matrix=1.00D-08 within 128 cycles.
 Requested convergence on MAX density matrix=1.00D-06.
 Requested convergence on             energy=1.00D-06.
 No special actions if energy rises.
 SCF Done:  E(RHF) =  -5.95267089788     A.U. after   13 cycles
            NFock= 13  Conv=0.24D-08     -V/T= 1.9689
 Range of M.O.s used for correlation:     1    12
 NBasis=    12 NAE=     6 NBE=     6 NFC=     0 NFV=     0
 NROrb=     12 NOA=     6 NOB=     6 NVA=     6 NVB=     6
 Semi-Direct transformation.
 ModeAB=           4 MOrb=             6 LenV=     134084997
 LASXX=         2181 LTotXX=        2181 LenRXX=        5115
 LTotAB=        2934 MaxLAS=        3024 LenRXY=           0
 NonZer=        7296 LenScr=      655360 LnRSAI=        3024
 LnScr1=      655360 LExtra=           0 Total=      1318859
 MaxDsk=          -1 SrtSym=           T ITran=            3
 JobTyp=0 Pass  1:  I=   1 to   6.
 (rs|ai) integrals will be sorted in core.
 Spin components of T(2) and E(2):
     alpha-alpha T2 =       0.4455189634D-02 E2=     -0.6786463012D-02
     alpha-beta  T2 =       0.6251149637D-01 E2=     -0.9833390774D-01
     beta-beta   T2 =       0.4455189634D-02 E2=     -0.6786463012D-02
 ANorm=    0.1035095105D+01
 E2 =    -0.1119068338D+00 EUMP2 =    -0.60645777316439D+01
 Second order stability test of a single determinant RHF wave function:
 Stabil:  MDV=134217728
 ***********************************************************************
 Matrix         Lowest Root    Major Pairs
 ***********************************************************************
 Internal RHF     0.2525191    Stable
 RRHF --> CRHF    0.2112798    Stable
 RRHF --> RUHF    0.0592263    Stable
 Stable under the perturbations considered.
 ***********************************************************************

 **********************************************************************

            Population analysis using the SCF density.

 **********************************************************************

 Orbital symmetries:
       Occupied  (AG) (BU) (BU) (AG) (AG) (BU)
       Virtual   (AG) (AG) (BU) (BU) (BU) (AG)
 The electronic state is 1-AG.
 Alpha  occ. eigenvalues --   -0.95559  -0.78805  -0.59948  -0.56953  -0.36745
 Alpha  occ. eigenvalues --   -0.33028
 Alpha virt. eigenvalues --    0.14249   0.19624   0.22447   0.39448   0.47164
 Alpha virt. eigenvalues --    0.56180
          Condensed to atoms (all electrons):
               1          2          3          4          5          6
     1  H    1.049600   0.254884  -0.097231   0.208429  -0.054585  -0.132157
     2  H    0.254884   0.710915  -0.035016  -0.072860   0.201097  -0.024246
     3  H   -0.097231  -0.035016   0.941478  -0.059498   0.012234  -0.015102
     4  H    0.208429  -0.072860  -0.059498   1.005221  -0.136717   0.054301
     5  H   -0.054585   0.201097   0.012234  -0.136717   0.958856   0.156056
     6  H   -0.132157  -0.024246  -0.015102   0.054301   0.156056   0.751249
     7  H   -0.066717  -0.111232  -0.076844   0.324632  -0.064619   0.221584
     8  H   -0.080732  -0.023142   0.324632  -0.193994   0.017786  -0.028823
     9  H   -0.057869  -0.008017   0.221584  -0.028823   0.002046   0.012422
    10  H    0.003458  -0.000251  -0.064619   0.017786  -0.000652   0.002046
    11  H    0.018465   0.008657  -0.111232  -0.023142  -0.000251  -0.008017
    12  H    0.020776   0.018465  -0.066717  -0.080732   0.003458  -0.057869
               7          8          9         10         11         12
     1  H   -0.066717  -0.080732  -0.057869   0.003458   0.018465   0.020776
     2  H   -0.111232  -0.023142  -0.008017  -0.000251   0.008657   0.018465
     3  H   -0.076844   0.324632   0.221584  -0.064619  -0.111232  -0.066717
     4  H    0.324632  -0.193994  -0.028823   0.017786  -0.023142  -0.080732
     5  H   -0.064619   0.017786   0.002046  -0.000652  -0.000251   0.003458
     6  H    0.221584  -0.028823   0.012422   0.002046  -0.008017  -0.057869
     7  H    0.941478  -0.059498  -0.015102   0.012234  -0.035016  -0.097231
     8  H   -0.059498   1.005221   0.054301  -0.136717  -0.072860   0.208429
     9  H   -0.015102   0.054301   0.751249   0.156056  -0.024246  -0.132157
    10  H    0.012234  -0.136717   0.156056   0.958856   0.201097  -0.054585
    11  H   -0.035016  -0.072860  -0.024246   0.201097   0.710915   0.254884
    12  H   -0.097231   0.208429  -0.132157  -0.054585   0.254884   1.049600
 Mulliken charges:
               1
     1  H   -0.066321
     2  H    0.080746
     3  H    0.026331
     4  H   -0.014602
     5  H   -0.094710
     6  H    0.068556
     7  H    0.026331
     8  H   -0.014602
     9  H    0.068556
    10  H   -0.094710
    11  H    0.080746
    12  H   -0.066321
 Sum of Mulliken charges =   0.00000
 Mulliken charges with hydrogens summed into heavy atoms:
               1
 Electronic spatial extent (au):  <R**2>=            156.7904
 Charge=              0.0000 electrons
 Dipole moment (field-independent basis, Debye):
    X=              0.0000    Y=              0.0000    Z=             -0.0000  Tot=              0.0000
 Quadrupole moment (field-independent basis, Debye-Ang):
   XX=            -17.8505   YY=            -22.8783   ZZ=            -15.3725
   XY=              0.9269   XZ=              0.0000   YZ=             -0.0000
 Traceless Quadrupole moment (field-independent basis, Debye-Ang):
   XX=              0.8499   YY=             -4.1779   ZZ=              3.3279
   XY=              0.9269   XZ=              0.0000   YZ=             -0.0000
 Octapole moment (field-independent basis, Debye-Ang**2):
  XXX=              0.0000  YYY=             -0.0000  ZZZ=             -0.0000  XYY=              0.0000
  XXY=              0.0000  XXZ=             -0.0000  XZZ=              0.0000  YZZ=             -0.0000
  YYZ=             -0.0000  XYZ=              0.0000
 Hexadecapole moment (field-independent basis, Debye-Ang**3):
 XXXX=            -85.3079 YYYY=           -276.2069 ZZZZ=            -18.3250 XXXY=             24.1844
 XXXZ=              0.0000 YYYX=             32.9876 YYYZ=              0.0000 ZZZX=              0.0000
 ZZZY=              0.0000 XXYY=            -60.9642 XXZZ=            -17.0574 YYZZ=            -41.4544
 XXYZ=              0.0000 YYXZ=             -0.0000 ZZXY=              7.3517
 N-N= 1.933657536312D+01 E-N=-4.950152538699D+01  KE= 6.143798849845D+00
 Symmetry AG   KE= 2.949014270612D+00
 Symmetry BG   KE= 0.000000000000D+00
 Symmetry AU   KE= 0.000000000000D+00
 Symmetry BU   KE= 3.194784579233D+00

 Test job not archived.
 1\1\GINC-SULU\Stability\RHF\Gen\H12\LCJ1\17-Feb-2017\0\\#rhf/gen scf(s
 ymm,tight,novaracc,noincfock,fulldiag) stable(crhf) guess=read geom=no
 crowd test\\hf stability analysis of h12 triangular lattice, y= 0.5511
 4306761649301\\0,1\H\H,1,1.1836895746\H,1,1.1836895746,2,124.5\H,2,1.1
 836895746,1,55.5,3,0.,0\H,2,1.1836895746,1,180.,3,0.,0\H,4,1.183689574
 6,3,180.,5,0.,0\H,6,1.1836895746,5,180.,3,0.,0\H,4,1.1836895746,2,180.
 ,3,0.,0\H,3,1.1836895746,1,180.,4,0.,0\H,9,1.1836895746,3,180.,4,0.,0\
 H,8,1.1836895746,4,180.,3,0.,0\H,7,1.1836895746,6,180.,3,0.,0\\Version
 =ES64L-G09RevE.01\State=1-AG\HF=-5.9526709\MP2=-6.0645777\RMSD=2.421e-
 09\Dipole=0.,0.,0.\Quadrupole=-1.2635648,2.4742307,-1.2106659,0.,1.991
 8482,0.\PG=C02H [SGH(H12)]\\@


 ACTORS ARE SO FORTUNATE.  THEY CAN CHOOSE WHETHER
 THEY WILL APPEAR IN A TRAGEDY OR IN COMEDY,
 WHETHER THEY WILL SUFFER OF MAKE MERRY,
 LAUGH OR SHED TEARS.  BUT IN REAL LIFE IT IS DIFFERENT.
 MOST MEN AND WOMEN ARE FORCED TO PERFORM
 PARTS FOR WHICH THEY HAVE NO QUALIFICATIONS.
 THE WORLD IS A STAGE, BUT THE PLAY IS BADLY CAST.

                                   -- OSCAR WILDE
 Job cpu time:       0 days  0 hours  0 minutes  1.1 seconds.
 File lengths (MBytes):  RWF=     84 Int=      0 D2E=      0 Chk=      2 Scr=      2
 Normal termination of Gaussian 09 at Fri Feb 17 14:57:56 2017.
