 Entering Gaussian System, Link 0=g09
 AtFile(1): H.gbs
            H     0
            S   10   1.00
               1000.000000000000            0.000068713567
                316.227766000000            0.000169141320
                100.000000000000            0.000823394812
                 31.622776600000            0.003425569236
                 10.000000000000            0.013951996000
                  3.162277660000            0.056909313560
                  1.000000000000            0.198286399900
                  0.316227766000            0.496922426700
                  0.100000000000            0.369846276400
                  0.031622776600            0.003752720039
            ****
 Initial command:
 /projects/guscus/apps/gau/g09-e1/g09/l1.exe "/users/lcj1/gaussian/h12/rhfstability/rect/guess/ag3bu3/Gau-8668.inp" -scrdir="/users/lcj1/gaussian/h12/rhfstability/rect/guess/ag3bu3/"
 Entering Link 1 = /projects/guscus/apps/gau/g09-e1/g09/l1.exe PID=      8669.
  
 Copyright (c) 1988,1990,1992,1993,1995,1998,2003,2009,2015,
            Gaussian, Inc.  All Rights Reserved.
  
 This is part of the Gaussian(R) 09 program.  It is based on
 the Gaussian(R) 03 system (copyright 2003, Gaussian, Inc.),
 the Gaussian(R) 98 system (copyright 1998, Gaussian, Inc.),
 the Gaussian(R) 94 system (copyright 1995, Gaussian, Inc.),
 the Gaussian 92(TM) system (copyright 1992, Gaussian, Inc.),
 the Gaussian 90(TM) system (copyright 1990, Gaussian, Inc.),
 the Gaussian 88(TM) system (copyright 1988, Gaussian, Inc.),
 the Gaussian 86(TM) system (copyright 1986, Carnegie Mellon
 University), and the Gaussian 82(TM) system (copyright 1983,
 Carnegie Mellon University). Gaussian is a federally registered
 trademark of Gaussian, Inc.
  
 This software contains proprietary and confidential information,
 including trade secrets, belonging to Gaussian, Inc.
  
 This software is provided under written license and may be
 used, copied, transmitted, or stored only in accord with that
 written license.
  
 The following legend is applicable only to US Government
 contracts under FAR:
  
                    RESTRICTED RIGHTS LEGEND
  
 Use, reproduction and disclosure by the US Government is
 subject to restrictions as set forth in subparagraphs (a)
 and (c) of the Commercial Computer Software - Restricted
 Rights clause in FAR 52.227-19.
  
 Gaussian, Inc.
 340 Quinnipiac St., Bldg. 40, Wallingford CT 06492
  
  
 ---------------------------------------------------------------
 Warning -- This program may not be used in any manner that
 competes with the business of Gaussian, Inc. or will provide
 assistance to any competitor of Gaussian, Inc.  The licensee
 of this program is prohibited from giving any competitor of
 Gaussian, Inc. access to this program.  By using this program,
 the user acknowledges that Gaussian, Inc. is engaged in the
 business of creating and licensing software in the field of
 computational chemistry and represents and warrants to the
 licensee that it is not a competitor of Gaussian, Inc. and that
 it will not use this program in any manner prohibited above.
 ---------------------------------------------------------------
  

 Cite this work as:
 Gaussian 09, Revision E.01,
 M. J. Frisch, G. W. Trucks, H. B. Schlegel, G. E. Scuseria, 
 M. A. Robb, J. R. Cheeseman, G. Scalmani, V. Barone, B. Mennucci, 
 G. A. Petersson, H. Nakatsuji, M. Caricato, X. Li, H. P. Hratchian, 
 A. F. Izmaylov, J. Bloino, G. Zheng, J. L. Sonnenberg, M. Hada, 
 M. Ehara, K. Toyota, R. Fukuda, J. Hasegawa, M. Ishida, T. Nakajima, 
 Y. Honda, O. Kitao, H. Nakai, T. Vreven, J. A. Montgomery, Jr., 
 J. E. Peralta, F. Ogliaro, M. Bearpark, J. J. Heyd, E. Brothers, 
 K. N. Kudin, V. N. Staroverov, T. Keith, R. Kobayashi, J. Normand, 
 K. Raghavachari, A. Rendell, J. C. Burant, S. S. Iyengar, J. Tomasi, 
 M. Cossi, N. Rega, J. M. Millam, M. Klene, J. E. Knox, J. B. Cross, 
 V. Bakken, C. Adamo, J. Jaramillo, R. Gomperts, R. E. Stratmann, 
 O. Yazyev, A. J. Austin, R. Cammi, C. Pomelli, J. W. Ochterski, 
 R. L. Martin, K. Morokuma, V. G. Zakrzewski, G. A. Voth, 
 P. Salvador, J. J. Dannenberg, S. Dapprich, A. D. Daniels, 
 O. Farkas, J. B. Foresman, J. V. Ortiz, J. Cioslowski, 
 and D. J. Fox, Gaussian, Inc., Wallingford CT, 2013.
 
 ******************************************
 Gaussian 09:  ES64L-G09RevE.01 30-Nov-2015
                17-Feb-2017 
 ******************************************
 %chk=h12.chk
 ----------------------------------------------------------------------
 #rhf/gen scf(symm,tight,novaracc,noincfock,fulldiag) stable(crhf) gues
 s=read geom=nocrowd test
 ----------------------------------------------------------------------
 1/38=1/1;
 2/12=1,17=6,18=5,40=1/2;
 3/5=7,16=1,25=1,30=1,116=1/1,2,3;
 4/5=1,9=4/1;
 5/5=100002,15=2,16=1,32=2,38=6/2;
 8/6=1,10=90,11=11/1,4;
 9/8=4,13=1/2;
 6/7=2,8=2,9=2,10=2,28=1/1;
 99/5=1,9=1/99;
 ----------------------------------------------------------------------
 hf stability analysis of h12 triangular lattice, y= 1.3041546076852373
 ----------------------------------------------------------------------
 Symbolic Z-matrix:
 Charge =  0 Multiplicity = 1
 H
 H                    1     1.37724 
 H                    1     1.37724  2     37.5 
 H                    2     1.37724  1     142.5    3     0.       0
 H                    2     1.37724  1     180.     3     0.       0
 H                    4     1.37724  3     180.     5     0.       0
 H                    6     1.37724  5     180.     3     0.       0
 H                    4     1.37724  2     180.     3     0.       0
 H                    3     1.37724  1     180.     4     0.       0
 H                    9     1.37724  3     180.     4     0.       0
 H                    8     1.37724  4     180.     3     0.       0
 H                    7     1.37724  6     180.     3     0.       0
 
                          Input orientation:                          
 ---------------------------------------------------------------------
 Center     Atomic      Atomic             Coordinates (Angstroms)
 Number     Number       Type             X           Y           Z
 ---------------------------------------------------------------------
      1          1           0        0.000000    0.000000    0.000000
      2          1           0        0.000000    0.000000    1.377245
      3          1           0        0.838414    0.000000    1.092642
      4          1           0        0.838414    0.000000    2.469887
      5          1           0        0.000000    0.000000    2.754490
      6          1           0        0.838414    0.000000    3.847131
      7          1           0        1.676827    0.000000    4.939773
      8          1           0        1.676827    0.000000    3.562528
      9          1           0        1.676827    0.000000    2.185284
     10          1           0        2.515241    0.000000    3.277925
     11          1           0        2.515241    0.000000    4.655170
     12          1           0        2.515241    0.000000    6.032415
 ---------------------------------------------------------------------
                    Distance matrix (angstroms):
                    1          2          3          4          5
     1  H    0.000000
     2  H    1.377245   0.000000
     3  H    1.377245   0.885402   0.000000
     4  H    2.608309   1.377245   1.377245   0.000000
     5  H    2.754490   1.377245   1.861364   0.885402   0.000000
     6  H    3.937430   2.608309   2.754490   1.377245   1.377245
     7  H    5.216618   3.937430   3.937430   2.608309   2.754490
     8  H    3.937430   2.754490   2.608309   1.377245   1.861364
     9  H    2.754490   1.861364   1.377245   0.885402   1.770803
    10  H    4.131734   3.152621   2.754490   1.861364   2.569128
    11  H    5.291223   4.131734   3.937430   2.754490   3.152621
    12  H    6.535783   5.291223   5.216618   3.937430   4.131734
                    6          7          8          9         10
     6  H    0.000000
     7  H    1.377245   0.000000
     8  H    0.885402   1.377245   0.000000
     9  H    1.861364   2.754490   1.377245   0.000000
    10  H    1.770803   1.861364   0.885402   1.377245   0.000000
    11  H    1.861364   0.885402   1.377245   2.608309   1.377245
    12  H    2.754490   1.377245   2.608309   3.937430   2.754490
                   11         12
    11  H    0.000000
    12  H    1.377245   0.000000
 Stoichiometry    H12
 Framework group  C2H[SGH(H12)]
 Deg. of freedom    11
 Full point group                 C2H     NOp   4
 Largest Abelian subgroup         C2H     NOp   4
 Largest concise Abelian subgroup C2      NOp   2
                         Standard orientation:                         
 ---------------------------------------------------------------------
 Center     Atomic      Atomic             Coordinates (Angstroms)
 Number     Number       Type             X           Y           Z
 ---------------------------------------------------------------------
      1          1           0        0.838414    3.158509   -0.000000
      2          1           0        0.000000    2.065867   -0.000000
      3          1           0        0.838414    1.781264   -0.000000
      4          1           0        0.000000    0.688622   -0.000000
      5          1           0       -0.838414    0.973225   -0.000000
      6          1           0       -0.838414   -0.404019   -0.000000
      7          1           0       -0.838414   -1.781264    0.000000
      8          1           0       -0.000000   -0.688622    0.000000
      9          1           0        0.838414    0.404019    0.000000
     10          1           0        0.838414   -0.973225    0.000000
     11          1           0       -0.000000   -2.065867    0.000000
     12          1           0       -0.838414   -3.158509    0.000000
 ---------------------------------------------------------------------
 Rotational constants (GHZ):    124.0614923     12.6679705     11.4942844
 General basis read from cards:  (5D, 7F)
 There are     6 symmetry adapted cartesian basis functions of AG  symmetry.
 There are     0 symmetry adapted cartesian basis functions of BG  symmetry.
 There are     0 symmetry adapted cartesian basis functions of AU  symmetry.
 There are     6 symmetry adapted cartesian basis functions of BU  symmetry.
 There are     6 symmetry adapted basis functions of AG  symmetry.
 There are     0 symmetry adapted basis functions of BG  symmetry.
 There are     0 symmetry adapted basis functions of AU  symmetry.
 There are     6 symmetry adapted basis functions of BU  symmetry.
    12 basis functions,   120 primitive gaussians,    12 cartesian basis functions
     6 alpha electrons        6 beta electrons
       nuclear repulsion energy        18.1946293583 Hartrees.
 NAtoms=   12 NActive=   12 NUniq=    6 SFac= 4.00D+00 NAtFMM=   60 NAOKFM=F Big=F
 Integral buffers will be    131072 words long.
 Regular integral format.
 Two-electron integral symmetry is turned on.
 One-electron integrals computed using PRISM.
 NBasis=    12 RedAO= T EigKep=  1.43D-01  NBF=     6     0     0     6
 NBsUse=    12 1.00D-06 EigRej= -1.00D+00 NBFU=     6     0     0     6
 Initial guess from the checkpoint file:  "h12.chk"
 B after Tr=    -0.000000    0.000000    0.000000
         Rot=    0.961834    0.000000   -0.000000   -0.273634 Ang= -31.76 deg.
 Initial guess orbital symmetries:
       Occupied  (AG) (BU) (AG) (BU) (BU) (AG)
       Virtual   (BU) (AG) (BU) (AG) (AG) (BU)
 Keep R1 ints in memory in symmetry-blocked form, NReq=900242.
 Requested convergence on RMS density matrix=1.00D-08 within 128 cycles.
 Requested convergence on MAX density matrix=1.00D-06.
 Requested convergence on             energy=1.00D-06.
 No special actions if energy rises.
 SCF Done:  E(RHF) =  -5.86215693362     A.U. after   15 cycles
            NFock= 15  Conv=0.46D-08     -V/T= 1.9589
 Range of M.O.s used for correlation:     1    12
 NBasis=    12 NAE=     6 NBE=     6 NFC=     0 NFV=     0
 NROrb=     12 NOA=     6 NOB=     6 NVA=     6 NVB=     6
 Semi-Direct transformation.
 ModeAB=           4 MOrb=             6 LenV=     134088049
 LASXX=         2181 LTotXX=        2181 LenRXX=        5115
 LTotAB=        2934 MaxLAS=        3024 LenRXY=           0
 NonZer=        7296 LenScr=      655360 LnRSAI=        3024
 LnScr1=      655360 LExtra=           0 Total=      1318859
 MaxDsk=          -1 SrtSym=           T ITran=            3
 JobTyp=0 Pass  1:  I=   1 to   6.
 (rs|ai) integrals will be sorted in core.
 Spin components of T(2) and E(2):
     alpha-alpha T2 =       0.3757688487D-02 E2=     -0.5466061134D-02
     alpha-beta  T2 =       0.7406178708D-01 E2=     -0.1005529176D+00
     beta-beta   T2 =       0.3757688487D-02 E2=     -0.5466061134D-02
 ANorm=    0.1039989021D+01
 E2 =    -0.1114850398D+00 EUMP2 =    -0.59736419734663D+01
 Second order stability test of a single determinant RHF wave function:
 Stabil:  MDV=134217728
 ***********************************************************************
 Matrix         Lowest Root    Major Pairs
 ***********************************************************************
 Internal RHF     0.053273     Stable
 RRHF --> CRHF    0.0301702    Stable
 RRHF --> RUHF   -0.0549273    6A=7B 4A=8B 3A=7B 5A=8B 2A=9B
 Not stable.
 ***********************************************************************

 **********************************************************************

            Population analysis using the SCF density.

 **********************************************************************

 Orbital symmetries:
       Occupied  (AG) (BU) (AG) (BU) (BU) (AG)
       Virtual   (AG) (BU) (BU) (AG) (AG) (BU)
 The electronic state is 1-AG.
 Alpha  occ. eigenvalues --   -0.84786  -0.75192  -0.59651  -0.45528  -0.39328
 Alpha  occ. eigenvalues --   -0.23745
 Alpha virt. eigenvalues --    0.00958   0.09059   0.32271   0.42171   0.57778
 Alpha virt. eigenvalues --    0.77181
          Condensed to atoms (all electrons):
               1          2          3          4          5          6
     1  H    0.632954   0.101275   0.196095  -0.047359  -0.032710   0.004798
     2  H    0.101275   0.850985   0.002962  -0.053968   0.265905  -0.029063
     3  H    0.196095   0.002962   0.699446  -0.023004  -0.154518   0.005241
     4  H   -0.047359  -0.053968  -0.023004   0.828936   0.225992  -0.052145
     5  H   -0.032710   0.265905  -0.154518   0.225992   1.166357  -0.100613
     6  H    0.004798  -0.029063   0.005241  -0.052145  -0.100613   1.219395
     7  H    0.000213  -0.002686   0.002612  -0.003355  -0.019258   0.194811
     8  H    0.003630  -0.007127  -0.003355  -0.112102  -0.058213   0.335902
     9  H   -0.016072  -0.178701   0.194811   0.335902  -0.211494  -0.040489
    10  H   -0.000802   0.017274  -0.019258  -0.058213   0.022346  -0.211494
    11  H   -0.000228   0.004025  -0.002686  -0.007127   0.017274  -0.178701
    12  H   -0.000028  -0.000228   0.000213   0.003630  -0.000802  -0.016072
               7          8          9         10         11         12
     1  H    0.000213   0.003630  -0.016072  -0.000802  -0.000228  -0.000028
     2  H   -0.002686  -0.007127  -0.178701   0.017274   0.004025  -0.000228
     3  H    0.002612  -0.003355   0.194811  -0.019258  -0.002686   0.000213
     4  H   -0.003355  -0.112102   0.335902  -0.058213  -0.007127   0.003630
     5  H   -0.019258  -0.058213  -0.211494   0.022346   0.017274  -0.000802
     6  H    0.194811   0.335902  -0.040489  -0.211494  -0.178701  -0.016072
     7  H    0.699446  -0.023004   0.005241  -0.154518   0.002962   0.196095
     8  H   -0.023004   0.828936  -0.052145   0.225992  -0.053968  -0.047359
     9  H    0.005241  -0.052145   1.219395  -0.100613  -0.029063   0.004798
    10  H   -0.154518   0.225992  -0.100613   1.166357   0.265905  -0.032710
    11  H    0.002962  -0.053968  -0.029063   0.265905   0.850985   0.101275
    12  H    0.196095  -0.047359   0.004798  -0.032710   0.101275   0.632954
 Mulliken charges:
               1
     1  H    0.158234
     2  H    0.029347
     3  H    0.101441
     4  H   -0.037186
     5  H   -0.120265
     6  H   -0.131570
     7  H    0.101441
     8  H   -0.037186
     9  H   -0.131570
    10  H   -0.120265
    11  H    0.029347
    12  H    0.158234
 Sum of Mulliken charges =   0.00000
 Mulliken charges with hydrogens summed into heavy atoms:
               1
 Electronic spatial extent (au):  <R**2>=            181.1480
 Charge=              0.0000 electrons
 Dipole moment (field-independent basis, Debye):
    X=              0.0000    Y=              0.0000    Z=              0.0000  Tot=              0.0000
 Quadrupole moment (field-independent basis, Debye-Ang):
   XX=            -18.2460   YY=             -0.3402   ZZ=            -15.5173
   XY=              6.4476   XZ=             -0.0000   YZ=             -0.0000
 Traceless Quadrupole moment (field-independent basis, Debye-Ang):
   XX=             -6.8782   YY=             11.0276   ZZ=             -4.1494
   XY=              6.4476   XZ=             -0.0000   YZ=             -0.0000
 Octapole moment (field-independent basis, Debye-Ang**2):
  XXX=              0.0000  YYY=              0.0000  ZZZ=              0.0000  XYY=              0.0000
  XXY=              0.0000  XXZ=              0.0000  XZZ=              0.0000  YZZ=             -0.0000
  YYZ=              0.0000  XYZ=              0.0000
 Hexadecapole moment (field-independent basis, Debye-Ang**3):
 XXXX=            -71.6569 YYYY=           -124.6962 ZZZZ=            -18.6898 XXXY=            -22.3772
 XXXZ=             -0.0000 YYYX=             28.7590 YYYZ=             -0.0000 ZZZX=              0.0000
 ZZZY=              0.0000 XXYY=            -54.6009 XXZZ=            -14.8045 YYZZ=            -54.4331
 XXYZ=              0.0000 YYXZ=             -0.0000 ZZXY=             -8.4774
 N-N= 1.819462935832D+01 E-N=-4.766244212064D+01  KE= 6.113477074329D+00
 Symmetry AG   KE= 3.005230056792D+00
 Symmetry BG   KE= 0.000000000000D+00
 Symmetry AU   KE= 0.000000000000D+00
 Symmetry BU   KE= 3.108247017537D+00

 Test job not archived.
 1\1\GINC-SULU\Stability\RHF\Gen\H12\LCJ1\17-Feb-2017\0\\#rhf/gen scf(s
 ymm,tight,novaracc,noincfock,fulldiag) stable(crhf) guess=read geom=no
 crowd test\\hf stability analysis of h12 triangular lattice, y= 1.3041
 546076852373\\0,1\H\H,1,1.3772447953\H,1,1.3772447953,2,37.5\H,2,1.377
 2447953,1,142.5,3,0.,0\H,2,1.3772447953,1,180.,3,0.,0\H,4,1.3772447953
 ,3,180.,5,0.,0\H,6,1.3772447953,5,180.,3,0.,0\H,4,1.3772447953,2,180.,
 3,0.,0\H,3,1.3772447953,1,180.,4,0.,0\H,9,1.3772447953,3,180.,4,0.,0\H
 ,8,1.3772447953,4,180.,3,0.,0\H,7,1.3772447953,6,180.,3,0.,0\\Version=
 ES64L-G09RevE.01\State=1-AG\HF=-5.8621569\MP2=-5.973642\RMSD=4.574e-09
 \Dipole=0.,0.,0.\Quadrupole=-4.8105206,-3.0850131,7.8955337,0.,5.18877
 07,0.\PG=C02H [SGH(H12)]\\@


 THERE IS SOMETHING FASCINATING ABOUT SCIENCE.
 ONE GETS SUCH WHOLESALE CONJECTURE OUT OF SUCH TRIFLING INVESTMENTS.

                                                       -- MARK TWAIN
 Job cpu time:       0 days  0 hours  0 minutes  1.0 seconds.
 File lengths (MBytes):  RWF=     84 Int=      0 D2E=      0 Chk=      2 Scr=      2
 Normal termination of Gaussian 09 at Fri Feb 17 15:07:06 2017.
