 Entering Gaussian System, Link 0=g09
 AtFile(1): H.gbs
            H     0
            S   10   1.00
               1000.000000000000            0.000068713567
                316.227766000000            0.000169141320
                100.000000000000            0.000823394812
                 31.622776600000            0.003425569236
                 10.000000000000            0.013951996000
                  3.162277660000            0.056909313560
                  1.000000000000            0.198286399900
                  0.316227766000            0.496922426700
                  0.100000000000            0.369846276400
                  0.031622776600            0.003752720039
            ****
 Initial command:
 /projects/guscus/apps/gau/g09-e1/g09/l1.exe "/users/lcj1/gaussian/h12/rhfstability/rect/guessfrommix/alpha15/Gau-2632.inp" -scrdir="/users/lcj1/gaussian/h12/rhfstability/rect/guessfrommix/alpha15/"
 Entering Link 1 = /projects/guscus/apps/gau/g09-e1/g09/l1.exe PID=      2633.
  
 Copyright (c) 1988,1990,1992,1993,1995,1998,2003,2009,2015,
            Gaussian, Inc.  All Rights Reserved.
  
 This is part of the Gaussian(R) 09 program.  It is based on
 the Gaussian(R) 03 system (copyright 2003, Gaussian, Inc.),
 the Gaussian(R) 98 system (copyright 1998, Gaussian, Inc.),
 the Gaussian(R) 94 system (copyright 1995, Gaussian, Inc.),
 the Gaussian 92(TM) system (copyright 1992, Gaussian, Inc.),
 the Gaussian 90(TM) system (copyright 1990, Gaussian, Inc.),
 the Gaussian 88(TM) system (copyright 1988, Gaussian, Inc.),
 the Gaussian 86(TM) system (copyright 1986, Carnegie Mellon
 University), and the Gaussian 82(TM) system (copyright 1983,
 Carnegie Mellon University). Gaussian is a federally registered
 trademark of Gaussian, Inc.
  
 This software contains proprietary and confidential information,
 including trade secrets, belonging to Gaussian, Inc.
  
 This software is provided under written license and may be
 used, copied, transmitted, or stored only in accord with that
 written license.
  
 The following legend is applicable only to US Government
 contracts under FAR:
  
                    RESTRICTED RIGHTS LEGEND
  
 Use, reproduction and disclosure by the US Government is
 subject to restrictions as set forth in subparagraphs (a)
 and (c) of the Commercial Computer Software - Restricted
 Rights clause in FAR 52.227-19.
  
 Gaussian, Inc.
 340 Quinnipiac St., Bldg. 40, Wallingford CT 06492
  
  
 ---------------------------------------------------------------
 Warning -- This program may not be used in any manner that
 competes with the business of Gaussian, Inc. or will provide
 assistance to any competitor of Gaussian, Inc.  The licensee
 of this program is prohibited from giving any competitor of
 Gaussian, Inc. access to this program.  By using this program,
 the user acknowledges that Gaussian, Inc. is engaged in the
 business of creating and licensing software in the field of
 computational chemistry and represents and warrants to the
 licensee that it is not a competitor of Gaussian, Inc. and that
 it will not use this program in any manner prohibited above.
 ---------------------------------------------------------------
  

 Cite this work as:
 Gaussian 09, Revision E.01,
 M. J. Frisch, G. W. Trucks, H. B. Schlegel, G. E. Scuseria, 
 M. A. Robb, J. R. Cheeseman, G. Scalmani, V. Barone, B. Mennucci, 
 G. A. Petersson, H. Nakatsuji, M. Caricato, X. Li, H. P. Hratchian, 
 A. F. Izmaylov, J. Bloino, G. Zheng, J. L. Sonnenberg, M. Hada, 
 M. Ehara, K. Toyota, R. Fukuda, J. Hasegawa, M. Ishida, T. Nakajima, 
 Y. Honda, O. Kitao, H. Nakai, T. Vreven, J. A. Montgomery, Jr., 
 J. E. Peralta, F. Ogliaro, M. Bearpark, J. J. Heyd, E. Brothers, 
 K. N. Kudin, V. N. Staroverov, T. Keith, R. Kobayashi, J. Normand, 
 K. Raghavachari, A. Rendell, J. C. Burant, S. S. Iyengar, J. Tomasi, 
 M. Cossi, N. Rega, J. M. Millam, M. Klene, J. E. Knox, J. B. Cross, 
 V. Bakken, C. Adamo, J. Jaramillo, R. Gomperts, R. E. Stratmann, 
 O. Yazyev, A. J. Austin, R. Cammi, C. Pomelli, J. W. Ochterski, 
 R. L. Martin, K. Morokuma, V. G. Zakrzewski, G. A. Voth, 
 P. Salvador, J. J. Dannenberg, S. Dapprich, A. D. Daniels, 
 O. Farkas, J. B. Foresman, J. V. Ortiz, J. Cioslowski, 
 and D. J. Fox, Gaussian, Inc., Wallingford CT, 2013.
 
 ******************************************
 Gaussian 09:  ES64L-G09RevE.01 30-Nov-2015
                16-Feb-2017 
 ******************************************
 %chk=h12.chk
 ----------------------------------------------------------------------
 #rhf/gen scf(symm,tight,novaracc,noincfock,fulldiag) stable(crhf) gues
 s=read geom=nocrowd test
 ----------------------------------------------------------------------
 1/38=1/1;
 2/12=1,17=6,18=5,40=1/2;
 3/5=7,16=1,25=1,30=1,116=1/1,2,3;
 4/5=1,9=4/1;
 5/5=100002,15=2,16=1,32=2,38=6/2;
 8/6=1,10=90,11=11/1,4;
 9/8=4,13=1/2;
 6/7=2,8=2,9=2,10=2,28=1/1;
 99/5=1,9=1/99;
 ----------------------------------------------------------------------
 hf stability analysis of h12 triangular lattice, y= 0.6358183901871248
 3
 ----------------------------------------------------------------------
 Symbolic Z-matrix:
 Charge =  0 Multiplicity = 1
 H
 H                    1     1.10852 
 H                    1     1.10852  2     110. 
 H                    2     1.10852  1     70.      3     0.       0
 H                    2     1.10852  1     180.     3     0.       0
 H                    4     1.10852  3     180.     5     0.       0
 H                    6     1.10852  5     180.     3     0.       0
 H                    4     1.10852  2     180.     3     0.       0
 H                    3     1.10852  1     180.     4     0.       0
 H                    9     1.10852  3     180.     4     0.       0
 H                    8     1.10852  4     180.     3     0.       0
 H                    7     1.10852  6     180.     3     0.       0
 
                          Input orientation:                          
 ---------------------------------------------------------------------
 Center     Atomic      Atomic             Coordinates (Angstroms)
 Number     Number       Type             X           Y           Z
 ---------------------------------------------------------------------
      1          1           0        0.000000    0.000000    0.000000
      2          1           0        0.000000    0.000000    1.108516
      3          1           0        1.041664    0.000000   -0.379135
      4          1           0        1.041664    0.000000    0.729381
      5          1           0        0.000000    0.000000    2.217031
      6          1           0        1.041664    0.000000    1.837896
      7          1           0        2.083328    0.000000    1.458762
      8          1           0        2.083328    0.000000    0.350246
      9          1           0        2.083328    0.000000   -0.758269
     10          1           0        3.124992    0.000000   -1.137404
     11          1           0        3.124992    0.000000   -0.028888
     12          1           0        3.124992    0.000000    1.079627
 ---------------------------------------------------------------------
                    Distance matrix (angstroms):
                    1          2          3          4          5
     1  H    0.000000
     2  H    1.108516   0.000000
     3  H    1.108516   1.816085   0.000000
     4  H    1.271637   1.108516   1.108516   0.000000
     5  H    2.217031   1.108516   2.797345   1.816085   0.000000
     6  H    2.112564   1.271637   2.217031   1.108516   1.108516
     7  H    2.543273   2.112564   2.112564   1.271637   2.217031
     8  H    2.112564   2.217031   1.271637   1.108516   2.797345
     9  H    2.217031   2.797345   1.108516   1.816085   3.632171
    10  H    3.325547   3.848341   2.217031   2.797345   4.584518
    11  H    3.125125   3.325547   2.112564   2.217031   3.848341
    12  H    3.306232   3.125125   2.543273   2.112564   3.325547
                    6          7          8          9         10
     6  H    0.000000
     7  H    1.108516   0.000000
     8  H    1.816085   1.108516   0.000000
     9  H    2.797345   2.217031   1.108516   0.000000
    10  H    3.632171   2.797345   1.816085   1.108516   0.000000
    11  H    2.797345   1.816085   1.108516   1.271637   1.108516
    12  H    2.217031   1.108516   1.271637   2.112564   2.217031
                   11         12
    11  H    0.000000
    12  H    1.108516   0.000000
 Stoichiometry    H12
 Framework group  C2H[SGH(H12)]
 Deg. of freedom    11
 Full point group                 C2H     NOp   4
 Largest Abelian subgroup         C2H     NOp   4
 Largest concise Abelian subgroup C2      NOp   2
                         Standard orientation:                         
 ---------------------------------------------------------------------
 Center     Atomic      Atomic             Coordinates (Angstroms)
 Number     Number       Type             X           Y           Z
 ---------------------------------------------------------------------
      1          1           0        1.041664    1.283639    0.000000
      2          1           0        0.000000    1.662773    0.000000
      3          1           0        1.041664    0.175123    0.000000
      4          1           0        0.000000    0.554258    0.000000
      5          1           0       -1.041664    2.041908    0.000000
      6          1           0       -1.041664    0.933392   -0.000000
      7          1           0       -1.041664   -0.175123    0.000000
      8          1           0       -0.000000   -0.554258    0.000000
      9          1           0        1.041664   -0.933392    0.000000
     10          1           0        1.041664   -2.041908    0.000000
     11          1           0       -0.000000   -1.662773    0.000000
     12          1           0       -1.041664   -1.283639    0.000000
 ---------------------------------------------------------------------
 Rotational constants (GHZ):     64.0342891     24.5432201     17.7427393
 General basis read from cards:  (5D, 7F)
 There are     6 symmetry adapted cartesian basis functions of AG  symmetry.
 There are     0 symmetry adapted cartesian basis functions of BG  symmetry.
 There are     0 symmetry adapted cartesian basis functions of AU  symmetry.
 There are     6 symmetry adapted cartesian basis functions of BU  symmetry.
 There are     6 symmetry adapted basis functions of AG  symmetry.
 There are     0 symmetry adapted basis functions of BG  symmetry.
 There are     0 symmetry adapted basis functions of AU  symmetry.
 There are     6 symmetry adapted basis functions of BU  symmetry.
    12 basis functions,   120 primitive gaussians,    12 cartesian basis functions
     6 alpha electrons        6 beta electrons
       nuclear repulsion energy        19.8990608613 Hartrees.
 NAtoms=   12 NActive=   12 NUniq=    6 SFac= 4.00D+00 NAtFMM=   60 NAOKFM=F Big=F
 Integral buffers will be    131072 words long.
 Regular integral format.
 Two-electron integral symmetry is turned on.
 One-electron integrals computed using PRISM.
 NBasis=    12 RedAO= T EigKep=  1.39D-01  NBF=     6     0     0     6
 NBsUse=    12 1.00D-06 EigRej= -1.00D+00 NBFU=     6     0     0     6
 Initial guess from the checkpoint file:  "h12.chk"
 B after Tr=     0.000000    0.000000    0.000000
         Rot=    0.992884    0.000000    0.000000   -0.119088 Ang= -13.68 deg.
 Initial guess orbital symmetries:
       Occupied  (AG) (BU) (AG) (BU) (BU) (AG)
       Virtual   (BU) (AG) (BU) (AG) (AG) (BU)
 Keep R1 ints in memory in symmetry-blocked form, NReq=903994.
 Requested convergence on RMS density matrix=1.00D-08 within 128 cycles.
 Requested convergence on MAX density matrix=1.00D-06.
 Requested convergence on             energy=1.00D-06.
 No special actions if energy rises.
 SCF Done:  E(RHF) =  -5.83606700102     A.U. after   14 cycles
            NFock= 14  Conv=0.34D-08     -V/T= 1.9256
 Range of M.O.s used for correlation:     1    12
 NBasis=    12 NAE=     6 NBE=     6 NFC=     0 NFV=     0
 NROrb=     12 NOA=     6 NOB=     6 NVA=     6 NVB=     6
 Semi-Direct transformation.
 ModeAB=           4 MOrb=             6 LenV=     134084339
 LASXX=         2181 LTotXX=        2181 LenRXX=        5115
 LTotAB=        2934 MaxLAS=        3024 LenRXY=           0
 NonZer=        7296 LenScr=      655360 LnRSAI=        3024
 LnScr1=      655360 LExtra=           0 Total=      1318859
 MaxDsk=          -1 SrtSym=           T ITran=            3
 JobTyp=0 Pass  1:  I=   1 to   6.
 (rs|ai) integrals will be sorted in core.
 Spin components of T(2) and E(2):
     alpha-alpha T2 =       0.4950219343D-02 E2=     -0.7337169987D-02
     alpha-beta  T2 =       0.6633896369D-01 E2=     -0.1013014402D+00
     beta-beta   T2 =       0.4950219343D-02 E2=     -0.7337169987D-02
 ANorm=    0.1037419588D+01
 E2 =    -0.1159757802D+00 EUMP2 =    -0.59520427812193D+01
 Second order stability test of a single determinant RHF wave function:
 Stabil:  MDV=134217728
 ***********************************************************************
 Matrix         Lowest Root    Major Pairs
 ***********************************************************************
 Internal RHF     0.0438011    Stable
 RRHF --> CRHF    0.0059724    Stable
 RRHF --> RUHF   -0.0721634    6A=7B
 Not stable.
 ***********************************************************************

 **********************************************************************

            Population analysis using the SCF density.

 **********************************************************************

 Orbital symmetries:
       Occupied  (AG) (BU) (BU) (AG) (AG) (BU)
       Virtual   (AG) (BU) (BU) (AG) (AG) (BU)
 The electronic state is 1-AG.
 Alpha  occ. eigenvalues --   -0.99742  -0.79273  -0.67022  -0.53785  -0.42878
 Alpha  occ. eigenvalues --   -0.25769
 Alpha virt. eigenvalues --    0.01687   0.16522   0.26843   0.32665   0.57860
 Alpha virt. eigenvalues --    0.72377
          Condensed to atoms (all electrons):
               1          2          3          4          5          6
     1  H    1.032300   0.219114  -0.011073   0.152484  -0.084622  -0.084228
     2  H    0.219114   0.671431  -0.021453  -0.121010   0.268051  -0.023646
     3  H   -0.011073  -0.021453   0.768214  -0.032889   0.014695  -0.061756
     4  H    0.152484  -0.121010  -0.032889   1.117192  -0.225781   0.220340
     5  H   -0.084622   0.268051   0.014695  -0.225781   1.258207   0.042507
     6  H   -0.084228  -0.023646  -0.061756   0.220340   0.042507   0.786787
     7  H   -0.010971  -0.069002  -0.070181   0.273162  -0.095067   0.196160
     8  H   -0.099455  -0.038811   0.273162  -0.223143   0.038821  -0.067583
     9  H   -0.088070  -0.009832   0.196160  -0.067583   0.009646   0.009512
    10  H    0.008848  -0.000200  -0.095067   0.038821  -0.002922   0.009646
    11  H    0.015785   0.010846  -0.069002  -0.038811  -0.000200  -0.009832
    12  H    0.013428   0.015785  -0.010971  -0.099455   0.008848  -0.088070
               7          8          9         10         11         12
     1  H   -0.010971  -0.099455  -0.088070   0.008848   0.015785   0.013428
     2  H   -0.069002  -0.038811  -0.009832  -0.000200   0.010846   0.015785
     3  H   -0.070181   0.273162   0.196160  -0.095067  -0.069002  -0.010971
     4  H    0.273162  -0.223143  -0.067583   0.038821  -0.038811  -0.099455
     5  H   -0.095067   0.038821   0.009646  -0.002922  -0.000200   0.008848
     6  H    0.196160  -0.067583   0.009512   0.009646  -0.009832  -0.088070
     7  H    0.768214  -0.032889  -0.061756   0.014695  -0.021453  -0.011073
     8  H   -0.032889   1.117192   0.220340  -0.225781  -0.121010   0.152484
     9  H   -0.061756   0.220340   0.786787   0.042507  -0.023646  -0.084228
    10  H    0.014695  -0.225781   0.042507   1.258207   0.268051  -0.084622
    11  H   -0.021453  -0.121010  -0.023646   0.268051   0.671431   0.219114
    12  H   -0.011073   0.152484  -0.084228  -0.084622   0.219114   1.032300
 Mulliken charges:
               1
     1  H   -0.063541
     2  H    0.098728
     3  H    0.120161
     4  H    0.006674
     5  H   -0.232184
     6  H    0.070163
     7  H    0.120161
     8  H    0.006674
     9  H    0.070163
    10  H   -0.232184
    11  H    0.098728
    12  H   -0.063541
 Sum of Mulliken charges =   0.00000
 Mulliken charges with hydrogens summed into heavy atoms:
               1
 Electronic spatial extent (au):  <R**2>=            146.2561
 Charge=              0.0000 electrons
 Dipole moment (field-independent basis, Debye):
    X=              0.0000    Y=              0.0000    Z=             -0.0000  Tot=              0.0000
 Quadrupole moment (field-independent basis, Debye-Ang):
   XX=            -17.7130   YY=            -28.0296   ZZ=            -15.2260
   XY=              4.2357   XZ=             -0.0000   YZ=              0.0000
 Traceless Quadrupole moment (field-independent basis, Debye-Ang):
   XX=              2.6099   YY=             -7.7068   ZZ=              5.0969
   XY=              4.2357   XZ=             -0.0000   YZ=              0.0000
 Octapole moment (field-independent basis, Debye-Ang**2):
  XXX=              0.0000  YYY=             -0.0000  ZZZ=             -0.0000  XYY=              0.0000
  XXY=             -0.0000  XXZ=             -0.0000  XZZ=              0.0000  YZZ=              0.0000
  YYZ=             -0.0000  XYZ=              0.0000
 Hexadecapole moment (field-independent basis, Debye-Ang**3):
 XXXX=            -92.1659 YYYY=           -260.4856 ZZZZ=            -18.0325 XXXY=             20.6035
 XXXZ=             -0.0000 YYYX=             39.6914 YYYZ=              0.0000 ZZZX=             -0.0000
 ZZZY=              0.0000 XXYY=            -63.1928 XXZZ=            -18.1890 YYZZ=            -35.5826
 XXYZ=              0.0000 YYXZ=             -0.0000 ZZXY=              5.2450
 N-N= 1.989906086129D+01 E-N=-5.040631989932D+01  KE= 6.305440328297D+00
 Symmetry AG   KE= 2.942156022862D+00
 Symmetry BG   KE= 0.000000000000D+00
 Symmetry AU   KE= 0.000000000000D+00
 Symmetry BU   KE= 3.363284305436D+00

 Test job not archived.
 1\1\GINC-SULU\Stability\RHF\Gen\H12\LCJ1\16-Feb-2017\0\\#rhf/gen scf(s
 ymm,tight,novaracc,noincfock,fulldiag) stable(crhf) guess=read geom=no
 crowd test\\hf stability analysis of h12 triangular lattice, y= 0.6358
 1839018712483\\0,1\H\H,1,1.1085155081\H,1,1.1085155081,2,110.\H,2,1.10
 85155081,1,70.,3,0.,0\H,2,1.1085155081,1,180.,3,0.,0\H,4,1.1085155081,
 3,180.,5,0.,0\H,6,1.1085155081,5,180.,3,0.,0\H,4,1.1085155081,2,180.,3
 ,0.,0\H,3,1.1085155081,1,180.,4,0.,0\H,9,1.1085155081,3,180.,4,0.,0\H,
 8,1.1085155081,4,180.,3,0.,0\H,7,1.1085155081,6,180.,3,0.,0\\Version=E
 S64L-G09RevE.01\State=1-AG\HF=-5.836067\MP2=-5.9520428\RMSD=3.431e-09\
 Dipole=0.,0.,0.\Quadrupole=-2.8083128,3.7894022,-0.9810894,0.,4.877531
 9,0.\PG=C02H [SGH(H12)]\\@


 NOT WHAT WE DID SHALL BE THE TEST
 WHEN ACT AND WILL ARE DONE,
 BUT WHAT OUR LORD INFERS WE WOULD-
 HAD WE DIVINER BEEN.
           EMILY DICKINSON  POEMS NO. CLXXV
 Job cpu time:       0 days  0 hours  0 minutes  1.0 seconds.
 File lengths (MBytes):  RWF=     84 Int=      0 D2E=      0 Chk=      2 Scr=      2
 Normal termination of Gaussian 09 at Thu Feb 16 18:52:18 2017.
