 Entering Gaussian System, Link 0=g09
 AtFile(1): H.gbs
            H     0
            S   10   1.00
               1000.000000000000            0.000068713567
                316.227766000000            0.000169141320
                100.000000000000            0.000823394812
                 31.622776600000            0.003425569236
                 10.000000000000            0.013951996000
                  3.162277660000            0.056909313560
                  1.000000000000            0.198286399900
                  0.316227766000            0.496922426700
                  0.100000000000            0.369846276400
                  0.031622776600            0.003752720039
            ****
 Initial command:
 /projects/guscus/apps/gau/g09-e1/g09/l1.exe "/users/lcj1/gaussian/h12/rhfstability/rect/guess/ag3bu3/Gau-4033.inp" -scrdir="/users/lcj1/gaussian/h12/rhfstability/rect/guess/ag3bu3/"
 Entering Link 1 = /projects/guscus/apps/gau/g09-e1/g09/l1.exe PID=      4034.
  
 Copyright (c) 1988,1990,1992,1993,1995,1998,2003,2009,2015,
            Gaussian, Inc.  All Rights Reserved.
  
 This is part of the Gaussian(R) 09 program.  It is based on
 the Gaussian(R) 03 system (copyright 2003, Gaussian, Inc.),
 the Gaussian(R) 98 system (copyright 1998, Gaussian, Inc.),
 the Gaussian(R) 94 system (copyright 1995, Gaussian, Inc.),
 the Gaussian 92(TM) system (copyright 1992, Gaussian, Inc.),
 the Gaussian 90(TM) system (copyright 1990, Gaussian, Inc.),
 the Gaussian 88(TM) system (copyright 1988, Gaussian, Inc.),
 the Gaussian 86(TM) system (copyright 1986, Carnegie Mellon
 University), and the Gaussian 82(TM) system (copyright 1983,
 Carnegie Mellon University). Gaussian is a federally registered
 trademark of Gaussian, Inc.
  
 This software contains proprietary and confidential information,
 including trade secrets, belonging to Gaussian, Inc.
  
 This software is provided under written license and may be
 used, copied, transmitted, or stored only in accord with that
 written license.
  
 The following legend is applicable only to US Government
 contracts under FAR:
  
                    RESTRICTED RIGHTS LEGEND
  
 Use, reproduction and disclosure by the US Government is
 subject to restrictions as set forth in subparagraphs (a)
 and (c) of the Commercial Computer Software - Restricted
 Rights clause in FAR 52.227-19.
  
 Gaussian, Inc.
 340 Quinnipiac St., Bldg. 40, Wallingford CT 06492
  
  
 ---------------------------------------------------------------
 Warning -- This program may not be used in any manner that
 competes with the business of Gaussian, Inc. or will provide
 assistance to any competitor of Gaussian, Inc.  The licensee
 of this program is prohibited from giving any competitor of
 Gaussian, Inc. access to this program.  By using this program,
 the user acknowledges that Gaussian, Inc. is engaged in the
 business of creating and licensing software in the field of
 computational chemistry and represents and warrants to the
 licensee that it is not a competitor of Gaussian, Inc. and that
 it will not use this program in any manner prohibited above.
 ---------------------------------------------------------------
  

 Cite this work as:
 Gaussian 09, Revision E.01,
 M. J. Frisch, G. W. Trucks, H. B. Schlegel, G. E. Scuseria, 
 M. A. Robb, J. R. Cheeseman, G. Scalmani, V. Barone, B. Mennucci, 
 G. A. Petersson, H. Nakatsuji, M. Caricato, X. Li, H. P. Hratchian, 
 A. F. Izmaylov, J. Bloino, G. Zheng, J. L. Sonnenberg, M. Hada, 
 M. Ehara, K. Toyota, R. Fukuda, J. Hasegawa, M. Ishida, T. Nakajima, 
 Y. Honda, O. Kitao, H. Nakai, T. Vreven, J. A. Montgomery, Jr., 
 J. E. Peralta, F. Ogliaro, M. Bearpark, J. J. Heyd, E. Brothers, 
 K. N. Kudin, V. N. Staroverov, T. Keith, R. Kobayashi, J. Normand, 
 K. Raghavachari, A. Rendell, J. C. Burant, S. S. Iyengar, J. Tomasi, 
 M. Cossi, N. Rega, J. M. Millam, M. Klene, J. E. Knox, J. B. Cross, 
 V. Bakken, C. Adamo, J. Jaramillo, R. Gomperts, R. E. Stratmann, 
 O. Yazyev, A. J. Austin, R. Cammi, C. Pomelli, J. W. Ochterski, 
 R. L. Martin, K. Morokuma, V. G. Zakrzewski, G. A. Voth, 
 P. Salvador, J. J. Dannenberg, S. Dapprich, A. D. Daniels, 
 O. Farkas, J. B. Foresman, J. V. Ortiz, J. Cioslowski, 
 and D. J. Fox, Gaussian, Inc., Wallingford CT, 2013.
 
 ******************************************
 Gaussian 09:  ES64L-G09RevE.01 30-Nov-2015
                17-Feb-2017 
 ******************************************
 %chk=h12.chk
 ----------------------------------------------------------------------
 #rhf/gen scf(symm,tight,novaracc,noincfock,fulldiag) stable(crhf) gues
 s=read geom=nocrowd test
 ----------------------------------------------------------------------
 1/38=1/1;
 2/12=1,17=6,18=5,40=1/2;
 3/5=7,16=1,25=1,30=1,116=1/1,2,3;
 4/5=1,9=4/1;
 5/5=100002,15=2,16=1,32=2,38=6/2;
 8/6=1,10=90,11=11/1,4;
 9/8=4,13=1/2;
 6/7=2,8=2,9=2,10=2,28=1/1;
 99/5=1,9=1/99;
 ----------------------------------------------------------------------
 hf stability analysis of h12 triangular lattice, y= 1.0420355127918348
 ----------------------------------------------------------------------
 Symbolic Z-matrix:
 Charge =  0 Multiplicity = 1
 H
 H                    1     1.18018 
 H                    1     1.18018  2     56. 
 H                    2     1.18018  1     124.     3     0.       0
 H                    2     1.18018  1     180.     3     0.       0
 H                    4     1.18018  3     180.     5     0.       0
 H                    6     1.18018  5     180.     3     0.       0
 H                    4     1.18018  2     180.     3     0.       0
 H                    3     1.18018  1     180.     4     0.       0
 H                    9     1.18018  3     180.     4     0.       0
 H                    8     1.18018  4     180.     3     0.       0
 H                    7     1.18018  6     180.     3     0.       0
 
                          Input orientation:                          
 ---------------------------------------------------------------------
 Center     Atomic      Atomic             Coordinates (Angstroms)
 Number     Number       Type             X           Y           Z
 ---------------------------------------------------------------------
      1          1           0        0.000000    0.000000    0.000000
      2          1           0        0.000000    0.000000    1.180178
      3          1           0        0.978412    0.000000    0.659947
      4          1           0        0.978412    0.000000    1.840125
      5          1           0        0.000000    0.000000    2.360356
      6          1           0        0.978412    0.000000    3.020304
      7          1           0        1.956824    0.000000    3.680251
      8          1           0        1.956824    0.000000    2.500073
      9          1           0        1.956824    0.000000    1.319895
     10          1           0        2.935236    0.000000    1.979842
     11          1           0        2.935236    0.000000    3.160020
     12          1           0        2.935236    0.000000    4.340198
 ---------------------------------------------------------------------
                    Distance matrix (angstroms):
                    1          2          3          4          5
     1  H    0.000000
     2  H    1.180178   0.000000
     3  H    1.180178   1.108120   0.000000
     4  H    2.084071   1.180178   1.180178   0.000000
     5  H    2.360356   1.180178   1.961806   1.108120   0.000000
     6  H    3.174827   2.084071   2.360356   1.180178   1.180178
     7  H    4.168142   3.174827   3.174827   2.084071   2.360356
     8  H    3.174827   2.360356   2.084071   1.180178   1.961806
     9  H    2.360356   1.961806   1.180178   1.108120   2.216240
    10  H    3.540535   3.042215   2.360356   1.961806   2.959798
    11  H    4.312927   3.540535   3.174827   2.360356   3.042215
    12  H    5.239555   4.312927   4.168142   3.174827   3.540535
                    6          7          8          9         10
     6  H    0.000000
     7  H    1.180178   0.000000
     8  H    1.108120   1.180178   0.000000
     9  H    1.961806   2.360356   1.180178   0.000000
    10  H    2.216240   1.961806   1.108120   1.180178   0.000000
    11  H    1.961806   1.108120   1.180178   2.084071   1.180178
    12  H    2.360356   1.180178   2.084071   3.174827   2.360356
                   11         12
    11  H    0.000000
    12  H    1.180178   0.000000
 Stoichiometry    H12
 Framework group  C2H[SGH(H12)]
 Deg. of freedom    11
 Full point group                 C2H     NOp   4
 Largest Abelian subgroup         C2H     NOp   4
 Largest concise Abelian subgroup C2      NOp   2
                         Standard orientation:                         
 ---------------------------------------------------------------------
 Center     Atomic      Atomic             Coordinates (Angstroms)
 Number     Number       Type             X           Y           Z
 ---------------------------------------------------------------------
      1          1           0        0.978412    2.430215    0.000000
      2          1           0        0.000000    1.770267   -0.000000
      3          1           0        0.978412    1.250036    0.000000
      4          1           0        0.000000    0.590089   -0.000000
      5          1           0       -0.978412    1.110320   -0.000000
      6          1           0       -0.978412   -0.069858   -0.000000
      7          1           0       -0.978412   -1.250036    0.000000
      8          1           0       -0.000000   -0.590089   -0.000000
      9          1           0        0.978412    0.069858   -0.000000
     10          1           0        0.978412   -1.110320   -0.000000
     11          1           0       -0.000000   -1.770267   -0.000000
     12          1           0       -0.978412   -2.430215    0.000000
 ---------------------------------------------------------------------
 Rotational constants (GHZ):     80.9970361     19.4032715     15.6534130
 General basis read from cards:  (5D, 7F)
 There are     6 symmetry adapted cartesian basis functions of AG  symmetry.
 There are     0 symmetry adapted cartesian basis functions of BG  symmetry.
 There are     0 symmetry adapted cartesian basis functions of AU  symmetry.
 There are     6 symmetry adapted cartesian basis functions of BU  symmetry.
 There are     6 symmetry adapted basis functions of AG  symmetry.
 There are     0 symmetry adapted basis functions of BG  symmetry.
 There are     0 symmetry adapted basis functions of AU  symmetry.
 There are     6 symmetry adapted basis functions of BU  symmetry.
    12 basis functions,   120 primitive gaussians,    12 cartesian basis functions
     6 alpha electrons        6 beta electrons
       nuclear repulsion energy        19.3611326468 Hartrees.
 NAtoms=   12 NActive=   12 NUniq=    6 SFac= 4.00D+00 NAtFMM=   60 NAOKFM=F Big=F
 Integral buffers will be    131072 words long.
 Regular integral format.
 Two-electron integral symmetry is turned on.
 One-electron integrals computed using PRISM.
 NBasis=    12 RedAO= T EigKep=  1.85D-01  NBF=     6     0     0     6
 NBsUse=    12 1.00D-06 EigRej= -1.00D+00 NBFU=     6     0     0     6
 Initial guess from the checkpoint file:  "h12.chk"
 B after Tr=    -0.000000   -0.000000    0.000000
         Rot=    0.968312    0.000000    0.000000   -0.249744 Ang= -28.92 deg.
 Initial guess orbital symmetries:
       Occupied  (AG) (BU) (AG) (BU) (BU) (AG)
       Virtual   (BU) (AG) (BU) (AG) (AG) (BU)
 Keep R1 ints in memory in symmetry-blocked form, NReq=903252.
 Requested convergence on RMS density matrix=1.00D-08 within 128 cycles.
 Requested convergence on MAX density matrix=1.00D-06.
 Requested convergence on             energy=1.00D-06.
 No special actions if energy rises.
 SCF Done:  E(RHF) =  -5.95036487197     A.U. after   13 cycles
            NFock= 13  Conv=0.57D-09     -V/T= 1.9678
 Range of M.O.s used for correlation:     1    12
 NBasis=    12 NAE=     6 NBE=     6 NFC=     0 NFV=     0
 NROrb=     12 NOA=     6 NOB=     6 NVA=     6 NVB=     6
 Semi-Direct transformation.
 ModeAB=           4 MOrb=             6 LenV=     134085025
 LASXX=         2181 LTotXX=        2181 LenRXX=        5115
 LTotAB=        2934 MaxLAS=        3024 LenRXY=           0
 NonZer=        7296 LenScr=      655360 LnRSAI=        3024
 LnScr1=      655360 LExtra=           0 Total=      1318859
 MaxDsk=          -1 SrtSym=           T ITran=            3
 JobTyp=0 Pass  1:  I=   1 to   6.
 (rs|ai) integrals will be sorted in core.
 Spin components of T(2) and E(2):
     alpha-alpha T2 =       0.4474784888D-02 E2=     -0.6814269638D-02
     alpha-beta  T2 =       0.6251939935D-01 E2=     -0.9838117815D-01
     beta-beta   T2 =       0.4474784888D-02 E2=     -0.6814269638D-02
 ANorm=    0.1035117853D+01
 E2 =    -0.1120097174D+00 EUMP2 =    -0.60623745893964D+01
 Second order stability test of a single determinant RHF wave function:
 Stabil:  MDV=134217728
 ***********************************************************************
 Matrix         Lowest Root    Major Pairs
 ***********************************************************************
 Internal RHF     0.2442718    Stable
 RRHF --> CRHF    0.2031289    Stable
 RRHF --> RUHF    0.0607464    Stable
 Stable under the perturbations considered.
 ***********************************************************************

 **********************************************************************

            Population analysis using the SCF density.

 **********************************************************************

 Orbital symmetries:
       Occupied  (AG) (BU) (BU) (AG) (AG) (BU)
       Virtual   (AG) (AG) (BU) (BU) (BU) (AG)
 The electronic state is 1-AG.
 Alpha  occ. eigenvalues --   -0.95763  -0.78850  -0.60272  -0.56854  -0.37004
 Alpha  occ. eigenvalues --   -0.32782
 Alpha virt. eigenvalues --    0.13779   0.19966   0.22263   0.39330   0.47545
 Alpha virt. eigenvalues --    0.56296
          Condensed to atoms (all electrons):
               1          2          3          4          5          6
     1  H    0.969057   0.202727   0.154086  -0.139681  -0.055531   0.012481
     2  H    0.202727   0.708960  -0.024163  -0.073939   0.254465  -0.034926
     3  H    0.154086  -0.024163   0.751573   0.058173  -0.130762  -0.016323
     4  H   -0.139681  -0.073939   0.058173   1.009895   0.206889  -0.059003
     5  H   -0.055531   0.254465  -0.130762   0.206889   1.048037  -0.095772
     6  H    0.012481  -0.034926  -0.016323  -0.059003  -0.095772   0.935175
     7  H    0.002172  -0.008149   0.012635  -0.029830  -0.058884   0.221106
     8  H    0.018381  -0.023754  -0.029830  -0.195886  -0.081425   0.324128
     9  H   -0.065845  -0.109604   0.221106   0.324128  -0.064174  -0.077339
    10  H    0.003604   0.018424  -0.058884  -0.081425   0.020568  -0.064174
    11  H   -0.000249   0.008779  -0.008149  -0.023754   0.018424  -0.109604
    12  H   -0.000694  -0.000249   0.002172   0.018381   0.003604  -0.065845
               7          8          9         10         11         12
     1  H    0.002172   0.018381  -0.065845   0.003604  -0.000249  -0.000694
     2  H   -0.008149  -0.023754  -0.109604   0.018424   0.008779  -0.000249
     3  H    0.012635  -0.029830   0.221106  -0.058884  -0.008149   0.002172
     4  H   -0.029830  -0.195886   0.324128  -0.081425  -0.023754   0.018381
     5  H   -0.058884  -0.081425  -0.064174   0.020568   0.018424   0.003604
     6  H    0.221106   0.324128  -0.077339  -0.064174  -0.109604  -0.065845
     7  H    0.751573   0.058173  -0.016323  -0.130762  -0.024163   0.154086
     8  H    0.058173   1.009895  -0.059003   0.206889  -0.073939  -0.139681
     9  H   -0.016323  -0.059003   0.935175  -0.095772  -0.034926   0.012481
    10  H   -0.130762   0.206889  -0.095772   1.048037   0.254465  -0.055531
    11  H   -0.024163  -0.073939  -0.034926   0.254465   0.708960   0.202727
    12  H    0.154086  -0.139681   0.012481  -0.055531   0.202727   0.969057
 Mulliken charges:
               1
     1  H   -0.100508
     2  H    0.081431
     3  H    0.068366
     4  H   -0.013946
     5  H   -0.065439
     6  H    0.030096
     7  H    0.068366
     8  H   -0.013946
     9  H    0.030096
    10  H   -0.065439
    11  H    0.081431
    12  H   -0.100508
 Sum of Mulliken charges =  -0.00000
 Mulliken charges with hydrogens summed into heavy atoms:
               1
 Electronic spatial extent (au):  <R**2>=            156.3275
 Charge=             -0.0000 electrons
 Dipole moment (field-independent basis, Debye):
    X=             -0.0000    Y=             -0.0000    Z=              0.0000  Tot=              0.0000
 Quadrupole moment (field-independent basis, Debye-Ang):
   XX=            -17.8408   YY=            -23.1876   ZZ=            -15.3674
   XY=             -1.0847   XZ=              0.0000   YZ=              0.0000
 Traceless Quadrupole moment (field-independent basis, Debye-Ang):
   XX=              0.9578   YY=             -4.3890   ZZ=              3.4312
   XY=             -1.0847   XZ=              0.0000   YZ=              0.0000
 Octapole moment (field-independent basis, Debye-Ang**2):
  XXX=              0.0000  YYY=              0.0000  ZZZ=              0.0000  XYY=             -0.0000
  XXY=              0.0000  XXZ=              0.0000  XZZ=              0.0000  YZZ=              0.0000
  YYZ=             -0.0000  XYZ=             -0.0000
 Hexadecapole moment (field-independent basis, Debye-Ang**3):
 XXXX=            -85.6034 YYYY=           -276.4760 ZZZZ=            -18.3140 XXXY=            -24.1649
 XXXZ=              0.0000 YYYX=            -33.6799 YYYZ=              0.0000 ZZZX=              0.0000
 ZZZY=              0.0000 XXYY=            -61.1055 XXZZ=            -17.1065 YYZZ=            -41.1969
 XXYZ=              0.0000 YYXZ=              0.0000 ZZXY=             -7.2970
 N-N= 1.936113264683D+01 E-N=-4.954060222554D+01  KE= 6.148110986570D+00
 Symmetry AG   KE= 2.948556792130D+00
 Symmetry BG   KE= 0.000000000000D+00
 Symmetry AU   KE= 0.000000000000D+00
 Symmetry BU   KE= 3.199554194440D+00

 Test job not archived.
 1\1\GINC-SULU\Stability\RHF\Gen\H12\LCJ1\17-Feb-2017\0\\#rhf/gen scf(s
 ymm,tight,novaracc,noincfock,fulldiag) stable(crhf) guess=read geom=no
 crowd test\\hf stability analysis of h12 triangular lattice, y= 1.0420
 355127918348\\0,1\H\H,1,1.1801781946\H,1,1.1801781946,2,56.\H,2,1.1801
 781946,1,124.,3,0.,0\H,2,1.1801781946,1,180.,3,0.,0\H,4,1.1801781946,3
 ,180.,5,0.,0\H,6,1.1801781946,5,180.,3,0.,0\H,4,1.1801781946,2,180.,3,
 0.,0\H,3,1.1801781946,1,180.,4,0.,0\H,9,1.1801781946,3,180.,4,0.,0\H,8
 ,1.1801781946,4,180.,3,0.,0\H,7,1.1801781946,6,180.,3,0.,0\\Version=ES
 64L-G09RevE.01\State=1-AG\HF=-5.9503649\MP2=-6.0623746\RMSD=5.662e-10\
 Dipole=0.,0.,0.\Quadrupole=-1.2723165,2.5510021,-1.2786856,0.,-2.14498
 51,0.\PG=C02H [SGH(H12)]\\@


 THE MORE POWERFUL THE METHOD, THE MORE CATASTROPHIC THE ERRORS.
     -- M.D. KAMEN
 Job cpu time:       0 days  0 hours  0 minutes  1.1 seconds.
 File lengths (MBytes):  RWF=     84 Int=      0 D2E=      0 Chk=      2 Scr=      2
 Normal termination of Gaussian 09 at Fri Feb 17 15:05:12 2017.
