 Entering Gaussian System, Link 0=g09
 AtFile(1): H.gbs
            H     0
            S   10   1.00
               1000.000000000000            0.000068713567
                316.227766000000            0.000169141320
                100.000000000000            0.000823394812
                 31.622776600000            0.003425569236
                 10.000000000000            0.013951996000
                  3.162277660000            0.056909313560
                  1.000000000000            0.198286399900
                  0.316227766000            0.496922426700
                  0.100000000000            0.369846276400
                  0.031622776600            0.003752720039
            ****
 Initial command:
 /projects/guscus/apps/gau/g09-e1/g09/l1.exe "/users/lcj1/gaussian/h12/rhfstability/rect/guess/ag3bu3/Gau-2439.inp" -scrdir="/users/lcj1/gaussian/h12/rhfstability/rect/guess/ag3bu3/"
 Entering Link 1 = /projects/guscus/apps/gau/g09-e1/g09/l1.exe PID=      2440.
  
 Copyright (c) 1988,1990,1992,1993,1995,1998,2003,2009,2015,
            Gaussian, Inc.  All Rights Reserved.
  
 This is part of the Gaussian(R) 09 program.  It is based on
 the Gaussian(R) 03 system (copyright 2003, Gaussian, Inc.),
 the Gaussian(R) 98 system (copyright 1998, Gaussian, Inc.),
 the Gaussian(R) 94 system (copyright 1995, Gaussian, Inc.),
 the Gaussian 92(TM) system (copyright 1992, Gaussian, Inc.),
 the Gaussian 90(TM) system (copyright 1990, Gaussian, Inc.),
 the Gaussian 88(TM) system (copyright 1988, Gaussian, Inc.),
 the Gaussian 86(TM) system (copyright 1986, Carnegie Mellon
 University), and the Gaussian 82(TM) system (copyright 1983,
 Carnegie Mellon University). Gaussian is a federally registered
 trademark of Gaussian, Inc.
  
 This software contains proprietary and confidential information,
 including trade secrets, belonging to Gaussian, Inc.
  
 This software is provided under written license and may be
 used, copied, transmitted, or stored only in accord with that
 written license.
  
 The following legend is applicable only to US Government
 contracts under FAR:
  
                    RESTRICTED RIGHTS LEGEND
  
 Use, reproduction and disclosure by the US Government is
 subject to restrictions as set forth in subparagraphs (a)
 and (c) of the Commercial Computer Software - Restricted
 Rights clause in FAR 52.227-19.
  
 Gaussian, Inc.
 340 Quinnipiac St., Bldg. 40, Wallingford CT 06492
  
  
 ---------------------------------------------------------------
 Warning -- This program may not be used in any manner that
 competes with the business of Gaussian, Inc. or will provide
 assistance to any competitor of Gaussian, Inc.  The licensee
 of this program is prohibited from giving any competitor of
 Gaussian, Inc. access to this program.  By using this program,
 the user acknowledges that Gaussian, Inc. is engaged in the
 business of creating and licensing software in the field of
 computational chemistry and represents and warrants to the
 licensee that it is not a competitor of Gaussian, Inc. and that
 it will not use this program in any manner prohibited above.
 ---------------------------------------------------------------
  

 Cite this work as:
 Gaussian 09, Revision E.01,
 M. J. Frisch, G. W. Trucks, H. B. Schlegel, G. E. Scuseria, 
 M. A. Robb, J. R. Cheeseman, G. Scalmani, V. Barone, B. Mennucci, 
 G. A. Petersson, H. Nakatsuji, M. Caricato, X. Li, H. P. Hratchian, 
 A. F. Izmaylov, J. Bloino, G. Zheng, J. L. Sonnenberg, M. Hada, 
 M. Ehara, K. Toyota, R. Fukuda, J. Hasegawa, M. Ishida, T. Nakajima, 
 Y. Honda, O. Kitao, H. Nakai, T. Vreven, J. A. Montgomery, Jr., 
 J. E. Peralta, F. Ogliaro, M. Bearpark, J. J. Heyd, E. Brothers, 
 K. N. Kudin, V. N. Staroverov, T. Keith, R. Kobayashi, J. Normand, 
 K. Raghavachari, A. Rendell, J. C. Burant, S. S. Iyengar, J. Tomasi, 
 M. Cossi, N. Rega, J. M. Millam, M. Klene, J. E. Knox, J. B. Cross, 
 V. Bakken, C. Adamo, J. Jaramillo, R. Gomperts, R. E. Stratmann, 
 O. Yazyev, A. J. Austin, R. Cammi, C. Pomelli, J. W. Ochterski, 
 R. L. Martin, K. Morokuma, V. G. Zakrzewski, G. A. Voth, 
 P. Salvador, J. J. Dannenberg, S. Dapprich, A. D. Daniels, 
 O. Farkas, J. B. Foresman, J. V. Ortiz, J. Cioslowski, 
 and D. J. Fox, Gaussian, Inc., Wallingford CT, 2013.
 
 ******************************************
 Gaussian 09:  ES64L-G09RevE.01 30-Nov-2015
                17-Feb-2017 
 ******************************************
 %chk=h12.chk
 ----------------------------------------------------------------------
 #rhf/gen scf(symm,tight,novaracc,noincfock,fulldiag) stable(crhf) gues
 s=read geom=nocrowd test
 ----------------------------------------------------------------------
 1/38=1/1;
 2/12=1,17=6,18=5,40=1/2;
 3/5=7,16=1,25=1,30=1,116=1/1,2,3;
 4/5=1,9=4/1;
 5/5=100002,15=2,16=1,32=2,38=6/2;
 8/6=1,10=90,11=11/1,4;
 9/8=4,13=1/2;
 6/7=2,8=2,9=2,10=2,28=1/1;
 99/5=1,9=1/99;
 ----------------------------------------------------------------------
 hf stability analysis of h12 triangular lattice, y= 0.9754198370359219
 4
 ----------------------------------------------------------------------
 Symbolic Z-matrix:
 Charge =  0 Multiplicity = 1
 H
 H                    1     1.14096 
 H                    1     1.14096  2     62.5 
 H                    2     1.14096  1     117.5    3     0.       0
 H                    2     1.14096  1     180.     3     0.       0
 H                    4     1.14096  3     180.     5     0.       0
 H                    6     1.14096  5     180.     3     0.       0
 H                    4     1.14096  2     180.     3     0.       0
 H                    3     1.14096  1     180.     4     0.       0
 H                    9     1.14096  3     180.     4     0.       0
 H                    8     1.14096  4     180.     3     0.       0
 H                    7     1.14096  6     180.     3     0.       0
 
                          Input orientation:                          
 ---------------------------------------------------------------------
 Center     Atomic      Atomic             Coordinates (Angstroms)
 Number     Number       Type             X           Y           Z
 ---------------------------------------------------------------------
      1          1           0        0.000000    0.000000    0.000000
      2          1           0        0.000000    0.000000    1.140959
      3          1           0        1.012043    0.000000    0.526836
      4          1           0        1.012043    0.000000    1.667796
      5          1           0        0.000000    0.000000    2.281919
      6          1           0        1.012043    0.000000    2.808755
      7          1           0        2.024087    0.000000    3.335592
      8          1           0        2.024087    0.000000    2.194632
      9          1           0        2.024087    0.000000    1.053673
     10          1           0        3.036130    0.000000    1.580509
     11          1           0        3.036130    0.000000    2.721469
     12          1           0        3.036130    0.000000    3.862428
 ---------------------------------------------------------------------
                    Distance matrix (angstroms):
                    1          2          3          4          5
     1  H    0.000000
     2  H    1.140959   0.000000
     3  H    1.140959   1.183799   0.000000
     4  H    1.950840   1.140959   1.140959   0.000000
     5  H    2.281919   1.140959   2.025968   1.183799   0.000000
     6  H    2.985522   1.950840   2.281919   1.140959   1.140959
     7  H    3.901679   2.985522   2.985522   1.950840   2.281919
     8  H    2.985522   2.281919   1.950840   1.140959   2.025968
     9  H    2.281919   2.025968   1.140959   1.183799   2.367597
    10  H    3.422878   3.067783   2.281919   2.025968   3.116097
    11  H    4.077313   3.422878   2.985522   2.281919   3.067783
    12  H    4.912885   4.077313   3.901679   2.985522   3.422878
                    6          7          8          9         10
     6  H    0.000000
     7  H    1.140959   0.000000
     8  H    1.183799   1.140959   0.000000
     9  H    2.025968   2.281919   1.140959   0.000000
    10  H    2.367597   2.025968   1.183799   1.140959   0.000000
    11  H    2.025968   1.183799   1.140959   1.950840   1.140959
    12  H    2.281919   1.140959   1.950840   2.985522   2.281919
                   11         12
    11  H    0.000000
    12  H    1.140959   0.000000
 Stoichiometry    H12
 Framework group  C2H[SGH(H12)]
 Deg. of freedom    11
 Full point group                 C2H     NOp   4
 Largest Abelian subgroup         C2H     NOp   4
 Largest concise Abelian subgroup C2      NOp   2
                         Standard orientation:                         
 ---------------------------------------------------------------------
 Center     Atomic      Atomic             Coordinates (Angstroms)
 Number     Number       Type             X           Y           Z
 ---------------------------------------------------------------------
      1          1           0        1.012043    2.238276    0.000000
      2          1           0        0.000000    1.711439    0.000000
      3          1           0        1.012043    1.097316    0.000000
      4          1           0        0.000000    0.570480    0.000000
      5          1           0       -1.012043    1.184603    0.000000
      6          1           0       -1.012043    0.043643    0.000000
      7          1           0       -1.012043   -1.097316    0.000000
      8          1           0       -0.000000   -0.570480    0.000000
      9          1           0        1.012043   -0.043643   -0.000000
     10          1           0        1.012043   -1.184603    0.000000
     11          1           0       -0.000000   -1.711439    0.000000
     12          1           0       -1.012043   -2.238276    0.000000
 ---------------------------------------------------------------------
 Rotational constants (GHZ):     72.0150128     21.8233318     16.7480311
 General basis read from cards:  (5D, 7F)
 There are     6 symmetry adapted cartesian basis functions of AG  symmetry.
 There are     0 symmetry adapted cartesian basis functions of BG  symmetry.
 There are     0 symmetry adapted cartesian basis functions of AU  symmetry.
 There are     6 symmetry adapted cartesian basis functions of BU  symmetry.
 There are     6 symmetry adapted basis functions of AG  symmetry.
 There are     0 symmetry adapted basis functions of BG  symmetry.
 There are     0 symmetry adapted basis functions of AU  symmetry.
 There are     6 symmetry adapted basis functions of BU  symmetry.
    12 basis functions,   120 primitive gaussians,    12 cartesian basis functions
     6 alpha electrons        6 beta electrons
       nuclear repulsion energy        19.6465200568 Hartrees.
 NAtoms=   12 NActive=   12 NUniq=    6 SFac= 4.00D+00 NAtFMM=   60 NAOKFM=F Big=F
 Integral buffers will be    131072 words long.
 Regular integral format.
 Two-electron integral symmetry is turned on.
 One-electron integrals computed using PRISM.
 NBasis=    12 RedAO= T EigKep=  1.68D-01  NBF=     6     0     0     6
 NBsUse=    12 1.00D-06 EigRej= -1.00D+00 NBFU=     6     0     0     6
 Initial guess from the checkpoint file:  "h12.chk"
 B after Tr=    -0.000000   -0.000000    0.000000
         Rot=    0.971329    0.000000    0.000000   -0.237741 Ang= -27.51 deg.
 Initial guess orbital symmetries:
       Occupied  (AG) (BU) (AG) (BU) (BU) (AG)
       Virtual   (BU) (AG) (BU) (AG) (AG) (BU)
 Keep R1 ints in memory in symmetry-blocked form, NReq=903994.
 Requested convergence on RMS density matrix=1.00D-08 within 128 cycles.
 Requested convergence on MAX density matrix=1.00D-06.
 Requested convergence on             energy=1.00D-06.
 No special actions if energy rises.
 SCF Done:  E(RHF) =  -5.90688798682     A.U. after   13 cycles
            NFock= 13  Conv=0.84D-08     -V/T= 1.9507
 Range of M.O.s used for correlation:     1    12
 NBasis=    12 NAE=     6 NBE=     6 NFC=     0 NFV=     0
 NROrb=     12 NOA=     6 NOB=     6 NVA=     6 NVB=     6
 Semi-Direct transformation.
 ModeAB=           4 MOrb=             6 LenV=     134084339
 LASXX=         2181 LTotXX=        2181 LenRXX=        5115
 LTotAB=        2934 MaxLAS=        3024 LenRXY=           0
 NonZer=        7296 LenScr=      655360 LnRSAI=        3024
 LnScr1=      655360 LExtra=           0 Total=      1318859
 MaxDsk=          -1 SrtSym=           T ITran=            3
 JobTyp=0 Pass  1:  I=   1 to   6.
 (rs|ai) integrals will be sorted in core.
 Spin components of T(2) and E(2):
     alpha-alpha T2 =       0.4716483457D-02 E2=     -0.7117435077D-02
     alpha-beta  T2 =       0.6346520838D-01 E2=     -0.9934430130D-01
     beta-beta   T2 =       0.4716483457D-02 E2=     -0.7117435077D-02
 ANorm=    0.1035807982D+01
 E2 =    -0.1135791715D+00 EUMP2 =    -0.60204671582718D+01
 Second order stability test of a single determinant RHF wave function:
 Stabil:  MDV=134217728
 ***********************************************************************
 Matrix         Lowest Root    Major Pairs
 ***********************************************************************
 Internal RHF     0.1430681    Stable
 RRHF --> CRHF    0.103134     Stable
 RRHF --> RUHF    0.0169422    Stable
 Stable under the perturbations considered.
 ***********************************************************************

 **********************************************************************

            Population analysis using the SCF density.

 **********************************************************************

 Orbital symmetries:
       Occupied  (AG) (BU) (BU) (AG) (AG) (BU)
       Virtual   (AG) (BU) (AG) (BU) (AG) (BU)
 The electronic state is 1-AG.
 Alpha  occ. eigenvalues --   -0.98017  -0.79227  -0.63963  -0.55495  -0.40020
 Alpha  occ. eigenvalues --   -0.29537
 Alpha virt. eigenvalues --    0.07303   0.19757   0.25754   0.33224   0.57521
 Alpha virt. eigenvalues --    0.58335
          Condensed to atoms (all electrons):
               1          2          3          4          5          6
     1  H    1.103688   0.226669   0.117669  -0.179692  -0.068445   0.015081
     2  H    0.226669   0.686610  -0.022734  -0.091440   0.245019  -0.031343
     3  H    0.117669  -0.022734   0.760108   0.119907  -0.111195  -0.035097
     4  H   -0.179692  -0.091440   0.119907   1.066776   0.183911  -0.049651
     5  H   -0.068445   0.245019  -0.111195   0.183911   1.035961  -0.067852
     6  H    0.015081  -0.031343  -0.035097  -0.049651  -0.067852   0.854351
     7  H    0.004532  -0.009595   0.014089  -0.044795  -0.072325   0.212208
     8  H    0.027081  -0.031708  -0.044795  -0.215992  -0.090354   0.310905
     9  H   -0.081179  -0.089270   0.212208   0.310905  -0.035467  -0.079638
    10  H    0.005745   0.017516  -0.072325  -0.090354   0.017576  -0.035467
    11  H   -0.000195   0.010109  -0.009595  -0.031708   0.017516  -0.089270
    12  H   -0.001443  -0.000195   0.004532   0.027081   0.005745  -0.081179
               7          8          9         10         11         12
     1  H    0.004532   0.027081  -0.081179   0.005745  -0.000195  -0.001443
     2  H   -0.009595  -0.031708  -0.089270   0.017516   0.010109  -0.000195
     3  H    0.014089  -0.044795   0.212208  -0.072325  -0.009595   0.004532
     4  H   -0.044795  -0.215992   0.310905  -0.090354  -0.031708   0.027081
     5  H   -0.072325  -0.090354  -0.035467   0.017576   0.017516   0.005745
     6  H    0.212208   0.310905  -0.079638  -0.035467  -0.089270  -0.081179
     7  H    0.760108   0.119907  -0.035097  -0.111195  -0.022734   0.117669
     8  H    0.119907   1.066776  -0.049651   0.183911  -0.091440  -0.179692
     9  H   -0.035097  -0.049651   0.854351  -0.067852  -0.031343   0.015081
    10  H   -0.111195   0.183911  -0.067852   1.035961   0.245019  -0.068445
    11  H   -0.022734  -0.091440  -0.031343   0.245019   0.686610   0.226669
    12  H    0.117669  -0.179692   0.015081  -0.068445   0.226669   1.103688
 Mulliken charges:
               1
     1  H   -0.169510
     2  H    0.090362
     3  H    0.067229
     4  H   -0.004946
     5  H   -0.060089
     6  H    0.076953
     7  H    0.067229
     8  H   -0.004946
     9  H    0.076953
    10  H   -0.060089
    11  H    0.090362
    12  H   -0.169510
 Sum of Mulliken charges =   0.00000
 Mulliken charges with hydrogens summed into heavy atoms:
               1
 Electronic spatial extent (au):  <R**2>=            151.0137
 Charge=              0.0000 electrons
 Dipole moment (field-independent basis, Debye):
    X=              0.0000    Y=              0.0000    Z=             -0.0000  Tot=              0.0000
 Quadrupole moment (field-independent basis, Debye-Ang):
   XX=            -17.7526   YY=            -26.2517   ZZ=            -15.3009
   XY=             -2.8618   XZ=              0.0000   YZ=             -0.0000
 Traceless Quadrupole moment (field-independent basis, Debye-Ang):
   XX=              2.0158   YY=             -6.4833   ZZ=              4.4675
   XY=             -2.8618   XZ=              0.0000   YZ=             -0.0000
 Octapole moment (field-independent basis, Debye-Ang**2):
  XXX=              0.0000  YYY=              0.0000  ZZZ=             -0.0000  XYY=              0.0000
  XXY=              0.0000  XXZ=             -0.0000  XZZ=              0.0000  YZZ=              0.0000
  YYZ=             -0.0000  XYZ=             -0.0000
 Hexadecapole moment (field-independent basis, Debye-Ang**3):
 XXXX=            -89.0787 YYYY=           -273.1259 ZZZZ=            -18.1769 XXXY=            -23.3075
 XXXZ=              0.0000 YYYX=            -39.3378 YYYZ=             -0.0000 ZZZX=              0.0000
 ZZZY=             -0.0000 XXYY=            -62.5604 XXZZ=            -17.6819 YYZZ=            -38.2284
 XXYZ=             -0.0000 YYXZ=              0.0000 ZZXY=             -6.4684
 N-N= 1.964652005680D+01 E-N=-4.999497773460D+01  KE= 6.213325747063D+00
 Symmetry AG   KE= 2.944376641482D+00
 Symmetry BG   KE= 0.000000000000D+00
 Symmetry AU   KE= 0.000000000000D+00
 Symmetry BU   KE= 3.268949105581D+00

 Test job not archived.
 1\1\GINC-SULU\Stability\RHF\Gen\H12\LCJ1\17-Feb-2017\0\\#rhf/gen scf(s
 ymm,tight,novaracc,noincfock,fulldiag) stable(crhf) guess=read geom=no
 crowd test\\hf stability analysis of h12 triangular lattice, y= 0.9754
 1983703592194\\0,1\H\H,1,1.1409594996\H,1,1.1409594996,2,62.5\H,2,1.14
 09594996,1,117.5,3,0.,0\H,2,1.1409594996,1,180.,3,0.,0\H,4,1.140959499
 6,3,180.,5,0.,0\H,6,1.1409594996,5,180.,3,0.,0\H,4,1.1409594996,2,180.
 ,3,0.,0\H,3,1.1409594996,1,180.,4,0.,0\H,9,1.1409594996,3,180.,4,0.,0\
 H,8,1.1409594996,4,180.,3,0.,0\H,7,1.1409594996,6,180.,3,0.,0\\Version
 =ES64L-G09RevE.01\State=1-AG\HF=-5.906888\MP2=-6.0204672\RMSD=8.362e-0
 9\Dipole=0.,0.,0.\Quadrupole=-1.7299802,3.3214465,-1.5914663,0.,-3.808
 4528,0.\PG=C02H [SGH(H12)]\\@


 HOW IS IT THAT THE SKY FEEDS THE STARS?

                           -- LUCRETIUS
 Job cpu time:       0 days  0 hours  0 minutes  1.1 seconds.
 File lengths (MBytes):  RWF=     84 Int=      0 D2E=      0 Chk=      2 Scr=      2
 Normal termination of Gaussian 09 at Fri Feb 17 15:04:29 2017.
