 Entering Gaussian System, Link 0=g09
 AtFile(1): H.gbs
            H     0
            S   10   1.00
               1000.000000000000            0.000068713567
                316.227766000000            0.000169141320
                100.000000000000            0.000823394812
                 31.622776600000            0.003425569236
                 10.000000000000            0.013951996000
                  3.162277660000            0.056909313560
                  1.000000000000            0.198286399900
                  0.316227766000            0.496922426700
                  0.100000000000            0.369846276400
                  0.031622776600            0.003752720039
            ****
 Initial command:
 /projects/guscus/apps/gau/g09-e1/g09/l1.exe "/users/lcj1/gaussian/h12/rhfstability/rect/guess/ag3bu3/Gau-30343.inp" -scrdir="/users/lcj1/gaussian/h12/rhfstability/rect/guess/ag3bu3/"
 Entering Link 1 = /projects/guscus/apps/gau/g09-e1/g09/l1.exe PID=     30345.
  
 Copyright (c) 1988,1990,1992,1993,1995,1998,2003,2009,2015,
            Gaussian, Inc.  All Rights Reserved.
  
 This is part of the Gaussian(R) 09 program.  It is based on
 the Gaussian(R) 03 system (copyright 2003, Gaussian, Inc.),
 the Gaussian(R) 98 system (copyright 1998, Gaussian, Inc.),
 the Gaussian(R) 94 system (copyright 1995, Gaussian, Inc.),
 the Gaussian 92(TM) system (copyright 1992, Gaussian, Inc.),
 the Gaussian 90(TM) system (copyright 1990, Gaussian, Inc.),
 the Gaussian 88(TM) system (copyright 1988, Gaussian, Inc.),
 the Gaussian 86(TM) system (copyright 1986, Carnegie Mellon
 University), and the Gaussian 82(TM) system (copyright 1983,
 Carnegie Mellon University). Gaussian is a federally registered
 trademark of Gaussian, Inc.
  
 This software contains proprietary and confidential information,
 including trade secrets, belonging to Gaussian, Inc.
  
 This software is provided under written license and may be
 used, copied, transmitted, or stored only in accord with that
 written license.
  
 The following legend is applicable only to US Government
 contracts under FAR:
  
                    RESTRICTED RIGHTS LEGEND
  
 Use, reproduction and disclosure by the US Government is
 subject to restrictions as set forth in subparagraphs (a)
 and (c) of the Commercial Computer Software - Restricted
 Rights clause in FAR 52.227-19.
  
 Gaussian, Inc.
 340 Quinnipiac St., Bldg. 40, Wallingford CT 06492
  
  
 ---------------------------------------------------------------
 Warning -- This program may not be used in any manner that
 competes with the business of Gaussian, Inc. or will provide
 assistance to any competitor of Gaussian, Inc.  The licensee
 of this program is prohibited from giving any competitor of
 Gaussian, Inc. access to this program.  By using this program,
 the user acknowledges that Gaussian, Inc. is engaged in the
 business of creating and licensing software in the field of
 computational chemistry and represents and warrants to the
 licensee that it is not a competitor of Gaussian, Inc. and that
 it will not use this program in any manner prohibited above.
 ---------------------------------------------------------------
  

 Cite this work as:
 Gaussian 09, Revision E.01,
 M. J. Frisch, G. W. Trucks, H. B. Schlegel, G. E. Scuseria, 
 M. A. Robb, J. R. Cheeseman, G. Scalmani, V. Barone, B. Mennucci, 
 G. A. Petersson, H. Nakatsuji, M. Caricato, X. Li, H. P. Hratchian, 
 A. F. Izmaylov, J. Bloino, G. Zheng, J. L. Sonnenberg, M. Hada, 
 M. Ehara, K. Toyota, R. Fukuda, J. Hasegawa, M. Ishida, T. Nakajima, 
 Y. Honda, O. Kitao, H. Nakai, T. Vreven, J. A. Montgomery, Jr., 
 J. E. Peralta, F. Ogliaro, M. Bearpark, J. J. Heyd, E. Brothers, 
 K. N. Kudin, V. N. Staroverov, T. Keith, R. Kobayashi, J. Normand, 
 K. Raghavachari, A. Rendell, J. C. Burant, S. S. Iyengar, J. Tomasi, 
 M. Cossi, N. Rega, J. M. Millam, M. Klene, J. E. Knox, J. B. Cross, 
 V. Bakken, C. Adamo, J. Jaramillo, R. Gomperts, R. E. Stratmann, 
 O. Yazyev, A. J. Austin, R. Cammi, C. Pomelli, J. W. Ochterski, 
 R. L. Martin, K. Morokuma, V. G. Zakrzewski, G. A. Voth, 
 P. Salvador, J. J. Dannenberg, S. Dapprich, A. D. Daniels, 
 O. Farkas, J. B. Foresman, J. V. Ortiz, J. Cioslowski, 
 and D. J. Fox, Gaussian, Inc., Wallingford CT, 2013.
 
 ******************************************
 Gaussian 09:  ES64L-G09RevE.01 30-Nov-2015
                17-Feb-2017 
 ******************************************
 %chk=h12.chk
 ----------------------------------------------------------------------
 #rhf/gen scf(symm,tight,novaracc,noincfock,fulldiag) stable(crhf) gues
 s=read geom=nocrowd test
 ----------------------------------------------------------------------
 1/38=1/1;
 2/12=1,17=6,18=5,40=1/2;
 3/5=7,16=1,25=1,30=1,116=1/1,2,3;
 4/5=1,9=4/1;
 5/5=100002,15=2,16=1,32=2,38=6/2;
 8/6=1,10=90,11=11/1,4;
 9/8=4,13=1/2;
 6/7=2,8=2,9=2,10=2,28=1/1;
 99/5=1,9=1/99;
 ----------------------------------------------------------------------
 hf stability analysis of h12 triangular lattice, y= 0.8258291078557595
 8
 ----------------------------------------------------------------------
 Symbolic Z-matrix:
 Charge =  0 Multiplicity = 1
 H
 H                    1     1.08202 
 H                    1     1.08202  2     80.5 
 H                    2     1.08202  1     99.5     3     0.       0
 H                    2     1.08202  1     180.     3     0.       0
 H                    4     1.08202  3     180.     5     0.       0
 H                    6     1.08202  5     180.     3     0.       0
 H                    4     1.08202  2     180.     3     0.       0
 H                    3     1.08202  1     180.     4     0.       0
 H                    9     1.08202  3     180.     4     0.       0
 H                    8     1.08202  4     180.     3     0.       0
 H                    7     1.08202  6     180.     3     0.       0
 
                          Input orientation:                          
 ---------------------------------------------------------------------
 Center     Atomic      Atomic             Coordinates (Angstroms)
 Number     Number       Type             X           Y           Z
 ---------------------------------------------------------------------
      1          1           0        0.000000    0.000000    0.000000
      2          1           0        0.000000    0.000000    1.082015
      3          1           0        1.067176    0.000000    0.178584
      4          1           0        1.067176    0.000000    1.260599
      5          1           0        0.000000    0.000000    2.164030
      6          1           0        1.067176    0.000000    2.342614
      7          1           0        2.134352    0.000000    2.521198
      8          1           0        2.134352    0.000000    1.439183
      9          1           0        2.134352    0.000000    0.357168
     10          1           0        3.201528    0.000000    0.535752
     11          1           0        3.201528    0.000000    1.617767
     12          1           0        3.201528    0.000000    2.699782
 ---------------------------------------------------------------------
                    Distance matrix (angstroms):
                    1          2          3          4          5
     1  H    0.000000
     2  H    1.082015   0.000000
     3  H    1.082015   1.398232   0.000000
     4  H    1.651658   1.082015   1.082015   0.000000
     5  H    2.164030   1.082015   2.254077   1.398232   0.000000
     6  H    2.574239   1.651658   2.164030   1.082015   1.082015
     7  H    3.303316   2.574239   2.574239   1.651658   2.164030
     8  H    2.574239   2.164030   1.651658   1.082015   2.254077
     9  H    2.164030   2.254077   1.082015   1.398232   2.796464
    10  H    3.246045   3.247797   2.164030   2.254077   3.591806
    11  H    3.587053   3.246045   2.574239   2.164030   3.247797
    12  H    4.187912   3.587053   3.303316   2.574239   3.246045
                    6          7          8          9         10
     6  H    0.000000
     7  H    1.082015   0.000000
     8  H    1.398232   1.082015   0.000000
     9  H    2.254077   2.164030   1.082015   0.000000
    10  H    2.796464   2.254077   1.398232   1.082015   0.000000
    11  H    2.254077   1.398232   1.082015   1.651658   1.082015
    12  H    2.164030   1.082015   1.651658   2.574239   2.164030
                   11         12
    11  H    0.000000
    12  H    1.082015   0.000000
 Stoichiometry    H12
 Framework group  C2H[SGH(H12)]
 Deg. of freedom    11
 Full point group                 C2H     NOp   4
 Largest Abelian subgroup         C2H     NOp   4
 Largest concise Abelian subgroup C2      NOp   2
                         Standard orientation:                         
 ---------------------------------------------------------------------
 Center     Atomic      Atomic             Coordinates (Angstroms)
 Number     Number       Type             X           Y           Z
 ---------------------------------------------------------------------
      1          1           0        1.067176    1.801607    0.000000
      2          1           0        0.000000    1.623023    0.000000
      3          1           0        1.067176    0.719592    0.000000
      4          1           0        0.000000    0.541008    0.000000
      5          1           0       -1.067176    1.444439    0.000000
      6          1           0       -1.067176    0.362424    0.000000
      7          1           0       -1.067176   -0.719592    0.000000
      8          1           0       -0.000000   -0.541008    0.000000
      9          1           0        1.067176   -0.362424    0.000000
     10          1           0        1.067176   -1.444439    0.000000
     11          1           0       -0.000000   -1.623023    0.000000
     12          1           0       -1.067176   -1.801607    0.000000
 ---------------------------------------------------------------------
 Rotational constants (GHZ):     56.6512123     27.7418174     18.6224809
 General basis read from cards:  (5D, 7F)
 There are     6 symmetry adapted cartesian basis functions of AG  symmetry.
 There are     0 symmetry adapted cartesian basis functions of BG  symmetry.
 There are     0 symmetry adapted cartesian basis functions of AU  symmetry.
 There are     6 symmetry adapted cartesian basis functions of BU  symmetry.
 There are     6 symmetry adapted basis functions of AG  symmetry.
 There are     0 symmetry adapted basis functions of BG  symmetry.
 There are     0 symmetry adapted basis functions of AU  symmetry.
 There are     6 symmetry adapted basis functions of BU  symmetry.
    12 basis functions,   120 primitive gaussians,    12 cartesian basis functions
     6 alpha electrons        6 beta electrons
       nuclear repulsion energy        20.1174195249 Hartrees.
 NAtoms=   12 NActive=   12 NUniq=    6 SFac= 4.00D+00 NAtFMM=   60 NAOKFM=F Big=F
 Integral buffers will be    131072 words long.
 Regular integral format.
 Two-electron integral symmetry is turned on.
 One-electron integrals computed using PRISM.
 NBasis=    12 RedAO= T EigKep=  1.14D-01  NBF=     6     0     0     6
 NBsUse=    12 1.00D-06 EigRej= -1.00D+00 NBFU=     6     0     0     6
 Initial guess from the checkpoint file:  "h12.chk"
 B after Tr=    -0.000000    0.000000    0.000000
         Rot=    0.980223    0.000000    0.000000   -0.197897 Ang= -22.83 deg.
 Initial guess orbital symmetries:
       Occupied  (AG) (BU) (AG) (BU) (BU) (AG)
       Virtual   (BU) (AG) (BU) (AG) (AG) (BU)
 Keep R1 ints in memory in symmetry-blocked form, NReq=903840.
 Requested convergence on RMS density matrix=1.00D-08 within 128 cycles.
 Requested convergence on MAX density matrix=1.00D-06.
 Requested convergence on             energy=1.00D-06.
 No special actions if energy rises.
 SCF Done:  E(RHF) =  -5.72800002813     A.U. after   17 cycles
            NFock= 17  Conv=0.42D-08     -V/T= 1.8869
 Range of M.O.s used for correlation:     1    12
 NBasis=    12 NAE=     6 NBE=     6 NFC=     0 NFV=     0
 NROrb=     12 NOA=     6 NOB=     6 NVA=     6 NVB=     6
 Semi-Direct transformation.
 ModeAB=           4 MOrb=             6 LenV=     134084311
 LASXX=         2181 LTotXX=        2181 LenRXX=        5115
 LTotAB=        2934 MaxLAS=        3024 LenRXY=           0
 NonZer=        7296 LenScr=      655360 LnRSAI=        3024
 LnScr1=      655360 LExtra=           0 Total=      1318859
 MaxDsk=          -1 SrtSym=           T ITran=            3
 JobTyp=0 Pass  1:  I=   1 to   6.
 (rs|ai) integrals will be sorted in core.
 Spin components of T(2) and E(2):
     alpha-alpha T2 =       0.5058893971D-02 E2=     -0.7375999149D-02
     alpha-beta  T2 =       0.7388407834D-01 E2=     -0.1066737658D+00
     beta-beta   T2 =       0.5058893971D-02 E2=     -0.7375999149D-02
 ANorm=    0.1041154103D+01
 E2 =    -0.1214257641D+00 EUMP2 =    -0.58494257922822D+01
 Second order stability test of a single determinant RHF wave function:
 Stabil:  MDV=134217728
 ***********************************************************************
 Matrix         Lowest Root    Major Pairs
 ***********************************************************************
 Internal RHF    -0.0543828    6A=7A
 RRHF --> CRHF   -0.0908911    6A=7A
 RRHF --> RUHF   -0.1672766    6A=7B
 Not stable.
 ***********************************************************************

 **********************************************************************

            Population analysis using the SCF density.

 **********************************************************************

 Orbital symmetries:
       Occupied  (AG) (BU) (BU) (AG) (AG) (BU)
       Virtual   (AG) (BU) (BU) (AG) (AG) (BU)
 The electronic state is 1-AG.
 Alpha  occ. eigenvalues --   -1.00642  -0.78942  -0.68843  -0.51387  -0.46048
 Alpha  occ. eigenvalues --   -0.20878
 Alpha virt. eigenvalues --   -0.02172   0.11537   0.22436   0.41379   0.56090
 Alpha virt. eigenvalues --    0.88488
          Condensed to atoms (all electrons):
               1          2          3          4          5          6
     1  H    1.420989   0.366415  -0.133645  -0.262416  -0.111231   0.000790
     2  H    0.366415   0.702160  -0.050823  -0.168360   0.139980  -0.006360
     3  H   -0.133645  -0.050823   0.908030   0.387258  -0.035609  -0.092213
     4  H   -0.262416  -0.168360   0.387258   1.092092   0.114051   0.000706
     5  H   -0.111231   0.139980  -0.035609   0.114051   1.031658   0.097420
     6  H    0.000790  -0.006360  -0.092213   0.000706   0.097420   0.700593
     7  H    0.023396  -0.003797  -0.022722  -0.108848  -0.111748   0.170166
     8  H    0.051125  -0.039087  -0.108848  -0.169142  -0.103204   0.170296
     9  H   -0.098603  -0.049860   0.170166   0.170296   0.008331  -0.036182
    10  H    0.014676   0.013392  -0.111748  -0.103204   0.006369   0.008331
    11  H   -0.001155   0.010134  -0.003797  -0.039087   0.013392  -0.049860
    12  H   -0.006066  -0.001155   0.023396   0.051125   0.014676  -0.098603
               7          8          9         10         11         12
     1  H    0.023396   0.051125  -0.098603   0.014676  -0.001155  -0.006066
     2  H   -0.003797  -0.039087  -0.049860   0.013392   0.010134  -0.001155
     3  H   -0.022722  -0.108848   0.170166  -0.111748  -0.003797   0.023396
     4  H   -0.108848  -0.169142   0.170296  -0.103204  -0.039087   0.051125
     5  H   -0.111748  -0.103204   0.008331   0.006369   0.013392   0.014676
     6  H    0.170166   0.170296  -0.036182   0.008331  -0.049860  -0.098603
     7  H    0.908030   0.387258  -0.092213  -0.035609  -0.050823  -0.133645
     8  H    0.387258   1.092092   0.000706   0.114051  -0.168360  -0.262416
     9  H   -0.092213   0.000706   0.700593   0.097420  -0.006360   0.000790
    10  H   -0.035609   0.114051   0.097420   1.031658   0.139980  -0.111231
    11  H   -0.050823  -0.168360  -0.006360   0.139980   0.702160   0.366415
    12  H   -0.133645  -0.262416   0.000790  -0.111231   0.366415   1.420989
 Mulliken charges:
               1
     1  H   -0.264275
     2  H    0.087362
     3  H    0.070554
     4  H    0.035529
     5  H   -0.064084
     6  H    0.134915
     7  H    0.070554
     8  H    0.035529
     9  H    0.134915
    10  H   -0.064084
    11  H    0.087362
    12  H   -0.264275
 Sum of Mulliken charges =   0.00000
 Mulliken charges with hydrogens summed into heavy atoms:
               1
 Electronic spatial extent (au):  <R**2>=            141.4017
 Charge=              0.0000 electrons
 Dipole moment (field-independent basis, Debye):
    X=              0.0000    Y=              0.0000    Z=             -0.0000  Tot=              0.0000
 Quadrupole moment (field-independent basis, Debye-Ang):
   XX=            -17.7275   YY=            -28.0040   ZZ=            -15.1208
   XY=             -4.7537   XZ=             -0.0000   YZ=             -0.0000
 Traceless Quadrupole moment (field-independent basis, Debye-Ang):
   XX=              2.5566   YY=             -7.7199   ZZ=              5.1633
   XY=             -4.7537   XZ=             -0.0000   YZ=             -0.0000
 Octapole moment (field-independent basis, Debye-Ang**2):
  XXX=              0.0000  YYY=             -0.0000  ZZZ=             -0.0000  XYY=             -0.0000
  XXY=              0.0000  XXZ=             -0.0000  XZZ=              0.0000  YZZ=             -0.0000
  YYZ=             -0.0000  XYZ=             -0.0000
 Hexadecapole moment (field-independent basis, Debye-Ang**3):
 XXXX=            -94.6851 YYYY=           -237.1942 ZZZZ=            -17.8415 XXXY=            -13.0205
 XXXZ=             -0.0000 YYYX=            -31.8094 YYYZ=             -0.0000 ZZZX=             -0.0000
 ZZZY=             -0.0000 XXYY=            -61.4362 XXZZ=            -18.5751 YYZZ=            -33.0049
 XXYZ=             -0.0000 YYXZ=             -0.0000 ZZXY=             -3.0721
 N-N= 2.011741952488D+01 E-N=-5.081445434025D+01  KE= 6.458431558070D+00
 Symmetry AG   KE= 2.947297436287D+00
 Symmetry BG   KE= 0.000000000000D+00
 Symmetry AU   KE= 0.000000000000D+00
 Symmetry BU   KE= 3.511134121783D+00

 Test job not archived.
 1\1\GINC-SULU\Stability\RHF\Gen\H12\LCJ1\17-Feb-2017\0\\#rhf/gen scf(s
 ymm,tight,novaracc,noincfock,fulldiag) stable(crhf) guess=read geom=no
 crowd test\\hf stability analysis of h12 triangular lattice, y= 0.8258
 2910785575958\\0,1\H\H,1,1.0820151443\H,1,1.0820151443,2,80.5\H,2,1.08
 20151443,1,99.5,3,0.,0\H,2,1.0820151443,1,180.,3,0.,0\H,4,1.0820151443
 ,3,180.,5,0.,0\H,6,1.0820151443,5,180.,3,0.,0\H,4,1.0820151443,2,180.,
 3,0.,0\H,3,1.0820151443,1,180.,4,0.,0\H,9,1.0820151443,3,180.,4,0.,0\H
 ,8,1.0820151443,4,180.,3,0.,0\H,7,1.0820151443,6,180.,3,0.,0\\Version=
 ES64L-G09RevE.01\State=1-AG\HF=-5.728\MP2=-5.8494258\RMSD=4.165e-09\Di
 pole=0.,0.,0.\Quadrupole=-4.3807799,3.8387958,0.5419841,0.,-4.5854103,
 0.\PG=C02H [SGH(H12)]\\@


 Democracy is the recurrent suspicion that more than half of the people
 are right more than half of the time.
 -- E. B. White
 Job cpu time:       0 days  0 hours  0 minutes  1.1 seconds.
 File lengths (MBytes):  RWF=     84 Int=      0 D2E=      0 Chk=      2 Scr=      2
 Normal termination of Gaussian 09 at Fri Feb 17 15:02:37 2017.
