 Entering Gaussian System, Link 0=g09
 AtFile(1): H.gbs
            H     0
            S   10   1.00
               1000.000000000000            0.000068713567
                316.227766000000            0.000169141320
                100.000000000000            0.000823394812
                 31.622776600000            0.003425569236
                 10.000000000000            0.013951996000
                  3.162277660000            0.056909313560
                  1.000000000000            0.198286399900
                  0.316227766000            0.496922426700
                  0.100000000000            0.369846276400
                  0.031622776600            0.003752720039
            ****
 Initial command:
 /projects/guscus/apps/gau/g09-e1/g09/l1.exe "/users/lcj1/gaussian/h12/rhfstability/rect/guess/ag3bu3/Gau-15638.inp" -scrdir="/users/lcj1/gaussian/h12/rhfstability/rect/guess/ag3bu3/"
 Entering Link 1 = /projects/guscus/apps/gau/g09-e1/g09/l1.exe PID=     15639.
  
 Copyright (c) 1988,1990,1992,1993,1995,1998,2003,2009,2015,
            Gaussian, Inc.  All Rights Reserved.
  
 This is part of the Gaussian(R) 09 program.  It is based on
 the Gaussian(R) 03 system (copyright 2003, Gaussian, Inc.),
 the Gaussian(R) 98 system (copyright 1998, Gaussian, Inc.),
 the Gaussian(R) 94 system (copyright 1995, Gaussian, Inc.),
 the Gaussian 92(TM) system (copyright 1992, Gaussian, Inc.),
 the Gaussian 90(TM) system (copyright 1990, Gaussian, Inc.),
 the Gaussian 88(TM) system (copyright 1988, Gaussian, Inc.),
 the Gaussian 86(TM) system (copyright 1986, Carnegie Mellon
 University), and the Gaussian 82(TM) system (copyright 1983,
 Carnegie Mellon University). Gaussian is a federally registered
 trademark of Gaussian, Inc.
  
 This software contains proprietary and confidential information,
 including trade secrets, belonging to Gaussian, Inc.
  
 This software is provided under written license and may be
 used, copied, transmitted, or stored only in accord with that
 written license.
  
 The following legend is applicable only to US Government
 contracts under FAR:
  
                    RESTRICTED RIGHTS LEGEND
  
 Use, reproduction and disclosure by the US Government is
 subject to restrictions as set forth in subparagraphs (a)
 and (c) of the Commercial Computer Software - Restricted
 Rights clause in FAR 52.227-19.
  
 Gaussian, Inc.
 340 Quinnipiac St., Bldg. 40, Wallingford CT 06492
  
  
 ---------------------------------------------------------------
 Warning -- This program may not be used in any manner that
 competes with the business of Gaussian, Inc. or will provide
 assistance to any competitor of Gaussian, Inc.  The licensee
 of this program is prohibited from giving any competitor of
 Gaussian, Inc. access to this program.  By using this program,
 the user acknowledges that Gaussian, Inc. is engaged in the
 business of creating and licensing software in the field of
 computational chemistry and represents and warrants to the
 licensee that it is not a competitor of Gaussian, Inc. and that
 it will not use this program in any manner prohibited above.
 ---------------------------------------------------------------
  

 Cite this work as:
 Gaussian 09, Revision E.01,
 M. J. Frisch, G. W. Trucks, H. B. Schlegel, G. E. Scuseria, 
 M. A. Robb, J. R. Cheeseman, G. Scalmani, V. Barone, B. Mennucci, 
 G. A. Petersson, H. Nakatsuji, M. Caricato, X. Li, H. P. Hratchian, 
 A. F. Izmaylov, J. Bloino, G. Zheng, J. L. Sonnenberg, M. Hada, 
 M. Ehara, K. Toyota, R. Fukuda, J. Hasegawa, M. Ishida, T. Nakajima, 
 Y. Honda, O. Kitao, H. Nakai, T. Vreven, J. A. Montgomery, Jr., 
 J. E. Peralta, F. Ogliaro, M. Bearpark, J. J. Heyd, E. Brothers, 
 K. N. Kudin, V. N. Staroverov, T. Keith, R. Kobayashi, J. Normand, 
 K. Raghavachari, A. Rendell, J. C. Burant, S. S. Iyengar, J. Tomasi, 
 M. Cossi, N. Rega, J. M. Millam, M. Klene, J. E. Knox, J. B. Cross, 
 V. Bakken, C. Adamo, J. Jaramillo, R. Gomperts, R. E. Stratmann, 
 O. Yazyev, A. J. Austin, R. Cammi, C. Pomelli, J. W. Ochterski, 
 R. L. Martin, K. Morokuma, V. G. Zakrzewski, G. A. Voth, 
 P. Salvador, J. J. Dannenberg, S. Dapprich, A. D. Daniels, 
 O. Farkas, J. B. Foresman, J. V. Ortiz, J. Cioslowski, 
 and D. J. Fox, Gaussian, Inc., Wallingford CT, 2013.
 
 ******************************************
 Gaussian 09:  ES64L-G09RevE.01 30-Nov-2015
                17-Feb-2017 
 ******************************************
 %chk=h12.chk
 ----------------------------------------------------------------------
 #rhf/gen scf(symm,tight,novaracc,noincfock,fulldiag) stable(crhf) gues
 s=read geom=nocrowd test
 ----------------------------------------------------------------------
 1/38=1/1;
 2/12=1,17=6,18=5,40=1/2;
 3/5=7,16=1,25=1,30=1,116=1/1,2,3;
 4/5=1,9=4/1;
 5/5=100002,15=2,16=1,32=2,38=6/2;
 8/6=1,10=90,11=11/1,4;
 9/8=4,13=1/2;
 6/7=2,8=2,9=2,10=2,28=1/1;
 99/5=1,9=1/99;
 ----------------------------------------------------------------------
 hf stability analysis of h12 triangular lattice, y= 0.4615146431802063
 0
 ----------------------------------------------------------------------
 Symbolic Z-matrix:
 Charge =  0 Multiplicity = 1
 H
 H                    1     1.33341 
 H                    1     1.33341  2     139.5 
 H                    2     1.33341  1     40.5     3     0.       0
 H                    2     1.33341  1     180.     3     0.       0
 H                    4     1.33341  3     180.     5     0.       0
 H                    6     1.33341  5     180.     3     0.       0
 H                    4     1.33341  2     180.     3     0.       0
 H                    3     1.33341  1     180.     4     0.       0
 H                    9     1.33341  3     180.     4     0.       0
 H                    8     1.33341  4     180.     3     0.       0
 H                    7     1.33341  6     180.     3     0.       0
 
                          Input orientation:                          
 ---------------------------------------------------------------------
 Center     Atomic      Atomic             Coordinates (Angstroms)
 Number     Number       Type             X           Y           Z
 ---------------------------------------------------------------------
      1          1           0        0.000000    0.000000    0.000000
      2          1           0        0.000000    0.000000    1.333406
      3          1           0        0.865978    0.000000   -1.013930
      4          1           0        0.865978    0.000000    0.319476
      5          1           0        0.000000    0.000000    2.666812
      6          1           0        0.865978    0.000000    1.652882
      7          1           0        1.731956    0.000000    0.638952
      8          1           0        1.731956    0.000000   -0.694454
      9          1           0        1.731956    0.000000   -2.027860
     10          1           0        2.597934    0.000000   -3.041790
     11          1           0        2.597934    0.000000   -1.708384
     12          1           0        2.597934    0.000000   -0.374978
 ---------------------------------------------------------------------
                    Distance matrix (angstroms):
                    1          2          3          4          5
     1  H    0.000000
     2  H    1.333406   0.000000
     3  H    1.333406   2.501980   0.000000
     4  H    0.923029   1.333406   1.333406   0.000000
     5  H    2.666812   1.333406   3.781241   2.501980   0.000000
     6  H    1.865995   0.923029   2.666812   1.333406   1.333406
     7  H    1.846059   1.865995   1.865995   0.923029   2.666812
     8  H    1.865995   2.666812   0.923029   1.333406   3.781241
     9  H    2.666812   3.781241   1.333406   2.501980   5.003961
    10  H    4.000219   5.088379   2.666812   3.781241   6.271954
    11  H    3.109315   4.000219   1.865995   2.666812   5.088379
    12  H    2.624856   3.109315   1.846059   1.865995   4.000219
                    6          7          8          9         10
     6  H    0.000000
     7  H    1.333406   0.000000
     8  H    2.501980   1.333406   0.000000
     9  H    3.781241   2.666812   1.333406   0.000000
    10  H    5.003961   3.781241   2.501980   1.333406   0.000000
    11  H    3.781241   2.501980   1.333406   0.923029   1.333406
    12  H    2.666812   1.333406   0.923029   1.865995   2.666812
                   11         12
    11  H    0.000000
    12  H    1.333406   0.000000
 Stoichiometry    H12
 Framework group  C2H[SGH(H12)]
 Deg. of freedom    11
 Full point group                 C2H     NOp   4
 Largest Abelian subgroup         C2H     NOp   4
 Largest concise Abelian subgroup C2      NOp   2
                         Standard orientation:                         
 ---------------------------------------------------------------------
 Center     Atomic      Atomic             Coordinates (Angstroms)
 Number     Number       Type             X           Y           Z
 ---------------------------------------------------------------------
      1          1           0        0.865978    0.986179    0.000000
      2          1           0        0.000000    2.000109    0.000000
      3          1           0        0.865978   -0.347227    0.000000
      4          1           0        0.000000    0.666703    0.000000
      5          1           0       -0.865978    3.014039    0.000000
      6          1           0       -0.865978    1.680633    0.000000
      7          1           0       -0.865978    0.347227    0.000000
      8          1           0       -0.000000   -0.666703    0.000000
      9          1           0        0.865978   -1.680633   -0.000000
     10          1           0        0.865978   -3.014039   -0.000000
     11          1           0       -0.000000   -2.000109    0.000000
     12          1           0       -0.865978   -0.986179    0.000000
 ---------------------------------------------------------------------
 Rotational constants (GHZ):    114.4293438     13.7343065     12.2625072
 General basis read from cards:  (5D, 7F)
 There are     6 symmetry adapted cartesian basis functions of AG  symmetry.
 There are     0 symmetry adapted cartesian basis functions of BG  symmetry.
 There are     0 symmetry adapted cartesian basis functions of AU  symmetry.
 There are     6 symmetry adapted cartesian basis functions of BU  symmetry.
 There are     6 symmetry adapted basis functions of AG  symmetry.
 There are     0 symmetry adapted basis functions of BG  symmetry.
 There are     0 symmetry adapted basis functions of AU  symmetry.
 There are     6 symmetry adapted basis functions of BU  symmetry.
    12 basis functions,   120 primitive gaussians,    12 cartesian basis functions
     6 alpha electrons        6 beta electrons
       nuclear repulsion energy        18.4205812406 Hartrees.
 NAtoms=   12 NActive=   12 NUniq=    6 SFac= 4.00D+00 NAtFMM=   60 NAOKFM=F Big=F
 Integral buffers will be    131072 words long.
 Regular integral format.
 Two-electron integral symmetry is turned on.
 One-electron integrals computed using PRISM.
 NBasis=    12 RedAO= T EigKep=  1.55D-01  NBF=     6     0     0     6
 NBsUse=    12 1.00D-06 EigRej= -1.00D+00 NBFU=     6     0     0     6
 Initial guess from the checkpoint file:  "h12.chk"
 B after Tr=     0.000000    0.000000    0.000000
         Rot=    0.999493    0.000000    0.000000   -0.031830 Ang=  -3.65 deg.
 Initial guess orbital symmetries:
       Occupied  (AG) (BU) (AG) (BU) (BU) (AG)
       Virtual   (BU) (AG) (BU) (AG) (AG) (BU)
 Keep R1 ints in memory in symmetry-blocked form, NReq=900466.
 Requested convergence on RMS density matrix=1.00D-08 within 128 cycles.
 Requested convergence on MAX density matrix=1.00D-06.
 Requested convergence on             energy=1.00D-06.
 No special actions if energy rises.
 SCF Done:  E(RHF) =  -5.90826687025     A.U. after   14 cycles
            NFock= 14  Conv=0.67D-08     -V/T= 1.9697
 Range of M.O.s used for correlation:     1    12
 NBasis=    12 NAE=     6 NBE=     6 NFC=     0 NFV=     0
 NROrb=     12 NOA=     6 NOB=     6 NVA=     6 NVB=     6
 Semi-Direct transformation.
 ModeAB=           4 MOrb=             6 LenV=     134087769
 LASXX=         2181 LTotXX=        2181 LenRXX=        5115
 LTotAB=        2934 MaxLAS=        3024 LenRXY=           0
 NonZer=        7296 LenScr=      655360 LnRSAI=        3024
 LnScr1=      655360 LExtra=           0 Total=      1318859
 MaxDsk=          -1 SrtSym=           T ITran=            3
 JobTyp=0 Pass  1:  I=   1 to   6.
 (rs|ai) integrals will be sorted in core.
 Spin components of T(2) and E(2):
     alpha-alpha T2 =       0.3817433747D-02 E2=     -0.5668317118D-02
     alpha-beta  T2 =       0.6821377661D-01 E2=     -0.9871810547D-01
     beta-beta   T2 =       0.3817433747D-02 E2=     -0.5668317118D-02
 ANorm=    0.1037231239D+01
 E2 =    -0.1100547397D+00 EUMP2 =    -0.60183216099555D+01
 Second order stability test of a single determinant RHF wave function:
 Stabil:  MDV=134217728
 ***********************************************************************
 Matrix         Lowest Root    Major Pairs
 ***********************************************************************
 Internal RHF     0.0988919    Stable
 RRHF --> CRHF    0.0796684    Stable
 RRHF --> RUHF   -0.0111561    5A=7B 3A=8B 4A=7B 2A=7B 6A=8B 6A=9B
 Not stable.
 ***********************************************************************

 **********************************************************************

            Population analysis using the SCF density.

 **********************************************************************

 Orbital symmetries:
       Occupied  (AG) (BU) (AG) (BU) (BU) (AG)
       Virtual   (AG) (BU) (BU) (AG) (AG) (BU)
 The electronic state is 1-AG.
 Alpha  occ. eigenvalues --   -0.87019  -0.76071  -0.59312  -0.47635  -0.39377
 Alpha  occ. eigenvalues --   -0.26498
 Alpha virt. eigenvalues --    0.03816   0.14412   0.30551   0.38235   0.55092
 Alpha virt. eigenvalues --    0.70138
          Condensed to atoms (all electrons):
               1          2          3          4          5          6
     1  H    1.151850   0.260900  -0.108713   0.234710  -0.031737  -0.163082
     2  H    0.260900   0.799776  -0.029991  -0.052818   0.140978  -0.017064
     3  H   -0.108713  -0.029991   1.154330  -0.057690   0.005291   0.006081
     4  H    0.234710  -0.052818  -0.057690   0.856121  -0.060010  -0.016743
     5  H   -0.031737   0.140978   0.005291  -0.060010   0.669393   0.183534
     6  H   -0.163082  -0.017064   0.006081  -0.016743   0.183534   0.740989
     7  H   -0.178303  -0.163612  -0.047150   0.325853  -0.027135   0.217449
     8  H   -0.060492  -0.008321   0.325853  -0.126267   0.004998  -0.006569
     9  H   -0.027954  -0.003695   0.217449  -0.006569   0.000284   0.004432
    10  H    0.000059  -0.000202  -0.027135   0.004998  -0.000062   0.000284
    11  H    0.017684   0.004576  -0.163612  -0.008321  -0.000202  -0.003695
    12  H    0.024636   0.017684  -0.178303  -0.060492   0.000059  -0.027954
               7          8          9         10         11         12
     1  H   -0.178303  -0.060492  -0.027954   0.000059   0.017684   0.024636
     2  H   -0.163612  -0.008321  -0.003695  -0.000202   0.004576   0.017684
     3  H   -0.047150   0.325853   0.217449  -0.027135  -0.163612  -0.178303
     4  H    0.325853  -0.126267  -0.006569   0.004998  -0.008321  -0.060492
     5  H   -0.027135   0.004998   0.000284  -0.000062  -0.000202   0.000059
     6  H    0.217449  -0.006569   0.004432   0.000284  -0.003695  -0.027954
     7  H    1.154330  -0.057690   0.006081   0.005291  -0.029991  -0.108713
     8  H   -0.057690   0.856121  -0.016743  -0.060010  -0.052818   0.234710
     9  H    0.006081  -0.016743   0.740989   0.183534  -0.017064  -0.163082
    10  H    0.005291  -0.060010   0.183534   0.669393   0.140978  -0.031737
    11  H   -0.029991  -0.052818  -0.017064   0.140978   0.799776   0.260900
    12  H   -0.108713   0.234710  -0.163082  -0.031737   0.260900   1.151850
 Mulliken charges:
               1
     1  H   -0.119558
     2  H    0.051790
     3  H   -0.096408
     4  H   -0.032771
     5  H    0.114609
     6  H    0.082339
     7  H   -0.096408
     8  H   -0.032771
     9  H    0.082339
    10  H    0.114609
    11  H    0.051790
    12  H   -0.119558
 Sum of Mulliken charges =  -0.00000
 Mulliken charges with hydrogens summed into heavy atoms:
               1
 Electronic spatial extent (au):  <R**2>=            175.4485
 Charge=             -0.0000 electrons
 Dipole moment (field-independent basis, Debye):
    X=              0.0000    Y=              0.0000    Z=             -0.0000  Tot=              0.0000
 Quadrupole moment (field-independent basis, Debye-Ang):
   XX=            -18.2816   YY=             -5.7768   ZZ=            -15.5066
   XY=             -5.1214   XZ=              0.0000   YZ=              0.0000
 Traceless Quadrupole moment (field-independent basis, Debye-Ang):
   XX=             -5.0932   YY=              7.4115   ZZ=             -2.3183
   XY=             -5.1214   XZ=              0.0000   YZ=              0.0000
 Octapole moment (field-independent basis, Debye-Ang**2):
  XXX=              0.0000  YYY=              0.0000  ZZZ=             -0.0000  XYY=             -0.0000
  XXY=              0.0000  XXZ=             -0.0000  XZZ=              0.0000  YZZ=             -0.0000
  YYZ=             -0.0000  XYZ=              0.0000
 Hexadecapole moment (field-independent basis, Debye-Ang**3):
 XXXX=            -74.5403 YYYY=           -177.6792 ZZZZ=            -18.6485 XXXY=             22.6571
 XXXZ=              0.0000 YYYX=            -13.6882 YYYZ=              0.0000 ZZZX=              0.0000
 ZZZY=             -0.0000 XXYY=            -55.1922 XXZZ=            -15.2685 YYZZ=            -51.5708
 XXYZ=             -0.0000 YYXZ=              0.0000 ZZXY=              8.3706
 N-N= 1.842058124064D+01 E-N=-4.803237708109D+01  KE= 6.092913942248D+00
 Symmetry AG   KE= 2.987180738269D+00
 Symmetry BG   KE= 0.000000000000D+00
 Symmetry AU   KE= 0.000000000000D+00
 Symmetry BU   KE= 3.105733203978D+00

 Test job not archived.
 1\1\GINC-SULU\Stability\RHF\Gen\H12\LCJ1\17-Feb-2017\0\\#rhf/gen scf(s
 ymm,tight,novaracc,noincfock,fulldiag) stable(crhf) guess=read geom=no
 crowd test\\hf stability analysis of h12 triangular lattice, y= 0.4615
 1464318020630\\0,1\H\H,1,1.333406203\H,1,1.333406203,2,139.5\H,2,1.333
 406203,1,40.5,3,0.,0\H,2,1.333406203,1,180.,3,0.,0\H,4,1.333406203,3,1
 80.,5,0.,0\H,6,1.333406203,5,180.,3,0.,0\H,4,1.333406203,2,180.,3,0.,0
 \H,3,1.333406203,1,180.,4,0.,0\H,9,1.333406203,3,180.,4,0.,0\H,8,1.333
 406203,4,180.,3,0.,0\H,7,1.333406203,6,180.,3,0.,0\\Version=ES64L-G09R
 evE.01\State=1-AG\HF=-5.9082669\MP2=-6.0183216\RMSD=6.711e-09\Dipole=0
 .,0.,0.\Quadrupole=-3.6261265,-1.7235904,5.349717,0.,-3.9956196,0.\PG=
 C02H [SGH(H12)]\\@


 A HARD FALL SHOULD MEAN A HIGH BOUNCE 
 IF ONE IS MADE OF THE RIGHT MATERIAL.

                -- THE CHEMIST ANALYST, MARCH 1950
 Job cpu time:       0 days  0 hours  0 minutes  1.0 seconds.
 File lengths (MBytes):  RWF=     84 Int=      0 D2E=      0 Chk=      2 Scr=      2
 Normal termination of Gaussian 09 at Fri Feb 17 14:56:22 2017.
