 Entering Gaussian System, Link 0=g09
 AtFile(1): H.gbs
            H     0
            S   10   1.00
               1000.000000000000            0.000068713567
                316.227766000000            0.000169141320
                100.000000000000            0.000823394812
                 31.622776600000            0.003425569236
                 10.000000000000            0.013951996000
                  3.162277660000            0.056909313560
                  1.000000000000            0.198286399900
                  0.316227766000            0.496922426700
                  0.100000000000            0.369846276400
                  0.031622776600            0.003752720039
            ****
 Initial command:
 /projects/guscus/apps/gau/g09-e1/g09/l1.exe "/users/lcj1/gaussian/h12/rhfstability/rect/guess/ag3bu3/Gau-28462.inp" -scrdir="/users/lcj1/gaussian/h12/rhfstability/rect/guess/ag3bu3/"
 Entering Link 1 = /projects/guscus/apps/gau/g09-e1/g09/l1.exe PID=     28463.
  
 Copyright (c) 1988,1990,1992,1993,1995,1998,2003,2009,2015,
            Gaussian, Inc.  All Rights Reserved.
  
 This is part of the Gaussian(R) 09 program.  It is based on
 the Gaussian(R) 03 system (copyright 2003, Gaussian, Inc.),
 the Gaussian(R) 98 system (copyright 1998, Gaussian, Inc.),
 the Gaussian(R) 94 system (copyright 1995, Gaussian, Inc.),
 the Gaussian 92(TM) system (copyright 1992, Gaussian, Inc.),
 the Gaussian 90(TM) system (copyright 1990, Gaussian, Inc.),
 the Gaussian 88(TM) system (copyright 1988, Gaussian, Inc.),
 the Gaussian 86(TM) system (copyright 1986, Carnegie Mellon
 University), and the Gaussian 82(TM) system (copyright 1983,
 Carnegie Mellon University). Gaussian is a federally registered
 trademark of Gaussian, Inc.
  
 This software contains proprietary and confidential information,
 including trade secrets, belonging to Gaussian, Inc.
  
 This software is provided under written license and may be
 used, copied, transmitted, or stored only in accord with that
 written license.
  
 The following legend is applicable only to US Government
 contracts under FAR:
  
                    RESTRICTED RIGHTS LEGEND
  
 Use, reproduction and disclosure by the US Government is
 subject to restrictions as set forth in subparagraphs (a)
 and (c) of the Commercial Computer Software - Restricted
 Rights clause in FAR 52.227-19.
  
 Gaussian, Inc.
 340 Quinnipiac St., Bldg. 40, Wallingford CT 06492
  
  
 ---------------------------------------------------------------
 Warning -- This program may not be used in any manner that
 competes with the business of Gaussian, Inc. or will provide
 assistance to any competitor of Gaussian, Inc.  The licensee
 of this program is prohibited from giving any competitor of
 Gaussian, Inc. access to this program.  By using this program,
 the user acknowledges that Gaussian, Inc. is engaged in the
 business of creating and licensing software in the field of
 computational chemistry and represents and warrants to the
 licensee that it is not a competitor of Gaussian, Inc. and that
 it will not use this program in any manner prohibited above.
 ---------------------------------------------------------------
  

 Cite this work as:
 Gaussian 09, Revision E.01,
 M. J. Frisch, G. W. Trucks, H. B. Schlegel, G. E. Scuseria, 
 M. A. Robb, J. R. Cheeseman, G. Scalmani, V. Barone, B. Mennucci, 
 G. A. Petersson, H. Nakatsuji, M. Caricato, X. Li, H. P. Hratchian, 
 A. F. Izmaylov, J. Bloino, G. Zheng, J. L. Sonnenberg, M. Hada, 
 M. Ehara, K. Toyota, R. Fukuda, J. Hasegawa, M. Ishida, T. Nakajima, 
 Y. Honda, O. Kitao, H. Nakai, T. Vreven, J. A. Montgomery, Jr., 
 J. E. Peralta, F. Ogliaro, M. Bearpark, J. J. Heyd, E. Brothers, 
 K. N. Kudin, V. N. Staroverov, T. Keith, R. Kobayashi, J. Normand, 
 K. Raghavachari, A. Rendell, J. C. Burant, S. S. Iyengar, J. Tomasi, 
 M. Cossi, N. Rega, J. M. Millam, M. Klene, J. E. Knox, J. B. Cross, 
 V. Bakken, C. Adamo, J. Jaramillo, R. Gomperts, R. E. Stratmann, 
 O. Yazyev, A. J. Austin, R. Cammi, C. Pomelli, J. W. Ochterski, 
 R. L. Martin, K. Morokuma, V. G. Zakrzewski, G. A. Voth, 
 P. Salvador, J. J. Dannenberg, S. Dapprich, A. D. Daniels, 
 O. Farkas, J. B. Foresman, J. V. Ortiz, J. Cioslowski, 
 and D. J. Fox, Gaussian, Inc., Wallingford CT, 2013.
 
 ******************************************
 Gaussian 09:  ES64L-G09RevE.01 30-Nov-2015
                17-Feb-2017 
 ******************************************
 %chk=h12.chk
 ----------------------------------------------------------------------
 #rhf/gen scf(symm,tight,novaracc,noincfock,fulldiag) stable(crhf) gues
 s=read geom=nocrowd test
 ----------------------------------------------------------------------
 1/38=1/1;
 2/12=1,17=6,18=5,40=1/2;
 3/5=7,16=1,25=1,30=1,116=1/1,2,3;
 4/5=1,9=4/1;
 5/5=100002,15=2,16=1,32=2,38=6/2;
 8/6=1,10=90,11=11/1,4;
 9/8=4,13=1/2;
 6/7=2,8=2,9=2,10=2,28=1/1;
 99/5=1,9=1/99;
 ----------------------------------------------------------------------
 hf stability analysis of h12 triangular lattice, y= 0.7732164846609803
 6
 ----------------------------------------------------------------------
 Symbolic Z-matrix:
 Charge =  0 Multiplicity = 1
 H
 H                    1     1.0749 
 H                    1     1.0749   2     88. 
 H                    2     1.0749   1     92.      3     0.       0
 H                    2     1.0749   1     180.     3     0.       0
 H                    4     1.0749   3     180.     5     0.       0
 H                    6     1.0749   5     180.     3     0.       0
 H                    4     1.0749   2     180.     3     0.       0
 H                    3     1.0749   1     180.     4     0.       0
 H                    9     1.0749   3     180.     4     0.       0
 H                    8     1.0749   4     180.     3     0.       0
 H                    7     1.0749   6     180.     3     0.       0
 
                          Input orientation:                          
 ---------------------------------------------------------------------
 Center     Atomic      Atomic             Coordinates (Angstroms)
 Number     Number       Type             X           Y           Z
 ---------------------------------------------------------------------
      1          1           0        0.000000    0.000000    0.000000
      2          1           0        0.000000    0.000000    1.074897
      3          1           0        1.074243    0.000000    0.037513
      4          1           0        1.074243    0.000000    1.112411
      5          1           0        0.000000    0.000000    2.149795
      6          1           0        1.074243    0.000000    2.187308
      7          1           0        2.148485    0.000000    2.224822
      8          1           0        2.148485    0.000000    1.149924
      9          1           0        2.148485    0.000000    0.075027
     10          1           0        3.222728    0.000000    0.112540
     11          1           0        3.222728    0.000000    1.187438
     12          1           0        3.222728    0.000000    2.262335
 ---------------------------------------------------------------------
                    Distance matrix (angstroms):
                    1          2          3          4          5
     1  H    0.000000
     2  H    1.074897   0.000000
     3  H    1.074897   1.493373   0.000000
     4  H    1.546433   1.074897   1.074897   0.000000
     5  H    2.149795   1.074897   2.369753   1.493373   0.000000
     6  H    2.436866   1.546433   2.149795   1.074897   1.074897
     7  H    3.092866   2.436866   2.436866   1.546433   2.149795
     8  H    2.436866   2.149795   1.546433   1.074897   2.369753
     9  H    2.149795   2.369753   1.074897   1.493373   2.986746
    10  H    3.224692   3.363347   2.149795   2.369753   3.812661
    11  H    3.434528   3.224692   2.436866   2.149795   3.363347
    12  H    3.937529   3.434528   3.092866   2.436866   3.224692
                    6          7          8          9         10
     6  H    0.000000
     7  H    1.074897   0.000000
     8  H    1.493373   1.074897   0.000000
     9  H    2.369753   2.149795   1.074897   0.000000
    10  H    2.986746   2.369753   1.493373   1.074897   0.000000
    11  H    2.369753   1.493373   1.074897   1.546433   1.074897
    12  H    2.149795   1.074897   1.546433   2.436866   2.149795
                   11         12
    11  H    0.000000
    12  H    1.074897   0.000000
 Stoichiometry    H12
 Framework group  C2H[SGH(H12)]
 Deg. of freedom    11
 Full point group                 C2H     NOp   4
 Largest Abelian subgroup         C2H     NOp   4
 Largest concise Abelian subgroup C2      NOp   2
                         Standard orientation:                         
 ---------------------------------------------------------------------
 Center     Atomic      Atomic             Coordinates (Angstroms)
 Number     Number       Type             X           Y           Z
 ---------------------------------------------------------------------
      1          1           0        1.074243    1.649859   -0.000000
      2          1           0        0.000000    1.612346   -0.000000
      3          1           0        1.074243    0.574962   -0.000000
      4          1           0        0.000000    0.537449   -0.000000
      5          1           0       -1.074243    1.574833   -0.000000
      6          1           0       -1.074243    0.499935   -0.000000
      7          1           0       -1.074243   -0.574962   -0.000000
      8          1           0       -0.000000   -0.537449   -0.000000
      9          1           0        1.074243   -0.499935    0.000000
     10          1           0        1.074243   -1.574833    0.000000
     11          1           0       -0.000000   -1.612346   -0.000000
     12          1           0       -1.074243   -1.649859   -0.000000
 ---------------------------------------------------------------------
 Rotational constants (GHZ):     54.3925792     28.8937871     18.8699264
 General basis read from cards:  (5D, 7F)
 There are     6 symmetry adapted cartesian basis functions of AG  symmetry.
 There are     0 symmetry adapted cartesian basis functions of BG  symmetry.
 There are     0 symmetry adapted cartesian basis functions of AU  symmetry.
 There are     6 symmetry adapted cartesian basis functions of BU  symmetry.
 There are     6 symmetry adapted basis functions of AG  symmetry.
 There are     0 symmetry adapted basis functions of BG  symmetry.
 There are     0 symmetry adapted basis functions of AU  symmetry.
 There are     6 symmetry adapted basis functions of BU  symmetry.
    12 basis functions,   120 primitive gaussians,    12 cartesian basis functions
     6 alpha electrons        6 beta electrons
       nuclear repulsion energy        20.1780390564 Hartrees.
 NAtoms=   12 NActive=   12 NUniq=    6 SFac= 4.00D+00 NAtFMM=   60 NAOKFM=F Big=F
 Integral buffers will be    131072 words long.
 Regular integral format.
 Two-electron integral symmetry is turned on.
 One-electron integrals computed using PRISM.
 NBasis=    12 RedAO= T EigKep=  1.08D-01  NBF=     6     0     0     6
 NBsUse=    12 1.00D-06 EigRej= -1.00D+00 NBFU=     6     0     0     6
 Initial guess from the checkpoint file:  "h12.chk"
 B after Tr=    -0.000000    0.000000    0.000000
         Rot=    0.983828   -0.000000    0.000000   -0.179118 Ang= -20.64 deg.
 Initial guess orbital symmetries:
       Occupied  (AG) (BU) (AG) (BU) (BU) (AG)
       Virtual   (BU) (AG) (BU) (AG) (AG) (BU)
 Keep R1 ints in memory in symmetry-blocked form, NReq=903742.
 Requested convergence on RMS density matrix=1.00D-08 within 128 cycles.
 Requested convergence on MAX density matrix=1.00D-06.
 Requested convergence on             energy=1.00D-06.
 No special actions if energy rises.
 SCF Done:  E(RHF) =  -5.66599590094     A.U. after   22 cycles
            NFock= 22  Conv=0.14D-09     -V/T= 1.8707
 Range of M.O.s used for correlation:     1    12
 NBasis=    12 NAE=     6 NBE=     6 NFC=     0 NFV=     0
 NROrb=     12 NOA=     6 NOB=     6 NVA=     6 NVB=     6
 Semi-Direct transformation.
 ModeAB=           4 MOrb=             6 LenV=     134084409
 LASXX=         2181 LTotXX=        2181 LenRXX=        5115
 LTotAB=        2934 MaxLAS=        3024 LenRXY=           0
 NonZer=        7296 LenScr=      655360 LnRSAI=        3024
 LnScr1=      655360 LExtra=           0 Total=      1318859
 MaxDsk=          -1 SrtSym=           T ITran=            3
 JobTyp=0 Pass  1:  I=   1 to   6.
 (rs|ai) integrals will be sorted in core.
 Spin components of T(2) and E(2):
     alpha-alpha T2 =       0.4874626650D-02 E2=     -0.7006903958D-02
     alpha-beta  T2 =       0.8465254675D-01 E2=     -0.1133291331D+00
     beta-beta   T2 =       0.4874626650D-02 E2=     -0.7006903958D-02
 ANorm=    0.1046136607D+01
 E2 =    -0.1273429410D+00 EUMP2 =    -0.57933388419525D+01
 Second order stability test of a single determinant RHF wave function:
 Stabil:  MDV=134217728
 ***********************************************************************
 Matrix         Lowest Root    Major Pairs
 ***********************************************************************
 Internal RHF    -0.0969111    6A=7A
 RRHF --> CRHF   -0.1304833    6A=7A
 RRHF --> RUHF   -0.2056645    6A=7B
 Not stable.
 ***********************************************************************

 **********************************************************************

            Population analysis using the SCF density.

 **********************************************************************

 Orbital symmetries:
       Occupied  (AG) (BU) (BU) (AG) (AG) (BU)
       Virtual   (AG) (BU) (BU) (AG) (AG) (BU)
 The electronic state is 1-AG.
 Alpha  occ. eigenvalues --   -1.02098  -0.79342  -0.69180  -0.50707  -0.47668
 Alpha  occ. eigenvalues --   -0.18345
 Alpha virt. eigenvalues --   -0.03914   0.08182   0.21162   0.44483   0.53602
 Alpha virt. eigenvalues --    0.92898
          Condensed to atoms (all electrons):
               1          2          3          4          5          6
     1  H    1.454767   0.378199  -0.225042  -0.175142  -0.154828  -0.005339
     2  H    0.378199   0.715353  -0.065761  -0.113623   0.086942   0.003141
     3  H   -0.225042  -0.065761   1.023368   0.350540   0.009538  -0.108495
     4  H   -0.175142  -0.113623   0.350540   0.781732   0.072830   0.036868
     5  H   -0.154828   0.086942   0.009538   0.072830   1.192276   0.079877
     6  H   -0.005339   0.003141  -0.108495   0.036868   0.079877   0.756075
     7  H    0.034871  -0.004491  -0.060868  -0.067759  -0.142595   0.193864
     8  H    0.021854  -0.058847  -0.067759   0.041907  -0.083262   0.091631
     9  H   -0.110678  -0.041234   0.193864   0.091631   0.018448  -0.022700
    10  H    0.024168   0.012271  -0.142595  -0.083262  -0.001308   0.018448
    11  H    0.000096   0.011276  -0.004491  -0.058847   0.012271  -0.041234
    12  H   -0.007964   0.000096   0.034871   0.021854   0.024168  -0.110678
               7          8          9         10         11         12
     1  H    0.034871   0.021854  -0.110678   0.024168   0.000096  -0.007964
     2  H   -0.004491  -0.058847  -0.041234   0.012271   0.011276   0.000096
     3  H   -0.060868  -0.067759   0.193864  -0.142595  -0.004491   0.034871
     4  H   -0.067759   0.041907   0.091631  -0.083262  -0.058847   0.021854
     5  H   -0.142595  -0.083262   0.018448  -0.001308   0.012271   0.024168
     6  H    0.193864   0.091631  -0.022700   0.018448  -0.041234  -0.110678
     7  H    1.023368   0.350540  -0.108495   0.009538  -0.065761  -0.225042
     8  H    0.350540   0.781732   0.036868   0.072830  -0.113623  -0.175142
     9  H   -0.108495   0.036868   0.756075   0.079877   0.003141  -0.005339
    10  H    0.009538   0.072830   0.079877   1.192276   0.086942  -0.154828
    11  H   -0.065761  -0.113623   0.003141   0.086942   0.715353   0.378199
    12  H   -0.225042  -0.175142  -0.005339  -0.154828   0.378199   1.454767
 Mulliken charges:
               1
     1  H   -0.234962
     2  H    0.076677
     3  H    0.062830
     4  H    0.101271
     5  H   -0.114357
     6  H    0.108541
     7  H    0.062830
     8  H    0.101271
     9  H    0.108541
    10  H   -0.114357
    11  H    0.076677
    12  H   -0.234962
 Sum of Mulliken charges =  -0.00000
 Mulliken charges with hydrogens summed into heavy atoms:
               1
 Electronic spatial extent (au):  <R**2>=            140.3401
 Charge=             -0.0000 electrons
 Dipole moment (field-independent basis, Debye):
    X=             -0.0000    Y=              0.0000    Z=              0.0000  Tot=              0.0000
 Quadrupole moment (field-independent basis, Debye-Ang):
   XX=            -18.7912   YY=            -27.2571   ZZ=            -15.0722
   XY=             -2.8873   XZ=             -0.0000   YZ=              0.0000
 Traceless Quadrupole moment (field-independent basis, Debye-Ang):
   XX=              1.5823   YY=             -6.8836   ZZ=              5.3013
   XY=             -2.8873   XZ=             -0.0000   YZ=              0.0000
 Octapole moment (field-independent basis, Debye-Ang**2):
  XXX=             -0.0000  YYY=             -0.0000  ZZZ=              0.0000  XYY=             -0.0000
  XXY=              0.0000  XXZ=              0.0000  XZZ=              0.0000  YZZ=             -0.0000
  YYZ=              0.0000  XYZ=              0.0000
 Hexadecapole moment (field-independent basis, Debye-Ang**3):
 XXXX=            -97.8522 YYYY=           -221.8337 ZZZZ=            -17.7376 XXXY=             -3.9832
 XXXZ=             -0.0000 YYYX=            -16.3460 YYYZ=              0.0000 ZZZX=             -0.0000
 ZZZY=              0.0000 XXYY=            -61.7923 XXZZ=            -18.8383 YYZZ=            -31.9642
 XXYZ=              0.0000 YYXZ=             -0.0000 ZZXY=             -1.0225
 N-N= 2.017803905642D+01 E-N=-5.084897566968D+01  KE= 6.507691432981D+00
 Symmetry AG   KE= 2.957252180242D+00
 Symmetry BG   KE= 0.000000000000D+00
 Symmetry AU   KE= 0.000000000000D+00
 Symmetry BU   KE= 3.550439252740D+00

 Test job not archived.
 1\1\GINC-SULU\Stability\RHF\Gen\H12\LCJ1\17-Feb-2017\0\\#rhf/gen scf(s
 ymm,tight,novaracc,noincfock,fulldiag) stable(crhf) guess=read geom=no
 crowd test\\hf stability analysis of h12 triangular lattice, y= 0.7732
 1648466098036\\0,1\H\H,1,1.0748973818\H,1,1.0748973818,2,88.\H,2,1.074
 8973818,1,92.,3,0.,0\H,2,1.0748973818,1,180.,3,0.,0\H,4,1.0748973818,3
 ,180.,5,0.,0\H,6,1.0748973818,5,180.,3,0.,0\H,4,1.0748973818,2,180.,3,
 0.,0\H,3,1.0748973818,1,180.,4,0.,0\H,9,1.0748973818,3,180.,4,0.,0\H,8
 ,1.0748973818,4,180.,3,0.,0\H,7,1.0748973818,6,180.,3,0.,0\\Version=ES
 64L-G09RevE.01\State=1-AG\HF=-5.6659959\MP2=-5.7933388\RMSD=1.445e-10\
 Dipole=0.,0.,0.\Quadrupole=-4.9604052,3.941416,1.0189892,0.,-2.3609152
 ,0.\PG=C02H [SGH(H12)]\\@


 WE LEARN WISDOM FROM FAILURE MUCH MORE THAN FROM SUCCESS.
 WE DISCOVER WHAT WILL DO BY FINDING OUT WHAT WILL NOT DO...
 AND HE WHO NEVER MADE A MISTAKE NEVER MADE A DISCOVERY
 Job cpu time:       0 days  0 hours  0 minutes  1.1 seconds.
 File lengths (MBytes):  RWF=     84 Int=      0 D2E=      0 Chk=      2 Scr=      2
 Normal termination of Gaussian 09 at Fri Feb 17 15:01:49 2017.
