 Entering Gaussian System, Link 0=g09
 AtFile(1): H.gbs
            H     0
            S   10   1.00
               1000.000000000000            0.000068713567
                316.227766000000            0.000169141320
                100.000000000000            0.000823394812
                 31.622776600000            0.003425569236
                 10.000000000000            0.013951996000
                  3.162277660000            0.056909313560
                  1.000000000000            0.198286399900
                  0.316227766000            0.496922426700
                  0.100000000000            0.369846276400
                  0.031622776600            0.003752720039
            ****
 Initial command:
 /projects/guscus/apps/gau/g09-e1/g09/l1.exe "/users/lcj1/gaussian/h12/rhfstability/rect/guess/ag3bu3/Gau-8754.inp" -scrdir="/users/lcj1/gaussian/h12/rhfstability/rect/guess/ag3bu3/"
 Entering Link 1 = /projects/guscus/apps/gau/g09-e1/g09/l1.exe PID=      8755.
  
 Copyright (c) 1988,1990,1992,1993,1995,1998,2003,2009,2015,
            Gaussian, Inc.  All Rights Reserved.
  
 This is part of the Gaussian(R) 09 program.  It is based on
 the Gaussian(R) 03 system (copyright 2003, Gaussian, Inc.),
 the Gaussian(R) 98 system (copyright 1998, Gaussian, Inc.),
 the Gaussian(R) 94 system (copyright 1995, Gaussian, Inc.),
 the Gaussian 92(TM) system (copyright 1992, Gaussian, Inc.),
 the Gaussian 90(TM) system (copyright 1990, Gaussian, Inc.),
 the Gaussian 88(TM) system (copyright 1988, Gaussian, Inc.),
 the Gaussian 86(TM) system (copyright 1986, Carnegie Mellon
 University), and the Gaussian 82(TM) system (copyright 1983,
 Carnegie Mellon University). Gaussian is a federally registered
 trademark of Gaussian, Inc.
  
 This software contains proprietary and confidential information,
 including trade secrets, belonging to Gaussian, Inc.
  
 This software is provided under written license and may be
 used, copied, transmitted, or stored only in accord with that
 written license.
  
 The following legend is applicable only to US Government
 contracts under FAR:
  
                    RESTRICTED RIGHTS LEGEND
  
 Use, reproduction and disclosure by the US Government is
 subject to restrictions as set forth in subparagraphs (a)
 and (c) of the Commercial Computer Software - Restricted
 Rights clause in FAR 52.227-19.
  
 Gaussian, Inc.
 340 Quinnipiac St., Bldg. 40, Wallingford CT 06492
  
  
 ---------------------------------------------------------------
 Warning -- This program may not be used in any manner that
 competes with the business of Gaussian, Inc. or will provide
 assistance to any competitor of Gaussian, Inc.  The licensee
 of this program is prohibited from giving any competitor of
 Gaussian, Inc. access to this program.  By using this program,
 the user acknowledges that Gaussian, Inc. is engaged in the
 business of creating and licensing software in the field of
 computational chemistry and represents and warrants to the
 licensee that it is not a competitor of Gaussian, Inc. and that
 it will not use this program in any manner prohibited above.
 ---------------------------------------------------------------
  

 Cite this work as:
 Gaussian 09, Revision E.01,
 M. J. Frisch, G. W. Trucks, H. B. Schlegel, G. E. Scuseria, 
 M. A. Robb, J. R. Cheeseman, G. Scalmani, V. Barone, B. Mennucci, 
 G. A. Petersson, H. Nakatsuji, M. Caricato, X. Li, H. P. Hratchian, 
 A. F. Izmaylov, J. Bloino, G. Zheng, J. L. Sonnenberg, M. Hada, 
 M. Ehara, K. Toyota, R. Fukuda, J. Hasegawa, M. Ishida, T. Nakajima, 
 Y. Honda, O. Kitao, H. Nakai, T. Vreven, J. A. Montgomery, Jr., 
 J. E. Peralta, F. Ogliaro, M. Bearpark, J. J. Heyd, E. Brothers, 
 K. N. Kudin, V. N. Staroverov, T. Keith, R. Kobayashi, J. Normand, 
 K. Raghavachari, A. Rendell, J. C. Burant, S. S. Iyengar, J. Tomasi, 
 M. Cossi, N. Rega, J. M. Millam, M. Klene, J. E. Knox, J. B. Cross, 
 V. Bakken, C. Adamo, J. Jaramillo, R. Gomperts, R. E. Stratmann, 
 O. Yazyev, A. J. Austin, R. Cammi, C. Pomelli, J. W. Ochterski, 
 R. L. Martin, K. Morokuma, V. G. Zakrzewski, G. A. Voth, 
 P. Salvador, J. J. Dannenberg, S. Dapprich, A. D. Daniels, 
 O. Farkas, J. B. Foresman, J. V. Ortiz, J. Cioslowski, 
 and D. J. Fox, Gaussian, Inc., Wallingford CT, 2013.
 
 ******************************************
 Gaussian 09:  ES64L-G09RevE.01 30-Nov-2015
                17-Feb-2017 
 ******************************************
 %chk=h12.chk
 ----------------------------------------------------------------------
 #rhf/gen scf(symm,tight,novaracc,noincfock,fulldiag) stable(crhf) gues
 s=read geom=nocrowd test
 ----------------------------------------------------------------------
 1/38=1/1;
 2/12=1,17=6,18=5,40=1/2;
 3/5=7,16=1,25=1,30=1,116=1/1,2,3;
 4/5=1,9=4/1;
 5/5=100002,15=2,16=1,32=2,38=6/2;
 8/6=1,10=90,11=11/1,4;
 9/8=4,13=1/2;
 6/7=2,8=2,9=2,10=2,28=1/1;
 99/5=1,9=1/99;
 ----------------------------------------------------------------------
 hf stability analysis of h12 triangular lattice, y= 0.2357806384192915
 3
 ----------------------------------------------------------------------
 Symbolic Z-matrix:
 Charge =  0 Multiplicity = 1
 H
 H                    1     2.46 
 H                    1     2.46     2     169. 
 H                    2     2.46     1     11.      3     0.       0
 H                    2     2.46     1     180.     3     0.       0
 H                    4     2.46     3     180.     5     0.       0
 H                    6     2.46     5     180.     3     0.       0
 H                    4     2.46     2     180.     3     0.       0
 H                    3     2.46     1     180.     4     0.       0
 H                    9     2.46     3     180.     4     0.       0
 H                    8     2.46     4     180.     3     0.       0
 H                    7     2.46     6     180.     3     0.       0
 
                          Input orientation:                          
 ---------------------------------------------------------------------
 Center     Atomic      Atomic             Coordinates (Angstroms)
 Number     Number       Type             X           Y           Z
 ---------------------------------------------------------------------
      1          1           0        0.000000    0.000000    0.000000
      2          1           0        0.000000    0.000000    2.460001
      3          1           0        0.469390    0.000000   -2.414804
      4          1           0        0.469390    0.000000    0.045197
      5          1           0        0.000000    0.000000    4.920002
      6          1           0        0.469390    0.000000    2.505198
      7          1           0        0.938781    0.000000    0.090394
      8          1           0        0.938781    0.000000   -2.369607
      9          1           0        0.938781    0.000000   -4.829607
     10          1           0        1.408171    0.000000   -7.244411
     11          1           0        1.408171    0.000000   -4.784410
     12          1           0        1.408171    0.000000   -2.324409
 ---------------------------------------------------------------------
                    Distance matrix (angstroms):
                    1          2          3          4          5
     1  H    0.000000
     2  H    2.460001   0.000000
     3  H    2.460001   4.897351   0.000000
     4  H    0.471561   2.460001   2.460001   0.000000
     5  H    4.920002   2.460001   7.349809   4.897351   0.000000
     6  H    2.548793   0.471561   4.920002   2.460001   2.460001
     7  H    0.943123   2.548793   2.548793   0.471561   4.920002
     8  H    2.548793   4.920002   0.471561   2.460001   7.349809
     9  H    4.920002   7.349809   2.460001   4.897351   9.794702
    10  H    7.380003   9.806047   4.920002   7.349809  12.245648
    11  H    4.987337   7.380003   2.548793   4.920002   9.806047
    12  H    2.717687   4.987337   0.943123   2.548793   7.380003
                    6          7          8          9         10
     6  H    0.000000
     7  H    2.460001   0.000000
     8  H    4.897351   2.460001   0.000000
     9  H    7.349809   4.920002   2.460001   0.000000
    10  H    9.794702   7.349809   4.897351   2.460001   0.000000
    11  H    7.349809   4.897351   2.460001   0.471561   2.460001
    12  H    4.920002   2.460001   0.471561   2.548793   4.920002
                   11         12
    11  H    0.000000
    12  H    2.460001   0.000000
 Stoichiometry    H12
 Framework group  C2H[SGH(H12)]
 Deg. of freedom    11
 Full point group                 C2H     NOp   4
 Largest Abelian subgroup         C2H     NOp   4
 Largest concise Abelian subgroup C2      NOp   2
                         Standard orientation:                         
 ---------------------------------------------------------------------
 Center     Atomic      Atomic             Coordinates (Angstroms)
 Number     Number       Type             X           Y           Z
 ---------------------------------------------------------------------
      1          1           0        0.469390    1.275198   -0.000000
      2          1           0        0.000000    3.690001   -0.000000
      3          1           0        0.469390   -1.184803    0.000000
      4          1           0        0.000000    1.230000   -0.000000
      5          1           0       -0.469390    6.104805   -0.000000
      6          1           0       -0.469390    3.644804   -0.000000
      7          1           0       -0.469390    1.184803    0.000000
      8          1           0       -0.000000   -1.230000   -0.000000
      9          1           0        0.469390   -3.644804   -0.000000
     10          1           0        0.469390   -6.104805   -0.000000
     11          1           0       -0.000000   -3.690001   -0.000000
     12          1           0       -0.469390   -1.275198   -0.000000
 ---------------------------------------------------------------------
 Rotational constants (GHZ):    432.5918865      3.6330032      3.6027465
 General basis read from cards:  (5D, 7F)
 There are     6 symmetry adapted cartesian basis functions of AG  symmetry.
 There are     0 symmetry adapted cartesian basis functions of BG  symmetry.
 There are     0 symmetry adapted cartesian basis functions of AU  symmetry.
 There are     6 symmetry adapted cartesian basis functions of BU  symmetry.
 There are     6 symmetry adapted basis functions of AG  symmetry.
 There are     0 symmetry adapted basis functions of BG  symmetry.
 There are     0 symmetry adapted basis functions of AU  symmetry.
 There are     6 symmetry adapted basis functions of BU  symmetry.
    12 basis functions,   120 primitive gaussians,    12 cartesian basis functions
     6 alpha electrons        6 beta electrons
       nuclear repulsion energy        16.0746245568 Hartrees.
 NAtoms=   12 NActive=   12 NUniq=    6 SFac= 4.00D+00 NAtFMM=   60 NAOKFM=F Big=F
 Integral buffers will be    131072 words long.
 Regular integral format.
 Two-electron integral symmetry is turned on.
 One-electron integrals computed using PRISM.
 NBasis=    12 RedAO= T EigKep=  3.07D-02  NBF=     6     0     0     6
 NBsUse=    12 1.00D-06 EigRej= -1.00D+00 NBFU=     6     0     0     6
 Initial guess from the checkpoint file:  "h12.chk"
 B after Tr=     0.000000   -0.000000   -0.000000
         Rot=    0.998350    0.000000    0.000000    0.057428 Ang=   6.58 deg.
 Initial guess orbital symmetries:
       Occupied  (AG) (BU) (AG) (BU) (BU) (AG)
       Virtual   (BU) (AG) (BU) (AG) (AG) (BU)
 Keep R1 ints in memory in symmetry-blocked form, NReq=890358.
 Requested convergence on RMS density matrix=1.00D-08 within 128 cycles.
 Requested convergence on MAX density matrix=1.00D-06.
 Requested convergence on             energy=1.00D-06.
 No special actions if energy rises.
 SCF Done:  E(RHF) =  -4.37144800212     A.U. after   11 cycles
            NFock= 11  Conv=0.35D-08     -V/T= 1.6671
 Range of M.O.s used for correlation:     1    12
 NBasis=    12 NAE=     6 NBE=     6 NFC=     0 NFV=     0
 NROrb=     12 NOA=     6 NOB=     6 NVA=     6 NVB=     6

 **** Warning!!: The smallest alpha delta epsilon is  0.50225279D-01

 Semi-Direct transformation.
 ModeAB=           4 MOrb=             6 LenV=     134098829
 LASXX=         2181 LTotXX=        2181 LenRXX=        5115
 LTotAB=        2934 MaxLAS=        3024 LenRXY=           0
 NonZer=        7296 LenScr=      655360 LnRSAI=        3024
 LnScr1=      655360 LExtra=           0 Total=      1318859
 MaxDsk=          -1 SrtSym=           T ITran=            3
 JobTyp=0 Pass  1:  I=   1 to   6.
 (rs|ai) integrals will be sorted in core.
 Spin components of T(2) and E(2):
     alpha-alpha T2 =       0.4353375051D-02 E2=     -0.3634788893D-02
     alpha-beta  T2 =       0.6552777781D+01 E2=     -0.7351506118D+00
     beta-beta   T2 =       0.4353375051D-02 E2=     -0.3634788893D-02
 ANorm=    0.2749815363D+01
 E2 =    -0.7424201896D+00 EUMP2 =    -0.51138681916967D+01
 Second order stability test of a single determinant RHF wave function:
 Stabil:  MDV=134217728
 ***********************************************************************
 Matrix         Lowest Root    Major Pairs
 ***********************************************************************
 Internal RHF     0.0792077    Stable
 RRHF --> CRHF    0.0000278    Stable
 RRHF --> RUHF   -0.5072517    6A=7B
 Not stable.
 ***********************************************************************

 **********************************************************************

            Population analysis using the SCF density.

 **********************************************************************

 Orbital symmetries:
       Occupied  (AG) (BU) (AG) (BU) (BU) (AG)
       Virtual   (BU) (AG) (BU) (AG) (AG) (BU)
 The electronic state is 1-AG.
 Alpha  occ. eigenvalues --   -1.00838  -1.00245  -0.73302  -0.73298  -0.22289
 Alpha  occ. eigenvalues --   -0.18072
 Alpha virt. eigenvalues --   -0.13050   0.01419   0.63570   0.63689   1.44405
 Alpha virt. eigenvalues --    1.54682
          Condensed to atoms (all electrons):
               1          2          3          4          5          6
     1  H    1.148763  -0.000810   0.140470   0.130354   0.001244  -0.011026
     2  H   -0.000810   0.545945   0.000091  -0.011533  -0.007437   0.481086
     3  H    0.140470   0.000091   1.177306  -0.005749   0.000012  -0.000161
     4  H    0.130354  -0.011533  -0.005749   1.511542   0.000044  -0.011525
     5  H    0.001244  -0.007437   0.000012   0.000044   1.148371  -0.013239
     6  H   -0.011026   0.481086  -0.000161  -0.011525  -0.013239   0.549819
     7  H   -0.732516  -0.005015  -0.128480   0.124018  -0.001245   0.006085
     8  H   -0.003873   0.000023   0.124018  -0.012226   0.000000   0.000026
     9  H    0.000176   0.000000   0.006085   0.000026  -0.000000  -0.000000
    10  H   -0.000012  -0.000000  -0.001245   0.000000   0.000000  -0.000000
    11  H   -0.000061   0.000000  -0.005015   0.000023  -0.000000   0.000000
    12  H   -0.099898  -0.000061  -0.732516  -0.003873  -0.000012   0.000176
               7          8          9         10         11         12
     1  H   -0.732516  -0.003873   0.000176  -0.000012  -0.000061  -0.099898
     2  H   -0.005015   0.000023   0.000000  -0.000000   0.000000  -0.000061
     3  H   -0.128480   0.124018   0.006085  -0.001245  -0.005015  -0.732516
     4  H    0.124018  -0.012226   0.000026   0.000000   0.000023  -0.003873
     5  H   -0.001245   0.000000  -0.000000   0.000000  -0.000000  -0.000012
     6  H    0.006085   0.000026  -0.000000  -0.000000   0.000000   0.000176
     7  H    1.177306  -0.005749  -0.000161   0.000012   0.000091   0.140470
     8  H   -0.005749   1.511542  -0.011525   0.000044  -0.011533   0.130354
     9  H   -0.000161  -0.011525   0.549819  -0.013239   0.481086  -0.011026
    10  H    0.000012   0.000044  -0.013239   1.148371  -0.007437   0.001244
    11  H    0.000091  -0.011533   0.481086  -0.007437   0.545945  -0.000810
    12  H    0.140470   0.130354  -0.011026   0.001244  -0.000810   1.148763
 Mulliken charges:
               1
     1  H    0.427189
     2  H   -0.002289
     3  H    0.425183
     4  H   -0.721102
     5  H   -0.127740
     6  H   -0.001242
     7  H    0.425183
     8  H   -0.721102
     9  H   -0.001242
    10  H   -0.127740
    11  H   -0.002289
    12  H    0.427189
 Sum of Mulliken charges =   0.00000
 Mulliken charges with hydrogens summed into heavy atoms:
               1
 Electronic spatial extent (au):  <R**2>=            566.0319
 Charge=              0.0000 electrons
 Dipole moment (field-independent basis, Debye):
    X=             -0.0000    Y=              0.0000    Z=              0.0000  Tot=              0.0000
 Quadrupole moment (field-independent basis, Debye-Ang):
   XX=            -16.3620   YY=            -60.8482   ZZ=            -15.5789
   XY=              3.7751   XZ=             -0.0000   YZ=              0.0000
 Traceless Quadrupole moment (field-independent basis, Debye-Ang):
   XX=             14.5677   YY=            -29.9185   ZZ=             15.3508
   XY=              3.7751   XZ=             -0.0000   YZ=              0.0000
 Octapole moment (field-independent basis, Debye-Ang**2):
  XXX=              0.0000  YYY=              0.0000  ZZZ=              0.0000  XYY=             -0.0000
  XXY=              0.0000  XXZ=              0.0000  XZZ=              0.0000  YZZ=              0.0000
  YYZ=              0.0000  XYZ=             -0.0000
 Hexadecapole moment (field-independent basis, Debye-Ang**3):
 XXXX=            -35.5838 YYYY=          -3003.4770 ZZZZ=            -19.0941 XXXY=             39.5180
 XXXZ=             -0.0000 YYYX=            179.9047 YYYZ=              0.0000 ZZZX=             -0.0000
 ZZZY=              0.0000 XXYY=           -211.7901 XXZZ=             -9.0862 YYZZ=           -202.8605
 XXYZ=              0.0000 YYXZ=             -0.0000 ZZXY=             13.2285
 N-N= 1.607462455685D+01 E-N=-3.968379433206D+01  KE= 6.552511214397D+00
 Symmetry AG   KE= 2.783609427948D+00
 Symmetry BG   KE= 0.000000000000D+00
 Symmetry AU   KE= 0.000000000000D+00
 Symmetry BU   KE= 3.768901786449D+00

 Test job not archived.
 1\1\GINC-SULU\Stability\RHF\Gen\H12\LCJ1\17-Feb-2017\0\\#rhf/gen scf(s
 ymm,tight,novaracc,noincfock,fulldiag) stable(crhf) guess=read geom=no
 crowd test\\hf stability analysis of h12 triangular lattice, y= 0.2357
 8063841929153\\0,1\H\H,1,2.4600008418\H,1,2.4600008418,2,169.\H,2,2.46
 00008418,1,11.,3,0.,0\H,2,2.4600008418,1,180.,3,0.,0\H,4,2.4600008418,
 3,180.,5,0.,0\H,6,2.4600008418,5,180.,3,0.,0\H,4,2.4600008418,2,180.,3
 ,0.,0\H,3,2.4600008418,1,180.,4,0.,0\H,9,2.4600008418,3,180.,4,0.,0\H,
 8,2.4600008418,4,180.,3,0.,0\H,7,2.4600008418,6,180.,3,0.,0\\Version=E
 S64L-G09RevE.01\State=1-AG\HF=-4.371448\MP2=-5.1138682\RMSD=3.539e-09\
 Dipole=0.,0.,0.\Quadrupole=10.6779286,11.4129791,-22.0909077,0.,3.5926
 538,0.\PG=C02H [SGH(H12)]\\@


 "THE TIME HAS COME", THE WALRUS SAID,
 "TO TALK OF MANY THINGS,
 OF SHOES AND SHIPS AND SEALING WAX,
 OF CABBAGES AND KINGS,
 AND WHY THE SEA IS BOILING HOT,
 AND WHETHER PIGS HAVE WINGS."
 Job cpu time:       0 days  0 hours  0 minutes  0.9 seconds.
 File lengths (MBytes):  RWF=     84 Int=      0 D2E=      0 Chk=      2 Scr=      2
 Normal termination of Gaussian 09 at Fri Feb 17 14:53:23 2017.
