 Entering Gaussian System, Link 0=g09
 AtFile(1): H.gbs
            H     0
            S   10   1.00
               1000.000000000000            0.000068713567
                316.227766000000            0.000169141320
                100.000000000000            0.000823394812
                 31.622776600000            0.003425569236
                 10.000000000000            0.013951996000
                  3.162277660000            0.056909313560
                  1.000000000000            0.198286399900
                  0.316227766000            0.496922426700
                  0.100000000000            0.369846276400
                  0.031622776600            0.003752720039
            ****
 Initial command:
 /projects/guscus/apps/gau/g09-e1/g09/l1.exe "/users/lcj1/gaussian/h12/rhfstability/rect/guess/ag3bu3/Gau-7191.inp" -scrdir="/users/lcj1/gaussian/h12/rhfstability/rect/guess/ag3bu3/"
 Entering Link 1 = /projects/guscus/apps/gau/g09-e1/g09/l1.exe PID=      7192.
  
 Copyright (c) 1988,1990,1992,1993,1995,1998,2003,2009,2015,
            Gaussian, Inc.  All Rights Reserved.
  
 This is part of the Gaussian(R) 09 program.  It is based on
 the Gaussian(R) 03 system (copyright 2003, Gaussian, Inc.),
 the Gaussian(R) 98 system (copyright 1998, Gaussian, Inc.),
 the Gaussian(R) 94 system (copyright 1995, Gaussian, Inc.),
 the Gaussian 92(TM) system (copyright 1992, Gaussian, Inc.),
 the Gaussian 90(TM) system (copyright 1990, Gaussian, Inc.),
 the Gaussian 88(TM) system (copyright 1988, Gaussian, Inc.),
 the Gaussian 86(TM) system (copyright 1986, Carnegie Mellon
 University), and the Gaussian 82(TM) system (copyright 1983,
 Carnegie Mellon University). Gaussian is a federally registered
 trademark of Gaussian, Inc.
  
 This software contains proprietary and confidential information,
 including trade secrets, belonging to Gaussian, Inc.
  
 This software is provided under written license and may be
 used, copied, transmitted, or stored only in accord with that
 written license.
  
 The following legend is applicable only to US Government
 contracts under FAR:
  
                    RESTRICTED RIGHTS LEGEND
  
 Use, reproduction and disclosure by the US Government is
 subject to restrictions as set forth in subparagraphs (a)
 and (c) of the Commercial Computer Software - Restricted
 Rights clause in FAR 52.227-19.
  
 Gaussian, Inc.
 340 Quinnipiac St., Bldg. 40, Wallingford CT 06492
  
  
 ---------------------------------------------------------------
 Warning -- This program may not be used in any manner that
 competes with the business of Gaussian, Inc. or will provide
 assistance to any competitor of Gaussian, Inc.  The licensee
 of this program is prohibited from giving any competitor of
 Gaussian, Inc. access to this program.  By using this program,
 the user acknowledges that Gaussian, Inc. is engaged in the
 business of creating and licensing software in the field of
 computational chemistry and represents and warrants to the
 licensee that it is not a competitor of Gaussian, Inc. and that
 it will not use this program in any manner prohibited above.
 ---------------------------------------------------------------
  

 Cite this work as:
 Gaussian 09, Revision E.01,
 M. J. Frisch, G. W. Trucks, H. B. Schlegel, G. E. Scuseria, 
 M. A. Robb, J. R. Cheeseman, G. Scalmani, V. Barone, B. Mennucci, 
 G. A. Petersson, H. Nakatsuji, M. Caricato, X. Li, H. P. Hratchian, 
 A. F. Izmaylov, J. Bloino, G. Zheng, J. L. Sonnenberg, M. Hada, 
 M. Ehara, K. Toyota, R. Fukuda, J. Hasegawa, M. Ishida, T. Nakajima, 
 Y. Honda, O. Kitao, H. Nakai, T. Vreven, J. A. Montgomery, Jr., 
 J. E. Peralta, F. Ogliaro, M. Bearpark, J. J. Heyd, E. Brothers, 
 K. N. Kudin, V. N. Staroverov, T. Keith, R. Kobayashi, J. Normand, 
 K. Raghavachari, A. Rendell, J. C. Burant, S. S. Iyengar, J. Tomasi, 
 M. Cossi, N. Rega, J. M. Millam, M. Klene, J. E. Knox, J. B. Cross, 
 V. Bakken, C. Adamo, J. Jaramillo, R. Gomperts, R. E. Stratmann, 
 O. Yazyev, A. J. Austin, R. Cammi, C. Pomelli, J. W. Ochterski, 
 R. L. Martin, K. Morokuma, V. G. Zakrzewski, G. A. Voth, 
 P. Salvador, J. J. Dannenberg, S. Dapprich, A. D. Daniels, 
 O. Farkas, J. B. Foresman, J. V. Ortiz, J. Cioslowski, 
 and D. J. Fox, Gaussian, Inc., Wallingford CT, 2013.
 
 ******************************************
 Gaussian 09:  ES64L-G09RevE.01 30-Nov-2015
                17-Feb-2017 
 ******************************************
 %chk=h12.chk
 ----------------------------------------------------------------------
 #rhf/gen scf(symm,tight,novaracc,noincfock,fulldiag) stable(crhf) gues
 s=read geom=nocrowd test
 ----------------------------------------------------------------------
 1/38=1/1;
 2/12=1,17=6,18=5,40=1/2;
 3/5=7,16=1,25=1,30=1,116=1/1,2,3;
 4/5=1,9=4/1;
 5/5=100002,15=2,16=1,32=2,38=6/2;
 8/6=1,10=90,11=11/1,4;
 9/8=4,13=1/2;
 6/7=2,8=2,9=2,10=2,28=1/1;
 99/5=1,9=1/99;
 ----------------------------------------------------------------------
 hf stability analysis of h12 triangular lattice, y= 1.2029713290986654
 ----------------------------------------------------------------------
 Symbolic Z-matrix:
 Charge =  0 Multiplicity = 1
 H
 H                    1     1.29518 
 H                    1     1.29518  2     43.5 
 H                    2     1.29518  1     136.5    3     0.       0
 H                    2     1.29518  1     180.     3     0.       0
 H                    4     1.29518  3     180.     5     0.       0
 H                    6     1.29518  5     180.     3     0.       0
 H                    4     1.29518  2     180.     3     0.       0
 H                    3     1.29518  1     180.     4     0.       0
 H                    9     1.29518  3     180.     4     0.       0
 H                    8     1.29518  4     180.     3     0.       0
 H                    7     1.29518  6     180.     3     0.       0
 
                          Input orientation:                          
 ---------------------------------------------------------------------
 Center     Atomic      Atomic             Coordinates (Angstroms)
 Number     Number       Type             X           Y           Z
 ---------------------------------------------------------------------
      1          1           0        0.000000    0.000000    0.000000
      2          1           0        0.000000    0.000000    1.295175
      3          1           0        0.891540    0.000000    0.939487
      4          1           0        0.891540    0.000000    2.234662
      5          1           0        0.000000    0.000000    2.590351
      6          1           0        0.891540    0.000000    3.529838
      7          1           0        1.783080    0.000000    4.469325
      8          1           0        1.783080    0.000000    3.174150
      9          1           0        1.783080    0.000000    1.878974
     10          1           0        2.674620    0.000000    2.818461
     11          1           0        2.674620    0.000000    4.113637
     12          1           0        2.674620    0.000000    5.408812
 ---------------------------------------------------------------------
                    Distance matrix (angstroms):
                    1          2          3          4          5
     1  H    0.000000
     2  H    1.295175   0.000000
     3  H    1.295175   0.959874   0.000000
     4  H    2.405943   1.295175   1.295175   0.000000
     5  H    2.590351   1.295175   1.876218   0.959874   0.000000
     6  H    3.640687   2.405943   2.590351   1.295175   1.295175
     7  H    4.811885   3.640687   3.640687   2.405943   2.590351
     8  H    3.640687   2.590351   2.405943   1.295175   1.876218
     9  H    2.590351   1.876218   1.295175   0.959874   1.919748
    10  H    3.885526   3.077985   2.590351   1.876218   2.684330
    11  H    4.906689   3.885526   3.640687   2.590351   3.077985
    12  H    6.033974   4.906689   4.811885   3.640687   3.885526
                    6          7          8          9         10
     6  H    0.000000
     7  H    1.295175   0.000000
     8  H    0.959874   1.295175   0.000000
     9  H    1.876218   2.590351   1.295175   0.000000
    10  H    1.919748   1.876218   0.959874   1.295175   0.000000
    11  H    1.876218   0.959874   1.295175   2.405943   1.295175
    12  H    2.590351   1.295175   2.405943   3.640687   2.590351
                   11         12
    11  H    0.000000
    12  H    1.295175   0.000000
 Stoichiometry    H12
 Framework group  C2H[SGH(H12)]
 Deg. of freedom    11
 Full point group                 C2H     NOp   4
 Largest Abelian subgroup         C2H     NOp   4
 Largest concise Abelian subgroup C2      NOp   2
                         Standard orientation:                         
 ---------------------------------------------------------------------
 Center     Atomic      Atomic             Coordinates (Angstroms)
 Number     Number       Type             X           Y           Z
 ---------------------------------------------------------------------
      1          1           0        0.891540    2.882250   -0.000000
      2          1           0        0.000000    1.942763   -0.000000
      3          1           0        0.891540    1.587075   -0.000000
      4          1           0        0.000000    0.647588   -0.000000
      5          1           0       -0.891540    1.003276   -0.000000
      6          1           0       -0.891540   -0.291899    0.000000
      7          1           0       -0.891540   -1.587075   -0.000000
      8          1           0       -0.000000   -0.647588   -0.000000
      9          1           0        0.891540    0.291899    0.000000
     10          1           0        0.891540   -1.003276   -0.000000
     11          1           0       -0.000000   -1.942763   -0.000000
     12          1           0       -0.891540   -2.882250   -0.000000
 ---------------------------------------------------------------------
 Rotational constants (GHZ):    106.1083491     14.8113452     12.9971168
 General basis read from cards:  (5D, 7F)
 There are     6 symmetry adapted cartesian basis functions of AG  symmetry.
 There are     0 symmetry adapted cartesian basis functions of BG  symmetry.
 There are     0 symmetry adapted cartesian basis functions of AU  symmetry.
 There are     6 symmetry adapted cartesian basis functions of BU  symmetry.
 There are     6 symmetry adapted basis functions of AG  symmetry.
 There are     0 symmetry adapted basis functions of BG  symmetry.
 There are     0 symmetry adapted basis functions of AU  symmetry.
 There are     6 symmetry adapted basis functions of BU  symmetry.
    12 basis functions,   120 primitive gaussians,    12 cartesian basis functions
     6 alpha electrons        6 beta electrons
       nuclear repulsion energy        18.6321004345 Hartrees.
 NAtoms=   12 NActive=   12 NUniq=    6 SFac= 4.00D+00 NAtFMM=   60 NAOKFM=F Big=F
 Integral buffers will be    131072 words long.
 Regular integral format.
 Two-electron integral symmetry is turned on.
 One-electron integrals computed using PRISM.
 NBasis=    12 RedAO= T EigKep=  1.66D-01  NBF=     6     0     0     6
 NBsUse=    12 1.00D-06 EigRej= -1.00D+00 NBFU=     6     0     0     6
 Initial guess from the checkpoint file:  "h12.chk"
 B after Tr=    -0.000000    0.000000    0.000000
         Rot=    0.963454    0.000000    0.000000   -0.267874 Ang= -31.08 deg.
 Initial guess orbital symmetries:
       Occupied  (AG) (BU) (AG) (BU) (BU) (AG)
       Virtual   (BU) (AG) (BU) (AG) (AG) (BU)
 Keep R1 ints in memory in symmetry-blocked form, NReq=901432.
 Requested convergence on RMS density matrix=1.00D-08 within 128 cycles.
 Requested convergence on MAX density matrix=1.00D-06.
 Requested convergence on             energy=1.00D-06.
 No special actions if energy rises.
 SCF Done:  E(RHF) =  -5.93949116056     A.U. after   13 cycles
            NFock= 13  Conv=0.35D-08     -V/T= 1.9758
 Range of M.O.s used for correlation:     1    12
 NBasis=    12 NAE=     6 NBE=     6 NFC=     0 NFV=     0
 NROrb=     12 NOA=     6 NOB=     6 NVA=     6 NVB=     6
 Semi-Direct transformation.
 ModeAB=           4 MOrb=             6 LenV=     134086495
 LASXX=         2181 LTotXX=        2181 LenRXX=        5115
 LTotAB=        2934 MaxLAS=        3024 LenRXY=           0
 NonZer=        7296 LenScr=      655360 LnRSAI=        3024
 LnScr1=      655360 LExtra=           0 Total=      1318859
 MaxDsk=          -1 SrtSym=           T ITran=            3
 JobTyp=0 Pass  1:  I=   1 to   6.
 (rs|ai) integrals will be sorted in core.
 Spin components of T(2) and E(2):
     alpha-alpha T2 =       0.3942826746D-02 E2=     -0.5923834379D-02
     alpha-beta  T2 =       0.6579788206D-01 E2=     -0.9831309762D-01
     beta-beta   T2 =       0.3942826746D-02 E2=     -0.5923834379D-02
 ANorm=    0.1036187018D+01
 E2 =    -0.1101607664D+00 EUMP2 =    -0.60496519269394D+01
 Second order stability test of a single determinant RHF wave function:
 Stabil:  MDV=134217728
 ***********************************************************************
 Matrix         Lowest Root    Major Pairs
 ***********************************************************************
 Internal RHF     0.1465575    Stable
 RRHF --> CRHF    0.1288014    Stable
 RRHF --> RUHF    0.0042608    Stable
 Stable under the perturbations considered.
 ***********************************************************************

 **********************************************************************

            Population analysis using the SCF density.

 **********************************************************************

 Orbital symmetries:
       Occupied  (AG) (BU) (AG) (BU) (BU) (AG)
       Virtual   (AG) (BU) (BU) (AG) (AG) (BU)
 The electronic state is 1-AG.
 Alpha  occ. eigenvalues --   -0.89135  -0.76857  -0.58948  -0.50381  -0.38469
 Alpha  occ. eigenvalues --   -0.29004
 Alpha virt. eigenvalues --    0.06790   0.19440   0.29282   0.33322   0.54228
 Alpha virt. eigenvalues --    0.63654
          Condensed to atoms (all electrons):
               1          2          3          4          5          6
     1  H    0.723109   0.158919   0.179878  -0.073265  -0.034790   0.006365
     2  H    0.158919   0.772973  -0.021792  -0.055097   0.259243  -0.031628
     3  H    0.179878  -0.021792   0.748892  -0.008542  -0.160263   0.004364
     4  H   -0.073265  -0.055097  -0.008542   0.886254   0.233876  -0.060883
     5  H   -0.034790   0.259243  -0.160263   0.233876   1.123783  -0.110890
     6  H    0.006365  -0.031628   0.004364  -0.060883  -0.110890   1.103912
     7  H    0.000419  -0.004572   0.006062  -0.009929  -0.034241   0.223242
     8  H    0.006784  -0.010475  -0.009929  -0.140741  -0.064246   0.325387
     9  H   -0.035050  -0.152132   0.223242   0.325387  -0.148807  -0.054914
    10  H    0.000660   0.018126  -0.034241  -0.064246   0.024539  -0.148807
    11  H   -0.000215   0.005352  -0.004572  -0.010475   0.018126  -0.152132
    12  H   -0.000110  -0.000215   0.000419   0.006784   0.000660  -0.035050
               7          8          9         10         11         12
     1  H    0.000419   0.006784  -0.035050   0.000660  -0.000215  -0.000110
     2  H   -0.004572  -0.010475  -0.152132   0.018126   0.005352  -0.000215
     3  H    0.006062  -0.009929   0.223242  -0.034241  -0.004572   0.000419
     4  H   -0.009929  -0.140741   0.325387  -0.064246  -0.010475   0.006784
     5  H   -0.034241  -0.064246  -0.148807   0.024539   0.018126   0.000660
     6  H    0.223242   0.325387  -0.054914  -0.148807  -0.152132  -0.035050
     7  H    0.748892  -0.008542   0.004364  -0.160263  -0.021792   0.179878
     8  H   -0.008542   0.886254  -0.060883   0.233876  -0.055097  -0.073265
     9  H    0.004364  -0.060883   1.103912  -0.110890  -0.031628   0.006365
    10  H   -0.160263   0.233876  -0.110890   1.123783   0.259243  -0.034790
    11  H   -0.021792  -0.055097  -0.031628   0.259243   0.772973   0.158919
    12  H    0.179878  -0.073265   0.006365  -0.034790   0.158919   0.723109
 Mulliken charges:
               1
     1  H    0.067296
     2  H    0.061298
     3  H    0.076483
     4  H   -0.029122
     5  H   -0.106989
     6  H   -0.068965
     7  H    0.076483
     8  H   -0.029122
     9  H   -0.068965
    10  H   -0.106989
    11  H    0.061298
    12  H    0.067296
 Sum of Mulliken charges =   0.00000
 Mulliken charges with hydrogens summed into heavy atoms:
               1
 Electronic spatial extent (au):  <R**2>=            170.8032
 Charge=             -0.0000 electrons
 Dipole moment (field-independent basis, Debye):
    X=              0.0000    Y=             -0.0000    Z=             -0.0000  Tot=              0.0000
 Quadrupole moment (field-independent basis, Debye-Ang):
   XX=            -18.1951   YY=            -10.7379   ZZ=            -15.4857
   XY=              3.7214   XZ=             -0.0000   YZ=             -0.0000
 Traceless Quadrupole moment (field-independent basis, Debye-Ang):
   XX=             -3.3889   YY=              4.0683   ZZ=             -0.6794
   XY=              3.7214   XZ=             -0.0000   YZ=             -0.0000
 Octapole moment (field-independent basis, Debye-Ang**2):
  XXX=              0.0000  YYY=              0.0000  ZZZ=              0.0000  XYY=              0.0000
  XXY=              0.0000  XXZ=              0.0000  XZZ=              0.0000  YZZ=             -0.0000
  YYZ=              0.0000  XYZ=             -0.0000
 Hexadecapole moment (field-independent basis, Debye-Ang**3):
 XXXX=            -77.0219 YYYY=           -219.0112 ZZZZ=            -18.5897 XXXY=            -23.1887
 XXXZ=              0.0000 YYYX=             -0.5758 YYYZ=              0.0000 ZZZX=              0.0000
 ZZZY=              0.0000 XXYY=            -56.4728 XXZZ=            -15.6784 YYZZ=            -49.1123
 XXYZ=              0.0000 YYXZ=             -0.0000 ZZXY=             -8.2631
 N-N= 1.863210043450D+01 E-N=-4.837439462517D+01  KE= 6.087064956432D+00
 Symmetry AG   KE= 2.973919766205D+00
 Symmetry BG   KE= 0.000000000000D+00
 Symmetry AU   KE= 0.000000000000D+00
 Symmetry BU   KE= 3.113145190228D+00

 Test job not archived.
 1\1\GINC-SULU\Stability\RHF\Gen\H12\LCJ1\17-Feb-2017\0\\#rhf/gen scf(s
 ymm,tight,novaracc,noincfock,fulldiag) stable(crhf) guess=read geom=no
 crowd test\\hf stability analysis of h12 triangular lattice, y= 1.2029
 713290986654\\0,1\H\H,1,1.2951754312\H,1,1.2951754312,2,43.5\H,2,1.295
 1754312,1,136.5,3,0.,0\H,2,1.2951754312,1,180.,3,0.,0\H,4,1.2951754312
 ,3,180.,5,0.,0\H,6,1.2951754312,5,180.,3,0.,0\H,4,1.2951754312,2,180.,
 3,0.,0\H,3,1.2951754312,1,180.,4,0.,0\H,9,1.2951754312,3,180.,4,0.,0\H
 ,8,1.2951754312,4,180.,3,0.,0\H,7,1.2951754312,6,180.,3,0.,0\\Version=
 ES64L-G09RevE.01\State=1-AG\HF=-5.9394912\MP2=-6.0496519\RMSD=3.463e-0
 9\Dipole=0.,0.,0.\Quadrupole=-2.6554996,-0.5051529,3.1606525,0.,2.6235
 119,0.\PG=C02H [SGH(H12)]\\@


 This summer one third of the nation will be ill-housed
 ill-nourished and ill-clad. Only they call it a vacation.
 -- Jonas Salk
 Job cpu time:       0 days  0 hours  0 minutes  1.1 seconds.
 File lengths (MBytes):  RWF=     84 Int=      0 D2E=      0 Chk=      2 Scr=      2
 Normal termination of Gaussian 09 at Fri Feb 17 15:06:29 2017.
