 Entering Gaussian System, Link 0=g09
 AtFile(1): H.gbs
            H     0
            S   10   1.00
               1000.000000000000            0.000068713567
                316.227766000000            0.000169141320
                100.000000000000            0.000823394812
                 31.622776600000            0.003425569236
                 10.000000000000            0.013951996000
                  3.162277660000            0.056909313560
                  1.000000000000            0.198286399900
                  0.316227766000            0.496922426700
                  0.100000000000            0.369846276400
                  0.031622776600            0.003752720039
            ****
 Initial command:
 /projects/guscus/apps/gau/g09-e1/g09/l1.exe "/users/lcj1/gaussian/h12/rhfstability/rect/guess/ag3bu3/Gau-29200.inp" -scrdir="/users/lcj1/gaussian/h12/rhfstability/rect/guess/ag3bu3/"
 Entering Link 1 = /projects/guscus/apps/gau/g09-e1/g09/l1.exe PID=     29201.
  
 Copyright (c) 1988,1990,1992,1993,1995,1998,2003,2009,2015,
            Gaussian, Inc.  All Rights Reserved.
  
 This is part of the Gaussian(R) 09 program.  It is based on
 the Gaussian(R) 03 system (copyright 2003, Gaussian, Inc.),
 the Gaussian(R) 98 system (copyright 1998, Gaussian, Inc.),
 the Gaussian(R) 94 system (copyright 1995, Gaussian, Inc.),
 the Gaussian 92(TM) system (copyright 1992, Gaussian, Inc.),
 the Gaussian 90(TM) system (copyright 1990, Gaussian, Inc.),
 the Gaussian 88(TM) system (copyright 1988, Gaussian, Inc.),
 the Gaussian 86(TM) system (copyright 1986, Carnegie Mellon
 University), and the Gaussian 82(TM) system (copyright 1983,
 Carnegie Mellon University). Gaussian is a federally registered
 trademark of Gaussian, Inc.
  
 This software contains proprietary and confidential information,
 including trade secrets, belonging to Gaussian, Inc.
  
 This software is provided under written license and may be
 used, copied, transmitted, or stored only in accord with that
 written license.
  
 The following legend is applicable only to US Government
 contracts under FAR:
  
                    RESTRICTED RIGHTS LEGEND
  
 Use, reproduction and disclosure by the US Government is
 subject to restrictions as set forth in subparagraphs (a)
 and (c) of the Commercial Computer Software - Restricted
 Rights clause in FAR 52.227-19.
  
 Gaussian, Inc.
 340 Quinnipiac St., Bldg. 40, Wallingford CT 06492
  
  
 ---------------------------------------------------------------
 Warning -- This program may not be used in any manner that
 competes with the business of Gaussian, Inc. or will provide
 assistance to any competitor of Gaussian, Inc.  The licensee
 of this program is prohibited from giving any competitor of
 Gaussian, Inc. access to this program.  By using this program,
 the user acknowledges that Gaussian, Inc. is engaged in the
 business of creating and licensing software in the field of
 computational chemistry and represents and warrants to the
 licensee that it is not a competitor of Gaussian, Inc. and that
 it will not use this program in any manner prohibited above.
 ---------------------------------------------------------------
  

 Cite this work as:
 Gaussian 09, Revision E.01,
 M. J. Frisch, G. W. Trucks, H. B. Schlegel, G. E. Scuseria, 
 M. A. Robb, J. R. Cheeseman, G. Scalmani, V. Barone, B. Mennucci, 
 G. A. Petersson, H. Nakatsuji, M. Caricato, X. Li, H. P. Hratchian, 
 A. F. Izmaylov, J. Bloino, G. Zheng, J. L. Sonnenberg, M. Hada, 
 M. Ehara, K. Toyota, R. Fukuda, J. Hasegawa, M. Ishida, T. Nakajima, 
 Y. Honda, O. Kitao, H. Nakai, T. Vreven, J. A. Montgomery, Jr., 
 J. E. Peralta, F. Ogliaro, M. Bearpark, J. J. Heyd, E. Brothers, 
 K. N. Kudin, V. N. Staroverov, T. Keith, R. Kobayashi, J. Normand, 
 K. Raghavachari, A. Rendell, J. C. Burant, S. S. Iyengar, J. Tomasi, 
 M. Cossi, N. Rega, J. M. Millam, M. Klene, J. E. Knox, J. B. Cross, 
 V. Bakken, C. Adamo, J. Jaramillo, R. Gomperts, R. E. Stratmann, 
 O. Yazyev, A. J. Austin, R. Cammi, C. Pomelli, J. W. Ochterski, 
 R. L. Martin, K. Morokuma, V. G. Zakrzewski, G. A. Voth, 
 P. Salvador, J. J. Dannenberg, S. Dapprich, A. D. Daniels, 
 O. Farkas, J. B. Foresman, J. V. Ortiz, J. Cioslowski, 
 and D. J. Fox, Gaussian, Inc., Wallingford CT, 2013.
 
 ******************************************
 Gaussian 09:  ES64L-G09RevE.01 30-Nov-2015
                17-Feb-2017 
 ******************************************
 %chk=h12.chk
 ----------------------------------------------------------------------
 #rhf/gen scf(symm,tight,novaracc,noincfock,fulldiag) stable(crhf) gues
 s=read geom=nocrowd test
 ----------------------------------------------------------------------
 1/38=1/1;
 2/12=1,17=6,18=5,40=1/2;
 3/5=7,16=1,25=1,30=1,116=1/1,2,3;
 4/5=1,9=4/1;
 5/5=100002,15=2,16=1,32=2,38=6/2;
 8/6=1,10=90,11=11/1,4;
 9/8=4,13=1/2;
 6/7=2,8=2,9=2,10=2,28=1/1;
 99/5=1,9=1/99;
 ----------------------------------------------------------------------
 hf stability analysis of h12 triangular lattice, y= 0.7937677784109760
 1
 ----------------------------------------------------------------------
 Symbolic Z-matrix:
 Charge =  0 Multiplicity = 1
 H
 H                    1     1.07662 
 H                    1     1.07662  2     85. 
 H                    2     1.07662  1     95.      3     0.       0
 H                    2     1.07662  1     180.     3     0.       0
 H                    4     1.07662  3     180.     5     0.       0
 H                    6     1.07662  5     180.     3     0.       0
 H                    4     1.07662  2     180.     3     0.       0
 H                    3     1.07662  1     180.     4     0.       0
 H                    9     1.07662  3     180.     4     0.       0
 H                    8     1.07662  4     180.     3     0.       0
 H                    7     1.07662  6     180.     3     0.       0
 
                          Input orientation:                          
 ---------------------------------------------------------------------
 Center     Atomic      Atomic             Coordinates (Angstroms)
 Number     Number       Type             X           Y           Z
 ---------------------------------------------------------------------
      1          1           0        0.000000    0.000000    0.000000
      2          1           0        0.000000    0.000000    1.076620
      3          1           0        1.072523    0.000000    0.093834
      4          1           0        1.072523    0.000000    1.170454
      5          1           0        0.000000    0.000000    2.153241
      6          1           0        1.072523    0.000000    2.247074
      7          1           0        2.145047    0.000000    2.340908
      8          1           0        2.145047    0.000000    1.264288
      9          1           0        2.145047    0.000000    0.187667
     10          1           0        3.217570    0.000000    0.281501
     11          1           0        3.217570    0.000000    1.358121
     12          1           0        3.217570    0.000000    2.434742
 ---------------------------------------------------------------------
                    Distance matrix (angstroms):
                    1          2          3          4          5
     1  H    0.000000
     2  H    1.076620   0.000000
     3  H    1.076620   1.454708   0.000000
     4  H    1.587536   1.076620   1.076620   0.000000
     5  H    2.153241   1.076620   2.321953   1.454708   0.000000
     6  H    2.489910   1.587536   2.153241   1.076620   1.076620
     7  H    3.175071   2.489910   2.489910   1.587536   2.153241
     8  H    2.489910   2.153241   1.587536   1.076620   2.321953
     9  H    2.153241   2.321953   1.076620   1.454708   2.909417
    10  H    3.229861   3.314359   2.153241   2.321953   3.722387
    11  H    3.492456   3.229861   2.489910   2.153241   3.314359
    12  H    4.034938   3.492456   3.175071   2.489910   3.229861
                    6          7          8          9         10
     6  H    0.000000
     7  H    1.076620   0.000000
     8  H    1.454708   1.076620   0.000000
     9  H    2.321953   2.153241   1.076620   0.000000
    10  H    2.909417   2.321953   1.454708   1.076620   0.000000
    11  H    2.321953   1.454708   1.076620   1.587536   1.076620
    12  H    2.153241   1.076620   1.587536   2.489910   2.153241
                   11         12
    11  H    0.000000
    12  H    1.076620   0.000000
 Stoichiometry    H12
 Framework group  C2H[SGH(H12)]
 Deg. of freedom    11
 Full point group                 C2H     NOp   4
 Largest Abelian subgroup         C2H     NOp   4
 Largest concise Abelian subgroup C2      NOp   2
                         Standard orientation:                         
 ---------------------------------------------------------------------
 Center     Atomic      Atomic             Coordinates (Angstroms)
 Number     Number       Type             X           Y           Z
 ---------------------------------------------------------------------
      1          1           0        1.072523    1.708764   -0.000000
      2          1           0        0.000000    1.614930    0.000000
      3          1           0        1.072523    0.632144   -0.000000
      4          1           0        0.000000    0.538310    0.000000
      5          1           0       -1.072523    1.521097    0.000000
      6          1           0       -1.072523    0.444477    0.000000
      7          1           0       -1.072523   -0.632144    0.000000
      8          1           0       -0.000000   -0.538310    0.000000
      9          1           0        1.072523   -0.444477    0.000000
     10          1           0        1.072523   -1.521097    0.000000
     11          1           0       -0.000000   -1.614930    0.000000
     12          1           0       -1.072523   -1.708764    0.000000
 ---------------------------------------------------------------------
 Rotational constants (GHZ):     54.9560319     28.5975450     18.8095789
 General basis read from cards:  (5D, 7F)
 There are     6 symmetry adapted cartesian basis functions of AG  symmetry.
 There are     0 symmetry adapted cartesian basis functions of BG  symmetry.
 There are     0 symmetry adapted cartesian basis functions of AU  symmetry.
 There are     6 symmetry adapted cartesian basis functions of BU  symmetry.
 There are     6 symmetry adapted basis functions of AG  symmetry.
 There are     0 symmetry adapted basis functions of BG  symmetry.
 There are     0 symmetry adapted basis functions of AU  symmetry.
 There are     6 symmetry adapted basis functions of BU  symmetry.
    12 basis functions,   120 primitive gaussians,    12 cartesian basis functions
     6 alpha electrons        6 beta electrons
       nuclear repulsion energy        20.1632864492 Hartrees.
 NAtoms=   12 NActive=   12 NUniq=    6 SFac= 4.00D+00 NAtFMM=   60 NAOKFM=F Big=F
 Integral buffers will be    131072 words long.
 Regular integral format.
 Two-electron integral symmetry is turned on.
 One-electron integrals computed using PRISM.
 NBasis=    12 RedAO= T EigKep=  1.09D-01  NBF=     6     0     0     6
 NBsUse=    12 1.00D-06 EigRej= -1.00D+00 NBFU=     6     0     0     6
 Initial guess from the checkpoint file:  "h12.chk"
 B after Tr=     0.000000    0.000000    0.000000
         Rot=    0.982406   -0.000000    0.000000   -0.186756 Ang= -21.53 deg.
 Initial guess orbital symmetries:
       Occupied  (AG) (BU) (AG) (BU) (BU) (AG)
       Virtual   (BU) (AG) (BU) (AG) (AG) (BU)
 Keep R1 ints in memory in symmetry-blocked form, NReq=903672.
 Requested convergence on RMS density matrix=1.00D-08 within 128 cycles.
 Requested convergence on MAX density matrix=1.00D-06.
 Requested convergence on             energy=1.00D-06.
 No special actions if energy rises.
 Rare condition: small coef for last iteration:  0.000D+00
 SCF Done:  E(RHF) =  -5.68719265271     A.U. after   19 cycles
            NFock= 19  Conv=0.27D-08     -V/T= 1.8735
 Range of M.O.s used for correlation:     1    12
 NBasis=    12 NAE=     6 NBE=     6 NFC=     0 NFV=     0
 NROrb=     12 NOA=     6 NOB=     6 NVA=     6 NVB=     6
 Semi-Direct transformation.
 ModeAB=           4 MOrb=             6 LenV=     134084479
 LASXX=         2181 LTotXX=        2181 LenRXX=        5115
 LTotAB=        2934 MaxLAS=        3024 LenRXY=           0
 NonZer=        7296 LenScr=      655360 LnRSAI=        3024
 LnScr1=      655360 LExtra=           0 Total=      1318859
 MaxDsk=          -1 SrtSym=           T ITran=            3
 JobTyp=0 Pass  1:  I=   1 to   6.
 (rs|ai) integrals will be sorted in core.
 Spin components of T(2) and E(2):
     alpha-alpha T2 =       0.4965589877D-02 E2=     -0.7214169053D-02
     alpha-beta  T2 =       0.7924942829D-01 E2=     -0.1104380893D+00
     beta-beta   T2 =       0.4965589877D-02 E2=     -0.7214169053D-02
 ANorm=    0.1043638160D+01
 E2 =    -0.1248664274D+00 EUMP2 =    -0.58120590800879D+01
 Second order stability test of a single determinant RHF wave function:
 Stabil:  MDV=134217728
 ***********************************************************************
 Matrix         Lowest Root    Major Pairs
 ***********************************************************************
 Internal RHF    -0.0808127    6A=7A
 RRHF --> CRHF   -0.1171363    6A=7A
 RRHF --> RUHF   -0.1949649    6A=7B
 Not stable.
 ***********************************************************************

 **********************************************************************

            Population analysis using the SCF density.

 **********************************************************************

 Orbital symmetries:
       Occupied  (AG) (BU) (BU) (AG) (AG) (BU)
       Virtual   (AG) (BU) (BU) (AG) (AG) (BU)
 The electronic state is 1-AG.
 Alpha  occ. eigenvalues --   -1.01045  -0.78955  -0.68919  -0.50727  -0.47075
 Alpha  occ. eigenvalues --   -0.19171
 Alpha virt. eigenvalues --   -0.02936   0.09513   0.21745   0.43930   0.54731
 Alpha virt. eigenvalues --    0.92294
          Condensed to atoms (all electrons):
               1          2          3          4          5          6
     1  H    1.449586   0.401366  -0.210005  -0.239117  -0.130671  -0.007123
     2  H    0.401366   0.730641  -0.070264  -0.161677   0.095352  -0.002351
     3  H   -0.210005  -0.070264   0.996164   0.413681  -0.009943  -0.099223
     4  H   -0.239117  -0.161677   0.413681   0.967561   0.100601   0.016179
     5  H   -0.130671   0.095352  -0.009943   0.100601   1.075259   0.119985
     6  H   -0.007123  -0.002351  -0.099223   0.016179   0.119985   0.713370
     7  H    0.031071  -0.000164  -0.047481  -0.109131  -0.127131   0.169916
     8  H    0.044591  -0.042933  -0.109131  -0.079939  -0.097702   0.121790
     9  H   -0.099337  -0.044642   0.169916   0.121790   0.013088  -0.023462
    10  H    0.018971   0.012969  -0.127131  -0.097702   0.002544   0.013088
    11  H   -0.001496   0.009895  -0.000164  -0.042933   0.012969  -0.044642
    12  H   -0.007435  -0.001496   0.031071   0.044591   0.018971  -0.099337
               7          8          9         10         11         12
     1  H    0.031071   0.044591  -0.099337   0.018971  -0.001496  -0.007435
     2  H   -0.000164  -0.042933  -0.044642   0.012969   0.009895  -0.001496
     3  H   -0.047481  -0.109131   0.169916  -0.127131  -0.000164   0.031071
     4  H   -0.109131  -0.079939   0.121790  -0.097702  -0.042933   0.044591
     5  H   -0.127131  -0.097702   0.013088   0.002544   0.012969   0.018971
     6  H    0.169916   0.121790  -0.023462   0.013088  -0.044642  -0.099337
     7  H    0.996164   0.413681  -0.099223  -0.009943  -0.070264  -0.210005
     8  H    0.413681   0.967561   0.016179   0.100601  -0.161677  -0.239117
     9  H   -0.099223   0.016179   0.713370   0.119985  -0.002351  -0.007123
    10  H   -0.009943   0.100601   0.119985   1.075259   0.095352  -0.130671
    11  H   -0.070264  -0.161677  -0.002351   0.095352   0.730641   0.401366
    12  H   -0.210005  -0.239117  -0.007123  -0.130671   0.401366   1.449586
 Mulliken charges:
               1
     1  H   -0.250400
     2  H    0.073306
     3  H    0.062509
     4  H    0.066096
     5  H   -0.073321
     6  H    0.121810
     7  H    0.062509
     8  H    0.066096
     9  H    0.121810
    10  H   -0.073321
    11  H    0.073306
    12  H   -0.250400
 Sum of Mulliken charges =  -0.00000
 Mulliken charges with hydrogens summed into heavy atoms:
               1
 Electronic spatial extent (au):  <R**2>=            140.2199
 Charge=             -0.0000 electrons
 Dipole moment (field-independent basis, Debye):
    X=             -0.0000    Y=             -0.0000    Z=             -0.0000  Tot=              0.0000
 Quadrupole moment (field-independent basis, Debye-Ang):
   XX=            -18.0504   YY=            -27.4168   ZZ=            -15.0820
   XY=             -4.1858   XZ=              0.0000   YZ=              0.0000
 Traceless Quadrupole moment (field-independent basis, Debye-Ang):
   XX=              2.1327   YY=             -7.2337   ZZ=              5.1011
   XY=             -4.1858   XZ=              0.0000   YZ=              0.0000
 Octapole moment (field-independent basis, Debye-Ang**2):
  XXX=              0.0000  YYY=             -0.0000  ZZZ=             -0.0000  XYY=             -0.0000
  XXY=              0.0000  XXZ=             -0.0000  XZZ=              0.0000  YZZ=             -0.0000
  YYZ=             -0.0000  XYZ=             -0.0000
 Hexadecapole moment (field-independent basis, Debye-Ang**3):
 XXXX=            -95.8939 YYYY=           -227.0518 ZZZZ=            -17.7672 XXXY=             -8.2406
 XXXZ=              0.0000 YYYX=            -25.0079 YYYZ=              0.0000 ZZZX=              0.0000
 ZZZY=              0.0000 XXYY=            -60.6161 XXZZ=            -18.6836 YYZZ=            -32.2671
 XXYZ=              0.0000 YYXZ=              0.0000 ZZXY=             -1.9545
 N-N= 2.016328644918D+01 E-N=-5.089381994330D+01  KE= 6.510700470703D+00
 Symmetry AG   KE= 2.953556210768D+00
 Symmetry BG   KE= 0.000000000000D+00
 Symmetry AU   KE= 0.000000000000D+00
 Symmetry BU   KE= 3.557144259935D+00

 Test job not archived.
 1\1\GINC-SULU\Stability\RHF\Gen\H12\LCJ1\17-Feb-2017\0\\#rhf/gen scf(s
 ymm,tight,novaracc,noincfock,fulldiag) stable(crhf) guess=read geom=no
 crowd test\\hf stability analysis of h12 triangular lattice, y= 0.7937
 6777841097601\\0,1\H\H,1,1.0766203191\H,1,1.0766203191,2,85.\H,2,1.076
 6203191,1,95.,3,0.,0\H,2,1.0766203191,1,180.,3,0.,0\H,4,1.0766203191,3
 ,180.,5,0.,0\H,6,1.0766203191,5,180.,3,0.,0\H,4,1.0766203191,2,180.,3,
 0.,0\H,3,1.0766203191,1,180.,4,0.,0\H,9,1.0766203191,3,180.,4,0.,0\H,8
 ,1.0766203191,4,180.,3,0.,0\H,7,1.0766203191,6,180.,3,0.,0\\Version=ES
 64L-G09RevE.01\State=1-AG\HF=-5.6871927\MP2=-5.8120591\RMSD=2.657e-09\
 Dipole=0.,0.,0.\Quadrupole=-4.784801,3.7925119,0.992289,0.,-3.6693535,
 0.\PG=C02H [SGH(H12)]\\@


 ANYONE WHO IS NOT SHOCKED BY QUANTUM THEORY HAS
 NOT UNDERSTOOD IT. -- NIELS BOHR(1885-1962)
 Job cpu time:       0 days  0 hours  0 minutes  1.1 seconds.
 File lengths (MBytes):  RWF=     84 Int=      0 D2E=      0 Chk=      2 Scr=      2
 Normal termination of Gaussian 09 at Fri Feb 17 15:02:09 2017.
