 Entering Gaussian System, Link 0=g09
 AtFile(1): H.gbs
            H     0
            S   10   1.00
               1000.000000000000            0.000068713567
                316.227766000000            0.000169141320
                100.000000000000            0.000823394812
                 31.622776600000            0.003425569236
                 10.000000000000            0.013951996000
                  3.162277660000            0.056909313560
                  1.000000000000            0.198286399900
                  0.316227766000            0.496922426700
                  0.100000000000            0.369846276400
                  0.031622776600            0.003752720039
            ****
 Initial command:
 /projects/guscus/apps/gau/g09-e1/g09/l1.exe "/users/lcj1/gaussian/h12/rhfstability/rect/guess/ag3bu3/Gau-15887.inp" -scrdir="/users/lcj1/gaussian/h12/rhfstability/rect/guess/ag3bu3/"
 Entering Link 1 = /projects/guscus/apps/gau/g09-e1/g09/l1.exe PID=     15889.
  
 Copyright (c) 1988,1990,1992,1993,1995,1998,2003,2009,2015,
            Gaussian, Inc.  All Rights Reserved.
  
 This is part of the Gaussian(R) 09 program.  It is based on
 the Gaussian(R) 03 system (copyright 2003, Gaussian, Inc.),
 the Gaussian(R) 98 system (copyright 1998, Gaussian, Inc.),
 the Gaussian(R) 94 system (copyright 1995, Gaussian, Inc.),
 the Gaussian 92(TM) system (copyright 1992, Gaussian, Inc.),
 the Gaussian 90(TM) system (copyright 1990, Gaussian, Inc.),
 the Gaussian 88(TM) system (copyright 1988, Gaussian, Inc.),
 the Gaussian 86(TM) system (copyright 1986, Carnegie Mellon
 University), and the Gaussian 82(TM) system (copyright 1983,
 Carnegie Mellon University). Gaussian is a federally registered
 trademark of Gaussian, Inc.
  
 This software contains proprietary and confidential information,
 including trade secrets, belonging to Gaussian, Inc.
  
 This software is provided under written license and may be
 used, copied, transmitted, or stored only in accord with that
 written license.
  
 The following legend is applicable only to US Government
 contracts under FAR:
  
                    RESTRICTED RIGHTS LEGEND
  
 Use, reproduction and disclosure by the US Government is
 subject to restrictions as set forth in subparagraphs (a)
 and (c) of the Commercial Computer Software - Restricted
 Rights clause in FAR 52.227-19.
  
 Gaussian, Inc.
 340 Quinnipiac St., Bldg. 40, Wallingford CT 06492
  
  
 ---------------------------------------------------------------
 Warning -- This program may not be used in any manner that
 competes with the business of Gaussian, Inc. or will provide
 assistance to any competitor of Gaussian, Inc.  The licensee
 of this program is prohibited from giving any competitor of
 Gaussian, Inc. access to this program.  By using this program,
 the user acknowledges that Gaussian, Inc. is engaged in the
 business of creating and licensing software in the field of
 computational chemistry and represents and warrants to the
 licensee that it is not a competitor of Gaussian, Inc. and that
 it will not use this program in any manner prohibited above.
 ---------------------------------------------------------------
  

 Cite this work as:
 Gaussian 09, Revision E.01,
 M. J. Frisch, G. W. Trucks, H. B. Schlegel, G. E. Scuseria, 
 M. A. Robb, J. R. Cheeseman, G. Scalmani, V. Barone, B. Mennucci, 
 G. A. Petersson, H. Nakatsuji, M. Caricato, X. Li, H. P. Hratchian, 
 A. F. Izmaylov, J. Bloino, G. Zheng, J. L. Sonnenberg, M. Hada, 
 M. Ehara, K. Toyota, R. Fukuda, J. Hasegawa, M. Ishida, T. Nakajima, 
 Y. Honda, O. Kitao, H. Nakai, T. Vreven, J. A. Montgomery, Jr., 
 J. E. Peralta, F. Ogliaro, M. Bearpark, J. J. Heyd, E. Brothers, 
 K. N. Kudin, V. N. Staroverov, T. Keith, R. Kobayashi, J. Normand, 
 K. Raghavachari, A. Rendell, J. C. Burant, S. S. Iyengar, J. Tomasi, 
 M. Cossi, N. Rega, J. M. Millam, M. Klene, J. E. Knox, J. B. Cross, 
 V. Bakken, C. Adamo, J. Jaramillo, R. Gomperts, R. E. Stratmann, 
 O. Yazyev, A. J. Austin, R. Cammi, C. Pomelli, J. W. Ochterski, 
 R. L. Martin, K. Morokuma, V. G. Zakrzewski, G. A. Voth, 
 P. Salvador, J. J. Dannenberg, S. Dapprich, A. D. Daniels, 
 O. Farkas, J. B. Foresman, J. V. Ortiz, J. Cioslowski, 
 and D. J. Fox, Gaussian, Inc., Wallingford CT, 2013.
 
 ******************************************
 Gaussian 09:  ES64L-G09RevE.01 30-Nov-2015
                17-Feb-2017 
 ******************************************
 %chk=h12.chk
 ----------------------------------------------------------------------
 #rhf/gen scf(symm,tight,novaracc,noincfock,fulldiag) stable(crhf) gues
 s=read geom=nocrowd test
 ----------------------------------------------------------------------
 1/38=1/1;
 2/12=1,17=6,18=5,40=1/2;
 3/5=7,16=1,25=1,30=1,116=1/1,2,3;
 4/5=1,9=4/1;
 5/5=100002,15=2,16=1,32=2,38=6/2;
 8/6=1,10=90,11=11/1,4;
 9/8=4,13=1/2;
 6/7=2,8=2,9=2,10=2,28=1/1;
 99/5=1,9=1/99;
 ----------------------------------------------------------------------
 hf stability analysis of h12 triangular lattice, y= 0.4676948326587840
 9
 ----------------------------------------------------------------------
 Symbolic Z-matrix:
 Charge =  0 Multiplicity = 1
 H
 H                    1     1.32009 
 H                    1     1.32009  2     138.5 
 H                    2     1.32009  1     41.5     3     0.       0
 H                    2     1.32009  1     180.     3     0.       0
 H                    4     1.32009  3     180.     5     0.       0
 H                    6     1.32009  5     180.     3     0.       0
 H                    4     1.32009  2     180.     3     0.       0
 H                    3     1.32009  1     180.     4     0.       0
 H                    9     1.32009  3     180.     4     0.       0
 H                    8     1.32009  4     180.     3     0.       0
 H                    7     1.32009  6     180.     3     0.       0
 
                          Input orientation:                          
 ---------------------------------------------------------------------
 Center     Atomic      Atomic             Coordinates (Angstroms)
 Number     Number       Type             X           Y           Z
 ---------------------------------------------------------------------
      1          1           0        0.000000    0.000000    0.000000
      2          1           0        0.000000    0.000000    1.320087
      3          1           0        0.874716    0.000000   -0.988686
      4          1           0        0.874716    0.000000    0.331400
      5          1           0        0.000000    0.000000    2.640173
      6          1           0        0.874716    0.000000    1.651487
      7          1           0        1.749432    0.000000    0.662800
      8          1           0        1.749432    0.000000   -0.657286
      9          1           0        1.749432    0.000000   -1.977373
     10          1           0        2.624147    0.000000   -2.966059
     11          1           0        2.624147    0.000000   -1.645973
     12          1           0        2.624147    0.000000   -0.325886
 ---------------------------------------------------------------------
                    Distance matrix (angstroms):
                    1          2          3          4          5
     1  H    0.000000
     2  H    1.320087   0.000000
     3  H    1.320087   2.468919   0.000000
     4  H    0.935390   1.320087   1.320087   0.000000
     5  H    2.640173   1.320087   3.732794   2.468919   0.000000
     6  H    1.868833   0.935390   2.640173   1.320087   1.320087
     7  H    1.870779   1.868833   1.868833   0.935390   2.640173
     8  H    1.868833   2.640173   0.935390   1.320087   3.732794
     9  H    2.640173   3.732794   1.320087   2.468919   4.937838
    10  H    3.960260   5.025653   2.640173   3.732794   6.189991
    11  H    3.097640   3.960260   1.868833   2.640173   5.025653
    12  H    2.644305   3.097640   1.870779   1.868833   3.960260
                    6          7          8          9         10
     6  H    0.000000
     7  H    1.320087   0.000000
     8  H    2.468919   1.320087   0.000000
     9  H    3.732794   2.640173   1.320087   0.000000
    10  H    4.937838   3.732794   2.468919   1.320087   0.000000
    11  H    3.732794   2.468919   1.320087   0.935390   1.320087
    12  H    2.640173   1.320087   0.935390   1.868833   2.640173
                   11         12
    11  H    0.000000
    12  H    1.320087   0.000000
 Stoichiometry    H12
 Framework group  C2H[SGH(H12)]
 Deg. of freedom    11
 Full point group                 C2H     NOp   4
 Largest Abelian subgroup         C2H     NOp   4
 Largest concise Abelian subgroup C2      NOp   2
                         Standard orientation:                         
 ---------------------------------------------------------------------
 Center     Atomic      Atomic             Coordinates (Angstroms)
 Number     Number       Type             X           Y           Z
 ---------------------------------------------------------------------
      1          1           0        0.874716    0.991443   -0.000000
      2          1           0        0.000000    1.980130   -0.000000
      3          1           0        0.874716   -0.328643   -0.000000
      4          1           0        0.000000    0.660043   -0.000000
      5          1           0       -0.874716    2.968816   -0.000000
      6          1           0       -0.874716    1.648730    0.000000
      7          1           0       -0.874716    0.328643    0.000000
      8          1           0       -0.000000   -0.660043   -0.000000
      9          1           0        0.874716   -1.648730   -0.000000
     10          1           0        0.874716   -2.968816   -0.000000
     11          1           0       -0.000000   -1.980130   -0.000000
     12          1           0       -0.874716   -0.991443   -0.000000
 ---------------------------------------------------------------------
 Rotational constants (GHZ):    111.5238004     14.0921281     12.5112134
 General basis read from cards:  (5D, 7F)
 There are     6 symmetry adapted cartesian basis functions of AG  symmetry.
 There are     0 symmetry adapted cartesian basis functions of BG  symmetry.
 There are     0 symmetry adapted cartesian basis functions of AU  symmetry.
 There are     6 symmetry adapted cartesian basis functions of BU  symmetry.
 There are     6 symmetry adapted basis functions of AG  symmetry.
 There are     0 symmetry adapted basis functions of BG  symmetry.
 There are     0 symmetry adapted basis functions of AU  symmetry.
 There are     6 symmetry adapted basis functions of BU  symmetry.
    12 basis functions,   120 primitive gaussians,    12 cartesian basis functions
     6 alpha electrons        6 beta electrons
       nuclear repulsion energy        18.4926902510 Hartrees.
 NAtoms=   12 NActive=   12 NUniq=    6 SFac= 4.00D+00 NAtFMM=   60 NAOKFM=F Big=F
 Integral buffers will be    131072 words long.
 Regular integral format.
 Two-electron integral symmetry is turned on.
 One-electron integrals computed using PRISM.
 NBasis=    12 RedAO= T EigKep=  1.58D-01  NBF=     6     0     0     6
 NBsUse=    12 1.00D-06 EigRej= -1.00D+00 NBFU=     6     0     0     6
 Initial guess from the checkpoint file:  "h12.chk"
 B after Tr=     0.000000    0.000000    0.000000
         Rot=    0.999392   -0.000000    0.000000   -0.034853 Ang=  -3.99 deg.
 Initial guess orbital symmetries:
       Occupied  (AG) (BU) (AG) (BU) (BU) (AG)
       Virtual   (BU) (AG) (BU) (AG) (AG) (BU)
 Keep R1 ints in memory in symmetry-blocked form, NReq=901110.
 Requested convergence on RMS density matrix=1.00D-08 within 128 cycles.
 Requested convergence on MAX density matrix=1.00D-06.
 Requested convergence on             energy=1.00D-06.
 No special actions if energy rises.
 SCF Done:  E(RHF) =  -5.92025783807     A.U. after   14 cycles
            NFock= 14  Conv=0.41D-08     -V/T= 1.9722
 Range of M.O.s used for correlation:     1    12
 NBasis=    12 NAE=     6 NBE=     6 NFC=     0 NFV=     0
 NROrb=     12 NOA=     6 NOB=     6 NVA=     6 NVB=     6
 Semi-Direct transformation.
 ModeAB=           4 MOrb=             6 LenV=     134087573
 LASXX=         2181 LTotXX=        2181 LenRXX=        5115
 LTotAB=        2934 MaxLAS=        3024 LenRXY=           0
 NonZer=        7296 LenScr=      655360 LnRSAI=        3024
 LnScr1=      655360 LExtra=           0 Total=      1318859
 MaxDsk=          -1 SrtSym=           T ITran=            3
 JobTyp=0 Pass  1:  I=   1 to   6.
 (rs|ai) integrals will be sorted in core.
 Spin components of T(2) and E(2):
     alpha-alpha T2 =       0.3856787516D-02 E2=     -0.5752662890D-02
     alpha-beta  T2 =       0.6726461240D-01 E2=     -0.9853972762D-01
     beta-beta   T2 =       0.3856787516D-02 E2=     -0.5752662890D-02
 ANorm=    0.1036811549D+01
 E2 =    -0.1100450534D+00 EUMP2 =    -0.60303028914723D+01
 Second order stability test of a single determinant RHF wave function:
 Stabil:  MDV=134217728
 ***********************************************************************
 Matrix         Lowest Root    Major Pairs
 ***********************************************************************
 Internal RHF     0.1150095    Stable
 RRHF --> CRHF    0.0962891    Stable
 RRHF --> RUHF   -0.0058589    5A=7B 3A=8B 4A=7B 2A=7B 6A=9B 6A=8B
 Not stable.
 ***********************************************************************

 **********************************************************************

            Population analysis using the SCF density.

 **********************************************************************

 Orbital symmetries:
       Occupied  (AG) (BU) (AG) (BU) (BU) (AG)
       Virtual   (AG) (BU) (BU) (AG) (AG) (BU)
 The electronic state is 1-AG.
 Alpha  occ. eigenvalues --   -0.87746  -0.76346  -0.59197  -0.48532  -0.39133
 Alpha  occ. eigenvalues --   -0.27362
 Alpha virt. eigenvalues --    0.04808   0.16127   0.30067   0.36649   0.54651
 Alpha virt. eigenvalues --    0.67905
          Condensed to atoms (all electrons):
               1          2          3          4          5          6
     1  H    1.142558   0.260133  -0.109752   0.234961  -0.032542  -0.162680
     2  H    0.260133   0.789527  -0.030513  -0.053426   0.147998  -0.019219
     3  H   -0.109752  -0.030513   1.136520  -0.058957   0.005611   0.005690
     4  H    0.234961  -0.053426  -0.058957   0.866073  -0.064317  -0.014291
     5  H   -0.032542   0.147998   0.005611  -0.064317   0.686646   0.181964
     6  H   -0.162680  -0.019219   0.005690  -0.014291   0.181964   0.745113
     7  H   -0.167954  -0.159605  -0.049786   0.325330  -0.029898   0.220139
     8  H   -0.061678  -0.008968   0.325330  -0.131102   0.005551  -0.007647
     9  H   -0.030149  -0.003990   0.220139  -0.007647   0.000321   0.004977
    10  H    0.000267  -0.000205  -0.029898   0.005551  -0.000076   0.000321
    11  H    0.017838   0.004821  -0.159605  -0.008968  -0.000205  -0.003990
    12  H    0.024706   0.017838  -0.167954  -0.061678   0.000267  -0.030149
               7          8          9         10         11         12
     1  H   -0.167954  -0.061678  -0.030149   0.000267   0.017838   0.024706
     2  H   -0.159605  -0.008968  -0.003990  -0.000205   0.004821   0.017838
     3  H   -0.049786   0.325330   0.220139  -0.029898  -0.159605  -0.167954
     4  H    0.325330  -0.131102  -0.007647   0.005551  -0.008968  -0.061678
     5  H   -0.029898   0.005551   0.000321  -0.000076  -0.000205   0.000267
     6  H    0.220139  -0.007647   0.004977   0.000321  -0.003990  -0.030149
     7  H    1.136520  -0.058957   0.005690   0.005611  -0.030513  -0.109752
     8  H   -0.058957   0.866073  -0.014291  -0.064317  -0.053426   0.234961
     9  H    0.005690  -0.014291   0.745113   0.181964  -0.019219  -0.162680
    10  H    0.005611  -0.064317   0.181964   0.686646   0.147998  -0.032542
    11  H   -0.030513  -0.053426  -0.019219   0.147998   0.789527   0.260133
    12  H   -0.109752   0.234961  -0.162680  -0.032542   0.260133   1.142558
 Mulliken charges:
               1
     1  H   -0.115708
     2  H    0.055609
     3  H   -0.086824
     4  H   -0.031529
     5  H    0.098678
     6  H    0.079773
     7  H   -0.086824
     8  H   -0.031529
     9  H    0.079773
    10  H    0.098678
    11  H    0.055609
    12  H   -0.115708
 Sum of Mulliken charges =  -0.00000
 Mulliken charges with hydrogens summed into heavy atoms:
               1
 Electronic spatial extent (au):  <R**2>=            173.8262
 Charge=             -0.0000 electrons
 Dipole moment (field-independent basis, Debye):
    X=             -0.0000    Y=              0.0000    Z=             -0.0000  Tot=              0.0000
 Quadrupole moment (field-independent basis, Debye-Ang):
   XX=            -18.2570   YY=             -7.5304   ZZ=            -15.5003
   XY=             -4.6477   XZ=             -0.0000   YZ=              0.0000
 Traceless Quadrupole moment (field-independent basis, Debye-Ang):
   XX=             -4.4944   YY=              6.2322   ZZ=             -1.7378
   XY=             -4.6477   XZ=             -0.0000   YZ=              0.0000
 Octapole moment (field-independent basis, Debye-Ang**2):
  XXX=             -0.0000  YYY=              0.0000  ZZZ=              0.0000  XYY=             -0.0000
  XXY=              0.0000  XXZ=              0.0000  XZZ=              0.0000  YZZ=             -0.0000
  YYZ=              0.0000  XYZ=              0.0000
 Hexadecapole moment (field-independent basis, Debye-Ang**3):
 XXXX=            -75.3931 YYYY=           -193.2103 ZZZZ=            -18.6298 XXXY=             22.8340
 XXXZ=              0.0000 YYYX=             -8.6375 YYYZ=             -0.0000 ZZZX=              0.0000
 ZZZY=             -0.0000 XXYY=            -55.6021 XXZZ=            -15.4088 YYZZ=            -50.7193
 XXYZ=             -0.0000 YYXZ=             -0.0000 ZZXY=              8.3391
 N-N= 1.849269025096D+01 E-N=-4.814927760944D+01  KE= 6.089730643639D+00
 Symmetry AG   KE= 2.982311955487D+00
 Symmetry BG   KE= 0.000000000000D+00
 Symmetry AU   KE= 0.000000000000D+00
 Symmetry BU   KE= 3.107418688152D+00

 Test job not archived.
 1\1\GINC-SULU\Stability\RHF\Gen\H12\LCJ1\17-Feb-2017\0\\#rhf/gen scf(s
 ymm,tight,novaracc,noincfock,fulldiag) stable(crhf) guess=read geom=no
 crowd test\\hf stability analysis of h12 triangular lattice, y= 0.4676
 9483265878409\\0,1\H\H,1,1.320086511\H,1,1.320086511,2,138.5\H,2,1.320
 086511,1,41.5,3,0.,0\H,2,1.320086511,1,180.,3,0.,0\H,4,1.320086511,3,1
 80.,5,0.,0\H,6,1.320086511,5,180.,3,0.,0\H,4,1.320086511,2,180.,3,0.,0
 \H,3,1.320086511,1,180.,4,0.,0\H,9,1.320086511,3,180.,4,0.,0\H,8,1.320
 086511,4,180.,3,0.,0\H,7,1.320086511,6,180.,3,0.,0\\Version=ES64L-G09R
 evE.01\State=1-AG\HF=-5.9202578\MP2=-6.0303029\RMSD=4.127e-09\Dipole=0
 .,0.,0.\Quadrupole=-3.2696876,-1.2919811,4.5616687,0.,-3.5366452,0.\PG
 =C02H [SGH(H12)]\\@


 MY GROUP MEETINGS AREN'T VERY STRUCTURED.
     -- PROF. M. S. GORDON, OCT. 5, 1984
 Job cpu time:       0 days  0 hours  0 minutes  1.1 seconds.
 File lengths (MBytes):  RWF=     84 Int=      0 D2E=      0 Chk=      2 Scr=      2
 Normal termination of Gaussian 09 at Fri Feb 17 14:56:28 2017.
