 Entering Gaussian System, Link 0=g09
 AtFile(1): H.gbs
            H     0
            S   10   1.00
               1000.000000000000            0.000068713567
                316.227766000000            0.000169141320
                100.000000000000            0.000823394812
                 31.622776600000            0.003425569236
                 10.000000000000            0.013951996000
                  3.162277660000            0.056909313560
                  1.000000000000            0.198286399900
                  0.316227766000            0.496922426700
                  0.100000000000            0.369846276400
                  0.031622776600            0.003752720039
            ****
 Initial command:
 /projects/guscus/apps/gau/g09-e1/g09/l1.exe "/users/lcj1/gaussian/h12/rhfstability/rect/guess/ag3bu3/Gau-9739.inp" -scrdir="/users/lcj1/gaussian/h12/rhfstability/rect/guess/ag3bu3/"
 Entering Link 1 = /projects/guscus/apps/gau/g09-e1/g09/l1.exe PID=      9740.
  
 Copyright (c) 1988,1990,1992,1993,1995,1998,2003,2009,2015,
            Gaussian, Inc.  All Rights Reserved.
  
 This is part of the Gaussian(R) 09 program.  It is based on
 the Gaussian(R) 03 system (copyright 2003, Gaussian, Inc.),
 the Gaussian(R) 98 system (copyright 1998, Gaussian, Inc.),
 the Gaussian(R) 94 system (copyright 1995, Gaussian, Inc.),
 the Gaussian 92(TM) system (copyright 1992, Gaussian, Inc.),
 the Gaussian 90(TM) system (copyright 1990, Gaussian, Inc.),
 the Gaussian 88(TM) system (copyright 1988, Gaussian, Inc.),
 the Gaussian 86(TM) system (copyright 1986, Carnegie Mellon
 University), and the Gaussian 82(TM) system (copyright 1983,
 Carnegie Mellon University). Gaussian is a federally registered
 trademark of Gaussian, Inc.
  
 This software contains proprietary and confidential information,
 including trade secrets, belonging to Gaussian, Inc.
  
 This software is provided under written license and may be
 used, copied, transmitted, or stored only in accord with that
 written license.
  
 The following legend is applicable only to US Government
 contracts under FAR:
  
                    RESTRICTED RIGHTS LEGEND
  
 Use, reproduction and disclosure by the US Government is
 subject to restrictions as set forth in subparagraphs (a)
 and (c) of the Commercial Computer Software - Restricted
 Rights clause in FAR 52.227-19.
  
 Gaussian, Inc.
 340 Quinnipiac St., Bldg. 40, Wallingford CT 06492
  
  
 ---------------------------------------------------------------
 Warning -- This program may not be used in any manner that
 competes with the business of Gaussian, Inc. or will provide
 assistance to any competitor of Gaussian, Inc.  The licensee
 of this program is prohibited from giving any competitor of
 Gaussian, Inc. access to this program.  By using this program,
 the user acknowledges that Gaussian, Inc. is engaged in the
 business of creating and licensing software in the field of
 computational chemistry and represents and warrants to the
 licensee that it is not a competitor of Gaussian, Inc. and that
 it will not use this program in any manner prohibited above.
 ---------------------------------------------------------------
  

 Cite this work as:
 Gaussian 09, Revision E.01,
 M. J. Frisch, G. W. Trucks, H. B. Schlegel, G. E. Scuseria, 
 M. A. Robb, J. R. Cheeseman, G. Scalmani, V. Barone, B. Mennucci, 
 G. A. Petersson, H. Nakatsuji, M. Caricato, X. Li, H. P. Hratchian, 
 A. F. Izmaylov, J. Bloino, G. Zheng, J. L. Sonnenberg, M. Hada, 
 M. Ehara, K. Toyota, R. Fukuda, J. Hasegawa, M. Ishida, T. Nakajima, 
 Y. Honda, O. Kitao, H. Nakai, T. Vreven, J. A. Montgomery, Jr., 
 J. E. Peralta, F. Ogliaro, M. Bearpark, J. J. Heyd, E. Brothers, 
 K. N. Kudin, V. N. Staroverov, T. Keith, R. Kobayashi, J. Normand, 
 K. Raghavachari, A. Rendell, J. C. Burant, S. S. Iyengar, J. Tomasi, 
 M. Cossi, N. Rega, J. M. Millam, M. Klene, J. E. Knox, J. B. Cross, 
 V. Bakken, C. Adamo, J. Jaramillo, R. Gomperts, R. E. Stratmann, 
 O. Yazyev, A. J. Austin, R. Cammi, C. Pomelli, J. W. Ochterski, 
 R. L. Martin, K. Morokuma, V. G. Zakrzewski, G. A. Voth, 
 P. Salvador, J. J. Dannenberg, S. Dapprich, A. D. Daniels, 
 O. Farkas, J. B. Foresman, J. V. Ortiz, J. Cioslowski, 
 and D. J. Fox, Gaussian, Inc., Wallingford CT, 2013.
 
 ******************************************
 Gaussian 09:  ES64L-G09RevE.01 30-Nov-2015
                17-Feb-2017 
 ******************************************
 %chk=h12.chk
 ----------------------------------------------------------------------
 #rhf/gen scf(symm,tight,novaracc,noincfock,fulldiag) stable(crhf) gues
 s=read geom=nocrowd test
 ----------------------------------------------------------------------
 1/38=1/1;
 2/12=1,17=6,18=5,40=1/2;
 3/5=7,16=1,25=1,30=1,116=1/1,2,3;
 4/5=1,9=4/1;
 5/5=100002,15=2,16=1,32=2,38=6/2;
 8/6=1,10=90,11=11/1,4;
 9/8=4,13=1/2;
 6/7=2,8=2,9=2,10=2,28=1/1;
 99/5=1,9=1/99;
 ----------------------------------------------------------------------
 hf stability analysis of h12 triangular lattice, y= 1.3850361609029067
 ----------------------------------------------------------------------
 Symbolic Z-matrix:
 Charge =  0 Multiplicity = 1
 H
 H                    1     1.44641 
 H                    1     1.44641  2     33.5 
 H                    2     1.44641  1     146.5    3     0.       0
 H                    2     1.44641  1     180.     3     0.       0
 H                    4     1.44641  3     180.     5     0.       0
 H                    6     1.44641  5     180.     3     0.       0
 H                    4     1.44641  2     180.     3     0.       0
 H                    3     1.44641  1     180.     4     0.       0
 H                    9     1.44641  3     180.     4     0.       0
 H                    8     1.44641  4     180.     3     0.       0
 H                    7     1.44641  6     180.     3     0.       0
 
                          Input orientation:                          
 ---------------------------------------------------------------------
 Center     Atomic      Atomic             Coordinates (Angstroms)
 Number     Number       Type             X           Y           Z
 ---------------------------------------------------------------------
      1          1           0        0.000000    0.000000    0.000000
      2          1           0        0.000000    0.000000    1.446405
      3          1           0        0.798324    0.000000    1.206137
      4          1           0        0.798324    0.000000    2.652542
      5          1           0        0.000000    0.000000    2.892810
      6          1           0        0.798324    0.000000    4.098947
      7          1           0        1.596649    0.000000    5.305084
      8          1           0        1.596649    0.000000    3.858679
      9          1           0        1.596649    0.000000    2.412273
     10          1           0        2.394973    0.000000    3.618410
     11          1           0        2.394973    0.000000    5.064815
     12          1           0        2.394973    0.000000    6.511221
 ---------------------------------------------------------------------
                    Distance matrix (angstroms):
                    1          2          3          4          5
     1  H    0.000000
     2  H    1.446405   0.000000
     3  H    1.446405   0.833697   0.000000
     4  H    2.770072   1.446405   1.446405   0.000000
     5  H    2.892810   1.446405   1.866063   0.833697   0.000000
     6  H    4.175966   2.770072   2.892810   1.446405   1.446405
     7  H    5.540145   4.175966   4.175966   2.770072   2.892810
     8  H    4.175966   2.892810   2.770072   1.446405   1.866063
     9  H    2.892810   1.866063   1.446405   0.833697   1.667394
    10  H    4.339215   3.233188   2.892810   1.866063   2.502477
    11  H    5.602522   4.339215   4.175966   2.892810   3.233188
    12  H    6.937715   5.602522   5.540145   4.175966   4.339215
                    6          7          8          9         10
     6  H    0.000000
     7  H    1.446405   0.000000
     8  H    0.833697   1.446405   0.000000
     9  H    1.866063   2.892810   1.446405   0.000000
    10  H    1.667394   1.866063   0.833697   1.446405   0.000000
    11  H    1.866063   0.833697   1.446405   2.770072   1.446405
    12  H    2.892810   1.446405   2.770072   4.175966   2.892810
                   11         12
    11  H    0.000000
    12  H    1.446405   0.000000
 Stoichiometry    H12
 Framework group  C2H[SGH(H12)]
 Deg. of freedom    11
 Full point group                 C2H     NOp   4
 Largest Abelian subgroup         C2H     NOp   4
 Largest concise Abelian subgroup C2      NOp   2
                         Standard orientation:                         
 ---------------------------------------------------------------------
 Center     Atomic      Atomic             Coordinates (Angstroms)
 Number     Number       Type             X           Y           Z
 ---------------------------------------------------------------------
      1          1           0        0.798324    3.375744   -0.000000
      2          1           0        0.000000    2.169608   -0.000000
      3          1           0        0.798324    1.929339   -0.000000
      4          1           0        0.000000    0.723203   -0.000000
      5          1           0       -0.798324    0.963471   -0.000000
      6          1           0       -0.798324   -0.482934    0.000000
      7          1           0       -0.798324   -1.929339   -0.000000
      8          1           0       -0.000000   -0.723203   -0.000000
      9          1           0        0.798324    0.482934    0.000000
     10          1           0        0.798324   -0.963471    0.000000
     11          1           0       -0.000000   -2.169608   -0.000000
     12          1           0       -0.798324   -3.375744   -0.000000
 ---------------------------------------------------------------------
 Rotational constants (GHZ):    139.5439301     11.2624553     10.4213576
 General basis read from cards:  (5D, 7F)
 There are     6 symmetry adapted cartesian basis functions of AG  symmetry.
 There are     0 symmetry adapted cartesian basis functions of BG  symmetry.
 There are     0 symmetry adapted cartesian basis functions of AU  symmetry.
 There are     6 symmetry adapted cartesian basis functions of BU  symmetry.
 There are     6 symmetry adapted basis functions of AG  symmetry.
 There are     0 symmetry adapted basis functions of BG  symmetry.
 There are     0 symmetry adapted basis functions of AU  symmetry.
 There are     6 symmetry adapted basis functions of BU  symmetry.
    12 basis functions,   120 primitive gaussians,    12 cartesian basis functions
     6 alpha electrons        6 beta electrons
       nuclear repulsion energy        17.8711714108 Hartrees.
 NAtoms=   12 NActive=   12 NUniq=    6 SFac= 4.00D+00 NAtFMM=   60 NAOKFM=F Big=F
 Integral buffers will be    131072 words long.
 Regular integral format.
 Two-electron integral symmetry is turned on.
 One-electron integrals computed using PRISM.
 NBasis=    12 RedAO= T EigKep=  1.27D-01  NBF=     6     0     0     6
 NBsUse=    12 1.00D-06 EigRej= -1.00D+00 NBFU=     6     0     0     6
 Initial guess from the checkpoint file:  "h12.chk"
 B after Tr=    -0.000000    0.000000   -0.000000
         Rot=    0.961115   -0.000000   -0.000000   -0.276150 Ang= -32.06 deg.
 Initial guess orbital symmetries:
       Occupied  (AG) (BU) (AG) (BU) (BU) (AG)
       Virtual   (BU) (AG) (BU) (AG) (AG) (BU)
 Keep R1 ints in memory in symmetry-blocked form, NReq=899164.
 Requested convergence on RMS density matrix=1.00D-08 within 128 cycles.
 Requested convergence on MAX density matrix=1.00D-06.
 Requested convergence on             energy=1.00D-06.
 No special actions if energy rises.
 SCF Done:  E(RHF) =  -5.77037381191     A.U. after   16 cycles
            NFock= 16  Conv=0.69D-09     -V/T= 1.9162
 Range of M.O.s used for correlation:     1    12
 NBasis=    12 NAE=     6 NBE=     6 NFC=     0 NFV=     0
 NROrb=     12 NOA=     6 NOB=     6 NVA=     6 NVB=     6
 Semi-Direct transformation.
 ModeAB=           4 MOrb=             6 LenV=     134088959
 LASXX=         2181 LTotXX=        2181 LenRXX=        5115
 LTotAB=        2934 MaxLAS=        3024 LenRXY=           0
 NonZer=        7296 LenScr=      655360 LnRSAI=        3024
 LnScr1=      655360 LExtra=           0 Total=      1318859
 MaxDsk=          -1 SrtSym=           T ITran=            3
 JobTyp=0 Pass  1:  I=   1 to   6.
 (rs|ai) integrals will be sorted in core.
 Spin components of T(2) and E(2):
     alpha-alpha T2 =       0.3842693728D-02 E2=     -0.5058276608D-02
     alpha-beta  T2 =       0.1702744880D+00 E2=     -0.1341810840D+00
     beta-beta   T2 =       0.3842693728D-02 E2=     -0.5058276608D-02
 ANorm=    0.1085338599D+01
 E2 =    -0.1442976372D+00 EUMP2 =    -0.59146714491512D+01
 Second order stability test of a single determinant RHF wave function:
 Stabil:  MDV=134217728
 ***********************************************************************
 Matrix         Lowest Root    Major Pairs
 ***********************************************************************
 Internal RHF     0.0393005    Stable
 RRHF --> CRHF   -0.0227824    6A=7A
 RRHF --> RUHF   -0.2216465    6A=8B 5A=7B 4A=7B 3A=8B 6A=9B
 Not stable.
 ***********************************************************************

 **********************************************************************

            Population analysis using the SCF density.

 **********************************************************************

 Orbital symmetries:
       Occupied  (AG) (BU) (AG) (BU) (BU) (AG)
       Virtual   (AG) (BU) (BU) (AG) (AG) (BU)
 The electronic state is 1-AG.
 Alpha  occ. eigenvalues --   -0.84325  -0.74269  -0.60599  -0.47510  -0.38937
 Alpha  occ. eigenvalues --   -0.18723
 Alpha virt. eigenvalues --   -0.01232   0.00981   0.36059   0.44485   0.61371
 Alpha virt. eigenvalues --    0.84030
          Condensed to atoms (all electrons):
               1          2          3          4          5          6
     1  H    0.823439   0.192660  -0.098580  -0.025553   0.029461  -0.000984
     2  H    0.192660   0.559613   0.232242  -0.073740   0.016274   0.004148
     3  H   -0.098580   0.232242   1.005311  -0.066931  -0.209639   0.009725
     4  H   -0.025553  -0.073740  -0.066931   0.886324   0.357065  -0.070589
     5  H    0.029461   0.016274  -0.209639   0.357065   1.200087  -0.007746
     6  H   -0.000984   0.004148   0.009725  -0.070589  -0.007746   1.003003
     7  H   -0.000386  -0.000124   0.004617  -0.006215  -0.026096   0.204285
     8  H    0.002248   0.001702  -0.006215  -0.119537  -0.040100   0.258743
     9  H   -0.047459  -0.072879   0.204285   0.258743  -0.204640  -0.091579
    10  H    0.003631   0.000794  -0.026096  -0.040100   0.005954  -0.204640
    11  H    0.000006   0.000100  -0.000124   0.001702   0.000794  -0.072879
    12  H    0.000021   0.000006  -0.000386   0.002248   0.003631  -0.047459
               7          8          9         10         11         12
     1  H   -0.000386   0.002248  -0.047459   0.003631   0.000006   0.000021
     2  H   -0.000124   0.001702  -0.072879   0.000794   0.000100   0.000006
     3  H    0.004617  -0.006215   0.204285  -0.026096  -0.000124  -0.000386
     4  H   -0.006215  -0.119537   0.258743  -0.040100   0.001702   0.002248
     5  H   -0.026096  -0.040100  -0.204640   0.005954   0.000794   0.003631
     6  H    0.204285   0.258743  -0.091579  -0.204640  -0.072879  -0.047459
     7  H    1.005311  -0.066931   0.009725  -0.209639   0.232242  -0.098580
     8  H   -0.066931   0.886324  -0.070589   0.357065  -0.073740  -0.025553
     9  H    0.009725  -0.070589   1.003003  -0.007746   0.004148  -0.000984
    10  H   -0.209639   0.357065  -0.007746   1.200087   0.016274   0.029461
    11  H    0.232242  -0.073740   0.004148   0.016274   0.559613   0.192660
    12  H   -0.098580  -0.025553  -0.000984   0.029461   0.192660   0.823439
 Mulliken charges:
               1
     1  H    0.121495
     2  H    0.139204
     3  H   -0.048208
     4  H   -0.103417
     5  H   -0.125046
     6  H    0.015971
     7  H   -0.048208
     8  H   -0.103417
     9  H    0.015971
    10  H   -0.125046
    11  H    0.139204
    12  H    0.121495
 Sum of Mulliken charges =  -0.00000
 Mulliken charges with hydrogens summed into heavy atoms:
               1
 Electronic spatial extent (au):  <R**2>=            198.5514
 Charge=             -0.0000 electrons
 Dipole moment (field-independent basis, Debye):
    X=              0.0000    Y=             -0.0000    Z=             -0.0000  Tot=              0.0000
 Quadrupole moment (field-independent basis, Debye-Ang):
   XX=            -17.7531   YY=             -2.8155   ZZ=            -15.3692
   XY=              3.1011   XZ=             -0.0000   YZ=              0.0000
 Traceless Quadrupole moment (field-independent basis, Debye-Ang):
   XX=             -5.7738   YY=              9.1638   ZZ=             -3.3900
   XY=              3.1011   XZ=             -0.0000   YZ=              0.0000
 Octapole moment (field-independent basis, Debye-Ang**2):
  XXX=              0.0000  YYY=              0.0000  ZZZ=              0.0000  XYY=              0.0000
  XXY=              0.0000  XXZ=              0.0000  XZZ=              0.0000  YZZ=             -0.0000
  YYZ=             -0.0000  XYZ=             -0.0000
 Hexadecapole moment (field-independent basis, Debye-Ang**3):
 XXXX=            -64.4964 YYYY=           -204.7769 ZZZZ=            -18.4287 XXXY=            -24.4609
 XXXZ=             -0.0000 YYYX=             10.7451 YYYZ=              0.0000 ZZZX=             -0.0000
 ZZZY=             -0.0000 XXYY=            -58.7370 XXZZ=            -13.6644 YYZZ=            -60.8659
 XXYZ=             -0.0000 YYXZ=              0.0000 ZZXY=             -9.3966
 N-N= 1.787117141083D+01 E-N=-4.709414849182D+01  KE= 6.298311407607D+00
 Symmetry AG   KE= 3.096488160144D+00
 Symmetry BG   KE= 0.000000000000D+00
 Symmetry AU   KE= 0.000000000000D+00
 Symmetry BU   KE= 3.201823247464D+00

 Test job not archived.
 1\1\GINC-SULU\Stability\RHF\Gen\H12\LCJ1\17-Feb-2017\0\\#rhf/gen scf(s
 ymm,tight,novaracc,noincfock,fulldiag) stable(crhf) guess=read geom=no
 crowd test\\hf stability analysis of h12 triangular lattice, y= 1.3850
 361609029067\\0,1\H\H,1,1.4464051482\H,1,1.4464051482,2,33.5\H,2,1.446
 4051482,1,146.5,3,0.,0\H,2,1.4464051482,1,180.,3,0.,0\H,4,1.4464051482
 ,3,180.,5,0.,0\H,6,1.4464051482,5,180.,3,0.,0\H,4,1.4464051482,2,180.,
 3,0.,0\H,3,1.4464051482,1,180.,4,0.,0\H,9,1.4464051482,3,180.,4,0.,0\H
 ,8,1.4464051482,4,180.,3,0.,0\H,7,1.4464051482,6,180.,3,0.,0\\Version=
 ES64L-G09RevE.01\State=1-AG\HF=-5.7703738\MP2=-5.9146714\RMSD=6.874e-1
 0\Dipole=0.,0.,0.\Quadrupole=-3.0318203,-2.5203687,5.552189,0.,4.21058
 65,0.\PG=C02H [SGH(H12)]\\@


 IN-LAWS ARE LIKE SEEDS. YOU DON'T NEED THEM
 BUT THEY COME WITH THE TOMATO.
 Job cpu time:       0 days  0 hours  0 minutes  1.1 seconds.
 File lengths (MBytes):  RWF=     84 Int=      0 D2E=      0 Chk=      2 Scr=      2
 Normal termination of Gaussian 09 at Fri Feb 17 15:07:33 2017.
