 Entering Gaussian System, Link 0=g09
 AtFile(1): H.gbs
            H     0
            S   10   1.00
               1000.000000000000            0.000068713567
                316.227766000000            0.000169141320
                100.000000000000            0.000823394812
                 31.622776600000            0.003425569236
                 10.000000000000            0.013951996000
                  3.162277660000            0.056909313560
                  1.000000000000            0.198286399900
                  0.316227766000            0.496922426700
                  0.100000000000            0.369846276400
                  0.031622776600            0.003752720039
            ****
 Initial command:
 /projects/guscus/apps/gau/g09-e1/g09/l1.exe "/users/lcj1/gaussian/h12/rhfstability/rect/guess/ag3bu3/Gau-12528.inp" -scrdir="/users/lcj1/gaussian/h12/rhfstability/rect/guess/ag3bu3/"
 Entering Link 1 = /projects/guscus/apps/gau/g09-e1/g09/l1.exe PID=     12529.
  
 Copyright (c) 1988,1990,1992,1993,1995,1998,2003,2009,2015,
            Gaussian, Inc.  All Rights Reserved.
  
 This is part of the Gaussian(R) 09 program.  It is based on
 the Gaussian(R) 03 system (copyright 2003, Gaussian, Inc.),
 the Gaussian(R) 98 system (copyright 1998, Gaussian, Inc.),
 the Gaussian(R) 94 system (copyright 1995, Gaussian, Inc.),
 the Gaussian 92(TM) system (copyright 1992, Gaussian, Inc.),
 the Gaussian 90(TM) system (copyright 1990, Gaussian, Inc.),
 the Gaussian 88(TM) system (copyright 1988, Gaussian, Inc.),
 the Gaussian 86(TM) system (copyright 1986, Carnegie Mellon
 University), and the Gaussian 82(TM) system (copyright 1983,
 Carnegie Mellon University). Gaussian is a federally registered
 trademark of Gaussian, Inc.
  
 This software contains proprietary and confidential information,
 including trade secrets, belonging to Gaussian, Inc.
  
 This software is provided under written license and may be
 used, copied, transmitted, or stored only in accord with that
 written license.
  
 The following legend is applicable only to US Government
 contracts under FAR:
  
                    RESTRICTED RIGHTS LEGEND
  
 Use, reproduction and disclosure by the US Government is
 subject to restrictions as set forth in subparagraphs (a)
 and (c) of the Commercial Computer Software - Restricted
 Rights clause in FAR 52.227-19.
  
 Gaussian, Inc.
 340 Quinnipiac St., Bldg. 40, Wallingford CT 06492
  
  
 ---------------------------------------------------------------
 Warning -- This program may not be used in any manner that
 competes with the business of Gaussian, Inc. or will provide
 assistance to any competitor of Gaussian, Inc.  The licensee
 of this program is prohibited from giving any competitor of
 Gaussian, Inc. access to this program.  By using this program,
 the user acknowledges that Gaussian, Inc. is engaged in the
 business of creating and licensing software in the field of
 computational chemistry and represents and warrants to the
 licensee that it is not a competitor of Gaussian, Inc. and that
 it will not use this program in any manner prohibited above.
 ---------------------------------------------------------------
  

 Cite this work as:
 Gaussian 09, Revision E.01,
 M. J. Frisch, G. W. Trucks, H. B. Schlegel, G. E. Scuseria, 
 M. A. Robb, J. R. Cheeseman, G. Scalmani, V. Barone, B. Mennucci, 
 G. A. Petersson, H. Nakatsuji, M. Caricato, X. Li, H. P. Hratchian, 
 A. F. Izmaylov, J. Bloino, G. Zheng, J. L. Sonnenberg, M. Hada, 
 M. Ehara, K. Toyota, R. Fukuda, J. Hasegawa, M. Ishida, T. Nakajima, 
 Y. Honda, O. Kitao, H. Nakai, T. Vreven, J. A. Montgomery, Jr., 
 J. E. Peralta, F. Ogliaro, M. Bearpark, J. J. Heyd, E. Brothers, 
 K. N. Kudin, V. N. Staroverov, T. Keith, R. Kobayashi, J. Normand, 
 K. Raghavachari, A. Rendell, J. C. Burant, S. S. Iyengar, J. Tomasi, 
 M. Cossi, N. Rega, J. M. Millam, M. Klene, J. E. Knox, J. B. Cross, 
 V. Bakken, C. Adamo, J. Jaramillo, R. Gomperts, R. E. Stratmann, 
 O. Yazyev, A. J. Austin, R. Cammi, C. Pomelli, J. W. Ochterski, 
 R. L. Martin, K. Morokuma, V. G. Zakrzewski, G. A. Voth, 
 P. Salvador, J. J. Dannenberg, S. Dapprich, A. D. Daniels, 
 O. Farkas, J. B. Foresman, J. V. Ortiz, J. Cioslowski, 
 and D. J. Fox, Gaussian, Inc., Wallingford CT, 2013.
 
 ******************************************
 Gaussian 09:  ES64L-G09RevE.01 30-Nov-2015
                17-Feb-2017 
 ******************************************
 %chk=h12.chk
 ----------------------------------------------------------------------
 #rhf/gen scf(symm,tight,novaracc,noincfock,fulldiag) stable(crhf) gues
 s=read geom=nocrowd test
 ----------------------------------------------------------------------
 1/38=1/1;
 2/12=1,17=6,18=5,40=1/2;
 3/5=7,16=1,25=1,30=1,116=1/1,2,3;
 4/5=1,9=4/1;
 5/5=100002,15=2,16=1,32=2,38=6/2;
 8/6=1,10=90,11=11/1,4;
 9/8=4,13=1/2;
 6/7=2,8=2,9=2,10=2,28=1/1;
 99/5=1,9=1/99;
 ----------------------------------------------------------------------
 hf stability analysis of h12 triangular lattice, y= 1.7036831833639368
 ----------------------------------------------------------------------
 Symbolic Z-matrix:
 Charge =  0 Multiplicity = 1
 H
 H                    1     1.73706 
 H                    1     1.73706  2     22.5 
 H                    2     1.73706  1     157.5    3     0.       0
 H                    2     1.73706  1     180.     3     0.       0
 H                    4     1.73706  3     180.     5     0.       0
 H                    6     1.73706  5     180.     3     0.       0
 H                    4     1.73706  2     180.     3     0.       0
 H                    3     1.73706  1     180.     4     0.       0
 H                    9     1.73706  3     180.     4     0.       0
 H                    8     1.73706  4     180.     3     0.       0
 H                    7     1.73706  6     180.     3     0.       0
 
                          Input orientation:                          
 ---------------------------------------------------------------------
 Center     Atomic      Atomic             Coordinates (Angstroms)
 Number     Number       Type             X           Y           Z
 ---------------------------------------------------------------------
      1          1           0        0.000000    0.000000    0.000000
      2          1           0        0.000000    0.000000    1.737060
      3          1           0        0.664744    0.000000    1.604834
      4          1           0        0.664744    0.000000    3.341895
      5          1           0        0.000000    0.000000    3.474121
      6          1           0        0.664744    0.000000    5.078955
      7          1           0        1.329488    0.000000    6.683790
      8          1           0        1.329488    0.000000    4.946729
      9          1           0        1.329488    0.000000    3.209669
     10          1           0        1.994233    0.000000    4.814503
     11          1           0        1.994233    0.000000    6.551564
     12          1           0        1.994233    0.000000    8.288624
 ---------------------------------------------------------------------
                    Distance matrix (angstroms):
                    1          2          3          4          5
     1  H    0.000000
     2  H    1.737060   0.000000
     3  H    1.737060   0.677767   0.000000
     4  H    3.407366   1.737060   1.737060   0.000000
     5  H    3.474121   1.737060   1.983965   0.677767   0.000000
     6  H    5.122272   3.407366   3.474121   1.737060   1.737060
     7  H    6.814733   5.122272   5.122272   3.407366   3.474121
     8  H    5.122272   3.474121   3.407366   1.737060   1.983965
     9  H    3.474121   1.983965   1.737060   0.677767   1.355535
    10  H    5.211181   3.667100   3.474121   1.983965   2.402829
    11  H    6.848354   5.211181   5.122272   3.474121   3.667100
    12  H    8.525154   6.848354   6.814733   5.122272   5.211181
                    6          7          8          9         10
     6  H    0.000000
     7  H    1.737060   0.000000
     8  H    0.677767   1.737060   0.000000
     9  H    1.983965   3.474121   1.737060   0.000000
    10  H    1.355535   1.983965   0.677767   1.737060   0.000000
    11  H    1.983965   0.677767   1.737060   3.407366   1.737060
    12  H    3.474121   1.737060   3.407366   5.122272   3.474121
                   11         12
    11  H    0.000000
    12  H    1.737060   0.000000
 Stoichiometry    H12
 Framework group  C2H[SGH(H12)]
 Deg. of freedom    11
 Full point group                 C2H     NOp   4
 Largest Abelian subgroup         C2H     NOp   4
 Largest concise Abelian subgroup C2      NOp   2
                         Standard orientation:                         
 ---------------------------------------------------------------------
 Center     Atomic      Atomic             Coordinates (Angstroms)
 Number     Number       Type             X           Y           Z
 ---------------------------------------------------------------------
      1          1           0        0.664744    4.210425    0.000000
      2          1           0        0.000000    2.605590    0.000000
      3          1           0        0.664744    2.473365    0.000000
      4          1           0        0.000000    0.868530    0.000000
      5          1           0       -0.664744    1.000756    0.000000
      6          1           0       -0.664744   -0.736304    0.000000
      7          1           0       -0.664744   -2.473365   -0.000000
      8          1           0       -0.000000   -0.868530    0.000000
      9          1           0        0.664744    0.736304    0.000000
     10          1           0        0.664744   -1.000756    0.000000
     11          1           0       -0.000000   -2.605590    0.000000
     12          1           0       -0.664744   -4.210425   -0.000000
 ---------------------------------------------------------------------
 Rotational constants (GHZ):    210.0220887      7.4830559      7.2256085
 General basis read from cards:  (5D, 7F)
 There are     6 symmetry adapted cartesian basis functions of AG  symmetry.
 There are     0 symmetry adapted cartesian basis functions of BG  symmetry.
 There are     0 symmetry adapted cartesian basis functions of AU  symmetry.
 There are     6 symmetry adapted cartesian basis functions of BU  symmetry.
 There are     6 symmetry adapted basis functions of AG  symmetry.
 There are     0 symmetry adapted basis functions of BG  symmetry.
 There are     0 symmetry adapted basis functions of AU  symmetry.
 There are     6 symmetry adapted basis functions of BU  symmetry.
    12 basis functions,   120 primitive gaussians,    12 cartesian basis functions
     6 alpha electrons        6 beta electrons
       nuclear repulsion energy        16.8748996429 Hartrees.
 NAtoms=   12 NActive=   12 NUniq=    6 SFac= 4.00D+00 NAtFMM=   60 NAOKFM=F Big=F
 Integral buffers will be    131072 words long.
 Regular integral format.
 Two-electron integral symmetry is turned on.
 One-electron integrals computed using PRISM.
 NBasis=    12 RedAO= T EigKep=  8.08D-02  NBF=     6     0     0     6
 NBsUse=    12 1.00D-06 EigRej= -1.00D+00 NBFU=     6     0     0     6
 Initial guess from the checkpoint file:  "h12.chk"
 B after Tr=    -0.000000   -0.000000    0.000000
         Rot=    0.961096    0.000000    0.000000   -0.276216 Ang= -32.07 deg.
 Initial guess orbital symmetries:
       Occupied  (AG) (BU) (AG) (BU) (BU) (AG)
       Virtual   (BU) (AG) (BU) (AG) (AG) (BU)
 Keep R1 ints in memory in symmetry-blocked form, NReq=896658.
 Requested convergence on RMS density matrix=1.00D-08 within 128 cycles.
 Requested convergence on MAX density matrix=1.00D-06.
 Requested convergence on             energy=1.00D-06.
 No special actions if energy rises.
 SCF Done:  E(RHF) =  -5.64173352702     A.U. after   12 cycles
            NFock= 12  Conv=0.52D-08     -V/T= 1.8958
 Range of M.O.s used for correlation:     1    12
 NBasis=    12 NAE=     6 NBE=     6 NFC=     0 NFV=     0
 NROrb=     12 NOA=     6 NOB=     6 NVA=     6 NVB=     6

 **** Warning!!: The smallest alpha delta epsilon is  0.65529209D-01

 Semi-Direct transformation.
 ModeAB=           4 MOrb=             6 LenV=     134090555
 LASXX=         2181 LTotXX=        2181 LenRXX=        5115
 LTotAB=        2934 MaxLAS=        3024 LenRXY=           0
 NonZer=        7296 LenScr=      655360 LnRSAI=        3024
 LnScr1=      655360 LExtra=           0 Total=      1318859
 MaxDsk=          -1 SrtSym=           T ITran=            3
 JobTyp=0 Pass  1:  I=   1 to   6.
 (rs|ai) integrals will be sorted in core.
 Spin components of T(2) and E(2):
     alpha-alpha T2 =       0.5828551811D-02 E2=     -0.5201918793D-02
     alpha-beta  T2 =       0.4572034885D+01 E2=     -0.6621588218D+00
     beta-beta   T2 =       0.5828551811D-02 E2=     -0.5201918793D-02
 ANorm=    0.2362983705D+01
 E2 =    -0.6725626594D+00 EUMP2 =    -0.63142961863993D+01
 Second order stability test of a single determinant RHF wave function:
 Stabil:  MDV=134217728
 ***********************************************************************
 Matrix         Lowest Root    Major Pairs
 ***********************************************************************
 Internal RHF     0.059952     Stable
 RRHF --> CRHF    0.0020992    Stable
 RRHF --> RUHF   -0.5582828    6A=7B
 Not stable.
 ***********************************************************************

 **********************************************************************

            Population analysis using the SCF density.

 **********************************************************************

 Orbital symmetries:
       Occupied  (AG) (BU) (AG) (BU) (BU) (AG)
       Virtual   (BU) (AG) (BU) (AG) (AG) (BU)
 The electronic state is 1-AG.
 Alpha  occ. eigenvalues --   -0.88914  -0.78887  -0.65988  -0.62824  -0.35101
 Alpha  occ. eigenvalues --   -0.18181
 Alpha virt. eigenvalues --   -0.11628   0.02955   0.46576   0.49074   0.82885
 Alpha virt. eigenvalues --    1.04286
          Condensed to atoms (all electrons):
               1          2          3          4          5          6
     1  H    1.120968  -0.047225  -0.046059   0.000057   0.000124   0.000141
     2  H   -0.047225   0.668502   0.503190  -0.064435  -0.011103   0.003239
     3  H   -0.046059   0.503190   0.645106  -0.062110  -0.040499  -0.001880
     4  H    0.000057  -0.064435  -0.062110   0.957675   0.270333  -0.043107
     5  H    0.000124  -0.011103  -0.040499   0.270333   0.797817   0.196684
     6  H    0.000141   0.003239  -0.001880  -0.043107   0.196684   0.935962
     7  H   -0.000022   0.000092   0.000063   0.001151   0.002777  -0.015218
     8  H    0.000133   0.001215   0.001151  -0.073789  -0.023680   0.300157
     9  H    0.000092  -0.047767  -0.015218   0.300157  -0.258403  -0.190157
    10  H   -0.000000  -0.001152   0.002777  -0.023680  -0.095615  -0.258403
    11  H   -0.000022   0.000052   0.000092   0.001215  -0.001152  -0.047767
    12  H    0.000007  -0.000022  -0.000022   0.000133  -0.000000   0.000092
               7          8          9         10         11         12
     1  H   -0.000022   0.000133   0.000092  -0.000000  -0.000022   0.000007
     2  H    0.000092   0.001215  -0.047767  -0.001152   0.000052  -0.000022
     3  H    0.000063   0.001151  -0.015218   0.002777   0.000092  -0.000022
     4  H    0.001151  -0.073789   0.300157  -0.023680   0.001215   0.000133
     5  H    0.002777  -0.023680  -0.258403  -0.095615  -0.001152  -0.000000
     6  H   -0.015218   0.300157  -0.190157  -0.258403  -0.047767   0.000092
     7  H    0.645106  -0.062110  -0.001880  -0.040499   0.503190  -0.046059
     8  H   -0.062110   0.957675  -0.043107   0.270333  -0.064435   0.000057
     9  H   -0.001880  -0.043107   0.935962   0.196684   0.003239   0.000141
    10  H   -0.040499   0.270333   0.196684   0.797817  -0.011103   0.000124
    11  H    0.503190  -0.064435   0.003239  -0.011103   0.668502  -0.047225
    12  H   -0.046059   0.000057   0.000141   0.000124  -0.047225   1.120968
 Mulliken charges:
               1
     1  H   -0.028195
     2  H   -0.004587
     3  H    0.013407
     4  H   -0.263600
     5  H    0.162718
     6  H    0.120257
     7  H    0.013407
     8  H   -0.263600
     9  H    0.120257
    10  H    0.162718
    11  H   -0.004587
    12  H   -0.028195
 Sum of Mulliken charges =   0.00000
 Mulliken charges with hydrogens summed into heavy atoms:
               1
 Electronic spatial extent (au):  <R**2>=            288.2904
 Charge=              0.0000 electrons
 Dipole moment (field-independent basis, Debye):
    X=              0.0000    Y=              0.0000    Z=              0.0000  Tot=              0.0000
 Quadrupole moment (field-independent basis, Debye-Ang):
   XX=            -15.8446   YY=            -23.1805   ZZ=            -15.3944
   XY=             -1.8638   XZ=             -0.0000   YZ=             -0.0000
 Traceless Quadrupole moment (field-independent basis, Debye-Ang):
   XX=              2.2952   YY=             -5.0407   ZZ=              2.7454
   XY=             -1.8638   XZ=             -0.0000   YZ=             -0.0000
 Octapole moment (field-independent basis, Debye-Ang**2):
  XXX=              0.0000  YYY=              0.0000  ZZZ=             -0.0000  XYY=              0.0000
  XXY=              0.0000  XXZ=             -0.0000  XZZ=              0.0000  YZZ=              0.0000
  YYZ=             -0.0000  XYZ=             -0.0000
 Hexadecapole moment (field-independent basis, Debye-Ang**3):
 XXXX=            -48.5335 YYYY=           -745.5063 ZZZZ=            -18.5284 XXXY=            -34.4245
 XXXZ=             -0.0000 YYYX=            -69.0910 YYYZ=             -0.0000 ZZZX=             -0.0000
 ZZZY=             -0.0000 XXYY=           -100.3444 XXZZ=            -11.1948 YYZZ=            -94.8840
 XXYZ=             -0.0000 YYXZ=             -0.0000 ZZXY=            -11.7242
 N-N= 1.687489964288D+01 E-N=-4.433299245812D+01  KE= 6.297635279840D+00
 Symmetry AG   KE= 2.797480168084D+00
 Symmetry BG   KE= 0.000000000000D+00
 Symmetry AU   KE= 0.000000000000D+00
 Symmetry BU   KE= 3.500155111756D+00

 Test job not archived.
 1\1\GINC-SULU\Stability\RHF\Gen\H12\LCJ1\17-Feb-2017\0\\#rhf/gen scf(s
 ymm,tight,novaracc,noincfock,fulldiag) stable(crhf) guess=read geom=no
 crowd test\\hf stability analysis of h12 triangular lattice, y= 1.7036
 831833639368\\0,1\H\H,1,1.7370602969\H,1,1.7370602969,2,22.5\H,2,1.737
 0602969,1,157.5,3,0.,0\H,2,1.7370602969,1,180.,3,0.,0\H,4,1.7370602969
 ,3,180.,5,0.,0\H,6,1.7370602969,5,180.,3,0.,0\H,4,1.7370602969,2,180.,
 3,0.,0\H,3,1.7370602969,1,180.,4,0.,0\H,9,1.7370602969,3,180.,4,0.,0\H
 ,8,1.7370602969,4,180.,3,0.,0\H,7,1.7370602969,6,180.,3,0.,0\\Version=
 ES64L-G09RevE.01\State=1-AG\HF=-5.6417335\MP2=-6.3142962\RMSD=5.225e-0
 9\Dipole=0.,0.,0.\Quadrupole=1.887551,2.0411473,-3.9286983,0.,-0.94847
 81,0.\PG=C02H [SGH(H12)]\\@


 THE POLHOLDE ROLLS WITHOUT SLIPPING ON THE HERPOLHOLDE LYING IN
 THE INVARIABLE PLANE.
 H.GOLDSTEIN, "CLASSICAL MECHANICS", PG 161
 Job cpu time:       0 days  0 hours  0 minutes  1.0 seconds.
 File lengths (MBytes):  RWF=     84 Int=      0 D2E=      0 Chk=      2 Scr=      2
 Normal termination of Gaussian 09 at Fri Feb 17 15:08:41 2017.
