 Entering Gaussian System, Link 0=g09
 AtFile(1): H.gbs
            H     0
            S   10   1.00
               1000.000000000000            0.000068713567
                316.227766000000            0.000169141320
                100.000000000000            0.000823394812
                 31.622776600000            0.003425569236
                 10.000000000000            0.013951996000
                  3.162277660000            0.056909313560
                  1.000000000000            0.198286399900
                  0.316227766000            0.496922426700
                  0.100000000000            0.369846276400
                  0.031622776600            0.003752720039
            ****
 Initial command:
 /projects/guscus/apps/gau/g09-e1/g09/l1.exe "/users/lcj1/gaussian/h12/rhfstability/rect/guess/ag3bu3/Gau-28585.inp" -scrdir="/users/lcj1/gaussian/h12/rhfstability/rect/guess/ag3bu3/"
 Entering Link 1 = /projects/guscus/apps/gau/g09-e1/g09/l1.exe PID=     28586.
  
 Copyright (c) 1988,1990,1992,1993,1995,1998,2003,2009,2015,
            Gaussian, Inc.  All Rights Reserved.
  
 This is part of the Gaussian(R) 09 program.  It is based on
 the Gaussian(R) 03 system (copyright 2003, Gaussian, Inc.),
 the Gaussian(R) 98 system (copyright 1998, Gaussian, Inc.),
 the Gaussian(R) 94 system (copyright 1995, Gaussian, Inc.),
 the Gaussian 92(TM) system (copyright 1992, Gaussian, Inc.),
 the Gaussian 90(TM) system (copyright 1990, Gaussian, Inc.),
 the Gaussian 88(TM) system (copyright 1988, Gaussian, Inc.),
 the Gaussian 86(TM) system (copyright 1986, Carnegie Mellon
 University), and the Gaussian 82(TM) system (copyright 1983,
 Carnegie Mellon University). Gaussian is a federally registered
 trademark of Gaussian, Inc.
  
 This software contains proprietary and confidential information,
 including trade secrets, belonging to Gaussian, Inc.
  
 This software is provided under written license and may be
 used, copied, transmitted, or stored only in accord with that
 written license.
  
 The following legend is applicable only to US Government
 contracts under FAR:
  
                    RESTRICTED RIGHTS LEGEND
  
 Use, reproduction and disclosure by the US Government is
 subject to restrictions as set forth in subparagraphs (a)
 and (c) of the Commercial Computer Software - Restricted
 Rights clause in FAR 52.227-19.
  
 Gaussian, Inc.
 340 Quinnipiac St., Bldg. 40, Wallingford CT 06492
  
  
 ---------------------------------------------------------------
 Warning -- This program may not be used in any manner that
 competes with the business of Gaussian, Inc. or will provide
 assistance to any competitor of Gaussian, Inc.  The licensee
 of this program is prohibited from giving any competitor of
 Gaussian, Inc. access to this program.  By using this program,
 the user acknowledges that Gaussian, Inc. is engaged in the
 business of creating and licensing software in the field of
 computational chemistry and represents and warrants to the
 licensee that it is not a competitor of Gaussian, Inc. and that
 it will not use this program in any manner prohibited above.
 ---------------------------------------------------------------
  

 Cite this work as:
 Gaussian 09, Revision E.01,
 M. J. Frisch, G. W. Trucks, H. B. Schlegel, G. E. Scuseria, 
 M. A. Robb, J. R. Cheeseman, G. Scalmani, V. Barone, B. Mennucci, 
 G. A. Petersson, H. Nakatsuji, M. Caricato, X. Li, H. P. Hratchian, 
 A. F. Izmaylov, J. Bloino, G. Zheng, J. L. Sonnenberg, M. Hada, 
 M. Ehara, K. Toyota, R. Fukuda, J. Hasegawa, M. Ishida, T. Nakajima, 
 Y. Honda, O. Kitao, H. Nakai, T. Vreven, J. A. Montgomery, Jr., 
 J. E. Peralta, F. Ogliaro, M. Bearpark, J. J. Heyd, E. Brothers, 
 K. N. Kudin, V. N. Staroverov, T. Keith, R. Kobayashi, J. Normand, 
 K. Raghavachari, A. Rendell, J. C. Burant, S. S. Iyengar, J. Tomasi, 
 M. Cossi, N. Rega, J. M. Millam, M. Klene, J. E. Knox, J. B. Cross, 
 V. Bakken, C. Adamo, J. Jaramillo, R. Gomperts, R. E. Stratmann, 
 O. Yazyev, A. J. Austin, R. Cammi, C. Pomelli, J. W. Ochterski, 
 R. L. Martin, K. Morokuma, V. G. Zakrzewski, G. A. Voth, 
 P. Salvador, J. J. Dannenberg, S. Dapprich, A. D. Daniels, 
 O. Farkas, J. B. Foresman, J. V. Ortiz, J. Cioslowski, 
 and D. J. Fox, Gaussian, Inc., Wallingford CT, 2013.
 
 ******************************************
 Gaussian 09:  ES64L-G09RevE.01 30-Nov-2015
                17-Feb-2017 
 ******************************************
 %chk=h12.chk
 ----------------------------------------------------------------------
 #rhf/gen scf(symm,tight,novaracc,noincfock,fulldiag) stable(crhf) gues
 s=read geom=nocrowd test
 ----------------------------------------------------------------------
 1/38=1/1;
 2/12=1,17=6,18=5,40=1/2;
 3/5=7,16=1,25=1,30=1,116=1/1,2,3;
 4/5=1,9=4/1;
 5/5=100002,15=2,16=1,32=2,38=6/2;
 8/6=1,10=90,11=11/1,4;
 9/8=4,13=1/2;
 6/7=2,8=2,9=2,10=2,28=1/1;
 99/5=1,9=1/99;
 ----------------------------------------------------------------------
 hf stability analysis of h12 triangular lattice, y= 0.7766002745861101
 4
 ----------------------------------------------------------------------
 Symbolic Z-matrix:
 Charge =  0 Multiplicity = 1
 H
 H                    1     1.07508 
 H                    1     1.07508  2     87.5 
 H                    2     1.07508  1     92.5     3     0.       0
 H                    2     1.07508  1     180.     3     0.       0
 H                    4     1.07508  3     180.     5     0.       0
 H                    6     1.07508  5     180.     3     0.       0
 H                    4     1.07508  2     180.     3     0.       0
 H                    3     1.07508  1     180.     4     0.       0
 H                    9     1.07508  3     180.     4     0.       0
 H                    8     1.07508  4     180.     3     0.       0
 H                    7     1.07508  6     180.     3     0.       0
 
                          Input orientation:                          
 ---------------------------------------------------------------------
 Center     Atomic      Atomic             Coordinates (Angstroms)
 Number     Number       Type             X           Y           Z
 ---------------------------------------------------------------------
      1          1           0        0.000000    0.000000    0.000000
      2          1           0        0.000000    0.000000    1.075082
      3          1           0        1.074058    0.000000    0.046894
      4          1           0        1.074058    0.000000    1.121976
      5          1           0        0.000000    0.000000    2.150163
      6          1           0        1.074058    0.000000    2.197058
      7          1           0        2.148117    0.000000    2.243952
      8          1           0        2.148117    0.000000    1.168870
      9          1           0        2.148117    0.000000    0.093789
     10          1           0        3.222175    0.000000    0.140683
     11          1           0        3.222175    0.000000    1.215765
     12          1           0        3.222175    0.000000    2.290847
 ---------------------------------------------------------------------
                    Distance matrix (angstroms):
                    1          2          3          4          5
     1  H    0.000000
     2  H    1.075082   0.000000
     3  H    1.075082   1.486866   0.000000
     4  H    1.553201   1.075082   1.075082   0.000000
     5  H    2.150163   1.075082   2.361640   1.486866   0.000000
     6  H    2.445540   1.553201   2.150163   1.075082   1.075082
     7  H    3.106401   2.445540   2.445540   1.553201   2.150163
     8  H    2.445540   2.150163   1.553201   1.075082   2.361640
     9  H    2.150163   2.361640   1.075082   1.486866   2.973732
    10  H    3.225245   3.354924   2.150163   2.361640   3.797423
    11  H    3.443907   3.225245   2.445540   2.150163   3.354924
    12  H    3.953529   3.443907   3.106401   2.445540   3.225245
                    6          7          8          9         10
     6  H    0.000000
     7  H    1.075082   0.000000
     8  H    1.486866   1.075082   0.000000
     9  H    2.361640   2.150163   1.075082   0.000000
    10  H    2.973732   2.361640   1.486866   1.075082   0.000000
    11  H    2.361640   1.486866   1.075082   1.553201   1.075082
    12  H    2.150163   1.075082   1.553201   2.445540   2.150163
                   11         12
    11  H    0.000000
    12  H    1.075082   0.000000
 Stoichiometry    H12
 Framework group  C2H[SGH(H12)]
 Deg. of freedom    11
 Full point group                 C2H     NOp   4
 Largest Abelian subgroup         C2H     NOp   4
 Largest concise Abelian subgroup C2      NOp   2
                         Standard orientation:                         
 ---------------------------------------------------------------------
 Center     Atomic      Atomic             Coordinates (Angstroms)
 Number     Number       Type             X           Y           Z
 ---------------------------------------------------------------------
      1          1           0        1.074058    1.659517   -0.000000
      2          1           0        0.000000    1.612623   -0.000000
      3          1           0        1.074058    0.584435   -0.000000
      4          1           0        0.000000    0.537541   -0.000000
      5          1           0       -1.074058    1.565728   -0.000000
      6          1           0       -1.074058    0.490646   -0.000000
      7          1           0       -1.074058   -0.584435   -0.000000
      8          1           0       -0.000000   -0.537541   -0.000000
      9          1           0        1.074058   -0.490646   -0.000000
     10          1           0        1.074058   -1.565728   -0.000000
     11          1           0       -0.000000   -1.612623   -0.000000
     12          1           0       -1.074058   -1.659517   -0.000000
 ---------------------------------------------------------------------
 Rotational constants (GHZ):     54.4534280     28.8614998     18.8634575
 General basis read from cards:  (5D, 7F)
 There are     6 symmetry adapted cartesian basis functions of AG  symmetry.
 There are     0 symmetry adapted cartesian basis functions of BG  symmetry.
 There are     0 symmetry adapted cartesian basis functions of AU  symmetry.
 There are     6 symmetry adapted cartesian basis functions of BU  symmetry.
 There are     6 symmetry adapted basis functions of AG  symmetry.
 There are     0 symmetry adapted basis functions of BG  symmetry.
 There are     0 symmetry adapted basis functions of AU  symmetry.
 There are     6 symmetry adapted basis functions of BU  symmetry.
    12 basis functions,   120 primitive gaussians,    12 cartesian basis functions
     6 alpha electrons        6 beta electrons
       nuclear repulsion energy        20.1764586295 Hartrees.
 NAtoms=   12 NActive=   12 NUniq=    6 SFac= 4.00D+00 NAtFMM=   60 NAOKFM=F Big=F
 Integral buffers will be    131072 words long.
 Regular integral format.
 Two-electron integral symmetry is turned on.
 One-electron integrals computed using PRISM.
 NBasis=    12 RedAO= T EigKep=  1.08D-01  NBF=     6     0     0     6
 NBsUse=    12 1.00D-06 EigRej= -1.00D+00 NBFU=     6     0     0     6
 Initial guess from the checkpoint file:  "h12.chk"
 B after Tr=     0.000000    0.000000    0.000000
         Rot=    0.983593    0.000000    0.000000   -0.180402 Ang= -20.79 deg.
 Initial guess orbital symmetries:
       Occupied  (AG) (BU) (AG) (BU) (BU) (AG)
       Virtual   (BU) (AG) (BU) (AG) (AG) (BU)
 Keep R1 ints in memory in symmetry-blocked form, NReq=903924.
 Requested convergence on RMS density matrix=1.00D-08 within 128 cycles.
 Requested convergence on MAX density matrix=1.00D-06.
 Requested convergence on             energy=1.00D-06.
 No special actions if energy rises.
 SCF Done:  E(RHF) =  -5.66893497685     A.U. after   22 cycles
            NFock= 22  Conv=0.25D-08     -V/T= 1.8705
 Range of M.O.s used for correlation:     1    12
 NBasis=    12 NAE=     6 NBE=     6 NFC=     0 NFV=     0
 NROrb=     12 NOA=     6 NOB=     6 NVA=     6 NVB=     6
 Semi-Direct transformation.
 ModeAB=           4 MOrb=             6 LenV=     134084409
 LASXX=         2181 LTotXX=        2181 LenRXX=        5115
 LTotAB=        2934 MaxLAS=        3024 LenRXY=           0
 NonZer=        7296 LenScr=      655360 LnRSAI=        3024
 LnScr1=      655360 LExtra=           0 Total=      1318859
 MaxDsk=          -1 SrtSym=           T ITran=            3
 JobTyp=0 Pass  1:  I=   1 to   6.
 (rs|ai) integrals will be sorted in core.
 Spin components of T(2) and E(2):
     alpha-alpha T2 =       0.4883454731D-02 E2=     -0.7041996177D-02
     alpha-beta  T2 =       0.8356066346D-01 E2=     -0.1128252877D+00
     beta-beta   T2 =       0.4883454731D-02 E2=     -0.7041996177D-02
 ANorm=    0.1045623055D+01
 E2 =    -0.1269092801D+00 EUMP2 =    -0.57958442569496D+01
 Second order stability test of a single determinant RHF wave function:
 Stabil:  MDV=134217728
 ***********************************************************************
 Matrix         Lowest Root    Major Pairs
 ***********************************************************************
 Internal RHF    -0.0940377    6A=7A
 RRHF --> CRHF   -0.1284091    6A=7A
 RRHF --> RUHF   -0.2045383    6A=7B
 Not stable.
 ***********************************************************************

 **********************************************************************

            Population analysis using the SCF density.

 **********************************************************************

 Orbital symmetries:
       Occupied  (AG) (BU) (BU) (AG) (AG) (BU)
       Virtual   (AG) (BU) (BU) (AG) (AG) (BU)
 The electronic state is 1-AG.
 Alpha  occ. eigenvalues --   -1.01835  -0.79236  -0.69098  -0.50677  -0.47570
 Alpha  occ. eigenvalues --   -0.18456
 Alpha virt. eigenvalues --   -0.03683   0.08408   0.21296   0.44484   0.53817
 Alpha virt. eigenvalues --    0.92940
          Condensed to atoms (all electrons):
               1          2          3          4          5          6
     1  H    1.455215   0.388932  -0.228111  -0.191493  -0.149761  -0.006602
     2  H    0.388932   0.723084  -0.069343  -0.125994   0.083616   0.002111
     3  H   -0.228111  -0.069343   1.025276   0.370647   0.006318  -0.106215
     4  H   -0.191493  -0.125994   0.370647   0.821008   0.081086   0.030490
     5  H   -0.149761   0.083616   0.006318   0.081086   1.162645   0.094009
     6  H   -0.006602   0.002111  -0.106215   0.030490   0.094009   0.744760
     7  H    0.034513  -0.002670  -0.059586  -0.079757  -0.139824   0.187257
     8  H    0.027933  -0.054747  -0.079757   0.016555  -0.087338   0.097236
     9  H   -0.107374  -0.042008   0.187257   0.097236   0.017170  -0.021846
    10  H    0.023091   0.012533  -0.139824  -0.087338  -0.000509   0.017170
    11  H   -0.000456   0.010845  -0.002670  -0.054747   0.012533  -0.042008
    12  H   -0.007943  -0.000456   0.034513   0.027933   0.023091  -0.107374
               7          8          9         10         11         12
     1  H    0.034513   0.027933  -0.107374   0.023091  -0.000456  -0.007943
     2  H   -0.002670  -0.054747  -0.042008   0.012533   0.010845  -0.000456
     3  H   -0.059586  -0.079757   0.187257  -0.139824  -0.002670   0.034513
     4  H   -0.079757   0.016555   0.097236  -0.087338  -0.054747   0.027933
     5  H   -0.139824  -0.087338   0.017170  -0.000509   0.012533   0.023091
     6  H    0.187257   0.097236  -0.021846   0.017170  -0.042008  -0.107374
     7  H    1.025276   0.370647  -0.106215   0.006318  -0.069343  -0.228111
     8  H    0.370647   0.821008   0.030490   0.081086  -0.125994  -0.191493
     9  H   -0.106215   0.030490   0.744760   0.094009   0.002111  -0.006602
    10  H    0.006318   0.081086   0.094009   1.162645   0.083616  -0.149761
    11  H   -0.069343  -0.125994   0.002111   0.083616   0.723084   0.388932
    12  H   -0.228111  -0.191493  -0.006602  -0.149761   0.388932   1.455215
 Mulliken charges:
               1
     1  H   -0.237943
     2  H    0.074097
     3  H    0.061495
     4  H    0.094374
     5  H   -0.103035
     6  H    0.111012
     7  H    0.061495
     8  H    0.094374
     9  H    0.111012
    10  H   -0.103035
    11  H    0.074097
    12  H   -0.237943
 Sum of Mulliken charges =   0.00000
 Mulliken charges with hydrogens summed into heavy atoms:
               1
 Electronic spatial extent (au):  <R**2>=            140.2319
 Charge=              0.0000 electrons
 Dipole moment (field-independent basis, Debye):
    X=             -0.0000    Y=              0.0000    Z=              0.0000  Tot=              0.0000
 Quadrupole moment (field-independent basis, Debye-Ang):
   XX=            -18.6157   YY=            -27.2435   ZZ=            -15.0719
   XY=             -3.2188   XZ=              0.0000   YZ=              0.0000
 Traceless Quadrupole moment (field-independent basis, Debye-Ang):
   XX=              1.6947   YY=             -6.9331   ZZ=              5.2384
   XY=             -3.2188   XZ=              0.0000   YZ=              0.0000
 Octapole moment (field-independent basis, Debye-Ang**2):
  XXX=             -0.0000  YYY=             -0.0000  ZZZ=              0.0000  XYY=             -0.0000
  XXY=             -0.0000  XXZ=              0.0000  XZZ=             -0.0000  YZZ=             -0.0000
  YYZ=              0.0000  XYZ=              0.0000
 Hexadecapole moment (field-independent basis, Debye-Ang**3):
 XXXX=            -97.4025 YYYY=           -222.4959 ZZZZ=            -17.7401 XXXY=             -4.8000
 XXXZ=             -0.0000 YYYX=            -18.3465 YYYZ=              0.0000 ZZZX=             -0.0000
 ZZZY=              0.0000 XXYY=            -61.3897 XXZZ=            -18.8021 YYZZ=            -31.9981
 XXYZ=              0.0000 YYXZ=             -0.0000 ZZXY=             -1.2013
 N-N= 2.017645862955D+01 E-N=-5.086575976997D+01  KE= 6.512420853169D+00
 Symmetry AG   KE= 2.956881222587D+00
 Symmetry BG   KE= 0.000000000000D+00
 Symmetry AU   KE= 0.000000000000D+00
 Symmetry BU   KE= 3.555539630581D+00

 Test job not archived.
 1\1\GINC-SULU\Stability\RHF\Gen\H12\LCJ1\17-Feb-2017\0\\#rhf/gen scf(s
 ymm,tight,novaracc,noincfock,fulldiag) stable(crhf) guess=read geom=no
 crowd test\\hf stability analysis of h12 triangular lattice, y= 0.7766
 0027458611014\\0,1\H\H,1,1.0750816744\H,1,1.0750816744,2,87.5\H,2,1.07
 50816744,1,92.5,3,0.,0\H,2,1.0750816744,1,180.,3,0.,0\H,4,1.0750816744
 ,3,180.,5,0.,0\H,6,1.0750816744,5,180.,3,0.,0\H,4,1.0750816744,2,180.,
 3,0.,0\H,3,1.0750816744,1,180.,4,0.,0\H,9,1.0750816744,3,180.,4,0.,0\H
 ,8,1.0750816744,4,180.,3,0.,0\H,7,1.0750816744,6,180.,3,0.,0\\Version=
 ES64L-G09RevE.01\State=1-AG\HF=-5.668935\MP2=-5.7958443\RMSD=2.499e-09
 \Dipole=0.,0.,0.\Quadrupole=-4.9338525,3.8946487,1.0392038,0.,-2.66349
 3,0.\PG=C02H [SGH(H12)]\\@


 CONFIDENCE IS WHAT YOU FEEL BEFORE YOU FULLY
 COMPREHEND THE SITUATION.
 Job cpu time:       0 days  0 hours  0 minutes  1.1 seconds.
 File lengths (MBytes):  RWF=     84 Int=      0 D2E=      0 Chk=      2 Scr=      2
 Normal termination of Gaussian 09 at Fri Feb 17 15:01:53 2017.
