 Entering Gaussian System, Link 0=g09
 AtFile(1): H.gbs
            H     0
            S   10   1.00
               1000.000000000000            0.000068713567
                316.227766000000            0.000169141320
                100.000000000000            0.000823394812
                 31.622776600000            0.003425569236
                 10.000000000000            0.013951996000
                  3.162277660000            0.056909313560
                  1.000000000000            0.198286399900
                  0.316227766000            0.496922426700
                  0.100000000000            0.369846276400
                  0.031622776600            0.003752720039
            ****
 Initial command:
 /projects/guscus/apps/gau/g09-e1/g09/l1.exe "/users/lcj1/gaussian/h12/rhfstability/rect/guess/ag3bu3/Gau-17926.inp" -scrdir="/users/lcj1/gaussian/h12/rhfstability/rect/guess/ag3bu3/"
 Entering Link 1 = /projects/guscus/apps/gau/g09-e1/g09/l1.exe PID=     17927.
  
 Copyright (c) 1988,1990,1992,1993,1995,1998,2003,2009,2015,
            Gaussian, Inc.  All Rights Reserved.
  
 This is part of the Gaussian(R) 09 program.  It is based on
 the Gaussian(R) 03 system (copyright 2003, Gaussian, Inc.),
 the Gaussian(R) 98 system (copyright 1998, Gaussian, Inc.),
 the Gaussian(R) 94 system (copyright 1995, Gaussian, Inc.),
 the Gaussian 92(TM) system (copyright 1992, Gaussian, Inc.),
 the Gaussian 90(TM) system (copyright 1990, Gaussian, Inc.),
 the Gaussian 88(TM) system (copyright 1988, Gaussian, Inc.),
 the Gaussian 86(TM) system (copyright 1986, Carnegie Mellon
 University), and the Gaussian 82(TM) system (copyright 1983,
 Carnegie Mellon University). Gaussian is a federally registered
 trademark of Gaussian, Inc.
  
 This software contains proprietary and confidential information,
 including trade secrets, belonging to Gaussian, Inc.
  
 This software is provided under written license and may be
 used, copied, transmitted, or stored only in accord with that
 written license.
  
 The following legend is applicable only to US Government
 contracts under FAR:
  
                    RESTRICTED RIGHTS LEGEND
  
 Use, reproduction and disclosure by the US Government is
 subject to restrictions as set forth in subparagraphs (a)
 and (c) of the Commercial Computer Software - Restricted
 Rights clause in FAR 52.227-19.
  
 Gaussian, Inc.
 340 Quinnipiac St., Bldg. 40, Wallingford CT 06492
  
  
 ---------------------------------------------------------------
 Warning -- This program may not be used in any manner that
 competes with the business of Gaussian, Inc. or will provide
 assistance to any competitor of Gaussian, Inc.  The licensee
 of this program is prohibited from giving any competitor of
 Gaussian, Inc. access to this program.  By using this program,
 the user acknowledges that Gaussian, Inc. is engaged in the
 business of creating and licensing software in the field of
 computational chemistry and represents and warrants to the
 licensee that it is not a competitor of Gaussian, Inc. and that
 it will not use this program in any manner prohibited above.
 ---------------------------------------------------------------
  

 Cite this work as:
 Gaussian 09, Revision E.01,
 M. J. Frisch, G. W. Trucks, H. B. Schlegel, G. E. Scuseria, 
 M. A. Robb, J. R. Cheeseman, G. Scalmani, V. Barone, B. Mennucci, 
 G. A. Petersson, H. Nakatsuji, M. Caricato, X. Li, H. P. Hratchian, 
 A. F. Izmaylov, J. Bloino, G. Zheng, J. L. Sonnenberg, M. Hada, 
 M. Ehara, K. Toyota, R. Fukuda, J. Hasegawa, M. Ishida, T. Nakajima, 
 Y. Honda, O. Kitao, H. Nakai, T. Vreven, J. A. Montgomery, Jr., 
 J. E. Peralta, F. Ogliaro, M. Bearpark, J. J. Heyd, E. Brothers, 
 K. N. Kudin, V. N. Staroverov, T. Keith, R. Kobayashi, J. Normand, 
 K. Raghavachari, A. Rendell, J. C. Burant, S. S. Iyengar, J. Tomasi, 
 M. Cossi, N. Rega, J. M. Millam, M. Klene, J. E. Knox, J. B. Cross, 
 V. Bakken, C. Adamo, J. Jaramillo, R. Gomperts, R. E. Stratmann, 
 O. Yazyev, A. J. Austin, R. Cammi, C. Pomelli, J. W. Ochterski, 
 R. L. Martin, K. Morokuma, V. G. Zakrzewski, G. A. Voth, 
 P. Salvador, J. J. Dannenberg, S. Dapprich, A. D. Daniels, 
 O. Farkas, J. B. Foresman, J. V. Ortiz, J. Cioslowski, 
 and D. J. Fox, Gaussian, Inc., Wallingford CT, 2013.
 
 ******************************************
 Gaussian 09:  ES64L-G09RevE.01 30-Nov-2015
                17-Feb-2017 
 ******************************************
 %chk=h12.chk
 ----------------------------------------------------------------------
 #rhf/gen scf(symm,tight,novaracc,noincfock,fulldiag) stable(crhf) gues
 s=read geom=nocrowd test
 ----------------------------------------------------------------------
 1/38=1/1;
 2/12=1,17=6,18=5,40=1/2;
 3/5=7,16=1,25=1,30=1,116=1/1,2,3;
 4/5=1,9=4/1;
 5/5=100002,15=2,16=1,32=2,38=6/2;
 8/6=1,10=90,11=11/1,4;
 9/8=4,13=1/2;
 6/7=2,8=2,9=2,10=2,28=1/1;
 99/5=1,9=1/99;
 ----------------------------------------------------------------------
 hf stability analysis of h12 triangular lattice, y= 0.5159090308841330
 9
 ----------------------------------------------------------------------
 Symbolic Z-matrix:
 Charge =  0 Multiplicity = 1
 H
 H                    1     1.23229 
 H                    1     1.23229  2     130.5 
 H                    2     1.23229  1     49.5     3     0.       0
 H                    2     1.23229  1     180.     3     0.       0
 H                    4     1.23229  3     180.     5     0.       0
 H                    6     1.23229  5     180.     3     0.       0
 H                    4     1.23229  2     180.     3     0.       0
 H                    3     1.23229  1     180.     4     0.       0
 H                    9     1.23229  3     180.     4     0.       0
 H                    8     1.23229  4     180.     3     0.       0
 H                    7     1.23229  6     180.     3     0.       0
 
                          Input orientation:                          
 ---------------------------------------------------------------------
 Center     Atomic      Atomic             Coordinates (Angstroms)
 Number     Number       Type             X           Y           Z
 ---------------------------------------------------------------------
      1          1           0        0.000000    0.000000    0.000000
      2          1           0        0.000000    0.000000    1.232287
      3          1           0        0.937039    0.000000   -0.800306
      4          1           0        0.937039    0.000000    0.431981
      5          1           0        0.000000    0.000000    2.464574
      6          1           0        0.937039    0.000000    1.664268
      7          1           0        1.874077    0.000000    0.863961
      8          1           0        1.874077    0.000000   -0.368326
      9          1           0        1.874077    0.000000   -1.600613
     10          1           0        2.811116    0.000000   -2.400919
     11          1           0        2.811116    0.000000   -1.168632
     12          1           0        2.811116    0.000000    0.063655
 ---------------------------------------------------------------------
                    Distance matrix (angstroms):
                    1          2          3          4          5
     1  H    0.000000
     2  H    1.232287   0.000000
     3  H    1.232287   2.238186   0.000000
     4  H    1.031818   1.232287   1.232287   0.000000
     5  H    2.464574   1.232287   3.396688   2.238186   0.000000
     6  H    1.909929   1.031818   2.464574   1.232287   1.232287
     7  H    2.063636   1.909929   1.909929   1.031818   2.464574
     8  H    1.909929   2.464574   1.031818   1.232287   3.396688
     9  H    2.464574   3.396688   1.232287   2.238186   4.476373
    10  H    3.696861   4.593752   2.464574   3.396688   5.619199
    11  H    3.044351   3.696861   1.909929   2.464574   4.593752
    12  H    2.811836   3.044351   2.063636   1.909929   3.696861
                    6          7          8          9         10
     6  H    0.000000
     7  H    1.232287   0.000000
     8  H    2.238186   1.232287   0.000000
     9  H    3.396688   2.464574   1.232287   0.000000
    10  H    4.476373   3.396688   2.238186   1.232287   0.000000
    11  H    3.396688   2.238186   1.232287   1.031818   1.232287
    12  H    2.464574   1.232287   1.031818   1.909929   2.464574
                   11         12
    11  H    0.000000
    12  H    1.232287   0.000000
 Stoichiometry    H12
 Framework group  C2H[SGH(H12)]
 Deg. of freedom    11
 Full point group                 C2H     NOp   4
 Largest Abelian subgroup         C2H     NOp   4
 Largest concise Abelian subgroup C2      NOp   2
                         Standard orientation:                         
 ---------------------------------------------------------------------
 Center     Atomic      Atomic             Coordinates (Angstroms)
 Number     Number       Type             X           Y           Z
 ---------------------------------------------------------------------
      1          1           0        0.937039    1.048124    0.000000
      2          1           0       -0.000000    1.848431    0.000000
      3          1           0        0.937039   -0.184163    0.000000
      4          1           0       -0.000000    0.616144    0.000000
      5          1           0       -0.937039    2.648737   -0.000000
      6          1           0       -0.937039    1.416450   -0.000000
      7          1           0       -0.937039    0.184163    0.000000
      8          1           0       -0.000000   -0.616144    0.000000
      9          1           0        0.937039   -1.416450   -0.000000
     10          1           0        0.937039   -2.648737   -0.000000
     11          1           0       -0.000000   -1.848431    0.000000
     12          1           0       -0.937039   -1.048124    0.000000
 ---------------------------------------------------------------------
 Rotational constants (GHZ):     92.4653843     16.9967138     14.3575512
 General basis read from cards:  (5D, 7F)
 There are     6 symmetry adapted cartesian basis functions of AG  symmetry.
 There are     0 symmetry adapted cartesian basis functions of BG  symmetry.
 There are     0 symmetry adapted cartesian basis functions of AU  symmetry.
 There are     6 symmetry adapted cartesian basis functions of BU  symmetry.
 There are     6 symmetry adapted basis functions of AG  symmetry.
 There are     0 symmetry adapted basis functions of BG  symmetry.
 There are     0 symmetry adapted basis functions of AU  symmetry.
 There are     6 symmetry adapted basis functions of BU  symmetry.
    12 basis functions,   120 primitive gaussians,    12 cartesian basis functions
     6 alpha electrons        6 beta electrons
       nuclear repulsion energy        19.0122645965 Hartrees.
 NAtoms=   12 NActive=   12 NUniq=    6 SFac= 4.00D+00 NAtFMM=   60 NAOKFM=F Big=F
 Integral buffers will be    131072 words long.
 Regular integral format.
 Two-electron integral symmetry is turned on.
 One-electron integrals computed using PRISM.
 NBasis=    12 RedAO= T EigKep=  1.85D-01  NBF=     6     0     0     6
 NBsUse=    12 1.00D-06 EigRej= -1.00D+00 NBFU=     6     0     0     6
 Initial guess from the checkpoint file:  "h12.chk"
 B after Tr=    -0.000000    0.000000    0.000000
         Rot=    0.998262    0.000000    0.000000   -0.058926 Ang=  -6.76 deg.
 Initial guess orbital symmetries:
       Occupied  (AG) (BU) (AG) (BU) (BU) (AG)
       Virtual   (BU) (AG) (BU) (AG) (AG) (BU)
 Keep R1 ints in memory in symmetry-blocked form, NReq=902692.
 Requested convergence on RMS density matrix=1.00D-08 within 128 cycles.
 Requested convergence on MAX density matrix=1.00D-06.
 Requested convergence on             energy=1.00D-06.
 No special actions if energy rises.
 SCF Done:  E(RHF) =  -5.96475585037     A.U. after   13 cycles
            NFock= 13  Conv=0.38D-08     -V/T= 1.9774
 Range of M.O.s used for correlation:     1    12
 NBasis=    12 NAE=     6 NBE=     6 NFC=     0 NFV=     0
 NROrb=     12 NOA=     6 NOB=     6 NVA=     6 NVB=     6
 Semi-Direct transformation.
 ModeAB=           4 MOrb=             6 LenV=     134086033
 LASXX=         2181 LTotXX=        2181 LenRXX=        5115
 LTotAB=        2934 MaxLAS=        3024 LenRXY=           0
 NonZer=        7296 LenScr=      655360 LnRSAI=        3024
 LnScr1=      655360 LExtra=           0 Total=      1318859
 MaxDsk=          -1 SrtSym=           T ITran=            3
 JobTyp=0 Pass  1:  I=   1 to   6.
 (rs|ai) integrals will be sorted in core.
 Spin components of T(2) and E(2):
     alpha-alpha T2 =       0.4208189858D-02 E2=     -0.6400512296D-02
     alpha-beta  T2 =       0.6323705762D-01 E2=     -0.9806333331D-01
     beta-beta   T2 =       0.4208189858D-02 E2=     -0.6400512296D-02
 ANorm=    0.1035206954D+01
 E2 =    -0.1108643579D+00 EUMP2 =    -0.60756202082723D+01
 Second order stability test of a single determinant RHF wave function:
 Stabil:  MDV=134217728
 ***********************************************************************
 Matrix         Lowest Root    Major Pairs
 ***********************************************************************
 Internal RHF     0.2281043    Stable
 RRHF --> CRHF    0.2164194    Stable
 RRHF --> RUHF    0.0336155    Stable
 Stable under the perturbations considered.
 ***********************************************************************

 **********************************************************************

            Population analysis using the SCF density.

 **********************************************************************

 Orbital symmetries:
       Occupied  (AG) (BU) (AG) (BU) (BU) (AG)
       Virtual   (AG) (AG) (BU) (BU) (BU) (AG)
 The electronic state is 1-AG.
 Alpha  occ. eigenvalues --   -0.92736  -0.78056  -0.58048  -0.55593  -0.35900
 Alpha  occ. eigenvalues --   -0.33280
 Alpha virt. eigenvalues --    0.12553   0.23728   0.24263   0.32449   0.52640
 Alpha virt. eigenvalues --    0.54791
          Condensed to atoms (all electrons):
               1          2          3          4          5          6
     1  H    1.077443   0.257881  -0.108659   0.224140  -0.043857  -0.147775
     2  H    0.257881   0.737370  -0.034417  -0.062267   0.181903  -0.024423
     3  H   -0.108659  -0.034417   1.018758  -0.062769   0.009161  -0.003011
     4  H    0.224140  -0.062267  -0.062769   0.946903  -0.102989   0.016228
     5  H   -0.043857   0.181903   0.009161  -0.102989   0.838616   0.172597
     6  H   -0.147775  -0.024423  -0.003011   0.016228   0.172597   0.749889
     7  H   -0.101956  -0.131237  -0.068058   0.326901  -0.049829   0.225051
     8  H   -0.072424  -0.016198   0.326901  -0.168792   0.011501  -0.018164
     9  H   -0.045940  -0.006322   0.225051  -0.018164   0.000954   0.009375
    10  H    0.001911  -0.000250  -0.049829   0.011501  -0.000290   0.000954
    11  H    0.018623   0.007052  -0.131237  -0.016198  -0.000250  -0.006322
    12  H    0.023008   0.018623  -0.101956  -0.072424   0.001911  -0.045940
               7          8          9         10         11         12
     1  H   -0.101956  -0.072424  -0.045940   0.001911   0.018623   0.023008
     2  H   -0.131237  -0.016198  -0.006322  -0.000250   0.007052   0.018623
     3  H   -0.068058   0.326901   0.225051  -0.049829  -0.131237  -0.101956
     4  H    0.326901  -0.168792  -0.018164   0.011501  -0.016198  -0.072424
     5  H   -0.049829   0.011501   0.000954  -0.000290  -0.000250   0.001911
     6  H    0.225051  -0.018164   0.009375   0.000954  -0.006322  -0.045940
     7  H    1.018758  -0.062769  -0.003011   0.009161  -0.034417  -0.108659
     8  H   -0.062769   0.946903   0.016228  -0.102989  -0.062267   0.224140
     9  H   -0.003011   0.016228   0.749889   0.172597  -0.024423  -0.147775
    10  H    0.009161  -0.102989   0.172597   0.838616   0.181903  -0.043857
    11  H   -0.034417  -0.062267  -0.024423   0.181903   0.737370   0.257881
    12  H   -0.108659   0.224140  -0.147775  -0.043857   0.257881   1.077443
 Mulliken charges:
               1
     1  H   -0.082393
     2  H    0.072285
     3  H   -0.019936
     4  H   -0.022069
     5  H   -0.019428
     6  H    0.071541
     7  H   -0.019936
     8  H   -0.022069
     9  H    0.071541
    10  H   -0.019428
    11  H    0.072285
    12  H   -0.082393
 Sum of Mulliken charges =   0.00000
 Mulliken charges with hydrogens summed into heavy atoms:
               1
 Electronic spatial extent (au):  <R**2>=            163.0395
 Charge=              0.0000 electrons
 Dipole moment (field-independent basis, Debye):
    X=              0.0000    Y=             -0.0000    Z=             -0.0000  Tot=              0.0000
 Quadrupole moment (field-independent basis, Debye-Ang):
   XX=            -18.0003   YY=            -18.1030   ZZ=            -15.4326
   XY=             -1.1934   XZ=              0.0000   YZ=             -0.0000
 Traceless Quadrupole moment (field-independent basis, Debye-Ang):
   XX=             -0.8217   YY=             -0.9244   ZZ=              1.7461
   XY=             -1.1934   XZ=              0.0000   YZ=             -0.0000
 Octapole moment (field-independent basis, Debye-Ang**2):
  XXX=              0.0000  YYY=             -0.0000  ZZZ=              0.0000  XYY=              0.0000
  XXY=             -0.0000  XXZ=             -0.0000  XZZ=              0.0000  YZZ=              0.0000
  YYZ=             -0.0000  XYZ=             -0.0000
 Hexadecapole moment (field-independent basis, Debye-Ang**3):
 XXXX=            -81.4565 YYYY=           -262.9898 ZZZZ=            -18.4588 XXXY=             23.9968
 XXXZ=             -0.0000 YYYX=             21.0571 YYYZ=             -0.0000 ZZZX=             -0.0000
 ZZZY=             -0.0000 XXYY=            -58.9630 XXZZ=            -16.4163 YYZZ=            -44.9046
 XXYZ=              0.0000 YYXZ=              0.0000 ZZXY=              7.9053
 N-N= 1.901226459651D+01 E-N=-4.898433387810D+01  KE= 6.102523487006D+00
 Symmetry AG   KE= 2.957277685795D+00
 Symmetry BG   KE= 0.000000000000D+00
 Symmetry AU   KE= 0.000000000000D+00
 Symmetry BU   KE= 3.145245801211D+00

 Test job not archived.
 1\1\GINC-SULU\Stability\RHF\Gen\H12\LCJ1\17-Feb-2017\0\\#rhf/gen scf(s
 ymm,tight,novaracc,noincfock,fulldiag) stable(crhf) guess=read geom=no
 crowd test\\hf stability analysis of h12 triangular lattice, y= 0.5159
 0903088413309\\0,1\H\H,1,1.2322871563\H,1,1.2322871563,2,130.5\H,2,1.2
 322871563,1,49.5,3,0.,0\H,2,1.2322871563,1,180.,3,0.,0\H,4,1.232287156
 3,3,180.,5,0.,0\H,6,1.2322871563,5,180.,3,0.,0\H,4,1.2322871563,2,180.
 ,3,0.,0\H,3,1.2322871563,1,180.,4,0.,0\H,9,1.2322871563,3,180.,4,0.,0\
 H,8,1.2322871563,4,180.,3,0.,0\H,7,1.2322871563,6,180.,3,0.,0\\Version
 =ES64L-G09RevE.01\State=1-AG\HF=-5.9647559\MP2=-6.0756202\RMSD=3.825e-
 09\Dipole=0.,0.,0.\Quadrupole=-1.5314082,1.2981515,0.2332567,0.,-0.101
 089,0.\PG=C02H [SGH(H12)]\\@


 In the beginning there was nothing, which exploded.
 Job cpu time:       0 days  0 hours  0 minutes  1.1 seconds.
 File lengths (MBytes):  RWF=     84 Int=      0 D2E=      0 Chk=      2 Scr=      2
 Normal termination of Gaussian 09 at Fri Feb 17 14:57:19 2017.
