 Entering Gaussian System, Link 0=g09
 AtFile(1): H.gbs
            H     0
            S   10   1.00
               1000.000000000000            0.000068713567
                316.227766000000            0.000169141320
                100.000000000000            0.000823394812
                 31.622776600000            0.003425569236
                 10.000000000000            0.013951996000
                  3.162277660000            0.056909313560
                  1.000000000000            0.198286399900
                  0.316227766000            0.496922426700
                  0.100000000000            0.369846276400
                  0.031622776600            0.003752720039
            ****
 Initial command:
 /projects/guscus/apps/gau/g09-e1/g09/l1.exe "/users/lcj1/gaussian/h12/rhfstability/rect/guess/ag3bu3/Gau-12767.inp" -scrdir="/users/lcj1/gaussian/h12/rhfstability/rect/guess/ag3bu3/"
 Entering Link 1 = /projects/guscus/apps/gau/g09-e1/g09/l1.exe PID=     12768.
  
 Copyright (c) 1988,1990,1992,1993,1995,1998,2003,2009,2015,
            Gaussian, Inc.  All Rights Reserved.
  
 This is part of the Gaussian(R) 09 program.  It is based on
 the Gaussian(R) 03 system (copyright 2003, Gaussian, Inc.),
 the Gaussian(R) 98 system (copyright 1998, Gaussian, Inc.),
 the Gaussian(R) 94 system (copyright 1995, Gaussian, Inc.),
 the Gaussian 92(TM) system (copyright 1992, Gaussian, Inc.),
 the Gaussian 90(TM) system (copyright 1990, Gaussian, Inc.),
 the Gaussian 88(TM) system (copyright 1988, Gaussian, Inc.),
 the Gaussian 86(TM) system (copyright 1986, Carnegie Mellon
 University), and the Gaussian 82(TM) system (copyright 1983,
 Carnegie Mellon University). Gaussian is a federally registered
 trademark of Gaussian, Inc.
  
 This software contains proprietary and confidential information,
 including trade secrets, belonging to Gaussian, Inc.
  
 This software is provided under written license and may be
 used, copied, transmitted, or stored only in accord with that
 written license.
  
 The following legend is applicable only to US Government
 contracts under FAR:
  
                    RESTRICTED RIGHTS LEGEND
  
 Use, reproduction and disclosure by the US Government is
 subject to restrictions as set forth in subparagraphs (a)
 and (c) of the Commercial Computer Software - Restricted
 Rights clause in FAR 52.227-19.
  
 Gaussian, Inc.
 340 Quinnipiac St., Bldg. 40, Wallingford CT 06492
  
  
 ---------------------------------------------------------------
 Warning -- This program may not be used in any manner that
 competes with the business of Gaussian, Inc. or will provide
 assistance to any competitor of Gaussian, Inc.  The licensee
 of this program is prohibited from giving any competitor of
 Gaussian, Inc. access to this program.  By using this program,
 the user acknowledges that Gaussian, Inc. is engaged in the
 business of creating and licensing software in the field of
 computational chemistry and represents and warrants to the
 licensee that it is not a competitor of Gaussian, Inc. and that
 it will not use this program in any manner prohibited above.
 ---------------------------------------------------------------
  

 Cite this work as:
 Gaussian 09, Revision E.01,
 M. J. Frisch, G. W. Trucks, H. B. Schlegel, G. E. Scuseria, 
 M. A. Robb, J. R. Cheeseman, G. Scalmani, V. Barone, B. Mennucci, 
 G. A. Petersson, H. Nakatsuji, M. Caricato, X. Li, H. P. Hratchian, 
 A. F. Izmaylov, J. Bloino, G. Zheng, J. L. Sonnenberg, M. Hada, 
 M. Ehara, K. Toyota, R. Fukuda, J. Hasegawa, M. Ishida, T. Nakajima, 
 Y. Honda, O. Kitao, H. Nakai, T. Vreven, J. A. Montgomery, Jr., 
 J. E. Peralta, F. Ogliaro, M. Bearpark, J. J. Heyd, E. Brothers, 
 K. N. Kudin, V. N. Staroverov, T. Keith, R. Kobayashi, J. Normand, 
 K. Raghavachari, A. Rendell, J. C. Burant, S. S. Iyengar, J. Tomasi, 
 M. Cossi, N. Rega, J. M. Millam, M. Klene, J. E. Knox, J. B. Cross, 
 V. Bakken, C. Adamo, J. Jaramillo, R. Gomperts, R. E. Stratmann, 
 O. Yazyev, A. J. Austin, R. Cammi, C. Pomelli, J. W. Ochterski, 
 R. L. Martin, K. Morokuma, V. G. Zakrzewski, G. A. Voth, 
 P. Salvador, J. J. Dannenberg, S. Dapprich, A. D. Daniels, 
 O. Farkas, J. B. Foresman, J. V. Ortiz, J. Cioslowski, 
 and D. J. Fox, Gaussian, Inc., Wallingford CT, 2013.
 
 ******************************************
 Gaussian 09:  ES64L-G09RevE.01 30-Nov-2015
                17-Feb-2017 
 ******************************************
 %chk=h12.chk
 ----------------------------------------------------------------------
 #rhf/gen scf(symm,tight,novaracc,noincfock,fulldiag) stable(crhf) gues
 s=read geom=nocrowd test
 ----------------------------------------------------------------------
 1/38=1/1;
 2/12=1,17=6,18=5,40=1/2;
 3/5=7,16=1,25=1,30=1,116=1/1,2,3;
 4/5=1,9=4/1;
 5/5=100002,15=2,16=1,32=2,38=6/2;
 8/6=1,10=90,11=11/1,4;
 9/8=4,13=1/2;
 6/7=2,8=2,9=2,10=2,28=1/1;
 99/5=1,9=1/99;
 ----------------------------------------------------------------------
 hf stability analysis of h12 triangular lattice, y= 1.7438440595774944
 ----------------------------------------------------------------------
 Symbolic Z-matrix:
 Charge =  0 Multiplicity = 1
 H
 H                    1     1.77499 
 H                    1     1.77499  2     21.5 
 H                    2     1.77499  1     158.5    3     0.       0
 H                    2     1.77499  1     180.     3     0.       0
 H                    4     1.77499  3     180.     5     0.       0
 H                    6     1.77499  5     180.     3     0.       0
 H                    4     1.77499  2     180.     3     0.       0
 H                    3     1.77499  1     180.     4     0.       0
 H                    9     1.77499  3     180.     4     0.       0
 H                    8     1.77499  4     180.     3     0.       0
 H                    7     1.77499  6     180.     3     0.       0
 
                          Input orientation:                          
 ---------------------------------------------------------------------
 Center     Atomic      Atomic             Coordinates (Angstroms)
 Number     Number       Type             X           Y           Z
 ---------------------------------------------------------------------
      1          1           0        0.000000    0.000000    0.000000
      2          1           0        0.000000    0.000000    1.774994
      3          1           0        0.650538    0.000000    1.651486
      4          1           0        0.650538    0.000000    3.426481
      5          1           0        0.000000    0.000000    3.549989
      6          1           0        0.650538    0.000000    5.201475
      7          1           0        1.301075    0.000000    6.852961
      8          1           0        1.301075    0.000000    5.077967
      9          1           0        1.301075    0.000000    3.302972
     10          1           0        1.951613    0.000000    4.954458
     11          1           0        1.951613    0.000000    6.729453
     12          1           0        1.951613    0.000000    8.504447
 ---------------------------------------------------------------------
                    Distance matrix (angstroms):
                    1          2          3          4          5
     1  H    0.000000
     2  H    1.774994   0.000000
     3  H    1.774994   0.662158   0.000000
     4  H    3.487688   1.774994   1.774994   0.000000
     5  H    3.549989   1.774994   2.006866   0.662158   0.000000
     6  H    5.241998   3.487688   3.549989   1.774994   1.774994
     7  H    6.975376   5.241998   5.241998   3.487688   3.549989
     8  H    5.241998   3.549989   3.487688   1.774994   2.006866
     9  H    3.549989   2.006866   1.774994   0.662158   1.324317
    10  H    5.324983   3.730654   3.549989   2.006866   2.404439
    11  H    7.006734   5.324983   5.241998   3.549989   3.730654
    12  H    8.725504   7.006734   6.975376   5.241998   5.324983
                    6          7          8          9         10
     6  H    0.000000
     7  H    1.774994   0.000000
     8  H    0.662158   1.774994   0.000000
     9  H    2.006866   3.549989   1.774994   0.000000
    10  H    1.324317   2.006866   0.662158   1.774994   0.000000
    11  H    2.006866   0.662158   1.774994   3.487688   1.774994
    12  H    3.549989   1.774994   3.487688   5.241998   3.549989
                   11         12
    11  H    0.000000
    12  H    1.774994   0.000000
 Stoichiometry    H12
 Framework group  C2H[SGH(H12)]
 Deg. of freedom    11
 Full point group                 C2H     NOp   4
 Largest Abelian subgroup         C2H     NOp   4
 Largest concise Abelian subgroup C2      NOp   2
                         Standard orientation:                         
 ---------------------------------------------------------------------
 Center     Atomic      Atomic             Coordinates (Angstroms)
 Number     Number       Type             X           Y           Z
 ---------------------------------------------------------------------
      1          1           0        0.650538    4.313978    0.000000
      2          1           0        0.000000    2.662492    0.000000
      3          1           0        0.650538    2.538983    0.000000
      4          1           0        0.000000    0.887497    0.000000
      5          1           0       -0.650538    1.011006    0.000000
      6          1           0       -0.650538   -0.763989   -0.000000
      7          1           0       -0.650538   -2.538983    0.000000
      8          1           0       -0.000000   -0.887497    0.000000
      9          1           0        0.650538    0.763989    0.000000
     10          1           0        0.650538   -1.011006    0.000000
     11          1           0       -0.000000   -2.662492    0.000000
     12          1           0       -0.650538   -4.313978    0.000000
 ---------------------------------------------------------------------
 Rotational constants (GHZ):    219.9638503      7.1448422      6.9200654
 General basis read from cards:  (5D, 7F)
 There are     6 symmetry adapted cartesian basis functions of AG  symmetry.
 There are     0 symmetry adapted cartesian basis functions of BG  symmetry.
 There are     0 symmetry adapted cartesian basis functions of AU  symmetry.
 There are     6 symmetry adapted cartesian basis functions of BU  symmetry.
 There are     6 symmetry adapted basis functions of AG  symmetry.
 There are     0 symmetry adapted basis functions of BG  symmetry.
 There are     0 symmetry adapted basis functions of AU  symmetry.
 There are     6 symmetry adapted basis functions of BU  symmetry.
    12 basis functions,   120 primitive gaussians,    12 cartesian basis functions
     6 alpha electrons        6 beta electrons
       nuclear repulsion energy        16.7811479689 Hartrees.
 NAtoms=   12 NActive=   12 NUniq=    6 SFac= 4.00D+00 NAtFMM=   60 NAOKFM=F Big=F
 Integral buffers will be    131072 words long.
 Regular integral format.
 Two-electron integral symmetry is turned on.
 One-electron integrals computed using PRISM.
 NBasis=    12 RedAO= T EigKep=  7.64D-02  NBF=     6     0     0     6
 NBsUse=    12 1.00D-06 EigRej= -1.00D+00 NBFU=     6     0     0     6
 Initial guess from the checkpoint file:  "h12.chk"
 B after Tr=    -0.000000    0.000000    0.000000
         Rot=    0.961264    0.000000    0.000000   -0.275629 Ang= -32.00 deg.
 Initial guess orbital symmetries:
       Occupied  (AG) (BU) (AG) (BU) (BU) (AG)
       Virtual   (BU) (AG) (BU) (AG) (AG) (BU)
 Keep R1 ints in memory in symmetry-blocked form, NReq=896630.
 Requested convergence on RMS density matrix=1.00D-08 within 128 cycles.
 Requested convergence on MAX density matrix=1.00D-06.
 Requested convergence on             energy=1.00D-06.
 No special actions if energy rises.
 SCF Done:  E(RHF) =  -5.60210311153     A.U. after   12 cycles
            NFock= 12  Conv=0.61D-08     -V/T= 1.8897
 Range of M.O.s used for correlation:     1    12
 NBasis=    12 NAE=     6 NBE=     6 NFC=     0 NFV=     0
 NROrb=     12 NOA=     6 NOB=     6 NVA=     6 NVB=     6

 **** Warning!!: The smallest alpha delta epsilon is  0.63241900D-01

 Semi-Direct transformation.
 ModeAB=           4 MOrb=             6 LenV=     134090611
 LASXX=         2181 LTotXX=        2181 LenRXX=        5115
 LTotAB=        2934 MaxLAS=        3024 LenRXY=           0
 NonZer=        7296 LenScr=      655360 LnRSAI=        3024
 LnScr1=      655360 LExtra=           0 Total=      1318859
 MaxDsk=          -1 SrtSym=           T ITran=            3
 JobTyp=0 Pass  1:  I=   1 to   6.
 (rs|ai) integrals will be sorted in core.
 Spin components of T(2) and E(2):
     alpha-alpha T2 =       0.5644284006D-02 E2=     -0.5021637813D-02
     alpha-beta  T2 =       0.4979581649D+01 E2=     -0.6925738850D+00
     beta-beta   T2 =       0.5644284006D-02 E2=     -0.5021637813D-02
 ANorm=    0.2447625424D+01
 E2 =    -0.7026171606D+00 EUMP2 =    -0.63047202721758D+01
 Second order stability test of a single determinant RHF wave function:
 Stabil:  MDV=134217728
 ***********************************************************************
 Matrix         Lowest Root    Major Pairs
 ***********************************************************************
 Internal RHF     0.0624045    Stable
 RRHF --> CRHF    0.0015398    Stable
 RRHF --> RUHF   -0.5627268    6A=7B
 Not stable.
 ***********************************************************************

 **********************************************************************

            Population analysis using the SCF density.

 **********************************************************************

 Orbital symmetries:
       Occupied  (AG) (BU) (AG) (BU) (BU) (AG)
       Virtual   (BU) (AG) (BU) (AG) (AG) (BU)
 The electronic state is 1-AG.
 Alpha  occ. eigenvalues --   -0.88926  -0.79482  -0.66450  -0.63939  -0.33981
 Alpha  occ. eigenvalues --   -0.18575
 Alpha virt. eigenvalues --   -0.12251   0.03299   0.47690   0.49844   0.86734
 Alpha virt. eigenvalues --    1.07506
          Condensed to atoms (all electrons):
               1          2          3          4          5          6
     1  H    1.107983  -0.043462  -0.043211   0.000216   0.000304   0.000094
     2  H   -0.043462   0.656210   0.500899  -0.058676  -0.008862   0.002858
     3  H   -0.043211   0.500899   0.637139  -0.056878  -0.038133  -0.001630
     4  H    0.000216  -0.058676  -0.056878   0.964125   0.264764  -0.038823
     5  H    0.000304  -0.008862  -0.038133   0.264764   0.820249   0.197859
     6  H    0.000094   0.002858  -0.001630  -0.038823   0.197859   0.946603
     7  H   -0.000015   0.000064   0.000042   0.000981   0.002408  -0.011732
     8  H    0.000092   0.001017   0.000981  -0.066712  -0.021321   0.291163
     9  H   -0.000018  -0.043777  -0.011732   0.291163  -0.283930  -0.189008
    10  H   -0.000000  -0.001095   0.002408  -0.021321  -0.098950  -0.283930
    11  H   -0.000015   0.000034   0.000064   0.001017  -0.001095  -0.043777
    12  H    0.000005  -0.000015  -0.000015   0.000092  -0.000000  -0.000018
               7          8          9         10         11         12
     1  H   -0.000015   0.000092  -0.000018  -0.000000  -0.000015   0.000005
     2  H    0.000064   0.001017  -0.043777  -0.001095   0.000034  -0.000015
     3  H    0.000042   0.000981  -0.011732   0.002408   0.000064  -0.000015
     4  H    0.000981  -0.066712   0.291163  -0.021321   0.001017   0.000092
     5  H    0.002408  -0.021321  -0.283930  -0.098950  -0.001095  -0.000000
     6  H   -0.011732   0.291163  -0.189008  -0.283930  -0.043777  -0.000018
     7  H    0.637139  -0.056878  -0.001630  -0.038133   0.500899  -0.043211
     8  H   -0.056878   0.964125  -0.038823   0.264764  -0.058676   0.000216
     9  H   -0.001630  -0.038823   0.946603   0.197859   0.002858   0.000094
    10  H   -0.038133   0.264764   0.197859   0.820249  -0.008862   0.000304
    11  H    0.500899  -0.058676   0.002858  -0.008862   0.656210  -0.043462
    12  H   -0.043211   0.000216   0.000094   0.000304  -0.043462   1.107983
 Mulliken charges:
               1
     1  H   -0.021972
     2  H   -0.005195
     3  H    0.010067
     4  H   -0.279947
     5  H    0.166707
     6  H    0.130341
     7  H    0.010067
     8  H   -0.279947
     9  H    0.130341
    10  H    0.166707
    11  H   -0.005195
    12  H   -0.021972
 Sum of Mulliken charges =  -0.00000
 Mulliken charges with hydrogens summed into heavy atoms:
               1
 Electronic spatial extent (au):  <R**2>=            298.7014
 Charge=             -0.0000 electrons
 Dipole moment (field-independent basis, Debye):
    X=              0.0000    Y=              0.0000    Z=              0.0000  Tot=              0.0000
 Quadrupole moment (field-independent basis, Debye-Ang):
   XX=            -15.9227   YY=            -22.3693   ZZ=            -15.4126
   XY=             -1.6227   XZ=             -0.0000   YZ=             -0.0000
 Traceless Quadrupole moment (field-independent basis, Debye-Ang):
   XX=              1.9788   YY=             -4.4678   ZZ=              2.4890
   XY=             -1.6227   XZ=             -0.0000   YZ=             -0.0000
 Octapole moment (field-independent basis, Debye-Ang**2):
  XXX=              0.0000  YYY=             -0.0000  ZZZ=             -0.0000  XYY=              0.0000
  XXY=              0.0000  XXZ=             -0.0000  XZZ=              0.0000  YZZ=              0.0000
  YYZ=             -0.0000  XYZ=             -0.0000
 Hexadecapole moment (field-independent basis, Debye-Ang**3):
 XXXX=            -47.5628 YYYY=           -760.8705 ZZZZ=            -18.5734 XXXY=            -34.4059
 XXXZ=             -0.0000 YYYX=            -66.2369 YYYZ=             -0.0000 ZZZX=             -0.0000
 ZZZY=             -0.0000 XXYY=           -103.6764 XXZZ=            -11.0323 YYZZ=            -99.0042
 XXYZ=             -0.0000 YYXZ=             -0.0000 ZZXY=            -11.7537
 N-N= 1.678114796888D+01 E-N=-4.403597422919D+01  KE= 6.296513380915D+00
 Symmetry AG   KE= 2.782533863189D+00
 Symmetry BG   KE= 0.000000000000D+00
 Symmetry AU   KE= 0.000000000000D+00
 Symmetry BU   KE= 3.513979517726D+00

 Test job not archived.
 1\1\GINC-SULU\Stability\RHF\Gen\H12\LCJ1\17-Feb-2017\0\\#rhf/gen scf(s
 ymm,tight,novaracc,noincfock,fulldiag) stable(crhf) guess=read geom=no
 crowd test\\hf stability analysis of h12 triangular lattice, y= 1.7438
 440595774944\\0,1\H\H,1,1.7749944942\H,1,1.7749944942,2,21.5\H,2,1.774
 9944942,1,158.5,3,0.,0\H,2,1.7749944942,1,180.,3,0.,0\H,4,1.7749944942
 ,3,180.,5,0.,0\H,6,1.7749944942,5,180.,3,0.,0\H,4,1.7749944942,2,180.,
 3,0.,0\H,3,1.7749944942,1,180.,4,0.,0\H,9,1.7749944942,3,180.,4,0.,0\H
 ,8,1.7749944942,4,180.,3,0.,0\H,7,1.7749944942,6,180.,3,0.,0\\Version=
 ES64L-G09RevE.01\State=1-AG\HF=-5.6021031\MP2=-6.3047203\RMSD=6.060e-0
 9\Dipole=0.,0.,0.\Quadrupole=1.6501845,1.850488,-3.5006725,0.,-0.75203
 31,0.\PG=C02H [SGH(H12)]\\@


 SEE YOU NOW,
 YOUR BAIT OF FALSEHOOD TAKES THIS CARP OF TRUTH.
 AND THUS DO WE OF WISDOM AND OF REACH...
 BY INDIRECTIONS FIND DIRECTIONS OUT.    -- HAMLET, II, 1
 Job cpu time:       0 days  0 hours  0 minutes  1.0 seconds.
 File lengths (MBytes):  RWF=     84 Int=      0 D2E=      0 Chk=      2 Scr=      2
 Normal termination of Gaussian 09 at Fri Feb 17 15:08:47 2017.
