 Entering Gaussian System, Link 0=g09
 AtFile(1): H.gbs
            H     0
            S   10   1.00
               1000.000000000000            0.000068713567
                316.227766000000            0.000169141320
                100.000000000000            0.000823394812
                 31.622776600000            0.003425569236
                 10.000000000000            0.013951996000
                  3.162277660000            0.056909313560
                  1.000000000000            0.198286399900
                  0.316227766000            0.496922426700
                  0.100000000000            0.369846276400
                  0.031622776600            0.003752720039
            ****
 Initial command:
 /projects/guscus/apps/gau/g09-e1/g09/l1.exe "/users/lcj1/gaussian/h12/rhfstability/rect/guess/ag3bu3/Gau-16942.inp" -scrdir="/users/lcj1/gaussian/h12/rhfstability/rect/guess/ag3bu3/"
 Entering Link 1 = /projects/guscus/apps/gau/g09-e1/g09/l1.exe PID=     16945.
  
 Copyright (c) 1988,1990,1992,1993,1995,1998,2003,2009,2015,
            Gaussian, Inc.  All Rights Reserved.
  
 This is part of the Gaussian(R) 09 program.  It is based on
 the Gaussian(R) 03 system (copyright 2003, Gaussian, Inc.),
 the Gaussian(R) 98 system (copyright 1998, Gaussian, Inc.),
 the Gaussian(R) 94 system (copyright 1995, Gaussian, Inc.),
 the Gaussian 92(TM) system (copyright 1992, Gaussian, Inc.),
 the Gaussian 90(TM) system (copyright 1990, Gaussian, Inc.),
 the Gaussian 88(TM) system (copyright 1988, Gaussian, Inc.),
 the Gaussian 86(TM) system (copyright 1986, Carnegie Mellon
 University), and the Gaussian 82(TM) system (copyright 1983,
 Carnegie Mellon University). Gaussian is a federally registered
 trademark of Gaussian, Inc.
  
 This software contains proprietary and confidential information,
 including trade secrets, belonging to Gaussian, Inc.
  
 This software is provided under written license and may be
 used, copied, transmitted, or stored only in accord with that
 written license.
  
 The following legend is applicable only to US Government
 contracts under FAR:
  
                    RESTRICTED RIGHTS LEGEND
  
 Use, reproduction and disclosure by the US Government is
 subject to restrictions as set forth in subparagraphs (a)
 and (c) of the Commercial Computer Software - Restricted
 Rights clause in FAR 52.227-19.
  
 Gaussian, Inc.
 340 Quinnipiac St., Bldg. 40, Wallingford CT 06492
  
  
 ---------------------------------------------------------------
 Warning -- This program may not be used in any manner that
 competes with the business of Gaussian, Inc. or will provide
 assistance to any competitor of Gaussian, Inc.  The licensee
 of this program is prohibited from giving any competitor of
 Gaussian, Inc. access to this program.  By using this program,
 the user acknowledges that Gaussian, Inc. is engaged in the
 business of creating and licensing software in the field of
 computational chemistry and represents and warrants to the
 licensee that it is not a competitor of Gaussian, Inc. and that
 it will not use this program in any manner prohibited above.
 ---------------------------------------------------------------
  

 Cite this work as:
 Gaussian 09, Revision E.01,
 M. J. Frisch, G. W. Trucks, H. B. Schlegel, G. E. Scuseria, 
 M. A. Robb, J. R. Cheeseman, G. Scalmani, V. Barone, B. Mennucci, 
 G. A. Petersson, H. Nakatsuji, M. Caricato, X. Li, H. P. Hratchian, 
 A. F. Izmaylov, J. Bloino, G. Zheng, J. L. Sonnenberg, M. Hada, 
 M. Ehara, K. Toyota, R. Fukuda, J. Hasegawa, M. Ishida, T. Nakajima, 
 Y. Honda, O. Kitao, H. Nakai, T. Vreven, J. A. Montgomery, Jr., 
 J. E. Peralta, F. Ogliaro, M. Bearpark, J. J. Heyd, E. Brothers, 
 K. N. Kudin, V. N. Staroverov, T. Keith, R. Kobayashi, J. Normand, 
 K. Raghavachari, A. Rendell, J. C. Burant, S. S. Iyengar, J. Tomasi, 
 M. Cossi, N. Rega, J. M. Millam, M. Klene, J. E. Knox, J. B. Cross, 
 V. Bakken, C. Adamo, J. Jaramillo, R. Gomperts, R. E. Stratmann, 
 O. Yazyev, A. J. Austin, R. Cammi, C. Pomelli, J. W. Ochterski, 
 R. L. Martin, K. Morokuma, V. G. Zakrzewski, G. A. Voth, 
 P. Salvador, J. J. Dannenberg, S. Dapprich, A. D. Daniels, 
 O. Farkas, J. B. Foresman, J. V. Ortiz, J. Cioslowski, 
 and D. J. Fox, Gaussian, Inc., Wallingford CT, 2013.
 
 ******************************************
 Gaussian 09:  ES64L-G09RevE.01 30-Nov-2015
                17-Feb-2017 
 ******************************************
 %chk=h12.chk
 ----------------------------------------------------------------------
 #rhf/gen scf(symm,tight,novaracc,noincfock,fulldiag) stable(crhf) gues
 s=read geom=nocrowd test
 ----------------------------------------------------------------------
 1/38=1/1;
 2/12=1,17=6,18=5,40=1/2;
 3/5=7,16=1,25=1,30=1,116=1/1,2,3;
 4/5=1,9=4/1;
 5/5=100002,15=2,16=1,32=2,38=6/2;
 8/6=1,10=90,11=11/1,4;
 9/8=4,13=1/2;
 6/7=2,8=2,9=2,10=2,28=1/1;
 99/5=1,9=1/99;
 ----------------------------------------------------------------------
 hf stability analysis of h12 triangular lattice, y= 0.4920397018298700
 0
 ----------------------------------------------------------------------
 Symbolic Z-matrix:
 Charge =  0 Multiplicity = 1
 H
 H                    1     1.27237 
 H                    1     1.27237  2     134.5 
 H                    2     1.27237  1     45.5     3     0.       0
 H                    2     1.27237  1     180.     3     0.       0
 H                    4     1.27237  3     180.     5     0.       0
 H                    6     1.27237  5     180.     3     0.       0
 H                    4     1.27237  2     180.     3     0.       0
 H                    3     1.27237  1     180.     4     0.       0
 H                    9     1.27237  3     180.     4     0.       0
 H                    8     1.27237  4     180.     3     0.       0
 H                    7     1.27237  6     180.     3     0.       0
 
                          Input orientation:                          
 ---------------------------------------------------------------------
 Center     Atomic      Atomic             Coordinates (Angstroms)
 Number     Number       Type             X           Y           Z
 ---------------------------------------------------------------------
      1          1           0        0.000000    0.000000    0.000000
      2          1           0        0.000000    0.000000    1.272371
      3          1           0        0.907519    0.000000   -0.891816
      4          1           0        0.907519    0.000000    0.380554
      5          1           0        0.000000    0.000000    2.544741
      6          1           0        0.907519    0.000000    1.652925
      7          1           0        1.815038    0.000000    0.761109
      8          1           0        1.815038    0.000000   -0.511262
      9          1           0        1.815038    0.000000   -1.783633
     10          1           0        2.722557    0.000000   -2.675449
     11          1           0        2.722557    0.000000   -1.403079
     12          1           0        2.722557    0.000000   -0.130708
 ---------------------------------------------------------------------
                    Distance matrix (angstroms):
                    1          2          3          4          5
     1  H    0.000000
     2  H    1.272371   0.000000
     3  H    1.272371   2.346763   0.000000
     4  H    0.984079   1.272371   1.272371   0.000000
     5  H    2.544741   1.272371   3.554366   2.346763   0.000000
     6  H    1.885670   0.984079   2.544741   1.272371   1.272371
     7  H    1.968159   1.885670   1.885670   0.984079   2.544741
     8  H    1.885670   2.544741   0.984079   1.272371   3.554366
     9  H    2.544741   3.554366   1.272371   2.346763   4.693526
    10  H    3.817112   4.795581   2.544741   3.554366   5.887504
    11  H    3.062833   3.817112   1.885670   2.544741   4.795581
    12  H    2.725693   3.062833   1.968159   1.885670   3.817112
                    6          7          8          9         10
     6  H    0.000000
     7  H    1.272371   0.000000
     8  H    2.346763   1.272371   0.000000
     9  H    3.554366   2.544741   1.272371   0.000000
    10  H    4.693526   3.554366   2.346763   1.272371   0.000000
    11  H    3.554366   2.346763   1.272371   0.984079   1.272371
    12  H    2.544741   1.272371   0.984079   1.885670   2.544741
                   11         12
    11  H    0.000000
    12  H    1.272371   0.000000
 Stoichiometry    H12
 Framework group  C2H[SGH(H12)]
 Deg. of freedom    11
 Full point group                 C2H     NOp   4
 Largest Abelian subgroup         C2H     NOp   4
 Largest concise Abelian subgroup C2      NOp   2
                         Standard orientation:                         
 ---------------------------------------------------------------------
 Center     Atomic      Atomic             Coordinates (Angstroms)
 Number     Number       Type             X           Y           Z
 ---------------------------------------------------------------------
      1          1           0        0.907519    1.016740   -0.000000
      2          1           0        0.000000    1.908556    0.000000
      3          1           0        0.907519   -0.255631   -0.000000
      4          1           0        0.000000    0.636185    0.000000
      5          1           0       -0.907519    2.800372    0.000000
      6          1           0       -0.907519    1.528002    0.000000
      7          1           0       -0.907519    0.255631   -0.000000
      8          1           0       -0.000000   -0.636185    0.000000
      9          1           0        0.907519   -1.528002    0.000000
     10          1           0        0.907519   -2.800372    0.000000
     11          1           0       -0.000000   -1.908556    0.000000
     12          1           0       -0.907519   -1.016740   -0.000000
 ---------------------------------------------------------------------
 Rotational constants (GHZ):    101.1637391     15.5352866     13.4671877
 General basis read from cards:  (5D, 7F)
 There are     6 symmetry adapted cartesian basis functions of AG  symmetry.
 There are     0 symmetry adapted cartesian basis functions of BG  symmetry.
 There are     0 symmetry adapted cartesian basis functions of AU  symmetry.
 There are     6 symmetry adapted cartesian basis functions of BU  symmetry.
 There are     6 symmetry adapted basis functions of AG  symmetry.
 There are     0 symmetry adapted basis functions of BG  symmetry.
 There are     0 symmetry adapted basis functions of AU  symmetry.
 There are     6 symmetry adapted basis functions of BU  symmetry.
    12 basis functions,   120 primitive gaussians,    12 cartesian basis functions
     6 alpha electrons        6 beta electrons
       nuclear repulsion energy        18.7651323881 Hartrees.
 NAtoms=   12 NActive=   12 NUniq=    6 SFac= 4.00D+00 NAtFMM=   60 NAOKFM=F Big=F
 Integral buffers will be    131072 words long.
 Regular integral format.
 Two-electron integral symmetry is turned on.
 One-electron integrals computed using PRISM.
 NBasis=    12 RedAO= T EigKep=  1.73D-01  NBF=     6     0     0     6
 NBsUse=    12 1.00D-06 EigRej= -1.00D+00 NBFU=     6     0     0     6
 Initial guess from the checkpoint file:  "h12.chk"
 B after Tr=     0.000000    0.000000    0.000000
         Rot=    0.998899    0.000000    0.000000   -0.046916 Ang=  -5.38 deg.
 Initial guess orbital symmetries:
       Occupied  (AG) (BU) (AG) (BU) (BU) (AG)
       Virtual   (BU) (AG) (BU) (AG) (AG) (BU)
 Keep R1 ints in memory in symmetry-blocked form, NReq=902188.
 Requested convergence on RMS density matrix=1.00D-08 within 128 cycles.
 Requested convergence on MAX density matrix=1.00D-06.
 Requested convergence on             energy=1.00D-06.
 No special actions if energy rises.
 SCF Done:  E(RHF) =  -5.95291898607     A.U. after   14 cycles
            NFock= 14  Conv=0.68D-09     -V/T= 1.9777
 Range of M.O.s used for correlation:     1    12
 NBasis=    12 NAE=     6 NBE=     6 NFC=     0 NFV=     0
 NROrb=     12 NOA=     6 NOB=     6 NVA=     6 NVB=     6
 Semi-Direct transformation.
 ModeAB=           4 MOrb=             6 LenV=     134086355
 LASXX=         2181 LTotXX=        2181 LenRXX=        5115
 LTotAB=        2934 MaxLAS=        3024 LenRXY=           0
 NonZer=        7296 LenScr=      655360 LnRSAI=        3024
 LnScr1=      655360 LExtra=           0 Total=      1318859
 MaxDsk=          -1 SrtSym=           T ITran=            3
 JobTyp=0 Pass  1:  I=   1 to   6.
 (rs|ai) integrals will be sorted in core.
 Spin components of T(2) and E(2):
     alpha-alpha T2 =       0.4032067961D-02 E2=     -0.6091151343D-02
     alpha-beta  T2 =       0.6469393654D-01 E2=     -0.9817251241D-01
     beta-beta   T2 =       0.4032067961D-02 E2=     -0.6091151343D-02
 ANorm=    0.1035740350D+01
 E2 =    -0.1103548151D+00 EUMP2 =    -0.60632738011684D+01
 Second order stability test of a single determinant RHF wave function:
 Stabil:  MDV=134217728
 ***********************************************************************
 Matrix         Lowest Root    Major Pairs
 ***********************************************************************
 Internal RHF     0.176511     Stable
 RRHF --> CRHF    0.1600585    Stable
 RRHF --> RUHF    0.0142082    Stable
 Stable under the perturbations considered.
 ***********************************************************************

 **********************************************************************

            Population analysis using the SCF density.

 **********************************************************************

 Orbital symmetries:
       Occupied  (AG) (BU) (AG) (BU) (BU) (AG)
       Virtual   (AG) (BU) (BU) (AG) (AG) (BU)
 The electronic state is 1-AG.
 Alpha  occ. eigenvalues --   -0.90428  -0.77311  -0.58673  -0.52201  -0.37674
 Alpha  occ. eigenvalues --   -0.30532
 Alpha virt. eigenvalues --    0.08753   0.22347   0.28989   0.29977   0.54210
 Alpha virt. eigenvalues --    0.59688
          Condensed to atoms (all electrons):
               1          2          3          4          5          6
     1  H    1.106316   0.258750  -0.111053   0.231469  -0.037537  -0.156674
     2  H    0.258750   0.759475  -0.032708  -0.057160   0.167594  -0.023204
     3  H   -0.111053  -0.032708   1.073973  -0.062120   0.007228   0.002440
     4  H    0.231469  -0.057160  -0.062120   0.906556  -0.082694  -0.001595
     5  H   -0.037537   0.167594   0.007228  -0.082694   0.760911   0.178032
     6  H   -0.156674  -0.023204   0.002440  -0.001595   0.178032   0.749953
     7  H   -0.131580  -0.145017  -0.059711   0.325972  -0.040007   0.224696
     8  H   -0.066934  -0.012206   0.325972  -0.150278   0.008186  -0.012426
     9  H   -0.038167  -0.005155   0.224696  -0.012426   0.000553   0.007158
    10  H    0.001054  -0.000228  -0.040007   0.008186  -0.000155   0.000553
    11  H    0.018362   0.005912  -0.145017  -0.012206  -0.000228  -0.005155
    12  H    0.024147   0.018362  -0.131580  -0.066934   0.001054  -0.038167
               7          8          9         10         11         12
     1  H   -0.131580  -0.066934  -0.038167   0.001054   0.018362   0.024147
     2  H   -0.145017  -0.012206  -0.005155  -0.000228   0.005912   0.018362
     3  H   -0.059711   0.325972   0.224696  -0.040007  -0.145017  -0.131580
     4  H    0.325972  -0.150278  -0.012426   0.008186  -0.012206  -0.066934
     5  H   -0.040007   0.008186   0.000553  -0.000155  -0.000228   0.001054
     6  H    0.224696  -0.012426   0.007158   0.000553  -0.005155  -0.038167
     7  H    1.073973  -0.062120   0.002440   0.007228  -0.032708  -0.111053
     8  H   -0.062120   0.906556  -0.001595  -0.082694  -0.057160   0.231469
     9  H    0.002440  -0.001595   0.749953   0.178032  -0.023204  -0.156674
    10  H    0.007228  -0.082694   0.178032   0.760911   0.167594  -0.037537
    11  H   -0.032708  -0.057160  -0.023204   0.167594   0.759475   0.258750
    12  H   -0.111053   0.231469  -0.156674  -0.037537   0.258750   1.106316
 Mulliken charges:
               1
     1  H   -0.098152
     2  H    0.065585
     3  H   -0.052114
     4  H   -0.026771
     5  H    0.037064
     6  H    0.074388
     7  H   -0.052114
     8  H   -0.026771
     9  H    0.074388
    10  H    0.037064
    11  H    0.065585
    12  H   -0.098152
 Sum of Mulliken charges =  -0.00000
 Mulliken charges with hydrogens summed into heavy atoms:
               1
 Electronic spatial extent (au):  <R**2>=            168.0191
 Charge=             -0.0000 electrons
 Dipole moment (field-independent basis, Debye):
    X=             -0.0000    Y=             -0.0000    Z=              0.0000  Tot=              0.0000
 Quadrupole moment (field-independent basis, Debye-Ang):
   XX=            -18.1281   YY=            -13.5452   ZZ=            -15.4692
   XY=             -2.8346   XZ=             -0.0000   YZ=             -0.0000
 Traceless Quadrupole moment (field-independent basis, Debye-Ang):
   XX=             -2.4139   YY=              2.1690   ZZ=              0.2450
   XY=             -2.8346   XZ=             -0.0000   YZ=             -0.0000
 Octapole moment (field-independent basis, Debye-Ang**2):
  XXX=              0.0000  YYY=             -0.0000  ZZZ=              0.0000  XYY=              0.0000
  XXY=              0.0000  XXZ=              0.0000  XZZ=              0.0000  YZZ=             -0.0000
  YYZ=              0.0000  XYZ=              0.0000
 Hexadecapole moment (field-independent basis, Debye-Ang**3):
 XXXX=            -78.5693 YYYY=           -238.5139 ZZZZ=            -18.5472 XXXY=             23.5118
 XXXZ=             -0.0000 YYYX=              8.5393 YYYZ=              0.0000 ZZZX=             -0.0000
 ZZZY=              0.0000 XXYY=            -57.3430 XXZZ=            -15.9355 YYZZ=            -47.6150
 XXYZ=              0.0000 YYXZ=             -0.0000 ZZXY=              8.1659
 N-N= 1.876513238815D+01 E-N=-4.858838650286D+01  KE= 6.088670577986D+00
 Symmetry AG   KE= 2.967106334015D+00
 Symmetry BG   KE= 0.000000000000D+00
 Symmetry AU   KE= 0.000000000000D+00
 Symmetry BU   KE= 3.121564243971D+00

 Test job not archived.
 1\1\GINC-SULU\Stability\RHF\Gen\H12\LCJ1\17-Feb-2017\0\\#rhf/gen scf(s
 ymm,tight,novaracc,noincfock,fulldiag) stable(crhf) guess=read geom=no
 crowd test\\hf stability analysis of h12 triangular lattice, y= 0.4920
 3970182987000\\0,1\H\H,1,1.2723706791\H,1,1.2723706791,2,134.5\H,2,1.2
 723706791,1,45.5,3,0.,0\H,2,1.2723706791,1,180.,3,0.,0\H,4,1.272370679
 1,3,180.,5,0.,0\H,6,1.2723706791,5,180.,3,0.,0\H,4,1.2723706791,2,180.
 ,3,0.,0\H,3,1.2723706791,1,180.,4,0.,0\H,9,1.2723706791,3,180.,4,0.,0\
 H,8,1.2723706791,4,180.,3,0.,0\H,7,1.2723706791,6,180.,3,0.,0\\Version
 =ES64L-G09RevE.01\State=1-AG\HF=-5.952919\MP2=-6.0632738\RMSD=6.814e-1
 0\Dipole=0.,0.,0.\Quadrupole=-2.1684571,0.182121,1.9863361,0.,-1.74017
 02,0.\PG=C02H [SGH(H12)]\\@


 SCIENCE IS LONG AND LIFE IS SHORT.

                     DON MOSER IN THE FEBRUARY 1979 SMITHSONIAN
 Job cpu time:       0 days  0 hours  0 minutes  1.1 seconds.
 File lengths (MBytes):  RWF=     84 Int=      0 D2E=      0 Chk=      2 Scr=      2
 Normal termination of Gaussian 09 at Fri Feb 17 14:56:54 2017.
