 Entering Gaussian System, Link 0=g09
 AtFile(1): H.gbs
            H     0
            S   10   1.00
               1000.000000000000            0.000068713567
                316.227766000000            0.000169141320
                100.000000000000            0.000823394812
                 31.622776600000            0.003425569236
                 10.000000000000            0.013951996000
                  3.162277660000            0.056909313560
                  1.000000000000            0.198286399900
                  0.316227766000            0.496922426700
                  0.100000000000            0.369846276400
                  0.031622776600            0.003752720039
            ****
 Initial command:
 /projects/guscus/apps/gau/g09-e1/g09/l1.exe "/users/lcj1/gaussian/h12/rhfstability/rect/guess/ag3bu3/Gau-13424.inp" -scrdir="/users/lcj1/gaussian/h12/rhfstability/rect/guess/ag3bu3/"
 Entering Link 1 = /projects/guscus/apps/gau/g09-e1/g09/l1.exe PID=     13425.
  
 Copyright (c) 1988,1990,1992,1993,1995,1998,2003,2009,2015,
            Gaussian, Inc.  All Rights Reserved.
  
 This is part of the Gaussian(R) 09 program.  It is based on
 the Gaussian(R) 03 system (copyright 2003, Gaussian, Inc.),
 the Gaussian(R) 98 system (copyright 1998, Gaussian, Inc.),
 the Gaussian(R) 94 system (copyright 1995, Gaussian, Inc.),
 the Gaussian 92(TM) system (copyright 1992, Gaussian, Inc.),
 the Gaussian 90(TM) system (copyright 1990, Gaussian, Inc.),
 the Gaussian 88(TM) system (copyright 1988, Gaussian, Inc.),
 the Gaussian 86(TM) system (copyright 1986, Carnegie Mellon
 University), and the Gaussian 82(TM) system (copyright 1983,
 Carnegie Mellon University). Gaussian is a federally registered
 trademark of Gaussian, Inc.
  
 This software contains proprietary and confidential information,
 including trade secrets, belonging to Gaussian, Inc.
  
 This software is provided under written license and may be
 used, copied, transmitted, or stored only in accord with that
 written license.
  
 The following legend is applicable only to US Government
 contracts under FAR:
  
                    RESTRICTED RIGHTS LEGEND
  
 Use, reproduction and disclosure by the US Government is
 subject to restrictions as set forth in subparagraphs (a)
 and (c) of the Commercial Computer Software - Restricted
 Rights clause in FAR 52.227-19.
  
 Gaussian, Inc.
 340 Quinnipiac St., Bldg. 40, Wallingford CT 06492
  
  
 ---------------------------------------------------------------
 Warning -- This program may not be used in any manner that
 competes with the business of Gaussian, Inc. or will provide
 assistance to any competitor of Gaussian, Inc.  The licensee
 of this program is prohibited from giving any competitor of
 Gaussian, Inc. access to this program.  By using this program,
 the user acknowledges that Gaussian, Inc. is engaged in the
 business of creating and licensing software in the field of
 computational chemistry and represents and warrants to the
 licensee that it is not a competitor of Gaussian, Inc. and that
 it will not use this program in any manner prohibited above.
 ---------------------------------------------------------------
  

 Cite this work as:
 Gaussian 09, Revision E.01,
 M. J. Frisch, G. W. Trucks, H. B. Schlegel, G. E. Scuseria, 
 M. A. Robb, J. R. Cheeseman, G. Scalmani, V. Barone, B. Mennucci, 
 G. A. Petersson, H. Nakatsuji, M. Caricato, X. Li, H. P. Hratchian, 
 A. F. Izmaylov, J. Bloino, G. Zheng, J. L. Sonnenberg, M. Hada, 
 M. Ehara, K. Toyota, R. Fukuda, J. Hasegawa, M. Ishida, T. Nakajima, 
 Y. Honda, O. Kitao, H. Nakai, T. Vreven, J. A. Montgomery, Jr., 
 J. E. Peralta, F. Ogliaro, M. Bearpark, J. J. Heyd, E. Brothers, 
 K. N. Kudin, V. N. Staroverov, T. Keith, R. Kobayashi, J. Normand, 
 K. Raghavachari, A. Rendell, J. C. Burant, S. S. Iyengar, J. Tomasi, 
 M. Cossi, N. Rega, J. M. Millam, M. Klene, J. E. Knox, J. B. Cross, 
 V. Bakken, C. Adamo, J. Jaramillo, R. Gomperts, R. E. Stratmann, 
 O. Yazyev, A. J. Austin, R. Cammi, C. Pomelli, J. W. Ochterski, 
 R. L. Martin, K. Morokuma, V. G. Zakrzewski, G. A. Voth, 
 P. Salvador, J. J. Dannenberg, S. Dapprich, A. D. Daniels, 
 O. Farkas, J. B. Foresman, J. V. Ortiz, J. Cioslowski, 
 and D. J. Fox, Gaussian, Inc., Wallingford CT, 2013.
 
 ******************************************
 Gaussian 09:  ES64L-G09RevE.01 30-Nov-2015
                17-Feb-2017 
 ******************************************
 %chk=h12.chk
 ----------------------------------------------------------------------
 #rhf/gen scf(symm,tight,novaracc,noincfock,fulldiag) stable(crhf) gues
 s=read geom=nocrowd test
 ----------------------------------------------------------------------
 1/38=1/1;
 2/12=1,17=6,18=5,40=1/2;
 3/5=7,16=1,25=1,30=1,116=1/1,2,3;
 4/5=1,9=4/1;
 5/5=100002,15=2,16=1,32=2,38=6/2;
 8/6=1,10=90,11=11/1,4;
 9/8=4,13=1/2;
 6/7=2,8=2,9=2,10=2,28=1/1;
 99/5=1,9=1/99;
 ----------------------------------------------------------------------
 hf stability analysis of h12 triangular lattice, y= 1.9367771983277440
 ----------------------------------------------------------------------
 Symbolic Z-matrix:
 Charge =  0 Multiplicity = 1
 H
 H                    1     1.95958 
 H                    1     1.95958  2     17.5 
 H                    2     1.95958  1     162.5    3     0.       0
 H                    2     1.95958  1     180.     3     0.       0
 H                    4     1.95958  3     180.     5     0.       0
 H                    6     1.95958  5     180.     3     0.       0
 H                    4     1.95958  2     180.     3     0.       0
 H                    3     1.95958  1     180.     4     0.       0
 H                    9     1.95958  3     180.     4     0.       0
 H                    8     1.95958  4     180.     3     0.       0
 H                    7     1.95958  6     180.     3     0.       0
 
                          Input orientation:                          
 ---------------------------------------------------------------------
 Center     Atomic      Atomic             Coordinates (Angstroms)
 Number     Number       Type             X           Y           Z
 ---------------------------------------------------------------------
      1          1           0        0.000000    0.000000    0.000000
      2          1           0        0.000000    0.000000    1.959584
      3          1           0        0.589258    0.000000    1.868888
      4          1           0        0.589258    0.000000    3.828472
      5          1           0        0.000000    0.000000    3.919168
      6          1           0        0.589258    0.000000    5.788056
      7          1           0        1.178516    0.000000    7.656944
      8          1           0        1.178516    0.000000    5.697360
      9          1           0        1.178516    0.000000    3.737777
     10          1           0        1.767775    0.000000    5.606665
     11          1           0        1.767775    0.000000    7.566249
     12          1           0        1.767775    0.000000    9.525832
 ---------------------------------------------------------------------
                    Distance matrix (angstroms):
                    1          2          3          4          5
     1  H    0.000000
     2  H    1.959584   0.000000
     3  H    1.959584   0.596197   0.000000
     4  H    3.873554   1.959584   1.959584   0.000000
     5  H    3.919168   1.959584   2.133277   0.596197   0.000000
     6  H    5.817973   3.873554   3.919168   1.959584   1.959584
     7  H    7.747109   5.817973   5.817973   3.873554   3.919168
     8  H    5.817973   3.919168   3.873554   1.959584   2.133277
     9  H    3.919168   2.133277   1.959584   0.596197   1.192394
    10  H    5.878751   4.052928   3.919168   2.133277   2.443905
    11  H    7.770016   5.878751   5.817973   3.919168   4.052928
    12  H    9.688473   7.770016   7.747109   5.817973   5.878751
                    6          7          8          9         10
     6  H    0.000000
     7  H    1.959584   0.000000
     8  H    0.596197   1.959584   0.000000
     9  H    2.133277   3.919168   1.959584   0.000000
    10  H    1.192394   2.133277   0.596197   1.959584   0.000000
    11  H    2.133277   0.596197   1.959584   3.873554   1.959584
    12  H    3.919168   1.959584   3.873554   5.817973   3.919168
                   11         12
    11  H    0.000000
    12  H    1.959584   0.000000
 Stoichiometry    H12
 Framework group  C2H[SGH(H12)]
 Deg. of freedom    11
 Full point group                 C2H     NOp   4
 Largest Abelian subgroup         C2H     NOp   4
 Largest concise Abelian subgroup C2      NOp   2
                         Standard orientation:                         
 ---------------------------------------------------------------------
 Center     Atomic      Atomic             Coordinates (Angstroms)
 Number     Number       Type             X           Y           Z
 ---------------------------------------------------------------------
      1          1           0        0.589258    4.808264    0.000000
      2          1           0        0.000000    2.939376    0.000000
      3          1           0        0.589258    2.848680    0.000000
      4          1           0        0.000000    0.979792    0.000000
      5          1           0       -0.589258    1.070487   -0.000000
      6          1           0       -0.589258   -0.889096   -0.000000
      7          1           0       -0.589258   -2.848680    0.000000
      8          1           0       -0.000000   -0.979792    0.000000
      9          1           0        0.589258    0.889096   -0.000000
     10          1           0        0.589258   -1.070487    0.000000
     11          1           0       -0.000000   -2.939376    0.000000
     12          1           0       -0.589258   -4.808264    0.000000
 ---------------------------------------------------------------------
 Rotational constants (GHZ):    271.0015594      5.7992538      5.6777536
 General basis read from cards:  (5D, 7F)
 There are     6 symmetry adapted cartesian basis functions of AG  symmetry.
 There are     0 symmetry adapted cartesian basis functions of BG  symmetry.
 There are     0 symmetry adapted cartesian basis functions of AU  symmetry.
 There are     6 symmetry adapted cartesian basis functions of BU  symmetry.
 There are     6 symmetry adapted basis functions of AG  symmetry.
 There are     0 symmetry adapted basis functions of BG  symmetry.
 There are     0 symmetry adapted basis functions of AU  symmetry.
 There are     6 symmetry adapted basis functions of BU  symmetry.
    12 basis functions,   120 primitive gaussians,    12 cartesian basis functions
     6 alpha electrons        6 beta electrons
       nuclear repulsion energy        16.4220454432 Hartrees.
 NAtoms=   12 NActive=   12 NUniq=    6 SFac= 4.00D+00 NAtFMM=   60 NAOKFM=F Big=F
 Integral buffers will be    131072 words long.
 Regular integral format.
 Two-electron integral symmetry is turned on.
 One-electron integrals computed using PRISM.
 NBasis=    12 RedAO= T EigKep=  5.88D-02  NBF=     6     0     0     6
 NBsUse=    12 1.00D-06 EigRej= -1.00D+00 NBFU=     6     0     0     6
 Initial guess from the checkpoint file:  "h12.chk"
 B after Tr=    -0.000000   -0.000000    0.000000
         Rot=    0.962268    0.000000   -0.000000   -0.272104 Ang= -31.58 deg.
 Initial guess orbital symmetries:
       Occupied  (AG) (BU) (AG) (BU) (BU) (AG)
       Virtual   (BU) (AG) (BU) (AG) (AG) (BU)
 Keep R1 ints in memory in symmetry-blocked form, NReq=896098.
 Requested convergence on RMS density matrix=1.00D-08 within 128 cycles.
 Requested convergence on MAX density matrix=1.00D-06.
 Requested convergence on             energy=1.00D-06.
 No special actions if energy rises.
 SCF Done:  E(RHF) =  -5.34927475987     A.U. after   14 cycles
            NFock= 14  Conv=0.18D-08     -V/T= 1.8448
 Range of M.O.s used for correlation:     1    12
 NBasis=    12 NAE=     6 NBE=     6 NFC=     0 NFV=     0
 NROrb=     12 NOA=     6 NOB=     6 NVA=     6 NVB=     6

 **** Warning!!: The smallest alpha delta epsilon is  0.55313436D-01

 Semi-Direct transformation.
 ModeAB=           4 MOrb=             6 LenV=     134092389
 LASXX=         2181 LTotXX=        2181 LenRXX=        5115
 LTotAB=        2934 MaxLAS=        3024 LenRXY=           0
 NonZer=        7296 LenScr=      655360 LnRSAI=        3024
 LnScr1=      655360 LExtra=           0 Total=      1318859
 MaxDsk=          -1 SrtSym=           T ITran=            3
 JobTyp=0 Pass  1:  I=   1 to   6.
 (rs|ai) integrals will be sorted in core.
 Spin components of T(2) and E(2):
     alpha-alpha T2 =       0.5034407552D-02 E2=     -0.4403905294D-02
     alpha-beta  T2 =       0.6797046151D+01 E2=     -0.8158539743D+00
     beta-beta   T2 =       0.5034407552D-02 E2=     -0.4403905294D-02
 ANorm=    0.2794121502D+01
 E2 =    -0.8246617849D+00 EUMP2 =    -0.61739365447470D+01
 Second order stability test of a single determinant RHF wave function:
 Stabil:  MDV=134217728
 ***********************************************************************
 Matrix         Lowest Root    Major Pairs
 ***********************************************************************
 Internal RHF     0.0302382    Stable
 RRHF --> CRHF    0.0003578    Stable
 RRHF --> RUHF   -0.5751748    6A=7B
 Not stable.
 ***********************************************************************

 **********************************************************************

            Population analysis using the SCF density.

 **********************************************************************

 Orbital symmetries:
       Occupied  (AG) (BU) (AG) (BU) (BU) (AG)
       Virtual   (BU) (AG) (BU) (AG) (AG) (BU)
 The electronic state is 1-AG.
 Alpha  occ. eigenvalues --   -0.89687  -0.83235  -0.68524  -0.67830  -0.29143
 Alpha  occ. eigenvalues --   -0.19805
 Alpha virt. eigenvalues --   -0.14273   0.04392   0.52680   0.53708   1.04886
 Alpha virt. eigenvalues --    1.22470
          Condensed to atoms (all electrons):
               1          2          3          4          5          6
     1  H    1.064276  -0.029089  -0.029999   0.000308   0.000408   0.000019
     2  H   -0.029089   0.610003   0.490927  -0.037215  -0.000924   0.001421
     3  H   -0.029999   0.490927   0.602052  -0.036696  -0.027348  -0.000899
     4  H    0.000308  -0.037215  -0.036696   1.031107   0.237267  -0.023325
     5  H    0.000408  -0.000924  -0.027348   0.237267   0.937221   0.196842
     6  H    0.000019   0.001421  -0.000899  -0.023325   0.196842   1.021342
     7  H   -0.000003   0.000012   0.000006   0.000402   0.001220  -0.001142
     8  H    0.000016   0.000393   0.000402  -0.041480  -0.012884   0.251749
     9  H   -0.000195  -0.028957  -0.001142   0.251749  -0.417430  -0.181320
    10  H   -0.000004  -0.000721   0.001220  -0.012884  -0.111515  -0.417430
    11  H   -0.000003   0.000005   0.000012   0.000393  -0.000721  -0.028957
    12  H    0.000001  -0.000003  -0.000003   0.000016  -0.000004  -0.000195
               7          8          9         10         11         12
     1  H   -0.000003   0.000016  -0.000195  -0.000004  -0.000003   0.000001
     2  H    0.000012   0.000393  -0.028957  -0.000721   0.000005  -0.000003
     3  H    0.000006   0.000402  -0.001142   0.001220   0.000012  -0.000003
     4  H    0.000402  -0.041480   0.251749  -0.012884   0.000393   0.000016
     5  H    0.001220  -0.012884  -0.417430  -0.111515  -0.000721  -0.000004
     6  H   -0.001142   0.251749  -0.181320  -0.417430  -0.028957  -0.000195
     7  H    0.602052  -0.036696  -0.000899  -0.027348   0.490927  -0.029999
     8  H   -0.036696   1.031107  -0.023325   0.237267  -0.037215   0.000308
     9  H   -0.000899  -0.023325   1.021342   0.196842   0.001421   0.000019
    10  H   -0.027348   0.237267   0.196842   0.937221  -0.000924   0.000408
    11  H    0.490927  -0.037215   0.001421  -0.000924   0.610003  -0.029089
    12  H   -0.029999   0.000308   0.000019   0.000408  -0.029089   1.064276
 Mulliken charges:
               1
     1  H   -0.005734
     2  H   -0.005853
     3  H    0.001469
     4  H   -0.369644
     5  H    0.197869
     6  H    0.181893
     7  H    0.001469
     8  H   -0.369644
     9  H    0.181893
    10  H    0.197869
    11  H   -0.005853
    12  H   -0.005734
 Sum of Mulliken charges =  -0.00000
 Mulliken charges with hydrogens summed into heavy atoms:
               1
 Electronic spatial extent (au):  <R**2>=            353.5510
 Charge=             -0.0000 electrons
 Dipole moment (field-independent basis, Debye):
    X=              0.0000    Y=              0.0000    Z=             -0.0000  Tot=              0.0000
 Quadrupole moment (field-independent basis, Debye-Ang):
   XX=            -16.2603   YY=            -19.5807   ZZ=            -15.4816
   XY=             -0.8501   XZ=             -0.0000   YZ=              0.0000
 Traceless Quadrupole moment (field-independent basis, Debye-Ang):
   XX=              0.8472   YY=             -2.4732   ZZ=              1.6260
   XY=             -0.8501   XZ=             -0.0000   YZ=              0.0000
 Octapole moment (field-independent basis, Debye-Ang**2):
  XXX=              0.0000  YYY=              0.0000  ZZZ=             -0.0000  XYY=              0.0000
  XXY=              0.0000  XXZ=             -0.0000  XZZ=              0.0000  YZZ=              0.0000
  YYZ=             -0.0000  XYZ=             -0.0000
 Hexadecapole moment (field-independent basis, Debye-Ang**3):
 XXXX=            -43.5934 YYYY=           -852.9513 ZZZZ=            -18.7609 XXXY=            -34.6386
 XXXZ=              0.0000 YYYX=            -56.3179 YYYZ=              0.0000 ZZZX=              0.0000
 ZZZY=              0.0000 XXYY=           -122.7442 XXZZ=            -10.3728 YYZZ=           -120.5921
 XXYZ=              0.0000 YYXZ=              0.0000 ZZXY=            -11.9072
 N-N= 1.642204544319D+01 E-N=-4.270993037882D+01  KE= 6.331756819033D+00
 Symmetry AG   KE= 2.740521764802D+00
 Symmetry BG   KE= 0.000000000000D+00
 Symmetry AU   KE= 0.000000000000D+00
 Symmetry BU   KE= 3.591235054230D+00

 Test job not archived.
 1\1\GINC-SULU\Stability\RHF\Gen\H12\LCJ1\17-Feb-2017\0\\#rhf/gen scf(s
 ymm,tight,novaracc,noincfock,fulldiag) stable(crhf) guess=read geom=no
 crowd test\\hf stability analysis of h12 triangular lattice, y= 1.9367
 771983277440\\0,1\H\H,1,1.9595837819\H,1,1.9595837819,2,17.5\H,2,1.959
 5837819,1,162.5,3,0.,0\H,2,1.9595837819,1,180.,3,0.,0\H,4,1.9595837819
 ,3,180.,5,0.,0\H,6,1.9595837819,5,180.,3,0.,0\H,4,1.9595837819,2,180.,
 3,0.,0\H,3,1.9595837819,1,180.,4,0.,0\H,9,1.9595837819,3,180.,4,0.,0\H
 ,8,1.9595837819,4,180.,3,0.,0\H,7,1.9595837819,6,180.,3,0.,0\\Version=
 ES64L-G09RevE.01\State=1-AG\HF=-5.3492748\MP2=-6.1739365\RMSD=1.836e-0
 9\Dipole=0.,0.,0.\Quadrupole=0.7691572,1.2088621,-1.9780193,0.,-0.1902
 685,0.\PG=C02H [SGH(H12)]\\@


 I FIND THAT THE THREE TRULY GREAT TIMES FOR THINKING THOUGHTS
 ARE WHEN I AM STANDING IN THE SHOWER, SITTING ON THE JOHN, OR WALKING.

                                    -- COLIN FLETCHER
 Job cpu time:       0 days  0 hours  0 minutes  1.0 seconds.
 File lengths (MBytes):  RWF=     84 Int=      0 D2E=      0 Chk=      2 Scr=      2
 Normal termination of Gaussian 09 at Fri Feb 17 15:09:08 2017.
