 Entering Gaussian System, Link 0=g09
 AtFile(1): H.gbs
            H     0
            S   10   1.00
               1000.000000000000            0.000068713567
                316.227766000000            0.000169141320
                100.000000000000            0.000823394812
                 31.622776600000            0.003425569236
                 10.000000000000            0.013951996000
                  3.162277660000            0.056909313560
                  1.000000000000            0.198286399900
                  0.316227766000            0.496922426700
                  0.100000000000            0.369846276400
                  0.031622776600            0.003752720039
            ****
 Initial command:
 /projects/guscus/apps/gau/g09-e1/g09/l1.exe "/users/lcj1/gaussian/h12/rhfstability/rect/guess/ag3bu3/Gau-6532.inp" -scrdir="/users/lcj1/gaussian/h12/rhfstability/rect/guess/ag3bu3/"
 Entering Link 1 = /projects/guscus/apps/gau/g09-e1/g09/l1.exe PID=      6533.
  
 Copyright (c) 1988,1990,1992,1993,1995,1998,2003,2009,2015,
            Gaussian, Inc.  All Rights Reserved.
  
 This is part of the Gaussian(R) 09 program.  It is based on
 the Gaussian(R) 03 system (copyright 2003, Gaussian, Inc.),
 the Gaussian(R) 98 system (copyright 1998, Gaussian, Inc.),
 the Gaussian(R) 94 system (copyright 1995, Gaussian, Inc.),
 the Gaussian 92(TM) system (copyright 1992, Gaussian, Inc.),
 the Gaussian 90(TM) system (copyright 1990, Gaussian, Inc.),
 the Gaussian 88(TM) system (copyright 1988, Gaussian, Inc.),
 the Gaussian 86(TM) system (copyright 1986, Carnegie Mellon
 University), and the Gaussian 82(TM) system (copyright 1983,
 Carnegie Mellon University). Gaussian is a federally registered
 trademark of Gaussian, Inc.
  
 This software contains proprietary and confidential information,
 including trade secrets, belonging to Gaussian, Inc.
  
 This software is provided under written license and may be
 used, copied, transmitted, or stored only in accord with that
 written license.
  
 The following legend is applicable only to US Government
 contracts under FAR:
  
                    RESTRICTED RIGHTS LEGEND
  
 Use, reproduction and disclosure by the US Government is
 subject to restrictions as set forth in subparagraphs (a)
 and (c) of the Commercial Computer Software - Restricted
 Rights clause in FAR 52.227-19.
  
 Gaussian, Inc.
 340 Quinnipiac St., Bldg. 40, Wallingford CT 06492
  
  
 ---------------------------------------------------------------
 Warning -- This program may not be used in any manner that
 competes with the business of Gaussian, Inc. or will provide
 assistance to any competitor of Gaussian, Inc.  The licensee
 of this program is prohibited from giving any competitor of
 Gaussian, Inc. access to this program.  By using this program,
 the user acknowledges that Gaussian, Inc. is engaged in the
 business of creating and licensing software in the field of
 computational chemistry and represents and warrants to the
 licensee that it is not a competitor of Gaussian, Inc. and that
 it will not use this program in any manner prohibited above.
 ---------------------------------------------------------------
  

 Cite this work as:
 Gaussian 09, Revision E.01,
 M. J. Frisch, G. W. Trucks, H. B. Schlegel, G. E. Scuseria, 
 M. A. Robb, J. R. Cheeseman, G. Scalmani, V. Barone, B. Mennucci, 
 G. A. Petersson, H. Nakatsuji, M. Caricato, X. Li, H. P. Hratchian, 
 A. F. Izmaylov, J. Bloino, G. Zheng, J. L. Sonnenberg, M. Hada, 
 M. Ehara, K. Toyota, R. Fukuda, J. Hasegawa, M. Ishida, T. Nakajima, 
 Y. Honda, O. Kitao, H. Nakai, T. Vreven, J. A. Montgomery, Jr., 
 J. E. Peralta, F. Ogliaro, M. Bearpark, J. J. Heyd, E. Brothers, 
 K. N. Kudin, V. N. Staroverov, T. Keith, R. Kobayashi, J. Normand, 
 K. Raghavachari, A. Rendell, J. C. Burant, S. S. Iyengar, J. Tomasi, 
 M. Cossi, N. Rega, J. M. Millam, M. Klene, J. E. Knox, J. B. Cross, 
 V. Bakken, C. Adamo, J. Jaramillo, R. Gomperts, R. E. Stratmann, 
 O. Yazyev, A. J. Austin, R. Cammi, C. Pomelli, J. W. Ochterski, 
 R. L. Martin, K. Morokuma, V. G. Zakrzewski, G. A. Voth, 
 P. Salvador, J. J. Dannenberg, S. Dapprich, A. D. Daniels, 
 O. Farkas, J. B. Foresman, J. V. Ortiz, J. Cioslowski, 
 and D. J. Fox, Gaussian, Inc., Wallingford CT, 2013.
 
 ******************************************
 Gaussian 09:  ES64L-G09RevE.01 30-Nov-2015
                17-Feb-2017 
 ******************************************
 %chk=h12.chk
 ----------------------------------------------------------------------
 #rhf/gen scf(symm,tight,novaracc,noincfock,fulldiag) stable(crhf) gues
 s=read geom=nocrowd test
 ----------------------------------------------------------------------
 1/38=1/1;
 2/12=1,17=6,18=5,40=1/2;
 3/5=7,16=1,25=1,30=1,116=1/1,2,3;
 4/5=1,9=4/1;
 5/5=100002,15=2,16=1,32=2,38=6/2;
 8/6=1,10=90,11=11/1,4;
 9/8=4,13=1/2;
 6/7=2,8=2,9=2,10=2,28=1/1;
 99/5=1,9=1/99;
 ----------------------------------------------------------------------
 hf stability analysis of h12 triangular lattice, y= 1.1662555983306084
 ----------------------------------------------------------------------
 Symbolic Z-matrix:
 Charge =  0 Multiplicity = 1
 H
 H                    1     1.26697 
 H                    1     1.26697  2     46. 
 H                    2     1.26697  1     134.     3     0.       0
 H                    2     1.26697  1     180.     3     0.       0
 H                    4     1.26697  3     180.     5     0.       0
 H                    6     1.26697  5     180.     3     0.       0
 H                    4     1.26697  2     180.     3     0.       0
 H                    3     1.26697  1     180.     4     0.       0
 H                    9     1.26697  3     180.     4     0.       0
 H                    8     1.26697  4     180.     3     0.       0
 H                    7     1.26697  6     180.     3     0.       0
 
                          Input orientation:                          
 ---------------------------------------------------------------------
 Center     Atomic      Atomic             Coordinates (Angstroms)
 Number     Number       Type             X           Y           Z
 ---------------------------------------------------------------------
      1          1           0        0.000000    0.000000    0.000000
      2          1           0        0.000000    0.000000    1.266974
      3          1           0        0.911385    0.000000    0.880114
      4          1           0        0.911385    0.000000    2.147088
      5          1           0        0.000000    0.000000    2.533948
      6          1           0        0.911385    0.000000    3.414062
      7          1           0        1.822769    0.000000    4.294176
      8          1           0        1.822769    0.000000    3.027202
      9          1           0        1.822769    0.000000    1.760228
     10          1           0        2.734154    0.000000    2.640342
     11          1           0        2.734154    0.000000    3.907316
     12          1           0        2.734154    0.000000    5.174290
 ---------------------------------------------------------------------
                    Distance matrix (angstroms):
                    1          2          3          4          5
     1  H    0.000000
     2  H    1.266974   0.000000
     3  H    1.266974   0.990092   0.000000
     4  H    2.332511   1.266974   1.266974   0.000000
     5  H    2.533948   1.266974   1.888329   0.990092   0.000000
     6  H    3.533616   2.332511   2.533948   1.266974   1.266974
     7  H    4.665022   3.533616   3.533616   2.332511   2.533948
     8  H    3.533616   2.533948   2.332511   1.266974   1.888329
     9  H    2.533948   1.888329   1.266974   0.990092   1.980184
    10  H    3.800922   3.059696   2.533948   1.888329   2.736223
    11  H    4.768932   3.800922   3.533616   2.533948   3.059696
    12  H    5.852254   4.768932   4.665022   3.533616   3.800922
                    6          7          8          9         10
     6  H    0.000000
     7  H    1.266974   0.000000
     8  H    0.990092   1.266974   0.000000
     9  H    1.888329   2.533948   1.266974   0.000000
    10  H    1.980184   1.888329   0.990092   1.266974   0.000000
    11  H    1.888329   0.990092   1.266974   2.332511   1.266974
    12  H    2.533948   1.266974   2.332511   3.533616   2.533948
                   11         12
    11  H    0.000000
    12  H    1.266974   0.000000
 Stoichiometry    H12
 Framework group  C2H[SGH(H12)]
 Deg. of freedom    11
 Full point group                 C2H     NOp   4
 Largest Abelian subgroup         C2H     NOp   4
 Largest concise Abelian subgroup C2      NOp   2
                         Standard orientation:                         
 ---------------------------------------------------------------------
 Center     Atomic      Atomic             Coordinates (Angstroms)
 Number     Number       Type             X           Y           Z
 ---------------------------------------------------------------------
      1          1           0        0.911385    2.780575    0.000000
      2          1           0        0.000000    1.900461    0.000000
      3          1           0        0.911385    1.513601    0.000000
      4          1           0        0.000000    0.633487    0.000000
      5          1           0       -0.911385    1.020347    0.000000
      6          1           0       -0.911385   -0.246627    0.000000
      7          1           0       -0.911385   -1.513601    0.000000
      8          1           0       -0.000000   -0.633487    0.000000
      9          1           0        0.911385    0.246627    0.000000
     10          1           0        0.911385   -1.020347    0.000000
     11          1           0       -0.000000   -1.900461    0.000000
     12          1           0       -0.911385   -2.780575    0.000000
 ---------------------------------------------------------------------
 Rotational constants (GHZ):     99.9941410     15.7169950     13.5821622
 General basis read from cards:  (5D, 7F)
 There are     6 symmetry adapted cartesian basis functions of AG  symmetry.
 There are     0 symmetry adapted cartesian basis functions of BG  symmetry.
 There are     0 symmetry adapted cartesian basis functions of AU  symmetry.
 There are     6 symmetry adapted cartesian basis functions of BU  symmetry.
 There are     6 symmetry adapted basis functions of AG  symmetry.
 There are     0 symmetry adapted basis functions of BG  symmetry.
 There are     0 symmetry adapted basis functions of AU  symmetry.
 There are     6 symmetry adapted basis functions of BU  symmetry.
    12 basis functions,   120 primitive gaussians,    12 cartesian basis functions
     6 alpha electrons        6 beta electrons
       nuclear repulsion energy        18.7973981005 Hartrees.
 NAtoms=   12 NActive=   12 NUniq=    6 SFac= 4.00D+00 NAtFMM=   60 NAOKFM=F Big=F
 Integral buffers will be    131072 words long.
 Regular integral format.
 Two-electron integral symmetry is turned on.
 One-electron integrals computed using PRISM.
 NBasis=    12 RedAO= T EigKep=  1.74D-01  NBF=     6     0     0     6
 NBsUse=    12 1.00D-06 EigRej= -1.00D+00 NBFU=     6     0     0     6
 Initial guess from the checkpoint file:  "h12.chk"
 B after Tr=    -0.000000   -0.000000    0.000000
         Rot=    0.964288    0.000000    0.000000   -0.264855 Ang= -30.72 deg.
 Initial guess orbital symmetries:
       Occupied  (AG) (BU) (AG) (BU) (BU) (AG)
       Virtual   (BU) (AG) (BU) (AG) (AG) (BU)
 Keep R1 ints in memory in symmetry-blocked form, NReq=902188.
 Requested convergence on RMS density matrix=1.00D-08 within 128 cycles.
 Requested convergence on MAX density matrix=1.00D-06.
 Requested convergence on             energy=1.00D-06.
 No special actions if energy rises.
 SCF Done:  E(RHF) =  -5.95544159464     A.U. after   12 cycles
            NFock= 12  Conv=0.47D-08     -V/T= 1.9780
 Range of M.O.s used for correlation:     1    12
 NBasis=    12 NAE=     6 NBE=     6 NFC=     0 NFV=     0
 NROrb=     12 NOA=     6 NOB=     6 NVA=     6 NVB=     6
 Semi-Direct transformation.
 ModeAB=           4 MOrb=             6 LenV=     134086355
 LASXX=         2181 LTotXX=        2181 LenRXX=        5115
 LTotAB=        2934 MaxLAS=        3024 LenRXY=           0
 NonZer=        7296 LenScr=      655360 LnRSAI=        3024
 LnScr1=      655360 LExtra=           0 Total=      1318859
 MaxDsk=          -1 SrtSym=           T ITran=            3
 JobTyp=0 Pass  1:  I=   1 to   6.
 (rs|ai) integrals will be sorted in core.
 Spin components of T(2) and E(2):
     alpha-alpha T2 =       0.4054410513D-02 E2=     -0.6131851347D-02
     alpha-beta  T2 =       0.6446141707D-01 E2=     -0.9814680129D-01
     beta-beta   T2 =       0.4054410513D-02 E2=     -0.6131851347D-02
 ANorm=    0.1035649670D+01
 E2 =    -0.1104105040D+00 EUMP2 =    -0.60658520986200D+01
 Second order stability test of a single determinant RHF wave function:
 Stabil:  MDV=134217728
 ***********************************************************************
 Matrix         Lowest Root    Major Pairs
 ***********************************************************************
 Internal RHF     0.1836676    Stable
 RRHF --> CRHF    0.1676373    Stable
 RRHF --> RUHF    0.0166757    Stable
 Stable under the perturbations considered.
 ***********************************************************************

 **********************************************************************

            Population analysis using the SCF density.

 **********************************************************************

 Orbital symmetries:
       Occupied  (AG) (BU) (AG) (BU) (BU) (AG)
       Virtual   (AG) (BU) (BU) (AG) (AG) (BU)
 The electronic state is 1-AG.
 Alpha  occ. eigenvalues --   -0.90737  -0.77416  -0.58600  -0.52645  -0.37463
 Alpha  occ. eigenvalues --   -0.30898
 Alpha virt. eigenvalues --    0.09239   0.22928   0.29073   0.29156   0.54247
 Alpha virt. eigenvalues --    0.58741
          Condensed to atoms (all electrons):
               1          2          3          4          5          6
     1  H    0.770493   0.169552   0.177516  -0.085127  -0.038276   0.007456
     2  H    0.169552   0.756415  -0.023450  -0.057727   0.258650  -0.032961
     3  H    0.177516  -0.023450   0.750025   0.000339  -0.155663   0.001874
     4  H   -0.085127  -0.057727   0.000339   0.911629   0.230717  -0.062330
     5  H   -0.038276   0.258650  -0.155663   0.230717   1.102245  -0.110954
     6  H    0.007456  -0.032961   0.001874  -0.062330  -0.110954   1.066787
     7  H    0.000592  -0.005301   0.007435  -0.013087  -0.039139   0.224896
     8  H    0.008563  -0.012669  -0.013087  -0.152639  -0.067615   0.326132
     9  H   -0.041236  -0.143269   0.224896   0.326132  -0.127546  -0.060849
    10  H    0.001155   0.018410  -0.039139  -0.067615   0.024026  -0.127546
    11  H   -0.000232   0.006054  -0.005301  -0.012669   0.018410  -0.143269
    12  H   -0.000169  -0.000232   0.000592   0.008563   0.001155  -0.041236
               7          8          9         10         11         12
     1  H    0.000592   0.008563  -0.041236   0.001155  -0.000232  -0.000169
     2  H   -0.005301  -0.012669  -0.143269   0.018410   0.006054  -0.000232
     3  H    0.007435  -0.013087   0.224896  -0.039139  -0.005301   0.000592
     4  H   -0.013087  -0.152639   0.326132  -0.067615  -0.012669   0.008563
     5  H   -0.039139  -0.067615  -0.127546   0.024026   0.018410   0.001155
     6  H    0.224896   0.326132  -0.060849  -0.127546  -0.143269  -0.041236
     7  H    0.750025   0.000339   0.001874  -0.155663  -0.023450   0.177516
     8  H    0.000339   0.911629  -0.062330   0.230717  -0.057727  -0.085127
     9  H    0.001874  -0.062330   1.066787  -0.110954  -0.032961   0.007456
    10  H   -0.155663   0.230717  -0.110954   1.102245   0.258650  -0.038276
    11  H   -0.023450  -0.057727  -0.032961   0.258650   0.756415   0.169552
    12  H    0.177516  -0.085127   0.007456  -0.038276   0.169552   0.770493
 Mulliken charges:
               1
     1  H    0.029711
     2  H    0.066526
     3  H    0.073962
     4  H   -0.026187
     5  H   -0.096012
     6  H   -0.048001
     7  H    0.073962
     8  H   -0.026187
     9  H   -0.048001
    10  H   -0.096012
    11  H    0.066526
    12  H    0.029711
 Sum of Mulliken charges =  -0.00000
 Mulliken charges with hydrogens summed into heavy atoms:
               1
 Electronic spatial extent (au):  <R**2>=            167.3559
 Charge=             -0.0000 electrons
 Dipole moment (field-independent basis, Debye):
    X=             -0.0000    Y=             -0.0000    Z=              0.0000  Tot=              0.0000
 Quadrupole moment (field-independent basis, Debye-Ang):
   XX=            -18.1114   YY=            -14.1882   ZZ=            -15.4649
   XY=              2.6197   XZ=             -0.0000   YZ=             -0.0000
 Traceless Quadrupole moment (field-independent basis, Debye-Ang):
   XX=             -2.1899   YY=              1.7333   ZZ=              0.4566
   XY=              2.6197   XZ=             -0.0000   YZ=             -0.0000
 Octapole moment (field-independent basis, Debye-Ang**2):
  XXX=              0.0000  YYY=             -0.0000  ZZZ=             -0.0000  XYY=             -0.0000
  XXY=             -0.0000  XXZ=             -0.0000  XZZ=              0.0000  YZZ=              0.0000
  YYZ=             -0.0000  XYZ=              0.0000
 Hexadecapole moment (field-independent basis, Debye-Ang**3):
 XXXX=            -78.9449 YYYY=           -242.5370 ZZZZ=            -18.5364 XXXY=            -23.5852
 XXXZ=              0.0000 YYYX=            -10.3422 YYYZ=              0.0000 ZZZX=              0.0000
 ZZZY=              0.0000 XXYY=            -57.5558 XXZZ=            -15.9980 YYZZ=            -47.2563
 XXYZ=              0.0000 YYXZ=             -0.0000 ZZXY=             -8.1382
 N-N= 1.879739810053D+01 E-N=-4.864018893114D+01  KE= 6.089669429359D+00
 Symmetry AG   KE= 2.965621160084D+00
 Symmetry BG   KE= 0.000000000000D+00
 Symmetry AU   KE= 0.000000000000D+00
 Symmetry BU   KE= 3.124048269276D+00

 Test job not archived.
 1\1\GINC-SULU\Stability\RHF\Gen\H12\LCJ1\17-Feb-2017\0\\#rhf/gen scf(s
 ymm,tight,novaracc,noincfock,fulldiag) stable(crhf) guess=read geom=no
 crowd test\\hf stability analysis of h12 triangular lattice, y= 1.1662
 555983306084\\0,1\H\H,1,1.2669738545\H,1,1.2669738545,2,46.\H,2,1.2669
 738545,1,134.,3,0.,0\H,2,1.2669738545,1,180.,3,0.,0\H,4,1.2669738545,3
 ,180.,5,0.,0\H,6,1.2669738545,5,180.,3,0.,0\H,4,1.2669738545,2,180.,3,
 0.,0\H,3,1.2669738545,1,180.,4,0.,0\H,9,1.2669738545,3,180.,4,0.,0\H,8
 ,1.2669738545,4,180.,3,0.,0\H,7,1.2669738545,6,180.,3,0.,0\\Version=ES
 64L-G09RevE.01\State=1-AG\HF=-5.9554416\MP2=-6.0658521\RMSD=4.695e-09\
 Dipole=0.,0.,0.\Quadrupole=-2.0653036,0.3394772,1.7258264,0.,1.5254974
 ,0.\PG=C02H [SGH(H12)]\\@


 THERE ARE TWO THINGS THAT EVERYBODY THINKS THEY CAN DO BETTER THAN
 ANYONE ELSE - PUNCH THE FIRE, AND EDIT A DAILY PAPER.
 -- UNCLE ESEK, "CENTURY MAGAZINE", 1885
 Job cpu time:       0 days  0 hours  0 minutes  1.1 seconds.
 File lengths (MBytes):  RWF=     84 Int=      0 D2E=      0 Chk=      2 Scr=      2
 Normal termination of Gaussian 09 at Fri Feb 17 15:06:14 2017.
