 Entering Gaussian System, Link 0=g09
 AtFile(1): H.gbs
            H     0
            S   10   1.00
               1000.000000000000            0.000068713567
                316.227766000000            0.000169141320
                100.000000000000            0.000823394812
                 31.622776600000            0.003425569236
                 10.000000000000            0.013951996000
                  3.162277660000            0.056909313560
                  1.000000000000            0.198286399900
                  0.316227766000            0.496922426700
                  0.100000000000            0.369846276400
                  0.031622776600            0.003752720039
            ****
 Initial command:
 /projects/guscus/apps/gau/g09-e1/g09/l1.exe "/users/lcj1/gaussian/h12/rhfstability/rect/guess/ag3bu3/Gau-13538.inp" -scrdir="/users/lcj1/gaussian/h12/rhfstability/rect/guess/ag3bu3/"
 Entering Link 1 = /projects/guscus/apps/gau/g09-e1/g09/l1.exe PID=     13539.
  
 Copyright (c) 1988,1990,1992,1993,1995,1998,2003,2009,2015,
            Gaussian, Inc.  All Rights Reserved.
  
 This is part of the Gaussian(R) 09 program.  It is based on
 the Gaussian(R) 03 system (copyright 2003, Gaussian, Inc.),
 the Gaussian(R) 98 system (copyright 1998, Gaussian, Inc.),
 the Gaussian(R) 94 system (copyright 1995, Gaussian, Inc.),
 the Gaussian 92(TM) system (copyright 1992, Gaussian, Inc.),
 the Gaussian 90(TM) system (copyright 1990, Gaussian, Inc.),
 the Gaussian 88(TM) system (copyright 1988, Gaussian, Inc.),
 the Gaussian 86(TM) system (copyright 1986, Carnegie Mellon
 University), and the Gaussian 82(TM) system (copyright 1983,
 Carnegie Mellon University). Gaussian is a federally registered
 trademark of Gaussian, Inc.
  
 This software contains proprietary and confidential information,
 including trade secrets, belonging to Gaussian, Inc.
  
 This software is provided under written license and may be
 used, copied, transmitted, or stored only in accord with that
 written license.
  
 The following legend is applicable only to US Government
 contracts under FAR:
  
                    RESTRICTED RIGHTS LEGEND
  
 Use, reproduction and disclosure by the US Government is
 subject to restrictions as set forth in subparagraphs (a)
 and (c) of the Commercial Computer Software - Restricted
 Rights clause in FAR 52.227-19.
  
 Gaussian, Inc.
 340 Quinnipiac St., Bldg. 40, Wallingford CT 06492
  
  
 ---------------------------------------------------------------
 Warning -- This program may not be used in any manner that
 competes with the business of Gaussian, Inc. or will provide
 assistance to any competitor of Gaussian, Inc.  The licensee
 of this program is prohibited from giving any competitor of
 Gaussian, Inc. access to this program.  By using this program,
 the user acknowledges that Gaussian, Inc. is engaged in the
 business of creating and licensing software in the field of
 computational chemistry and represents and warrants to the
 licensee that it is not a competitor of Gaussian, Inc. and that
 it will not use this program in any manner prohibited above.
 ---------------------------------------------------------------
  

 Cite this work as:
 Gaussian 09, Revision E.01,
 M. J. Frisch, G. W. Trucks, H. B. Schlegel, G. E. Scuseria, 
 M. A. Robb, J. R. Cheeseman, G. Scalmani, V. Barone, B. Mennucci, 
 G. A. Petersson, H. Nakatsuji, M. Caricato, X. Li, H. P. Hratchian, 
 A. F. Izmaylov, J. Bloino, G. Zheng, J. L. Sonnenberg, M. Hada, 
 M. Ehara, K. Toyota, R. Fukuda, J. Hasegawa, M. Ishida, T. Nakajima, 
 Y. Honda, O. Kitao, H. Nakai, T. Vreven, J. A. Montgomery, Jr., 
 J. E. Peralta, F. Ogliaro, M. Bearpark, J. J. Heyd, E. Brothers, 
 K. N. Kudin, V. N. Staroverov, T. Keith, R. Kobayashi, J. Normand, 
 K. Raghavachari, A. Rendell, J. C. Burant, S. S. Iyengar, J. Tomasi, 
 M. Cossi, N. Rega, J. M. Millam, M. Klene, J. E. Knox, J. B. Cross, 
 V. Bakken, C. Adamo, J. Jaramillo, R. Gomperts, R. E. Stratmann, 
 O. Yazyev, A. J. Austin, R. Cammi, C. Pomelli, J. W. Ochterski, 
 R. L. Martin, K. Morokuma, V. G. Zakrzewski, G. A. Voth, 
 P. Salvador, J. J. Dannenberg, S. Dapprich, A. D. Daniels, 
 O. Farkas, J. B. Foresman, J. V. Ortiz, J. Cioslowski, 
 and D. J. Fox, Gaussian, Inc., Wallingford CT, 2013.
 
 ******************************************
 Gaussian 09:  ES64L-G09RevE.01 30-Nov-2015
                17-Feb-2017 
 ******************************************
 %chk=h12.chk
 ----------------------------------------------------------------------
 #rhf/gen scf(symm,tight,novaracc,noincfock,fulldiag) stable(crhf) gues
 s=read geom=nocrowd test
 ----------------------------------------------------------------------
 1/38=1/1;
 2/12=1,17=6,18=5,40=1/2;
 3/5=7,16=1,25=1,30=1,116=1/1,2,3;
 4/5=1,9=4/1;
 5/5=100002,15=2,16=1,32=2,38=6/2;
 8/6=1,10=90,11=11/1,4;
 9/8=4,13=1/2;
 6/7=2,8=2,9=2,10=2,28=1/1;
 99/5=1,9=1/99;
 ----------------------------------------------------------------------
 hf stability analysis of h12 triangular lattice, y= 0.4068814698559844
 5
 ----------------------------------------------------------------------
 Symbolic Z-matrix:
 Charge =  0 Multiplicity = 1
 H
 H                    1     1.47615 
 H                    1     1.47615  2     148. 
 H                    2     1.47615  1     32.      3     0.       0
 H                    2     1.47615  1     180.     3     0.       0
 H                    4     1.47615  3     180.     5     0.       0
 H                    6     1.47615  5     180.     3     0.       0
 H                    4     1.47615  2     180.     3     0.       0
 H                    3     1.47615  1     180.     4     0.       0
 H                    9     1.47615  3     180.     4     0.       0
 H                    8     1.47615  4     180.     3     0.       0
 H                    7     1.47615  6     180.     3     0.       0
 
                          Input orientation:                          
 ---------------------------------------------------------------------
 Center     Atomic      Atomic             Coordinates (Angstroms)
 Number     Number       Type             X           Y           Z
 ---------------------------------------------------------------------
      1          1           0        0.000000    0.000000    0.000000
      2          1           0        0.000000    0.000000    1.476148
      3          1           0        0.782239    0.000000   -1.251844
      4          1           0        0.782239    0.000000    0.224303
      5          1           0        0.000000    0.000000    2.952295
      6          1           0        0.782239    0.000000    1.700451
      7          1           0        1.564478    0.000000    0.448607
      8          1           0        1.564478    0.000000   -1.027541
      9          1           0        1.564478    0.000000   -2.503689
     10          1           0        2.346717    0.000000   -3.755533
     11          1           0        2.346717    0.000000   -2.279385
     12          1           0        2.346717    0.000000   -0.803237
 ---------------------------------------------------------------------
                    Distance matrix (angstroms):
                    1          2          3          4          5
     1  H    0.000000
     2  H    1.476148   0.000000
     3  H    1.476148   2.837929   0.000000
     4  H    0.813763   1.476148   1.476148   0.000000
     5  H    2.952295   1.476148   4.276294   2.837929   0.000000
     6  H    1.871746   0.813763   2.952295   1.476148   1.476148
     7  H    1.627526   1.871746   1.871746   0.813763   2.952295
     8  H    1.871746   2.952295   0.813763   1.476148   4.276294
     9  H    2.952295   4.276294   1.476148   2.837929   5.675857
    10  H    4.428443   5.733896   2.952295   4.276294   7.106479
    11  H    3.271495   4.428443   1.871746   2.952295   5.733896
    12  H    2.480378   3.271495   1.627526   1.871746   4.428443
                    6          7          8          9         10
     6  H    0.000000
     7  H    1.476148   0.000000
     8  H    2.837929   1.476148   0.000000
     9  H    4.276294   2.952295   1.476148   0.000000
    10  H    5.675857   4.276294   2.837929   1.476148   0.000000
    11  H    4.276294   2.837929   1.476148   0.813763   1.476148
    12  H    2.952295   1.476148   0.813763   1.871746   2.952295
                   11         12
    11  H    0.000000
    12  H    1.476148   0.000000
 Stoichiometry    H12
 Framework group  C2H[SGH(H12)]
 Deg. of freedom    11
 Full point group                 C2H     NOp   4
 Largest Abelian subgroup         C2H     NOp   4
 Largest concise Abelian subgroup C2      NOp   2
                         Standard orientation:                         
 ---------------------------------------------------------------------
 Center     Atomic      Atomic             Coordinates (Angstroms)
 Number     Number       Type             X           Y           Z
 ---------------------------------------------------------------------
      1          1           0        0.782239    0.962377   -0.000000
      2          1           0        0.000000    2.214222   -0.000000
      3          1           0        0.782239   -0.513770   -0.000000
      4          1           0        0.000000    0.738074   -0.000000
      5          1           0       -0.782239    3.466066   -0.000000
      6          1           0       -0.782239    1.989918    0.000000
      7          1           0       -0.782239    0.513770   -0.000000
      8          1           0       -0.000000   -0.738074   -0.000000
      9          1           0        0.782239   -1.989918    0.000000
     10          1           0        0.782239   -3.466066   -0.000000
     11          1           0       -0.000000   -2.214222   -0.000000
     12          1           0       -0.782239   -0.962377   -0.000000
 ---------------------------------------------------------------------
 Rotational constants (GHZ):    146.3322990     10.7399918     10.0056330
 General basis read from cards:  (5D, 7F)
 There are     6 symmetry adapted cartesian basis functions of AG  symmetry.
 There are     0 symmetry adapted cartesian basis functions of BG  symmetry.
 There are     0 symmetry adapted cartesian basis functions of AU  symmetry.
 There are     6 symmetry adapted cartesian basis functions of BU  symmetry.
 There are     6 symmetry adapted basis functions of AG  symmetry.
 There are     0 symmetry adapted basis functions of BG  symmetry.
 There are     0 symmetry adapted basis functions of AU  symmetry.
 There are     6 symmetry adapted basis functions of BU  symmetry.
    12 basis functions,   120 primitive gaussians,    12 cartesian basis functions
     6 alpha electrons        6 beta electrons
       nuclear repulsion energy        17.7435652995 Hartrees.
 NAtoms=   12 NActive=   12 NUniq=    6 SFac= 4.00D+00 NAtFMM=   60 NAOKFM=F Big=F
 Integral buffers will be    131072 words long.
 Regular integral format.
 Two-electron integral symmetry is turned on.
 One-electron integrals computed using PRISM.
 NBasis=    12 RedAO= T EigKep=  1.21D-01  NBF=     6     0     0     6
 NBsUse=    12 1.00D-06 EigRej= -1.00D+00 NBFU=     6     0     0     6
 Initial guess from the checkpoint file:  "h12.chk"
 B after Tr=     0.000000   -0.000000   -0.000000
         Rot=    0.999982    0.000000    0.000000   -0.006070 Ang=  -0.70 deg.
 Initial guess orbital symmetries:
       Occupied  (AG) (BU) (AG) (BU) (BU) (AG)
       Virtual   (BU) (AG) (BU) (AG) (AG) (BU)
 Keep R1 ints in memory in symmetry-blocked form, NReq=898716.
 Requested convergence on RMS density matrix=1.00D-08 within 128 cycles.
 Requested convergence on MAX density matrix=1.00D-06.
 Requested convergence on             energy=1.00D-06.
 No special actions if energy rises.
 SCF Done:  E(RHF) =  -5.75884414797     A.U. after   13 cycles
            NFock= 13  Conv=0.47D-08     -V/T= 1.9059
 Range of M.O.s used for correlation:     1    12
 NBasis=    12 NAE=     6 NBE=     6 NFC=     0 NFV=     0
 NROrb=     12 NOA=     6 NOB=     6 NVA=     6 NVB=     6
 Semi-Direct transformation.
 ModeAB=           4 MOrb=             6 LenV=     134089267
 LASXX=         2181 LTotXX=        2181 LenRXX=        5115
 LTotAB=        2934 MaxLAS=        3024 LenRXY=           0
 NonZer=        7296 LenScr=      655360 LnRSAI=        3024
 LnScr1=      655360 LExtra=           0 Total=      1318859
 MaxDsk=          -1 SrtSym=           T ITran=            3
 JobTyp=0 Pass  1:  I=   1 to   6.
 (rs|ai) integrals will be sorted in core.
 Spin components of T(2) and E(2):
     alpha-alpha T2 =       0.5478826749D-02 E2=     -0.6015084127D-02
     alpha-beta  T2 =       0.3425798359D+00 E2=     -0.1734312289D+00
     beta-beta   T2 =       0.5478826749D-02 E2=     -0.6015084127D-02
 ANorm=    0.1163416301D+01
 E2 =    -0.1854613972D+00 EUMP2 =    -0.59443055451258D+01
 Second order stability test of a single determinant RHF wave function:
 Stabil:  MDV=134217728
 ***********************************************************************
 Matrix         Lowest Root    Major Pairs
 ***********************************************************************
 Internal RHF     0.0492886    Stable
 RRHF --> CRHF   -0.0180748    6A=8A
 RRHF --> RUHF   -0.3100819    6A=7B
 Not stable.
 ***********************************************************************

 **********************************************************************

            Population analysis using the SCF density.

 **********************************************************************

 Orbital symmetries:
       Occupied  (AG) (BU) (AG) (BU) (BU) (AG)
       Virtual   (BU) (AG) (BU) (AG) (AG) (BU)
 The electronic state is 1-AG.
 Alpha  occ. eigenvalues --   -0.86025  -0.74861  -0.61525  -0.49951  -0.39769
 Alpha  occ. eigenvalues --   -0.17342
 Alpha virt. eigenvalues --   -0.02274  -0.00495   0.37633   0.44600   0.61492
 Alpha virt. eigenvalues --    0.84689
          Condensed to atoms (all electrons):
               1          2          3          4          5          6
     1  H    1.043153  -0.043821   0.063602   0.355895   0.031815  -0.169274
     2  H   -0.043821   0.594211   0.009517  -0.091054   0.116153   0.368782
     3  H    0.063602   0.009517   0.949250  -0.076236  -0.000990   0.005115
     4  H    0.355895  -0.091054  -0.076236   0.924650  -0.016662  -0.080557
     5  H    0.031815   0.116153  -0.000990  -0.016662   0.993223  -0.131024
     6  H   -0.169274   0.368782   0.005115  -0.080557  -0.131024   0.922037
     7  H   -0.177603  -0.054483  -0.133635   0.286153  -0.040586   0.124387
     8  H   -0.040051   0.002756   0.286153  -0.127301   0.001749  -0.003108
     9  H   -0.015711   0.000582   0.124387  -0.003108  -0.000372   0.003188
    10  H    0.003190  -0.000062  -0.040586   0.001749   0.000037  -0.000372
    11  H   -0.002835  -0.000040  -0.054483   0.002756  -0.000062   0.000582
    12  H   -0.019303  -0.002835  -0.177603  -0.040051   0.003190  -0.015711
               7          8          9         10         11         12
     1  H   -0.177603  -0.040051  -0.015711   0.003190  -0.002835  -0.019303
     2  H   -0.054483   0.002756   0.000582  -0.000062  -0.000040  -0.002835
     3  H   -0.133635   0.286153   0.124387  -0.040586  -0.054483  -0.177603
     4  H    0.286153  -0.127301  -0.003108   0.001749   0.002756  -0.040051
     5  H   -0.040586   0.001749  -0.000372   0.000037  -0.000062   0.003190
     6  H    0.124387  -0.003108   0.003188  -0.000372   0.000582  -0.015711
     7  H    0.949250  -0.076236   0.005115  -0.000990   0.009517   0.063602
     8  H   -0.076236   0.924650  -0.080557  -0.016662  -0.091054   0.355895
     9  H    0.005115  -0.080557   0.922037  -0.131024   0.368782  -0.169274
    10  H   -0.000990  -0.016662  -0.131024   0.993223   0.116153   0.031815
    11  H    0.009517  -0.091054   0.368782   0.116153   0.594211  -0.043821
    12  H    0.063602   0.355895  -0.169274   0.031815  -0.043821   1.043153
 Mulliken charges:
               1
     1  H   -0.029056
     2  H    0.100294
     3  H    0.045510
     4  H   -0.136234
     5  H    0.043531
     6  H   -0.024045
     7  H    0.045510
     8  H   -0.136234
     9  H   -0.024045
    10  H    0.043531
    11  H    0.100294
    12  H   -0.029056
 Sum of Mulliken charges =   0.00000
 Mulliken charges with hydrogens summed into heavy atoms:
               1
 Electronic spatial extent (au):  <R**2>=            211.5095
 Charge=              0.0000 electrons
 Dipole moment (field-independent basis, Debye):
    X=             -0.0000    Y=             -0.0000    Z=             -0.0000  Tot=              0.0000
 Quadrupole moment (field-independent basis, Debye-Ang):
   XX=            -16.7900   YY=            -11.6700   ZZ=            -15.3040
   XY=             -0.3268   XZ=             -0.0000   YZ=              0.0000
 Traceless Quadrupole moment (field-independent basis, Debye-Ang):
   XX=             -2.2020   YY=              2.9180   ZZ=             -0.7160
   XY=             -0.3268   XZ=             -0.0000   YZ=              0.0000
 Octapole moment (field-independent basis, Debye-Ang**2):
  XXX=              0.0000  YYY=             -0.0000  ZZZ=              0.0000  XYY=             -0.0000
  XXY=             -0.0000  XXZ=              0.0000  XZZ=              0.0000  YZZ=              0.0000
  YYZ=              0.0000  XYZ=             -0.0000
 Hexadecapole moment (field-independent basis, Debye-Ang**3):
 XXXX=            -60.4690 YYYY=           -356.4614 ZZZZ=            -18.3062 XXXY=             28.0616
 XXXZ=             -0.0000 YYYX=             23.1271 YYYZ=             -0.0000 ZZZX=             -0.0000
 ZZZY=             -0.0000 XXYY=            -67.2671 XXZZ=            -13.0786 YYZZ=            -65.3471
 XXYZ=             -0.0000 YYXZ=             -0.0000 ZZXY=             10.1728
 N-N= 1.774356529950D+01 E-N=-4.677227275374D+01  KE= 6.356902165701D+00
 Symmetry AG   KE= 3.072596972374D+00
 Symmetry BG   KE= 0.000000000000D+00
 Symmetry AU   KE= 0.000000000000D+00
 Symmetry BU   KE= 3.284305193327D+00

 Test job not archived.
 1\1\GINC-SULU\Stability\RHF\Gen\H12\LCJ1\17-Feb-2017\0\\#rhf/gen scf(s
 ymm,tight,novaracc,noincfock,fulldiag) stable(crhf) guess=read geom=no
 crowd test\\hf stability analysis of h12 triangular lattice, y= 0.4068
 8146985598445\\0,1\H\H,1,1.4761477363\H,1,1.4761477363,2,148.\H,2,1.47
 61477363,1,32.,3,0.,0\H,2,1.4761477363,1,180.,3,0.,0\H,4,1.4761477363,
 3,180.,5,0.,0\H,6,1.4761477363,5,180.,3,0.,0\H,4,1.4761477363,2,180.,3
 ,0.,0\H,3,1.4761477363,1,180.,4,0.,0\H,9,1.4761477363,3,180.,4,0.,0\H,
 8,1.4761477363,4,180.,3,0.,0\H,7,1.4761477363,6,180.,3,0.,0\\Version=E
 S64L-G09RevE.01\State=1-AG\HF=-5.7588441\MP2=-5.9443055\RMSD=4.657e-09
 \Dipole=0.,0.,0.\Quadrupole=-0.786573,-0.5323101,1.3188831,0.,-1.60414
 51,0.\PG=C02H [SGH(H12)]\\@


 "THE ACADEMIC HIERARCHY"


 THE PRESIDENT:
   LEAPS TALL BUILDINGS IN A SINGLE BOUND,
     IS MORE POWERFUL THAN A LOCOMOTIVE,
       IS FASTER THAN A SPEEDING BULLET,
         WALKS ON WATER,
           GIVES POLICY TO GOD.

 THE VICE PRESIDENT FOR ACADEMIC AFFAIRS:
   LEAPS SHORT BUILDINGS IN A SINGLE BOUND,
     IS MORE POWERFUL THAN A SWITCH ENGINE,
       IS JUST AS FAST AS A SPEEDING BULLET,
         WALKS ON WATER IF SEA IS CALM,
           TALKS WITH GOD.

 PROFESSOR:
   LEAPS SHORT BUILDINGS WITH A RUNNING START AND FAVORABLE WINDS,
     IS ALMOST AS POWERFUL AS A SWITCH ENGINE,
       CAN FIRE A SPEEDING BULLET,
         WALKS ON WATER IN AN INDOOR SWIMMING POOL,
          TALKS WITH GOD IF SPECIAL REQUEST IS APPROVED.

 ASSOCIATE PROFESSOR:
   BARELY CLEARS A QUONSET HUT,
     LOSES TUG OF WAR WITH LOCOMOTIVE,
       MISFIRES FREQUENTLY,
         SWIMS WELL,
           IS OCCASIONALLY ADDRESSED BY GOD.

 ASSISTANT PROFESSOR:
   MAKES HIGH MARKS ON WALLS WHEN TRYING TO LEAP TALL BUILDINGS,
     IS RUN OVER BY LOCOMOTIVES,
       CAN SOMETIMES HANDLE A GUN WITHOUT INFLICTING SELF INJURY,
         DOG PADDLES,
           TALKS TO ANIMALS.

 GRADUATE STUDENT:
   RUNS INTO BUILDINGS,
     RECOGNIZES LOCOMOTIVES TWO OUT OF THREE TIMES,
       IS NOT ISSUED AMMUNITION,
         CAN STAY AFLOAT WITH A LIFE JACKET,
           TALKS TO WALLS.

 UNDERGRADUATE AND WORK STUDY STUDENT:
   FALLS OVER DOORSTEP WHEN TRYING TO ENTER BUILDINGS,
     SAYS, "LOOK AT THE CHOO-CHOO,"
       WETS HIMSELF WITH A WATER PISTOL,
        PLAYS IN MUD PUDDLES,
          MUMBLES TO HIMSELF.

 DEPARTMENT SECRETARY:
   LIFTS TALL BUILDINGS AND WALKS UNDER THEM,
     KICKS LOCOMOTIVES OFF THE TRACKS,
       CATCHES SPEEDING BULLETS IN HER TEETH AND EATS THEM,
         FREEZES WATER WITH A SINGLE GLANCE,
           IS GOD.
 Job cpu time:       0 days  0 hours  0 minutes  1.1 seconds.
 File lengths (MBytes):  RWF=     84 Int=      0 D2E=      0 Chk=      2 Scr=      2
 Normal termination of Gaussian 09 at Fri Feb 17 14:55:29 2017.
