 Entering Gaussian System, Link 0=g09
 AtFile(1): H.gbs
            H     0
            S   10   1.00
               1000.000000000000            0.000068713567
                316.227766000000            0.000169141320
                100.000000000000            0.000823394812
                 31.622776600000            0.003425569236
                 10.000000000000            0.013951996000
                  3.162277660000            0.056909313560
                  1.000000000000            0.198286399900
                  0.316227766000            0.496922426700
                  0.100000000000            0.369846276400
                  0.031622776600            0.003752720039
            ****
 Initial command:
 /projects/guscus/apps/gau/g09-e1/g09/l1.exe "/users/lcj1/gaussian/h12/rhfstability/rect/guess/ag3bu3/Gau-11791.inp" -scrdir="/users/lcj1/gaussian/h12/rhfstability/rect/guess/ag3bu3/"
 Entering Link 1 = /projects/guscus/apps/gau/g09-e1/g09/l1.exe PID=     11792.
  
 Copyright (c) 1988,1990,1992,1993,1995,1998,2003,2009,2015,
            Gaussian, Inc.  All Rights Reserved.
  
 This is part of the Gaussian(R) 09 program.  It is based on
 the Gaussian(R) 03 system (copyright 2003, Gaussian, Inc.),
 the Gaussian(R) 98 system (copyright 1998, Gaussian, Inc.),
 the Gaussian(R) 94 system (copyright 1995, Gaussian, Inc.),
 the Gaussian 92(TM) system (copyright 1992, Gaussian, Inc.),
 the Gaussian 90(TM) system (copyright 1990, Gaussian, Inc.),
 the Gaussian 88(TM) system (copyright 1988, Gaussian, Inc.),
 the Gaussian 86(TM) system (copyright 1986, Carnegie Mellon
 University), and the Gaussian 82(TM) system (copyright 1983,
 Carnegie Mellon University). Gaussian is a federally registered
 trademark of Gaussian, Inc.
  
 This software contains proprietary and confidential information,
 including trade secrets, belonging to Gaussian, Inc.
  
 This software is provided under written license and may be
 used, copied, transmitted, or stored only in accord with that
 written license.
  
 The following legend is applicable only to US Government
 contracts under FAR:
  
                    RESTRICTED RIGHTS LEGEND
  
 Use, reproduction and disclosure by the US Government is
 subject to restrictions as set forth in subparagraphs (a)
 and (c) of the Commercial Computer Software - Restricted
 Rights clause in FAR 52.227-19.
  
 Gaussian, Inc.
 340 Quinnipiac St., Bldg. 40, Wallingford CT 06492
  
  
 ---------------------------------------------------------------
 Warning -- This program may not be used in any manner that
 competes with the business of Gaussian, Inc. or will provide
 assistance to any competitor of Gaussian, Inc.  The licensee
 of this program is prohibited from giving any competitor of
 Gaussian, Inc. access to this program.  By using this program,
 the user acknowledges that Gaussian, Inc. is engaged in the
 business of creating and licensing software in the field of
 computational chemistry and represents and warrants to the
 licensee that it is not a competitor of Gaussian, Inc. and that
 it will not use this program in any manner prohibited above.
 ---------------------------------------------------------------
  

 Cite this work as:
 Gaussian 09, Revision E.01,
 M. J. Frisch, G. W. Trucks, H. B. Schlegel, G. E. Scuseria, 
 M. A. Robb, J. R. Cheeseman, G. Scalmani, V. Barone, B. Mennucci, 
 G. A. Petersson, H. Nakatsuji, M. Caricato, X. Li, H. P. Hratchian, 
 A. F. Izmaylov, J. Bloino, G. Zheng, J. L. Sonnenberg, M. Hada, 
 M. Ehara, K. Toyota, R. Fukuda, J. Hasegawa, M. Ishida, T. Nakajima, 
 Y. Honda, O. Kitao, H. Nakai, T. Vreven, J. A. Montgomery, Jr., 
 J. E. Peralta, F. Ogliaro, M. Bearpark, J. J. Heyd, E. Brothers, 
 K. N. Kudin, V. N. Staroverov, T. Keith, R. Kobayashi, J. Normand, 
 K. Raghavachari, A. Rendell, J. C. Burant, S. S. Iyengar, J. Tomasi, 
 M. Cossi, N. Rega, J. M. Millam, M. Klene, J. E. Knox, J. B. Cross, 
 V. Bakken, C. Adamo, J. Jaramillo, R. Gomperts, R. E. Stratmann, 
 O. Yazyev, A. J. Austin, R. Cammi, C. Pomelli, J. W. Ochterski, 
 R. L. Martin, K. Morokuma, V. G. Zakrzewski, G. A. Voth, 
 P. Salvador, J. J. Dannenberg, S. Dapprich, A. D. Daniels, 
 O. Farkas, J. B. Foresman, J. V. Ortiz, J. Cioslowski, 
 and D. J. Fox, Gaussian, Inc., Wallingford CT, 2013.
 
 ******************************************
 Gaussian 09:  ES64L-G09RevE.01 30-Nov-2015
                17-Feb-2017 
 ******************************************
 %chk=h12.chk
 ----------------------------------------------------------------------
 #rhf/gen scf(symm,tight,novaracc,noincfock,fulldiag) stable(crhf) gues
 s=read geom=nocrowd test
 ----------------------------------------------------------------------
 1/38=1/1;
 2/12=1,17=6,18=5,40=1/2;
 3/5=7,16=1,25=1,30=1,116=1/1,2,3;
 4/5=1,9=4/1;
 5/5=100002,15=2,16=1,32=2,38=6/2;
 8/6=1,10=90,11=11/1,4;
 9/8=4,13=1/2;
 6/7=2,8=2,9=2,10=2,28=1/1;
 99/5=1,9=1/99;
 ----------------------------------------------------------------------
 hf stability analysis of h12 triangular lattice, y= 1.5973482699307082
 ----------------------------------------------------------------------
 Symbolic Z-matrix:
 Charge =  0 Multiplicity = 1
 H
 H                    1     1.63773 
 H                    1     1.63773  2     25.5 
 H                    2     1.63773  1     154.5    3     0.       0
 H                    2     1.63773  1     180.     3     0.       0
 H                    4     1.63773  3     180.     5     0.       0
 H                    6     1.63773  5     180.     3     0.       0
 H                    4     1.63773  2     180.     3     0.       0
 H                    3     1.63773  1     180.     4     0.       0
 H                    9     1.63773  3     180.     4     0.       0
 H                    8     1.63773  4     180.     3     0.       0
 H                    7     1.63773  6     180.     3     0.       0
 
                          Input orientation:                          
 ---------------------------------------------------------------------
 Center     Atomic      Atomic             Coordinates (Angstroms)
 Number     Number       Type             X           Y           Z
 ---------------------------------------------------------------------
      1          1           0        0.000000    0.000000    0.000000
      2          1           0        0.000000    0.000000    1.637731
      3          1           0        0.705061    0.000000    1.478192
      4          1           0        0.705061    0.000000    3.115923
      5          1           0        0.000000    0.000000    3.275462
      6          1           0        0.705061    0.000000    4.753654
      7          1           0        1.410123    0.000000    6.231845
      8          1           0        1.410123    0.000000    4.594115
      9          1           0        1.410123    0.000000    2.956384
     10          1           0        2.115184    0.000000    4.434575
     11          1           0        2.115184    0.000000    6.072306
     12          1           0        2.115184    0.000000    7.710037
 ---------------------------------------------------------------------
                    Distance matrix (angstroms):
                    1          2          3          4          5
     1  H    0.000000
     2  H    1.637731   0.000000
     3  H    1.637731   0.722886   0.000000
     4  H    3.194697   1.637731   1.637731   0.000000
     5  H    3.275462   1.637731   1.930619   0.722886   0.000000
     6  H    4.805656   3.194697   3.275462   1.637731   1.637731
     7  H    6.389393   4.805656   4.805656   3.194697   3.275462
     8  H    4.805656   3.275462   3.194697   1.637731   1.930619
     9  H    3.275462   1.930619   1.637731   0.722886   1.445772
    10  H    4.913193   3.506614   3.275462   1.930619   2.411959
    11  H    6.430156   4.913193   4.805656   3.275462   3.506614
    12  H    7.994916   6.430156   6.389393   4.805656   4.913193
                    6          7          8          9         10
     6  H    0.000000
     7  H    1.637731   0.000000
     8  H    0.722886   1.637731   0.000000
     9  H    1.930619   3.275462   1.637731   0.000000
    10  H    1.445772   1.930619   0.722886   1.637731   0.000000
    11  H    1.930619   0.722886   1.637731   3.194697   1.637731
    12  H    3.275462   1.637731   3.194697   4.805656   3.275462
                   11         12
    11  H    0.000000
    12  H    1.637731   0.000000
 Stoichiometry    H12
 Framework group  C2H[SGH(H12)]
 Deg. of freedom    11
 Full point group                 C2H     NOp   4
 Largest Abelian subgroup         C2H     NOp   4
 Largest concise Abelian subgroup C2      NOp   2
                         Standard orientation:                         
 ---------------------------------------------------------------------
 Center     Atomic      Atomic             Coordinates (Angstroms)
 Number     Number       Type             X           Y           Z
 ---------------------------------------------------------------------
      1          1           0        0.705061    3.934788   -0.000000
      2          1           0        0.000000    2.456596   -0.000000
      3          1           0        0.705061    2.297057   -0.000000
      4          1           0        0.000000    0.818865   -0.000000
      5          1           0       -0.705061    0.978405   -0.000000
      6          1           0       -0.705061   -0.659326    0.000000
      7          1           0       -0.705061   -2.297057   -0.000000
      8          1           0       -0.000000   -0.818865    0.000000
      9          1           0        0.705061    0.659326    0.000000
     10          1           0        0.705061   -0.978405    0.000000
     11          1           0       -0.000000   -2.456596    0.000000
     12          1           0       -0.705061   -3.934788   -0.000000
 ---------------------------------------------------------------------
 Rotational constants (GHZ):    184.8388171      8.5025815      8.1286632
 General basis read from cards:  (5D, 7F)
 There are     6 symmetry adapted cartesian basis functions of AG  symmetry.
 There are     0 symmetry adapted cartesian basis functions of BG  symmetry.
 There are     0 symmetry adapted cartesian basis functions of AU  symmetry.
 There are     6 symmetry adapted cartesian basis functions of BU  symmetry.
 There are     6 symmetry adapted basis functions of AG  symmetry.
 There are     0 symmetry adapted basis functions of BG  symmetry.
 There are     0 symmetry adapted basis functions of AU  symmetry.
 There are     6 symmetry adapted basis functions of BU  symmetry.
    12 basis functions,   120 primitive gaussians,    12 cartesian basis functions
     6 alpha electrons        6 beta electrons
       nuclear repulsion energy        17.1568893130 Hartrees.
 NAtoms=   12 NActive=   12 NUniq=    6 SFac= 4.00D+00 NAtFMM=   60 NAOKFM=F Big=F
 Integral buffers will be    131072 words long.
 Regular integral format.
 Two-electron integral symmetry is turned on.
 One-electron integrals computed using PRISM.
 NBasis=    12 RedAO= T EigKep=  9.39D-02  NBF=     6     0     0     6
 NBsUse=    12 1.00D-06 EigRej= -1.00D+00 NBFU=     6     0     0     6
 Initial guess from the checkpoint file:  "h12.chk"
 B after Tr=    -0.000000   -0.000000    0.000000
         Rot=    0.960775    0.000000    0.000000   -0.277331 Ang= -32.20 deg.
 Initial guess orbital symmetries:
       Occupied  (AG) (BU) (AG) (BU) (BU) (AG)
       Virtual   (BU) (AG) (BU) (AG) (AG) (BU)
 Keep R1 ints in memory in symmetry-blocked form, NReq=897218.
 Requested convergence on RMS density matrix=1.00D-08 within 128 cycles.
 Requested convergence on MAX density matrix=1.00D-06.
 Requested convergence on             energy=1.00D-06.
 No special actions if energy rises.
 SCF Done:  E(RHF) =  -5.71997634780     A.U. after   14 cycles
            NFock= 14  Conv=0.27D-08     -V/T= 1.9057
 Range of M.O.s used for correlation:     1    12
 NBasis=    12 NAE=     6 NBE=     6 NFC=     0 NFV=     0
 NROrb=     12 NOA=     6 NOB=     6 NVA=     6 NVB=     6

 **** Warning!!: The smallest alpha delta epsilon is  0.73939695D-01

 Semi-Direct transformation.
 ModeAB=           4 MOrb=             6 LenV=     134090331
 LASXX=         2181 LTotXX=        2181 LenRXX=        5115
 LTotAB=        2934 MaxLAS=        3024 LenRXY=           0
 NonZer=        7296 LenScr=      655360 LnRSAI=        3024
 LnScr1=      655360 LExtra=           0 Total=      1318859
 MaxDsk=          -1 SrtSym=           T ITran=            3
 JobTyp=0 Pass  1:  I=   1 to   6.
 (rs|ai) integrals will be sorted in core.
 Spin components of T(2) and E(2):
     alpha-alpha T2 =       0.6422027069D-02 E2=     -0.5803803919D-02
     alpha-beta  T2 =       0.3387584123D+01 E2=     -0.5651419847D+00
     beta-beta   T2 =       0.6422027069D-02 E2=     -0.5803803919D-02
 ANorm=    0.2097719757D+01
 E2 =    -0.5767495926D+00 EUMP2 =    -0.62967259403906D+01
 Second order stability test of a single determinant RHF wave function:
 Stabil:  MDV=134217728
 ***********************************************************************
 Matrix         Lowest Root    Major Pairs
 ***********************************************************************
 Internal RHF     0.035673     Stable
 RRHF --> CRHF    0.0048345    Stable
 RRHF --> RUHF   -0.5393261    6A=7B
 Not stable.
 ***********************************************************************

 **********************************************************************

            Population analysis using the SCF density.

 **********************************************************************

 Orbital symmetries:
       Occupied  (AG) (BU) (AG) (BU) (BU) (AG)
       Virtual   (BU) (AG) (BU) (AG) (AG) (BU)
 The electronic state is 1-AG.
 Alpha  occ. eigenvalues --   -0.89131  -0.77704  -0.64732  -0.59269  -0.38241
 Alpha  occ. eigenvalues --   -0.16872
 Alpha virt. eigenvalues --   -0.09478   0.01745   0.43457   0.47085   0.72682
 Alpha virt. eigenvalues --    0.95527
          Condensed to atoms (all electrons):
               1          2          3          4          5          6
     1  H    1.162493  -0.061631  -0.049181  -0.001009  -0.002236   0.000473
     2  H   -0.061631   0.710519   0.507909  -0.082065  -0.014545   0.003956
     3  H   -0.049181   0.507909   0.661189  -0.077375  -0.044656  -0.003098
     4  H   -0.001009  -0.082065  -0.077375   0.953418   0.282852  -0.056131
     5  H   -0.002236  -0.014545  -0.044656   0.282852   0.741859   0.189784
     6  H    0.000473   0.003956  -0.003098  -0.056131   0.189784   0.922954
     7  H   -0.000053   0.000242   0.000160   0.001641   0.004301  -0.029285
     8  H    0.000359   0.001783   0.001641  -0.096298  -0.031432   0.327681
     9  H    0.001647  -0.062324  -0.029285   0.327681  -0.196295  -0.191142
    10  H   -0.000065  -0.001016   0.004301  -0.031432  -0.085687  -0.196295
    11  H   -0.000058   0.000171   0.000242   0.001783  -0.001016  -0.062324
    12  H    0.000015  -0.000058  -0.000053   0.000359  -0.000065   0.001647
               7          8          9         10         11         12
     1  H   -0.000053   0.000359   0.001647  -0.000065  -0.000058   0.000015
     2  H    0.000242   0.001783  -0.062324  -0.001016   0.000171  -0.000058
     3  H    0.000160   0.001641  -0.029285   0.004301   0.000242  -0.000053
     4  H    0.001641  -0.096298   0.327681  -0.031432   0.001783   0.000359
     5  H    0.004301  -0.031432  -0.196295  -0.085687  -0.001016  -0.000065
     6  H   -0.029285   0.327681  -0.191142  -0.196295  -0.062324   0.001647
     7  H    0.661189  -0.077375  -0.003098  -0.044656   0.507909  -0.049181
     8  H   -0.077375   0.953418  -0.056131   0.282852  -0.082065  -0.001009
     9  H   -0.003098  -0.056131   0.922954   0.189784   0.003956   0.000473
    10  H   -0.044656   0.282852   0.189784   0.741859  -0.014545  -0.002236
    11  H    0.507909  -0.082065   0.003956  -0.014545   0.710519  -0.061631
    12  H   -0.049181  -0.001009   0.000473  -0.002236  -0.061631   1.162493
 Mulliken charges:
               1
     1  H   -0.050755
     2  H   -0.002940
     3  H    0.028205
     4  H   -0.223425
     5  H    0.157136
     6  H    0.091779
     7  H    0.028205
     8  H   -0.223425
     9  H    0.091779
    10  H    0.157136
    11  H   -0.002940
    12  H   -0.050755
 Sum of Mulliken charges =  -0.00000
 Mulliken charges with hydrogens summed into heavy atoms:
               1
 Electronic spatial extent (au):  <R**2>=            262.3212
 Charge=             -0.0000 electrons
 Dipole moment (field-independent basis, Debye):
    X=              0.0000    Y=             -0.0000    Z=              0.0000  Tot=              0.0000
 Quadrupole moment (field-independent basis, Debye-Ang):
   XX=            -15.6407   YY=            -25.5394   ZZ=            -15.3425
   XY=             -2.6344   XZ=              0.0000   YZ=             -0.0000
 Traceless Quadrupole moment (field-independent basis, Debye-Ang):
   XX=              3.2002   YY=             -6.6985   ZZ=              3.4983
   XY=             -2.6344   XZ=              0.0000   YZ=             -0.0000
 Octapole moment (field-independent basis, Debye-Ang**2):
  XXX=              0.0000  YYY=              0.0000  ZZZ=              0.0000  XYY=              0.0000
  XXY=              0.0000  XXZ=              0.0000  XZZ=              0.0000  YZZ=              0.0000
  YYZ=              0.0000  XYZ=              0.0000
 Hexadecapole moment (field-independent basis, Debye-Ang**3):
 XXXX=            -51.4568 YYYY=           -705.3595 ZZZZ=            -18.4049 XXXY=            -34.6539
 XXXZ=             -0.0000 YYYX=            -77.6068 YYYZ=              0.0000 ZZZX=             -0.0000
 ZZZY=              0.0000 XXYY=            -92.7424 XXZZ=            -11.6860 YYZZ=            -84.5704
 XXYZ=              0.0000 YYXZ=              0.0000 ZZXY=            -11.6464
 N-N= 1.715688931303D+01 E-N=-4.515017459187D+01  KE= 6.315400213492D+00
 Symmetry AG   KE= 2.850572531967D+00
 Symmetry BG   KE= 0.000000000000D+00
 Symmetry AU   KE= 0.000000000000D+00
 Symmetry BU   KE= 3.464827681525D+00

 Test job not archived.
 1\1\GINC-SULU\Stability\RHF\Gen\H12\LCJ1\17-Feb-2017\0\\#rhf/gen scf(s
 ymm,tight,novaracc,noincfock,fulldiag) stable(crhf) guess=read geom=no
 crowd test\\hf stability analysis of h12 triangular lattice, y= 1.5973
 482699307082\\0,1\H\H,1,1.6377309\H,1,1.6377309,2,25.5\H,2,1.6377309,1
 ,154.5,3,0.,0\H,2,1.6377309,1,180.,3,0.,0\H,4,1.6377309,3,180.,5,0.,0\
 H,6,1.6377309,5,180.,3,0.,0\H,4,1.6377309,2,180.,3,0.,0\H,3,1.6377309,
 1,180.,4,0.,0\H,9,1.6377309,3,180.,4,0.,0\H,8,1.6377309,4,180.,3,0.,0\
 H,7,1.6377309,6,180.,3,0.,0\\Version=ES64L-G09RevE.01\State=1-AG\HF=-5
 .7199763\MP2=-6.2967259\RMSD=2.690e-09\Dipole=0.,0.,0.\Quadrupole=2.53
 7407,2.6009275,-5.1383345,0.,-1.6270629,0.\PG=C02H [SGH(H12)]\\@


 "THE ACADEMIC HIERARCHY"


 THE PRESIDENT:
   LEAPS TALL BUILDINGS IN A SINGLE BOUND,
     IS MORE POWERFUL THAN A LOCOMOTIVE,
       IS FASTER THAN A SPEEDING BULLET,
         WALKS ON WATER,
           GIVES POLICY TO GOD.

 THE VICE PRESIDENT FOR ACADEMIC AFFAIRS:
   LEAPS SHORT BUILDINGS IN A SINGLE BOUND,
     IS MORE POWERFUL THAN A SWITCH ENGINE,
       IS JUST AS FAST AS A SPEEDING BULLET,
         WALKS ON WATER IF SEA IS CALM,
           TALKS WITH GOD.

 PROFESSOR:
   LEAPS SHORT BUILDINGS WITH A RUNNING START AND FAVORABLE WINDS,
     IS ALMOST AS POWERFUL AS A SWITCH ENGINE,
       CAN FIRE A SPEEDING BULLET,
         WALKS ON WATER IN AN INDOOR SWIMMING POOL,
          TALKS WITH GOD IF SPECIAL REQUEST IS APPROVED.

 ASSOCIATE PROFESSOR:
   BARELY CLEARS A QUONSET HUT,
     LOSES TUG OF WAR WITH LOCOMOTIVE,
       MISFIRES FREQUENTLY,
         SWIMS WELL,
           IS OCCASIONALLY ADDRESSED BY GOD.

 ASSISTANT PROFESSOR:
   MAKES HIGH MARKS ON WALLS WHEN TRYING TO LEAP TALL BUILDINGS,
     IS RUN OVER BY LOCOMOTIVES,
       CAN SOMETIMES HANDLE A GUN WITHOUT INFLICTING SELF INJURY,
         DOG PADDLES,
           TALKS TO ANIMALS.

 GRADUATE STUDENT:
   RUNS INTO BUILDINGS,
     RECOGNIZES LOCOMOTIVES TWO OUT OF THREE TIMES,
       IS NOT ISSUED AMMUNITION,
         CAN STAY AFLOAT WITH A LIFE JACKET,
           TALKS TO WALLS.

 UNDERGRADUATE AND WORK STUDY STUDENT:
   FALLS OVER DOORSTEP WHEN TRYING TO ENTER BUILDINGS,
     SAYS, "LOOK AT THE CHOO-CHOO,"
       WETS HIMSELF WITH A WATER PISTOL,
        PLAYS IN MUD PUDDLES,
          MUMBLES TO HIMSELF.

 DEPARTMENT SECRETARY:
   LIFTS TALL BUILDINGS AND WALKS UNDER THEM,
     KICKS LOCOMOTIVES OFF THE TRACKS,
       CATCHES SPEEDING BULLETS IN HER TEETH AND EATS THEM,
         FREEZES WATER WITH A SINGLE GLANCE,
           IS GOD.
 Job cpu time:       0 days  0 hours  0 minutes  1.0 seconds.
 File lengths (MBytes):  RWF=     84 Int=      0 D2E=      0 Chk=      2 Scr=      2
 Normal termination of Gaussian 09 at Fri Feb 17 15:08:23 2017.
