 Entering Gaussian System, Link 0=g09
 AtFile(1): H.gbs
            H     0
            S   10   1.00
               1000.000000000000            0.000068713567
                316.227766000000            0.000169141320
                100.000000000000            0.000823394812
                 31.622776600000            0.003425569236
                 10.000000000000            0.013951996000
                  3.162277660000            0.056909313560
                  1.000000000000            0.198286399900
                  0.316227766000            0.496922426700
                  0.100000000000            0.369846276400
                  0.031622776600            0.003752720039
            ****
 Initial command:
 /projects/guscus/apps/gau/g09-e1/g09/l1.exe "/users/lcj1/gaussian/h12/rhfstability/rect/guess/ag3bu3/Gau-17264.inp" -scrdir="/users/lcj1/gaussian/h12/rhfstability/rect/guess/ag3bu3/"
 Entering Link 1 = /projects/guscus/apps/gau/g09-e1/g09/l1.exe PID=     17273.
  
 Copyright (c) 1988,1990,1992,1993,1995,1998,2003,2009,2015,
            Gaussian, Inc.  All Rights Reserved.
  
 This is part of the Gaussian(R) 09 program.  It is based on
 the Gaussian(R) 03 system (copyright 2003, Gaussian, Inc.),
 the Gaussian(R) 98 system (copyright 1998, Gaussian, Inc.),
 the Gaussian(R) 94 system (copyright 1995, Gaussian, Inc.),
 the Gaussian 92(TM) system (copyright 1992, Gaussian, Inc.),
 the Gaussian 90(TM) system (copyright 1990, Gaussian, Inc.),
 the Gaussian 88(TM) system (copyright 1988, Gaussian, Inc.),
 the Gaussian 86(TM) system (copyright 1986, Carnegie Mellon
 University), and the Gaussian 82(TM) system (copyright 1983,
 Carnegie Mellon University). Gaussian is a federally registered
 trademark of Gaussian, Inc.
  
 This software contains proprietary and confidential information,
 including trade secrets, belonging to Gaussian, Inc.
  
 This software is provided under written license and may be
 used, copied, transmitted, or stored only in accord with that
 written license.
  
 The following legend is applicable only to US Government
 contracts under FAR:
  
                    RESTRICTED RIGHTS LEGEND
  
 Use, reproduction and disclosure by the US Government is
 subject to restrictions as set forth in subparagraphs (a)
 and (c) of the Commercial Computer Software - Restricted
 Rights clause in FAR 52.227-19.
  
 Gaussian, Inc.
 340 Quinnipiac St., Bldg. 40, Wallingford CT 06492
  
  
 ---------------------------------------------------------------
 Warning -- This program may not be used in any manner that
 competes with the business of Gaussian, Inc. or will provide
 assistance to any competitor of Gaussian, Inc.  The licensee
 of this program is prohibited from giving any competitor of
 Gaussian, Inc. access to this program.  By using this program,
 the user acknowledges that Gaussian, Inc. is engaged in the
 business of creating and licensing software in the field of
 computational chemistry and represents and warrants to the
 licensee that it is not a competitor of Gaussian, Inc. and that
 it will not use this program in any manner prohibited above.
 ---------------------------------------------------------------
  

 Cite this work as:
 Gaussian 09, Revision E.01,
 M. J. Frisch, G. W. Trucks, H. B. Schlegel, G. E. Scuseria, 
 M. A. Robb, J. R. Cheeseman, G. Scalmani, V. Barone, B. Mennucci, 
 G. A. Petersson, H. Nakatsuji, M. Caricato, X. Li, H. P. Hratchian, 
 A. F. Izmaylov, J. Bloino, G. Zheng, J. L. Sonnenberg, M. Hada, 
 M. Ehara, K. Toyota, R. Fukuda, J. Hasegawa, M. Ishida, T. Nakajima, 
 Y. Honda, O. Kitao, H. Nakai, T. Vreven, J. A. Montgomery, Jr., 
 J. E. Peralta, F. Ogliaro, M. Bearpark, J. J. Heyd, E. Brothers, 
 K. N. Kudin, V. N. Staroverov, T. Keith, R. Kobayashi, J. Normand, 
 K. Raghavachari, A. Rendell, J. C. Burant, S. S. Iyengar, J. Tomasi, 
 M. Cossi, N. Rega, J. M. Millam, M. Klene, J. E. Knox, J. B. Cross, 
 V. Bakken, C. Adamo, J. Jaramillo, R. Gomperts, R. E. Stratmann, 
 O. Yazyev, A. J. Austin, R. Cammi, C. Pomelli, J. W. Ochterski, 
 R. L. Martin, K. Morokuma, V. G. Zakrzewski, G. A. Voth, 
 P. Salvador, J. J. Dannenberg, S. Dapprich, A. D. Daniels, 
 O. Farkas, J. B. Foresman, J. V. Ortiz, J. Cioslowski, 
 and D. J. Fox, Gaussian, Inc., Wallingford CT, 2013.
 
 ******************************************
 Gaussian 09:  ES64L-G09RevE.01 30-Nov-2015
                17-Feb-2017 
 ******************************************
 %chk=h12.chk
 ----------------------------------------------------------------------
 #rhf/gen scf(symm,tight,novaracc,noincfock,fulldiag) stable(crhf) gues
 s=read geom=nocrowd test
 ----------------------------------------------------------------------
 1/38=1/1;
 2/12=1,17=6,18=5,40=1/2;
 3/5=7,16=1,25=1,30=1,116=1/1,2,3;
 4/5=1,9=4/1;
 5/5=100002,15=2,16=1,32=2,38=6/2;
 8/6=1,10=90,11=11/1,4;
 9/8=4,13=1/2;
 6/7=2,8=2,9=2,10=2,28=1/1;
 99/5=1,9=1/99;
 ----------------------------------------------------------------------
 hf stability analysis of h12 triangular lattice, y= 0.5010379721798762
 2
 ----------------------------------------------------------------------
 Symbolic Z-matrix:
 Charge =  0 Multiplicity = 1
 H
 H                    1     1.25652 
 H                    1     1.25652  2     133. 
 H                    2     1.25652  1     47.      3     0.       0
 H                    2     1.25652  1     180.     3     0.       0
 H                    4     1.25652  3     180.     5     0.       0
 H                    6     1.25652  5     180.     3     0.       0
 H                    4     1.25652  2     180.     3     0.       0
 H                    3     1.25652  1     180.     4     0.       0
 H                    9     1.25652  3     180.     4     0.       0
 H                    8     1.25652  4     180.     3     0.       0
 H                    7     1.25652  6     180.     3     0.       0
 
                          Input orientation:                          
 ---------------------------------------------------------------------
 Center     Atomic      Atomic             Coordinates (Angstroms)
 Number     Number       Type             X           Y           Z
 ---------------------------------------------------------------------
      1          1           0        0.000000    0.000000    0.000000
      2          1           0        0.000000    0.000000    1.256524
      3          1           0        0.918964    0.000000   -0.856948
      4          1           0        0.918964    0.000000    0.399577
      5          1           0        0.000000    0.000000    2.513049
      6          1           0        0.918964    0.000000    1.656101
      7          1           0        1.837928    0.000000    0.799154
      8          1           0        1.837928    0.000000   -0.457371
      9          1           0        1.837928    0.000000   -1.713895
     10          1           0        2.756891    0.000000   -2.570843
     11          1           0        2.756891    0.000000   -1.314318
     12          1           0        2.756891    0.000000   -0.057794
 ---------------------------------------------------------------------
                    Distance matrix (angstroms):
                    1          2          3          4          5
     1  H    0.000000
     2  H    1.256524   0.000000
     3  H    1.256524   2.304617   0.000000
     4  H    1.002076   1.256524   1.256524   0.000000
     5  H    2.513049   1.256524   3.493046   2.304617   0.000000
     6  H    1.893982   1.002076   2.513049   1.256524   1.256524
     7  H    2.004152   1.893982   1.893982   1.002076   2.513049
     8  H    1.893982   2.513049   1.002076   1.256524   3.493046
     9  H    2.513049   3.493046   1.256524   2.304617   4.609234
    10  H    3.769573   4.716905   2.513049   3.493046   5.783287
    11  H    3.054158   3.769573   1.893982   2.513049   4.716905
    12  H    2.757497   3.054158   2.004152   1.893982   3.769573
                    6          7          8          9         10
     6  H    0.000000
     7  H    1.256524   0.000000
     8  H    2.304617   1.256524   0.000000
     9  H    3.493046   2.513049   1.256524   0.000000
    10  H    4.609234   3.493046   2.304617   1.256524   0.000000
    11  H    3.493046   2.304617   1.256524   1.002076   1.256524
    12  H    2.513049   1.256524   1.002076   1.893982   2.513049
                   11         12
    11  H    0.000000
    12  H    1.256524   0.000000
 Stoichiometry    H12
 Framework group  C2H[SGH(H12)]
 Deg. of freedom    11
 Full point group                 C2H     NOp   4
 Largest Abelian subgroup         C2H     NOp   4
 Largest concise Abelian subgroup C2      NOp   2
                         Standard orientation:                         
 ---------------------------------------------------------------------
 Center     Atomic      Atomic             Coordinates (Angstroms)
 Number     Number       Type             X           Y           Z
 ---------------------------------------------------------------------
      1          1           0        0.918964    1.027839    0.000000
      2          1           0        0.000000    1.884787    0.000000
      3          1           0        0.918964   -0.228685   -0.000000
      4          1           0        0.000000    0.628262    0.000000
      5          1           0       -0.918964    2.741734    0.000000
      6          1           0       -0.918964    1.485210    0.000000
      7          1           0       -0.918964    0.228685    0.000000
      8          1           0       -0.000000   -0.628262    0.000000
      9          1           0        0.918964   -1.485210    0.000000
     10          1           0        0.918964   -2.741734    0.000000
     11          1           0       -0.000000   -1.884787    0.000000
     12          1           0       -0.918964   -1.027839    0.000000
 ---------------------------------------------------------------------
 Rotational constants (GHZ):     97.7290997     16.0812663     13.8090029
 General basis read from cards:  (5D, 7F)
 There are     6 symmetry adapted cartesian basis functions of AG  symmetry.
 There are     0 symmetry adapted cartesian basis functions of BG  symmetry.
 There are     0 symmetry adapted cartesian basis functions of AU  symmetry.
 There are     6 symmetry adapted cartesian basis functions of BU  symmetry.
 There are     6 symmetry adapted basis functions of AG  symmetry.
 There are     0 symmetry adapted basis functions of BG  symmetry.
 There are     0 symmetry adapted basis functions of AU  symmetry.
 There are     6 symmetry adapted basis functions of BU  symmetry.
    12 basis functions,   120 primitive gaussians,    12 cartesian basis functions
     6 alpha electrons        6 beta electrons
       nuclear repulsion energy        18.8607485420 Hartrees.
 NAtoms=   12 NActive=   12 NUniq=    6 SFac= 4.00D+00 NAtFMM=   60 NAOKFM=F Big=F
 Integral buffers will be    131072 words long.
 Regular integral format.
 Two-electron integral symmetry is turned on.
 One-electron integrals computed using PRISM.
 NBasis=    12 RedAO= T EigKep=  1.78D-01  NBF=     6     0     0     6
 NBsUse=    12 1.00D-06 EigRej= -1.00D+00 NBFU=     6     0     0     6
 Initial guess from the checkpoint file:  "h12.chk"
 B after Tr=     0.000000    0.000000    0.000000
         Rot=    0.998677   -0.000000    0.000000   -0.051427 Ang=  -5.90 deg.
 Initial guess orbital symmetries:
       Occupied  (AG) (BU) (AG) (BU) (BU) (AG)
       Virtual   (BU) (AG) (BU) (AG) (AG) (BU)
 Keep R1 ints in memory in symmetry-blocked form, NReq=902188.
 Requested convergence on RMS density matrix=1.00D-08 within 128 cycles.
 Requested convergence on MAX density matrix=1.00D-06.
 Requested convergence on             energy=1.00D-06.
 No special actions if energy rises.
 SCF Done:  E(RHF) =  -5.95954983808     A.U. after   14 cycles
            NFock= 14  Conv=0.81D-09     -V/T= 1.9782
 Range of M.O.s used for correlation:     1    12
 NBasis=    12 NAE=     6 NBE=     6 NFC=     0 NFV=     0
 NROrb=     12 NOA=     6 NOB=     6 NVA=     6 NVB=     6
 Semi-Direct transformation.
 ModeAB=           4 MOrb=             6 LenV=     134086187
 LASXX=         2181 LTotXX=        2181 LenRXX=        5115
 LTotAB=        2934 MaxLAS=        3024 LenRXY=           0
 NonZer=        7296 LenScr=      655360 LnRSAI=        3024
 LnScr1=      655360 LExtra=           0 Total=      1318859
 MaxDsk=          -1 SrtSym=           T ITran=            3
 JobTyp=0 Pass  1:  I=   1 to   6.
 (rs|ai) integrals will be sorted in core.
 Spin components of T(2) and E(2):
     alpha-alpha T2 =       0.4098902821D-02 E2=     -0.6211623819D-02
     alpha-beta  T2 =       0.6404225250D-01 E2=     -0.9810573171D-01
     beta-beta   T2 =       0.4098902821D-02 E2=     -0.6211623819D-02
 ANorm=    0.1035490250D+01
 E2 =    -0.1105289793D+00 EUMP2 =    -0.60700788174231D+01
 Second order stability test of a single determinant RHF wave function:
 Stabil:  MDV=134217728
 ***********************************************************************
 Matrix         Lowest Root    Major Pairs
 ***********************************************************************
 Internal RHF     0.197486     Stable
 RRHF --> CRHF    0.1824513    Stable
 RRHF --> RUHF    0.0215816    Stable
 Stable under the perturbations considered.
 ***********************************************************************

 **********************************************************************

            Population analysis using the SCF density.

 **********************************************************************

 Orbital symmetries:
       Occupied  (AG) (BU) (AG) (BU) (BU) (AG)
       Virtual   (AG) (BU) (AG) (BU) (AG) (BU)
 The electronic state is 1-AG.
 Alpha  occ. eigenvalues --   -0.91336  -0.77615  -0.58449  -0.53517  -0.37029
 Alpha  occ. eigenvalues --   -0.31609
 Alpha virt. eigenvalues --    0.10205   0.23794   0.27541   0.29547   0.54359
 Alpha virt. eigenvalues --    0.56902
          Condensed to atoms (all electrons):
               1          2          3          4          5          6
     1  H    1.094493   0.258453  -0.110587   0.229062  -0.039803  -0.153539
     2  H    0.258453   0.750587  -0.033438  -0.058920   0.173289  -0.023848
     3  H   -0.110587  -0.033438   1.052697  -0.062639   0.007926   0.000641
     4  H    0.229062  -0.058920  -0.062639   0.921759  -0.090083   0.004451
     5  H   -0.039803   0.173289   0.007926  -0.090083   0.789781   0.176369
     6  H   -0.153539  -0.023848   0.000641   0.004451   0.176369   0.750052
     7  H   -0.119778  -0.139798  -0.063047   0.326433  -0.043690   0.225146
     8  H   -0.068983  -0.013628   0.326433  -0.157326   0.009348  -0.014457
     9  H   -0.041079  -0.005593   0.225146  -0.014457   0.000680   0.007989
    10  H    0.001362  -0.000238  -0.043690   0.009348  -0.000198   0.000680
    11  H    0.018494   0.006340  -0.139798  -0.013628  -0.000238  -0.005593
    12  H    0.023764   0.018494  -0.119778  -0.068983   0.001362  -0.041079
               7          8          9         10         11         12
     1  H   -0.119778  -0.068983  -0.041079   0.001362   0.018494   0.023764
     2  H   -0.139798  -0.013628  -0.005593  -0.000238   0.006340   0.018494
     3  H   -0.063047   0.326433   0.225146  -0.043690  -0.139798  -0.119778
     4  H    0.326433  -0.157326  -0.014457   0.009348  -0.013628  -0.068983
     5  H   -0.043690   0.009348   0.000680  -0.000198  -0.000238   0.001362
     6  H    0.225146  -0.014457   0.007989   0.000680  -0.005593  -0.041079
     7  H    1.052697  -0.062639   0.000641   0.007926  -0.033438  -0.110587
     8  H   -0.062639   0.921759   0.004451  -0.090083  -0.058920   0.229062
     9  H    0.000641   0.004451   0.750052   0.176369  -0.023848  -0.153539
    10  H    0.007926  -0.090083   0.176369   0.789781   0.173289  -0.039803
    11  H   -0.033438  -0.058920  -0.023848   0.173289   0.750587   0.258453
    12  H   -0.110587   0.229062  -0.153539  -0.039803   0.258453   1.094493
 Mulliken charges:
               1
     1  H   -0.091857
     2  H    0.068299
     3  H   -0.039867
     4  H   -0.025018
     5  H    0.015256
     6  H    0.073187
     7  H   -0.039867
     8  H   -0.025018
     9  H    0.073187
    10  H    0.015256
    11  H    0.068299
    12  H   -0.091857
 Sum of Mulliken charges =   0.00000
 Mulliken charges with hydrogens summed into heavy atoms:
               1
 Electronic spatial extent (au):  <R**2>=            166.0659
 Charge=             -0.0000 electrons
 Dipole moment (field-independent basis, Debye):
    X=              0.0000    Y=             -0.0000    Z=              0.0000  Tot=              0.0000
 Quadrupole moment (field-independent basis, Debye-Ang):
   XX=            -18.0784   YY=            -15.4081   ZZ=            -15.4560
   XY=             -2.1981   XZ=              0.0000   YZ=              0.0000
 Traceless Quadrupole moment (field-independent basis, Debye-Ang):
   XX=             -1.7643   YY=              0.9061   ZZ=              0.8582
   XY=             -2.1981   XZ=              0.0000   YZ=              0.0000
 Octapole moment (field-independent basis, Debye-Ang**2):
  XXX=              0.0000  YYY=             -0.0000  ZZZ=             -0.0000  XYY=              0.0000
  XXY=             -0.0000  XXZ=             -0.0000  XZZ=              0.0000  YZZ=             -0.0000
  YYZ=             -0.0000  XYZ=             -0.0000
 Hexadecapole moment (field-independent basis, Debye-Ang**3):
 XXXX=            -79.6831 YYYY=           -249.6805 ZZZZ=            -18.5145 XXXY=             23.7219
 XXXZ=              0.0000 YYYX=             13.7346 YYYZ=              0.0000 ZZZX=              0.0000
 ZZZY=              0.0000 XXYY=            -57.9735 XXZZ=            -16.1209 YYZZ=            -46.5565
 XXYZ=              0.0000 YYXZ=              0.0000 ZZXY=              8.0786
 N-N= 1.886074854198D+01 E-N=-4.874179860610D+01  KE= 6.092330264959D+00
 Symmetry AG   KE= 2.962887878029D+00
 Symmetry BG   KE= 0.000000000000D+00
 Symmetry AU   KE= 0.000000000000D+00
 Symmetry BU   KE= 3.129442386931D+00

 Test job not archived.
 1\1\GINC-SULU\Stability\RHF\Gen\H12\LCJ1\17-Feb-2017\0\\#rhf/gen scf(s
 ymm,tight,novaracc,noincfock,fulldiag) stable(crhf) guess=read geom=no
 crowd test\\hf stability analysis of h12 triangular lattice, y= 0.5010
 3797217987622\\0,1\H\H,1,1.2565244613\H,1,1.2565244613,2,133.\H,2,1.25
 65244613,1,47.,3,0.,0\H,2,1.2565244613,1,180.,3,0.,0\H,4,1.2565244613,
 3,180.,5,0.,0\H,6,1.2565244613,5,180.,3,0.,0\H,4,1.2565244613,2,180.,3
 ,0.,0\H,3,1.2565244613,1,180.,4,0.,0\H,9,1.2565244613,3,180.,4,0.,0\H,
 8,1.2565244613,4,180.,3,0.,0\H,7,1.2565244613,6,180.,3,0.,0\\Version=E
 S64L-G09RevE.01\State=1-AG\HF=-5.9595498\MP2=-6.0700788\RMSD=8.147e-10
 \Dipole=0.,0.,0.\Quadrupole=-1.8800364,0.6380427,1.2419937,0.,-1.10425
 04,0.\PG=C02H [SGH(H12)]\\@


 A true friend is someone who is there for
 you when he'd rather be anywhere else.
                               -- Len Wein
 Job cpu time:       0 days  0 hours  0 minutes  1.1 seconds.
 File lengths (MBytes):  RWF=     84 Int=      0 D2E=      0 Chk=      2 Scr=      2
 Normal termination of Gaussian 09 at Fri Feb 17 14:57:04 2017.
