 Entering Gaussian System, Link 0=g09
 AtFile(1): H.gbs
            H     0
            S   10   1.00
               1000.000000000000            0.000068713567
                316.227766000000            0.000169141320
                100.000000000000            0.000823394812
                 31.622776600000            0.003425569236
                 10.000000000000            0.013951996000
                  3.162277660000            0.056909313560
                  1.000000000000            0.198286399900
                  0.316227766000            0.496922426700
                  0.100000000000            0.369846276400
                  0.031622776600            0.003752720039
            ****
 Initial command:
 /projects/guscus/apps/gau/g09-e1/g09/l1.exe "/users/lcj1/gaussian/h12/rhfstability/rect/guess/ag3bu3/Gau-20788.inp" -scrdir="/users/lcj1/gaussian/h12/rhfstability/rect/guess/ag3bu3/"
 Entering Link 1 = /projects/guscus/apps/gau/g09-e1/g09/l1.exe PID=     20789.
  
 Copyright (c) 1988,1990,1992,1993,1995,1998,2003,2009,2015,
            Gaussian, Inc.  All Rights Reserved.
  
 This is part of the Gaussian(R) 09 program.  It is based on
 the Gaussian(R) 03 system (copyright 2003, Gaussian, Inc.),
 the Gaussian(R) 98 system (copyright 1998, Gaussian, Inc.),
 the Gaussian(R) 94 system (copyright 1995, Gaussian, Inc.),
 the Gaussian 92(TM) system (copyright 1992, Gaussian, Inc.),
 the Gaussian 90(TM) system (copyright 1990, Gaussian, Inc.),
 the Gaussian 88(TM) system (copyright 1988, Gaussian, Inc.),
 the Gaussian 86(TM) system (copyright 1986, Carnegie Mellon
 University), and the Gaussian 82(TM) system (copyright 1983,
 Carnegie Mellon University). Gaussian is a federally registered
 trademark of Gaussian, Inc.
  
 This software contains proprietary and confidential information,
 including trade secrets, belonging to Gaussian, Inc.
  
 This software is provided under written license and may be
 used, copied, transmitted, or stored only in accord with that
 written license.
  
 The following legend is applicable only to US Government
 contracts under FAR:
  
                    RESTRICTED RIGHTS LEGEND
  
 Use, reproduction and disclosure by the US Government is
 subject to restrictions as set forth in subparagraphs (a)
 and (c) of the Commercial Computer Software - Restricted
 Rights clause in FAR 52.227-19.
  
 Gaussian, Inc.
 340 Quinnipiac St., Bldg. 40, Wallingford CT 06492
  
  
 ---------------------------------------------------------------
 Warning -- This program may not be used in any manner that
 competes with the business of Gaussian, Inc. or will provide
 assistance to any competitor of Gaussian, Inc.  The licensee
 of this program is prohibited from giving any competitor of
 Gaussian, Inc. access to this program.  By using this program,
 the user acknowledges that Gaussian, Inc. is engaged in the
 business of creating and licensing software in the field of
 computational chemistry and represents and warrants to the
 licensee that it is not a competitor of Gaussian, Inc. and that
 it will not use this program in any manner prohibited above.
 ---------------------------------------------------------------
  

 Cite this work as:
 Gaussian 09, Revision E.01,
 M. J. Frisch, G. W. Trucks, H. B. Schlegel, G. E. Scuseria, 
 M. A. Robb, J. R. Cheeseman, G. Scalmani, V. Barone, B. Mennucci, 
 G. A. Petersson, H. Nakatsuji, M. Caricato, X. Li, H. P. Hratchian, 
 A. F. Izmaylov, J. Bloino, G. Zheng, J. L. Sonnenberg, M. Hada, 
 M. Ehara, K. Toyota, R. Fukuda, J. Hasegawa, M. Ishida, T. Nakajima, 
 Y. Honda, O. Kitao, H. Nakai, T. Vreven, J. A. Montgomery, Jr., 
 J. E. Peralta, F. Ogliaro, M. Bearpark, J. J. Heyd, E. Brothers, 
 K. N. Kudin, V. N. Staroverov, T. Keith, R. Kobayashi, J. Normand, 
 K. Raghavachari, A. Rendell, J. C. Burant, S. S. Iyengar, J. Tomasi, 
 M. Cossi, N. Rega, J. M. Millam, M. Klene, J. E. Knox, J. B. Cross, 
 V. Bakken, C. Adamo, J. Jaramillo, R. Gomperts, R. E. Stratmann, 
 O. Yazyev, A. J. Austin, R. Cammi, C. Pomelli, J. W. Ochterski, 
 R. L. Martin, K. Morokuma, V. G. Zakrzewski, G. A. Voth, 
 P. Salvador, J. J. Dannenberg, S. Dapprich, A. D. Daniels, 
 O. Farkas, J. B. Foresman, J. V. Ortiz, J. Cioslowski, 
 and D. J. Fox, Gaussian, Inc., Wallingford CT, 2013.
 
 ******************************************
 Gaussian 09:  ES64L-G09RevE.01 30-Nov-2015
                17-Feb-2017 
 ******************************************
 %chk=h12.chk
 ----------------------------------------------------------------------
 #rhf/gen scf(symm,tight,novaracc,noincfock,fulldiag) stable(crhf) gues
 s=read geom=nocrowd test
 ----------------------------------------------------------------------
 1/38=1/1;
 2/12=1,17=6,18=5,40=1/2;
 3/5=7,16=1,25=1,30=1,116=1/1,2,3;
 4/5=1,9=4/1;
 5/5=100002,15=2,16=1,32=2,38=6/2;
 8/6=1,10=90,11=11/1,4;
 9/8=4,13=1/2;
 6/7=2,8=2,9=2,10=2,28=1/1;
 99/5=1,9=1/99;
 ----------------------------------------------------------------------
 hf stability analysis of h12 triangular lattice, y= 0.5831683378880934
 1
 ----------------------------------------------------------------------
 Symbolic Z-matrix:
 Charge =  0 Multiplicity = 1
 H
 H                    1     1.14901 
 H                    1     1.14901  2     119. 
 H                    2     1.14901  1     61.      3     0.       0
 H                    2     1.14901  1     180.     3     0.       0
 H                    4     1.14901  3     180.     5     0.       0
 H                    6     1.14901  5     180.     3     0.       0
 H                    4     1.14901  2     180.     3     0.       0
 H                    3     1.14901  1     180.     4     0.       0
 H                    9     1.14901  3     180.     4     0.       0
 H                    8     1.14901  4     180.     3     0.       0
 H                    7     1.14901  6     180.     3     0.       0
 
                          Input orientation:                          
 ---------------------------------------------------------------------
 Center     Atomic      Atomic             Coordinates (Angstroms)
 Number     Number       Type             X           Y           Z
 ---------------------------------------------------------------------
      1          1           0        0.000000    0.000000    0.000000
      2          1           0        0.000000    0.000000    1.149013
      3          1           0        1.004950    0.000000   -0.557053
      4          1           0        1.004950    0.000000    0.591961
      5          1           0        0.000000    0.000000    2.298027
      6          1           0        1.004950    0.000000    1.740974
      7          1           0        2.009899    0.000000    1.183921
      8          1           0        2.009899    0.000000    0.034908
      9          1           0        2.009899    0.000000   -1.114105
     10          1           0        3.014849    0.000000   -1.671158
     11          1           0        3.014849    0.000000   -0.522145
     12          1           0        3.014849    0.000000    0.626868
 ---------------------------------------------------------------------
                    Distance matrix (angstroms):
                    1          2          3          4          5
     1  H    0.000000
     2  H    1.149013   0.000000
     3  H    1.149013   1.980047   0.000000
     4  H    1.166337   1.149013   1.149013   0.000000
     5  H    2.298027   1.149013   3.026781   1.980047   0.000000
     6  H    2.010202   1.166337   2.298027   1.149013   1.149013
     7  H    2.332673   2.010202   2.010202   1.166337   2.298027
     8  H    2.010202   2.298027   1.166337   1.149013   3.026781
     9  H    2.298027   3.026781   1.149013   1.980047   3.960093
    10  H    3.447040   4.128278   2.298027   3.026781   4.984350
    11  H    3.059730   3.447040   2.010202   2.298027   4.128278
    12  H    3.079331   3.059730   2.332673   2.010202   3.447040
                    6          7          8          9         10
     6  H    0.000000
     7  H    1.149013   0.000000
     8  H    1.980047   1.149013   0.000000
     9  H    3.026781   2.298027   1.149013   0.000000
    10  H    3.960093   3.026781   1.980047   1.149013   0.000000
    11  H    3.026781   1.980047   1.149013   1.166337   1.149013
    12  H    2.298027   1.149013   1.166337   2.010202   2.298027
                   11         12
    11  H    0.000000
    12  H    1.149013   0.000000
 Stoichiometry    H12
 Framework group  C2H[SGH(H12)]
 Deg. of freedom    11
 Full point group                 C2H     NOp   4
 Largest Abelian subgroup         C2H     NOp   4
 Largest concise Abelian subgroup C2      NOp   2
                         Standard orientation:                         
 ---------------------------------------------------------------------
 Center     Atomic      Atomic             Coordinates (Angstroms)
 Number     Number       Type             X           Y           Z
 ---------------------------------------------------------------------
      1          1           0        1.004950    1.166467   -0.000000
      2          1           0        0.000000    1.723520    0.000000
      3          1           0        1.004950    0.017454   -0.000000
      4          1           0        0.000000    0.574507    0.000000
      5          1           0       -1.004950    2.280573    0.000000
      6          1           0       -1.004950    1.131559    0.000000
      7          1           0       -1.004950   -0.017454   -0.000000
      8          1           0       -0.000000   -0.574507   -0.000000
      9          1           0        1.004950   -1.131559    0.000000
     10          1           0        1.004950   -2.280573    0.000000
     11          1           0       -0.000000   -1.723520   -0.000000
     12          1           0       -1.004950   -1.166467   -0.000000
 ---------------------------------------------------------------------
 Rotational constants (GHZ):     73.9015702     21.2662283     16.5140697
 General basis read from cards:  (5D, 7F)
 There are     6 symmetry adapted cartesian basis functions of AG  symmetry.
 There are     0 symmetry adapted cartesian basis functions of BG  symmetry.
 There are     0 symmetry adapted cartesian basis functions of AU  symmetry.
 There are     6 symmetry adapted cartesian basis functions of BU  symmetry.
 There are     6 symmetry adapted basis functions of AG  symmetry.
 There are     0 symmetry adapted basis functions of BG  symmetry.
 There are     0 symmetry adapted basis functions of AU  symmetry.
 There are     6 symmetry adapted basis functions of BU  symmetry.
    12 basis functions,   120 primitive gaussians,    12 cartesian basis functions
     6 alpha electrons        6 beta electrons
       nuclear repulsion energy        19.5862016138 Hartrees.
 NAtoms=   12 NActive=   12 NUniq=    6 SFac= 4.00D+00 NAtFMM=   60 NAOKFM=F Big=F
 Integral buffers will be    131072 words long.
 Regular integral format.
 Two-electron integral symmetry is turned on.
 One-electron integrals computed using PRISM.
 NBasis=    12 RedAO= T EigKep=  1.75D-01  NBF=     6     0     0     6
 NBsUse=    12 1.00D-06 EigRej= -1.00D+00 NBFU=     6     0     0     6
 Initial guess from the checkpoint file:  "h12.chk"
 B after Tr=     0.000000   -0.000000    0.000000
         Rot=    0.995664    0.000000    0.000000   -0.093027 Ang= -10.68 deg.
 Initial guess orbital symmetries:
       Occupied  (AG) (BU) (AG) (BU) (BU) (AG)
       Virtual   (BU) (AG) (BU) (AG) (AG) (BU)
 Keep R1 ints in memory in symmetry-blocked form, NReq=903686.
 Requested convergence on RMS density matrix=1.00D-08 within 128 cycles.
 Requested convergence on MAX density matrix=1.00D-06.
 Requested convergence on             energy=1.00D-06.
 No special actions if energy rises.
 SCF Done:  E(RHF) =  -5.91884709719     A.U. after   13 cycles
            NFock= 13  Conv=0.96D-08     -V/T= 1.9551
 Range of M.O.s used for correlation:     1    12
 NBasis=    12 NAE=     6 NBE=     6 NFC=     0 NFV=     0
 NROrb=     12 NOA=     6 NOB=     6 NVA=     6 NVB=     6
 Semi-Direct transformation.
 ModeAB=           4 MOrb=             6 LenV=     134084129
 LASXX=         2181 LTotXX=        2181 LenRXX=        5115
 LTotAB=        2934 MaxLAS=        3024 LenRXY=           0
 NonZer=        7296 LenScr=      655360 LnRSAI=        3024
 LnScr1=      655360 LExtra=           0 Total=      1318859
 MaxDsk=          -1 SrtSym=           T ITran=            3
 JobTyp=0 Pass  1:  I=   1 to   6.
 (rs|ai) integrals will be sorted in core.
 Spin components of T(2) and E(2):
     alpha-alpha T2 =       0.4662947592D-02 E2=     -0.7056860889D-02
     alpha-beta  T2 =       0.6311384076D-01 E2=     -0.9906470180D-01
     beta-beta   T2 =       0.4662947592D-02 E2=     -0.7056860889D-02
 ANorm=    0.1035586663D+01
 E2 =    -0.1131784236D+00 EUMP2 =    -0.60320255207703D+01
 Second order stability test of a single determinant RHF wave function:
 Stabil:  MDV=134217728
 ***********************************************************************
 Matrix         Lowest Root    Major Pairs
 ***********************************************************************
 Internal RHF     0.1652885    Stable
 RRHF --> CRHF    0.1250099    Stable
 RRHF --> RUHF    0.035502     Stable
 Stable under the perturbations considered.
 ***********************************************************************

 **********************************************************************

            Population analysis using the SCF density.

 **********************************************************************

 Orbital symmetries:
       Occupied  (AG) (BU) (BU) (AG) (AG) (BU)
       Virtual   (AG) (BU) (AG) (BU) (BU) (AG)
 The electronic state is 1-AG.
 Alpha  occ. eigenvalues --   -0.97560  -0.79171  -0.63196  -0.55821  -0.39375
 Alpha  occ. eigenvalues --   -0.30292
 Alpha virt. eigenvalues --    0.08702   0.20354   0.24358   0.34764   0.55525
 Alpha virt. eigenvalues --    0.57300
          Condensed to atoms (all electrons):
               1          2          3          4          5          6
     1  H    1.037599   0.247996  -0.075904   0.189675  -0.065368  -0.115969
     2  H    0.247996   0.691232  -0.032593  -0.086780   0.220510  -0.023064
     3  H   -0.075904  -0.032593   0.872781  -0.052271   0.014624  -0.030307
     4  H    0.189675  -0.086780  -0.052271   1.054403  -0.170284   0.103671
     5  H   -0.065368   0.220510   0.014624  -0.170284   1.072361   0.128058
     6  H   -0.115969  -0.023064  -0.030307   0.103671   0.128058   0.757312
     7  H   -0.041432  -0.093797  -0.079859   0.315240  -0.077789   0.214707
     8  H   -0.088324  -0.029918   0.315240  -0.212225   0.024921  -0.041009
     9  H   -0.069191  -0.009323   0.214707  -0.041009   0.003852   0.014038
    10  H    0.005208  -0.000210  -0.077789   0.024921  -0.001232   0.003852
    11  H    0.017783   0.009850  -0.093797  -0.029918  -0.000210  -0.009323
    12  H    0.018314   0.017783  -0.041432  -0.088324   0.005208  -0.069191
               7          8          9         10         11         12
     1  H   -0.041432  -0.088324  -0.069191   0.005208   0.017783   0.018314
     2  H   -0.093797  -0.029918  -0.009323  -0.000210   0.009850   0.017783
     3  H   -0.079859   0.315240   0.214707  -0.077789  -0.093797  -0.041432
     4  H    0.315240  -0.212225  -0.041009   0.024921  -0.029918  -0.088324
     5  H   -0.077789   0.024921   0.003852  -0.001232  -0.000210   0.005208
     6  H    0.214707  -0.041009   0.014038   0.003852  -0.009323  -0.069191
     7  H    0.872781  -0.052271  -0.030307   0.014624  -0.032593  -0.075904
     8  H   -0.052271   1.054403   0.103671  -0.170284  -0.086780   0.189675
     9  H   -0.030307   0.103671   0.757312   0.128058  -0.023064  -0.115969
    10  H    0.014624  -0.170284   0.128058   1.072361   0.220510  -0.065368
    11  H   -0.032593  -0.086780  -0.023064   0.220510   0.691232   0.247996
    12  H   -0.075904   0.189675  -0.115969  -0.065368   0.247996   1.037599
 Mulliken charges:
               1
     1  H   -0.060387
     2  H    0.088312
     3  H    0.066599
     4  H   -0.007098
     5  H   -0.154652
     6  H    0.067226
     7  H    0.066599
     8  H   -0.007098
     9  H    0.067226
    10  H   -0.154652
    11  H    0.088312
    12  H   -0.060387
 Sum of Mulliken charges =  -0.00000
 Mulliken charges with hydrogens summed into heavy atoms:
               1
 Electronic spatial extent (au):  <R**2>=            152.1308
 Charge=             -0.0000 electrons
 Dipole moment (field-independent basis, Debye):
    X=              0.0000    Y=              0.0000    Z=             -0.0000  Tot=              0.0000
 Quadrupole moment (field-independent basis, Debye-Ang):
   XX=            -17.7671   YY=            -25.6870   ZZ=            -15.3162
   XY=              2.4981   XZ=              0.0000   YZ=             -0.0000
 Traceless Quadrupole moment (field-independent basis, Debye-Ang):
   XX=              1.8230   YY=             -6.0969   ZZ=              4.2739
   XY=              2.4981   XZ=              0.0000   YZ=             -0.0000
 Octapole moment (field-independent basis, Debye-Ang**2):
  XXX=              0.0000  YYY=              0.0000  ZZZ=             -0.0000  XYY=             -0.0000
  XXY=              0.0000  XXZ=             -0.0000  XZZ=             -0.0000  YZZ=              0.0000
  YYZ=             -0.0000  XYZ=              0.0000
 Hexadecapole moment (field-independent basis, Debye-Ang**3):
 XXXX=            -88.3384 YYYY=           -274.7876 ZZZZ=            -18.2076 XXXY=             23.6135
 XXXZ=              0.0000 YYYX=             38.5339 YYYZ=             -0.0000 ZZZX=              0.0000
 ZZZY=             -0.0000 XXYY=            -62.2903 XXZZ=            -17.5597 YYZZ=            -38.8537
 XXYZ=             -0.0000 YYXZ=              0.0000 ZZXY=              6.6789
 N-N= 1.958620161381D+01 E-N=-4.989873217479D+01  KE= 6.196929052341D+00
 Symmetry AG   KE= 2.945120517772D+00
 Symmetry BG   KE= 0.000000000000D+00
 Symmetry AU   KE= 0.000000000000D+00
 Symmetry BU   KE= 3.251808534570D+00

 Test job not archived.
 1\1\GINC-SULU\Stability\RHF\Gen\H12\LCJ1\17-Feb-2017\0\\#rhf/gen scf(s
 ymm,tight,novaracc,noincfock,fulldiag) stable(crhf) guess=read geom=no
 crowd test\\hf stability analysis of h12 triangular lattice, y= 0.5831
 6833788809341\\0,1\H\H,1,1.149013288\H,1,1.149013288,2,119.\H,2,1.1490
 13288,1,61.,3,0.,0\H,2,1.149013288,1,180.,3,0.,0\H,4,1.149013288,3,180
 .,5,0.,0\H,6,1.149013288,5,180.,3,0.,0\H,4,1.149013288,2,180.,3,0.,0\H
 ,3,1.149013288,1,180.,4,0.,0\H,9,1.149013288,3,180.,4,0.,0\H,8,1.14901
 3288,4,180.,3,0.,0\H,7,1.149013288,6,180.,3,0.,0\\Version=ES64L-G09Rev
 E.01\State=1-AG\HF=-5.9188471\MP2=-6.0320255\RMSD=9.608e-09\Dipole=0.,
 0.,0.\Quadrupole=-1.5738557,3.1775288,-1.603673,0.,3.4809512,0.\PG=C02
 H [SGH(H12)]\\@


 THE MOLECULE ALSO HAS A BODY.  WHEN THIS BODY IS HIT, THE MOLECULE
 FEELS HURT ALL OVER -- A. KITAIGORODSKI
 Job cpu time:       0 days  0 hours  0 minutes  1.1 seconds.
 File lengths (MBytes):  RWF=     84 Int=      0 D2E=      0 Chk=      2 Scr=      2
 Normal termination of Gaussian 09 at Fri Feb 17 14:58:30 2017.
