 Entering Gaussian System, Link 0=g09
 AtFile(1): H.gbs
            H     0
            S   10   1.00
               1000.000000000000            0.000068713567
                316.227766000000            0.000169141320
                100.000000000000            0.000823394812
                 31.622776600000            0.003425569236
                 10.000000000000            0.013951996000
                  3.162277660000            0.056909313560
                  1.000000000000            0.198286399900
                  0.316227766000            0.496922426700
                  0.100000000000            0.369846276400
                  0.031622776600            0.003752720039
            ****
 Initial command:
 /projects/guscus/apps/gau/g09-e1/g09/l1.exe "/users/lcj1/gaussian/h12/rhfstability/rect/guess/ag3bu3/Gau-9616.inp" -scrdir="/users/lcj1/gaussian/h12/rhfstability/rect/guess/ag3bu3/"
 Entering Link 1 = /projects/guscus/apps/gau/g09-e1/g09/l1.exe PID=      9617.
  
 Copyright (c) 1988,1990,1992,1993,1995,1998,2003,2009,2015,
            Gaussian, Inc.  All Rights Reserved.
  
 This is part of the Gaussian(R) 09 program.  It is based on
 the Gaussian(R) 03 system (copyright 2003, Gaussian, Inc.),
 the Gaussian(R) 98 system (copyright 1998, Gaussian, Inc.),
 the Gaussian(R) 94 system (copyright 1995, Gaussian, Inc.),
 the Gaussian 92(TM) system (copyright 1992, Gaussian, Inc.),
 the Gaussian 90(TM) system (copyright 1990, Gaussian, Inc.),
 the Gaussian 88(TM) system (copyright 1988, Gaussian, Inc.),
 the Gaussian 86(TM) system (copyright 1986, Carnegie Mellon
 University), and the Gaussian 82(TM) system (copyright 1983,
 Carnegie Mellon University). Gaussian is a federally registered
 trademark of Gaussian, Inc.
  
 This software contains proprietary and confidential information,
 including trade secrets, belonging to Gaussian, Inc.
  
 This software is provided under written license and may be
 used, copied, transmitted, or stored only in accord with that
 written license.
  
 The following legend is applicable only to US Government
 contracts under FAR:
  
                    RESTRICTED RIGHTS LEGEND
  
 Use, reproduction and disclosure by the US Government is
 subject to restrictions as set forth in subparagraphs (a)
 and (c) of the Commercial Computer Software - Restricted
 Rights clause in FAR 52.227-19.
  
 Gaussian, Inc.
 340 Quinnipiac St., Bldg. 40, Wallingford CT 06492
  
  
 ---------------------------------------------------------------
 Warning -- This program may not be used in any manner that
 competes with the business of Gaussian, Inc. or will provide
 assistance to any competitor of Gaussian, Inc.  The licensee
 of this program is prohibited from giving any competitor of
 Gaussian, Inc. access to this program.  By using this program,
 the user acknowledges that Gaussian, Inc. is engaged in the
 business of creating and licensing software in the field of
 computational chemistry and represents and warrants to the
 licensee that it is not a competitor of Gaussian, Inc. and that
 it will not use this program in any manner prohibited above.
 ---------------------------------------------------------------
  

 Cite this work as:
 Gaussian 09, Revision E.01,
 M. J. Frisch, G. W. Trucks, H. B. Schlegel, G. E. Scuseria, 
 M. A. Robb, J. R. Cheeseman, G. Scalmani, V. Barone, B. Mennucci, 
 G. A. Petersson, H. Nakatsuji, M. Caricato, X. Li, H. P. Hratchian, 
 A. F. Izmaylov, J. Bloino, G. Zheng, J. L. Sonnenberg, M. Hada, 
 M. Ehara, K. Toyota, R. Fukuda, J. Hasegawa, M. Ishida, T. Nakajima, 
 Y. Honda, O. Kitao, H. Nakai, T. Vreven, J. A. Montgomery, Jr., 
 J. E. Peralta, F. Ogliaro, M. Bearpark, J. J. Heyd, E. Brothers, 
 K. N. Kudin, V. N. Staroverov, T. Keith, R. Kobayashi, J. Normand, 
 K. Raghavachari, A. Rendell, J. C. Burant, S. S. Iyengar, J. Tomasi, 
 M. Cossi, N. Rega, J. M. Millam, M. Klene, J. E. Knox, J. B. Cross, 
 V. Bakken, C. Adamo, J. Jaramillo, R. Gomperts, R. E. Stratmann, 
 O. Yazyev, A. J. Austin, R. Cammi, C. Pomelli, J. W. Ochterski, 
 R. L. Martin, K. Morokuma, V. G. Zakrzewski, G. A. Voth, 
 P. Salvador, J. J. Dannenberg, S. Dapprich, A. D. Daniels, 
 O. Farkas, J. B. Foresman, J. V. Ortiz, J. Cioslowski, 
 and D. J. Fox, Gaussian, Inc., Wallingford CT, 2013.
 
 ******************************************
 Gaussian 09:  ES64L-G09RevE.01 30-Nov-2015
                17-Feb-2017 
 ******************************************
 %chk=h12.chk
 ----------------------------------------------------------------------
 #rhf/gen scf(symm,tight,novaracc,noincfock,fulldiag) stable(crhf) gues
 s=read geom=nocrowd test
 ----------------------------------------------------------------------
 1/38=1/1;
 2/12=1,17=6,18=5,40=1/2;
 3/5=7,16=1,25=1,30=1,116=1/1,2,3;
 4/5=1,9=4/1;
 5/5=100002,15=2,16=1,32=2,38=6/2;
 8/6=1,10=90,11=11/1,4;
 9/8=4,13=1/2;
 6/7=2,8=2,9=2,10=2,28=1/1;
 99/5=1,9=1/99;
 ----------------------------------------------------------------------
 hf stability analysis of h12 triangular lattice, y= 1.3742008147382716
 ----------------------------------------------------------------------
 Symbolic Z-matrix:
 Charge =  0 Multiplicity = 1
 H
 H                    1     1.43699 
 H                    1     1.43699  2     34. 
 H                    2     1.43699  1     146.     3     0.       0
 H                    2     1.43699  1     180.     3     0.       0
 H                    4     1.43699  3     180.     5     0.       0
 H                    6     1.43699  5     180.     3     0.       0
 H                    4     1.43699  2     180.     3     0.       0
 H                    3     1.43699  1     180.     4     0.       0
 H                    9     1.43699  3     180.     4     0.       0
 H                    8     1.43699  4     180.     3     0.       0
 H                    7     1.43699  6     180.     3     0.       0
 
                          Input orientation:                          
 ---------------------------------------------------------------------
 Center     Atomic      Atomic             Coordinates (Angstroms)
 Number     Number       Type             X           Y           Z
 ---------------------------------------------------------------------
      1          1           0        0.000000    0.000000    0.000000
      2          1           0        0.000000    0.000000    1.436990
      3          1           0        0.803555    0.000000    1.191319
      4          1           0        0.803555    0.000000    2.628310
      5          1           0        0.000000    0.000000    2.873981
      6          1           0        0.803555    0.000000    4.065300
      7          1           0        1.607110    0.000000    5.256619
      8          1           0        1.607110    0.000000    3.819629
      9          1           0        1.607110    0.000000    2.382638
     10          1           0        2.410665    0.000000    3.573957
     11          1           0        2.410665    0.000000    5.010948
     12          1           0        2.410665    0.000000    6.447938
 ---------------------------------------------------------------------
                    Distance matrix (angstroms):
                    1          2          3          4          5
     1  H    0.000000
     2  H    1.436990   0.000000
     3  H    1.436990   0.840271   0.000000
     4  H    2.748402   1.436990   1.436990   0.000000
     5  H    2.873981   1.436990   1.864685   0.840271   0.000000
     6  H    4.143955   2.748402   2.873981   1.436990   1.436990
     7  H    5.496803   4.143955   4.143955   2.748402   2.873981
     8  H    4.143955   2.873981   2.748402   1.436990   1.864685
     9  H    2.873981   1.864685   1.436990   0.840271   1.680541
    10  H    4.310971   3.221480   2.873981   1.864685   2.510233
    11  H    5.560656   4.310971   4.143955   2.873981   3.221480
    12  H    6.883837   5.560656   5.496803   4.143955   4.310971
                    6          7          8          9         10
     6  H    0.000000
     7  H    1.436990   0.000000
     8  H    0.840271   1.436990   0.000000
     9  H    1.864685   2.873981   1.436990   0.000000
    10  H    1.680541   1.864685   0.840271   1.436990   0.000000
    11  H    1.864685   0.840271   1.436990   2.748402   1.436990
    12  H    2.873981   1.436990   2.748402   4.143955   2.873981
                   11         12
    11  H    0.000000
    12  H    1.436990   0.000000
 Stoichiometry    H12
 Framework group  C2H[SGH(H12)]
 Deg. of freedom    11
 Full point group                 C2H     NOp   4
 Largest Abelian subgroup         C2H     NOp   4
 Largest concise Abelian subgroup C2      NOp   2
                         Standard orientation:                         
 ---------------------------------------------------------------------
 Center     Atomic      Atomic             Coordinates (Angstroms)
 Number     Number       Type             X           Y           Z
 ---------------------------------------------------------------------
      1          1           0        0.803555    3.346805   -0.000000
      2          1           0        0.000000    2.155486   -0.000000
      3          1           0        0.803555    1.909814    0.000000
      4          1           0        0.000000    0.718495   -0.000000
      5          1           0       -0.803555    0.964167   -0.000000
      6          1           0       -0.803555   -0.472824   -0.000000
      7          1           0       -0.803555   -1.909814    0.000000
      8          1           0       -0.000000   -0.718495    0.000000
      9          1           0        0.803555    0.472824   -0.000000
     10          1           0        0.803555   -0.964167   -0.000000
     11          1           0       -0.000000   -2.155486    0.000000
     12          1           0       -0.803555   -3.346805    0.000000
 ---------------------------------------------------------------------
 Rotational constants (GHZ):    137.4124109     11.4371567     10.5583597
 General basis read from cards:  (5D, 7F)
 There are     6 symmetry adapted cartesian basis functions of AG  symmetry.
 There are     0 symmetry adapted cartesian basis functions of BG  symmetry.
 There are     0 symmetry adapted cartesian basis functions of AU  symmetry.
 There are     6 symmetry adapted cartesian basis functions of BU  symmetry.
 There are     6 symmetry adapted basis functions of AG  symmetry.
 There are     0 symmetry adapted basis functions of BG  symmetry.
 There are     0 symmetry adapted basis functions of AU  symmetry.
 There are     6 symmetry adapted basis functions of BU  symmetry.
    12 basis functions,   120 primitive gaussians,    12 cartesian basis functions
     6 alpha electrons        6 beta electrons
       nuclear repulsion energy        17.9129602223 Hartrees.
 NAtoms=   12 NActive=   12 NUniq=    6 SFac= 4.00D+00 NAtFMM=   60 NAOKFM=F Big=F
 Integral buffers will be    131072 words long.
 Regular integral format.
 Two-electron integral symmetry is turned on.
 One-electron integrals computed using PRISM.
 NBasis=    12 RedAO= T EigKep=  1.29D-01  NBF=     6     0     0     6
 NBsUse=    12 1.00D-06 EigRej= -1.00D+00 NBFU=     6     0     0     6
 Initial guess from the checkpoint file:  "h12.chk"
 B after Tr=    -0.000000    0.000000    0.000000
         Rot=    0.961187   -0.000000    0.000000   -0.275899 Ang= -32.03 deg.
 Initial guess orbital symmetries:
       Occupied  (AG) (BU) (AG) (BU) (BU) (AG)
       Virtual   (BU) (AG) (BU) (AG) (AG) (BU)
 Keep R1 ints in memory in symmetry-blocked form, NReq=899164.
 Requested convergence on RMS density matrix=1.00D-08 within 128 cycles.
 Requested convergence on MAX density matrix=1.00D-06.
 Requested convergence on             energy=1.00D-06.
 No special actions if energy rises.
 Rare condition: small coef for last iteration:  0.000D+00
 Rare condition: small coef for last iteration:  0.000D+00
 SCF Done:  E(RHF) =  -5.77506852314     A.U. after   22 cycles
            NFock= 22  Conv=0.20D-08     -V/T= 1.9340
 Range of M.O.s used for correlation:     1    12
 NBasis=    12 NAE=     6 NBE=     6 NFC=     0 NFV=     0
 NROrb=     12 NOA=     6 NOB=     6 NVA=     6 NVB=     6
 Semi-Direct transformation.
 ModeAB=           4 MOrb=             6 LenV=     134088959
 LASXX=         2181 LTotXX=        2181 LenRXX=        5115
 LTotAB=        2934 MaxLAS=        3024 LenRXY=           0
 NonZer=        7296 LenScr=      655360 LnRSAI=        3024
 LnScr1=      655360 LExtra=           0 Total=      1318859
 MaxDsk=          -1 SrtSym=           T ITran=            3
 JobTyp=0 Pass  1:  I=   1 to   6.
 (rs|ai) integrals will be sorted in core.
 Spin components of T(2) and E(2):
     alpha-alpha T2 =       0.3084008759D-02 E2=     -0.4570266091D-02
     alpha-beta  T2 =       0.8480676899D-01 E2=     -0.1034806403D+00
     beta-beta   T2 =       0.3084008759D-02 E2=     -0.4570266091D-02
 ANorm=    0.1044497385D+01
 E2 =    -0.1126211725D+00 EUMP2 =    -0.58876896956361D+01
 Second order stability test of a single determinant RHF wave function:
 Stabil:  MDV=134217728
 ***********************************************************************
 Matrix         Lowest Root    Major Pairs
 ***********************************************************************
 Internal RHF    -0.0218401    6A=7A
 RRHF --> CRHF   -0.0438212    6A=7A
 RRHF --> RUHF   -0.1317231    6A=7B 5A=8B 3A=7B 4A=8B 2A=9B
 Not stable.
 ***********************************************************************

 **********************************************************************

            Population analysis using the SCF density.

 **********************************************************************

 Orbital symmetries:
       Occupied  (AG) (BU) (AG) (BU) (BU) (AG)
       Virtual   (AG) (BU) (BU) (AG) (AG) (BU)
 The electronic state is 1-AG.
 Alpha  occ. eigenvalues --   -0.81870  -0.73764  -0.59787  -0.45436  -0.37003
 Alpha  occ. eigenvalues --   -0.19474
 Alpha virt. eigenvalues --   -0.03079   0.03479   0.34810   0.45103   0.64085
 Alpha virt. eigenvalues --    0.86418
          Condensed to atoms (all electrons):
               1          2          3          4          5          6
     1  H    0.571153   0.212304   0.047281  -0.034850   0.004497   0.000643
     2  H    0.212304   0.659398   0.017999  -0.043091   0.168936  -0.012485
     3  H    0.047281   0.017999   0.964789  -0.040490  -0.221593   0.013317
     4  H   -0.034850  -0.043091  -0.040490   0.815402   0.308434  -0.057332
     5  H    0.004497   0.168936  -0.221593   0.308434   1.322000  -0.091119
     6  H    0.000643  -0.012485   0.013317  -0.057332  -0.091119   1.157726
     7  H   -0.000099  -0.001940   0.004113  -0.005348  -0.028885   0.264923
     8  H    0.002133  -0.000859  -0.005348  -0.100632  -0.042499   0.259938
     9  H   -0.035866  -0.134019   0.264923   0.259938  -0.255223  -0.036818
    10  H    0.001798   0.010220  -0.028885  -0.042499   0.028056  -0.255223
    11  H    0.000039   0.001301  -0.001940  -0.000859   0.010220  -0.134019
    12  H   -0.000013   0.000039  -0.000099   0.002133   0.001798  -0.035866
               7          8          9         10         11         12
     1  H   -0.000099   0.002133  -0.035866   0.001798   0.000039  -0.000013
     2  H   -0.001940  -0.000859  -0.134019   0.010220   0.001301   0.000039
     3  H    0.004113  -0.005348   0.264923  -0.028885  -0.001940  -0.000099
     4  H   -0.005348  -0.100632   0.259938  -0.042499  -0.000859   0.002133
     5  H   -0.028885  -0.042499  -0.255223   0.028056   0.010220   0.001798
     6  H    0.264923   0.259938  -0.036818  -0.255223  -0.134019  -0.035866
     7  H    0.964789  -0.040490   0.013317  -0.221593   0.017999   0.047281
     8  H   -0.040490   0.815402  -0.057332   0.308434  -0.043091  -0.034850
     9  H    0.013317  -0.057332   1.157726  -0.091119  -0.012485   0.000643
    10  H   -0.221593   0.308434  -0.091119   1.322000   0.168936   0.004497
    11  H    0.017999  -0.043091  -0.012485   0.168936   0.659398   0.212304
    12  H    0.047281  -0.034850   0.000643   0.004497   0.212304   0.571153
 Mulliken charges:
               1
     1  H    0.230980
     2  H    0.122197
     3  H   -0.014066
     4  H   -0.060805
     5  H   -0.204621
     6  H   -0.073685
     7  H   -0.014066
     8  H   -0.060805
     9  H   -0.073685
    10  H   -0.204621
    11  H    0.122197
    12  H    0.230980
 Sum of Mulliken charges =  -0.00000
 Mulliken charges with hydrogens summed into heavy atoms:
               1
 Electronic spatial extent (au):  <R**2>=            188.0453
 Charge=             -0.0000 electrons
 Dipole moment (field-independent basis, Debye):
    X=              0.0000    Y=              0.0000    Z=              0.0000  Tot=              0.0000
 Quadrupole moment (field-independent basis, Debye-Ang):
   XX=            -18.8367   YY=              9.5300   ZZ=            -15.4989
   XY=              7.5302   XZ=             -0.0000   YZ=             -0.0000
 Traceless Quadrupole moment (field-independent basis, Debye-Ang):
   XX=            -10.5682   YY=             17.7986   ZZ=             -7.2304
   XY=              7.5302   XZ=             -0.0000   YZ=             -0.0000
 Octapole moment (field-independent basis, Debye-Ang**2):
  XXX=              0.0000  YYY=              0.0000  ZZZ=              0.0000  XYY=              0.0000
  XXY=             -0.0000  XXZ=              0.0000  XZZ=              0.0000  YZZ=             -0.0000
  YYZ=              0.0000  XYZ=              0.0000
 Hexadecapole moment (field-independent basis, Debye-Ang**3):
 XXXX=            -68.5922 YYYY=             -9.4428 ZZZZ=            -18.6842 XXXY=            -20.6347
 XXXZ=              0.0000 YYYX=             57.9954 YYYZ=             -0.0000 ZZZX=              0.0000
 ZZZY=              0.0000 XXYY=            -50.6586 XXZZ=            -14.2521 YYZZ=            -57.8014
 XXYZ=              0.0000 YYXZ=             -0.0000 ZZXY=             -8.4712
 N-N= 1.791296022228D+01 E-N=-4.721257890241D+01  KE= 6.183223226150D+00
 Symmetry AG   KE= 3.060667199756D+00
 Symmetry BG   KE= 0.000000000000D+00
 Symmetry AU   KE= 0.000000000000D+00
 Symmetry BU   KE= 3.122556026394D+00

 Test job not archived.
 1\1\GINC-SULU\Stability\RHF\Gen\H12\LCJ1\17-Feb-2017\0\\#rhf/gen scf(s
 ymm,tight,novaracc,noincfock,fulldiag) stable(crhf) guess=read geom=no
 crowd test\\hf stability analysis of h12 triangular lattice, y= 1.3742
 008147382716\\0,1\H\H,1,1.4369904482\H,1,1.4369904482,2,34.\H,2,1.4369
 904482,1,146.,3,0.,0\H,2,1.4369904482,1,180.,3,0.,0\H,4,1.4369904482,3
 ,180.,5,0.,0\H,6,1.4369904482,5,180.,3,0.,0\H,4,1.4369904482,2,180.,3,
 0.,0\H,3,1.4369904482,1,180.,4,0.,0\H,9,1.4369904482,3,180.,4,0.,0\H,8
 ,1.4369904482,4,180.,3,0.,0\H,7,1.4369904482,6,180.,3,0.,0\\Version=ES
 64L-G09RevE.01\State=1-AG\HF=-5.7750685\MP2=-5.8876897\RMSD=2.009e-09\
 Dipole=0.,0.,0.\Quadrupole=-6.4532925,-5.3756319,11.8289244,0.,7.67988
 75,0.\PG=C02H [SGH(H12)]\\@


 IF YOU GET CONFUSED, LOGIC OUT YOUR DILEMMA

           --  PICKER X-RAY CORP.    DIGITAL PRINTER MANUAL CA. 1964
 Job cpu time:       0 days  0 hours  0 minutes  1.0 seconds.
 File lengths (MBytes):  RWF=     84 Int=      0 D2E=      0 Chk=      2 Scr=      2
 Normal termination of Gaussian 09 at Fri Feb 17 15:07:30 2017.
