 Entering Gaussian System, Link 0=g09
 AtFile(1): H.gbs
            H     0
            S   10   1.00
               1000.000000000000            0.000068713567
                316.227766000000            0.000169141320
                100.000000000000            0.000823394812
                 31.622776600000            0.003425569236
                 10.000000000000            0.013951996000
                  3.162277660000            0.056909313560
                  1.000000000000            0.198286399900
                  0.316227766000            0.496922426700
                  0.100000000000            0.369846276400
                  0.031622776600            0.003752720039
            ****
 Initial command:
 /projects/guscus/apps/gau/g09-e1/g09/l1.exe "/users/lcj1/gaussian/h12/rhfstability/rect/guess/ag3bu3/Gau-26614.inp" -scrdir="/users/lcj1/gaussian/h12/rhfstability/rect/guess/ag3bu3/"
 Entering Link 1 = /projects/guscus/apps/gau/g09-e1/g09/l1.exe PID=     26615.
  
 Copyright (c) 1988,1990,1992,1993,1995,1998,2003,2009,2015,
            Gaussian, Inc.  All Rights Reserved.
  
 This is part of the Gaussian(R) 09 program.  It is based on
 the Gaussian(R) 03 system (copyright 2003, Gaussian, Inc.),
 the Gaussian(R) 98 system (copyright 1998, Gaussian, Inc.),
 the Gaussian(R) 94 system (copyright 1995, Gaussian, Inc.),
 the Gaussian 92(TM) system (copyright 1992, Gaussian, Inc.),
 the Gaussian 90(TM) system (copyright 1990, Gaussian, Inc.),
 the Gaussian 88(TM) system (copyright 1988, Gaussian, Inc.),
 the Gaussian 86(TM) system (copyright 1986, Carnegie Mellon
 University), and the Gaussian 82(TM) system (copyright 1983,
 Carnegie Mellon University). Gaussian is a federally registered
 trademark of Gaussian, Inc.
  
 This software contains proprietary and confidential information,
 including trade secrets, belonging to Gaussian, Inc.
  
 This software is provided under written license and may be
 used, copied, transmitted, or stored only in accord with that
 written license.
  
 The following legend is applicable only to US Government
 contracts under FAR:
  
                    RESTRICTED RIGHTS LEGEND
  
 Use, reproduction and disclosure by the US Government is
 subject to restrictions as set forth in subparagraphs (a)
 and (c) of the Commercial Computer Software - Restricted
 Rights clause in FAR 52.227-19.
  
 Gaussian, Inc.
 340 Quinnipiac St., Bldg. 40, Wallingford CT 06492
  
  
 ---------------------------------------------------------------
 Warning -- This program may not be used in any manner that
 competes with the business of Gaussian, Inc. or will provide
 assistance to any competitor of Gaussian, Inc.  The licensee
 of this program is prohibited from giving any competitor of
 Gaussian, Inc. access to this program.  By using this program,
 the user acknowledges that Gaussian, Inc. is engaged in the
 business of creating and licensing software in the field of
 computational chemistry and represents and warrants to the
 licensee that it is not a competitor of Gaussian, Inc. and that
 it will not use this program in any manner prohibited above.
 ---------------------------------------------------------------
  

 Cite this work as:
 Gaussian 09, Revision E.01,
 M. J. Frisch, G. W. Trucks, H. B. Schlegel, G. E. Scuseria, 
 M. A. Robb, J. R. Cheeseman, G. Scalmani, V. Barone, B. Mennucci, 
 G. A. Petersson, H. Nakatsuji, M. Caricato, X. Li, H. P. Hratchian, 
 A. F. Izmaylov, J. Bloino, G. Zheng, J. L. Sonnenberg, M. Hada, 
 M. Ehara, K. Toyota, R. Fukuda, J. Hasegawa, M. Ishida, T. Nakajima, 
 Y. Honda, O. Kitao, H. Nakai, T. Vreven, J. A. Montgomery, Jr., 
 J. E. Peralta, F. Ogliaro, M. Bearpark, J. J. Heyd, E. Brothers, 
 K. N. Kudin, V. N. Staroverov, T. Keith, R. Kobayashi, J. Normand, 
 K. Raghavachari, A. Rendell, J. C. Burant, S. S. Iyengar, J. Tomasi, 
 M. Cossi, N. Rega, J. M. Millam, M. Klene, J. E. Knox, J. B. Cross, 
 V. Bakken, C. Adamo, J. Jaramillo, R. Gomperts, R. E. Stratmann, 
 O. Yazyev, A. J. Austin, R. Cammi, C. Pomelli, J. W. Ochterski, 
 R. L. Martin, K. Morokuma, V. G. Zakrzewski, G. A. Voth, 
 P. Salvador, J. J. Dannenberg, S. Dapprich, A. D. Daniels, 
 O. Farkas, J. B. Foresman, J. V. Ortiz, J. Cioslowski, 
 and D. J. Fox, Gaussian, Inc., Wallingford CT, 2013.
 
 ******************************************
 Gaussian 09:  ES64L-G09RevE.01 30-Nov-2015
                17-Feb-2017 
 ******************************************
 %chk=h12.chk
 ----------------------------------------------------------------------
 #rhf/gen scf(symm,tight,novaracc,noincfock,fulldiag) stable(crhf) gues
 s=read geom=nocrowd test
 ----------------------------------------------------------------------
 1/38=1/1;
 2/12=1,17=6,18=5,40=1/2;
 3/5=7,16=1,25=1,30=1,116=1/1,2,3;
 4/5=1,9=4/1;
 5/5=100002,15=2,16=1,32=2,38=6/2;
 8/6=1,10=90,11=11/1,4;
 9/8=4,13=1/2;
 6/7=2,8=2,9=2,10=2,28=1/1;
 99/5=1,9=1/99;
 ----------------------------------------------------------------------
 hf stability analysis of h12 triangular lattice, y= 0.7241740692380285
 2
 ----------------------------------------------------------------------
 Symbolic Z-matrix:
 Charge =  0 Multiplicity = 1
 H
 H                    1     1.07705 
 H                    1     1.07705  2     95.5 
 H                    2     1.07705  1     84.5     3     0.       0
 H                    2     1.07705  1     180.     3     0.       0
 H                    4     1.07705  3     180.     5     0.       0
 H                    6     1.07705  5     180.     3     0.       0
 H                    4     1.07705  2     180.     3     0.       0
 H                    3     1.07705  1     180.     4     0.       0
 H                    9     1.07705  3     180.     4     0.       0
 H                    8     1.07705  4     180.     3     0.       0
 H                    7     1.07705  6     180.     3     0.       0
 
                          Input orientation:                          
 ---------------------------------------------------------------------
 Center     Atomic      Atomic             Coordinates (Angstroms)
 Number     Number       Type             X           Y           Z
 ---------------------------------------------------------------------
      1          1           0        0.000000    0.000000    0.000000
      2          1           0        0.000000    0.000000    1.077052
      3          1           0        1.072094    0.000000   -0.103231
      4          1           0        1.072094    0.000000    0.973821
      5          1           0        0.000000    0.000000    2.154104
      6          1           0        1.072094    0.000000    2.050873
      7          1           0        2.144187    0.000000    1.947642
      8          1           0        2.144187    0.000000    0.870590
      9          1           0        2.144187    0.000000   -0.206462
     10          1           0        3.216281    0.000000   -0.309693
     11          1           0        3.216281    0.000000    0.767359
     12          1           0        3.216281    0.000000    1.844412
 ---------------------------------------------------------------------
                    Distance matrix (angstroms):
                    1          2          3          4          5
     1  H    0.000000
     2  H    1.077052   0.000000
     3  H    1.077052   1.594507   0.000000
     4  H    1.448348   1.077052   1.077052   0.000000
     5  H    2.154104   1.077052   2.498989   1.594507   0.000000
     6  H    2.314188   1.448348   2.154104   1.077052   1.077052
     7  H    2.896696   2.314188   2.314188   1.448348   2.154104
     8  H    2.314188   2.154104   1.448348   1.077052   2.498989
     9  H    2.154104   2.498989   1.077052   1.594507   3.189014
    10  H    3.231156   3.502502   2.154104   2.498989   4.051513
    11  H    3.306554   3.231156   2.314188   2.154104   3.502502
    12  H    3.707602   3.306554   2.896696   2.314188   3.231156
                    6          7          8          9         10
     6  H    0.000000
     7  H    1.077052   0.000000
     8  H    1.594507   1.077052   0.000000
     9  H    2.498989   2.154104   1.077052   0.000000
    10  H    3.189014   2.498989   1.594507   1.077052   0.000000
    11  H    2.498989   1.594507   1.077052   1.448348   1.077052
    12  H    2.154104   1.077052   1.448348   2.314188   2.154104
                   11         12
    11  H    0.000000
    12  H    1.077052   0.000000
 Stoichiometry    H12
 Framework group  C2H[SGH(H12)]
 Deg. of freedom    11
 Full point group                 C2H     NOp   4
 Largest Abelian subgroup         C2H     NOp   4
 Largest concise Abelian subgroup C2      NOp   2
                         Standard orientation:                         
 ---------------------------------------------------------------------
 Center     Atomic      Atomic             Coordinates (Angstroms)
 Number     Number       Type             X           Y           Z
 ---------------------------------------------------------------------
      1          1           0        1.072094    1.512347   -0.000000
      2          1           0        0.000000    1.615578   -0.000000
      3          1           0        1.072094    0.435295    0.000000
      4          1           0        0.000000    0.538526   -0.000000
      5          1           0       -1.072094    1.718809   -0.000000
      6          1           0       -1.072094    0.641757   -0.000000
      7          1           0       -1.072094   -0.435295    0.000000
      8          1           0       -0.000000   -0.538526    0.000000
      9          1           0        1.072094   -0.641757   -0.000000
     10          1           0        1.072094   -1.718809    0.000000
     11          1           0       -0.000000   -1.615578    0.000000
     12          1           0       -1.072094   -1.512347    0.000000
 ---------------------------------------------------------------------
 Rotational constants (GHZ):     55.0953956     28.5252080     18.7945022
 General basis read from cards:  (5D, 7F)
 There are     6 symmetry adapted cartesian basis functions of AG  symmetry.
 There are     0 symmetry adapted cartesian basis functions of BG  symmetry.
 There are     0 symmetry adapted cartesian basis functions of AU  symmetry.
 There are     6 symmetry adapted cartesian basis functions of BU  symmetry.
 There are     6 symmetry adapted basis functions of AG  symmetry.
 There are     0 symmetry adapted basis functions of BG  symmetry.
 There are     0 symmetry adapted basis functions of AU  symmetry.
 There are     6 symmetry adapted basis functions of BU  symmetry.
    12 basis functions,   120 primitive gaussians,    12 cartesian basis functions
     6 alpha electrons        6 beta electrons
       nuclear repulsion energy        20.1595976924 Hartrees.
 NAtoms=   12 NActive=   12 NUniq=    6 SFac= 4.00D+00 NAtFMM=   60 NAOKFM=F Big=F
 Integral buffers will be    131072 words long.
 Regular integral format.
 Two-electron integral symmetry is turned on.
 One-electron integrals computed using PRISM.
 NBasis=    12 RedAO= T EigKep=  1.10D-01  NBF=     6     0     0     6
 NBsUse=    12 1.00D-06 EigRej= -1.00D+00 NBFU=     6     0     0     6
 Initial guess from the checkpoint file:  "h12.chk"
 B after Tr=     0.000000    0.000000    0.000000
         Rot=    0.987218    0.000000    0.000000   -0.159376 Ang= -18.34 deg.
 Initial guess orbital symmetries:
       Occupied  (AG) (BU) (AG) (BU) (BU) (AG)
       Virtual   (BU) (AG) (BU) (AG) (AG) (BU)
 Keep R1 ints in memory in symmetry-blocked form, NReq=903672.
 Requested convergence on RMS density matrix=1.00D-08 within 128 cycles.
 Requested convergence on MAX density matrix=1.00D-06.
 Requested convergence on             energy=1.00D-06.
 No special actions if energy rises.
 SCF Done:  E(RHF) =  -5.69134136941     A.U. after   16 cycles
            NFock= 16  Conv=0.81D-09     -V/T= 1.8747
 Range of M.O.s used for correlation:     1    12
 NBasis=    12 NAE=     6 NBE=     6 NFC=     0 NFV=     0
 NROrb=     12 NOA=     6 NOB=     6 NVA=     6 NVB=     6
 Semi-Direct transformation.
 ModeAB=           4 MOrb=             6 LenV=     134084479
 LASXX=         2181 LTotXX=        2181 LenRXX=        5115
 LTotAB=        2934 MaxLAS=        3024 LenRXY=           0
 NonZer=        7296 LenScr=      655360 LnRSAI=        3024
 LnScr1=      655360 LExtra=           0 Total=      1318859
 MaxDsk=          -1 SrtSym=           T ITran=            3
 JobTyp=0 Pass  1:  I=   1 to   6.
 (rs|ai) integrals will be sorted in core.
 Spin components of T(2) and E(2):
     alpha-alpha T2 =       0.4981524952D-02 E2=     -0.7242046862D-02
     alpha-beta  T2 =       0.7854118718D-01 E2=     -0.1099829156D+00
     beta-beta   T2 =       0.4981524952D-02 E2=     -0.7242046862D-02
 ANorm=    0.1043314064D+01
 E2 =    -0.1244670093D+00 EUMP2 =    -0.58158083787291D+01
 Second order stability test of a single determinant RHF wave function:
 Stabil:  MDV=134217728
 ***********************************************************************
 Matrix         Lowest Root    Major Pairs
 ***********************************************************************
 Internal RHF    -0.078173     6A=7A
 RRHF --> CRHF   -0.1146337    6A=7A
 RRHF --> RUHF   -0.1924364    6A=7B
 Not stable.
 ***********************************************************************

 **********************************************************************

            Population analysis using the SCF density.

 **********************************************************************

 Orbital symmetries:
       Occupied  (AG) (BU) (BU) (AG) (AG) (BU)
       Virtual   (AG) (BU) (BU) (AG) (AG) (BU)
 The electronic state is 1-AG.
 Alpha  occ. eigenvalues --   -1.00959  -0.78933  -0.68908  -0.50771  -0.46971
 Alpha  occ. eigenvalues --   -0.19339
 Alpha virt. eigenvalues --   -0.02837   0.09734   0.21814   0.43726   0.54896
 Alpha virt. eigenvalues --    0.92018
          Condensed to atoms (all electrons):
               1          2          3          4          5          6
     1  H    1.065644   0.099923   0.120204   0.102579  -0.127810  -0.013026
     2  H    0.099923   0.728653  -0.002940  -0.165025   0.399518  -0.068686
     3  H    0.120204  -0.002940   0.709909   0.014430  -0.006551  -0.098337
     4  H    0.102579  -0.165025   0.014430   0.988556  -0.244450   0.415184
     5  H   -0.127810   0.399518  -0.006551  -0.244450   1.447580  -0.203038
     6  H   -0.013026  -0.068686  -0.098337   0.415184  -0.203038   0.986879
     7  H    0.012505  -0.045147  -0.024456   0.126797  -0.098743   0.168619
     8  H   -0.098782  -0.041774   0.126797  -0.094154   0.046299  -0.111251
     9  H   -0.125005  -0.000334   0.168619  -0.111251   0.030242  -0.044640
    10  H    0.018346  -0.001529  -0.098743   0.046299  -0.007298   0.030242
    11  H    0.013003   0.009852  -0.045147  -0.041774  -0.001529  -0.000334
    12  H    0.003037   0.013003   0.012505  -0.098782   0.018346  -0.125005
               7          8          9         10         11         12
     1  H    0.012505  -0.098782  -0.125005   0.018346   0.013003   0.003037
     2  H   -0.045147  -0.041774  -0.000334  -0.001529   0.009852   0.013003
     3  H   -0.024456   0.126797   0.168619  -0.098743  -0.045147   0.012505
     4  H    0.126797  -0.094154  -0.111251   0.046299  -0.041774  -0.098782
     5  H   -0.098743   0.046299   0.030242  -0.007298  -0.001529   0.018346
     6  H    0.168619  -0.111251  -0.044640   0.030242  -0.000334  -0.125005
     7  H    0.709909   0.014430  -0.098337  -0.006551  -0.002940   0.120204
     8  H    0.014430   0.988556   0.415184  -0.244450  -0.165025   0.102579
     9  H   -0.098337   0.415184   0.986879  -0.203038  -0.068686  -0.013026
    10  H   -0.006551  -0.244450  -0.203038   1.447580   0.399518  -0.127810
    11  H   -0.002940  -0.165025  -0.068686   0.399518   0.728653   0.099923
    12  H    0.120204   0.102579  -0.013026  -0.127810   0.099923   1.065644
 Mulliken charges:
               1
     1  H   -0.070619
     2  H    0.074488
     3  H    0.123710
     4  H    0.061594
     5  H   -0.252565
     6  H    0.063393
     7  H    0.123710
     8  H    0.061594
     9  H    0.063393
    10  H   -0.252565
    11  H    0.074488
    12  H   -0.070619
 Sum of Mulliken charges =  -0.00000
 Mulliken charges with hydrogens summed into heavy atoms:
               1
 Electronic spatial extent (au):  <R**2>=            140.2941
 Charge=             -0.0000 electrons
 Dipole moment (field-independent basis, Debye):
    X=             -0.0000    Y=              0.0000    Z=              0.0000  Tot=              0.0000
 Quadrupole moment (field-independent basis, Debye-Ang):
   XX=            -17.9830   YY=            -27.4778   ZZ=            -15.0855
   XY=              4.2978   XZ=             -0.0000   YZ=              0.0000
 Traceless Quadrupole moment (field-independent basis, Debye-Ang):
   XX=              2.1991   YY=             -7.2957   ZZ=              5.0966
   XY=              4.2978   XZ=             -0.0000   YZ=              0.0000
 Octapole moment (field-independent basis, Debye-Ang**2):
  XXX=              0.0000  YYY=             -0.0000  ZZZ=             -0.0000  XYY=              0.0000
  XXY=             -0.0000  XXZ=             -0.0000  XZZ=              0.0000  YZZ=             -0.0000
  YYZ=              0.0000  XYZ=             -0.0000
 Hexadecapole moment (field-independent basis, Debye-Ang**3):
 XXXX=            -95.6969 YYYY=           -228.1078 ZZZZ=            -17.7745 XXXY=              8.8386
 XXXZ=              0.0000 YYYX=             25.9682 YYYZ=              0.0000 ZZZX=              0.0000
 ZZZY=              0.0000 XXYY=            -60.6227 XXZZ=            -18.6680 YYZZ=            -32.3356
 XXYZ=              0.0000 YYXZ=             -0.0000 ZZXY=              2.0886
 N-N= 2.015959769241D+01 E-N=-5.089120786318D+01  KE= 6.506957489802D+00
 Symmetry AG   KE= 2.952797788587D+00
 Symmetry BG   KE= 0.000000000000D+00
 Symmetry AU   KE= 0.000000000000D+00
 Symmetry BU   KE= 3.554159701215D+00

 Test job not archived.
 1\1\GINC-SULU\Stability\RHF\Gen\H12\LCJ1\17-Feb-2017\0\\#rhf/gen scf(s
 ymm,tight,novaracc,noincfock,fulldiag) stable(crhf) guess=read geom=no
 crowd test\\hf stability analysis of h12 triangular lattice, y= 0.7241
 7406923802852\\0,1\H\H,1,1.0770520568\H,1,1.0770520568,2,95.5\H,2,1.07
 70520568,1,84.5,3,0.,0\H,2,1.0770520568,1,180.,3,0.,0\H,4,1.0770520568
 ,3,180.,5,0.,0\H,6,1.0770520568,5,180.,3,0.,0\H,4,1.0770520568,2,180.,
 3,0.,0\H,3,1.0770520568,1,180.,4,0.,0\H,9,1.0770520568,3,180.,4,0.,0\H
 ,8,1.0770520568,4,180.,3,0.,0\H,7,1.0770520568,6,180.,3,0.,0\\Version=
 ES64L-G09RevE.01\State=1-AG\HF=-5.6913414\MP2=-5.8158084\RMSD=8.097e-1
 0\Dipole=0.,0.,0.\Quadrupole=-4.7496215,3.7892203,0.9604012,0.,3.81006
 63,0.\PG=C02H [SGH(H12)]\\@


 IF YOU GET CONFUSED, LOGIC OUT YOUR DILEMMA

           --  PICKER X-RAY CORP.    DIGITAL PRINTER MANUAL CA. 1964
 Job cpu time:       0 days  0 hours  0 minutes  1.1 seconds.
 File lengths (MBytes):  RWF=     84 Int=      0 D2E=      0 Chk=      2 Scr=      2
 Normal termination of Gaussian 09 at Fri Feb 17 15:01:03 2017.
