 Entering Gaussian System, Link 0=g09
 AtFile(1): H.gbs
            H     0
            S   10   1.00
               1000.000000000000            0.000068713567
                316.227766000000            0.000169141320
                100.000000000000            0.000823394812
                 31.622776600000            0.003425569236
                 10.000000000000            0.013951996000
                  3.162277660000            0.056909313560
                  1.000000000000            0.198286399900
                  0.316227766000            0.496922426700
                  0.100000000000            0.369846276400
                  0.031622776600            0.003752720039
            ****
 Initial command:
 /projects/guscus/apps/gau/g09-e1/g09/l1.exe "/users/lcj1/gaussian/h12/rhfstability/rect/guess/ag3bu3/Gau-14554.inp" -scrdir="/users/lcj1/gaussian/h12/rhfstability/rect/guess/ag3bu3/"
 Entering Link 1 = /projects/guscus/apps/gau/g09-e1/g09/l1.exe PID=     14555.
  
 Copyright (c) 1988,1990,1992,1993,1995,1998,2003,2009,2015,
            Gaussian, Inc.  All Rights Reserved.
  
 This is part of the Gaussian(R) 09 program.  It is based on
 the Gaussian(R) 03 system (copyright 2003, Gaussian, Inc.),
 the Gaussian(R) 98 system (copyright 1998, Gaussian, Inc.),
 the Gaussian(R) 94 system (copyright 1995, Gaussian, Inc.),
 the Gaussian 92(TM) system (copyright 1992, Gaussian, Inc.),
 the Gaussian 90(TM) system (copyright 1990, Gaussian, Inc.),
 the Gaussian 88(TM) system (copyright 1988, Gaussian, Inc.),
 the Gaussian 86(TM) system (copyright 1986, Carnegie Mellon
 University), and the Gaussian 82(TM) system (copyright 1983,
 Carnegie Mellon University). Gaussian is a federally registered
 trademark of Gaussian, Inc.
  
 This software contains proprietary and confidential information,
 including trade secrets, belonging to Gaussian, Inc.
  
 This software is provided under written license and may be
 used, copied, transmitted, or stored only in accord with that
 written license.
  
 The following legend is applicable only to US Government
 contracts under FAR:
  
                    RESTRICTED RIGHTS LEGEND
  
 Use, reproduction and disclosure by the US Government is
 subject to restrictions as set forth in subparagraphs (a)
 and (c) of the Commercial Computer Software - Restricted
 Rights clause in FAR 52.227-19.
  
 Gaussian, Inc.
 340 Quinnipiac St., Bldg. 40, Wallingford CT 06492
  
  
 ---------------------------------------------------------------
 Warning -- This program may not be used in any manner that
 competes with the business of Gaussian, Inc. or will provide
 assistance to any competitor of Gaussian, Inc.  The licensee
 of this program is prohibited from giving any competitor of
 Gaussian, Inc. access to this program.  By using this program,
 the user acknowledges that Gaussian, Inc. is engaged in the
 business of creating and licensing software in the field of
 computational chemistry and represents and warrants to the
 licensee that it is not a competitor of Gaussian, Inc. and that
 it will not use this program in any manner prohibited above.
 ---------------------------------------------------------------
  

 Cite this work as:
 Gaussian 09, Revision E.01,
 M. J. Frisch, G. W. Trucks, H. B. Schlegel, G. E. Scuseria, 
 M. A. Robb, J. R. Cheeseman, G. Scalmani, V. Barone, B. Mennucci, 
 G. A. Petersson, H. Nakatsuji, M. Caricato, X. Li, H. P. Hratchian, 
 A. F. Izmaylov, J. Bloino, G. Zheng, J. L. Sonnenberg, M. Hada, 
 M. Ehara, K. Toyota, R. Fukuda, J. Hasegawa, M. Ishida, T. Nakajima, 
 Y. Honda, O. Kitao, H. Nakai, T. Vreven, J. A. Montgomery, Jr., 
 J. E. Peralta, F. Ogliaro, M. Bearpark, J. J. Heyd, E. Brothers, 
 K. N. Kudin, V. N. Staroverov, T. Keith, R. Kobayashi, J. Normand, 
 K. Raghavachari, A. Rendell, J. C. Burant, S. S. Iyengar, J. Tomasi, 
 M. Cossi, N. Rega, J. M. Millam, M. Klene, J. E. Knox, J. B. Cross, 
 V. Bakken, C. Adamo, J. Jaramillo, R. Gomperts, R. E. Stratmann, 
 O. Yazyev, A. J. Austin, R. Cammi, C. Pomelli, J. W. Ochterski, 
 R. L. Martin, K. Morokuma, V. G. Zakrzewski, G. A. Voth, 
 P. Salvador, J. J. Dannenberg, S. Dapprich, A. D. Daniels, 
 O. Farkas, J. B. Foresman, J. V. Ortiz, J. Cioslowski, 
 and D. J. Fox, Gaussian, Inc., Wallingford CT, 2013.
 
 ******************************************
 Gaussian 09:  ES64L-G09RevE.01 30-Nov-2015
                17-Feb-2017 
 ******************************************
 %chk=h12.chk
 ----------------------------------------------------------------------
 #rhf/gen scf(symm,tight,novaracc,noincfock,fulldiag) stable(crhf) gues
 s=read geom=nocrowd test
 ----------------------------------------------------------------------
 1/38=1/1;
 2/12=1,17=6,18=5,40=1/2;
 3/5=7,16=1,25=1,30=1,116=1/1,2,3;
 4/5=1,9=4/1;
 5/5=100002,15=2,16=1,32=2,38=6/2;
 8/6=1,10=90,11=11/1,4;
 9/8=4,13=1/2;
 6/7=2,8=2,9=2,10=2,28=1/1;
 99/5=1,9=1/99;
 ----------------------------------------------------------------------
 hf stability analysis of h12 triangular lattice, y= 2.3437412473608381
 ----------------------------------------------------------------------
 Symbolic Z-matrix:
 Charge =  0 Multiplicity = 1
 H
 H                    1     2.35665 
 H                    1     2.35665  2     12. 
 H                    2     2.35665  1     168.     3     0.       0
 H                    2     2.35665  1     180.     3     0.       0
 H                    4     2.35665  3     180.     5     0.       0
 H                    6     2.35665  5     180.     3     0.       0
 H                    4     2.35665  2     180.     3     0.       0
 H                    3     2.35665  1     180.     4     0.       0
 H                    9     2.35665  3     180.     4     0.       0
 H                    8     2.35665  4     180.     3     0.       0
 H                    7     2.35665  6     180.     3     0.       0
 
                          Input orientation:                          
 ---------------------------------------------------------------------
 Center     Atomic      Atomic             Coordinates (Angstroms)
 Number     Number       Type             X           Y           Z
 ---------------------------------------------------------------------
      1          1           0        0.000000    0.000000    0.000000
      2          1           0        0.000000    0.000000    2.356651
      3          1           0        0.489975    0.000000    2.305153
      4          1           0        0.489975    0.000000    4.661804
      5          1           0        0.000000    0.000000    4.713302
      6          1           0        0.489975    0.000000    7.018455
      7          1           0        0.979951    0.000000    9.323608
      8          1           0        0.979951    0.000000    6.966957
      9          1           0        0.979951    0.000000    4.610305
     10          1           0        1.469926    0.000000    6.915458
     11          1           0        1.469926    0.000000    9.272109
     12          1           0        1.469926    0.000000   11.628761
 ---------------------------------------------------------------------
                    Distance matrix (angstroms):
                    1          2          3          4          5
     1  H    0.000000
     2  H    2.356651   0.000000
     3  H    2.356651   0.492674   0.000000
     4  H    4.687482   2.356651   2.356651   0.000000
     5  H    4.713302   2.356651   2.457491   0.492674   0.000000
     6  H    7.035538   4.687482   4.713302   2.356651   2.356651
     7  H    9.374965   7.035538   7.035538   4.687482   4.713302
     8  H    7.035538   4.713302   4.687482   2.356651   2.457491
     9  H    4.713302   2.457491   2.356651   0.492674   0.985349
    10  H    7.069954   4.789927   4.713302   2.457491   2.647673
    11  H    9.387902   7.069954   7.035538   4.713302   4.789927
    12  H   11.721295   9.387902   9.374965   7.035538   7.069954
                    6          7          8          9         10
     6  H    0.000000
     7  H    2.356651   0.000000
     8  H    0.492674   2.356651   0.000000
     9  H    2.457491   4.713302   2.356651   0.000000
    10  H    0.985349   2.457491   0.492674   2.356651   0.000000
    11  H    2.457491   0.492674   2.356651   4.687482   2.356651
    12  H    4.713302   2.356651   4.687482   7.035538   4.713302
                   11         12
    11  H    0.000000
    12  H    2.356651   0.000000
 Stoichiometry    H12
 Framework group  C2H[SGH(H12)]
 Deg. of freedom    11
 Full point group                 C2H     NOp   4
 Largest Abelian subgroup         C2H     NOp   4
 Largest concise Abelian subgroup C2      NOp   2
                         Standard orientation:                         
 ---------------------------------------------------------------------
 Center     Atomic      Atomic             Coordinates (Angstroms)
 Number     Number       Type             X           Y           Z
 ---------------------------------------------------------------------
      1          1           0        0.489975    5.840130   -0.000000
      2          1           0        0.000000    3.534977    0.000000
      3          1           0        0.489975    3.483478   -0.000000
      4          1           0        0.000000    1.178326    0.000000
      5          1           0       -0.489975    1.229824    0.000000
      6          1           0       -0.489975   -1.126827    0.000000
      7          1           0       -0.489975   -3.483478    0.000000
      8          1           0       -0.000000   -1.178326    0.000000
      9          1           0        0.489975    1.126827    0.000000
     10          1           0        0.489975   -1.229824    0.000000
     11          1           0       -0.000000   -3.534977    0.000000
     12          1           0       -0.489975   -5.840130    0.000000
 ---------------------------------------------------------------------
 Rotational constants (GHZ):    396.3761814      3.9649365      3.9256682
 General basis read from cards:  (5D, 7F)
 There are     6 symmetry adapted cartesian basis functions of AG  symmetry.
 There are     0 symmetry adapted cartesian basis functions of BG  symmetry.
 There are     0 symmetry adapted cartesian basis functions of AU  symmetry.
 There are     6 symmetry adapted cartesian basis functions of BU  symmetry.
 There are     6 symmetry adapted basis functions of AG  symmetry.
 There are     0 symmetry adapted basis functions of BG  symmetry.
 There are     0 symmetry adapted basis functions of AU  symmetry.
 There are     6 symmetry adapted basis functions of BU  symmetry.
    12 basis functions,   120 primitive gaussians,    12 cartesian basis functions
     6 alpha electrons        6 beta electrons
       nuclear repulsion energy        16.0859773136 Hartrees.
 NAtoms=   12 NActive=   12 NUniq=    6 SFac= 4.00D+00 NAtFMM=   60 NAOKFM=F Big=F
 Integral buffers will be    131072 words long.
 Regular integral format.
 Two-electron integral symmetry is turned on.
 One-electron integrals computed using PRISM.
 NBasis=    12 RedAO= T EigKep=  3.49D-02  NBF=     6     0     0     6
 NBsUse=    12 1.00D-06 EigRej= -1.00D+00 NBFU=     6     0     0     6
 Initial guess from the checkpoint file:  "h12.chk"
 B after Tr=    -0.000000   -0.000000    0.000000
         Rot=    0.964579    0.000000   -0.000000   -0.263795 Ang= -30.59 deg.
 Initial guess orbital symmetries:
       Occupied  (AG) (BU) (AG) (BU) (BU) (AG)
       Virtual   (BU) (AG) (BU) (AG) (AG) (BU)
 Keep R1 ints in memory in symmetry-blocked form, NReq=891786.
 Requested convergence on RMS density matrix=1.00D-08 within 128 cycles.
 Requested convergence on MAX density matrix=1.00D-06.
 Requested convergence on             energy=1.00D-06.
 No special actions if energy rises.
 SCF Done:  E(RHF) =  -4.59462476116     A.U. after   11 cycles
            NFock= 11  Conv=0.13D-08     -V/T= 1.7064
 Range of M.O.s used for correlation:     1    12
 NBasis=    12 NAE=     6 NBE=     6 NFC=     0 NFV=     0
 NROrb=     12 NOA=     6 NOB=     6 NVA=     6 NVB=     6

 **** Warning!!: The smallest alpha delta epsilon is  0.50561762D-01

 Semi-Direct transformation.
 ModeAB=           4 MOrb=             6 LenV=     134097387
 LASXX=         2181 LTotXX=        2181 LenRXX=        5115
 LTotAB=        2934 MaxLAS=        3024 LenRXY=           0
 NonZer=        7296 LenScr=      655360 LnRSAI=        3024
 LnScr1=      655360 LExtra=           0 Total=      1318859
 MaxDsk=          -1 SrtSym=           T ITran=            3
 JobTyp=0 Pass  1:  I=   1 to   6.
 (rs|ai) integrals will be sorted in core.
 Spin components of T(2) and E(2):
     alpha-alpha T2 =       0.4425273710D-02 E2=     -0.3748844765D-02
     alpha-beta  T2 =       0.6890393714D+01 E2=     -0.7692002678D+00
     beta-beta   T2 =       0.4425273710D-02 E2=     -0.3748844765D-02
 ANorm=    0.2810559421D+01
 E2 =    -0.7766979573D+00 EUMP2 =    -0.53713227184571D+01
 Second order stability test of a single determinant RHF wave function:
 Stabil:  MDV=134217728
 ***********************************************************************
 Matrix         Lowest Root    Major Pairs
 ***********************************************************************
 Internal RHF     0.0719686    Stable
 RRHF --> CRHF   -0.0003167    5A=7A
 RRHF --> RUHF   -0.5256684    6A=7B
 Not stable.
 ***********************************************************************

 **********************************************************************

            Population analysis using the SCF density.

 **********************************************************************

 Orbital symmetries:
       Occupied  (AG) (BU) (AG) (BU) (BU) (AG)
       Virtual   (BU) (AG) (BU) (AG) (AG) (BU)
 The electronic state is 1-AG.
 Alpha  occ. eigenvalues --   -0.97980  -0.96583  -0.72423  -0.72406  -0.23269
 Alpha  occ. eigenvalues --   -0.18739
 Alpha virt. eigenvalues --   -0.13683   0.02258   0.61526   0.61713   1.36917
 Alpha virt. eigenvalues --    1.48440
          Condensed to atoms (all electrons):
               1          2          3          4          5          6
     1  H    1.120792  -0.016439  -0.009763   0.000075  -0.001501  -0.000018
     2  H   -0.016439   0.559370   0.481912  -0.014622   0.006988   0.000311
     3  H   -0.009763   0.481912   0.552256  -0.014618  -0.006902  -0.000107
     4  H    0.000075  -0.014622  -0.014618   1.380353   0.150267  -0.008822
     5  H   -0.001501   0.006988  -0.006902   0.150267   1.114799   0.154416
     6  H   -0.000018   0.000311  -0.000107  -0.008822   0.154416   1.150271
     7  H   -0.000000   0.000000   0.000000   0.000046   0.000139  -0.001421
     8  H    0.000000   0.000043   0.000046  -0.015693  -0.003930   0.165208
     9  H    0.001539  -0.014473  -0.001421   0.165208  -0.675773  -0.140755
    10  H    0.000017  -0.000226   0.000139  -0.003930  -0.106084  -0.675773
    11  H   -0.000000  -0.000000   0.000000   0.000043  -0.000226  -0.014473
    12  H    0.000000  -0.000000  -0.000000   0.000000   0.000017   0.001539
               7          8          9         10         11         12
     1  H   -0.000000   0.000000   0.001539   0.000017  -0.000000   0.000000
     2  H    0.000000   0.000043  -0.014473  -0.000226  -0.000000  -0.000000
     3  H    0.000000   0.000046  -0.001421   0.000139   0.000000  -0.000000
     4  H    0.000046  -0.015693   0.165208  -0.003930   0.000043   0.000000
     5  H    0.000139  -0.003930  -0.675773  -0.106084  -0.000226   0.000017
     6  H   -0.001421   0.165208  -0.140755  -0.675773  -0.014473   0.001539
     7  H    0.552256  -0.014618  -0.000107  -0.006902   0.481912  -0.009763
     8  H   -0.014618   1.380353  -0.008822   0.150267  -0.014622   0.000075
     9  H   -0.000107  -0.008822   1.150271   0.154416   0.000311  -0.000018
    10  H   -0.006902   0.150267   0.154416   1.114799   0.006988  -0.001501
    11  H    0.481912  -0.014622   0.000311   0.006988   0.559370  -0.016439
    12  H   -0.009763   0.000075  -0.000018  -0.001501  -0.016439   1.120792
 Mulliken charges:
               1
     1  H   -0.094701
     2  H   -0.002863
     3  H   -0.001542
     4  H   -0.638307
     5  H    0.367790
     6  H    0.369623
     7  H   -0.001542
     8  H   -0.638307
     9  H    0.369623
    10  H    0.367790
    11  H   -0.002863
    12  H   -0.094701
 Sum of Mulliken charges =  -0.00000
 Mulliken charges with hydrogens summed into heavy atoms:
               1
 Electronic spatial extent (au):  <R**2>=            514.8834
 Charge=             -0.0000 electrons
 Dipole moment (field-independent basis, Debye):
    X=              0.0000    Y=             -0.0000    Z=              0.0000  Tot=              0.0000
 Quadrupole moment (field-independent basis, Debye-Ang):
   XX=            -16.3854   YY=            -47.0367   ZZ=            -15.5643
   XY=             -2.8603   XZ=              0.0000   YZ=              0.0000
 Traceless Quadrupole moment (field-independent basis, Debye-Ang):
   XX=              9.9434   YY=            -20.7079   ZZ=             10.7644
   XY=             -2.8603   XZ=              0.0000   YZ=              0.0000
 Octapole moment (field-independent basis, Debye-Ang**2):
  XXX=              0.0000  YYY=              0.0000  ZZZ=             -0.0000  XYY=              0.0000
  XXY=              0.0000  XXZ=             -0.0000  XZZ=              0.0000  YZZ=              0.0000
  YYZ=             -0.0000  XYZ=             -0.0000
 Hexadecapole moment (field-independent basis, Debye-Ang**3):
 XXXX=            -36.9494 YYYY=          -2246.7265 ZZZZ=            -19.0393 XXXY=            -38.3538
 XXXZ=              0.0000 YYYX=           -139.3651 YYYZ=              0.0000 ZZZX=              0.0000
 ZZZY=              0.0000 XXYY=           -190.1954 XXZZ=             -9.3033 YYZZ=           -183.1426
 XXYZ=              0.0000 YYXZ=              0.0000 ZZXY=            -12.9035
 N-N= 1.608597731359D+01 E-N=-4.023793551678D+01  KE= 6.504732160168D+00
 Symmetry AG   KE= 2.763615464102D+00
 Symmetry BG   KE= 0.000000000000D+00
 Symmetry AU   KE= 0.000000000000D+00
 Symmetry BU   KE= 3.741116696066D+00

 Test job not archived.
 1\1\GINC-SULU\Stability\RHF\Gen\H12\LCJ1\17-Feb-2017\0\\#rhf/gen scf(s
 ymm,tight,novaracc,noincfock,fulldiag) stable(crhf) guess=read geom=no
 crowd test\\hf stability analysis of h12 triangular lattice, y= 2.3437
 412473608381\\0,1\H\H,1,2.3566512193\H,1,2.3566512193,2,12.\H,2,2.3566
 512193,1,168.,3,0.,0\H,2,2.3566512193,1,180.,3,0.,0\H,4,2.3566512193,3
 ,180.,5,0.,0\H,6,2.3566512193,5,180.,3,0.,0\H,4,2.3566512193,2,180.,3,
 0.,0\H,3,2.3566512193,1,180.,4,0.,0\H,9,2.3566512193,3,180.,4,0.,0\H,8
 ,2.3566512193,4,180.,3,0.,0\H,7,2.3566512193,6,180.,3,0.,0\\Version=ES
 64L-G09RevE.01\State=1-AG\HF=-4.5946248\MP2=-5.3713227\RMSD=1.259e-09\
 Dipole=0.,0.,0.\Quadrupole=7.2725638,8.0030995,-15.2756632,0.,-2.69174
 48,0.\PG=C02H [SGH(H12)]\\@


 WE MIGHT AS WELL ATTEMPT TO INTRODUCE A NEW PLANET 
 INTO THE SOLAR SYSTEM, OR TO ANNIHILATE ONE ALREADYIN EXISTENCE, 
 AS TO CREATE OR DESTROY A PARTICLE OF HYDROGEN.
 ALL THE CHANGES WE CAN PRODUCE CONSIST IN SEPARATING PARTICLES
 THAT ARE IN A STATE OF ... COMBINATION, AND JOINING 
 THOSE THAT WERE PREVIOUSLY AT A DISTANCE.

                                    -- JOHN DALTON, 1810
 Job cpu time:       0 days  0 hours  0 minutes  0.9 seconds.
 File lengths (MBytes):  RWF=     84 Int=      0 D2E=      0 Chk=      2 Scr=      2
 Normal termination of Gaussian 09 at Fri Feb 17 15:09:40 2017.
