 Entering Gaussian System, Link 0=g09
 AtFile(1): H.gbs
            H     0
            S   10   1.00
               1000.000000000000            0.000068713567
                316.227766000000            0.000169141320
                100.000000000000            0.000823394812
                 31.622776600000            0.003425569236
                 10.000000000000            0.013951996000
                  3.162277660000            0.056909313560
                  1.000000000000            0.198286399900
                  0.316227766000            0.496922426700
                  0.100000000000            0.369846276400
                  0.031622776600            0.003752720039
            ****
 Initial command:
 /projects/guscus/apps/gau/g09-e1/g09/l1.exe "/users/lcj1/gaussian/h12/rhfstability/rect/guess/ag3bu3/Gau-6779.inp" -scrdir="/users/lcj1/gaussian/h12/rhfstability/rect/guess/ag3bu3/"
 Entering Link 1 = /projects/guscus/apps/gau/g09-e1/g09/l1.exe PID=      6780.
  
 Copyright (c) 1988,1990,1992,1993,1995,1998,2003,2009,2015,
            Gaussian, Inc.  All Rights Reserved.
  
 This is part of the Gaussian(R) 09 program.  It is based on
 the Gaussian(R) 03 system (copyright 2003, Gaussian, Inc.),
 the Gaussian(R) 98 system (copyright 1998, Gaussian, Inc.),
 the Gaussian(R) 94 system (copyright 1995, Gaussian, Inc.),
 the Gaussian 92(TM) system (copyright 1992, Gaussian, Inc.),
 the Gaussian 90(TM) system (copyright 1990, Gaussian, Inc.),
 the Gaussian 88(TM) system (copyright 1988, Gaussian, Inc.),
 the Gaussian 86(TM) system (copyright 1986, Carnegie Mellon
 University), and the Gaussian 82(TM) system (copyright 1983,
 Carnegie Mellon University). Gaussian is a federally registered
 trademark of Gaussian, Inc.
  
 This software contains proprietary and confidential information,
 including trade secrets, belonging to Gaussian, Inc.
  
 This software is provided under written license and may be
 used, copied, transmitted, or stored only in accord with that
 written license.
  
 The following legend is applicable only to US Government
 contracts under FAR:
  
                    RESTRICTED RIGHTS LEGEND
  
 Use, reproduction and disclosure by the US Government is
 subject to restrictions as set forth in subparagraphs (a)
 and (c) of the Commercial Computer Software - Restricted
 Rights clause in FAR 52.227-19.
  
 Gaussian, Inc.
 340 Quinnipiac St., Bldg. 40, Wallingford CT 06492
  
  
 ---------------------------------------------------------------
 Warning -- This program may not be used in any manner that
 competes with the business of Gaussian, Inc. or will provide
 assistance to any competitor of Gaussian, Inc.  The licensee
 of this program is prohibited from giving any competitor of
 Gaussian, Inc. access to this program.  By using this program,
 the user acknowledges that Gaussian, Inc. is engaged in the
 business of creating and licensing software in the field of
 computational chemistry and represents and warrants to the
 licensee that it is not a competitor of Gaussian, Inc. and that
 it will not use this program in any manner prohibited above.
 ---------------------------------------------------------------
  

 Cite this work as:
 Gaussian 09, Revision E.01,
 M. J. Frisch, G. W. Trucks, H. B. Schlegel, G. E. Scuseria, 
 M. A. Robb, J. R. Cheeseman, G. Scalmani, V. Barone, B. Mennucci, 
 G. A. Petersson, H. Nakatsuji, M. Caricato, X. Li, H. P. Hratchian, 
 A. F. Izmaylov, J. Bloino, G. Zheng, J. L. Sonnenberg, M. Hada, 
 M. Ehara, K. Toyota, R. Fukuda, J. Hasegawa, M. Ishida, T. Nakajima, 
 Y. Honda, O. Kitao, H. Nakai, T. Vreven, J. A. Montgomery, Jr., 
 J. E. Peralta, F. Ogliaro, M. Bearpark, J. J. Heyd, E. Brothers, 
 K. N. Kudin, V. N. Staroverov, T. Keith, R. Kobayashi, J. Normand, 
 K. Raghavachari, A. Rendell, J. C. Burant, S. S. Iyengar, J. Tomasi, 
 M. Cossi, N. Rega, J. M. Millam, M. Klene, J. E. Knox, J. B. Cross, 
 V. Bakken, C. Adamo, J. Jaramillo, R. Gomperts, R. E. Stratmann, 
 O. Yazyev, A. J. Austin, R. Cammi, C. Pomelli, J. W. Ochterski, 
 R. L. Martin, K. Morokuma, V. G. Zakrzewski, G. A. Voth, 
 P. Salvador, J. J. Dannenberg, S. Dapprich, A. D. Daniels, 
 O. Farkas, J. B. Foresman, J. V. Ortiz, J. Cioslowski, 
 and D. J. Fox, Gaussian, Inc., Wallingford CT, 2013.
 
 ******************************************
 Gaussian 09:  ES64L-G09RevE.01 30-Nov-2015
                17-Feb-2017 
 ******************************************
 %chk=h12.chk
 ----------------------------------------------------------------------
 #rhf/gen scf(symm,tight,novaracc,noincfock,fulldiag) stable(crhf) gues
 s=read geom=nocrowd test
 ----------------------------------------------------------------------
 1/38=1/1;
 2/12=1,17=6,18=5,40=1/2;
 3/5=7,16=1,25=1,30=1,116=1/1,2,3;
 4/5=1,9=4/1;
 5/5=100002,15=2,16=1,32=2,38=6/2;
 8/6=1,10=90,11=11/1,4;
 9/8=4,13=1/2;
 6/7=2,8=2,9=2,10=2,28=1/1;
 99/5=1,9=1/99;
 ----------------------------------------------------------------------
 hf stability analysis of h12 triangular lattice, y= 1.1806129676413906
 ----------------------------------------------------------------------
 Symbolic Z-matrix:
 Charge =  0 Multiplicity = 1
 H
 H                    1     1.27789 
 H                    1     1.27789  2     45. 
 H                    2     1.27789  1     135.     3     0.       0
 H                    2     1.27789  1     180.     3     0.       0
 H                    4     1.27789  3     180.     5     0.       0
 H                    6     1.27789  5     180.     3     0.       0
 H                    4     1.27789  2     180.     3     0.       0
 H                    3     1.27789  1     180.     4     0.       0
 H                    9     1.27789  3     180.     4     0.       0
 H                    8     1.27789  4     180.     3     0.       0
 H                    7     1.27789  6     180.     3     0.       0
 
                          Input orientation:                          
 ---------------------------------------------------------------------
 Center     Atomic      Atomic             Coordinates (Angstroms)
 Number     Number       Type             X           Y           Z
 ---------------------------------------------------------------------
      1          1           0        0.000000    0.000000    0.000000
      2          1           0        0.000000    0.000000    1.277886
      3          1           0        0.903602    0.000000    0.903602
      4          1           0        0.903602    0.000000    2.181488
      5          1           0        0.000000    0.000000    2.555773
      6          1           0        0.903602    0.000000    3.459375
      7          1           0        1.807204    0.000000    4.362977
      8          1           0        1.807204    0.000000    3.085090
      9          1           0        1.807204    0.000000    1.807204
     10          1           0        2.710806    0.000000    2.710806
     11          1           0        2.710806    0.000000    3.988692
     12          1           0        2.710806    0.000000    5.266579
 ---------------------------------------------------------------------
                    Distance matrix (angstroms):
                    1          2          3          4          5
     1  H    0.000000
     2  H    1.277886   0.000000
     3  H    1.277886   0.978052   0.000000
     4  H    2.361226   1.277886   1.277886   0.000000
     5  H    2.555773   1.277886   1.883126   0.978052   0.000000
     6  H    3.575440   2.361226   2.555773   1.277886   1.277886
     7  H    4.722452   3.575440   3.575440   2.361226   2.555773
     8  H    3.575440   2.555773   2.361226   1.277886   1.883126
     9  H    2.555773   1.883126   1.277886   0.978052   1.956104
    10  H    3.833659   3.066224   2.555773   1.883126   2.715236
    11  H    4.822669   3.833659   3.575440   2.555773   3.066224
    12  H    5.923286   4.822669   4.722452   3.575440   3.833659
                    6          7          8          9         10
     6  H    0.000000
     7  H    1.277886   0.000000
     8  H    0.978052   1.277886   0.000000
     9  H    1.883126   2.555773   1.277886   0.000000
    10  H    1.956104   1.883126   0.978052   1.277886   0.000000
    11  H    1.883126   0.978052   1.277886   2.361226   1.277886
    12  H    2.555773   1.277886   2.361226   3.575440   2.555773
                   11         12
    11  H    0.000000
    12  H    1.277886   0.000000
 Stoichiometry    H12
 Framework group  C2H[SGH(H12)]
 Deg. of freedom    11
 Full point group                 C2H     NOp   4
 Largest Abelian subgroup         C2H     NOp   4
 Largest concise Abelian subgroup C2      NOp   2
                         Standard orientation:                         
 ---------------------------------------------------------------------
 Center     Atomic      Atomic             Coordinates (Angstroms)
 Number     Number       Type             X           Y           Z
 ---------------------------------------------------------------------
      1          1           0        0.903602    2.820431    0.000000
      2          1           0        0.000000    1.916829    0.000000
      3          1           0        0.903602    1.542545    0.000000
      4          1           0        0.000000    0.638943    0.000000
      5          1           0       -0.903602    1.013227    0.000000
      6          1           0       -0.903602   -0.264659    0.000000
      7          1           0       -0.903602   -1.542545    0.000000
      8          1           0       -0.000000   -0.638943    0.000000
      9          1           0        0.903602    0.264659    0.000000
     10          1           0        0.903602   -1.013227    0.000000
     11          1           0       -0.000000   -1.916829    0.000000
     12          1           0       -0.903602   -2.820431    0.000000
 ---------------------------------------------------------------------
 Rotational constants (GHZ):    102.3590870     15.3538631     13.3511853
 General basis read from cards:  (5D, 7F)
 There are     6 symmetry adapted cartesian basis functions of AG  symmetry.
 There are     0 symmetry adapted cartesian basis functions of BG  symmetry.
 There are     0 symmetry adapted cartesian basis functions of AU  symmetry.
 There are     6 symmetry adapted cartesian basis functions of BU  symmetry.
 There are     6 symmetry adapted basis functions of AG  symmetry.
 There are     0 symmetry adapted basis functions of BG  symmetry.
 There are     0 symmetry adapted basis functions of AU  symmetry.
 There are     6 symmetry adapted basis functions of BU  symmetry.
    12 basis functions,   120 primitive gaussians,    12 cartesian basis functions
     6 alpha electrons        6 beta electrons
       nuclear repulsion energy        18.7324693981 Hartrees.
 NAtoms=   12 NActive=   12 NUniq=    6 SFac= 4.00D+00 NAtFMM=   60 NAOKFM=F Big=F
 Integral buffers will be    131072 words long.
 Regular integral format.
 Two-electron integral symmetry is turned on.
 One-electron integrals computed using PRISM.
 NBasis=    12 RedAO= T EigKep=  1.71D-01  NBF=     6     0     0     6
 NBsUse=    12 1.00D-06 EigRej= -1.00D+00 NBFU=     6     0     0     6
 Initial guess from the checkpoint file:  "h12.chk"
 B after Tr=    -0.000000    0.000000    0.000000
         Rot=    0.963945    0.000000    0.000000   -0.266103 Ang= -30.87 deg.
 Initial guess orbital symmetries:
       Occupied  (AG) (BU) (AG) (BU) (BU) (AG)
       Virtual   (BU) (AG) (BU) (AG) (AG) (BU)
 Keep R1 ints in memory in symmetry-blocked form, NReq=901656.
 Requested convergence on RMS density matrix=1.00D-08 within 128 cycles.
 Requested convergence on MAX density matrix=1.00D-06.
 Requested convergence on             energy=1.00D-06.
 No special actions if energy rises.
 SCF Done:  E(RHF) =  -5.95007209906     A.U. after   13 cycles
            NFock= 13  Conv=0.29D-08     -V/T= 1.9774
 Range of M.O.s used for correlation:     1    12
 NBasis=    12 NAE=     6 NBE=     6 NFC=     0 NFV=     0
 NROrb=     12 NOA=     6 NOB=     6 NVA=     6 NVB=     6
 Semi-Direct transformation.
 ModeAB=           4 MOrb=             6 LenV=     134086411
 LASXX=         2181 LTotXX=        2181 LenRXX=        5115
 LTotAB=        2934 MaxLAS=        3024 LenRXY=           0
 NonZer=        7296 LenScr=      655360 LnRSAI=        3024
 LnScr1=      655360 LExtra=           0 Total=      1318859
 MaxDsk=          -1 SrtSym=           T ITran=            3
 JobTyp=0 Pass  1:  I=   1 to   6.
 (rs|ai) integrals will be sorted in core.
 Spin components of T(2) and E(2):
     alpha-alpha T2 =       0.4009698270D-02 E2=     -0.6049952668D-02
     alpha-beta  T2 =       0.6494277300D-01 E2=     -0.9820179030D-01
     beta-beta   T2 =       0.4009698270D-02 E2=     -0.6049952668D-02
 ANorm=    0.1035838872D+01
 E2 =    -0.1103016956D+00 EUMP2 =    -0.60603737946884D+01
 Second order stability test of a single determinant RHF wave function:
 Stabil:  MDV=134217728
 ***********************************************************************
 Matrix         Lowest Root    Major Pairs
 ***********************************************************************
 Internal RHF     0.1692095    Stable
 RRHF --> CRHF    0.1523788    Stable
 RRHF --> RUHF    0.0117324    Stable
 Stable under the perturbations considered.
 ***********************************************************************

 **********************************************************************

            Population analysis using the SCF density.

 **********************************************************************

 Orbital symmetries:
       Occupied  (AG) (BU) (AG) (BU) (BU) (AG)
       Virtual   (AG) (BU) (BU) (AG) (AG) (BU)
 The electronic state is 1-AG.
 Alpha  occ. eigenvalues --   -0.90114  -0.77203  -0.58744  -0.51752  -0.37881
 Alpha  occ. eigenvalues --   -0.30160
 Alpha virt. eigenvalues --    0.08265   0.21691   0.28984   0.30807   0.54187
 Alpha virt. eigenvalues --    0.60653
          Condensed to atoms (all electrons):
               1          2          3          4          5          6
     1  H    0.751376   0.165565   0.178517  -0.080291  -0.036817   0.007004
     2  H    0.165565   0.762646  -0.022921  -0.056613   0.258856  -0.032447
     3  H    0.178517  -0.022921   0.749824  -0.003448  -0.157645   0.002973
     4  H   -0.080291  -0.056613  -0.003448   0.901479   0.232166  -0.061870
     5  H   -0.036817   0.258856  -0.157645   0.232166   1.110511  -0.111097
     6  H    0.007004  -0.032447   0.002973  -0.061870  -0.111097   1.081267
     7  H    0.000516  -0.005009   0.006883  -0.011780  -0.037193   0.224439
     8  H    0.007820  -0.011755  -0.011780  -0.147907  -0.066256   0.325811
     9  H   -0.038776  -0.146775   0.224439   0.325811  -0.135720  -0.058547
    10  H    0.000954   0.018309  -0.037193  -0.066256   0.024259  -0.135720
    11  H   -0.000225   0.005770  -0.005009  -0.011755   0.018309  -0.146775
    12  H   -0.000143  -0.000225   0.000516   0.007820   0.000954  -0.038776
               7          8          9         10         11         12
     1  H    0.000516   0.007820  -0.038776   0.000954  -0.000225  -0.000143
     2  H   -0.005009  -0.011755  -0.146775   0.018309   0.005770  -0.000225
     3  H    0.006883  -0.011780   0.224439  -0.037193  -0.005009   0.000516
     4  H   -0.011780  -0.147907   0.325811  -0.066256  -0.011755   0.007820
     5  H   -0.037193  -0.066256  -0.135720   0.024259   0.018309   0.000954
     6  H    0.224439   0.325811  -0.058547  -0.135720  -0.146775  -0.038776
     7  H    0.749824  -0.003448   0.002973  -0.157645  -0.022921   0.178517
     8  H   -0.003448   0.901479  -0.061870   0.232166  -0.056613  -0.080291
     9  H    0.002973  -0.061870   1.081267  -0.111097  -0.032447   0.007004
    10  H   -0.157645   0.232166  -0.111097   1.110511   0.258856  -0.036817
    11  H   -0.022921  -0.056613  -0.032447   0.258856   0.762646   0.165565
    12  H    0.178517  -0.080291   0.007004  -0.036817   0.165565   0.751376
 Mulliken charges:
               1
     1  H    0.044501
     2  H    0.064600
     3  H    0.074845
     4  H   -0.027356
     5  H   -0.100328
     6  H   -0.056261
     7  H    0.074845
     8  H   -0.027356
     9  H   -0.056261
    10  H   -0.100328
    11  H    0.064600
    12  H    0.044501
 Sum of Mulliken charges =   0.00000
 Mulliken charges with hydrogens summed into heavy atoms:
               1
 Electronic spatial extent (au):  <R**2>=            168.6950
 Charge=              0.0000 electrons
 Dipole moment (field-independent basis, Debye):
    X=             -0.0000    Y=             -0.0000    Z=              0.0000  Tot=              0.0000
 Quadrupole moment (field-independent basis, Debye-Ang):
   XX=            -18.1449   YY=            -12.8793   ZZ=            -15.4735
   XY=              3.0523   XZ=             -0.0000   YZ=             -0.0000
 Traceless Quadrupole moment (field-independent basis, Debye-Ang):
   XX=             -2.6457   YY=              2.6199   ZZ=              0.0258
   XY=              3.0523   XZ=             -0.0000   YZ=             -0.0000
 Octapole moment (field-independent basis, Debye-Ang**2):
  XXX=             -0.0000  YYY=             -0.0000  ZZZ=             -0.0000  XYY=              0.0000
  XXY=              0.0000  XXZ=             -0.0000  XZZ=              0.0000  YZZ=              0.0000
  YYZ=             -0.0000  XYZ=              0.0000
 Hexadecapole moment (field-independent basis, Debye-Ang**3):
 XXXX=            -78.1893 YYYY=           -234.1675 ZZZZ=            -18.5580 XXXY=            -23.4352
 XXXZ=             -0.0000 YYYX=             -6.6628 YYYZ=              0.0000 ZZZX=             -0.0000
 ZZZY=              0.0000 XXYY=            -57.1279 XXZZ=            -15.8723 YYZZ=            -47.9798
 XXYZ=              0.0000 YYXZ=             -0.0000 ZZXY=             -8.1923
 N-N= 1.873246939810D+01 E-N=-4.853590863722D+01  KE= 6.087902214323D+00
 Symmetry AG   KE= 2.968674967427D+00
 Symmetry BG   KE= 0.000000000000D+00
 Symmetry AU   KE= 0.000000000000D+00
 Symmetry BU   KE= 3.119227246896D+00

 Test job not archived.
 1\1\GINC-SULU\Stability\RHF\Gen\H12\LCJ1\17-Feb-2017\0\\#rhf/gen scf(s
 ymm,tight,novaracc,noincfock,fulldiag) stable(crhf) guess=read geom=no
 crowd test\\hf stability analysis of h12 triangular lattice, y= 1.1806
 129676413906\\0,1\H\H,1,1.2778862504\H,1,1.2778862504,2,45.\H,2,1.2778
 862504,1,135.,3,0.,0\H,2,1.2778862504,1,180.,3,0.,0\H,4,1.2778862504,3
 ,180.,5,0.,0\H,6,1.2778862504,5,180.,3,0.,0\H,4,1.2778862504,2,180.,3,
 0.,0\H,3,1.2778862504,1,180.,4,0.,0\H,9,1.2778862504,3,180.,4,0.,0\H,8
 ,1.2778862504,4,180.,3,0.,0\H,7,1.2778862504,6,180.,3,0.,0\\Version=ES
 64L-G09RevE.01\State=1-AG\HF=-5.9500721\MP2=-6.0603738\RMSD=2.864e-09\
 Dipole=0.,0.,0.\Quadrupole=-2.2788693,0.0191495,2.2597199,0.,1.9574316
 ,0.\PG=C02H [SGH(H12)]\\@


 DON'T WORRY CHARLIE BROWN...WE LEARN MORE FROM LOSING  THAN WE DO FROM WINNING.
 THEN THAT MAKES ME THE SMARTEST PERSON IN THE WORLD...
 CHARLES SCHULZ 'PEANUTS'
 Job cpu time:       0 days  0 hours  0 minutes  1.0 seconds.
 File lengths (MBytes):  RWF=     84 Int=      0 D2E=      0 Chk=      2 Scr=      2
 Normal termination of Gaussian 09 at Fri Feb 17 15:06:20 2017.
