 Entering Gaussian System, Link 0=g09
 AtFile(1): H.gbs
            H     0
            S   10   1.00
               1000.000000000000            0.000068713567
                316.227766000000            0.000169141320
                100.000000000000            0.000823394812
                 31.622776600000            0.003425569236
                 10.000000000000            0.013951996000
                  3.162277660000            0.056909313560
                  1.000000000000            0.198286399900
                  0.316227766000            0.496922426700
                  0.100000000000            0.369846276400
                  0.031622776600            0.003752720039
            ****
 Initial command:
 /projects/guscus/apps/gau/g09-e1/g09/l1.exe "/users/lcj1/gaussian/h12/rhfstability/rect/guess/ag3bu3/Gau-16654.inp" -scrdir="/users/lcj1/gaussian/h12/rhfstability/rect/guess/ag3bu3/"
 Entering Link 1 = /projects/guscus/apps/gau/g09-e1/g09/l1.exe PID=     16655.
  
 Copyright (c) 1988,1990,1992,1993,1995,1998,2003,2009,2015,
            Gaussian, Inc.  All Rights Reserved.
  
 This is part of the Gaussian(R) 09 program.  It is based on
 the Gaussian(R) 03 system (copyright 2003, Gaussian, Inc.),
 the Gaussian(R) 98 system (copyright 1998, Gaussian, Inc.),
 the Gaussian(R) 94 system (copyright 1995, Gaussian, Inc.),
 the Gaussian 92(TM) system (copyright 1992, Gaussian, Inc.),
 the Gaussian 90(TM) system (copyright 1990, Gaussian, Inc.),
 the Gaussian 88(TM) system (copyright 1988, Gaussian, Inc.),
 the Gaussian 86(TM) system (copyright 1986, Carnegie Mellon
 University), and the Gaussian 82(TM) system (copyright 1983,
 Carnegie Mellon University). Gaussian is a federally registered
 trademark of Gaussian, Inc.
  
 This software contains proprietary and confidential information,
 including trade secrets, belonging to Gaussian, Inc.
  
 This software is provided under written license and may be
 used, copied, transmitted, or stored only in accord with that
 written license.
  
 The following legend is applicable only to US Government
 contracts under FAR:
  
                    RESTRICTED RIGHTS LEGEND
  
 Use, reproduction and disclosure by the US Government is
 subject to restrictions as set forth in subparagraphs (a)
 and (c) of the Commercial Computer Software - Restricted
 Rights clause in FAR 52.227-19.
  
 Gaussian, Inc.
 340 Quinnipiac St., Bldg. 40, Wallingford CT 06492
  
  
 ---------------------------------------------------------------
 Warning -- This program may not be used in any manner that
 competes with the business of Gaussian, Inc. or will provide
 assistance to any competitor of Gaussian, Inc.  The licensee
 of this program is prohibited from giving any competitor of
 Gaussian, Inc. access to this program.  By using this program,
 the user acknowledges that Gaussian, Inc. is engaged in the
 business of creating and licensing software in the field of
 computational chemistry and represents and warrants to the
 licensee that it is not a competitor of Gaussian, Inc. and that
 it will not use this program in any manner prohibited above.
 ---------------------------------------------------------------
  

 Cite this work as:
 Gaussian 09, Revision E.01,
 M. J. Frisch, G. W. Trucks, H. B. Schlegel, G. E. Scuseria, 
 M. A. Robb, J. R. Cheeseman, G. Scalmani, V. Barone, B. Mennucci, 
 G. A. Petersson, H. Nakatsuji, M. Caricato, X. Li, H. P. Hratchian, 
 A. F. Izmaylov, J. Bloino, G. Zheng, J. L. Sonnenberg, M. Hada, 
 M. Ehara, K. Toyota, R. Fukuda, J. Hasegawa, M. Ishida, T. Nakajima, 
 Y. Honda, O. Kitao, H. Nakai, T. Vreven, J. A. Montgomery, Jr., 
 J. E. Peralta, F. Ogliaro, M. Bearpark, J. J. Heyd, E. Brothers, 
 K. N. Kudin, V. N. Staroverov, T. Keith, R. Kobayashi, J. Normand, 
 K. Raghavachari, A. Rendell, J. C. Burant, S. S. Iyengar, J. Tomasi, 
 M. Cossi, N. Rega, J. M. Millam, M. Klene, J. E. Knox, J. B. Cross, 
 V. Bakken, C. Adamo, J. Jaramillo, R. Gomperts, R. E. Stratmann, 
 O. Yazyev, A. J. Austin, R. Cammi, C. Pomelli, J. W. Ochterski, 
 R. L. Martin, K. Morokuma, V. G. Zakrzewski, G. A. Voth, 
 P. Salvador, J. J. Dannenberg, S. Dapprich, A. D. Daniels, 
 O. Farkas, J. B. Foresman, J. V. Ortiz, J. Cioslowski, 
 and D. J. Fox, Gaussian, Inc., Wallingford CT, 2013.
 
 ******************************************
 Gaussian 09:  ES64L-G09RevE.01 30-Nov-2015
                17-Feb-2017 
 ******************************************
 %chk=h12.chk
 ----------------------------------------------------------------------
 #rhf/gen scf(symm,tight,novaracc,noincfock,fulldiag) stable(crhf) gues
 s=read geom=nocrowd test
 ----------------------------------------------------------------------
 1/38=1/1;
 2/12=1,17=6,18=5,40=1/2;
 3/5=7,16=1,25=1,30=1,116=1/1,2,3;
 4/5=1,9=4/1;
 5/5=100002,15=2,16=1,32=2,38=6/2;
 8/6=1,10=90,11=11/1,4;
 9/8=4,13=1/2;
 6/7=2,8=2,9=2,10=2,28=1/1;
 99/5=1,9=1/99;
 ----------------------------------------------------------------------
 hf stability analysis of h12 triangular lattice, y= 0.4860043606964989
 9
 ----------------------------------------------------------------------
 Symbolic Z-matrix:
 Charge =  0 Multiplicity = 1
 H
 H                    1     1.28352 
 H                    1     1.28352  2     135.5 
 H                    2     1.28352  1     44.5     3     0.       0
 H                    2     1.28352  1     180.     3     0.       0
 H                    4     1.28352  3     180.     5     0.       0
 H                    6     1.28352  5     180.     3     0.       0
 H                    4     1.28352  2     180.     3     0.       0
 H                    3     1.28352  1     180.     4     0.       0
 H                    9     1.28352  3     180.     4     0.       0
 H                    8     1.28352  4     180.     3     0.       0
 H                    7     1.28352  6     180.     3     0.       0
 
                          Input orientation:                          
 ---------------------------------------------------------------------
 Center     Atomic      Atomic             Coordinates (Angstroms)
 Number     Number       Type             X           Y           Z
 ---------------------------------------------------------------------
      1          1           0        0.000000    0.000000    0.000000
      2          1           0        0.000000    0.000000    1.283523
      3          1           0        0.899633    0.000000   -0.915474
      4          1           0        0.899633    0.000000    0.368050
      5          1           0        0.000000    0.000000    2.567047
      6          1           0        0.899633    0.000000    1.651573
      7          1           0        1.799267    0.000000    0.736099
      8          1           0        1.799267    0.000000   -0.547424
      9          1           0        1.799267    0.000000   -1.830947
     10          1           0        2.698900    0.000000   -2.746421
     11          1           0        2.698900    0.000000   -1.462897
     12          1           0        2.698900    0.000000   -0.179374
 ---------------------------------------------------------------------
                    Distance matrix (angstroms):
                    1          2          3          4          5
     1  H    0.000000
     2  H    1.283523   0.000000
     3  H    1.283523   2.375906   0.000000
     4  H    0.972009   1.283523   1.283523   0.000000
     5  H    2.567047   1.283523   3.596844   2.375906   0.000000
     6  H    1.880700   0.972009   2.567047   1.283523   1.283523
     7  H    1.944017   1.880700   1.880700   0.972009   2.567047
     8  H    1.880700   2.567047   0.972009   1.283523   3.596844
     9  H    2.567047   3.596844   1.283523   2.375906   4.751811
    10  H    3.850570   4.850208   2.567047   3.596844   5.959614
    11  H    3.069875   3.850570   1.880700   2.567047   4.850208
    12  H    2.704854   3.069875   1.944017   1.880700   3.850570
                    6          7          8          9         10
     6  H    0.000000
     7  H    1.283523   0.000000
     8  H    2.375906   1.283523   0.000000
     9  H    3.596844   2.567047   1.283523   0.000000
    10  H    4.751811   3.596844   2.375906   1.283523   0.000000
    11  H    3.596844   2.375906   1.283523   0.972009   1.283523
    12  H    2.567047   1.283523   0.972009   1.880700   2.567047
                   11         12
    11  H    0.000000
    12  H    1.283523   0.000000
 Stoichiometry    H12
 Framework group  C2H[SGH(H12)]
 Deg. of freedom    11
 Full point group                 C2H     NOp   4
 Largest Abelian subgroup         C2H     NOp   4
 Largest concise Abelian subgroup C2      NOp   2
                         Standard orientation:                         
 ---------------------------------------------------------------------
 Center     Atomic      Atomic             Coordinates (Angstroms)
 Number     Number       Type             X           Y           Z
 ---------------------------------------------------------------------
      1          1           0        0.899633    1.009811   -0.000000
      2          1           0        0.000000    1.925285   -0.000000
      3          1           0        0.899633   -0.273712    0.000000
      4          1           0        0.000000    0.641762   -0.000000
      5          1           0       -0.899633    2.840759   -0.000000
      6          1           0       -0.899633    1.557235   -0.000000
      7          1           0       -0.899633    0.273712    0.000000
      8          1           0       -0.000000   -0.641762   -0.000000
      9          1           0        0.899633   -1.557235   -0.000000
     10          1           0        0.899633   -2.840759   -0.000000
     11          1           0       -0.000000   -1.925285   -0.000000
     12          1           0       -0.899633   -1.009811    0.000000
 ---------------------------------------------------------------------
 Rotational constants (GHZ):    103.5810590     15.1727323     13.2341685
 General basis read from cards:  (5D, 7F)
 There are     6 symmetry adapted cartesian basis functions of AG  symmetry.
 There are     0 symmetry adapted cartesian basis functions of BG  symmetry.
 There are     0 symmetry adapted cartesian basis functions of AU  symmetry.
 There are     6 symmetry adapted cartesian basis functions of BU  symmetry.
 There are     6 symmetry adapted basis functions of AG  symmetry.
 There are     0 symmetry adapted basis functions of BG  symmetry.
 There are     0 symmetry adapted basis functions of AU  symmetry.
 There are     6 symmetry adapted basis functions of BU  symmetry.
    12 basis functions,   120 primitive gaussians,    12 cartesian basis functions
     6 alpha electrons        6 beta electrons
       nuclear repulsion energy        18.6994115162 Hartrees.
 NAtoms=   12 NActive=   12 NUniq=    6 SFac= 4.00D+00 NAtFMM=   60 NAOKFM=F Big=F
 Integral buffers will be    131072 words long.
 Regular integral format.
 Two-electron integral symmetry is turned on.
 One-electron integrals computed using PRISM.
 NBasis=    12 RedAO= T EigKep=  1.69D-01  NBF=     6     0     0     6
 NBsUse=    12 1.00D-06 EigRej= -1.00D+00 NBFU=     6     0     0     6
 Initial guess from the checkpoint file:  "h12.chk"
 B after Tr=     0.000000    0.000000    0.000000
         Rot=    0.999036    0.000000    0.000000   -0.043905 Ang=  -5.03 deg.
 Initial guess orbital symmetries:
       Occupied  (AG) (BU) (AG) (BU) (BU) (AG)
       Virtual   (BU) (AG) (BU) (AG) (AG) (BU)
 Keep R1 ints in memory in symmetry-blocked form, NReq=901488.
 Requested convergence on RMS density matrix=1.00D-08 within 128 cycles.
 Requested convergence on MAX density matrix=1.00D-06.
 Requested convergence on             energy=1.00D-06.
 No special actions if energy rises.
 SCF Done:  E(RHF) =  -5.94689147880     A.U. after   14 cycles
            NFock= 14  Conv=0.26D-08     -V/T= 1.9769
 Range of M.O.s used for correlation:     1    12
 NBasis=    12 NAE=     6 NBE=     6 NFC=     0 NFV=     0
 NROrb=     12 NOA=     6 NOB=     6 NVA=     6 NVB=     6
 Semi-Direct transformation.
 ModeAB=           4 MOrb=             6 LenV=     134086411
 LASXX=         2181 LTotXX=        2181 LenRXX=        5115
 LTotAB=        2934 MaxLAS=        3024 LenRXY=           0
 NonZer=        7296 LenScr=      655360 LnRSAI=        3024
 LnScr1=      655360 LExtra=           0 Total=      1318859
 MaxDsk=          -1 SrtSym=           T ITran=            3
 JobTyp=0 Pass  1:  I=   1 to   6.
 (rs|ai) integrals will be sorted in core.
 Spin components of T(2) and E(2):
     alpha-alpha T2 =       0.3987336705D-02 E2=     -0.6008297957D-02
     alpha-beta  T2 =       0.6520885803D-01 E2=     -0.9823477836D-01
     beta-beta   T2 =       0.3987336705D-02 E2=     -0.6008297957D-02
 ANorm=    0.1035945718D+01
 E2 =    -0.1102513743D+00 EUMP2 =    -0.60571428530826D+01
 Second order stability test of a single determinant RHF wave function:
 Stabil:  MDV=134217728
 ***********************************************************************
 Matrix         Lowest Root    Major Pairs
 ***********************************************************************
 Internal RHF     0.1617761    Stable
 RRHF --> CRHF    0.1446057    Stable
 RRHF --> RUHF    0.0092491    Stable
 Stable under the perturbations considered.
 ***********************************************************************

 **********************************************************************

            Population analysis using the SCF density.

 **********************************************************************

 Orbital symmetries:
       Occupied  (AG) (BU) (AG) (BU) (BU) (AG)
       Virtual   (AG) (BU) (BU) (AG) (AG) (BU)
 The electronic state is 1-AG.
 Alpha  occ. eigenvalues --   -0.89793  -0.77091  -0.58814  -0.51299  -0.38083
 Alpha  occ. eigenvalues --   -0.29782
 Alpha virt. eigenvalues --    0.07775   0.20979   0.29041   0.31642   0.54181
 Alpha virt. eigenvalues --    0.61635
          Condensed to atoms (all electrons):
               1          2          3          4          5          6
     1  H    1.114827   0.258971  -0.111085   0.232803  -0.036117  -0.158572
     2  H    0.258971   0.765942  -0.032179  -0.056087   0.163452  -0.022597
     3  H   -0.111085  -0.032179   1.088679  -0.061582   0.006785   0.003472
     4  H    0.232803  -0.056087  -0.061582   0.896402  -0.077918  -0.005223
     5  H   -0.036117   0.163452   0.006785  -0.077918   0.741892   0.178980
     6  H   -0.158572  -0.022597   0.003472  -0.005223   0.178980   0.749620
     7  H   -0.139968  -0.148546  -0.057359   0.325655  -0.037541   0.224117
     8  H   -0.065581  -0.011316   0.325655  -0.145526   0.007464  -0.011148
     9  H   -0.036215  -0.004863   0.224117  -0.011148   0.000481   0.006608
    10  H    0.000855  -0.000222  -0.037541   0.007464  -0.000131   0.000481
    11  H    0.018252   0.005630  -0.148546  -0.011316  -0.000222  -0.004863
    12  H    0.024363   0.018252  -0.139968  -0.065581   0.000855  -0.036215
               7          8          9         10         11         12
     1  H   -0.139968  -0.065581  -0.036215   0.000855   0.018252   0.024363
     2  H   -0.148546  -0.011316  -0.004863  -0.000222   0.005630   0.018252
     3  H   -0.057359   0.325655   0.224117  -0.037541  -0.148546  -0.139968
     4  H    0.325655  -0.145526  -0.011148   0.007464  -0.011316  -0.065581
     5  H   -0.037541   0.007464   0.000481  -0.000131  -0.000222   0.000855
     6  H    0.224117  -0.011148   0.006608   0.000481  -0.004863  -0.036215
     7  H    1.088679  -0.061582   0.003472   0.006785  -0.032179  -0.111085
     8  H   -0.061582   0.896402  -0.005223  -0.077918  -0.056087   0.232803
     9  H    0.003472  -0.005223   0.749620   0.178980  -0.022597  -0.158572
    10  H    0.006785  -0.077918   0.178980   0.741892   0.163452  -0.036117
    11  H   -0.032179  -0.056087  -0.022597   0.163452   0.765942   0.258971
    12  H   -0.111085   0.232803  -0.158572  -0.036117   0.258971   1.114827
 Mulliken charges:
               1
     1  H   -0.102532
     2  H    0.063563
     3  H   -0.060448
     4  H   -0.027943
     5  H    0.052020
     6  H    0.075341
     7  H   -0.060448
     8  H   -0.027943
     9  H    0.075341
    10  H    0.052020
    11  H    0.063563
    12  H   -0.102532
 Sum of Mulliken charges =   0.00000
 Mulliken charges with hydrogens summed into heavy atoms:
               1
 Electronic spatial extent (au):  <R**2>=            169.3840
 Charge=              0.0000 electrons
 Dipole moment (field-independent basis, Debye):
    X=              0.0000    Y=              0.0000    Z=             -0.0000  Tot=              0.0000
 Quadrupole moment (field-independent basis, Debye-Ang):
   XX=            -18.1618   YY=            -12.1899   ZZ=            -15.4777
   XY=             -3.2727   XZ=              0.0000   YZ=              0.0000
 Traceless Quadrupole moment (field-independent basis, Debye-Ang):
   XX=             -2.8853   YY=              3.0866   ZZ=             -0.2012
   XY=             -3.2727   XZ=              0.0000   YZ=              0.0000
 Octapole moment (field-independent basis, Debye-Ang**2):
  XXX=              0.0000  YYY=             -0.0000  ZZZ=              0.0000  XYY=             -0.0000
  XXY=              0.0000  XXZ=              0.0000  XZZ=              0.0000  YZZ=             -0.0000
  YYZ=              0.0000  XYZ=              0.0000
 Hexadecapole moment (field-independent basis, Debye-Ang**3):
 XXXX=            -77.8049 YYYY=           -229.4802 ZZZZ=            -18.5687 XXXY=             23.3556
 XXXZ=              0.0000 YYYX=              4.7110 YYYZ=             -0.0000 ZZZX=              0.0000
 ZZZY=             -0.0000 XXYY=            -56.9109 XXZZ=            -15.8084 YYZZ=            -48.3509
 XXYZ=             -0.0000 YYXZ=              0.0000 ZZXY=              8.2172
 N-N= 1.869941151615D+01 E-N=-4.848275659078D+01  KE= 6.087373113873D+00
 Symmetry AG   KE= 2.970331092677D+00
 Symmetry BG   KE= 0.000000000000D+00
 Symmetry AU   KE= 0.000000000000D+00
 Symmetry BU   KE= 3.117042021197D+00

 Test job not archived.
 1\1\GINC-SULU\Stability\RHF\Gen\H12\LCJ1\17-Feb-2017\0\\#rhf/gen scf(s
 ymm,tight,novaracc,noincfock,fulldiag) stable(crhf) guess=read geom=no
 crowd test\\hf stability analysis of h12 triangular lattice, y= 0.4860
 0436069649899\\0,1\H\H,1,1.283523366\H,1,1.283523366,2,135.5\H,2,1.283
 523366,1,44.5,3,0.,0\H,2,1.283523366,1,180.,3,0.,0\H,4,1.283523366,3,1
 80.,5,0.,0\H,6,1.283523366,5,180.,3,0.,0\H,4,1.283523366,2,180.,3,0.,0
 \H,3,1.283523366,1,180.,4,0.,0\H,9,1.283523366,3,180.,4,0.,0\H,8,1.283
 523366,4,180.,3,0.,0\H,7,1.283523366,6,180.,3,0.,0\\Version=ES64L-G09R
 evE.01\State=1-AG\HF=-5.9468915\MP2=-6.0571429\RMSD=2.592e-09\Dipole=0
 .,0.,0.\Quadrupole=-2.3967251,-0.1496089,2.5463341,0.,-2.1771714,0.\PG
 =C02H [SGH(H12)]\\@


 THE BEST WAY TO CONVINCE A FOOL THAT HE IS WRONG 
 IS TO LET HIM HAVE HIS OWN WAY.

                                         JOSH BILLINGS
 Job cpu time:       0 days  0 hours  0 minutes  1.1 seconds.
 File lengths (MBytes):  RWF=     84 Int=      0 D2E=      0 Chk=      2 Scr=      2
 Normal termination of Gaussian 09 at Fri Feb 17 14:56:47 2017.
