 Entering Gaussian System, Link 0=g09
 AtFile(1): H.gbs
            H     0
            S   10   1.00
               1000.000000000000            0.000068713567
                316.227766000000            0.000169141320
                100.000000000000            0.000823394812
                 31.622776600000            0.003425569236
                 10.000000000000            0.013951996000
                  3.162277660000            0.056909313560
                  1.000000000000            0.198286399900
                  0.316227766000            0.496922426700
                  0.100000000000            0.369846276400
                  0.031622776600            0.003752720039
            ****
 Initial command:
 /projects/guscus/apps/gau/g09-e1/g09/l1.exe "/users/lcj1/gaussian/h12/rhfstability/rect/guess/ag3bu3/Gau-25428.inp" -scrdir="/users/lcj1/gaussian/h12/rhfstability/rect/guess/ag3bu3/"
 Entering Link 1 = /projects/guscus/apps/gau/g09-e1/g09/l1.exe PID=     25439.
  
 Copyright (c) 1988,1990,1992,1993,1995,1998,2003,2009,2015,
            Gaussian, Inc.  All Rights Reserved.
  
 This is part of the Gaussian(R) 09 program.  It is based on
 the Gaussian(R) 03 system (copyright 2003, Gaussian, Inc.),
 the Gaussian(R) 98 system (copyright 1998, Gaussian, Inc.),
 the Gaussian(R) 94 system (copyright 1995, Gaussian, Inc.),
 the Gaussian 92(TM) system (copyright 1992, Gaussian, Inc.),
 the Gaussian 90(TM) system (copyright 1990, Gaussian, Inc.),
 the Gaussian 88(TM) system (copyright 1988, Gaussian, Inc.),
 the Gaussian 86(TM) system (copyright 1986, Carnegie Mellon
 University), and the Gaussian 82(TM) system (copyright 1983,
 Carnegie Mellon University). Gaussian is a federally registered
 trademark of Gaussian, Inc.
  
 This software contains proprietary and confidential information,
 including trade secrets, belonging to Gaussian, Inc.
  
 This software is provided under written license and may be
 used, copied, transmitted, or stored only in accord with that
 written license.
  
 The following legend is applicable only to US Government
 contracts under FAR:
  
                    RESTRICTED RIGHTS LEGEND
  
 Use, reproduction and disclosure by the US Government is
 subject to restrictions as set forth in subparagraphs (a)
 and (c) of the Commercial Computer Software - Restricted
 Rights clause in FAR 52.227-19.
  
 Gaussian, Inc.
 340 Quinnipiac St., Bldg. 40, Wallingford CT 06492
  
  
 ---------------------------------------------------------------
 Warning -- This program may not be used in any manner that
 competes with the business of Gaussian, Inc. or will provide
 assistance to any competitor of Gaussian, Inc.  The licensee
 of this program is prohibited from giving any competitor of
 Gaussian, Inc. access to this program.  By using this program,
 the user acknowledges that Gaussian, Inc. is engaged in the
 business of creating and licensing software in the field of
 computational chemistry and represents and warrants to the
 licensee that it is not a competitor of Gaussian, Inc. and that
 it will not use this program in any manner prohibited above.
 ---------------------------------------------------------------
  

 Cite this work as:
 Gaussian 09, Revision E.01,
 M. J. Frisch, G. W. Trucks, H. B. Schlegel, G. E. Scuseria, 
 M. A. Robb, J. R. Cheeseman, G. Scalmani, V. Barone, B. Mennucci, 
 G. A. Petersson, H. Nakatsuji, M. Caricato, X. Li, H. P. Hratchian, 
 A. F. Izmaylov, J. Bloino, G. Zheng, J. L. Sonnenberg, M. Hada, 
 M. Ehara, K. Toyota, R. Fukuda, J. Hasegawa, M. Ishida, T. Nakajima, 
 Y. Honda, O. Kitao, H. Nakai, T. Vreven, J. A. Montgomery, Jr., 
 J. E. Peralta, F. Ogliaro, M. Bearpark, J. J. Heyd, E. Brothers, 
 K. N. Kudin, V. N. Staroverov, T. Keith, R. Kobayashi, J. Normand, 
 K. Raghavachari, A. Rendell, J. C. Burant, S. S. Iyengar, J. Tomasi, 
 M. Cossi, N. Rega, J. M. Millam, M. Klene, J. E. Knox, J. B. Cross, 
 V. Bakken, C. Adamo, J. Jaramillo, R. Gomperts, R. E. Stratmann, 
 O. Yazyev, A. J. Austin, R. Cammi, C. Pomelli, J. W. Ochterski, 
 R. L. Martin, K. Morokuma, V. G. Zakrzewski, G. A. Voth, 
 P. Salvador, J. J. Dannenberg, S. Dapprich, A. D. Daniels, 
 O. Farkas, J. B. Foresman, J. V. Ortiz, J. Cioslowski, 
 and D. J. Fox, Gaussian, Inc., Wallingford CT, 2013.
 
 ******************************************
 Gaussian 09:  ES64L-G09RevE.01 30-Nov-2015
                17-Feb-2017 
 ******************************************
 %chk=h12.chk
 ----------------------------------------------------------------------
 #rhf/gen scf(symm,tight,novaracc,noincfock,fulldiag) stable(crhf) gues
 s=read geom=nocrowd test
 ----------------------------------------------------------------------
 1/38=1/1;
 2/12=1,17=6,18=5,40=1/2;
 3/5=7,16=1,25=1,30=1,116=1/1,2,3;
 4/5=1,9=4/1;
 5/5=100002,15=2,16=1,32=2,38=6/2;
 8/6=1,10=90,11=11/1,4;
 9/8=4,13=1/2;
 6/7=2,8=2,9=2,10=2,28=1/1;
 99/5=1,9=1/99;
 ----------------------------------------------------------------------
 hf stability analysis of h12 triangular lattice, y= 0.6929481720257152
 4
 ----------------------------------------------------------------------
 Symbolic Z-matrix:
 Charge =  0 Multiplicity = 1
 H
 H                    1     1.08368 
 H                    1     1.08368  2     100.5 
 H                    2     1.08368  1     79.5     3     0.       0
 H                    2     1.08368  1     180.     3     0.       0
 H                    4     1.08368  3     180.     5     0.       0
 H                    6     1.08368  5     180.     3     0.       0
 H                    4     1.08368  2     180.     3     0.       0
 H                    3     1.08368  1     180.     4     0.       0
 H                    9     1.08368  3     180.     4     0.       0
 H                    8     1.08368  4     180.     3     0.       0
 H                    7     1.08368  6     180.     3     0.       0
 
                          Input orientation:                          
 ---------------------------------------------------------------------
 Center     Atomic      Atomic             Coordinates (Angstroms)
 Number     Number       Type             X           Y           Z
 ---------------------------------------------------------------------
      1          1           0        0.000000    0.000000    0.000000
      2          1           0        0.000000    0.000000    1.083681
      3          1           0        1.065535    0.000000   -0.197485
      4          1           0        1.065535    0.000000    0.886196
      5          1           0        0.000000    0.000000    2.167363
      6          1           0        1.065535    0.000000    1.969878
      7          1           0        2.131070    0.000000    1.772392
      8          1           0        2.131070    0.000000    0.688711
      9          1           0        2.131070    0.000000   -0.394971
     10          1           0        3.196605    0.000000   -0.592456
     11          1           0        3.196605    0.000000    0.491226
     12          1           0        3.196605    0.000000    1.574907
 ---------------------------------------------------------------------
                    Distance matrix (angstroms):
                    1          2          3          4          5
     1  H    0.000000
     2  H    1.083681   0.000000
     3  H    1.083681   1.666359   0.000000
     4  H    1.385896   1.083681   1.083681   0.000000
     5  H    2.167363   1.083681   2.593814   1.666359   0.000000
     6  H    2.239594   1.385896   2.167363   1.083681   1.083681
     7  H    2.771793   2.239594   2.239594   1.385896   2.167363
     8  H    2.239594   2.167363   1.385896   1.083681   2.593814
     9  H    2.167363   2.593814   1.083681   1.666359   3.332718
    10  H    3.251044   3.609393   2.167363   2.593814   4.223137
    11  H    3.234129   3.251044   2.239594   2.167363   3.609393
    12  H    3.563512   3.234129   2.771793   2.239594   3.251044
                    6          7          8          9         10
     6  H    0.000000
     7  H    1.083681   0.000000
     8  H    1.666359   1.083681   0.000000
     9  H    2.593814   2.167363   1.083681   0.000000
    10  H    3.332718   2.593814   1.666359   1.083681   0.000000
    11  H    2.593814   1.666359   1.083681   1.385896   1.083681
    12  H    2.167363   1.083681   1.385896   2.239594   2.167363
                   11         12
    11  H    0.000000
    12  H    1.083681   0.000000
 Stoichiometry    H12
 Framework group  C2H[SGH(H12)]
 Deg. of freedom    11
 Full point group                 C2H     NOp   4
 Largest Abelian subgroup         C2H     NOp   4
 Largest concise Abelian subgroup C2      NOp   2
                         Standard orientation:                         
 ---------------------------------------------------------------------
 Center     Atomic      Atomic             Coordinates (Angstroms)
 Number     Number       Type             X           Y           Z
 ---------------------------------------------------------------------
      1          1           0        1.065535    1.428037   -0.000000
      2          1           0        0.000000    1.625522   -0.000000
      3          1           0        1.065535    0.344355    0.000000
      4          1           0        0.000000    0.541841   -0.000000
      5          1           0       -1.065535    1.823007   -0.000000
      6          1           0       -1.065535    0.739326   -0.000000
      7          1           0       -1.065535   -0.344355   -0.000000
      8          1           0       -0.000000   -0.541841   -0.000000
      9          1           0        1.065535   -0.739326   -0.000000
     10          1           0        1.065535   -1.823007   -0.000000
     11          1           0       -0.000000   -1.625522   -0.000000
     12          1           0       -1.065535   -1.428037   -0.000000
 ---------------------------------------------------------------------
 Rotational constants (GHZ):     57.1566685     27.4964877     18.5652574
 General basis read from cards:  (5D, 7F)
 There are     6 symmetry adapted cartesian basis functions of AG  symmetry.
 There are     0 symmetry adapted cartesian basis functions of BG  symmetry.
 There are     0 symmetry adapted cartesian basis functions of AU  symmetry.
 There are     6 symmetry adapted cartesian basis functions of BU  symmetry.
 There are     6 symmetry adapted basis functions of AG  symmetry.
 There are     0 symmetry adapted basis functions of BG  symmetry.
 There are     0 symmetry adapted basis functions of AU  symmetry.
 There are     6 symmetry adapted basis functions of BU  symmetry.
    12 basis functions,   120 primitive gaussians,    12 cartesian basis functions
     6 alpha electrons        6 beta electrons
       nuclear repulsion energy        20.1033520911 Hartrees.
 NAtoms=   12 NActive=   12 NUniq=    6 SFac= 4.00D+00 NAtFMM=   60 NAOKFM=F Big=F
 Integral buffers will be    131072 words long.
 Regular integral format.
 Two-electron integral symmetry is turned on.
 One-electron integrals computed using PRISM.
 NBasis=    12 RedAO= T EigKep=  1.16D-01  NBF=     6     0     0     6
 NBsUse=    12 1.00D-06 EigRej= -1.00D+00 NBFU=     6     0     0     6
 Initial guess from the checkpoint file:  "h12.chk"
 B after Tr=     0.000000    0.000000    0.000000
         Rot=    0.989319    0.000000    0.000000   -0.145765 Ang= -16.76 deg.
 Initial guess orbital symmetries:
       Occupied  (AG) (BU) (AG) (BU) (BU) (AG)
       Virtual   (BU) (AG) (BU) (AG) (AG) (BU)
 Keep R1 ints in memory in symmetry-blocked form, NReq=904036.
 Requested convergence on RMS density matrix=1.00D-08 within 128 cycles.
 Requested convergence on MAX density matrix=1.00D-06.
 Requested convergence on             energy=1.00D-06.
 No special actions if energy rises.
 SCF Done:  E(RHF) =  -5.73784630235     A.U. after   15 cycles
            NFock= 15  Conv=0.22D-08     -V/T= 1.8905
 Range of M.O.s used for correlation:     1    12
 NBasis=    12 NAE=     6 NBE=     6 NFC=     0 NFV=     0
 NROrb=     12 NOA=     6 NOB=     6 NVA=     6 NVB=     6
 Semi-Direct transformation.
 ModeAB=           4 MOrb=             6 LenV=     134084143
 LASXX=         2181 LTotXX=        2181 LenRXX=        5115
 LTotAB=        2934 MaxLAS=        3024 LenRXY=           0
 NonZer=        7296 LenScr=      655360 LnRSAI=        3024
 LnScr1=      655360 LExtra=           0 Total=      1318859
 MaxDsk=          -1 SrtSym=           T ITran=            3
 JobTyp=0 Pass  1:  I=   1 to   6.
 (rs|ai) integrals will be sorted in core.
 Spin components of T(2) and E(2):
     alpha-alpha T2 =       0.5065365730D-02 E2=     -0.7390604189D-02
     alpha-beta  T2 =       0.7292477053D-01 E2=     -0.1059574453D+00
     beta-beta   T2 =       0.5065365730D-02 E2=     -0.7390604189D-02
 ANorm=    0.1040699525D+01
 E2 =    -0.1207386537D+00 EUMP2 =    -0.58585849560688D+01
 Second order stability test of a single determinant RHF wave function:
 Stabil:  MDV=134217728
 ***********************************************************************
 Matrix         Lowest Root    Major Pairs
 ***********************************************************************
 Internal RHF    -0.0473879    6A=7A
 RRHF --> CRHF   -0.0838412    6A=7A
 RRHF --> RUHF   -0.159892     6A=7B
 Not stable.
 ***********************************************************************

 **********************************************************************

            Population analysis using the SCF density.

 **********************************************************************

 Orbital symmetries:
       Occupied  (AG) (BU) (BU) (AG) (AG) (BU)
       Virtual   (AG) (BU) (BU) (AG) (AG) (BU)
 The electronic state is 1-AG.
 Alpha  occ. eigenvalues --   -1.00604  -0.78972  -0.68795  -0.51589  -0.45790
 Alpha  occ. eigenvalues --   -0.21303
 Alpha virt. eigenvalues --   -0.01979   0.12003   0.22652   0.40656   0.56353
 Alpha virt. eigenvalues --    0.87304
          Condensed to atoms (all electrons):
               1          2          3          4          5          6
     1  H    1.029550   0.149665   0.088032   0.116889  -0.108133  -0.040822
     2  H    0.149665   0.695577  -0.007301  -0.165397   0.355967  -0.046353
     3  H    0.088032  -0.007301   0.702226  -0.002876   0.002802  -0.090372
     4  H    0.116889  -0.165397  -0.002876   1.105360  -0.262482   0.373820
     5  H   -0.108133   0.355967   0.002802  -0.262482   1.410994  -0.114778
     6  H   -0.040822  -0.046353  -0.090372   0.373820  -0.114778   0.890097
     7  H    0.007176  -0.051234  -0.039712   0.181650  -0.099004   0.172212
     8  H   -0.103612  -0.039280   0.181650  -0.180506   0.050866  -0.105480
     9  H   -0.109113  -0.004763   0.172212  -0.105480   0.021750  -0.017921
    10  H    0.013982  -0.001007  -0.099004   0.050866  -0.005742   0.021750
    11  H    0.013547   0.010264  -0.051234  -0.039280  -0.001007  -0.004763
    12  H    0.007108   0.013547   0.007176  -0.103612   0.013982  -0.109113
               7          8          9         10         11         12
     1  H    0.007176  -0.103612  -0.109113   0.013982   0.013547   0.007108
     2  H   -0.051234  -0.039280  -0.004763  -0.001007   0.010264   0.013547
     3  H   -0.039712   0.181650   0.172212  -0.099004  -0.051234   0.007176
     4  H    0.181650  -0.180506  -0.105480   0.050866  -0.039280  -0.103612
     5  H   -0.099004   0.050866   0.021750  -0.005742  -0.001007   0.013982
     6  H    0.172212  -0.105480  -0.017921   0.021750  -0.004763  -0.109113
     7  H    0.702226  -0.002876  -0.090372   0.002802  -0.007301   0.088032
     8  H   -0.002876   1.105360   0.373820  -0.262482  -0.165397   0.116889
     9  H   -0.090372   0.373820   0.890097  -0.114778  -0.046353  -0.040822
    10  H    0.002802  -0.262482  -0.114778   1.410994   0.355967  -0.108133
    11  H   -0.007301  -0.165397  -0.046353   0.355967   0.695577   0.149665
    12  H    0.088032   0.116889  -0.040822  -0.108133   0.149665   1.029550
 Mulliken charges:
               1
     1  H   -0.064270
     2  H    0.090315
     3  H    0.136400
     4  H    0.031048
     5  H   -0.265216
     6  H    0.071723
     7  H    0.136400
     8  H    0.031048
     9  H    0.071723
    10  H   -0.265216
    11  H    0.090315
    12  H   -0.064270
 Sum of Mulliken charges =  -0.00000
 Mulliken charges with hydrogens summed into heavy atoms:
               1
 Electronic spatial extent (au):  <R**2>=            141.7728
 Charge=              0.0000 electrons
 Dipole moment (field-independent basis, Debye):
    X=             -0.0000    Y=             -0.0000    Z=              0.0000  Tot=              0.0000
 Quadrupole moment (field-independent basis, Debye-Ang):
   XX=            -17.7085   YY=            -28.1135   ZZ=            -15.1307
   XY=              4.7898   XZ=              0.0000   YZ=             -0.0000
 Traceless Quadrupole moment (field-independent basis, Debye-Ang):
   XX=              2.6090   YY=             -7.7959   ZZ=              5.1869
   XY=              4.7898   XZ=              0.0000   YZ=             -0.0000
 Octapole moment (field-independent basis, Debye-Ang**2):
  XXX=             -0.0000  YYY=              0.0000  ZZZ=              0.0000  XYY=              0.0000
  XXY=              0.0000  XXZ=              0.0000  XZZ=              0.0000  YZZ=              0.0000
  YYZ=              0.0000  XYZ=             -0.0000
 Hexadecapole moment (field-independent basis, Debye-Ang**3):
 XXXX=            -94.4991 YYYY=           -239.5291 ZZZZ=            -17.8595 XXXY=             13.9412
 XXXZ=             -0.0000 YYYX=             32.9540 YYYZ=             -0.0000 ZZZX=             -0.0000
 ZZZY=             -0.0000 XXYY=            -61.7133 XXZZ=            -18.5525 YYZZ=            -33.2009
 XXYZ=             -0.0000 YYXZ=             -0.0000 ZZXY=              3.3016
 N-N= 2.010335209111D+01 E-N=-5.078504579136D+01  KE= 6.443733053696D+00
 Symmetry AG   KE= 2.946196892860D+00
 Symmetry BG   KE= 0.000000000000D+00
 Symmetry AU   KE= 0.000000000000D+00
 Symmetry BU   KE= 3.497536160836D+00

 Test job not archived.
 1\1\GINC-SULU\Stability\RHF\Gen\H12\LCJ1\17-Feb-2017\0\\#rhf/gen scf(s
 ymm,tight,novaracc,noincfock,fulldiag) stable(crhf) guess=read geom=no
 crowd test\\hf stability analysis of h12 triangular lattice, y= 0.6929
 4817202571524\\0,1\H\H,1,1.0836814048\H,1,1.0836814048,2,100.5\H,2,1.0
 836814048,1,79.5,3,0.,0\H,2,1.0836814048,1,180.,3,0.,0\H,4,1.083681404
 8,3,180.,5,0.,0\H,6,1.0836814048,5,180.,3,0.,0\H,4,1.0836814048,2,180.
 ,3,0.,0\H,3,1.0836814048,1,180.,4,0.,0\H,9,1.0836814048,3,180.,4,0.,0\
 H,8,1.0836814048,4,180.,3,0.,0\H,7,1.0836814048,6,180.,3,0.,0\\Version
 =ES64L-G09RevE.01\State=1-AG\HF=-5.7378463\MP2=-5.858585\RMSD=2.165e-0
 9\Dipole=0.,0.,0.\Quadrupole=-4.2629565,3.8563085,0.406648,0.,4.710729
 5,0.\PG=C02H [SGH(H12)]\\@


 THERE'S SMALL CHOICE IN A BOWL OF ROTTEN APPLES.
                     SHAKESPEARE
 Job cpu time:       0 days  0 hours  0 minutes  1.1 seconds.
 File lengths (MBytes):  RWF=     84 Int=      0 D2E=      0 Chk=      2 Scr=      2
 Normal termination of Gaussian 09 at Fri Feb 17 15:00:32 2017.
