 Entering Gaussian System, Link 0=g09
 AtFile(1): H.gbs
            H     0
            S   10   1.00
               1000.000000000000            0.000068713567
                316.227766000000            0.000169141320
                100.000000000000            0.000823394812
                 31.622776600000            0.003425569236
                 10.000000000000            0.013951996000
                  3.162277660000            0.056909313560
                  1.000000000000            0.198286399900
                  0.316227766000            0.496922426700
                  0.100000000000            0.369846276400
                  0.031622776600            0.003752720039
            ****
 Initial command:
 /projects/guscus/apps/gau/g09-e1/g09/l1.exe "/users/lcj1/gaussian/h12/rhfstability/rect/guess/ag3bu3/Gau-21891.inp" -scrdir="/users/lcj1/gaussian/h12/rhfstability/rect/guess/ag3bu3/"
 Entering Link 1 = /projects/guscus/apps/gau/g09-e1/g09/l1.exe PID=     21892.
  
 Copyright (c) 1988,1990,1992,1993,1995,1998,2003,2009,2015,
            Gaussian, Inc.  All Rights Reserved.
  
 This is part of the Gaussian(R) 09 program.  It is based on
 the Gaussian(R) 03 system (copyright 2003, Gaussian, Inc.),
 the Gaussian(R) 98 system (copyright 1998, Gaussian, Inc.),
 the Gaussian(R) 94 system (copyright 1995, Gaussian, Inc.),
 the Gaussian 92(TM) system (copyright 1992, Gaussian, Inc.),
 the Gaussian 90(TM) system (copyright 1990, Gaussian, Inc.),
 the Gaussian 88(TM) system (copyright 1988, Gaussian, Inc.),
 the Gaussian 86(TM) system (copyright 1986, Carnegie Mellon
 University), and the Gaussian 82(TM) system (copyright 1983,
 Carnegie Mellon University). Gaussian is a federally registered
 trademark of Gaussian, Inc.
  
 This software contains proprietary and confidential information,
 including trade secrets, belonging to Gaussian, Inc.
  
 This software is provided under written license and may be
 used, copied, transmitted, or stored only in accord with that
 written license.
  
 The following legend is applicable only to US Government
 contracts under FAR:
  
                    RESTRICTED RIGHTS LEGEND
  
 Use, reproduction and disclosure by the US Government is
 subject to restrictions as set forth in subparagraphs (a)
 and (c) of the Commercial Computer Software - Restricted
 Rights clause in FAR 52.227-19.
  
 Gaussian, Inc.
 340 Quinnipiac St., Bldg. 40, Wallingford CT 06492
  
  
 ---------------------------------------------------------------
 Warning -- This program may not be used in any manner that
 competes with the business of Gaussian, Inc. or will provide
 assistance to any competitor of Gaussian, Inc.  The licensee
 of this program is prohibited from giving any competitor of
 Gaussian, Inc. access to this program.  By using this program,
 the user acknowledges that Gaussian, Inc. is engaged in the
 business of creating and licensing software in the field of
 computational chemistry and represents and warrants to the
 licensee that it is not a competitor of Gaussian, Inc. and that
 it will not use this program in any manner prohibited above.
 ---------------------------------------------------------------
  

 Cite this work as:
 Gaussian 09, Revision E.01,
 M. J. Frisch, G. W. Trucks, H. B. Schlegel, G. E. Scuseria, 
 M. A. Robb, J. R. Cheeseman, G. Scalmani, V. Barone, B. Mennucci, 
 G. A. Petersson, H. Nakatsuji, M. Caricato, X. Li, H. P. Hratchian, 
 A. F. Izmaylov, J. Bloino, G. Zheng, J. L. Sonnenberg, M. Hada, 
 M. Ehara, K. Toyota, R. Fukuda, J. Hasegawa, M. Ishida, T. Nakajima, 
 Y. Honda, O. Kitao, H. Nakai, T. Vreven, J. A. Montgomery, Jr., 
 J. E. Peralta, F. Ogliaro, M. Bearpark, J. J. Heyd, E. Brothers, 
 K. N. Kudin, V. N. Staroverov, T. Keith, R. Kobayashi, J. Normand, 
 K. Raghavachari, A. Rendell, J. C. Burant, S. S. Iyengar, J. Tomasi, 
 M. Cossi, N. Rega, J. M. Millam, M. Klene, J. E. Knox, J. B. Cross, 
 V. Bakken, C. Adamo, J. Jaramillo, R. Gomperts, R. E. Stratmann, 
 O. Yazyev, A. J. Austin, R. Cammi, C. Pomelli, J. W. Ochterski, 
 R. L. Martin, K. Morokuma, V. G. Zakrzewski, G. A. Voth, 
 P. Salvador, J. J. Dannenberg, S. Dapprich, A. D. Daniels, 
 O. Farkas, J. B. Foresman, J. V. Ortiz, J. Cioslowski, 
 and D. J. Fox, Gaussian, Inc., Wallingford CT, 2013.
 
 ******************************************
 Gaussian 09:  ES64L-G09RevE.01 30-Nov-2015
                17-Feb-2017 
 ******************************************
 %chk=h12.chk
 ----------------------------------------------------------------------
 #rhf/gen scf(symm,tight,novaracc,noincfock,fulldiag) stable(crhf) gues
 s=read geom=nocrowd test
 ----------------------------------------------------------------------
 1/38=1/1;
 2/12=1,17=6,18=5,40=1/2;
 3/5=7,16=1,25=1,30=1,116=1/1,2,3;
 4/5=1,9=4/1;
 5/5=100002,15=2,16=1,32=2,38=6/2;
 8/6=1,10=90,11=11/1,4;
 9/8=4,13=1/2;
 6/7=2,8=2,9=2,10=2,28=1/1;
 99/5=1,9=1/99;
 ----------------------------------------------------------------------
 hf stability analysis of h12 triangular lattice, y= 0.6093965744756328
 9
 ----------------------------------------------------------------------
 Symbolic Z-matrix:
 Charge =  0 Multiplicity = 1
 H
 H                    1     1.12648 
 H                    1     1.12648  2     114.5 
 H                    2     1.12648  1     65.5     3     0.       0
 H                    2     1.12648  1     180.     3     0.       0
 H                    4     1.12648  3     180.     5     0.       0
 H                    6     1.12648  5     180.     3     0.       0
 H                    4     1.12648  2     180.     3     0.       0
 H                    3     1.12648  1     180.     4     0.       0
 H                    9     1.12648  3     180.     4     0.       0
 H                    8     1.12648  4     180.     3     0.       0
 H                    7     1.12648  6     180.     3     0.       0
 
                          Input orientation:                          
 ---------------------------------------------------------------------
 Center     Atomic      Atomic             Coordinates (Angstroms)
 Number     Number       Type             X           Y           Z
 ---------------------------------------------------------------------
      1          1           0        0.000000    0.000000    0.000000
      2          1           0        0.000000    0.000000    1.126479
      3          1           0        1.025053    0.000000   -0.467143
      4          1           0        1.025053    0.000000    0.659336
      5          1           0        0.000000    0.000000    2.252959
      6          1           0        1.025053    0.000000    1.785815
      7          1           0        2.050105    0.000000    1.318672
      8          1           0        2.050105    0.000000    0.192193
      9          1           0        2.050105    0.000000   -0.934287
     10          1           0        3.075158    0.000000   -1.401430
     11          1           0        3.075158    0.000000   -0.274951
     12          1           0        3.075158    0.000000    0.851529
 ---------------------------------------------------------------------
                    Distance matrix (angstroms):
                    1          2          3          4          5
     1  H    0.000000
     2  H    1.126479   0.000000
     3  H    1.126479   1.894826   0.000000
     4  H    1.218793   1.126479   1.126479   0.000000
     5  H    2.252959   1.126479   2.906835   1.894826   0.000000
     6  H    2.059094   1.218793   2.252959   1.126479   1.126479
     7  H    2.437586   2.059094   2.059094   1.218793   2.252959
     8  H    2.059094   2.252959   1.218793   1.126479   2.906835
     9  H    2.252959   2.906835   1.126479   1.894826   3.789652
    10  H    3.379438   3.980819   2.252959   2.906835   4.776102
    11  H    3.087425   3.379438   2.059094   2.252959   3.980819
    12  H    3.190877   3.087425   2.437586   2.059094   3.379438
                    6          7          8          9         10
     6  H    0.000000
     7  H    1.126479   0.000000
     8  H    1.894826   1.126479   0.000000
     9  H    2.906835   2.252959   1.126479   0.000000
    10  H    3.789652   2.906835   1.894826   1.126479   0.000000
    11  H    2.906835   1.894826   1.126479   1.218793   1.126479
    12  H    2.252959   1.126479   1.218793   2.059094   2.252959
                   11         12
    11  H    0.000000
    12  H    1.126479   0.000000
 Stoichiometry    H12
 Framework group  C2H[SGH(H12)]
 Deg. of freedom    11
 Full point group                 C2H     NOp   4
 Largest Abelian subgroup         C2H     NOp   4
 Largest concise Abelian subgroup C2      NOp   2
                         Standard orientation:                         
 ---------------------------------------------------------------------
 Center     Atomic      Atomic             Coordinates (Angstroms)
 Number     Number       Type             X           Y           Z
 ---------------------------------------------------------------------
      1          1           0        1.025053    1.222576    0.000000
      2          1           0        0.000000    1.689719    0.000000
      3          1           0        1.025053    0.096096    0.000000
      4          1           0        0.000000    0.563240    0.000000
      5          1           0       -1.025053    2.156862    0.000000
      6          1           0       -1.025053    1.030383    0.000000
      7          1           0       -1.025053   -0.096096   -0.000000
      8          1           0       -0.000000   -0.563240    0.000000
      9          1           0        1.025053   -1.030383    0.000000
     10          1           0        1.025053   -2.156862    0.000000
     11          1           0       -0.000000   -1.689719    0.000000
     12          1           0       -1.025053   -1.222576    0.000000
 ---------------------------------------------------------------------
 Rotational constants (GHZ):     68.5427538     22.9288666     17.1813689
 General basis read from cards:  (5D, 7F)
 There are     6 symmetry adapted cartesian basis functions of AG  symmetry.
 There are     0 symmetry adapted cartesian basis functions of BG  symmetry.
 There are     0 symmetry adapted cartesian basis functions of AU  symmetry.
 There are     6 symmetry adapted cartesian basis functions of BU  symmetry.
 There are     6 symmetry adapted basis functions of AG  symmetry.
 There are     0 symmetry adapted basis functions of BG  symmetry.
 There are     0 symmetry adapted basis functions of AU  symmetry.
 There are     6 symmetry adapted basis functions of BU  symmetry.
    12 basis functions,   120 primitive gaussians,    12 cartesian basis functions
     6 alpha electrons        6 beta electrons
       nuclear repulsion energy        19.7573026847 Hartrees.
 NAtoms=   12 NActive=   12 NUniq=    6 SFac= 4.00D+00 NAtFMM=   60 NAOKFM=F Big=F
 Integral buffers will be    131072 words long.
 Regular integral format.
 Two-electron integral symmetry is turned on.
 One-electron integrals computed using PRISM.
 NBasis=    12 RedAO= T EigKep=  1.56D-01  NBF=     6     0     0     6
 NBsUse=    12 1.00D-06 EigRej= -1.00D+00 NBFU=     6     0     0     6
 Initial guess from the checkpoint file:  "h12.chk"
 B after Tr=     0.000000    0.000000    0.000000
         Rot=    0.994351    0.000000   -0.000000   -0.106140 Ang= -12.19 deg.
 Initial guess orbital symmetries:
       Occupied  (AG) (BU) (AG) (BU) (BU) (AG)
       Virtual   (BU) (AG) (BU) (AG) (AG) (BU)
 Keep R1 ints in memory in symmetry-blocked form, NReq=903994.
 Requested convergence on RMS density matrix=1.00D-08 within 128 cycles.
 Requested convergence on MAX density matrix=1.00D-06.
 Requested convergence on             energy=1.00D-06.
 No special actions if energy rises.
 SCF Done:  E(RHF) =  -5.88037814851     A.U. after   14 cycles
            NFock= 14  Conv=0.39D-08     -V/T= 1.9411
 Range of M.O.s used for correlation:     1    12
 NBasis=    12 NAE=     6 NBE=     6 NFC=     0 NFV=     0
 NROrb=     12 NOA=     6 NOB=     6 NVA=     6 NVB=     6
 Semi-Direct transformation.
 ModeAB=           4 MOrb=             6 LenV=     134084283
 LASXX=         2181 LTotXX=        2181 LenRXX=        5115
 LTotAB=        2934 MaxLAS=        3024 LenRXY=           0
 NonZer=        7296 LenScr=      655360 LnRSAI=        3024
 LnScr1=      655360 LExtra=           0 Total=      1318859
 MaxDsk=          -1 SrtSym=           T ITran=            3
 JobTyp=0 Pass  1:  I=   1 to   6.
 (rs|ai) integrals will be sorted in core.
 Spin components of T(2) and E(2):
     alpha-alpha T2 =       0.4818255952D-02 E2=     -0.7222101225D-02
     alpha-beta  T2 =       0.6439402536D-01 E2=     -0.1000090003D+00
     beta-beta   T2 =       0.4818255952D-02 E2=     -0.7222101225D-02
 ANorm=    0.1036354446D+01
 E2 =    -0.1144532028D+00 EUMP2 =    -0.59948313512859D+01
 Second order stability test of a single determinant RHF wave function:
 Stabil:  MDV=134217728
 ***********************************************************************
 Matrix         Lowest Root    Major Pairs
 ***********************************************************************
 Internal RHF     0.1008993    Stable
 RRHF --> CRHF    0.061761     Stable
 RRHF --> RUHF   -0.0202806    6A=7B
 Not stable.
 ***********************************************************************

 **********************************************************************

            Population analysis using the SCF density.

 **********************************************************************

 Orbital symmetries:
       Occupied  (AG) (BU) (BU) (AG) (AG) (BU)
       Virtual   (AG) (BU) (AG) (BU) (AG) (BU)
 The electronic state is 1-AG.
 Alpha  occ. eigenvalues --   -0.98820  -0.79288  -0.65346  -0.54826  -0.41230
 Alpha  occ. eigenvalues --   -0.28024
 Alpha virt. eigenvalues --    0.04773   0.18517   0.28545   0.30369   0.57820
 Alpha virt. eigenvalues --    0.64020
          Condensed to atoms (all electrons):
               1          2          3          4          5          6
     1  H    1.033991   0.237131  -0.048496   0.171714  -0.074761  -0.101082
     2  H    0.237131   0.678626  -0.028064  -0.102002   0.240764  -0.022355
     3  H   -0.048496  -0.028064   0.818294  -0.043652   0.015565  -0.045362
     4  H    0.171714  -0.102002  -0.043652   1.089670  -0.198537   0.156231
     5  H   -0.074761   0.240764   0.015565  -0.198537   1.166360   0.092602
     6  H   -0.101082  -0.022355  -0.045362   0.156231   0.092602   0.767743
     7  H   -0.024617  -0.080626  -0.077612   0.299308  -0.087482   0.206440
     8  H   -0.094277  -0.035031   0.299308  -0.221478   0.031630  -0.053069
     9  H   -0.078621  -0.009960   0.206440  -0.053069   0.006199   0.013401
    10  H    0.006902  -0.000171  -0.087482   0.031630  -0.001947   0.006199
    11  H    0.016892   0.010522  -0.080626  -0.035031  -0.000171  -0.009960
    12  H    0.016010   0.016892  -0.024617  -0.094277   0.006902  -0.078621
               7          8          9         10         11         12
     1  H   -0.024617  -0.094277  -0.078621   0.006902   0.016892   0.016010
     2  H   -0.080626  -0.035031  -0.009960  -0.000171   0.010522   0.016892
     3  H   -0.077612   0.299308   0.206440  -0.087482  -0.080626  -0.024617
     4  H    0.299308  -0.221478  -0.053069   0.031630  -0.035031  -0.094277
     5  H   -0.087482   0.031630   0.006199  -0.001947  -0.000171   0.006902
     6  H    0.206440  -0.053069   0.013401   0.006199  -0.009960  -0.078621
     7  H    0.818294  -0.043652  -0.045362   0.015565  -0.028064  -0.048496
     8  H   -0.043652   1.089670   0.156231  -0.198537  -0.102002   0.171714
     9  H   -0.045362   0.156231   0.767743   0.092602  -0.022355  -0.101082
    10  H    0.015565  -0.198537   0.092602   1.166360   0.240764  -0.074761
    11  H   -0.028064  -0.102002  -0.022355   0.240764   0.678626   0.237131
    12  H   -0.048496   0.171714  -0.101082  -0.074761   0.237131   1.033991
 Mulliken charges:
               1
     1  H   -0.060786
     2  H    0.094275
     3  H    0.096305
     4  H   -0.000506
     5  H   -0.197123
     6  H    0.067834
     7  H    0.096305
     8  H   -0.000506
     9  H    0.067834
    10  H   -0.197123
    11  H    0.094275
    12  H   -0.060786
 Sum of Mulliken charges =  -0.00000
 Mulliken charges with hydrogens summed into heavy atoms:
               1
 Electronic spatial extent (au):  <R**2>=            148.9554
 Charge=             -0.0000 electrons
 Dipole moment (field-independent basis, Debye):
    X=             -0.0000    Y=             -0.0000    Z=             -0.0000  Tot=              0.0000
 Quadrupole moment (field-independent basis, Debye-Ang):
   XX=            -17.7319   YY=            -27.1612   ZZ=            -15.2707
   XY=              3.5023   XZ=             -0.0000   YZ=              0.0000
 Traceless Quadrupole moment (field-independent basis, Debye-Ang):
   XX=              2.3227   YY=             -7.1066   ZZ=              4.7839
   XY=              3.5023   XZ=             -0.0000   YZ=              0.0000
 Octapole moment (field-independent basis, Debye-Ang**2):
  XXX=              0.0000  YYY=             -0.0000  ZZZ=             -0.0000  XYY=              0.0000
  XXY=             -0.0000  XXZ=             -0.0000  XZZ=             -0.0000  YZZ=             -0.0000
  YYZ=             -0.0000  XYZ=              0.0000
 Hexadecapole moment (field-independent basis, Debye-Ang**3):
 XXXX=            -90.4411 YYYY=           -268.7648 ZZZZ=            -18.1175 XXXY=             22.4730
 XXXZ=             -0.0000 YYYX=             40.1676 YYYZ=              0.0000 ZZZX=             -0.0000
 ZZZY=              0.0000 XXYY=            -62.9685 XXZZ=            -17.9063 YYZZ=            -37.0776
 XXYZ=              0.0000 YYXZ=             -0.0000 ZZXY=              6.0131
 N-N= 1.975730268475D+01 E-N=-5.017290030005D+01  KE= 6.248199568133D+00
 Symmetry AG   KE= 2.943170372158D+00
 Symmetry BG   KE= 0.000000000000D+00
 Symmetry AU   KE= 0.000000000000D+00
 Symmetry BU   KE= 3.305029195974D+00

 Test job not archived.
 1\1\GINC-SULU\Stability\RHF\Gen\H12\LCJ1\17-Feb-2017\0\\#rhf/gen scf(s
 ymm,tight,novaracc,noincfock,fulldiag) stable(crhf) guess=read geom=no
 crowd test\\hf stability analysis of h12 triangular lattice, y= 0.6093
 9657447563289\\0,1\H\H,1,1.1264793288\H,1,1.1264793288,2,114.5\H,2,1.1
 264793288,1,65.5,3,0.,0\H,2,1.1264793288,1,180.,3,0.,0\H,4,1.126479328
 8,3,180.,5,0.,0\H,6,1.1264793288,5,180.,3,0.,0\H,4,1.1264793288,2,180.
 ,3,0.,0\H,3,1.1264793288,1,180.,4,0.,0\H,9,1.1264793288,3,180.,4,0.,0\
 H,8,1.1264793288,4,180.,3,0.,0\H,7,1.1264793288,6,180.,3,0.,0\\Version
 =ES64L-G09RevE.01\State=1-AG\HF=-5.8803781\MP2=-5.9948314\RMSD=3.941e-
 09\Dipole=0.,0.,0.\Quadrupole=-2.1128587,3.5566979,-1.4438392,0.,4.353
 7247,0.\PG=C02H [SGH(H12)]\\@


 MAN IS A SINGULAR CREATURE.  HE HAS A SET OF GIFTS
 WHICH MAKE HIM UNIQUE AMONG THE ANIMALS: SO THAT, 
 UNLIKE THEM, HE IS NOT A FIGURE IN THE LANDSCAPE --
 HE IS A SHAPER OF THE LANDSCAPE.

                       -- JACOB BRONOWSKI
 Job cpu time:       0 days  0 hours  0 minutes  1.1 seconds.
 File lengths (MBytes):  RWF=     84 Int=      0 D2E=      0 Chk=      2 Scr=      2
 Normal termination of Gaussian 09 at Fri Feb 17 14:58:58 2017.
