 Entering Gaussian System, Link 0=g09
 AtFile(1): H.gbs
            H     0
            S   10   1.00
               1000.000000000000            0.000068713567
                316.227766000000            0.000169141320
                100.000000000000            0.000823394812
                 31.622776600000            0.003425569236
                 10.000000000000            0.013951996000
                  3.162277660000            0.056909313560
                  1.000000000000            0.198286399900
                  0.316227766000            0.496922426700
                  0.100000000000            0.369846276400
                  0.031622776600            0.003752720039
            ****
 Initial command:
 /projects/guscus/apps/gau/g09-e1/g09/l1.exe "/users/lcj1/gaussian/h12/rhfstability/rect/guess/ag3bu3/Gau-28218.inp" -scrdir="/users/lcj1/gaussian/h12/rhfstability/rect/guess/ag3bu3/"
 Entering Link 1 = /projects/guscus/apps/gau/g09-e1/g09/l1.exe PID=     28219.
  
 Copyright (c) 1988,1990,1992,1993,1995,1998,2003,2009,2015,
            Gaussian, Inc.  All Rights Reserved.
  
 This is part of the Gaussian(R) 09 program.  It is based on
 the Gaussian(R) 03 system (copyright 2003, Gaussian, Inc.),
 the Gaussian(R) 98 system (copyright 1998, Gaussian, Inc.),
 the Gaussian(R) 94 system (copyright 1995, Gaussian, Inc.),
 the Gaussian 92(TM) system (copyright 1992, Gaussian, Inc.),
 the Gaussian 90(TM) system (copyright 1990, Gaussian, Inc.),
 the Gaussian 88(TM) system (copyright 1988, Gaussian, Inc.),
 the Gaussian 86(TM) system (copyright 1986, Carnegie Mellon
 University), and the Gaussian 82(TM) system (copyright 1983,
 Carnegie Mellon University). Gaussian is a federally registered
 trademark of Gaussian, Inc.
  
 This software contains proprietary and confidential information,
 including trade secrets, belonging to Gaussian, Inc.
  
 This software is provided under written license and may be
 used, copied, transmitted, or stored only in accord with that
 written license.
  
 The following legend is applicable only to US Government
 contracts under FAR:
  
                    RESTRICTED RIGHTS LEGEND
  
 Use, reproduction and disclosure by the US Government is
 subject to restrictions as set forth in subparagraphs (a)
 and (c) of the Commercial Computer Software - Restricted
 Rights clause in FAR 52.227-19.
  
 Gaussian, Inc.
 340 Quinnipiac St., Bldg. 40, Wallingford CT 06492
  
  
 ---------------------------------------------------------------
 Warning -- This program may not be used in any manner that
 competes with the business of Gaussian, Inc. or will provide
 assistance to any competitor of Gaussian, Inc.  The licensee
 of this program is prohibited from giving any competitor of
 Gaussian, Inc. access to this program.  By using this program,
 the user acknowledges that Gaussian, Inc. is engaged in the
 business of creating and licensing software in the field of
 computational chemistry and represents and warrants to the
 licensee that it is not a competitor of Gaussian, Inc. and that
 it will not use this program in any manner prohibited above.
 ---------------------------------------------------------------
  

 Cite this work as:
 Gaussian 09, Revision E.01,
 M. J. Frisch, G. W. Trucks, H. B. Schlegel, G. E. Scuseria, 
 M. A. Robb, J. R. Cheeseman, G. Scalmani, V. Barone, B. Mennucci, 
 G. A. Petersson, H. Nakatsuji, M. Caricato, X. Li, H. P. Hratchian, 
 A. F. Izmaylov, J. Bloino, G. Zheng, J. L. Sonnenberg, M. Hada, 
 M. Ehara, K. Toyota, R. Fukuda, J. Hasegawa, M. Ishida, T. Nakajima, 
 Y. Honda, O. Kitao, H. Nakai, T. Vreven, J. A. Montgomery, Jr., 
 J. E. Peralta, F. Ogliaro, M. Bearpark, J. J. Heyd, E. Brothers, 
 K. N. Kudin, V. N. Staroverov, T. Keith, R. Kobayashi, J. Normand, 
 K. Raghavachari, A. Rendell, J. C. Burant, S. S. Iyengar, J. Tomasi, 
 M. Cossi, N. Rega, J. M. Millam, M. Klene, J. E. Knox, J. B. Cross, 
 V. Bakken, C. Adamo, J. Jaramillo, R. Gomperts, R. E. Stratmann, 
 O. Yazyev, A. J. Austin, R. Cammi, C. Pomelli, J. W. Ochterski, 
 R. L. Martin, K. Morokuma, V. G. Zakrzewski, G. A. Voth, 
 P. Salvador, J. J. Dannenberg, S. Dapprich, A. D. Daniels, 
 O. Farkas, J. B. Foresman, J. V. Ortiz, J. Cioslowski, 
 and D. J. Fox, Gaussian, Inc., Wallingford CT, 2013.
 
 ******************************************
 Gaussian 09:  ES64L-G09RevE.01 30-Nov-2015
                17-Feb-2017 
 ******************************************
 %chk=h12.chk
 ----------------------------------------------------------------------
 #rhf/gen scf(symm,tight,novaracc,noincfock,fulldiag) stable(crhf) gues
 s=read geom=nocrowd test
 ----------------------------------------------------------------------
 1/38=1/1;
 2/12=1,17=6,18=5,40=1/2;
 3/5=7,16=1,25=1,30=1,116=1/1,2,3;
 4/5=1,9=4/1;
 5/5=100002,15=2,16=1,32=2,38=6/2;
 8/6=1,10=90,11=11/1,4;
 9/8=4,13=1/2;
 6/7=2,8=2,9=2,10=2,28=1/1;
 99/5=1,9=1/99;
 ----------------------------------------------------------------------
 hf stability analysis of h12 triangular lattice, y= 0.7664958762004193
 7
 ----------------------------------------------------------------------
 Symbolic Z-matrix:
 Charge =  0 Multiplicity = 1
 H
 H                    1     1.07465 
 H                    1     1.07465  2     89. 
 H                    2     1.07465  1     91.      3     0.       0
 H                    2     1.07465  1     180.     3     0.       0
 H                    4     1.07465  3     180.     5     0.       0
 H                    6     1.07465  5     180.     3     0.       0
 H                    4     1.07465  2     180.     3     0.       0
 H                    3     1.07465  1     180.     4     0.       0
 H                    9     1.07465  3     180.     4     0.       0
 H                    8     1.07465  4     180.     3     0.       0
 H                    7     1.07465  6     180.     3     0.       0
 
                          Input orientation:                          
 ---------------------------------------------------------------------
 Center     Atomic      Atomic             Coordinates (Angstroms)
 Number     Number       Type             X           Y           Z
 ---------------------------------------------------------------------
      1          1           0        0.000000    0.000000    0.000000
      2          1           0        0.000000    0.000000    1.074652
      3          1           0        1.074488    0.000000    0.018755
      4          1           0        1.074488    0.000000    1.093407
      5          1           0        0.000000    0.000000    2.149304
      6          1           0        1.074488    0.000000    2.168059
      7          1           0        2.148976    0.000000    2.186814
      8          1           0        2.148976    0.000000    1.112162
      9          1           0        2.148976    0.000000    0.037511
     10          1           0        3.223464    0.000000    0.056266
     11          1           0        3.223464    0.000000    1.130918
     12          1           0        3.223464    0.000000    2.205569
 ---------------------------------------------------------------------
                    Distance matrix (angstroms):
                    1          2          3          4          5
     1  H    0.000000
     2  H    1.074652   0.000000
     3  H    1.074652   1.506467   0.000000
     4  H    1.532992   1.074652   1.074652   0.000000
     5  H    2.149304   1.074652   2.386160   1.506467   0.000000
     6  H    2.419711   1.532992   2.149304   1.074652   1.074652
     7  H    3.065983   2.419711   2.419711   1.532992   2.149304
     8  H    2.419711   2.149304   1.532992   1.074652   2.386160
     9  H    2.149304   2.386160   1.074652   1.506467   3.012934
    10  H    3.223955   3.380508   2.149304   2.386160   3.843375
    11  H    3.416094   3.223955   2.419711   2.149304   3.380508
    12  H    3.905798   3.416094   3.065983   2.419711   3.223955
                    6          7          8          9         10
     6  H    0.000000
     7  H    1.074652   0.000000
     8  H    1.506467   1.074652   0.000000
     9  H    2.386160   2.149304   1.074652   0.000000
    10  H    3.012934   2.386160   1.506467   1.074652   0.000000
    11  H    2.386160   1.506467   1.074652   1.532992   1.074652
    12  H    2.149304   1.074652   1.532992   2.419711   2.149304
                   11         12
    11  H    0.000000
    12  H    1.074652   0.000000
 Stoichiometry    H12
 Framework group  C2H[SGH(H12)]
 Deg. of freedom    11
 Full point group                 C2H     NOp   4
 Largest Abelian subgroup         C2H     NOp   4
 Largest concise Abelian subgroup C2      NOp   2
                         Standard orientation:                         
 ---------------------------------------------------------------------
 Center     Atomic      Atomic             Coordinates (Angstroms)
 Number     Number       Type             X           Y           Z
 ---------------------------------------------------------------------
      1          1           0        1.074488    1.630733   -0.000000
      2          1           0        0.000000    1.611978   -0.000000
      3          1           0        1.074488    0.556081   -0.000000
      4          1           0        0.000000    0.537326   -0.000000
      5          1           0       -1.074488    1.593222   -0.000000
      6          1           0       -1.074488    0.518571   -0.000000
      7          1           0       -1.074488   -0.556081    0.000000
      8          1           0       -0.000000   -0.537326   -0.000000
      9          1           0        1.074488   -0.518571   -0.000000
     10          1           0        1.074488   -1.593222   -0.000000
     11          1           0       -0.000000   -1.611978   -0.000000
     12          1           0       -1.074488   -1.630733   -0.000000
 ---------------------------------------------------------------------
 Rotational constants (GHZ):     54.3112609     28.9370488     18.8785528
 General basis read from cards:  (5D, 7F)
 There are     6 symmetry adapted cartesian basis functions of AG  symmetry.
 There are     0 symmetry adapted cartesian basis functions of BG  symmetry.
 There are     0 symmetry adapted cartesian basis functions of AU  symmetry.
 There are     6 symmetry adapted cartesian basis functions of BU  symmetry.
 There are     6 symmetry adapted basis functions of AG  symmetry.
 There are     0 symmetry adapted basis functions of BG  symmetry.
 There are     0 symmetry adapted basis functions of AU  symmetry.
 There are     6 symmetry adapted basis functions of BU  symmetry.
    12 basis functions,   120 primitive gaussians,    12 cartesian basis functions
     6 alpha electrons        6 beta electrons
       nuclear repulsion energy        20.1801462163 Hartrees.
 NAtoms=   12 NActive=   12 NUniq=    6 SFac= 4.00D+00 NAtFMM=   60 NAOKFM=F Big=F
 Integral buffers will be    131072 words long.
 Regular integral format.
 Two-electron integral symmetry is turned on.
 One-electron integrals computed using PRISM.
 NBasis=    12 RedAO= T EigKep=  1.07D-01  NBF=     6     0     0     6
 NBsUse=    12 1.00D-06 EigRej= -1.00D+00 NBFU=     6     0     0     6
 Initial guess from the checkpoint file:  "h12.chk"
 B after Tr=    -0.000000    0.000000    0.000000
         Rot=    0.984294    0.000000    0.000000   -0.176538 Ang= -20.34 deg.
 Initial guess orbital symmetries:
       Occupied  (AG) (BU) (AG) (BU) (BU) (AG)
       Virtual   (BU) (AG) (BU) (AG) (AG) (BU)
 Keep R1 ints in memory in symmetry-blocked form, NReq=903574.
 Requested convergence on RMS density matrix=1.00D-08 within 128 cycles.
 Requested convergence on MAX density matrix=1.00D-06.
 Requested convergence on             energy=1.00D-06.
 No special actions if energy rises.
 Rare condition: small coef for last iteration:  0.000D+00
 SCF Done:  E(RHF) =  -5.66128659877     A.U. after   22 cycles
            NFock= 22  Conv=0.20D-08     -V/T= 1.8723
 Range of M.O.s used for correlation:     1    12
 NBasis=    12 NAE=     6 NBE=     6 NFC=     0 NFV=     0
 NROrb=     12 NOA=     6 NOB=     6 NVA=     6 NVB=     6
 Semi-Direct transformation.
 ModeAB=           4 MOrb=             6 LenV=     134084213
 LASXX=         2181 LTotXX=        2181 LenRXX=        5115
 LTotAB=        2934 MaxLAS=        3024 LenRXY=           0
 NonZer=        7296 LenScr=      655360 LnRSAI=        3024
 LnScr1=      655360 LExtra=           0 Total=      1318859
 MaxDsk=          -1 SrtSym=           T ITran=            3
 JobTyp=0 Pass  1:  I=   1 to   6.
 (rs|ai) integrals will be sorted in core.
 Spin components of T(2) and E(2):
     alpha-alpha T2 =       0.4884868368D-02 E2=     -0.6952811439D-02
     alpha-beta  T2 =       0.8718360151D-01 E2=     -0.1143714727D+00
     beta-beta   T2 =       0.4884868368D-02 E2=     -0.6952811439D-02
 ANorm=    0.1047355402D+01
 E2 =    -0.1282770956D+00 EUMP2 =    -0.57895636943340D+01
 Second order stability test of a single determinant RHF wave function:
 Stabil:  MDV=134217728
 ***********************************************************************
 Matrix         Lowest Root    Major Pairs
 ***********************************************************************
 Internal RHF    -0.1033009    6A=7A
 RRHF --> CRHF   -0.1345827    6A=7A
 RRHF --> RUHF   -0.2068329    6A=7B
 Not stable.
 ***********************************************************************

 **********************************************************************

            Population analysis using the SCF density.

 **********************************************************************

 Orbital symmetries:
       Occupied  (AG) (BU) (BU) (AG) (AG) (BU)
       Virtual   (AG) (BU) (BU) (AG) (AG) (BU)
 The electronic state is 1-AG.
 Alpha  occ. eigenvalues --   -1.02774  -0.79630  -0.69421  -0.50817  -0.47866
 Alpha  occ. eigenvalues --   -0.18160
 Alpha virt. eigenvalues --   -0.04508   0.07713   0.20815   0.44348   0.53116
 Alpha virt. eigenvalues --    0.92609
          Condensed to atoms (all electrons):
               1          2          3          4          5          6
     1  H    1.448161   0.336052  -0.200590  -0.128036  -0.166495  -0.000343
     2  H    0.336052   0.688707  -0.050789  -0.081826   0.111567   0.003540
     3  H   -0.200590  -0.050789   0.998517   0.286916   0.014868  -0.114526
     4  H   -0.128036  -0.081826   0.286916   0.692692   0.044205   0.062427
     5  H   -0.166495   0.111567   0.014868   0.044205   1.273086   0.030313
     6  H   -0.000343   0.003540  -0.114526   0.062427   0.030313   0.792500
     7  H    0.034601  -0.011257  -0.059950  -0.031810  -0.147089   0.211664
     8  H    0.003638  -0.069507  -0.031810   0.098758  -0.069831   0.076331
     9  H   -0.120834  -0.038417   0.211664   0.076331   0.022132  -0.027382
    10  H    0.026620   0.011128  -0.147089  -0.069831  -0.003282   0.022132
    11  H    0.002053   0.012540  -0.011257  -0.069507   0.011128  -0.038417
    12  H   -0.007757   0.002053   0.034601   0.003638   0.026620  -0.120834
               7          8          9         10         11         12
     1  H    0.034601   0.003638  -0.120834   0.026620   0.002053  -0.007757
     2  H   -0.011257  -0.069507  -0.038417   0.011128   0.012540   0.002053
     3  H   -0.059950  -0.031810   0.211664  -0.147089  -0.011257   0.034601
     4  H   -0.031810   0.098758   0.076331  -0.069831  -0.069507   0.003638
     5  H   -0.147089  -0.069831   0.022132  -0.003282   0.011128   0.026620
     6  H    0.211664   0.076331  -0.027382   0.022132  -0.038417  -0.120834
     7  H    0.998517   0.286916  -0.114526   0.014868  -0.050789  -0.200590
     8  H    0.286916   0.692692   0.062427   0.044205  -0.081826  -0.128036
     9  H   -0.114526   0.062427   0.792500   0.030313   0.003540  -0.000343
    10  H    0.014868   0.044205   0.030313   1.273086   0.111567  -0.166495
    11  H   -0.050789  -0.081826   0.003540   0.111567   0.688707   0.336052
    12  H   -0.200590  -0.128036  -0.000343  -0.166495   0.336052   1.448161
 Mulliken charges:
               1
     1  H   -0.227071
     2  H    0.086210
     3  H    0.069445
     4  H    0.116043
     5  H   -0.147223
     6  H    0.102596
     7  H    0.069445
     8  H    0.116043
     9  H    0.102596
    10  H   -0.147223
    11  H    0.086210
    12  H   -0.227071
 Sum of Mulliken charges =  -0.00000
 Mulliken charges with hydrogens summed into heavy atoms:
               1
 Electronic spatial extent (au):  <R**2>=            140.7099
 Charge=             -0.0000 electrons
 Dipole moment (field-independent basis, Debye):
    X=             -0.0000    Y=              0.0000    Z=              0.0000  Tot=              0.0000
 Quadrupole moment (field-independent basis, Debye-Ang):
   XX=            -19.2253   YY=            -27.3745   ZZ=            -15.0763
   XY=             -1.9294   XZ=              0.0000   YZ=              0.0000
 Traceless Quadrupole moment (field-independent basis, Debye-Ang):
   XX=              1.3334   YY=             -6.8158   ZZ=              5.4824
   XY=             -1.9294   XZ=              0.0000   YZ=              0.0000
 Octapole moment (field-independent basis, Debye-Ang**2):
  XXX=             -0.0000  YYY=             -0.0000  ZZZ=              0.0000  XYY=             -0.0000
  XXY=             -0.0000  XXZ=              0.0000  XZZ=             -0.0000  YZZ=             -0.0000
  YYZ=              0.0000  XYZ=             -0.0000
 Hexadecapole moment (field-independent basis, Debye-Ang**3):
 XXXX=            -98.9519 YYYY=           -220.9947 ZZZZ=            -17.7380 XXXY=             -2.1577
 XXXZ=              0.0000 YYYX=            -10.8196 YYYZ=             -0.0000 ZZZX=              0.0000
 ZZZY=             -0.0000 XXYY=            -62.9848 XXZZ=            -18.9293 YYZZ=            -31.9280
 XXYZ=             -0.0000 YYXZ=              0.0000 ZZXY=             -0.6057
 N-N= 2.018014621634D+01 E-N=-5.079978410611D+01  KE= 6.490304263031D+00
 Symmetry AG   KE= 2.957219053584D+00
 Symmetry BG   KE= 0.000000000000D+00
 Symmetry AU   KE= 0.000000000000D+00
 Symmetry BU   KE= 3.533085209447D+00

 Test job not archived.
 1\1\GINC-SULU\Stability\RHF\Gen\H12\LCJ1\17-Feb-2017\0\\#rhf/gen scf(s
 ymm,tight,novaracc,noincfock,fulldiag) stable(crhf) guess=read geom=no
 crowd test\\hf stability analysis of h12 triangular lattice, y= 0.7664
 9587620041937\\0,1\H\H,1,1.0746517727\H,1,1.0746517727,2,89.\H,2,1.074
 6517727,1,91.,3,0.,0\H,2,1.0746517727,1,180.,3,0.,0\H,4,1.0746517727,3
 ,180.,5,0.,0\H,6,1.0746517727,5,180.,3,0.,0\H,4,1.0746517727,2,180.,3,
 0.,0\H,3,1.0746517727,1,180.,4,0.,0\H,9,1.0746517727,3,180.,4,0.,0\H,8
 ,1.0746517727,4,180.,3,0.,0\H,7,1.0746517727,6,180.,3,0.,0\\Version=ES
 64L-G09RevE.01\State=1-AG\HF=-5.6612866\MP2=-5.7895637\RMSD=2.050e-09\
 Dipole=0.,0.,0.\Quadrupole=-5.0154611,4.0760371,0.9394239,0.,-1.539338
 2,0.\PG=C02H [SGH(H12)]\\@


 SI MONUMENTUM REQUIRIS, CIRCUMSPICE
     -- FROM SIR CHRISTOPHER WREN'S TOMBSTONE
 Job cpu time:       0 days  0 hours  0 minutes  1.1 seconds.
 File lengths (MBytes):  RWF=     84 Int=      0 D2E=      0 Chk=      2 Scr=      2
 Normal termination of Gaussian 09 at Fri Feb 17 15:01:44 2017.
