 Entering Gaussian System, Link 0=g09
 AtFile(1): H.gbs
            H     0
            S   10   1.00
               1000.000000000000            0.000068713567
                316.227766000000            0.000169141320
                100.000000000000            0.000823394812
                 31.622776600000            0.003425569236
                 10.000000000000            0.013951996000
                  3.162277660000            0.056909313560
                  1.000000000000            0.198286399900
                  0.316227766000            0.496922426700
                  0.100000000000            0.369846276400
                  0.031622776600            0.003752720039
            ****
 Initial command:
 /projects/guscus/apps/gau/g09-e1/g09/l1.exe "/users/lcj1/gaussian/h12/rhfstability/rect/guess/ag3bu3/Gau-23172.inp" -scrdir="/users/lcj1/gaussian/h12/rhfstability/rect/guess/ag3bu3/"
 Entering Link 1 = /projects/guscus/apps/gau/g09-e1/g09/l1.exe PID=     23173.
  
 Copyright (c) 1988,1990,1992,1993,1995,1998,2003,2009,2015,
            Gaussian, Inc.  All Rights Reserved.
  
 This is part of the Gaussian(R) 09 program.  It is based on
 the Gaussian(R) 03 system (copyright 2003, Gaussian, Inc.),
 the Gaussian(R) 98 system (copyright 1998, Gaussian, Inc.),
 the Gaussian(R) 94 system (copyright 1995, Gaussian, Inc.),
 the Gaussian 92(TM) system (copyright 1992, Gaussian, Inc.),
 the Gaussian 90(TM) system (copyright 1990, Gaussian, Inc.),
 the Gaussian 88(TM) system (copyright 1988, Gaussian, Inc.),
 the Gaussian 86(TM) system (copyright 1986, Carnegie Mellon
 University), and the Gaussian 82(TM) system (copyright 1983,
 Carnegie Mellon University). Gaussian is a federally registered
 trademark of Gaussian, Inc.
  
 This software contains proprietary and confidential information,
 including trade secrets, belonging to Gaussian, Inc.
  
 This software is provided under written license and may be
 used, copied, transmitted, or stored only in accord with that
 written license.
  
 The following legend is applicable only to US Government
 contracts under FAR:
  
                    RESTRICTED RIGHTS LEGEND
  
 Use, reproduction and disclosure by the US Government is
 subject to restrictions as set forth in subparagraphs (a)
 and (c) of the Commercial Computer Software - Restricted
 Rights clause in FAR 52.227-19.
  
 Gaussian, Inc.
 340 Quinnipiac St., Bldg. 40, Wallingford CT 06492
  
  
 ---------------------------------------------------------------
 Warning -- This program may not be used in any manner that
 competes with the business of Gaussian, Inc. or will provide
 assistance to any competitor of Gaussian, Inc.  The licensee
 of this program is prohibited from giving any competitor of
 Gaussian, Inc. access to this program.  By using this program,
 the user acknowledges that Gaussian, Inc. is engaged in the
 business of creating and licensing software in the field of
 computational chemistry and represents and warrants to the
 licensee that it is not a competitor of Gaussian, Inc. and that
 it will not use this program in any manner prohibited above.
 ---------------------------------------------------------------
  

 Cite this work as:
 Gaussian 09, Revision E.01,
 M. J. Frisch, G. W. Trucks, H. B. Schlegel, G. E. Scuseria, 
 M. A. Robb, J. R. Cheeseman, G. Scalmani, V. Barone, B. Mennucci, 
 G. A. Petersson, H. Nakatsuji, M. Caricato, X. Li, H. P. Hratchian, 
 A. F. Izmaylov, J. Bloino, G. Zheng, J. L. Sonnenberg, M. Hada, 
 M. Ehara, K. Toyota, R. Fukuda, J. Hasegawa, M. Ishida, T. Nakajima, 
 Y. Honda, O. Kitao, H. Nakai, T. Vreven, J. A. Montgomery, Jr., 
 J. E. Peralta, F. Ogliaro, M. Bearpark, J. J. Heyd, E. Brothers, 
 K. N. Kudin, V. N. Staroverov, T. Keith, R. Kobayashi, J. Normand, 
 K. Raghavachari, A. Rendell, J. C. Burant, S. S. Iyengar, J. Tomasi, 
 M. Cossi, N. Rega, J. M. Millam, M. Klene, J. E. Knox, J. B. Cross, 
 V. Bakken, C. Adamo, J. Jaramillo, R. Gomperts, R. E. Stratmann, 
 O. Yazyev, A. J. Austin, R. Cammi, C. Pomelli, J. W. Ochterski, 
 R. L. Martin, K. Morokuma, V. G. Zakrzewski, G. A. Voth, 
 P. Salvador, J. J. Dannenberg, S. Dapprich, A. D. Daniels, 
 O. Farkas, J. B. Foresman, J. V. Ortiz, J. Cioslowski, 
 and D. J. Fox, Gaussian, Inc., Wallingford CT, 2013.
 
 ******************************************
 Gaussian 09:  ES64L-G09RevE.01 30-Nov-2015
                17-Feb-2017 
 ******************************************
 %chk=h12.chk
 ----------------------------------------------------------------------
 #rhf/gen scf(symm,tight,novaracc,noincfock,fulldiag) stable(crhf) gues
 s=read geom=nocrowd test
 ----------------------------------------------------------------------
 1/38=1/1;
 2/12=1,17=6,18=5,40=1/2;
 3/5=7,16=1,25=1,30=1,116=1/1,2,3;
 4/5=1,9=4/1;
 5/5=100002,15=2,16=1,32=2,38=6/2;
 8/6=1,10=90,11=11/1,4;
 9/8=4,13=1/2;
 6/7=2,8=2,9=2,10=2,28=1/1;
 99/5=1,9=1/99;
 ----------------------------------------------------------------------
 hf stability analysis of h12 triangular lattice, y= 0.6387729204659229
 3
 ----------------------------------------------------------------------
 Symbolic Z-matrix:
 Charge =  0 Multiplicity = 1
 H
 H                    1     1.10678 
 H                    1     1.10678  2     109.5 
 H                    2     1.10678  1     70.5     3     0.       0
 H                    2     1.10678  1     180.     3     0.       0
 H                    4     1.10678  3     180.     5     0.       0
 H                    6     1.10678  5     180.     3     0.       0
 H                    4     1.10678  2     180.     3     0.       0
 H                    3     1.10678  1     180.     4     0.       0
 H                    9     1.10678  3     180.     4     0.       0
 H                    8     1.10678  4     180.     3     0.       0
 H                    7     1.10678  6     180.     3     0.       0
 
                          Input orientation:                          
 ---------------------------------------------------------------------
 Center     Atomic      Atomic             Coordinates (Angstroms)
 Number     Number       Type             X           Y           Z
 ---------------------------------------------------------------------
      1          1           0        0.000000    0.000000    0.000000
      2          1           0        0.000000    0.000000    1.106780
      3          1           0        1.043297    0.000000   -0.369451
      4          1           0        1.043297    0.000000    0.737329
      5          1           0        0.000000    0.000000    2.213561
      6          1           0        1.043297    0.000000    1.844110
      7          1           0        2.086594    0.000000    1.474659
      8          1           0        2.086594    0.000000    0.367879
      9          1           0        2.086594    0.000000   -0.738902
     10          1           0        3.129891    0.000000   -1.108353
     11          1           0        3.129891    0.000000   -0.001572
     12          1           0        3.129891    0.000000    1.105208
 ---------------------------------------------------------------------
                    Distance matrix (angstroms):
                    1          2          3          4          5
     1  H    0.000000
     2  H    1.106780   0.000000
     3  H    1.106780   1.807686   0.000000
     4  H    1.277546   1.106780   1.106780   0.000000
     5  H    2.213561   1.106780   2.785752   1.807686   0.000000
     6  H    2.118775   1.277546   2.213561   1.106780   1.106780
     7  H    2.555092   2.118775   2.118775   1.277546   2.213561
     8  H    2.118775   2.213561   1.277546   1.106780   2.785752
     9  H    2.213561   2.785752   1.106780   1.807686   3.615371
    10  H    3.320341   3.834453   2.213561   2.785752   4.564135
    11  H    3.129891   3.320341   2.118775   2.213561   3.834453
    12  H    3.319292   3.129891   2.555092   2.118775   3.320341
                    6          7          8          9         10
     6  H    0.000000
     7  H    1.106780   0.000000
     8  H    1.807686   1.106780   0.000000
     9  H    2.785752   2.213561   1.106780   0.000000
    10  H    3.615371   2.785752   1.807686   1.106780   0.000000
    11  H    2.785752   1.807686   1.106780   1.277546   1.106780
    12  H    2.213561   1.106780   1.277546   2.118775   2.213561
                   11         12
    11  H    0.000000
    12  H    1.106780   0.000000
 Stoichiometry    H12
 Framework group  C2H[SGH(H12)]
 Deg. of freedom    11
 Full point group                 C2H     NOp   4
 Largest Abelian subgroup         C2H     NOp   4
 Largest concise Abelian subgroup C2      NOp   2
                         Standard orientation:                         
 ---------------------------------------------------------------------
 Center     Atomic      Atomic             Coordinates (Angstroms)
 Number     Number       Type             X           Y           Z
 ---------------------------------------------------------------------
      1          1           0        1.043297    1.290720    0.000000
      2          1           0        0.000000    1.660170   -0.000000
      3          1           0        1.043297    0.183939    0.000000
      4          1           0        0.000000    0.553390   -0.000000
      5          1           0       -1.043297    2.029621   -0.000000
      6          1           0       -1.043297    0.922841   -0.000000
      7          1           0       -1.043297   -0.183939    0.000000
      8          1           0       -0.000000   -0.553390   -0.000000
      9          1           0        1.043297   -0.922841   -0.000000
     10          1           0        1.043297   -2.029621   -0.000000
     11          1           0       -0.000000   -1.660170   -0.000000
     12          1           0       -1.043297   -1.290720    0.000000
 ---------------------------------------------------------------------
 Rotational constants (GHZ):     63.5829881     24.7174236     17.7984181
 General basis read from cards:  (5D, 7F)
 There are     6 symmetry adapted cartesian basis functions of AG  symmetry.
 There are     0 symmetry adapted cartesian basis functions of BG  symmetry.
 There are     0 symmetry adapted cartesian basis functions of AU  symmetry.
 There are     6 symmetry adapted cartesian basis functions of BU  symmetry.
 There are     6 symmetry adapted basis functions of AG  symmetry.
 There are     0 symmetry adapted basis functions of BG  symmetry.
 There are     0 symmetry adapted basis functions of AU  symmetry.
 There are     6 symmetry adapted basis functions of BU  symmetry.
    12 basis functions,   120 primitive gaussians,    12 cartesian basis functions
     6 alpha electrons        6 beta electrons
       nuclear repulsion energy        19.9130159045 Hartrees.
 NAtoms=   12 NActive=   12 NUniq=    6 SFac= 4.00D+00 NAtFMM=   60 NAOKFM=F Big=F
 Integral buffers will be    131072 words long.
 Regular integral format.
 Two-electron integral symmetry is turned on.
 One-electron integrals computed using PRISM.
 NBasis=    12 RedAO= T EigKep=  1.38D-01  NBF=     6     0     0     6
 NBsUse=    12 1.00D-06 EigRej= -1.00D+00 NBFU=     6     0     0     6
 Initial guess from the checkpoint file:  "h12.chk"
 B after Tr=     0.000000    0.000000    0.000000
         Rot=    0.992711    0.000000    0.000000   -0.120515 Ang= -13.84 deg.
 Initial guess orbital symmetries:
       Occupied  (AG) (BU) (AG) (BU) (BU) (AG)
       Virtual   (BU) (AG) (BU) (AG) (AG) (BU)
 Keep R1 ints in memory in symmetry-blocked form, NReq=903826.
 Requested convergence on RMS density matrix=1.00D-08 within 128 cycles.
 Requested convergence on MAX density matrix=1.00D-06.
 Requested convergence on             energy=1.00D-06.
 No special actions if energy rises.
 SCF Done:  E(RHF) =  -5.83092866774     A.U. after   14 cycles
            NFock= 14  Conv=0.28D-08     -V/T= 1.9238
 Range of M.O.s used for correlation:     1    12
 NBasis=    12 NAE=     6 NBE=     6 NFC=     0 NFV=     0
 NROrb=     12 NOA=     6 NOB=     6 NVA=     6 NVB=     6
 Semi-Direct transformation.
 ModeAB=           4 MOrb=             6 LenV=     134084339
 LASXX=         2181 LTotXX=        2181 LenRXX=        5115
 LTotAB=        2934 MaxLAS=        3024 LenRXY=           0
 NonZer=        7296 LenScr=      655360 LnRSAI=        3024
 LnScr1=      655360 LExtra=           0 Total=      1318859
 MaxDsk=          -1 SrtSym=           T ITran=            3
 JobTyp=0 Pass  1:  I=   1 to   6.
 (rs|ai) integrals will be sorted in core.
 Spin components of T(2) and E(2):
     alpha-alpha T2 =       0.4962662666D-02 E2=     -0.7346721944D-02
     alpha-beta  T2 =       0.6659627250D-01 E2=     -0.1014711665D+00
     beta-beta   T2 =       0.4962662666D-02 E2=     -0.7346721944D-02
 ANorm=    0.1037555588D+01
 E2 =    -0.1161646104D+00 EUMP2 =    -0.59470932781114D+01
 Second order stability test of a single determinant RHF wave function:
 Stabil:  MDV=134217728
 ***********************************************************************
 Matrix         Lowest Root    Major Pairs
 ***********************************************************************
 Internal RHF     0.0379522    Stable
 RRHF --> CRHF    0.000264     Stable
 RRHF --> RUHF   -0.077545     6A=7B
 Not stable.
 ***********************************************************************

 **********************************************************************

            Population analysis using the SCF density.

 **********************************************************************

 Orbital symmetries:
       Occupied  (AG) (BU) (BU) (AG) (AG) (BU)
       Virtual   (AG) (BU) (BU) (AG) (AG) (BU)
 The electronic state is 1-AG.
 Alpha  occ. eigenvalues --   -0.99823  -0.79264  -0.67177  -0.53667  -0.43050
 Alpha  occ. eigenvalues --   -0.25521
 Alpha virt. eigenvalues --    0.01398   0.16291   0.26513   0.33114   0.57833
 Alpha virt. eigenvalues --    0.73275
          Condensed to atoms (all electrons):
               1          2          3          4          5          6
     1  H    1.032085   0.216568  -0.006325   0.150346  -0.085747  -0.082215
     2  H    0.216568   0.671142  -0.020630  -0.123339   0.271646  -0.024030
     3  H   -0.006325  -0.020630   0.763123  -0.031563   0.014440  -0.063581
     4  H    0.150346  -0.123339  -0.031563   1.119518  -0.228633   0.228120
     5  H   -0.085747   0.271646   0.014440  -0.228633   1.268035   0.035917
     6  H   -0.082215  -0.024030  -0.063581   0.228120   0.035917   0.789706
     7  H   -0.009652  -0.067830  -0.069017   0.269534  -0.095720   0.194926
     8  H   -0.099946  -0.039103   0.269534  -0.222725   0.039625  -0.069374
     9  H   -0.089120  -0.009749   0.194926  -0.069374   0.010112   0.008799
    10  H    0.009080  -0.000212  -0.095720   0.039625  -0.003047   0.010112
    11  H    0.015655   0.010858  -0.067830  -0.039103  -0.000212  -0.009749
    12  H    0.013123   0.015655  -0.009652  -0.099946   0.009080  -0.089120
               7          8          9         10         11         12
     1  H   -0.009652  -0.099946  -0.089120   0.009080   0.015655   0.013123
     2  H   -0.067830  -0.039103  -0.009749  -0.000212   0.010858   0.015655
     3  H   -0.069017   0.269534   0.194926  -0.095720  -0.067830  -0.009652
     4  H    0.269534  -0.222725  -0.069374   0.039625  -0.039103  -0.099946
     5  H   -0.095720   0.039625   0.010112  -0.003047  -0.000212   0.009080
     6  H    0.194926  -0.069374   0.008799   0.010112  -0.009749  -0.089120
     7  H    0.763123  -0.031563  -0.063581   0.014440  -0.020630  -0.006325
     8  H   -0.031563   1.119518   0.228120  -0.228633  -0.123339   0.150346
     9  H   -0.063581   0.228120   0.789706   0.035917  -0.024030  -0.082215
    10  H    0.014440  -0.228633   0.035917   1.268035   0.271646  -0.085747
    11  H   -0.020630  -0.123339  -0.024030   0.271646   0.671142   0.216568
    12  H   -0.006325   0.150346  -0.082215  -0.085747   0.216568   1.032085
 Mulliken charges:
               1
     1  H   -0.063853
     2  H    0.099025
     3  H    0.122295
     4  H    0.007540
     5  H   -0.235497
     6  H    0.070490
     7  H    0.122295
     8  H    0.007540
     9  H    0.070490
    10  H   -0.235497
    11  H    0.099025
    12  H   -0.063853
 Sum of Mulliken charges =   0.00000
 Mulliken charges with hydrogens summed into heavy atoms:
               1
 Electronic spatial extent (au):  <R**2>=            145.9815
 Charge=              0.0000 electrons
 Dipole moment (field-independent basis, Debye):
    X=              0.0000    Y=             -0.0000    Z=              0.0000  Tot=              0.0000
 Quadrupole moment (field-independent basis, Debye-Ang):
   XX=            -17.7112   YY=            -28.0917   ZZ=            -15.2210
   XY=              4.2997   XZ=             -0.0000   YZ=              0.0000
 Traceless Quadrupole moment (field-independent basis, Debye-Ang):
   XX=              2.6301   YY=             -7.7504   ZZ=              5.1203
   XY=              4.2997   XZ=             -0.0000   YZ=              0.0000
 Octapole moment (field-independent basis, Debye-Ang**2):
  XXX=              0.0000  YYY=             -0.0000  ZZZ=              0.0000  XYY=              0.0000
  XXY=             -0.0000  XXZ=              0.0000  XZZ=              0.0000  YZZ=             -0.0000
  YYZ=              0.0000  XYZ=             -0.0000
 Hexadecapole moment (field-independent basis, Debye-Ang**3):
 XXXX=            -92.3322 YYYY=           -259.4768 ZZZZ=            -18.0233 XXXY=             20.3465
 XXXZ=             -0.0000 YYYX=             39.5229 YYYZ=              0.0000 ZZZX=             -0.0000
 ZZZY=              0.0000 XXYY=            -63.1841 XXZZ=            -18.2161 YYZZ=            -35.4324
 XXYZ=              0.0000 YYXZ=             -0.0000 ZZXY=              5.1535
 N-N= 1.991301590450D+01 E-N=-5.042999611197D+01  KE= 6.312167645286D+00
 Symmetry AG   KE= 2.942123564085D+00
 Symmetry BG   KE= 0.000000000000D+00
 Symmetry AU   KE= 0.000000000000D+00
 Symmetry BU   KE= 3.370044081200D+00

 Test job not archived.
 1\1\GINC-SULU\Stability\RHF\Gen\H12\LCJ1\17-Feb-2017\0\\#rhf/gen scf(s
 ymm,tight,novaracc,noincfock,fulldiag) stable(crhf) guess=read geom=no
 crowd test\\hf stability analysis of h12 triangular lattice, y= 0.6387
 7292046592293\\0,1\H\H,1,1.1067802626\H,1,1.1067802626,2,109.5\H,2,1.1
 067802626,1,70.5,3,0.,0\H,2,1.1067802626,1,180.,3,0.,0\H,4,1.106780262
 6,3,180.,5,0.,0\H,6,1.1067802626,5,180.,3,0.,0\H,4,1.1067802626,2,180.
 ,3,0.,0\H,3,1.1067802626,1,180.,4,0.,0\H,9,1.1067802626,3,180.,4,0.,0\
 H,8,1.1067802626,4,180.,3,0.,0\H,7,1.1067802626,6,180.,3,0.,0\\Version
 =ES64L-G09RevE.01\State=1-AG\HF=-5.8309287\MP2=-5.9470933\RMSD=2.840e-
 09\Dipole=0.,0.,0.\Quadrupole=-2.8904793,3.8067906,-0.9163113,0.,4.912
 757,0.\PG=C02H [SGH(H12)]\\@


 IN SO FAR AS QUANTUM MECHANICS IS CORRECT, CHEMICAL 
 QUESTIONS ARE PROBLEMS IN APPLIED MATHEMATICS.

                    -- EYRING, WALTER, & KIMBALL, 1944
 Job cpu time:       0 days  0 hours  0 minutes  1.1 seconds.
 File lengths (MBytes):  RWF=     84 Int=      0 D2E=      0 Chk=      2 Scr=      2
 Normal termination of Gaussian 09 at Fri Feb 17 14:59:29 2017.
