 Entering Gaussian System, Link 0=g09
 AtFile(1): H.gbs
            H     0
            S   10   1.00
               1000.000000000000            0.000068713567
                316.227766000000            0.000169141320
                100.000000000000            0.000823394812
                 31.622776600000            0.003425569236
                 10.000000000000            0.013951996000
                  3.162277660000            0.056909313560
                  1.000000000000            0.198286399900
                  0.316227766000            0.496922426700
                  0.100000000000            0.369846276400
                  0.031622776600            0.003752720039
            ****
 Initial command:
 /projects/guscus/apps/gau/g09-e1/g09/l1.exe "/users/lcj1/gaussian/h12/rhfstability/rect/guess/ag3bu3/Gau-12849.inp" -scrdir="/users/lcj1/gaussian/h12/rhfstability/rect/guess/ag3bu3/"
 Entering Link 1 = /projects/guscus/apps/gau/g09-e1/g09/l1.exe PID=     12850.
  
 Copyright (c) 1988,1990,1992,1993,1995,1998,2003,2009,2015,
            Gaussian, Inc.  All Rights Reserved.
  
 This is part of the Gaussian(R) 09 program.  It is based on
 the Gaussian(R) 03 system (copyright 2003, Gaussian, Inc.),
 the Gaussian(R) 98 system (copyright 1998, Gaussian, Inc.),
 the Gaussian(R) 94 system (copyright 1995, Gaussian, Inc.),
 the Gaussian 92(TM) system (copyright 1992, Gaussian, Inc.),
 the Gaussian 90(TM) system (copyright 1990, Gaussian, Inc.),
 the Gaussian 88(TM) system (copyright 1988, Gaussian, Inc.),
 the Gaussian 86(TM) system (copyright 1986, Carnegie Mellon
 University), and the Gaussian 82(TM) system (copyright 1983,
 Carnegie Mellon University). Gaussian is a federally registered
 trademark of Gaussian, Inc.
  
 This software contains proprietary and confidential information,
 including trade secrets, belonging to Gaussian, Inc.
  
 This software is provided under written license and may be
 used, copied, transmitted, or stored only in accord with that
 written license.
  
 The following legend is applicable only to US Government
 contracts under FAR:
  
                    RESTRICTED RIGHTS LEGEND
  
 Use, reproduction and disclosure by the US Government is
 subject to restrictions as set forth in subparagraphs (a)
 and (c) of the Commercial Computer Software - Restricted
 Rights clause in FAR 52.227-19.
  
 Gaussian, Inc.
 340 Quinnipiac St., Bldg. 40, Wallingford CT 06492
  
  
 ---------------------------------------------------------------
 Warning -- This program may not be used in any manner that
 competes with the business of Gaussian, Inc. or will provide
 assistance to any competitor of Gaussian, Inc.  The licensee
 of this program is prohibited from giving any competitor of
 Gaussian, Inc. access to this program.  By using this program,
 the user acknowledges that Gaussian, Inc. is engaged in the
 business of creating and licensing software in the field of
 computational chemistry and represents and warrants to the
 licensee that it is not a competitor of Gaussian, Inc. and that
 it will not use this program in any manner prohibited above.
 ---------------------------------------------------------------
  

 Cite this work as:
 Gaussian 09, Revision E.01,
 M. J. Frisch, G. W. Trucks, H. B. Schlegel, G. E. Scuseria, 
 M. A. Robb, J. R. Cheeseman, G. Scalmani, V. Barone, B. Mennucci, 
 G. A. Petersson, H. Nakatsuji, M. Caricato, X. Li, H. P. Hratchian, 
 A. F. Izmaylov, J. Bloino, G. Zheng, J. L. Sonnenberg, M. Hada, 
 M. Ehara, K. Toyota, R. Fukuda, J. Hasegawa, M. Ishida, T. Nakajima, 
 Y. Honda, O. Kitao, H. Nakai, T. Vreven, J. A. Montgomery, Jr., 
 J. E. Peralta, F. Ogliaro, M. Bearpark, J. J. Heyd, E. Brothers, 
 K. N. Kudin, V. N. Staroverov, T. Keith, R. Kobayashi, J. Normand, 
 K. Raghavachari, A. Rendell, J. C. Burant, S. S. Iyengar, J. Tomasi, 
 M. Cossi, N. Rega, J. M. Millam, M. Klene, J. E. Knox, J. B. Cross, 
 V. Bakken, C. Adamo, J. Jaramillo, R. Gomperts, R. E. Stratmann, 
 O. Yazyev, A. J. Austin, R. Cammi, C. Pomelli, J. W. Ochterski, 
 R. L. Martin, K. Morokuma, V. G. Zakrzewski, G. A. Voth, 
 P. Salvador, J. J. Dannenberg, S. Dapprich, A. D. Daniels, 
 O. Farkas, J. B. Foresman, J. V. Ortiz, J. Cioslowski, 
 and D. J. Fox, Gaussian, Inc., Wallingford CT, 2013.
 
 ******************************************
 Gaussian 09:  ES64L-G09RevE.01 30-Nov-2015
                17-Feb-2017 
 ******************************************
 %chk=h12.chk
 ----------------------------------------------------------------------
 #rhf/gen scf(symm,tight,novaracc,noincfock,fulldiag) stable(crhf) gues
 s=read geom=nocrowd test
 ----------------------------------------------------------------------
 1/38=1/1;
 2/12=1,17=6,18=5,40=1/2;
 3/5=7,16=1,25=1,30=1,116=1/1,2,3;
 4/5=1,9=4/1;
 5/5=100002,15=2,16=1,32=2,38=6/2;
 8/6=1,10=90,11=11/1,4;
 9/8=4,13=1/2;
 6/7=2,8=2,9=2,10=2,28=1/1;
 99/5=1,9=1/99;
 ----------------------------------------------------------------------
 hf stability analysis of h12 triangular lattice, y= 1.7649657119256603
 ----------------------------------------------------------------------
 Symbolic Z-matrix:
 Charge =  0 Multiplicity = 1
 H
 H                    1     1.79502 
 H                    1     1.79502  2     21. 
 H                    2     1.79502  1     159.     3     0.       0
 H                    2     1.79502  1     180.     3     0.       0
 H                    4     1.79502  3     180.     5     0.       0
 H                    6     1.79502  5     180.     3     0.       0
 H                    4     1.79502  2     180.     3     0.       0
 H                    3     1.79502  1     180.     4     0.       0
 H                    9     1.79502  3     180.     4     0.       0
 H                    8     1.79502  4     180.     3     0.       0
 H                    7     1.79502  6     180.     3     0.       0
 
                          Input orientation:                          
 ---------------------------------------------------------------------
 Center     Atomic      Atomic             Coordinates (Angstroms)
 Number     Number       Type             X           Y           Z
 ---------------------------------------------------------------------
      1          1           0        0.000000    0.000000    0.000000
      2          1           0        0.000000    0.000000    1.795024
      3          1           0        0.643279    0.000000    1.675799
      4          1           0        0.643279    0.000000    3.470822
      5          1           0        0.000000    0.000000    3.590047
      6          1           0        0.643279    0.000000    5.265846
      7          1           0        1.286558    0.000000    6.941645
      8          1           0        1.286558    0.000000    5.146621
      9          1           0        1.286558    0.000000    3.351598
     10          1           0        1.929837    0.000000    5.027397
     11          1           0        1.929837    0.000000    6.822420
     12          1           0        1.929837    0.000000    8.617444
 ---------------------------------------------------------------------
                    Distance matrix (angstroms):
                    1          2          3          4          5
     1  H    0.000000
     2  H    1.795024   0.000000
     3  H    1.795024   0.654234   0.000000
     4  H    3.529931   1.795024   1.795024   0.000000
     5  H    3.590047   1.795024   2.019444   0.654234   0.000000
     6  H    5.304992   3.529931   3.590047   1.795024   1.795024
     7  H    7.059863   5.304992   5.304992   3.529931   3.590047
     8  H    5.304992   3.590047   3.529931   1.795024   2.019444
     9  H    3.590047   2.019444   1.795024   0.654234   1.308468
    10  H    5.385071   3.764639   3.590047   2.019444   2.406292
    11  H    7.090112   5.385071   5.304992   3.590047   3.764639
    12  H    8.830889   7.090112   7.059863   5.304992   5.385071
                    6          7          8          9         10
     6  H    0.000000
     7  H    1.795024   0.000000
     8  H    0.654234   1.795024   0.000000
     9  H    2.019444   3.590047   1.795024   0.000000
    10  H    1.308468   2.019444   0.654234   1.795024   0.000000
    11  H    2.019444   0.654234   1.795024   3.529931   1.795024
    12  H    3.590047   1.795024   3.529931   5.304992   3.590047
                   11         12
    11  H    0.000000
    12  H    1.795024   0.000000
 Stoichiometry    H12
 Framework group  C2H[SGH(H12)]
 Deg. of freedom    11
 Full point group                 C2H     NOp   4
 Largest Abelian subgroup         C2H     NOp   4
 Largest concise Abelian subgroup C2      NOp   2
                         Standard orientation:                         
 ---------------------------------------------------------------------
 Center     Atomic      Atomic             Coordinates (Angstroms)
 Number     Number       Type             X           Y           Z
 ---------------------------------------------------------------------
      1          1           0        0.643279    4.368334   -0.000000
      2          1           0        0.000000    2.692535   -0.000000
      3          1           0        0.643279    2.573311   -0.000000
      4          1           0        0.000000    0.897512   -0.000000
      5          1           0       -0.643279    1.016736   -0.000000
      6          1           0       -0.643279   -0.778287    0.000000
      7          1           0       -0.643279   -2.573311   -0.000000
      8          1           0       -0.000000   -0.897512   -0.000000
      9          1           0        0.643279    0.778287    0.000000
     10          1           0        0.643279   -1.016736   -0.000000
     11          1           0       -0.000000   -2.692535   -0.000000
     12          1           0       -0.643279   -4.368334   -0.000000
 ---------------------------------------------------------------------
 Rotational constants (GHZ):    225.2869744      6.9760224      6.7664975
 General basis read from cards:  (5D, 7F)
 There are     6 symmetry adapted cartesian basis functions of AG  symmetry.
 There are     0 symmetry adapted cartesian basis functions of BG  symmetry.
 There are     0 symmetry adapted cartesian basis functions of AU  symmetry.
 There are     6 symmetry adapted cartesian basis functions of BU  symmetry.
 There are     6 symmetry adapted basis functions of AG  symmetry.
 There are     0 symmetry adapted basis functions of BG  symmetry.
 There are     0 symmetry adapted basis functions of AU  symmetry.
 There are     6 symmetry adapted basis functions of BU  symmetry.
    12 basis functions,   120 primitive gaussians,    12 cartesian basis functions
     6 alpha electrons        6 beta electrons
       nuclear repulsion energy        16.7345669981 Hartrees.
 NAtoms=   12 NActive=   12 NUniq=    6 SFac= 4.00D+00 NAtFMM=   60 NAOKFM=F Big=F
 Integral buffers will be    131072 words long.
 Regular integral format.
 Two-electron integral symmetry is turned on.
 One-electron integrals computed using PRISM.
 NBasis=    12 RedAO= T EigKep=  7.42D-02  NBF=     6     0     0     6
 NBsUse=    12 1.00D-06 EigRej= -1.00D+00 NBFU=     6     0     0     6
 Initial guess from the checkpoint file:  "h12.chk"
 B after Tr=    -0.000000    0.000000    0.000000
         Rot=    0.961360    0.000000    0.000000   -0.275293 Ang= -31.96 deg.
 Initial guess orbital symmetries:
       Occupied  (AG) (BU) (AG) (BU) (BU) (AG)
       Virtual   (BU) (AG) (BU) (AG) (AG) (BU)
 Keep R1 ints in memory in symmetry-blocked form, NReq=896574.
 Requested convergence on RMS density matrix=1.00D-08 within 128 cycles.
 Requested convergence on MAX density matrix=1.00D-06.
 Requested convergence on             energy=1.00D-06.
 No special actions if energy rises.
 SCF Done:  E(RHF) =  -5.57925672042     A.U. after   12 cycles
            NFock= 12  Conv=0.59D-08     -V/T= 1.8860
 Range of M.O.s used for correlation:     1    12
 NBasis=    12 NAE=     6 NBE=     6 NFC=     0 NFV=     0
 NROrb=     12 NOA=     6 NOB=     6 NVA=     6 NVB=     6

 **** Warning!!: The smallest alpha delta epsilon is  0.62158397D-01

 Semi-Direct transformation.
 ModeAB=           4 MOrb=             6 LenV=     134090877
 LASXX=         2181 LTotXX=        2181 LenRXX=        5115
 LTotAB=        2934 MaxLAS=        3024 LenRXY=           0
 NonZer=        7296 LenScr=      655360 LnRSAI=        3024
 LnScr1=      655360 LExtra=           0 Total=      1318859
 MaxDsk=          -1 SrtSym=           T ITran=            3
 JobTyp=0 Pass  1:  I=   1 to   6.
 (rs|ai) integrals will be sorted in core.
 Spin components of T(2) and E(2):
     alpha-alpha T2 =       0.5556119012D-02 E2=     -0.4935246619D-02
     alpha-beta  T2 =       0.5188719901D+01 E2=     -0.7077319432D+00
     beta-beta   T2 =       0.5556119012D-02 E2=     -0.4935246619D-02
 ANorm=    0.2489946212D+01
 E2 =    -0.7176024364D+00 EUMP2 =    -0.62968591568104D+01
 Second order stability test of a single determinant RHF wave function:
 Stabil:  MDV=134217728
 ***********************************************************************
 Matrix         Lowest Root    Major Pairs
 ***********************************************************************
 Internal RHF     0.0615888    Stable
 RRHF --> CRHF    0.0013091    Stable
 RRHF --> RUHF   -0.5647196    6A=7B
 Not stable.
 ***********************************************************************

 **********************************************************************

            Population analysis using the SCF density.

 **********************************************************************

 Orbital symmetries:
       Occupied  (AG) (BU) (AG) (BU) (BU) (AG)
       Virtual   (BU) (AG) (BU) (AG) (AG) (BU)
 The electronic state is 1-AG.
 Alpha  occ. eigenvalues --   -0.88956  -0.79827  -0.66689  -0.64478  -0.33410
 Alpha  occ. eigenvalues --   -0.18759
 Alpha virt. eigenvalues --   -0.12544   0.03459   0.48264   0.50254   0.88749
 Alpha virt. eigenvalues --    1.09180
          Condensed to atoms (all electrons):
               1          2          3          4          5          6
     1  H    1.101802  -0.041631  -0.041671   0.000268   0.000354   0.000077
     2  H   -0.041631   0.650193   0.499695  -0.055840  -0.007735   0.002665
     3  H   -0.041671   0.499695   0.632957  -0.054270  -0.036870  -0.001520
     4  H    0.000268  -0.055840  -0.054270   0.968602   0.261803  -0.036730
     5  H    0.000354  -0.007735  -0.036870   0.261803   0.832305   0.198260
     6  H    0.000077   0.002665  -0.001520  -0.036730   0.198260   0.952993
     7  H   -0.000013   0.000053   0.000034   0.000897   0.002235  -0.010129
     8  H    0.000076   0.000923   0.000897  -0.063280  -0.020177   0.286590
     9  H   -0.000052  -0.041840  -0.010129   0.286590  -0.297698  -0.188328
    10  H   -0.000001  -0.001059   0.002235  -0.020177  -0.100612  -0.297698
    11  H   -0.000013   0.000028   0.000053   0.000923  -0.001059  -0.041840
    12  H    0.000004  -0.000013  -0.000013   0.000076  -0.000001  -0.000052
               7          8          9         10         11         12
     1  H   -0.000013   0.000076  -0.000052  -0.000001  -0.000013   0.000004
     2  H    0.000053   0.000923  -0.041840  -0.001059   0.000028  -0.000013
     3  H    0.000034   0.000897  -0.010129   0.002235   0.000053  -0.000013
     4  H    0.000897  -0.063280   0.286590  -0.020177   0.000923   0.000076
     5  H    0.002235  -0.020177  -0.297698  -0.100612  -0.001059  -0.000001
     6  H   -0.010129   0.286590  -0.188328  -0.297698  -0.041840  -0.000052
     7  H    0.632957  -0.054270  -0.001520  -0.036870   0.499695  -0.041671
     8  H   -0.054270   0.968602  -0.036730   0.261803  -0.055840   0.000268
     9  H   -0.001520  -0.036730   0.952993   0.198260   0.002665   0.000077
    10  H   -0.036870   0.261803   0.198260   0.832305  -0.007735   0.000354
    11  H    0.499695  -0.055840   0.002665  -0.007735   0.650193  -0.041631
    12  H   -0.041671   0.000268   0.000077   0.000354  -0.041631   1.101802
 Mulliken charges:
               1
     1  H   -0.019200
     2  H   -0.005440
     3  H    0.008599
     4  H   -0.288864
     5  H    0.169194
     6  H    0.135711
     7  H    0.008599
     8  H   -0.288864
     9  H    0.135711
    10  H    0.169194
    11  H   -0.005440
    12  H   -0.019200
 Sum of Mulliken charges =   0.00000
 Mulliken charges with hydrogens summed into heavy atoms:
               1
 Electronic spatial extent (au):  <R**2>=            304.3204
 Charge=              0.0000 electrons
 Dipole moment (field-independent basis, Debye):
    X=              0.0000    Y=             -0.0000    Z=              0.0000  Tot=              0.0000
 Quadrupole moment (field-independent basis, Debye-Ang):
   XX=            -15.9631   YY=            -21.9783   ZZ=            -15.4216
   XY=             -1.5092   XZ=             -0.0000   YZ=             -0.0000
 Traceless Quadrupole moment (field-independent basis, Debye-Ang):
   XX=              1.8246   YY=             -4.1906   ZZ=              2.3660
   XY=             -1.5092   XZ=             -0.0000   YZ=             -0.0000
 Octapole moment (field-independent basis, Debye-Ang**2):
  XXX=              0.0000  YYY=             -0.0000  ZZZ=              0.0000  XYY=              0.0000
  XXY=             -0.0000  XXZ=              0.0000  XZZ=              0.0000  YZZ=             -0.0000
  YYZ=              0.0000  XYZ=              0.0000
 Hexadecapole moment (field-independent basis, Debye-Ang**3):
 XXXX=            -47.0754 YYYY=           -769.4548 ZZZZ=            -18.5964 XXXY=            -34.4090
 XXXZ=             -0.0000 YYYX=            -64.8610 YYYZ=             -0.0000 ZZZX=             -0.0000
 ZZZY=             -0.0000 XXYY=           -105.5270 XXZZ=            -10.9509 YYZZ=           -101.2243
 XXYZ=             -0.0000 YYXZ=             -0.0000 ZZXY=            -11.7699
 N-N= 1.673456699806D+01 E-N=-4.388242420647D+01  KE= 6.297152996680D+00
 Symmetry AG   KE= 2.775637517259D+00
 Symmetry BG   KE= 0.000000000000D+00
 Symmetry AU   KE= 0.000000000000D+00
 Symmetry BU   KE= 3.521515479421D+00

 Test job not archived.
 1\1\GINC-SULU\Stability\RHF\Gen\H12\LCJ1\17-Feb-2017\0\\#rhf/gen scf(s
 ymm,tight,novaracc,noincfock,fulldiag) stable(crhf) guess=read geom=no
 crowd test\\hf stability analysis of h12 triangular lattice, y= 1.7649
 657119256603\\0,1\H\H,1,1.7950235343\H,1,1.7950235343,2,21.\H,2,1.7950
 235343,1,159.,3,0.,0\H,2,1.7950235343,1,180.,3,0.,0\H,4,1.7950235343,3
 ,180.,5,0.,0\H,6,1.7950235343,5,180.,3,0.,0\H,4,1.7950235343,2,180.,3,
 0.,0\H,3,1.7950235343,1,180.,4,0.,0\H,9,1.7950235343,3,180.,4,0.,0\H,8
 ,1.7950235343,4,180.,3,0.,0\H,7,1.7950235343,6,180.,3,0.,0\\Version=ES
 64L-G09RevE.01\State=1-AG\HF=-5.5792567\MP2=-6.2968592\RMSD=5.934e-09\
 Dipole=0.,0.,0.\Quadrupole=1.5329954,1.7590815,-3.292077,0.,-0.6623542
 ,0.\PG=C02H [SGH(H12)]\\@


 LIFE IS SO UNCERTAIN - EAT DESSERT FIRST.
 Job cpu time:       0 days  0 hours  0 minutes  1.0 seconds.
 File lengths (MBytes):  RWF=     84 Int=      0 D2E=      0 Chk=      2 Scr=      2
 Normal termination of Gaussian 09 at Fri Feb 17 15:08:49 2017.
