 Entering Gaussian System, Link 0=g09
 AtFile(1): H.gbs
            H     0
            S   10   1.00
               1000.000000000000            0.000068713567
                316.227766000000            0.000169141320
                100.000000000000            0.000823394812
                 31.622776600000            0.003425569236
                 10.000000000000            0.013951996000
                  3.162277660000            0.056909313560
                  1.000000000000            0.198286399900
                  0.316227766000            0.496922426700
                  0.100000000000            0.369846276400
                  0.031622776600            0.003752720039
            ****
 Initial command:
 /projects/guscus/apps/gau/g09-e1/g09/l1.exe "/users/lcj1/gaussian/h12/rhfstability/rect/guess/ag3bu3/Gau-18292.inp" -scrdir="/users/lcj1/gaussian/h12/rhfstability/rect/guess/ag3bu3/"
 Entering Link 1 = /projects/guscus/apps/gau/g09-e1/g09/l1.exe PID=     18293.
  
 Copyright (c) 1988,1990,1992,1993,1995,1998,2003,2009,2015,
            Gaussian, Inc.  All Rights Reserved.
  
 This is part of the Gaussian(R) 09 program.  It is based on
 the Gaussian(R) 03 system (copyright 2003, Gaussian, Inc.),
 the Gaussian(R) 98 system (copyright 1998, Gaussian, Inc.),
 the Gaussian(R) 94 system (copyright 1995, Gaussian, Inc.),
 the Gaussian 92(TM) system (copyright 1992, Gaussian, Inc.),
 the Gaussian 90(TM) system (copyright 1990, Gaussian, Inc.),
 the Gaussian 88(TM) system (copyright 1988, Gaussian, Inc.),
 the Gaussian 86(TM) system (copyright 1986, Carnegie Mellon
 University), and the Gaussian 82(TM) system (copyright 1983,
 Carnegie Mellon University). Gaussian is a federally registered
 trademark of Gaussian, Inc.
  
 This software contains proprietary and confidential information,
 including trade secrets, belonging to Gaussian, Inc.
  
 This software is provided under written license and may be
 used, copied, transmitted, or stored only in accord with that
 written license.
  
 The following legend is applicable only to US Government
 contracts under FAR:
  
                    RESTRICTED RIGHTS LEGEND
  
 Use, reproduction and disclosure by the US Government is
 subject to restrictions as set forth in subparagraphs (a)
 and (c) of the Commercial Computer Software - Restricted
 Rights clause in FAR 52.227-19.
  
 Gaussian, Inc.
 340 Quinnipiac St., Bldg. 40, Wallingford CT 06492
  
  
 ---------------------------------------------------------------
 Warning -- This program may not be used in any manner that
 competes with the business of Gaussian, Inc. or will provide
 assistance to any competitor of Gaussian, Inc.  The licensee
 of this program is prohibited from giving any competitor of
 Gaussian, Inc. access to this program.  By using this program,
 the user acknowledges that Gaussian, Inc. is engaged in the
 business of creating and licensing software in the field of
 computational chemistry and represents and warrants to the
 licensee that it is not a competitor of Gaussian, Inc. and that
 it will not use this program in any manner prohibited above.
 ---------------------------------------------------------------
  

 Cite this work as:
 Gaussian 09, Revision E.01,
 M. J. Frisch, G. W. Trucks, H. B. Schlegel, G. E. Scuseria, 
 M. A. Robb, J. R. Cheeseman, G. Scalmani, V. Barone, B. Mennucci, 
 G. A. Petersson, H. Nakatsuji, M. Caricato, X. Li, H. P. Hratchian, 
 A. F. Izmaylov, J. Bloino, G. Zheng, J. L. Sonnenberg, M. Hada, 
 M. Ehara, K. Toyota, R. Fukuda, J. Hasegawa, M. Ishida, T. Nakajima, 
 Y. Honda, O. Kitao, H. Nakai, T. Vreven, J. A. Montgomery, Jr., 
 J. E. Peralta, F. Ogliaro, M. Bearpark, J. J. Heyd, E. Brothers, 
 K. N. Kudin, V. N. Staroverov, T. Keith, R. Kobayashi, J. Normand, 
 K. Raghavachari, A. Rendell, J. C. Burant, S. S. Iyengar, J. Tomasi, 
 M. Cossi, N. Rega, J. M. Millam, M. Klene, J. E. Knox, J. B. Cross, 
 V. Bakken, C. Adamo, J. Jaramillo, R. Gomperts, R. E. Stratmann, 
 O. Yazyev, A. J. Austin, R. Cammi, C. Pomelli, J. W. Ochterski, 
 R. L. Martin, K. Morokuma, V. G. Zakrzewski, G. A. Voth, 
 P. Salvador, J. J. Dannenberg, S. Dapprich, A. D. Daniels, 
 O. Farkas, J. B. Foresman, J. V. Ortiz, J. Cioslowski, 
 and D. J. Fox, Gaussian, Inc., Wallingford CT, 2013.
 
 ******************************************
 Gaussian 09:  ES64L-G09RevE.01 30-Nov-2015
                17-Feb-2017 
 ******************************************
 %chk=h12.chk
 ----------------------------------------------------------------------
 #rhf/gen scf(symm,tight,novaracc,noincfock,fulldiag) stable(crhf) gues
 s=read geom=nocrowd test
 ----------------------------------------------------------------------
 1/38=1/1;
 2/12=1,17=6,18=5,40=1/2;
 3/5=7,16=1,25=1,30=1,116=1/1,2,3;
 4/5=1,9=4/1;
 5/5=100002,15=2,16=1,32=2,38=6/2;
 8/6=1,10=90,11=11/1,4;
 9/8=4,13=1/2;
 6/7=2,8=2,9=2,10=2,28=1/1;
 99/5=1,9=1/99;
 ----------------------------------------------------------------------
 hf stability analysis of h12 triangular lattice, y= 0.5247684832164858
 4
 ----------------------------------------------------------------------
 Symbolic Z-matrix:
 Charge =  0 Multiplicity = 1
 H
 H                    1     1.21894 
 H                    1     1.21894  2     129. 
 H                    2     1.21894  1     51.      3     0.       0
 H                    2     1.21894  1     180.     3     0.       0
 H                    4     1.21894  3     180.     5     0.       0
 H                    6     1.21894  5     180.     3     0.       0
 H                    4     1.21894  2     180.     3     0.       0
 H                    3     1.21894  1     180.     4     0.       0
 H                    9     1.21894  3     180.     4     0.       0
 H                    8     1.21894  4     180.     3     0.       0
 H                    7     1.21894  6     180.     3     0.       0
 
                          Input orientation:                          
 ---------------------------------------------------------------------
 Center     Atomic      Atomic             Coordinates (Angstroms)
 Number     Number       Type             X           Y           Z
 ---------------------------------------------------------------------
      1          1           0        0.000000    0.000000    0.000000
      2          1           0        0.000000    0.000000    1.218943
      3          1           0        0.947297    0.000000   -0.767106
      4          1           0        0.947297    0.000000    0.451837
      5          1           0        0.000000    0.000000    2.437886
      6          1           0        0.947297    0.000000    1.670780
      7          1           0        1.894593    0.000000    0.903675
      8          1           0        1.894593    0.000000   -0.315268
      9          1           0        1.894593    0.000000   -1.534211
     10          1           0        2.841890    0.000000   -2.301317
     11          1           0        2.841890    0.000000   -1.082374
     12          1           0        2.841890    0.000000    0.136569
 ---------------------------------------------------------------------
                    Distance matrix (angstroms):
                    1          2          3          4          5
     1  H    0.000000
     2  H    1.218943   0.000000
     3  H    1.218943   2.200400   0.000000
     4  H    1.049537   1.218943   1.218943   0.000000
     5  H    2.437886   1.218943   3.342057   2.200400   0.000000
     6  H    1.920645   1.049537   2.437886   1.218943   1.218943
     7  H    2.099074   1.920645   1.920645   1.049537   2.437886
     8  H    1.920645   2.437886   1.049537   1.218943   3.342057
     9  H    2.437886   3.342057   1.218943   2.200400   4.400800
    10  H    3.656829   4.524220   2.437886   3.342057   5.525973
    11  H    3.041031   3.656829   1.920645   2.437886   4.524220
    12  H    2.845169   3.041031   2.099074   1.920645   3.656829
                    6          7          8          9         10
     6  H    0.000000
     7  H    1.218943   0.000000
     8  H    2.200400   1.218943   0.000000
     9  H    3.342057   2.437886   1.218943   0.000000
    10  H    4.400800   3.342057   2.200400   1.218943   0.000000
    11  H    3.342057   2.200400   1.218943   1.049537   1.218943
    12  H    2.437886   1.218943   1.049537   1.920645   2.437886
                   11         12
    11  H    0.000000
    12  H    1.218943   0.000000
 Stoichiometry    H12
 Framework group  C2H[SGH(H12)]
 Deg. of freedom    11
 Full point group                 C2H     NOp   4
 Largest Abelian subgroup         C2H     NOp   4
 Largest concise Abelian subgroup C2      NOp   2
                         Standard orientation:                         
 ---------------------------------------------------------------------
 Center     Atomic      Atomic             Coordinates (Angstroms)
 Number     Number       Type             X           Y           Z
 ---------------------------------------------------------------------
      1          1           0        0.947297    1.061309   -0.000000
      2          1           0        0.000000    1.828414   -0.000000
      3          1           0        0.947297   -0.157634   -0.000000
      4          1           0        0.000000    0.609471   -0.000000
      5          1           0       -0.947297    2.595520   -0.000000
      6          1           0       -0.947297    1.376577   -0.000000
      7          1           0       -0.947297    0.157634   -0.000000
      8          1           0       -0.000000   -0.609471    0.000000
      9          1           0        0.947297   -1.376577    0.000000
     10          1           0        0.947297   -2.595520    0.000000
     11          1           0       -0.000000   -1.828414    0.000000
     12          1           0       -0.947297   -1.061309    0.000000
 ---------------------------------------------------------------------
 Rotational constants (GHZ):     89.5552092     17.5490369     14.6736262
 General basis read from cards:  (5D, 7F)
 There are     6 symmetry adapted cartesian basis functions of AG  symmetry.
 There are     0 symmetry adapted cartesian basis functions of BG  symmetry.
 There are     0 symmetry adapted cartesian basis functions of AU  symmetry.
 There are     6 symmetry adapted cartesian basis functions of BU  symmetry.
 There are     6 symmetry adapted basis functions of AG  symmetry.
 There are     0 symmetry adapted basis functions of BG  symmetry.
 There are     0 symmetry adapted basis functions of AU  symmetry.
 There are     6 symmetry adapted basis functions of BU  symmetry.
    12 basis functions,   120 primitive gaussians,    12 cartesian basis functions
     6 alpha electrons        6 beta electrons
       nuclear repulsion energy        19.0985114676 Hartrees.
 NAtoms=   12 NActive=   12 NUniq=    6 SFac= 4.00D+00 NAtFMM=   60 NAOKFM=F Big=F
 Integral buffers will be    131072 words long.
 Regular integral format.
 Two-electron integral symmetry is turned on.
 One-electron integrals computed using PRISM.
 NBasis=    12 RedAO= T EigKep=  1.89D-01  NBF=     6     0     0     6
 NBsUse=    12 1.00D-06 EigRej= -1.00D+00 NBFU=     6     0     0     6
 Initial guess from the checkpoint file:  "h12.chk"
 B after Tr=     0.000000    0.000000    0.000000
         Rot=    0.997987    0.000000    0.000000   -0.063413 Ang=  -7.27 deg.
 Initial guess orbital symmetries:
       Occupied  (AG) (BU) (AG) (BU) (BU) (AG)
       Virtual   (BU) (AG) (BU) (AG) (AG) (BU)
 Keep R1 ints in memory in symmetry-blocked form, NReq=902804.
 Requested convergence on RMS density matrix=1.00D-08 within 128 cycles.
 Requested convergence on MAX density matrix=1.00D-06.
 Requested convergence on             energy=1.00D-06.
 No special actions if energy rises.
 SCF Done:  E(RHF) =  -5.96472792950     A.U. after   13 cycles
            NFock= 13  Conv=0.30D-08     -V/T= 1.9761
 Range of M.O.s used for correlation:     1    12
 NBasis=    12 NAE=     6 NBE=     6 NFC=     0 NFV=     0
 NROrb=     12 NOA=     6 NOB=     6 NVA=     6 NVB=     6
 Semi-Direct transformation.
 ModeAB=           4 MOrb=             6 LenV=     134086033
 LASXX=         2181 LTotXX=        2181 LenRXX=        5115
 LTotAB=        2934 MaxLAS=        3024 LenRXY=           0
 NonZer=        7296 LenScr=      655360 LnRSAI=        3024
 LnScr1=      655360 LExtra=           0 Total=      1318859
 MaxDsk=          -1 SrtSym=           T ITran=            3
 JobTyp=0 Pass  1:  I=   1 to   6.
 (rs|ai) integrals will be sorted in core.
 Spin components of T(2) and E(2):
     alpha-alpha T2 =       0.4272044349D-02 E2=     -0.6506077889D-02
     alpha-beta  T2 =       0.6290510001D-01 E2=     -0.9808048060D-01
     beta-beta   T2 =       0.4272044349D-02 E2=     -0.6506077889D-02
 ANorm=    0.1035108298D+01
 E2 =    -0.1110926364D+00 EUMP2 =    -0.60758205658779D+01
 Second order stability test of a single determinant RHF wave function:
 Stabil:  MDV=134217728
 ***********************************************************************
 Matrix         Lowest Root    Major Pairs
 ***********************************************************************
 Internal RHF     0.2423752    Stable
 RRHF --> CRHF    0.2319746    Stable
 RRHF --> RUHF    0.0406095    Stable
 Stable under the perturbations considered.
 ***********************************************************************

 **********************************************************************

            Population analysis using the SCF density.

 **********************************************************************

 Orbital symmetries:
       Occupied  (AG) (BU) (AG) (BU) (BU) (AG)
       Virtual   (AG) (AG) (BU) (BU) (BU) (AG)
 The electronic state is 1-AG.
 Alpha  occ. eigenvalues --   -0.93510  -0.78282  -0.57790  -0.56765  -0.35199
 Alpha  occ. eigenvalues --   -0.34214
 Alpha virt. eigenvalues --    0.13862   0.21666   0.23951   0.34734   0.50363
 Alpha virt. eigenvalues --    0.55116
          Condensed to atoms (all electrons):
               1          2          3          4          5          6
     1  H    1.068806   0.257406  -0.106763   0.220704  -0.046421  -0.144078
     2  H    0.257406   0.730163  -0.034825  -0.064548   0.186772  -0.024550
     3  H   -0.106763  -0.034825   0.999033  -0.062420   0.009928  -0.005592
     4  H    0.220704  -0.064548  -0.062420   0.961803  -0.111074   0.024383
     5  H   -0.046421   0.186772   0.009928  -0.111074   0.868291   0.169562
     6  H   -0.144078  -0.024550  -0.005592   0.024383   0.169562   0.749880
     7  H   -0.092238  -0.126163  -0.070708   0.326873  -0.053524   0.224585
     8  H   -0.074497  -0.017845   0.326873  -0.175450   0.012923  -0.020590
     9  H   -0.048881  -0.006757   0.224585  -0.020590   0.001163   0.010192
    10  H    0.002265  -0.000255  -0.053524   0.012923  -0.000360   0.001163
    11  H    0.018644   0.007472  -0.126163  -0.017845  -0.000255  -0.006757
    12  H    0.022500   0.018644  -0.092238  -0.074497   0.002265  -0.048881
               7          8          9         10         11         12
     1  H   -0.092238  -0.074497  -0.048881   0.002265   0.018644   0.022500
     2  H   -0.126163  -0.017845  -0.006757  -0.000255   0.007472   0.018644
     3  H   -0.070708   0.326873   0.224585  -0.053524  -0.126163  -0.092238
     4  H    0.326873  -0.175450  -0.020590   0.012923  -0.017845  -0.074497
     5  H   -0.053524   0.012923   0.001163  -0.000360  -0.000255   0.002265
     6  H    0.224585  -0.020590   0.010192   0.001163  -0.006757  -0.048881
     7  H    0.999033  -0.062420  -0.005592   0.009928  -0.034825  -0.106763
     8  H   -0.062420   0.961803   0.024383  -0.111074  -0.064548   0.220704
     9  H   -0.005592   0.024383   0.749880   0.169562  -0.024550  -0.144078
    10  H    0.009928  -0.111074   0.169562   0.868291   0.186772  -0.046421
    11  H   -0.034825  -0.064548  -0.024550   0.186772   0.730163   0.257406
    12  H   -0.106763   0.220704  -0.144078  -0.046421   0.257406   1.068806
 Mulliken charges:
               1
     1  H   -0.077448
     2  H    0.074486
     3  H   -0.008186
     4  H   -0.020265
     5  H   -0.039271
     6  H    0.070683
     7  H   -0.008186
     8  H   -0.020265
     9  H    0.070683
    10  H   -0.039271
    11  H    0.074486
    12  H   -0.077448
 Sum of Mulliken charges =  -0.00000
 Mulliken charges with hydrogens summed into heavy atoms:
               1
 Electronic spatial extent (au):  <R**2>=            161.3498
 Charge=             -0.0000 electrons
 Dipole moment (field-independent basis, Debye):
    X=             -0.0000    Y=              0.0000    Z=              0.0000  Tot=              0.0000
 Quadrupole moment (field-independent basis, Debye-Ang):
   XX=            -17.9574   YY=            -19.5015   ZZ=            -15.4179
   XY=             -0.6246   XZ=              0.0000   YZ=              0.0000
 Traceless Quadrupole moment (field-independent basis, Debye-Ang):
   XX=             -0.3318   YY=             -1.8759   ZZ=              2.2077
   XY=             -0.6246   XZ=              0.0000   YZ=              0.0000
 Octapole moment (field-independent basis, Debye-Ang**2):
  XXX=              0.0000  YYY=             -0.0000  ZZZ=             -0.0000  XYY=             -0.0000
  XXY=             -0.0000  XXZ=              0.0000  XZZ=              0.0000  YZZ=              0.0000
  YYZ=             -0.0000  XYZ=              0.0000
 Hexadecapole moment (field-independent basis, Debye-Ang**3):
 XXXX=            -82.4723 YYYY=           -268.3932 ZZZZ=            -18.4252 XXXY=             24.1108
 XXXZ=             -0.0000 YYYX=             24.7289 YYYZ=              0.0000 ZZZX=             -0.0000
 ZZZY=              0.0000 XXYY=            -59.5147 XXZZ=            -16.5856 YYZZ=            -43.9768
 XXYZ=              0.0000 YYXZ=             -0.0000 ZZXY=              7.7849
 N-N= 1.909851146763D+01 E-N=-4.912211406284D+01  KE= 6.110814859627D+00
 Symmetry AG   KE= 2.954623591956D+00
 Symmetry BG   KE= 0.000000000000D+00
 Symmetry AU   KE= 0.000000000000D+00
 Symmetry BU   KE= 3.156191267672D+00

 Test job not archived.
 1\1\GINC-SULU\Stability\RHF\Gen\H12\LCJ1\17-Feb-2017\0\\#rhf/gen scf(s
 ymm,tight,novaracc,noincfock,fulldiag) stable(crhf) guess=read geom=no
 crowd test\\hf stability analysis of h12 triangular lattice, y= 0.5247
 6848321648584\\0,1\H\H,1,1.2189429575\H,1,1.2189429575,2,129.\H,2,1.21
 89429575,1,51.,3,0.,0\H,2,1.2189429575,1,180.,3,0.,0\H,4,1.2189429575,
 3,180.,5,0.,0\H,6,1.2189429575,5,180.,3,0.,0\H,4,1.2189429575,2,180.,3
 ,0.,0\H,3,1.2189429575,1,180.,4,0.,0\H,9,1.2189429575,3,180.,4,0.,0\H,
 8,1.2189429575,4,180.,3,0.,0\H,7,1.2189429575,6,180.,3,0.,0\\Version=E
 S64L-G09RevE.01\State=1-AG\HF=-5.9647279\MP2=-6.0758206\RMSD=3.028e-09
 \Dipole=0.,0.,0.\Quadrupole=-1.3942582,1.6413511,-0.2470929,0.,0.46491
 84,0.\PG=C02H [SGH(H12)]\\@


 "TIGER, TIGER BURNING BRIGHT
 IN THE FOREST OF THE NIGHT.
 WHAT IMMORTAL HAND OR EYE
 CAN FRAME THY FEARFUL SYMMETRYE?"
                     - WILLIAM BLAKE
 Job cpu time:       0 days  0 hours  0 minutes  1.0 seconds.
 File lengths (MBytes):  RWF=     84 Int=      0 D2E=      0 Chk=      2 Scr=      2
 Normal termination of Gaussian 09 at Fri Feb 17 14:57:29 2017.
