 Entering Gaussian System, Link 0=g09
 AtFile(1): H.gbs
            H     0
            S   10   1.00
               1000.000000000000            0.000068713567
                316.227766000000            0.000169141320
                100.000000000000            0.000823394812
                 31.622776600000            0.003425569236
                 10.000000000000            0.013951996000
                  3.162277660000            0.056909313560
                  1.000000000000            0.198286399900
                  0.316227766000            0.496922426700
                  0.100000000000            0.369846276400
                  0.031622776600            0.003752720039
            ****
 Initial command:
 /projects/guscus/apps/gau/g09-e1/g09/l1.exe "/users/lcj1/gaussian/h12/rhfstability/rect/guess/ag3bu3/Gau-3911.inp" -scrdir="/users/lcj1/gaussian/h12/rhfstability/rect/guess/ag3bu3/"
 Entering Link 1 = /projects/guscus/apps/gau/g09-e1/g09/l1.exe PID=      3912.
  
 Copyright (c) 1988,1990,1992,1993,1995,1998,2003,2009,2015,
            Gaussian, Inc.  All Rights Reserved.
  
 This is part of the Gaussian(R) 09 program.  It is based on
 the Gaussian(R) 03 system (copyright 2003, Gaussian, Inc.),
 the Gaussian(R) 98 system (copyright 1998, Gaussian, Inc.),
 the Gaussian(R) 94 system (copyright 1995, Gaussian, Inc.),
 the Gaussian 92(TM) system (copyright 1992, Gaussian, Inc.),
 the Gaussian 90(TM) system (copyright 1990, Gaussian, Inc.),
 the Gaussian 88(TM) system (copyright 1988, Gaussian, Inc.),
 the Gaussian 86(TM) system (copyright 1986, Carnegie Mellon
 University), and the Gaussian 82(TM) system (copyright 1983,
 Carnegie Mellon University). Gaussian is a federally registered
 trademark of Gaussian, Inc.
  
 This software contains proprietary and confidential information,
 including trade secrets, belonging to Gaussian, Inc.
  
 This software is provided under written license and may be
 used, copied, transmitted, or stored only in accord with that
 written license.
  
 The following legend is applicable only to US Government
 contracts under FAR:
  
                    RESTRICTED RIGHTS LEGEND
  
 Use, reproduction and disclosure by the US Government is
 subject to restrictions as set forth in subparagraphs (a)
 and (c) of the Commercial Computer Software - Restricted
 Rights clause in FAR 52.227-19.
  
 Gaussian, Inc.
 340 Quinnipiac St., Bldg. 40, Wallingford CT 06492
  
  
 ---------------------------------------------------------------
 Warning -- This program may not be used in any manner that
 competes with the business of Gaussian, Inc. or will provide
 assistance to any competitor of Gaussian, Inc.  The licensee
 of this program is prohibited from giving any competitor of
 Gaussian, Inc. access to this program.  By using this program,
 the user acknowledges that Gaussian, Inc. is engaged in the
 business of creating and licensing software in the field of
 computational chemistry and represents and warrants to the
 licensee that it is not a competitor of Gaussian, Inc. and that
 it will not use this program in any manner prohibited above.
 ---------------------------------------------------------------
  

 Cite this work as:
 Gaussian 09, Revision E.01,
 M. J. Frisch, G. W. Trucks, H. B. Schlegel, G. E. Scuseria, 
 M. A. Robb, J. R. Cheeseman, G. Scalmani, V. Barone, B. Mennucci, 
 G. A. Petersson, H. Nakatsuji, M. Caricato, X. Li, H. P. Hratchian, 
 A. F. Izmaylov, J. Bloino, G. Zheng, J. L. Sonnenberg, M. Hada, 
 M. Ehara, K. Toyota, R. Fukuda, J. Hasegawa, M. Ishida, T. Nakajima, 
 Y. Honda, O. Kitao, H. Nakai, T. Vreven, J. A. Montgomery, Jr., 
 J. E. Peralta, F. Ogliaro, M. Bearpark, J. J. Heyd, E. Brothers, 
 K. N. Kudin, V. N. Staroverov, T. Keith, R. Kobayashi, J. Normand, 
 K. Raghavachari, A. Rendell, J. C. Burant, S. S. Iyengar, J. Tomasi, 
 M. Cossi, N. Rega, J. M. Millam, M. Klene, J. E. Knox, J. B. Cross, 
 V. Bakken, C. Adamo, J. Jaramillo, R. Gomperts, R. E. Stratmann, 
 O. Yazyev, A. J. Austin, R. Cammi, C. Pomelli, J. W. Ochterski, 
 R. L. Martin, K. Morokuma, V. G. Zakrzewski, G. A. Voth, 
 P. Salvador, J. J. Dannenberg, S. Dapprich, A. D. Daniels, 
 O. Farkas, J. B. Foresman, J. V. Ortiz, J. Cioslowski, 
 and D. J. Fox, Gaussian, Inc., Wallingford CT, 2013.
 
 ******************************************
 Gaussian 09:  ES64L-G09RevE.01 30-Nov-2015
                17-Feb-2017 
 ******************************************
 %chk=h12.chk
 ----------------------------------------------------------------------
 #rhf/gen scf(symm,tight,novaracc,noincfock,fulldiag) stable(crhf) gues
 s=read geom=nocrowd test
 ----------------------------------------------------------------------
 1/38=1/1;
 2/12=1,17=6,18=5,40=1/2;
 3/5=7,16=1,25=1,30=1,116=1/1,2,3;
 4/5=1,9=4/1;
 5/5=100002,15=2,16=1,32=2,38=6/2;
 8/6=1,10=90,11=11/1,4;
 9/8=4,13=1/2;
 6/7=2,8=2,9=2,10=2,28=1/1;
 99/5=1,9=1/99;
 ----------------------------------------------------------------------
 hf stability analysis of h12 triangular lattice, y= 1.0365814879045478
 ----------------------------------------------------------------------
 Symbolic Z-matrix:
 Charge =  0 Multiplicity = 1
 H
 H                    1     1.17674 
 H                    1     1.17674  2     56.5 
 H                    2     1.17674  1     123.5    3     0.       0
 H                    2     1.17674  1     180.     3     0.       0
 H                    4     1.17674  3     180.     5     0.       0
 H                    6     1.17674  5     180.     3     0.       0
 H                    4     1.17674  2     180.     3     0.       0
 H                    3     1.17674  1     180.     4     0.       0
 H                    9     1.17674  3     180.     4     0.       0
 H                    8     1.17674  4     180.     3     0.       0
 H                    7     1.17674  6     180.     3     0.       0
 
                          Input orientation:                          
 ---------------------------------------------------------------------
 Center     Atomic      Atomic             Coordinates (Angstroms)
 Number     Number       Type             X           Y           Z
 ---------------------------------------------------------------------
      1          1           0        0.000000    0.000000    0.000000
      2          1           0        0.000000    0.000000    1.176742
      3          1           0        0.981269    0.000000    0.649488
      4          1           0        0.981269    0.000000    1.826230
      5          1           0        0.000000    0.000000    2.353485
      6          1           0        0.981269    0.000000    3.002972
      7          1           0        1.962538    0.000000    3.652460
      8          1           0        1.962538    0.000000    2.475718
      9          1           0        1.962538    0.000000    1.298975
     10          1           0        2.943806    0.000000    1.948463
     11          1           0        2.943806    0.000000    3.125205
     12          1           0        2.943806    0.000000    4.301948
 ---------------------------------------------------------------------
                    Distance matrix (angstroms):
                    1          2          3          4          5
     1  H    0.000000
     2  H    1.176742   0.000000
     3  H    1.176742   1.113951   0.000000
     4  H    2.073163   1.176742   1.176742   0.000000
     5  H    2.353485   1.176742   1.966340   1.113951   0.000000
     6  H    3.159230   2.073163   2.353485   1.176742   1.176742
     7  H    4.146326   3.159230   3.159230   2.073163   2.353485
     8  H    3.159230   2.353485   2.073163   1.176742   1.966340
     9  H    2.353485   1.966340   1.176742   1.113951   2.227901
    10  H    3.530227   3.043279   2.353485   1.966340   2.971538
    11  H    4.293356   3.530227   3.159230   2.353485   3.043279
    12  H    5.212749   4.293356   4.146326   3.159230   3.530227
                    6          7          8          9         10
     6  H    0.000000
     7  H    1.176742   0.000000
     8  H    1.113951   1.176742   0.000000
     9  H    1.966340   2.353485   1.176742   0.000000
    10  H    2.227901   1.966340   1.113951   1.176742   0.000000
    11  H    1.966340   1.113951   1.176742   2.073163   1.176742
    12  H    2.353485   1.176742   2.073163   3.159230   2.353485
                   11         12
    11  H    0.000000
    12  H    1.176742   0.000000
 Stoichiometry    H12
 Framework group  C2H[SGH(H12)]
 Deg. of freedom    11
 Full point group                 C2H     NOp   4
 Largest Abelian subgroup         C2H     NOp   4
 Largest concise Abelian subgroup C2      NOp   2
                         Standard orientation:                         
 ---------------------------------------------------------------------
 Center     Atomic      Atomic             Coordinates (Angstroms)
 Number     Number       Type             X           Y           Z
 ---------------------------------------------------------------------
      1          1           0        0.981269    2.414601    0.000000
      2          1           0        0.000000    1.765114    0.000000
      3          1           0        0.981269    1.237859    0.000000
      4          1           0        0.000000    0.588371    0.000000
      5          1           0       -0.981269    1.115626    0.000000
      6          1           0       -0.981269   -0.061116    0.000000
      7          1           0       -0.981269   -1.237859    0.000000
      8          1           0       -0.000000   -0.588371    0.000000
      9          1           0        0.981269    0.061116   -0.000000
     10          1           0        0.981269   -1.115626   -0.000000
     11          1           0       -0.000000   -1.765114    0.000000
     12          1           0       -0.981269   -2.414601    0.000000
 ---------------------------------------------------------------------
 Rotational constants (GHZ):     80.2270893     19.5894865     15.7449549
 General basis read from cards:  (5D, 7F)
 There are     6 symmetry adapted cartesian basis functions of AG  symmetry.
 There are     0 symmetry adapted cartesian basis functions of BG  symmetry.
 There are     0 symmetry adapted cartesian basis functions of AU  symmetry.
 There are     6 symmetry adapted cartesian basis functions of BU  symmetry.
 There are     6 symmetry adapted basis functions of AG  symmetry.
 There are     0 symmetry adapted basis functions of BG  symmetry.
 There are     0 symmetry adapted basis functions of AU  symmetry.
 There are     6 symmetry adapted basis functions of BU  symmetry.
    12 basis functions,   120 primitive gaussians,    12 cartesian basis functions
     6 alpha electrons        6 beta electrons
       nuclear repulsion energy        19.3853151195 Hartrees.
 NAtoms=   12 NActive=   12 NUniq=    6 SFac= 4.00D+00 NAtFMM=   60 NAOKFM=F Big=F
 Integral buffers will be    131072 words long.
 Regular integral format.
 Two-electron integral symmetry is turned on.
 One-electron integrals computed using PRISM.
 NBasis=    12 RedAO= T EigKep=  1.84D-01  NBF=     6     0     0     6
 NBsUse=    12 1.00D-06 EigRej= -1.00D+00 NBFU=     6     0     0     6
 Initial guess from the checkpoint file:  "h12.chk"
 B after Tr=    -0.000000    0.000000    0.000000
         Rot=    0.968535    0.000000    0.000000   -0.248876 Ang= -28.82 deg.
 Initial guess orbital symmetries:
       Occupied  (AG) (BU) (AG) (BU) (BU) (AG)
       Virtual   (BU) (AG) (BU) (AG) (AG) (BU)
 Keep R1 ints in memory in symmetry-blocked form, NReq=903252.
 Requested convergence on RMS density matrix=1.00D-08 within 128 cycles.
 Requested convergence on MAX density matrix=1.00D-06.
 Requested convergence on             energy=1.00D-06.
 No special actions if energy rises.
 SCF Done:  E(RHF) =  -5.94788806175     A.U. after   13 cycles
            NFock= 13  Conv=0.58D-09     -V/T= 1.9667
 Range of M.O.s used for correlation:     1    12
 NBasis=    12 NAE=     6 NBE=     6 NFC=     0 NFV=     0
 NROrb=     12 NOA=     6 NOB=     6 NVA=     6 NVB=     6
 Semi-Direct transformation.
 ModeAB=           4 MOrb=             6 LenV=     134085025
 LASXX=         2181 LTotXX=        2181 LenRXX=        5115
 LTotAB=        2934 MaxLAS=        3024 LenRXY=           0
 NonZer=        7296 LenScr=      655360 LnRSAI=        3024
 LnScr1=      655360 LExtra=           0 Total=      1318859
 MaxDsk=          -1 SrtSym=           T ITran=            3
 JobTyp=0 Pass  1:  I=   1 to   6.
 (rs|ai) integrals will be sorted in core.
 Spin components of T(2) and E(2):
     alpha-alpha T2 =       0.4494236485D-02 E2=     -0.6841418146D-02
     alpha-beta  T2 =       0.6253704300D-01 E2=     -0.9843229065D-01
     beta-beta   T2 =       0.4494236485D-02 E2=     -0.6841418146D-02
 ANorm=    0.1035145167D+01
 E2 =    -0.1121151269D+00 EUMP2 =    -0.60600031886878D+01
 Second order stability test of a single determinant RHF wave function:
 Stabil:  MDV=134217728
 ***********************************************************************
 Matrix         Lowest Root    Major Pairs
 ***********************************************************************
 Internal RHF     0.2360747    Stable
 RRHF --> CRHF    0.195014     Stable
 RRHF --> RUHF    0.0619756    Stable
 Stable under the perturbations considered.
 ***********************************************************************

 **********************************************************************

            Population analysis using the SCF density.

 **********************************************************************

 Orbital symmetries:
       Occupied  (AG) (BU) (BU) (AG) (AG) (BU)
       Virtual   (AG) (AG) (BU) (BU) (BU) (AG)
 The electronic state is 1-AG.
 Alpha  occ. eigenvalues --   -0.95962  -0.78892  -0.60590  -0.56755  -0.37258
 Alpha  occ. eigenvalues --   -0.32536
 Alpha virt. eigenvalues --    0.13280   0.20348   0.22078   0.39079   0.48074
 Alpha virt. eigenvalues --    0.56410
          Condensed to atoms (all electrons):
               1          2          3          4          5          6
     1  H    0.979283   0.204374   0.152011  -0.142667  -0.056484   0.012724
     2  H    0.204374   0.707038  -0.024073  -0.075053   0.254011  -0.034812
     3  H    0.152011  -0.024073   0.751938   0.062161  -0.129352  -0.017577
     4  H   -0.142667  -0.075053   0.062161   1.014534   0.205316  -0.058475
     5  H   -0.056484   0.254011  -0.129352   0.205316   1.046579  -0.094224
     6  H    0.012724  -0.034812  -0.017577  -0.058475  -0.094224   0.928885
     7  H    0.002306  -0.008280   0.012838  -0.030856  -0.059902   0.220599
     8  H    0.018987  -0.024369  -0.030856  -0.197738  -0.082118   0.323564
     9  H   -0.067067  -0.107983   0.220599   0.323564  -0.061684  -0.077794
    10  H    0.003752   0.018378  -0.059902  -0.082118   0.020356  -0.061684
    11  H   -0.000246   0.008899  -0.008280  -0.024369   0.018378  -0.107983
    12  H   -0.000737  -0.000246   0.002306   0.018987   0.003752  -0.067067
               7          8          9         10         11         12
     1  H    0.002306   0.018987  -0.067067   0.003752  -0.000246  -0.000737
     2  H   -0.008280  -0.024369  -0.107983   0.018378   0.008899  -0.000246
     3  H    0.012838  -0.030856   0.220599  -0.059902  -0.008280   0.002306
     4  H   -0.030856  -0.197738   0.323564  -0.082118  -0.024369   0.018987
     5  H   -0.059902  -0.082118  -0.061684   0.020356   0.018378   0.003752
     6  H    0.220599   0.323564  -0.077794  -0.061684  -0.107983  -0.067067
     7  H    0.751938   0.062161  -0.017577  -0.129352  -0.024073   0.152011
     8  H    0.062161   1.014534  -0.058475   0.205316  -0.075053  -0.142667
     9  H   -0.017577  -0.058475   0.928885  -0.094224  -0.034812   0.012724
    10  H   -0.129352   0.205316  -0.094224   1.046579   0.254011  -0.056484
    11  H   -0.024073  -0.075053  -0.034812   0.254011   0.707038   0.204374
    12  H    0.152011  -0.142667   0.012724  -0.056484   0.204374   0.979283
 Mulliken charges:
               1
     1  H   -0.106236
     2  H    0.082117
     3  H    0.068187
     4  H   -0.013285
     5  H   -0.064628
     6  H    0.033845
     7  H    0.068187
     8  H   -0.013285
     9  H    0.033845
    10  H   -0.064628
    11  H    0.082117
    12  H   -0.106236
 Sum of Mulliken charges =  -0.00000
 Mulliken charges with hydrogens summed into heavy atoms:
               1
 Electronic spatial extent (au):  <R**2>=            155.8729
 Charge=              0.0000 electrons
 Dipole moment (field-independent basis, Debye):
    X=              0.0000    Y=              0.0000    Z=             -0.0000  Tot=              0.0000
 Quadrupole moment (field-independent basis, Debye-Ang):
   XX=            -17.8315   YY=            -23.4851   ZZ=            -15.3623
   XY=             -1.2396   XZ=              0.0000   YZ=              0.0000
 Traceless Quadrupole moment (field-independent basis, Debye-Ang):
   XX=              1.0614   YY=             -4.5921   ZZ=              3.5307
   XY=             -1.2396   XZ=              0.0000   YZ=              0.0000
 Octapole moment (field-independent basis, Debye-Ang**2):
  XXX=              0.0000  YYY=             -0.0000  ZZZ=             -0.0000  XYY=              0.0000
  XXY=              0.0000  XXZ=             -0.0000  XZZ=              0.0000  YZZ=             -0.0000
  YYZ=             -0.0000  XYZ=             -0.0000
 Hexadecapole moment (field-independent basis, Debye-Ang**3):
 XXXX=            -85.8949 YYYY=           -276.6500 ZZZZ=            -18.3031 XXXY=            -24.1394
 XXXZ=              0.0000 YYYX=            -34.3316 YYYZ=              0.0000 ZZZX=              0.0000
 ZZZY=              0.0000 XXYY=            -61.2427 XXZZ=            -17.1549 YYZZ=            -40.9438
 XXYZ=              0.0000 YYXZ=              0.0000 ZZXY=             -7.2410
 N-N= 1.938531511954D+01 E-N=-4.957907557134D+01  KE= 6.152537187779D+00
 Symmetry AG   KE= 2.948124888253D+00
 Symmetry BG   KE= 0.000000000000D+00
 Symmetry AU   KE= 0.000000000000D+00
 Symmetry BU   KE= 3.204412299527D+00

 Test job not archived.
 1\1\GINC-SULU\Stability\RHF\Gen\H12\LCJ1\17-Feb-2017\0\\#rhf/gen scf(s
 ymm,tight,novaracc,noincfock,fulldiag) stable(crhf) guess=read geom=no
 crowd test\\hf stability analysis of h12 triangular lattice, y= 1.0365
 814879045478\\0,1\H\H,1,1.1767423884\H,1,1.1767423884,2,56.5\H,2,1.176
 7423884,1,123.5,3,0.,0\H,2,1.1767423884,1,180.,3,0.,0\H,4,1.1767423884
 ,3,180.,5,0.,0\H,6,1.1767423884,5,180.,3,0.,0\H,4,1.1767423884,2,180.,
 3,0.,0\H,3,1.1767423884,1,180.,4,0.,0\H,9,1.1767423884,3,180.,4,0.,0\H
 ,8,1.1767423884,4,180.,3,0.,0\H,7,1.1767423884,6,180.,3,0.,0\\Version=
 ES64L-G09RevE.01\State=1-AG\HF=-5.9478881\MP2=-6.0600032\RMSD=5.819e-1
 0\Dipole=0.,0.,0.\Quadrupole=-1.2852939,2.6249754,-1.3396814,0.,-2.294
 6911,0.\PG=C02H [SGH(H12)]\\@


 THE MOST SERIOUS THREAT TO THE SURVIVAL OF MANKIND IS NOT NOW
 IGNORANCE IN THE TRADITIONAL SENSE,
 BUT A MORALLY NEUTRAL, AN INSENSITIVE OR INHIBITED HUMAN INTELLIGENCE.

                     -- MARGO JEFFERSON IN NEWSWEEK, SEPTEMBER 2, 1974
 Job cpu time:       0 days  0 hours  0 minutes  1.1 seconds.
 File lengths (MBytes):  RWF=     84 Int=      0 D2E=      0 Chk=      2 Scr=      2
 Normal termination of Gaussian 09 at Fri Feb 17 15:05:09 2017.
