 Entering Gaussian System, Link 0=g09
 AtFile(1): H.gbs
            H     0
            S   10   1.00
               1000.000000000000            0.000068713567
                316.227766000000            0.000169141320
                100.000000000000            0.000823394812
                 31.622776600000            0.003425569236
                 10.000000000000            0.013951996000
                  3.162277660000            0.056909313560
                  1.000000000000            0.198286399900
                  0.316227766000            0.496922426700
                  0.100000000000            0.369846276400
                  0.031622776600            0.003752720039
            ****
 Initial command:
 /projects/guscus/apps/gau/g09-e1/g09/l1.exe "/users/lcj1/gaussian/h12/rhfstability/rect/guess/ag3bu3/Gau-14774.inp" -scrdir="/users/lcj1/gaussian/h12/rhfstability/rect/guess/ag3bu3/"
 Entering Link 1 = /projects/guscus/apps/gau/g09-e1/g09/l1.exe PID=     14775.
  
 Copyright (c) 1988,1990,1992,1993,1995,1998,2003,2009,2015,
            Gaussian, Inc.  All Rights Reserved.
  
 This is part of the Gaussian(R) 09 program.  It is based on
 the Gaussian(R) 03 system (copyright 2003, Gaussian, Inc.),
 the Gaussian(R) 98 system (copyright 1998, Gaussian, Inc.),
 the Gaussian(R) 94 system (copyright 1995, Gaussian, Inc.),
 the Gaussian 92(TM) system (copyright 1992, Gaussian, Inc.),
 the Gaussian 90(TM) system (copyright 1990, Gaussian, Inc.),
 the Gaussian 88(TM) system (copyright 1988, Gaussian, Inc.),
 the Gaussian 86(TM) system (copyright 1986, Carnegie Mellon
 University), and the Gaussian 82(TM) system (copyright 1983,
 Carnegie Mellon University). Gaussian is a federally registered
 trademark of Gaussian, Inc.
  
 This software contains proprietary and confidential information,
 including trade secrets, belonging to Gaussian, Inc.
  
 This software is provided under written license and may be
 used, copied, transmitted, or stored only in accord with that
 written license.
  
 The following legend is applicable only to US Government
 contracts under FAR:
  
                    RESTRICTED RIGHTS LEGEND
  
 Use, reproduction and disclosure by the US Government is
 subject to restrictions as set forth in subparagraphs (a)
 and (c) of the Commercial Computer Software - Restricted
 Rights clause in FAR 52.227-19.
  
 Gaussian, Inc.
 340 Quinnipiac St., Bldg. 40, Wallingford CT 06492
  
  
 ---------------------------------------------------------------
 Warning -- This program may not be used in any manner that
 competes with the business of Gaussian, Inc. or will provide
 assistance to any competitor of Gaussian, Inc.  The licensee
 of this program is prohibited from giving any competitor of
 Gaussian, Inc. access to this program.  By using this program,
 the user acknowledges that Gaussian, Inc. is engaged in the
 business of creating and licensing software in the field of
 computational chemistry and represents and warrants to the
 licensee that it is not a competitor of Gaussian, Inc. and that
 it will not use this program in any manner prohibited above.
 ---------------------------------------------------------------
  

 Cite this work as:
 Gaussian 09, Revision E.01,
 M. J. Frisch, G. W. Trucks, H. B. Schlegel, G. E. Scuseria, 
 M. A. Robb, J. R. Cheeseman, G. Scalmani, V. Barone, B. Mennucci, 
 G. A. Petersson, H. Nakatsuji, M. Caricato, X. Li, H. P. Hratchian, 
 A. F. Izmaylov, J. Bloino, G. Zheng, J. L. Sonnenberg, M. Hada, 
 M. Ehara, K. Toyota, R. Fukuda, J. Hasegawa, M. Ishida, T. Nakajima, 
 Y. Honda, O. Kitao, H. Nakai, T. Vreven, J. A. Montgomery, Jr., 
 J. E. Peralta, F. Ogliaro, M. Bearpark, J. J. Heyd, E. Brothers, 
 K. N. Kudin, V. N. Staroverov, T. Keith, R. Kobayashi, J. Normand, 
 K. Raghavachari, A. Rendell, J. C. Burant, S. S. Iyengar, J. Tomasi, 
 M. Cossi, N. Rega, J. M. Millam, M. Klene, J. E. Knox, J. B. Cross, 
 V. Bakken, C. Adamo, J. Jaramillo, R. Gomperts, R. E. Stratmann, 
 O. Yazyev, A. J. Austin, R. Cammi, C. Pomelli, J. W. Ochterski, 
 R. L. Martin, K. Morokuma, V. G. Zakrzewski, G. A. Voth, 
 P. Salvador, J. J. Dannenberg, S. Dapprich, A. D. Daniels, 
 O. Farkas, J. B. Foresman, J. V. Ortiz, J. Cioslowski, 
 and D. J. Fox, Gaussian, Inc., Wallingford CT, 2013.
 
 ******************************************
 Gaussian 09:  ES64L-G09RevE.01 30-Nov-2015
                17-Feb-2017 
 ******************************************
 %chk=h12.chk
 ----------------------------------------------------------------------
 #rhf/gen scf(symm,tight,novaracc,noincfock,fulldiag) stable(crhf) gues
 s=read geom=nocrowd test
 ----------------------------------------------------------------------
 1/38=1/1;
 2/12=1,17=6,18=5,40=1/2;
 3/5=7,16=1,25=1,30=1,116=1/1,2,3;
 4/5=1,9=4/1;
 5/5=100002,15=2,16=1,32=2,38=6/2;
 8/6=1,10=90,11=11/1,4;
 9/8=4,13=1/2;
 6/7=2,8=2,9=2,10=2,28=1/1;
 99/5=1,9=1/99;
 ----------------------------------------------------------------------
 hf stability analysis of h12 triangular lattice, y= 0.4395209933011619
 6
 ----------------------------------------------------------------------
 Symbolic Z-matrix:
 Charge =  0 Multiplicity = 1
 H
 H                    1     1.38517 
 H                    1     1.38517  2     143. 
 H                    2     1.38517  1     37.      3     0.       0
 H                    2     1.38517  1     180.     3     0.       0
 H                    4     1.38517  3     180.     5     0.       0
 H                    6     1.38517  5     180.     3     0.       0
 H                    4     1.38517  2     180.     3     0.       0
 H                    3     1.38517  1     180.     4     0.       0
 H                    9     1.38517  3     180.     4     0.       0
 H                    8     1.38517  4     180.     3     0.       0
 H                    7     1.38517  6     180.     3     0.       0
 
                          Input orientation:                          
 ---------------------------------------------------------------------
 Center     Atomic      Atomic             Coordinates (Angstroms)
 Number     Number       Type             X           Y           Z
 ---------------------------------------------------------------------
      1          1           0        0.000000    0.000000    0.000000
      2          1           0        0.000000    0.000000    1.385170
      3          1           0        0.833616    0.000000   -1.106246
      4          1           0        0.833616    0.000000    0.278924
      5          1           0        0.000000    0.000000    2.770341
      6          1           0        0.833616    0.000000    1.664094
      7          1           0        1.667233    0.000000    0.557848
      8          1           0        1.667233    0.000000   -0.827322
      9          1           0        1.667233    0.000000   -2.212492
     10          1           0        2.500849    0.000000   -3.318739
     11          1           0        2.500849    0.000000   -1.933568
     12          1           0        2.500849    0.000000   -0.548398
 ---------------------------------------------------------------------
                    Distance matrix (angstroms):
                    1          2          3          4          5
     1  H    0.000000
     2  H    1.385170   0.000000
     3  H    1.385170   2.627179   0.000000
     4  H    0.879042   1.385170   1.385170   0.000000
     5  H    2.770341   1.385170   3.965204   2.627179   0.000000
     6  H    1.861216   0.879042   2.770341   1.385170   1.385170
     7  H    1.758084   1.861216   1.861216   0.879042   2.770341
     8  H    1.861216   2.770341   0.879042   1.385170   3.965204
     9  H    2.770341   3.965204   1.385170   2.627179   5.254359
    10  H    4.155511   5.327382   2.770341   3.965204   6.582638
    11  H    3.161160   4.155511   1.861216   2.770341   5.327382
    12  H    2.560271   3.161160   1.758084   1.861216   4.155511
                    6          7          8          9         10
     6  H    0.000000
     7  H    1.385170   0.000000
     8  H    2.627179   1.385170   0.000000
     9  H    3.965204   2.770341   1.385170   0.000000
    10  H    5.254359   3.965204   2.627179   1.385170   0.000000
    11  H    3.965204   2.627179   1.385170   0.879042   1.385170
    12  H    2.770341   1.385170   0.879042   1.861216   2.770341
                   11         12
    11  H    0.000000
    12  H    1.385170   0.000000
 Stoichiometry    H12
 Framework group  C2H[SGH(H12)]
 Deg. of freedom    11
 Full point group                 C2H     NOp   4
 Largest Abelian subgroup         C2H     NOp   4
 Largest concise Abelian subgroup C2      NOp   2
                         Standard orientation:                         
 ---------------------------------------------------------------------
 Center     Atomic      Atomic             Coordinates (Angstroms)
 Number     Number       Type             X           Y           Z
 ---------------------------------------------------------------------
      1          1           0        0.833616    0.971509   -0.000000
      2          1           0        0.000000    2.077755   -0.000000
      3          1           0        0.833616   -0.413661    0.000000
      4          1           0        0.000000    0.692585   -0.000000
      5          1           0       -0.833616    3.184002   -0.000000
      6          1           0       -0.833616    1.798831   -0.000000
      7          1           0       -0.833616    0.413661    0.000000
      8          1           0       -0.000000   -0.692585   -0.000000
      9          1           0        0.833616   -1.798831   -0.000000
     10          1           0        0.833616   -3.184002   -0.000000
     11          1           0       -0.000000   -2.077755   -0.000000
     12          1           0       -0.833616   -0.971509   -0.000000
 ---------------------------------------------------------------------
 Rotational constants (GHZ):    125.8163889     12.4912795     11.3631276
 General basis read from cards:  (5D, 7F)
 There are     6 symmetry adapted cartesian basis functions of AG  symmetry.
 There are     0 symmetry adapted cartesian basis functions of BG  symmetry.
 There are     0 symmetry adapted cartesian basis functions of AU  symmetry.
 There are     6 symmetry adapted cartesian basis functions of BU  symmetry.
 There are     6 symmetry adapted basis functions of AG  symmetry.
 There are     0 symmetry adapted basis functions of BG  symmetry.
 There are     0 symmetry adapted basis functions of AU  symmetry.
 There are     6 symmetry adapted basis functions of BU  symmetry.
    12 basis functions,   120 primitive gaussians,    12 cartesian basis functions
     6 alpha electrons        6 beta electrons
       nuclear repulsion energy        18.1555730315 Hartrees.
 NAtoms=   12 NActive=   12 NUniq=    6 SFac= 4.00D+00 NAtFMM=   60 NAOKFM=F Big=F
 Integral buffers will be    131072 words long.
 Regular integral format.
 Two-electron integral symmetry is turned on.
 One-electron integrals computed using PRISM.
 NBasis=    12 RedAO= T EigKep=  1.41D-01  NBF=     6     0     0     6
 NBsUse=    12 1.00D-06 EigRej= -1.00D+00 NBFU=     6     0     0     6
 Initial guess from the checkpoint file:  "h12.chk"
 B after Tr=     0.000000    0.000000    0.000000
         Rot=    0.999775    0.000000    0.000000   -0.021235 Ang=  -2.43 deg.
 Initial guess orbital symmetries:
       Occupied  (AG) (BU) (AG) (BU) (BU) (AG)
       Virtual   (BU) (AG) (BU) (AG) (AG) (BU)
 Keep R1 ints in memory in symmetry-blocked form, NReq=900144.
 Requested convergence on RMS density matrix=1.00D-08 within 128 cycles.
 Requested convergence on MAX density matrix=1.00D-06.
 Requested convergence on             energy=1.00D-06.
 No special actions if energy rises.
 SCF Done:  E(RHF) =  -5.85308519650     A.U. after   18 cycles
            NFock= 18  Conv=0.18D-08     -V/T= 1.9564
 Range of M.O.s used for correlation:     1    12
 NBasis=    12 NAE=     6 NBE=     6 NFC=     0 NFV=     0
 NROrb=     12 NOA=     6 NOB=     6 NVA=     6 NVB=     6
 Semi-Direct transformation.
 ModeAB=           4 MOrb=             6 LenV=     134088217
 LASXX=         2181 LTotXX=        2181 LenRXX=        5115
 LTotAB=        2934 MaxLAS=        3024 LenRXY=           0
 NonZer=        7296 LenScr=      655360 LnRSAI=        3024
 LnScr1=      655360 LExtra=           0 Total=      1318859
 MaxDsk=          -1 SrtSym=           T ITran=            3
 JobTyp=0 Pass  1:  I=   1 to   6.
 (rs|ai) integrals will be sorted in core.
 Spin components of T(2) and E(2):
     alpha-alpha T2 =       0.3772164979D-02 E2=     -0.5455757957D-02
     alpha-beta  T2 =       0.7653995711D-01 E2=     -0.1015600263D+00
     beta-beta   T2 =       0.3772164979D-02 E2=     -0.5455757957D-02
 ANorm=    0.1041193684D+01
 E2 =    -0.1124715422D+00 EUMP2 =    -0.59655567386957D+01
 Second order stability test of a single determinant RHF wave function:
 Stabil:  MDV=134217728
 ***********************************************************************
 Matrix         Lowest Root    Major Pairs
 ***********************************************************************
 Internal RHF     0.0477353    Stable
 RRHF --> CRHF    0.0227312    Stable
 RRHF --> RUHF   -0.0701601    6A=7B 4A=8B 3A=7B 5A=8B 2A=9B
 Not stable.
 ***********************************************************************

 **********************************************************************

            Population analysis using the SCF density.

 **********************************************************************

 Orbital symmetries:
       Occupied  (AG) (BU) (AG) (BU) (BU) (AG)
       Virtual   (AG) (BU) (BU) (AG) (AG) (BU)
 The electronic state is 1-AG.
 Alpha  occ. eigenvalues --   -0.84447  -0.75049  -0.59722  -0.45351  -0.39159
 Alpha  occ. eigenvalues --   -0.23270
 Alpha virt. eigenvalues --    0.00553   0.08094   0.32605   0.42642   0.58429
 Alpha virt. eigenvalues --    0.78355
          Condensed to atoms (all electrons):
               1          2          3          4          5          6
     1  H    1.161836   0.266832  -0.097074   0.222097  -0.033960  -0.149474
     2  H    0.266832   0.865648  -0.029048  -0.055427   0.087957   0.012650
     3  H   -0.097074  -0.029048   1.232760  -0.050909   0.004848   0.004488
     4  H    0.222097  -0.055427  -0.050909   0.825880  -0.045106  -0.024267
     5  H   -0.033960   0.087957   0.004848  -0.045106   0.634079   0.200363
     6  H   -0.149474   0.012650   0.004488  -0.024267   0.200363   0.682330
     7  H   -0.216599  -0.182027  -0.040345   0.340865  -0.013188   0.185313
     8  H   -0.058275  -0.007117   0.340865  -0.110016   0.003460  -0.002774
     9  H   -0.017015  -0.002455   0.185313  -0.002774   0.000206   0.002235
    10  H   -0.001030  -0.000244  -0.013188   0.003460  -0.000023   0.000206
    11  H    0.017193   0.003982  -0.182027  -0.007117  -0.000244  -0.002455
    12  H    0.021062   0.017193  -0.216599  -0.058275  -0.001030  -0.017015
               7          8          9         10         11         12
     1  H   -0.216599  -0.058275  -0.017015  -0.001030   0.017193   0.021062
     2  H   -0.182027  -0.007117  -0.002455  -0.000244   0.003982   0.017193
     3  H   -0.040345   0.340865   0.185313  -0.013188  -0.182027  -0.216599
     4  H    0.340865  -0.110016  -0.002774   0.003460  -0.007117  -0.058275
     5  H   -0.013188   0.003460   0.000206  -0.000023  -0.000244  -0.001030
     6  H    0.185313  -0.002774   0.002235   0.000206  -0.002455  -0.017015
     7  H    1.232760  -0.050909   0.004488   0.004848  -0.029048  -0.097074
     8  H   -0.050909   0.825880  -0.024267  -0.045106  -0.055427   0.222097
     9  H    0.004488  -0.024267   0.682330   0.200363   0.012650  -0.149474
    10  H    0.004848  -0.045106   0.200363   0.634079   0.087957  -0.033960
    11  H   -0.029048  -0.055427   0.012650   0.087957   0.865648   0.266832
    12  H   -0.097074   0.222097  -0.149474  -0.033960   0.266832   1.161836
 Mulliken charges:
               1
     1  H   -0.115594
     2  H    0.022055
     3  H   -0.139085
     4  H   -0.038411
     5  H    0.162636
     6  H    0.108400
     7  H   -0.139085
     8  H   -0.038411
     9  H    0.108400
    10  H    0.162636
    11  H    0.022055
    12  H   -0.115594
 Sum of Mulliken charges =  -0.00000
 Mulliken charges with hydrogens summed into heavy atoms:
               1
 Electronic spatial extent (au):  <R**2>=            182.3815
 Charge=             -0.0000 electrons
 Dipole moment (field-independent basis, Debye):
    X=              0.0000    Y=              0.0000    Z=             -0.0000  Tot=              0.0000
 Quadrupole moment (field-independent basis, Debye-Ang):
   XX=            -18.1928   YY=              0.3647   ZZ=            -15.5158
   XY=             -6.5844   XZ=             -0.0000   YZ=              0.0000
 Traceless Quadrupole moment (field-independent basis, Debye-Ang):
   XX=             -7.0782   YY=             11.4793   ZZ=             -4.4012
   XY=             -6.5844   XZ=             -0.0000   YZ=              0.0000
 Octapole moment (field-independent basis, Debye-Ang**2):
  XXX=              0.0000  YYY=             -0.0000  ZZZ=              0.0000  XYY=              0.0000
  XXY=              0.0000  XXZ=              0.0000  XZZ=              0.0000  YZZ=              0.0000
  YYZ=             -0.0000  XYZ=              0.0000
 Hexadecapole moment (field-independent basis, Debye-Ang**3):
 XXXX=            -71.0583 YYYY=           -117.9737 ZZZZ=            -18.6904 XXXY=             22.4689
 XXXZ=             -0.0000 YYYX=            -30.3112 YYYZ=              0.0000 ZZZX=              0.0000
 ZZZY=             -0.0000 XXYY=            -54.8098 XXZZ=            -14.7120 YYZZ=            -55.0008
 XXYZ=             -0.0000 YYXZ=             -0.0000 ZZXY=              8.5153
 N-N= 1.815557303148D+01 E-N=-4.759742802992D+01  KE= 6.120061455242D+00
 Symmetry AG   KE= 3.009054368214D+00
 Symmetry BG   KE= 0.000000000000D+00
 Symmetry AU   KE= 0.000000000000D+00
 Symmetry BU   KE= 3.111007087028D+00

 Test job not archived.
 1\1\GINC-SULU\Stability\RHF\Gen\H12\LCJ1\17-Feb-2017\0\\#rhf/gen scf(s
 ymm,tight,novaracc,noincfock,fulldiag) stable(crhf) guess=read geom=no
 crowd test\\hf stability analysis of h12 triangular lattice, y= 0.4395
 2099330116196\\0,1\H\H,1,1.3851702855\H,1,1.3851702855,2,143.\H,2,1.38
 51702855,1,37.,3,0.,0\H,2,1.3851702855,1,180.,3,0.,0\H,4,1.3851702855,
 3,180.,5,0.,0\H,6,1.3851702855,5,180.,3,0.,0\H,4,1.3851702855,2,180.,3
 ,0.,0\H,3,1.3851702855,1,180.,4,0.,0\H,9,1.3851702855,3,180.,4,0.,0\H,
 8,1.3851702855,4,180.,3,0.,0\H,7,1.3851702855,6,180.,3,0.,0\\Version=E
 S64L-G09RevE.01\State=1-AG\HF=-5.8530852\MP2=-5.9655567\RMSD=1.813e-09
 \Dipole=0.,0.,0.\Quadrupole=-4.9711217,-3.2721523,8.243274,0.,-5.28195
 08,0.\PG=C02H [SGH(H12)]\\@


 TO SEE A WORLD IN A GRAIN OF SAND
 AND A HEAVEN IN A WILD FLOWER
 HOLD INFINITY IN THE PALM OF YOUR HAND
 AND ETERNITY IN AN HOUR

                       -- WILLIAM BLAKE
 Job cpu time:       0 days  0 hours  0 minutes  1.0 seconds.
 File lengths (MBytes):  RWF=     84 Int=      0 D2E=      0 Chk=      2 Scr=      2
 Normal termination of Gaussian 09 at Fri Feb 17 14:56:00 2017.
