 Entering Gaussian System, Link 0=g09
 AtFile(1): H.gbs
            H     0
            S   10   1.00
               1000.000000000000            0.000068713567
                316.227766000000            0.000169141320
                100.000000000000            0.000823394812
                 31.622776600000            0.003425569236
                 10.000000000000            0.013951996000
                  3.162277660000            0.056909313560
                  1.000000000000            0.198286399900
                  0.316227766000            0.496922426700
                  0.100000000000            0.369846276400
                  0.031622776600            0.003752720039
            ****
 Initial command:
 /projects/guscus/apps/gau/g09-e1/g09/l1.exe "/users/lcj1/gaussian/h12/rhfstability/rect/guess/ag3bu3/Gau-8179.inp" -scrdir="/users/lcj1/gaussian/h12/rhfstability/rect/guess/ag3bu3/"
 Entering Link 1 = /projects/guscus/apps/gau/g09-e1/g09/l1.exe PID=      8180.
  
 Copyright (c) 1988,1990,1992,1993,1995,1998,2003,2009,2015,
            Gaussian, Inc.  All Rights Reserved.
  
 This is part of the Gaussian(R) 09 program.  It is based on
 the Gaussian(R) 03 system (copyright 2003, Gaussian, Inc.),
 the Gaussian(R) 98 system (copyright 1998, Gaussian, Inc.),
 the Gaussian(R) 94 system (copyright 1995, Gaussian, Inc.),
 the Gaussian 92(TM) system (copyright 1992, Gaussian, Inc.),
 the Gaussian 90(TM) system (copyright 1990, Gaussian, Inc.),
 the Gaussian 88(TM) system (copyright 1988, Gaussian, Inc.),
 the Gaussian 86(TM) system (copyright 1986, Carnegie Mellon
 University), and the Gaussian 82(TM) system (copyright 1983,
 Carnegie Mellon University). Gaussian is a federally registered
 trademark of Gaussian, Inc.
  
 This software contains proprietary and confidential information,
 including trade secrets, belonging to Gaussian, Inc.
  
 This software is provided under written license and may be
 used, copied, transmitted, or stored only in accord with that
 written license.
  
 The following legend is applicable only to US Government
 contracts under FAR:
  
                    RESTRICTED RIGHTS LEGEND
  
 Use, reproduction and disclosure by the US Government is
 subject to restrictions as set forth in subparagraphs (a)
 and (c) of the Commercial Computer Software - Restricted
 Rights clause in FAR 52.227-19.
  
 Gaussian, Inc.
 340 Quinnipiac St., Bldg. 40, Wallingford CT 06492
  
  
 ---------------------------------------------------------------
 Warning -- This program may not be used in any manner that
 competes with the business of Gaussian, Inc. or will provide
 assistance to any competitor of Gaussian, Inc.  The licensee
 of this program is prohibited from giving any competitor of
 Gaussian, Inc. access to this program.  By using this program,
 the user acknowledges that Gaussian, Inc. is engaged in the
 business of creating and licensing software in the field of
 computational chemistry and represents and warrants to the
 licensee that it is not a competitor of Gaussian, Inc. and that
 it will not use this program in any manner prohibited above.
 ---------------------------------------------------------------
  

 Cite this work as:
 Gaussian 09, Revision E.01,
 M. J. Frisch, G. W. Trucks, H. B. Schlegel, G. E. Scuseria, 
 M. A. Robb, J. R. Cheeseman, G. Scalmani, V. Barone, B. Mennucci, 
 G. A. Petersson, H. Nakatsuji, M. Caricato, X. Li, H. P. Hratchian, 
 A. F. Izmaylov, J. Bloino, G. Zheng, J. L. Sonnenberg, M. Hada, 
 M. Ehara, K. Toyota, R. Fukuda, J. Hasegawa, M. Ishida, T. Nakajima, 
 Y. Honda, O. Kitao, H. Nakai, T. Vreven, J. A. Montgomery, Jr., 
 J. E. Peralta, F. Ogliaro, M. Bearpark, J. J. Heyd, E. Brothers, 
 K. N. Kudin, V. N. Staroverov, T. Keith, R. Kobayashi, J. Normand, 
 K. Raghavachari, A. Rendell, J. C. Burant, S. S. Iyengar, J. Tomasi, 
 M. Cossi, N. Rega, J. M. Millam, M. Klene, J. E. Knox, J. B. Cross, 
 V. Bakken, C. Adamo, J. Jaramillo, R. Gomperts, R. E. Stratmann, 
 O. Yazyev, A. J. Austin, R. Cammi, C. Pomelli, J. W. Ochterski, 
 R. L. Martin, K. Morokuma, V. G. Zakrzewski, G. A. Voth, 
 P. Salvador, J. J. Dannenberg, S. Dapprich, A. D. Daniels, 
 O. Farkas, J. B. Foresman, J. V. Ortiz, J. Cioslowski, 
 and D. J. Fox, Gaussian, Inc., Wallingford CT, 2013.
 
 ******************************************
 Gaussian 09:  ES64L-G09RevE.01 30-Nov-2015
                17-Feb-2017 
 ******************************************
 %chk=h12.chk
 ----------------------------------------------------------------------
 #rhf/gen scf(symm,tight,novaracc,noincfock,fulldiag) stable(crhf) gues
 s=read geom=nocrowd test
 ----------------------------------------------------------------------
 1/38=1/1;
 2/12=1,17=6,18=5,40=1/2;
 3/5=7,16=1,25=1,30=1,116=1/1,2,3;
 4/5=1,9=4/1;
 5/5=100002,15=2,16=1,32=2,38=6/2;
 8/6=1,10=90,11=11/1,4;
 9/8=4,13=1/2;
 6/7=2,8=2,9=2,10=2,28=1/1;
 99/5=1,9=1/99;
 ----------------------------------------------------------------------
 hf stability analysis of h12 triangular lattice, y= 1.2680906370950717
 ----------------------------------------------------------------------
 Symbolic Z-matrix:
 Charge =  0 Multiplicity = 1
 H
 H                    1     1.34735 
 H                    1     1.34735  2     39.5 
 H                    2     1.34735  1     140.5    3     0.       0
 H                    2     1.34735  1     180.     3     0.       0
 H                    4     1.34735  3     180.     5     0.       0
 H                    6     1.34735  5     180.     3     0.       0
 H                    4     1.34735  2     180.     3     0.       0
 H                    3     1.34735  1     180.     4     0.       0
 H                    9     1.34735  3     180.     4     0.       0
 H                    8     1.34735  4     180.     3     0.       0
 H                    7     1.34735  6     180.     3     0.       0
 
                          Input orientation:                          
 ---------------------------------------------------------------------
 Center     Atomic      Atomic             Coordinates (Angstroms)
 Number     Number       Type             X           Y           Z
 ---------------------------------------------------------------------
      1          1           0        0.000000    0.000000    0.000000
      2          1           0        0.000000    0.000000    1.347347
      3          1           0        0.857018    0.000000    1.039646
      4          1           0        0.857018    0.000000    2.386993
      5          1           0        0.000000    0.000000    2.694694
      6          1           0        0.857018    0.000000    3.734340
      7          1           0        1.714036    0.000000    4.773986
      8          1           0        1.714036    0.000000    3.426639
      9          1           0        1.714036    0.000000    2.079292
     10          1           0        2.571054    0.000000    3.118938
     11          1           0        2.571054    0.000000    4.466285
     12          1           0        2.571054    0.000000    5.813632
 ---------------------------------------------------------------------
                    Distance matrix (angstroms):
                    1          2          3          4          5
     1  H    0.000000
     2  H    1.347347   0.000000
     3  H    1.347347   0.910582   0.000000
     4  H    2.536181   1.347347   1.347347   0.000000
     5  H    2.694694   1.347347   1.863777   0.910582   0.000000
     6  H    3.831419   2.536181   2.694694   1.347347   1.347347
     7  H    5.072362   3.831419   3.831419   2.536181   2.694694
     8  H    3.831419   2.694694   2.536181   1.347347   1.863777
     9  H    2.694694   1.863777   1.347347   0.910582   1.821164
    10  H    4.042041   3.122316   2.694694   1.863777   2.605821
    11  H    5.153447   4.042041   3.831419   2.694694   3.122316
    12  H    6.356779   5.153447   5.072362   3.831419   4.042041
                    6          7          8          9         10
     6  H    0.000000
     7  H    1.347347   0.000000
     8  H    0.910582   1.347347   0.000000
     9  H    1.863777   2.694694   1.347347   0.000000
    10  H    1.821164   1.863777   0.910582   1.347347   0.000000
    11  H    1.863777   0.910582   1.347347   2.536181   1.347347
    12  H    2.694694   1.347347   2.536181   3.831419   2.694694
                   11         12
    11  H    0.000000
    12  H    1.347347   0.000000
 Stoichiometry    H12
 Framework group  C2H[SGH(H12)]
 Deg. of freedom    11
 Full point group                 C2H     NOp   4
 Largest Abelian subgroup         C2H     NOp   4
 Largest concise Abelian subgroup C2      NOp   2
                         Standard orientation:                         
 ---------------------------------------------------------------------
 Center     Atomic      Atomic             Coordinates (Angstroms)
 Number     Number       Type             X           Y           Z
 ---------------------------------------------------------------------
      1          1           0        0.857018    3.060666    0.000000
      2          1           0        0.000000    2.021020    0.000000
      3          1           0        0.857018    1.713319    0.000000
      4          1           0        0.000000    0.673673    0.000000
      5          1           0       -0.857018    0.981374    0.000000
      6          1           0       -0.857018   -0.365973   -0.000000
      7          1           0       -0.857018   -1.713319    0.000000
      8          1           0       -0.000000   -0.673673    0.000000
      9          1           0        0.857018    0.365973   -0.000000
     10          1           0        0.857018   -0.981374   -0.000000
     11          1           0       -0.000000   -2.021020    0.000000
     12          1           0       -0.857018   -3.060666    0.000000
 ---------------------------------------------------------------------
 Rotational constants (GHZ):    117.4798529     13.3776755     12.0100644
 General basis read from cards:  (5D, 7F)
 There are     6 symmetry adapted cartesian basis functions of AG  symmetry.
 There are     0 symmetry adapted cartesian basis functions of BG  symmetry.
 There are     0 symmetry adapted cartesian basis functions of AU  symmetry.
 There are     6 symmetry adapted cartesian basis functions of BU  symmetry.
 There are     6 symmetry adapted basis functions of AG  symmetry.
 There are     0 symmetry adapted basis functions of BG  symmetry.
 There are     0 symmetry adapted basis functions of AU  symmetry.
 There are     6 symmetry adapted basis functions of BU  symmetry.
    12 basis functions,   120 primitive gaussians,    12 cartesian basis functions
     6 alpha electrons        6 beta electrons
       nuclear repulsion energy        18.3468662681 Hartrees.
 NAtoms=   12 NActive=   12 NUniq=    6 SFac= 4.00D+00 NAtFMM=   60 NAOKFM=F Big=F
 Integral buffers will be    131072 words long.
 Regular integral format.
 Two-electron integral symmetry is turned on.
 One-electron integrals computed using PRISM.
 NBasis=    12 RedAO= T EigKep=  1.51D-01  NBF=     6     0     0     6
 NBsUse=    12 1.00D-06 EigRej= -1.00D+00 NBFU=     6     0     0     6
 Initial guess from the checkpoint file:  "h12.chk"
 B after Tr=    -0.000000    0.000000    0.000000
         Rot=    0.962308   -0.000000    0.000000   -0.271963 Ang= -31.56 deg.
 Initial guess orbital symmetries:
       Occupied  (AG) (BU) (AG) (BU) (BU) (AG)
       Virtual   (BU) (AG) (BU) (AG) (AG) (BU)
 Keep R1 ints in memory in symmetry-blocked form, NReq=900410.
 Requested convergence on RMS density matrix=1.00D-08 within 128 cycles.
 Requested convergence on MAX density matrix=1.00D-06.
 Requested convergence on             energy=1.00D-06.
 No special actions if energy rises.
 SCF Done:  E(RHF) =  -5.89459778488     A.U. after   13 cycles
            NFock= 13  Conv=0.10D-07     -V/T= 1.9667
 Range of M.O.s used for correlation:     1    12
 NBasis=    12 NAE=     6 NBE=     6 NFC=     0 NFV=     0
 NROrb=     12 NOA=     6 NOB=     6 NVA=     6 NVB=     6
 Semi-Direct transformation.
 ModeAB=           4 MOrb=             6 LenV=     134087741
 LASXX=         2181 LTotXX=        2181 LenRXX=        5115
 LTotAB=        2934 MaxLAS=        3024 LenRXY=           0
 NonZer=        7296 LenScr=      655360 LnRSAI=        3024
 LnScr1=      655360 LExtra=           0 Total=      1318859
 MaxDsk=          -1 SrtSym=           T ITran=            3
 JobTyp=0 Pass  1:  I=   1 to   6.
 (rs|ai) integrals will be sorted in core.
 Spin components of T(2) and E(2):
     alpha-alpha T2 =       0.3783463123D-02 E2=     -0.5587932997D-02
     alpha-beta  T2 =       0.6942327341D-01 E2=     -0.9899502671D-01
     beta-beta   T2 =       0.3783463123D-02 E2=     -0.5587932997D-02
 ANorm=    0.1037781383D+01
 E2 =    -0.1101708927D+00 EUMP2 =    -0.60047686775802D+01
 Second order stability test of a single determinant RHF wave function:
 Stabil:  MDV=134217728
 ***********************************************************************
 Matrix         Lowest Root    Major Pairs
 ***********************************************************************
 Internal RHF     0.0828037    Stable
 RRHF --> CRHF    0.062916     Stable
 RRHF --> RUHF   -0.0170863    5A=7B 3A=8B 4A=7B 6A=8B 2A=7B 6A=9B
 Not stable.
 ***********************************************************************

 **********************************************************************

            Population analysis using the SCF density.

 **********************************************************************

 Orbital symmetries:
       Occupied  (AG) (BU) (AG) (BU) (BU) (AG)
       Virtual   (AG) (BU) (BU) (AG) (AG) (BU)
 The electronic state is 1-AG.
 Alpha  occ. eigenvalues --   -0.86274  -0.75784  -0.59423  -0.46797  -0.39522
 Alpha  occ. eigenvalues --   -0.25605
 Alpha virt. eigenvalues --    0.02830   0.12670   0.31080   0.39717   0.55739
 Alpha virt. eigenvalues --    0.72440
          Condensed to atoms (all electrons):
               1          2          3          4          5          6
     1  H    0.653462   0.132062   0.185923  -0.055793  -0.031297   0.005027
     2  H    0.132062   0.812281  -0.013735  -0.052487   0.262046  -0.029538
     3  H    0.185923  -0.013735   0.733937  -0.018942  -0.162502   0.006230
     4  H   -0.055793  -0.052487  -0.018942   0.846379   0.233581  -0.056175
     5  H   -0.031297   0.262046  -0.162502   0.233581   1.160264  -0.107188
     6  H    0.005027  -0.029538   0.006230  -0.056175  -0.107188   1.173628
     7  H    0.000253  -0.003391   0.003873  -0.005514  -0.025556   0.213344
     8  H    0.004489  -0.007770  -0.005514  -0.121443  -0.059436   0.327171
     9  H   -0.024107  -0.167958   0.213344   0.327171  -0.189154  -0.044548
    10  H   -0.000171   0.017534  -0.025556  -0.059436   0.024373  -0.189154
    11  H   -0.000203   0.004352  -0.003391  -0.007770   0.017534  -0.167958
    12  H   -0.000049  -0.000203   0.000253   0.004489  -0.000171  -0.024107
               7          8          9         10         11         12
     1  H    0.000253   0.004489  -0.024107  -0.000171  -0.000203  -0.000049
     2  H   -0.003391  -0.007770  -0.167958   0.017534   0.004352  -0.000203
     3  H    0.003873  -0.005514   0.213344  -0.025556  -0.003391   0.000253
     4  H   -0.005514  -0.121443   0.327171  -0.059436  -0.007770   0.004489
     5  H   -0.025556  -0.059436  -0.189154   0.024373   0.017534  -0.000171
     6  H    0.213344   0.327171  -0.044548  -0.189154  -0.167958  -0.024107
     7  H    0.733937  -0.018942   0.006230  -0.162502  -0.013735   0.185923
     8  H   -0.018942   0.846379  -0.056175   0.233581  -0.052487  -0.055793
     9  H    0.006230  -0.056175   1.173628  -0.107188  -0.029538   0.005027
    10  H   -0.162502   0.233581  -0.107188   1.160264   0.262046  -0.031297
    11  H   -0.013735  -0.052487  -0.029538   0.262046   0.812281   0.132062
    12  H    0.185923  -0.055793   0.005027  -0.031297   0.132062   0.653462
 Mulliken charges:
               1
     1  H    0.130404
     2  H    0.046805
     3  H    0.086079
     4  H   -0.034061
     5  H   -0.122495
     6  H   -0.106732
     7  H    0.086079
     8  H   -0.034061
     9  H   -0.106732
    10  H   -0.122495
    11  H    0.046805
    12  H    0.130404
 Sum of Mulliken charges =  -0.00000
 Mulliken charges with hydrogens summed into heavy atoms:
               1
 Electronic spatial extent (au):  <R**2>=            177.1690
 Charge=             -0.0000 electrons
 Dipole moment (field-independent basis, Debye):
    X=              0.0000    Y=             -0.0000    Z=              0.0000  Tot=              0.0000
 Quadrupole moment (field-independent basis, Debye-Ang):
   XX=            -18.2966   YY=             -3.9420   ZZ=            -15.5121
   XY=              5.5949   XZ=              0.0000   YZ=             -0.0000
 Traceless Quadrupole moment (field-independent basis, Debye-Ang):
   XX=             -5.7130   YY=              8.6415   ZZ=             -2.9285
   XY=              5.5949   XZ=              0.0000   YZ=             -0.0000
 Octapole moment (field-independent basis, Debye-Ang**2):
  XXX=              0.0000  YYY=             -0.0000  ZZZ=             -0.0000  XYY=              0.0000
  XXY=             -0.0000  XXZ=             -0.0000  XZZ=              0.0000  YZZ=             -0.0000
  YYZ=              0.0000  XYZ=              0.0000
 Hexadecapole moment (field-independent basis, Debye-Ang**3):
 XXXX=            -73.6514 YYYY=           -160.4638 ZZZZ=            -18.6657 XXXY=            -22.4959
 XXXZ=              0.0000 YYYX=             18.9455 YYYZ=             -0.0000 ZZZX=              0.0000
 ZZZY=             -0.0000 XXYY=            -54.8329 XXZZ=            -15.1232 YYZZ=            -52.4619
 XXYZ=             -0.0000 YYXZ=              0.0000 ZZXY=             -8.3998
 N-N= 1.834686626814D+01 E-N=-4.791243431447D+01  KE= 6.097563792824D+00
 Symmetry AG   KE= 2.992551611505D+00
 Symmetry BG   KE= 0.000000000000D+00
 Symmetry AU   KE= 0.000000000000D+00
 Symmetry BU   KE= 3.105012181319D+00

 Test job not archived.
 1\1\GINC-SULU\Stability\RHF\Gen\H12\LCJ1\17-Feb-2017\0\\#rhf/gen scf(s
 ymm,tight,novaracc,noincfock,fulldiag) stable(crhf) guess=read geom=no
 crowd test\\hf stability analysis of h12 triangular lattice, y= 1.2680
 906370950717\\0,1\H\H,1,1.3473469372\H,1,1.3473469372,2,39.5\H,2,1.347
 3469372,1,140.5,3,0.,0\H,2,1.3473469372,1,180.,3,0.,0\H,4,1.3473469372
 ,3,180.,5,0.,0\H,6,1.3473469372,5,180.,3,0.,0\H,4,1.3473469372,2,180.,
 3,0.,0\H,3,1.3473469372,1,180.,4,0.,0\H,9,1.3473469372,3,180.,4,0.,0\H
 ,8,1.3473469372,4,180.,3,0.,0\H,7,1.3473469372,6,180.,3,0.,0\\Version=
 ES64L-G09RevE.01\State=1-AG\HF=-5.8945978\MP2=-6.0047687\RMSD=9.985e-0
 9\Dipole=0.,0.,0.\Quadrupole=-4.0127875,-2.1772772,6.1900647,0.,4.4443
 793,0.\PG=C02H [SGH(H12)]\\@


 IF AT FIRST YOU DON'T SUCCEED, TRY LOOKING IN 
 THE WASTEBASKET FOR THE DIRECTIONS.
 Job cpu time:       0 days  0 hours  0 minutes  1.1 seconds.
 File lengths (MBytes):  RWF=     84 Int=      0 D2E=      0 Chk=      2 Scr=      2
 Normal termination of Gaussian 09 at Fri Feb 17 15:06:54 2017.
