 Entering Gaussian System, Link 0=g09
 AtFile(1): H.gbs
            H     0
            S   10   1.00
               1000.000000000000            0.000068713567
                316.227766000000            0.000169141320
                100.000000000000            0.000823394812
                 31.622776600000            0.003425569236
                 10.000000000000            0.013951996000
                  3.162277660000            0.056909313560
                  1.000000000000            0.198286399900
                  0.316227766000            0.496922426700
                  0.100000000000            0.369846276400
                  0.031622776600            0.003752720039
            ****
 Initial command:
 /projects/guscus/apps/gau/g09-e1/g09/l1.exe "/users/lcj1/gaussian/h12/rhfstability/rect/guess/ag3bu3/Gau-18170.inp" -scrdir="/users/lcj1/gaussian/h12/rhfstability/rect/guess/ag3bu3/"
 Entering Link 1 = /projects/guscus/apps/gau/g09-e1/g09/l1.exe PID=     18171.
  
 Copyright (c) 1988,1990,1992,1993,1995,1998,2003,2009,2015,
            Gaussian, Inc.  All Rights Reserved.
  
 This is part of the Gaussian(R) 09 program.  It is based on
 the Gaussian(R) 03 system (copyright 2003, Gaussian, Inc.),
 the Gaussian(R) 98 system (copyright 1998, Gaussian, Inc.),
 the Gaussian(R) 94 system (copyright 1995, Gaussian, Inc.),
 the Gaussian 92(TM) system (copyright 1992, Gaussian, Inc.),
 the Gaussian 90(TM) system (copyright 1990, Gaussian, Inc.),
 the Gaussian 88(TM) system (copyright 1988, Gaussian, Inc.),
 the Gaussian 86(TM) system (copyright 1986, Carnegie Mellon
 University), and the Gaussian 82(TM) system (copyright 1983,
 Carnegie Mellon University). Gaussian is a federally registered
 trademark of Gaussian, Inc.
  
 This software contains proprietary and confidential information,
 including trade secrets, belonging to Gaussian, Inc.
  
 This software is provided under written license and may be
 used, copied, transmitted, or stored only in accord with that
 written license.
  
 The following legend is applicable only to US Government
 contracts under FAR:
  
                    RESTRICTED RIGHTS LEGEND
  
 Use, reproduction and disclosure by the US Government is
 subject to restrictions as set forth in subparagraphs (a)
 and (c) of the Commercial Computer Software - Restricted
 Rights clause in FAR 52.227-19.
  
 Gaussian, Inc.
 340 Quinnipiac St., Bldg. 40, Wallingford CT 06492
  
  
 ---------------------------------------------------------------
 Warning -- This program may not be used in any manner that
 competes with the business of Gaussian, Inc. or will provide
 assistance to any competitor of Gaussian, Inc.  The licensee
 of this program is prohibited from giving any competitor of
 Gaussian, Inc. access to this program.  By using this program,
 the user acknowledges that Gaussian, Inc. is engaged in the
 business of creating and licensing software in the field of
 computational chemistry and represents and warrants to the
 licensee that it is not a competitor of Gaussian, Inc. and that
 it will not use this program in any manner prohibited above.
 ---------------------------------------------------------------
  

 Cite this work as:
 Gaussian 09, Revision E.01,
 M. J. Frisch, G. W. Trucks, H. B. Schlegel, G. E. Scuseria, 
 M. A. Robb, J. R. Cheeseman, G. Scalmani, V. Barone, B. Mennucci, 
 G. A. Petersson, H. Nakatsuji, M. Caricato, X. Li, H. P. Hratchian, 
 A. F. Izmaylov, J. Bloino, G. Zheng, J. L. Sonnenberg, M. Hada, 
 M. Ehara, K. Toyota, R. Fukuda, J. Hasegawa, M. Ishida, T. Nakajima, 
 Y. Honda, O. Kitao, H. Nakai, T. Vreven, J. A. Montgomery, Jr., 
 J. E. Peralta, F. Ogliaro, M. Bearpark, J. J. Heyd, E. Brothers, 
 K. N. Kudin, V. N. Staroverov, T. Keith, R. Kobayashi, J. Normand, 
 K. Raghavachari, A. Rendell, J. C. Burant, S. S. Iyengar, J. Tomasi, 
 M. Cossi, N. Rega, J. M. Millam, M. Klene, J. E. Knox, J. B. Cross, 
 V. Bakken, C. Adamo, J. Jaramillo, R. Gomperts, R. E. Stratmann, 
 O. Yazyev, A. J. Austin, R. Cammi, C. Pomelli, J. W. Ochterski, 
 R. L. Martin, K. Morokuma, V. G. Zakrzewski, G. A. Voth, 
 P. Salvador, J. J. Dannenberg, S. Dapprich, A. D. Daniels, 
 O. Farkas, J. B. Foresman, J. V. Ortiz, J. Cioslowski, 
 and D. J. Fox, Gaussian, Inc., Wallingford CT, 2013.
 
 ******************************************
 Gaussian 09:  ES64L-G09RevE.01 30-Nov-2015
                17-Feb-2017 
 ******************************************
 %chk=h12.chk
 ----------------------------------------------------------------------
 #rhf/gen scf(symm,tight,novaracc,noincfock,fulldiag) stable(crhf) gues
 s=read geom=nocrowd test
 ----------------------------------------------------------------------
 1/38=1/1;
 2/12=1,17=6,18=5,40=1/2;
 3/5=7,16=1,25=1,30=1,116=1/1,2,3;
 4/5=1,9=4/1;
 5/5=100002,15=2,16=1,32=2,38=6/2;
 8/6=1,10=90,11=11/1,4;
 9/8=4,13=1/2;
 6/7=2,8=2,9=2,10=2,28=1/1;
 99/5=1,9=1/99;
 ----------------------------------------------------------------------
 hf stability analysis of h12 triangular lattice, y= 0.5218199625932952
 2
 ----------------------------------------------------------------------
 Symbolic Z-matrix:
 Charge =  0 Multiplicity = 1
 H
 H                    1     1.2233 
 H                    1     1.2233   2     129.5 
 H                    2     1.2233   1     50.5     3     0.       0
 H                    2     1.2233   1     180.     3     0.       0
 H                    4     1.2233   3     180.     5     0.       0
 H                    6     1.2233   5     180.     3     0.       0
 H                    4     1.2233   2     180.     3     0.       0
 H                    3     1.2233   1     180.     4     0.       0
 H                    9     1.2233   3     180.     4     0.       0
 H                    8     1.2233   4     180.     3     0.       0
 H                    7     1.2233   6     180.     3     0.       0
 
                          Input orientation:                          
 ---------------------------------------------------------------------
 Center     Atomic      Atomic             Coordinates (Angstroms)
 Number     Number       Type             X           Y           Z
 ---------------------------------------------------------------------
      1          1           0        0.000000    0.000000    0.000000
      2          1           0        0.000000    0.000000    1.223296
      3          1           0        0.943925    0.000000   -0.778112
      4          1           0        0.943925    0.000000    0.445184
      5          1           0        0.000000    0.000000    2.446593
      6          1           0        0.943925    0.000000    1.668480
      7          1           0        1.887851    0.000000    0.890368
      8          1           0        1.887851    0.000000   -0.332928
      9          1           0        1.887851    0.000000   -1.556224
     10          1           0        2.831776    0.000000   -2.334336
     11          1           0        2.831776    0.000000   -1.111040
     12          1           0        2.831776    0.000000    0.112256
 ---------------------------------------------------------------------
                    Distance matrix (angstroms):
                    1          2          3          4          5
     1  H    0.000000
     2  H    1.223296   0.000000
     3  H    1.223296   2.212833   0.000000
     4  H    1.043640   1.223296   1.223296   0.000000
     5  H    2.446593   1.223296   3.360017   2.212833   0.000000
     6  H    1.916983   1.043640   2.446593   1.223296   1.223296
     7  H    2.087280   1.916983   1.916983   1.043640   2.446593
     8  H    1.916983   2.446593   1.043640   1.223296   3.360017
     9  H    2.446593   3.360017   1.223296   2.212833   4.425666
    10  H    3.669889   4.547055   2.446593   3.360017   5.556639
    11  H    3.041935   3.669889   1.916983   2.446593   4.547055
    12  H    2.834001   3.041935   2.087280   1.916983   3.669889
                    6          7          8          9         10
     6  H    0.000000
     7  H    1.223296   0.000000
     8  H    2.212833   1.223296   0.000000
     9  H    3.360017   2.446593   1.223296   0.000000
    10  H    4.425666   3.360017   2.212833   1.223296   0.000000
    11  H    3.360017   2.212833   1.223296   1.043640   1.223296
    12  H    2.446593   1.223296   1.043640   1.916983   2.446593
                   11         12
    11  H    0.000000
    12  H    1.223296   0.000000
 Stoichiometry    H12
 Framework group  C2H[SGH(H12)]
 Deg. of freedom    11
 Full point group                 C2H     NOp   4
 Largest Abelian subgroup         C2H     NOp   4
 Largest concise Abelian subgroup C2      NOp   2
                         Standard orientation:                         
 ---------------------------------------------------------------------
 Center     Atomic      Atomic             Coordinates (Angstroms)
 Number     Number       Type             X           Y           Z
 ---------------------------------------------------------------------
      1          1           0        0.943925    1.056832    0.000000
      2          1           0       -0.000000    1.834944    0.000000
      3          1           0        0.943925   -0.166464   -0.000000
      4          1           0       -0.000000    0.611648    0.000000
      5          1           0       -0.943925    2.613057    0.000000
      6          1           0       -0.943925    1.389760    0.000000
      7          1           0       -0.943925    0.166464    0.000000
      8          1           0       -0.000000   -0.611648   -0.000000
      9          1           0        0.943925   -1.389760   -0.000000
     10          1           0        0.943925   -2.613057   -0.000000
     11          1           0       -0.000000   -1.834944   -0.000000
     12          1           0       -0.943925   -1.056832    0.000000
 ---------------------------------------------------------------------
 Rotational constants (GHZ):     90.5059428     17.3646904     14.5693747
 General basis read from cards:  (5D, 7F)
 There are     6 symmetry adapted cartesian basis functions of AG  symmetry.
 There are     0 symmetry adapted cartesian basis functions of BG  symmetry.
 There are     0 symmetry adapted cartesian basis functions of AU  symmetry.
 There are     6 symmetry adapted cartesian basis functions of BU  symmetry.
 There are     6 symmetry adapted basis functions of AG  symmetry.
 There are     0 symmetry adapted basis functions of BG  symmetry.
 There are     0 symmetry adapted basis functions of AU  symmetry.
 There are     6 symmetry adapted basis functions of BU  symmetry.
    12 basis functions,   120 primitive gaussians,    12 cartesian basis functions
     6 alpha electrons        6 beta electrons
       nuclear repulsion energy        19.0701487167 Hartrees.
 NAtoms=   12 NActive=   12 NUniq=    6 SFac= 4.00D+00 NAtFMM=   60 NAOKFM=F Big=F
 Integral buffers will be    131072 words long.
 Regular integral format.
 Two-electron integral symmetry is turned on.
 One-electron integrals computed using PRISM.
 NBasis=    12 RedAO= T EigKep=  1.88D-01  NBF=     6     0     0     6
 NBsUse=    12 1.00D-06 EigRej= -1.00D+00 NBFU=     6     0     0     6
 Initial guess from the checkpoint file:  "h12.chk"
 B after Tr=     0.000000    0.000000    0.000000
         Rot=    0.998081    0.000000   -0.000000   -0.061919 Ang=  -7.10 deg.
 Initial guess orbital symmetries:
       Occupied  (AG) (BU) (AG) (BU) (BU) (AG)
       Virtual   (BU) (AG) (BU) (AG) (AG) (BU)
 Keep R1 ints in memory in symmetry-blocked form, NReq=902748.
 Requested convergence on RMS density matrix=1.00D-08 within 128 cycles.
 Requested convergence on MAX density matrix=1.00D-06.
 Requested convergence on             energy=1.00D-06.
 No special actions if energy rises.
 SCF Done:  E(RHF) =  -5.96498209107     A.U. after   13 cycles
            NFock= 13  Conv=0.20D-08     -V/T= 1.9766
 Range of M.O.s used for correlation:     1    12
 NBasis=    12 NAE=     6 NBE=     6 NFC=     0 NFV=     0
 NROrb=     12 NOA=     6 NOB=     6 NVA=     6 NVB=     6
 Semi-Direct transformation.
 ModeAB=           4 MOrb=             6 LenV=     134086033
 LASXX=         2181 LTotXX=        2181 LenRXX=        5115
 LTotAB=        2934 MaxLAS=        3024 LenRXY=           0
 NonZer=        7296 LenScr=      655360 LnRSAI=        3024
 LnScr1=      655360 LExtra=           0 Total=      1318859
 MaxDsk=          -1 SrtSym=           T ITran=            3
 JobTyp=0 Pass  1:  I=   1 to   6.
 (rs|ai) integrals will be sorted in core.
 Spin components of T(2) and E(2):
     alpha-alpha T2 =       0.4250914385D-02 E2=     -0.6471555562D-02
     alpha-beta  T2 =       0.6300385896D-01 E2=     -0.9807112264D-01
     beta-beta   T2 =       0.4250914385D-02 E2=     -0.6471555562D-02
 ANorm=    0.1035135589D+01
 E2 =    -0.1110142338D+00 EUMP2 =    -0.60759963248375D+01
 Second order stability test of a single determinant RHF wave function:
 Stabil:  MDV=134217728
 ***********************************************************************
 Matrix         Lowest Root    Major Pairs
 ***********************************************************************
 Internal RHF     0.238071     Stable
 RRHF --> CRHF    0.2275356    Stable
 RRHF --> RUHF    0.0383021    Stable
 Stable under the perturbations considered.
 ***********************************************************************

 **********************************************************************

            Population analysis using the SCF density.

 **********************************************************************

 Orbital symmetries:
       Occupied  (AG) (BU) (AG) (BU) (BU) (AG)
       Virtual   (AG) (AG) (BU) (BU) (BU) (AG)
 The electronic state is 1-AG.
 Alpha  occ. eigenvalues --   -0.93257  -0.78209  -0.57877  -0.56380  -0.35434
 Alpha  occ. eigenvalues --   -0.33908
 Alpha virt. eigenvalues --    0.13441   0.22327   0.24077   0.33961   0.51093
 Alpha virt. eigenvalues --    0.55004
          Condensed to atoms (all electrons):
               1          2          3          4          5          6
     1  H    1.071555   0.257579  -0.107460   0.221888  -0.045556  -0.145327
     2  H    0.257579   0.732514  -0.034706  -0.063763   0.185165  -0.024523
     3  H   -0.107460  -0.034706   1.005566  -0.062572   0.009671  -0.004699
     4  H    0.221888  -0.063763  -0.062572   0.956855  -0.108351   0.021570
     5  H   -0.045556   0.185165   0.009671  -0.108351   0.858370   0.170646
     6  H   -0.145327  -0.024523  -0.004699   0.021570   0.170646   0.749866
     7  H   -0.095403  -0.127849  -0.069856   0.326914  -0.052291   0.224772
     8  H   -0.073805  -0.017288   0.326914  -0.173252   0.012438  -0.019764
     9  H   -0.047898  -0.006613   0.224772  -0.019764   0.001089   0.009922
    10  H    0.002145  -0.000254  -0.052291   0.012438  -0.000336   0.001089
    11  H    0.018642   0.007333  -0.127849  -0.017288  -0.000254  -0.006613
    12  H    0.022673   0.018642  -0.095403  -0.073805   0.002145  -0.047898
               7          8          9         10         11         12
     1  H   -0.095403  -0.073805  -0.047898   0.002145   0.018642   0.022673
     2  H   -0.127849  -0.017288  -0.006613  -0.000254   0.007333   0.018642
     3  H   -0.069856   0.326914   0.224772  -0.052291  -0.127849  -0.095403
     4  H    0.326914  -0.173252  -0.019764   0.012438  -0.017288  -0.073805
     5  H   -0.052291   0.012438   0.001089  -0.000336  -0.000254   0.002145
     6  H    0.224772  -0.019764   0.009922   0.001089  -0.006613  -0.047898
     7  H    1.005566  -0.062572  -0.004699   0.009671  -0.034706  -0.107460
     8  H   -0.062572   0.956855   0.021570  -0.108351  -0.063763   0.221888
     9  H   -0.004699   0.021570   0.749866   0.170646  -0.024523  -0.145327
    10  H    0.009671  -0.108351   0.170646   0.858370   0.185165  -0.045556
    11  H   -0.034706  -0.063763  -0.024523   0.185165   0.732514   0.257579
    12  H   -0.107460   0.221888  -0.145327  -0.045556   0.257579   1.071555
 Mulliken charges:
               1
     1  H   -0.079031
     2  H    0.073763
     3  H   -0.012088
     4  H   -0.020870
     5  H   -0.032735
     6  H    0.070961
     7  H   -0.012088
     8  H   -0.020870
     9  H    0.070961
    10  H   -0.032735
    11  H    0.073763
    12  H   -0.079031
 Sum of Mulliken charges =   0.00000
 Mulliken charges with hydrogens summed into heavy atoms:
               1
 Electronic spatial extent (au):  <R**2>=            161.9030
 Charge=              0.0000 electrons
 Dipole moment (field-independent basis, Debye):
    X=             -0.0000    Y=              0.0000    Z=              0.0000  Tot=              0.0000
 Quadrupole moment (field-independent basis, Debye-Ang):
   XX=            -17.9713   YY=            -19.0522   ZZ=            -15.4228
   XY=             -0.8114   XZ=              0.0000   YZ=             -0.0000
 Traceless Quadrupole moment (field-independent basis, Debye-Ang):
   XX=             -0.4892   YY=             -1.5701   ZZ=              2.0593
   XY=             -0.8114   XZ=              0.0000   YZ=             -0.0000
 Octapole moment (field-independent basis, Debye-Ang**2):
  XXX=             -0.0000  YYY=              0.0000  ZZZ=             -0.0000  XYY=             -0.0000
  XXY=              0.0000  XXZ=             -0.0000  XZZ=              0.0000  YZZ=              0.0000
  YYZ=             -0.0000  XYZ=              0.0000
 Hexadecapole moment (field-independent basis, Debye-Ang**3):
 XXXX=            -82.1377 YYYY=           -266.7794 ZZZZ=            -18.4364 XXXY=             24.0773
 XXXZ=              0.0000 YYYX=             23.5611 YYYZ=             -0.0000 ZZZX=              0.0000
 ZZZY=             -0.0000 XXYY=            -59.3345 XXZZ=            -16.5298 YYZZ=            -44.2810
 XXYZ=             -0.0000 YYXZ=              0.0000 ZZXY=              7.8264
 N-N= 1.907014871671D+01 E-N=-4.907682522018D+01  KE= 6.107883549995D+00
 Symmetry AG   KE= 2.955455929053D+00
 Symmetry BG   KE= 0.000000000000D+00
 Symmetry AU   KE= 0.000000000000D+00
 Symmetry BU   KE= 3.152427620942D+00

 Test job not archived.
 1\1\GINC-SULU\Stability\RHF\Gen\H12\LCJ1\17-Feb-2017\0\\#rhf/gen scf(s
 ymm,tight,novaracc,noincfock,fulldiag) stable(crhf) guess=read geom=no
 crowd test\\hf stability analysis of h12 triangular lattice, y= 0.5218
 1996259329522\\0,1\H\H,1,1.2232962714\H,1,1.2232962714,2,129.5\H,2,1.2
 232962714,1,50.5,3,0.,0\H,2,1.2232962714,1,180.,3,0.,0\H,4,1.223296271
 4,3,180.,5,0.,0\H,6,1.2232962714,5,180.,3,0.,0\H,4,1.2232962714,2,180.
 ,3,0.,0\H,3,1.2232962714,1,180.,4,0.,0\H,9,1.2232962714,3,180.,4,0.,0\
 H,8,1.2232962714,4,180.,3,0.,0\H,7,1.2232962714,6,180.,3,0.,0\\Version
 =ES64L-G09RevE.01\State=1-AG\HF=-5.9649821\MP2=-6.0759963\RMSD=1.964e-
 09\Dipole=0.,0.,0.\Quadrupole=-1.4343275,1.5310136,-0.0966861,0.,0.279
 3175,0.\PG=C02H [SGH(H12)]\\@


  DISAPPOINTMENT IS THE NURSE OF WISDOM.               
                              SIR BOYLE ROCHE                 
 Job cpu time:       0 days  0 hours  0 minutes  1.1 seconds.
 File lengths (MBytes):  RWF=     84 Int=      0 D2E=      0 Chk=      2 Scr=      2
 Normal termination of Gaussian 09 at Fri Feb 17 14:57:26 2017.
