 Entering Gaussian System, Link 0=g09
 AtFile(1): H.gbs
            H     0
            S   10   1.00
               1000.000000000000            0.000068713567
                316.227766000000            0.000169141320
                100.000000000000            0.000823394812
                 31.622776600000            0.003425569236
                 10.000000000000            0.013951996000
                  3.162277660000            0.056909313560
                  1.000000000000            0.198286399900
                  0.316227766000            0.496922426700
                  0.100000000000            0.369846276400
                  0.031622776600            0.003752720039
            ****
 Initial command:
 /projects/guscus/apps/gau/g09-e1/g09/l1.exe "/users/lcj1/gaussian/h12/rhfstability/rect/guess/ag3bu3/Gau-15390.inp" -scrdir="/users/lcj1/gaussian/h12/rhfstability/rect/guess/ag3bu3/"
 Entering Link 1 = /projects/guscus/apps/gau/g09-e1/g09/l1.exe PID=     15391.
  
 Copyright (c) 1988,1990,1992,1993,1995,1998,2003,2009,2015,
            Gaussian, Inc.  All Rights Reserved.
  
 This is part of the Gaussian(R) 09 program.  It is based on
 the Gaussian(R) 03 system (copyright 2003, Gaussian, Inc.),
 the Gaussian(R) 98 system (copyright 1998, Gaussian, Inc.),
 the Gaussian(R) 94 system (copyright 1995, Gaussian, Inc.),
 the Gaussian 92(TM) system (copyright 1992, Gaussian, Inc.),
 the Gaussian 90(TM) system (copyright 1990, Gaussian, Inc.),
 the Gaussian 88(TM) system (copyright 1988, Gaussian, Inc.),
 the Gaussian 86(TM) system (copyright 1986, Carnegie Mellon
 University), and the Gaussian 82(TM) system (copyright 1983,
 Carnegie Mellon University). Gaussian is a federally registered
 trademark of Gaussian, Inc.
  
 This software contains proprietary and confidential information,
 including trade secrets, belonging to Gaussian, Inc.
  
 This software is provided under written license and may be
 used, copied, transmitted, or stored only in accord with that
 written license.
  
 The following legend is applicable only to US Government
 contracts under FAR:
  
                    RESTRICTED RIGHTS LEGEND
  
 Use, reproduction and disclosure by the US Government is
 subject to restrictions as set forth in subparagraphs (a)
 and (c) of the Commercial Computer Software - Restricted
 Rights clause in FAR 52.227-19.
  
 Gaussian, Inc.
 340 Quinnipiac St., Bldg. 40, Wallingford CT 06492
  
  
 ---------------------------------------------------------------
 Warning -- This program may not be used in any manner that
 competes with the business of Gaussian, Inc. or will provide
 assistance to any competitor of Gaussian, Inc.  The licensee
 of this program is prohibited from giving any competitor of
 Gaussian, Inc. access to this program.  By using this program,
 the user acknowledges that Gaussian, Inc. is engaged in the
 business of creating and licensing software in the field of
 computational chemistry and represents and warrants to the
 licensee that it is not a competitor of Gaussian, Inc. and that
 it will not use this program in any manner prohibited above.
 ---------------------------------------------------------------
  

 Cite this work as:
 Gaussian 09, Revision E.01,
 M. J. Frisch, G. W. Trucks, H. B. Schlegel, G. E. Scuseria, 
 M. A. Robb, J. R. Cheeseman, G. Scalmani, V. Barone, B. Mennucci, 
 G. A. Petersson, H. Nakatsuji, M. Caricato, X. Li, H. P. Hratchian, 
 A. F. Izmaylov, J. Bloino, G. Zheng, J. L. Sonnenberg, M. Hada, 
 M. Ehara, K. Toyota, R. Fukuda, J. Hasegawa, M. Ishida, T. Nakajima, 
 Y. Honda, O. Kitao, H. Nakai, T. Vreven, J. A. Montgomery, Jr., 
 J. E. Peralta, F. Ogliaro, M. Bearpark, J. J. Heyd, E. Brothers, 
 K. N. Kudin, V. N. Staroverov, T. Keith, R. Kobayashi, J. Normand, 
 K. Raghavachari, A. Rendell, J. C. Burant, S. S. Iyengar, J. Tomasi, 
 M. Cossi, N. Rega, J. M. Millam, M. Klene, J. E. Knox, J. B. Cross, 
 V. Bakken, C. Adamo, J. Jaramillo, R. Gomperts, R. E. Stratmann, 
 O. Yazyev, A. J. Austin, R. Cammi, C. Pomelli, J. W. Ochterski, 
 R. L. Martin, K. Morokuma, V. G. Zakrzewski, G. A. Voth, 
 P. Salvador, J. J. Dannenberg, S. Dapprich, A. D. Daniels, 
 O. Farkas, J. B. Foresman, J. V. Ortiz, J. Cioslowski, 
 and D. J. Fox, Gaussian, Inc., Wallingford CT, 2013.
 
 ******************************************
 Gaussian 09:  ES64L-G09RevE.01 30-Nov-2015
                17-Feb-2017 
 ******************************************
 %chk=h12.chk
 ----------------------------------------------------------------------
 #rhf/gen scf(symm,tight,novaracc,noincfock,fulldiag) stable(crhf) gues
 s=read geom=nocrowd test
 ----------------------------------------------------------------------
 1/38=1/1;
 2/12=1,17=6,18=5,40=1/2;
 3/5=7,16=1,25=1,30=1,116=1/1,2,3;
 4/5=1,9=4/1;
 5/5=100002,15=2,16=1,32=2,38=6/2;
 8/6=1,10=90,11=11/1,4;
 9/8=4,13=1/2;
 6/7=2,8=2,9=2,10=2,28=1/1;
 99/5=1,9=1/99;
 ----------------------------------------------------------------------
 hf stability analysis of h12 triangular lattice, y= 0.4552910430659851
 7
 ----------------------------------------------------------------------
 Symbolic Z-matrix:
 Charge =  0 Multiplicity = 1
 H
 H                    1     1.34735 
 H                    1     1.34735  2     140.5 
 H                    2     1.34735  1     39.5     3     0.       0
 H                    2     1.34735  1     180.     3     0.       0
 H                    4     1.34735  3     180.     5     0.       0
 H                    6     1.34735  5     180.     3     0.       0
 H                    4     1.34735  2     180.     3     0.       0
 H                    3     1.34735  1     180.     4     0.       0
 H                    9     1.34735  3     180.     4     0.       0
 H                    8     1.34735  4     180.     3     0.       0
 H                    7     1.34735  6     180.     3     0.       0
 
                          Input orientation:                          
 ---------------------------------------------------------------------
 Center     Atomic      Atomic             Coordinates (Angstroms)
 Number     Number       Type             X           Y           Z
 ---------------------------------------------------------------------
      1          1           0        0.000000    0.000000    0.000000
      2          1           0        0.000000    0.000000    1.347347
      3          1           0        0.857018    0.000000   -1.039646
      4          1           0        0.857018    0.000000    0.307701
      5          1           0        0.000000    0.000000    2.694694
      6          1           0        0.857018    0.000000    1.655048
      7          1           0        1.714036    0.000000    0.615402
      8          1           0        1.714036    0.000000   -0.731945
      9          1           0        1.714036    0.000000   -2.079292
     10          1           0        2.571054    0.000000   -3.118938
     11          1           0        2.571054    0.000000   -1.771591
     12          1           0        2.571054    0.000000   -0.424244
 ---------------------------------------------------------------------
                    Distance matrix (angstroms):
                    1          2          3          4          5
     1  H    0.000000
     2  H    1.347347   0.000000
     3  H    1.347347   2.536181   0.000000
     4  H    0.910582   1.347347   1.347347   0.000000
     5  H    2.694694   1.347347   3.831419   2.536181   0.000000
     6  H    1.863777   0.910582   2.694694   1.347347   1.347347
     7  H    1.821164   1.863777   1.863777   0.910582   2.694694
     8  H    1.863777   2.694694   0.910582   1.347347   3.831419
     9  H    2.694694   3.831419   1.347347   2.536181   5.072362
    10  H    4.042041   5.153447   2.694694   3.831419   6.356778
    11  H    3.122315   4.042041   1.863777   2.694694   5.153447
    12  H    2.605821   3.122315   1.821164   1.863777   4.042041
                    6          7          8          9         10
     6  H    0.000000
     7  H    1.347347   0.000000
     8  H    2.536181   1.347347   0.000000
     9  H    3.831419   2.694694   1.347347   0.000000
    10  H    5.072362   3.831419   2.536181   1.347347   0.000000
    11  H    3.831419   2.536181   1.347347   0.910582   1.347347
    12  H    2.694694   1.347347   0.910582   1.863777   2.694694
                   11         12
    11  H    0.000000
    12  H    1.347347   0.000000
 Stoichiometry    H12
 Framework group  C2H[SGH(H12)]
 Deg. of freedom    11
 Full point group                 C2H     NOp   4
 Largest Abelian subgroup         C2H     NOp   4
 Largest concise Abelian subgroup C2      NOp   2
                         Standard orientation:                         
 ---------------------------------------------------------------------
 Center     Atomic      Atomic             Coordinates (Angstroms)
 Number     Number       Type             X           Y           Z
 ---------------------------------------------------------------------
      1          1           0        0.857018    0.981374    0.000000
      2          1           0        0.000000    2.021020    0.000000
      3          1           0        0.857018   -0.365973    0.000000
      4          1           0        0.000000    0.673673    0.000000
      5          1           0       -0.857018    3.060666   -0.000000
      6          1           0       -0.857018    1.713319   -0.000000
      7          1           0       -0.857018    0.365973    0.000000
      8          1           0       -0.000000   -0.673673   -0.000000
      9          1           0        0.857018   -1.713319   -0.000000
     10          1           0        0.857018   -3.060666   -0.000000
     11          1           0       -0.000000   -2.021020   -0.000000
     12          1           0       -0.857018   -0.981374   -0.000000
 ---------------------------------------------------------------------
 Rotational constants (GHZ):    117.4798654     13.3776769     12.0100657
 General basis read from cards:  (5D, 7F)
 There are     6 symmetry adapted cartesian basis functions of AG  symmetry.
 There are     0 symmetry adapted cartesian basis functions of BG  symmetry.
 There are     0 symmetry adapted cartesian basis functions of AU  symmetry.
 There are     6 symmetry adapted cartesian basis functions of BU  symmetry.
 There are     6 symmetry adapted basis functions of AG  symmetry.
 There are     0 symmetry adapted basis functions of BG  symmetry.
 There are     0 symmetry adapted basis functions of AU  symmetry.
 There are     6 symmetry adapted basis functions of BU  symmetry.
    12 basis functions,   120 primitive gaussians,    12 cartesian basis functions
     6 alpha electrons        6 beta electrons
       nuclear repulsion energy        18.3468672410 Hartrees.
 NAtoms=   12 NActive=   12 NUniq=    6 SFac= 4.00D+00 NAtFMM=   60 NAOKFM=F Big=F
 Integral buffers will be    131072 words long.
 Regular integral format.
 Two-electron integral symmetry is turned on.
 One-electron integrals computed using PRISM.
 NBasis=    12 RedAO= T EigKep=  1.51D-01  NBF=     6     0     0     6
 NBsUse=    12 1.00D-06 EigRej= -1.00D+00 NBFU=     6     0     0     6
 Initial guess from the checkpoint file:  "h12.chk"
 B after Tr=     0.000000    0.000000    0.000000
         Rot=    0.999585    0.000000    0.000000   -0.028806 Ang=  -3.30 deg.
 Initial guess orbital symmetries:
       Occupied  (AG) (BU) (AG) (BU) (BU) (AG)
       Virtual   (BU) (AG) (BU) (AG) (AG) (BU)
 Keep R1 ints in memory in symmetry-blocked form, NReq=900410.
 Requested convergence on RMS density matrix=1.00D-08 within 128 cycles.
 Requested convergence on MAX density matrix=1.00D-06.
 Requested convergence on             energy=1.00D-06.
 No special actions if energy rises.
 SCF Done:  E(RHF) =  -5.89459773971     A.U. after   15 cycles
            NFock= 15  Conv=0.17D-08     -V/T= 1.9667
 Range of M.O.s used for correlation:     1    12
 NBasis=    12 NAE=     6 NBE=     6 NFC=     0 NFV=     0
 NROrb=     12 NOA=     6 NOB=     6 NVA=     6 NVB=     6
 Semi-Direct transformation.
 ModeAB=           4 MOrb=             6 LenV=     134087741
 LASXX=         2181 LTotXX=        2181 LenRXX=        5115
 LTotAB=        2934 MaxLAS=        3024 LenRXY=           0
 NonZer=        7296 LenScr=      655360 LnRSAI=        3024
 LnScr1=      655360 LExtra=           0 Total=      1318859
 MaxDsk=          -1 SrtSym=           T ITran=            3
 JobTyp=0 Pass  1:  I=   1 to   6.
 (rs|ai) integrals will be sorted in core.
 Spin components of T(2) and E(2):
     alpha-alpha T2 =       0.3783462962D-02 E2=     -0.5587933161D-02
     alpha-beta  T2 =       0.6942326432D-01 E2=     -0.9899502124D-01
     beta-beta   T2 =       0.3783462962D-02 E2=     -0.5587933161D-02
 ANorm=    0.1037781379D+01
 E2 =    -0.1101708876D+00 EUMP2 =    -0.60047686272712D+01
 Second order stability test of a single determinant RHF wave function:
 Stabil:  MDV=134217728
 ***********************************************************************
 Matrix         Lowest Root    Major Pairs
 ***********************************************************************
 Internal RHF     0.0828037    Stable
 RRHF --> CRHF    0.062916     Stable
 RRHF --> RUHF   -0.0170863    5A=7B 3A=8B 4A=7B 6A=8B 2A=7B 6A=9B
 Not stable.
 ***********************************************************************

 **********************************************************************

            Population analysis using the SCF density.

 **********************************************************************

 Orbital symmetries:
       Occupied  (AG) (BU) (AG) (BU) (BU) (AG)
       Virtual   (AG) (BU) (BU) (AG) (AG) (BU)
 The electronic state is 1-AG.
 Alpha  occ. eigenvalues --   -0.86274  -0.75784  -0.59423  -0.46797  -0.39522
 Alpha  occ. eigenvalues --   -0.25605
 Alpha virt. eigenvalues --    0.02830   0.12670   0.31080   0.39717   0.55739
 Alpha virt. eigenvalues --    0.72440
          Condensed to atoms (all electrons):
               1          2          3          4          5          6
     1  H    1.160264   0.262046  -0.107188   0.233581  -0.031297  -0.162502
     2  H    0.262046   0.812281  -0.029538  -0.052487   0.132062  -0.013735
     3  H   -0.107188  -0.029538   1.173628  -0.056175   0.005027   0.006230
     4  H    0.233581  -0.052487  -0.056175   0.846379  -0.055793  -0.018942
     5  H   -0.031297   0.132062   0.005027  -0.055793   0.653462   0.185923
     6  H   -0.162502  -0.013735   0.006230  -0.018942   0.185923   0.733937
     7  H   -0.189154  -0.167958  -0.044548   0.327171  -0.024107   0.213345
     8  H   -0.059436  -0.007770   0.327171  -0.121443   0.004489  -0.005514
     9  H   -0.025556  -0.003391   0.213345  -0.005514   0.000253   0.003873
    10  H   -0.000171  -0.000203  -0.024107   0.004489  -0.000049   0.000253
    11  H    0.017534   0.004352  -0.167958  -0.007770  -0.000203  -0.003391
    12  H    0.024373   0.017534  -0.189154  -0.059436  -0.000171  -0.025556
               7          8          9         10         11         12
     1  H   -0.189154  -0.059436  -0.025556  -0.000171   0.017534   0.024373
     2  H   -0.167958  -0.007770  -0.003391  -0.000203   0.004352   0.017534
     3  H   -0.044548   0.327171   0.213345  -0.024107  -0.167958  -0.189154
     4  H    0.327171  -0.121443  -0.005514   0.004489  -0.007770  -0.059436
     5  H   -0.024107   0.004489   0.000253  -0.000049  -0.000203  -0.000171
     6  H    0.213345  -0.005514   0.003873   0.000253  -0.003391  -0.025556
     7  H    1.173628  -0.056175   0.006230   0.005027  -0.029538  -0.107188
     8  H   -0.056175   0.846379  -0.018942  -0.055793  -0.052487   0.233581
     9  H    0.006230  -0.018942   0.733937   0.185923  -0.013735  -0.162502
    10  H    0.005027  -0.055793   0.185923   0.653462   0.132062  -0.031297
    11  H   -0.029538  -0.052487  -0.013735   0.132062   0.812281   0.262046
    12  H   -0.107188   0.233581  -0.162502  -0.031297   0.262046   1.160264
 Mulliken charges:
               1
     1  H   -0.122495
     2  H    0.046805
     3  H   -0.106732
     4  H   -0.034061
     5  H    0.130404
     6  H    0.086079
     7  H   -0.106732
     8  H   -0.034061
     9  H    0.086079
    10  H    0.130404
    11  H    0.046805
    12  H   -0.122495
 Sum of Mulliken charges =  -0.00000
 Mulliken charges with hydrogens summed into heavy atoms:
               1
 Electronic spatial extent (au):  <R**2>=            177.1690
 Charge=             -0.0000 electrons
 Dipole moment (field-independent basis, Debye):
    X=             -0.0000    Y=             -0.0000    Z=             -0.0000  Tot=              0.0000
 Quadrupole moment (field-independent basis, Debye-Ang):
   XX=            -18.2966   YY=             -3.9420   ZZ=            -15.5121
   XY=             -5.5949   XZ=             -0.0000   YZ=              0.0000
 Traceless Quadrupole moment (field-independent basis, Debye-Ang):
   XX=             -5.7130   YY=              8.6415   ZZ=             -2.9285
   XY=             -5.5949   XZ=             -0.0000   YZ=              0.0000
 Octapole moment (field-independent basis, Debye-Ang**2):
  XXX=              0.0000  YYY=              0.0000  ZZZ=              0.0000  XYY=             -0.0000
  XXY=              0.0000  XXZ=              0.0000  XZZ=              0.0000  YZZ=             -0.0000
  YYZ=             -0.0000  XYZ=              0.0000
 Hexadecapole moment (field-independent basis, Debye-Ang**3):
 XXXX=            -73.6514 YYYY=           -160.4638 ZZZZ=            -18.6657 XXXY=             22.4959
 XXXZ=              0.0000 YYYX=            -18.9455 YYYZ=             -0.0000 ZZZX=              0.0000
 ZZZY=             -0.0000 XXYY=            -54.8329 XXZZ=            -15.1232 YYZZ=            -52.4619
 XXYZ=             -0.0000 YYXZ=             -0.0000 ZZXY=              8.3998
 N-N= 1.834686724101D+01 E-N=-4.791243614388D+01  KE= 6.097564032750D+00
 Symmetry AG   KE= 2.992551730046D+00
 Symmetry BG   KE= 0.000000000000D+00
 Symmetry AU   KE= 0.000000000000D+00
 Symmetry BU   KE= 3.105012302704D+00

 Test job not archived.
 1\1\GINC-SULU\Stability\RHF\Gen\H12\LCJ1\17-Feb-2017\0\\#rhf/gen scf(s
 ymm,tight,novaracc,noincfock,fulldiag) stable(crhf) guess=read geom=no
 crowd test\\hf stability analysis of h12 triangular lattice, y= 0.4552
 9104306598517\\0,1\H\H,1,1.3473468658\H,1,1.3473468658,2,140.5\H,2,1.3
 473468658,1,39.5,3,0.,0\H,2,1.3473468658,1,180.,3,0.,0\H,4,1.347346865
 8,3,180.,5,0.,0\H,6,1.3473468658,5,180.,3,0.,0\H,4,1.3473468658,2,180.
 ,3,0.,0\H,3,1.3473468658,1,180.,4,0.,0\H,9,1.3473468658,3,180.,4,0.,0\
 H,8,1.3473468658,4,180.,3,0.,0\H,7,1.3473468658,6,180.,3,0.,0\\Version
 =ES64L-G09RevE.01\State=1-AG\HF=-5.8945977\MP2=-6.0047686\RMSD=1.680e-
 09\Dipole=0.,0.,0.\Quadrupole=-4.0127872,-2.1772766,6.1900638,0.,-4.44
 43787,0.\PG=C02H [SGH(H12)]\\@


 IT IS A PROFOUNDLY ERRONEOUS TRUISM ... THAT WE SHOULD CULTIVATE
 THE HABIT OF THINKING OF WHAT WE ARE DOING.
 THE PRECISE OPPOSITE IS THE CASE.
 CIVILIZATION ADVANCES BY EXTENDING THE NUMBER OF IMPORTANT OPERATIONS
 WHICH WE CAN PERFORM WITHOUT THINKING ABOUT THEM.

                                    -- ALFRED NORTH WHITEHEAD
 Job cpu time:       0 days  0 hours  0 minutes  1.0 seconds.
 File lengths (MBytes):  RWF=     84 Int=      0 D2E=      0 Chk=      2 Scr=      2
 Normal termination of Gaussian 09 at Fri Feb 17 14:56:16 2017.
