 Entering Gaussian System, Link 0=g09
 AtFile(1): H.gbs
            H     0
            S   10   1.00
               1000.000000000000            0.000068713567
                316.227766000000            0.000169141320
                100.000000000000            0.000823394812
                 31.622776600000            0.003425569236
                 10.000000000000            0.013951996000
                  3.162277660000            0.056909313560
                  1.000000000000            0.198286399900
                  0.316227766000            0.496922426700
                  0.100000000000            0.369846276400
                  0.031622776600            0.003752720039
            ****
 Initial command:
 /projects/guscus/apps/gau/g09-e1/g09/l1.exe "/users/lcj1/gaussian/h12/rhfstability/rect/guess/ag3bu3/Gau-9409.inp" -scrdir="/users/lcj1/gaussian/h12/rhfstability/rect/guess/ag3bu3/"
 Entering Link 1 = /projects/guscus/apps/gau/g09-e1/g09/l1.exe PID=      9410.
  
 Copyright (c) 1988,1990,1992,1993,1995,1998,2003,2009,2015,
            Gaussian, Inc.  All Rights Reserved.
  
 This is part of the Gaussian(R) 09 program.  It is based on
 the Gaussian(R) 03 system (copyright 2003, Gaussian, Inc.),
 the Gaussian(R) 98 system (copyright 1998, Gaussian, Inc.),
 the Gaussian(R) 94 system (copyright 1995, Gaussian, Inc.),
 the Gaussian 92(TM) system (copyright 1992, Gaussian, Inc.),
 the Gaussian 90(TM) system (copyright 1990, Gaussian, Inc.),
 the Gaussian 88(TM) system (copyright 1988, Gaussian, Inc.),
 the Gaussian 86(TM) system (copyright 1986, Carnegie Mellon
 University), and the Gaussian 82(TM) system (copyright 1983,
 Carnegie Mellon University). Gaussian is a federally registered
 trademark of Gaussian, Inc.
  
 This software contains proprietary and confidential information,
 including trade secrets, belonging to Gaussian, Inc.
  
 This software is provided under written license and may be
 used, copied, transmitted, or stored only in accord with that
 written license.
  
 The following legend is applicable only to US Government
 contracts under FAR:
  
                    RESTRICTED RIGHTS LEGEND
  
 Use, reproduction and disclosure by the US Government is
 subject to restrictions as set forth in subparagraphs (a)
 and (c) of the Commercial Computer Software - Restricted
 Rights clause in FAR 52.227-19.
  
 Gaussian, Inc.
 340 Quinnipiac St., Bldg. 40, Wallingford CT 06492
  
  
 ---------------------------------------------------------------
 Warning -- This program may not be used in any manner that
 competes with the business of Gaussian, Inc. or will provide
 assistance to any competitor of Gaussian, Inc.  The licensee
 of this program is prohibited from giving any competitor of
 Gaussian, Inc. access to this program.  By using this program,
 the user acknowledges that Gaussian, Inc. is engaged in the
 business of creating and licensing software in the field of
 computational chemistry and represents and warrants to the
 licensee that it is not a competitor of Gaussian, Inc. and that
 it will not use this program in any manner prohibited above.
 ---------------------------------------------------------------
  

 Cite this work as:
 Gaussian 09, Revision E.01,
 M. J. Frisch, G. W. Trucks, H. B. Schlegel, G. E. Scuseria, 
 M. A. Robb, J. R. Cheeseman, G. Scalmani, V. Barone, B. Mennucci, 
 G. A. Petersson, H. Nakatsuji, M. Caricato, X. Li, H. P. Hratchian, 
 A. F. Izmaylov, J. Bloino, G. Zheng, J. L. Sonnenberg, M. Hada, 
 M. Ehara, K. Toyota, R. Fukuda, J. Hasegawa, M. Ishida, T. Nakajima, 
 Y. Honda, O. Kitao, H. Nakai, T. Vreven, J. A. Montgomery, Jr., 
 J. E. Peralta, F. Ogliaro, M. Bearpark, J. J. Heyd, E. Brothers, 
 K. N. Kudin, V. N. Staroverov, T. Keith, R. Kobayashi, J. Normand, 
 K. Raghavachari, A. Rendell, J. C. Burant, S. S. Iyengar, J. Tomasi, 
 M. Cossi, N. Rega, J. M. Millam, M. Klene, J. E. Knox, J. B. Cross, 
 V. Bakken, C. Adamo, J. Jaramillo, R. Gomperts, R. E. Stratmann, 
 O. Yazyev, A. J. Austin, R. Cammi, C. Pomelli, J. W. Ochterski, 
 R. L. Martin, K. Morokuma, V. G. Zakrzewski, G. A. Voth, 
 P. Salvador, J. J. Dannenberg, S. Dapprich, A. D. Daniels, 
 O. Farkas, J. B. Foresman, J. V. Ortiz, J. Cioslowski, 
 and D. J. Fox, Gaussian, Inc., Wallingford CT, 2013.
 
 ******************************************
 Gaussian 09:  ES64L-G09RevE.01 30-Nov-2015
                17-Feb-2017 
 ******************************************
 %chk=h12.chk
 ----------------------------------------------------------------------
 #rhf/gen scf(symm,tight,novaracc,noincfock,fulldiag) stable(crhf) gues
 s=read geom=nocrowd test
 ----------------------------------------------------------------------
 1/38=1/1;
 2/12=1,17=6,18=5,40=1/2;
 3/5=7,16=1,25=1,30=1,116=1/1,2,3;
 4/5=1,9=4/1;
 5/5=100002,15=2,16=1,32=2,38=6/2;
 8/6=1,10=90,11=11/1,4;
 9/8=4,13=1/2;
 6/7=2,8=2,9=2,10=2,28=1/1;
 99/5=1,9=1/99;
 ----------------------------------------------------------------------
 hf stability analysis of h12 triangular lattice, y= 0.2756983987278234
 2
 ----------------------------------------------------------------------
 Symbolic Z-matrix:
 Charge =  0 Multiplicity = 1
 H
 H                    1     2.11221 
 H                    1     2.11221  2     165. 
 H                    2     2.11221  1     15.      3     0.       0
 H                    2     2.11221  1     180.     3     0.       0
 H                    4     2.11221  3     180.     5     0.       0
 H                    6     2.11221  5     180.     3     0.       0
 H                    4     2.11221  2     180.     3     0.       0
 H                    3     2.11221  1     180.     4     0.       0
 H                    9     2.11221  3     180.     4     0.       0
 H                    8     2.11221  4     180.     3     0.       0
 H                    7     2.11221  6     180.     3     0.       0
 
                          Input orientation:                          
 ---------------------------------------------------------------------
 Center     Atomic      Atomic             Coordinates (Angstroms)
 Number     Number       Type             X           Y           Z
 ---------------------------------------------------------------------
      1          1           0        0.000000    0.000000    0.000000
      2          1           0        0.000000    0.000000    2.112207
      3          1           0        0.546680    0.000000   -2.040236
      4          1           0        0.546680    0.000000    0.071972
      5          1           0        0.000000    0.000000    4.224415
      6          1           0        0.546680    0.000000    2.184179
      7          1           0        1.093359    0.000000    0.143943
      8          1           0        1.093359    0.000000   -1.968264
      9          1           0        1.093359    0.000000   -4.080471
     10          1           0        1.640039    0.000000   -6.120707
     11          1           0        1.640039    0.000000   -4.008500
     12          1           0        1.640039    0.000000   -1.896292
 ---------------------------------------------------------------------
                    Distance matrix (angstroms):
                    1          2          3          4          5
     1  H    0.000000
     2  H    2.112207   0.000000
     3  H    2.112207   4.188274   0.000000
     4  H    0.551397   2.112207   2.112207   0.000000
     5  H    4.224415   2.112207   6.288458   4.188274   0.000000
     6  H    2.251554   0.551397   4.224415   2.112207   2.112207
     7  H    1.102794   2.251554   2.251554   0.551397   4.224415
     8  H    2.251554   4.224415   0.551397   2.112207   6.288458
     9  H    4.224415   6.288458   2.112207   4.188274   8.376549
    10  H    6.336622   8.394677   4.224415   6.288458  10.474315
    11  H    4.331027   6.336622   2.251554   4.224415   8.394677
    12  H    2.507120   4.331027   1.102794   2.251554   6.336622
                    6          7          8          9         10
     6  H    0.000000
     7  H    2.112207   0.000000
     8  H    4.188274   2.112207   0.000000
     9  H    6.288458   4.224415   2.112207   0.000000
    10  H    8.376549   6.288458   4.188274   2.112207   0.000000
    11  H    6.288458   4.188274   2.112207   0.551397   2.112207
    12  H    4.224415   2.112207   0.551397   2.251554   4.224415
                   11         12
    11  H    0.000000
    12  H    2.112207   0.000000
 Stoichiometry    H12
 Framework group  C2H[SGH(H12)]
 Deg. of freedom    11
 Full point group                 C2H     NOp   4
 Largest Abelian subgroup         C2H     NOp   4
 Largest concise Abelian subgroup C2      NOp   2
                         Standard orientation:                         
 ---------------------------------------------------------------------
 Center     Atomic      Atomic             Coordinates (Angstroms)
 Number     Number       Type             X           Y           Z
 ---------------------------------------------------------------------
      1          1           0        0.546680    1.128075   -0.000000
      2          1           0        0.000000    3.168311    0.000000
      3          1           0        0.546680   -0.984132   -0.000000
      4          1           0        0.000000    1.056104    0.000000
      5          1           0       -0.546680    5.208547    0.000000
      6          1           0       -0.546680    3.096339    0.000000
      7          1           0       -0.546680    0.984132    0.000000
      8          1           0       -0.000000   -1.056104    0.000000
      9          1           0        0.546680   -3.096339    0.000000
     10          1           0        0.546680   -5.208547    0.000000
     11          1           0       -0.000000   -3.168311    0.000000
     12          1           0       -0.546680   -1.128075    0.000000
 ---------------------------------------------------------------------
 Rotational constants (GHZ):    316.6343113      4.9634788      4.8868734
 General basis read from cards:  (5D, 7F)
 There are     6 symmetry adapted cartesian basis functions of AG  symmetry.
 There are     0 symmetry adapted cartesian basis functions of BG  symmetry.
 There are     0 symmetry adapted cartesian basis functions of AU  symmetry.
 There are     6 symmetry adapted cartesian basis functions of BU  symmetry.
 There are     6 symmetry adapted basis functions of AG  symmetry.
 There are     0 symmetry adapted basis functions of BG  symmetry.
 There are     0 symmetry adapted basis functions of AU  symmetry.
 There are     6 symmetry adapted basis functions of BU  symmetry.
    12 basis functions,   120 primitive gaussians,    12 cartesian basis functions
     6 alpha electrons        6 beta electrons
       nuclear repulsion energy        16.2308847908 Hartrees.
 NAtoms=   12 NActive=   12 NUniq=    6 SFac= 4.00D+00 NAtFMM=   60 NAOKFM=F Big=F
 Integral buffers will be    131072 words long.
 Regular integral format.
 Two-electron integral symmetry is turned on.
 One-electron integrals computed using PRISM.
 NBasis=    12 RedAO= T EigKep=  4.78D-02  NBF=     6     0     0     6
 NBsUse=    12 1.00D-06 EigRej= -1.00D+00 NBFU=     6     0     0     6
 Initial guess from the checkpoint file:  "h12.chk"
 B after Tr=     0.000000   -0.000000    0.000000
         Rot=    0.998968   -0.000000    0.000000    0.045411 Ang=   5.21 deg.
 Initial guess orbital symmetries:
       Occupied  (AG) (BU) (AG) (BU) (BU) (AG)
       Virtual   (BU) (AG) (BU) (AG) (AG) (BU)
 Keep R1 ints in memory in symmetry-blocked form, NReq=894656.
 Requested convergence on RMS density matrix=1.00D-08 within 128 cycles.
 Requested convergence on MAX density matrix=1.00D-06.
 Requested convergence on             energy=1.00D-06.
 No special actions if energy rises.
 SCF Done:  E(RHF) =  -5.08409304193     A.U. after   12 cycles
            NFock= 12  Conv=0.49D-08     -V/T= 1.7948
 Range of M.O.s used for correlation:     1    12
 NBasis=    12 NAE=     6 NBE=     6 NFC=     0 NFV=     0
 NROrb=     12 NOA=     6 NOB=     6 NVA=     6 NVB=     6

 **** Warning!!: The smallest alpha delta epsilon is  0.51521173D-01

 Semi-Direct transformation.
 ModeAB=           4 MOrb=             6 LenV=     134094055
 LASXX=         2181 LTotXX=        2181 LenRXX=        5115
 LTotAB=        2934 MaxLAS=        3024 LenRXY=           0
 NonZer=        7296 LenScr=      655360 LnRSAI=        3024
 LnScr1=      655360 LExtra=           0 Total=      1318859
 MaxDsk=          -1 SrtSym=           T ITran=            3
 JobTyp=0 Pass  1:  I=   1 to   6.
 (rs|ai) integrals will be sorted in core.
 Spin components of T(2) and E(2):
     alpha-alpha T2 =       0.4741424827D-02 E2=     -0.4090193389D-02
     alpha-beta  T2 =       0.7789947211D+01 E2=     -0.8692275113D+00
     beta-beta   T2 =       0.4741424827D-02 E2=     -0.4090193389D-02
 ANorm=    0.2966383330D+01
 E2 =    -0.8774078981D+00 EUMP2 =    -0.59615009400038D+01
 Second order stability test of a single determinant RHF wave function:
 Stabil:  MDV=134217728
 ***********************************************************************
 Matrix         Lowest Root    Major Pairs
 ***********************************************************************
 Internal RHF     0.0142417    Stable
 RRHF --> CRHF    0.0001393    Stable
 RRHF --> RUHF   -0.5727933    6A=7B
 Not stable.
 ***********************************************************************

 **********************************************************************

            Population analysis using the SCF density.

 **********************************************************************

 Orbital symmetries:
       Occupied  (AG) (BU) (AG) (BU) (BU) (AG)
       Virtual   (BU) (AG) (BU) (AG) (AG) (BU)
 The electronic state is 1-AG.
 Alpha  occ. eigenvalues --   -0.91429  -0.87258  -0.70061  -0.69863  -0.25971
 Alpha  occ. eigenvalues --   -0.20075
 Alpha virt. eigenvalues --   -0.14923   0.04549   0.56373   0.56920   1.18782
 Alpha virt. eigenvalues --    1.33844
          Condensed to atoms (all electrons):
               1          2          3          4          5          6
     1  H    1.032531  -0.000212   0.187518   0.214661   0.001214  -0.021891
     2  H   -0.000212   0.582172   0.000676  -0.025726  -0.019076   0.485534
     3  H    0.187518   0.000676   1.091796  -0.014947   0.000024  -0.000603
     4  H    0.214661  -0.025726  -0.014947   1.129295   0.000189  -0.025566
     5  H    0.001214  -0.019076   0.000024   0.000189   1.055079  -0.023544
     6  H   -0.021891   0.485534  -0.000603  -0.025566  -0.023544   0.581602
     7  H   -0.531457  -0.018474  -0.170858   0.217687  -0.001132   0.004684
     8  H   -0.008948   0.000169   0.217687  -0.028460   0.000004   0.000180
     9  H    0.000736   0.000003   0.004684   0.000180  -0.000001   0.000001
    10  H   -0.000019  -0.000001  -0.001132   0.000004   0.000000  -0.000001
    11  H   -0.000390   0.000001  -0.018474   0.000169  -0.000001   0.000003
    12  H   -0.115746  -0.000390  -0.531457  -0.008948  -0.000019   0.000736
               7          8          9         10         11         12
     1  H   -0.531457  -0.008948   0.000736  -0.000019  -0.000390  -0.115746
     2  H   -0.018474   0.000169   0.000003  -0.000001   0.000001  -0.000390
     3  H   -0.170858   0.217687   0.004684  -0.001132  -0.018474  -0.531457
     4  H    0.217687  -0.028460   0.000180   0.000004   0.000169  -0.008948
     5  H   -0.001132   0.000004  -0.000001   0.000000  -0.000001  -0.000019
     6  H    0.004684   0.000180   0.000001  -0.000001   0.000003   0.000736
     7  H    1.091796  -0.014947  -0.000603   0.000024   0.000676   0.187518
     8  H   -0.014947   1.129295  -0.025566   0.000189  -0.025726   0.214661
     9  H   -0.000603  -0.025566   0.581602  -0.023544   0.485534  -0.021891
    10  H    0.000024   0.000189  -0.023544   1.055079  -0.019076   0.001214
    11  H    0.000676  -0.025726   0.485534  -0.019076   0.582172  -0.000212
    12  H    0.187518   0.214661  -0.021891   0.001214  -0.000212   1.032531
 Mulliken charges:
               1
     1  H    0.242003
     2  H   -0.004676
     3  H    0.235084
     4  H   -0.458537
     5  H   -0.012737
     6  H   -0.001137
     7  H    0.235084
     8  H   -0.458537
     9  H   -0.001137
    10  H   -0.012737
    11  H   -0.004676
    12  H    0.242003
 Sum of Mulliken charges =  -0.00000
 Mulliken charges with hydrogens summed into heavy atoms:
               1
 Electronic spatial extent (au):  <R**2>=            405.8943
 Charge=             -0.0000 electrons
 Dipole moment (field-independent basis, Debye):
    X=             -0.0000    Y=             -0.0000    Z=             -0.0000  Tot=              0.0000
 Quadrupole moment (field-independent basis, Debye-Ang):
   XX=            -16.4365   YY=            -21.1187   ZZ=            -15.5170
   XY=              0.8454   XZ=              0.0000   YZ=             -0.0000
 Traceless Quadrupole moment (field-independent basis, Debye-Ang):
   XX=              1.2542   YY=             -3.4280   ZZ=              2.1738
   XY=              0.8454   XZ=              0.0000   YZ=             -0.0000
 Octapole moment (field-independent basis, Debye-Ang**2):
  XXX=              0.0000  YYY=              0.0000  ZZZ=             -0.0000  XYY=              0.0000
  XXY=              0.0000  XXZ=             -0.0000  XZZ=              0.0000  YZZ=              0.0000
  YYZ=             -0.0000  XYZ=              0.0000
 Hexadecapole moment (field-independent basis, Debye-Ang**3):
 XXXX=            -40.8945 YYYY=          -1035.0866 ZZZZ=            -18.8768 XXXY=             35.3428
 XXXZ=              0.0000 YYYX=             59.9987 YYYZ=             -0.0000 ZZZX=              0.0000
 ZZZY=             -0.0000 XXYY=           -142.8219 XXZZ=             -9.9307 YYZZ=           -141.0245
 XXYZ=             -0.0000 YYXZ=             -0.0000 ZZXY=             12.1151
 N-N= 1.623088479084D+01 E-N=-4.173377223518D+01  KE= 6.396966182585D+00
 Symmetry AG   KE= 2.734781922766D+00
 Symmetry BG   KE= 0.000000000000D+00
 Symmetry AU   KE= 0.000000000000D+00
 Symmetry BU   KE= 3.662184259819D+00

 Test job not archived.
 1\1\GINC-SULU\Stability\RHF\Gen\H12\LCJ1\17-Feb-2017\0\\#rhf/gen scf(s
 ymm,tight,novaracc,noincfock,fulldiag) stable(crhf) guess=read geom=no
 crowd test\\hf stability analysis of h12 triangular lattice, y= 0.2756
 9839872782342\\0,1\H\H,1,2.1122074153\H,1,2.1122074153,2,165.\H,2,2.11
 22074153,1,15.,3,0.,0\H,2,2.1122074153,1,180.,3,0.,0\H,4,2.1122074153,
 3,180.,5,0.,0\H,6,2.1122074153,5,180.,3,0.,0\H,4,2.1122074153,2,180.,3
 ,0.,0\H,3,2.1122074153,1,180.,4,0.,0\H,9,2.1122074153,3,180.,4,0.,0\H,
 8,2.1122074153,4,180.,3,0.,0\H,7,2.1122074153,6,180.,3,0.,0\\Version=E
 S64L-G09RevE.01\State=1-AG\HF=-5.084093\MP2=-5.9615009\RMSD=4.908e-09\
 Dipole=0.,0.,0.\Quadrupole=1.013556,1.6161378,-2.6296938,0.,0.3259467,
 0.\PG=C02H [SGH(H12)]\\@


 THE CHYMISTS ARE A STRANGE CLASS OF MORTALS IMPELLED
 BY AN ALMOST INSANE IMPULSE TO SEEK THEIR PLEASURE
 AMONG SMOKE AND VAPOR, SOOT AND FLAME, POISONS AND
 POVERTY; YET AMONG ALL THESE EVILS I SEEM TO LIVE
 SO SWEETLY, THAT I MAY DIE IF I WOULD CHANGE PLACES
 WITH THE PERSIAN KING.
   --  JOHANN JOACHIM BECHER, 1635-1682
 ACTA LABORATORII CHYMICA MONACENSIS, 1669
 Job cpu time:       0 days  0 hours  0 minutes  0.9 seconds.
 File lengths (MBytes):  RWF=     84 Int=      0 D2E=      0 Chk=      2 Scr=      2
 Normal termination of Gaussian 09 at Fri Feb 17 14:53:44 2017.
