 Entering Gaussian System, Link 0=g09
 AtFile(1): H.gbs
            H     0
            S   10   1.00
               1000.000000000000            0.000068713567
                316.227766000000            0.000169141320
                100.000000000000            0.000823394812
                 31.622776600000            0.003425569236
                 10.000000000000            0.013951996000
                  3.162277660000            0.056909313560
                  1.000000000000            0.198286399900
                  0.316227766000            0.496922426700
                  0.100000000000            0.369846276400
                  0.031622776600            0.003752720039
            ****
 Initial command:
 /projects/guscus/apps/gau/g09-e1/g09/l1.exe "/users/lcj1/gaussian/h12/rhfstability/rect/guess/ag3bu3/Gau-11741.inp" -scrdir="/users/lcj1/gaussian/h12/rhfstability/rect/guess/ag3bu3/"
 Entering Link 1 = /projects/guscus/apps/gau/g09-e1/g09/l1.exe PID=     11742.
  
 Copyright (c) 1988,1990,1992,1993,1995,1998,2003,2009,2015,
            Gaussian, Inc.  All Rights Reserved.
  
 This is part of the Gaussian(R) 09 program.  It is based on
 the Gaussian(R) 03 system (copyright 2003, Gaussian, Inc.),
 the Gaussian(R) 98 system (copyright 1998, Gaussian, Inc.),
 the Gaussian(R) 94 system (copyright 1995, Gaussian, Inc.),
 the Gaussian 92(TM) system (copyright 1992, Gaussian, Inc.),
 the Gaussian 90(TM) system (copyright 1990, Gaussian, Inc.),
 the Gaussian 88(TM) system (copyright 1988, Gaussian, Inc.),
 the Gaussian 86(TM) system (copyright 1986, Carnegie Mellon
 University), and the Gaussian 82(TM) system (copyright 1983,
 Carnegie Mellon University). Gaussian is a federally registered
 trademark of Gaussian, Inc.
  
 This software contains proprietary and confidential information,
 including trade secrets, belonging to Gaussian, Inc.
  
 This software is provided under written license and may be
 used, copied, transmitted, or stored only in accord with that
 written license.
  
 The following legend is applicable only to US Government
 contracts under FAR:
  
                    RESTRICTED RIGHTS LEGEND
  
 Use, reproduction and disclosure by the US Government is
 subject to restrictions as set forth in subparagraphs (a)
 and (c) of the Commercial Computer Software - Restricted
 Rights clause in FAR 52.227-19.
  
 Gaussian, Inc.
 340 Quinnipiac St., Bldg. 40, Wallingford CT 06492
  
  
 ---------------------------------------------------------------
 Warning -- This program may not be used in any manner that
 competes with the business of Gaussian, Inc. or will provide
 assistance to any competitor of Gaussian, Inc.  The licensee
 of this program is prohibited from giving any competitor of
 Gaussian, Inc. access to this program.  By using this program,
 the user acknowledges that Gaussian, Inc. is engaged in the
 business of creating and licensing software in the field of
 computational chemistry and represents and warrants to the
 licensee that it is not a competitor of Gaussian, Inc. and that
 it will not use this program in any manner prohibited above.
 ---------------------------------------------------------------
  

 Cite this work as:
 Gaussian 09, Revision E.01,
 M. J. Frisch, G. W. Trucks, H. B. Schlegel, G. E. Scuseria, 
 M. A. Robb, J. R. Cheeseman, G. Scalmani, V. Barone, B. Mennucci, 
 G. A. Petersson, H. Nakatsuji, M. Caricato, X. Li, H. P. Hratchian, 
 A. F. Izmaylov, J. Bloino, G. Zheng, J. L. Sonnenberg, M. Hada, 
 M. Ehara, K. Toyota, R. Fukuda, J. Hasegawa, M. Ishida, T. Nakajima, 
 Y. Honda, O. Kitao, H. Nakai, T. Vreven, J. A. Montgomery, Jr., 
 J. E. Peralta, F. Ogliaro, M. Bearpark, J. J. Heyd, E. Brothers, 
 K. N. Kudin, V. N. Staroverov, T. Keith, R. Kobayashi, J. Normand, 
 K. Raghavachari, A. Rendell, J. C. Burant, S. S. Iyengar, J. Tomasi, 
 M. Cossi, N. Rega, J. M. Millam, M. Klene, J. E. Knox, J. B. Cross, 
 V. Bakken, C. Adamo, J. Jaramillo, R. Gomperts, R. E. Stratmann, 
 O. Yazyev, A. J. Austin, R. Cammi, C. Pomelli, J. W. Ochterski, 
 R. L. Martin, K. Morokuma, V. G. Zakrzewski, G. A. Voth, 
 P. Salvador, J. J. Dannenberg, S. Dapprich, A. D. Daniels, 
 O. Farkas, J. B. Foresman, J. V. Ortiz, J. Cioslowski, 
 and D. J. Fox, Gaussian, Inc., Wallingford CT, 2013.
 
 ******************************************
 Gaussian 09:  ES64L-G09RevE.01 30-Nov-2015
                17-Feb-2017 
 ******************************************
 %chk=h12.chk
 ----------------------------------------------------------------------
 #rhf/gen scf(symm,tight,novaracc,noincfock,fulldiag) stable(crhf) gues
 s=read geom=nocrowd test
 ----------------------------------------------------------------------
 1/38=1/1;
 2/12=1,17=6,18=5,40=1/2;
 3/5=7,16=1,25=1,30=1,116=1/1,2,3;
 4/5=1,9=4/1;
 5/5=100002,15=2,16=1,32=2,38=6/2;
 8/6=1,10=90,11=11/1,4;
 9/8=4,13=1/2;
 6/7=2,8=2,9=2,10=2,28=1/1;
 99/5=1,9=1/99;
 ----------------------------------------------------------------------
 hf stability analysis of h12 triangular lattice, y= 0.3577645550249273
 8
 ----------------------------------------------------------------------
 Symbolic Z-matrix:
 Charge =  0 Multiplicity = 1
 H
 H                    1     1.65295 
 H                    1     1.65295  2     155. 
 H                    2     1.65295  1     25.      3     0.       0
 H                    2     1.65295  1     180.     3     0.       0
 H                    4     1.65295  3     180.     5     0.       0
 H                    6     1.65295  5     180.     3     0.       0
 H                    4     1.65295  2     180.     3     0.       0
 H                    3     1.65295  1     180.     4     0.       0
 H                    9     1.65295  3     180.     4     0.       0
 H                    8     1.65295  4     180.     3     0.       0
 H                    7     1.65295  6     180.     3     0.       0
 
                          Input orientation:                          
 ---------------------------------------------------------------------
 Center     Atomic      Atomic             Coordinates (Angstroms)
 Number     Number       Type             X           Y           Z
 ---------------------------------------------------------------------
      1          1           0        0.000000    0.000000    0.000000
      2          1           0        0.000000    0.000000    1.652953
      3          1           0        0.698568    0.000000   -1.498084
      4          1           0        0.698568    0.000000    0.154869
      5          1           0        0.000000    0.000000    3.305906
      6          1           0        0.698568    0.000000    1.807822
      7          1           0        1.397136    0.000000    0.309738
      8          1           0        1.397136    0.000000   -1.343215
      9          1           0        1.397136    0.000000   -2.996169
     10          1           0        2.095705    0.000000   -4.494253
     11          1           0        2.095705    0.000000   -2.841300
     12          1           0        2.095705    0.000000   -1.188347
 ---------------------------------------------------------------------
                    Distance matrix (angstroms):
                    1          2          3          4          5
     1  H    0.000000
     2  H    1.652953   0.000000
     3  H    1.652953   3.227543   0.000000
     4  H    0.715529   1.652953   1.652953   0.000000
     5  H    3.305906   1.652953   4.854516   3.227543   0.000000
     6  H    1.938096   0.715529   3.305906   1.652953   1.652953
     7  H    1.431058   1.938096   1.938096   0.715529   3.305906
     8  H    1.938096   3.305906   0.715529   1.652953   4.854516
     9  H    3.305906   4.854516   1.652953   3.227543   6.455086
    10  H    4.958859   6.494622   3.305906   4.854516   8.076785
    11  H    3.530575   4.958859   1.938096   3.305906   6.494622
    12  H    2.409179   3.530575   1.431058   1.938096   4.958859
                    6          7          8          9         10
     6  H    0.000000
     7  H    1.652953   0.000000
     8  H    3.227543   1.652953   0.000000
     9  H    4.854516   3.305906   1.652953   0.000000
    10  H    6.455086   4.854516   3.227543   1.652953   0.000000
    11  H    4.854516   3.227543   1.652953   0.715529   1.652953
    12  H    3.305906   1.652953   0.715529   1.938096   3.305906
                   11         12
    11  H    0.000000
    12  H    1.652953   0.000000
 Stoichiometry    H12
 Framework group  C2H[SGH(H12)]
 Deg. of freedom    11
 Full point group                 C2H     NOp   4
 Largest Abelian subgroup         C2H     NOp   4
 Largest concise Abelian subgroup C2      NOp   2
                         Standard orientation:                         
 ---------------------------------------------------------------------
 Center     Atomic      Atomic             Coordinates (Angstroms)
 Number     Number       Type             X           Y           Z
 ---------------------------------------------------------------------
      1          1           0        0.698568    0.981345    0.000000
      2          1           0        0.000000    2.479430    0.000000
      3          1           0        0.698568   -0.671608    0.000000
      4          1           0        0.000000    0.826477    0.000000
      5          1           0       -0.698568    3.977514    0.000000
      6          1           0       -0.698568    2.324561    0.000000
      7          1           0       -0.698568    0.671608    0.000000
      8          1           0       -0.000000   -0.826477    0.000000
      9          1           0        0.698568   -2.324561   -0.000000
     10          1           0        0.698568   -3.977514   -0.000000
     11          1           0       -0.000000   -2.479430    0.000000
     12          1           0       -0.698568   -0.981345    0.000000
 ---------------------------------------------------------------------
 Rotational constants (GHZ):    188.6201560      8.3321302      7.9796367
 General basis read from cards:  (5D, 7F)
 There are     6 symmetry adapted cartesian basis functions of AG  symmetry.
 There are     0 symmetry adapted cartesian basis functions of BG  symmetry.
 There are     0 symmetry adapted cartesian basis functions of AU  symmetry.
 There are     6 symmetry adapted cartesian basis functions of BU  symmetry.
 There are     6 symmetry adapted basis functions of AG  symmetry.
 There are     0 symmetry adapted basis functions of BG  symmetry.
 There are     0 symmetry adapted basis functions of AU  symmetry.
 There are     6 symmetry adapted basis functions of BU  symmetry.
    12 basis functions,   120 primitive gaussians,    12 cartesian basis functions
     6 alpha electrons        6 beta electrons
       nuclear repulsion energy        17.1100761729 Hartrees.
 NAtoms=   12 NActive=   12 NUniq=    6 SFac= 4.00D+00 NAtFMM=   60 NAOKFM=F Big=F
 Integral buffers will be    131072 words long.
 Regular integral format.
 Two-electron integral symmetry is turned on.
 One-electron integrals computed using PRISM.
 NBasis=    12 RedAO= T EigKep=  9.17D-02  NBF=     6     0     0     6
 NBsUse=    12 1.00D-06 EigRej= -1.00D+00 NBFU=     6     0     0     6
 Initial guess from the checkpoint file:  "h12.chk"
 B after Tr=     0.000000    0.000000    0.000000
         Rot=    0.999885   -0.000000    0.000000    0.015172 Ang=   1.74 deg.
 Initial guess orbital symmetries:
       Occupied  (AG) (BU) (AG) (BU) (BU) (AG)
       Virtual   (BU) (AG) (BU) (AG) (AG) (BU)
 Keep R1 ints in memory in symmetry-blocked form, NReq=897218.
 Requested convergence on RMS density matrix=1.00D-08 within 128 cycles.
 Requested convergence on MAX density matrix=1.00D-06.
 Requested convergence on             energy=1.00D-06.
 No special actions if energy rises.
 SCF Done:  E(RHF) =  -5.71059906860     A.U. after   13 cycles
            NFock= 13  Conv=0.56D-08     -V/T= 1.9048
 Range of M.O.s used for correlation:     1    12
 NBasis=    12 NAE=     6 NBE=     6 NFC=     0 NFV=     0
 NROrb=     12 NOA=     6 NOB=     6 NVA=     6 NVB=     6

 **** Warning!!: The smallest alpha delta epsilon is  0.72284128D-01

 Semi-Direct transformation.
 ModeAB=           4 MOrb=             6 LenV=     134090583
 LASXX=         2181 LTotXX=        2181 LenRXX=        5115
 LTotAB=        2934 MaxLAS=        3024 LenRXY=           0
 NonZer=        7296 LenScr=      655360 LnRSAI=        3024
 LnScr1=      655360 LExtra=           0 Total=      1318859
 MaxDsk=          -1 SrtSym=           T ITran=            3
 JobTyp=0 Pass  1:  I=   1 to   6.
 (rs|ai) integrals will be sorted in core.
 Spin components of T(2) and E(2):
     alpha-alpha T2 =       0.6321143900D-02 E2=     -0.5696099746D-02
     alpha-beta  T2 =       0.3589685193D+01 E2=     -0.5829108242D+00
     beta-beta   T2 =       0.6321143900D-02 E2=     -0.5696099746D-02
 ANorm=    0.2145303587D+01
 E2 =    -0.5943030237D+00 EUMP2 =    -0.63049020922737D+01
 Second order stability test of a single determinant RHF wave function:
 Stabil:  MDV=134217728
 ***********************************************************************
 Matrix         Lowest Root    Major Pairs
 ***********************************************************************
 Internal RHF     0.0400457    Stable
 RRHF --> CRHF    0.0042383    Stable
 RRHF --> RUHF   -0.5434623    6A=7B
 Not stable.
 ***********************************************************************

 **********************************************************************

            Population analysis using the SCF density.

 **********************************************************************

 Orbital symmetries:
       Occupied  (AG) (BU) (AG) (BU) (BU) (AG)
       Virtual   (BU) (AG) (BU) (AG) (AG) (BU)
 The electronic state is 1-AG.
 Alpha  occ. eigenvalues --   -0.89090  -0.77860  -0.64930  -0.59882  -0.37755
 Alpha  occ. eigenvalues --   -0.17090
 Alpha virt. eigenvalues --   -0.09862   0.01956   0.43956   0.47388   0.74232
 Alpha virt. eigenvalues --    0.96886
          Condensed to atoms (all electrons):
               1          2          3          4          5          6
     1  H    0.749956  -0.014873   0.191458   0.281485  -0.001454  -0.044518
     2  H   -0.014873   0.702399   0.003943  -0.079120  -0.058516   0.507567
     3  H    0.191458   0.003943   0.922454  -0.054024   0.000383  -0.002811
     4  H    0.281485  -0.079120  -0.054024   0.953015  -0.000756  -0.074935
     5  H   -0.001454  -0.058516   0.000383  -0.000756   1.155945  -0.049866
     6  H   -0.044518   0.507567  -0.002811  -0.074935  -0.049866   0.660085
     7  H   -0.205104  -0.059311  -0.191418   0.322757   0.001102  -0.026335
     8  H   -0.030037   0.001705   0.322757  -0.092473   0.000307   0.001565
     9  H    0.003964   0.000208  -0.026335   0.001565  -0.000047   0.000142
    10  H   -0.000037  -0.000050   0.001102   0.000307   0.000013  -0.000047
    11  H   -0.001103   0.000140  -0.059311   0.001705  -0.000050   0.000208
    12  H   -0.087358  -0.001103  -0.205104  -0.030037  -0.000037   0.003964
               7          8          9         10         11         12
     1  H   -0.205104  -0.030037   0.003964  -0.000037  -0.001103  -0.087358
     2  H   -0.059311   0.001705   0.000208  -0.000050   0.000140  -0.001103
     3  H   -0.191418   0.322757  -0.026335   0.001102  -0.059311  -0.205104
     4  H    0.322757  -0.092473   0.001565   0.000307   0.001705  -0.030037
     5  H    0.001102   0.000307  -0.000047   0.000013  -0.000050  -0.000037
     6  H   -0.026335   0.001565   0.000142  -0.000047   0.000208   0.003964
     7  H    0.922454  -0.054024  -0.002811   0.000383   0.003943   0.191458
     8  H   -0.054024   0.953015  -0.074935  -0.000756  -0.079120   0.281485
     9  H   -0.002811  -0.074935   0.660085  -0.049866   0.507567  -0.044518
    10  H    0.000383  -0.000756  -0.049866   1.155945  -0.058516  -0.001454
    11  H    0.003943  -0.079120   0.507567  -0.058516   0.702399  -0.014873
    12  H    0.191458   0.281485  -0.044518  -0.001454  -0.014873   0.749956
 Mulliken charges:
               1
     1  H    0.157620
     2  H   -0.002991
     3  H    0.096905
     4  H   -0.229490
     5  H   -0.047024
     6  H    0.024979
     7  H    0.096905
     8  H   -0.229490
     9  H    0.024979
    10  H   -0.047024
    11  H   -0.002991
    12  H    0.157620
 Sum of Mulliken charges =  -0.00000
 Mulliken charges with hydrogens summed into heavy atoms:
               1
 Electronic spatial extent (au):  <R**2>=            266.2267
 Charge=             -0.0000 electrons
 Dipole moment (field-independent basis, Debye):
    X=             -0.0000    Y=             -0.0000    Z=              0.0000  Tot=              0.0000
 Quadrupole moment (field-independent basis, Debye-Ang):
   XX=            -15.6700   YY=            -25.2211   ZZ=            -15.3507
   XY=              2.5169   XZ=              0.0000   YZ=             -0.0000
 Traceless Quadrupole moment (field-independent basis, Debye-Ang):
   XX=              3.0773   YY=             -6.4738   ZZ=              3.3966
   XY=              2.5169   XZ=              0.0000   YZ=             -0.0000
 Octapole moment (field-independent basis, Debye-Ang**2):
  XXX=              0.0000  YYY=             -0.0000  ZZZ=             -0.0000  XYY=              0.0000
  XXY=             -0.0000  XXZ=             -0.0000  XZZ=             -0.0000  YZZ=             -0.0000
  YYZ=             -0.0000  XYZ=              0.0000
 Hexadecapole moment (field-independent basis, Debye-Ang**3):
 XXXX=            -50.9614 YYYY=           -712.8417 ZZZZ=            -18.4240 XXXY=             34.6083
 XXXZ=              0.0000 YYYX=             76.3922 YYYZ=             -0.0000 ZZZX=              0.0000
 ZZZY=             -0.0000 XXYY=            -93.8231 XXZZ=            -11.6027 YYZZ=            -86.1219
 XXYZ=             -0.0000 YYXZ=              0.0000 ZZXY=             11.6612
 N-N= 1.711007617290D+01 E-N=-4.502048765789D+01  KE= 6.311300557558D+00
 Symmetry AG   KE= 2.840841831837D+00
 Symmetry BG   KE= 0.000000000000D+00
 Symmetry AU   KE= 0.000000000000D+00
 Symmetry BU   KE= 3.470458725721D+00

 Test job not archived.
 1\1\GINC-SULU\Stability\RHF\Gen\H12\LCJ1\17-Feb-2017\0\\#rhf/gen scf(s
 ymm,tight,novaracc,noincfock,fulldiag) stable(crhf) guess=read geom=no
 crowd test\\hf stability analysis of h12 triangular lattice, y= 0.3577
 6455502492738\\0,1\H\H,1,1.6529531666\H,1,1.6529531666,2,155.\H,2,1.65
 29531666,1,25.,3,0.,0\H,2,1.6529531666,1,180.,3,0.,0\H,4,1.6529531666,
 3,180.,5,0.,0\H,6,1.6529531666,5,180.,3,0.,0\H,4,1.6529531666,2,180.,3
 ,0.,0\H,3,1.6529531666,1,180.,4,0.,0\H,9,1.6529531666,3,180.,4,0.,0\H,
 8,1.6529531666,4,180.,3,0.,0\H,7,1.6529531666,6,180.,3,0.,0\\Version=E
 S64L-G09RevE.01\State=1-AG\HF=-5.7105991\MP2=-6.3049021\RMSD=5.602e-09
 \Dipole=0.,0.,0.\Quadrupole=2.4530666,2.5252609,-4.9783275,0.,1.517012
 4,0.\PG=C02H [SGH(H12)]\\@


 IT IS BY EATING THE LIGHT OF A STAR THAT WE EXIST, 
 IN THE FINAL ANALYSIS, 
 JUST AS IT IS BY PERCEIVING THE LIGHT OF STARS
 THAT WE DEFINE THE WORLD AROUND US.

                                    -- GILBERT GROSVENOR
 Job cpu time:       0 days  0 hours  0 minutes  1.0 seconds.
 File lengths (MBytes):  RWF=     84 Int=      0 D2E=      0 Chk=      2 Scr=      2
 Normal termination of Gaussian 09 at Fri Feb 17 14:54:42 2017.
