 Entering Gaussian System, Link 0=g09
 AtFile(1): H.gbs
            H     0
            S   10   1.00
               1000.000000000000            0.000068713567
                316.227766000000            0.000169141320
                100.000000000000            0.000823394812
                 31.622776600000            0.003425569236
                 10.000000000000            0.013951996000
                  3.162277660000            0.056909313560
                  1.000000000000            0.198286399900
                  0.316227766000            0.496922426700
                  0.100000000000            0.369846276400
                  0.031622776600            0.003752720039
            ****
 Initial command:
 /projects/guscus/apps/gau/g09-e1/g09/l1.exe "/users/lcj1/gaussian/h12/rhfstability/rect/guess/ag3bu3/Gau-16286.inp" -scrdir="/users/lcj1/gaussian/h12/rhfstability/rect/guess/ag3bu3/"
 Entering Link 1 = /projects/guscus/apps/gau/g09-e1/g09/l1.exe PID=     16288.
  
 Copyright (c) 1988,1990,1992,1993,1995,1998,2003,2009,2015,
            Gaussian, Inc.  All Rights Reserved.
  
 This is part of the Gaussian(R) 09 program.  It is based on
 the Gaussian(R) 03 system (copyright 2003, Gaussian, Inc.),
 the Gaussian(R) 98 system (copyright 1998, Gaussian, Inc.),
 the Gaussian(R) 94 system (copyright 1995, Gaussian, Inc.),
 the Gaussian 92(TM) system (copyright 1992, Gaussian, Inc.),
 the Gaussian 90(TM) system (copyright 1990, Gaussian, Inc.),
 the Gaussian 88(TM) system (copyright 1988, Gaussian, Inc.),
 the Gaussian 86(TM) system (copyright 1986, Carnegie Mellon
 University), and the Gaussian 82(TM) system (copyright 1983,
 Carnegie Mellon University). Gaussian is a federally registered
 trademark of Gaussian, Inc.
  
 This software contains proprietary and confidential information,
 including trade secrets, belonging to Gaussian, Inc.
  
 This software is provided under written license and may be
 used, copied, transmitted, or stored only in accord with that
 written license.
  
 The following legend is applicable only to US Government
 contracts under FAR:
  
                    RESTRICTED RIGHTS LEGEND
  
 Use, reproduction and disclosure by the US Government is
 subject to restrictions as set forth in subparagraphs (a)
 and (c) of the Commercial Computer Software - Restricted
 Rights clause in FAR 52.227-19.
  
 Gaussian, Inc.
 340 Quinnipiac St., Bldg. 40, Wallingford CT 06492
  
  
 ---------------------------------------------------------------
 Warning -- This program may not be used in any manner that
 competes with the business of Gaussian, Inc. or will provide
 assistance to any competitor of Gaussian, Inc.  The licensee
 of this program is prohibited from giving any competitor of
 Gaussian, Inc. access to this program.  By using this program,
 the user acknowledges that Gaussian, Inc. is engaged in the
 business of creating and licensing software in the field of
 computational chemistry and represents and warrants to the
 licensee that it is not a competitor of Gaussian, Inc. and that
 it will not use this program in any manner prohibited above.
 ---------------------------------------------------------------
  

 Cite this work as:
 Gaussian 09, Revision E.01,
 M. J. Frisch, G. W. Trucks, H. B. Schlegel, G. E. Scuseria, 
 M. A. Robb, J. R. Cheeseman, G. Scalmani, V. Barone, B. Mennucci, 
 G. A. Petersson, H. Nakatsuji, M. Caricato, X. Li, H. P. Hratchian, 
 A. F. Izmaylov, J. Bloino, G. Zheng, J. L. Sonnenberg, M. Hada, 
 M. Ehara, K. Toyota, R. Fukuda, J. Hasegawa, M. Ishida, T. Nakajima, 
 Y. Honda, O. Kitao, H. Nakai, T. Vreven, J. A. Montgomery, Jr., 
 J. E. Peralta, F. Ogliaro, M. Bearpark, J. J. Heyd, E. Brothers, 
 K. N. Kudin, V. N. Staroverov, T. Keith, R. Kobayashi, J. Normand, 
 K. Raghavachari, A. Rendell, J. C. Burant, S. S. Iyengar, J. Tomasi, 
 M. Cossi, N. Rega, J. M. Millam, M. Klene, J. E. Knox, J. B. Cross, 
 V. Bakken, C. Adamo, J. Jaramillo, R. Gomperts, R. E. Stratmann, 
 O. Yazyev, A. J. Austin, R. Cammi, C. Pomelli, J. W. Ochterski, 
 R. L. Martin, K. Morokuma, V. G. Zakrzewski, G. A. Voth, 
 P. Salvador, J. J. Dannenberg, S. Dapprich, A. D. Daniels, 
 O. Farkas, J. B. Foresman, J. V. Ortiz, J. Cioslowski, 
 and D. J. Fox, Gaussian, Inc., Wallingford CT, 2013.
 
 ******************************************
 Gaussian 09:  ES64L-G09RevE.01 30-Nov-2015
                17-Feb-2017 
 ******************************************
 %chk=h12.chk
 ----------------------------------------------------------------------
 #rhf/gen scf(symm,tight,novaracc,noincfock,fulldiag) stable(crhf) gues
 s=read geom=nocrowd test
 ----------------------------------------------------------------------
 1/38=1/1;
 2/12=1,17=6,18=5,40=1/2;
 3/5=7,16=1,25=1,30=1,116=1/1,2,3;
 4/5=1,9=4/1;
 5/5=100002,15=2,16=1,32=2,38=6/2;
 8/6=1,10=90,11=11/1,4;
 9/8=4,13=1/2;
 6/7=2,8=2,9=2,10=2,28=1/1;
 99/5=1,9=1/99;
 ----------------------------------------------------------------------
 hf stability analysis of h12 triangular lattice, y= 0.4768902663057268
 4
 ----------------------------------------------------------------------
 Symbolic Z-matrix:
 Charge =  0 Multiplicity = 1
 H
 H                    1     1.3012 
 H                    1     1.3012   2     137. 
 H                    2     1.3012   1     43.      3     0.       0
 H                    2     1.3012   1     180.     3     0.       0
 H                    4     1.3012   3     180.     5     0.       0
 H                    6     1.3012   5     180.     3     0.       0
 H                    4     1.3012   2     180.     3     0.       0
 H                    3     1.3012   1     180.     4     0.       0
 H                    9     1.3012   3     180.     4     0.       0
 H                    8     1.3012   4     180.     3     0.       0
 H                    7     1.3012   6     180.     3     0.       0
 
                          Input orientation:                          
 ---------------------------------------------------------------------
 Center     Atomic      Atomic             Coordinates (Angstroms)
 Number     Number       Type             X           Y           Z
 ---------------------------------------------------------------------
      1          1           0        0.000000    0.000000    0.000000
      2          1           0        0.000000    0.000000    1.301197
      3          1           0        0.887414    0.000000   -0.951635
      4          1           0        0.887414    0.000000    0.349562
      5          1           0        0.000000    0.000000    2.602394
      6          1           0        0.887414    0.000000    1.650759
      7          1           0        1.774828    0.000000    0.699123
      8          1           0        1.774828    0.000000   -0.602073
      9          1           0        1.774828    0.000000   -1.903270
     10          1           0        2.662242    0.000000   -2.854905
     11          1           0        2.662242    0.000000   -1.553709
     12          1           0        2.662242    0.000000   -0.252512
 ---------------------------------------------------------------------
                    Distance matrix (angstroms):
                    1          2          3          4          5
     1  H    0.000000
     2  H    1.301197   0.000000
     3  H    1.301197   2.421313   0.000000
     4  H    0.953781   1.301197   1.301197   0.000000
     5  H    2.602394   1.301197   3.663144   2.421313   0.000000
     6  H    1.874169   0.953781   2.602394   1.301197   1.301197
     7  H    1.907561   1.874169   1.874169   0.953781   2.602394
     8  H    1.874169   2.602394   0.953781   1.301197   3.663144
     9  H    2.602394   3.663144   1.301197   2.421313   4.842626
    10  H    3.903591   4.935658   2.602394   3.663144   6.072038
    11  H    3.082458   3.903591   1.874169   2.602394   4.935658
    12  H    2.674191   3.082458   1.907561   1.874169   3.903591
                    6          7          8          9         10
     6  H    0.000000
     7  H    1.301197   0.000000
     8  H    2.421313   1.301197   0.000000
     9  H    3.663144   2.602394   1.301197   0.000000
    10  H    4.842626   3.663144   2.421313   1.301197   0.000000
    11  H    3.663144   2.421313   1.301197   0.953781   1.301197
    12  H    2.602394   1.301197   0.953781   1.874169   2.602394
                   11         12
    11  H    0.000000
    12  H    1.301197   0.000000
 Stoichiometry    H12
 Framework group  C2H[SGH(H12)]
 Deg. of freedom    11
 Full point group                 C2H     NOp   4
 Largest Abelian subgroup         C2H     NOp   4
 Largest concise Abelian subgroup C2      NOp   2
                         Standard orientation:                         
 ---------------------------------------------------------------------
 Center     Atomic      Atomic             Coordinates (Angstroms)
 Number     Number       Type             X           Y           Z
 ---------------------------------------------------------------------
      1          1           0        0.887414    1.000160    0.000000
      2          1           0        0.000000    1.951795    0.000000
      3          1           0        0.887414   -0.301037    0.000000
      4          1           0        0.000000    0.650598    0.000000
      5          1           0       -0.887414    2.903430    0.000000
      6          1           0       -0.887414    1.602234   -0.000000
      7          1           0       -0.887414    0.301037    0.000000
      8          1           0       -0.000000   -0.650598    0.000000
      9          1           0        0.887414   -1.602234    0.000000
     10          1           0        0.887414   -2.903430    0.000000
     11          1           0       -0.000000   -1.951795    0.000000
     12          1           0       -0.887414   -1.000160    0.000000
 ---------------------------------------------------------------------
 Rotational constants (GHZ):    107.4155792     14.6310963     12.8771036
 General basis read from cards:  (5D, 7F)
 There are     6 symmetry adapted cartesian basis functions of AG  symmetry.
 There are     0 symmetry adapted cartesian basis functions of BG  symmetry.
 There are     0 symmetry adapted cartesian basis functions of AU  symmetry.
 There are     6 symmetry adapted cartesian basis functions of BU  symmetry.
 There are     6 symmetry adapted basis functions of AG  symmetry.
 There are     0 symmetry adapted basis functions of BG  symmetry.
 There are     0 symmetry adapted basis functions of AU  symmetry.
 There are     6 symmetry adapted basis functions of BU  symmetry.
    12 basis functions,   120 primitive gaussians,    12 cartesian basis functions
     6 alpha electrons        6 beta electrons
       nuclear repulsion energy        18.5978482884 Hartrees.
 NAtoms=   12 NActive=   12 NUniq=    6 SFac= 4.00D+00 NAtFMM=   60 NAOKFM=F Big=F
 Integral buffers will be    131072 words long.
 Regular integral format.
 Two-electron integral symmetry is turned on.
 One-electron integrals computed using PRISM.
 NBasis=    12 RedAO= T EigKep=  1.64D-01  NBF=     6     0     0     6
 NBsUse=    12 1.00D-06 EigRej= -1.00D+00 NBFU=     6     0     0     6
 Initial guess from the checkpoint file:  "h12.chk"
 B after Tr=     0.000000    0.000000    0.000000
         Rot=    0.999224    0.000000    0.000000   -0.039382 Ang=  -4.51 deg.
 Initial guess orbital symmetries:
       Occupied  (AG) (BU) (AG) (BU) (BU) (AG)
       Virtual   (BU) (AG) (BU) (AG) (AG) (BU)
 Keep R1 ints in memory in symmetry-blocked form, NReq=901432.
 Requested convergence on RMS density matrix=1.00D-08 within 128 cycles.
 Requested convergence on MAX density matrix=1.00D-06.
 Requested convergence on             energy=1.00D-06.
 No special actions if energy rises.
 SCF Done:  E(RHF) =  -5.93525180695     A.U. after   14 cycles
            NFock= 14  Conv=0.56D-08     -V/T= 1.9750
 Range of M.O.s used for correlation:     1    12
 NBasis=    12 NAE=     6 NBE=     6 NFC=     0 NFV=     0
 NROrb=     12 NOA=     6 NOB=     6 NVA=     6 NVB=     6
 Semi-Direct transformation.
 ModeAB=           4 MOrb=             6 LenV=     134087027
 LASXX=         2181 LTotXX=        2181 LenRXX=        5115
 LTotAB=        2934 MaxLAS=        3024 LenRXY=           0
 NonZer=        7296 LenScr=      655360 LnRSAI=        3024
 LnScr1=      655360 LExtra=           0 Total=      1318859
 MaxDsk=          -1 SrtSym=           T ITran=            3
 JobTyp=0 Pass  1:  I=   1 to   6.
 (rs|ai) integrals will be sorted in core.
 Spin components of T(2) and E(2):
     alpha-alpha T2 =       0.3920801903D-02 E2=     -0.5881165552D-02
     alpha-beta  T2 =       0.6612422337D-01 E2=     -0.9835942231D-01
     beta-beta   T2 =       0.3920801903D-02 E2=     -0.5881165552D-02
 ANorm=    0.1036323225D+01
 E2 =    -0.1101217534D+00 EUMP2 =    -0.60453735603686D+01
 Second order stability test of a single determinant RHF wave function:
 Stabil:  MDV=134217728
 ***********************************************************************
 Matrix         Lowest Root    Major Pairs
 ***********************************************************************
 Internal RHF     0.1387931    Stable
 RRHF --> CRHF    0.1207796    Stable
 RRHF --> RUHF    0.0017546    Stable
 Stable under the perturbations considered.
 ***********************************************************************

 **********************************************************************

            Population analysis using the SCF density.

 **********************************************************************

 Orbital symmetries:
       Occupied  (AG) (BU) (AG) (BU) (BU) (AG)
       Virtual   (AG) (BU) (BU) (AG) (AG) (BU)
 The electronic state is 1-AG.
 Alpha  occ. eigenvalues --   -0.88796  -0.76734  -0.59013  -0.49918  -0.38651
 Alpha  occ. eigenvalues --   -0.28604
 Alpha virt. eigenvalues --    0.06296   0.18633   0.29449   0.34163   0.54288
 Alpha virt. eigenvalues --    0.64690
          Condensed to atoms (all electrons):
               1          2          3          4          5          6
     1  H    1.128400   0.259412  -0.110705   0.234297  -0.034169  -0.161009
     2  H    0.259412   0.776752  -0.031347  -0.054637   0.156462  -0.021293
     3  H   -0.110705  -0.031347   1.111764  -0.060470   0.006165   0.004756
     4  H    0.234297  -0.054637  -0.060470   0.881189  -0.070984  -0.010089
     5  H   -0.034169   0.156462   0.006165  -0.070984   0.713829   0.180337
     6  H   -0.161009  -0.021293   0.004756  -0.010089   0.180337   0.748308
     7  H   -0.153405  -0.153955  -0.053659   0.325292  -0.033790   0.222665
     8  H   -0.063588  -0.010075   0.325292  -0.138338   0.006460  -0.009340
     9  H   -0.033241  -0.004427   0.222665  -0.009340   0.000392   0.005790
    10  H    0.000562  -0.000212  -0.033790   0.006460  -0.000100   0.000392
    11  H    0.018058   0.005216  -0.153955  -0.010075  -0.000212  -0.004427
    12  H    0.024607   0.018058  -0.153405  -0.063588   0.000562  -0.033241
               7          8          9         10         11         12
     1  H   -0.153405  -0.063588  -0.033241   0.000562   0.018058   0.024607
     2  H   -0.153955  -0.010075  -0.004427  -0.000212   0.005216   0.018058
     3  H   -0.053659   0.325292   0.222665  -0.033790  -0.153955  -0.153405
     4  H    0.325292  -0.138338  -0.009340   0.006460  -0.010075  -0.063588
     5  H   -0.033790   0.006460   0.000392  -0.000100  -0.000212   0.000562
     6  H    0.222665  -0.009340   0.005790   0.000392  -0.004427  -0.033241
     7  H    1.111764  -0.060470   0.004756   0.006165  -0.031347  -0.110705
     8  H   -0.060470   0.881189  -0.010089  -0.070984  -0.054637   0.234297
     9  H    0.004756  -0.010089   0.748308   0.180337  -0.021293  -0.161009
    10  H    0.006165  -0.070984   0.180337   0.713829   0.156462  -0.034169
    11  H   -0.031347  -0.054637  -0.021293   0.156462   0.776752   0.259412
    12  H   -0.110705   0.234297  -0.161009  -0.034169   0.259412   1.128400
 Mulliken charges:
               1
     1  H   -0.109220
     2  H    0.060047
     3  H   -0.073311
     4  H   -0.029717
     5  H    0.075048
     6  H    0.077152
     7  H   -0.073311
     8  H   -0.029717
     9  H    0.077152
    10  H    0.075048
    11  H    0.060047
    12  H   -0.109220
 Sum of Mulliken charges =  -0.00000
 Mulliken charges with hydrogens summed into heavy atoms:
               1
 Electronic spatial extent (au):  <R**2>=            171.5346
 Charge=             -0.0000 electrons
 Dipole moment (field-independent basis, Debye):
    X=             -0.0000    Y=              0.0000    Z=             -0.0000  Tot=              0.0000
 Quadrupole moment (field-independent basis, Debye-Ang):
   XX=            -18.2114   YY=             -9.9744   ZZ=            -15.4895
   XY=             -3.9496   XZ=              0.0000   YZ=              0.0000
 Traceless Quadrupole moment (field-independent basis, Debye-Ang):
   XX=             -3.6530   YY=              4.5841   ZZ=             -0.9311
   XY=             -3.9496   XZ=              0.0000   YZ=              0.0000
 Octapole moment (field-independent basis, Debye-Ang**2):
  XXX=             -0.0000  YYY=             -0.0000  ZZZ=             -0.0000  XYY=             -0.0000
  XXY=             -0.0000  XXZ=             -0.0000  XZZ=              0.0000  YZZ=             -0.0000
  YYZ=             -0.0000  XYZ=             -0.0000
 Hexadecapole moment (field-independent basis, Debye-Ang**3):
 XXXX=            -76.6230 YYYY=           -213.1935 ZZZZ=            -18.6000 XXXY=             23.1019
 XXXZ=              0.0000 YYYX=             -1.6097 YYYZ=              0.0000 ZZZX=              0.0000
 ZZZY=              0.0000 XXYY=            -56.2530 XXZZ=            -15.6122 YYZZ=            -49.5031
 XXYZ=              0.0000 YYXZ=              0.0000 ZZXY=              8.2840
 N-N= 1.859784828843D+01 E-N=-4.831917737272D+01  KE= 6.087305038023D+00
 Symmetry AG   KE= 2.975860203359D+00
 Symmetry BG   KE= 0.000000000000D+00
 Symmetry AU   KE= 0.000000000000D+00
 Symmetry BU   KE= 3.111444834664D+00

 Test job not archived.
 1\1\GINC-SULU\Stability\RHF\Gen\H12\LCJ1\17-Feb-2017\0\\#rhf/gen scf(s
 ymm,tight,novaracc,noincfock,fulldiag) stable(crhf) guess=read geom=no
 crowd test\\hf stability analysis of h12 triangular lattice, y= 0.4768
 9026630572684\\0,1\H\H,1,1.3011968825\H,1,1.3011968825,2,137.\H,2,1.30
 11968825,1,43.,3,0.,0\H,2,1.3011968825,1,180.,3,0.,0\H,4,1.3011968825,
 3,180.,5,0.,0\H,6,1.3011968825,5,180.,3,0.,0\H,4,1.3011968825,2,180.,3
 ,0.,0\H,3,1.3011968825,1,180.,4,0.,0\H,9,1.3011968825,3,180.,4,0.,0\H,
 8,1.3011968825,4,180.,3,0.,0\H,7,1.3011968825,6,180.,3,0.,0\\Version=E
 S64L-G09RevE.01\State=1-AG\HF=-5.9352518\MP2=-6.0453736\RMSD=5.561e-09
 \Dipole=0.,0.,0.\Quadrupole=-2.7967639,-0.692239,3.4890029,0.,-2.84971
 82,0.\PG=C02H [SGH(H12)]\\@


 FLOATING POINT NUMBERS ARE LIKE SANDPILES:
 EVERY TIME THAT YOU MOVE ONE, YOU LOSE A LITTLE SAND 
 AND YOU PICK UP A LITTLE DIRT.
 Job cpu time:       0 days  0 hours  0 minutes  1.1 seconds.
 File lengths (MBytes):  RWF=     84 Int=      0 D2E=      0 Chk=      2 Scr=      2
 Normal termination of Gaussian 09 at Fri Feb 17 14:56:38 2017.
