 Entering Gaussian System, Link 0=g09
 AtFile(1): H.gbs
            H     0
            S   10   1.00
               1000.000000000000            0.000068713567
                316.227766000000            0.000169141320
                100.000000000000            0.000823394812
                 31.622776600000            0.003425569236
                 10.000000000000            0.013951996000
                  3.162277660000            0.056909313560
                  1.000000000000            0.198286399900
                  0.316227766000            0.496922426700
                  0.100000000000            0.369846276400
                  0.031622776600            0.003752720039
            ****
 Initial command:
 /projects/guscus/apps/gau/g09-e1/g09/l1.exe "/users/lcj1/gaussian/h12/rhfstability/rect/guess/ag3bu3/Gau-10149.inp" -scrdir="/users/lcj1/gaussian/h12/rhfstability/rect/guess/ag3bu3/"
 Entering Link 1 = /projects/guscus/apps/gau/g09-e1/g09/l1.exe PID=     10150.
  
 Copyright (c) 1988,1990,1992,1993,1995,1998,2003,2009,2015,
            Gaussian, Inc.  All Rights Reserved.
  
 This is part of the Gaussian(R) 09 program.  It is based on
 the Gaussian(R) 03 system (copyright 2003, Gaussian, Inc.),
 the Gaussian(R) 98 system (copyright 1998, Gaussian, Inc.),
 the Gaussian(R) 94 system (copyright 1995, Gaussian, Inc.),
 the Gaussian 92(TM) system (copyright 1992, Gaussian, Inc.),
 the Gaussian 90(TM) system (copyright 1990, Gaussian, Inc.),
 the Gaussian 88(TM) system (copyright 1988, Gaussian, Inc.),
 the Gaussian 86(TM) system (copyright 1986, Carnegie Mellon
 University), and the Gaussian 82(TM) system (copyright 1983,
 Carnegie Mellon University). Gaussian is a federally registered
 trademark of Gaussian, Inc.
  
 This software contains proprietary and confidential information,
 including trade secrets, belonging to Gaussian, Inc.
  
 This software is provided under written license and may be
 used, copied, transmitted, or stored only in accord with that
 written license.
  
 The following legend is applicable only to US Government
 contracts under FAR:
  
                    RESTRICTED RIGHTS LEGEND
  
 Use, reproduction and disclosure by the US Government is
 subject to restrictions as set forth in subparagraphs (a)
 and (c) of the Commercial Computer Software - Restricted
 Rights clause in FAR 52.227-19.
  
 Gaussian, Inc.
 340 Quinnipiac St., Bldg. 40, Wallingford CT 06492
  
  
 ---------------------------------------------------------------
 Warning -- This program may not be used in any manner that
 competes with the business of Gaussian, Inc. or will provide
 assistance to any competitor of Gaussian, Inc.  The licensee
 of this program is prohibited from giving any competitor of
 Gaussian, Inc. access to this program.  By using this program,
 the user acknowledges that Gaussian, Inc. is engaged in the
 business of creating and licensing software in the field of
 computational chemistry and represents and warrants to the
 licensee that it is not a competitor of Gaussian, Inc. and that
 it will not use this program in any manner prohibited above.
 ---------------------------------------------------------------
  

 Cite this work as:
 Gaussian 09, Revision E.01,
 M. J. Frisch, G. W. Trucks, H. B. Schlegel, G. E. Scuseria, 
 M. A. Robb, J. R. Cheeseman, G. Scalmani, V. Barone, B. Mennucci, 
 G. A. Petersson, H. Nakatsuji, M. Caricato, X. Li, H. P. Hratchian, 
 A. F. Izmaylov, J. Bloino, G. Zheng, J. L. Sonnenberg, M. Hada, 
 M. Ehara, K. Toyota, R. Fukuda, J. Hasegawa, M. Ishida, T. Nakajima, 
 Y. Honda, O. Kitao, H. Nakai, T. Vreven, J. A. Montgomery, Jr., 
 J. E. Peralta, F. Ogliaro, M. Bearpark, J. J. Heyd, E. Brothers, 
 K. N. Kudin, V. N. Staroverov, T. Keith, R. Kobayashi, J. Normand, 
 K. Raghavachari, A. Rendell, J. C. Burant, S. S. Iyengar, J. Tomasi, 
 M. Cossi, N. Rega, J. M. Millam, M. Klene, J. E. Knox, J. B. Cross, 
 V. Bakken, C. Adamo, J. Jaramillo, R. Gomperts, R. E. Stratmann, 
 O. Yazyev, A. J. Austin, R. Cammi, C. Pomelli, J. W. Ochterski, 
 R. L. Martin, K. Morokuma, V. G. Zakrzewski, G. A. Voth, 
 P. Salvador, J. J. Dannenberg, S. Dapprich, A. D. Daniels, 
 O. Farkas, J. B. Foresman, J. V. Ortiz, J. Cioslowski, 
 and D. J. Fox, Gaussian, Inc., Wallingford CT, 2013.
 
 ******************************************
 Gaussian 09:  ES64L-G09RevE.01 30-Nov-2015
                17-Feb-2017 
 ******************************************
 %chk=h12.chk
 ----------------------------------------------------------------------
 #rhf/gen scf(symm,tight,novaracc,noincfock,fulldiag) stable(crhf) gues
 s=read geom=nocrowd test
 ----------------------------------------------------------------------
 1/38=1/1;
 2/12=1,17=6,18=5,40=1/2;
 3/5=7,16=1,25=1,30=1,116=1/1,2,3;
 4/5=1,9=4/1;
 5/5=100002,15=2,16=1,32=2,38=6/2;
 8/6=1,10=90,11=11/1,4;
 9/8=4,13=1/2;
 6/7=2,8=2,9=2,10=2,28=1/1;
 99/5=1,9=1/99;
 ----------------------------------------------------------------------
 hf stability analysis of h12 triangular lattice, y= 0.3066389812720254
 9
 ----------------------------------------------------------------------
 Symbolic Z-matrix:
 Charge =  0 Multiplicity = 1
 H
 H                    1     1.90764 
 H                    1     1.90764  2     161.5 
 H                    2     1.90764  1     18.5     3     0.       0
 H                    2     1.90764  1     180.     3     0.       0
 H                    4     1.90764  3     180.     5     0.       0
 H                    6     1.90764  5     180.     3     0.       0
 H                    4     1.90764  2     180.     3     0.       0
 H                    3     1.90764  1     180.     4     0.       0
 H                    9     1.90764  3     180.     4     0.       0
 H                    8     1.90764  4     180.     3     0.       0
 H                    7     1.90764  6     180.     3     0.       0
 
                          Input orientation:                          
 ---------------------------------------------------------------------
 Center     Atomic      Atomic             Coordinates (Angstroms)
 Number     Number       Type             X           Y           Z
 ---------------------------------------------------------------------
      1          1           0        0.000000    0.000000    0.000000
      2          1           0        0.000000    0.000000    1.907640
      3          1           0        0.605303    0.000000   -1.809060
      4          1           0        0.605303    0.000000    0.098580
      5          1           0        0.000000    0.000000    3.815280
      6          1           0        0.605303    0.000000    2.006220
      7          1           0        1.210606    0.000000    0.197160
      8          1           0        1.210606    0.000000   -1.710480
      9          1           0        1.210606    0.000000   -3.618121
     10          1           0        1.815909    0.000000   -5.427181
     11          1           0        1.815909    0.000000   -3.519541
     12          1           0        1.815909    0.000000   -1.611901
 ---------------------------------------------------------------------
                    Distance matrix (angstroms):
                    1          2          3          4          5
     1  H    0.000000
     2  H    1.907640   0.000000
     3  H    1.907640   3.765668   0.000000
     4  H    0.613278   1.907640   1.907640   0.000000
     5  H    3.815280   1.907640   5.656819   3.765668   0.000000
     6  H    2.095545   0.613278   3.815280   1.907640   1.907640
     7  H    1.226556   2.095545   2.095545   0.613278   3.815280
     8  H    2.095545   3.815280   0.613278   1.907640   5.656819
     9  H    3.815280   5.656819   1.907640   3.765668   7.531336
    10  H    5.722920   7.556264   3.815280   5.656819   9.419162
    11  H    3.960391   5.722920   2.095545   3.815280   7.556264
    12  H    2.428117   3.960391   1.226556   2.095545   5.722920
                    6          7          8          9         10
     6  H    0.000000
     7  H    1.907640   0.000000
     8  H    3.765668   1.907640   0.000000
     9  H    5.656819   3.815280   1.907640   0.000000
    10  H    7.531336   5.656819   3.765668   1.907640   0.000000
    11  H    5.656819   3.765668   1.907640   0.613278   1.907640
    12  H    3.815280   1.907640   0.613278   2.095545   3.815280
                   11         12
    11  H    0.000000
    12  H    1.907640   0.000000
 Stoichiometry    H12
 Framework group  C2H[SGH(H12)]
 Deg. of freedom    11
 Full point group                 C2H     NOp   4
 Largest Abelian subgroup         C2H     NOp   4
 Largest concise Abelian subgroup C2      NOp   2
                         Standard orientation:                         
 ---------------------------------------------------------------------
 Center     Atomic      Atomic             Coordinates (Angstroms)
 Number     Number       Type             X           Y           Z
 ---------------------------------------------------------------------
      1          1           0        0.605303    1.052400    0.000000
      2          1           0        0.000000    2.861460    0.000000
      3          1           0        0.605303   -0.855240    0.000000
      4          1           0        0.000000    0.953820    0.000000
      5          1           0       -0.605303    4.670521   -0.000000
      6          1           0       -0.605303    2.762880   -0.000000
      7          1           0       -0.605303    0.855240    0.000000
      8          1           0       -0.000000   -0.953820   -0.000000
      9          1           0        0.605303   -2.762880   -0.000000
     10          1           0        0.605303   -4.670521   -0.000000
     11          1           0       -0.000000   -2.861460   -0.000000
     12          1           0       -0.605303   -1.052400   -0.000000
 ---------------------------------------------------------------------
 Rotational constants (GHZ):    256.1862384      6.1346297      5.9911653
 General basis read from cards:  (5D, 7F)
 There are     6 symmetry adapted cartesian basis functions of AG  symmetry.
 There are     0 symmetry adapted cartesian basis functions of BG  symmetry.
 There are     0 symmetry adapted cartesian basis functions of AU  symmetry.
 There are     6 symmetry adapted cartesian basis functions of BU  symmetry.
 There are     6 symmetry adapted basis functions of AG  symmetry.
 There are     0 symmetry adapted basis functions of BG  symmetry.
 There are     0 symmetry adapted basis functions of AU  symmetry.
 There are     6 symmetry adapted basis functions of BU  symmetry.
    12 basis functions,   120 primitive gaussians,    12 cartesian basis functions
     6 alpha electrons        6 beta electrons
       nuclear repulsion energy        16.5078467432 Hartrees.
 NAtoms=   12 NActive=   12 NUniq=    6 SFac= 4.00D+00 NAtFMM=   60 NAOKFM=F Big=F
 Integral buffers will be    131072 words long.
 Regular integral format.
 Two-electron integral symmetry is turned on.
 One-electron integrals computed using PRISM.
 NBasis=    12 RedAO= T EigKep=  6.32D-02  NBF=     6     0     0     6
 NBsUse=    12 1.00D-06 EigRej= -1.00D+00 NBFU=     6     0     0     6
 Initial guess from the checkpoint file:  "h12.chk"
 B after Tr=     0.000000    0.000000    0.000000
         Rot=    0.999392   -0.000000    0.000000    0.034853 Ang=   3.99 deg.
 Initial guess orbital symmetries:
       Occupied  (AG) (BU) (AG) (BU) (BU) (AG)
       Virtual   (BU) (AG) (BU) (AG) (AG) (BU)
 Keep R1 ints in memory in symmetry-blocked form, NReq=896490.
 Requested convergence on RMS density matrix=1.00D-08 within 128 cycles.
 Requested convergence on MAX density matrix=1.00D-06.
 Requested convergence on             energy=1.00D-06.
 No special actions if energy rises.
 SCF Done:  E(RHF) =  -5.42918052910     A.U. after   12 cycles
            NFock= 12  Conv=0.70D-09     -V/T= 1.8596
 Range of M.O.s used for correlation:     1    12
 NBasis=    12 NAE=     6 NBE=     6 NFC=     0 NFV=     0
 NROrb=     12 NOA=     6 NOB=     6 NVA=     6 NVB=     6

 **** Warning!!: The smallest alpha delta epsilon is  0.57171307D-01

 Semi-Direct transformation.
 ModeAB=           4 MOrb=             6 LenV=     134091801
 LASXX=         2181 LTotXX=        2181 LenRXX=        5115
 LTotAB=        2934 MaxLAS=        3024 LenRXY=           0
 NonZer=        7296 LenScr=      655360 LnRSAI=        3024
 LnScr1=      655360 LExtra=           0 Total=      1318859
 MaxDsk=          -1 SrtSym=           T ITran=            3
 JobTyp=0 Pass  1:  I=   1 to   6.
 (rs|ai) integrals will be sorted in core.
 Spin components of T(2) and E(2):
     alpha-alpha T2 =       0.5164556195D-02 E2=     -0.4542418773D-02
     alpha-beta  T2 =       0.6306133667D+01 E2=     -0.7842841860D+00
     beta-beta   T2 =       0.5164556195D-02 E2=     -0.4542418773D-02
 ANorm=    0.2704896075D+01
 E2 =    -0.7933690236D+00 EUMP2 =    -0.62225495526496D+01
 Second order stability test of a single determinant RHF wave function:
 Stabil:  MDV=134217728
 ***********************************************************************
 Matrix         Lowest Root    Major Pairs
 ***********************************************************************
 Internal RHF     0.0417445    Stable
 RRHF --> CRHF    0.0005345    Stable
 RRHF --> RUHF   -0.5727522    6A=7B
 Not stable.
 ***********************************************************************

 **********************************************************************

            Population analysis using the SCF density.

 **********************************************************************

 Orbital symmetries:
       Occupied  (AG) (BU) (AG) (BU) (BU) (AG)
       Virtual   (BU) (AG) (BU) (AG) (AG) (BU)
 The electronic state is 1-AG.
 Alpha  occ. eigenvalues --   -0.89375  -0.82080  -0.67971  -0.66950  -0.30418
 Alpha  occ. eigenvalues --   -0.19552
 Alpha virt. eigenvalues --   -0.13835   0.04152   0.51337   0.52604   0.99865
 Alpha virt. eigenvalues --    1.18343
          Condensed to atoms (all electrons):
               1          2          3          4          5          6
     1  H    0.902979  -0.002583   0.198104   0.245076   0.000410  -0.030118
     2  H   -0.002583   0.621147   0.001747  -0.042279  -0.032655   0.493417
     3  H    0.198104   0.001747   0.997066  -0.026906   0.000027  -0.001056
     4  H    0.245076  -0.042279  -0.026906   1.006686   0.000337  -0.041542
     5  H    0.000410  -0.032655   0.000027   0.000337   1.073986  -0.033393
     6  H   -0.030118   0.493417  -0.001056  -0.041542  -0.033393   0.611002
     7  H   -0.378451  -0.032542  -0.183782   0.262400  -0.000151  -0.003334
     8  H   -0.014828   0.000519   0.262400  -0.047291   0.000026   0.000524
     9  H    0.001477   0.000019  -0.003334   0.000524  -0.000005   0.000010
    10  H   -0.000003  -0.000005  -0.000151   0.000026   0.000001  -0.000005
    11  H   -0.000828   0.000008  -0.032542   0.000519  -0.000005   0.000019
    12  H   -0.108620  -0.000828  -0.378451  -0.014828  -0.000003   0.001477
               7          8          9         10         11         12
     1  H   -0.378451  -0.014828   0.001477  -0.000003  -0.000828  -0.108620
     2  H   -0.032542   0.000519   0.000019  -0.000005   0.000008  -0.000828
     3  H   -0.183782   0.262400  -0.003334  -0.000151  -0.032542  -0.378451
     4  H    0.262400  -0.047291   0.000524   0.000026   0.000519  -0.014828
     5  H   -0.000151   0.000026  -0.000005   0.000001  -0.000005  -0.000003
     6  H   -0.003334   0.000524   0.000010  -0.000005   0.000019   0.001477
     7  H    0.997066  -0.026906  -0.001056   0.000027   0.001747   0.198104
     8  H   -0.026906   1.006686  -0.041542   0.000337  -0.042279   0.245076
     9  H   -0.001056  -0.041542   0.611002  -0.033393   0.493417  -0.030118
    10  H    0.000027   0.000337  -0.033393   1.073986  -0.032655   0.000410
    11  H    0.001747  -0.042279   0.493417  -0.032655   0.621147  -0.002583
    12  H    0.198104   0.245076  -0.030118   0.000410  -0.002583   0.902979
 Mulliken charges:
               1
     1  H    0.187386
     2  H   -0.005966
     3  H    0.166879
     4  H   -0.342721
     5  H   -0.008577
     6  H    0.002999
     7  H    0.166879
     8  H   -0.342721
     9  H    0.002999
    10  H   -0.008577
    11  H   -0.005966
    12  H    0.187386
 Sum of Mulliken charges =  -0.00000
 Mulliken charges with hydrogens summed into heavy atoms:
               1
 Electronic spatial extent (au):  <R**2>=            337.4345
 Charge=             -0.0000 electrons
 Dipole moment (field-independent basis, Debye):
    X=             -0.0000    Y=             -0.0000    Z=              0.0000  Tot=              0.0000
 Quadrupole moment (field-independent basis, Debye-Ang):
   XX=            -16.1739   YY=            -20.1977   ZZ=            -15.4656
   XY=              1.0142   XZ=              0.0000   YZ=             -0.0000
 Traceless Quadrupole moment (field-independent basis, Debye-Ang):
   XX=              1.1051   YY=             -2.9186   ZZ=              1.8135
   XY=              1.0142   XZ=              0.0000   YZ=             -0.0000
 Octapole moment (field-independent basis, Debye-Ang**2):
  XXX=              0.0000  YYY=              0.0000  ZZZ=              0.0000  XYY=             -0.0000
  XXY=              0.0000  XXZ=              0.0000  XZZ=              0.0000  YZZ=              0.0000
  YYZ=              0.0000  XYZ=             -0.0000
 Hexadecapole moment (field-independent basis, Debye-Ang**3):
 XXXX=            -44.6040 YYYY=           -824.0695 ZZZZ=            -18.7141 XXXY=             34.5383
 XXXZ=              0.0000 YYYX=             58.5497 YYYZ=             -0.0000 ZZZX=              0.0000
 ZZZY=             -0.0000 XXYY=           -116.9563 XXZZ=            -10.5400 YYZZ=           -114.2662
 XXYZ=             -0.0000 YYXZ=              0.0000 ZZXY=             11.8638
 N-N= 1.650784674316D+01 E-N=-4.306273259342D+01  KE= 6.315572320766D+00
 Symmetry AG   KE= 2.747908016709D+00
 Symmetry BG   KE= 0.000000000000D+00
 Symmetry AU   KE= 0.000000000000D+00
 Symmetry BU   KE= 3.567664304056D+00

 Test job not archived.
 1\1\GINC-SULU\Stability\RHF\Gen\H12\LCJ1\17-Feb-2017\0\\#rhf/gen scf(s
 ymm,tight,novaracc,noincfock,fulldiag) stable(crhf) guess=read geom=no
 crowd test\\hf stability analysis of h12 triangular lattice, y= 0.3066
 3898127202549\\0,1\H\H,1,1.9076401553\H,1,1.9076401553,2,161.5\H,2,1.9
 076401553,1,18.5,3,0.,0\H,2,1.9076401553,1,180.,3,0.,0\H,4,1.907640155
 3,3,180.,5,0.,0\H,6,1.9076401553,5,180.,3,0.,0\H,4,1.9076401553,2,180.
 ,3,0.,0\H,3,1.9076401553,1,180.,4,0.,0\H,9,1.9076401553,3,180.,4,0.,0\
 H,8,1.9076401553,4,180.,3,0.,0\H,7,1.9076401553,6,180.,3,0.,0\\Version
 =ES64L-G09RevE.01\State=1-AG\HF=-5.4291805\MP2=-6.2225496\RMSD=6.981e-
 10\Dipole=0.,0.,0.\Quadrupole=0.9742571,1.3482675,-2.3225246,0.,0.2979
 689,0.\PG=C02H [SGH(H12)]\\@


      HUMANKIND PERIODICALLY GOES THROUGH A SPEEDUP OF ITS AFFAIRS, 
      THEREBY EXPERIENCING THE RACE BETWEEN THE RENEWABLE VITALITY
      OF THE LIVING, AND THE BECKONING VITIATION OF DECADENCE.
      IN THIS PERIODIC RACE, ANY PAUSE BECOMES A LUXURY.
      ONLY THEN CAN ONE REFLECT THAT ALL IS PERMITTED;
      ALL IS POSSIBLE.

                              -- THE APOCRYPHA OF MUAD'DIB
                                 CHILDREN OF DUNE, BY FRANK HERBERT
 Job cpu time:       0 days  0 hours  0 minutes  1.0 seconds.
 File lengths (MBytes):  RWF=     84 Int=      0 D2E=      0 Chk=      2 Scr=      2
 Normal termination of Gaussian 09 at Fri Feb 17 14:54:04 2017.
