 Entering Gaussian System, Link 0=g09
 AtFile(1): H.gbs
            H     0
            S   10   1.00
               1000.000000000000            0.000068713567
                316.227766000000            0.000169141320
                100.000000000000            0.000823394812
                 31.622776600000            0.003425569236
                 10.000000000000            0.013951996000
                  3.162277660000            0.056909313560
                  1.000000000000            0.198286399900
                  0.316227766000            0.496922426700
                  0.100000000000            0.369846276400
                  0.031622776600            0.003752720039
            ****
 Initial command:
 /projects/guscus/apps/gau/g09-e1/g09/l1.exe "/users/lcj1/gaussian/h12/rhfstability/rect/guess/ag3bu3/Gau-2125.inp" -scrdir="/users/lcj1/gaussian/h12/rhfstability/rect/guess/ag3bu3/"
 Entering Link 1 = /projects/guscus/apps/gau/g09-e1/g09/l1.exe PID=      2126.
  
 Copyright (c) 1988,1990,1992,1993,1995,1998,2003,2009,2015,
            Gaussian, Inc.  All Rights Reserved.
  
 This is part of the Gaussian(R) 09 program.  It is based on
 the Gaussian(R) 03 system (copyright 2003, Gaussian, Inc.),
 the Gaussian(R) 98 system (copyright 1998, Gaussian, Inc.),
 the Gaussian(R) 94 system (copyright 1995, Gaussian, Inc.),
 the Gaussian 92(TM) system (copyright 1992, Gaussian, Inc.),
 the Gaussian 90(TM) system (copyright 1990, Gaussian, Inc.),
 the Gaussian 88(TM) system (copyright 1988, Gaussian, Inc.),
 the Gaussian 86(TM) system (copyright 1986, Carnegie Mellon
 University), and the Gaussian 82(TM) system (copyright 1983,
 Carnegie Mellon University). Gaussian is a federally registered
 trademark of Gaussian, Inc.
  
 This software contains proprietary and confidential information,
 including trade secrets, belonging to Gaussian, Inc.
  
 This software is provided under written license and may be
 used, copied, transmitted, or stored only in accord with that
 written license.
  
 The following legend is applicable only to US Government
 contracts under FAR:
  
                    RESTRICTED RIGHTS LEGEND
  
 Use, reproduction and disclosure by the US Government is
 subject to restrictions as set forth in subparagraphs (a)
 and (c) of the Commercial Computer Software - Restricted
 Rights clause in FAR 52.227-19.
  
 Gaussian, Inc.
 340 Quinnipiac St., Bldg. 40, Wallingford CT 06492
  
  
 ---------------------------------------------------------------
 Warning -- This program may not be used in any manner that
 competes with the business of Gaussian, Inc. or will provide
 assistance to any competitor of Gaussian, Inc.  The licensee
 of this program is prohibited from giving any competitor of
 Gaussian, Inc. access to this program.  By using this program,
 the user acknowledges that Gaussian, Inc. is engaged in the
 business of creating and licensing software in the field of
 computational chemistry and represents and warrants to the
 licensee that it is not a competitor of Gaussian, Inc. and that
 it will not use this program in any manner prohibited above.
 ---------------------------------------------------------------
  

 Cite this work as:
 Gaussian 09, Revision E.01,
 M. J. Frisch, G. W. Trucks, H. B. Schlegel, G. E. Scuseria, 
 M. A. Robb, J. R. Cheeseman, G. Scalmani, V. Barone, B. Mennucci, 
 G. A. Petersson, H. Nakatsuji, M. Caricato, X. Li, H. P. Hratchian, 
 A. F. Izmaylov, J. Bloino, G. Zheng, J. L. Sonnenberg, M. Hada, 
 M. Ehara, K. Toyota, R. Fukuda, J. Hasegawa, M. Ishida, T. Nakajima, 
 Y. Honda, O. Kitao, H. Nakai, T. Vreven, J. A. Montgomery, Jr., 
 J. E. Peralta, F. Ogliaro, M. Bearpark, J. J. Heyd, E. Brothers, 
 K. N. Kudin, V. N. Staroverov, T. Keith, R. Kobayashi, J. Normand, 
 K. Raghavachari, A. Rendell, J. C. Burant, S. S. Iyengar, J. Tomasi, 
 M. Cossi, N. Rega, J. M. Millam, M. Klene, J. E. Knox, J. B. Cross, 
 V. Bakken, C. Adamo, J. Jaramillo, R. Gomperts, R. E. Stratmann, 
 O. Yazyev, A. J. Austin, R. Cammi, C. Pomelli, J. W. Ochterski, 
 R. L. Martin, K. Morokuma, V. G. Zakrzewski, G. A. Voth, 
 P. Salvador, J. J. Dannenberg, S. Dapprich, A. D. Daniels, 
 O. Farkas, J. B. Foresman, J. V. Ortiz, J. Cioslowski, 
 and D. J. Fox, Gaussian, Inc., Wallingford CT, 2013.
 
 ******************************************
 Gaussian 09:  ES64L-G09RevE.01 30-Nov-2015
                17-Feb-2017 
 ******************************************
 %chk=h12.chk
 ----------------------------------------------------------------------
 #rhf/gen scf(symm,tight,novaracc,noincfock,fulldiag) stable(crhf) gues
 s=read geom=nocrowd test
 ----------------------------------------------------------------------
 1/38=1/1;
 2/12=1,17=6,18=5,40=1/2;
 3/5=7,16=1,25=1,30=1,116=1/1,2,3;
 4/5=1,9=4/1;
 5/5=100002,15=2,16=1,32=2,38=6/2;
 8/6=1,10=90,11=11/1,4;
 9/8=4,13=1/2;
 6/7=2,8=2,9=2,10=2,28=1/1;
 99/5=1,9=1/99;
 ----------------------------------------------------------------------
 hf stability analysis of h12 triangular lattice, y= 0.9659128830031019
 6
 ----------------------------------------------------------------------
 Symbolic Z-matrix:
 Charge =  0 Multiplicity = 1
 H
 H                    1     1.1359 
 H                    1     1.1359   2     63.5 
 H                    2     1.1359   1     116.5    3     0.       0
 H                    2     1.1359   1     180.     3     0.       0
 H                    4     1.1359   3     180.     5     0.       0
 H                    6     1.1359   5     180.     3     0.       0
 H                    4     1.1359   2     180.     3     0.       0
 H                    3     1.1359   1     180.     4     0.       0
 H                    9     1.1359   3     180.     4     0.       0
 H                    8     1.1359   4     180.     3     0.       0
 H                    7     1.1359   6     180.     3     0.       0
 
                          Input orientation:                          
 ---------------------------------------------------------------------
 Center     Atomic      Atomic             Coordinates (Angstroms)
 Number     Number       Type             X           Y           Z
 ---------------------------------------------------------------------
      1          1           0        0.000000    0.000000    0.000000
      2          1           0        0.000000    0.000000    1.135897
      3          1           0        1.016554    0.000000    0.506835
      4          1           0        1.016554    0.000000    1.642732
      5          1           0        0.000000    0.000000    2.271795
      6          1           0        1.016554    0.000000    2.778630
      7          1           0        2.033107    0.000000    3.285465
      8          1           0        2.033107    0.000000    2.149567
      9          1           0        2.033107    0.000000    1.013670
     10          1           0        3.049661    0.000000    1.520505
     11          1           0        3.049661    0.000000    2.656402
     12          1           0        3.049661    0.000000    3.792300
 ---------------------------------------------------------------------
                    Distance matrix (angstroms):
                    1          2          3          4          5
     1  H    0.000000
     2  H    1.135897   0.000000
     3  H    1.135897   1.195450   0.000000
     4  H    1.931826   1.135897   1.135897   0.000000
     5  H    2.271795   1.135897   2.036778   1.195450   0.000000
     6  H    2.958744   1.931826   2.271795   1.135897   1.135897
     7  H    3.863651   2.958744   2.958744   1.931826   2.271795
     8  H    2.958744   2.271795   1.931826   1.135897   2.036778
     9  H    2.271795   2.036778   1.135897   1.195450   2.390900
    10  H    3.407692   3.073817   2.271795   2.036778   3.140839
    11  H    4.044367   3.407692   2.958744   2.271795   3.073817
    12  H    4.866412   4.044367   3.863651   2.958744   3.407692
                    6          7          8          9         10
     6  H    0.000000
     7  H    1.135897   0.000000
     8  H    1.195450   1.135897   0.000000
     9  H    2.036778   2.271795   1.135897   0.000000
    10  H    2.390900   2.036778   1.195450   1.135897   0.000000
    11  H    2.036778   1.195450   1.135897   1.931826   1.135897
    12  H    2.271795   1.135897   1.931826   2.958744   2.271795
                   11         12
    11  H    0.000000
    12  H    1.135897   0.000000
 Stoichiometry    H12
 Framework group  C2H[SGH(H12)]
 Deg. of freedom    11
 Full point group                 C2H     NOp   4
 Largest Abelian subgroup         C2H     NOp   4
 Largest concise Abelian subgroup C2      NOp   2
                         Standard orientation:                         
 ---------------------------------------------------------------------
 Center     Atomic      Atomic             Coordinates (Angstroms)
 Number     Number       Type             X           Y           Z
 ---------------------------------------------------------------------
      1          1           0        1.016554    2.210681    0.000000
      2          1           0        0.000000    1.703846    0.000000
      3          1           0        1.016554    1.074784    0.000000
      4          1           0        0.000000    0.567949    0.000000
      5          1           0       -1.016554    1.197011    0.000000
      6          1           0       -1.016554    0.061114    0.000000
      7          1           0       -1.016554   -1.074784    0.000000
      8          1           0       -0.000000   -0.567949    0.000000
      9          1           0        1.016554   -0.061114    0.000000
     10          1           0        1.016554   -1.197011    0.000000
     11          1           0       -0.000000   -1.703846    0.000000
     12          1           0       -1.016554   -2.210681    0.000000
 ---------------------------------------------------------------------
 Rotational constants (GHZ):     70.8140951     22.1934280     16.8976387
 General basis read from cards:  (5D, 7F)
 There are     6 symmetry adapted cartesian basis functions of AG  symmetry.
 There are     0 symmetry adapted cartesian basis functions of BG  symmetry.
 There are     0 symmetry adapted cartesian basis functions of AU  symmetry.
 There are     6 symmetry adapted cartesian basis functions of BU  symmetry.
 There are     6 symmetry adapted basis functions of AG  symmetry.
 There are     0 symmetry adapted basis functions of BG  symmetry.
 There are     0 symmetry adapted basis functions of AU  symmetry.
 There are     6 symmetry adapted basis functions of BU  symmetry.
    12 basis functions,   120 primitive gaussians,    12 cartesian basis functions
     6 alpha electrons        6 beta electrons
       nuclear repulsion energy        19.6849034987 Hartrees.
 NAtoms=   12 NActive=   12 NUniq=    6 SFac= 4.00D+00 NAtFMM=   60 NAOKFM=F Big=F
 Integral buffers will be    131072 words long.
 Regular integral format.
 Two-electron integral symmetry is turned on.
 One-electron integrals computed using PRISM.
 NBasis=    12 RedAO= T EigKep=  1.64D-01  NBF=     6     0     0     6
 NBsUse=    12 1.00D-06 EigRej= -1.00D+00 NBFU=     6     0     0     6
 Initial guess from the checkpoint file:  "h12.chk"
 B after Tr=     0.000000    0.000000    0.000000
         Rot=    0.971810    0.000000    0.000000   -0.235765 Ang= -27.27 deg.
 Initial guess orbital symmetries:
       Occupied  (AG) (BU) (AG) (BU) (BU) (AG)
       Virtual   (BU) (AG) (BU) (AG) (AG) (BU)
 Keep R1 ints in memory in symmetry-blocked form, NReq=903966.
 Requested convergence on RMS density matrix=1.00D-08 within 128 cycles.
 Requested convergence on MAX density matrix=1.00D-06.
 Requested convergence on             energy=1.00D-06.
 No special actions if energy rises.
 SCF Done:  E(RHF) =  -5.89840254598     A.U. after   14 cycles
            NFock= 14  Conv=0.20D-08     -V/T= 1.9476
 Range of M.O.s used for correlation:     1    12
 NBasis=    12 NAE=     6 NBE=     6 NFC=     0 NFV=     0
 NROrb=     12 NOA=     6 NOB=     6 NVA=     6 NVB=     6
 Semi-Direct transformation.
 ModeAB=           4 MOrb=             6 LenV=     134084283
 LASXX=         2181 LTotXX=        2181 LenRXX=        5115
 LTotAB=        2934 MaxLAS=        3024 LenRXY=           0
 NonZer=        7296 LenScr=      655360 LnRSAI=        3024
 LnScr1=      655360 LExtra=           0 Total=      1318859
 MaxDsk=          -1 SrtSym=           T ITran=            3
 JobTyp=0 Pass  1:  I=   1 to   6.
 (rs|ai) integrals will be sorted in core.
 Spin components of T(2) and E(2):
     alpha-alpha T2 =       0.4751278381D-02 E2=     -0.7154762745D-02
     alpha-beta  T2 =       0.6374170435D-01 E2=     -0.9954999751D-01
     beta-beta   T2 =       0.4751278381D-02 E2=     -0.7154762745D-02
 ANorm=    0.1035975029D+01
 E2 =    -0.1138595230D+00 EUMP2 =    -0.60122620689787D+01
 Second order stability test of a single determinant RHF wave function:
 Stabil:  MDV=134217728
 ***********************************************************************
 Matrix         Lowest Root    Major Pairs
 ***********************************************************************
 Internal RHF     0.1286683    Stable
 RRHF --> CRHF    0.0889857    Stable
 RRHF --> RUHF    0.0044145    Stable
 Stable under the perturbations considered.
 ***********************************************************************

 **********************************************************************

            Population analysis using the SCF density.

 **********************************************************************

 Orbital symmetries:
       Occupied  (AG) (BU) (BU) (AG) (AG) (BU)
       Virtual   (AG) (BU) (AG) (BU) (AG) (BU)
 The electronic state is 1-AG.
 Alpha  occ. eigenvalues --   -0.98301  -0.79254  -0.64447  -0.55275  -0.40434
 Alpha  occ. eigenvalues --   -0.29032
 Alpha virt. eigenvalues --    0.06419   0.19351   0.26686   0.32234   0.57643
 Alpha virt. eigenvalues --    0.60228
          Condensed to atoms (all electrons):
               1          2          3          4          5          6
     1  H    1.124602   0.231077   0.109979  -0.185984  -0.070527   0.015313
     2  H    0.231077   0.683743  -0.022551  -0.094773   0.242698  -0.030365
     3  H    0.109979  -0.022551   0.762321   0.131438  -0.107913  -0.038426
     4  H   -0.185984  -0.094773   0.131438   1.074707   0.179936  -0.047761
     5  H   -0.070527   0.242698  -0.107913   0.179936   1.035143  -0.061892
     6  H    0.015313  -0.030365  -0.038426  -0.047761  -0.061892   0.842188
     7  H    0.005039  -0.009746   0.013989  -0.047444  -0.074421   0.210396
     8  H    0.028565  -0.032862  -0.047444  -0.218145  -0.091687   0.307498
     9  H   -0.083360  -0.086323   0.210396   0.307498  -0.031693  -0.079206
    10  H    0.006119   0.017321  -0.074421  -0.091687   0.017068  -0.031693
    11  H   -0.000186   0.010263  -0.009746  -0.032862   0.017321  -0.086323
    12  H   -0.001599  -0.000186   0.005039   0.028565   0.006119  -0.083360
               7          8          9         10         11         12
     1  H    0.005039   0.028565  -0.083360   0.006119  -0.000186  -0.001599
     2  H   -0.009746  -0.032862  -0.086323   0.017321   0.010263  -0.000186
     3  H    0.013989  -0.047444   0.210396  -0.074421  -0.009746   0.005039
     4  H   -0.047444  -0.218145   0.307498  -0.091687  -0.032862   0.028565
     5  H   -0.074421  -0.091687  -0.031693   0.017068   0.017321   0.006119
     6  H    0.210396   0.307498  -0.079206  -0.031693  -0.086323  -0.083360
     7  H    0.762321   0.131438  -0.038426  -0.107913  -0.022551   0.109979
     8  H    0.131438   1.074707  -0.047761   0.179936  -0.094773  -0.185984
     9  H   -0.038426  -0.047761   0.842188  -0.061892  -0.030365   0.015313
    10  H   -0.107913   0.179936  -0.061892   1.035143   0.242698  -0.070527
    11  H   -0.022551  -0.094773  -0.030365   0.242698   0.683743   0.231077
    12  H    0.109979  -0.185984   0.015313  -0.070527   0.231077   1.124602
 Mulliken charges:
               1
     1  H   -0.179038
     2  H    0.091705
     3  H    0.067340
     4  H   -0.003487
     5  H   -0.060150
     6  H    0.083630
     7  H    0.067340
     8  H   -0.003487
     9  H    0.083630
    10  H   -0.060150
    11  H    0.091705
    12  H   -0.179038
 Sum of Mulliken charges =  -0.00000
 Mulliken charges with hydrogens summed into heavy atoms:
               1
 Electronic spatial extent (au):  <R**2>=            150.3024
 Charge=             -0.0000 electrons
 Dipole moment (field-independent basis, Debye):
    X=             -0.0000    Y=              0.0000    Z=             -0.0000  Tot=              0.0000
 Quadrupole moment (field-independent basis, Debye-Ang):
   XX=            -17.7446   YY=            -26.5863   ZZ=            -15.2908
   XY=             -3.0884   XZ=              0.0000   YZ=              0.0000
 Traceless Quadrupole moment (field-independent basis, Debye-Ang):
   XX=              2.1293   YY=             -6.7124   ZZ=              4.5831
   XY=             -3.0884   XZ=              0.0000   YZ=              0.0000
 Octapole moment (field-independent basis, Debye-Ang**2):
  XXX=             -0.0000  YYY=              0.0000  ZZZ=             -0.0000  XYY=              0.0000
  XXY=              0.0000  XXZ=             -0.0000  XZZ=             -0.0000  YZZ=             -0.0000
  YYZ=             -0.0000  XYZ=             -0.0000
 Hexadecapole moment (field-independent basis, Debye-Ang**3):
 XXXX=            -89.5507 YYYY=           -271.8086 ZZZZ=            -18.1568 XXXY=            -23.0633
 XXXZ=              0.0000 YYYX=            -39.7254 YYYZ=              0.0000 ZZZX=              0.0000
 ZZZY=              0.0000 XXYY=            -62.7167 XXZZ=            -17.7598 YYZZ=            -37.8303
 XXYZ=              0.0000 YYXZ=              0.0000 ZZXY=             -6.3218
 N-N= 1.968490349866D+01 E-N=-5.005640069505D+01  KE= 6.224650716005D+00
 Symmetry AG   KE= 2.943934186593D+00
 Symmetry BG   KE= 0.000000000000D+00
 Symmetry AU   KE= 0.000000000000D+00
 Symmetry BU   KE= 3.280716529412D+00

 Test job not archived.
 1\1\GINC-SULU\Stability\RHF\Gen\H12\LCJ1\17-Feb-2017\0\\#rhf/gen scf(s
 ymm,tight,novaracc,noincfock,fulldiag) stable(crhf) guess=read geom=no
 crowd test\\hf stability analysis of h12 triangular lattice, y= 0.9659
 1288300310196\\0,1\H\H,1,1.1358973819\H,1,1.1358973819,2,63.5\H,2,1.13
 58973819,1,116.5,3,0.,0\H,2,1.1358973819,1,180.,3,0.,0\H,4,1.135897381
 9,3,180.,5,0.,0\H,6,1.1358973819,5,180.,3,0.,0\H,4,1.1358973819,2,180.
 ,3,0.,0\H,3,1.1358973819,1,180.,4,0.,0\H,9,1.1358973819,3,180.,4,0.,0\
 H,8,1.1358973819,4,180.,3,0.,0\H,7,1.1358973819,6,180.,3,0.,0\\Version
 =ES64L-G09RevE.01\State=1-AG\HF=-5.8984025\MP2=-6.0122621\RMSD=1.950e-
 09\Dipole=0.,0.,0.\Quadrupole=-1.8479864,3.4074071,-1.5594207,0.,-4.00
 68005,0.\PG=C02H [SGH(H12)]\\@


 ACTORS ARE SO FORTUNATE.  THEY CAN CHOOSE WHETHER
 THEY WILL APPEAR IN A TRAGEDY OR IN COMEDY,
 WHETHER THEY WILL SUFFER OF MAKE MERRY,
 LAUGH OR SHED TEARS.  BUT IN REAL LIFE IT IS DIFFERENT.
 MOST MEN AND WOMEN ARE FORCED TO PERFORM
 PARTS FOR WHICH THEY HAVE NO QUALIFICATIONS.
 THE WORLD IS A STAGE, BUT THE PLAY IS BADLY CAST.

                                   -- OSCAR WILDE
 Job cpu time:       0 days  0 hours  0 minutes  1.1 seconds.
 File lengths (MBytes):  RWF=     84 Int=      0 D2E=      0 Chk=      2 Scr=      2
 Normal termination of Gaussian 09 at Fri Feb 17 15:04:23 2017.
