 Entering Gaussian System, Link 0=g09
 AtFile(1): H.gbs
            H     0
            S   10   1.00
               1000.000000000000            0.000068713567
                316.227766000000            0.000169141320
                100.000000000000            0.000823394812
                 31.622776600000            0.003425569236
                 10.000000000000            0.013951996000
                  3.162277660000            0.056909313560
                  1.000000000000            0.198286399900
                  0.316227766000            0.496922426700
                  0.100000000000            0.369846276400
                  0.031622776600            0.003752720039
            ****
 Initial command:
 /projects/guscus/apps/gau/g09-e1/g09/l1.exe "/users/lcj1/gaussian/h12/rhfstability/rect/guess/ag3bu3/Gau-18755.inp" -scrdir="/users/lcj1/gaussian/h12/rhfstability/rect/guess/ag3bu3/"
 Entering Link 1 = /projects/guscus/apps/gau/g09-e1/g09/l1.exe PID=     18759.
  
 Copyright (c) 1988,1990,1992,1993,1995,1998,2003,2009,2015,
            Gaussian, Inc.  All Rights Reserved.
  
 This is part of the Gaussian(R) 09 program.  It is based on
 the Gaussian(R) 03 system (copyright 2003, Gaussian, Inc.),
 the Gaussian(R) 98 system (copyright 1998, Gaussian, Inc.),
 the Gaussian(R) 94 system (copyright 1995, Gaussian, Inc.),
 the Gaussian 92(TM) system (copyright 1992, Gaussian, Inc.),
 the Gaussian 90(TM) system (copyright 1990, Gaussian, Inc.),
 the Gaussian 88(TM) system (copyright 1988, Gaussian, Inc.),
 the Gaussian 86(TM) system (copyright 1986, Carnegie Mellon
 University), and the Gaussian 82(TM) system (copyright 1983,
 Carnegie Mellon University). Gaussian is a federally registered
 trademark of Gaussian, Inc.
  
 This software contains proprietary and confidential information,
 including trade secrets, belonging to Gaussian, Inc.
  
 This software is provided under written license and may be
 used, copied, transmitted, or stored only in accord with that
 written license.
  
 The following legend is applicable only to US Government
 contracts under FAR:
  
                    RESTRICTED RIGHTS LEGEND
  
 Use, reproduction and disclosure by the US Government is
 subject to restrictions as set forth in subparagraphs (a)
 and (c) of the Commercial Computer Software - Restricted
 Rights clause in FAR 52.227-19.
  
 Gaussian, Inc.
 340 Quinnipiac St., Bldg. 40, Wallingford CT 06492
  
  
 ---------------------------------------------------------------
 Warning -- This program may not be used in any manner that
 competes with the business of Gaussian, Inc. or will provide
 assistance to any competitor of Gaussian, Inc.  The licensee
 of this program is prohibited from giving any competitor of
 Gaussian, Inc. access to this program.  By using this program,
 the user acknowledges that Gaussian, Inc. is engaged in the
 business of creating and licensing software in the field of
 computational chemistry and represents and warrants to the
 licensee that it is not a competitor of Gaussian, Inc. and that
 it will not use this program in any manner prohibited above.
 ---------------------------------------------------------------
  

 Cite this work as:
 Gaussian 09, Revision E.01,
 M. J. Frisch, G. W. Trucks, H. B. Schlegel, G. E. Scuseria, 
 M. A. Robb, J. R. Cheeseman, G. Scalmani, V. Barone, B. Mennucci, 
 G. A. Petersson, H. Nakatsuji, M. Caricato, X. Li, H. P. Hratchian, 
 A. F. Izmaylov, J. Bloino, G. Zheng, J. L. Sonnenberg, M. Hada, 
 M. Ehara, K. Toyota, R. Fukuda, J. Hasegawa, M. Ishida, T. Nakajima, 
 Y. Honda, O. Kitao, H. Nakai, T. Vreven, J. A. Montgomery, Jr., 
 J. E. Peralta, F. Ogliaro, M. Bearpark, J. J. Heyd, E. Brothers, 
 K. N. Kudin, V. N. Staroverov, T. Keith, R. Kobayashi, J. Normand, 
 K. Raghavachari, A. Rendell, J. C. Burant, S. S. Iyengar, J. Tomasi, 
 M. Cossi, N. Rega, J. M. Millam, M. Klene, J. E. Knox, J. B. Cross, 
 V. Bakken, C. Adamo, J. Jaramillo, R. Gomperts, R. E. Stratmann, 
 O. Yazyev, A. J. Austin, R. Cammi, C. Pomelli, J. W. Ochterski, 
 R. L. Martin, K. Morokuma, V. G. Zakrzewski, G. A. Voth, 
 P. Salvador, J. J. Dannenberg, S. Dapprich, A. D. Daniels, 
 O. Farkas, J. B. Foresman, J. V. Ortiz, J. Cioslowski, 
 and D. J. Fox, Gaussian, Inc., Wallingford CT, 2013.
 
 ******************************************
 Gaussian 09:  ES64L-G09RevE.01 30-Nov-2015
                17-Feb-2017 
 ******************************************
 %chk=h12.chk
 ----------------------------------------------------------------------
 #rhf/gen scf(symm,tight,novaracc,noincfock,fulldiag) stable(crhf) gues
 s=read geom=nocrowd test
 ----------------------------------------------------------------------
 1/38=1/1;
 2/12=1,17=6,18=5,40=1/2;
 3/5=7,16=1,25=1,30=1,116=1/1,2,3;
 4/5=1,9=4/1;
 5/5=100002,15=2,16=1,32=2,38=6/2;
 8/6=1,10=90,11=11/1,4;
 9/8=4,13=1/2;
 6/7=2,8=2,9=2,10=2,28=1/1;
 99/5=1,9=1/99;
 ----------------------------------------------------------------------
 hf stability analysis of h12 triangular lattice, y= 0.5365223526570523
 9
 ----------------------------------------------------------------------
 Symbolic Z-matrix:
 Charge =  0 Multiplicity = 1
 H
 H                    1     1.20243 
 H                    1     1.20243  2     127. 
 H                    2     1.20243  1     53.      3     0.       0
 H                    2     1.20243  1     180.     3     0.       0
 H                    4     1.20243  3     180.     5     0.       0
 H                    6     1.20243  5     180.     3     0.       0
 H                    4     1.20243  2     180.     3     0.       0
 H                    3     1.20243  1     180.     4     0.       0
 H                    9     1.20243  3     180.     4     0.       0
 H                    8     1.20243  4     180.     3     0.       0
 H                    7     1.20243  6     180.     3     0.       0
 
                          Input orientation:                          
 ---------------------------------------------------------------------
 Center     Atomic      Atomic             Coordinates (Angstroms)
 Number     Number       Type             X           Y           Z
 ---------------------------------------------------------------------
      1          1           0        0.000000    0.000000    0.000000
      2          1           0        0.000000    0.000000    1.202432
      3          1           0        0.960305    0.000000   -0.723641
      4          1           0        0.960305    0.000000    0.478790
      5          1           0        0.000000    0.000000    2.404863
      6          1           0        0.960305    0.000000    1.681222
      7          1           0        1.920609    0.000000    0.957580
      8          1           0        1.920609    0.000000   -0.244851
      9          1           0        1.920609    0.000000   -1.447283
     10          1           0        2.880914    0.000000   -2.170924
     11          1           0        2.880914    0.000000   -0.968493
     12          1           0        2.880914    0.000000    0.233939
 ---------------------------------------------------------------------
                    Distance matrix (angstroms):
                    1          2          3          4          5
     1  H    0.000000
     2  H    1.202432   0.000000
     3  H    1.202432   2.152195   0.000000
     4  H    1.073045   1.202432   1.202432   0.000000
     5  H    2.404863   1.202432   3.272572   2.152195   0.000000
     6  H    1.936154   1.073045   2.404863   1.202432   1.202432
     7  H    2.146089   1.936154   1.936154   1.073045   2.404863
     8  H    1.936154   2.404863   1.073045   1.202432   3.272572
     9  H    2.404863   3.272572   1.202432   2.152195   4.304389
    10  H    3.607295   4.436124   2.404863   3.272572   5.407171
    11  H    3.039349   3.607295   1.936154   2.404863   4.436124
    12  H    2.890396   3.039349   2.146089   1.936154   3.607295
                    6          7          8          9         10
     6  H    0.000000
     7  H    1.202432   0.000000
     8  H    2.152195   1.202432   0.000000
     9  H    3.272572   2.404863   1.202432   0.000000
    10  H    4.304389   3.272572   2.152195   1.202432   0.000000
    11  H    3.272572   2.152195   1.202432   1.073045   1.202432
    12  H    2.404863   1.202432   1.073045   1.936154   2.404863
                   11         12
    11  H    0.000000
    12  H    1.202432   0.000000
 Stoichiometry    H12
 Framework group  C2H[SGH(H12)]
 Deg. of freedom    11
 Full point group                 C2H     NOp   4
 Largest Abelian subgroup         C2H     NOp   4
 Largest concise Abelian subgroup C2      NOp   2
                         Standard orientation:                         
 ---------------------------------------------------------------------
 Center     Atomic      Atomic             Coordinates (Angstroms)
 Number     Number       Type             X           Y           Z
 ---------------------------------------------------------------------
      1          1           0        0.960305    1.080006   -0.000000
      2          1           0        0.000000    1.803647   -0.000000
      3          1           0        0.960305   -0.122426   -0.000000
      4          1           0        0.000000    0.601216   -0.000000
      5          1           0       -0.960305    2.527289   -0.000000
      6          1           0       -0.960305    1.324857   -0.000000
      7          1           0       -0.960305    0.122426   -0.000000
      8          1           0       -0.000000   -0.601216    0.000000
      9          1           0        0.960305   -1.324857    0.000000
     10          1           0        0.960305   -2.527289    0.000000
     11          1           0       -0.000000   -1.803647    0.000000
     12          1           0       -0.960305   -1.080006   -0.000000
 ---------------------------------------------------------------------
 Rotational constants (GHZ):     85.9336951     18.2886081     15.0793796
 General basis read from cards:  (5D, 7F)
 There are     6 symmetry adapted cartesian basis functions of AG  symmetry.
 There are     0 symmetry adapted cartesian basis functions of BG  symmetry.
 There are     0 symmetry adapted cartesian basis functions of AU  symmetry.
 There are     6 symmetry adapted cartesian basis functions of BU  symmetry.
 There are     6 symmetry adapted basis functions of AG  symmetry.
 There are     0 symmetry adapted basis functions of BG  symmetry.
 There are     0 symmetry adapted basis functions of AU  symmetry.
 There are     6 symmetry adapted basis functions of BU  symmetry.
    12 basis functions,   120 primitive gaussians,    12 cartesian basis functions
     6 alpha electrons        6 beta electrons
       nuclear repulsion energy        19.2081238095 Hartrees.
 NAtoms=   12 NActive=   12 NUniq=    6 SFac= 4.00D+00 NAtFMM=   60 NAOKFM=F Big=F
 Integral buffers will be    131072 words long.
 Regular integral format.
 Two-electron integral symmetry is turned on.
 One-electron integrals computed using PRISM.
 NBasis=    12 RedAO= T EigKep=  1.88D-01  NBF=     6     0     0     6
 NBsUse=    12 1.00D-06 EigRej= -1.00D+00 NBFU=     6     0     0     6
 Initial guess from the checkpoint file:  "h12.chk"
 B after Tr=    -0.000000    0.000000    0.000000
         Rot=    0.997590   -0.000000    0.000000   -0.069380 Ang=  -7.96 deg.
 Initial guess orbital symmetries:
       Occupied  (AG) (BU) (AG) (BU) (BU) (AG)
       Virtual   (BU) (AG) (BU) (AG) (AG) (BU)
 Keep R1 ints in memory in symmetry-blocked form, NReq=902776.
 Requested convergence on RMS density matrix=1.00D-08 within 128 cycles.
 Requested convergence on MAX density matrix=1.00D-06.
 Requested convergence on             energy=1.00D-06.
 No special actions if energy rises.
 SCF Done:  E(RHF) =  -5.96142880653     A.U. after   13 cycles
            NFock= 13  Conv=0.29D-08     -V/T= 1.9734
 Range of M.O.s used for correlation:     1    12
 NBasis=    12 NAE=     6 NBE=     6 NFC=     0 NFV=     0
 NROrb=     12 NOA=     6 NOB=     6 NVA=     6 NVB=     6
 Semi-Direct transformation.
 ModeAB=           4 MOrb=             6 LenV=     134085081
 LASXX=         2181 LTotXX=        2181 LenRXX=        5115
 LTotAB=        2934 MaxLAS=        3024 LenRXY=           0
 NonZer=        7296 LenScr=      655360 LnRSAI=        3024
 LnScr1=      655360 LExtra=           0 Total=      1318859
 MaxDsk=          -1 SrtSym=           T ITran=            3
 JobTyp=0 Pass  1:  I=   1 to   6.
 (rs|ai) integrals will be sorted in core.
 Spin components of T(2) and E(2):
     alpha-alpha T2 =       0.4354988270D-02 E2=     -0.6637430304D-02
     alpha-beta  T2 =       0.6262344356D-01 E2=     -0.9815513664D-01
     beta-beta   T2 =       0.4354988270D-02 E2=     -0.6637430304D-02
 ANorm=    0.1035052376D+01
 E2 =    -0.1114299973D+00 EUMP2 =    -0.60728588037822D+01
 Second order stability test of a single determinant RHF wave function:
 Stabil:  MDV=134217728
 ***********************************************************************
 Matrix         Lowest Root    Major Pairs
 ***********************************************************************
 Internal RHF     0.2537566    Stable
 RRHF --> CRHF    0.2369737    Stable
 RRHF --> RUHF    0.0495121    Stable
 Stable under the perturbations considered.
 ***********************************************************************

 **********************************************************************

            Population analysis using the SCF density.

 **********************************************************************

 Orbital symmetries:
       Occupied  (AG) (BU) (BU) (AG) (AG) (BU)
       Virtual   (AG) (AG) (BU) (BU) (BU) (AG)
 The electronic state is 1-AG.
 Alpha  occ. eigenvalues --   -0.94469  -0.78542  -0.58240  -0.57429  -0.35387
 Alpha  occ. eigenvalues --   -0.34245
 Alpha virt. eigenvalues --    0.15156   0.19524   0.23333   0.37673   0.47885
 Alpha virt. eigenvalues --    0.55585
          Condensed to atoms (all electrons):
               1          2          3          4          5          6
     1  H    1.059076   0.256527  -0.103284   0.215604  -0.049968  -0.138924
     2  H    0.256527   0.721215  -0.035118  -0.067950   0.193120  -0.024525
     3  H   -0.103284  -0.035118   0.973225  -0.061465   0.010962  -0.009491
     4  H    0.215604  -0.067950  -0.061465   0.981370  -0.122226   0.036626
     5  H   -0.049968   0.193120   0.010962  -0.122226   0.908262   0.164440
     6  H   -0.138924  -0.024525  -0.009491   0.036626   0.164440   0.750178
     7  H   -0.080272  -0.119470  -0.073790   0.326334  -0.058460   0.223541
     8  H   -0.077265  -0.020143   0.326334  -0.183993   0.014974  -0.024069
     9  H   -0.052843  -0.007328   0.223541  -0.024069   0.001503   0.011239
    10  H    0.002771  -0.000257  -0.058460   0.014974  -0.000473   0.001503
    11  H    0.018609   0.008016  -0.119470  -0.020143  -0.000257  -0.007328
    12  H    0.021768   0.018609  -0.080272  -0.077265   0.002771  -0.052843
               7          8          9         10         11         12
     1  H   -0.080272  -0.077265  -0.052843   0.002771   0.018609   0.021768
     2  H   -0.119470  -0.020143  -0.007328  -0.000257   0.008016   0.018609
     3  H   -0.073790   0.326334   0.223541  -0.058460  -0.119470  -0.080272
     4  H    0.326334  -0.183993  -0.024069   0.014974  -0.020143  -0.077265
     5  H   -0.058460   0.014974   0.001503  -0.000473  -0.000257   0.002771
     6  H    0.223541  -0.024069   0.011239   0.001503  -0.007328  -0.052843
     7  H    0.973225  -0.061465  -0.009491   0.010962  -0.035118  -0.103284
     8  H   -0.061465   0.981370   0.036626  -0.122226  -0.067950   0.215604
     9  H   -0.009491   0.036626   0.750178   0.164440  -0.024525  -0.138924
    10  H    0.010962  -0.122226   0.164440   0.908262   0.193120  -0.049968
    11  H   -0.035118  -0.067950  -0.024525   0.193120   0.721215   0.256527
    12  H   -0.103284   0.215604  -0.138924  -0.049968   0.256527   1.059076
 Mulliken charges:
               1
     1  H   -0.071799
     2  H    0.077304
     3  H    0.007288
     4  H   -0.017798
     5  H   -0.064647
     6  H    0.069653
     7  H    0.007288
     8  H   -0.017798
     9  H    0.069653
    10  H   -0.064647
    11  H    0.077304
    12  H   -0.071799
 Sum of Mulliken charges =  -0.00000
 Mulliken charges with hydrogens summed into heavy atoms:
               1
 Electronic spatial extent (au):  <R**2>=            159.2330
 Charge=              0.0000 electrons
 Dipole moment (field-independent basis, Debye):
    X=             -0.0000    Y=              0.0000    Z=              0.0000  Tot=              0.0000
 Quadrupole moment (field-independent basis, Debye-Ang):
   XX=            -17.9056   YY=            -21.1427   ZZ=            -15.3980
   XY=              0.0938   XZ=             -0.0000   YZ=              0.0000
 Traceless Quadrupole moment (field-independent basis, Debye-Ang):
   XX=              0.2431   YY=             -2.9939   ZZ=              2.7508
   XY=              0.0938   XZ=             -0.0000   YZ=              0.0000
 Octapole moment (field-independent basis, Debye-Ang**2):
  XXX=              0.0000  YYY=             -0.0000  ZZZ=             -0.0000  XYY=              0.0000
  XXY=             -0.0000  XXZ=             -0.0000  XZZ=              0.0000  YZZ=             -0.0000
  YYZ=             -0.0000  XYZ=              0.0000
 Hexadecapole moment (field-independent basis, Debye-Ang**3):
 XXXX=            -83.7717 YYYY=           -273.2131 ZZZZ=            -18.3804 XXXY=             24.1961
 XXXZ=             -0.0000 YYYX=             28.8760 YYYZ=              0.0000 ZZZX=             -0.0000
 ZZZY=              0.0000 XXYY=            -60.1979 XXZZ=            -16.8019 YYZZ=            -42.8089
 XXYZ=              0.0000 YYXZ=             -0.0000 ZZXY=              7.6056
 N-N= 1.920812380949D+01 E-N=-4.929695785628D+01  KE= 6.124089401811D+00
 Symmetry AG   KE= 2.951753877130D+00
 Symmetry BG   KE= 0.000000000000D+00
 Symmetry AU   KE= 0.000000000000D+00
 Symmetry BU   KE= 3.172335524681D+00

 Test job not archived.
 1\1\GINC-SULU\Stability\RHF\Gen\H12\LCJ1\17-Feb-2017\0\\#rhf/gen scf(s
 ymm,tight,novaracc,noincfock,fulldiag) stable(crhf) guess=read geom=no
 crowd test\\hf stability analysis of h12 triangular lattice, y= 0.5365
 2235265705239\\0,1\H\H,1,1.2024315742\H,1,1.2024315742,2,127.\H,2,1.20
 24315742,1,53.,3,0.,0\H,2,1.2024315742,1,180.,3,0.,0\H,4,1.2024315742,
 3,180.,5,0.,0\H,6,1.2024315742,5,180.,3,0.,0\H,4,1.2024315742,2,180.,3
 ,0.,0\H,3,1.2024315742,1,180.,4,0.,0\H,9,1.2024315742,3,180.,4,0.,0\H,
 8,1.2024315742,4,180.,3,0.,0\H,7,1.2024315742,6,180.,3,0.,0\\Version=E
 S64L-G09RevE.01\State=1-AG\HF=-5.9614288\MP2=-6.0728588\RMSD=2.914e-09
 \Dipole=0.,0.,0.\Quadrupole=-1.2872142,2.0451552,-0.7579409,0.,1.17594
 53,0.\PG=C02H [SGH(H12)]\\@


 HAPPINESS IS NOT HAVING WHAT YOU WANT --
 HAPPINESS IS WANTING WHAT YOU HAVE!

              -- FROM MRS. SEVERN'S DESK
 Job cpu time:       0 days  0 hours  0 minutes  1.1 seconds.
 File lengths (MBytes):  RWF=     84 Int=      0 D2E=      0 Chk=      2 Scr=      2
 Normal termination of Gaussian 09 at Fri Feb 17 14:57:41 2017.
