 Entering Gaussian System, Link 0=g09
 AtFile(1): H.gbs
            H     0
            S   10   1.00
               1000.000000000000            0.000068713567
                316.227766000000            0.000169141320
                100.000000000000            0.000823394812
                 31.622776600000            0.003425569236
                 10.000000000000            0.013951996000
                  3.162277660000            0.056909313560
                  1.000000000000            0.198286399900
                  0.316227766000            0.496922426700
                  0.100000000000            0.369846276400
                  0.031622776600            0.003752720039
            ****
 Initial command:
 /projects/guscus/apps/gau/g09-e1/g09/l1.exe "/users/lcj1/gaussian/h12/rhfstability/rect/guess/ag3bu3/Gau-1727.inp" -scrdir="/users/lcj1/gaussian/h12/rhfstability/rect/guess/ag3bu3/"
 Entering Link 1 = /projects/guscus/apps/gau/g09-e1/g09/l1.exe PID=      1728.
  
 Copyright (c) 1988,1990,1992,1993,1995,1998,2003,2009,2015,
            Gaussian, Inc.  All Rights Reserved.
  
 This is part of the Gaussian(R) 09 program.  It is based on
 the Gaussian(R) 03 system (copyright 2003, Gaussian, Inc.),
 the Gaussian(R) 98 system (copyright 1998, Gaussian, Inc.),
 the Gaussian(R) 94 system (copyright 1995, Gaussian, Inc.),
 the Gaussian 92(TM) system (copyright 1992, Gaussian, Inc.),
 the Gaussian 90(TM) system (copyright 1990, Gaussian, Inc.),
 the Gaussian 88(TM) system (copyright 1988, Gaussian, Inc.),
 the Gaussian 86(TM) system (copyright 1986, Carnegie Mellon
 University), and the Gaussian 82(TM) system (copyright 1983,
 Carnegie Mellon University). Gaussian is a federally registered
 trademark of Gaussian, Inc.
  
 This software contains proprietary and confidential information,
 including trade secrets, belonging to Gaussian, Inc.
  
 This software is provided under written license and may be
 used, copied, transmitted, or stored only in accord with that
 written license.
  
 The following legend is applicable only to US Government
 contracts under FAR:
  
                    RESTRICTED RIGHTS LEGEND
  
 Use, reproduction and disclosure by the US Government is
 subject to restrictions as set forth in subparagraphs (a)
 and (c) of the Commercial Computer Software - Restricted
 Rights clause in FAR 52.227-19.
  
 Gaussian, Inc.
 340 Quinnipiac St., Bldg. 40, Wallingford CT 06492
  
  
 ---------------------------------------------------------------
 Warning -- This program may not be used in any manner that
 competes with the business of Gaussian, Inc. or will provide
 assistance to any competitor of Gaussian, Inc.  The licensee
 of this program is prohibited from giving any competitor of
 Gaussian, Inc. access to this program.  By using this program,
 the user acknowledges that Gaussian, Inc. is engaged in the
 business of creating and licensing software in the field of
 computational chemistry and represents and warrants to the
 licensee that it is not a competitor of Gaussian, Inc. and that
 it will not use this program in any manner prohibited above.
 ---------------------------------------------------------------
  

 Cite this work as:
 Gaussian 09, Revision E.01,
 M. J. Frisch, G. W. Trucks, H. B. Schlegel, G. E. Scuseria, 
 M. A. Robb, J. R. Cheeseman, G. Scalmani, V. Barone, B. Mennucci, 
 G. A. Petersson, H. Nakatsuji, M. Caricato, X. Li, H. P. Hratchian, 
 A. F. Izmaylov, J. Bloino, G. Zheng, J. L. Sonnenberg, M. Hada, 
 M. Ehara, K. Toyota, R. Fukuda, J. Hasegawa, M. Ishida, T. Nakajima, 
 Y. Honda, O. Kitao, H. Nakai, T. Vreven, J. A. Montgomery, Jr., 
 J. E. Peralta, F. Ogliaro, M. Bearpark, J. J. Heyd, E. Brothers, 
 K. N. Kudin, V. N. Staroverov, T. Keith, R. Kobayashi, J. Normand, 
 K. Raghavachari, A. Rendell, J. C. Burant, S. S. Iyengar, J. Tomasi, 
 M. Cossi, N. Rega, J. M. Millam, M. Klene, J. E. Knox, J. B. Cross, 
 V. Bakken, C. Adamo, J. Jaramillo, R. Gomperts, R. E. Stratmann, 
 O. Yazyev, A. J. Austin, R. Cammi, C. Pomelli, J. W. Ochterski, 
 R. L. Martin, K. Morokuma, V. G. Zakrzewski, G. A. Voth, 
 P. Salvador, J. J. Dannenberg, S. Dapprich, A. D. Daniels, 
 O. Farkas, J. B. Foresman, J. V. Ortiz, J. Cioslowski, 
 and D. J. Fox, Gaussian, Inc., Wallingford CT, 2013.
 
 ******************************************
 Gaussian 09:  ES64L-G09RevE.01 30-Nov-2015
                17-Feb-2017 
 ******************************************
 %chk=h12.chk
 ----------------------------------------------------------------------
 #rhf/gen scf(symm,tight,novaracc,noincfock,fulldiag) stable(crhf) gues
 s=read geom=nocrowd test
 ----------------------------------------------------------------------
 1/38=1/1;
 2/12=1,17=6,18=5,40=1/2;
 3/5=7,16=1,25=1,30=1,116=1/1,2,3;
 4/5=1,9=4/1;
 5/5=100002,15=2,16=1,32=2,38=6/2;
 8/6=1,10=90,11=11/1,4;
 9/8=4,13=1/2;
 6/7=2,8=2,9=2,10=2,28=1/1;
 99/5=1,9=1/99;
 ----------------------------------------------------------------------
 hf stability analysis of h12 triangular lattice, y= 0.9519760744589420
 6
 ----------------------------------------------------------------------
 Symbolic Z-matrix:
 Charge =  0 Multiplicity = 1
 H
 H                    1     1.12875 
 H                    1     1.12875  2     65. 
 H                    2     1.12875  1     115.     3     0.       0
 H                    2     1.12875  1     180.     3     0.       0
 H                    4     1.12875  3     180.     5     0.       0
 H                    6     1.12875  5     180.     3     0.       0
 H                    4     1.12875  2     180.     3     0.       0
 H                    3     1.12875  1     180.     4     0.       0
 H                    9     1.12875  3     180.     4     0.       0
 H                    8     1.12875  4     180.     3     0.       0
 H                    7     1.12875  6     180.     3     0.       0
 
                          Input orientation:                          
 ---------------------------------------------------------------------
 Center     Atomic      Atomic             Coordinates (Angstroms)
 Number     Number       Type             X           Y           Z
 ---------------------------------------------------------------------
      1          1           0        0.000000    0.000000    0.000000
      2          1           0        0.000000    0.000000    1.128748
      3          1           0        1.022993    0.000000    0.477029
      4          1           0        1.022993    0.000000    1.605777
      5          1           0        0.000000    0.000000    2.257495
      6          1           0        1.022993    0.000000    2.734525
      7          1           0        2.045985    0.000000    3.211554
      8          1           0        2.045985    0.000000    2.082806
      9          1           0        2.045985    0.000000    0.954059
     10          1           0        3.068978    0.000000    1.431088
     11          1           0        3.068978    0.000000    2.559836
     12          1           0        3.068978    0.000000    3.688583
 ---------------------------------------------------------------------
                    Distance matrix (angstroms):
                    1          2          3          4          5
     1  H    0.000000
     2  H    1.128748   0.000000
     3  H    1.128748   1.212951   0.000000
     4  H    1.903952   1.128748   1.128748   0.000000
     5  H    2.257495   1.128748   2.053429   1.212951   0.000000
     6  H    2.919613   1.903952   2.257495   1.128748   1.128748
     7  H    3.807904   2.919613   2.919613   1.903952   2.257495
     8  H    2.919613   2.257495   1.903952   1.128748   2.053429
     9  H    2.257495   2.053429   1.128748   1.212951   2.425903
    10  H    3.386243   3.083835   2.257495   2.053429   3.178298
    11  H    3.996422   3.386243   2.919613   2.257495   3.083835
    12  H    4.798361   3.996422   3.807904   2.919613   3.386243
                    6          7          8          9         10
     6  H    0.000000
     7  H    1.128748   0.000000
     8  H    1.212951   1.128748   0.000000
     9  H    2.053429   2.257495   1.128748   0.000000
    10  H    2.425903   2.053429   1.212951   1.128748   0.000000
    11  H    2.053429   1.212951   1.128748   1.903952   1.128748
    12  H    2.257495   1.128748   1.903952   2.919613   2.257495
                   11         12
    11  H    0.000000
    12  H    1.128748   0.000000
 Stoichiometry    H12
 Framework group  C2H[SGH(H12)]
 Deg. of freedom    11
 Full point group                 C2H     NOp   4
 Largest Abelian subgroup         C2H     NOp   4
 Largest concise Abelian subgroup C2      NOp   2
                         Standard orientation:                         
 ---------------------------------------------------------------------
 Center     Atomic      Atomic             Coordinates (Angstroms)
 Number     Number       Type             X           Y           Z
 ---------------------------------------------------------------------
      1          1           0        1.022993    2.170151   -0.000000
      2          1           0        0.000000    1.693121   -0.000000
      3          1           0        1.022993    1.041403   -0.000000
      4          1           0        0.000000    0.564374   -0.000000
      5          1           0       -1.022993    1.216092    0.000000
      6          1           0       -1.022993    0.087344    0.000000
      7          1           0       -1.022993   -1.041403   -0.000000
      8          1           0       -0.000000   -0.564374   -0.000000
      9          1           0        1.022993   -0.087344    0.000000
     10          1           0        1.022993   -1.216092   -0.000000
     11          1           0       -0.000000   -1.693121   -0.000000
     12          1           0       -1.022993   -2.170151   -0.000000
 ---------------------------------------------------------------------
 Rotational constants (GHZ):     69.0946277     22.7457268     17.1123852
 General basis read from cards:  (5D, 7F)
 There are     6 symmetry adapted cartesian basis functions of AG  symmetry.
 There are     0 symmetry adapted cartesian basis functions of BG  symmetry.
 There are     0 symmetry adapted cartesian basis functions of AU  symmetry.
 There are     6 symmetry adapted cartesian basis functions of BU  symmetry.
 There are     6 symmetry adapted basis functions of AG  symmetry.
 There are     0 symmetry adapted basis functions of BG  symmetry.
 There are     0 symmetry adapted basis functions of AU  symmetry.
 There are     6 symmetry adapted basis functions of BU  symmetry.
    12 basis functions,   120 primitive gaussians,    12 cartesian basis functions
     6 alpha electrons        6 beta electrons
       nuclear repulsion energy        19.7397471711 Hartrees.
 NAtoms=   12 NActive=   12 NUniq=    6 SFac= 4.00D+00 NAtFMM=   60 NAOKFM=F Big=F
 Integral buffers will be    131072 words long.
 Regular integral format.
 Two-electron integral symmetry is turned on.
 One-electron integrals computed using PRISM.
 NBasis=    12 RedAO= T EigKep=  1.58D-01  NBF=     6     0     0     6
 NBsUse=    12 1.00D-06 EigRej= -1.00D+00 NBFU=     6     0     0     6
 Initial guess from the checkpoint file:  "h12.chk"
 B after Tr=     0.000000    0.000000    0.000000
         Rot=    0.972539    0.000000    0.000000   -0.232742 Ang= -26.92 deg.
 Initial guess orbital symmetries:
       Occupied  (AG) (BU) (AG) (BU) (BU) (AG)
       Virtual   (BU) (AG) (BU) (AG) (AG) (BU)
 Keep R1 ints in memory in symmetry-blocked form, NReq=903994.
 Requested convergence on RMS density matrix=1.00D-08 within 128 cycles.
 Requested convergence on MAX density matrix=1.00D-06.
 Requested convergence on             energy=1.00D-06.
 No special actions if energy rises.
 SCF Done:  E(RHF) =  -5.88500389696     A.U. after   14 cycles
            NFock= 14  Conv=0.28D-08     -V/T= 1.9428
 Range of M.O.s used for correlation:     1    12
 NBasis=    12 NAE=     6 NBE=     6 NFC=     0 NFV=     0
 NROrb=     12 NOA=     6 NOB=     6 NVA=     6 NVB=     6
 Semi-Direct transformation.
 ModeAB=           4 MOrb=             6 LenV=     134084059
 LASXX=         2181 LTotXX=        2181 LenRXX=        5115
 LTotAB=        2934 MaxLAS=        3024 LenRXY=           0
 NonZer=        7296 LenScr=      655360 LnRSAI=        3024
 LnScr1=      655360 LExtra=           0 Total=      1318859
 MaxDsk=          -1 SrtSym=           T ITran=            3
 JobTyp=0 Pass  1:  I=   1 to   6.
 (rs|ai) integrals will be sorted in core.
 Spin components of T(2) and E(2):
     alpha-alpha T2 =       0.4801878872D-02 E2=     -0.7206183523D-02
     alpha-beta  T2 =       0.6421864316D-01 E2=     -0.9988815896D-01
     beta-beta   T2 =       0.4801878872D-02 E2=     -0.7206183523D-02
 ANorm=    0.1036254023D+01
 E2 =    -0.1143005260D+00 EUMP2 =    -0.59993044229685D+01
 Second order stability test of a single determinant RHF wave function:
 Stabil:  MDV=134217728
 ***********************************************************************
 Matrix         Lowest Root    Major Pairs
 ***********************************************************************
 Internal RHF     0.10771      Stable
 RRHF --> CRHF    0.0684313    Stable
 RRHF --> RUHF   -0.0141778    6A=7B
 Not stable.
 ***********************************************************************

 **********************************************************************

            Population analysis using the SCF density.

 **********************************************************************

 Orbital symmetries:
       Occupied  (AG) (BU) (BU) (AG) (AG) (BU)
       Virtual   (AG) (BU) (AG) (BU) (AG) (BU)
 The electronic state is 1-AG.
 Alpha  occ. eigenvalues --   -0.98696  -0.79282  -0.65130  -0.54939  -0.41035
 Alpha  occ. eigenvalues --   -0.28276
 Alpha virt. eigenvalues --    0.05169   0.18728   0.28082   0.30820   0.57785
 Alpha virt. eigenvalues --    0.63073
          Condensed to atoms (all electrons):
               1          2          3          4          5          6
     1  H    1.155941   0.238222   0.097207  -0.195408  -0.073694   0.015532
     2  H    0.238222   0.679820  -0.022377  -0.100124   0.238646  -0.028681
     3  H    0.097207  -0.022377   0.766249   0.149814  -0.102825  -0.043597
     4  H   -0.195408  -0.100124   0.149814   1.086053   0.173799  -0.044719
     5  H   -0.073694   0.238646  -0.102825   0.173799   1.034232  -0.052033
     6  H    0.015532  -0.028681  -0.043597  -0.044719  -0.052033   0.824203
     7  H    0.005890  -0.009919   0.013602  -0.051620  -0.077571   0.207469
     8  H    0.030853  -0.034510  -0.051620  -0.220775  -0.093641   0.301536
     9  H   -0.086486  -0.082024   0.207469   0.301536  -0.026327  -0.078105
    10  H    0.006701   0.017004  -0.077571  -0.093641   0.016280  -0.026327
    11  H   -0.000174   0.010464  -0.009919  -0.034510   0.017004  -0.082024
    12  H   -0.001855  -0.000174   0.005890   0.030853   0.006701  -0.086486
               7          8          9         10         11         12
     1  H    0.005890   0.030853  -0.086486   0.006701  -0.000174  -0.001855
     2  H   -0.009919  -0.034510  -0.082024   0.017004   0.010464  -0.000174
     3  H    0.013602  -0.051620   0.207469  -0.077571  -0.009919   0.005890
     4  H   -0.051620  -0.220775   0.301536  -0.093641  -0.034510   0.030853
     5  H   -0.077571  -0.093641  -0.026327   0.016280   0.017004   0.006701
     6  H    0.207469   0.301536  -0.078105  -0.026327  -0.082024  -0.086486
     7  H    0.766249   0.149814  -0.043597  -0.102825  -0.022377   0.097207
     8  H    0.149814   1.086053  -0.044719   0.173799  -0.100124  -0.195408
     9  H   -0.043597  -0.044719   0.824203  -0.052033  -0.028681   0.015532
    10  H   -0.102825   0.173799  -0.052033   1.034232   0.238646  -0.073694
    11  H   -0.022377  -0.100124  -0.028681   0.238646   0.679820   0.238222
    12  H    0.097207  -0.195408   0.015532  -0.073694   0.238222   1.155941
 Mulliken charges:
               1
     1  H   -0.192729
     2  H    0.093652
     3  H    0.067676
     4  H   -0.001259
     5  H   -0.060572
     6  H    0.093232
     7  H    0.067676
     8  H   -0.001259
     9  H    0.093232
    10  H   -0.060572
    11  H    0.093652
    12  H   -0.192729
 Sum of Mulliken charges =   0.00000
 Mulliken charges with hydrogens summed into heavy atoms:
               1
 Electronic spatial extent (au):  <R**2>=            149.2830
 Charge=              0.0000 electrons
 Dipole moment (field-independent basis, Debye):
    X=              0.0000    Y=              0.0000    Z=              0.0000  Tot=              0.0000
 Quadrupole moment (field-independent basis, Debye-Ang):
   XX=            -17.7347   YY=            -27.0289   ZZ=            -15.2757
   XY=             -3.4037   XZ=             -0.0000   YZ=             -0.0000
 Traceless Quadrupole moment (field-independent basis, Debye-Ang):
   XX=              2.2784   YY=             -7.0158   ZZ=              4.7374
   XY=             -3.4037   XZ=             -0.0000   YZ=             -0.0000
 Octapole moment (field-independent basis, Debye-Ang**2):
  XXX=              0.0000  YYY=             -0.0000  ZZZ=              0.0000  XYY=              0.0000
  XXY=              0.0000  XXZ=              0.0000  XZZ=              0.0000  YZZ=             -0.0000
  YYZ=              0.0000  XYZ=              0.0000
 Hexadecapole moment (field-independent basis, Debye-Ang**3):
 XXXX=            -90.2253 YYYY=           -269.5712 ZZZZ=            -18.1272 XXXY=            -22.6338
 XXXZ=             -0.0000 YYYX=            -40.0973 YYYZ=             -0.0000 ZZZX=             -0.0000
 ZZZY=             -0.0000 XXYY=            -62.9135 XXZZ=            -17.8708 YYZZ=            -37.2605
 XXYZ=             -0.0000 YYXZ=             -0.0000 ZZXY=             -6.0922
 N-N= 1.973974717114D+01 E-N=-5.014455063051D+01  KE= 6.242202126256D+00
 Symmetry AG   KE= 2.943345984631D+00
 Symmetry BG   KE= 0.000000000000D+00
 Symmetry AU   KE= 0.000000000000D+00
 Symmetry BU   KE= 3.298856141626D+00

 Test job not archived.
 1\1\GINC-SULU\Stability\RHF\Gen\H12\LCJ1\17-Feb-2017\0\\#rhf/gen scf(s
 ymm,tight,novaracc,noincfock,fulldiag) stable(crhf) guess=read geom=no
 crowd test\\hf stability analysis of h12 triangular lattice, y= 0.9519
 7607445894206\\0,1\H\H,1,1.1287475848\H,1,1.1287475848,2,65.\H,2,1.128
 7475848,1,115.,3,0.,0\H,2,1.1287475848,1,180.,3,0.,0\H,4,1.1287475848,
 3,180.,5,0.,0\H,6,1.1287475848,5,180.,3,0.,0\H,4,1.1287475848,2,180.,3
 ,0.,0\H,3,1.1287475848,1,180.,4,0.,0\H,9,1.1287475848,3,180.,4,0.,0\H,
 8,1.1287475848,4,180.,3,0.,0\H,7,1.1287475848,6,180.,3,0.,0\\Version=E
 S64L-G09RevE.01\State=1-AG\HF=-5.8850039\MP2=-5.9993044\RMSD=2.754e-09
 \Dipole=0.,0.,0.\Quadrupole=-2.0433641,3.5221265,-1.4787624,0.,-4.2733
 401,0.\PG=C02H [SGH(H12)]\\@


 IT IS WELL TO REMEMBER THAT MAN IS A PART OF NATURE AND THAT HIS WORKS,
 WHATEVER THEY MAY BE, ARE NO MORE "UNNATURAL" THAN 
 THE FLIGHT OF AN EAGLE OR THE PASSAGE OF A TORNADO.

                                    -- CHARLES MCCARRY IN "THE GREAT SOUTHWEST"
 Job cpu time:       0 days  0 hours  0 minutes  1.2 seconds.
 File lengths (MBytes):  RWF=     84 Int=      0 D2E=      0 Chk=      2 Scr=      2
 Normal termination of Gaussian 09 at Fri Feb 17 15:04:14 2017.
