 Entering Gaussian System, Link 0=g09
 AtFile(1): H.gbs
            H     0
            S   10   1.00
               1000.000000000000            0.000068713567
                316.227766000000            0.000169141320
                100.000000000000            0.000823394812
                 31.622776600000            0.003425569236
                 10.000000000000            0.013951996000
                  3.162277660000            0.056909313560
                  1.000000000000            0.198286399900
                  0.316227766000            0.496922426700
                  0.100000000000            0.369846276400
                  0.031622776600            0.003752720039
            ****
 Initial command:
 /projects/guscus/apps/gau/g09-e1/g09/l1.exe "/users/lcj1/gaussian/h12/rhfstability/rect/guess/ag3bu3/Gau-14181.inp" -scrdir="/users/lcj1/gaussian/h12/rhfstability/rect/guess/ag3bu3/"
 Entering Link 1 = /projects/guscus/apps/gau/g09-e1/g09/l1.exe PID=     14182.
  
 Copyright (c) 1988,1990,1992,1993,1995,1998,2003,2009,2015,
            Gaussian, Inc.  All Rights Reserved.
  
 This is part of the Gaussian(R) 09 program.  It is based on
 the Gaussian(R) 03 system (copyright 2003, Gaussian, Inc.),
 the Gaussian(R) 98 system (copyright 1998, Gaussian, Inc.),
 the Gaussian(R) 94 system (copyright 1995, Gaussian, Inc.),
 the Gaussian 92(TM) system (copyright 1992, Gaussian, Inc.),
 the Gaussian 90(TM) system (copyright 1990, Gaussian, Inc.),
 the Gaussian 88(TM) system (copyright 1988, Gaussian, Inc.),
 the Gaussian 86(TM) system (copyright 1986, Carnegie Mellon
 University), and the Gaussian 82(TM) system (copyright 1983,
 Carnegie Mellon University). Gaussian is a federally registered
 trademark of Gaussian, Inc.
  
 This software contains proprietary and confidential information,
 including trade secrets, belonging to Gaussian, Inc.
  
 This software is provided under written license and may be
 used, copied, transmitted, or stored only in accord with that
 written license.
  
 The following legend is applicable only to US Government
 contracts under FAR:
  
                    RESTRICTED RIGHTS LEGEND
  
 Use, reproduction and disclosure by the US Government is
 subject to restrictions as set forth in subparagraphs (a)
 and (c) of the Commercial Computer Software - Restricted
 Rights clause in FAR 52.227-19.
  
 Gaussian, Inc.
 340 Quinnipiac St., Bldg. 40, Wallingford CT 06492
  
  
 ---------------------------------------------------------------
 Warning -- This program may not be used in any manner that
 competes with the business of Gaussian, Inc. or will provide
 assistance to any competitor of Gaussian, Inc.  The licensee
 of this program is prohibited from giving any competitor of
 Gaussian, Inc. access to this program.  By using this program,
 the user acknowledges that Gaussian, Inc. is engaged in the
 business of creating and licensing software in the field of
 computational chemistry and represents and warrants to the
 licensee that it is not a competitor of Gaussian, Inc. and that
 it will not use this program in any manner prohibited above.
 ---------------------------------------------------------------
  

 Cite this work as:
 Gaussian 09, Revision E.01,
 M. J. Frisch, G. W. Trucks, H. B. Schlegel, G. E. Scuseria, 
 M. A. Robb, J. R. Cheeseman, G. Scalmani, V. Barone, B. Mennucci, 
 G. A. Petersson, H. Nakatsuji, M. Caricato, X. Li, H. P. Hratchian, 
 A. F. Izmaylov, J. Bloino, G. Zheng, J. L. Sonnenberg, M. Hada, 
 M. Ehara, K. Toyota, R. Fukuda, J. Hasegawa, M. Ishida, T. Nakajima, 
 Y. Honda, O. Kitao, H. Nakai, T. Vreven, J. A. Montgomery, Jr., 
 J. E. Peralta, F. Ogliaro, M. Bearpark, J. J. Heyd, E. Brothers, 
 K. N. Kudin, V. N. Staroverov, T. Keith, R. Kobayashi, J. Normand, 
 K. Raghavachari, A. Rendell, J. C. Burant, S. S. Iyengar, J. Tomasi, 
 M. Cossi, N. Rega, J. M. Millam, M. Klene, J. E. Knox, J. B. Cross, 
 V. Bakken, C. Adamo, J. Jaramillo, R. Gomperts, R. E. Stratmann, 
 O. Yazyev, A. J. Austin, R. Cammi, C. Pomelli, J. W. Ochterski, 
 R. L. Martin, K. Morokuma, V. G. Zakrzewski, G. A. Voth, 
 P. Salvador, J. J. Dannenberg, S. Dapprich, A. D. Daniels, 
 O. Farkas, J. B. Foresman, J. V. Ortiz, J. Cioslowski, 
 and D. J. Fox, Gaussian, Inc., Wallingford CT, 2013.
 
 ******************************************
 Gaussian 09:  ES64L-G09RevE.01 30-Nov-2015
                17-Feb-2017 
 ******************************************
 %chk=h12.chk
 ----------------------------------------------------------------------
 #rhf/gen scf(symm,tight,novaracc,noincfock,fulldiag) stable(crhf) gues
 s=read geom=nocrowd test
 ----------------------------------------------------------------------
 1/38=1/1;
 2/12=1,17=6,18=5,40=1/2;
 3/5=7,16=1,25=1,30=1,116=1/1,2,3;
 4/5=1,9=4/1;
 5/5=100002,15=2,16=1,32=2,38=6/2;
 8/6=1,10=90,11=11/1,4;
 9/8=4,13=1/2;
 6/7=2,8=2,9=2,10=2,28=1/1;
 99/5=1,9=1/99;
 ----------------------------------------------------------------------
 hf stability analysis of h12 triangular lattice, y= 2.2086216254199424
 ----------------------------------------------------------------------
 Symbolic Z-matrix:
 Charge =  0 Multiplicity = 1
 H
 H                    1     2.22404 
 H                    1     2.22404  2     13.5 
 H                    2     2.22404  1     166.5    3     0.       0
 H                    2     2.22404  1     180.     3     0.       0
 H                    4     2.22404  3     180.     5     0.       0
 H                    6     2.22404  5     180.     3     0.       0
 H                    4     2.22404  2     180.     3     0.       0
 H                    3     2.22404  1     180.     4     0.       0
 H                    9     2.22404  3     180.     4     0.       0
 H                    8     2.22404  4     180.     3     0.       0
 H                    7     2.22404  6     180.     3     0.       0
 
                          Input orientation:                          
 ---------------------------------------------------------------------
 Center     Atomic      Atomic             Coordinates (Angstroms)
 Number     Number       Type             X           Y           Z
 ---------------------------------------------------------------------
      1          1           0        0.000000    0.000000    0.000000
      2          1           0        0.000000    0.000000    2.224038
      3          1           0        0.519191    0.000000    2.162587
      4          1           0        0.519191    0.000000    4.386625
      5          1           0        0.000000    0.000000    4.448075
      6          1           0        0.519191    0.000000    6.610663
      7          1           0        1.038383    0.000000    8.773250
      8          1           0        1.038383    0.000000    6.549212
      9          1           0        1.038383    0.000000    4.325175
     10          1           0        1.557574    0.000000    6.487762
     11          1           0        1.557574    0.000000    8.711799
     12          1           0        1.557574    0.000000   10.935837
 ---------------------------------------------------------------------
                    Distance matrix (angstroms):
                    1          2          3          4          5
     1  H    0.000000
     2  H    2.224038   0.000000
     3  H    2.224038   0.522815   0.000000
     4  H    4.417243   2.224038   2.224038   0.000000
     5  H    4.448075   2.224038   2.343718   0.522815   0.000000
     6  H    6.631019   4.417243   4.448075   2.224038   2.224038
     7  H    8.834486   6.631019   6.631019   4.417243   4.448075
     8  H    6.631019   4.448075   4.417243   2.224038   2.343718
     9  H    4.448075   2.343718   2.224038   0.522815   1.045630
    10  H    6.672113   4.539315   4.448075   2.343718   2.566390
    11  H    8.849943   6.672113   6.631019   4.448075   4.539315
    12  H   11.046202   8.849943   8.834486   6.631019   6.672113
                    6          7          8          9         10
     6  H    0.000000
     7  H    2.224038   0.000000
     8  H    0.522815   2.224038   0.000000
     9  H    2.343718   4.448075   2.224038   0.000000
    10  H    1.045630   2.343718   0.522815   2.224038   0.000000
    11  H    2.343718   0.522815   2.224038   4.417243   2.224038
    12  H    4.448075   2.224038   4.417243   6.631019   4.448075
                   11         12
    11  H    0.000000
    12  H    2.224038   0.000000
 Stoichiometry    H12
 Framework group  C2H[SGH(H12)]
 Deg. of freedom    11
 Full point group                 C2H     NOp   4
 Largest Abelian subgroup         C2H     NOp   4
 Largest concise Abelian subgroup C2      NOp   2
                         Standard orientation:                         
 ---------------------------------------------------------------------
 Center     Atomic      Atomic             Coordinates (Angstroms)
 Number     Number       Type             X           Y           Z
 ---------------------------------------------------------------------
      1          1           0        0.519191    5.498644   -0.000000
      2          1           0        0.000000    3.336056   -0.000000
      3          1           0        0.519191    3.274606   -0.000000
      4          1           0        0.000000    1.112019   -0.000000
      5          1           0       -0.519191    1.173469   -0.000000
      6          1           0       -0.519191   -1.050568   -0.000000
      7          1           0       -0.519191   -3.274606    0.000000
      8          1           0       -0.000000   -1.112019    0.000000
      9          1           0        0.519191    1.050568   -0.000000
     10          1           0        0.519191   -1.173469    0.000000
     11          1           0       -0.000000   -3.336056    0.000000
     12          1           0       -0.519191   -5.498644    0.000000
 ---------------------------------------------------------------------
 Rotational constants (GHZ):    352.0891586      4.4636607      4.4077805
 General basis read from cards:  (5D, 7F)
 There are     6 symmetry adapted cartesian basis functions of AG  symmetry.
 There are     0 symmetry adapted cartesian basis functions of BG  symmetry.
 There are     0 symmetry adapted cartesian basis functions of AU  symmetry.
 There are     6 symmetry adapted cartesian basis functions of BU  symmetry.
 There are     6 symmetry adapted basis functions of AG  symmetry.
 There are     0 symmetry adapted basis functions of BG  symmetry.
 There are     0 symmetry adapted basis functions of AU  symmetry.
 There are     6 symmetry adapted basis functions of BU  symmetry.
    12 basis functions,   120 primitive gaussians,    12 cartesian basis functions
     6 alpha electrons        6 beta electrons
       nuclear repulsion energy        16.1422445102 Hartrees.
 NAtoms=   12 NActive=   12 NUniq=    6 SFac= 4.00D+00 NAtFMM=   60 NAOKFM=F Big=F
 Integral buffers will be    131072 words long.
 Regular integral format.
 Two-electron integral symmetry is turned on.
 One-electron integrals computed using PRISM.
 NBasis=    12 RedAO= T EigKep=  4.13D-02  NBF=     6     0     0     6
 NBsUse=    12 1.00D-06 EigRej= -1.00D+00 NBFU=     6     0     0     6
 Initial guess from the checkpoint file:  "h12.chk"
 B after Tr=    -0.000000    0.000000    0.000000
         Rot=    0.963836    0.000000    0.000000   -0.266495 Ang= -30.91 deg.
 Initial guess orbital symmetries:
       Occupied  (AG) (BU) (AG) (BU) (BU) (AG)
       Virtual   (BU) (AG) (BU) (AG) (AG) (BU)
 Keep R1 ints in memory in symmetry-blocked form, NReq=893410.
 Requested convergence on RMS density matrix=1.00D-08 within 128 cycles.
 Requested convergence on MAX density matrix=1.00D-06.
 Requested convergence on             energy=1.00D-06.
 No special actions if energy rises.
 SCF Done:  E(RHF) =  -4.86779639183     A.U. after   11 cycles
            NFock= 11  Conv=0.42D-08     -V/T= 1.7551
 Range of M.O.s used for correlation:     1    12
 NBasis=    12 NAE=     6 NBE=     6 NFC=     0 NFV=     0
 NROrb=     12 NOA=     6 NOB=     6 NVA=     6 NVB=     6

 **** Warning!!: The smallest alpha delta epsilon is  0.50890476D-01

 Semi-Direct transformation.
 ModeAB=           4 MOrb=             6 LenV=     134095679
 LASXX=         2181 LTotXX=        2181 LenRXX=        5115
 LTotAB=        2934 MaxLAS=        3024 LenRXY=           0
 NonZer=        7296 LenScr=      655360 LnRSAI=        3024
 LnScr1=      655360 LExtra=           0 Total=      1318859
 MaxDsk=          -1 SrtSym=           T ITran=            3
 JobTyp=0 Pass  1:  I=   1 to   6.
 (rs|ai) integrals will be sorted in core.
 Spin components of T(2) and E(2):
     alpha-alpha T2 =       0.4569037367D-02 E2=     -0.3918555664D-02
     alpha-beta  T2 =       0.7449222786D+01 E2=     -0.8263747985D+00
     beta-beta   T2 =       0.4569037367D-02 E2=     -0.3918555664D-02
 ANorm=    0.2908326127D+01
 E2 =    -0.8342119098D+00 EUMP2 =    -0.57020083016495D+01
 Second order stability test of a single determinant RHF wave function:
 Stabil:  MDV=134217728
 ***********************************************************************
 Matrix         Lowest Root    Major Pairs
 ***********************************************************************
 Internal RHF     0.0424717    Stable
 RRHF --> CRHF   -0.0008412    5A=7A
 RRHF --> RUHF   -0.5522216    6A=7B
 Not stable.
 ***********************************************************************

 **********************************************************************

            Population analysis using the SCF density.

 **********************************************************************

 Orbital symmetries:
       Occupied  (AG) (BU) (AG) (BU) (BU) (AG)
       Virtual   (BU) (AG) (BU) (AG) (AG) (BU)
 The electronic state is 1-AG.
 Alpha  occ. eigenvalues --   -0.94247  -0.91502  -0.71185  -0.71116  -0.24589
 Alpha  occ. eigenvalues --   -0.19569
 Alpha virt. eigenvalues --   -0.14480   0.03556   0.58804   0.59140   1.27296
 Alpha virt. eigenvalues --    1.40637
          Condensed to atoms (all electrons):
               1          2          3          4          5          6
     1  H    1.082545  -0.020718  -0.013812   0.000134  -0.001645  -0.000025
     2  H   -0.020718   0.573066   0.483556  -0.019860   0.007255   0.000560
     3  H   -0.013812   0.483556   0.564016  -0.019788  -0.011191  -0.000220
     4  H    0.000134  -0.019860  -0.019788   1.232652   0.183061  -0.012351
     5  H   -0.001645   0.007255  -0.011191   0.183061   1.072244   0.173006
     6  H   -0.000025   0.000560  -0.000220  -0.012351   0.173006   1.121474
     7  H   -0.000000   0.000001   0.000000   0.000097   0.000294  -0.001744
     8  H    0.000001   0.000093   0.000097  -0.021655  -0.005661   0.200361
     9  H    0.001727  -0.019310  -0.001744   0.200361  -0.600573  -0.157528
    10  H    0.000023  -0.000378   0.000294  -0.005661  -0.112605  -0.600573
    11  H   -0.000000   0.000000   0.000001   0.000093  -0.000378  -0.019310
    12  H    0.000000  -0.000000  -0.000000   0.000001   0.000023   0.001727
               7          8          9         10         11         12
     1  H   -0.000000   0.000001   0.001727   0.000023  -0.000000   0.000000
     2  H    0.000001   0.000093  -0.019310  -0.000378   0.000000  -0.000000
     3  H    0.000000   0.000097  -0.001744   0.000294   0.000001  -0.000000
     4  H    0.000097  -0.021655   0.200361  -0.005661   0.000093   0.000001
     5  H    0.000294  -0.005661  -0.600573  -0.112605  -0.000378   0.000023
     6  H   -0.001744   0.200361  -0.157528  -0.600573  -0.019310   0.001727
     7  H    0.564016  -0.019788  -0.000220  -0.011191   0.483556  -0.013812
     8  H   -0.019788   1.232652  -0.012351   0.183061  -0.019860   0.000134
     9  H   -0.000220  -0.012351   1.121474   0.173006   0.000560  -0.000025
    10  H   -0.011191   0.183061   0.173006   1.072244   0.007255  -0.001645
    11  H    0.483556  -0.019860   0.000560   0.007255   0.573066  -0.020718
    12  H   -0.013812   0.000134  -0.000025  -0.001645  -0.020718   1.082545
 Mulliken charges:
               1
     1  H   -0.048230
     2  H   -0.004264
     3  H   -0.001210
     4  H   -0.537086
     5  H    0.296168
     6  H    0.294622
     7  H   -0.001210
     8  H   -0.537086
     9  H    0.294622
    10  H    0.296168
    11  H   -0.004264
    12  H   -0.048230
 Sum of Mulliken charges =   0.00000
 Mulliken charges with hydrogens summed into heavy atoms:
               1
 Electronic spatial extent (au):  <R**2>=            453.1398
 Charge=              0.0000 electrons
 Dipole moment (field-independent basis, Debye):
    X=              0.0000    Y=              0.0000    Z=             -0.0000  Tot=              0.0000
 Quadrupole moment (field-independent basis, Debye-Ang):
   XX=            -16.4227   YY=            -31.0851   ZZ=            -15.5399
   XY=             -1.6773   XZ=             -0.0000   YZ=              0.0000
 Traceless Quadrupole moment (field-independent basis, Debye-Ang):
   XX=              4.5932   YY=            -10.0692   ZZ=              5.4760
   XY=             -1.6773   XZ=             -0.0000   YZ=              0.0000
 Octapole moment (field-independent basis, Debye-Ang**2):
  XXX=              0.0000  YYY=              0.0000  ZZZ=             -0.0000  XYY=              0.0000
  XXY=              0.0000  XXZ=             -0.0000  XZZ=              0.0000  YZZ=              0.0000
  YYZ=             -0.0000  XYZ=              0.0000
 Hexadecapole moment (field-independent basis, Debye-Ang**3):
 XXXX=            -38.9688 YYYY=          -1475.7667 ZZZZ=            -18.9546 XXXY=            -36.7087
 XXXZ=              0.0000 YYYX=            -91.0325 YYYZ=              0.0000 ZZZX=              0.0000
 ZZZY=              0.0000 XXYY=           -163.4321 XXZZ=             -9.6235 YYZZ=           -159.3007
 XXYZ=              0.0000 YYXZ=              0.0000 ZZXY=            -12.4647
 N-N= 1.614224451016D+01 E-N=-4.102211941502D+01  KE= 6.446203025483D+00
 Symmetry AG   KE= 2.743774168062D+00
 Symmetry BG   KE= 0.000000000000D+00
 Symmetry AU   KE= 0.000000000000D+00
 Symmetry BU   KE= 3.702428857421D+00

 Test job not archived.
 1\1\GINC-SULU\Stability\RHF\Gen\H12\LCJ1\17-Feb-2017\0\\#rhf/gen scf(s
 ymm,tight,novaracc,noincfock,fulldiag) stable(crhf) guess=read geom=no
 crowd test\\hf stability analysis of h12 triangular lattice, y= 2.2086
 216254199424\\0,1\H\H,1,2.2240376274\H,1,2.2240376274,2,13.5\H,2,2.224
 0376274,1,166.5,3,0.,0\H,2,2.2240376274,1,180.,3,0.,0\H,4,2.2240376274
 ,3,180.,5,0.,0\H,6,2.2240376274,5,180.,3,0.,0\H,4,2.2240376274,2,180.,
 3,0.,0\H,3,2.2240376274,1,180.,4,0.,0\H,9,2.2240376274,3,180.,4,0.,0\H
 ,8,2.2240376274,4,180.,3,0.,0\H,7,2.2240376274,6,180.,3,0.,0\\Version=
 ES64L-G09RevE.01\State=1-AG\HF=-4.8677964\MP2=-5.7020083\RMSD=4.222e-0
 9\Dipole=0.,0.,0.\Quadrupole=3.3870106,4.0712693,-7.4582799,0.,-1.3633
 858,0.\PG=C02H [SGH(H12)]\\@


 WE ARE PERHAPS NOT FAR REMOVED FROM THE TIME WHEN WE SHALL BE ABLE TO SUBMIT
 THE BULK OF CHEMICAL PHENOMENA TO CALCULATION.

            -- JOSEPH LOUIS GAY-LUSSAC
               MEMOIRES DE LA SOCIETE D'ARCUEIL, 2, 207 (1808)
 Job cpu time:       0 days  0 hours  0 minutes  1.0 seconds.
 File lengths (MBytes):  RWF=     84 Int=      0 D2E=      0 Chk=      2 Scr=      2
 Normal termination of Gaussian 09 at Fri Feb 17 15:09:31 2017.
