 Entering Gaussian System, Link 0=g09
 AtFile(1): H.gbs
            H     0
            S   10   1.00
               1000.000000000000            0.000068713567
                316.227766000000            0.000169141320
                100.000000000000            0.000823394812
                 31.622776600000            0.003425569236
                 10.000000000000            0.013951996000
                  3.162277660000            0.056909313560
                  1.000000000000            0.198286399900
                  0.316227766000            0.496922426700
                  0.100000000000            0.369846276400
                  0.031622776600            0.003752720039
            ****
 Initial command:
 /projects/guscus/apps/gau/g09-e1/g09/l1.exe "/users/lcj1/gaussian/h12/rhfstability/rect/guess/ag3bu3/Gau-704.inp" -scrdir="/users/lcj1/gaussian/h12/rhfstability/rect/guess/ag3bu3/"
 Entering Link 1 = /projects/guscus/apps/gau/g09-e1/g09/l1.exe PID=       705.
  
 Copyright (c) 1988,1990,1992,1993,1995,1998,2003,2009,2015,
            Gaussian, Inc.  All Rights Reserved.
  
 This is part of the Gaussian(R) 09 program.  It is based on
 the Gaussian(R) 03 system (copyright 2003, Gaussian, Inc.),
 the Gaussian(R) 98 system (copyright 1998, Gaussian, Inc.),
 the Gaussian(R) 94 system (copyright 1995, Gaussian, Inc.),
 the Gaussian 92(TM) system (copyright 1992, Gaussian, Inc.),
 the Gaussian 90(TM) system (copyright 1990, Gaussian, Inc.),
 the Gaussian 88(TM) system (copyright 1988, Gaussian, Inc.),
 the Gaussian 86(TM) system (copyright 1986, Carnegie Mellon
 University), and the Gaussian 82(TM) system (copyright 1983,
 Carnegie Mellon University). Gaussian is a federally registered
 trademark of Gaussian, Inc.
  
 This software contains proprietary and confidential information,
 including trade secrets, belonging to Gaussian, Inc.
  
 This software is provided under written license and may be
 used, copied, transmitted, or stored only in accord with that
 written license.
  
 The following legend is applicable only to US Government
 contracts under FAR:
  
                    RESTRICTED RIGHTS LEGEND
  
 Use, reproduction and disclosure by the US Government is
 subject to restrictions as set forth in subparagraphs (a)
 and (c) of the Commercial Computer Software - Restricted
 Rights clause in FAR 52.227-19.
  
 Gaussian, Inc.
 340 Quinnipiac St., Bldg. 40, Wallingford CT 06492
  
  
 ---------------------------------------------------------------
 Warning -- This program may not be used in any manner that
 competes with the business of Gaussian, Inc. or will provide
 assistance to any competitor of Gaussian, Inc.  The licensee
 of this program is prohibited from giving any competitor of
 Gaussian, Inc. access to this program.  By using this program,
 the user acknowledges that Gaussian, Inc. is engaged in the
 business of creating and licensing software in the field of
 computational chemistry and represents and warrants to the
 licensee that it is not a competitor of Gaussian, Inc. and that
 it will not use this program in any manner prohibited above.
 ---------------------------------------------------------------
  

 Cite this work as:
 Gaussian 09, Revision E.01,
 M. J. Frisch, G. W. Trucks, H. B. Schlegel, G. E. Scuseria, 
 M. A. Robb, J. R. Cheeseman, G. Scalmani, V. Barone, B. Mennucci, 
 G. A. Petersson, H. Nakatsuji, M. Caricato, X. Li, H. P. Hratchian, 
 A. F. Izmaylov, J. Bloino, G. Zheng, J. L. Sonnenberg, M. Hada, 
 M. Ehara, K. Toyota, R. Fukuda, J. Hasegawa, M. Ishida, T. Nakajima, 
 Y. Honda, O. Kitao, H. Nakai, T. Vreven, J. A. Montgomery, Jr., 
 J. E. Peralta, F. Ogliaro, M. Bearpark, J. J. Heyd, E. Brothers, 
 K. N. Kudin, V. N. Staroverov, T. Keith, R. Kobayashi, J. Normand, 
 K. Raghavachari, A. Rendell, J. C. Burant, S. S. Iyengar, J. Tomasi, 
 M. Cossi, N. Rega, J. M. Millam, M. Klene, J. E. Knox, J. B. Cross, 
 V. Bakken, C. Adamo, J. Jaramillo, R. Gomperts, R. E. Stratmann, 
 O. Yazyev, A. J. Austin, R. Cammi, C. Pomelli, J. W. Ochterski, 
 R. L. Martin, K. Morokuma, V. G. Zakrzewski, G. A. Voth, 
 P. Salvador, J. J. Dannenberg, S. Dapprich, A. D. Daniels, 
 O. Farkas, J. B. Foresman, J. V. Ortiz, J. Cioslowski, 
 and D. J. Fox, Gaussian, Inc., Wallingford CT, 2013.
 
 ******************************************
 Gaussian 09:  ES64L-G09RevE.01 30-Nov-2015
                17-Feb-2017 
 ******************************************
 %chk=h12.chk
 ----------------------------------------------------------------------
 #rhf/gen scf(symm,tight,novaracc,noincfock,fulldiag) stable(crhf) gues
 s=read geom=nocrowd test
 ----------------------------------------------------------------------
 1/38=1/1;
 2/12=1,17=6,18=5,40=1/2;
 3/5=7,16=1,25=1,30=1,116=1/1,2,3;
 4/5=1,9=4/1;
 5/5=100002,15=2,16=1,32=2,38=6/2;
 8/6=1,10=90,11=11/1,4;
 9/8=4,13=1/2;
 6/7=2,8=2,9=2,10=2,28=1/1;
 99/5=1,9=1/99;
 ----------------------------------------------------------------------
 hf stability analysis of h12 triangular lattice, y= 0.9165423628436679
 7
 ----------------------------------------------------------------------
 Symbolic Z-matrix:
 Charge =  0 Multiplicity = 1
 H
 H                    1     1.11214 
 H                    1     1.11214  2     69. 
 H                    2     1.11214  1     111.     3     0.       0
 H                    2     1.11214  1     180.     3     0.       0
 H                    4     1.11214  3     180.     5     0.       0
 H                    6     1.11214  5     180.     3     0.       0
 H                    4     1.11214  2     180.     3     0.       0
 H                    3     1.11214  1     180.     4     0.       0
 H                    9     1.11214  3     180.     4     0.       0
 H                    8     1.11214  4     180.     3     0.       0
 H                    7     1.11214  6     180.     3     0.       0
 
                          Input orientation:                          
 ---------------------------------------------------------------------
 Center     Atomic      Atomic             Coordinates (Angstroms)
 Number     Number       Type             X           Y           Z
 ---------------------------------------------------------------------
      1          1           0        0.000000    0.000000    0.000000
      2          1           0        0.000000    0.000000    1.112138
      3          1           0        1.038271    0.000000    0.398555
      4          1           0        1.038271    0.000000    1.510693
      5          1           0        0.000000    0.000000    2.224277
      6          1           0        1.038271    0.000000    2.622831
      7          1           0        2.076541    0.000000    3.021386
      8          1           0        2.076541    0.000000    1.909248
      9          1           0        2.076541    0.000000    0.797109
     10          1           0        3.114812    0.000000    1.195664
     11          1           0        3.114812    0.000000    2.307803
     12          1           0        3.114812    0.000000    3.419941
 ---------------------------------------------------------------------
                    Distance matrix (angstroms):
                    1          2          3          4          5
     1  H    0.000000
     2  H    1.112138   0.000000
     3  H    1.112138   1.259844   0.000000
     4  H    1.833085   1.112138   1.112138   0.000000
     5  H    2.224277   1.112138   2.100302   1.259844   0.000000
     6  H    2.820860   1.833085   2.224277   1.112138   1.112138
     7  H    3.666169   2.820860   2.820860   1.833085   2.224277
     8  H    2.820860   2.224277   1.833085   1.112138   2.100302
     9  H    2.224277   2.100302   1.112138   1.259844   2.519688
    10  H    3.336415   3.115932   2.224277   2.100302   3.280259
    11  H    3.876597   3.336415   2.820860   2.224277   3.115932
    12  H    4.625802   3.876597   3.666169   2.820860   3.336415
                    6          7          8          9         10
     6  H    0.000000
     7  H    1.112138   0.000000
     8  H    1.259844   1.112138   0.000000
     9  H    2.100302   2.224277   1.112138   0.000000
    10  H    2.519688   2.100302   1.259844   1.112138   0.000000
    11  H    2.100302   1.259844   1.112138   1.833085   1.112138
    12  H    2.224277   1.112138   1.833085   2.820860   2.224277
                   11         12
    11  H    0.000000
    12  H    1.112138   0.000000
 Stoichiometry    H12
 Framework group  C2H[SGH(H12)]
 Deg. of freedom    11
 Full point group                 C2H     NOp   4
 Largest Abelian subgroup         C2H     NOp   4
 Largest concise Abelian subgroup C2      NOp   2
                         Standard orientation:                         
 ---------------------------------------------------------------------
 Center     Atomic      Atomic             Coordinates (Angstroms)
 Number     Number       Type             X           Y           Z
 ---------------------------------------------------------------------
      1          1           0        1.038271    2.066762   -0.000000
      2          1           0        0.000000    1.668208   -0.000000
      3          1           0        1.038271    0.954624   -0.000000
      4          1           0        0.000000    0.556069   -0.000000
      5          1           0       -1.038271    1.269653   -0.000000
      6          1           0       -1.038271    0.157514   -0.000000
      7          1           0       -1.038271   -0.954624   -0.000000
      8          1           0       -0.000000   -0.556069   -0.000000
      9          1           0        1.038271   -0.157514   -0.000000
     10          1           0        1.038271   -1.269653   -0.000000
     11          1           0       -0.000000   -1.668208   -0.000000
     12          1           0       -1.038271   -2.066762   -0.000000
 ---------------------------------------------------------------------
 Rotational constants (GHZ):     64.9663119     24.1911154     17.6273317
 General basis read from cards:  (5D, 7F)
 There are     6 symmetry adapted cartesian basis functions of AG  symmetry.
 There are     0 symmetry adapted cartesian basis functions of BG  symmetry.
 There are     0 symmetry adapted cartesian basis functions of AU  symmetry.
 There are     6 symmetry adapted cartesian basis functions of BU  symmetry.
 There are     6 symmetry adapted basis functions of AG  symmetry.
 There are     0 symmetry adapted basis functions of BG  symmetry.
 There are     0 symmetry adapted basis functions of AU  symmetry.
 There are     6 symmetry adapted basis functions of BU  symmetry.
    12 basis functions,   120 primitive gaussians,    12 cartesian basis functions
     6 alpha electrons        6 beta electrons
       nuclear repulsion energy        19.8700758926 Hartrees.
 NAtoms=   12 NActive=   12 NUniq=    6 SFac= 4.00D+00 NAtFMM=   60 NAOKFM=F Big=F
 Integral buffers will be    131072 words long.
 Regular integral format.
 Two-electron integral symmetry is turned on.
 One-electron integrals computed using PRISM.
 NBasis=    12 RedAO= T EigKep=  1.43D-01  NBF=     6     0     0     6
 NBsUse=    12 1.00D-06 EigRej= -1.00D+00 NBFU=     6     0     0     6
 Initial guess from the checkpoint file:  "h12.chk"
 B after Tr=    -0.000000    0.000000    0.000000
         Rot=    0.974509    0.000000    0.000000   -0.224348 Ang= -25.93 deg.
 Initial guess orbital symmetries:
       Occupied  (AG) (BU) (AG) (BU) (BU) (AG)
       Virtual   (BU) (AG) (BU) (AG) (AG) (BU)
 Keep R1 ints in memory in symmetry-blocked form, NReq=903966.
 Requested convergence on RMS density matrix=1.00D-08 within 128 cycles.
 Requested convergence on MAX density matrix=1.00D-06.
 Requested convergence on             energy=1.00D-06.
 No special actions if energy rises.
 SCF Done:  E(RHF) =  -5.84624583630     A.U. after   14 cycles
            NFock= 14  Conv=0.31D-08     -V/T= 1.9291
 Range of M.O.s used for correlation:     1    12
 NBasis=    12 NAE=     6 NBE=     6 NFC=     0 NFV=     0
 NROrb=     12 NOA=     6 NOB=     6 NVA=     6 NVB=     6
 Semi-Direct transformation.
 ModeAB=           4 MOrb=             6 LenV=     134084143
 LASXX=         2181 LTotXX=        2181 LenRXX=        5115
 LTotAB=        2934 MaxLAS=        3024 LenRXY=           0
 NonZer=        7296 LenScr=      655360 LnRSAI=        3024
 LnScr1=      655360 LExtra=           0 Total=      1318859
 MaxDsk=          -1 SrtSym=           T ITran=            3
 JobTyp=0 Pass  1:  I=   1 to   6.
 (rs|ai) integrals will be sorted in core.
 Spin components of T(2) and E(2):
     alpha-alpha T2 =       0.4923793865D-02 E2=     -0.7316080728D-02
     alpha-beta  T2 =       0.6584945512D-01 E2=     -0.1009792679D+00
     beta-beta   T2 =       0.4923793865D-02 E2=     -0.7316080728D-02
 ANorm=    0.1037158157D+01
 E2 =    -0.1156114293D+00 EUMP2 =    -0.59618572656067D+01
 Second order stability test of a single determinant RHF wave function:
 Stabil:  MDV=134217728
 ***********************************************************************
 Matrix         Lowest Root    Major Pairs
 ***********************************************************************
 Internal RHF     0.0558083    Stable
 RRHF --> CRHF    0.0176911    Stable
 RRHF --> RUHF   -0.0611582    6A=7B
 Not stable.
 ***********************************************************************

 **********************************************************************

            Population analysis using the SCF density.

 **********************************************************************

 Orbital symmetries:
       Occupied  (AG) (BU) (BU) (AG) (AG) (BU)
       Virtual   (AG) (BU) (BU) (AG) (AG) (BU)
 The electronic state is 1-AG.
 Alpha  occ. eigenvalues --   -0.99566  -0.79286  -0.66693  -0.54020  -0.42528
 Alpha  occ. eigenvalues --   -0.26267
 Alpha virt. eigenvalues --    0.02297   0.16980   0.27541   0.31760   0.57895
 Alpha virt. eigenvalues --    0.70557
          Condensed to atoms (all electrons):
               1          2          3          4          5          6
     1  H    1.238253   0.261223   0.055054  -0.219940  -0.082390   0.015098
     2  H    0.261223   0.672364  -0.023054  -0.116473   0.223859  -0.023059
     3  H    0.055054  -0.023054   0.781510   0.205146  -0.088167  -0.058085
     4  H   -0.219940  -0.116473   0.205146   1.112020   0.156781  -0.035461
     5  H   -0.082390   0.223859  -0.088167   0.156781   1.032687  -0.020234
     6  H    0.015098  -0.023059  -0.058085  -0.035461  -0.020234   0.778734
     7  H    0.008768  -0.009951   0.010749  -0.064113  -0.085971   0.198581
     8  H    0.037209  -0.038141  -0.064113  -0.223582  -0.098411   0.279970
     9  H   -0.093634  -0.071422   0.198581   0.279970  -0.013728  -0.072307
    10  H    0.008393   0.016043  -0.085971  -0.098411   0.014026  -0.013728
    11  H   -0.000182   0.010807  -0.009951  -0.038141   0.016043  -0.071422
    12  H   -0.002682  -0.000182   0.008768   0.037209   0.008393  -0.093634
               7          8          9         10         11         12
     1  H    0.008768   0.037209  -0.093634   0.008393  -0.000182  -0.002682
     2  H   -0.009951  -0.038141  -0.071422   0.016043   0.010807  -0.000182
     3  H    0.010749  -0.064113   0.198581  -0.085971  -0.009951   0.008768
     4  H   -0.064113  -0.223582   0.279970  -0.098411  -0.038141   0.037209
     5  H   -0.085971  -0.098411  -0.013728   0.014026   0.016043   0.008393
     6  H    0.198581   0.279970  -0.072307  -0.013728  -0.071422  -0.093634
     7  H    0.781510   0.205146  -0.058085  -0.088167  -0.023054   0.055054
     8  H    0.205146   1.112020  -0.035461   0.156781  -0.116473  -0.219940
     9  H   -0.058085  -0.035461   0.778734  -0.020234  -0.023059   0.015098
    10  H   -0.088167   0.156781  -0.020234   1.032687   0.223859  -0.082390
    11  H   -0.023054  -0.116473  -0.023059   0.223859   0.672364   0.261223
    12  H    0.055054  -0.219940   0.015098  -0.082390   0.261223   1.238253
 Mulliken charges:
               1
     1  H   -0.225171
     2  H    0.097985
     3  H    0.069532
     4  H    0.004995
     5  H   -0.062888
     6  H    0.115547
     7  H    0.069532
     8  H    0.004995
     9  H    0.115547
    10  H   -0.062888
    11  H    0.097985
    12  H   -0.225171
 Sum of Mulliken charges =   0.00000
 Mulliken charges with hydrogens summed into heavy atoms:
               1
 Electronic spatial extent (au):  <R**2>=            146.8196
 Charge=              0.0000 electrons
 Dipole moment (field-independent basis, Debye):
    X=             -0.0000    Y=              0.0000    Z=              0.0000  Tot=              0.0000
 Quadrupole moment (field-independent basis, Debye-Ang):
   XX=            -17.7166   YY=            -27.8853   ZZ=            -15.2359
   XY=             -4.0970   XZ=              0.0000   YZ=              0.0000
 Traceless Quadrupole moment (field-independent basis, Debye-Ang):
   XX=              2.5627   YY=             -7.6060   ZZ=              5.0434
   XY=             -4.0970   XZ=              0.0000   YZ=              0.0000
 Octapole moment (field-independent basis, Debye-Ang**2):
  XXX=             -0.0000  YYY=             -0.0000  ZZZ=              0.0000  XYY=             -0.0000
  XXY=             -0.0000  XXZ=              0.0000  XZZ=             -0.0000  YZZ=             -0.0000
  YYZ=              0.0000  XYZ=              0.0000
 Hexadecapole moment (field-independent basis, Debye-Ang**3):
 XXXX=            -91.8176 YYYY=           -262.4577 ZZZZ=            -18.0510 XXXY=            -21.0872
 XXXZ=             -0.0000 YYYX=            -39.9617 YYYZ=             -0.0000 ZZZX=             -0.0000
 ZZZY=              0.0000 XXYY=            -63.1885 XXZZ=            -18.1320 YYZZ=            -35.8923
 XXYZ=             -0.0000 YYXZ=              0.0000 ZZXY=             -5.4245
 N-N= 1.987007589258D+01 E-N=-5.035767007579D+01  KE= 6.292208650439D+00
 Symmetry AG   KE= 2.942276972493D+00
 Symmetry BG   KE= 0.000000000000D+00
 Symmetry AU   KE= 0.000000000000D+00
 Symmetry BU   KE= 3.349931677946D+00

 Test job not archived.
 1\1\GINC-SULU\Stability\RHF\Gen\H12\LCJ1\17-Feb-2017\0\\#rhf/gen scf(s
 ymm,tight,novaracc,noincfock,fulldiag) stable(crhf) guess=read geom=no
 crowd test\\hf stability analysis of h12 triangular lattice, y= 0.9165
 4236284366797\\0,1\H\H,1,1.1121383576\H,1,1.1121383576,2,69.\H,2,1.112
 1383576,1,111.,3,0.,0\H,2,1.1121383576,1,180.,3,0.,0\H,4,1.1121383576,
 3,180.,5,0.,0\H,6,1.1121383576,5,180.,3,0.,0\H,4,1.1121383576,2,180.,3
 ,0.,0\H,3,1.1121383576,1,180.,4,0.,0\H,9,1.1121383576,3,180.,4,0.,0\H,
 8,1.1121383576,4,180.,3,0.,0\H,7,1.1121383576,6,180.,3,0.,0\\Version=E
 S64L-G09RevE.01\State=1-AG\HF=-5.8462458\MP2=-5.9618573\RMSD=3.142e-09
 \Dipole=0.,0.,0.\Quadrupole=-2.6457675,3.7496162,-1.1038486,0.,-4.7930
 162,0.\PG=C02H [SGH(H12)]\\@


 AN AIRPLANE IS A COLLECTION OF SPARE PARTS
 FLYING IN CLOSE FORMATION.
 Job cpu time:       0 days  0 hours  0 minutes  1.1 seconds.
 File lengths (MBytes):  RWF=     84 Int=      0 D2E=      0 Chk=      2 Scr=      2
 Normal termination of Gaussian 09 at Fri Feb 17 15:03:49 2017.
