 Entering Gaussian System, Link 0=g09
 AtFile(1): H.gbs
            H     0
            S   10   1.00
               1000.000000000000            0.000068713567
                316.227766000000            0.000169141320
                100.000000000000            0.000823394812
                 31.622776600000            0.003425569236
                 10.000000000000            0.013951996000
                  3.162277660000            0.056909313560
                  1.000000000000            0.198286399900
                  0.316227766000            0.496922426700
                  0.100000000000            0.369846276400
                  0.031622776600            0.003752720039
            ****
 Initial command:
 /projects/guscus/apps/gau/g09-e1/g09/l1.exe "/users/lcj1/gaussian/h12/rhfstability/rect/guess/ag3bu3/Gau-13758.inp" -scrdir="/users/lcj1/gaussian/h12/rhfstability/rect/guess/ag3bu3/"
 Entering Link 1 = /projects/guscus/apps/gau/g09-e1/g09/l1.exe PID=     13759.
  
 Copyright (c) 1988,1990,1992,1993,1995,1998,2003,2009,2015,
            Gaussian, Inc.  All Rights Reserved.
  
 This is part of the Gaussian(R) 09 program.  It is based on
 the Gaussian(R) 03 system (copyright 2003, Gaussian, Inc.),
 the Gaussian(R) 98 system (copyright 1998, Gaussian, Inc.),
 the Gaussian(R) 94 system (copyright 1995, Gaussian, Inc.),
 the Gaussian 92(TM) system (copyright 1992, Gaussian, Inc.),
 the Gaussian 90(TM) system (copyright 1990, Gaussian, Inc.),
 the Gaussian 88(TM) system (copyright 1988, Gaussian, Inc.),
 the Gaussian 86(TM) system (copyright 1986, Carnegie Mellon
 University), and the Gaussian 82(TM) system (copyright 1983,
 Carnegie Mellon University). Gaussian is a federally registered
 trademark of Gaussian, Inc.
  
 This software contains proprietary and confidential information,
 including trade secrets, belonging to Gaussian, Inc.
  
 This software is provided under written license and may be
 used, copied, transmitted, or stored only in accord with that
 written license.
  
 The following legend is applicable only to US Government
 contracts under FAR:
  
                    RESTRICTED RIGHTS LEGEND
  
 Use, reproduction and disclosure by the US Government is
 subject to restrictions as set forth in subparagraphs (a)
 and (c) of the Commercial Computer Software - Restricted
 Rights clause in FAR 52.227-19.
  
 Gaussian, Inc.
 340 Quinnipiac St., Bldg. 40, Wallingford CT 06492
  
  
 ---------------------------------------------------------------
 Warning -- This program may not be used in any manner that
 competes with the business of Gaussian, Inc. or will provide
 assistance to any competitor of Gaussian, Inc.  The licensee
 of this program is prohibited from giving any competitor of
 Gaussian, Inc. access to this program.  By using this program,
 the user acknowledges that Gaussian, Inc. is engaged in the
 business of creating and licensing software in the field of
 computational chemistry and represents and warrants to the
 licensee that it is not a competitor of Gaussian, Inc. and that
 it will not use this program in any manner prohibited above.
 ---------------------------------------------------------------
  

 Cite this work as:
 Gaussian 09, Revision E.01,
 M. J. Frisch, G. W. Trucks, H. B. Schlegel, G. E. Scuseria, 
 M. A. Robb, J. R. Cheeseman, G. Scalmani, V. Barone, B. Mennucci, 
 G. A. Petersson, H. Nakatsuji, M. Caricato, X. Li, H. P. Hratchian, 
 A. F. Izmaylov, J. Bloino, G. Zheng, J. L. Sonnenberg, M. Hada, 
 M. Ehara, K. Toyota, R. Fukuda, J. Hasegawa, M. Ishida, T. Nakajima, 
 Y. Honda, O. Kitao, H. Nakai, T. Vreven, J. A. Montgomery, Jr., 
 J. E. Peralta, F. Ogliaro, M. Bearpark, J. J. Heyd, E. Brothers, 
 K. N. Kudin, V. N. Staroverov, T. Keith, R. Kobayashi, J. Normand, 
 K. Raghavachari, A. Rendell, J. C. Burant, S. S. Iyengar, J. Tomasi, 
 M. Cossi, N. Rega, J. M. Millam, M. Klene, J. E. Knox, J. B. Cross, 
 V. Bakken, C. Adamo, J. Jaramillo, R. Gomperts, R. E. Stratmann, 
 O. Yazyev, A. J. Austin, R. Cammi, C. Pomelli, J. W. Ochterski, 
 R. L. Martin, K. Morokuma, V. G. Zakrzewski, G. A. Voth, 
 P. Salvador, J. J. Dannenberg, S. Dapprich, A. D. Daniels, 
 O. Farkas, J. B. Foresman, J. V. Ortiz, J. Cioslowski, 
 and D. J. Fox, Gaussian, Inc., Wallingford CT, 2013.
 
 ******************************************
 Gaussian 09:  ES64L-G09RevE.01 30-Nov-2015
                17-Feb-2017 
 ******************************************
 %chk=h12.chk
 ----------------------------------------------------------------------
 #rhf/gen scf(symm,tight,novaracc,noincfock,fulldiag) stable(crhf) gues
 s=read geom=nocrowd test
 ----------------------------------------------------------------------
 1/38=1/1;
 2/12=1,17=6,18=5,40=1/2;
 3/5=7,16=1,25=1,30=1,116=1/1,2,3;
 4/5=1,9=4/1;
 5/5=100002,15=2,16=1,32=2,38=6/2;
 8/6=1,10=90,11=11/1,4;
 9/8=4,13=1/2;
 6/7=2,8=2,9=2,10=2,28=1/1;
 99/5=1,9=1/99;
 ----------------------------------------------------------------------
 hf stability analysis of h12 triangular lattice, y= 2.0596822134404817
 ----------------------------------------------------------------------
 Symbolic Z-matrix:
 Charge =  0 Multiplicity = 1
 H
 H                    1     2.07867 
 H                    1     2.07867  2     15.5 
 H                    2     2.07867  1     164.5    3     0.       0
 H                    2     2.07867  1     180.     3     0.       0
 H                    4     2.07867  3     180.     5     0.       0
 H                    6     2.07867  5     180.     3     0.       0
 H                    4     2.07867  2     180.     3     0.       0
 H                    3     2.07867  1     180.     4     0.       0
 H                    9     2.07867  3     180.     4     0.       0
 H                    8     2.07867  4     180.     3     0.       0
 H                    7     2.07867  6     180.     3     0.       0
 
                          Input orientation:                          
 ---------------------------------------------------------------------
 Center     Atomic      Atomic             Coordinates (Angstroms)
 Number     Number       Type             X           Y           Z
 ---------------------------------------------------------------------
      1          1           0        0.000000    0.000000    0.000000
      2          1           0        0.000000    0.000000    2.078669
      3          1           0        0.555500    0.000000    2.003069
      4          1           0        0.555500    0.000000    4.081738
      5          1           0        0.000000    0.000000    4.157338
      6          1           0        0.555500    0.000000    6.160407
      7          1           0        1.111000    0.000000    8.163475
      8          1           0        1.111000    0.000000    6.084806
      9          1           0        1.111000    0.000000    4.006137
     10          1           0        1.666500    0.000000    6.009206
     11          1           0        1.666500    0.000000    8.087875
     12          1           0        1.666500    0.000000   10.166544
 ---------------------------------------------------------------------
                    Distance matrix (angstroms):
                    1          2          3          4          5
     1  H    0.000000
     2  H    2.078669   0.000000
     3  H    2.078669   0.560621   0.000000
     4  H    4.119364   2.078669   2.078669   0.000000
     5  H    4.157338   2.078669   2.224737   0.560621   0.000000
     6  H    6.185401   4.119364   4.157338   2.078669   2.078669
     7  H    8.238729   6.185401   6.185401   4.119364   4.157338
     8  H    6.185401   4.157338   4.119364   2.078669   2.224737
     9  H    4.157338   2.224737   2.078669   0.560621   1.121242
    10  H    6.236007   4.269233   4.157338   2.224737   2.491313
    11  H    8.257781   6.236007   6.185401   4.157338   4.269233
    12  H   10.302225   8.257781   8.238729   6.185401   6.236007
                    6          7          8          9         10
     6  H    0.000000
     7  H    2.078669   0.000000
     8  H    0.560621   2.078669   0.000000
     9  H    2.224737   4.157338   2.078669   0.000000
    10  H    1.121242   2.224737   0.560621   2.078669   0.000000
    11  H    2.224737   0.560621   2.078669   4.119364   2.078669
    12  H    4.157338   2.078669   4.119364   6.185401   4.157338
                   11         12
    11  H    0.000000
    12  H    2.078669   0.000000
 Stoichiometry    H12
 Framework group  C2H[SGH(H12)]
 Deg. of freedom    11
 Full point group                 C2H     NOp   4
 Largest Abelian subgroup         C2H     NOp   4
 Largest concise Abelian subgroup C2      NOp   2
                         Standard orientation:                         
 ---------------------------------------------------------------------
 Center     Atomic      Atomic             Coordinates (Angstroms)
 Number     Number       Type             X           Y           Z
 ---------------------------------------------------------------------
      1          1           0        0.555500    5.121072    0.000000
      2          1           0       -0.000000    3.118003    0.000000
      3          1           0        0.555500    3.042403    0.000000
      4          1           0       -0.000000    1.039334    0.000000
      5          1           0       -0.555500    1.114935    0.000000
      6          1           0       -0.555500   -0.963734    0.000000
      7          1           0       -0.555500   -3.042403   -0.000000
      8          1           0       -0.000000   -1.039334   -0.000000
      9          1           0        0.555500    0.963734    0.000000
     10          1           0        0.555500   -1.114935    0.000000
     11          1           0       -0.000000   -3.118003   -0.000000
     12          1           0       -0.555500   -5.121072   -0.000000
 ---------------------------------------------------------------------
 Rotational constants (GHZ):    306.3354245      5.1303460      5.0458408
 General basis read from cards:  (5D, 7F)
 There are     6 symmetry adapted cartesian basis functions of AG  symmetry.
 There are     0 symmetry adapted cartesian basis functions of BG  symmetry.
 There are     0 symmetry adapted cartesian basis functions of AU  symmetry.
 There are     6 symmetry adapted cartesian basis functions of BU  symmetry.
 There are     6 symmetry adapted basis functions of AG  symmetry.
 There are     0 symmetry adapted basis functions of BG  symmetry.
 There are     0 symmetry adapted basis functions of AU  symmetry.
 There are     6 symmetry adapted basis functions of BU  symmetry.
    12 basis functions,   120 primitive gaussians,    12 cartesian basis functions
     6 alpha electrons        6 beta electrons
       nuclear repulsion energy        16.2655745877 Hartrees.
 NAtoms=   12 NActive=   12 NUniq=    6 SFac= 4.00D+00 NAtFMM=   60 NAOKFM=F Big=F
 Integral buffers will be    131072 words long.
 Regular integral format.
 Two-electron integral symmetry is turned on.
 One-electron integrals computed using PRISM.
 NBasis=    12 RedAO= T EigKep=  4.99D-02  NBF=     6     0     0     6
 NBsUse=    12 1.00D-06 EigRej= -1.00D+00 NBFU=     6     0     0     6
 Initial guess from the checkpoint file:  "h12.chk"
 B after Tr=    -0.000000    0.000000   -0.000000
         Rot=    0.962979   -0.000000    0.000000   -0.269578 Ang= -31.28 deg.
 Initial guess orbital symmetries:
       Occupied  (AG) (BU) (AG) (BU) (BU) (AG)
       Virtual   (BU) (AG) (BU) (AG) (AG) (BU)
 Keep R1 ints in memory in symmetry-blocked form, NReq=895020.
 Requested convergence on RMS density matrix=1.00D-08 within 128 cycles.
 Requested convergence on MAX density matrix=1.00D-06.
 Requested convergence on             energy=1.00D-06.
 No special actions if energy rises.
 Rare condition: small coef for last iteration:  0.000D+00
 SCF Done:  E(RHF) =  -5.14572506818     A.U. after   19 cycles
            NFock= 19  Conv=0.76D-08     -V/T= 1.8062
 Range of M.O.s used for correlation:     1    12
 NBasis=    12 NAE=     6 NBE=     6 NFC=     0 NFV=     0
 NROrb=     12 NOA=     6 NOB=     6 NVA=     6 NVB=     6

 **** Warning!!: The smallest alpha delta epsilon is  0.51914283D-01

 Semi-Direct transformation.
 ModeAB=           4 MOrb=             6 LenV=     134093495
 LASXX=         2181 LTotXX=        2181 LenRXX=        5115
 LTotAB=        2934 MaxLAS=        3024 LenRXY=           0
 NonZer=        7296 LenScr=      655360 LnRSAI=        3024
 LnScr1=      655360 LExtra=           0 Total=      1318859
 MaxDsk=          -1 SrtSym=           T ITran=            3
 JobTyp=0 Pass  1:  I=   1 to   6.
 (rs|ai) integrals will be sorted in core.
 Spin components of T(2) and E(2):
     alpha-alpha T2 =       0.4811980053D-02 E2=     -0.4153962578D-02
     alpha-beta  T2 =       0.7777232690D+01 E2=     -0.8737001405D+00
     beta-beta   T2 =       0.4811980053D-02 E2=     -0.4153962578D-02
 ANorm=    0.2964263256D+01
 E2 =    -0.8820080657D+00 EUMP2 =    -0.60277331338643D+01
 Second order stability test of a single determinant RHF wave function:
 Stabil:  MDV=134217728
 ***********************************************************************
 Matrix         Lowest Root    Major Pairs
 ***********************************************************************
 Internal RHF     0.0096154    Stable
 RRHF --> CRHF    0.0001596    Stable
 RRHF --> RUHF   -0.5769517    6A=7B
 Not stable.
 ***********************************************************************

 **********************************************************************

            Population analysis using the SCF density.

 **********************************************************************

 Orbital symmetries:
       Occupied  (AG) (BU) (AG) (BU) (BU) (AG)
       Virtual   (BU) (AG) (BU) (AG) (AG) (BU)
 The electronic state is 1-AG.
 Alpha  occ. eigenvalues --   -0.90759  -0.86117  -0.69716  -0.69449  -0.26493
 Alpha  occ. eigenvalues --   -0.20143
 Alpha virt. eigenvalues --   -0.14951   0.04731   0.55609   0.56241   1.16036
 Alpha virt. eigenvalues --    1.31640
          Condensed to atoms (all electrons):
               1          2          3          4          5          6
     1  H    1.050552  -0.021414  -0.024147   0.000212   0.000794   0.000018
     2  H   -0.021414   0.588012   0.486386  -0.027857   0.000545   0.000832
     3  H   -0.024147   0.486386   0.585099  -0.027639  -0.022549  -0.000646
     4  H    0.000212  -0.027857  -0.027639   1.102935   0.219467  -0.016640
     5  H    0.000794   0.000545  -0.022549   0.219467   1.016530   0.191044
     6  H    0.000018   0.000832  -0.000646  -0.016640   0.191044   1.081102
     7  H   -0.000001   0.000004   0.000002   0.000215   0.000810   0.003161
     8  H    0.000006   0.000204   0.000215  -0.030902  -0.009542   0.226305
     9  H   -0.000684  -0.021191   0.003161   0.226305  -0.508802  -0.174281
    10  H   -0.000012  -0.000475   0.000810  -0.009542  -0.115856  -0.508802
    11  H   -0.000001   0.000001   0.000004   0.000204  -0.000475  -0.021191
    12  H    0.000000  -0.000001  -0.000001   0.000006  -0.000012  -0.000684
               7          8          9         10         11         12
     1  H   -0.000001   0.000006  -0.000684  -0.000012  -0.000001   0.000000
     2  H    0.000004   0.000204  -0.021191  -0.000475   0.000001  -0.000001
     3  H    0.000002   0.000215   0.003161   0.000810   0.000004  -0.000001
     4  H    0.000215  -0.030902   0.226305  -0.009542   0.000204   0.000006
     5  H    0.000810  -0.009542  -0.508802  -0.115856  -0.000475  -0.000012
     6  H    0.003161   0.226305  -0.174281  -0.508802  -0.021191  -0.000684
     7  H    0.585099  -0.027639  -0.000646  -0.022549   0.486386  -0.024147
     8  H   -0.027639   1.102935  -0.016640   0.219467  -0.027857   0.000212
     9  H   -0.000646  -0.016640   1.081102   0.191044   0.000832   0.000018
    10  H   -0.022549   0.219467   0.191044   1.016530   0.000545   0.000794
    11  H    0.486386  -0.027857   0.000832   0.000545   0.588012  -0.021414
    12  H   -0.024147   0.000212   0.000018   0.000794  -0.021414   1.050552
 Mulliken charges:
               1
     1  H   -0.005322
     2  H   -0.005047
     3  H   -0.000695
     4  H   -0.436764
     5  H    0.228047
     6  H    0.219780
     7  H   -0.000695
     8  H   -0.436764
     9  H    0.219780
    10  H    0.228047
    11  H   -0.005047
    12  H   -0.005322
 Sum of Mulliken charges =  -0.00000
 Mulliken charges with hydrogens summed into heavy atoms:
               1
 Electronic spatial extent (au):  <R**2>=            392.9904
 Charge=             -0.0000 electrons
 Dipole moment (field-independent basis, Debye):
    X=              0.0000    Y=              0.0000    Z=              0.0000  Tot=              0.0000
 Quadrupole moment (field-independent basis, Debye-Ang):
   XX=            -16.4215   YY=            -19.3129   ZZ=            -15.5092
   XY=             -0.6724   XZ=             -0.0000   YZ=             -0.0000
 Traceless Quadrupole moment (field-independent basis, Debye-Ang):
   XX=              0.6597   YY=             -2.2317   ZZ=              1.5720
   XY=             -0.6724   XZ=             -0.0000   YZ=             -0.0000
 Octapole moment (field-independent basis, Debye-Ang**2):
  XXX=              0.0000  YYY=              0.0000  ZZZ=              0.0000  XYY=              0.0000
  XXY=              0.0000  XXZ=              0.0000  XZZ=              0.0000  YZZ=              0.0000
  YYZ=              0.0000  XYZ=             -0.0000
 Hexadecapole moment (field-independent basis, Debye-Ang**3):
 XXXX=            -41.4931 YYYY=           -950.3657 ZZZZ=            -18.8515 XXXY=            -35.0115
 XXXZ=             -0.0000 YYYX=            -54.7156 YYYZ=             -0.0000 ZZZX=             -0.0000
 ZZZY=             -0.0000 XXYY=           -137.4681 XXZZ=            -10.0271 YYZZ=           -136.0135
 XXYZ=             -0.0000 YYXZ=             -0.0000 ZZXY=            -12.0276
 N-N= 1.626557458774D+01 E-N=-4.195169234467D+01  KE= 6.382620027022D+00
 Symmetry AG   KE= 2.733953016717D+00
 Symmetry BG   KE= 0.000000000000D+00
 Symmetry AU   KE= 0.000000000000D+00
 Symmetry BU   KE= 3.648667010305D+00

 Test job not archived.
 1\1\GINC-SULU\Stability\RHF\Gen\H12\LCJ1\17-Feb-2017\0\\#rhf/gen scf(s
 ymm,tight,novaracc,noincfock,fulldiag) stable(crhf) guess=read geom=no
 crowd test\\hf stability analysis of h12 triangular lattice, y= 2.0596
 822134404817\\0,1\H\H,1,2.078668978\H,1,2.078668978,2,15.5\H,2,2.07866
 8978,1,164.5,3,0.,0\H,2,2.078668978,1,180.,3,0.,0\H,4,2.078668978,3,18
 0.,5,0.,0\H,6,2.078668978,5,180.,3,0.,0\H,4,2.078668978,2,180.,3,0.,0\
 H,3,2.078668978,1,180.,4,0.,0\H,9,2.078668978,3,180.,4,0.,0\H,8,2.0786
 68978,4,180.,3,0.,0\H,7,2.078668978,6,180.,3,0.,0\\Version=ES64L-G09Re
 vE.01\State=1-AG\HF=-5.1457251\MP2=-6.0277331\RMSD=7.615e-09\Dipole=0.
 ,0.,0.\Quadrupole=0.5944372,1.1687193,-1.7631564,0.,-0.1250634,0.\PG=C
 02H [SGH(H12)]\\@


 ONE THORN OF EXPERIENCE IS WORTH A WHOLE WILDERNESS OF
 WARNING....  LOWELL - AMONG MY BOOKS
 Job cpu time:       0 days  0 hours  0 minutes  0.9 seconds.
 File lengths (MBytes):  RWF=     84 Int=      0 D2E=      0 Chk=      2 Scr=      2
 Normal termination of Gaussian 09 at Fri Feb 17 15:09:18 2017.
