 Entering Gaussian System, Link 0=g09
 AtFile(1): H.gbs
            H     0
            S   10   1.00
               1000.000000000000            0.000068713567
                316.227766000000            0.000169141320
                100.000000000000            0.000823394812
                 31.622776600000            0.003425569236
                 10.000000000000            0.013951996000
                  3.162277660000            0.056909313560
                  1.000000000000            0.198286399900
                  0.316227766000            0.496922426700
                  0.100000000000            0.369846276400
                  0.031622776600            0.003752720039
            ****
 Initial command:
 /projects/guscus/apps/gau/g09-e1/g09/l1.exe "/users/lcj1/gaussian/h12/rhfstability/rect/guess/ag3bu3/Gau-10641.inp" -scrdir="/users/lcj1/gaussian/h12/rhfstability/rect/guess/ag3bu3/"
 Entering Link 1 = /projects/guscus/apps/gau/g09-e1/g09/l1.exe PID=     10642.
  
 Copyright (c) 1988,1990,1992,1993,1995,1998,2003,2009,2015,
            Gaussian, Inc.  All Rights Reserved.
  
 This is part of the Gaussian(R) 09 program.  It is based on
 the Gaussian(R) 03 system (copyright 2003, Gaussian, Inc.),
 the Gaussian(R) 98 system (copyright 1998, Gaussian, Inc.),
 the Gaussian(R) 94 system (copyright 1995, Gaussian, Inc.),
 the Gaussian 92(TM) system (copyright 1992, Gaussian, Inc.),
 the Gaussian 90(TM) system (copyright 1990, Gaussian, Inc.),
 the Gaussian 88(TM) system (copyright 1988, Gaussian, Inc.),
 the Gaussian 86(TM) system (copyright 1986, Carnegie Mellon
 University), and the Gaussian 82(TM) system (copyright 1983,
 Carnegie Mellon University). Gaussian is a federally registered
 trademark of Gaussian, Inc.
  
 This software contains proprietary and confidential information,
 including trade secrets, belonging to Gaussian, Inc.
  
 This software is provided under written license and may be
 used, copied, transmitted, or stored only in accord with that
 written license.
  
 The following legend is applicable only to US Government
 contracts under FAR:
  
                    RESTRICTED RIGHTS LEGEND
  
 Use, reproduction and disclosure by the US Government is
 subject to restrictions as set forth in subparagraphs (a)
 and (c) of the Commercial Computer Software - Restricted
 Rights clause in FAR 52.227-19.
  
 Gaussian, Inc.
 340 Quinnipiac St., Bldg. 40, Wallingford CT 06492
  
  
 ---------------------------------------------------------------
 Warning -- This program may not be used in any manner that
 competes with the business of Gaussian, Inc. or will provide
 assistance to any competitor of Gaussian, Inc.  The licensee
 of this program is prohibited from giving any competitor of
 Gaussian, Inc. access to this program.  By using this program,
 the user acknowledges that Gaussian, Inc. is engaged in the
 business of creating and licensing software in the field of
 computational chemistry and represents and warrants to the
 licensee that it is not a competitor of Gaussian, Inc. and that
 it will not use this program in any manner prohibited above.
 ---------------------------------------------------------------
  

 Cite this work as:
 Gaussian 09, Revision E.01,
 M. J. Frisch, G. W. Trucks, H. B. Schlegel, G. E. Scuseria, 
 M. A. Robb, J. R. Cheeseman, G. Scalmani, V. Barone, B. Mennucci, 
 G. A. Petersson, H. Nakatsuji, M. Caricato, X. Li, H. P. Hratchian, 
 A. F. Izmaylov, J. Bloino, G. Zheng, J. L. Sonnenberg, M. Hada, 
 M. Ehara, K. Toyota, R. Fukuda, J. Hasegawa, M. Ishida, T. Nakajima, 
 Y. Honda, O. Kitao, H. Nakai, T. Vreven, J. A. Montgomery, Jr., 
 J. E. Peralta, F. Ogliaro, M. Bearpark, J. J. Heyd, E. Brothers, 
 K. N. Kudin, V. N. Staroverov, T. Keith, R. Kobayashi, J. Normand, 
 K. Raghavachari, A. Rendell, J. C. Burant, S. S. Iyengar, J. Tomasi, 
 M. Cossi, N. Rega, J. M. Millam, M. Klene, J. E. Knox, J. B. Cross, 
 V. Bakken, C. Adamo, J. Jaramillo, R. Gomperts, R. E. Stratmann, 
 O. Yazyev, A. J. Austin, R. Cammi, C. Pomelli, J. W. Ochterski, 
 R. L. Martin, K. Morokuma, V. G. Zakrzewski, G. A. Voth, 
 P. Salvador, J. J. Dannenberg, S. Dapprich, A. D. Daniels, 
 O. Farkas, J. B. Foresman, J. V. Ortiz, J. Cioslowski, 
 and D. J. Fox, Gaussian, Inc., Wallingford CT, 2013.
 
 ******************************************
 Gaussian 09:  ES64L-G09RevE.01 30-Nov-2015
                17-Feb-2017 
 ******************************************
 %chk=h12.chk
 ----------------------------------------------------------------------
 #rhf/gen scf(symm,tight,novaracc,noincfock,fulldiag) stable(crhf) gues
 s=read geom=nocrowd test
 ----------------------------------------------------------------------
 1/38=1/1;
 2/12=1,17=6,18=5,40=1/2;
 3/5=7,16=1,25=1,30=1,116=1/1,2,3;
 4/5=1,9=4/1;
 5/5=100002,15=2,16=1,32=2,38=6/2;
 8/6=1,10=90,11=11/1,4;
 9/8=4,13=1/2;
 6/7=2,8=2,9=2,10=2,28=1/1;
 99/5=1,9=1/99;
 ----------------------------------------------------------------------
 hf stability analysis of h12 triangular lattice, y= 0.3231128888021356
 2
 ----------------------------------------------------------------------
 Symbolic Z-matrix:
 Charge =  0 Multiplicity = 1
 H
 H                    1     1.81582 
 H                    1     1.81582  2     159.5 
 H                    2     1.81582  1     20.5     3     0.       0
 H                    2     1.81582  1     180.     3     0.       0
 H                    4     1.81582  3     180.     5     0.       0
 H                    6     1.81582  5     180.     3     0.       0
 H                    4     1.81582  2     180.     3     0.       0
 H                    3     1.81582  1     180.     4     0.       0
 H                    9     1.81582  3     180.     4     0.       0
 H                    8     1.81582  4     180.     3     0.       0
 H                    7     1.81582  6     180.     3     0.       0
 
                          Input orientation:                          
 ---------------------------------------------------------------------
 Center     Atomic      Atomic             Coordinates (Angstroms)
 Number     Number       Type             X           Y           Z
 ---------------------------------------------------------------------
      1          1           0        0.000000    0.000000    0.000000
      2          1           0        0.000000    0.000000    1.815817
      3          1           0        0.635912    0.000000   -1.700825
      4          1           0        0.635912    0.000000    0.114992
      5          1           0        0.000000    0.000000    3.631634
      6          1           0        0.635912    0.000000    1.930809
      7          1           0        1.271825    0.000000    0.229983
      8          1           0        1.271825    0.000000   -1.585833
      9          1           0        1.271825    0.000000   -3.401650
     10          1           0        1.907737    0.000000   -5.102475
     11          1           0        1.907737    0.000000   -3.286658
     12          1           0        1.907737    0.000000   -1.470842
 ---------------------------------------------------------------------
                    Distance matrix (angstroms):
                    1          2          3          4          5
     1  H    0.000000
     2  H    1.815817   0.000000
     3  H    1.815817   3.573675   0.000000
     4  H    0.646226   1.815817   1.815817   0.000000
     5  H    3.631634   1.815817   5.370242   3.573675   0.000000
     6  H    2.032832   0.646226   3.631634   1.815817   1.815817
     7  H    1.292452   2.032832   2.032832   0.646226   3.631634
     8  H    2.032832   3.631634   0.646226   1.815817   5.370242
     9  H    3.631634   5.370242   1.815817   3.573675   7.147351
    10  H    5.447450   7.176505   3.631634   5.370242   8.940029
    11  H    3.800209   5.447450   2.032832   3.631634   7.176505
    12  H    2.408908   3.800209   1.292452   2.032832   5.447450
                    6          7          8          9         10
     6  H    0.000000
     7  H    1.815817   0.000000
     8  H    3.573675   1.815817   0.000000
     9  H    5.370242   3.631634   1.815817   0.000000
    10  H    7.147351   5.370242   3.573675   1.815817   0.000000
    11  H    5.370242   3.573675   1.815817   0.646226   1.815817
    12  H    3.631634   1.815817   0.646226   2.032832   3.631634
                   11         12
    11  H    0.000000
    12  H    1.815817   0.000000
 Stoichiometry    H12
 Framework group  C2H[SGH(H12)]
 Deg. of freedom    11
 Full point group                 C2H     NOp   4
 Largest Abelian subgroup         C2H     NOp   4
 Largest concise Abelian subgroup C2      NOp   2
                         Standard orientation:                         
 ---------------------------------------------------------------------
 Center     Atomic      Atomic             Coordinates (Angstroms)
 Number     Number       Type             X           Y           Z
 ---------------------------------------------------------------------
      1          1           0        0.635912    1.022900   -0.000000
      2          1           0        0.000000    2.723725    0.000000
      3          1           0        0.635912   -0.792917   -0.000000
      4          1           0        0.000000    0.907908    0.000000
      5          1           0       -0.635912    4.424550    0.000000
      6          1           0       -0.635912    2.608734    0.000000
      7          1           0       -0.635912    0.792917   -0.000000
      8          1           0       -0.000000   -0.907908    0.000000
      9          1           0        0.635912   -2.608734    0.000000
     10          1           0        0.635912   -4.424550    0.000000
     11          1           0       -0.000000   -2.723725    0.000000
     12          1           0       -0.635912   -1.022900    0.000000
 ---------------------------------------------------------------------
 Rotational constants (GHZ):    230.8678771      6.8073901      6.6124158
 General basis read from cards:  (5D, 7F)
 There are     6 symmetry adapted cartesian basis functions of AG  symmetry.
 There are     0 symmetry adapted cartesian basis functions of BG  symmetry.
 There are     0 symmetry adapted cartesian basis functions of AU  symmetry.
 There are     6 symmetry adapted cartesian basis functions of BU  symmetry.
 There are     6 symmetry adapted basis functions of AG  symmetry.
 There are     0 symmetry adapted basis functions of BG  symmetry.
 There are     0 symmetry adapted basis functions of AU  symmetry.
 There are     6 symmetry adapted basis functions of BU  symmetry.
    12 basis functions,   120 primitive gaussians,    12 cartesian basis functions
     6 alpha electrons        6 beta electrons
       nuclear repulsion energy        16.6882802405 Hartrees.
 NAtoms=   12 NActive=   12 NUniq=    6 SFac= 4.00D+00 NAtFMM=   60 NAOKFM=F Big=F
 Integral buffers will be    131072 words long.
 Regular integral format.
 Two-electron integral symmetry is turned on.
 One-electron integrals computed using PRISM.
 NBasis=    12 RedAO= T EigKep=  7.20D-02  NBF=     6     0     0     6
 NBsUse=    12 1.00D-06 EigRej= -1.00D+00 NBFU=     6     0     0     6
 Initial guess from the checkpoint file:  "h12.chk"
 B after Tr=     0.000000    0.000000    0.000000
         Rot=    0.999585   -0.000000    0.000000    0.028806 Ang=   3.30 deg.
 Initial guess orbital symmetries:
       Occupied  (AG) (BU) (AG) (BU) (BU) (AG)
       Virtual   (BU) (AG) (BU) (AG) (AG) (BU)
 Keep R1 ints in memory in symmetry-blocked form, NReq=896574.
 Requested convergence on RMS density matrix=1.00D-08 within 128 cycles.
 Requested convergence on MAX density matrix=1.00D-06.
 Requested convergence on             energy=1.00D-06.
 No special actions if energy rises.
 SCF Done:  E(RHF) =  -5.55421887291     A.U. after   12 cycles
            NFock= 12  Conv=0.77D-09     -V/T= 1.8818
 Range of M.O.s used for correlation:     1    12
 NBasis=    12 NAE=     6 NBE=     6 NFC=     0 NFV=     0
 NROrb=     12 NOA=     6 NOB=     6 NVA=     6 NVB=     6

 **** Warning!!: The smallest alpha delta epsilon is  0.61108800D-01

 Semi-Direct transformation.
 ModeAB=           4 MOrb=             6 LenV=     134090737
 LASXX=         2181 LTotXX=        2181 LenRXX=        5115
 LTotAB=        2934 MaxLAS=        3024 LenRXY=           0
 NonZer=        7296 LenScr=      655360 LnRSAI=        3024
 LnScr1=      655360 LExtra=           0 Total=      1318859
 MaxDsk=          -1 SrtSym=           T ITran=            3
 JobTyp=0 Pass  1:  I=   1 to   6.
 (rs|ai) integrals will be sorted in core.
 Spin components of T(2) and E(2):
     alpha-alpha T2 =       0.5470944966D-02 E2=     -0.4851416575D-02
     alpha-beta  T2 =       0.5401976582D+01 E2=     -0.7228984000D+00
     beta-beta   T2 =       0.5470944966D-02 E2=     -0.4851416575D-02
 ANorm=    0.2532374078D+01
 E2 =    -0.7326012331D+00 EUMP2 =    -0.62868201060472D+01
 Second order stability test of a single determinant RHF wave function:
 Stabil:  MDV=134217728
 ***********************************************************************
 Matrix         Lowest Root    Major Pairs
 ***********************************************************************
 Internal RHF     0.0594171    Stable
 RRHF --> CRHF    0.0011071    Stable
 RRHF --> RUHF   -0.5665734    6A=7B
 Not stable.
 ***********************************************************************

 **********************************************************************

            Population analysis using the SCF density.

 **********************************************************************

 Orbital symmetries:
       Occupied  (AG) (BU) (AG) (BU) (BU) (AG)
       Virtual   (BU) (AG) (BU) (AG) (AG) (BU)
 The electronic state is 1-AG.
 Alpha  occ. eigenvalues --   -0.89003  -0.80206  -0.66934  -0.65003  -0.32831
 Alpha  occ. eigenvalues --   -0.18936
 Alpha virt. eigenvalues --   -0.12825   0.03611   0.48850   0.50683   0.90827
 Alpha virt. eigenvalues --    1.10901
          Condensed to atoms (all electrons):
               1          2          3          4          5          6
     1  H    0.844982  -0.006626   0.198529   0.258723   0.000385  -0.035567
     2  H   -0.006626   0.644250   0.002473  -0.053040  -0.039818   0.498464
     3  H    0.198529   0.002473   0.960133  -0.034674   0.000063  -0.001416
     4  H    0.258723  -0.053040  -0.034674   0.974013   0.000305  -0.051675
     5  H    0.000385  -0.039818   0.000063   0.000305   1.095831  -0.040078
     6  H   -0.035567   0.498464  -0.001416  -0.051675  -0.040078   0.628679
     7  H   -0.312192  -0.039933  -0.187576   0.281949  -0.000079  -0.008611
     8  H   -0.019056   0.000833   0.281949  -0.059923   0.000062   0.000816
     9  H    0.002070   0.000044  -0.008611   0.000816  -0.000011   0.000028
    10  H   -0.000001  -0.000010  -0.000079   0.000062   0.000003  -0.000011
    11  H   -0.001019   0.000022  -0.039933   0.000833  -0.000010   0.000044
    12  H   -0.102264  -0.001019  -0.312192  -0.019056  -0.000001   0.002070
               7          8          9         10         11         12
     1  H   -0.312192  -0.019056   0.002070  -0.000001  -0.001019  -0.102264
     2  H   -0.039933   0.000833   0.000044  -0.000010   0.000022  -0.001019
     3  H   -0.187576   0.281949  -0.008611  -0.000079  -0.039933  -0.312192
     4  H    0.281949  -0.059923   0.000816   0.000062   0.000833  -0.019056
     5  H   -0.000079   0.000062  -0.000011   0.000003  -0.000010  -0.000001
     6  H   -0.008611   0.000816   0.000028  -0.000011   0.000044   0.002070
     7  H    0.960133  -0.034674  -0.001416   0.000063   0.002473   0.198529
     8  H   -0.034674   0.974013  -0.051675   0.000305  -0.053040   0.258723
     9  H   -0.001416  -0.051675   0.628679  -0.040078   0.498464  -0.035567
    10  H    0.000063   0.000305  -0.040078   1.095831  -0.039818   0.000385
    11  H    0.002473  -0.053040   0.498464  -0.039818   0.644250  -0.006626
    12  H    0.198529   0.258723  -0.035567   0.000385  -0.006626   0.844982
 Mulliken charges:
               1
     1  H    0.172035
     2  H   -0.005640
     3  H    0.141334
     4  H   -0.298333
     5  H   -0.016652
     6  H    0.007256
     7  H    0.141334
     8  H   -0.298333
     9  H    0.007256
    10  H   -0.016652
    11  H   -0.005640
    12  H    0.172035
 Sum of Mulliken charges =  -0.00000
 Mulliken charges with hydrogens summed into heavy atoms:
               1
 Electronic spatial extent (au):  <R**2>=            310.2419
 Charge=             -0.0000 electrons
 Dipole moment (field-independent basis, Debye):
    X=              0.0000    Y=             -0.0000    Z=             -0.0000  Tot=              0.0000
 Quadrupole moment (field-independent basis, Debye-Ang):
   XX=            -16.0042   YY=            -21.5982   ZZ=            -15.4307
   XY=              1.4006   XZ=              0.0000   YZ=             -0.0000
 Traceless Quadrupole moment (field-independent basis, Debye-Ang):
   XX=              1.6735   YY=             -3.9205   ZZ=              2.2470
   XY=              1.4006   XZ=              0.0000   YZ=             -0.0000
 Octapole moment (field-independent basis, Debye-Ang**2):
  XXX=              0.0000  YYY=             -0.0000  ZZZ=             -0.0000  XYY=              0.0000
  XXY=              0.0000  XXZ=             -0.0000  XZZ=              0.0000  YZZ=             -0.0000
  YYZ=             -0.0000  XYZ=              0.0000
 Hexadecapole moment (field-independent basis, Debye-Ang**3):
 XXXX=            -46.5861 YYYY=           -778.7281 ZZZZ=            -18.6197 XXXY=             34.4200
 XXXZ=              0.0000 YYYX=             63.5219 YYYZ=             -0.0000 ZZZX=              0.0000
 ZZZY=             -0.0000 XXYY=           -107.5106 XXZZ=            -10.8693 YYZZ=           -103.5614
 XXYZ=             -0.0000 YYXZ=              0.0000 ZZXY=             11.7870
 N-N= 1.668828024050D+01 E-N=-4.372546070346D+01  KE= 6.298694613106D+00
 Symmetry AG   KE= 2.769156075088D+00
 Symmetry BG   KE= 0.000000000000D+00
 Symmetry AU   KE= 0.000000000000D+00
 Symmetry BU   KE= 3.529538538017D+00

 Test job not archived.
 1\1\GINC-SULU\Stability\RHF\Gen\H12\LCJ1\17-Feb-2017\0\\#rhf/gen scf(s
 ymm,tight,novaracc,noincfock,fulldiag) stable(crhf) guess=read geom=no
 crowd test\\hf stability analysis of h12 triangular lattice, y= 0.3231
 1288880213562\\0,1\H\H,1,1.8158168033\H,1,1.8158168033,2,159.5\H,2,1.8
 158168033,1,20.5,3,0.,0\H,2,1.8158168033,1,180.,3,0.,0\H,4,1.815816803
 3,3,180.,5,0.,0\H,6,1.8158168033,5,180.,3,0.,0\H,4,1.8158168033,2,180.
 ,3,0.,0\H,3,1.8158168033,1,180.,4,0.,0\H,9,1.8158168033,3,180.,4,0.,0\
 H,8,1.8158168033,4,180.,3,0.,0\H,7,1.8158168033,6,180.,3,0.,0\\Version
 =ES64L-G09RevE.01\State=1-AG\HF=-5.5542189\MP2=-6.2868201\RMSD=7.659e-
 10\Dipole=0.,0.,0.\Quadrupole=1.4172846,1.6705928,-3.0878774,0.,0.5783
 797,0.\PG=C02H [SGH(H12)]\\@


 ERWIN WITH HIS PSI CAN DO
 CALCULATIONS QUITE A FEW.
 BUT ONE THING HAS NOT BEEN SEEN
 JUST WHAT DOES PSI REALLY MEAN.
 -- WALTER HUCKEL, TRANS. BY FELIX BLOCH
 Job cpu time:       0 days  0 hours  0 minutes  1.0 seconds.
 File lengths (MBytes):  RWF=     84 Int=      0 D2E=      0 Chk=      2 Scr=      2
 Normal termination of Gaussian 09 at Fri Feb 17 14:54:16 2017.
