 Entering Gaussian System, Link 0=g09
 AtFile(1): H.gbs
            H     0
            S   10   1.00
               1000.000000000000            0.000068713567
                316.227766000000            0.000169141320
                100.000000000000            0.000823394812
                 31.622776600000            0.003425569236
                 10.000000000000            0.013951996000
                  3.162277660000            0.056909313560
                  1.000000000000            0.198286399900
                  0.316227766000            0.496922426700
                  0.100000000000            0.369846276400
                  0.031622776600            0.003752720039
            ****
 Initial command:
 /projects/guscus/apps/gau/g09-e1/g09/l1.exe "/users/lcj1/gaussian/h12/rhfstability/rect/guess/ag3bu3/Gau-5140.inp" -scrdir="/users/lcj1/gaussian/h12/rhfstability/rect/guess/ag3bu3/"
 Entering Link 1 = /projects/guscus/apps/gau/g09-e1/g09/l1.exe PID=      5144.
  
 Copyright (c) 1988,1990,1992,1993,1995,1998,2003,2009,2015,
            Gaussian, Inc.  All Rights Reserved.
  
 This is part of the Gaussian(R) 09 program.  It is based on
 the Gaussian(R) 03 system (copyright 2003, Gaussian, Inc.),
 the Gaussian(R) 98 system (copyright 1998, Gaussian, Inc.),
 the Gaussian(R) 94 system (copyright 1995, Gaussian, Inc.),
 the Gaussian 92(TM) system (copyright 1992, Gaussian, Inc.),
 the Gaussian 90(TM) system (copyright 1990, Gaussian, Inc.),
 the Gaussian 88(TM) system (copyright 1988, Gaussian, Inc.),
 the Gaussian 86(TM) system (copyright 1986, Carnegie Mellon
 University), and the Gaussian 82(TM) system (copyright 1983,
 Carnegie Mellon University). Gaussian is a federally registered
 trademark of Gaussian, Inc.
  
 This software contains proprietary and confidential information,
 including trade secrets, belonging to Gaussian, Inc.
  
 This software is provided under written license and may be
 used, copied, transmitted, or stored only in accord with that
 written license.
  
 The following legend is applicable only to US Government
 contracts under FAR:
  
                    RESTRICTED RIGHTS LEGEND
  
 Use, reproduction and disclosure by the US Government is
 subject to restrictions as set forth in subparagraphs (a)
 and (c) of the Commercial Computer Software - Restricted
 Rights clause in FAR 52.227-19.
  
 Gaussian, Inc.
 340 Quinnipiac St., Bldg. 40, Wallingford CT 06492
  
  
 ---------------------------------------------------------------
 Warning -- This program may not be used in any manner that
 competes with the business of Gaussian, Inc. or will provide
 assistance to any competitor of Gaussian, Inc.  The licensee
 of this program is prohibited from giving any competitor of
 Gaussian, Inc. access to this program.  By using this program,
 the user acknowledges that Gaussian, Inc. is engaged in the
 business of creating and licensing software in the field of
 computational chemistry and represents and warrants to the
 licensee that it is not a competitor of Gaussian, Inc. and that
 it will not use this program in any manner prohibited above.
 ---------------------------------------------------------------
  

 Cite this work as:
 Gaussian 09, Revision E.01,
 M. J. Frisch, G. W. Trucks, H. B. Schlegel, G. E. Scuseria, 
 M. A. Robb, J. R. Cheeseman, G. Scalmani, V. Barone, B. Mennucci, 
 G. A. Petersson, H. Nakatsuji, M. Caricato, X. Li, H. P. Hratchian, 
 A. F. Izmaylov, J. Bloino, G. Zheng, J. L. Sonnenberg, M. Hada, 
 M. Ehara, K. Toyota, R. Fukuda, J. Hasegawa, M. Ishida, T. Nakajima, 
 Y. Honda, O. Kitao, H. Nakai, T. Vreven, J. A. Montgomery, Jr., 
 J. E. Peralta, F. Ogliaro, M. Bearpark, J. J. Heyd, E. Brothers, 
 K. N. Kudin, V. N. Staroverov, T. Keith, R. Kobayashi, J. Normand, 
 K. Raghavachari, A. Rendell, J. C. Burant, S. S. Iyengar, J. Tomasi, 
 M. Cossi, N. Rega, J. M. Millam, M. Klene, J. E. Knox, J. B. Cross, 
 V. Bakken, C. Adamo, J. Jaramillo, R. Gomperts, R. E. Stratmann, 
 O. Yazyev, A. J. Austin, R. Cammi, C. Pomelli, J. W. Ochterski, 
 R. L. Martin, K. Morokuma, V. G. Zakrzewski, G. A. Voth, 
 P. Salvador, J. J. Dannenberg, S. Dapprich, A. D. Daniels, 
 O. Farkas, J. B. Foresman, J. V. Ortiz, J. Cioslowski, 
 and D. J. Fox, Gaussian, Inc., Wallingford CT, 2013.
 
 ******************************************
 Gaussian 09:  ES64L-G09RevE.01 30-Nov-2015
                17-Feb-2017 
 ******************************************
 %chk=h12.chk
 ----------------------------------------------------------------------
 #rhf/gen scf(symm,tight,novaracc,noincfock,fulldiag) stable(crhf) gues
 s=read geom=nocrowd test
 ----------------------------------------------------------------------
 1/38=1/1;
 2/12=1,17=6,18=5,40=1/2;
 3/5=7,16=1,25=1,30=1,116=1/1,2,3;
 4/5=1,9=4/1;
 5/5=100002,15=2,16=1,32=2,38=6/2;
 8/6=1,10=90,11=11/1,4;
 9/8=4,13=1/2;
 6/7=2,8=2,9=2,10=2,28=1/1;
 99/5=1,9=1/99;
 ----------------------------------------------------------------------
 hf stability analysis of h12 triangular lattice, y= 1.0940617386278098
 ----------------------------------------------------------------------
 Symbolic Z-matrix:
 Charge =  0 Multiplicity = 1
 H
 H                    1     1.21468 
 H                    1     1.21468  2     51.5 
 H                    2     1.21468  1     128.5    3     0.       0
 H                    2     1.21468  1     180.     3     0.       0
 H                    4     1.21468  3     180.     5     0.       0
 H                    6     1.21468  5     180.     3     0.       0
 H                    4     1.21468  2     180.     3     0.       0
 H                    3     1.21468  1     180.     4     0.       0
 H                    9     1.21468  3     180.     4     0.       0
 H                    8     1.21468  4     180.     3     0.       0
 H                    7     1.21468  6     180.     3     0.       0
 
                          Input orientation:                          
 ---------------------------------------------------------------------
 Center     Atomic      Atomic             Coordinates (Angstroms)
 Number     Number       Type             X           Y           Z
 ---------------------------------------------------------------------
      1          1           0        0.000000    0.000000    0.000000
      2          1           0        0.000000    0.000000    1.214682
      3          1           0        0.950620    0.000000    0.756157
      4          1           0        0.950620    0.000000    1.970839
      5          1           0        0.000000    0.000000    2.429364
      6          1           0        0.950620    0.000000    3.185521
      7          1           0        1.901240    0.000000    3.941678
      8          1           0        1.901240    0.000000    2.726996
      9          1           0        1.901240    0.000000    1.512314
     10          1           0        2.851860    0.000000    2.268472
     11          1           0        2.851860    0.000000    3.483153
     12          1           0        2.851860    0.000000    4.697835
 ---------------------------------------------------------------------
                    Distance matrix (angstroms):
                    1          2          3          4          5
     1  H    0.000000
     2  H    1.214682   0.000000
     3  H    1.214682   1.055425   0.000000
     4  H    2.188123   1.214682   1.214682   0.000000
     5  H    2.429364   1.214682   1.924395   1.055425   0.000000
     6  H    3.324338   2.188123   2.429364   1.214682   1.214682
     7  H    4.376247   3.324338   3.324338   2.188123   2.429364
     8  H    3.324338   2.429364   2.188123   1.214682   1.924395
     9  H    2.429364   1.924395   1.214682   1.055425   2.110851
    10  H    3.644045   3.040325   2.429364   1.924395   2.856394
    11  H    4.501717   3.644045   3.324338   2.429364   3.040325
    12  H    5.495704   4.501717   4.376247   3.324338   3.644045
                    6          7          8          9         10
     6  H    0.000000
     7  H    1.214682   0.000000
     8  H    1.055425   1.214682   0.000000
     9  H    1.924395   2.429364   1.214682   0.000000
    10  H    2.110851   1.924395   1.055425   1.214682   0.000000
    11  H    1.924395   1.055425   1.214682   2.188123   1.214682
    12  H    2.429364   1.214682   2.188123   3.324338   2.429364
                   11         12
    11  H    0.000000
    12  H    1.214682   0.000000
 Stoichiometry    H12
 Framework group  C2H[SGH(H12)]
 Deg. of freedom    11
 Full point group                 C2H     NOp   4
 Largest Abelian subgroup         C2H     NOp   4
 Largest concise Abelian subgroup C2      NOp   2
                         Standard orientation:                         
 ---------------------------------------------------------------------
 Center     Atomic      Atomic             Coordinates (Angstroms)
 Number     Number       Type             X           Y           Z
 ---------------------------------------------------------------------
      1          1           0        0.950620    2.578180   -0.000000
      2          1           0        0.000000    1.822023   -0.000000
      3          1           0        0.950620    1.363498   -0.000000
      4          1           0        0.000000    0.607341   -0.000000
      5          1           0       -0.950620    1.065865   -0.000000
      6          1           0       -0.950620   -0.148816    0.000000
      7          1           0       -0.950620   -1.363498   -0.000000
      8          1           0       -0.000000   -0.607341   -0.000000
      9          1           0        0.950620    0.148816    0.000000
     10          1           0        0.950620   -1.065865   -0.000000
     11          1           0       -0.000000   -1.822023   -0.000000
     12          1           0       -0.950620   -2.578180   -0.000000
 ---------------------------------------------------------------------
 Rotational constants (GHZ):     88.6230970     17.7336102     14.7767592
 General basis read from cards:  (5D, 7F)
 There are     6 symmetry adapted cartesian basis functions of AG  symmetry.
 There are     0 symmetry adapted cartesian basis functions of BG  symmetry.
 There are     0 symmetry adapted cartesian basis functions of AU  symmetry.
 There are     6 symmetry adapted cartesian basis functions of BU  symmetry.
 There are     6 symmetry adapted basis functions of AG  symmetry.
 There are     0 symmetry adapted basis functions of BG  symmetry.
 There are     0 symmetry adapted basis functions of AU  symmetry.
 There are     6 symmetry adapted basis functions of BU  symmetry.
    12 basis functions,   120 primitive gaussians,    12 cartesian basis functions
     6 alpha electrons        6 beta electrons
       nuclear repulsion energy        19.1264886912 Hartrees.
 NAtoms=   12 NActive=   12 NUniq=    6 SFac= 4.00D+00 NAtFMM=   60 NAOKFM=F Big=F
 Integral buffers will be    131072 words long.
 Regular integral format.
 Two-electron integral symmetry is turned on.
 One-electron integrals computed using PRISM.
 NBasis=    12 RedAO= T EigKep=  1.90D-01  NBF=     6     0     0     6
 NBsUse=    12 1.00D-06 EigRej= -1.00D+00 NBFU=     6     0     0     6
 Initial guess from the checkpoint file:  "h12.chk"
 B after Tr=    -0.000000   -0.000000   -0.000000
         Rot=    0.966385    0.000000    0.000000   -0.257100 Ang= -29.80 deg.
 Initial guess orbital symmetries:
       Occupied  (AG) (BU) (AG) (BU) (BU) (AG)
       Virtual   (BU) (AG) (BU) (AG) (AG) (BU)
 Keep R1 ints in memory in symmetry-blocked form, NReq=902804.
 Requested convergence on RMS density matrix=1.00D-08 within 128 cycles.
 Requested convergence on MAX density matrix=1.00D-06.
 Requested convergence on             energy=1.00D-06.
 No special actions if energy rises.
 SCF Done:  E(RHF) =  -5.96423858900     A.U. after   12 cycles
            NFock= 12  Conv=0.32D-08     -V/T= 1.9755
 Range of M.O.s used for correlation:     1    12
 NBasis=    12 NAE=     6 NBE=     6 NFC=     0 NFV=     0
 NROrb=     12 NOA=     6 NOB=     6 NVA=     6 NVB=     6
 Semi-Direct transformation.
 ModeAB=           4 MOrb=             6 LenV=     134085277
 LASXX=         2181 LTotXX=        2181 LenRXX=        5115
 LTotAB=        2934 MaxLAS=        3024 LenRXY=           0
 NonZer=        7296 LenScr=      655360 LnRSAI=        3024
 LnScr1=      655360 LExtra=           0 Total=      1318859
 MaxDsk=          -1 SrtSym=           T ITran=            3
 JobTyp=0 Pass  1:  I=   1 to   6.
 (rs|ai) integrals will be sorted in core.
 Spin components of T(2) and E(2):
     alpha-alpha T2 =       0.4293017054D-02 E2=     -0.6539928299D-02
     alpha-beta  T2 =       0.6281790627D-01 E2=     -0.9809353306D-01
     beta-beta   T2 =       0.4293017054D-02 E2=     -0.6539928299D-02
 ANorm=    0.1035086441D+01
 E2 =    -0.1111733897D+00 EUMP2 =    -0.60754119786558D+01
 Second order stability test of a single determinant RHF wave function:
 Stabil:  MDV=134217728
 ***********************************************************************
 Matrix         Lowest Root    Major Pairs
 ***********************************************************************
 Internal RHF     0.2461494    Stable
 RRHF --> CRHF    0.2352923    Stable
 RRHF --> RUHF    0.0428887    Stable
 Stable under the perturbations considered.
 ***********************************************************************

 **********************************************************************

            Population analysis using the SCF density.

 **********************************************************************

 Orbital symmetries:
       Occupied  (AG) (BU) (AG) (BU) (BU) (AG)
       Virtual   (AG) (AG) (BU) (BU) (BU) (AG)
 The electronic state is 1-AG.
 Alpha  occ. eigenvalues --   -0.93757  -0.78351  -0.57702  -0.57143  -0.34962
 Alpha  occ. eigenvalues --   -0.34515
 Alpha virt. eigenvalues --    0.14260   0.21039   0.23811   0.35505   0.49668
 Alpha virt. eigenvalues --    0.55231
          Condensed to atoms (all electrons):
               1          2          3          4          5          6
     1  H    0.878240   0.188368   0.168402  -0.113823  -0.047294   0.010186
     2  H    0.188368   0.727860  -0.024563  -0.065358   0.257216  -0.034927
     3  H    0.168402  -0.024563   0.749916   0.027294  -0.142812  -0.006518
     4  H   -0.113823  -0.065358   0.027294   0.966730   0.219484  -0.062233
     5  H   -0.047294   0.257216  -0.142812   0.219484   1.066186  -0.105999
     6  H    0.010186  -0.034927  -0.006518  -0.062233  -0.105999   0.992536
     7  H    0.001241  -0.006901   0.010460  -0.021433  -0.049867   0.224368
     8  H    0.013419  -0.018409  -0.021433  -0.177624  -0.075188   0.326797
     9  H   -0.054757  -0.124482   0.224368   0.326797  -0.089145  -0.071529
    10  H    0.002388   0.018642  -0.049867  -0.075188   0.022322  -0.089145
    11  H   -0.000256   0.007610  -0.006901  -0.018409   0.018642  -0.124482
    12  H   -0.000386  -0.000256   0.001241   0.013419   0.002388  -0.054757
               7          8          9         10         11         12
     1  H    0.001241   0.013419  -0.054757   0.002388  -0.000256  -0.000386
     2  H   -0.006901  -0.018409  -0.124482   0.018642   0.007610  -0.000256
     3  H    0.010460  -0.021433   0.224368  -0.049867  -0.006901   0.001241
     4  H   -0.021433  -0.177624   0.326797  -0.075188  -0.018409   0.013419
     5  H   -0.049867  -0.075188  -0.089145   0.022322   0.018642   0.002388
     6  H    0.224368   0.326797  -0.071529  -0.089145  -0.124482  -0.054757
     7  H    0.749916   0.027294  -0.006518  -0.142812  -0.024563   0.168402
     8  H    0.027294   0.966730  -0.062233   0.219484  -0.065358  -0.113823
     9  H   -0.006518  -0.062233   0.992536  -0.105999  -0.034927   0.010186
    10  H   -0.142812   0.219484  -0.105999   1.066186   0.257216  -0.047294
    11  H   -0.024563  -0.065358  -0.034927   0.257216   0.727860   0.188368
    12  H    0.168402  -0.113823   0.010186  -0.047294   0.188368   0.878240
 Mulliken charges:
               1
     1  H   -0.045729
     2  H    0.075200
     3  H    0.070414
     4  H   -0.019655
     5  H   -0.075933
     6  H   -0.004298
     7  H    0.070414
     8  H   -0.019655
     9  H   -0.004298
    10  H   -0.075933
    11  H    0.075200
    12  H   -0.045729
 Sum of Mulliken charges =   0.00000
 Mulliken charges with hydrogens summed into heavy atoms:
               1
 Electronic spatial extent (au):  <R**2>=            160.8064
 Charge=              0.0000 electrons
 Dipole moment (field-independent basis, Debye):
    X=             -0.0000    Y=             -0.0000    Z=             -0.0000  Tot=              0.0000
 Quadrupole moment (field-independent basis, Debye-Ang):
   XX=            -17.9438   YY=            -19.9347   ZZ=            -15.4130
   XY=              0.4407   XZ=             -0.0000   YZ=              0.0000
 Traceless Quadrupole moment (field-independent basis, Debye-Ang):
   XX=             -0.1800   YY=             -2.1709   ZZ=              2.3509
   XY=              0.4407   XZ=             -0.0000   YZ=              0.0000
 Octapole moment (field-independent basis, Debye-Ang**2):
  XXX=              0.0000  YYY=              0.0000  ZZZ=              0.0000  XYY=             -0.0000
  XXY=              0.0000  XXZ=              0.0000  XZZ=              0.0000  YZZ=              0.0000
  YYZ=              0.0000  XYZ=             -0.0000
 Hexadecapole moment (field-independent basis, Debye-Ang**3):
 XXXX=            -82.8031 YYYY=           -269.8340 ZZZZ=            -18.4140 XXXY=            -24.1395
 XXXZ=             -0.0000 YYYX=            -25.8428 YYYZ=             -0.0000 ZZZX=             -0.0000
 ZZZY=             -0.0000 XXYY=            -59.6912 XXZZ=            -16.6407 YYZZ=            -43.6775
 XXYZ=             -0.0000 YYXZ=             -0.0000 ZZXY=             -7.7421
 N-N= 1.912648869118D+01 E-N=-4.916676765848D+01  KE= 6.113906167459D+00
 Symmetry AG   KE= 2.953839794627D+00
 Symmetry BG   KE= 0.000000000000D+00
 Symmetry AU   KE= 0.000000000000D+00
 Symmetry BU   KE= 3.160066372832D+00

 Test job not archived.
 1\1\GINC-SULU\Stability\RHF\Gen\H12\LCJ1\17-Feb-2017\0\\#rhf/gen scf(s
 ymm,tight,novaracc,noincfock,fulldiag) stable(crhf) guess=read geom=no
 crowd test\\hf stability analysis of h12 triangular lattice, y= 1.0940
 617386278098\\0,1\H\H,1,1.2146817595\H,1,1.2146817595,2,51.5\H,2,1.214
 6817595,1,128.5,3,0.,0\H,2,1.2146817595,1,180.,3,0.,0\H,4,1.2146817595
 ,3,180.,5,0.,0\H,6,1.2146817595,5,180.,3,0.,0\H,4,1.2146817595,2,180.,
 3,0.,0\H,3,1.2146817595,1,180.,4,0.,0\H,9,1.2146817595,3,180.,4,0.,0\H
 ,8,1.2146817595,4,180.,3,0.,0\H,7,1.2146817595,6,180.,3,0.,0\\Version=
 ES64L-G09RevE.01\State=1-AG\HF=-5.9642386\MP2=-6.075412\RMSD=3.193e-09
 \Dipole=0.,0.,0.\Quadrupole=-1.3596472,1.747807,-0.3881598,0.,-0.64741
 1,0.\PG=C02H [SGH(H12)]\\@


 WERE I TO AWAIT PERFECTION, MY BOOK WOULD NEVER BE FINISHED.
                                    -- HISTORY OF CHINESE WRITING

                                       TAI T'UNG, 13TH CENTURY
 Job cpu time:       0 days  0 hours  0 minutes  1.1 seconds.
 File lengths (MBytes):  RWF=     84 Int=      0 D2E=      0 Chk=      2 Scr=      2
 Normal termination of Gaussian 09 at Fri Feb 17 15:05:40 2017.
