 Entering Gaussian System, Link 0=g09
 AtFile(1): H.gbs
            H     0
            S   10   1.00
               1000.000000000000            0.000068713567
                316.227766000000            0.000169141320
                100.000000000000            0.000823394812
                 31.622776600000            0.003425569236
                 10.000000000000            0.013951996000
                  3.162277660000            0.056909313560
                  1.000000000000            0.198286399900
                  0.316227766000            0.496922426700
                  0.100000000000            0.369846276400
                  0.031622776600            0.003752720039
            ****
 Initial command:
 /projects/guscus/apps/gau/g09-e1/g09/l1.exe "/users/lcj1/gaussian/h12/rhfstability/rect/guess/ag3bu3/Gau-24316.inp" -scrdir="/users/lcj1/gaussian/h12/rhfstability/rect/guess/ag3bu3/"
 Entering Link 1 = /projects/guscus/apps/gau/g09-e1/g09/l1.exe PID=     24318.
  
 Copyright (c) 1988,1990,1992,1993,1995,1998,2003,2009,2015,
            Gaussian, Inc.  All Rights Reserved.
  
 This is part of the Gaussian(R) 09 program.  It is based on
 the Gaussian(R) 03 system (copyright 2003, Gaussian, Inc.),
 the Gaussian(R) 98 system (copyright 1998, Gaussian, Inc.),
 the Gaussian(R) 94 system (copyright 1995, Gaussian, Inc.),
 the Gaussian 92(TM) system (copyright 1992, Gaussian, Inc.),
 the Gaussian 90(TM) system (copyright 1990, Gaussian, Inc.),
 the Gaussian 88(TM) system (copyright 1988, Gaussian, Inc.),
 the Gaussian 86(TM) system (copyright 1986, Carnegie Mellon
 University), and the Gaussian 82(TM) system (copyright 1983,
 Carnegie Mellon University). Gaussian is a federally registered
 trademark of Gaussian, Inc.
  
 This software contains proprietary and confidential information,
 including trade secrets, belonging to Gaussian, Inc.
  
 This software is provided under written license and may be
 used, copied, transmitted, or stored only in accord with that
 written license.
  
 The following legend is applicable only to US Government
 contracts under FAR:
  
                    RESTRICTED RIGHTS LEGEND
  
 Use, reproduction and disclosure by the US Government is
 subject to restrictions as set forth in subparagraphs (a)
 and (c) of the Commercial Computer Software - Restricted
 Rights clause in FAR 52.227-19.
  
 Gaussian, Inc.
 340 Quinnipiac St., Bldg. 40, Wallingford CT 06492
  
  
 ---------------------------------------------------------------
 Warning -- This program may not be used in any manner that
 competes with the business of Gaussian, Inc. or will provide
 assistance to any competitor of Gaussian, Inc.  The licensee
 of this program is prohibited from giving any competitor of
 Gaussian, Inc. access to this program.  By using this program,
 the user acknowledges that Gaussian, Inc. is engaged in the
 business of creating and licensing software in the field of
 computational chemistry and represents and warrants to the
 licensee that it is not a competitor of Gaussian, Inc. and that
 it will not use this program in any manner prohibited above.
 ---------------------------------------------------------------
  

 Cite this work as:
 Gaussian 09, Revision E.01,
 M. J. Frisch, G. W. Trucks, H. B. Schlegel, G. E. Scuseria, 
 M. A. Robb, J. R. Cheeseman, G. Scalmani, V. Barone, B. Mennucci, 
 G. A. Petersson, H. Nakatsuji, M. Caricato, X. Li, H. P. Hratchian, 
 A. F. Izmaylov, J. Bloino, G. Zheng, J. L. Sonnenberg, M. Hada, 
 M. Ehara, K. Toyota, R. Fukuda, J. Hasegawa, M. Ishida, T. Nakajima, 
 Y. Honda, O. Kitao, H. Nakai, T. Vreven, J. A. Montgomery, Jr., 
 J. E. Peralta, F. Ogliaro, M. Bearpark, J. J. Heyd, E. Brothers, 
 K. N. Kudin, V. N. Staroverov, T. Keith, R. Kobayashi, J. Normand, 
 K. Raghavachari, A. Rendell, J. C. Burant, S. S. Iyengar, J. Tomasi, 
 M. Cossi, N. Rega, J. M. Millam, M. Klene, J. E. Knox, J. B. Cross, 
 V. Bakken, C. Adamo, J. Jaramillo, R. Gomperts, R. E. Stratmann, 
 O. Yazyev, A. J. Austin, R. Cammi, C. Pomelli, J. W. Ochterski, 
 R. L. Martin, K. Morokuma, V. G. Zakrzewski, G. A. Voth, 
 P. Salvador, J. J. Dannenberg, S. Dapprich, A. D. Daniels, 
 O. Farkas, J. B. Foresman, J. V. Ortiz, J. Cioslowski, 
 and D. J. Fox, Gaussian, Inc., Wallingford CT, 2013.
 
 ******************************************
 Gaussian 09:  ES64L-G09RevE.01 30-Nov-2015
                17-Feb-2017 
 ******************************************
 %chk=h12.chk
 ----------------------------------------------------------------------
 #rhf/gen scf(symm,tight,novaracc,noincfock,fulldiag) stable(crhf) gues
 s=read geom=nocrowd test
 ----------------------------------------------------------------------
 1/38=1/1;
 2/12=1,17=6,18=5,40=1/2;
 3/5=7,16=1,25=1,30=1,116=1/1,2,3;
 4/5=1,9=4/1;
 5/5=100002,15=2,16=1,32=2,38=6/2;
 8/6=1,10=90,11=11/1,4;
 9/8=4,13=1/2;
 6/7=2,8=2,9=2,10=2,28=1/1;
 99/5=1,9=1/99;
 ----------------------------------------------------------------------
 hf stability analysis of h12 triangular lattice, y= 0.6655948165158517
 3
 ----------------------------------------------------------------------
 Symbolic Z-matrix:
 Charge =  0 Multiplicity = 1
 H
 H                    1     1.09336 
 H                    1     1.09336  2     105. 
 H                    2     1.09336  1     75.      3     0.       0
 H                    2     1.09336  1     180.     3     0.       0
 H                    4     1.09336  3     180.     5     0.       0
 H                    6     1.09336  5     180.     3     0.       0
 H                    4     1.09336  2     180.     3     0.       0
 H                    3     1.09336  1     180.     4     0.       0
 H                    9     1.09336  3     180.     4     0.       0
 H                    8     1.09336  4     180.     3     0.       0
 H                    7     1.09336  6     180.     3     0.       0
 
                          Input orientation:                          
 ---------------------------------------------------------------------
 Center     Atomic      Atomic             Coordinates (Angstroms)
 Number     Number       Type             X           Y           Z
 ---------------------------------------------------------------------
      1          1           0        0.000000    0.000000    0.000000
      2          1           0        0.000000    0.000000    1.093359
      3          1           0        1.056104    0.000000   -0.282982
      4          1           0        1.056104    0.000000    0.810377
      5          1           0        0.000000    0.000000    2.186718
      6          1           0        1.056104    0.000000    1.903736
      7          1           0        2.112207    0.000000    1.620754
      8          1           0        2.112207    0.000000    0.527395
      9          1           0        2.112207    0.000000   -0.565964
     10          1           0        3.168311    0.000000   -0.848946
     11          1           0        3.168311    0.000000    0.244413
     12          1           0        3.168311    0.000000    1.337772
 ---------------------------------------------------------------------
                    Distance matrix (angstroms):
                    1          2          3          4          5
     1  H    0.000000
     2  H    1.093359   0.000000
     3  H    1.093359   1.734840   0.000000
     4  H    1.331190   1.093359   1.093359   0.000000
     5  H    2.186718   1.093359   2.686033   1.734840   0.000000
     6  H    2.177054   1.331190   2.186718   1.093359   1.093359
     7  H    2.662379   2.177054   2.177054   1.331190   2.186718
     8  H    2.177054   2.186718   1.331190   1.093359   2.686033
     9  H    2.186718   2.686033   1.093359   1.734840   3.469680
    10  H    3.280077   3.716281   2.186718   2.686033   4.387876
    11  H    3.177725   3.280077   2.177054   2.186718   3.716281
    12  H    3.439161   3.177725   2.662379   2.177054   3.280077
                    6          7          8          9         10
     6  H    0.000000
     7  H    1.093359   0.000000
     8  H    1.734840   1.093359   0.000000
     9  H    2.686033   2.186718   1.093359   0.000000
    10  H    3.469680   2.686033   1.734840   1.093359   0.000000
    11  H    2.686033   1.734840   1.093359   1.331190   1.093359
    12  H    2.186718   1.093359   1.331190   2.177054   2.186718
                   11         12
    11  H    0.000000
    12  H    1.093359   0.000000
 Stoichiometry    H12
 Framework group  C2H[SGH(H12)]
 Deg. of freedom    11
 Full point group                 C2H     NOp   4
 Largest Abelian subgroup         C2H     NOp   4
 Largest concise Abelian subgroup C2      NOp   2
                         Standard orientation:                         
 ---------------------------------------------------------------------
 Center     Atomic      Atomic             Coordinates (Angstroms)
 Number     Number       Type             X           Y           Z
 ---------------------------------------------------------------------
      1          1           0        1.056104    1.357056   -0.000000
      2          1           0        0.000000    1.640039   -0.000000
      3          1           0        1.056104    0.263697   -0.000000
      4          1           0        0.000000    0.546680   -0.000000
      5          1           0       -1.056104    1.923021   -0.000000
      6          1           0       -1.056104    0.829662   -0.000000
      7          1           0       -1.056104   -0.263697   -0.000000
      8          1           0       -0.000000   -0.546680   -0.000000
      9          1           0        1.056104   -0.829662    0.000000
     10          1           0        1.056104   -1.923021   -0.000000
     11          1           0       -0.000000   -1.640039   -0.000000
     12          1           0       -1.056104   -1.357056   -0.000000
 ---------------------------------------------------------------------
 Rotational constants (GHZ):     59.9616558     26.2102108     18.2380596
 General basis read from cards:  (5D, 7F)
 There are     6 symmetry adapted cartesian basis functions of AG  symmetry.
 There are     0 symmetry adapted cartesian basis functions of BG  symmetry.
 There are     0 symmetry adapted cartesian basis functions of AU  symmetry.
 There are     6 symmetry adapted cartesian basis functions of BU  symmetry.
 There are     6 symmetry adapted basis functions of AG  symmetry.
 There are     0 symmetry adapted basis functions of BG  symmetry.
 There are     0 symmetry adapted basis functions of AU  symmetry.
 There are     6 symmetry adapted basis functions of BU  symmetry.
    12 basis functions,   120 primitive gaussians,    12 cartesian basis functions
     6 alpha electrons        6 beta electrons
       nuclear repulsion energy        20.0225574476 Hartrees.
 NAtoms=   12 NActive=   12 NUniq=    6 SFac= 4.00D+00 NAtFMM=   60 NAOKFM=F Big=F
 Integral buffers will be    131072 words long.
 Regular integral format.
 Two-electron integral symmetry is turned on.
 One-electron integrals computed using PRISM.
 NBasis=    12 RedAO= T EigKep=  1.25D-01  NBF=     6     0     0     6
 NBsUse=    12 1.00D-06 EigRej= -1.00D+00 NBFU=     6     0     0     6
 Initial guess from the checkpoint file:  "h12.chk"
 B after Tr=     0.000000    0.000000    0.000000
         Rot=    0.991082    0.000000    0.000000   -0.133250 Ang= -15.31 deg.
 Initial guess orbital symmetries:
       Occupied  (AG) (BU) (AG) (BU) (BU) (AG)
       Virtual   (BU) (AG) (BU) (AG) (AG) (BU)
 Keep R1 ints in memory in symmetry-blocked form, NReq=903672.
 Requested convergence on RMS density matrix=1.00D-08 within 128 cycles.
 Requested convergence on MAX density matrix=1.00D-06.
 Requested convergence on             energy=1.00D-06.
 No special actions if energy rises.
 SCF Done:  E(RHF) =  -5.78397966041     A.U. after   14 cycles
            NFock= 14  Conv=0.25D-08     -V/T= 1.9071
 Range of M.O.s used for correlation:     1    12
 NBasis=    12 NAE=     6 NBE=     6 NFC=     0 NFV=     0
 NROrb=     12 NOA=     6 NOB=     6 NVA=     6 NVB=     6
 Semi-Direct transformation.
 ModeAB=           4 MOrb=             6 LenV=     134084451
 LASXX=         2181 LTotXX=        2181 LenRXX=        5115
 LTotAB=        2934 MaxLAS=        3024 LenRXY=           0
 NonZer=        7296 LenScr=      655360 LnRSAI=        3024
 LnScr1=      655360 LExtra=           0 Total=      1318859
 MaxDsk=          -1 SrtSym=           T ITran=            3
 JobTyp=0 Pass  1:  I=   1 to   6.
 (rs|ai) integrals will be sorted in core.
 Spin components of T(2) and E(2):
     alpha-alpha T2 =       0.5046193040D-02 E2=     -0.7401393619D-02
     alpha-beta  T2 =       0.6931641207D-01 E2=     -0.1033203458D+00
     beta-beta   T2 =       0.5046193040D-02 E2=     -0.7401393619D-02
 ANorm=    0.1038946003D+01
 E2 =    -0.1181231330D+00 EUMP2 =    -0.59021027934100D+01
 Second order stability test of a single determinant RHF wave function:
 Stabil:  MDV=134217728
 ***********************************************************************
 Matrix         Lowest Root    Major Pairs
 ***********************************************************************
 Internal RHF    -0.0096777    6A=7A
 RRHF --> CRHF   -0.0463532    6A=7A
 RRHF --> RUHF   -0.1222054    6A=7B
 Not stable.
 ***********************************************************************

 **********************************************************************

            Population analysis using the SCF density.

 **********************************************************************

 Orbital symmetries:
       Occupied  (AG) (BU) (BU) (AG) (AG) (BU)
       Virtual   (AG) (BU) (BU) (AG) (AG) (BU)
 The electronic state is 1-AG.
 Alpha  occ. eigenvalues --   -1.00359  -0.79138  -0.68268  -0.52602  -0.44508
 Alpha  occ. eigenvalues --   -0.23342
 Alpha virt. eigenvalues --   -0.00707   0.14150   0.24108   0.37049   0.57314
 Alpha virt. eigenvalues --    0.80906
          Condensed to atoms (all electrons):
               1          2          3          4          5          6
     1  H    1.029438   0.188093   0.040286   0.132022  -0.096234  -0.062736
     2  H    0.188093   0.675439  -0.013180  -0.145441   0.309706  -0.031052
     3  H    0.040286  -0.013180   0.724004  -0.018344   0.010338  -0.078951
     4  H    0.132022  -0.145441  -0.018344   1.129535  -0.251041   0.301997
     5  H   -0.096234   0.309706   0.010338  -0.251041   1.349575  -0.032786
     6  H   -0.062736  -0.031052  -0.078951   0.301997  -0.032786   0.826854
     7  H    0.000371  -0.058493  -0.055820   0.230288  -0.099374   0.183390
     8  H   -0.103208  -0.040263   0.230288  -0.211618   0.046439  -0.087067
     9  H   -0.098676  -0.008154   0.183390  -0.087067   0.015151  -0.000962
    10  H    0.011329  -0.000460  -0.099374   0.046439  -0.004310   0.015151
    11  H    0.014494   0.010741  -0.058493  -0.040263  -0.000460  -0.008154
    12  H    0.010241   0.014494   0.000371  -0.103208   0.011329  -0.098676
               7          8          9         10         11         12
     1  H    0.000371  -0.103208  -0.098676   0.011329   0.014494   0.010241
     2  H   -0.058493  -0.040263  -0.008154  -0.000460   0.010741   0.014494
     3  H   -0.055820   0.230288   0.183390  -0.099374  -0.058493   0.000371
     4  H    0.230288  -0.211618  -0.087067   0.046439  -0.040263  -0.103208
     5  H   -0.099374   0.046439   0.015151  -0.004310  -0.000460   0.011329
     6  H    0.183390  -0.087067  -0.000962   0.015151  -0.008154  -0.098676
     7  H    0.724004  -0.018344  -0.078951   0.010338  -0.013180   0.040286
     8  H   -0.018344   1.129535   0.301997  -0.251041  -0.145441   0.132022
     9  H   -0.078951   0.301997   0.826854  -0.032786  -0.031052  -0.062736
    10  H    0.010338  -0.251041  -0.032786   1.349575   0.309706  -0.096234
    11  H   -0.013180  -0.145441  -0.031052   0.309706   0.675439   0.188093
    12  H    0.040286   0.132022  -0.062736  -0.096234   0.188093   1.029438
 Mulliken charges:
               1
     1  H   -0.065418
     2  H    0.098572
     3  H    0.135486
     4  H    0.016701
     5  H   -0.258333
     6  H    0.072993
     7  H    0.135486
     8  H    0.016701
     9  H    0.072993
    10  H   -0.258333
    11  H    0.098572
    12  H   -0.065418
 Sum of Mulliken charges =   0.00000
 Mulliken charges with hydrogens summed into heavy atoms:
               1
 Electronic spatial extent (au):  <R**2>=            143.7053
 Charge=              0.0000 electrons
 Dipole moment (field-independent basis, Debye):
    X=             -0.0000    Y=              0.0000    Z=              0.0000  Tot=              0.0000
 Quadrupole moment (field-independent basis, Debye-Ang):
   XX=            -17.6955   YY=            -28.3529   ZZ=            -15.1761
   XY=              4.7096   XZ=             -0.0000   YZ=             -0.0000
 Traceless Quadrupole moment (field-independent basis, Debye-Ang):
   XX=              2.7127   YY=             -7.9447   ZZ=              5.2320
   XY=              4.7096   XZ=             -0.0000   YZ=             -0.0000
 Octapole moment (field-independent basis, Debye-Ang**2):
  XXX=             -0.0000  YYY=             -0.0000  ZZZ=              0.0000  XYY=              0.0000
  XXY=              0.0000  XXZ=              0.0000  XZZ=              0.0000  YZZ=             -0.0000
  YYZ=              0.0000  XYZ=             -0.0000
 Hexadecapole moment (field-independent basis, Debye-Ang**3):
 XXXX=            -93.5924 YYYY=           -249.8492 ZZZZ=            -17.9412 XXXY=             17.5665
 XXXZ=             -0.0000 YYYX=             37.0569 YYYZ=             -0.0000 ZZZX=             -0.0000
 ZZZY=             -0.0000 XXYY=            -62.7537 XXZZ=            -18.4195 YYZZ=            -34.2096
 XXYZ=             -0.0000 YYXZ=             -0.0000 ZZXY=              4.2751
 N-N= 2.002255744755D+01 E-N=-5.062474444177D+01  KE= 6.376010576411D+00
 Symmetry AG   KE= 2.942912642503D+00
 Symmetry BG   KE= 0.000000000000D+00
 Symmetry AU   KE= 0.000000000000D+00
 Symmetry BU   KE= 3.433097933908D+00

 Test job not archived.
 1\1\GINC-SULU\Stability\RHF\Gen\H12\LCJ1\17-Feb-2017\0\\#rhf/gen scf(s
 ymm,tight,novaracc,noincfock,fulldiag) stable(crhf) guess=read geom=no
 crowd test\\hf stability analysis of h12 triangular lattice, y= 0.6655
 9481651585173\\0,1\H\H,1,1.0933590221\H,1,1.0933590221,2,105.\H,2,1.09
 33590221,1,75.,3,0.,0\H,2,1.0933590221,1,180.,3,0.,0\H,4,1.0933590221,
 3,180.,5,0.,0\H,6,1.0933590221,5,180.,3,0.,0\H,4,1.0933590221,2,180.,3
 ,0.,0\H,3,1.0933590221,1,180.,4,0.,0\H,9,1.0933590221,3,180.,4,0.,0\H,
 8,1.0933590221,4,180.,3,0.,0\H,7,1.0933590221,6,180.,3,0.,0\\Version=E
 S64L-G09RevE.01\State=1-AG\HF=-5.7839797\MP2=-5.9021028\RMSD=2.533e-09
 \Dipole=0.,0.,0.\Quadrupole=-3.6251889,3.8898836,-0.2646948,0.,5.01326
 07,0.\PG=C02H [SGH(H12)]\\@


 THOSE WITH THE GOLD MAKE THE RULES.

             -- PETER'S GOLDEN RULE
 Job cpu time:       0 days  0 hours  0 minutes  1.1 seconds.
 File lengths (MBytes):  RWF=     84 Int=      0 D2E=      0 Chk=      2 Scr=      2
 Normal termination of Gaussian 09 at Fri Feb 17 14:59:59 2017.
