 Entering Gaussian System, Link 0=g09
 AtFile(1): H.gbs
            H     0
            S   10   1.00
               1000.000000000000            0.000068713567
                316.227766000000            0.000169141320
                100.000000000000            0.000823394812
                 31.622776600000            0.003425569236
                 10.000000000000            0.013951996000
                  3.162277660000            0.056909313560
                  1.000000000000            0.198286399900
                  0.316227766000            0.496922426700
                  0.100000000000            0.369846276400
                  0.031622776600            0.003752720039
            ****
 Initial command:
 /projects/guscus/apps/gau/g09-e1/g09/l1.exe "/users/lcj1/gaussian/h12/rhfstability/rect/guess/ag3bu3/Gau-11619.inp" -scrdir="/users/lcj1/gaussian/h12/rhfstability/rect/guess/ag3bu3/"
 Entering Link 1 = /projects/guscus/apps/gau/g09-e1/g09/l1.exe PID=     11620.
  
 Copyright (c) 1988,1990,1992,1993,1995,1998,2003,2009,2015,
            Gaussian, Inc.  All Rights Reserved.
  
 This is part of the Gaussian(R) 09 program.  It is based on
 the Gaussian(R) 03 system (copyright 2003, Gaussian, Inc.),
 the Gaussian(R) 98 system (copyright 1998, Gaussian, Inc.),
 the Gaussian(R) 94 system (copyright 1995, Gaussian, Inc.),
 the Gaussian 92(TM) system (copyright 1992, Gaussian, Inc.),
 the Gaussian 90(TM) system (copyright 1990, Gaussian, Inc.),
 the Gaussian 88(TM) system (copyright 1988, Gaussian, Inc.),
 the Gaussian 86(TM) system (copyright 1986, Carnegie Mellon
 University), and the Gaussian 82(TM) system (copyright 1983,
 Carnegie Mellon University). Gaussian is a federally registered
 trademark of Gaussian, Inc.
  
 This software contains proprietary and confidential information,
 including trade secrets, belonging to Gaussian, Inc.
  
 This software is provided under written license and may be
 used, copied, transmitted, or stored only in accord with that
 written license.
  
 The following legend is applicable only to US Government
 contracts under FAR:
  
                    RESTRICTED RIGHTS LEGEND
  
 Use, reproduction and disclosure by the US Government is
 subject to restrictions as set forth in subparagraphs (a)
 and (c) of the Commercial Computer Software - Restricted
 Rights clause in FAR 52.227-19.
  
 Gaussian, Inc.
 340 Quinnipiac St., Bldg. 40, Wallingford CT 06492
  
  
 ---------------------------------------------------------------
 Warning -- This program may not be used in any manner that
 competes with the business of Gaussian, Inc. or will provide
 assistance to any competitor of Gaussian, Inc.  The licensee
 of this program is prohibited from giving any competitor of
 Gaussian, Inc. access to this program.  By using this program,
 the user acknowledges that Gaussian, Inc. is engaged in the
 business of creating and licensing software in the field of
 computational chemistry and represents and warrants to the
 licensee that it is not a competitor of Gaussian, Inc. and that
 it will not use this program in any manner prohibited above.
 ---------------------------------------------------------------
  

 Cite this work as:
 Gaussian 09, Revision E.01,
 M. J. Frisch, G. W. Trucks, H. B. Schlegel, G. E. Scuseria, 
 M. A. Robb, J. R. Cheeseman, G. Scalmani, V. Barone, B. Mennucci, 
 G. A. Petersson, H. Nakatsuji, M. Caricato, X. Li, H. P. Hratchian, 
 A. F. Izmaylov, J. Bloino, G. Zheng, J. L. Sonnenberg, M. Hada, 
 M. Ehara, K. Toyota, R. Fukuda, J. Hasegawa, M. Ishida, T. Nakajima, 
 Y. Honda, O. Kitao, H. Nakai, T. Vreven, J. A. Montgomery, Jr., 
 J. E. Peralta, F. Ogliaro, M. Bearpark, J. J. Heyd, E. Brothers, 
 K. N. Kudin, V. N. Staroverov, T. Keith, R. Kobayashi, J. Normand, 
 K. Raghavachari, A. Rendell, J. C. Burant, S. S. Iyengar, J. Tomasi, 
 M. Cossi, N. Rega, J. M. Millam, M. Klene, J. E. Knox, J. B. Cross, 
 V. Bakken, C. Adamo, J. Jaramillo, R. Gomperts, R. E. Stratmann, 
 O. Yazyev, A. J. Austin, R. Cammi, C. Pomelli, J. W. Ochterski, 
 R. L. Martin, K. Morokuma, V. G. Zakrzewski, G. A. Voth, 
 P. Salvador, J. J. Dannenberg, S. Dapprich, A. D. Daniels, 
 O. Farkas, J. B. Foresman, J. V. Ortiz, J. Cioslowski, 
 and D. J. Fox, Gaussian, Inc., Wallingford CT, 2013.
 
 ******************************************
 Gaussian 09:  ES64L-G09RevE.01 30-Nov-2015
                17-Feb-2017 
 ******************************************
 %chk=h12.chk
 ----------------------------------------------------------------------
 #rhf/gen scf(symm,tight,novaracc,noincfock,fulldiag) stable(crhf) gues
 s=read geom=nocrowd test
 ----------------------------------------------------------------------
 1/38=1/1;
 2/12=1,17=6,18=5,40=1/2;
 3/5=7,16=1,25=1,30=1,116=1/1,2,3;
 4/5=1,9=4/1;
 5/5=100002,15=2,16=1,32=2,38=6/2;
 8/6=1,10=90,11=11/1,4;
 9/8=4,13=1/2;
 6/7=2,8=2,9=2,10=2,28=1/1;
 99/5=1,9=1/99;
 ----------------------------------------------------------------------
 hf stability analysis of h12 triangular lattice, y= 0.3540551300279828
 3
 ----------------------------------------------------------------------
 Symbolic Z-matrix:
 Charge =  0 Multiplicity = 1
 H
 H                    1     1.66867 
 H                    1     1.66867  2     155.5 
 H                    2     1.66867  1     24.5     3     0.       0
 H                    2     1.66867  1     180.     3     0.       0
 H                    4     1.66867  3     180.     5     0.       0
 H                    6     1.66867  5     180.     3     0.       0
 H                    4     1.66867  2     180.     3     0.       0
 H                    3     1.66867  1     180.     4     0.       0
 H                    9     1.66867  3     180.     4     0.       0
 H                    8     1.66867  4     180.     3     0.       0
 H                    7     1.66867  6     180.     3     0.       0
 
                          Input orientation:                          
 ---------------------------------------------------------------------
 Center     Atomic      Atomic             Coordinates (Angstroms)
 Number     Number       Type             X           Y           Z
 ---------------------------------------------------------------------
      1          1           0        0.000000    0.000000    0.000000
      2          1           0        0.000000    0.000000    1.668673
      3          1           0        0.691987    0.000000   -1.518428
      4          1           0        0.691987    0.000000    0.150245
      5          1           0        0.000000    0.000000    3.337346
      6          1           0        0.691987    0.000000    1.818918
      7          1           0        1.383975    0.000000    0.300490
      8          1           0        1.383975    0.000000   -1.368182
      9          1           0        1.383975    0.000000   -3.036855
     10          1           0        2.075962    0.000000   -4.555283
     11          1           0        2.075962    0.000000   -2.886610
     12          1           0        2.075962    0.000000   -1.217937
 ---------------------------------------------------------------------
                    Distance matrix (angstroms):
                    1          2          3          4          5
     1  H    0.000000
     2  H    1.668673   0.000000
     3  H    1.668673   3.261358   0.000000
     4  H    0.708110   1.668673   1.668673   0.000000
     5  H    3.337346   1.668673   4.904832   3.261358   0.000000
     6  H    1.946101   0.708110   3.337346   1.668673   1.668673
     7  H    1.416220   1.946101   1.946101   0.708110   3.337346
     8  H    1.946101   3.337346   0.708110   1.668673   4.904832
     9  H    3.337346   4.904832   1.668673   3.261358   6.522716
    10  H    5.006019   6.561040   3.337346   4.904832   8.161079
    11  H    3.555578   5.006019   1.946101   3.337346   6.561040
    12  H    2.406863   3.555578   1.416220   1.946101   5.006019
                    6          7          8          9         10
     6  H    0.000000
     7  H    1.668673   0.000000
     8  H    3.261358   1.668673   0.000000
     9  H    4.904832   3.337346   1.668673   0.000000
    10  H    6.522716   4.904832   3.261358   1.668673   0.000000
    11  H    4.904832   3.261358   1.668673   0.708110   1.668673
    12  H    3.337346   1.668673   0.708110   1.946101   3.337346
                   11         12
    11  H    0.000000
    12  H    1.668673   0.000000
 Stoichiometry    H12
 Framework group  C2H[SGH(H12)]
 Deg. of freedom    11
 Full point group                 C2H     NOp   4
 Largest Abelian subgroup         C2H     NOp   4
 Largest concise Abelian subgroup C2      NOp   2
                         Standard orientation:                         
 ---------------------------------------------------------------------
 Center     Atomic      Atomic             Coordinates (Angstroms)
 Number     Number       Type             X           Y           Z
 ---------------------------------------------------------------------
      1          1           0        0.691987    0.984582    0.000000
      2          1           0        0.000000    2.503009    0.000000
      3          1           0        0.691987   -0.684091    0.000000
      4          1           0        0.000000    0.834336    0.000000
      5          1           0       -0.691987    4.021437    0.000000
      6          1           0       -0.691987    2.352764    0.000000
      7          1           0       -0.691987    0.684091   -0.000000
      8          1           0       -0.000000   -0.834336    0.000000
      9          1           0        0.691987   -2.352764    0.000000
     10          1           0        0.691987   -4.021437    0.000000
     11          1           0       -0.000000   -2.503009    0.000000
     12          1           0       -0.691987   -0.984582    0.000000
 ---------------------------------------------------------------------
 Rotational constants (GHZ):    192.5542590      8.1618953      7.8300010
 General basis read from cards:  (5D, 7F)
 There are     6 symmetry adapted cartesian basis functions of AG  symmetry.
 There are     0 symmetry adapted cartesian basis functions of BG  symmetry.
 There are     0 symmetry adapted cartesian basis functions of AU  symmetry.
 There are     6 symmetry adapted cartesian basis functions of BU  symmetry.
 There are     6 symmetry adapted basis functions of AG  symmetry.
 There are     0 symmetry adapted basis functions of BG  symmetry.
 There are     0 symmetry adapted basis functions of AU  symmetry.
 There are     6 symmetry adapted basis functions of BU  symmetry.
    12 basis functions,   120 primitive gaussians,    12 cartesian basis functions
     6 alpha electrons        6 beta electrons
       nuclear repulsion energy        17.0631377659 Hartrees.
 NAtoms=   12 NActive=   12 NUniq=    6 SFac= 4.00D+00 NAtFMM=   60 NAOKFM=F Big=F
 Integral buffers will be    131072 words long.
 Regular integral format.
 Two-electron integral symmetry is turned on.
 One-electron integrals computed using PRISM.
 NBasis=    12 RedAO= T EigKep=  8.96D-02  NBF=     6     0     0     6
 NBsUse=    12 1.00D-06 EigRej= -1.00D+00 NBFU=     6     0     0     6
 Initial guess from the checkpoint file:  "h12.chk"
 B after Tr=     0.000000   -0.000000    0.000000
         Rot=    0.999861   -0.000000    0.000000    0.016689 Ang=   1.91 deg.
 Initial guess orbital symmetries:
       Occupied  (AG) (BU) (AG) (BU) (BU) (AG)
       Virtual   (BU) (AG) (BU) (AG) (AG) (BU)
 Keep R1 ints in memory in symmetry-blocked form, NReq=897386.
 Requested convergence on RMS density matrix=1.00D-08 within 128 cycles.
 Requested convergence on MAX density matrix=1.00D-06.
 Requested convergence on             energy=1.00D-06.
 No special actions if energy rises.
 SCF Done:  E(RHF) =  -5.69987965444     A.U. after   13 cycles
            NFock= 13  Conv=0.24D-08     -V/T= 1.9037
 Range of M.O.s used for correlation:     1    12
 NBasis=    12 NAE=     6 NBE=     6 NFC=     0 NFV=     0
 NROrb=     12 NOA=     6 NOB=     6 NVA=     6 NVB=     6

 **** Warning!!: The smallest alpha delta epsilon is  0.70767513D-01

 Semi-Direct transformation.
 ModeAB=           4 MOrb=             6 LenV=     134090611
 LASXX=         2181 LTotXX=        2181 LenRXX=        5115
 LTotAB=        2934 MaxLAS=        3024 LenRXY=           0
 NonZer=        7296 LenScr=      655360 LnRSAI=        3024
 LnScr1=      655360 LExtra=           0 Total=      1318859
 MaxDsk=          -1 SrtSym=           T ITran=            3
 JobTyp=0 Pass  1:  I=   1 to   6.
 (rs|ai) integrals will be sorted in core.
 Spin components of T(2) and E(2):
     alpha-alpha T2 =       0.6220408827D-02 E2=     -0.5591924528D-02
     alpha-beta  T2 =       0.3786098356D+01 E2=     -0.5995902927D+00
     beta-beta   T2 =       0.6220408827D-02 E2=     -0.5591924528D-02
 ANorm=    0.2190556818D+01
 E2 =    -0.6107741418D+00 EUMP2 =    -0.63106537961895D+01
 Second order stability test of a single determinant RHF wave function:
 Stabil:  MDV=134217728
 ***********************************************************************
 Matrix         Lowest Root    Major Pairs
 ***********************************************************************
 Internal RHF     0.044658     Stable
 RRHF --> CRHF    0.0037076    Stable
 RRHF --> RUHF   -0.5470334    6A=7B
 Not stable.
 ***********************************************************************

 **********************************************************************

            Population analysis using the SCF density.

 **********************************************************************

 Orbital symmetries:
       Occupied  (AG) (BU) (AG) (BU) (BU) (AG)
       Virtual   (BU) (AG) (BU) (AG) (AG) (BU)
 The electronic state is 1-AG.
 Alpha  occ. eigenvalues --   -0.89042  -0.78025  -0.65132  -0.60486  -0.37247
 Alpha  occ. eigenvalues --   -0.17314
 Alpha virt. eigenvalues --   -0.10237   0.02168   0.44463   0.47702   0.75850
 Alpha virt. eigenvalues --    0.98292
          Condensed to atoms (all electrons):
               1          2          3          4          5          6
     1  H    0.758640  -0.014616   0.192833   0.279714  -0.000905  -0.044070
     2  H   -0.014616   0.694959   0.003864  -0.076170  -0.055831   0.506953
     3  H    0.192833   0.003864   0.923358  -0.051862   0.000312  -0.002570
     4  H    0.279714  -0.076170  -0.051862   0.952922  -0.000537  -0.072435
     5  H   -0.000905  -0.055831   0.000312  -0.000537   1.148942  -0.049811
     6  H   -0.044070   0.506953  -0.002570  -0.072435  -0.049811   0.658058
     7  H   -0.214590  -0.056662  -0.191435   0.318076   0.000733  -0.023710
     8  H   -0.028698   0.001615   0.318076  -0.088655   0.000262   0.001487
     9  H    0.003676   0.000179  -0.023710   0.001487  -0.000040   0.000124
    10  H   -0.000020  -0.000042   0.000733   0.000262   0.000012  -0.000040
    11  H   -0.001151   0.000115  -0.056662   0.001615  -0.000042   0.000179
    12  H   -0.089003  -0.001151  -0.214590  -0.028698  -0.000020   0.003676
               7          8          9         10         11         12
     1  H   -0.214590  -0.028698   0.003676  -0.000020  -0.001151  -0.089003
     2  H   -0.056662   0.001615   0.000179  -0.000042   0.000115  -0.001151
     3  H   -0.191435   0.318076  -0.023710   0.000733  -0.056662  -0.214590
     4  H    0.318076  -0.088655   0.001487   0.000262   0.001615  -0.028698
     5  H    0.000733   0.000262  -0.000040   0.000012  -0.000042  -0.000020
     6  H   -0.023710   0.001487   0.000124  -0.000040   0.000179   0.003676
     7  H    0.923358  -0.051862  -0.002570   0.000312   0.003864   0.192833
     8  H   -0.051862   0.952922  -0.072435  -0.000537  -0.076170   0.279714
     9  H   -0.002570  -0.072435   0.658058  -0.049811   0.506953  -0.044070
    10  H    0.000312  -0.000537  -0.049811   1.148942  -0.055831  -0.000905
    11  H    0.003864  -0.076170   0.506953  -0.055831   0.694959  -0.014616
    12  H    0.192833   0.279714  -0.044070  -0.000905  -0.014616   0.758640
 Mulliken charges:
               1
     1  H    0.158190
     2  H   -0.003211
     3  H    0.101654
     4  H   -0.235718
     5  H   -0.043074
     6  H    0.022160
     7  H    0.101654
     8  H   -0.235718
     9  H    0.022160
    10  H   -0.043074
    11  H   -0.003211
    12  H    0.158190
 Sum of Mulliken charges =   0.00000
 Mulliken charges with hydrogens summed into heavy atoms:
               1
 Electronic spatial extent (au):  <R**2>=            270.2641
 Charge=              0.0000 electrons
 Dipole moment (field-independent basis, Debye):
    X=             -0.0000    Y=              0.0000    Z=             -0.0000  Tot=              0.0000
 Quadrupole moment (field-independent basis, Debye-Ang):
   XX=            -15.7018   YY=            -24.8428   ZZ=            -15.3591
   XY=              2.3877   XZ=             -0.0000   YZ=              0.0000
 Traceless Quadrupole moment (field-independent basis, Debye-Ang):
   XX=              2.9328   YY=             -6.2082   ZZ=              3.2755
   XY=              2.3877   XZ=             -0.0000   YZ=              0.0000
 Octapole moment (field-independent basis, Debye-Ang**2):
  XXX=              0.0000  YYY=              0.0000  ZZZ=             -0.0000  XYY=              0.0000
  XXY=              0.0000  XXZ=             -0.0000  XZZ=              0.0000  YZZ=              0.0000
  YYZ=             -0.0000  XYZ=              0.0000
 Hexadecapole moment (field-independent basis, Debye-Ang**3):
 XXXX=            -50.4721 YYYY=           -719.4290 ZZZZ=            -18.4437 XXXY=             34.5600
 XXXZ=             -0.0000 YYYX=             75.0039 YYYZ=              0.0000 ZZZX=             -0.0000
 ZZZY=              0.0000 XXYY=            -94.9562 XXZZ=            -11.5204 YYZZ=            -87.7274
 XXYZ=              0.0000 YYXZ=             -0.0000 ZZXY=             11.6738
 N-N= 1.706313776586D+01 E-N=-4.488868624415D+01  KE= 6.307575593834D+00
 Symmetry AG   KE= 2.831504950654D+00
 Symmetry BG   KE= 0.000000000000D+00
 Symmetry AU   KE= 0.000000000000D+00
 Symmetry BU   KE= 3.476070643179D+00

 Test job not archived.
 1\1\GINC-SULU\Stability\RHF\Gen\H12\LCJ1\17-Feb-2017\0\\#rhf/gen scf(s
 ymm,tight,novaracc,noincfock,fulldiag) stable(crhf) guess=read geom=no
 crowd test\\hf stability analysis of h12 triangular lattice, y= 0.3540
 5513002798283\\0,1\H\H,1,1.6686728473\H,1,1.6686728473,2,155.5\H,2,1.6
 686728473,1,24.5,3,0.,0\H,2,1.6686728473,1,180.,3,0.,0\H,4,1.668672847
 3,3,180.,5,0.,0\H,6,1.6686728473,5,180.,3,0.,0\H,4,1.6686728473,2,180.
 ,3,0.,0\H,3,1.6686728473,1,180.,4,0.,0\H,9,1.6686728473,3,180.,4,0.,0\
 H,8,1.6686728473,4,180.,3,0.,0\H,7,1.6686728473,6,180.,3,0.,0\\Version
 =ES64L-G09RevE.01\State=1-AG\HF=-5.6998797\MP2=-6.3106538\RMSD=2.446e-
 09\Dipole=0.,0.,0.\Quadrupole=2.3514865,2.4352205,-4.7867069,0.,1.3999
 023,0.\PG=C02H [SGH(H12)]\\@


 YOU SHOULDN'T LET PEOPLE DRIVE YOU CRAZY
 WHEN YOU KNOW IT'S WITHIN WALKING DISTANCE.
 Job cpu time:       0 days  0 hours  0 minutes  1.0 seconds.
 File lengths (MBytes):  RWF=     84 Int=      0 D2E=      0 Chk=      2 Scr=      2
 Normal termination of Gaussian 09 at Fri Feb 17 14:54:39 2017.
