 Entering Gaussian System, Link 0=g09
 AtFile(1): H.gbs
            H     0
            S   10   1.00
               1000.000000000000            0.000068713567
                316.227766000000            0.000169141320
                100.000000000000            0.000823394812
                 31.622776600000            0.003425569236
                 10.000000000000            0.013951996000
                  3.162277660000            0.056909313560
                  1.000000000000            0.198286399900
                  0.316227766000            0.496922426700
                  0.100000000000            0.369846276400
                  0.031622776600            0.003752720039
            ****
 Initial command:
 /projects/guscus/apps/gau/g09-e1/g09/l1.exe "/users/lcj1/gaussian/h12/rhfstability/rect/guess/ag3bu3/Gau-20043.inp" -scrdir="/users/lcj1/gaussian/h12/rhfstability/rect/guess/ag3bu3/"
 Entering Link 1 = /projects/guscus/apps/gau/g09-e1/g09/l1.exe PID=     20044.
  
 Copyright (c) 1988,1990,1992,1993,1995,1998,2003,2009,2015,
            Gaussian, Inc.  All Rights Reserved.
  
 This is part of the Gaussian(R) 09 program.  It is based on
 the Gaussian(R) 03 system (copyright 2003, Gaussian, Inc.),
 the Gaussian(R) 98 system (copyright 1998, Gaussian, Inc.),
 the Gaussian(R) 94 system (copyright 1995, Gaussian, Inc.),
 the Gaussian 92(TM) system (copyright 1992, Gaussian, Inc.),
 the Gaussian 90(TM) system (copyright 1990, Gaussian, Inc.),
 the Gaussian 88(TM) system (copyright 1988, Gaussian, Inc.),
 the Gaussian 86(TM) system (copyright 1986, Carnegie Mellon
 University), and the Gaussian 82(TM) system (copyright 1983,
 Carnegie Mellon University). Gaussian is a federally registered
 trademark of Gaussian, Inc.
  
 This software contains proprietary and confidential information,
 including trade secrets, belonging to Gaussian, Inc.
  
 This software is provided under written license and may be
 used, copied, transmitted, or stored only in accord with that
 written license.
  
 The following legend is applicable only to US Government
 contracts under FAR:
  
                    RESTRICTED RIGHTS LEGEND
  
 Use, reproduction and disclosure by the US Government is
 subject to restrictions as set forth in subparagraphs (a)
 and (c) of the Commercial Computer Software - Restricted
 Rights clause in FAR 52.227-19.
  
 Gaussian, Inc.
 340 Quinnipiac St., Bldg. 40, Wallingford CT 06492
  
  
 ---------------------------------------------------------------
 Warning -- This program may not be used in any manner that
 competes with the business of Gaussian, Inc. or will provide
 assistance to any competitor of Gaussian, Inc.  The licensee
 of this program is prohibited from giving any competitor of
 Gaussian, Inc. access to this program.  By using this program,
 the user acknowledges that Gaussian, Inc. is engaged in the
 business of creating and licensing software in the field of
 computational chemistry and represents and warrants to the
 licensee that it is not a competitor of Gaussian, Inc. and that
 it will not use this program in any manner prohibited above.
 ---------------------------------------------------------------
  

 Cite this work as:
 Gaussian 09, Revision E.01,
 M. J. Frisch, G. W. Trucks, H. B. Schlegel, G. E. Scuseria, 
 M. A. Robb, J. R. Cheeseman, G. Scalmani, V. Barone, B. Mennucci, 
 G. A. Petersson, H. Nakatsuji, M. Caricato, X. Li, H. P. Hratchian, 
 A. F. Izmaylov, J. Bloino, G. Zheng, J. L. Sonnenberg, M. Hada, 
 M. Ehara, K. Toyota, R. Fukuda, J. Hasegawa, M. Ishida, T. Nakajima, 
 Y. Honda, O. Kitao, H. Nakai, T. Vreven, J. A. Montgomery, Jr., 
 J. E. Peralta, F. Ogliaro, M. Bearpark, J. J. Heyd, E. Brothers, 
 K. N. Kudin, V. N. Staroverov, T. Keith, R. Kobayashi, J. Normand, 
 K. Raghavachari, A. Rendell, J. C. Burant, S. S. Iyengar, J. Tomasi, 
 M. Cossi, N. Rega, J. M. Millam, M. Klene, J. E. Knox, J. B. Cross, 
 V. Bakken, C. Adamo, J. Jaramillo, R. Gomperts, R. E. Stratmann, 
 O. Yazyev, A. J. Austin, R. Cammi, C. Pomelli, J. W. Ochterski, 
 R. L. Martin, K. Morokuma, V. G. Zakrzewski, G. A. Voth, 
 P. Salvador, J. J. Dannenberg, S. Dapprich, A. D. Daniels, 
 O. Farkas, J. B. Foresman, J. V. Ortiz, J. Cioslowski, 
 and D. J. Fox, Gaussian, Inc., Wallingford CT, 2013.
 
 ******************************************
 Gaussian 09:  ES64L-G09RevE.01 30-Nov-2015
                17-Feb-2017 
 ******************************************
 %chk=h12.chk
 ----------------------------------------------------------------------
 #rhf/gen scf(symm,tight,novaracc,noincfock,fulldiag) stable(crhf) gues
 s=read geom=nocrowd test
 ----------------------------------------------------------------------
 1/38=1/1;
 2/12=1,17=6,18=5,40=1/2;
 3/5=7,16=1,25=1,30=1,116=1/1,2,3;
 4/5=1,9=4/1;
 5/5=100002,15=2,16=1,32=2,38=6/2;
 8/6=1,10=90,11=11/1,4;
 9/8=4,13=1/2;
 6/7=2,8=2,9=2,10=2,28=1/1;
 99/5=1,9=1/99;
 ----------------------------------------------------------------------
 hf stability analysis of h12 triangular lattice, y= 0.5657123745340343
 3
 ----------------------------------------------------------------------
 Symbolic Z-matrix:
 Charge =  0 Multiplicity = 1
 H
 H                    1     1.16688 
 H                    1     1.16688  2     122. 
 H                    2     1.16688  1     58.      3     0.       0
 H                    2     1.16688  1     180.     3     0.       0
 H                    4     1.16688  3     180.     5     0.       0
 H                    6     1.16688  5     180.     3     0.       0
 H                    4     1.16688  2     180.     3     0.       0
 H                    3     1.16688  1     180.     4     0.       0
 H                    9     1.16688  3     180.     4     0.       0
 H                    8     1.16688  4     180.     3     0.       0
 H                    7     1.16688  6     180.     3     0.       0
 
                          Input orientation:                          
 ---------------------------------------------------------------------
 Center     Atomic      Atomic             Coordinates (Angstroms)
 Number     Number       Type             X           Y           Z
 ---------------------------------------------------------------------
      1          1           0        0.000000    0.000000    0.000000
      2          1           0        0.000000    0.000000    1.166875
      3          1           0        0.989566    0.000000   -0.618350
      4          1           0        0.989566    0.000000    0.548526
      5          1           0        0.000000    0.000000    2.333751
      6          1           0        0.989566    0.000000    1.715401
      7          1           0        1.979133    0.000000    1.097051
      8          1           0        1.979133    0.000000   -0.069824
      9          1           0        1.979133    0.000000   -1.236699
     10          1           0        2.968699    0.000000   -1.855049
     11          1           0        2.968699    0.000000   -0.688174
     12          1           0        2.968699    0.000000    0.478701
 ---------------------------------------------------------------------
                    Distance matrix (angstroms):
                    1          2          3          4          5
     1  H    0.000000
     2  H    1.166875   0.000000
     3  H    1.166875   2.041144   0.000000
     4  H    1.131425   1.166875   1.166875   0.000000
     5  H    2.333751   1.166875   3.113541   2.041144   0.000000
     6  H    1.980364   1.131425   2.333751   1.166875   1.166875
     7  H    2.262849   1.980364   1.980364   1.131425   2.333751
     8  H    1.980364   2.333751   1.131425   1.166875   3.113541
     9  H    2.333751   3.113541   1.166875   2.041144   4.082288
    10  H    3.500626   4.236178   2.333751   3.113541   5.134123
    11  H    3.047418   3.500626   1.980364   2.333751   4.236178
    12  H    3.007047   3.047418   2.262849   1.980364   3.500626
                    6          7          8          9         10
     6  H    0.000000
     7  H    1.166875   0.000000
     8  H    2.041144   1.166875   0.000000
     9  H    3.113541   2.333751   1.166875   0.000000
    10  H    4.082288   3.113541   2.041144   1.166875   0.000000
    11  H    3.113541   2.041144   1.166875   1.131425   1.166875
    12  H    2.333751   1.166875   1.131425   1.980364   2.333751
                   11         12
    11  H    0.000000
    12  H    1.166875   0.000000
 Stoichiometry    H12
 Framework group  C2H[SGH(H12)]
 Deg. of freedom    11
 Full point group                 C2H     NOp   4
 Largest Abelian subgroup         C2H     NOp   4
 Largest concise Abelian subgroup C2      NOp   2
                         Standard orientation:                         
 ---------------------------------------------------------------------
 Center     Atomic      Atomic             Coordinates (Angstroms)
 Number     Number       Type             X           Y           Z
 ---------------------------------------------------------------------
      1          1           0        0.989566    1.131963    0.000000
      2          1           0        0.000000    1.750313    0.000000
      3          1           0        0.989566   -0.034912    0.000000
      4          1           0        0.000000    0.583438    0.000000
      5          1           0       -0.989566    2.368663    0.000000
      6          1           0       -0.989566    1.201787    0.000000
      7          1           0       -0.989566    0.034912    0.000000
      8          1           0       -0.000000   -0.583438    0.000000
      9          1           0        0.989566   -1.201787    0.000000
     10          1           0        0.989566   -2.368663    0.000000
     11          1           0       -0.000000   -1.750313    0.000000
     12          1           0       -0.989566   -1.131963    0.000000
 ---------------------------------------------------------------------
 Rotational constants (GHZ):     78.0011374     20.1485224     16.0123598
 General basis read from cards:  (5D, 7F)
 There are     6 symmetry adapted cartesian basis functions of AG  symmetry.
 There are     0 symmetry adapted cartesian basis functions of BG  symmetry.
 There are     0 symmetry adapted cartesian basis functions of AU  symmetry.
 There are     6 symmetry adapted cartesian basis functions of BU  symmetry.
 There are     6 symmetry adapted basis functions of AG  symmetry.
 There are     0 symmetry adapted basis functions of BG  symmetry.
 There are     0 symmetry adapted basis functions of AU  symmetry.
 There are     6 symmetry adapted basis functions of BU  symmetry.
    12 basis functions,   120 primitive gaussians,    12 cartesian basis functions
     6 alpha electrons        6 beta electrons
       nuclear repulsion energy        19.4556192596 Hartrees.
 NAtoms=   12 NActive=   12 NUniq=    6 SFac= 4.00D+00 NAtFMM=   60 NAOKFM=F Big=F
 Integral buffers will be    131072 words long.
 Regular integral format.
 Two-electron integral symmetry is turned on.
 One-electron integrals computed using PRISM.
 NBasis=    12 RedAO= T EigKep=  1.83D-01  NBF=     6     0     0     6
 NBsUse=    12 1.00D-06 EigRej= -1.00D+00 NBFU=     6     0     0     6
 Initial guess from the checkpoint file:  "h12.chk"
 B after Tr=     0.000000    0.000000    0.000000
         Rot=    0.996448   -0.000000    0.000000   -0.084205 Ang=  -9.66 deg.
 Initial guess orbital symmetries:
       Occupied  (AG) (BU) (AG) (BU) (BU) (AG)
       Virtual   (BU) (AG) (BU) (AG) (AG) (BU)
 Keep R1 ints in memory in symmetry-blocked form, NReq=903448.
 Requested convergence on RMS density matrix=1.00D-08 within 128 cycles.
 Requested convergence on MAX density matrix=1.00D-06.
 Requested convergence on             energy=1.00D-06.
 No special actions if energy rises.
 SCF Done:  E(RHF) =  -5.93949094053     A.U. after   13 cycles
            NFock= 13  Conv=0.36D-08     -V/T= 1.9632
 Range of M.O.s used for correlation:     1    12
 NBasis=    12 NAE=     6 NBE=     6 NFC=     0 NFV=     0
 NROrb=     12 NOA=     6 NOB=     6 NVA=     6 NVB=     6
 Semi-Direct transformation.
 ModeAB=           4 MOrb=             6 LenV=     134084437
 LASXX=         2181 LTotXX=        2181 LenRXX=        5115
 LTotAB=        2934 MaxLAS=        3024 LenRXY=           0
 NonZer=        7296 LenScr=      655360 LnRSAI=        3024
 LnScr1=      655360 LExtra=           0 Total=      1318859
 MaxDsk=          -1 SrtSym=           T ITran=            3
 JobTyp=0 Pass  1:  I=   1 to   6.
 (rs|ai) integrals will be sorted in core.
 Spin components of T(2) and E(2):
     alpha-alpha T2 =       0.4551744968D-02 E2=     -0.6918957832D-02
     alpha-beta  T2 =       0.6264710491D-01 E2=     -0.9860866707D-01
     beta-beta   T2 =       0.4551744968D-02 E2=     -0.6918957832D-02
 ANorm=    0.1035253879D+01
 E2 =    -0.1124465827D+00 EUMP2 =    -0.60519375232625D+01
 Second order stability test of a single determinant RHF wave function:
 Stabil:  MDV=134217728
 ***********************************************************************
 Matrix         Lowest Root    Major Pairs
 ***********************************************************************
 Internal RHF     0.2118427    Stable
 RRHF --> CRHF    0.1710096    Stable
 RRHF --> RUHF    0.0620661    Stable
 Stable under the perturbations considered.
 ***********************************************************************

 **********************************************************************

            Population analysis using the SCF density.

 **********************************************************************

 Orbital symmetries:
       Occupied  (AG) (BU) (BU) (AG) (AG) (BU)
       Virtual   (AG) (BU) (AG) (BU) (BU) (AG)
 The electronic state is 1-AG.
 Alpha  occ. eigenvalues --   -0.96534  -0.79005  -0.61510  -0.56451  -0.37997
 Alpha  occ. eigenvalues --   -0.31792
 Alpha virt. eigenvalues --    0.11724   0.21513   0.21619   0.37854   0.50223
 Alpha virt. eigenvalues --    0.56737
          Condensed to atoms (all electrons):
               1          2          3          4          5          6
     1  H    1.042800   0.252421  -0.089025   0.200393  -0.059385  -0.125034
     2  H    0.252421   0.701470  -0.034317  -0.078610   0.209454  -0.023765
     3  H   -0.089025  -0.034317   0.910080  -0.056694   0.013423  -0.021534
     4  H    0.200393  -0.078610  -0.056694   1.028222  -0.151735   0.074850
     5  H   -0.059385   0.209454   0.013423  -0.151735   1.010114   0.145125
     6  H   -0.125034  -0.023765  -0.021534   0.074850   0.145125   0.753289
     7  H   -0.054516  -0.103168  -0.078902   0.321476  -0.070706   0.218902
     8  H   -0.084197  -0.026225   0.321476  -0.203030   0.020871  -0.034052
     9  H   -0.062975  -0.008657   0.218902  -0.034052   0.002748   0.013376
    10  H    0.004212  -0.000236  -0.070706   0.020871  -0.000880   0.002748
    11  H    0.018215   0.009242  -0.103168  -0.026225  -0.000236  -0.008657
    12  H    0.019704   0.018215  -0.054516  -0.084197   0.004212  -0.062975
               7          8          9         10         11         12
     1  H   -0.054516  -0.084197  -0.062975   0.004212   0.018215   0.019704
     2  H   -0.103168  -0.026225  -0.008657  -0.000236   0.009242   0.018215
     3  H   -0.078902   0.321476   0.218902  -0.070706  -0.103168  -0.054516
     4  H    0.321476  -0.203030  -0.034052   0.020871  -0.026225  -0.084197
     5  H   -0.070706   0.020871   0.002748  -0.000880  -0.000236   0.004212
     6  H    0.218902  -0.034052   0.013376   0.002748  -0.008657  -0.062975
     7  H    0.910080  -0.056694  -0.021534   0.013423  -0.034317  -0.089025
     8  H   -0.056694   1.028222   0.074850  -0.151735  -0.078610   0.200393
     9  H   -0.021534   0.074850   0.753289   0.145125  -0.023765  -0.125034
    10  H    0.013423  -0.151735   0.145125   1.010114   0.209454  -0.059385
    11  H   -0.034317  -0.078610  -0.023765   0.209454   0.701470   0.252421
    12  H   -0.089025   0.200393  -0.125034  -0.059385   0.252421   1.042800
 Mulliken charges:
               1
     1  H   -0.062614
     2  H    0.084178
     3  H    0.044981
     4  H   -0.011270
     5  H   -0.123003
     6  H    0.067728
     7  H    0.044981
     8  H   -0.011270
     9  H    0.067728
    10  H   -0.123003
    11  H    0.084178
    12  H   -0.062614
 Sum of Mulliken charges =   0.00000
 Mulliken charges with hydrogens summed into heavy atoms:
               1
 Electronic spatial extent (au):  <R**2>=            154.5571
 Charge=              0.0000 electrons
 Dipole moment (field-independent basis, Debye):
    X=              0.0000    Y=             -0.0000    Z=              0.0000  Tot=              0.0000
 Quadrupole moment (field-independent basis, Debye-Ang):
   XX=            -17.8063   YY=            -24.3106   ZZ=            -15.3469
   XY=              1.6865   XZ=              0.0000   YZ=              0.0000
 Traceless Quadrupole moment (field-independent basis, Debye-Ang):
   XX=              1.3483   YY=             -5.1560   ZZ=              3.8077
   XY=              1.6865   XZ=              0.0000   YZ=              0.0000
 Octapole moment (field-independent basis, Debye-Ang**2):
  XXX=              0.0000  YYY=              0.0000  ZZZ=              0.0000  XYY=              0.0000
  XXY=              0.0000  XXZ=              0.0000  XZZ=              0.0000  YZZ=              0.0000
  YYZ=              0.0000  XYZ=              0.0000
 Hexadecapole moment (field-independent basis, Debye-Ang**3):
 XXXX=            -86.7457 YYYY=           -276.6575 ZZZZ=            -18.2707 XXXY=             24.0252
 XXXZ=              0.0000 YYYX=             36.0535 YYYZ=              0.0000 ZZZX=              0.0000
 ZZZY=              0.0000 XXYY=            -61.6300 XXZZ=            -17.2961 YYZZ=            -40.2102
 XXYZ=              0.0000 YYXZ=              0.0000 ZZXY=              7.0652
 N-N= 1.945561925965D+01 E-N=-4.969090315745D+01  KE= 6.166462389321D+00
 Symmetry AG   KE= 2.946964645651D+00
 Symmetry BG   KE= 0.000000000000D+00
 Symmetry AU   KE= 0.000000000000D+00
 Symmetry BU   KE= 3.219497743670D+00

 Test job not archived.
 1\1\GINC-SULU\Stability\RHF\Gen\H12\LCJ1\17-Feb-2017\0\\#rhf/gen scf(s
 ymm,tight,novaracc,noincfock,fulldiag) stable(crhf) guess=read geom=no
 crowd test\\hf stability analysis of h12 triangular lattice, y= 0.5657
 1237453403433\\0,1\H\H,1,1.1668752775\H,1,1.1668752775,2,122.\H,2,1.16
 68752775,1,58.,3,0.,0\H,2,1.1668752775,1,180.,3,0.,0\H,4,1.1668752775,
 3,180.,5,0.,0\H,6,1.1668752775,5,180.,3,0.,0\H,4,1.1668752775,2,180.,3
 ,0.,0\H,3,1.1668752775,1,180.,4,0.,0\H,9,1.1668752775,3,180.,4,0.,0\H,
 8,1.1668752775,4,180.,3,0.,0\H,7,1.1668752775,6,180.,3,0.,0\\Version=E
 S64L-G09RevE.01\State=1-AG\HF=-5.9394909\MP2=-6.0519375\RMSD=3.601e-09
 \Dipole=0.,0.,0.\Quadrupole=-1.3484621,2.8309334,-1.4824713,0.,2.72283
 6,0.\PG=C02H [SGH(H12)]\\@


 ERROR IS A HARDY PLANT... IT FLOURISHETH IN EVERY SOIL.
            MARTIN FARQUHAR TUPPER
 Job cpu time:       0 days  0 hours  0 minutes  1.1 seconds.
 File lengths (MBytes):  RWF=     84 Int=      0 D2E=      0 Chk=      2 Scr=      2
 Normal termination of Gaussian 09 at Fri Feb 17 14:58:12 2017.
