 Entering Gaussian System, Link 0=g09
 AtFile(1): H.gbs
            H     0
            S   10   1.00
               1000.000000000000            0.000068713567
                316.227766000000            0.000169141320
                100.000000000000            0.000823394812
                 31.622776600000            0.003425569236
                 10.000000000000            0.013951996000
                  3.162277660000            0.056909313560
                  1.000000000000            0.198286399900
                  0.316227766000            0.496922426700
                  0.100000000000            0.369846276400
                  0.031622776600            0.003752720039
            ****
 Initial command:
 /projects/guscus/apps/gau/g09-e1/g09/l1.exe "/users/lcj1/gaussian/h12/rhfstability/rect/guess/ag3bu3/Gau-8918.inp" -scrdir="/users/lcj1/gaussian/h12/rhfstability/rect/guess/ag3bu3/"
 Entering Link 1 = /projects/guscus/apps/gau/g09-e1/g09/l1.exe PID=      8919.
  
 Copyright (c) 1988,1990,1992,1993,1995,1998,2003,2009,2015,
            Gaussian, Inc.  All Rights Reserved.
  
 This is part of the Gaussian(R) 09 program.  It is based on
 the Gaussian(R) 03 system (copyright 2003, Gaussian, Inc.),
 the Gaussian(R) 98 system (copyright 1998, Gaussian, Inc.),
 the Gaussian(R) 94 system (copyright 1995, Gaussian, Inc.),
 the Gaussian 92(TM) system (copyright 1992, Gaussian, Inc.),
 the Gaussian 90(TM) system (copyright 1990, Gaussian, Inc.),
 the Gaussian 88(TM) system (copyright 1988, Gaussian, Inc.),
 the Gaussian 86(TM) system (copyright 1986, Carnegie Mellon
 University), and the Gaussian 82(TM) system (copyright 1983,
 Carnegie Mellon University). Gaussian is a federally registered
 trademark of Gaussian, Inc.
  
 This software contains proprietary and confidential information,
 including trade secrets, belonging to Gaussian, Inc.
  
 This software is provided under written license and may be
 used, copied, transmitted, or stored only in accord with that
 written license.
  
 The following legend is applicable only to US Government
 contracts under FAR:
  
                    RESTRICTED RIGHTS LEGEND
  
 Use, reproduction and disclosure by the US Government is
 subject to restrictions as set forth in subparagraphs (a)
 and (c) of the Commercial Computer Software - Restricted
 Rights clause in FAR 52.227-19.
  
 Gaussian, Inc.
 340 Quinnipiac St., Bldg. 40, Wallingford CT 06492
  
  
 ---------------------------------------------------------------
 Warning -- This program may not be used in any manner that
 competes with the business of Gaussian, Inc. or will provide
 assistance to any competitor of Gaussian, Inc.  The licensee
 of this program is prohibited from giving any competitor of
 Gaussian, Inc. access to this program.  By using this program,
 the user acknowledges that Gaussian, Inc. is engaged in the
 business of creating and licensing software in the field of
 computational chemistry and represents and warrants to the
 licensee that it is not a competitor of Gaussian, Inc. and that
 it will not use this program in any manner prohibited above.
 ---------------------------------------------------------------
  

 Cite this work as:
 Gaussian 09, Revision E.01,
 M. J. Frisch, G. W. Trucks, H. B. Schlegel, G. E. Scuseria, 
 M. A. Robb, J. R. Cheeseman, G. Scalmani, V. Barone, B. Mennucci, 
 G. A. Petersson, H. Nakatsuji, M. Caricato, X. Li, H. P. Hratchian, 
 A. F. Izmaylov, J. Bloino, G. Zheng, J. L. Sonnenberg, M. Hada, 
 M. Ehara, K. Toyota, R. Fukuda, J. Hasegawa, M. Ishida, T. Nakajima, 
 Y. Honda, O. Kitao, H. Nakai, T. Vreven, J. A. Montgomery, Jr., 
 J. E. Peralta, F. Ogliaro, M. Bearpark, J. J. Heyd, E. Brothers, 
 K. N. Kudin, V. N. Staroverov, T. Keith, R. Kobayashi, J. Normand, 
 K. Raghavachari, A. Rendell, J. C. Burant, S. S. Iyengar, J. Tomasi, 
 M. Cossi, N. Rega, J. M. Millam, M. Klene, J. E. Knox, J. B. Cross, 
 V. Bakken, C. Adamo, J. Jaramillo, R. Gomperts, R. E. Stratmann, 
 O. Yazyev, A. J. Austin, R. Cammi, C. Pomelli, J. W. Ochterski, 
 R. L. Martin, K. Morokuma, V. G. Zakrzewski, G. A. Voth, 
 P. Salvador, J. J. Dannenberg, S. Dapprich, A. D. Daniels, 
 O. Farkas, J. B. Foresman, J. V. Ortiz, J. Cioslowski, 
 and D. J. Fox, Gaussian, Inc., Wallingford CT, 2013.
 
 ******************************************
 Gaussian 09:  ES64L-G09RevE.01 30-Nov-2015
                17-Feb-2017 
 ******************************************
 %chk=h12.chk
 ----------------------------------------------------------------------
 #rhf/gen scf(symm,tight,novaracc,noincfock,fulldiag) stable(crhf) gues
 s=read geom=nocrowd test
 ----------------------------------------------------------------------
 1/38=1/1;
 2/12=1,17=6,18=5,40=1/2;
 3/5=7,16=1,25=1,30=1,116=1/1,2,3;
 4/5=1,9=4/1;
 5/5=100002,15=2,16=1,32=2,38=6/2;
 8/6=1,10=90,11=11/1,4;
 9/8=4,13=1/2;
 6/7=2,8=2,9=2,10=2,28=1/1;
 99/5=1,9=1/99;
 ----------------------------------------------------------------------
 hf stability analysis of h12 triangular lattice, y= 1.3232044396011293
 ----------------------------------------------------------------------
 Symbolic Z-matrix:
 Charge =  0 Multiplicity = 1
 H
 H                    1     1.39329 
 H                    1     1.39329  2     36.5 
 H                    2     1.39329  1     143.5    3     0.       0
 H                    2     1.39329  1     180.     3     0.       0
 H                    4     1.39329  3     180.     5     0.       0
 H                    6     1.39329  5     180.     3     0.       0
 H                    4     1.39329  2     180.     3     0.       0
 H                    3     1.39329  1     180.     4     0.       0
 H                    9     1.39329  3     180.     4     0.       0
 H                    8     1.39329  4     180.     3     0.       0
 H                    7     1.39329  6     180.     3     0.       0
 
                          Input orientation:                          
 ---------------------------------------------------------------------
 Center     Atomic      Atomic             Coordinates (Angstroms)
 Number     Number       Type             X           Y           Z
 ---------------------------------------------------------------------
      1          1           0        0.000000    0.000000    0.000000
      2          1           0        0.000000    0.000000    1.393288
      3          1           0        0.828759    0.000000    1.120004
      4          1           0        0.828759    0.000000    2.513292
      5          1           0        0.000000    0.000000    2.786576
      6          1           0        0.828759    0.000000    3.906580
      7          1           0        1.657519    0.000000    5.026584
      8          1           0        1.657519    0.000000    3.633296
      9          1           0        1.657519    0.000000    2.240008
     10          1           0        2.486278    0.000000    3.360012
     11          1           0        2.486278    0.000000    4.753300
     12          1           0        2.486278    0.000000    6.146588
 ---------------------------------------------------------------------
                    Distance matrix (angstroms):
                    1          2          3          4          5
     1  H    0.000000
     2  H    1.393288   0.000000
     3  H    1.393288   0.872655   0.000000
     4  H    2.646409   1.393288   1.393288   0.000000
     5  H    2.786576   1.393288   1.861264   0.872655   0.000000
     6  H    3.993521   2.646409   2.786576   1.393288   1.393288
     7  H    5.292818   3.993521   3.993521   2.646409   2.786576
     8  H    3.993521   2.786576   2.646409   1.393288   1.861264
     9  H    2.786576   1.861264   1.393288   0.872655   1.745310
    10  H    4.179864   3.170108   2.786576   1.861264   2.551550
    11  H    5.364275   4.179864   3.993521   2.786576   3.170108
    12  H    6.630394   5.364275   5.292818   3.993521   4.179864
                    6          7          8          9         10
     6  H    0.000000
     7  H    1.393288   0.000000
     8  H    0.872655   1.393288   0.000000
     9  H    1.861264   2.786576   1.393288   0.000000
    10  H    1.745310   1.861264   0.872655   1.393288   0.000000
    11  H    1.861264   0.872655   1.393288   2.646409   1.393288
    12  H    2.786576   1.393288   2.646409   3.993521   2.786576
                   11         12
    11  H    0.000000
    12  H    1.393288   0.000000
 Stoichiometry    H12
 Framework group  C2H[SGH(H12)]
 Deg. of freedom    11
 Full point group                 C2H     NOp   4
 Largest Abelian subgroup         C2H     NOp   4
 Largest concise Abelian subgroup C2      NOp   2
                         Standard orientation:                         
 ---------------------------------------------------------------------
 Center     Atomic      Atomic             Coordinates (Angstroms)
 Number     Number       Type             X           Y           Z
 ---------------------------------------------------------------------
      1          1           0        0.828759    3.209936    0.000000
      2          1           0        0.000000    2.089932    0.000000
      3          1           0        0.828759    1.816648    0.000000
      4          1           0        0.000000    0.696644    0.000000
      5          1           0       -0.828759    0.969928    0.000000
      6          1           0       -0.828759   -0.423360   -0.000000
      7          1           0       -0.828759   -1.816648    0.000000
      8          1           0       -0.000000   -0.696644    0.000000
      9          1           0        0.828759    0.423360   -0.000000
     10          1           0        0.828759   -0.969928    0.000000
     11          1           0       -0.000000   -2.089932    0.000000
     12          1           0       -0.828759   -3.209936    0.000000
 ---------------------------------------------------------------------
 Rotational constants (GHZ):    127.6186043     12.3148762     11.2311029
 General basis read from cards:  (5D, 7F)
 There are     6 symmetry adapted cartesian basis functions of AG  symmetry.
 There are     0 symmetry adapted cartesian basis functions of BG  symmetry.
 There are     0 symmetry adapted cartesian basis functions of AU  symmetry.
 There are     6 symmetry adapted cartesian basis functions of BU  symmetry.
 There are     6 symmetry adapted basis functions of AG  symmetry.
 There are     0 symmetry adapted basis functions of BG  symmetry.
 There are     0 symmetry adapted basis functions of AU  symmetry.
 There are     6 symmetry adapted basis functions of BU  symmetry.
    12 basis functions,   120 primitive gaussians,    12 cartesian basis functions
     6 alpha electrons        6 beta electrons
       nuclear repulsion energy        18.1161175755 Hartrees.
 NAtoms=   12 NActive=   12 NUniq=    6 SFac= 4.00D+00 NAtFMM=   60 NAOKFM=F Big=F
 Integral buffers will be    131072 words long.
 Regular integral format.
 Two-electron integral symmetry is turned on.
 One-electron integrals computed using PRISM.
 NBasis=    12 RedAO= T EigKep=  1.39D-01  NBF=     6     0     0     6
 NBsUse=    12 1.00D-06 EigRej= -1.00D+00 NBFU=     6     0     0     6
 Initial guess from the checkpoint file:  "h12.chk"
 B after Tr=    -0.000000    0.000000    0.000000
         Rot=    0.961624    0.000000    0.000000   -0.274370 Ang= -31.85 deg.
 Initial guess orbital symmetries:
       Occupied  (AG) (BU) (AG) (BU) (BU) (AG)
       Virtual   (BU) (AG) (BU) (AG) (AG) (BU)
 Keep R1 ints in memory in symmetry-blocked form, NReq=899864.
 Requested convergence on RMS density matrix=1.00D-08 within 128 cycles.
 Requested convergence on MAX density matrix=1.00D-06.
 Requested convergence on             energy=1.00D-06.
 No special actions if energy rises.
 SCF Done:  E(RHF) =  -5.84376057303     A.U. after   16 cycles
            NFock= 16  Conv=0.24D-08     -V/T= 1.9535
 Range of M.O.s used for correlation:     1    12
 NBasis=    12 NAE=     6 NBE=     6 NFC=     0 NFV=     0
 NROrb=     12 NOA=     6 NOB=     6 NVA=     6 NVB=     6
 Semi-Direct transformation.
 ModeAB=           4 MOrb=             6 LenV=     134088217
 LASXX=         2181 LTotXX=        2181 LenRXX=        5115
 LTotAB=        2934 MaxLAS=        3024 LenRXY=           0
 NonZer=        7296 LenScr=      655360 LnRSAI=        3024
 LnScr1=      655360 LExtra=           0 Total=      1318859
 MaxDsk=          -1 SrtSym=           T ITran=            3
 JobTyp=0 Pass  1:  I=   1 to   6.
 (rs|ai) integrals will be sorted in core.
 Spin components of T(2) and E(2):
     alpha-alpha T2 =       0.3804914955D-02 E2=     -0.5462560130D-02
     alpha-beta  T2 =       0.8035585773D-01 E2=     -0.1031723703D+00
     beta-beta   T2 =       0.3804914955D-02 E2=     -0.5462560130D-02
 ANorm=    0.1043055937D+01
 E2 =    -0.1140974905D+00 EUMP2 =    -0.59578580635624D+01
 Second order stability test of a single determinant RHF wave function:
 Stabil:  MDV=134217728
 ***********************************************************************
 Matrix         Lowest Root    Major Pairs
 ***********************************************************************
 Internal RHF     0.0439342    Stable
 RRHF --> CRHF    0.0160545    Stable
 RRHF --> RUHF   -0.0878928    6A=7B 4A=8B 3A=7B 5A=8B 2A=9B
 Not stable.
 ***********************************************************************

 **********************************************************************

            Population analysis using the SCF density.

 **********************************************************************

 Orbital symmetries:
       Occupied  (AG) (BU) (AG) (BU) (BU) (AG)
       Virtual   (AG) (BU) (BU) (AG) (AG) (BU)
 The electronic state is 1-AG.
 Alpha  occ. eigenvalues --   -0.84147  -0.74916  -0.59809  -0.45249  -0.38957
 Alpha  occ. eigenvalues --   -0.22793
 Alpha virt. eigenvalues --    0.00207   0.07077   0.32963   0.43042   0.59104
 Alpha virt. eigenvalues --    0.79486
          Condensed to atoms (all electrons):
               1          2          3          4          5          6
     1  H    0.640817   0.070822   0.205011  -0.042678  -0.035733   0.004958
     2  H    0.070822   0.882724   0.027265  -0.057776   0.266948  -0.029004
     3  H    0.205011   0.027265   0.660013  -0.025975  -0.142252   0.003397
     4  H   -0.042678  -0.057776  -0.025975   0.824193   0.217160  -0.049668
     5  H   -0.035733   0.266948  -0.142252   0.217160   1.152226  -0.091782
     6  H    0.004958  -0.029004   0.003397  -0.049668  -0.091782   1.246412
     7  H    0.000198  -0.002179   0.001824  -0.002176  -0.014314   0.172106
     8  H    0.003317  -0.007176  -0.002176  -0.108229  -0.058556   0.347768
     9  H   -0.009718  -0.185489   0.172106   0.347768  -0.220914  -0.041130
    10  H   -0.001297   0.017057  -0.014314  -0.058556   0.019107  -0.220914
    11  H   -0.000267   0.003953  -0.002179  -0.007176   0.017057  -0.185489
    12  H   -0.000016  -0.000267   0.000198   0.003317  -0.001297  -0.009718
               7          8          9         10         11         12
     1  H    0.000198   0.003317  -0.009718  -0.001297  -0.000267  -0.000016
     2  H   -0.002179  -0.007176  -0.185489   0.017057   0.003953  -0.000267
     3  H    0.001824  -0.002176   0.172106  -0.014314  -0.002179   0.000198
     4  H   -0.002176  -0.108229   0.347768  -0.058556  -0.007176   0.003317
     5  H   -0.014314  -0.058556  -0.220914   0.019107   0.017057  -0.001297
     6  H    0.172106   0.347768  -0.041130  -0.220914  -0.185489  -0.009718
     7  H    0.660013  -0.025975   0.003397  -0.142252   0.027265   0.205011
     8  H   -0.025975   0.824193  -0.049668   0.217160  -0.057776  -0.042678
     9  H    0.003397  -0.049668   1.246412  -0.091782  -0.029004   0.004958
    10  H   -0.142252   0.217160  -0.091782   1.152226   0.266948  -0.035733
    11  H    0.027265  -0.057776  -0.029004   0.266948   0.882724   0.070822
    12  H    0.205011  -0.042678   0.004958  -0.035733   0.070822   0.640817
 Mulliken charges:
               1
     1  H    0.164587
     2  H    0.013122
     3  H    0.117081
     4  H   -0.040205
     5  H   -0.107650
     6  H   -0.146936
     7  H    0.117081
     8  H   -0.040205
     9  H   -0.146936
    10  H   -0.107650
    11  H    0.013122
    12  H    0.164587
 Sum of Mulliken charges =  -0.00000
 Mulliken charges with hydrogens summed into heavy atoms:
               1
 Electronic spatial extent (au):  <R**2>=            183.8156
 Charge=             -0.0000 electrons
 Dipole moment (field-independent basis, Debye):
    X=             -0.0000    Y=             -0.0000    Z=              0.0000  Tot=              0.0000
 Quadrupole moment (field-independent basis, Debye-Ang):
   XX=            -18.1071   YY=              0.8379   ZZ=            -15.5118
   XY=              6.6389   XZ=             -0.0000   YZ=             -0.0000
 Traceless Quadrupole moment (field-independent basis, Debye-Ang):
   XX=             -7.1801   YY=             11.7649   ZZ=             -4.5848
   XY=              6.6389   XZ=             -0.0000   YZ=             -0.0000
 Octapole moment (field-independent basis, Debye-Ang**2):
  XXX=              0.0000  YYY=             -0.0000  ZZZ=             -0.0000  XYY=             -0.0000
  XXY=             -0.0000  XXZ=             -0.0000  XZZ=              0.0000  YZZ=              0.0000
  YYZ=              0.0000  XYZ=              0.0000
 Hexadecapole moment (field-independent basis, Debye-Ang**3):
 XXXX=            -70.3777 YYYY=           -114.3992 ZZZZ=            -18.6860 XXXY=            -22.6704
 XXXZ=              0.0000 YYYX=             30.8662 YYYZ=             -0.0000 ZZZX=              0.0000
 ZZZY=              0.0000 XXYY=            -55.2512 XXZZ=            -14.6087 YYZZ=            -55.6271
 XXYZ=              0.0000 YYXZ=             -0.0000 ZZXY=             -8.5727
 N-N= 1.811611757551D+01 E-N=-4.753107999668D+01  KE= 6.128771224141D+00
 Symmetry AG   KE= 3.013350847212D+00
 Symmetry BG   KE= 0.000000000000D+00
 Symmetry AU   KE= 0.000000000000D+00
 Symmetry BU   KE= 3.115420376929D+00

 Test job not archived.
 1\1\GINC-SULU\Stability\RHF\Gen\H12\LCJ1\17-Feb-2017\0\\#rhf/gen scf(s
 ymm,tight,novaracc,noincfock,fulldiag) stable(crhf) guess=read geom=no
 crowd test\\hf stability analysis of h12 triangular lattice, y= 1.3232
 044396011293\\0,1\H\H,1,1.3932880297\H,1,1.3932880297,2,36.5\H,2,1.393
 2880297,1,143.5,3,0.,0\H,2,1.3932880297,1,180.,3,0.,0\H,4,1.3932880297
 ,3,180.,5,0.,0\H,6,1.3932880297,5,180.,3,0.,0\H,4,1.3932880297,2,180.,
 3,0.,0\H,3,1.3932880297,1,180.,4,0.,0\H,9,1.3932880297,3,180.,4,0.,0\H
 ,8,1.3932880297,4,180.,3,0.,0\H,7,1.3932880297,6,180.,3,0.,0\\Version=
 ES64L-G09RevE.01\State=1-AG\HF=-5.8437606\MP2=-5.9578581\RMSD=2.440e-0
 9\Dipole=0.,0.,0.\Quadrupole=-5.0748766,-3.4086625,8.4835391,0.,5.2917
 42,0.\PG=C02H [SGH(H12)]\\@


 OF ALL THE WONDERS OF THE UNIVERSE, THE GREATEST IS MAN.

                                    -- ARISTOTLE
 Job cpu time:       0 days  0 hours  0 minutes  1.1 seconds.
 File lengths (MBytes):  RWF=     84 Int=      0 D2E=      0 Chk=      2 Scr=      2
 Normal termination of Gaussian 09 at Fri Feb 17 15:07:12 2017.
