 Entering Gaussian System, Link 0=g09
 AtFile(1): H.gbs
            H     0
            S   10   1.00
               1000.000000000000            0.000068713567
                316.227766000000            0.000169141320
                100.000000000000            0.000823394812
                 31.622776600000            0.003425569236
                 10.000000000000            0.013951996000
                  3.162277660000            0.056909313560
                  1.000000000000            0.198286399900
                  0.316227766000            0.496922426700
                  0.100000000000            0.369846276400
                  0.031622776600            0.003752720039
            ****
 Initial command:
 /projects/guscus/apps/gau/g09-e1/g09/l1.exe "/users/lcj1/gaussian/h12/rhfstability/rect/guess/ag3bu3/Gau-27849.inp" -scrdir="/users/lcj1/gaussian/h12/rhfstability/rect/guess/ag3bu3/"
 Entering Link 1 = /projects/guscus/apps/gau/g09-e1/g09/l1.exe PID=     27850.
  
 Copyright (c) 1988,1990,1992,1993,1995,1998,2003,2009,2015,
            Gaussian, Inc.  All Rights Reserved.
  
 This is part of the Gaussian(R) 09 program.  It is based on
 the Gaussian(R) 03 system (copyright 2003, Gaussian, Inc.),
 the Gaussian(R) 98 system (copyright 1998, Gaussian, Inc.),
 the Gaussian(R) 94 system (copyright 1995, Gaussian, Inc.),
 the Gaussian 92(TM) system (copyright 1992, Gaussian, Inc.),
 the Gaussian 90(TM) system (copyright 1990, Gaussian, Inc.),
 the Gaussian 88(TM) system (copyright 1988, Gaussian, Inc.),
 the Gaussian 86(TM) system (copyright 1986, Carnegie Mellon
 University), and the Gaussian 82(TM) system (copyright 1983,
 Carnegie Mellon University). Gaussian is a federally registered
 trademark of Gaussian, Inc.
  
 This software contains proprietary and confidential information,
 including trade secrets, belonging to Gaussian, Inc.
  
 This software is provided under written license and may be
 used, copied, transmitted, or stored only in accord with that
 written license.
  
 The following legend is applicable only to US Government
 contracts under FAR:
  
                    RESTRICTED RIGHTS LEGEND
  
 Use, reproduction and disclosure by the US Government is
 subject to restrictions as set forth in subparagraphs (a)
 and (c) of the Commercial Computer Software - Restricted
 Rights clause in FAR 52.227-19.
  
 Gaussian, Inc.
 340 Quinnipiac St., Bldg. 40, Wallingford CT 06492
  
  
 ---------------------------------------------------------------
 Warning -- This program may not be used in any manner that
 competes with the business of Gaussian, Inc. or will provide
 assistance to any competitor of Gaussian, Inc.  The licensee
 of this program is prohibited from giving any competitor of
 Gaussian, Inc. access to this program.  By using this program,
 the user acknowledges that Gaussian, Inc. is engaged in the
 business of creating and licensing software in the field of
 computational chemistry and represents and warrants to the
 licensee that it is not a competitor of Gaussian, Inc. and that
 it will not use this program in any manner prohibited above.
 ---------------------------------------------------------------
  

 Cite this work as:
 Gaussian 09, Revision E.01,
 M. J. Frisch, G. W. Trucks, H. B. Schlegel, G. E. Scuseria, 
 M. A. Robb, J. R. Cheeseman, G. Scalmani, V. Barone, B. Mennucci, 
 G. A. Petersson, H. Nakatsuji, M. Caricato, X. Li, H. P. Hratchian, 
 A. F. Izmaylov, J. Bloino, G. Zheng, J. L. Sonnenberg, M. Hada, 
 M. Ehara, K. Toyota, R. Fukuda, J. Hasegawa, M. Ishida, T. Nakajima, 
 Y. Honda, O. Kitao, H. Nakai, T. Vreven, J. A. Montgomery, Jr., 
 J. E. Peralta, F. Ogliaro, M. Bearpark, J. J. Heyd, E. Brothers, 
 K. N. Kudin, V. N. Staroverov, T. Keith, R. Kobayashi, J. Normand, 
 K. Raghavachari, A. Rendell, J. C. Burant, S. S. Iyengar, J. Tomasi, 
 M. Cossi, N. Rega, J. M. Millam, M. Klene, J. E. Knox, J. B. Cross, 
 V. Bakken, C. Adamo, J. Jaramillo, R. Gomperts, R. E. Stratmann, 
 O. Yazyev, A. J. Austin, R. Cammi, C. Pomelli, J. W. Ochterski, 
 R. L. Martin, K. Morokuma, V. G. Zakrzewski, G. A. Voth, 
 P. Salvador, J. J. Dannenberg, S. Dapprich, A. D. Daniels, 
 O. Farkas, J. B. Foresman, J. V. Ortiz, J. Cioslowski, 
 and D. J. Fox, Gaussian, Inc., Wallingford CT, 2013.
 
 ******************************************
 Gaussian 09:  ES64L-G09RevE.01 30-Nov-2015
                17-Feb-2017 
 ******************************************
 %chk=h12.chk
 ----------------------------------------------------------------------
 #rhf/gen scf(symm,tight,novaracc,noincfock,fulldiag) stable(crhf) gues
 s=read geom=nocrowd test
 ----------------------------------------------------------------------
 1/38=1/1;
 2/12=1,17=6,18=5,40=1/2;
 3/5=7,16=1,25=1,30=1,116=1/1,2,3;
 4/5=1,9=4/1;
 5/5=100002,15=2,16=1,32=2,38=6/2;
 8/6=1,10=90,11=11/1,4;
 9/8=4,13=1/2;
 6/7=2,8=2,9=2,10=2,28=1/1;
 99/5=1,9=1/99;
 ----------------------------------------------------------------------
 hf stability analysis of h12 triangular lattice, y= 0.7565274741654608
 4
 ----------------------------------------------------------------------
 Symbolic Z-matrix:
 Charge =  0 Multiplicity = 1
 H
 H                    1     1.07459 
 H                    1     1.07459  2     90.5 
 H                    2     1.07459  1     89.5     3     0.       0
 H                    2     1.07459  1     180.     3     0.       0
 H                    4     1.07459  3     180.     5     0.       0
 H                    6     1.07459  5     180.     3     0.       0
 H                    4     1.07459  2     180.     3     0.       0
 H                    3     1.07459  1     180.     4     0.       0
 H                    9     1.07459  3     180.     4     0.       0
 H                    8     1.07459  4     180.     3     0.       0
 H                    7     1.07459  6     180.     3     0.       0
 
                          Input orientation:                          
 ---------------------------------------------------------------------
 Center     Atomic      Atomic             Coordinates (Angstroms)
 Number     Number       Type             X           Y           Z
 ---------------------------------------------------------------------
      1          1           0        0.000000    0.000000    0.000000
      2          1           0        0.000000    0.000000    1.074590
      3          1           0        1.074549    0.000000   -0.009377
      4          1           0        1.074549    0.000000    1.065213
      5          1           0        0.000000    0.000000    2.149181
      6          1           0        1.074549    0.000000    2.139803
      7          1           0        2.149099    0.000000    2.130426
      8          1           0        2.149099    0.000000    1.055835
      9          1           0        2.149099    0.000000   -0.018755
     10          1           0        3.223648    0.000000   -0.028132
     11          1           0        3.223648    0.000000    1.046458
     12          1           0        3.223648    0.000000    2.121048
 ---------------------------------------------------------------------
                    Distance matrix (angstroms):
                    1          2          3          4          5
     1  H    0.000000
     2  H    1.074590   0.000000
     3  H    1.074590   1.526317   0.000000
     4  H    1.513055   1.074590   1.074590   0.000000
     5  H    2.149181   1.074590   2.411230   1.526317   0.000000
     6  H    2.394455   1.513055   2.149181   1.074590   1.074590
     7  H    3.026110   2.394455   2.394455   1.513055   2.149181
     8  H    2.394455   2.149181   1.513055   1.074590   2.411230
     9  H    2.149181   2.411230   1.074590   1.526317   3.052634
    10  H    3.223771   3.407038   2.149181   2.411230   3.890064
    11  H    3.389245   3.223771   2.394455   2.149181   3.407038
    12  H    3.858854   3.389245   3.026110   2.394455   3.223771
                    6          7          8          9         10
     6  H    0.000000
     7  H    1.074590   0.000000
     8  H    1.526317   1.074590   0.000000
     9  H    2.411230   2.149181   1.074590   0.000000
    10  H    3.052634   2.411230   1.526317   1.074590   0.000000
    11  H    2.411230   1.526317   1.074590   1.513055   1.074590
    12  H    2.149181   1.074590   1.513055   2.394455   2.149181
                   11         12
    11  H    0.000000
    12  H    1.074590   0.000000
 Stoichiometry    H12
 Framework group  C2H[SGH(H12)]
 Deg. of freedom    11
 Full point group                 C2H     NOp   4
 Largest Abelian subgroup         C2H     NOp   4
 Largest concise Abelian subgroup C2      NOp   2
                         Standard orientation:                         
 ---------------------------------------------------------------------
 Center     Atomic      Atomic             Coordinates (Angstroms)
 Number     Number       Type             X           Y           Z
 ---------------------------------------------------------------------
      1          1           0        1.074549    1.602508    0.000000
      2          1           0        0.000000    1.611886   -0.000000
      3          1           0        1.074549    0.527918    0.000000
      4          1           0        0.000000    0.537295   -0.000000
      5          1           0       -1.074549    1.621263   -0.000000
      6          1           0       -1.074549    0.546673   -0.000000
      7          1           0       -1.074549   -0.527918    0.000000
      8          1           0       -0.000000   -0.537295   -0.000000
      9          1           0        1.074549   -0.546673   -0.000000
     10          1           0        1.074549   -1.621263   -0.000000
     11          1           0       -0.000000   -1.611886   -0.000000
     12          1           0       -1.074549   -1.602508    0.000000
 ---------------------------------------------------------------------
 Rotational constants (GHZ):     54.2908978     28.9479024     18.8807096
 General basis read from cards:  (5D, 7F)
 There are     6 symmetry adapted cartesian basis functions of AG  symmetry.
 There are     0 symmetry adapted cartesian basis functions of BG  symmetry.
 There are     0 symmetry adapted cartesian basis functions of AU  symmetry.
 There are     6 symmetry adapted cartesian basis functions of BU  symmetry.
 There are     6 symmetry adapted basis functions of AG  symmetry.
 There are     0 symmetry adapted basis functions of BG  symmetry.
 There are     0 symmetry adapted basis functions of AU  symmetry.
 There are     6 symmetry adapted basis functions of BU  symmetry.
    12 basis functions,   120 primitive gaussians,    12 cartesian basis functions
     6 alpha electrons        6 beta electrons
       nuclear repulsion energy        20.1806730019 Hartrees.
 NAtoms=   12 NActive=   12 NUniq=    6 SFac= 4.00D+00 NAtFMM=   60 NAOKFM=F Big=F
 Integral buffers will be    131072 words long.
 Regular integral format.
 Two-electron integral symmetry is turned on.
 One-electron integrals computed using PRISM.
 NBasis=    12 RedAO= T EigKep=  1.07D-01  NBF=     6     0     0     6
 NBsUse=    12 1.00D-06 EigRej= -1.00D+00 NBFU=     6     0     0     6
 Initial guess from the checkpoint file:  "h12.chk"
 B after Tr=    -0.000000    0.000000    0.000000
         Rot=    0.984986   -0.000000    0.000000   -0.172636 Ang= -19.88 deg.
 Initial guess orbital symmetries:
       Occupied  (AG) (BU) (AG) (BU) (BU) (AG)
       Virtual   (BU) (AG) (BU) (AG) (AG) (BU)
 Keep R1 ints in memory in symmetry-blocked form, NReq=903574.
 Requested convergence on RMS density matrix=1.00D-08 within 128 cycles.
 Requested convergence on MAX density matrix=1.00D-06.
 Requested convergence on             energy=1.00D-06.
 No special actions if energy rises.
 SCF Done:  E(RHF) =  -5.65977047883     A.U. after   19 cycles
            NFock= 19  Conv=0.31D-09     -V/T= 1.8738
 Range of M.O.s used for correlation:     1    12
 NBasis=    12 NAE=     6 NBE=     6 NFC=     0 NFV=     0
 NROrb=     12 NOA=     6 NOB=     6 NVA=     6 NVB=     6
 Semi-Direct transformation.
 ModeAB=           4 MOrb=             6 LenV=     134084213
 LASXX=         2181 LTotXX=        2181 LenRXX=        5115
 LTotAB=        2934 MaxLAS=        3024 LenRXY=           0
 NonZer=        7296 LenScr=      655360 LnRSAI=        3024
 LnScr1=      655360 LExtra=           0 Total=      1318859
 MaxDsk=          -1 SrtSym=           T ITran=            3
 JobTyp=0 Pass  1:  I=   1 to   6.
 (rs|ai) integrals will be sorted in core.
 Spin components of T(2) and E(2):
     alpha-alpha T2 =       0.4911655770D-02 E2=     -0.6941946691D-02
     alpha-beta  T2 =       0.8858398528D-01 E2=     -0.1148852502D+00
     beta-beta   T2 =       0.4911655770D-02 E2=     -0.6941946691D-02
 ANorm=    0.1048049282D+01
 E2 =    -0.1287691436D+00 EUMP2 =    -0.57885396224494D+01
 Second order stability test of a single determinant RHF wave function:
 Stabil:  MDV=134217728
 ***********************************************************************
 Matrix         Lowest Root    Major Pairs
 ***********************************************************************
 Internal RHF    -0.1068271    6A=7A
 RRHF --> CRHF   -0.1365787    6A=7A
 RRHF --> RUHF   -0.2067799    6A=7B
 Not stable.
 ***********************************************************************

 **********************************************************************

            Population analysis using the SCF density.

 **********************************************************************

 Orbital symmetries:
       Occupied  (AG) (BU) (BU) (AG) (AG) (BU)
       Virtual   (AG) (BU) (BU) (AG) (AG) (BU)
 The electronic state is 1-AG.
 Alpha  occ. eigenvalues --   -1.03182  -0.79813  -0.69585  -0.50893  -0.47963
 Alpha  occ. eigenvalues --   -0.18091
 Alpha virt. eigenvalues --   -0.04867   0.07479   0.20599   0.44219   0.52847
 Alpha virt. eigenvalues --    0.92367
          Condensed to atoms (all electrons):
               1          2          3          4          5          6
     1  H    1.329903   0.145357  -0.016732   0.016399  -0.172817   0.015625
     2  H    0.145357   0.668950   0.000022  -0.063004   0.292830  -0.036088
     3  H   -0.016732   0.000022   0.827723   0.091910   0.004479  -0.118303
     4  H    0.016399  -0.063004   0.091910   0.645962  -0.090576   0.233667
     5  H   -0.172817   0.292830   0.004479  -0.090576   1.435730  -0.167085
     6  H    0.015625  -0.036088  -0.118303   0.233667  -0.167085   0.963351
     7  H    0.025139  -0.035102  -0.033124   0.062528  -0.129174   0.222770
     8  H   -0.057312  -0.075917   0.062528   0.128226  -0.011495  -0.003707
     9  H   -0.147028  -0.017628   0.222770  -0.003707   0.033275  -0.055489
    10  H    0.027932   0.003914  -0.129174  -0.011495  -0.007338   0.033275
    11  H    0.009782   0.013386  -0.035102  -0.075917   0.003914  -0.017628
    12  H   -0.004600   0.009782   0.025139  -0.057312   0.027932  -0.147028
               7          8          9         10         11         12
     1  H    0.025139  -0.057312  -0.147028   0.027932   0.009782  -0.004600
     2  H   -0.035102  -0.075917  -0.017628   0.003914   0.013386   0.009782
     3  H   -0.033124   0.062528   0.222770  -0.129174  -0.035102   0.025139
     4  H    0.062528   0.128226  -0.003707  -0.011495  -0.075917  -0.057312
     5  H   -0.129174  -0.011495   0.033275  -0.007338   0.003914   0.027932
     6  H    0.222770  -0.003707  -0.055489   0.033275  -0.017628  -0.147028
     7  H    0.827723   0.091910  -0.118303   0.004479   0.000022  -0.016732
     8  H    0.091910   0.645962   0.233667  -0.090576  -0.063004   0.016399
     9  H   -0.118303   0.233667   0.963351  -0.167085  -0.036088   0.015625
    10  H    0.004479  -0.090576  -0.167085   1.435730   0.292830  -0.172817
    11  H    0.000022  -0.063004  -0.036088   0.292830   0.668950   0.145357
    12  H   -0.016732   0.016399   0.015625  -0.172817   0.145357   1.329903
 Mulliken charges:
               1
     1  H   -0.171647
     2  H    0.093499
     3  H    0.097863
     4  H    0.123320
     5  H   -0.219676
     6  H    0.076641
     7  H    0.097863
     8  H    0.123320
     9  H    0.076641
    10  H   -0.219676
    11  H    0.093499
    12  H   -0.171647
 Sum of Mulliken charges =  -0.00000
 Mulliken charges with hydrogens summed into heavy atoms:
               1
 Electronic spatial extent (au):  <R**2>=            140.9740
 Charge=             -0.0000 electrons
 Dipole moment (field-independent basis, Debye):
    X=             -0.0000    Y=              0.0000    Z=              0.0000  Tot=              0.0000
 Quadrupole moment (field-independent basis, Debye-Ang):
   XX=            -19.4754   YY=            -27.4899   ZZ=            -15.0806
   XY=              1.1678   XZ=             -0.0000   YZ=              0.0000
 Traceless Quadrupole moment (field-independent basis, Debye-Ang):
   XX=              1.2065   YY=             -6.8079   ZZ=              5.6014
   XY=              1.1678   XZ=             -0.0000   YZ=              0.0000
 Octapole moment (field-independent basis, Debye-Ang**2):
  XXX=              0.0000  YYY=             -0.0000  ZZZ=              0.0000  XYY=             -0.0000
  XXY=             -0.0000  XXZ=              0.0000  XZZ=             -0.0000  YZZ=             -0.0000
  YYZ=              0.0000  XYZ=             -0.0000
 Hexadecapole moment (field-independent basis, Debye-Ang**3):
 XXXX=            -99.5802 YYYY=           -220.9282 ZZZZ=            -17.7417 XXXY=              1.1255
 XXXZ=             -0.0000 YYYX=              6.5344 YYYZ=              0.0000 ZZZX=             -0.0000
 ZZZY=              0.0000 XXYY=            -63.7810 XXZZ=            -18.9832 YYZZ=            -31.9309
 XXYZ=              0.0000 YYXZ=             -0.0000 ZZXY=              0.3418
 N-N= 2.018067300194D+01 E-N=-5.076762952351D+01  KE= 6.477293667495D+00
 Symmetry AG   KE= 2.956618257022D+00
 Symmetry BG   KE= 0.000000000000D+00
 Symmetry AU   KE= 0.000000000000D+00
 Symmetry BU   KE= 3.520675410472D+00

 Test job not archived.
 1\1\GINC-SULU\Stability\RHF\Gen\H12\LCJ1\17-Feb-2017\0\\#rhf/gen scf(s
 ymm,tight,novaracc,noincfock,fulldiag) stable(crhf) guess=read geom=no
 crowd test\\hf stability analysis of h12 triangular lattice, y= 0.7565
 2747416546084\\0,1\H\H,1,1.0745903904\H,1,1.0745903904,2,90.5\H,2,1.07
 45903904,1,89.5,3,0.,0\H,2,1.0745903904,1,180.,3,0.,0\H,4,1.0745903904
 ,3,180.,5,0.,0\H,6,1.0745903904,5,180.,3,0.,0\H,4,1.0745903904,2,180.,
 3,0.,0\H,3,1.0745903904,1,180.,4,0.,0\H,9,1.0745903904,3,180.,4,0.,0\H
 ,8,1.0745903904,4,180.,3,0.,0\H,7,1.0745903904,6,180.,3,0.,0\\Version=
 ES64L-G09RevE.01\State=1-AG\HF=-5.6597705\MP2=-5.7885396\RMSD=3.129e-1
 0\Dipole=0.,0.,0.\Quadrupole=-5.0458989,4.1644726,0.8814263,0.,0.92008
 7,0.\PG=C02H [SGH(H12)]\\@


 ... I FELL INTO A REVERIE ... THE ATOMS WERE GAMBOLING BEFORE MY EYES
 ... I SAW HOW TWO SMALL ONES UNITED TO FORM A PAIR;
 HOW THE LARGER ONES SEIZED TWO OF THE SMALLER ONES;
 HOW STILL LARGER ONES KEPT HOLD OF THREE OR FOUR
 SMALLER ONES ... I SAW HOW THE LARGER ONES FORMED A CHAIN ...
 THIS WAS THE ORIGIN OF THE STRUCTURE THEORY.

                                   -- C.F.KEKULE VON STRADONITZ
 Job cpu time:       0 days  0 hours  0 minutes  1.1 seconds.
 File lengths (MBytes):  RWF=     84 Int=      0 D2E=      0 Chk=      2 Scr=      2
 Normal termination of Gaussian 09 at Fri Feb 17 15:01:33 2017.
