 Entering Gaussian System, Link 0=g09
 AtFile(1): H.gbs
            H     0
            S   10   1.00
               1000.000000000000            0.000068713567
                316.227766000000            0.000169141320
                100.000000000000            0.000823394812
                 31.622776600000            0.003425569236
                 10.000000000000            0.013951996000
                  3.162277660000            0.056909313560
                  1.000000000000            0.198286399900
                  0.316227766000            0.496922426700
                  0.100000000000            0.369846276400
                  0.031622776600            0.003752720039
            ****
 Initial command:
 /projects/guscus/apps/gau/g09-e1/g09/l1.exe "/users/lcj1/gaussian/h12/rhfstability/rect/guess/ag3bu3/Gau-25217.inp" -scrdir="/users/lcj1/gaussian/h12/rhfstability/rect/guess/ag3bu3/"
 Entering Link 1 = /projects/guscus/apps/gau/g09-e1/g09/l1.exe PID=     25218.
  
 Copyright (c) 1988,1990,1992,1993,1995,1998,2003,2009,2015,
            Gaussian, Inc.  All Rights Reserved.
  
 This is part of the Gaussian(R) 09 program.  It is based on
 the Gaussian(R) 03 system (copyright 2003, Gaussian, Inc.),
 the Gaussian(R) 98 system (copyright 1998, Gaussian, Inc.),
 the Gaussian(R) 94 system (copyright 1995, Gaussian, Inc.),
 the Gaussian 92(TM) system (copyright 1992, Gaussian, Inc.),
 the Gaussian 90(TM) system (copyright 1990, Gaussian, Inc.),
 the Gaussian 88(TM) system (copyright 1988, Gaussian, Inc.),
 the Gaussian 86(TM) system (copyright 1986, Carnegie Mellon
 University), and the Gaussian 82(TM) system (copyright 1983,
 Carnegie Mellon University). Gaussian is a federally registered
 trademark of Gaussian, Inc.
  
 This software contains proprietary and confidential information,
 including trade secrets, belonging to Gaussian, Inc.
  
 This software is provided under written license and may be
 used, copied, transmitted, or stored only in accord with that
 written license.
  
 The following legend is applicable only to US Government
 contracts under FAR:
  
                    RESTRICTED RIGHTS LEGEND
  
 Use, reproduction and disclosure by the US Government is
 subject to restrictions as set forth in subparagraphs (a)
 and (c) of the Commercial Computer Software - Restricted
 Rights clause in FAR 52.227-19.
  
 Gaussian, Inc.
 340 Quinnipiac St., Bldg. 40, Wallingford CT 06492
  
  
 ---------------------------------------------------------------
 Warning -- This program may not be used in any manner that
 competes with the business of Gaussian, Inc. or will provide
 assistance to any competitor of Gaussian, Inc.  The licensee
 of this program is prohibited from giving any competitor of
 Gaussian, Inc. access to this program.  By using this program,
 the user acknowledges that Gaussian, Inc. is engaged in the
 business of creating and licensing software in the field of
 computational chemistry and represents and warrants to the
 licensee that it is not a competitor of Gaussian, Inc. and that
 it will not use this program in any manner prohibited above.
 ---------------------------------------------------------------
  

 Cite this work as:
 Gaussian 09, Revision E.01,
 M. J. Frisch, G. W. Trucks, H. B. Schlegel, G. E. Scuseria, 
 M. A. Robb, J. R. Cheeseman, G. Scalmani, V. Barone, B. Mennucci, 
 G. A. Petersson, H. Nakatsuji, M. Caricato, X. Li, H. P. Hratchian, 
 A. F. Izmaylov, J. Bloino, G. Zheng, J. L. Sonnenberg, M. Hada, 
 M. Ehara, K. Toyota, R. Fukuda, J. Hasegawa, M. Ishida, T. Nakajima, 
 Y. Honda, O. Kitao, H. Nakai, T. Vreven, J. A. Montgomery, Jr., 
 J. E. Peralta, F. Ogliaro, M. Bearpark, J. J. Heyd, E. Brothers, 
 K. N. Kudin, V. N. Staroverov, T. Keith, R. Kobayashi, J. Normand, 
 K. Raghavachari, A. Rendell, J. C. Burant, S. S. Iyengar, J. Tomasi, 
 M. Cossi, N. Rega, J. M. Millam, M. Klene, J. E. Knox, J. B. Cross, 
 V. Bakken, C. Adamo, J. Jaramillo, R. Gomperts, R. E. Stratmann, 
 O. Yazyev, A. J. Austin, R. Cammi, C. Pomelli, J. W. Ochterski, 
 R. L. Martin, K. Morokuma, V. G. Zakrzewski, G. A. Voth, 
 P. Salvador, J. J. Dannenberg, S. Dapprich, A. D. Daniels, 
 O. Farkas, J. B. Foresman, J. V. Ortiz, J. Cioslowski, 
 and D. J. Fox, Gaussian, Inc., Wallingford CT, 2013.
 
 ******************************************
 Gaussian 09:  ES64L-G09RevE.01 30-Nov-2015
                17-Feb-2017 
 ******************************************
 %chk=h12.chk
 ----------------------------------------------------------------------
 #rhf/gen scf(symm,tight,novaracc,noincfock,fulldiag) stable(crhf) gues
 s=read geom=nocrowd test
 ----------------------------------------------------------------------
 1/38=1/1;
 2/12=1,17=6,18=5,40=1/2;
 3/5=7,16=1,25=1,30=1,116=1/1,2,3;
 4/5=1,9=4/1;
 5/5=100002,15=2,16=1,32=2,38=6/2;
 8/6=1,10=90,11=11/1,4;
 9/8=4,13=1/2;
 6/7=2,8=2,9=2,10=2,28=1/1;
 99/5=1,9=1/99;
 ----------------------------------------------------------------------
 hf stability analysis of h12 triangular lattice, y= 0.6868150944822820
 6
 ----------------------------------------------------------------------
 Symbolic Z-matrix:
 Charge =  0 Multiplicity = 1
 H
 H                    1     1.08552 
 H                    1     1.08552  2     101.5 
 H                    2     1.08552  1     78.5     3     0.       0
 H                    2     1.08552  1     180.     3     0.       0
 H                    4     1.08552  3     180.     5     0.       0
 H                    6     1.08552  5     180.     3     0.       0
 H                    4     1.08552  2     180.     3     0.       0
 H                    3     1.08552  1     180.     4     0.       0
 H                    9     1.08552  3     180.     4     0.       0
 H                    8     1.08552  4     180.     3     0.       0
 H                    7     1.08552  6     180.     3     0.       0
 
                          Input orientation:                          
 ---------------------------------------------------------------------
 Center     Atomic      Atomic             Coordinates (Angstroms)
 Number     Number       Type             X           Y           Z
 ---------------------------------------------------------------------
      1          1           0        0.000000    0.000000    0.000000
      2          1           0        0.000000    0.000000    1.085521
      3          1           0        1.063729    0.000000   -0.216418
      4          1           0        1.063729    0.000000    0.869103
      5          1           0        0.000000    0.000000    2.171042
      6          1           0        1.063729    0.000000    1.954624
      7          1           0        2.127458    0.000000    1.738206
      8          1           0        2.127458    0.000000    0.652685
      9          1           0        2.127458    0.000000   -0.432836
     10          1           0        3.191187    0.000000   -0.649254
     11          1           0        3.191187    0.000000    0.436267
     12          1           0        3.191187    0.000000    1.521788
 ---------------------------------------------------------------------
                    Distance matrix (angstroms):
                    1          2          3          4          5
     1  H    0.000000
     2  H    1.085521   0.000000
     3  H    1.085521   1.681239   0.000000
     4  H    1.373630   1.085521   1.085521   0.000000
     5  H    2.171042   1.085521   2.613712   1.681239   0.000000
     6  H    2.225326   1.373630   2.171042   1.085521   1.085521
     7  H    2.747260   2.225326   2.225326   1.373630   2.171042
     8  H    2.225326   2.171042   1.373630   1.085521   2.613712
     9  H    2.171042   2.613712   1.085521   1.681239   3.362479
    10  H    3.256564   3.632234   2.171042   2.613712   4.258844
    11  H    3.220870   3.256564   2.225326   2.171042   3.632234
    12  H    3.535465   3.220870   2.747260   2.225326   3.256564
                    6          7          8          9         10
     6  H    0.000000
     7  H    1.085521   0.000000
     8  H    1.681239   1.085521   0.000000
     9  H    2.613712   2.171042   1.085521   0.000000
    10  H    3.362479   2.613712   1.681239   1.085521   0.000000
    11  H    2.613712   1.681239   1.085521   1.373630   1.085521
    12  H    2.171042   1.085521   1.373630   2.225326   2.171042
                   11         12
    11  H    0.000000
    12  H    1.085521   0.000000
 Stoichiometry    H12
 Framework group  C2H[SGH(H12)]
 Deg. of freedom    11
 Full point group                 C2H     NOp   4
 Largest Abelian subgroup         C2H     NOp   4
 Largest concise Abelian subgroup C2      NOp   2
                         Standard orientation:                         
 ---------------------------------------------------------------------
 Center     Atomic      Atomic             Coordinates (Angstroms)
 Number     Number       Type             X           Y           Z
 ---------------------------------------------------------------------
      1          1           0        1.063729    1.411864   -0.000000
      2          1           0        0.000000    1.628282   -0.000000
      3          1           0        1.063729    0.326342   -0.000000
      4          1           0        0.000000    0.542761   -0.000000
      5          1           0       -1.063729    1.844700   -0.000000
      6          1           0       -1.063729    0.759179   -0.000000
      7          1           0       -1.063729   -0.326342   -0.000000
      8          1           0       -0.000000   -0.542761   -0.000000
      9          1           0        1.063729   -0.759179    0.000000
     10          1           0        1.063729   -1.844700    0.000000
     11          1           0       -0.000000   -1.628282   -0.000000
     12          1           0       -1.063729   -1.411864   -0.000000
 ---------------------------------------------------------------------
 Rotational constants (GHZ):     57.7062056     27.2346383     18.5023784
 General basis read from cards:  (5D, 7F)
 There are     6 symmetry adapted cartesian basis functions of AG  symmetry.
 There are     0 symmetry adapted cartesian basis functions of BG  symmetry.
 There are     0 symmetry adapted cartesian basis functions of AU  symmetry.
 There are     6 symmetry adapted cartesian basis functions of BU  symmetry.
 There are     6 symmetry adapted basis functions of AG  symmetry.
 There are     0 symmetry adapted basis functions of BG  symmetry.
 There are     0 symmetry adapted basis functions of AU  symmetry.
 There are     6 symmetry adapted basis functions of BU  symmetry.
    12 basis functions,   120 primitive gaussians,    12 cartesian basis functions
     6 alpha electrons        6 beta electrons
       nuclear repulsion energy        20.0878729225 Hartrees.
 NAtoms=   12 NActive=   12 NUniq=    6 SFac= 4.00D+00 NAtFMM=   60 NAOKFM=F Big=F
 Integral buffers will be    131072 words long.
 Regular integral format.
 Two-electron integral symmetry is turned on.
 One-electron integrals computed using PRISM.
 NBasis=    12 RedAO= T EigKep=  1.18D-01  NBF=     6     0     0     6
 NBsUse=    12 1.00D-06 EigRej= -1.00D+00 NBFU=     6     0     0     6
 Initial guess from the checkpoint file:  "h12.chk"
 B after Tr=     0.000000    0.000000    0.000000
         Rot=    0.989722    0.000000    0.000000   -0.143005 Ang= -16.44 deg.
 Initial guess orbital symmetries:
       Occupied  (AG) (BU) (AG) (BU) (BU) (AG)
       Virtual   (BU) (AG) (BU) (AG) (AG) (BU)
 Keep R1 ints in memory in symmetry-blocked form, NReq=903840.
 Requested convergence on RMS density matrix=1.00D-08 within 128 cycles.
 Requested convergence on MAX density matrix=1.00D-06.
 Requested convergence on             energy=1.00D-06.
 No special actions if energy rises.
 SCF Done:  E(RHF) =  -5.74787888661     A.U. after   15 cycles
            NFock= 15  Conv=0.17D-08     -V/T= 1.8941
 Range of M.O.s used for correlation:     1    12
 NBasis=    12 NAE=     6 NBE=     6 NFC=     0 NFV=     0
 NROrb=     12 NOA=     6 NOB=     6 NVA=     6 NVB=     6
 Semi-Direct transformation.
 ModeAB=           4 MOrb=             6 LenV=     134084339
 LASXX=         2181 LTotXX=        2181 LenRXX=        5115
 LTotAB=        2934 MaxLAS=        3024 LenRXY=           0
 NonZer=        7296 LenScr=      655360 LnRSAI=        3024
 LnScr1=      655360 LExtra=           0 Total=      1318859
 MaxDsk=          -1 SrtSym=           T ITran=            3
 JobTyp=0 Pass  1:  I=   1 to   6.
 (rs|ai) integrals will be sorted in core.
 Spin components of T(2) and E(2):
     alpha-alpha T2 =       0.5067594376D-02 E2=     -0.7400011091D-02
     alpha-beta  T2 =       0.7202896418D-01 E2=     -0.1052897808D+00
     beta-beta   T2 =       0.5067594376D-02 E2=     -0.7400011091D-02
 ANorm=    0.1040271192D+01
 E2 =    -0.1200898029D+00 EUMP2 =    -0.58679686895577D+01
 Second order stability test of a single determinant RHF wave function:
 Stabil:  MDV=134217728
 ***********************************************************************
 Matrix         Lowest Root    Major Pairs
 ***********************************************************************
 Internal RHF    -0.0398996    6A=7A
 RRHF --> CRHF   -0.0763264    6A=7A
 RRHF --> RUHF   -0.1521349    6A=7B
 Not stable.
 ***********************************************************************

 **********************************************************************

            Population analysis using the SCF density.

 **********************************************************************

 Orbital symmetries:
       Occupied  (AG) (BU) (BU) (AG) (AG) (BU)
       Virtual   (AG) (BU) (BU) (AG) (AG) (BU)
 The electronic state is 1-AG.
 Alpha  occ. eigenvalues --   -1.00565  -0.79007  -0.68725  -0.51802  -0.45522
 Alpha  occ. eigenvalues --   -0.21739
 Alpha virt. eigenvalues --   -0.01759   0.12474   0.22903   0.39898   0.56600
 Alpha virt. eigenvalues --    0.86023
          Condensed to atoms (all electrons):
               1          2          3          4          5          6
     1  H    1.028583   0.158984   0.077952   0.119906  -0.105256  -0.045904
     2  H    0.158984   0.689661  -0.008375  -0.161667   0.345373  -0.042214
     3  H    0.077952  -0.008375   0.705146  -0.006447   0.004730  -0.088283
     4  H    0.119906  -0.161667  -0.006447   1.115187  -0.261402   0.359052
     5  H   -0.105256   0.345373   0.004730  -0.261402   1.399598  -0.095925
     6  H   -0.045904  -0.042214  -0.088283   0.359052  -0.095925   0.873509
     7  H    0.005911  -0.052689  -0.043330   0.192936  -0.099351   0.174511
     8  H   -0.103822  -0.039557   0.192936  -0.189921   0.050268  -0.101668
     9  H   -0.106631  -0.005668   0.174511  -0.101668   0.020160  -0.013485
    10  H    0.013338  -0.000863  -0.099351   0.050268  -0.005417   0.020160
    11  H    0.013725   0.010392  -0.052689  -0.039557  -0.000863  -0.005668
    12  H    0.007829   0.013725   0.005911  -0.103822   0.013338  -0.106631
               7          8          9         10         11         12
     1  H    0.005911  -0.103822  -0.106631   0.013338   0.013725   0.007829
     2  H   -0.052689  -0.039557  -0.005668  -0.000863   0.010392   0.013725
     3  H   -0.043330   0.192936   0.174511  -0.099351  -0.052689   0.005911
     4  H    0.192936  -0.189921  -0.101668   0.050268  -0.039557  -0.103822
     5  H   -0.099351   0.050268   0.020160  -0.005417  -0.000863   0.013338
     6  H    0.174511  -0.101668  -0.013485   0.020160  -0.005668  -0.106631
     7  H    0.705146  -0.006447  -0.088283   0.004730  -0.008375   0.077952
     8  H   -0.006447   1.115187   0.359052  -0.261402  -0.161667   0.119906
     9  H   -0.088283   0.359052   0.873509  -0.095925  -0.042214  -0.045904
    10  H    0.004730  -0.261402  -0.095925   1.399598   0.345373  -0.105256
    11  H   -0.008375  -0.161667  -0.042214   0.345373   0.689661   0.158984
    12  H    0.077952   0.119906  -0.045904  -0.105256   0.158984   1.028583
 Mulliken charges:
               1
     1  H   -0.064613
     2  H    0.092898
     3  H    0.137289
     4  H    0.027136
     5  H   -0.265253
     6  H    0.072544
     7  H    0.137289
     8  H    0.027136
     9  H    0.072544
    10  H   -0.265253
    11  H    0.092898
    12  H   -0.064613
 Sum of Mulliken charges =  -0.00000
 Mulliken charges with hydrogens summed into heavy atoms:
               1
 Electronic spatial extent (au):  <R**2>=            142.1684
 Charge=             -0.0000 electrons
 Dipole moment (field-independent basis, Debye):
    X=              0.0000    Y=              0.0000    Z=             -0.0000  Tot=              0.0000
 Quadrupole moment (field-independent basis, Debye-Ang):
   XX=            -17.6981   YY=            -28.2051   ZZ=            -15.1408
   XY=              4.8043   XZ=             -0.0000   YZ=              0.0000
 Traceless Quadrupole moment (field-independent basis, Debye-Ang):
   XX=              2.6499   YY=             -7.8571   ZZ=              5.2072
   XY=              4.8043   XZ=             -0.0000   YZ=              0.0000
 Octapole moment (field-independent basis, Debye-Ang**2):
  XXX=             -0.0000  YYY=              0.0000  ZZZ=              0.0000  XYY=              0.0000
  XXY=              0.0000  XXZ=              0.0000  XZZ=             -0.0000  YZZ=              0.0000
  YYZ=              0.0000  XYZ=              0.0000
 Hexadecapole moment (field-independent basis, Debye-Ang**3):
 XXXX=            -94.3148 YYYY=           -241.8584 ZZZZ=            -17.8776 XXXY=             14.8195
 XXXZ=             -0.0000 YYYX=             34.0089 YYYZ=              0.0000 ZZZX=             -0.0000
 ZZZY=              0.0000 XXYY=            -61.9833 XXZZ=            -18.5281 YYZZ=            -33.4073
 XXYZ=              0.0000 YYXZ=             -0.0000 ZZXY=              3.5261
 N-N= 2.008787292254D+01 E-N=-5.075298813562D+01  KE= 6.428708431722D+00
 Symmetry AG   KE= 2.945229111711D+00
 Symmetry BG   KE= 0.000000000000D+00
 Symmetry AU   KE= 0.000000000000D+00
 Symmetry BU   KE= 3.483479320011D+00

 Test job not archived.
 1\1\GINC-SULU\Stability\RHF\Gen\H12\LCJ1\17-Feb-2017\0\\#rhf/gen scf(s
 ymm,tight,novaracc,noincfock,fulldiag) stable(crhf) guess=read geom=no
 crowd test\\hf stability analysis of h12 triangular lattice, y= 0.6868
 1509448228206\\0,1\H\H,1,1.0855212489\H,1,1.0855212489,2,101.5\H,2,1.0
 855212489,1,78.5,3,0.,0\H,2,1.0855212489,1,180.,3,0.,0\H,4,1.085521248
 9,3,180.,5,0.,0\H,6,1.0855212489,5,180.,3,0.,0\H,4,1.0855212489,2,180.
 ,3,0.,0\H,3,1.0855212489,1,180.,4,0.,0\H,9,1.0855212489,3,180.,4,0.,0\
 H,8,1.0855212489,4,180.,3,0.,0\H,7,1.0855212489,6,180.,3,0.,0\\Version
 =ES64L-G09RevE.01\State=1-AG\HF=-5.7478789\MP2=-5.8679687\RMSD=1.705e-
 09\Dipole=0.,0.,0.\Quadrupole=-4.1354061,3.8714479,0.2639583,0.,4.8140
 803,0.\PG=C02H [SGH(H12)]\\@


 Time has a wonderful way of weeding out the trivial.
                                -- Richard Ben Sapir
 Job cpu time:       0 days  0 hours  0 minutes  1.1 seconds.
 File lengths (MBytes):  RWF=     84 Int=      0 D2E=      0 Chk=      2 Scr=      2
 Normal termination of Gaussian 09 at Fri Feb 17 15:00:25 2017.
