 Entering Gaussian System, Link 0=g09
 AtFile(1): H.gbs
            H     0
            S   10   1.00
               1000.000000000000            0.000068713567
                316.227766000000            0.000169141320
                100.000000000000            0.000823394812
                 31.622776600000            0.003425569236
                 10.000000000000            0.013951996000
                  3.162277660000            0.056909313560
                  1.000000000000            0.198286399900
                  0.316227766000            0.496922426700
                  0.100000000000            0.369846276400
                  0.031622776600            0.003752720039
            ****
 Initial command:
 /projects/guscus/apps/gau/g09-e1/g09/l1.exe "/users/lcj1/gaussian/h12/rhfstability/rect/guess/ag3bu3/Gau-13096.inp" -scrdir="/users/lcj1/gaussian/h12/rhfstability/rect/guess/ag3bu3/"
 Entering Link 1 = /projects/guscus/apps/gau/g09-e1/g09/l1.exe PID=     13097.
  
 Copyright (c) 1988,1990,1992,1993,1995,1998,2003,2009,2015,
            Gaussian, Inc.  All Rights Reserved.
  
 This is part of the Gaussian(R) 09 program.  It is based on
 the Gaussian(R) 03 system (copyright 2003, Gaussian, Inc.),
 the Gaussian(R) 98 system (copyright 1998, Gaussian, Inc.),
 the Gaussian(R) 94 system (copyright 1995, Gaussian, Inc.),
 the Gaussian 92(TM) system (copyright 1992, Gaussian, Inc.),
 the Gaussian 90(TM) system (copyright 1990, Gaussian, Inc.),
 the Gaussian 88(TM) system (copyright 1988, Gaussian, Inc.),
 the Gaussian 86(TM) system (copyright 1986, Carnegie Mellon
 University), and the Gaussian 82(TM) system (copyright 1983,
 Carnegie Mellon University). Gaussian is a federally registered
 trademark of Gaussian, Inc.
  
 This software contains proprietary and confidential information,
 including trade secrets, belonging to Gaussian, Inc.
  
 This software is provided under written license and may be
 used, copied, transmitted, or stored only in accord with that
 written license.
  
 The following legend is applicable only to US Government
 contracts under FAR:
  
                    RESTRICTED RIGHTS LEGEND
  
 Use, reproduction and disclosure by the US Government is
 subject to restrictions as set forth in subparagraphs (a)
 and (c) of the Commercial Computer Software - Restricted
 Rights clause in FAR 52.227-19.
  
 Gaussian, Inc.
 340 Quinnipiac St., Bldg. 40, Wallingford CT 06492
  
  
 ---------------------------------------------------------------
 Warning -- This program may not be used in any manner that
 competes with the business of Gaussian, Inc. or will provide
 assistance to any competitor of Gaussian, Inc.  The licensee
 of this program is prohibited from giving any competitor of
 Gaussian, Inc. access to this program.  By using this program,
 the user acknowledges that Gaussian, Inc. is engaged in the
 business of creating and licensing software in the field of
 computational chemistry and represents and warrants to the
 licensee that it is not a competitor of Gaussian, Inc. and that
 it will not use this program in any manner prohibited above.
 ---------------------------------------------------------------
  

 Cite this work as:
 Gaussian 09, Revision E.01,
 M. J. Frisch, G. W. Trucks, H. B. Schlegel, G. E. Scuseria, 
 M. A. Robb, J. R. Cheeseman, G. Scalmani, V. Barone, B. Mennucci, 
 G. A. Petersson, H. Nakatsuji, M. Caricato, X. Li, H. P. Hratchian, 
 A. F. Izmaylov, J. Bloino, G. Zheng, J. L. Sonnenberg, M. Hada, 
 M. Ehara, K. Toyota, R. Fukuda, J. Hasegawa, M. Ishida, T. Nakajima, 
 Y. Honda, O. Kitao, H. Nakai, T. Vreven, J. A. Montgomery, Jr., 
 J. E. Peralta, F. Ogliaro, M. Bearpark, J. J. Heyd, E. Brothers, 
 K. N. Kudin, V. N. Staroverov, T. Keith, R. Kobayashi, J. Normand, 
 K. Raghavachari, A. Rendell, J. C. Burant, S. S. Iyengar, J. Tomasi, 
 M. Cossi, N. Rega, J. M. Millam, M. Klene, J. E. Knox, J. B. Cross, 
 V. Bakken, C. Adamo, J. Jaramillo, R. Gomperts, R. E. Stratmann, 
 O. Yazyev, A. J. Austin, R. Cammi, C. Pomelli, J. W. Ochterski, 
 R. L. Martin, K. Morokuma, V. G. Zakrzewski, G. A. Voth, 
 P. Salvador, J. J. Dannenberg, S. Dapprich, A. D. Daniels, 
 O. Farkas, J. B. Foresman, J. V. Ortiz, J. Cioslowski, 
 and D. J. Fox, Gaussian, Inc., Wallingford CT, 2013.
 
 ******************************************
 Gaussian 09:  ES64L-G09RevE.01 30-Nov-2015
                17-Feb-2017 
 ******************************************
 %chk=h12.chk
 ----------------------------------------------------------------------
 #rhf/gen scf(symm,tight,novaracc,noincfock,fulldiag) stable(crhf) gues
 s=read geom=nocrowd test
 ----------------------------------------------------------------------
 1/38=1/1;
 2/12=1,17=6,18=5,40=1/2;
 3/5=7,16=1,25=1,30=1,116=1/1,2,3;
 4/5=1,9=4/1;
 5/5=100002,15=2,16=1,32=2,38=6/2;
 8/6=1,10=90,11=11/1,4;
 9/8=4,13=1/2;
 6/7=2,8=2,9=2,10=2,28=1/1;
 99/5=1,9=1/99;
 ----------------------------------------------------------------------
 hf stability analysis of h12 triangular lattice, y= 1.8330252138232914
 ----------------------------------------------------------------------
 Symbolic Z-matrix:
 Charge =  0 Multiplicity = 1
 H
 H                    1     1.85989 
 H                    1     1.85989  2     19.5 
 H                    2     1.85989  1     160.5    3     0.       0
 H                    2     1.85989  1     180.     3     0.       0
 H                    4     1.85989  3     180.     5     0.       0
 H                    6     1.85989  5     180.     3     0.       0
 H                    4     1.85989  2     180.     3     0.       0
 H                    3     1.85989  1     180.     4     0.       0
 H                    9     1.85989  3     180.     4     0.       0
 H                    8     1.85989  4     180.     3     0.       0
 H                    7     1.85989  6     180.     3     0.       0
 
                          Input orientation:                          
 ---------------------------------------------------------------------
 Center     Atomic      Atomic             Coordinates (Angstroms)
 Number     Number       Type             X           Y           Z
 ---------------------------------------------------------------------
      1          1           0        0.000000    0.000000    0.000000
      2          1           0        0.000000    0.000000    1.859889
      3          1           0        0.620844    0.000000    1.753209
      4          1           0        0.620844    0.000000    3.613098
      5          1           0        0.000000    0.000000    3.719779
      6          1           0        0.620844    0.000000    5.472988
      7          1           0        1.241688    0.000000    7.226196
      8          1           0        1.241688    0.000000    5.366307
      9          1           0        1.241688    0.000000    3.506418
     10          1           0        1.862531    0.000000    5.259627
     11          1           0        1.862531    0.000000    7.119516
     12          1           0        1.862531    0.000000    8.979405
 ---------------------------------------------------------------------
                    Distance matrix (angstroms):
                    1          2          3          4          5
     1  H    0.000000
     2  H    1.859889   0.000000
     3  H    1.859889   0.629943   0.000000
     4  H    3.666050   1.859889   1.859889   0.000000
     5  H    3.719779   1.859889   2.062242   0.629943   0.000000
     6  H    5.508089   3.666050   3.719779   1.859889   1.859889
     7  H    7.332101   5.508089   5.508089   3.666050   3.719779
     8  H    5.508089   3.719779   3.666050   1.859889   2.062242
     9  H    3.719779   2.062242   1.859889   0.629943   1.259885
    10  H    5.579668   3.876498   3.719779   2.062242   2.416641
    11  H    7.359112   5.579668   5.508089   3.719779   3.876498
    12  H    9.170537   7.359112   7.332101   5.508089   5.579668
                    6          7          8          9         10
     6  H    0.000000
     7  H    1.859889   0.000000
     8  H    0.629943   1.859889   0.000000
     9  H    2.062242   3.719779   1.859889   0.000000
    10  H    1.259885   2.062242   0.629943   1.859889   0.000000
    11  H    2.062242   0.629943   1.859889   3.666050   1.859889
    12  H    3.719779   1.859889   3.666050   5.508089   3.719779
                   11         12
    11  H    0.000000
    12  H    1.859889   0.000000
 Stoichiometry    H12
 Framework group  C2H[SGH(H12)]
 Deg. of freedom    11
 Full point group                 C2H     NOp   4
 Largest Abelian subgroup         C2H     NOp   4
 Largest concise Abelian subgroup C2      NOp   2
                         Standard orientation:                         
 ---------------------------------------------------------------------
 Center     Atomic      Atomic             Coordinates (Angstroms)
 Number     Number       Type             X           Y           Z
 ---------------------------------------------------------------------
      1          1           0        0.620844    4.543043    0.000000
      2          1           0        0.000000    2.789834    0.000000
      3          1           0        0.620844    2.683154    0.000000
      4          1           0        0.000000    0.929945    0.000000
      5          1           0       -0.620844    1.036625    0.000000
      6          1           0       -0.620844   -0.823264    0.000000
      7          1           0       -0.620844   -2.683154   -0.000000
      8          1           0       -0.000000   -0.929945   -0.000000
      9          1           0        0.620844    0.823264    0.000000
     10          1           0        0.620844   -1.036625   -0.000000
     11          1           0       -0.000000   -2.789834   -0.000000
     12          1           0       -0.620844   -4.543043   -0.000000
 ---------------------------------------------------------------------
 Rotational constants (GHZ):    242.8819507      6.4706616      6.3027490
 General basis read from cards:  (5D, 7F)
 There are     6 symmetry adapted cartesian basis functions of AG  symmetry.
 There are     0 symmetry adapted cartesian basis functions of BG  symmetry.
 There are     0 symmetry adapted cartesian basis functions of AU  symmetry.
 There are     6 symmetry adapted cartesian basis functions of BU  symmetry.
 There are     6 symmetry adapted basis functions of AG  symmetry.
 There are     0 symmetry adapted basis functions of BG  symmetry.
 There are     0 symmetry adapted basis functions of AU  symmetry.
 There are     6 symmetry adapted basis functions of BU  symmetry.
    12 basis functions,   120 primitive gaussians,    12 cartesian basis functions
     6 alpha electrons        6 beta electrons
       nuclear repulsion energy        16.5969164221 Hartrees.
 NAtoms=   12 NActive=   12 NUniq=    6 SFac= 4.00D+00 NAtFMM=   60 NAOKFM=F Big=F
 Integral buffers will be    131072 words long.
 Regular integral format.
 Two-electron integral symmetry is turned on.
 One-electron integrals computed using PRISM.
 NBasis=    12 RedAO= T EigKep=  6.76D-02  NBF=     6     0     0     6
 NBsUse=    12 1.00D-06 EigRej= -1.00D+00 NBFU=     6     0     0     6
 Initial guess from the checkpoint file:  "h12.chk"
 B after Tr=    -0.000000   -0.000000    0.000000
         Rot=    0.961698    0.000000    0.000000   -0.274110 Ang= -31.82 deg.
 Initial guess orbital symmetries:
       Occupied  (AG) (BU) (AG) (BU) (BU) (AG)
       Virtual   (BU) (AG) (BU) (AG) (AG) (BU)
 Keep R1 ints in memory in symmetry-blocked form, NReq=896434.
 Requested convergence on RMS density matrix=1.00D-08 within 128 cycles.
 Requested convergence on MAX density matrix=1.00D-06.
 Requested convergence on             energy=1.00D-06.
 No special actions if energy rises.
 SCF Done:  E(RHF) =  -5.49699913040     A.U. after   13 cycles
            NFock= 13  Conv=0.33D-08     -V/T= 1.8719
 Range of M.O.s used for correlation:     1    12
 NBasis=    12 NAE=     6 NBE=     6 NFC=     0 NFV=     0
 NROrb=     12 NOA=     6 NOB=     6 NVA=     6 NVB=     6

 **** Warning!!: The smallest alpha delta epsilon is  0.59095056D-01

 Semi-Direct transformation.
 ModeAB=           4 MOrb=             6 LenV=     134090961
 LASXX=         2181 LTotXX=        2181 LenRXX=        5115
 LTotAB=        2934 MaxLAS=        3024 LenRXY=           0
 NonZer=        7296 LenScr=      655360 LnRSAI=        3024
 LnScr1=      655360 LExtra=           0 Total=      1318859
 MaxDsk=          -1 SrtSym=           T ITran=            3
 JobTyp=0 Pass  1:  I=   1 to   6.
 (rs|ai) integrals will be sorted in core.
 Spin components of T(2) and E(2):
     alpha-alpha T2 =       0.5310489147D-02 E2=     -0.4691598938D-02
     alpha-beta  T2 =       0.5842728250D+01 E2=     -0.7533816889D+00
     beta-beta   T2 =       0.5310489147D-02 E2=     -0.4691598938D-02
 ANorm=    0.2617890225D+01
 E2 =    -0.7627648868D+00 EUMP2 =    -0.62597640171886D+01
 Second order stability test of a single determinant RHF wave function:
 Stabil:  MDV=134217728
 ***********************************************************************
 Matrix         Lowest Root    Major Pairs
 ***********************************************************************
 Internal RHF     0.0518953    Stable
 RRHF --> CRHF    0.0007785    Stable
 RRHF --> RUHF   -0.5698965    6A=7B
 Not stable.
 ***********************************************************************

 **********************************************************************

            Population analysis using the SCF density.

 **********************************************************************

 Orbital symmetries:
       Occupied  (AG) (BU) (AG) (BU) (BU) (AG)
       Virtual   (BU) (AG) (BU) (AG) (AG) (BU)
 The electronic state is 1-AG.
 Alpha  occ. eigenvalues --   -0.89150  -0.81070  -0.67441  -0.66008  -0.31645
 Alpha  occ. eigenvalues --   -0.19262
 Alpha virt. eigenvalues --   -0.13352   0.03894   0.50063   0.51600   0.95193
 Alpha virt. eigenvalues --    1.14502
          Condensed to atoms (all electrons):
               1          2          3          4          5          6
     1  H    1.084506  -0.036225  -0.036777   0.000340   0.000411   0.000041
     2  H   -0.036225   0.632565   0.495950  -0.047564  -0.004507   0.002100
     3  H   -0.036777   0.495950   0.619919  -0.046548  -0.032877  -0.001227
     4  H    0.000340  -0.047564  -0.046548   0.987955   0.252187  -0.030694
     5  H    0.000411  -0.004507  -0.032877   0.252187   0.872407   0.198635
     6  H    0.000041   0.002100  -0.001227  -0.030694   0.198635   0.976823
     7  H   -0.000007   0.000029   0.000017   0.000663   0.001760  -0.005817
     8  H    0.000041   0.000666   0.000663  -0.053443  -0.016889   0.272404
     9  H   -0.000118  -0.036194  -0.005817   0.272404  -0.343550  -0.185847
    10  H   -0.000002  -0.000928   0.001760  -0.016889  -0.105508  -0.343550
    11  H   -0.000007   0.000014   0.000029   0.000666  -0.000928  -0.036194
    12  H    0.000002  -0.000007  -0.000007   0.000041  -0.000002  -0.000118
               7          8          9         10         11         12
     1  H   -0.000007   0.000041  -0.000118  -0.000002  -0.000007   0.000002
     2  H    0.000029   0.000666  -0.036194  -0.000928   0.000014  -0.000007
     3  H    0.000017   0.000663  -0.005817   0.001760   0.000029  -0.000007
     4  H    0.000663  -0.053443   0.272404  -0.016889   0.000666   0.000041
     5  H    0.001760  -0.016889  -0.343550  -0.105508  -0.000928  -0.000002
     6  H   -0.005817   0.272404  -0.185847  -0.343550  -0.036194  -0.000118
     7  H    0.619919  -0.046548  -0.001227  -0.032877   0.495950  -0.036777
     8  H   -0.046548   0.987955  -0.030694   0.252187  -0.047564   0.000340
     9  H   -0.001227  -0.030694   0.976823   0.198635   0.002100   0.000041
    10  H   -0.032877   0.252187   0.198635   0.872407  -0.004507   0.000411
    11  H    0.495950  -0.047564   0.002100  -0.004507   0.632565  -0.036225
    12  H   -0.036777   0.000340   0.000041   0.000411  -0.036225   1.084506
 Mulliken charges:
               1
     1  H   -0.012204
     2  H   -0.005897
     3  H    0.004915
     4  H   -0.319118
     5  H    0.178862
     6  H    0.153443
     7  H    0.004915
     8  H   -0.319118
     9  H    0.153443
    10  H    0.178862
    11  H   -0.005897
    12  H   -0.012204
 Sum of Mulliken charges =   0.00000
 Mulliken charges with hydrogens summed into heavy atoms:
               1
 Electronic spatial extent (au):  <R**2>=            323.0840
 Charge=             -0.0000 electrons
 Dipole moment (field-independent basis, Debye):
    X=             -0.0000    Y=             -0.0000    Z=              0.0000  Tot=              0.0000
 Quadrupole moment (field-independent basis, Debye-Ang):
   XX=            -16.0882   YY=            -20.8730   ZZ=            -15.4485
   XY=             -1.1979   XZ=             -0.0000   YZ=             -0.0000
 Traceless Quadrupole moment (field-independent basis, Debye-Ang):
   XX=              1.3817   YY=             -3.4031   ZZ=              2.0214
   XY=             -1.1979   XZ=             -0.0000   YZ=             -0.0000
 Octapole moment (field-independent basis, Debye-Ang**2):
  XXX=             -0.0000  YYY=              0.0000  ZZZ=              0.0000  XYY=             -0.0000
  XXY=              0.0000  XXZ=              0.0000  XZZ=              0.0000  YZZ=              0.0000
  YYZ=              0.0000  XYZ=              0.0000
 Hexadecapole moment (field-independent basis, Debye-Ang**3):
 XXXX=            -45.6007 YYYY=           -799.6025 ZZZZ=            -18.6668 XXXY=            -34.4650
 XXXZ=             -0.0000 YYYX=            -60.9575 YYYZ=             -0.0000 ZZZX=             -0.0000
 ZZZY=             -0.0000 XXYY=           -111.9113 XXZZ=            -10.7054 YYZZ=           -108.6222
 XXYZ=             -0.0000 YYXZ=             -0.0000 ZZXY=            -11.8237
 N-N= 1.659691642211D+01 E-N=-4.340113208135D+01  KE= 6.304811226314D+00
 Symmetry AG   KE= 2.757539104286D+00
 Symmetry BG   KE= 0.000000000000D+00
 Symmetry AU   KE= 0.000000000000D+00
 Symmetry BU   KE= 3.547272122028D+00

 Test job not archived.
 1\1\GINC-SULU\Stability\RHF\Gen\H12\LCJ1\17-Feb-2017\0\\#rhf/gen scf(s
 ymm,tight,novaracc,noincfock,fulldiag) stable(crhf) guess=read geom=no
 crowd test\\hf stability analysis of h12 triangular lattice, y= 1.8330
 252138232914\\0,1\H\H,1,1.8598893332\H,1,1.8598893332,2,19.5\H,2,1.859
 8893332,1,160.5,3,0.,0\H,2,1.8598893332,1,180.,3,0.,0\H,4,1.8598893332
 ,3,180.,5,0.,0\H,6,1.8598893332,5,180.,3,0.,0\H,4,1.8598893332,2,180.,
 3,0.,0\H,3,1.8598893332,1,180.,4,0.,0\H,9,1.8598893332,3,180.,4,0.,0\H
 ,8,1.8598893332,4,180.,3,0.,0\H,7,1.8598893332,6,180.,3,0.,0\\Version=
 ES64L-G09RevE.01\State=1-AG\HF=-5.4969991\MP2=-6.259764\RMSD=3.280e-09
 \Dipole=0.,0.,0.\Quadrupole=1.1913247,1.5028727,-2.6941974,0.,-0.42725
 76,0.\PG=C02H [SGH(H12)]\\@


 SOME PHYSICISTS WOULD PREFER TO COME BACK TO THE IDEA OF AN OBJECTIVE
 REAL WORLD WHOSE SMALLEST PARTS EXIST OBJECTIVELY IN THE SAME SENSE AS
 STONES OR TREES EXIST INDEPENDENTLY OF WHETHER WE OBSERVE THEM.
 THIS, HOWEVER, IS IMPOSSIBLE.  -- WERNER HEISENBERG
 Job cpu time:       0 days  0 hours  0 minutes  0.9 seconds.
 File lengths (MBytes):  RWF=     84 Int=      0 D2E=      0 Chk=      2 Scr=      2
 Normal termination of Gaussian 09 at Fri Feb 17 15:08:57 2017.
