 Entering Gaussian System, Link 0=g09
 AtFile(1): H.gbs
            H     0
            S   10   1.00
               1000.000000000000            0.000068713567
                316.227766000000            0.000169141320
                100.000000000000            0.000823394812
                 31.622776600000            0.003425569236
                 10.000000000000            0.013951996000
                  3.162277660000            0.056909313560
                  1.000000000000            0.198286399900
                  0.316227766000            0.496922426700
                  0.100000000000            0.369846276400
                  0.031622776600            0.003752720039
            ****
 Initial command:
 /projects/guscus/apps/gau/g09-e1/g09/l1.exe "/users/lcj1/gaussian/h12/rhfstability/rect/guess/ag3bu3/Gau-1209.inp" -scrdir="/users/lcj1/gaussian/h12/rhfstability/rect/guess/ag3bu3/"
 Entering Link 1 = /projects/guscus/apps/gau/g09-e1/g09/l1.exe PID=      1210.
  
 Copyright (c) 1988,1990,1992,1993,1995,1998,2003,2009,2015,
            Gaussian, Inc.  All Rights Reserved.
  
 This is part of the Gaussian(R) 09 program.  It is based on
 the Gaussian(R) 03 system (copyright 2003, Gaussian, Inc.),
 the Gaussian(R) 98 system (copyright 1998, Gaussian, Inc.),
 the Gaussian(R) 94 system (copyright 1995, Gaussian, Inc.),
 the Gaussian 92(TM) system (copyright 1992, Gaussian, Inc.),
 the Gaussian 90(TM) system (copyright 1990, Gaussian, Inc.),
 the Gaussian 88(TM) system (copyright 1988, Gaussian, Inc.),
 the Gaussian 86(TM) system (copyright 1986, Carnegie Mellon
 University), and the Gaussian 82(TM) system (copyright 1983,
 Carnegie Mellon University). Gaussian is a federally registered
 trademark of Gaussian, Inc.
  
 This software contains proprietary and confidential information,
 including trade secrets, belonging to Gaussian, Inc.
  
 This software is provided under written license and may be
 used, copied, transmitted, or stored only in accord with that
 written license.
  
 The following legend is applicable only to US Government
 contracts under FAR:
  
                    RESTRICTED RIGHTS LEGEND
  
 Use, reproduction and disclosure by the US Government is
 subject to restrictions as set forth in subparagraphs (a)
 and (c) of the Commercial Computer Software - Restricted
 Rights clause in FAR 52.227-19.
  
 Gaussian, Inc.
 340 Quinnipiac St., Bldg. 40, Wallingford CT 06492
  
  
 ---------------------------------------------------------------
 Warning -- This program may not be used in any manner that
 competes with the business of Gaussian, Inc. or will provide
 assistance to any competitor of Gaussian, Inc.  The licensee
 of this program is prohibited from giving any competitor of
 Gaussian, Inc. access to this program.  By using this program,
 the user acknowledges that Gaussian, Inc. is engaged in the
 business of creating and licensing software in the field of
 computational chemistry and represents and warrants to the
 licensee that it is not a competitor of Gaussian, Inc. and that
 it will not use this program in any manner prohibited above.
 ---------------------------------------------------------------
  

 Cite this work as:
 Gaussian 09, Revision E.01,
 M. J. Frisch, G. W. Trucks, H. B. Schlegel, G. E. Scuseria, 
 M. A. Robb, J. R. Cheeseman, G. Scalmani, V. Barone, B. Mennucci, 
 G. A. Petersson, H. Nakatsuji, M. Caricato, X. Li, H. P. Hratchian, 
 A. F. Izmaylov, J. Bloino, G. Zheng, J. L. Sonnenberg, M. Hada, 
 M. Ehara, K. Toyota, R. Fukuda, J. Hasegawa, M. Ishida, T. Nakajima, 
 Y. Honda, O. Kitao, H. Nakai, T. Vreven, J. A. Montgomery, Jr., 
 J. E. Peralta, F. Ogliaro, M. Bearpark, J. J. Heyd, E. Brothers, 
 K. N. Kudin, V. N. Staroverov, T. Keith, R. Kobayashi, J. Normand, 
 K. Raghavachari, A. Rendell, J. C. Burant, S. S. Iyengar, J. Tomasi, 
 M. Cossi, N. Rega, J. M. Millam, M. Klene, J. E. Knox, J. B. Cross, 
 V. Bakken, C. Adamo, J. Jaramillo, R. Gomperts, R. E. Stratmann, 
 O. Yazyev, A. J. Austin, R. Cammi, C. Pomelli, J. W. Ochterski, 
 R. L. Martin, K. Morokuma, V. G. Zakrzewski, G. A. Voth, 
 P. Salvador, J. J. Dannenberg, S. Dapprich, A. D. Daniels, 
 O. Farkas, J. B. Foresman, J. V. Ortiz, J. Cioslowski, 
 and D. J. Fox, Gaussian, Inc., Wallingford CT, 2013.
 
 ******************************************
 Gaussian 09:  ES64L-G09RevE.01 30-Nov-2015
                17-Feb-2017 
 ******************************************
 %chk=h12.chk
 ----------------------------------------------------------------------
 #rhf/gen scf(symm,tight,novaracc,noincfock,fulldiag) stable(crhf) gues
 s=read geom=nocrowd test
 ----------------------------------------------------------------------
 1/38=1/1;
 2/12=1,17=6,18=5,40=1/2;
 3/5=7,16=1,25=1,30=1,116=1/1,2,3;
 4/5=1,9=4/1;
 5/5=100002,15=2,16=1,32=2,38=6/2;
 8/6=1,10=90,11=11/1,4;
 9/8=4,13=1/2;
 6/7=2,8=2,9=2,10=2,28=1/1;
 99/5=1,9=1/99;
 ----------------------------------------------------------------------
 hf stability analysis of h12 triangular lattice, y= 0.9339599336918161
 8
 ----------------------------------------------------------------------
 Symbolic Z-matrix:
 Charge =  0 Multiplicity = 1
 H
 H                    1     1.12001 
 H                    1     1.12001  2     67. 
 H                    2     1.12001  1     113.     3     0.       0
 H                    2     1.12001  1     180.     3     0.       0
 H                    4     1.12001  3     180.     5     0.       0
 H                    6     1.12001  5     180.     3     0.       0
 H                    4     1.12001  2     180.     3     0.       0
 H                    3     1.12001  1     180.     4     0.       0
 H                    9     1.12001  3     180.     4     0.       0
 H                    8     1.12001  4     180.     3     0.       0
 H                    7     1.12001  6     180.     3     0.       0
 
                          Input orientation:                          
 ---------------------------------------------------------------------
 Center     Atomic      Atomic             Coordinates (Angstroms)
 Number     Number       Type             X           Y           Z
 ---------------------------------------------------------------------
      1          1           0        0.000000    0.000000    0.000000
      2          1           0        0.000000    0.000000    1.120009
      3          1           0        1.030974    0.000000    0.437623
      4          1           0        1.030974    0.000000    1.557632
      5          1           0        0.000000    0.000000    2.240019
      6          1           0        1.030974    0.000000    2.677641
      7          1           0        2.061948    0.000000    3.115264
      8          1           0        2.061948    0.000000    1.995254
      9          1           0        2.061948    0.000000    0.875245
     10          1           0        3.092922    0.000000    1.312868
     11          1           0        3.092922    0.000000    2.432877
     12          1           0        3.092922    0.000000    3.552886
 ---------------------------------------------------------------------
                    Distance matrix (angstroms):
                    1          2          3          4          5
     1  H    0.000000
     2  H    1.120009   0.000000
     3  H    1.120009   1.236349   0.000000
     4  H    1.867920   1.120009   1.120009   0.000000
     5  H    2.240019   1.120009   2.076425   1.236349   0.000000
     6  H    2.869263   1.867920   2.240019   1.120009   1.120009
     7  H    3.735840   2.869263   2.869263   1.867920   2.240019
     8  H    2.869263   2.240019   1.867920   1.120009   2.076425
     9  H    2.240019   2.076425   1.120009   1.236349   2.472698
    10  H    3.360028   3.098929   2.240019   2.076425   3.228897
    11  H    3.935106   3.360028   2.869263   2.240019   3.098929
    12  H    4.710538   3.935106   3.735840   2.869263   3.360028
                    6          7          8          9         10
     6  H    0.000000
     7  H    1.120009   0.000000
     8  H    1.236349   1.120009   0.000000
     9  H    2.076425   2.240019   1.120009   0.000000
    10  H    2.472698   2.076425   1.236349   1.120009   0.000000
    11  H    2.076425   1.236349   1.120009   1.867920   1.120009
    12  H    2.240019   1.120009   1.867920   2.869263   2.240019
                   11         12
    11  H    0.000000
    12  H    1.120009   0.000000
 Stoichiometry    H12
 Framework group  C2H[SGH(H12)]
 Deg. of freedom    11
 Full point group                 C2H     NOp   4
 Largest Abelian subgroup         C2H     NOp   4
 Largest concise Abelian subgroup C2      NOp   2
                         Standard orientation:                         
 ---------------------------------------------------------------------
 Center     Atomic      Atomic             Coordinates (Angstroms)
 Number     Number       Type             X           Y           Z
 ---------------------------------------------------------------------
      1          1           0        1.030974    2.117637    0.000000
      2          1           0       -0.000000    1.680014   -0.000000
      3          1           0        1.030974    0.997627    0.000000
      4          1           0       -0.000000    0.560005   -0.000000
      5          1           0       -1.030974    1.242392   -0.000000
      6          1           0       -1.030974    0.122382   -0.000000
      7          1           0       -1.030974   -0.997627    0.000000
      8          1           0       -0.000000   -0.560005    0.000000
      9          1           0        1.030974   -0.122382   -0.000000
     10          1           0        1.030974   -1.242392   -0.000000
     11          1           0       -0.000000   -1.680014    0.000000
     12          1           0       -1.030974   -2.117637    0.000000
 ---------------------------------------------------------------------
 Rotational constants (GHZ):     66.9492947     23.4745944     17.3804462
 General basis read from cards:  (5D, 7F)
 There are     6 symmetry adapted cartesian basis functions of AG  symmetry.
 There are     0 symmetry adapted cartesian basis functions of BG  symmetry.
 There are     0 symmetry adapted cartesian basis functions of AU  symmetry.
 There are     6 symmetry adapted cartesian basis functions of BU  symmetry.
 There are     6 symmetry adapted basis functions of AG  symmetry.
 There are     0 symmetry adapted basis functions of BG  symmetry.
 There are     0 symmetry adapted basis functions of AU  symmetry.
 There are     6 symmetry adapted basis functions of BU  symmetry.
    12 basis functions,   120 primitive gaussians,    12 cartesian basis functions
     6 alpha electrons        6 beta electrons
       nuclear repulsion energy        19.8077968257 Hartrees.
 NAtoms=   12 NActive=   12 NUniq=    6 SFac= 4.00D+00 NAtFMM=   60 NAOKFM=F Big=F
 Integral buffers will be    131072 words long.
 Regular integral format.
 Two-electron integral symmetry is turned on.
 One-electron integrals computed using PRISM.
 NBasis=    12 RedAO= T EigKep=  1.50D-01  NBF=     6     0     0     6
 NBsUse=    12 1.00D-06 EigRej= -1.00D+00 NBFU=     6     0     0     6
 Initial guess from the checkpoint file:  "h12.chk"
 B after Tr=    -0.000000    0.000000    0.000000
         Rot=    0.973520    0.000000    0.000000   -0.228603 Ang= -26.43 deg.
 Initial guess orbital symmetries:
       Occupied  (AG) (BU) (AG) (BU) (BU) (AG)
       Virtual   (BU) (AG) (BU) (AG) (AG) (BU)
 Keep R1 ints in memory in symmetry-blocked form, NReq=904022.
 Requested convergence on RMS density matrix=1.00D-08 within 128 cycles.
 Requested convergence on MAX density matrix=1.00D-06.
 Requested convergence on             energy=1.00D-06.
 No special actions if energy rises.
 SCF Done:  E(RHF) =  -5.86608862478     A.U. after   14 cycles
            NFock= 14  Conv=0.29D-08     -V/T= 1.9361
 Range of M.O.s used for correlation:     1    12
 NBasis=    12 NAE=     6 NBE=     6 NFC=     0 NFV=     0
 NROrb=     12 NOA=     6 NOB=     6 NVA=     6 NVB=     6
 Semi-Direct transformation.
 ModeAB=           4 MOrb=             6 LenV=     134084227
 LASXX=         2181 LTotXX=        2181 LenRXX=        5115
 LTotAB=        2934 MaxLAS=        3024 LenRXY=           0
 NonZer=        7296 LenScr=      655360 LnRSAI=        3024
 LnScr1=      655360 LExtra=           0 Total=      1318859
 MaxDsk=          -1 SrtSym=           T ITran=            3
 JobTyp=0 Pass  1:  I=   1 to   6.
 (rs|ai) integrals will be sorted in core.
 Spin components of T(2) and E(2):
     alpha-alpha T2 =       0.4865635158D-02 E2=     -0.7266150932D-02
     alpha-beta  T2 =       0.6496900268D-01 E2=     -0.1003971078D+00
     beta-beta   T2 =       0.4865635158D-02 E2=     -0.7266150932D-02
 ANorm=    0.1036677516D+01
 E2 =    -0.1149294097D+00 EUMP2 =    -0.59810180344576D+01
 Second order stability test of a single determinant RHF wave function:
 Stabil:  MDV=134217728
 ***********************************************************************
 Matrix         Lowest Root    Major Pairs
 ***********************************************************************
 Internal RHF     0.0810099    Stable
 RRHF --> CRHF    0.0423046    Stable
 RRHF --> RUHF   -0.0382218    6A=7B
 Not stable.
 ***********************************************************************

 **********************************************************************

            Population analysis using the SCF density.

 **********************************************************************

 Orbital symmetries:
       Occupied  (AG) (BU) (BU) (AG) (AG) (BU)
       Virtual   (AG) (BU) (BU) (AG) (AG) (BU)
 The electronic state is 1-AG.
 Alpha  occ. eigenvalues --   -0.99165  -0.79296  -0.65959  -0.54484  -0.41800
 Alpha  occ. eigenvalues --   -0.27268
 Alpha virt. eigenvalues --    0.03648   0.17871   0.29086   0.29931   0.57890
 Alpha virt. eigenvalues --    0.66846
          Condensed to atoms (all electrons):
               1          2          3          4          5          6
     1  H    1.197454   0.248925   0.077681  -0.207843  -0.077997   0.015526
     2  H    0.248925   0.675451  -0.022443  -0.107924   0.232040  -0.026057
     3  H    0.077681  -0.022443   0.772867   0.176348  -0.095706  -0.050756
     4  H   -0.207843  -0.107924   0.176348   1.099944   0.165367  -0.040295
     5  H   -0.077997   0.232040  -0.095706   0.165367   1.033390  -0.037130
     6  H    0.015526  -0.026057  -0.050756  -0.040295  -0.037130   0.800904
     7  H    0.007209  -0.010025   0.012552  -0.057603  -0.081772   0.203204
     8  H    0.033997  -0.036491  -0.057603  -0.223016  -0.096126   0.291845
     9  H   -0.090311  -0.076551   0.203204   0.291845  -0.019717  -0.075742
    10  H    0.007522   0.016542  -0.081772  -0.096126   0.015181  -0.019717
    11  H   -0.000168   0.010672  -0.010025  -0.036491   0.016542  -0.076551
    12  H   -0.002242  -0.000168   0.007209   0.033997   0.007522  -0.090311
               7          8          9         10         11         12
     1  H    0.007209   0.033997  -0.090311   0.007522  -0.000168  -0.002242
     2  H   -0.010025  -0.036491  -0.076551   0.016542   0.010672  -0.000168
     3  H    0.012552  -0.057603   0.203204  -0.081772  -0.010025   0.007209
     4  H   -0.057603  -0.223016   0.291845  -0.096126  -0.036491   0.033997
     5  H   -0.081772  -0.096126  -0.019717   0.015181   0.016542   0.007522
     6  H    0.203204   0.291845  -0.075742  -0.019717  -0.076551  -0.090311
     7  H    0.772867   0.176348  -0.050756  -0.095706  -0.022443   0.077681
     8  H    0.176348   1.099944  -0.040295   0.165367  -0.107924  -0.207843
     9  H   -0.050756  -0.040295   0.800904  -0.037130  -0.026057   0.015526
    10  H   -0.095706   0.165367  -0.037130   1.033390   0.232040  -0.077997
    11  H   -0.022443  -0.107924  -0.026057   0.232040   0.675451   0.248925
    12  H    0.077681  -0.207843   0.015526  -0.077997   0.248925   1.197454
 Mulliken charges:
               1
     1  H   -0.209755
     2  H    0.096030
     3  H    0.068444
     4  H    0.001797
     5  H   -0.061593
     6  H    0.105078
     7  H    0.068444
     8  H    0.001797
     9  H    0.105078
    10  H   -0.061593
    11  H    0.096030
    12  H   -0.209755
 Sum of Mulliken charges =  -0.00000
 Mulliken charges with hydrogens summed into heavy atoms:
               1
 Electronic spatial extent (au):  <R**2>=            148.0074
 Charge=             -0.0000 electrons
 Dipole moment (field-independent basis, Debye):
    X=             -0.0000    Y=              0.0000    Z=             -0.0000  Tot=              0.0000
 Quadrupole moment (field-independent basis, Debye-Ang):
   XX=            -17.7246   YY=            -27.5141   ZZ=            -15.2558
   XY=             -3.7777   XZ=              0.0000   YZ=              0.0000
 Traceless Quadrupole moment (field-independent basis, Debye-Ang):
   XX=              2.4403   YY=             -7.3493   ZZ=              4.9090
   XY=             -3.7777   XZ=              0.0000   YZ=              0.0000
 Octapole moment (field-independent basis, Debye-Ang**2):
  XXX=              0.0000  YYY=             -0.0000  ZZZ=             -0.0000  XYY=             -0.0000
  XXY=             -0.0000  XXZ=             -0.0000  XZZ=              0.0000  YZZ=             -0.0000
  YYZ=             -0.0000  XYZ=             -0.0000
 Hexadecapole moment (field-independent basis, Debye-Ang**3):
 XXXX=            -91.0603 YYYY=           -266.1908 ZZZZ=            -18.0887 XXXY=            -21.9361
 XXXZ=              0.0000 YYYX=            -40.2253 YYYZ=              0.0000 ZZZX=              0.0000
 ZZZY=              0.0000 XXYY=            -63.0995 XXZZ=            -18.0080 YYZZ=            -36.5497
 XXYZ=              0.0000 YYXZ=              0.0000 ZZXY=             -5.7684
 N-N= 1.980779682574D+01 E-N=-5.025495056628D+01  KE= 6.266625871721D+00
 Symmetry AG   KE= 2.942709716927D+00
 Symmetry BG   KE= 0.000000000000D+00
 Symmetry AU   KE= 0.000000000000D+00
 Symmetry BU   KE= 3.323916154794D+00

 Test job not archived.
 1\1\GINC-SULU\Stability\RHF\Gen\H12\LCJ1\17-Feb-2017\0\\#rhf/gen scf(s
 ymm,tight,novaracc,noincfock,fulldiag) stable(crhf) guess=read geom=no
 crowd test\\hf stability analysis of h12 triangular lattice, y= 0.9339
 5993369181618\\0,1\H\H,1,1.120009349\H,1,1.120009349,2,67.\H,2,1.12000
 9349,1,113.,3,0.,0\H,2,1.120009349,1,180.,3,0.,0\H,4,1.120009349,3,180
 .,5,0.,0\H,6,1.120009349,5,180.,3,0.,0\H,4,1.120009349,2,180.,3,0.,0\H
 ,3,1.120009349,1,180.,4,0.,0\H,9,1.120009349,3,180.,4,0.,0\H,8,1.12000
 9349,4,180.,3,0.,0\H,7,1.120009349,6,180.,3,0.,0\\Version=ES64L-G09Rev
 E.01\State=1-AG\HF=-5.8660886\MP2=-5.981018\RMSD=2.885e-09\Dipole=0.,0
 .,0.\Quadrupole=-2.3324914,3.6497522,-1.3172608,0.,-4.5688071,0.\PG=C0
 2H [SGH(H12)]\\@


 In the race for quality, there is no finish line.
                               -- David T. Kearns
 Job cpu time:       0 days  0 hours  0 minutes  1.1 seconds.
 File lengths (MBytes):  RWF=     84 Int=      0 D2E=      0 Chk=      2 Scr=      2
 Normal termination of Gaussian 09 at Fri Feb 17 15:04:02 2017.
