 Entering Gaussian System, Link 0=g09
 AtFile(1): H.gbs
            H     0
            S   10   1.00
               1000.000000000000            0.000068713567
                316.227766000000            0.000169141320
                100.000000000000            0.000823394812
                 31.622776600000            0.003425569236
                 10.000000000000            0.013951996000
                  3.162277660000            0.056909313560
                  1.000000000000            0.198286399900
                  0.316227766000            0.496922426700
                  0.100000000000            0.369846276400
                  0.031622776600            0.003752720039
            ****
 Initial command:
 /projects/guscus/apps/gau/g09-e1/g09/l1.exe "/users/lcj1/gaussian/h12/rhfstability/rect/guess/ag3bu3/Gau-13775.inp" -scrdir="/users/lcj1/gaussian/h12/rhfstability/rect/guess/ag3bu3/"
 Entering Link 1 = /projects/guscus/apps/gau/g09-e1/g09/l1.exe PID=     13779.
  
 Copyright (c) 1988,1990,1992,1993,1995,1998,2003,2009,2015,
            Gaussian, Inc.  All Rights Reserved.
  
 This is part of the Gaussian(R) 09 program.  It is based on
 the Gaussian(R) 03 system (copyright 2003, Gaussian, Inc.),
 the Gaussian(R) 98 system (copyright 1998, Gaussian, Inc.),
 the Gaussian(R) 94 system (copyright 1995, Gaussian, Inc.),
 the Gaussian 92(TM) system (copyright 1992, Gaussian, Inc.),
 the Gaussian 90(TM) system (copyright 1990, Gaussian, Inc.),
 the Gaussian 88(TM) system (copyright 1988, Gaussian, Inc.),
 the Gaussian 86(TM) system (copyright 1986, Carnegie Mellon
 University), and the Gaussian 82(TM) system (copyright 1983,
 Carnegie Mellon University). Gaussian is a federally registered
 trademark of Gaussian, Inc.
  
 This software contains proprietary and confidential information,
 including trade secrets, belonging to Gaussian, Inc.
  
 This software is provided under written license and may be
 used, copied, transmitted, or stored only in accord with that
 written license.
  
 The following legend is applicable only to US Government
 contracts under FAR:
  
                    RESTRICTED RIGHTS LEGEND
  
 Use, reproduction and disclosure by the US Government is
 subject to restrictions as set forth in subparagraphs (a)
 and (c) of the Commercial Computer Software - Restricted
 Rights clause in FAR 52.227-19.
  
 Gaussian, Inc.
 340 Quinnipiac St., Bldg. 40, Wallingford CT 06492
  
  
 ---------------------------------------------------------------
 Warning -- This program may not be used in any manner that
 competes with the business of Gaussian, Inc. or will provide
 assistance to any competitor of Gaussian, Inc.  The licensee
 of this program is prohibited from giving any competitor of
 Gaussian, Inc. access to this program.  By using this program,
 the user acknowledges that Gaussian, Inc. is engaged in the
 business of creating and licensing software in the field of
 computational chemistry and represents and warrants to the
 licensee that it is not a competitor of Gaussian, Inc. and that
 it will not use this program in any manner prohibited above.
 ---------------------------------------------------------------
  

 Cite this work as:
 Gaussian 09, Revision E.01,
 M. J. Frisch, G. W. Trucks, H. B. Schlegel, G. E. Scuseria, 
 M. A. Robb, J. R. Cheeseman, G. Scalmani, V. Barone, B. Mennucci, 
 G. A. Petersson, H. Nakatsuji, M. Caricato, X. Li, H. P. Hratchian, 
 A. F. Izmaylov, J. Bloino, G. Zheng, J. L. Sonnenberg, M. Hada, 
 M. Ehara, K. Toyota, R. Fukuda, J. Hasegawa, M. Ishida, T. Nakajima, 
 Y. Honda, O. Kitao, H. Nakai, T. Vreven, J. A. Montgomery, Jr., 
 J. E. Peralta, F. Ogliaro, M. Bearpark, J. J. Heyd, E. Brothers, 
 K. N. Kudin, V. N. Staroverov, T. Keith, R. Kobayashi, J. Normand, 
 K. Raghavachari, A. Rendell, J. C. Burant, S. S. Iyengar, J. Tomasi, 
 M. Cossi, N. Rega, J. M. Millam, M. Klene, J. E. Knox, J. B. Cross, 
 V. Bakken, C. Adamo, J. Jaramillo, R. Gomperts, R. E. Stratmann, 
 O. Yazyev, A. J. Austin, R. Cammi, C. Pomelli, J. W. Ochterski, 
 R. L. Martin, K. Morokuma, V. G. Zakrzewski, G. A. Voth, 
 P. Salvador, J. J. Dannenberg, S. Dapprich, A. D. Daniels, 
 O. Farkas, J. B. Foresman, J. V. Ortiz, J. Cioslowski, 
 and D. J. Fox, Gaussian, Inc., Wallingford CT, 2013.
 
 ******************************************
 Gaussian 09:  ES64L-G09RevE.01 30-Nov-2015
                17-Feb-2017 
 ******************************************
 %chk=h12.chk
 ----------------------------------------------------------------------
 #rhf/gen scf(symm,tight,novaracc,noincfock,fulldiag) stable(crhf) gues
 s=read geom=nocrowd test
 ----------------------------------------------------------------------
 1/38=1/1;
 2/12=1,17=6,18=5,40=1/2;
 3/5=7,16=1,25=1,30=1,116=1/1,2,3;
 4/5=1,9=4/1;
 5/5=100002,15=2,16=1,32=2,38=6/2;
 8/6=1,10=90,11=11/1,4;
 9/8=4,13=1/2;
 6/7=2,8=2,9=2,10=2,28=1/1;
 99/5=1,9=1/99;
 ----------------------------------------------------------------------
 hf stability analysis of h12 triangular lattice, y= 0.4135443701547177
 3
 ----------------------------------------------------------------------
 Symbolic Z-matrix:
 Charge =  0 Multiplicity = 1
 H
 H                    1     1.45606 
 H                    1     1.45606  2     147. 
 H                    2     1.45606  1     33.      3     0.       0
 H                    2     1.45606  1     180.     3     0.       0
 H                    4     1.45606  3     180.     5     0.       0
 H                    6     1.45606  5     180.     3     0.       0
 H                    4     1.45606  2     180.     3     0.       0
 H                    3     1.45606  1     180.     4     0.       0
 H                    9     1.45606  3     180.     4     0.       0
 H                    8     1.45606  4     180.     3     0.       0
 H                    7     1.45606  6     180.     3     0.       0
 
                          Input orientation:                          
 ---------------------------------------------------------------------
 Center     Atomic      Atomic             Coordinates (Angstroms)
 Number     Number       Type             X           Y           Z
 ---------------------------------------------------------------------
      1          1           0        0.000000    0.000000    0.000000
      2          1           0        0.000000    0.000000    1.456063
      3          1           0        0.793029    0.000000   -1.221158
      4          1           0        0.793029    0.000000    0.234906
      5          1           0        0.000000    0.000000    2.912127
      6          1           0        0.793029    0.000000    1.690969
      7          1           0        1.586058    0.000000    0.469812
      8          1           0        1.586058    0.000000   -0.986252
      9          1           0        1.586058    0.000000   -2.442315
     10          1           0        2.379087    0.000000   -3.663473
     11          1           0        2.379087    0.000000   -2.207409
     12          1           0        2.379087    0.000000   -0.751346
 ---------------------------------------------------------------------
                    Distance matrix (angstroms):
                    1          2          3          4          5
     1  H    0.000000
     2  H    1.456063   0.000000
     3  H    1.456063   2.792205   0.000000
     4  H    0.827089   1.456063   1.456063   0.000000
     5  H    2.912127   1.456063   4.208674   2.792205   0.000000
     6  H    1.867692   0.827089   2.912127   1.456063   1.456063
     7  H    1.654177   1.867692   1.867692   0.827089   2.912127
     8  H    1.867692   2.912127   0.827089   1.456063   4.208674
     9  H    2.912127   4.208674   1.456063   2.792205   5.584409
    10  H    4.368190   5.645326   2.912127   4.208674   6.992751
    11  H    3.245414   4.368190   1.867692   2.912127   5.645326
    12  H    2.494910   3.245414   1.654177   1.867692   4.368190
                    6          7          8          9         10
     6  H    0.000000
     7  H    1.456063   0.000000
     8  H    2.792205   1.456063   0.000000
     9  H    4.208674   2.912127   1.456063   0.000000
    10  H    5.584409   4.208674   2.792205   1.456063   0.000000
    11  H    4.208674   2.792205   1.456063   0.827089   1.456063
    12  H    2.912127   1.456063   0.827089   1.867692   2.912127
                   11         12
    11  H    0.000000
    12  H    1.456063   0.000000
 Stoichiometry    H12
 Framework group  C2H[SGH(H12)]
 Deg. of freedom    11
 Full point group                 C2H     NOp   4
 Largest Abelian subgroup         C2H     NOp   4
 Largest concise Abelian subgroup C2      NOp   2
                         Standard orientation:                         
 ---------------------------------------------------------------------
 Center     Atomic      Atomic             Coordinates (Angstroms)
 Number     Number       Type             X           Y           Z
 ---------------------------------------------------------------------
      1          1           0        0.793029    0.962938    0.000000
      2          1           0       -0.000000    2.184095    0.000000
      3          1           0        0.793029   -0.493126   -0.000000
      4          1           0       -0.000000    0.728032    0.000000
      5          1           0       -0.793029    3.405253    0.000000
      6          1           0       -0.793029    1.949189    0.000000
      7          1           0       -0.793029    0.493126   -0.000000
      8          1           0       -0.000000   -0.728032    0.000000
      9          1           0        0.793029   -1.949189    0.000000
     10          1           0        0.793029   -3.405253    0.000000
     11          1           0       -0.000000   -2.184095    0.000000
     12          1           0       -0.793029   -0.962938   -0.000000
 ---------------------------------------------------------------------
 Rotational constants (GHZ):    141.7391219     11.0880304     10.2835633
 General basis read from cards:  (5D, 7F)
 There are     6 symmetry adapted cartesian basis functions of AG  symmetry.
 There are     0 symmetry adapted cartesian basis functions of BG  symmetry.
 There are     0 symmetry adapted cartesian basis functions of AU  symmetry.
 There are     6 symmetry adapted cartesian basis functions of BU  symmetry.
 There are     6 symmetry adapted basis functions of AG  symmetry.
 There are     0 symmetry adapted basis functions of BG  symmetry.
 There are     0 symmetry adapted basis functions of AU  symmetry.
 There are     6 symmetry adapted basis functions of BU  symmetry.
    12 basis functions,   120 primitive gaussians,    12 cartesian basis functions
     6 alpha electrons        6 beta electrons
       nuclear repulsion energy        17.8290068834 Hartrees.
 NAtoms=   12 NActive=   12 NUniq=    6 SFac= 4.00D+00 NAtFMM=   60 NAOKFM=F Big=F
 Integral buffers will be    131072 words long.
 Regular integral format.
 Two-electron integral symmetry is turned on.
 One-electron integrals computed using PRISM.
 NBasis=    12 RedAO= T EigKep=  1.25D-01  NBF=     6     0     0     6
 NBsUse=    12 1.00D-06 EigRej= -1.00D+00 NBFU=     6     0     0     6
 Initial guess from the checkpoint file:  "h12.chk"
 B after Tr=     0.000000    0.000000    0.000000
         Rot=    0.999959    0.000000    0.000000   -0.009105 Ang=  -1.04 deg.
 Initial guess orbital symmetries:
       Occupied  (AG) (BU) (AG) (BU) (BU) (AG)
       Virtual   (BU) (AG) (BU) (AG) (AG) (BU)
 Keep R1 ints in memory in symmetry-blocked form, NReq=898800.
 Requested convergence on RMS density matrix=1.00D-08 within 128 cycles.
 Requested convergence on MAX density matrix=1.00D-06.
 Requested convergence on             energy=1.00D-06.
 No special actions if energy rises.
 SCF Done:  E(RHF) =  -5.76550002740     A.U. after   13 cycles
            NFock= 13  Conv=0.46D-08     -V/T= 1.9117
 Range of M.O.s used for correlation:     1    12
 NBasis=    12 NAE=     6 NBE=     6 NFC=     0 NFV=     0
 NROrb=     12 NOA=     6 NOB=     6 NVA=     6 NVB=     6
 Semi-Direct transformation.
 ModeAB=           4 MOrb=             6 LenV=     134088959
 LASXX=         2181 LTotXX=        2181 LenRXX=        5115
 LTotAB=        2934 MaxLAS=        3024 LenRXY=           0
 NonZer=        7296 LenScr=      655360 LnRSAI=        3024
 LnScr1=      655360 LExtra=           0 Total=      1318859
 MaxDsk=          -1 SrtSym=           T ITran=            3
 JobTyp=0 Pass  1:  I=   1 to   6.
 (rs|ai) integrals will be sorted in core.
 Spin components of T(2) and E(2):
     alpha-alpha T2 =       0.4393210223D-02 E2=     -0.5401493130D-02
     alpha-beta  T2 =       0.2120014406D+00 E2=     -0.1450197649D+00
     beta-beta   T2 =       0.4393210223D-02 E2=     -0.5401493130D-02
 ANorm=    0.1104892692D+01
 E2 =    -0.1558227512D+00 EUMP2 =    -0.59213227785870D+01
 Second order stability test of a single determinant RHF wave function:
 Stabil:  MDV=134217728
 ***********************************************************************
 Matrix         Lowest Root    Major Pairs
 ***********************************************************************
 Internal RHF     0.0465306    Stable
 RRHF --> CRHF   -0.0206604    6A=7A
 RRHF --> RUHF   -0.2517493    6A=8B 5A=7B 4A=7B 3A=8B
 Not stable.
 ***********************************************************************

 **********************************************************************

            Population analysis using the SCF density.

 **********************************************************************

 Orbital symmetries:
       Occupied  (AG) (BU) (AG) (BU) (BU) (AG)
       Virtual   (AG) (BU) (BU) (AG) (AG) (BU)
 The electronic state is 1-AG.
 Alpha  occ. eigenvalues --   -0.84914  -0.74439  -0.60915  -0.48322  -0.39236
 Alpha  occ. eigenvalues --   -0.18239
 Alpha virt. eigenvalues --   -0.00929  -0.00224   0.36617   0.44497   0.61319
 Alpha virt. eigenvalues --    0.84184
          Condensed to atoms (all electrons):
               1          2          3          4          5          6
     1  H    1.147157  -0.010734   0.018078   0.359250   0.031690  -0.196795
     2  H   -0.010734   0.566951   0.006706  -0.081125   0.167331   0.286269
     3  H    0.018078   0.006706   0.980202  -0.072960  -0.001059   0.008019
     4  H    0.359250  -0.081125  -0.072960   0.901569  -0.022222  -0.072471
     5  H    0.031690   0.167331  -0.001059  -0.022222   0.888513  -0.116176
     6  H   -0.196795   0.286269   0.008019  -0.072471  -0.116176   0.979895
     7  H   -0.194245  -0.064212  -0.107001   0.267620  -0.046026   0.176328
     8  H   -0.040181   0.002150   0.267620  -0.123059   0.002097  -0.005212
     9  H   -0.022538   0.000220   0.176328  -0.005212  -0.000398   0.004156
    10  H    0.003586  -0.000021  -0.046026   0.002097   0.000028  -0.000398
    11  H   -0.000855   0.000004  -0.064212   0.002150  -0.000021   0.000220
    12  H   -0.002649  -0.000855  -0.194245  -0.040181   0.003586  -0.022538
               7          8          9         10         11         12
     1  H   -0.194245  -0.040181  -0.022538   0.003586  -0.000855  -0.002649
     2  H   -0.064212   0.002150   0.000220  -0.000021   0.000004  -0.000855
     3  H   -0.107001   0.267620   0.176328  -0.046026  -0.064212  -0.194245
     4  H    0.267620  -0.123059  -0.005212   0.002097   0.002150  -0.040181
     5  H   -0.046026   0.002097  -0.000398   0.000028  -0.000021   0.003586
     6  H    0.176328  -0.005212   0.004156  -0.000398   0.000220  -0.022538
     7  H    0.980202  -0.072960   0.008019  -0.001059   0.006706   0.018078
     8  H   -0.072960   0.901569  -0.072471  -0.022222  -0.081125   0.359250
     9  H    0.008019  -0.072471   0.979895  -0.116176   0.286269  -0.196795
    10  H   -0.001059  -0.022222  -0.116176   0.888513   0.167331   0.031690
    11  H    0.006706  -0.081125   0.286269   0.167331   0.566951  -0.010734
    12  H    0.018078   0.359250  -0.196795   0.031690  -0.010734   1.147157
 Mulliken charges:
               1
     1  H   -0.091765
     2  H    0.127315
     3  H    0.028550
     4  H   -0.115456
     5  H    0.092656
     6  H   -0.041300
     7  H    0.028550
     8  H   -0.115456
     9  H   -0.041300
    10  H    0.092656
    11  H    0.127315
    12  H   -0.091765
 Sum of Mulliken charges =  -0.00000
 Mulliken charges with hydrogens summed into heavy atoms:
               1
 Electronic spatial extent (au):  <R**2>=            202.9385
 Charge=             -0.0000 electrons
 Dipole moment (field-independent basis, Debye):
    X=             -0.0000    Y=              0.0000    Z=              0.0000  Tot=              0.0000
 Quadrupole moment (field-independent basis, Debye-Ang):
   XX=            -17.3931   YY=             -6.0071   ZZ=            -15.3414
   XY=             -2.0518   XZ=             -0.0000   YZ=             -0.0000
 Traceless Quadrupole moment (field-independent basis, Debye-Ang):
   XX=             -4.4792   YY=              6.9067   ZZ=             -2.4275
   XY=             -2.0518   XZ=             -0.0000   YZ=             -0.0000
 Octapole moment (field-independent basis, Debye-Ang**2):
  XXX=              0.0000  YYY=             -0.0000  ZZZ=             -0.0000  XYY=              0.0000
  XXY=             -0.0000  XXZ=             -0.0000  XZZ=             -0.0000  YZZ=             -0.0000
  YYZ=              0.0000  XYZ=             -0.0000
 Hexadecapole moment (field-independent basis, Debye-Ang**3):
 XXXX=            -63.0109 YYYY=           -258.2012 ZZZZ=            -18.3761 XXXY=             25.7335
 XXXZ=             -0.0000 YYYX=              1.5521 YYYZ=              0.0000 ZZZX=             -0.0000
 ZZZY=              0.0000 XXYY=            -61.6477 XXZZ=            -13.4491 YYZZ=            -62.3608
 XXYZ=              0.0000 YYXZ=              0.0000 ZZXY=              9.6772
 N-N= 1.782900688336D+01 E-N=-4.699179127406D+01  KE= 6.324074525048D+00
 Symmetry AG   KE= 3.093569399018D+00
 Symmetry BG   KE= 0.000000000000D+00
 Symmetry AU   KE= 0.000000000000D+00
 Symmetry BU   KE= 3.230505126030D+00

 Test job not archived.
 1\1\GINC-SULU\Stability\RHF\Gen\H12\LCJ1\17-Feb-2017\0\\#rhf/gen scf(s
 ymm,tight,novaracc,noincfock,fulldiag) stable(crhf) guess=read geom=no
 crowd test\\hf stability analysis of h12 triangular lattice, y= 0.4135
 4437015471773\\0,1\H\H,1,1.456063437\H,1,1.456063437,2,147.\H,2,1.4560
 63437,1,33.,3,0.,0\H,2,1.456063437,1,180.,3,0.,0\H,4,1.456063437,3,180
 .,5,0.,0\H,6,1.456063437,5,180.,3,0.,0\H,4,1.456063437,2,180.,3,0.,0\H
 ,3,1.456063437,1,180.,4,0.,0\H,9,1.456063437,3,180.,4,0.,0\H,8,1.45606
 3437,4,180.,3,0.,0\H,7,1.456063437,6,180.,3,0.,0\\Version=ES64L-G09Rev
 E.01\State=1-AG\HF=-5.7655\MP2=-5.9213228\RMSD=4.623e-09\Dipole=0.,0.,
 0.\Quadrupole=-2.2126918,-1.8048214,4.0175132,0.,-3.2461984,0.\PG=C02H
  [SGH(H12)]\\@


 ART, GLORY, FREEDOM FAIL, BUT NATURE STILL IS FAIR.

                                           -- BYRON
 Job cpu time:       0 days  0 hours  0 minutes  1.0 seconds.
 File lengths (MBytes):  RWF=     84 Int=      0 D2E=      0 Chk=      2 Scr=      2
 Normal termination of Gaussian 09 at Fri Feb 17 14:55:35 2017.
