 Entering Gaussian System, Link 0=g09
 AtFile(1): H.gbs
            H     0
            S   10   1.00
               1000.000000000000            0.000068713567
                316.227766000000            0.000169141320
                100.000000000000            0.000823394812
                 31.622776600000            0.003425569236
                 10.000000000000            0.013951996000
                  3.162277660000            0.056909313560
                  1.000000000000            0.198286399900
                  0.316227766000            0.496922426700
                  0.100000000000            0.369846276400
                  0.031622776600            0.003752720039
            ****
 Initial command:
 /projects/guscus/apps/gau/g09-e1/g09/l1.exe "/users/lcj1/gaussian/h12/rhfstability/rect/guess/ag3bu3/Gau-30102.inp" -scrdir="/users/lcj1/gaussian/h12/rhfstability/rect/guess/ag3bu3/"
 Entering Link 1 = /projects/guscus/apps/gau/g09-e1/g09/l1.exe PID=     30104.
  
 Copyright (c) 1988,1990,1992,1993,1995,1998,2003,2009,2015,
            Gaussian, Inc.  All Rights Reserved.
  
 This is part of the Gaussian(R) 09 program.  It is based on
 the Gaussian(R) 03 system (copyright 2003, Gaussian, Inc.),
 the Gaussian(R) 98 system (copyright 1998, Gaussian, Inc.),
 the Gaussian(R) 94 system (copyright 1995, Gaussian, Inc.),
 the Gaussian 92(TM) system (copyright 1992, Gaussian, Inc.),
 the Gaussian 90(TM) system (copyright 1990, Gaussian, Inc.),
 the Gaussian 88(TM) system (copyright 1988, Gaussian, Inc.),
 the Gaussian 86(TM) system (copyright 1986, Carnegie Mellon
 University), and the Gaussian 82(TM) system (copyright 1983,
 Carnegie Mellon University). Gaussian is a federally registered
 trademark of Gaussian, Inc.
  
 This software contains proprietary and confidential information,
 including trade secrets, belonging to Gaussian, Inc.
  
 This software is provided under written license and may be
 used, copied, transmitted, or stored only in accord with that
 written license.
  
 The following legend is applicable only to US Government
 contracts under FAR:
  
                    RESTRICTED RIGHTS LEGEND
  
 Use, reproduction and disclosure by the US Government is
 subject to restrictions as set forth in subparagraphs (a)
 and (c) of the Commercial Computer Software - Restricted
 Rights clause in FAR 52.227-19.
  
 Gaussian, Inc.
 340 Quinnipiac St., Bldg. 40, Wallingford CT 06492
  
  
 ---------------------------------------------------------------
 Warning -- This program may not be used in any manner that
 competes with the business of Gaussian, Inc. or will provide
 assistance to any competitor of Gaussian, Inc.  The licensee
 of this program is prohibited from giving any competitor of
 Gaussian, Inc. access to this program.  By using this program,
 the user acknowledges that Gaussian, Inc. is engaged in the
 business of creating and licensing software in the field of
 computational chemistry and represents and warrants to the
 licensee that it is not a competitor of Gaussian, Inc. and that
 it will not use this program in any manner prohibited above.
 ---------------------------------------------------------------
  

 Cite this work as:
 Gaussian 09, Revision E.01,
 M. J. Frisch, G. W. Trucks, H. B. Schlegel, G. E. Scuseria, 
 M. A. Robb, J. R. Cheeseman, G. Scalmani, V. Barone, B. Mennucci, 
 G. A. Petersson, H. Nakatsuji, M. Caricato, X. Li, H. P. Hratchian, 
 A. F. Izmaylov, J. Bloino, G. Zheng, J. L. Sonnenberg, M. Hada, 
 M. Ehara, K. Toyota, R. Fukuda, J. Hasegawa, M. Ishida, T. Nakajima, 
 Y. Honda, O. Kitao, H. Nakai, T. Vreven, J. A. Montgomery, Jr., 
 J. E. Peralta, F. Ogliaro, M. Bearpark, J. J. Heyd, E. Brothers, 
 K. N. Kudin, V. N. Staroverov, T. Keith, R. Kobayashi, J. Normand, 
 K. Raghavachari, A. Rendell, J. C. Burant, S. S. Iyengar, J. Tomasi, 
 M. Cossi, N. Rega, J. M. Millam, M. Klene, J. E. Knox, J. B. Cross, 
 V. Bakken, C. Adamo, J. Jaramillo, R. Gomperts, R. E. Stratmann, 
 O. Yazyev, A. J. Austin, R. Cammi, C. Pomelli, J. W. Ochterski, 
 R. L. Martin, K. Morokuma, V. G. Zakrzewski, G. A. Voth, 
 P. Salvador, J. J. Dannenberg, S. Dapprich, A. D. Daniels, 
 O. Farkas, J. B. Foresman, J. V. Ortiz, J. Cioslowski, 
 and D. J. Fox, Gaussian, Inc., Wallingford CT, 2013.
 
 ******************************************
 Gaussian 09:  ES64L-G09RevE.01 30-Nov-2015
                17-Feb-2017 
 ******************************************
 %chk=h12.chk
 ----------------------------------------------------------------------
 #rhf/gen scf(symm,tight,novaracc,noincfock,fulldiag) stable(crhf) gues
 s=read geom=nocrowd test
 ----------------------------------------------------------------------
 1/38=1/1;
 2/12=1,17=6,18=5,40=1/2;
 3/5=7,16=1,25=1,30=1,116=1/1,2,3;
 4/5=1,9=4/1;
 5/5=100002,15=2,16=1,32=2,38=6/2;
 8/6=1,10=90,11=11/1,4;
 9/8=4,13=1/2;
 6/7=2,8=2,9=2,10=2,28=1/1;
 99/5=1,9=1/99;
 ----------------------------------------------------------------------
 hf stability analysis of h12 triangular lattice, y= 0.8185645993885070
 1
 ----------------------------------------------------------------------
 Symbolic Z-matrix:
 Charge =  0 Multiplicity = 1
 H
 H                    1     1.08052 
 H                    1     1.08052  2     81.5 
 H                    2     1.08052  1     98.5     3     0.       0
 H                    2     1.08052  1     180.     3     0.       0
 H                    4     1.08052  3     180.     5     0.       0
 H                    6     1.08052  5     180.     3     0.       0
 H                    4     1.08052  2     180.     3     0.       0
 H                    3     1.08052  1     180.     4     0.       0
 H                    9     1.08052  3     180.     4     0.       0
 H                    8     1.08052  4     180.     3     0.       0
 H                    7     1.08052  6     180.     3     0.       0
 
                          Input orientation:                          
 ---------------------------------------------------------------------
 Center     Atomic      Atomic             Coordinates (Angstroms)
 Number     Number       Type             X           Y           Z
 ---------------------------------------------------------------------
      1          1           0        0.000000    0.000000    0.000000
      2          1           0        0.000000    0.000000    1.080521
      3          1           0        1.068652    0.000000    0.159711
      4          1           0        1.068652    0.000000    1.240232
      5          1           0        0.000000    0.000000    2.161041
      6          1           0        1.068652    0.000000    2.320752
      7          1           0        2.137304    0.000000    2.480463
      8          1           0        2.137304    0.000000    1.399943
      9          1           0        2.137304    0.000000    0.319422
     10          1           0        3.205956    0.000000    0.479133
     11          1           0        3.205956    0.000000    1.559654
     12          1           0        3.205956    0.000000    2.640175
 ---------------------------------------------------------------------
                    Distance matrix (angstroms):
                    1          2          3          4          5
     1  H    0.000000
     2  H    1.080521   0.000000
     3  H    1.080521   1.410641   0.000000
     4  H    1.637129   1.080521   1.080521   0.000000
     5  H    2.161041   1.080521   2.268775   1.410641   0.000000
     6  H    2.554977   1.637129   2.161041   1.080521   1.080521
     7  H    3.274258   2.554977   2.554977   1.637129   2.161041
     8  H    2.554977   2.161041   1.637129   1.080521   2.268775
     9  H    2.161041   2.268775   1.080521   1.410641   2.821281
    10  H    3.241562   3.261874   2.161041   2.268775   3.620355
    11  H    3.565203   3.241562   2.554977   2.161041   3.261874
    12  H    4.153153   3.565203   3.274258   2.554977   3.241562
                    6          7          8          9         10
     6  H    0.000000
     7  H    1.080521   0.000000
     8  H    1.410641   1.080521   0.000000
     9  H    2.268775   2.161041   1.080521   0.000000
    10  H    2.821281   2.268775   1.410641   1.080521   0.000000
    11  H    2.268775   1.410641   1.080521   1.637129   1.080521
    12  H    2.161041   1.080521   1.637129   2.554977   2.161041
                   11         12
    11  H    0.000000
    12  H    1.080521   0.000000
 Stoichiometry    H12
 Framework group  C2H[SGH(H12)]
 Deg. of freedom    11
 Full point group                 C2H     NOp   4
 Largest Abelian subgroup         C2H     NOp   4
 Largest concise Abelian subgroup C2      NOp   2
                         Standard orientation:                         
 ---------------------------------------------------------------------
 Center     Atomic      Atomic             Coordinates (Angstroms)
 Number     Number       Type             X           Y           Z
 ---------------------------------------------------------------------
      1          1           0        1.068652    1.780492    0.000000
      2          1           0        0.000000    1.620781    0.000000
      3          1           0        1.068652    0.699971   -0.000000
      4          1           0        0.000000    0.540260    0.000000
      5          1           0       -1.068652    1.461070    0.000000
      6          1           0       -1.068652    0.380549    0.000000
      7          1           0       -1.068652   -0.699971    0.000000
      8          1           0       -0.000000   -0.540260    0.000000
      9          1           0        1.068652   -0.380549    0.000000
     10          1           0        1.068652   -1.461070    0.000000
     11          1           0       -0.000000   -1.620781    0.000000
     12          1           0       -1.068652   -1.780492    0.000000
 ---------------------------------------------------------------------
 Rotational constants (GHZ):     56.1910573     27.9689983     18.6740322
 General basis read from cards:  (5D, 7F)
 There are     6 symmetry adapted cartesian basis functions of AG  symmetry.
 There are     0 symmetry adapted cartesian basis functions of BG  symmetry.
 There are     0 symmetry adapted cartesian basis functions of AU  symmetry.
 There are     6 symmetry adapted cartesian basis functions of BU  symmetry.
 There are     6 symmetry adapted basis functions of AG  symmetry.
 There are     0 symmetry adapted basis functions of BG  symmetry.
 There are     0 symmetry adapted basis functions of AU  symmetry.
 There are     6 symmetry adapted basis functions of BU  symmetry.
    12 basis functions,   120 primitive gaussians,    12 cartesian basis functions
     6 alpha electrons        6 beta electrons
       nuclear repulsion energy        20.1300768190 Hartrees.
 NAtoms=   12 NActive=   12 NUniq=    6 SFac= 4.00D+00 NAtFMM=   60 NAOKFM=F Big=F
 Integral buffers will be    131072 words long.
 Regular integral format.
 Two-electron integral symmetry is turned on.
 One-electron integrals computed using PRISM.
 NBasis=    12 RedAO= T EigKep=  1.13D-01  NBF=     6     0     0     6
 NBsUse=    12 1.00D-06 EigRej= -1.00D+00 NBFU=     6     0     0     6
 Initial guess from the checkpoint file:  "h12.chk"
 B after Tr=    -0.000000   -0.000000    0.000000
         Rot=    0.980713    0.000000    0.000000   -0.195456 Ang= -22.54 deg.
 Initial guess orbital symmetries:
       Occupied  (AG) (BU) (AG) (BU) (BU) (AG)
       Virtual   (BU) (AG) (BU) (AG) (AG) (BU)
 Keep R1 ints in memory in symmetry-blocked form, NReq=903840.
 Requested convergence on RMS density matrix=1.00D-08 within 128 cycles.
 Requested convergence on MAX density matrix=1.00D-06.
 Requested convergence on             energy=1.00D-06.
 No special actions if energy rises.
 SCF Done:  E(RHF) =  -5.71837757817     A.U. after   18 cycles
            NFock= 18  Conv=0.59D-08     -V/T= 1.8835
 Range of M.O.s used for correlation:     1    12
 NBasis=    12 NAE=     6 NBE=     6 NFC=     0 NFV=     0
 NROrb=     12 NOA=     6 NOB=     6 NVA=     6 NVB=     6
 Semi-Direct transformation.
 ModeAB=           4 MOrb=             6 LenV=     134084311
 LASXX=         2181 LTotXX=        2181 LenRXX=        5115
 LTotAB=        2934 MaxLAS=        3024 LenRXY=           0
 NonZer=        7296 LenScr=      655360 LnRSAI=        3024
 LnScr1=      655360 LExtra=           0 Total=      1318859
 MaxDsk=          -1 SrtSym=           T ITran=            3
 JobTyp=0 Pass  1:  I=   1 to   6.
 (rs|ai) integrals will be sorted in core.
 Spin components of T(2) and E(2):
     alpha-alpha T2 =       0.5047741062D-02 E2=     -0.7355167547D-02
     alpha-beta  T2 =       0.7491401830D-01 E2=     -0.1074376877D+00
     beta-beta   T2 =       0.5047741062D-02 E2=     -0.7355167547D-02
 ANorm=    0.1041637893D+01
 E2 =    -0.1221480228D+00 EUMP2 =    -0.58405256010094D+01
 Second order stability test of a single determinant RHF wave function:
 Stabil:  MDV=134217728
 ***********************************************************************
 Matrix         Lowest Root    Major Pairs
 ***********************************************************************
 Internal RHF    -0.06091      6A=7A
 RRHF --> CRHF   -0.0974823    6A=7A
 RRHF --> RUHF   -0.1742662    6A=7B
 Not stable.
 ***********************************************************************

 **********************************************************************

            Population analysis using the SCF density.

 **********************************************************************

 Orbital symmetries:
       Occupied  (AG) (BU) (BU) (AG) (AG) (BU)
       Virtual   (AG) (BU) (BU) (AG) (AG) (BU)
 The electronic state is 1-AG.
 Alpha  occ. eigenvalues --   -1.00686  -0.78918  -0.68873  -0.51199  -0.46295
 Alpha  occ. eigenvalues --   -0.20467
 Alpha virt. eigenvalues --   -0.02343   0.11078   0.22252   0.42059   0.55811
 Alpha virt. eigenvalues --    0.89564
          Condensed to atoms (all electrons):
               1          2          3          4          5          6
     1  H    1.429581   0.376442  -0.152271  -0.260963  -0.114628  -0.001247
     2  H    0.376442   0.709196  -0.055509  -0.170259   0.130004  -0.005523
     3  H   -0.152271  -0.055509   0.927109   0.398870  -0.030249  -0.093843
     4  H   -0.260963  -0.170259   0.398870   1.074715   0.111343   0.004249
     5  H   -0.114628   0.130004  -0.030249   0.111343   1.035438   0.105815
     6  H   -0.001247  -0.005523  -0.093843   0.004249   0.105815   0.700369
     7  H    0.025088  -0.002803  -0.027858  -0.111522  -0.114586   0.168521
     8  H    0.050952  -0.039079  -0.111522  -0.155422  -0.102575   0.159005
     9  H   -0.098236  -0.048565   0.168521   0.159005   0.009401  -0.032809
    10  H    0.015434   0.013261  -0.114586  -0.102575   0.005603   0.009401
    11  H   -0.001299   0.010010  -0.002803  -0.039079   0.013261  -0.048565
    12  H   -0.006387  -0.001299   0.025088   0.050952   0.015434  -0.098236
               7          8          9         10         11         12
     1  H    0.025088   0.050952  -0.098236   0.015434  -0.001299  -0.006387
     2  H   -0.002803  -0.039079  -0.048565   0.013261   0.010010  -0.001299
     3  H   -0.027858  -0.111522   0.168521  -0.114586  -0.002803   0.025088
     4  H   -0.111522  -0.155422   0.159005  -0.102575  -0.039079   0.050952
     5  H   -0.114586  -0.102575   0.009401   0.005603   0.013261   0.015434
     6  H    0.168521   0.159005  -0.032809   0.009401  -0.048565  -0.098236
     7  H    0.927109   0.398870  -0.093843  -0.030249  -0.055509  -0.152271
     8  H    0.398870   1.074715   0.004249   0.111343  -0.170259  -0.260963
     9  H   -0.093843   0.004249   0.700369   0.105815  -0.005523  -0.001247
    10  H   -0.030249   0.111343   0.105815   1.035438   0.130004  -0.114628
    11  H   -0.055509  -0.170259  -0.005523   0.130004   0.709196   0.376442
    12  H   -0.152271  -0.260963  -0.001247  -0.114628   0.376442   1.429581
 Mulliken charges:
               1
     1  H   -0.262466
     2  H    0.084123
     3  H    0.069054
     4  H    0.040686
     5  H   -0.064261
     6  H    0.132864
     7  H    0.069054
     8  H    0.040686
     9  H    0.132864
    10  H   -0.064261
    11  H    0.084123
    12  H   -0.262466
 Sum of Mulliken charges =  -0.00000
 Mulliken charges with hydrogens summed into heavy atoms:
               1
 Electronic spatial extent (au):  <R**2>=            141.0603
 Charge=             -0.0000 electrons
 Dipole moment (field-independent basis, Debye):
    X=             -0.0000    Y=              0.0000    Z=             -0.0000  Tot=              0.0000
 Quadrupole moment (field-independent basis, Debye-Ang):
   XX=            -17.7588   YY=            -27.8802   ZZ=            -15.1112
   XY=             -4.6927   XZ=              0.0000   YZ=              0.0000
 Traceless Quadrupole moment (field-independent basis, Debye-Ang):
   XX=              2.4913   YY=             -7.6302   ZZ=              5.1389
   XY=             -4.6927   XZ=              0.0000   YZ=              0.0000
 Octapole moment (field-independent basis, Debye-Ang**2):
  XXX=              0.0000  YYY=              0.0000  ZZZ=             -0.0000  XYY=              0.0000
  XXY=              0.0000  XXZ=             -0.0000  XZZ=              0.0000  YZZ=              0.0000
  YYZ=             -0.0000  XYZ=             -0.0000
 Hexadecapole moment (field-independent basis, Debye-Ang**3):
 XXXX=            -94.8827 YYYY=           -234.8658 ZZZZ=            -17.8238 XXXY=            -12.0555
 XXXZ=              0.0000 YYYX=            -30.5642 YYYZ=              0.0000 ZZZX=              0.0000
 ZZZY=              0.0000 XXYY=            -61.1659 XXZZ=            -18.5965 YYZZ=            -32.8196
 XXYZ=              0.0000 YYXZ=              0.0000 ZZXY=             -2.8371
 N-N= 2.013007681905D+01 E-N=-5.084065891536D+01  KE= 6.472532304594D+00
 Symmetry AG   KE= 2.948523567251D+00
 Symmetry BG   KE= 0.000000000000D+00
 Symmetry AU   KE= 0.000000000000D+00
 Symmetry BU   KE= 3.524008737344D+00

 Test job not archived.
 1\1\GINC-SULU\Stability\RHF\Gen\H12\LCJ1\17-Feb-2017\0\\#rhf/gen scf(s
 ymm,tight,novaracc,noincfock,fulldiag) stable(crhf) guess=read geom=no
 crowd test\\hf stability analysis of h12 triangular lattice, y= 0.8185
 6459938850701\\0,1\H\H,1,1.0805206146\H,1,1.0805206146,2,81.5\H,2,1.08
 05206146,1,98.5,3,0.,0\H,2,1.0805206146,1,180.,3,0.,0\H,4,1.0805206146
 ,3,180.,5,0.,0\H,6,1.0805206146,5,180.,3,0.,0\H,4,1.0805206146,2,180.,
 3,0.,0\H,3,1.0805206146,1,180.,4,0.,0\H,9,1.0805206146,3,180.,4,0.,0\H
 ,8,1.0805206146,4,180.,3,0.,0\H,7,1.0805206146,6,180.,3,0.,0\\Version=
 ES64L-G09RevE.01\State=1-AG\HF=-5.7183776\MP2=-5.8405256\RMSD=5.940e-0
 9\Dipole=0.,0.,0.\Quadrupole=-4.4883785,3.8206443,0.6677342,0.,-4.4365
 027,0.\PG=C02H [SGH(H12)]\\@


 ARTHROPOD AXIOM: A COMPUTER SYSTEM IS LIKE A SPIDER'S WEB.
 YOU CANNOT PULL ON ONE END WITHOUT MAKING THE OTHER END MOVE.
     -- GREG WETTSTEIN
 Job cpu time:       0 days  0 hours  0 minutes  1.1 seconds.
 File lengths (MBytes):  RWF=     84 Int=      0 D2E=      0 Chk=      2 Scr=      2
 Normal termination of Gaussian 09 at Fri Feb 17 15:02:30 2017.
