 Entering Gaussian System, Link 0=g09
 AtFile(1): H.gbs
            H     0
            S   10   1.00
               1000.000000000000            0.000068713567
                316.227766000000            0.000169141320
                100.000000000000            0.000823394812
                 31.622776600000            0.003425569236
                 10.000000000000            0.013951996000
                  3.162277660000            0.056909313560
                  1.000000000000            0.198286399900
                  0.316227766000            0.496922426700
                  0.100000000000            0.369846276400
                  0.031622776600            0.003752720039
            ****
 Initial command:
 /projects/guscus/apps/gau/g09-e1/g09/l1.exe "/users/lcj1/gaussian/h12/rhfstability/rect/guess/ag3bu3/Gau-18511.inp" -scrdir="/users/lcj1/gaussian/h12/rhfstability/rect/guess/ag3bu3/"
 Entering Link 1 = /projects/guscus/apps/gau/g09-e1/g09/l1.exe PID=     18516.
  
 Copyright (c) 1988,1990,1992,1993,1995,1998,2003,2009,2015,
            Gaussian, Inc.  All Rights Reserved.
  
 This is part of the Gaussian(R) 09 program.  It is based on
 the Gaussian(R) 03 system (copyright 2003, Gaussian, Inc.),
 the Gaussian(R) 98 system (copyright 1998, Gaussian, Inc.),
 the Gaussian(R) 94 system (copyright 1995, Gaussian, Inc.),
 the Gaussian 92(TM) system (copyright 1992, Gaussian, Inc.),
 the Gaussian 90(TM) system (copyright 1990, Gaussian, Inc.),
 the Gaussian 88(TM) system (copyright 1988, Gaussian, Inc.),
 the Gaussian 86(TM) system (copyright 1986, Carnegie Mellon
 University), and the Gaussian 82(TM) system (copyright 1983,
 Carnegie Mellon University). Gaussian is a federally registered
 trademark of Gaussian, Inc.
  
 This software contains proprietary and confidential information,
 including trade secrets, belonging to Gaussian, Inc.
  
 This software is provided under written license and may be
 used, copied, transmitted, or stored only in accord with that
 written license.
  
 The following legend is applicable only to US Government
 contracts under FAR:
  
                    RESTRICTED RIGHTS LEGEND
  
 Use, reproduction and disclosure by the US Government is
 subject to restrictions as set forth in subparagraphs (a)
 and (c) of the Commercial Computer Software - Restricted
 Rights clause in FAR 52.227-19.
  
 Gaussian, Inc.
 340 Quinnipiac St., Bldg. 40, Wallingford CT 06492
  
  
 ---------------------------------------------------------------
 Warning -- This program may not be used in any manner that
 competes with the business of Gaussian, Inc. or will provide
 assistance to any competitor of Gaussian, Inc.  The licensee
 of this program is prohibited from giving any competitor of
 Gaussian, Inc. access to this program.  By using this program,
 the user acknowledges that Gaussian, Inc. is engaged in the
 business of creating and licensing software in the field of
 computational chemistry and represents and warrants to the
 licensee that it is not a competitor of Gaussian, Inc. and that
 it will not use this program in any manner prohibited above.
 ---------------------------------------------------------------
  

 Cite this work as:
 Gaussian 09, Revision E.01,
 M. J. Frisch, G. W. Trucks, H. B. Schlegel, G. E. Scuseria, 
 M. A. Robb, J. R. Cheeseman, G. Scalmani, V. Barone, B. Mennucci, 
 G. A. Petersson, H. Nakatsuji, M. Caricato, X. Li, H. P. Hratchian, 
 A. F. Izmaylov, J. Bloino, G. Zheng, J. L. Sonnenberg, M. Hada, 
 M. Ehara, K. Toyota, R. Fukuda, J. Hasegawa, M. Ishida, T. Nakajima, 
 Y. Honda, O. Kitao, H. Nakai, T. Vreven, J. A. Montgomery, Jr., 
 J. E. Peralta, F. Ogliaro, M. Bearpark, J. J. Heyd, E. Brothers, 
 K. N. Kudin, V. N. Staroverov, T. Keith, R. Kobayashi, J. Normand, 
 K. Raghavachari, A. Rendell, J. C. Burant, S. S. Iyengar, J. Tomasi, 
 M. Cossi, N. Rega, J. M. Millam, M. Klene, J. E. Knox, J. B. Cross, 
 V. Bakken, C. Adamo, J. Jaramillo, R. Gomperts, R. E. Stratmann, 
 O. Yazyev, A. J. Austin, R. Cammi, C. Pomelli, J. W. Ochterski, 
 R. L. Martin, K. Morokuma, V. G. Zakrzewski, G. A. Voth, 
 P. Salvador, J. J. Dannenberg, S. Dapprich, A. D. Daniels, 
 O. Farkas, J. B. Foresman, J. V. Ortiz, J. Cioslowski, 
 and D. J. Fox, Gaussian, Inc., Wallingford CT, 2013.
 
 ******************************************
 Gaussian 09:  ES64L-G09RevE.01 30-Nov-2015
                17-Feb-2017 
 ******************************************
 %chk=h12.chk
 ----------------------------------------------------------------------
 #rhf/gen scf(symm,tight,novaracc,noincfock,fulldiag) stable(crhf) gues
 s=read geom=nocrowd test
 ----------------------------------------------------------------------
 1/38=1/1;
 2/12=1,17=6,18=5,40=1/2;
 3/5=7,16=1,25=1,30=1,116=1/1,2,3;
 4/5=1,9=4/1;
 5/5=100002,15=2,16=1,32=2,38=6/2;
 8/6=1,10=90,11=11/1,4;
 9/8=4,13=1/2;
 6/7=2,8=2,9=2,10=2,28=1/1;
 99/5=1,9=1/99;
 ----------------------------------------------------------------------
 hf stability analysis of h12 triangular lattice, y= 0.5306529471566099
 3
 ----------------------------------------------------------------------
 Symbolic Z-matrix:
 Charge =  0 Multiplicity = 1
 H
 H                    1     1.21051 
 H                    1     1.21051  2     128. 
 H                    2     1.21051  1     52.      3     0.       0
 H                    2     1.21051  1     180.     3     0.       0
 H                    4     1.21051  3     180.     5     0.       0
 H                    6     1.21051  5     180.     3     0.       0
 H                    4     1.21051  2     180.     3     0.       0
 H                    3     1.21051  1     180.     4     0.       0
 H                    9     1.21051  3     180.     4     0.       0
 H                    8     1.21051  4     180.     3     0.       0
 H                    7     1.21051  6     180.     3     0.       0
 
                          Input orientation:                          
 ---------------------------------------------------------------------
 Center     Atomic      Atomic             Coordinates (Angstroms)
 Number     Number       Type             X           Y           Z
 ---------------------------------------------------------------------
      1          1           0        0.000000    0.000000    0.000000
      2          1           0        0.000000    0.000000    1.210511
      3          1           0        0.953895    0.000000   -0.745265
      4          1           0        0.953895    0.000000    0.465246
      5          1           0        0.000000    0.000000    2.421021
      6          1           0        0.953895    0.000000    1.675757
      7          1           0        1.907791    0.000000    0.930492
      8          1           0        1.907791    0.000000   -0.280019
      9          1           0        1.907791    0.000000   -1.490530
     10          1           0        2.861686    0.000000   -2.235794
     11          1           0        2.861686    0.000000   -1.025284
     12          1           0        2.861686    0.000000    0.185227
 ---------------------------------------------------------------------
                    Distance matrix (angstroms):
                    1          2          3          4          5
     1  H    0.000000
     2  H    1.210511   0.000000
     3  H    1.210511   2.175999   0.000000
     4  H    1.061306   1.210511   1.210511   0.000000
     5  H    2.421021   1.210511   3.306854   2.175999   0.000000
     6  H    1.928231   1.061306   2.421021   1.210511   1.210511
     7  H    2.122612   1.928231   1.928231   1.061306   2.421021
     8  H    1.928231   2.421021   1.061306   1.210511   3.306854
     9  H    2.421021   3.306854   1.210511   2.175999   4.351999
    10  H    3.631532   4.479539   2.421021   3.306854   5.465819
    11  H    3.039812   3.631532   1.928231   2.421021   4.479539
    12  H    2.867674   3.039812   2.122612   1.928231   3.631532
                    6          7          8          9         10
     6  H    0.000000
     7  H    1.210511   0.000000
     8  H    2.175999   1.210511   0.000000
     9  H    3.306854   2.421021   1.210511   0.000000
    10  H    4.351999   3.306854   2.175999   1.210511   0.000000
    11  H    3.306854   2.175999   1.210511   1.061306   1.210511
    12  H    2.421021   1.210511   1.061306   1.928231   2.421021
                   11         12
    11  H    0.000000
    12  H    1.210511   0.000000
 Stoichiometry    H12
 Framework group  C2H[SGH(H12)]
 Deg. of freedom    11
 Full point group                 C2H     NOp   4
 Largest Abelian subgroup         C2H     NOp   4
 Largest concise Abelian subgroup C2      NOp   2
                         Standard orientation:                         
 ---------------------------------------------------------------------
 Center     Atomic      Atomic             Coordinates (Angstroms)
 Number     Number       Type             X           Y           Z
 ---------------------------------------------------------------------
      1          1           0        0.953895    1.070501   -0.000000
      2          1           0        0.000000    1.815766    0.000000
      3          1           0        0.953895   -0.140009   -0.000000
      4          1           0        0.000000    0.605255    0.000000
      5          1           0       -0.953895    2.561031    0.000000
      6          1           0       -0.953895    1.350520    0.000000
      7          1           0       -0.953895    0.140009   -0.000000
      8          1           0       -0.000000   -0.605255    0.000000
      9          1           0        0.953895   -1.350520    0.000000
     10          1           0        0.953895   -2.561031    0.000000
     11          1           0       -0.000000   -1.815766    0.000000
     12          1           0       -0.953895   -1.070501   -0.000000
 ---------------------------------------------------------------------
 Rotational constants (GHZ):     87.7091288     17.9184048     14.8787690
 General basis read from cards:  (5D, 7F)
 There are     6 symmetry adapted cartesian basis functions of AG  symmetry.
 There are     0 symmetry adapted cartesian basis functions of BG  symmetry.
 There are     0 symmetry adapted cartesian basis functions of AU  symmetry.
 There are     6 symmetry adapted cartesian basis functions of BU  symmetry.
 There are     6 symmetry adapted basis functions of AG  symmetry.
 There are     0 symmetry adapted basis functions of BG  symmetry.
 There are     0 symmetry adapted basis functions of AU  symmetry.
 There are     6 symmetry adapted basis functions of BU  symmetry.
    12 basis functions,   120 primitive gaussians,    12 cartesian basis functions
     6 alpha electrons        6 beta electrons
       nuclear repulsion energy        19.1540833829 Hartrees.
 NAtoms=   12 NActive=   12 NUniq=    6 SFac= 4.00D+00 NAtFMM=   60 NAOKFM=F Big=F
 Integral buffers will be    131072 words long.
 Regular integral format.
 Two-electron integral symmetry is turned on.
 One-electron integrals computed using PRISM.
 NBasis=    12 RedAO= T EigKep=  1.90D-01  NBF=     6     0     0     6
 NBsUse=    12 1.00D-06 EigRej= -1.00D+00 NBFU=     6     0     0     6
 Initial guess from the checkpoint file:  "h12.chk"
 B after Tr=    -0.000000    0.000000    0.000000
         Rot=    0.997793    0.000000    0.000000   -0.066399 Ang=  -7.61 deg.
 Initial guess orbital symmetries:
       Occupied  (AG) (BU) (AG) (BU) (BU) (AG)
       Virtual   (BU) (AG) (BU) (AG) (AG) (BU)
 Keep R1 ints in memory in symmetry-blocked form, NReq=902804.
 Requested convergence on RMS density matrix=1.00D-08 within 128 cycles.
 Requested convergence on MAX density matrix=1.00D-06.
 Requested convergence on             energy=1.00D-06.
 No special actions if energy rises.
 SCF Done:  E(RHF) =  -5.96352101017     A.U. after   13 cycles
            NFock= 13  Conv=0.33D-08     -V/T= 1.9749
 Range of M.O.s used for correlation:     1    12
 NBasis=    12 NAE=     6 NBE=     6 NFC=     0 NFV=     0
 NROrb=     12 NOA=     6 NOB=     6 NVA=     6 NVB=     6
 Semi-Direct transformation.
 ModeAB=           4 MOrb=             6 LenV=     134085109
 LASXX=         2181 LTotXX=        2181 LenRXX=        5115
 LTotAB=        2934 MaxLAS=        3024 LenRXY=           0
 NonZer=        7296 LenScr=      655360 LnRSAI=        3024
 LnScr1=      655360 LExtra=           0 Total=      1318859
 MaxDsk=          -1 SrtSym=           T ITran=            3
 JobTyp=0 Pass  1:  I=   1 to   6.
 (rs|ai) integrals will be sorted in core.
 Spin components of T(2) and E(2):
     alpha-alpha T2 =       0.4313831622D-02 E2=     -0.6573104766D-02
     alpha-beta  T2 =       0.6274203498D-01 E2=     -0.9811030437D-01
     beta-beta   T2 =       0.4313831622D-02 E2=     -0.6573104766D-02
 ANorm=    0.1035069900D+01
 E2 =    -0.1112565139D+00 EUMP2 =    -0.60747775240717D+01
 Second order stability test of a single determinant RHF wave function:
 Stabil:  MDV=134217728
 ***********************************************************************
 Matrix         Lowest Root    Major Pairs
 ***********************************************************************
 Internal RHF     0.2493362    Stable
 RRHF --> CRHF    0.2372249    Stable
 RRHF --> RUHF    0.0451359    Stable
 Stable under the perturbations considered.
 ***********************************************************************

 **********************************************************************

            Population analysis using the SCF density.

 **********************************************************************

 Orbital symmetries:
       Occupied  (AG) (BU) (AG) (BU) (AG) (BU)
       Virtual   (AG) (AG) (BU) (BU) (BU) (AG)
 The electronic state is 1-AG.
 Alpha  occ. eigenvalues --   -0.94000  -0.78418  -0.57612  -0.57515  -0.34811
 Alpha  occ. eigenvalues --   -0.34724
 Alpha virt. eigenvalues --    0.14623   0.20459   0.23659   0.36261   0.49016
 Alpha virt. eigenvalues --    0.55347
          Condensed to atoms (all electrons):
               1          2          3          4          5          6
     1  H    1.063692   0.257007  -0.105165   0.218227  -0.048177  -0.141531
     2  H    0.257007   0.725603  -0.035010  -0.066194   0.189956  -0.024563
     3  H   -0.105165  -0.035010   0.986071  -0.062012   0.010445  -0.007476
     4  H    0.218227  -0.066194  -0.062012   0.971634  -0.116598   0.030303
     5  H   -0.048177   0.189956   0.010445  -0.116598   0.888219   0.167164
     6  H   -0.141531  -0.024563  -0.007476   0.030303   0.167164   0.749976
     7  H   -0.086121  -0.122806  -0.072316   0.326683  -0.055992   0.224122
     8  H   -0.075880  -0.018980   0.326683  -0.179774   0.013927  -0.022294
     9  H   -0.050856  -0.007044   0.224122  -0.022294   0.001323   0.010724
    10  H    0.002513  -0.000256  -0.055992   0.013927  -0.000414   0.001323
    11  H    0.018636   0.007747  -0.122806  -0.018980  -0.000256  -0.007044
    12  H    0.022141   0.018636  -0.086121  -0.075880   0.002513  -0.050856
               7          8          9         10         11         12
     1  H   -0.086121  -0.075880  -0.050856   0.002513   0.018636   0.022141
     2  H   -0.122806  -0.018980  -0.007044  -0.000256   0.007747   0.018636
     3  H   -0.072316   0.326683   0.224122  -0.055992  -0.122806  -0.086121
     4  H    0.326683  -0.179774  -0.022294   0.013927  -0.018980  -0.075880
     5  H   -0.055992   0.013927   0.001323  -0.000414  -0.000256   0.002513
     6  H    0.224122  -0.022294   0.010724   0.001323  -0.007044  -0.050856
     7  H    0.986071  -0.062012  -0.007476   0.010445  -0.035010  -0.105165
     8  H   -0.062012   0.971634   0.030303  -0.116598  -0.066194   0.218227
     9  H   -0.007476   0.030303   0.749976   0.167164  -0.024563  -0.141531
    10  H    0.010445  -0.116598   0.167164   0.888219   0.189956  -0.048177
    11  H   -0.035010  -0.066194  -0.024563   0.189956   0.725603   0.257007
    12  H   -0.105165   0.218227  -0.141531  -0.048177   0.257007   1.063692
 Mulliken charges:
               1
     1  H   -0.074485
     2  H    0.075907
     3  H   -0.000423
     4  H   -0.019041
     5  H   -0.052110
     6  H    0.070153
     7  H   -0.000423
     8  H   -0.019041
     9  H    0.070153
    10  H   -0.052110
    11  H    0.075907
    12  H   -0.074485
 Sum of Mulliken charges =   0.00000
 Mulliken charges with hydrogens summed into heavy atoms:
               1
 Electronic spatial extent (au):  <R**2>=            160.2726
 Charge=             -0.0000 electrons
 Dipole moment (field-independent basis, Debye):
    X=             -0.0000    Y=              0.0000    Z=              0.0000  Tot=              0.0000
 Quadrupole moment (field-independent basis, Debye-Ang):
   XX=            -17.9307   YY=            -20.3523   ZZ=            -15.4080
   XY=             -0.2597   XZ=              0.0000   YZ=              0.0000
 Traceless Quadrupole moment (field-independent basis, Debye-Ang):
   XX=             -0.0337   YY=             -2.4553   ZZ=              2.4890
   XY=             -0.2597   XZ=              0.0000   YZ=              0.0000
 Octapole moment (field-independent basis, Debye-Ang**2):
  XXX=             -0.0000  YYY=             -0.0000  ZZZ=             -0.0000  XYY=              0.0000
  XXY=             -0.0000  XXZ=             -0.0000  XZZ=              0.0000  YZZ=             -0.0000
  YYZ=             -0.0000  XYZ=              0.0000
 Hexadecapole moment (field-independent basis, Debye-Ang**3):
 XXXX=            -83.1299 YYYY=           -271.1113 ZZZZ=            -18.4028 XXXY=             24.1634
 XXXZ=              0.0000 YYYX=             26.9042 YYYZ=             -0.0000 ZZZX=              0.0000
 ZZZY=              0.0000 XXYY=            -59.8639 XXZZ=            -16.6951 YYZZ=            -43.3832
 XXYZ=              0.0000 YYXZ=              0.0000 ZZXY=              7.6979
 N-N= 1.915408338287D+01 E-N=-4.921079259375D+01  KE= 6.117152664227D+00
 Symmetry AG   KE= 2.953102083350D+00
 Symmetry BG   KE= 0.000000000000D+00
 Symmetry AU   KE= 0.000000000000D+00
 Symmetry BU   KE= 3.164050580877D+00

 Test job not archived.
 1\1\GINC-SULU\Stability\RHF\Gen\H12\LCJ1\17-Feb-2017\0\\#rhf/gen scf(s
 ymm,tight,novaracc,noincfock,fulldiag) stable(crhf) guess=read geom=no
 crowd test\\hf stability analysis of h12 triangular lattice, y= 0.5306
 5294715660993\\0,1\H\H,1,1.2105106308\H,1,1.2105106308,2,128.\H,2,1.21
 05106308,1,52.,3,0.,0\H,2,1.2105106308,1,180.,3,0.,0\H,4,1.2105106308,
 3,180.,5,0.,0\H,6,1.2105106308,5,180.,3,0.,0\H,4,1.2105106308,2,180.,3
 ,0.,0\H,3,1.2105106308,1,180.,4,0.,0\H,9,1.2105106308,3,180.,4,0.,0\H,
 8,1.2105106308,4,180.,3,0.,0\H,7,1.2105106308,6,180.,3,0.,0\\Version=E
 S64L-G09RevE.01\State=1-AG\HF=-5.963521\MP2=-6.0747775\RMSD=3.296e-09\
 Dipole=0.,0.,0.\Quadrupole=-1.3303575,1.850511,-0.5201535,0.,0.8267663
 ,0.\PG=C02H [SGH(H12)]\\@


 Spring appears, and we are once more children.
                                  -- Anonymous
 Job cpu time:       0 days  0 hours  0 minutes  1.1 seconds.
 File lengths (MBytes):  RWF=     84 Int=      0 D2E=      0 Chk=      2 Scr=      2
 Normal termination of Gaussian 09 at Fri Feb 17 14:57:35 2017.
