 Entering Gaussian System, Link 0=g09
 AtFile(1): H.gbs
            H     0
            S   10   1.00
               1000.000000000000            0.000068713567
                316.227766000000            0.000169141320
                100.000000000000            0.000823394812
                 31.622776600000            0.003425569236
                 10.000000000000            0.013951996000
                  3.162277660000            0.056909313560
                  1.000000000000            0.198286399900
                  0.316227766000            0.496922426700
                  0.100000000000            0.369846276400
                  0.031622776600            0.003752720039
            ****
 Initial command:
 /projects/guscus/apps/gau/g09-e1/g09/l1.exe "/users/lcj1/gaussian/h12/rhfstability/rect/guess/ag3bu3/Gau-26370.inp" -scrdir="/users/lcj1/gaussian/h12/rhfstability/rect/guess/ag3bu3/"
 Entering Link 1 = /projects/guscus/apps/gau/g09-e1/g09/l1.exe PID=     26371.
  
 Copyright (c) 1988,1990,1992,1993,1995,1998,2003,2009,2015,
            Gaussian, Inc.  All Rights Reserved.
  
 This is part of the Gaussian(R) 09 program.  It is based on
 the Gaussian(R) 03 system (copyright 2003, Gaussian, Inc.),
 the Gaussian(R) 98 system (copyright 1998, Gaussian, Inc.),
 the Gaussian(R) 94 system (copyright 1995, Gaussian, Inc.),
 the Gaussian 92(TM) system (copyright 1992, Gaussian, Inc.),
 the Gaussian 90(TM) system (copyright 1990, Gaussian, Inc.),
 the Gaussian 88(TM) system (copyright 1988, Gaussian, Inc.),
 the Gaussian 86(TM) system (copyright 1986, Carnegie Mellon
 University), and the Gaussian 82(TM) system (copyright 1983,
 Carnegie Mellon University). Gaussian is a federally registered
 trademark of Gaussian, Inc.
  
 This software contains proprietary and confidential information,
 including trade secrets, belonging to Gaussian, Inc.
  
 This software is provided under written license and may be
 used, copied, transmitted, or stored only in accord with that
 written license.
  
 The following legend is applicable only to US Government
 contracts under FAR:
  
                    RESTRICTED RIGHTS LEGEND
  
 Use, reproduction and disclosure by the US Government is
 subject to restrictions as set forth in subparagraphs (a)
 and (c) of the Commercial Computer Software - Restricted
 Rights clause in FAR 52.227-19.
  
 Gaussian, Inc.
 340 Quinnipiac St., Bldg. 40, Wallingford CT 06492
  
  
 ---------------------------------------------------------------
 Warning -- This program may not be used in any manner that
 competes with the business of Gaussian, Inc. or will provide
 assistance to any competitor of Gaussian, Inc.  The licensee
 of this program is prohibited from giving any competitor of
 Gaussian, Inc. access to this program.  By using this program,
 the user acknowledges that Gaussian, Inc. is engaged in the
 business of creating and licensing software in the field of
 computational chemistry and represents and warrants to the
 licensee that it is not a competitor of Gaussian, Inc. and that
 it will not use this program in any manner prohibited above.
 ---------------------------------------------------------------
  

 Cite this work as:
 Gaussian 09, Revision E.01,
 M. J. Frisch, G. W. Trucks, H. B. Schlegel, G. E. Scuseria, 
 M. A. Robb, J. R. Cheeseman, G. Scalmani, V. Barone, B. Mennucci, 
 G. A. Petersson, H. Nakatsuji, M. Caricato, X. Li, H. P. Hratchian, 
 A. F. Izmaylov, J. Bloino, G. Zheng, J. L. Sonnenberg, M. Hada, 
 M. Ehara, K. Toyota, R. Fukuda, J. Hasegawa, M. Ishida, T. Nakajima, 
 Y. Honda, O. Kitao, H. Nakai, T. Vreven, J. A. Montgomery, Jr., 
 J. E. Peralta, F. Ogliaro, M. Bearpark, J. J. Heyd, E. Brothers, 
 K. N. Kudin, V. N. Staroverov, T. Keith, R. Kobayashi, J. Normand, 
 K. Raghavachari, A. Rendell, J. C. Burant, S. S. Iyengar, J. Tomasi, 
 M. Cossi, N. Rega, J. M. Millam, M. Klene, J. E. Knox, J. B. Cross, 
 V. Bakken, C. Adamo, J. Jaramillo, R. Gomperts, R. E. Stratmann, 
 O. Yazyev, A. J. Austin, R. Cammi, C. Pomelli, J. W. Ochterski, 
 R. L. Martin, K. Morokuma, V. G. Zakrzewski, G. A. Voth, 
 P. Salvador, J. J. Dannenberg, S. Dapprich, A. D. Daniels, 
 O. Farkas, J. B. Foresman, J. V. Ortiz, J. Cioslowski, 
 and D. J. Fox, Gaussian, Inc., Wallingford CT, 2013.
 
 ******************************************
 Gaussian 09:  ES64L-G09RevE.01 30-Nov-2015
                17-Feb-2017 
 ******************************************
 %chk=h12.chk
 ----------------------------------------------------------------------
 #rhf/gen scf(symm,tight,novaracc,noincfock,fulldiag) stable(crhf) gues
 s=read geom=nocrowd test
 ----------------------------------------------------------------------
 1/38=1/1;
 2/12=1,17=6,18=5,40=1/2;
 3/5=7,16=1,25=1,30=1,116=1/1,2,3;
 4/5=1,9=4/1;
 5/5=100002,15=2,16=1,32=2,38=6/2;
 8/6=1,10=90,11=11/1,4;
 9/8=4,13=1/2;
 6/7=2,8=2,9=2,10=2,28=1/1;
 99/5=1,9=1/99;
 ----------------------------------------------------------------------
 hf stability analysis of h12 triangular lattice, y= 0.7178473640090998
 8
 ----------------------------------------------------------------------
 Symbolic Z-matrix:
 Charge =  0 Multiplicity = 1
 H
 H                    1     1.07804 
 H                    1     1.07804  2     96.5 
 H                    2     1.07804  1     83.5     3     0.       0
 H                    2     1.07804  1     180.     3     0.       0
 H                    4     1.07804  3     180.     5     0.       0
 H                    6     1.07804  5     180.     3     0.       0
 H                    4     1.07804  2     180.     3     0.       0
 H                    3     1.07804  1     180.     4     0.       0
 H                    9     1.07804  3     180.     4     0.       0
 H                    8     1.07804  4     180.     3     0.       0
 H                    7     1.07804  6     180.     3     0.       0
 
                          Input orientation:                          
 ---------------------------------------------------------------------
 Center     Atomic      Atomic             Coordinates (Angstroms)
 Number     Number       Type             X           Y           Z
 ---------------------------------------------------------------------
      1          1           0        0.000000    0.000000    0.000000
      2          1           0        0.000000    0.000000    1.078040
      3          1           0        1.071111    0.000000   -0.122038
      4          1           0        1.071111    0.000000    0.956003
      5          1           0        0.000000    0.000000    2.156081
      6          1           0        1.071111    0.000000    2.034043
      7          1           0        2.142221    0.000000    1.912006
      8          1           0        2.142221    0.000000    0.833965
      9          1           0        2.142221    0.000000   -0.244075
     10          1           0        3.213332    0.000000   -0.366113
     11          1           0        3.213332    0.000000    0.711927
     12          1           0        3.213332    0.000000    1.789968
 ---------------------------------------------------------------------
                    Distance matrix (angstroms):
                    1          2          3          4          5
     1  H    0.000000
     2  H    1.078040   0.000000
     3  H    1.078040   1.608560   0.000000
     4  H    1.435695   1.078040   1.078040   0.000000
     5  H    2.156081   1.078040   2.517360   1.608560   0.000000
     6  H    2.298828   1.435695   2.156081   1.078040   1.078040
     7  H    2.871389   2.298828   2.298828   1.435695   2.156081
     8  H    2.298828   2.156081   1.435695   1.078040   2.517360
     9  H    2.156081   2.517360   1.078040   1.608560   3.217120
    10  H    3.234121   3.522936   2.156081   2.517360   4.084968
    11  H    3.291252   3.234121   2.298828   2.156081   3.522936
    12  H    3.678245   3.291252   2.871389   2.298828   3.234121
                    6          7          8          9         10
     6  H    0.000000
     7  H    1.078040   0.000000
     8  H    1.608560   1.078040   0.000000
     9  H    2.517360   2.156081   1.078040   0.000000
    10  H    3.217120   2.517360   1.608560   1.078040   0.000000
    11  H    2.517360   1.608560   1.078040   1.435695   1.078040
    12  H    2.156081   1.078040   1.435695   2.298828   2.156081
                   11         12
    11  H    0.000000
    12  H    1.078040   0.000000
 Stoichiometry    H12
 Framework group  C2H[SGH(H12)]
 Deg. of freedom    11
 Full point group                 C2H     NOp   4
 Largest Abelian subgroup         C2H     NOp   4
 Largest concise Abelian subgroup C2      NOp   2
                         Standard orientation:                         
 ---------------------------------------------------------------------
 Center     Atomic      Atomic             Coordinates (Angstroms)
 Number     Number       Type             X           Y           Z
 ---------------------------------------------------------------------
      1          1           0        1.071111    1.495023   -0.000000
      2          1           0        0.000000    1.617061    0.000000
      3          1           0        1.071111    0.416983   -0.000000
      4          1           0        0.000000    0.539020    0.000000
      5          1           0       -1.071111    1.739098    0.000000
      6          1           0       -1.071111    0.661058    0.000000
      7          1           0       -1.071111   -0.416983   -0.000000
      8          1           0       -0.000000   -0.539020   -0.000000
      9          1           0        1.071111   -0.661058    0.000000
     10          1           0        1.071111   -1.739098    0.000000
     11          1           0       -0.000000   -1.617061   -0.000000
     12          1           0       -1.071111   -1.495023   -0.000000
 ---------------------------------------------------------------------
 Rotational constants (GHZ):     55.4118323     28.3623111     18.7600560
 General basis read from cards:  (5D, 7F)
 There are     6 symmetry adapted cartesian basis functions of AG  symmetry.
 There are     0 symmetry adapted cartesian basis functions of BG  symmetry.
 There are     0 symmetry adapted cartesian basis functions of AU  symmetry.
 There are     6 symmetry adapted cartesian basis functions of BU  symmetry.
 There are     6 symmetry adapted basis functions of AG  symmetry.
 There are     0 symmetry adapted basis functions of BG  symmetry.
 There are     0 symmetry adapted basis functions of AU  symmetry.
 There are     6 symmetry adapted basis functions of BU  symmetry.
    12 basis functions,   120 primitive gaussians,    12 cartesian basis functions
     6 alpha electrons        6 beta electrons
       nuclear repulsion energy        20.1511650260 Hartrees.
 NAtoms=   12 NActive=   12 NUniq=    6 SFac= 4.00D+00 NAtFMM=   60 NAOKFM=F Big=F
 Integral buffers will be    131072 words long.
 Regular integral format.
 Two-electron integral symmetry is turned on.
 One-electron integrals computed using PRISM.
 NBasis=    12 RedAO= T EigKep=  1.10D-01  NBF=     6     0     0     6
 NBsUse=    12 1.00D-06 EigRej= -1.00D+00 NBFU=     6     0     0     6
 Initial guess from the checkpoint file:  "h12.chk"
 B after Tr=     0.000000   -0.000000    0.000000
         Rot=    0.987649    0.000000    0.000000   -0.156681 Ang= -18.03 deg.
 Initial guess orbital symmetries:
       Occupied  (AG) (BU) (AG) (BU) (BU) (AG)
       Virtual   (BU) (AG) (BU) (AG) (AG) (BU)
 Keep R1 ints in memory in symmetry-blocked form, NReq=903644.
 Requested convergence on RMS density matrix=1.00D-08 within 128 cycles.
 Requested convergence on MAX density matrix=1.00D-06.
 Requested convergence on             energy=1.00D-06.
 No special actions if energy rises.
 SCF Done:  E(RHF) =  -5.69998724497     A.U. after   15 cycles
            NFock= 15  Conv=0.54D-08     -V/T= 1.8773
 Range of M.O.s used for correlation:     1    12
 NBasis=    12 NAE=     6 NBE=     6 NFC=     0 NFV=     0
 NROrb=     12 NOA=     6 NOB=     6 NVA=     6 NVB=     6
 Semi-Direct transformation.
 ModeAB=           4 MOrb=             6 LenV=     134084283
 LASXX=         2181 LTotXX=        2181 LenRXX=        5115
 LTotAB=        2934 MaxLAS=        3024 LenRXY=           0
 NonZer=        7296 LenScr=      655360 LnRSAI=        3024
 LnScr1=      655360 LExtra=           0 Total=      1318859
 MaxDsk=          -1 SrtSym=           T ITran=            3
 JobTyp=0 Pass  1:  I=   1 to   6.
 (rs|ai) integrals will be sorted in core.
 Spin components of T(2) and E(2):
     alpha-alpha T2 =       0.5009374968D-02 E2=     -0.7289575205D-02
     alpha-beta  T2 =       0.7722646395D-01 E2=     -0.1090966721D+00
     beta-beta   T2 =       0.5009374968D-02 E2=     -0.7289575205D-02
 ANorm=    0.1042710513D+01
 E2 =    -0.1236758225D+00 EUMP2 =    -0.58236630674868D+01
 Second order stability test of a single determinant RHF wave function:
 Stabil:  MDV=134217728
 ***********************************************************************
 Matrix         Lowest Root    Major Pairs
 ***********************************************************************
 Internal RHF    -0.0727378    6A=7A
 RRHF --> CRHF   -0.1093359    6A=7A
 RRHF --> RUHF   -0.1869069    6A=7B
 Not stable.
 ***********************************************************************

 **********************************************************************

            Population analysis using the SCF density.

 **********************************************************************

 Orbital symmetries:
       Occupied  (AG) (BU) (BU) (AG) (AG) (BU)
       Virtual   (AG) (BU) (BU) (AG) (AG) (BU)
 The electronic state is 1-AG.
 Alpha  occ. eigenvalues --   -1.00831  -0.78909  -0.68897  -0.50886  -0.46757
 Alpha  occ. eigenvalues --   -0.19694
 Alpha virt. eigenvalues --   -0.02663   0.10177   0.21949   0.43247   0.55214
 Alpha virt. eigenvalues --    0.91344
          Condensed to atoms (all electrons):
               1          2          3          4          5          6
     1  H    1.051221   0.109707   0.117879   0.105855  -0.122761  -0.018991
     2  H    0.109707   0.723093  -0.003914  -0.169189   0.393621  -0.064756
     3  H    0.117879  -0.003914   0.704786   0.011077  -0.005048  -0.096776
     4  H    0.105855  -0.169189   0.011077   1.024115  -0.252507   0.413839
     5  H   -0.122761   0.393621  -0.005048  -0.252507   1.442773  -0.187454
     6  H   -0.018991  -0.064756  -0.096776   0.413839  -0.187454   0.967194
     7  H    0.011434  -0.046209  -0.026850   0.137145  -0.098121   0.167382
     8  H   -0.100464  -0.040212   0.137145  -0.118677   0.048753  -0.113292
     9  H   -0.121132  -0.000967   0.167382  -0.113292   0.028537  -0.038914
    10  H    0.017236  -0.001512  -0.098121   0.048753  -0.007007   0.028537
    11  H    0.013073   0.009844  -0.046209  -0.040212  -0.001512  -0.000967
    12  H    0.003955   0.013073   0.011434  -0.100464   0.017236  -0.121132
               7          8          9         10         11         12
     1  H    0.011434  -0.100464  -0.121132   0.017236   0.013073   0.003955
     2  H   -0.046209  -0.040212  -0.000967  -0.001512   0.009844   0.013073
     3  H   -0.026850   0.137145   0.167382  -0.098121  -0.046209   0.011434
     4  H    0.137145  -0.118677  -0.113292   0.048753  -0.040212  -0.100464
     5  H   -0.098121   0.048753   0.028537  -0.007007  -0.001512   0.017236
     6  H    0.167382  -0.113292  -0.038914   0.028537  -0.000967  -0.121132
     7  H    0.704786   0.011077  -0.096776  -0.005048  -0.003914   0.117879
     8  H    0.011077   1.024115   0.413839  -0.252507  -0.169189   0.105855
     9  H   -0.096776   0.413839   0.967194  -0.187454  -0.064756  -0.018991
    10  H   -0.005048  -0.252507  -0.187454   1.442773   0.393621  -0.122761
    11  H   -0.003914  -0.169189  -0.064756   0.393621   0.723093   0.109707
    12  H    0.117879   0.105855  -0.018991  -0.122761   0.109707   1.051221
 Mulliken charges:
               1
     1  H   -0.067012
     2  H    0.077421
     3  H    0.127215
     4  H    0.053556
     5  H   -0.256511
     6  H    0.065331
     7  H    0.127215
     8  H    0.053556
     9  H    0.065331
    10  H   -0.256511
    11  H    0.077421
    12  H   -0.067012
 Sum of Mulliken charges =   0.00000
 Mulliken charges with hydrogens summed into heavy atoms:
               1
 Electronic spatial extent (au):  <R**2>=            140.4957
 Charge=              0.0000 electrons
 Dipole moment (field-independent basis, Debye):
    X=             -0.0000    Y=             -0.0000    Z=             -0.0000  Tot=              0.0000
 Quadrupole moment (field-independent basis, Debye-Ang):
   XX=            -17.8791   YY=            -27.6099   ZZ=            -15.0932
   XY=              4.4743   XZ=              0.0000   YZ=             -0.0000
 Traceless Quadrupole moment (field-independent basis, Debye-Ang):
   XX=              2.3150   YY=             -7.4158   ZZ=              5.1008
   XY=              4.4743   XZ=              0.0000   YZ=             -0.0000
 Octapole moment (field-independent basis, Debye-Ang**2):
  XXX=             -0.0000  YYY=              0.0000  ZZZ=              0.0000  XYY=             -0.0000
  XXY=              0.0000  XXZ=              0.0000  XZZ=              0.0000  YZZ=              0.0000
  YYZ=             -0.0000  XYZ=              0.0000
 Hexadecapole moment (field-independent basis, Debye-Ang**3):
 XXXX=            -95.3688 YYYY=           -230.2979 ZZZZ=            -17.7900 XXXY=              9.9737
 XXXZ=              0.0000 YYYX=             27.6855 YYYZ=             -0.0000 ZZZX=              0.0000
 ZZZY=             -0.0000 XXYY=            -60.7290 XXZZ=            -18.6412 YYZZ=            -32.4838
 XXYZ=             -0.0000 YYXZ=              0.0000 ZZXY=              2.3472
 N-N= 2.015116502604D+01 E-N=-5.088020313692D+01  KE= 6.497364798348D+00
 Symmetry AG   KE= 2.951298472841D+00
 Symmetry BG   KE= 0.000000000000D+00
 Symmetry AU   KE= 0.000000000000D+00
 Symmetry BU   KE= 3.546066325508D+00

 Test job not archived.
 1\1\GINC-SULU\Stability\RHF\Gen\H12\LCJ1\17-Feb-2017\0\\#rhf/gen scf(s
 ymm,tight,novaracc,noincfock,fulldiag) stable(crhf) guess=read geom=no
 crowd test\\hf stability analysis of h12 triangular lattice, y= 0.7178
 4736400909988\\0,1\H\H,1,1.0780404152\H,1,1.0780404152,2,96.5\H,2,1.07
 80404152,1,83.5,3,0.,0\H,2,1.0780404152,1,180.,3,0.,0\H,4,1.0780404152
 ,3,180.,5,0.,0\H,6,1.0780404152,5,180.,3,0.,0\H,4,1.0780404152,2,180.,
 3,0.,0\H,3,1.0780404152,1,180.,4,0.,0\H,9,1.0780404152,3,180.,4,0.,0\H
 ,8,1.0780404152,4,180.,3,0.,0\H,7,1.0780404152,6,180.,3,0.,0\\Version=
 ES64L-G09RevE.01\State=1-AG\HF=-5.6999872\MP2=-5.8236631\RMSD=5.435e-0
 9\Dipole=0.,0.,0.\Quadrupole=-4.67247,3.7923422,0.8801278,0.,4.0550088
 ,0.\PG=C02H [SGH(H12)]\\@


 IF IT'S NOT TRUE, IT'S WELL INVENTED -- DANTE
 Job cpu time:       0 days  0 hours  0 minutes  1.1 seconds.
 File lengths (MBytes):  RWF=     84 Int=      0 D2E=      0 Chk=      2 Scr=      2
 Normal termination of Gaussian 09 at Fri Feb 17 15:00:57 2017.
