 Entering Gaussian System, Link 0=g09
 AtFile(1): H.gbs
            H     0
            S   10   1.00
               1000.000000000000            0.000068713567
                316.227766000000            0.000169141320
                100.000000000000            0.000823394812
                 31.622776600000            0.003425569236
                 10.000000000000            0.013951996000
                  3.162277660000            0.056909313560
                  1.000000000000            0.198286399900
                  0.316227766000            0.496922426700
                  0.100000000000            0.369846276400
                  0.031622776600            0.003752720039
            ****
 Initial command:
 /projects/guscus/apps/gau/g09-e1/g09/l1.exe "/users/lcj1/gaussian/h12/rhfstability/rect/guessfrommix/alpha40/Gau-20784.inp" -scrdir="/users/lcj1/gaussian/h12/rhfstability/rect/guessfrommix/alpha40/"
 Entering Link 1 = /projects/guscus/apps/gau/g09-e1/g09/l1.exe PID=     20785.
  
 Copyright (c) 1988,1990,1992,1993,1995,1998,2003,2009,2015,
            Gaussian, Inc.  All Rights Reserved.
  
 This is part of the Gaussian(R) 09 program.  It is based on
 the Gaussian(R) 03 system (copyright 2003, Gaussian, Inc.),
 the Gaussian(R) 98 system (copyright 1998, Gaussian, Inc.),
 the Gaussian(R) 94 system (copyright 1995, Gaussian, Inc.),
 the Gaussian 92(TM) system (copyright 1992, Gaussian, Inc.),
 the Gaussian 90(TM) system (copyright 1990, Gaussian, Inc.),
 the Gaussian 88(TM) system (copyright 1988, Gaussian, Inc.),
 the Gaussian 86(TM) system (copyright 1986, Carnegie Mellon
 University), and the Gaussian 82(TM) system (copyright 1983,
 Carnegie Mellon University). Gaussian is a federally registered
 trademark of Gaussian, Inc.
  
 This software contains proprietary and confidential information,
 including trade secrets, belonging to Gaussian, Inc.
  
 This software is provided under written license and may be
 used, copied, transmitted, or stored only in accord with that
 written license.
  
 The following legend is applicable only to US Government
 contracts under FAR:
  
                    RESTRICTED RIGHTS LEGEND
  
 Use, reproduction and disclosure by the US Government is
 subject to restrictions as set forth in subparagraphs (a)
 and (c) of the Commercial Computer Software - Restricted
 Rights clause in FAR 52.227-19.
  
 Gaussian, Inc.
 340 Quinnipiac St., Bldg. 40, Wallingford CT 06492
  
  
 ---------------------------------------------------------------
 Warning -- This program may not be used in any manner that
 competes with the business of Gaussian, Inc. or will provide
 assistance to any competitor of Gaussian, Inc.  The licensee
 of this program is prohibited from giving any competitor of
 Gaussian, Inc. access to this program.  By using this program,
 the user acknowledges that Gaussian, Inc. is engaged in the
 business of creating and licensing software in the field of
 computational chemistry and represents and warrants to the
 licensee that it is not a competitor of Gaussian, Inc. and that
 it will not use this program in any manner prohibited above.
 ---------------------------------------------------------------
  

 Cite this work as:
 Gaussian 09, Revision E.01,
 M. J. Frisch, G. W. Trucks, H. B. Schlegel, G. E. Scuseria, 
 M. A. Robb, J. R. Cheeseman, G. Scalmani, V. Barone, B. Mennucci, 
 G. A. Petersson, H. Nakatsuji, M. Caricato, X. Li, H. P. Hratchian, 
 A. F. Izmaylov, J. Bloino, G. Zheng, J. L. Sonnenberg, M. Hada, 
 M. Ehara, K. Toyota, R. Fukuda, J. Hasegawa, M. Ishida, T. Nakajima, 
 Y. Honda, O. Kitao, H. Nakai, T. Vreven, J. A. Montgomery, Jr., 
 J. E. Peralta, F. Ogliaro, M. Bearpark, J. J. Heyd, E. Brothers, 
 K. N. Kudin, V. N. Staroverov, T. Keith, R. Kobayashi, J. Normand, 
 K. Raghavachari, A. Rendell, J. C. Burant, S. S. Iyengar, J. Tomasi, 
 M. Cossi, N. Rega, J. M. Millam, M. Klene, J. E. Knox, J. B. Cross, 
 V. Bakken, C. Adamo, J. Jaramillo, R. Gomperts, R. E. Stratmann, 
 O. Yazyev, A. J. Austin, R. Cammi, C. Pomelli, J. W. Ochterski, 
 R. L. Martin, K. Morokuma, V. G. Zakrzewski, G. A. Voth, 
 P. Salvador, J. J. Dannenberg, S. Dapprich, A. D. Daniels, 
 O. Farkas, J. B. Foresman, J. V. Ortiz, J. Cioslowski, 
 and D. J. Fox, Gaussian, Inc., Wallingford CT, 2013.
 
 ******************************************
 Gaussian 09:  ES64L-G09RevE.01 30-Nov-2015
                17-Feb-2017 
 ******************************************
 %chk=h12.chk
 ----------------------------------------------------------------------
 #rhf/gen scf(symm,tight,novaracc,noincfock,fulldiag) stable(crhf) gues
 s=read geom=nocrowd test
 ----------------------------------------------------------------------
 1/38=1/1;
 2/12=1,17=6,18=5,40=1/2;
 3/5=7,16=1,25=1,30=1,116=1/1,2,3;
 4/5=1,9=4/1;
 5/5=100002,15=2,16=1,32=2,38=6/2;
 8/6=1,10=90,11=11/1,4;
 9/8=4,13=1/2;
 6/7=2,8=2,9=2,10=2,28=1/1;
 99/5=1,9=1/99;
 ----------------------------------------------------------------------
 hf stability analysis of h12 triangular lattice, y= 0.2463370865798451
 8
 ----------------------------------------------------------------------
 Symbolic Z-matrix:
 Charge =  0 Multiplicity = 1
 H
 H                    1     2.35665 
 H                    1     2.35665  2     168. 
 H                    2     2.35665  1     12.      3     0.       0
 H                    2     2.35665  1     180.     3     0.       0
 H                    4     2.35665  3     180.     5     0.       0
 H                    6     2.35665  5     180.     3     0.       0
 H                    4     2.35665  2     180.     3     0.       0
 H                    3     2.35665  1     180.     4     0.       0
 H                    9     2.35665  3     180.     4     0.       0
 H                    8     2.35665  4     180.     3     0.       0
 H                    7     2.35665  6     180.     3     0.       0
 
                          Input orientation:                          
 ---------------------------------------------------------------------
 Center     Atomic      Atomic             Coordinates (Angstroms)
 Number     Number       Type             X           Y           Z
 ---------------------------------------------------------------------
      1          1           0        0.000000    0.000000    0.000000
      2          1           0        0.000000    0.000000    2.356651
      3          1           0        0.489975    0.000000   -2.305152
      4          1           0        0.489975    0.000000    0.051498
      5          1           0        0.000000    0.000000    4.713301
      6          1           0        0.489975    0.000000    2.408149
      7          1           0        0.979950    0.000000    0.102997
      8          1           0        0.979950    0.000000   -2.253654
      9          1           0        0.979950    0.000000   -4.610305
     10          1           0        1.469926    0.000000   -6.915457
     11          1           0        1.469926    0.000000   -4.558806
     12          1           0        1.469926    0.000000   -2.202155
 ---------------------------------------------------------------------
                    Distance matrix (angstroms):
                    1          2          3          4          5
     1  H    0.000000
     2  H    2.356651   0.000000
     3  H    2.356651   4.687482   0.000000
     4  H    0.492674   2.356651   2.356651   0.000000
     5  H    4.713301   2.356651   7.035536   4.687482   0.000000
     6  H    2.457490   0.492674   4.713301   2.356651   2.356651
     7  H    0.985348   2.457490   2.457490   0.492674   4.713301
     8  H    2.457490   4.713301   0.492674   2.356651   7.035536
     9  H    4.713301   7.035536   2.356651   4.687482   9.374963
    10  H    7.069952   9.387900   4.713301   7.035536  11.721293
    11  H    4.789926   7.069952   2.457490   4.713301   9.387900
    12  H    2.647672   4.789926   0.985348   2.457490   7.069952
                    6          7          8          9         10
     6  H    0.000000
     7  H    2.356651   0.000000
     8  H    4.687482   2.356651   0.000000
     9  H    7.035536   4.713301   2.356651   0.000000
    10  H    9.374963   7.035536   4.687482   2.356651   0.000000
    11  H    7.035536   4.687482   2.356651   0.492674   2.356651
    12  H    4.713301   2.356651   0.492674   2.457490   4.713301
                   11         12
    11  H    0.000000
    12  H    2.356651   0.000000
 Stoichiometry    H12
 Framework group  C2H[SGH(H12)]
 Deg. of freedom    11
 Full point group                 C2H     NOp   4
 Largest Abelian subgroup         C2H     NOp   4
 Largest concise Abelian subgroup C2      NOp   2
                         Standard orientation:                         
 ---------------------------------------------------------------------
 Center     Atomic      Atomic             Coordinates (Angstroms)
 Number     Number       Type             X           Y           Z
 ---------------------------------------------------------------------
      1          1           0        0.489975    1.229824   -0.000000
      2          1           0        0.000000    3.534976   -0.000000
      3          1           0        0.489975   -1.126827   -0.000000
      4          1           0        0.000000    1.178325   -0.000000
      5          1           0       -0.489975    5.840128   -0.000000
      6          1           0       -0.489975    3.483478    0.000000
      7          1           0       -0.489975    1.126827   -0.000000
      8          1           0       -0.000000   -1.178325    0.000000
      9          1           0        0.489975   -3.483478    0.000000
     10          1           0        0.489975   -5.840128    0.000000
     11          1           0       -0.000000   -3.534976    0.000000
     12          1           0       -0.489975   -1.229824    0.000000
 ---------------------------------------------------------------------
 Rotational constants (GHZ):    396.3763444      3.9649382      3.9256698
 General basis read from cards:  (5D, 7F)
 There are     6 symmetry adapted cartesian basis functions of AG  symmetry.
 There are     0 symmetry adapted cartesian basis functions of BG  symmetry.
 There are     0 symmetry adapted cartesian basis functions of AU  symmetry.
 There are     6 symmetry adapted cartesian basis functions of BU  symmetry.
 There are     6 symmetry adapted basis functions of AG  symmetry.
 There are     0 symmetry adapted basis functions of BG  symmetry.
 There are     0 symmetry adapted basis functions of AU  symmetry.
 There are     6 symmetry adapted basis functions of BU  symmetry.
    12 basis functions,   120 primitive gaussians,    12 cartesian basis functions
     6 alpha electrons        6 beta electrons
       nuclear repulsion energy        16.0859806216 Hartrees.
 NAtoms=   12 NActive=   12 NUniq=    6 SFac= 4.00D+00 NAtFMM=   60 NAOKFM=F Big=F
 Integral buffers will be    131072 words long.
 Regular integral format.
 Two-electron integral symmetry is turned on.
 One-electron integrals computed using PRISM.
 NBasis=    12 RedAO= T EigKep=  3.49D-02  NBF=     6     0     0     6
 NBsUse=    12 1.00D-06 EigRej= -1.00D+00 NBFU=     6     0     0     6
 Initial guess from the checkpoint file:  "h12.chk"
 B after Tr=    -0.000000   -0.000000    0.000000
         Rot=    0.980957    0.000000    0.000000    0.194227 Ang=  22.40 deg.
 Initial guess orbital symmetries:
       Occupied  (AG) (BU) (BU) (AG) (AG) (AG)
       Virtual   (BU) (BU) (BU) (AG) (AG) (BU)
 Keep R1 ints in memory in symmetry-blocked form, NReq=891786.
 Requested convergence on RMS density matrix=1.00D-08 within 128 cycles.
 Requested convergence on MAX density matrix=1.00D-06.
 Requested convergence on             energy=1.00D-06.
 No special actions if energy rises.
 SCF Done:  E(RHF) =  -4.46485316710     A.U. after   10 cycles
            NFock= 10  Conv=0.18D-08     -V/T= 1.6504
 Range of M.O.s used for correlation:     1    12
 NBasis=    12 NAE=     6 NBE=     6 NFC=     0 NFV=     0
 NROrb=     12 NOA=     6 NOB=     6 NVA=     6 NVB=     6

 **** Warning!!: The smallest alpha delta epsilon is -0.22351120D-01

 Semi-Direct transformation.
 ModeAB=           4 MOrb=             6 LenV=     134097387
 LASXX=         2181 LTotXX=        2181 LenRXX=        5115
 LTotAB=        2934 MaxLAS=        3024 LenRXY=           0
 NonZer=        7296 LenScr=      655360 LnRSAI=        3024
 LnScr1=      655360 LExtra=           0 Total=      1318859
 MaxDsk=          -1 SrtSym=           T ITran=            3
 JobTyp=0 Pass  1:  I=   1 to   6.
 (rs|ai) integrals will be sorted in core.
 Spin components of T(2) and E(2):
     alpha-alpha T2 =       0.1128672162D-01 E2=     -0.4673993108D-02
     alpha-beta  T2 =       0.1085771545D+02 E2=     -0.1084096406D+01
     beta-beta   T2 =       0.1128672162D-01 E2=     -0.4673993108D-02
 ANorm=    0.3446779496D+01
 E2 =    -0.1093444392D+01 EUMP2 =    -0.55582975588675D+01
 Second order stability test of a single determinant RHF wave function:
 Stabil:  MDV=134217728
 ***********************************************************************
 Matrix         Lowest Root    Major Pairs
 ***********************************************************************
 Internal RHF    -0.1177036    6A=7A
 RRHF --> CRHF   -0.1177261    6A=7A
 RRHF --> RUHF   -0.5843555    5A=7B
 Not stable.
 ***********************************************************************

 **********************************************************************

            Population analysis using the SCF density.

 **********************************************************************

 Orbital symmetries:
       Occupied  (AG) (BU) (AG) (BU) (AG) (AG)
       Virtual   (BU) (BU) (BU) (AG) (AG) (BU)
 The electronic state is 1-AG.
 Alpha  occ. eigenvalues --   -0.91352  -0.91260  -0.71506  -0.71494  -0.20457
 Alpha  occ. eigenvalues --   -0.13704
 Alpha virt. eigenvalues --   -0.15939   0.00430   0.62453   0.62553   1.44440
 Alpha virt. eigenvalues --    1.54287
          Condensed to atoms (all electrons):
               1          2          3          4          5          6
     1  H    1.474347   0.008775  -0.205961   0.182745   0.000013  -0.016638
     2  H    0.008775   0.557845  -0.000365  -0.013965  -0.011767   0.477649
     3  H   -0.205961  -0.000365   1.465880  -0.010949   0.000000   0.000404
     4  H    0.182745  -0.013965  -0.010949   1.306161   0.000062  -0.014386
     5  H    0.000013  -0.011767   0.000000   0.000062   1.022259  -0.011803
     6  H   -0.016638   0.477649   0.000404  -0.014386  -0.011803   0.560340
     7  H   -0.878148  -0.016299   0.176361   0.159236   0.000011   0.009014
     8  H   -0.004649   0.000041   0.159236  -0.008100   0.000001   0.000034
     9  H   -0.000364  -0.000000   0.009014   0.000034  -0.000000   0.000001
    10  H    0.000000  -0.000000   0.000011   0.000001   0.000000  -0.000000
    11  H    0.000343   0.000001  -0.016299   0.000041  -0.000000  -0.000000
    12  H    0.138842   0.000343  -0.878148  -0.004649   0.000000  -0.000364
               7          8          9         10         11         12
     1  H   -0.878148  -0.004649  -0.000364   0.000000   0.000343   0.138842
     2  H   -0.016299   0.000041  -0.000000  -0.000000   0.000001   0.000343
     3  H    0.176361   0.159236   0.009014   0.000011  -0.016299  -0.878148
     4  H    0.159236  -0.008100   0.000034   0.000001   0.000041  -0.004649
     5  H    0.000011   0.000001  -0.000000   0.000000  -0.000000   0.000000
     6  H    0.009014   0.000034   0.000001  -0.000000  -0.000000  -0.000364
     7  H    1.465880  -0.010949   0.000404   0.000000  -0.000365  -0.205961
     8  H   -0.010949   1.306161  -0.014386   0.000062  -0.013965   0.182745
     9  H    0.000404  -0.014386   0.560340  -0.011803   0.477649  -0.016638
    10  H    0.000000   0.000062  -0.011803   1.022259  -0.011767   0.000013
    11  H   -0.000365  -0.013965   0.477649  -0.011767   0.557845   0.008775
    12  H   -0.205961   0.182745  -0.016638   0.000013   0.008775   1.474347
 Mulliken charges:
               1
     1  H    0.300695
     2  H   -0.002256
     3  H    0.300817
     4  H   -0.596230
     5  H    0.001225
     6  H   -0.004251
     7  H    0.300817
     8  H   -0.596230
     9  H   -0.004251
    10  H    0.001225
    11  H   -0.002256
    12  H    0.300695
 Sum of Mulliken charges =   0.00000
 Mulliken charges with hydrogens summed into heavy atoms:
               1
 Electronic spatial extent (au):  <R**2>=            492.9650
 Charge=              0.0000 electrons
 Dipole moment (field-independent basis, Debye):
    X=              0.0000    Y=             -0.0000    Z=             -0.0000  Tot=              0.0000
 Quadrupole moment (field-independent basis, Debye-Ang):
   XX=            -15.8560   YY=            -18.4124   ZZ=            -15.2372
   XY=             -0.0134   XZ=              0.0000   YZ=              0.0000
 Traceless Quadrupole moment (field-independent basis, Debye-Ang):
   XX=              0.6459   YY=             -1.9106   ZZ=              1.2647
   XY=             -0.0134   XZ=              0.0000   YZ=              0.0000
 Octapole moment (field-independent basis, Debye-Ang**2):
  XXX=              0.0000  YYY=              0.0000  ZZZ=             -0.0000  XYY=             -0.0000
  XXY=              0.0000  XXZ=             -0.0000  XZZ=              0.0000  YZZ=              0.0000
  YYZ=             -0.0000  XYZ=             -0.0000
 Hexadecapole moment (field-independent basis, Debye-Ang**3):
 XXXX=            -34.3406 YYYY=          -1125.8542 ZZZZ=            -18.3767 XXXY=             35.3783
 XXXZ=             -0.0000 YYYX=             45.2878 YYYZ=              0.0000 ZZZX=             -0.0000
 ZZZY=              0.0000 XXYY=           -175.8250 XXZZ=             -8.7681 YYZZ=           -174.9251
 XXYZ=              0.0000 YYXZ=             -0.0000 ZZXY=             12.1344
 N-N= 1.608598062161D+01 E-N=-4.077125016483D+01  KE= 6.865054597084D+00
 Symmetry AG   KE= 4.873456058879D+00
 Symmetry BG   KE= 0.000000000000D+00
 Symmetry AU   KE= 0.000000000000D+00
 Symmetry BU   KE= 1.991598538205D+00

 Test job not archived.
 1\1\GINC-SULU\Stability\RHF\Gen\H12\LCJ1\17-Feb-2017\0\\#rhf/gen scf(s
 ymm,tight,novaracc,noincfock,fulldiag) stable(crhf) guess=read geom=no
 crowd test\\hf stability analysis of h12 triangular lattice, y= 0.2463
 3708657984518\\0,1\H\H,1,2.3566507346\H,1,2.3566507346,2,168.\H,2,2.35
 66507346,1,12.,3,0.,0\H,2,2.3566507346,1,180.,3,0.,0\H,4,2.3566507346,
 3,180.,5,0.,0\H,6,2.3566507346,5,180.,3,0.,0\H,4,2.3566507346,2,180.,3
 ,0.,0\H,3,2.3566507346,1,180.,4,0.,0\H,9,2.3566507346,3,180.,4,0.,0\H,
 8,2.3566507346,4,180.,3,0.,0\H,7,2.3566507346,6,180.,3,0.,0\\Version=E
 S64L-G09RevE.01\State=1-AG\HF=-4.4648532\MP2=-5.5582976\RMSD=1.774e-09
 \Dipole=0.,0.,0.\Quadrupole=0.3939714,0.9402748,-1.3342462,0.,0.395642
 9,0.\PG=C02H [SGH(H12)]\\@


 TO BEHOLD HARMS OF OUR OWN HANDS DOING,
 WHERE NONE BESIDE US WROUGHT,
 CAUSES SHARP RUING...

                                         SOPHOCLES
 Job cpu time:       0 days  0 hours  0 minutes  0.8 seconds.
 File lengths (MBytes):  RWF=     84 Int=      0 D2E=      0 Chk=      2 Scr=      2
 Normal termination of Gaussian 09 at Fri Feb 17 11:34:46 2017.
