 Entering Gaussian System, Link 0=g09
 AtFile(1): H.gbs
            H     0
            S   10   1.00
               1000.000000000000            0.000068713567
                316.227766000000            0.000169141320
                100.000000000000            0.000823394812
                 31.622776600000            0.003425569236
                 10.000000000000            0.013951996000
                  3.162277660000            0.056909313560
                  1.000000000000            0.198286399900
                  0.316227766000            0.496922426700
                  0.100000000000            0.369846276400
                  0.031622776600            0.003752720039
            ****
 Initial command:
 /projects/guscus/apps/gau/g09-e1/g09/l1.exe "/users/lcj1/gaussian/h12/rhfstability/rect/mix/Gau-30183.inp" -scrdir="/users/lcj1/gaussian/h12/rhfstability/rect/mix/"
 Entering Link 1 = /projects/guscus/apps/gau/g09-e1/g09/l1.exe PID=     30184.
  
 Copyright (c) 1988,1990,1992,1993,1995,1998,2003,2009,2015,
            Gaussian, Inc.  All Rights Reserved.
  
 This is part of the Gaussian(R) 09 program.  It is based on
 the Gaussian(R) 03 system (copyright 2003, Gaussian, Inc.),
 the Gaussian(R) 98 system (copyright 1998, Gaussian, Inc.),
 the Gaussian(R) 94 system (copyright 1995, Gaussian, Inc.),
 the Gaussian 92(TM) system (copyright 1992, Gaussian, Inc.),
 the Gaussian 90(TM) system (copyright 1990, Gaussian, Inc.),
 the Gaussian 88(TM) system (copyright 1988, Gaussian, Inc.),
 the Gaussian 86(TM) system (copyright 1986, Carnegie Mellon
 University), and the Gaussian 82(TM) system (copyright 1983,
 Carnegie Mellon University). Gaussian is a federally registered
 trademark of Gaussian, Inc.
  
 This software contains proprietary and confidential information,
 including trade secrets, belonging to Gaussian, Inc.
  
 This software is provided under written license and may be
 used, copied, transmitted, or stored only in accord with that
 written license.
  
 The following legend is applicable only to US Government
 contracts under FAR:
  
                    RESTRICTED RIGHTS LEGEND
  
 Use, reproduction and disclosure by the US Government is
 subject to restrictions as set forth in subparagraphs (a)
 and (c) of the Commercial Computer Software - Restricted
 Rights clause in FAR 52.227-19.
  
 Gaussian, Inc.
 340 Quinnipiac St., Bldg. 40, Wallingford CT 06492
  
  
 ---------------------------------------------------------------
 Warning -- This program may not be used in any manner that
 competes with the business of Gaussian, Inc. or will provide
 assistance to any competitor of Gaussian, Inc.  The licensee
 of this program is prohibited from giving any competitor of
 Gaussian, Inc. access to this program.  By using this program,
 the user acknowledges that Gaussian, Inc. is engaged in the
 business of creating and licensing software in the field of
 computational chemistry and represents and warrants to the
 licensee that it is not a competitor of Gaussian, Inc. and that
 it will not use this program in any manner prohibited above.
 ---------------------------------------------------------------
  

 Cite this work as:
 Gaussian 09, Revision E.01,
 M. J. Frisch, G. W. Trucks, H. B. Schlegel, G. E. Scuseria, 
 M. A. Robb, J. R. Cheeseman, G. Scalmani, V. Barone, B. Mennucci, 
 G. A. Petersson, H. Nakatsuji, M. Caricato, X. Li, H. P. Hratchian, 
 A. F. Izmaylov, J. Bloino, G. Zheng, J. L. Sonnenberg, M. Hada, 
 M. Ehara, K. Toyota, R. Fukuda, J. Hasegawa, M. Ishida, T. Nakajima, 
 Y. Honda, O. Kitao, H. Nakai, T. Vreven, J. A. Montgomery, Jr., 
 J. E. Peralta, F. Ogliaro, M. Bearpark, J. J. Heyd, E. Brothers, 
 K. N. Kudin, V. N. Staroverov, T. Keith, R. Kobayashi, J. Normand, 
 K. Raghavachari, A. Rendell, J. C. Burant, S. S. Iyengar, J. Tomasi, 
 M. Cossi, N. Rega, J. M. Millam, M. Klene, J. E. Knox, J. B. Cross, 
 V. Bakken, C. Adamo, J. Jaramillo, R. Gomperts, R. E. Stratmann, 
 O. Yazyev, A. J. Austin, R. Cammi, C. Pomelli, J. W. Ochterski, 
 R. L. Martin, K. Morokuma, V. G. Zakrzewski, G. A. Voth, 
 P. Salvador, J. J. Dannenberg, S. Dapprich, A. D. Daniels, 
 O. Farkas, J. B. Foresman, J. V. Ortiz, J. Cioslowski, 
 and D. J. Fox, Gaussian, Inc., Wallingford CT, 2013.
 
 ******************************************
 Gaussian 09:  ES64L-G09RevE.01 30-Nov-2015
                16-Feb-2017 
 ******************************************
 %chk=h12.chk
 ----------------------------------------------------------------------
 #rhf/gen scf(tight,novaracc,noincfock,fulldiag) stable(crhf) guess=mix
  geom=nocrowd test
 ----------------------------------------------------------------------
 1/38=1/1;
 2/12=1,17=6,18=5,40=1/2;
 3/5=7,16=1,25=1,30=1,116=1/1,2,3;
 4/13=-1/1;
 5/5=100002,16=1,32=2,38=1/2;
 8/6=1,10=90,11=11/1,4;
 9/8=4,13=1/2;
 6/7=2,8=2,9=2,10=2,28=1/1;
 99/5=1,9=1/99;
 ----------------------------------------------------------------------
 hf stability analysis of h12 triangular lattice, y= 2.5066432657105051
 ----------------------------------------------------------------------
 Symbolic Z-matrix:
 Charge =  0 Multiplicity = 1
 H
 H                    1     2.5172 
 H                    1     2.5172   2     10.5 
 H                    2     2.5172   1     169.5    3     0.       0
 H                    2     2.5172   1     180.     3     0.       0
 H                    4     2.5172   3     180.     5     0.       0
 H                    6     2.5172   5     180.     3     0.       0
 H                    4     2.5172   2     180.     3     0.       0
 H                    3     2.5172   1     180.     4     0.       0
 H                    9     2.5172   3     180.     4     0.       0
 H                    8     2.5172   4     180.     3     0.       0
 H                    7     2.5172   6     180.     3     0.       0
 
                          Input orientation:                          
 ---------------------------------------------------------------------
 Center     Atomic      Atomic             Coordinates (Angstroms)
 Number     Number       Type             X           Y           Z
 ---------------------------------------------------------------------
      1          1           0        0.000000    0.000000    0.000000
      2          1           0        0.000000    0.000000    2.517203
      3          1           0        0.458724    0.000000    2.475052
      4          1           0        0.458724    0.000000    4.992255
      5          1           0        0.000000    0.000000    5.034406
      6          1           0        0.458724    0.000000    7.509459
      7          1           0        0.917448    0.000000    9.984511
      8          1           0        0.917448    0.000000    7.467308
      9          1           0        0.917448    0.000000    4.950105
     10          1           0        1.376171    0.000000    7.425157
     11          1           0        1.376171    0.000000    9.942360
     12          1           0        1.376171    0.000000   12.459563
 ---------------------------------------------------------------------
                    Distance matrix (angstroms):
                    1          2          3          4          5
     1  H    0.000000
     2  H    2.517203   0.000000
     3  H    2.517203   0.460656   0.000000
     4  H    5.013287   2.517203   2.517203   0.000000
     5  H    5.034406   2.517203   2.600138   0.460656   0.000000
     6  H    7.523456   5.013287   5.034406   2.517203   2.517203
     7  H   10.026573   7.523456   7.523456   5.013287   5.034406
     8  H    7.523456   5.034406   5.013287   2.517203   2.600138
     9  H    5.034406   2.600138   2.517203   0.460656   0.921313
    10  H    7.551609   5.097240   5.034406   2.600138   2.758539
    11  H   10.037150   7.551609   7.523456   5.034406   5.097240
    12  H   12.535333  10.037150  10.026573   7.523456   7.551609
                    6          7          8          9         10
     6  H    0.000000
     7  H    2.517203   0.000000
     8  H    0.460656   2.517203   0.000000
     9  H    2.600138   5.034406   2.517203   0.000000
    10  H    0.921313   2.600138   0.460656   2.517203   0.000000
    11  H    2.600138   0.460656   2.517203   5.013287   2.517203
    12  H    5.034406   2.517203   5.013287   7.523456   5.034406
                   11         12
    11  H    0.000000
    12  H    2.517203   0.000000
 Stoichiometry    H12
 Framework group  C2H[SGH(H12)]
 Deg. of freedom    11
 Full point group                 C2H     NOp   4
 Largest Abelian subgroup         C2H     NOp   4
 Largest concise Abelian subgroup C2      NOp   2
                         Standard orientation:                         
 ---------------------------------------------------------------------
 Center     Atomic      Atomic             Coordinates (Angstroms)
 Number     Number       Type             X           Y           Z
 ---------------------------------------------------------------------
      1          1           0        0.458724    6.250857   -0.000000
      2          1           0        0.000000    3.775805    0.000000
      3          1           0        0.458724    3.733654   -0.000000
      4          1           0        0.000000    1.258602    0.000000
      5          1           0       -0.458724    1.300752    0.000000
      6          1           0       -0.458724   -1.216451    0.000000
      7          1           0       -0.458724   -3.733654   -0.000000
      8          1           0       -0.000000   -1.258602   -0.000000
      9          1           0        0.458724    1.216451    0.000000
     10          1           0        0.458724   -1.300752    0.000000
     11          1           0       -0.000000   -3.775805   -0.000000
     12          1           0       -0.458724   -6.250857   -0.000000
 ---------------------------------------------------------------------
 Rotational constants (GHZ):    453.2801669      3.4671850      3.4408655
 General basis read from cards:  (5D, 7F)
 There are     6 symmetry adapted cartesian basis functions of AG  symmetry.
 There are     0 symmetry adapted cartesian basis functions of BG  symmetry.
 There are     0 symmetry adapted cartesian basis functions of AU  symmetry.
 There are     6 symmetry adapted cartesian basis functions of BU  symmetry.
 There are     6 symmetry adapted basis functions of AG  symmetry.
 There are     0 symmetry adapted basis functions of BG  symmetry.
 There are     0 symmetry adapted basis functions of AU  symmetry.
 There are     6 symmetry adapted basis functions of BU  symmetry.
    12 basis functions,   120 primitive gaussians,    12 cartesian basis functions
     6 alpha electrons        6 beta electrons
       nuclear repulsion energy        16.0793814034 Hartrees.
 NAtoms=   12 NActive=   12 NUniq=    6 SFac= 4.00D+00 NAtFMM=   60 NAOKFM=F Big=F
 Integral buffers will be    131072 words long.
 Regular integral format.
 Two-electron integral symmetry is turned on.
 One-electron integrals computed using PRISM.
 NBasis=    12 RedAO= T EigKep=  2.87D-02  NBF=     6     0     0     6
 NBsUse=    12 1.00D-06 EigRej= -1.00D+00 NBFU=     6     0     0     6
 ExpMin= 3.16D-02 ExpMax= 1.00D+03 ExpMxC= 1.00D+01 IAcc=3 IRadAn=         5 AccDes= 0.00D+00
 Harris functional with IExCor=  205 and IRadAn=       5 diagonalized for initial guess.
 HarFok:  IExCor=  205 AccDes= 0.00D+00 IRadAn=         5 IDoV= 1 UseB2=F ITyADJ=14
 ICtDFT=  3500011 ScaDFX=  1.000000  1.000000  1.000000  1.000000
 FoFCou: FMM=F IPFlag=           0 FMFlag=      100000 FMFlg1=           0
         NFxFlg=           0 DoJE=T BraDBF=F KetDBF=T FulRan=T
         wScrn=  0.000000 ICntrl=     500 IOpCl=  0 I1Cent=   200000004 NGrid=           0
         NMat0=    1 NMatS0=      1 NMatT0=    0 NMatD0=    1 NMtDS0=    0 NMtDT0=    0
 Petite list used in FoFCou.
 Mixing orbitals, IMix= 1 IMixAn=  0 NRI=1 NE=    6 Coef=  7.07106781D-01  7.07106781D-01
 Initial guess orbital symmetries:
       Occupied  (BU) (AG) (BU) (AG) (AG) (BU)
       Virtual   (BU) (AG) (BU) (AG) (AG) (BU)
 The electronic state of the initial guess is 1-AG.
 Keep R1 ints in memory in symmetry-blocked form, NReq=889854.
 Requested convergence on RMS density matrix=1.00D-08 within 128 cycles.
 Requested convergence on MAX density matrix=1.00D-06.
 Requested convergence on             energy=1.00D-06.
 No special actions if energy rises.
 An orbital has undefined symmetry, so N**3 symmetry is turned off.
 SCF Done:  E(RHF) =  -4.24446704433     A.U. after   14 cycles
            NFock= 14  Conv=0.83D-08     -V/T= 1.6450
 Range of M.O.s used for correlation:     1    12
 NBasis=    12 NAE=     6 NBE=     6 NFC=     0 NFV=     0
 NROrb=     12 NOA=     6 NOB=     6 NVA=     6 NVB=     6

 **** Warning!!: The smallest alpha delta epsilon is  0.49978551D-01

 Semi-Direct transformation.
 ModeAB=           2 MOrb=             6 LenV=     134099611
 LASXX=         2181 LTotXX=        2181 LenRXX=        2181
 LTotAB=        2934 MaxLAS=        5616 LenRXY=        5616
 NonZer=        5616 LenScr=      655360 LnRSAI=           0
 LnScr1=           0 LExtra=           0 Total=       663157
 MaxDsk=          -1 SrtSym=           F ITran=            3
 JobTyp=0 Pass  1:  I=   1 to   6.
 (rs|ai) integrals will be sorted in core.
 SymMOI:  orbitals are not symmetric.
 Spin components of T(2) and E(2):
     alpha-alpha T2 =       0.4340204828D-02 E2=     -0.3581943284D-02
     alpha-beta  T2 =       0.6406505982D+01 E2=     -0.7200514817D+00
     beta-beta   T2 =       0.4340204828D-02 E2=     -0.3581943284D-02
 ANorm=    0.2723083985D+01
 E2 =    -0.7272153683D+00 EUMP2 =    -0.49716824125843D+01
 Second order stability test of a single determinant RHF wave function:
 Stabil:  MDV=134217728
 ***********************************************************************
 Matrix         Lowest Root    Major Pairs
 ***********************************************************************
 Internal RHF     0.0786395    Stable
 RRHF --> CRHF    0.0000213    Stable
 RRHF --> RUHF   -0.497994     6A=7B
 Not stable.
 ***********************************************************************

 **********************************************************************

            Population analysis using the SCF density.

 **********************************************************************

 Orbital symmetries:
       Occupied  (AG) (BU) (AG) (BU) (BU) (AG)
       Virtual   (BU) (AG) (BU) (AG) (AG) (BU)
 The electronic state is 1-AG.
 Alpha  occ. eigenvalues --   -1.02373  -1.02146  -0.73756  -0.73756  -0.21744
 Alpha  occ. eigenvalues --   -0.17710
 Alpha virt. eigenvalues --   -0.12712   0.01031   0.64678   0.64771   1.48572
 Alpha virt. eigenvalues --    1.58217
          Condensed to atoms (all electrons):
               1          2          3          4          5          6
     1  H    1.162701  -0.006416  -0.011703   0.000034   0.001092   0.000010
     2  H   -0.006416   0.542367   0.480838  -0.010109  -0.000636   0.000066
     3  H   -0.011703   0.480838   0.545999  -0.010103  -0.009610  -0.000125
     4  H    0.000034  -0.010109  -0.010103   1.589899   0.111720  -0.004968
     5  H    0.001092  -0.000636  -0.009610   0.111720   1.168728   0.133050
     6  H    0.000010   0.000066  -0.000125  -0.004968   0.133050   1.194328
     7  H   -0.000000   0.000000  -0.000000   0.000019   0.000135   0.005643
     8  H    0.000000   0.000016   0.000019  -0.010649  -0.003328   0.105553
     9  H   -0.001094  -0.004079   0.005643   0.105553  -0.763528  -0.121910
    10  H   -0.000009  -0.000046   0.000135  -0.003328  -0.096304  -0.763528
    11  H   -0.000000   0.000000   0.000000   0.000016  -0.000046  -0.004079
    12  H    0.000000  -0.000000  -0.000000   0.000000  -0.000009  -0.001094
               7          8          9         10         11         12
     1  H   -0.000000   0.000000  -0.001094  -0.000009  -0.000000   0.000000
     2  H    0.000000   0.000016  -0.004079  -0.000046   0.000000  -0.000000
     3  H   -0.000000   0.000019   0.005643   0.000135   0.000000  -0.000000
     4  H    0.000019  -0.010649   0.105553  -0.003328   0.000016   0.000000
     5  H    0.000135  -0.003328  -0.763528  -0.096304  -0.000046  -0.000009
     6  H    0.005643   0.105553  -0.121910  -0.763528  -0.004079  -0.001094
     7  H    0.545999  -0.010103  -0.000125  -0.009610   0.480838  -0.011703
     8  H   -0.010103   1.589899  -0.004968   0.111720  -0.010109   0.000034
     9  H   -0.000125  -0.004968   1.194328   0.133050   0.000066   0.000010
    10  H   -0.009610   0.111720   0.133050   1.168728  -0.000636   0.001092
    11  H    0.480838  -0.010109   0.000066  -0.000636   0.542367  -0.006416
    12  H   -0.011703   0.000034   0.000010   0.001092  -0.006416   1.162701
 Mulliken charges:
               1
     1  H   -0.144613
     2  H   -0.002000
     3  H   -0.001092
     4  H   -0.768083
     5  H    0.458736
     6  H    0.457052
     7  H   -0.001092
     8  H   -0.768083
     9  H    0.457052
    10  H    0.458736
    11  H   -0.002000
    12  H   -0.144613
 Sum of Mulliken charges =  -0.00000
 Mulliken charges with hydrogens summed into heavy atoms:
               1
 Electronic spatial extent (au):  <R**2>=            595.3981
 Charge=             -0.0000 electrons
 Dipole moment (field-independent basis, Debye):
    X=              0.0000    Y=              0.0000    Z=              0.0000  Tot=              0.0000
 Quadrupole moment (field-independent basis, Debye-Ang):
   XX=            -16.3441   YY=            -68.9067   ZZ=            -15.5843
   XY=             -4.2131   XZ=              0.0000   YZ=             -0.0000
 Traceless Quadrupole moment (field-independent basis, Debye-Ang):
   XX=             17.2676   YY=            -35.2950   ZZ=             18.0274
   XY=             -4.2131   XZ=              0.0000   YZ=             -0.0000
 Octapole moment (field-independent basis, Debye-Ang**2):
  XXX=              0.0000  YYY=              0.0000  ZZZ=              0.0000  XYY=              0.0000
  XXY=              0.0000  XXZ=              0.0000  XZZ=              0.0000  YZZ=              0.0000
  YYZ=              0.0000  XYZ=              0.0000
 Hexadecapole moment (field-independent basis, Debye-Ang**3):
 XXXX=            -34.8926 YYYY=          -3482.7695 ZZZZ=            -19.1182 XXXY=            -40.0787
 XXXZ=              0.0000 YYYX=           -204.2577 YYYZ=             -0.0000 ZZZX=              0.0000
 ZZZY=             -0.0000 XXYY=           -224.2045 XXZZ=             -8.9758 YYZZ=           -214.1569
 XXYZ=             -0.0000 YYXZ=             -0.0000 ZZXY=            -13.3846
 N-N= 1.607938140343D+01 E-N=-3.939833570225D+01  KE= 6.580337459457D+00
 Symmetry AG   KE= 2.795881637140D+00
 Symmetry BG   KE= 0.000000000000D+00
 Symmetry AU   KE= 0.000000000000D+00
 Symmetry BU   KE= 3.784455822317D+00

 Test job not archived.
 1\1\GINC-SULU\Stability\RHF\Gen\H12\LCJ1\16-Feb-2017\0\\#rhf/gen scf(t
 ight,novaracc,noincfock,fulldiag) stable(crhf) guess=mix geom=nocrowd 
 test\\hf stability analysis of h12 triangular lattice, y= 2.5066432657
 105051\\0,1\H\H,1,2.5172031056\H,1,2.5172031056,2,10.5\H,2,2.517203105
 6,1,169.5,3,0.,0\H,2,2.5172031056,1,180.,3,0.,0\H,4,2.5172031056,3,180
 .,5,0.,0\H,6,2.5172031056,5,180.,3,0.,0\H,4,2.5172031056,2,180.,3,0.,0
 \H,3,2.5172031056,1,180.,4,0.,0\H,9,2.5172031056,3,180.,4,0.,0\H,8,2.5
 172031056,4,180.,3,0.,0\H,7,2.5172031056,6,180.,3,0.,0\\Version=ES64L-
 G09RevE.01\State=1-AG\HF=-4.244467\MP2=-4.9716824\RMSD=8.333e-09\Dipol
 e=0.,0.,0.\Quadrupole=12.6627377,13.4029476,-26.0656853,0.,-4.0780478,
 0.\PG=C02H [SGH(H12)]\\@


 "THE ACADEMIC HIERARCHY"


 THE PRESIDENT:
   LEAPS TALL BUILDINGS IN A SINGLE BOUND,
     IS MORE POWERFUL THAN A LOCOMOTIVE,
       IS FASTER THAN A SPEEDING BULLET,
         WALKS ON WATER,
           GIVES POLICY TO GOD.

 THE VICE PRESIDENT FOR ACADEMIC AFFAIRS:
   LEAPS SHORT BUILDINGS IN A SINGLE BOUND,
     IS MORE POWERFUL THAN A SWITCH ENGINE,
       IS JUST AS FAST AS A SPEEDING BULLET,
         WALKS ON WATER IF SEA IS CALM,
           TALKS WITH GOD.

 PROFESSOR:
   LEAPS SHORT BUILDINGS WITH A RUNNING START AND FAVORABLE WINDS,
     IS ALMOST AS POWERFUL AS A SWITCH ENGINE,
       CAN FIRE A SPEEDING BULLET,
         WALKS ON WATER IN AN INDOOR SWIMMING POOL,
          TALKS WITH GOD IF SPECIAL REQUEST IS APPROVED.

 ASSOCIATE PROFESSOR:
   BARELY CLEARS A QUONSET HUT,
     LOSES TUG OF WAR WITH LOCOMOTIVE,
       MISFIRES FREQUENTLY,
         SWIMS WELL,
           IS OCCASIONALLY ADDRESSED BY GOD.

 ASSISTANT PROFESSOR:
   MAKES HIGH MARKS ON WALLS WHEN TRYING TO LEAP TALL BUILDINGS,
     IS RUN OVER BY LOCOMOTIVES,
       CAN SOMETIMES HANDLE A GUN WITHOUT INFLICTING SELF INJURY,
         DOG PADDLES,
           TALKS TO ANIMALS.

 GRADUATE STUDENT:
   RUNS INTO BUILDINGS,
     RECOGNIZES LOCOMOTIVES TWO OUT OF THREE TIMES,
       IS NOT ISSUED AMMUNITION,
         CAN STAY AFLOAT WITH A LIFE JACKET,
           TALKS TO WALLS.

 UNDERGRADUATE AND WORK STUDY STUDENT:
   FALLS OVER DOORSTEP WHEN TRYING TO ENTER BUILDINGS,
     SAYS, "LOOK AT THE CHOO-CHOO,"
       WETS HIMSELF WITH A WATER PISTOL,
        PLAYS IN MUD PUDDLES,
          MUMBLES TO HIMSELF.

 DEPARTMENT SECRETARY:
   LIFTS TALL BUILDINGS AND WALKS UNDER THEM,
     KICKS LOCOMOTIVES OFF THE TRACKS,
       CATCHES SPEEDING BULLETS IN HER TEETH AND EATS THEM,
         FREEZES WATER WITH A SINGLE GLANCE,
           IS GOD.
 Job cpu time:       0 days  0 hours  0 minutes  1.3 seconds.
 File lengths (MBytes):  RWF=     84 Int=      0 D2E=      0 Chk=      2 Scr=      2
 Normal termination of Gaussian 09 at Thu Feb 16 18:40:02 2017.
