 Entering Gaussian System, Link 0=g09
 AtFile(1): H.gbs
            H     0
            S   10   1.00
               1000.000000000000            0.000068713567
                316.227766000000            0.000169141320
                100.000000000000            0.000823394812
                 31.622776600000            0.003425569236
                 10.000000000000            0.013951996000
                  3.162277660000            0.056909313560
                  1.000000000000            0.198286399900
                  0.316227766000            0.496922426700
                  0.100000000000            0.369846276400
                  0.031622776600            0.003752720039
            ****
 Initial command:
 /projects/guscus/apps/gau/g09-e1/g09/l1.exe "/users/lcj1/gaussian/h12/rhfstability/rect/mix/Gau-19949.inp" -scrdir="/users/lcj1/gaussian/h12/rhfstability/rect/mix/"
 Entering Link 1 = /projects/guscus/apps/gau/g09-e1/g09/l1.exe PID=     19950.
  
 Copyright (c) 1988,1990,1992,1993,1995,1998,2003,2009,2015,
            Gaussian, Inc.  All Rights Reserved.
  
 This is part of the Gaussian(R) 09 program.  It is based on
 the Gaussian(R) 03 system (copyright 2003, Gaussian, Inc.),
 the Gaussian(R) 98 system (copyright 1998, Gaussian, Inc.),
 the Gaussian(R) 94 system (copyright 1995, Gaussian, Inc.),
 the Gaussian 92(TM) system (copyright 1992, Gaussian, Inc.),
 the Gaussian 90(TM) system (copyright 1990, Gaussian, Inc.),
 the Gaussian 88(TM) system (copyright 1988, Gaussian, Inc.),
 the Gaussian 86(TM) system (copyright 1986, Carnegie Mellon
 University), and the Gaussian 82(TM) system (copyright 1983,
 Carnegie Mellon University). Gaussian is a federally registered
 trademark of Gaussian, Inc.
  
 This software contains proprietary and confidential information,
 including trade secrets, belonging to Gaussian, Inc.
  
 This software is provided under written license and may be
 used, copied, transmitted, or stored only in accord with that
 written license.
  
 The following legend is applicable only to US Government
 contracts under FAR:
  
                    RESTRICTED RIGHTS LEGEND
  
 Use, reproduction and disclosure by the US Government is
 subject to restrictions as set forth in subparagraphs (a)
 and (c) of the Commercial Computer Software - Restricted
 Rights clause in FAR 52.227-19.
  
 Gaussian, Inc.
 340 Quinnipiac St., Bldg. 40, Wallingford CT 06492
  
  
 ---------------------------------------------------------------
 Warning -- This program may not be used in any manner that
 competes with the business of Gaussian, Inc. or will provide
 assistance to any competitor of Gaussian, Inc.  The licensee
 of this program is prohibited from giving any competitor of
 Gaussian, Inc. access to this program.  By using this program,
 the user acknowledges that Gaussian, Inc. is engaged in the
 business of creating and licensing software in the field of
 computational chemistry and represents and warrants to the
 licensee that it is not a competitor of Gaussian, Inc. and that
 it will not use this program in any manner prohibited above.
 ---------------------------------------------------------------
  

 Cite this work as:
 Gaussian 09, Revision E.01,
 M. J. Frisch, G. W. Trucks, H. B. Schlegel, G. E. Scuseria, 
 M. A. Robb, J. R. Cheeseman, G. Scalmani, V. Barone, B. Mennucci, 
 G. A. Petersson, H. Nakatsuji, M. Caricato, X. Li, H. P. Hratchian, 
 A. F. Izmaylov, J. Bloino, G. Zheng, J. L. Sonnenberg, M. Hada, 
 M. Ehara, K. Toyota, R. Fukuda, J. Hasegawa, M. Ishida, T. Nakajima, 
 Y. Honda, O. Kitao, H. Nakai, T. Vreven, J. A. Montgomery, Jr., 
 J. E. Peralta, F. Ogliaro, M. Bearpark, J. J. Heyd, E. Brothers, 
 K. N. Kudin, V. N. Staroverov, T. Keith, R. Kobayashi, J. Normand, 
 K. Raghavachari, A. Rendell, J. C. Burant, S. S. Iyengar, J. Tomasi, 
 M. Cossi, N. Rega, J. M. Millam, M. Klene, J. E. Knox, J. B. Cross, 
 V. Bakken, C. Adamo, J. Jaramillo, R. Gomperts, R. E. Stratmann, 
 O. Yazyev, A. J. Austin, R. Cammi, C. Pomelli, J. W. Ochterski, 
 R. L. Martin, K. Morokuma, V. G. Zakrzewski, G. A. Voth, 
 P. Salvador, J. J. Dannenberg, S. Dapprich, A. D. Daniels, 
 O. Farkas, J. B. Foresman, J. V. Ortiz, J. Cioslowski, 
 and D. J. Fox, Gaussian, Inc., Wallingford CT, 2013.
 
 ******************************************
 Gaussian 09:  ES64L-G09RevE.01 30-Nov-2015
                16-Feb-2017 
 ******************************************
 %chk=h12.chk
 ----------------------------------------------------------------------
 #rhf/gen scf(tight,novaracc,noincfock,fulldiag) stable(crhf) guess=mix
  geom=nocrowd test
 ----------------------------------------------------------------------
 1/38=1/1;
 2/12=1,17=6,18=5,40=1/2;
 3/5=7,16=1,25=1,30=1,116=1/1,2,3;
 4/13=-1/1;
 5/5=100002,16=1,32=2,38=1/2;
 8/6=1,10=90,11=11/1,4;
 9/8=4,13=1/2;
 6/7=2,8=2,9=2,10=2,28=1/1;
 99/5=1,9=1/99;
 ----------------------------------------------------------------------
 hf stability analysis of h12 triangular lattice, y= 0.4950461160480687
 5
 ----------------------------------------------------------------------
 Symbolic Z-matrix:
 Charge =  0 Multiplicity = 1
 H
 H                    1     1.26697 
 H                    1     1.26697  2     134. 
 H                    2     1.26697  1     46.      3     0.       0
 H                    2     1.26697  1     180.     3     0.       0
 H                    4     1.26697  3     180.     5     0.       0
 H                    6     1.26697  5     180.     3     0.       0
 H                    4     1.26697  2     180.     3     0.       0
 H                    3     1.26697  1     180.     4     0.       0
 H                    9     1.26697  3     180.     4     0.       0
 H                    8     1.26697  4     180.     3     0.       0
 H                    7     1.26697  6     180.     3     0.       0
 
                          Input orientation:                          
 ---------------------------------------------------------------------
 Center     Atomic      Atomic             Coordinates (Angstroms)
 Number     Number       Type             X           Y           Z
 ---------------------------------------------------------------------
      1          1           0        0.000000    0.000000    0.000000
      2          1           0        0.000000    0.000000    1.266974
      3          1           0        0.911385    0.000000   -0.880114
      4          1           0        0.911385    0.000000    0.386860
      5          1           0        0.000000    0.000000    2.533948
      6          1           0        0.911385    0.000000    1.653834
      7          1           0        1.822769    0.000000    0.773720
      8          1           0        1.822769    0.000000   -0.493254
      9          1           0        1.822769    0.000000   -1.760228
     10          1           0        2.734154    0.000000   -2.640342
     11          1           0        2.734154    0.000000   -1.373368
     12          1           0        2.734154    0.000000   -0.106394
 ---------------------------------------------------------------------
                    Distance matrix (angstroms):
                    1          2          3          4          5
     1  H    0.000000
     2  H    1.266974   0.000000
     3  H    1.266974   2.332511   0.000000
     4  H    0.990092   1.266974   1.266974   0.000000
     5  H    2.533948   1.266974   3.533615   2.332511   0.000000
     6  H    1.888329   0.990092   2.533948   1.266974   1.266974
     7  H    1.980184   1.888329   1.888329   0.990092   2.533948
     8  H    1.888329   2.533948   0.990092   1.266974   3.533615
     9  H    2.533948   3.533615   1.266974   2.332511   4.665022
    10  H    3.800921   4.768932   2.533948   3.533615   5.852253
    11  H    3.059696   3.800921   1.888329   2.533948   4.768932
    12  H    2.736223   3.059696   1.980184   1.888329   3.800921
                    6          7          8          9         10
     6  H    0.000000
     7  H    1.266974   0.000000
     8  H    2.332511   1.266974   0.000000
     9  H    3.533615   2.533948   1.266974   0.000000
    10  H    4.665022   3.533615   2.332511   1.266974   0.000000
    11  H    3.533615   2.332511   1.266974   0.990092   1.266974
    12  H    2.533948   1.266974   0.990092   1.888329   2.533948
                   11         12
    11  H    0.000000
    12  H    1.266974   0.000000
 Stoichiometry    H12
 Framework group  C2H[SGH(H12)]
 Deg. of freedom    11
 Full point group                 C2H     NOp   4
 Largest Abelian subgroup         C2H     NOp   4
 Largest concise Abelian subgroup C2      NOp   2
                         Standard orientation:                         
 ---------------------------------------------------------------------
 Center     Atomic      Atomic             Coordinates (Angstroms)
 Number     Number       Type             X           Y           Z
 ---------------------------------------------------------------------
      1          1           0        0.911385    1.020347    0.000000
      2          1           0        0.000000    1.900461    0.000000
      3          1           0        0.911385   -0.246627    0.000000
      4          1           0        0.000000    0.633487    0.000000
      5          1           0       -0.911385    2.780575    0.000000
      6          1           0       -0.911385    1.513601    0.000000
      7          1           0       -0.911385    0.246627    0.000000
      8          1           0       -0.000000   -0.633487    0.000000
      9          1           0        0.911385   -1.513601   -0.000000
     10          1           0        0.911385   -2.780575   -0.000000
     11          1           0       -0.000000   -1.900461    0.000000
     12          1           0       -0.911385   -1.020347    0.000000
 ---------------------------------------------------------------------
 Rotational constants (GHZ):     99.9941494     15.7169963     13.5821633
 General basis read from cards:  (5D, 7F)
 There are     6 symmetry adapted cartesian basis functions of AG  symmetry.
 There are     0 symmetry adapted cartesian basis functions of BG  symmetry.
 There are     0 symmetry adapted cartesian basis functions of AU  symmetry.
 There are     6 symmetry adapted cartesian basis functions of BU  symmetry.
 There are     6 symmetry adapted basis functions of AG  symmetry.
 There are     0 symmetry adapted basis functions of BG  symmetry.
 There are     0 symmetry adapted basis functions of AU  symmetry.
 There are     6 symmetry adapted basis functions of BU  symmetry.
    12 basis functions,   120 primitive gaussians,    12 cartesian basis functions
     6 alpha electrons        6 beta electrons
       nuclear repulsion energy        18.7973988940 Hartrees.
 NAtoms=   12 NActive=   12 NUniq=    6 SFac= 4.00D+00 NAtFMM=   60 NAOKFM=F Big=F
 Integral buffers will be    131072 words long.
 Regular integral format.
 Two-electron integral symmetry is turned on.
 One-electron integrals computed using PRISM.
 NBasis=    12 RedAO= T EigKep=  1.74D-01  NBF=     6     0     0     6
 NBsUse=    12 1.00D-06 EigRej= -1.00D+00 NBFU=     6     0     0     6
 ExpMin= 3.16D-02 ExpMax= 1.00D+03 ExpMxC= 1.00D+01 IAcc=3 IRadAn=         5 AccDes= 0.00D+00
 Harris functional with IExCor=  205 and IRadAn=       5 diagonalized for initial guess.
 HarFok:  IExCor=  205 AccDes= 0.00D+00 IRadAn=         5 IDoV= 1 UseB2=F ITyADJ=14
 ICtDFT=  3500011 ScaDFX=  1.000000  1.000000  1.000000  1.000000
 FoFCou: FMM=F IPFlag=           0 FMFlag=      100000 FMFlg1=           0
         NFxFlg=           0 DoJE=T BraDBF=F KetDBF=T FulRan=T
         wScrn=  0.000000 ICntrl=     500 IOpCl=  0 I1Cent=   200000004 NGrid=           0
         NMat0=    1 NMatS0=      1 NMatT0=    0 NMatD0=    1 NMtDS0=    0 NMtDT0=    0
 Petite list used in FoFCou.
 Mixing orbitals, IMix= 1 IMixAn=  0 NRI=1 NE=    6 Coef=  7.07106781D-01  7.07106781D-01
 Initial guess orbital symmetries:
       Occupied  (AG) (BU) (AG) (BU) (BU) (AG)
       Virtual   (AG) (BU) (AG) (BU) (AG) (BU)
 The electronic state of the initial guess is 1-AG.
 Keep R1 ints in memory in symmetry-blocked form, NReq=902188.
 Requested convergence on RMS density matrix=1.00D-08 within 128 cycles.
 Requested convergence on MAX density matrix=1.00D-06.
 Requested convergence on             energy=1.00D-06.
 No special actions if energy rises.
 An orbital has undefined symmetry, so N**3 symmetry is turned off.
 SCF Done:  E(RHF) =  -5.95544155856     A.U. after   13 cycles
            NFock= 13  Conv=0.21D-08     -V/T= 1.9780
 Range of M.O.s used for correlation:     1    12
 NBasis=    12 NAE=     6 NBE=     6 NFC=     0 NFV=     0
 NROrb=     12 NOA=     6 NOB=     6 NVA=     6 NVB=     6
 Semi-Direct transformation.
 ModeAB=           2 MOrb=             6 LenV=     134086829
 LASXX=         2181 LTotXX=        2181 LenRXX=        2181
 LTotAB=        2934 MaxLAS=        5616 LenRXY=        5616
 NonZer=        5616 LenScr=      655360 LnRSAI=           0
 LnScr1=           0 LExtra=           0 Total=       663157
 MaxDsk=          -1 SrtSym=           F ITran=            3
 JobTyp=0 Pass  1:  I=   1 to   6.
 (rs|ai) integrals will be sorted in core.
 SymMOI:  orbitals are not symmetric.
 Spin components of T(2) and E(2):
     alpha-alpha T2 =       0.4054410407D-02 E2=     -0.6131851518D-02
     alpha-beta  T2 =       0.6446141111D-01 E2=     -0.9814679752D-01
     beta-beta   T2 =       0.4054410407D-02 E2=     -0.6131851518D-02
 ANorm=    0.1035649667D+01
 E2 =    -0.1104105006D+00 EUMP2 =    -0.60658520591161D+01
 Second order stability test of a single determinant RHF wave function:
 Stabil:  MDV=134217728
 ***********************************************************************
 Matrix         Lowest Root    Major Pairs
 ***********************************************************************
 Internal RHF     0.1836676    Stable
 RRHF --> CRHF    0.1676374    Stable
 RRHF --> RUHF    0.0166757    Stable
 Stable under the perturbations considered.
 ***********************************************************************

 **********************************************************************

            Population analysis using the SCF density.

 **********************************************************************

 Orbital symmetries:
       Occupied  (AG) (BU) (AG) (BU) (BU) (AG)
       Virtual   (AG) (BU) (BU) (AG) (AG) (BU)
 The electronic state is 1-AG.
 Alpha  occ. eigenvalues --   -0.90737  -0.77416  -0.58600  -0.52645  -0.37463
 Alpha  occ. eigenvalues --   -0.30898
 Alpha virt. eigenvalues --    0.09239   0.22928   0.29073   0.29156   0.54247
 Alpha virt. eigenvalues --    0.58741
          Condensed to atoms (all electrons):
               1          2          3          4          5          6
     1  H    1.102245   0.258650  -0.110954   0.230717  -0.038276  -0.155663
     2  H    0.258650   0.756415  -0.032961  -0.057727   0.169552  -0.023450
     3  H   -0.110954  -0.032961   1.066787  -0.062330   0.007456   0.001874
     4  H    0.230717  -0.057727  -0.062330   0.911629  -0.085127   0.000339
     5  H   -0.038276   0.169552   0.007456  -0.085127   0.770493   0.177516
     6  H   -0.155663  -0.023450   0.001874   0.000339   0.177516   0.750025
     7  H   -0.127546  -0.143269  -0.060849   0.326132  -0.041236   0.224896
     8  H   -0.067615  -0.012669   0.326132  -0.152639   0.008563  -0.013087
     9  H   -0.039139  -0.005301   0.224896  -0.013087   0.000592   0.007435
    10  H    0.001155  -0.000232  -0.041236   0.008563  -0.000169   0.000592
    11  H    0.018410   0.006054  -0.143269  -0.012669  -0.000232  -0.005301
    12  H    0.024026   0.018410  -0.127546  -0.067615   0.001155  -0.039139
               7          8          9         10         11         12
     1  H   -0.127546  -0.067615  -0.039139   0.001155   0.018410   0.024026
     2  H   -0.143269  -0.012669  -0.005301  -0.000232   0.006054   0.018410
     3  H   -0.060849   0.326132   0.224896  -0.041236  -0.143269  -0.127546
     4  H    0.326132  -0.152639  -0.013087   0.008563  -0.012669  -0.067615
     5  H   -0.041236   0.008563   0.000592  -0.000169  -0.000232   0.001155
     6  H    0.224896  -0.013087   0.007435   0.000592  -0.005301  -0.039139
     7  H    1.066787  -0.062330   0.001874   0.007456  -0.032961  -0.110954
     8  H   -0.062330   0.911629   0.000339  -0.085127  -0.057727   0.230717
     9  H    0.001874   0.000339   0.750025   0.177516  -0.023450  -0.155663
    10  H    0.007456  -0.085127   0.177516   0.770493   0.169552  -0.038276
    11  H   -0.032961  -0.057727  -0.023450   0.169552   0.756415   0.258650
    12  H   -0.110954   0.230717  -0.155663  -0.038276   0.258650   1.102245
 Mulliken charges:
               1
     1  H   -0.096012
     2  H    0.066526
     3  H   -0.048001
     4  H   -0.026187
     5  H    0.029711
     6  H    0.073962
     7  H   -0.048001
     8  H   -0.026187
     9  H    0.073962
    10  H    0.029711
    11  H    0.066526
    12  H   -0.096012
 Sum of Mulliken charges =   0.00000
 Mulliken charges with hydrogens summed into heavy atoms:
               1
 Electronic spatial extent (au):  <R**2>=            167.3559
 Charge=              0.0000 electrons
 Dipole moment (field-independent basis, Debye):
    X=              0.0000    Y=              0.0000    Z=             -0.0000  Tot=              0.0000
 Quadrupole moment (field-independent basis, Debye-Ang):
   XX=            -18.1114   YY=            -14.1882   ZZ=            -15.4649
   XY=             -2.6197   XZ=              0.0000   YZ=              0.0000
 Traceless Quadrupole moment (field-independent basis, Debye-Ang):
   XX=             -2.1899   YY=              1.7333   ZZ=              0.4566
   XY=             -2.6197   XZ=              0.0000   YZ=              0.0000
 Octapole moment (field-independent basis, Debye-Ang**2):
  XXX=              0.0000  YYY=             -0.0000  ZZZ=             -0.0000  XYY=             -0.0000
  XXY=             -0.0000  XXZ=             -0.0000  XZZ=              0.0000  YZZ=              0.0000
  YYZ=             -0.0000  XYZ=             -0.0000
 Hexadecapole moment (field-independent basis, Debye-Ang**3):
 XXXX=            -78.9449 YYYY=           -242.5370 ZZZZ=            -18.5364 XXXY=             23.5852
 XXXZ=              0.0000 YYYX=             10.3422 YYYZ=             -0.0000 ZZZX=              0.0000
 ZZZY=             -0.0000 XXYY=            -57.5558 XXZZ=            -15.9980 YYZZ=            -47.2563
 XXYZ=             -0.0000 YYXZ=              0.0000 ZZXY=              8.1382
 N-N= 1.879739889400D+01 E-N=-4.864019042010D+01  KE= 6.089669627982D+00
 Symmetry AG   KE= 2.965621257953D+00
 Symmetry BG   KE= 0.000000000000D+00
 Symmetry AU   KE= 0.000000000000D+00
 Symmetry BU   KE= 3.124048370029D+00

 Test job not archived.
 1\1\GINC-SULU\Stability\RHF\Gen\H12\LCJ1\16-Feb-2017\0\\#rhf/gen scf(t
 ight,novaracc,noincfock,fulldiag) stable(crhf) guess=mix geom=nocrowd 
 test\\hf stability analysis of h12 triangular lattice, y= 0.4950461160
 4806875\\0,1\H\H,1,1.266973801\H,1,1.266973801,2,134.\H,2,1.266973801,
 1,46.,3,0.,0\H,2,1.266973801,1,180.,3,0.,0\H,4,1.266973801,3,180.,5,0.
 ,0\H,6,1.266973801,5,180.,3,0.,0\H,4,1.266973801,2,180.,3,0.,0\H,3,1.2
 66973801,1,180.,4,0.,0\H,9,1.266973801,3,180.,4,0.,0\H,8,1.266973801,4
 ,180.,3,0.,0\H,7,1.266973801,6,180.,3,0.,0\\Version=ES64L-G09RevE.01\S
 tate=1-AG\HF=-5.9554416\MP2=-6.0658521\RMSD=2.085e-09\Dipole=0.,0.,0.\
 Quadrupole=-2.0653035,0.3394774,1.725826,0.,-1.5254971,0.\PG=C02H [SGH
 (H12)]\\@


 ART, GLORY, FREEDOM FAIL, BUT NATURE STILL IS FAIR.

                                           -- BYRON
 Job cpu time:       0 days  0 hours  0 minutes  1.5 seconds.
 File lengths (MBytes):  RWF=     84 Int=      0 D2E=      0 Chk=      2 Scr=      2
 Normal termination of Gaussian 09 at Thu Feb 16 18:27:14 2017.
