 Entering Gaussian System, Link 0=g09
 AtFile(1): H.gbs
            H     0
            S   10   1.00
               1000.000000000000            0.000068713567
                316.227766000000            0.000169141320
                100.000000000000            0.000823394812
                 31.622776600000            0.003425569236
                 10.000000000000            0.013951996000
                  3.162277660000            0.056909313560
                  1.000000000000            0.198286399900
                  0.316227766000            0.496922426700
                  0.100000000000            0.369846276400
                  0.031622776600            0.003752720039
            ****
 Initial command:
 /projects/guscus/apps/gau/g09-e1/g09/l1.exe "/users/lcj1/gaussian/h12/rhfstability/rect/mix/Gau-21266.inp" -scrdir="/users/lcj1/gaussian/h12/rhfstability/rect/mix/"
 Entering Link 1 = /projects/guscus/apps/gau/g09-e1/g09/l1.exe PID=     21267.
  
 Copyright (c) 1988,1990,1992,1993,1995,1998,2003,2009,2015,
            Gaussian, Inc.  All Rights Reserved.
  
 This is part of the Gaussian(R) 09 program.  It is based on
 the Gaussian(R) 03 system (copyright 2003, Gaussian, Inc.),
 the Gaussian(R) 98 system (copyright 1998, Gaussian, Inc.),
 the Gaussian(R) 94 system (copyright 1995, Gaussian, Inc.),
 the Gaussian 92(TM) system (copyright 1992, Gaussian, Inc.),
 the Gaussian 90(TM) system (copyright 1990, Gaussian, Inc.),
 the Gaussian 88(TM) system (copyright 1988, Gaussian, Inc.),
 the Gaussian 86(TM) system (copyright 1986, Carnegie Mellon
 University), and the Gaussian 82(TM) system (copyright 1983,
 Carnegie Mellon University). Gaussian is a federally registered
 trademark of Gaussian, Inc.
  
 This software contains proprietary and confidential information,
 including trade secrets, belonging to Gaussian, Inc.
  
 This software is provided under written license and may be
 used, copied, transmitted, or stored only in accord with that
 written license.
  
 The following legend is applicable only to US Government
 contracts under FAR:
  
                    RESTRICTED RIGHTS LEGEND
  
 Use, reproduction and disclosure by the US Government is
 subject to restrictions as set forth in subparagraphs (a)
 and (c) of the Commercial Computer Software - Restricted
 Rights clause in FAR 52.227-19.
  
 Gaussian, Inc.
 340 Quinnipiac St., Bldg. 40, Wallingford CT 06492
  
  
 ---------------------------------------------------------------
 Warning -- This program may not be used in any manner that
 competes with the business of Gaussian, Inc. or will provide
 assistance to any competitor of Gaussian, Inc.  The licensee
 of this program is prohibited from giving any competitor of
 Gaussian, Inc. access to this program.  By using this program,
 the user acknowledges that Gaussian, Inc. is engaged in the
 business of creating and licensing software in the field of
 computational chemistry and represents and warrants to the
 licensee that it is not a competitor of Gaussian, Inc. and that
 it will not use this program in any manner prohibited above.
 ---------------------------------------------------------------
  

 Cite this work as:
 Gaussian 09, Revision E.01,
 M. J. Frisch, G. W. Trucks, H. B. Schlegel, G. E. Scuseria, 
 M. A. Robb, J. R. Cheeseman, G. Scalmani, V. Barone, B. Mennucci, 
 G. A. Petersson, H. Nakatsuji, M. Caricato, X. Li, H. P. Hratchian, 
 A. F. Izmaylov, J. Bloino, G. Zheng, J. L. Sonnenberg, M. Hada, 
 M. Ehara, K. Toyota, R. Fukuda, J. Hasegawa, M. Ishida, T. Nakajima, 
 Y. Honda, O. Kitao, H. Nakai, T. Vreven, J. A. Montgomery, Jr., 
 J. E. Peralta, F. Ogliaro, M. Bearpark, J. J. Heyd, E. Brothers, 
 K. N. Kudin, V. N. Staroverov, T. Keith, R. Kobayashi, J. Normand, 
 K. Raghavachari, A. Rendell, J. C. Burant, S. S. Iyengar, J. Tomasi, 
 M. Cossi, N. Rega, J. M. Millam, M. Klene, J. E. Knox, J. B. Cross, 
 V. Bakken, C. Adamo, J. Jaramillo, R. Gomperts, R. E. Stratmann, 
 O. Yazyev, A. J. Austin, R. Cammi, C. Pomelli, J. W. Ochterski, 
 R. L. Martin, K. Morokuma, V. G. Zakrzewski, G. A. Voth, 
 P. Salvador, J. J. Dannenberg, S. Dapprich, A. D. Daniels, 
 O. Farkas, J. B. Foresman, J. V. Ortiz, J. Cioslowski, 
 and D. J. Fox, Gaussian, Inc., Wallingford CT, 2013.
 
 ******************************************
 Gaussian 09:  ES64L-G09RevE.01 30-Nov-2015
                16-Feb-2017 
 ******************************************
 %chk=h12.chk
 ----------------------------------------------------------------------
 #rhf/gen scf(tight,novaracc,noincfock,fulldiag) stable(crhf) guess=mix
  geom=nocrowd test
 ----------------------------------------------------------------------
 1/38=1/1;
 2/12=1,17=6,18=5,40=1/2;
 3/5=7,16=1,25=1,30=1,116=1/1,2,3;
 4/13=-1/1;
 5/5=100002,16=1,32=2,38=1/2;
 8/6=1,10=90,11=11/1,4;
 9/8=4,13=1/2;
 6/7=2,8=2,9=2,10=2,28=1/1;
 99/5=1,9=1/99;
 ----------------------------------------------------------------------
 hf stability analysis of h12 triangular lattice, y= 0.5889881594497650
 1
 ----------------------------------------------------------------------
 Symbolic Z-matrix:
 Charge =  0 Multiplicity = 1
 H
 H                    1     1.14358 
 H                    1     1.14358  2     118. 
 H                    2     1.14358  1     62.      3     0.       0
 H                    2     1.14358  1     180.     3     0.       0
 H                    4     1.14358  3     180.     5     0.       0
 H                    6     1.14358  5     180.     3     0.       0
 H                    4     1.14358  2     180.     3     0.       0
 H                    3     1.14358  1     180.     4     0.       0
 H                    9     1.14358  3     180.     4     0.       0
 H                    8     1.14358  4     180.     3     0.       0
 H                    7     1.14358  6     180.     3     0.       0
 
                          Input orientation:                          
 ---------------------------------------------------------------------
 Center     Atomic      Atomic             Coordinates (Angstroms)
 Number     Number       Type             X           Y           Z
 ---------------------------------------------------------------------
      1          1           0        0.000000    0.000000    0.000000
      2          1           0        0.000000    0.000000    1.143582
      3          1           0        1.009723    0.000000   -0.536879
      4          1           0        1.009723    0.000000    0.606703
      5          1           0        0.000000    0.000000    2.287164
      6          1           0        1.009723    0.000000    1.750284
      7          1           0        2.019446    0.000000    1.213405
      8          1           0        2.019446    0.000000    0.069824
      9          1           0        2.019446    0.000000   -1.073758
     10          1           0        3.029168    0.000000   -1.610637
     11          1           0        3.029168    0.000000   -0.467056
     12          1           0        3.029168    0.000000    0.676526
 ---------------------------------------------------------------------
                    Distance matrix (angstroms):
                    1          2          3          4          5
     1  H    0.000000
     2  H    1.143582   0.000000
     3  H    1.143582   1.960482   0.000000
     4  H    1.177976   1.143582   1.143582   0.000000
     5  H    2.287164   1.143582   2.999126   1.960482   0.000000
     6  H    2.020652   1.177976   2.287164   1.143582   1.143582
     7  H    2.355953   2.020652   2.020652   1.177976   2.287164
     8  H    2.020652   2.287164   1.177976   1.143582   2.999126
     9  H    2.287164   2.999126   1.143582   1.960482   3.920964
    10  H    3.430745   4.094091   2.287164   2.999126   4.936468
    11  H    3.064964   3.430745   2.020652   2.287164   4.094091
    12  H    3.103796   3.064964   2.355953   2.020652   3.430745
                    6          7          8          9         10
     6  H    0.000000
     7  H    1.143582   0.000000
     8  H    1.960482   1.143582   0.000000
     9  H    2.999126   2.287164   1.143582   0.000000
    10  H    3.920964   2.999126   1.960482   1.143582   0.000000
    11  H    2.999126   1.960482   1.143582   1.177976   1.143582
    12  H    2.287164   1.143582   1.177976   2.020652   2.287164
                   11         12
    11  H    0.000000
    12  H    1.143582   0.000000
 Stoichiometry    H12
 Framework group  C2H[SGH(H12)]
 Deg. of freedom    11
 Full point group                 C2H     NOp   4
 Largest Abelian subgroup         C2H     NOp   4
 Largest concise Abelian subgroup C2      NOp   2
                         Standard orientation:                         
 ---------------------------------------------------------------------
 Center     Atomic      Atomic             Coordinates (Angstroms)
 Number     Number       Type             X           Y           Z
 ---------------------------------------------------------------------
      1          1           0        1.009723    1.178494   -0.000000
      2          1           0        0.000000    1.715373   -0.000000
      3          1           0        1.009723    0.034912   -0.000000
      4          1           0        0.000000    0.571791   -0.000000
      5          1           0       -1.009723    2.252252   -0.000000
      6          1           0       -1.009723    1.108670   -0.000000
      7          1           0       -1.009723   -0.034912    0.000000
      8          1           0       -0.000000   -0.571791   -0.000000
      9          1           0        1.009723   -1.108670   -0.000000
     10          1           0        1.009723   -2.252252   -0.000000
     11          1           0       -0.000000   -1.715373   -0.000000
     12          1           0       -1.009723   -1.178494   -0.000000
 ---------------------------------------------------------------------
 Rotational constants (GHZ):     72.6323317     21.6378522     16.6713121
 General basis read from cards:  (5D, 7F)
 There are     6 symmetry adapted cartesian basis functions of AG  symmetry.
 There are     0 symmetry adapted cartesian basis functions of BG  symmetry.
 There are     0 symmetry adapted cartesian basis functions of AU  symmetry.
 There are     6 symmetry adapted cartesian basis functions of BU  symmetry.
 There are     6 symmetry adapted basis functions of AG  symmetry.
 There are     0 symmetry adapted basis functions of BG  symmetry.
 There are     0 symmetry adapted basis functions of AU  symmetry.
 There are     6 symmetry adapted basis functions of BU  symmetry.
    12 basis functions,   120 primitive gaussians,    12 cartesian basis functions
     6 alpha electrons        6 beta electrons
       nuclear repulsion energy        19.6267806814 Hartrees.
 NAtoms=   12 NActive=   12 NUniq=    6 SFac= 4.00D+00 NAtFMM=   60 NAOKFM=F Big=F
 Integral buffers will be    131072 words long.
 Regular integral format.
 Two-electron integral symmetry is turned on.
 One-electron integrals computed using PRISM.
 NBasis=    12 RedAO= T EigKep=  1.71D-01  NBF=     6     0     0     6
 NBsUse=    12 1.00D-06 EigRej= -1.00D+00 NBFU=     6     0     0     6
 ExpMin= 3.16D-02 ExpMax= 1.00D+03 ExpMxC= 1.00D+01 IAcc=3 IRadAn=         5 AccDes= 0.00D+00
 Harris functional with IExCor=  205 and IRadAn=       5 diagonalized for initial guess.
 HarFok:  IExCor=  205 AccDes= 0.00D+00 IRadAn=         5 IDoV= 1 UseB2=F ITyADJ=14
 ICtDFT=  3500011 ScaDFX=  1.000000  1.000000  1.000000  1.000000
 FoFCou: FMM=F IPFlag=           0 FMFlag=      100000 FMFlg1=           0
         NFxFlg=           0 DoJE=T BraDBF=F KetDBF=T FulRan=T
         wScrn=  0.000000 ICntrl=     500 IOpCl=  0 I1Cent=   200000004 NGrid=           0
         NMat0=    1 NMatS0=      1 NMatT0=    0 NMatD0=    1 NMtDS0=    0 NMtDT0=    0
 Petite list used in FoFCou.
 Mixing orbitals, IMix= 1 IMixAn=  0 NRI=1 NE=    6 Coef=  7.07106781D-01  7.07106781D-01
 Initial guess orbital symmetries:
       Occupied  (AG) (BU) (BU) (AG) (AG) (?A)
       Virtual   (?A) (BU) (AG) (BU) (AG) (BU)
 Keep R1 ints in memory in symmetry-blocked form, NReq=903994.
 Requested convergence on RMS density matrix=1.00D-08 within 128 cycles.
 Requested convergence on MAX density matrix=1.00D-06.
 Requested convergence on             energy=1.00D-06.
 No special actions if energy rises.
 An orbital has undefined symmetry, so N**3 symmetry is turned off.
 Density matrix breaks symmetry, PCut= 1.00D-04
 Density matrix has no symmetry -- integrals replicated.
 Density matrix breaks symmetry, PCut= 1.00D-07
 Density matrix has no symmetry -- integrals replicated.
 Density matrix breaks symmetry, PCut= 1.00D-07
 Density matrix has no symmetry -- integrals replicated.
 Density matrix breaks symmetry, PCut= 1.00D-07
 Density matrix has no symmetry -- integrals replicated.
 Density matrix breaks symmetry, PCut= 1.00D-07
 Density matrix has no symmetry -- integrals replicated.
 Density matrix breaks symmetry, PCut= 1.00D-07
 Density matrix has no symmetry -- integrals replicated.
 Density matrix breaks symmetry, PCut= 1.00D-07
 Density matrix has no symmetry -- integrals replicated.
 Density matrix breaks symmetry, PCut= 1.00D-07
 Density matrix has no symmetry -- integrals replicated.
 Density matrix breaks symmetry, PCut= 1.00D-07
 Density matrix has no symmetry -- integrals replicated.
 Density matrix breaks symmetry, PCut= 1.00D-07
 Density matrix has no symmetry -- integrals replicated.
 Density matrix breaks symmetry, PCut= 1.00D-07
 Density matrix has no symmetry -- integrals replicated.
 Density matrix breaks symmetry, PCut= 1.00D-07
 Density matrix has no symmetry -- integrals replicated.
 Density matrix breaks symmetry, PCut= 1.00D-07
 Density matrix has no symmetry -- integrals replicated.
 SCF Done:  E(RHF) =  -5.91098187612     A.U. after   15 cycles
            NFock= 15  Conv=0.24D-08     -V/T= 1.9522
 Range of M.O.s used for correlation:     1    12
 NBasis=    12 NAE=     6 NBE=     6 NFC=     0 NFV=     0
 NROrb=     12 NOA=     6 NOB=     6 NVA=     6 NVB=     6
 Semi-Direct transformation.
 ModeAB=           2 MOrb=             6 LenV=     134084869
 LASXX=         2181 LTotXX=        2181 LenRXX=        2181
 LTotAB=        2934 MaxLAS=        5616 LenRXY=        5616
 NonZer=        5616 LenScr=      655360 LnRSAI=           0
 LnScr1=           0 LExtra=           0 Total=       663157
 MaxDsk=          -1 SrtSym=           F ITran=            3
 JobTyp=0 Pass  1:  I=   1 to   6.
 (rs|ai) integrals will be sorted in core.
 SymMOI:  orbitals are not symmetric.
 Spin components of T(2) and E(2):
     alpha-alpha T2 =       0.4698807279D-02 E2=     -0.7097856340D-02
     alpha-beta  T2 =       0.6333956540D-01 E2=     -0.9924726189D-01
     beta-beta   T2 =       0.4698807279D-02 E2=     -0.7097856340D-02
 ANorm=    0.1035730264D+01
 E2 =    -0.1134429746D+00 EUMP2 =    -0.60244248506904D+01
 Second order stability test of a single determinant RHF wave function:
 Stabil:  MDV=134217728
 ***********************************************************************
 Matrix         Lowest Root    Major Pairs
 ***********************************************************************
 Internal RHF     0.1503932    Stable
 RRHF --> CRHF    0.1103397    Stable
 RRHF --> RUHF    0.0231939    Stable
 Stable under the perturbations considered.
 ***********************************************************************

 **********************************************************************

            Population analysis using the SCF density.

 **********************************************************************

 Orbital symmetries:
       Occupied  (AG) (BU) (BU) (AG) (AG) (BU)
       Virtual   (AG) (BU) (AG) (BU) (BU) (AG)
 The electronic state is 1-AG.
 Alpha  occ. eigenvalues --   -0.97869  -0.79210  -0.63713  -0.55605  -0.39808
 Alpha  occ. eigenvalues --   -0.29788
 Alpha virt. eigenvalues --    0.07759   0.19957   0.25289   0.33731   0.57393
 Alpha virt. eigenvalues --    0.57452
          Condensed to atoms (all electrons):
               1          2          3          4          5          6
     1  H    1.036447   0.246076  -0.070652   0.185860  -0.067414  -0.112806
     2  H    0.246076   0.688110  -0.031789  -0.089842   0.224559  -0.022838
     3  H   -0.070652  -0.031789   0.860473  -0.050553   0.014942  -0.033473
     4  H    0.185860  -0.089842  -0.050553   1.062712  -0.176551   0.114355
     5  H   -0.067414   0.224559   0.014942  -0.176551   1.093237   0.121281
     6  H   -0.112806  -0.022838  -0.033473   0.114355   0.121281   0.759110
     7  H   -0.037414  -0.090765  -0.079767   0.312450  -0.080063   0.213070
     8  H   -0.089681  -0.031118   0.312450  -0.214805   0.026351  -0.043509
     9  H   -0.071279  -0.009510   0.213070  -0.043509   0.004295   0.014097
    10  H    0.005563  -0.000200  -0.080063   0.026351  -0.001370   0.004295
    11  H    0.017608   0.010027  -0.090765  -0.031118  -0.000200  -0.009510
    12  H    0.017826   0.017608  -0.037414  -0.089681   0.005563  -0.071279
               7          8          9         10         11         12
     1  H   -0.037414  -0.089681  -0.071279   0.005563   0.017608   0.017826
     2  H   -0.090765  -0.031118  -0.009510  -0.000200   0.010027   0.017608
     3  H   -0.079767   0.312450   0.213070  -0.080063  -0.090765  -0.037414
     4  H    0.312450  -0.214805  -0.043509   0.026351  -0.031118  -0.089681
     5  H   -0.080063   0.026351   0.004295  -0.001370  -0.000200   0.005563
     6  H    0.213070  -0.043509   0.014097   0.004295  -0.009510  -0.071279
     7  H    0.860473  -0.050553  -0.033473   0.014942  -0.031789  -0.070652
     8  H   -0.050553   1.062712   0.114355  -0.176551  -0.089842   0.185860
     9  H   -0.033473   0.114355   0.759110   0.121281  -0.022838  -0.112806
    10  H    0.014942  -0.176551   0.121281   1.093237   0.224559  -0.067414
    11  H   -0.031789  -0.089842  -0.022838   0.224559   0.688110   0.246076
    12  H   -0.070652   0.185860  -0.112806  -0.067414   0.246076   1.036447
 Mulliken charges:
               1
     1  H   -0.060134
     2  H    0.089683
     3  H    0.073543
     4  H   -0.005668
     5  H   -0.164631
     6  H    0.067207
     7  H    0.073543
     8  H   -0.005668
     9  H    0.067207
    10  H   -0.164631
    11  H    0.089683
    12  H   -0.060134
 Sum of Mulliken charges =  -0.00000
 Mulliken charges with hydrogens summed into heavy atoms:
               1
 Electronic spatial extent (au):  <R**2>=            151.3793
 Charge=             -0.0000 electrons
 Dipole moment (field-independent basis, Debye):
    X=              0.0000    Y=              0.0000    Z=              0.0000  Tot=              0.0000
 Quadrupole moment (field-independent basis, Debye-Ang):
   XX=            -17.7571   YY=            -26.0720   ZZ=            -15.3060
   XY=              2.7438   XZ=              0.0000   YZ=             -0.0000
 Traceless Quadrupole moment (field-independent basis, Debye-Ang):
   XX=              1.9546   YY=             -6.3603   ZZ=              4.4057
   XY=              2.7438   XZ=              0.0000   YZ=             -0.0000
 Octapole moment (field-independent basis, Debye-Ang**2):
  XXX=              0.0000  YYY=              0.0000  ZZZ=              0.0000  XYY=              0.0000
  XXY=              0.0000  XXZ=              0.0000  XZZ=              0.0000  YZZ=              0.0000
  YYZ=              0.0000  XYZ=             -0.0000
 Hexadecapole moment (field-independent basis, Debye-Ang**3):
 XXXX=            -88.8362 YYYY=           -273.7245 ZZZZ=            -18.1870 XXXY=             23.4173
 XXXZ=              0.0000 YYYX=             39.1001 YYYZ=             -0.0000 ZZZX=              0.0000
 ZZZY=             -0.0000 XXYY=            -62.4750 XXZZ=            -17.6419 YYZZ=            -38.4331
 XXYZ=             -0.0000 YYXZ=              0.0000 ZZXY=              6.5399
 N-N= 1.962678068138D+01 E-N=-4.996345063532D+01  KE= 6.207779871341D+00
 Symmetry AG   KE= 2.944613521895D+00
 Symmetry BG   KE= 0.000000000000D+00
 Symmetry AU   KE= 0.000000000000D+00
 Symmetry BU   KE= 3.263166349447D+00

 Test job not archived.
 1\1\GINC-SULU\Stability\RHF\Gen\H12\LCJ1\16-Feb-2017\0\\#rhf/gen scf(t
 ight,novaracc,noincfock,fulldiag) stable(crhf) guess=mix geom=nocrowd 
 test\\hf stability analysis of h12 triangular lattice, y= 0.5889881594
 4976501\\0,1\H\H,1,1.1435817532\H,1,1.1435817532,2,118.\H,2,1.14358175
 32,1,62.,3,0.,0\H,2,1.1435817532,1,180.,3,0.,0\H,4,1.1435817532,3,180.
 ,5,0.,0\H,6,1.1435817532,5,180.,3,0.,0\H,4,1.1435817532,2,180.,3,0.,0\
 H,3,1.1435817532,1,180.,4,0.,0\H,9,1.1435817532,3,180.,4,0.,0\H,8,1.14
 35817532,4,180.,3,0.,0\H,7,1.1435817532,6,180.,3,0.,0\\Version=ES64L-G
 09RevE.01\State=1-AG\HF=-5.9109819\MP2=-6.0244249\RMSD=2.417e-09\Dipol
 e=0.,0.,0.\Quadrupole=-1.6750323,3.2755133,-1.600481,0.,3.7032331,0.\P
 G=C02H [SGH(H12)]\\@


 KNOWING HOW CONTENTED, FREE, AND JOYFUL IS LIFE IN
 THE REALMS OF SCIENCE, ONE FERVENTLY WISHES THAT
 MANY WOULD ENTER HER PORTALS.
   --  DMITRI IVANOVICH MENDELEEV
 "FIRST PRINCIPLES OF CHEMISTRY", LONGMANS, GREEN,
 AND CO.  LONDON, 1891
 Job cpu time:       0 days  0 hours  0 minutes  1.5 seconds.
 File lengths (MBytes):  RWF=     84 Int=      0 D2E=      0 Chk=      2 Scr=      2
 Normal termination of Gaussian 09 at Thu Feb 16 18:28:52 2017.
