 Entering Gaussian System, Link 0=g09
 AtFile(1): H.gbs
            H     0
            S   10   1.00
               1000.000000000000            0.000068713567
                316.227766000000            0.000169141320
                100.000000000000            0.000823394812
                 31.622776600000            0.003425569236
                 10.000000000000            0.013951996000
                  3.162277660000            0.056909313560
                  1.000000000000            0.198286399900
                  0.316227766000            0.496922426700
                  0.100000000000            0.369846276400
                  0.031622776600            0.003752720039
            ****
 Initial command:
 /projects/guscus/apps/gau/g09-e1/g09/l1.exe "/users/lcj1/gaussian/h12/rhfstability/rect/mix/Gau-26585.inp" -scrdir="/users/lcj1/gaussian/h12/rhfstability/rect/mix/"
 Entering Link 1 = /projects/guscus/apps/gau/g09-e1/g09/l1.exe PID=     26586.
  
 Copyright (c) 1988,1990,1992,1993,1995,1998,2003,2009,2015,
            Gaussian, Inc.  All Rights Reserved.
  
 This is part of the Gaussian(R) 09 program.  It is based on
 the Gaussian(R) 03 system (copyright 2003, Gaussian, Inc.),
 the Gaussian(R) 98 system (copyright 1998, Gaussian, Inc.),
 the Gaussian(R) 94 system (copyright 1995, Gaussian, Inc.),
 the Gaussian 92(TM) system (copyright 1992, Gaussian, Inc.),
 the Gaussian 90(TM) system (copyright 1990, Gaussian, Inc.),
 the Gaussian 88(TM) system (copyright 1988, Gaussian, Inc.),
 the Gaussian 86(TM) system (copyright 1986, Carnegie Mellon
 University), and the Gaussian 82(TM) system (copyright 1983,
 Carnegie Mellon University). Gaussian is a federally registered
 trademark of Gaussian, Inc.
  
 This software contains proprietary and confidential information,
 including trade secrets, belonging to Gaussian, Inc.
  
 This software is provided under written license and may be
 used, copied, transmitted, or stored only in accord with that
 written license.
  
 The following legend is applicable only to US Government
 contracts under FAR:
  
                    RESTRICTED RIGHTS LEGEND
  
 Use, reproduction and disclosure by the US Government is
 subject to restrictions as set forth in subparagraphs (a)
 and (c) of the Commercial Computer Software - Restricted
 Rights clause in FAR 52.227-19.
  
 Gaussian, Inc.
 340 Quinnipiac St., Bldg. 40, Wallingford CT 06492
  
  
 ---------------------------------------------------------------
 Warning -- This program may not be used in any manner that
 competes with the business of Gaussian, Inc. or will provide
 assistance to any competitor of Gaussian, Inc.  The licensee
 of this program is prohibited from giving any competitor of
 Gaussian, Inc. access to this program.  By using this program,
 the user acknowledges that Gaussian, Inc. is engaged in the
 business of creating and licensing software in the field of
 computational chemistry and represents and warrants to the
 licensee that it is not a competitor of Gaussian, Inc. and that
 it will not use this program in any manner prohibited above.
 ---------------------------------------------------------------
  

 Cite this work as:
 Gaussian 09, Revision E.01,
 M. J. Frisch, G. W. Trucks, H. B. Schlegel, G. E. Scuseria, 
 M. A. Robb, J. R. Cheeseman, G. Scalmani, V. Barone, B. Mennucci, 
 G. A. Petersson, H. Nakatsuji, M. Caricato, X. Li, H. P. Hratchian, 
 A. F. Izmaylov, J. Bloino, G. Zheng, J. L. Sonnenberg, M. Hada, 
 M. Ehara, K. Toyota, R. Fukuda, J. Hasegawa, M. Ishida, T. Nakajima, 
 Y. Honda, O. Kitao, H. Nakai, T. Vreven, J. A. Montgomery, Jr., 
 J. E. Peralta, F. Ogliaro, M. Bearpark, J. J. Heyd, E. Brothers, 
 K. N. Kudin, V. N. Staroverov, T. Keith, R. Kobayashi, J. Normand, 
 K. Raghavachari, A. Rendell, J. C. Burant, S. S. Iyengar, J. Tomasi, 
 M. Cossi, N. Rega, J. M. Millam, M. Klene, J. E. Knox, J. B. Cross, 
 V. Bakken, C. Adamo, J. Jaramillo, R. Gomperts, R. E. Stratmann, 
 O. Yazyev, A. J. Austin, R. Cammi, C. Pomelli, J. W. Ochterski, 
 R. L. Martin, K. Morokuma, V. G. Zakrzewski, G. A. Voth, 
 P. Salvador, J. J. Dannenberg, S. Dapprich, A. D. Daniels, 
 O. Farkas, J. B. Foresman, J. V. Ortiz, J. Cioslowski, 
 and D. J. Fox, Gaussian, Inc., Wallingford CT, 2013.
 
 ******************************************
 Gaussian 09:  ES64L-G09RevE.01 30-Nov-2015
                16-Feb-2017 
 ******************************************
 %chk=h12.chk
 ----------------------------------------------------------------------
 #rhf/gen scf(tight,novaracc,noincfock,fulldiag) stable(crhf) guess=mix
  geom=nocrowd test
 ----------------------------------------------------------------------
 1/38=1/1;
 2/12=1,17=6,18=5,40=1/2;
 3/5=7,16=1,25=1,30=1,116=1/1,2,3;
 4/13=-1/1;
 5/5=100002,16=1,32=2,38=1/2;
 8/6=1,10=90,11=11/1,4;
 9/8=4,13=1/2;
 6/7=2,8=2,9=2,10=2,28=1/1;
 99/5=1,9=1/99;
 ----------------------------------------------------------------------
 hf stability analysis of h12 triangular lattice, y= 1.0644781770328475
 ----------------------------------------------------------------------
 Symbolic Z-matrix:
 Charge =  0 Multiplicity = 1
 H
 H                    1     1.19469 
 H                    1     1.19469  2     54. 
 H                    2     1.19469  1     126.     3     0.       0
 H                    2     1.19469  1     180.     3     0.       0
 H                    4     1.19469  3     180.     5     0.       0
 H                    6     1.19469  5     180.     3     0.       0
 H                    4     1.19469  2     180.     3     0.       0
 H                    3     1.19469  1     180.     4     0.       0
 H                    9     1.19469  3     180.     4     0.       0
 H                    8     1.19469  4     180.     3     0.       0
 H                    7     1.19469  6     180.     3     0.       0
 
                          Input orientation:                          
 ---------------------------------------------------------------------
 Center     Atomic      Atomic             Coordinates (Angstroms)
 Number     Number       Type             X           Y           Z
 ---------------------------------------------------------------------
      1          1           0        0.000000    0.000000    0.000000
      2          1           0        0.000000    0.000000    1.194692
      3          1           0        0.966526    0.000000    0.702222
      4          1           0        0.966526    0.000000    1.896914
      5          1           0        0.000000    0.000000    2.389384
      6          1           0        0.966526    0.000000    3.091606
      7          1           0        1.933052    0.000000    3.793828
      8          1           0        1.933052    0.000000    2.599136
      9          1           0        1.933052    0.000000    1.404444
     10          1           0        2.899578    0.000000    2.106667
     11          1           0        2.899578    0.000000    3.301358
     12          1           0        2.899578    0.000000    4.496050
 ---------------------------------------------------------------------
                    Distance matrix (angstroms):
                    1          2          3          4          5
     1  H    0.000000
     2  H    1.194692   0.000000
     3  H    1.194692   1.084757   0.000000
     4  H    2.128956   1.194692   1.194692   0.000000
     5  H    2.389384   1.194692   1.944399   1.084757   0.000000
     6  H    3.239166   2.128956   2.389384   1.194692   1.194692
     7  H    4.257913   3.239166   3.239166   2.128956   2.389384
     8  H    3.239166   2.389384   2.128956   1.194692   1.944399
     9  H    2.389384   1.944399   1.194692   1.084757   2.169515
    10  H    3.584075   3.039613   2.389384   1.944399   2.913328
    11  H    4.393918   3.584075   3.239166   2.389384   3.039613
    12  H    5.349955   4.393918   4.257913   3.239166   3.584075
                    6          7          8          9         10
     6  H    0.000000
     7  H    1.194692   0.000000
     8  H    1.084757   1.194692   0.000000
     9  H    1.944399   2.389384   1.194692   0.000000
    10  H    2.169515   1.944399   1.084757   1.194692   0.000000
    11  H    1.944399   1.084757   1.194692   2.128956   1.194692
    12  H    2.389384   1.194692   2.128956   3.239166   2.389384
                   11         12
    11  H    0.000000
    12  H    1.194692   0.000000
 Stoichiometry    H12
 Framework group  C2H[SGH(H12)]
 Deg. of freedom    11
 Full point group                 C2H     NOp   4
 Largest Abelian subgroup         C2H     NOp   4
 Largest concise Abelian subgroup C2      NOp   2
                         Standard orientation:                         
 ---------------------------------------------------------------------
 Center     Atomic      Atomic             Coordinates (Angstroms)
 Number     Number       Type             X           Y           Z
 ---------------------------------------------------------------------
      1          1           0        0.966526    2.494260    0.000000
      2          1           0        0.000000    1.792038   -0.000000
      3          1           0        0.966526    1.299568    0.000000
      4          1           0        0.000000    0.597346   -0.000000
      5          1           0       -0.966526    1.089815   -0.000000
      6          1           0       -0.966526   -0.104876   -0.000000
      7          1           0       -0.966526   -1.299568    0.000000
      8          1           0       -0.000000   -0.597346    0.000000
      9          1           0        0.966526    0.104876   -0.000000
     10          1           0        0.966526   -1.089815   -0.000000
     11          1           0       -0.000000   -1.792038    0.000000
     12          1           0       -0.966526   -2.494260    0.000000
 ---------------------------------------------------------------------
 Rotational constants (GHZ):     84.2253359     18.6595572     15.2753959
 General basis read from cards:  (5D, 7F)
 There are     6 symmetry adapted cartesian basis functions of AG  symmetry.
 There are     0 symmetry adapted cartesian basis functions of BG  symmetry.
 There are     0 symmetry adapted cartesian basis functions of AU  symmetry.
 There are     6 symmetry adapted cartesian basis functions of BU  symmetry.
 There are     6 symmetry adapted basis functions of AG  symmetry.
 There are     0 symmetry adapted basis functions of BG  symmetry.
 There are     0 symmetry adapted basis functions of AU  symmetry.
 There are     6 symmetry adapted basis functions of BU  symmetry.
    12 basis functions,   120 primitive gaussians,    12 cartesian basis functions
     6 alpha electrons        6 beta electrons
       nuclear repulsion energy        19.2606399460 Hartrees.
 NAtoms=   12 NActive=   12 NUniq=    6 SFac= 4.00D+00 NAtFMM=   60 NAOKFM=F Big=F
 Integral buffers will be    131072 words long.
 Regular integral format.
 Two-electron integral symmetry is turned on.
 One-electron integrals computed using PRISM.
 NBasis=    12 RedAO= T EigKep=  1.87D-01  NBF=     6     0     0     6
 NBsUse=    12 1.00D-06 EigRej= -1.00D+00 NBFU=     6     0     0     6
 ExpMin= 3.16D-02 ExpMax= 1.00D+03 ExpMxC= 1.00D+01 IAcc=3 IRadAn=         5 AccDes= 0.00D+00
 Harris functional with IExCor=  205 and IRadAn=       5 diagonalized for initial guess.
 HarFok:  IExCor=  205 AccDes= 0.00D+00 IRadAn=         5 IDoV= 1 UseB2=F ITyADJ=14
 ICtDFT=  3500011 ScaDFX=  1.000000  1.000000  1.000000  1.000000
 FoFCou: FMM=F IPFlag=           0 FMFlag=      100000 FMFlg1=           0
         NFxFlg=           0 DoJE=T BraDBF=F KetDBF=T FulRan=T
         wScrn=  0.000000 ICntrl=     500 IOpCl=  0 I1Cent=   200000004 NGrid=           0
         NMat0=    1 NMatS0=      1 NMatT0=    0 NMatD0=    1 NMtDS0=    0 NMtDT0=    0
 Petite list used in FoFCou.
 Mixing orbitals, IMix= 1 IMixAn=  0 NRI=1 NE=    6 Coef=  7.07106781D-01  7.07106781D-01
 Initial guess orbital symmetries:
       Occupied  (AG) (BU) (BU) (AG) (AG) (?A)
       Virtual   (?A) (AG) (BU) (BU) (BU) (AG)
 Keep R1 ints in memory in symmetry-blocked form, NReq=902916.
 Requested convergence on RMS density matrix=1.00D-08 within 128 cycles.
 Requested convergence on MAX density matrix=1.00D-06.
 Requested convergence on             energy=1.00D-06.
 No special actions if energy rises.
 An orbital has undefined symmetry, so N**3 symmetry is turned off.
 Density matrix breaks symmetry, PCut= 1.00D-04
 Density matrix has no symmetry -- integrals replicated.
 Density matrix breaks symmetry, PCut= 1.00D-07
 Density matrix has no symmetry -- integrals replicated.
 Density matrix breaks symmetry, PCut= 1.00D-07
 Density matrix has no symmetry -- integrals replicated.
 Density matrix breaks symmetry, PCut= 1.00D-07
 Density matrix has no symmetry -- integrals replicated.
 Density matrix breaks symmetry, PCut= 1.00D-07
 Density matrix has no symmetry -- integrals replicated.
 Density matrix breaks symmetry, PCut= 1.00D-07
 Density matrix has no symmetry -- integrals replicated.
 Density matrix breaks symmetry, PCut= 1.00D-07
 Density matrix has no symmetry -- integrals replicated.
 Density matrix breaks symmetry, PCut= 1.00D-07
 Density matrix has no symmetry -- integrals replicated.
 Density matrix breaks symmetry, PCut= 1.00D-07
 Density matrix has no symmetry -- integrals replicated.
 Density matrix breaks symmetry, PCut= 1.00D-07
 Density matrix has no symmetry -- integrals replicated.
 Density matrix breaks symmetry, PCut= 1.00D-07
 Density matrix has no symmetry -- integrals replicated.
 Density matrix breaks symmetry, PCut= 1.00D-07
 Density matrix has no symmetry -- integrals replicated.
 SCF Done:  E(RHF) =  -5.95850479636     A.U. after   14 cycles
            NFock= 14  Conv=0.18D-08     -V/T= 1.9718
 Range of M.O.s used for correlation:     1    12
 NBasis=    12 NAE=     6 NBE=     6 NFC=     0 NFV=     0
 NROrb=     12 NOA=     6 NOB=     6 NVA=     6 NVB=     6
 Semi-Direct transformation.
 ModeAB=           2 MOrb=             6 LenV=     134085583
 LASXX=         2181 LTotXX=        2181 LenRXX=        2181
 LTotAB=        2934 MaxLAS=        5616 LenRXY=        5616
 NonZer=        5616 LenScr=      655360 LnRSAI=           0
 LnScr1=           0 LExtra=           0 Total=       663157
 MaxDsk=          -1 SrtSym=           F ITran=            3
 JobTyp=0 Pass  1:  I=   1 to   6.
 (rs|ai) integrals will be sorted in core.
 SymMOI:  orbitals are not symmetric.
 Spin components of T(2) and E(2):
     alpha-alpha T2 =       0.4395522652D-02 E2=     -0.6699055358D-02
     alpha-beta  T2 =       0.6254774119D-01 E2=     -0.9821516064D-01
     beta-beta   T2 =       0.4395522652D-02 E2=     -0.6699055358D-02
 ANorm=    0.1035054968D+01
 E2 =    -0.1116132714D+00 EUMP2 =    -0.60701180677117D+01
 Second order stability test of a single determinant RHF wave function:
 Stabil:  MDV=134217728
 ***********************************************************************
 Matrix         Lowest Root    Major Pairs
 ***********************************************************************
 Internal RHF     0.255418     Stable
 RRHF --> CRHF    0.2331688    Stable
 RRHF --> RUHF    0.0536755    Stable
 Stable under the perturbations considered.
 ***********************************************************************

 **********************************************************************

            Population analysis using the SCF density.

 **********************************************************************

 Orbital symmetries:
       Occupied  (AG) (BU) (BU) (AG) (AG) (BU)
       Virtual   (AG) (AG) (BU) (BU) (BU) (AG)
 The electronic state is 1-AG.
 Alpha  occ. eigenvalues --   -0.94919  -0.78655  -0.58941  -0.57242  -0.35944
 Alpha  occ. eigenvalues --   -0.33761
 Alpha virt. eigenvalues --    0.15209   0.19114   0.22988   0.38803   0.47122
 Alpha virt. eigenvalues --    0.55824
          Condensed to atoms (all electrons):
               1          2          3          4          5          6
     1  H    0.928417   0.196288   0.161368  -0.127953  -0.051792   0.011477
     2  H    0.196288   0.716986  -0.024443  -0.069821   0.255953  -0.035144
     3  H    0.161368  -0.024443   0.750502   0.043368  -0.136259  -0.011636
     4  H   -0.127953  -0.069821   0.043368   0.991000   0.212839  -0.060780
     5  H   -0.051792   0.255953  -0.136259   0.212839   1.054942  -0.101103
     6  H    0.011477  -0.035144  -0.011636  -0.060780  -0.101103   0.960473
     7  H    0.001703  -0.007608   0.011733  -0.025915  -0.054844   0.222845
     8  H    0.016066  -0.021328  -0.025915  -0.188094  -0.078651   0.325805
     9  H   -0.060928  -0.116156   0.222845   0.325805  -0.074675  -0.075123
    10  H    0.003038   0.018565  -0.054844  -0.078651   0.021381  -0.074675
    11  H   -0.000256   0.008278  -0.007608  -0.021328   0.018565  -0.116156
    12  H   -0.000539  -0.000256   0.001703   0.016066   0.003038  -0.060928
               7          8          9         10         11         12
     1  H    0.001703   0.016066  -0.060928   0.003038  -0.000256  -0.000539
     2  H   -0.007608  -0.021328  -0.116156   0.018565   0.008278  -0.000256
     3  H    0.011733  -0.025915   0.222845  -0.054844  -0.007608   0.001703
     4  H   -0.025915  -0.188094   0.325805  -0.078651  -0.021328   0.016066
     5  H   -0.054844  -0.078651  -0.074675   0.021381   0.018565   0.003038
     6  H    0.222845   0.325805  -0.075123  -0.074675  -0.116156  -0.060928
     7  H    0.750502   0.043368  -0.011636  -0.136259  -0.024443   0.161368
     8  H    0.043368   0.991000  -0.060780   0.212839  -0.069821  -0.127953
     9  H   -0.011636  -0.060780   0.960473  -0.101103  -0.035144   0.011477
    10  H   -0.136259   0.212839  -0.101103   1.054942   0.255953  -0.051792
    11  H   -0.024443  -0.069821  -0.035144   0.255953   0.716986   0.196288
    12  H    0.161368  -0.127953   0.011477  -0.051792   0.196288   0.928417
 Mulliken charges:
               1
     1  H   -0.076889
     2  H    0.078686
     3  H    0.069187
     4  H   -0.016536
     5  H   -0.069394
     6  H    0.014946
     7  H    0.069187
     8  H   -0.016536
     9  H    0.014946
    10  H   -0.069394
    11  H    0.078686
    12  H   -0.076889
 Sum of Mulliken charges =   0.00000
 Mulliken charges with hydrogens summed into heavy atoms:
               1
 Electronic spatial extent (au):  <R**2>=            158.2297
 Charge=              0.0000 electrons
 Dipole moment (field-independent basis, Debye):
    X=             -0.0000    Y=             -0.0000    Z=              0.0000  Tot=              0.0000
 Quadrupole moment (field-independent basis, Debye-Ang):
   XX=            -17.8823   YY=            -21.8764   ZZ=            -15.3878
   XY=             -0.4358   XZ=              0.0000   YZ=              0.0000
 Traceless Quadrupole moment (field-independent basis, Debye-Ang):
   XX=              0.4999   YY=             -3.4942   ZZ=              2.9943
   XY=             -0.4358   XZ=              0.0000   YZ=              0.0000
 Octapole moment (field-independent basis, Debye-Ang**2):
  XXX=             -0.0000  YYY=             -0.0000  ZZZ=              0.0000  XYY=             -0.0000
  XXY=             -0.0000  XXZ=              0.0000  XZZ=              0.0000  YZZ=             -0.0000
  YYZ=             -0.0000  XYZ=             -0.0000
 Hexadecapole moment (field-independent basis, Debye-Ang**3):
 XXXX=            -84.3979 YYYY=           -274.7677 ZZZZ=            -18.3581 XXXY=            -24.2080
 XXXZ=              0.0000 YYYX=            -30.6555 YYYZ=              0.0000 ZZZX=              0.0000
 ZZZY=              0.0000 XXYY=            -60.5162 XXZZ=            -16.9061 YYZZ=            -42.2534
 XXYZ=              0.0000 YYXZ=              0.0000 ZZXY=             -7.5080
 N-N= 1.926063994601D+01 E-N=-4.938063138444D+01  KE= 6.131585495299D+00
 Symmetry AG   KE= 2.950558981337D+00
 Symmetry BG   KE= 0.000000000000D+00
 Symmetry AU   KE= 0.000000000000D+00
 Symmetry BU   KE= 3.181026513962D+00

 Test job not archived.
 1\1\GINC-SULU\Stability\RHF\Gen\H12\LCJ1\16-Feb-2017\0\\#rhf/gen scf(t
 ight,novaracc,noincfock,fulldiag) stable(crhf) guess=mix geom=nocrowd 
 test\\hf stability analysis of h12 triangular lattice, y= 1.0644781770
 328475\\0,1\H\H,1,1.1946917688\H,1,1.1946917688,2,54.\H,2,1.1946917688
 ,1,126.,3,0.,0\H,2,1.1946917688,1,180.,3,0.,0\H,4,1.1946917688,3,180.,
 5,0.,0\H,6,1.1946917688,5,180.,3,0.,0\H,4,1.1946917688,2,180.,3,0.,0\H
 ,3,1.1946917688,1,180.,4,0.,0\H,9,1.1946917688,3,180.,4,0.,0\H,8,1.194
 6917688,4,180.,3,0.,0\H,7,1.1946917688,6,180.,3,0.,0\\Version=ES64L-G0
 9RevE.01\State=1-AG\HF=-5.9585048\MP2=-6.0701181\RMSD=1.807e-09\Dipole
 =0.,0.,0.\Quadrupole=-1.2638048,2.2262211,-0.9624163,0.,-1.5122135,0.\
 PG=C02H [SGH(H12)]\\@


 Spring appears, and we are once more children.
                                  -- Anonymous
 Job cpu time:       0 days  0 hours  0 minutes  1.6 seconds.
 File lengths (MBytes):  RWF=     84 Int=      0 D2E=      0 Chk=      2 Scr=      2
 Normal termination of Gaussian 09 at Thu Feb 16 18:35:41 2017.
