 Entering Gaussian System, Link 0=g09
 AtFile(1): H.gbs
            H     0
            S   10   1.00
               1000.000000000000            0.000068713567
                316.227766000000            0.000169141320
                100.000000000000            0.000823394812
                 31.622776600000            0.003425569236
                 10.000000000000            0.013951996000
                  3.162277660000            0.056909313560
                  1.000000000000            0.198286399900
                  0.316227766000            0.496922426700
                  0.100000000000            0.369846276400
                  0.031622776600            0.003752720039
            ****
 Initial command:
 /projects/guscus/apps/gau/g09-e1/g09/l1.exe "/users/lcj1/gaussian/h12/rhfstability/rect/mix/Gau-29731.inp" -scrdir="/users/lcj1/gaussian/h12/rhfstability/rect/mix/"
 Entering Link 1 = /projects/guscus/apps/gau/g09-e1/g09/l1.exe PID=     29732.
  
 Copyright (c) 1988,1990,1992,1993,1995,1998,2003,2009,2015,
            Gaussian, Inc.  All Rights Reserved.
  
 This is part of the Gaussian(R) 09 program.  It is based on
 the Gaussian(R) 03 system (copyright 2003, Gaussian, Inc.),
 the Gaussian(R) 98 system (copyright 1998, Gaussian, Inc.),
 the Gaussian(R) 94 system (copyright 1995, Gaussian, Inc.),
 the Gaussian 92(TM) system (copyright 1992, Gaussian, Inc.),
 the Gaussian 90(TM) system (copyright 1990, Gaussian, Inc.),
 the Gaussian 88(TM) system (copyright 1988, Gaussian, Inc.),
 the Gaussian 86(TM) system (copyright 1986, Carnegie Mellon
 University), and the Gaussian 82(TM) system (copyright 1983,
 Carnegie Mellon University). Gaussian is a federally registered
 trademark of Gaussian, Inc.
  
 This software contains proprietary and confidential information,
 including trade secrets, belonging to Gaussian, Inc.
  
 This software is provided under written license and may be
 used, copied, transmitted, or stored only in accord with that
 written license.
  
 The following legend is applicable only to US Government
 contracts under FAR:
  
                    RESTRICTED RIGHTS LEGEND
  
 Use, reproduction and disclosure by the US Government is
 subject to restrictions as set forth in subparagraphs (a)
 and (c) of the Commercial Computer Software - Restricted
 Rights clause in FAR 52.227-19.
  
 Gaussian, Inc.
 340 Quinnipiac St., Bldg. 40, Wallingford CT 06492
  
  
 ---------------------------------------------------------------
 Warning -- This program may not be used in any manner that
 competes with the business of Gaussian, Inc. or will provide
 assistance to any competitor of Gaussian, Inc.  The licensee
 of this program is prohibited from giving any competitor of
 Gaussian, Inc. access to this program.  By using this program,
 the user acknowledges that Gaussian, Inc. is engaged in the
 business of creating and licensing software in the field of
 computational chemistry and represents and warrants to the
 licensee that it is not a competitor of Gaussian, Inc. and that
 it will not use this program in any manner prohibited above.
 ---------------------------------------------------------------
  

 Cite this work as:
 Gaussian 09, Revision E.01,
 M. J. Frisch, G. W. Trucks, H. B. Schlegel, G. E. Scuseria, 
 M. A. Robb, J. R. Cheeseman, G. Scalmani, V. Barone, B. Mennucci, 
 G. A. Petersson, H. Nakatsuji, M. Caricato, X. Li, H. P. Hratchian, 
 A. F. Izmaylov, J. Bloino, G. Zheng, J. L. Sonnenberg, M. Hada, 
 M. Ehara, K. Toyota, R. Fukuda, J. Hasegawa, M. Ishida, T. Nakajima, 
 Y. Honda, O. Kitao, H. Nakai, T. Vreven, J. A. Montgomery, Jr., 
 J. E. Peralta, F. Ogliaro, M. Bearpark, J. J. Heyd, E. Brothers, 
 K. N. Kudin, V. N. Staroverov, T. Keith, R. Kobayashi, J. Normand, 
 K. Raghavachari, A. Rendell, J. C. Burant, S. S. Iyengar, J. Tomasi, 
 M. Cossi, N. Rega, J. M. Millam, M. Klene, J. E. Knox, J. B. Cross, 
 V. Bakken, C. Adamo, J. Jaramillo, R. Gomperts, R. E. Stratmann, 
 O. Yazyev, A. J. Austin, R. Cammi, C. Pomelli, J. W. Ochterski, 
 R. L. Martin, K. Morokuma, V. G. Zakrzewski, G. A. Voth, 
 P. Salvador, J. J. Dannenberg, S. Dapprich, A. D. Daniels, 
 O. Farkas, J. B. Foresman, J. V. Ortiz, J. Cioslowski, 
 and D. J. Fox, Gaussian, Inc., Wallingford CT, 2013.
 
 ******************************************
 Gaussian 09:  ES64L-G09RevE.01 30-Nov-2015
                16-Feb-2017 
 ******************************************
 %chk=h12.chk
 ----------------------------------------------------------------------
 #rhf/gen scf(tight,novaracc,noincfock,fulldiag) stable(crhf) guess=mix
  geom=nocrowd test
 ----------------------------------------------------------------------
 1/38=1/1;
 2/12=1,17=6,18=5,40=1/2;
 3/5=7,16=1,25=1,30=1,116=1/1,2,3;
 4/13=-1/1;
 5/5=100002,16=1,32=2,38=1/2;
 8/6=1,10=90,11=11/1,4;
 9/8=4,13=1/2;
 6/7=2,8=2,9=2,10=2,28=1/1;
 99/5=1,9=1/99;
 ----------------------------------------------------------------------
 hf stability analysis of h12 triangular lattice, y= 2.0268354180156947
 ----------------------------------------------------------------------
 Symbolic Z-matrix:
 Charge =  0 Multiplicity = 1
 H
 H                    1     2.04675 
 H                    1     2.04675  2     16. 
 H                    2     2.04675  1     164.     3     0.       0
 H                    2     2.04675  1     180.     3     0.       0
 H                    4     2.04675  3     180.     5     0.       0
 H                    6     2.04675  5     180.     3     0.       0
 H                    4     2.04675  2     180.     3     0.       0
 H                    3     2.04675  1     180.     4     0.       0
 H                    9     2.04675  3     180.     4     0.       0
 H                    8     2.04675  4     180.     3     0.       0
 H                    7     2.04675  6     180.     3     0.       0
 
                          Input orientation:                          
 ---------------------------------------------------------------------
 Center     Atomic      Atomic             Coordinates (Angstroms)
 Number     Number       Type             X           Y           Z
 ---------------------------------------------------------------------
      1          1           0        0.000000    0.000000    0.000000
      2          1           0        0.000000    0.000000    2.046754
      3          1           0        0.564162    0.000000    1.967466
      4          1           0        0.564162    0.000000    4.014221
      5          1           0        0.000000    0.000000    4.093509
      6          1           0        0.564162    0.000000    6.060975
      7          1           0        1.128324    0.000000    8.028442
      8          1           0        1.128324    0.000000    5.981687
      9          1           0        1.128324    0.000000    3.934933
     10          1           0        1.692486    0.000000    5.902399
     11          1           0        1.692486    0.000000    7.949154
     12          1           0        1.692486    0.000000    9.995908
 ---------------------------------------------------------------------
                    Distance matrix (angstroms):
                    1          2          3          4          5
     1  H    0.000000
     2  H    2.046754   0.000000
     3  H    2.046754   0.569706   0.000000
     4  H    4.053671   2.046754   2.046754   0.000000
     5  H    4.093509   2.046754   2.199621   0.569706   0.000000
     6  H    6.087175   4.053671   4.093509   2.046754   2.046754
     7  H    8.107342   6.087175   6.087175   4.053671   4.093509
     8  H    6.087175   4.093509   4.053671   2.046754   2.199621
     9  H    4.093509   2.199621   2.046754   0.569706   1.139413
    10  H    6.140263   4.210761   4.093509   2.199621   2.477215
    11  H    8.127334   6.140263   6.087175   4.093509   4.210761
    12  H   10.138180   8.127334   8.107342   6.087175   6.140263
                    6          7          8          9         10
     6  H    0.000000
     7  H    2.046754   0.000000
     8  H    0.569706   2.046754   0.000000
     9  H    2.199621   4.093509   2.046754   0.000000
    10  H    1.139413   2.199621   0.569706   2.046754   0.000000
    11  H    2.199621   0.569706   2.046754   4.053671   2.046754
    12  H    4.093509   2.046754   4.053671   6.087175   4.093509
                   11         12
    11  H    0.000000
    12  H    2.046754   0.000000
 Stoichiometry    H12
 Framework group  C2H[SGH(H12)]
 Deg. of freedom    11
 Full point group                 C2H     NOp   4
 Largest Abelian subgroup         C2H     NOp   4
 Largest concise Abelian subgroup C2      NOp   2
                         Standard orientation:                         
 ---------------------------------------------------------------------
 Center     Atomic      Atomic             Coordinates (Angstroms)
 Number     Number       Type             X           Y           Z
 ---------------------------------------------------------------------
      1          1           0        0.564162    5.037598    0.000000
      2          1           0        0.000000    3.070131   -0.000000
      3          1           0        0.564162    2.990844    0.000000
      4          1           0        0.000000    1.023377   -0.000000
      5          1           0       -0.564162    1.102665   -0.000000
      6          1           0       -0.564162   -0.944089   -0.000000
      7          1           0       -0.564162   -2.990844    0.000000
      8          1           0       -0.000000   -1.023377   -0.000000
      9          1           0        0.564162    0.944089   -0.000000
     10          1           0        0.564162   -1.102665   -0.000000
     11          1           0       -0.000000   -3.070131   -0.000000
     12          1           0       -0.564162   -5.037598   -0.000000
 ---------------------------------------------------------------------
 Rotational constants (GHZ):    296.6777082      5.2973536      5.2044256
 General basis read from cards:  (5D, 7F)
 There are     6 symmetry adapted cartesian basis functions of AG  symmetry.
 There are     0 symmetry adapted cartesian basis functions of BG  symmetry.
 There are     0 symmetry adapted cartesian basis functions of AU  symmetry.
 There are     6 symmetry adapted cartesian basis functions of BU  symmetry.
 There are     6 symmetry adapted basis functions of AG  symmetry.
 There are     0 symmetry adapted basis functions of BG  symmetry.
 There are     0 symmetry adapted basis functions of AU  symmetry.
 There are     6 symmetry adapted basis functions of BU  symmetry.
    12 basis functions,   120 primitive gaussians,    12 cartesian basis functions
     6 alpha electrons        6 beta electrons
       nuclear repulsion energy        16.3022907330 Hartrees.
 NAtoms=   12 NActive=   12 NUniq=    6 SFac= 4.00D+00 NAtFMM=   60 NAOKFM=F Big=F
 Integral buffers will be    131072 words long.
 Regular integral format.
 Two-electron integral symmetry is turned on.
 One-electron integrals computed using PRISM.
 NBasis=    12 RedAO= T EigKep=  5.21D-02  NBF=     6     0     0     6
 NBsUse=    12 1.00D-06 EigRej= -1.00D+00 NBFU=     6     0     0     6
 ExpMin= 3.16D-02 ExpMax= 1.00D+03 ExpMxC= 1.00D+01 IAcc=3 IRadAn=         5 AccDes= 0.00D+00
 Harris functional with IExCor=  205 and IRadAn=       5 diagonalized for initial guess.
 HarFok:  IExCor=  205 AccDes= 0.00D+00 IRadAn=         5 IDoV= 1 UseB2=F ITyADJ=14
 ICtDFT=  3500011 ScaDFX=  1.000000  1.000000  1.000000  1.000000
 FoFCou: FMM=F IPFlag=           0 FMFlag=      100000 FMFlg1=           0
         NFxFlg=           0 DoJE=T BraDBF=F KetDBF=T FulRan=T
         wScrn=  0.000000 ICntrl=     500 IOpCl=  0 I1Cent=   200000004 NGrid=           0
         NMat0=    1 NMatS0=      1 NMatT0=    0 NMatD0=    1 NMtDS0=    0 NMtDT0=    0
 Petite list used in FoFCou.
 Mixing orbitals, IMix= 1 IMixAn=  0 NRI=1 NE=    6 Coef=  7.07106781D-01  7.07106781D-01
 Initial guess orbital symmetries:
       Occupied  (AG) (BU) (AG) (BU) (AG) (BU)
       Virtual   (BU) (AG) (BU) (AG) (AG) (BU)
 The electronic state of the initial guess is 1-AG.
 Keep R1 ints in memory in symmetry-blocked form, NReq=895300.
 Requested convergence on RMS density matrix=1.00D-08 within 128 cycles.
 Requested convergence on MAX density matrix=1.00D-06.
 Requested convergence on             energy=1.00D-06.
 No special actions if energy rises.
 An orbital has undefined symmetry, so N**3 symmetry is turned off.
 SCF Done:  E(RHF) =  -5.20276194339     A.U. after   17 cycles
            NFock= 17  Conv=0.20D-08     -V/T= 1.8170
 Range of M.O.s used for correlation:     1    12
 NBasis=    12 NAE=     6 NBE=     6 NFC=     0 NFV=     0
 NROrb=     12 NOA=     6 NOB=     6 NVA=     6 NVB=     6

 **** Warning!!: The smallest alpha delta epsilon is  0.52648936D-01

 Semi-Direct transformation.
 ModeAB=           2 MOrb=             6 LenV=     134093745
 LASXX=         2181 LTotXX=        2181 LenRXX=        2181
 LTotAB=        2934 MaxLAS=        5616 LenRXY=        5616
 NonZer=        5616 LenScr=      655360 LnRSAI=           0
 LnScr1=           0 LExtra=           0 Total=       663157
 MaxDsk=          -1 SrtSym=           F ITran=            3
 JobTyp=0 Pass  1:  I=   1 to   6.
 (rs|ai) integrals will be sorted in core.
 SymMOI:  orbitals are not symmetric.
 Spin components of T(2) and E(2):
     alpha-alpha T2 =       0.4867860294D-02 E2=     -0.4214745826D-02
     alpha-beta  T2 =       0.7575827224D+01 E2=     -0.8633145909D+00
     beta-beta   T2 =       0.4867860294D-02 E2=     -0.4214745826D-02
 ANorm=    0.2930113128D+01
 E2 =    -0.8717440826D+00 EUMP2 =    -0.60745060259787D+01
 Second order stability test of a single determinant RHF wave function:
 Stabil:  MDV=134217728
 ***********************************************************************
 Matrix         Lowest Root    Major Pairs
 ***********************************************************************
 Internal RHF     0.012604     Stable
 RRHF --> CRHF    0.0001906    Stable
 RRHF --> RUHF   -0.5776561    6A=7B
 Not stable.
 ***********************************************************************

 **********************************************************************

            Population analysis using the SCF density.

 **********************************************************************

 Orbital symmetries:
       Occupied  (AG) (BU) (AG) (BU) (BU) (AG)
       Virtual   (BU) (AG) (BU) (AG) (AG) (BU)
 The electronic state is 1-AG.
 Alpha  occ. eigenvalues --   -0.90373  -0.85269  -0.69401  -0.69052  -0.27138
 Alpha  occ. eigenvalues --   -0.20102
 Alpha virt. eigenvalues --   -0.14837   0.04708   0.54848   0.55569   1.13152
 Alpha virt. eigenvalues --    1.29276
          Condensed to atoms (all electrons):
               1          2          3          4          5          6
     1  H    1.051947  -0.023569  -0.025242   0.000238   0.000541   0.000014
     2  H   -0.023569   0.593657   0.487418  -0.030088   0.000701   0.000981
     3  H   -0.025242   0.487418   0.588989  -0.029806  -0.023460  -0.000695
     4  H    0.000238  -0.030088  -0.029806   1.081179   0.224046  -0.018307
     5  H    0.000541   0.000701  -0.023460   0.224046   0.996313   0.193199
     6  H    0.000014   0.000981  -0.000695  -0.018307   0.193199   1.065938
     7  H   -0.000001   0.000006   0.000002   0.000254   0.000893   0.001863
     8  H    0.000008   0.000244   0.000254  -0.033418  -0.010256   0.233677
     9  H   -0.000403  -0.023455   0.001863   0.233677  -0.484693  -0.176567
    10  H   -0.000008  -0.000547   0.000893  -0.010256  -0.115143  -0.484693
    11  H   -0.000001   0.000002   0.000006   0.000244  -0.000547  -0.023455
    12  H    0.000000  -0.000001  -0.000001   0.000008  -0.000008  -0.000403
               7          8          9         10         11         12
     1  H   -0.000001   0.000008  -0.000403  -0.000008  -0.000001   0.000000
     2  H    0.000006   0.000244  -0.023455  -0.000547   0.000002  -0.000001
     3  H    0.000002   0.000254   0.001863   0.000893   0.000006  -0.000001
     4  H    0.000254  -0.033418   0.233677  -0.010256   0.000244   0.000008
     5  H    0.000893  -0.010256  -0.484693  -0.115143  -0.000547  -0.000008
     6  H    0.001863   0.233677  -0.176567  -0.484693  -0.023455  -0.000403
     7  H    0.588989  -0.029806  -0.000695  -0.023460   0.487418  -0.025242
     8  H   -0.029806   1.081179  -0.018307   0.224046  -0.030088   0.000238
     9  H   -0.000695  -0.018307   1.065938   0.193199   0.000981   0.000014
    10  H   -0.023460   0.224046   0.193199   0.996313   0.000701   0.000541
    11  H    0.487418  -0.030088   0.000981   0.000701   0.593657  -0.023569
    12  H   -0.025242   0.000238   0.000014   0.000541  -0.023569   1.051947
 Mulliken charges:
               1
     1  H   -0.003523
     2  H   -0.005348
     3  H   -0.000221
     4  H   -0.417771
     5  H    0.218414
     6  H    0.208449
     7  H   -0.000221
     8  H   -0.417771
     9  H    0.208449
    10  H    0.218414
    11  H   -0.005348
    12  H   -0.003523
 Sum of Mulliken charges =  -0.00000
 Mulliken charges with hydrogens summed into heavy atoms:
               1
 Electronic spatial extent (au):  <R**2>=            381.8719
 Charge=             -0.0000 electrons
 Dipole moment (field-independent basis, Debye):
    X=              0.0000    Y=              0.0000    Z=             -0.0000  Tot=              0.0000
 Quadrupole moment (field-independent basis, Debye-Ang):
   XX=            -16.3871   YY=            -18.9443   ZZ=            -15.5026
   XY=             -0.6610   XZ=              0.0000   YZ=             -0.0000
 Traceless Quadrupole moment (field-independent basis, Debye-Ang):
   XX=              0.5576   YY=             -1.9996   ZZ=              1.4421
   XY=             -0.6610   XZ=              0.0000   YZ=             -0.0000
 Octapole moment (field-independent basis, Debye-Ang**2):
  XXX=              0.0000  YYY=              0.0000  ZZZ=              0.0000  XYY=              0.0000
  XXY=             -0.0000  XXZ=              0.0000  XZZ=              0.0000  YZZ=              0.0000
  YYZ=             -0.0000  XYZ=              0.0000
 Hexadecapole moment (field-independent basis, Debye-Ang**3):
 XXXX=            -42.0397 YYYY=           -911.3996 ZZZZ=            -18.8288 XXXY=            -34.8573
 XXXZ=             -0.0000 YYYX=            -53.8154 YYYZ=             -0.0000 ZZZX=             -0.0000
 ZZZY=             -0.0000 XXYY=           -133.1778 XXZZ=            -10.1165 YYZZ=           -131.6774
 XXYZ=             -0.0000 YYXZ=             -0.0000 ZZXY=            -11.9833
 N-N= 1.630229073296D+01 E-N=-4.215126740310D+01  KE= 6.367844505503D+00
 Symmetry AG   KE= 2.734364797172D+00
 Symmetry BG   KE= 0.000000000000D+00
 Symmetry AU   KE= 0.000000000000D+00
 Symmetry BU   KE= 3.633479708331D+00

 Test job not archived.
 1\1\GINC-SULU\Stability\RHF\Gen\H12\LCJ1\16-Feb-2017\0\\#rhf/gen scf(t
 ight,novaracc,noincfock,fulldiag) stable(crhf) guess=mix geom=nocrowd 
 test\\hf stability analysis of h12 triangular lattice, y= 2.0268354180
 156947\\0,1\H\H,1,2.0467542786\H,1,2.0467542786,2,16.\H,2,2.0467542786
 ,1,164.,3,0.,0\H,2,2.0467542786,1,180.,3,0.,0\H,4,2.0467542786,3,180.,
 5,0.,0\H,6,2.0467542786,5,180.,3,0.,0\H,4,2.0467542786,2,180.,3,0.,0\H
 ,3,2.0467542786,1,180.,4,0.,0\H,9,2.0467542786,3,180.,4,0.,0\H,8,2.046
 7542786,4,180.,3,0.,0\H,7,2.0467542786,6,180.,3,0.,0\\Version=ES64L-G0
 9RevE.01\State=1-AG\HF=-5.2027619\MP2=-6.074506\RMSD=1.957e-09\Dipole=
 0.,0.,0.\Quadrupole=0.5305177,1.0721348,-1.6026524,0.,-0.0869896,0.\PG
 =C02H [SGH(H12)]\\@


 IF AT FIRST YOU DON'T SUCCEED, TRY, TRY AGAIN.
 THEN GIVE UP;
 THERE'S NO USE BEING A DAMN FOOL ABOUT IT.

                                 -- W. C. FIELDS
 Job cpu time:       0 days  0 hours  0 minutes  1.4 seconds.
 File lengths (MBytes):  RWF=     84 Int=      0 D2E=      0 Chk=      2 Scr=      2
 Normal termination of Gaussian 09 at Thu Feb 16 18:39:31 2017.
