 Entering Gaussian System, Link 0=g09
 AtFile(1): H.gbs
            H     0
            S   10   1.00
               1000.000000000000            0.000068713567
                316.227766000000            0.000169141320
                100.000000000000            0.000823394812
                 31.622776600000            0.003425569236
                 10.000000000000            0.013951996000
                  3.162277660000            0.056909313560
                  1.000000000000            0.198286399900
                  0.316227766000            0.496922426700
                  0.100000000000            0.369846276400
                  0.031622776600            0.003752720039
            ****
 Initial command:
 /projects/guscus/apps/gau/g09-e1/g09/l1.exe "/users/lcj1/gaussian/h12/rhfstability/rect/mix/Gau-26252.inp" -scrdir="/users/lcj1/gaussian/h12/rhfstability/rect/mix/"
 Entering Link 1 = /projects/guscus/apps/gau/g09-e1/g09/l1.exe PID=     26253.
  
 Copyright (c) 1988,1990,1992,1993,1995,1998,2003,2009,2015,
            Gaussian, Inc.  All Rights Reserved.
  
 This is part of the Gaussian(R) 09 program.  It is based on
 the Gaussian(R) 03 system (copyright 2003, Gaussian, Inc.),
 the Gaussian(R) 98 system (copyright 1998, Gaussian, Inc.),
 the Gaussian(R) 94 system (copyright 1995, Gaussian, Inc.),
 the Gaussian 92(TM) system (copyright 1992, Gaussian, Inc.),
 the Gaussian 90(TM) system (copyright 1990, Gaussian, Inc.),
 the Gaussian 88(TM) system (copyright 1988, Gaussian, Inc.),
 the Gaussian 86(TM) system (copyright 1986, Carnegie Mellon
 University), and the Gaussian 82(TM) system (copyright 1983,
 Carnegie Mellon University). Gaussian is a federally registered
 trademark of Gaussian, Inc.
  
 This software contains proprietary and confidential information,
 including trade secrets, belonging to Gaussian, Inc.
  
 This software is provided under written license and may be
 used, copied, transmitted, or stored only in accord with that
 written license.
  
 The following legend is applicable only to US Government
 contracts under FAR:
  
                    RESTRICTED RIGHTS LEGEND
  
 Use, reproduction and disclosure by the US Government is
 subject to restrictions as set forth in subparagraphs (a)
 and (c) of the Commercial Computer Software - Restricted
 Rights clause in FAR 52.227-19.
  
 Gaussian, Inc.
 340 Quinnipiac St., Bldg. 40, Wallingford CT 06492
  
  
 ---------------------------------------------------------------
 Warning -- This program may not be used in any manner that
 competes with the business of Gaussian, Inc. or will provide
 assistance to any competitor of Gaussian, Inc.  The licensee
 of this program is prohibited from giving any competitor of
 Gaussian, Inc. access to this program.  By using this program,
 the user acknowledges that Gaussian, Inc. is engaged in the
 business of creating and licensing software in the field of
 computational chemistry and represents and warrants to the
 licensee that it is not a competitor of Gaussian, Inc. and that
 it will not use this program in any manner prohibited above.
 ---------------------------------------------------------------
  

 Cite this work as:
 Gaussian 09, Revision E.01,
 M. J. Frisch, G. W. Trucks, H. B. Schlegel, G. E. Scuseria, 
 M. A. Robb, J. R. Cheeseman, G. Scalmani, V. Barone, B. Mennucci, 
 G. A. Petersson, H. Nakatsuji, M. Caricato, X. Li, H. P. Hratchian, 
 A. F. Izmaylov, J. Bloino, G. Zheng, J. L. Sonnenberg, M. Hada, 
 M. Ehara, K. Toyota, R. Fukuda, J. Hasegawa, M. Ishida, T. Nakajima, 
 Y. Honda, O. Kitao, H. Nakai, T. Vreven, J. A. Montgomery, Jr., 
 J. E. Peralta, F. Ogliaro, M. Bearpark, J. J. Heyd, E. Brothers, 
 K. N. Kudin, V. N. Staroverov, T. Keith, R. Kobayashi, J. Normand, 
 K. Raghavachari, A. Rendell, J. C. Burant, S. S. Iyengar, J. Tomasi, 
 M. Cossi, N. Rega, J. M. Millam, M. Klene, J. E. Knox, J. B. Cross, 
 V. Bakken, C. Adamo, J. Jaramillo, R. Gomperts, R. E. Stratmann, 
 O. Yazyev, A. J. Austin, R. Cammi, C. Pomelli, J. W. Ochterski, 
 R. L. Martin, K. Morokuma, V. G. Zakrzewski, G. A. Voth, 
 P. Salvador, J. J. Dannenberg, S. Dapprich, A. D. Daniels, 
 O. Farkas, J. B. Foresman, J. V. Ortiz, J. Cioslowski, 
 and D. J. Fox, Gaussian, Inc., Wallingford CT, 2013.
 
 ******************************************
 Gaussian 09:  ES64L-G09RevE.01 30-Nov-2015
                16-Feb-2017 
 ******************************************
 %chk=h12.chk
 ----------------------------------------------------------------------
 #rhf/gen scf(tight,novaracc,noincfock,fulldiag) stable(crhf) guess=mix
  geom=nocrowd test
 ----------------------------------------------------------------------
 1/38=1/1;
 2/12=1,17=6,18=5,40=1/2;
 3/5=7,16=1,25=1,30=1,116=1/1,2,3;
 4/13=-1/1;
 5/5=100002,16=1,32=2,38=1/2;
 8/6=1,10=90,11=11/1,4;
 9/8=4,13=1/2;
 6/7=2,8=2,9=2,10=2,28=1/1;
 99/5=1,9=1/99;
 ----------------------------------------------------------------------
 hf stability analysis of h12 triangular lattice, y= 1.0205721581109972
 ----------------------------------------------------------------------
 Symbolic Z-matrix:
 Charge =  0 Multiplicity = 1
 H
 H                    1     1.16688 
 H                    1     1.16688  2     58. 
 H                    2     1.16688  1     122.     3     0.       0
 H                    2     1.16688  1     180.     3     0.       0
 H                    4     1.16688  3     180.     5     0.       0
 H                    6     1.16688  5     180.     3     0.       0
 H                    4     1.16688  2     180.     3     0.       0
 H                    3     1.16688  1     180.     4     0.       0
 H                    9     1.16688  3     180.     4     0.       0
 H                    8     1.16688  4     180.     3     0.       0
 H                    7     1.16688  6     180.     3     0.       0
 
                          Input orientation:                          
 ---------------------------------------------------------------------
 Center     Atomic      Atomic             Coordinates (Angstroms)
 Number     Number       Type             X           Y           Z
 ---------------------------------------------------------------------
      1          1           0        0.000000    0.000000    0.000000
      2          1           0        0.000000    0.000000    1.166875
      3          1           0        0.989566    0.000000    0.618350
      4          1           0        0.989566    0.000000    1.785225
      5          1           0        0.000000    0.000000    2.333751
      6          1           0        0.989566    0.000000    2.952100
      7          1           0        1.979133    0.000000    3.570450
      8          1           0        1.979133    0.000000    2.403575
      9          1           0        1.979133    0.000000    1.236699
     10          1           0        2.968699    0.000000    1.855049
     11          1           0        2.968699    0.000000    3.021924
     12          1           0        2.968699    0.000000    4.188800
 ---------------------------------------------------------------------
                    Distance matrix (angstroms):
                    1          2          3          4          5
     1  H    0.000000
     2  H    1.166875   0.000000
     3  H    1.166875   1.131425   0.000000
     4  H    2.041144   1.166875   1.166875   0.000000
     5  H    2.333751   1.166875   1.980364   1.131425   0.000000
     6  H    3.113541   2.041144   2.333751   1.166875   1.166875
     7  H    4.082289   3.113541   3.113541   2.041144   2.333751
     8  H    3.113541   2.333751   2.041144   1.166875   1.980364
     9  H    2.333751   1.980364   1.166875   1.131425   2.262850
    10  H    3.500626   3.047418   2.333751   1.980364   3.007047
    11  H    4.236178   3.500626   3.113541   2.333751   3.047418
    12  H    5.134123   4.236178   4.082289   3.113541   3.500626
                    6          7          8          9         10
     6  H    0.000000
     7  H    1.166875   0.000000
     8  H    1.131425   1.166875   0.000000
     9  H    1.980364   2.333751   1.166875   0.000000
    10  H    2.262850   1.980364   1.131425   1.166875   0.000000
    11  H    1.980364   1.131425   1.166875   2.041144   1.166875
    12  H    2.333751   1.166875   2.041144   3.113541   2.333751
                   11         12
    11  H    0.000000
    12  H    1.166875   0.000000
 Stoichiometry    H12
 Framework group  C2H[SGH(H12)]
 Deg. of freedom    11
 Full point group                 C2H     NOp   4
 Largest Abelian subgroup         C2H     NOp   4
 Largest concise Abelian subgroup C2      NOp   2
                         Standard orientation:                         
 ---------------------------------------------------------------------
 Center     Atomic      Atomic             Coordinates (Angstroms)
 Number     Number       Type             X           Y           Z
 ---------------------------------------------------------------------
      1          1           0        0.989566    2.368663   -0.000000
      2          1           0        0.000000    1.750313   -0.000000
      3          1           0        0.989566    1.201787   -0.000000
      4          1           0        0.000000    0.583438   -0.000000
      5          1           0       -0.989566    1.131963   -0.000000
      6          1           0       -0.989566   -0.034912    0.000000
      7          1           0       -0.989566   -1.201787    0.000000
      8          1           0       -0.000000   -0.583438    0.000000
      9          1           0        0.989566    0.034912    0.000000
     10          1           0        0.989566   -1.131963    0.000000
     11          1           0       -0.000000   -1.750313    0.000000
     12          1           0       -0.989566   -2.368663    0.000000
 ---------------------------------------------------------------------
 Rotational constants (GHZ):     78.0011331     20.1485213     16.0123589
 General basis read from cards:  (5D, 7F)
 There are     6 symmetry adapted cartesian basis functions of AG  symmetry.
 There are     0 symmetry adapted cartesian basis functions of BG  symmetry.
 There are     0 symmetry adapted cartesian basis functions of AU  symmetry.
 There are     6 symmetry adapted cartesian basis functions of BU  symmetry.
 There are     6 symmetry adapted basis functions of AG  symmetry.
 There are     0 symmetry adapted basis functions of BG  symmetry.
 There are     0 symmetry adapted basis functions of AU  symmetry.
 There are     6 symmetry adapted basis functions of BU  symmetry.
    12 basis functions,   120 primitive gaussians,    12 cartesian basis functions
     6 alpha electrons        6 beta electrons
       nuclear repulsion energy        19.4556187282 Hartrees.
 NAtoms=   12 NActive=   12 NUniq=    6 SFac= 4.00D+00 NAtFMM=   60 NAOKFM=F Big=F
 Integral buffers will be    131072 words long.
 Regular integral format.
 Two-electron integral symmetry is turned on.
 One-electron integrals computed using PRISM.
 NBasis=    12 RedAO= T EigKep=  1.83D-01  NBF=     6     0     0     6
 NBsUse=    12 1.00D-06 EigRej= -1.00D+00 NBFU=     6     0     0     6
 ExpMin= 3.16D-02 ExpMax= 1.00D+03 ExpMxC= 1.00D+01 IAcc=3 IRadAn=         5 AccDes= 0.00D+00
 Harris functional with IExCor=  205 and IRadAn=       5 diagonalized for initial guess.
 HarFok:  IExCor=  205 AccDes= 0.00D+00 IRadAn=         5 IDoV= 1 UseB2=F ITyADJ=14
 ICtDFT=  3500011 ScaDFX=  1.000000  1.000000  1.000000  1.000000
 FoFCou: FMM=F IPFlag=           0 FMFlag=      100000 FMFlg1=           0
         NFxFlg=           0 DoJE=T BraDBF=F KetDBF=T FulRan=T
         wScrn=  0.000000 ICntrl=     500 IOpCl=  0 I1Cent=   200000004 NGrid=           0
         NMat0=    1 NMatS0=      1 NMatT0=    0 NMatD0=    1 NMtDS0=    0 NMtDT0=    0
 Petite list used in FoFCou.
 Mixing orbitals, IMix= 1 IMixAn=  0 NRI=1 NE=    6 Coef=  7.07106781D-01  7.07106781D-01
 Initial guess orbital symmetries:
       Occupied  (AG) (BU) (BU) (AG) (AG) (?A)
       Virtual   (?A) (AG) (BU) (BU) (BU) (AG)
 Keep R1 ints in memory in symmetry-blocked form, NReq=903448.
 Requested convergence on RMS density matrix=1.00D-08 within 128 cycles.
 Requested convergence on MAX density matrix=1.00D-06.
 Requested convergence on             energy=1.00D-06.
 No special actions if energy rises.
 An orbital has undefined symmetry, so N**3 symmetry is turned off.
 Density matrix breaks symmetry, PCut= 1.00D-04
 Density matrix has no symmetry -- integrals replicated.
 Density matrix breaks symmetry, PCut= 1.00D-07
 Density matrix has no symmetry -- integrals replicated.
 Density matrix breaks symmetry, PCut= 1.00D-07
 Density matrix has no symmetry -- integrals replicated.
 Density matrix breaks symmetry, PCut= 1.00D-07
 Density matrix has no symmetry -- integrals replicated.
 Density matrix breaks symmetry, PCut= 1.00D-07
 Density matrix has no symmetry -- integrals replicated.
 Density matrix breaks symmetry, PCut= 1.00D-07
 Density matrix has no symmetry -- integrals replicated.
 Density matrix breaks symmetry, PCut= 1.00D-07
 Density matrix has no symmetry -- integrals replicated.
 Density matrix breaks symmetry, PCut= 1.00D-07
 Density matrix has no symmetry -- integrals replicated.
 Density matrix breaks symmetry, PCut= 1.00D-07
 Density matrix has no symmetry -- integrals replicated.
 Density matrix breaks symmetry, PCut= 1.00D-07
 Density matrix has no symmetry -- integrals replicated.
 Density matrix breaks symmetry, PCut= 1.00D-07
 Density matrix has no symmetry -- integrals replicated.
 Density matrix breaks symmetry, PCut= 1.00D-07
 Density matrix has no symmetry -- integrals replicated.
 Density matrix breaks symmetry, PCut= 1.00D-07
 Density matrix has no symmetry -- integrals replicated.
 SCF Done:  E(RHF) =  -5.93949096914     A.U. after   15 cycles
            NFock= 15  Conv=0.38D-08     -V/T= 1.9632
 Range of M.O.s used for correlation:     1    12
 NBasis=    12 NAE=     6 NBE=     6 NFC=     0 NFV=     0
 NROrb=     12 NOA=     6 NOB=     6 NVA=     6 NVB=     6
 Semi-Direct transformation.
 ModeAB=           2 MOrb=             6 LenV=     134084911
 LASXX=         2181 LTotXX=        2181 LenRXX=        2181
 LTotAB=        2934 MaxLAS=        5616 LenRXY=        5616
 NonZer=        5616 LenScr=      655360 LnRSAI=           0
 LnScr1=           0 LExtra=           0 Total=       663157
 MaxDsk=          -1 SrtSym=           F ITran=            3
 JobTyp=0 Pass  1:  I=   1 to   6.
 (rs|ai) integrals will be sorted in core.
 SymMOI:  orbitals are not symmetric.
 Spin components of T(2) and E(2):
     alpha-alpha T2 =       0.4551745096D-02 E2=     -0.6918957764D-02
     alpha-beta  T2 =       0.6264710878D-01 E2=     -0.9860866955D-01
     beta-beta   T2 =       0.4551745096D-02 E2=     -0.6918957764D-02
 ANorm=    0.1035253881D+01
 E2 =    -0.1124465851D+00 EUMP2 =    -0.60519375542201D+01
 Second order stability test of a single determinant RHF wave function:
 Stabil:  MDV=134217728
 ***********************************************************************
 Matrix         Lowest Root    Major Pairs
 ***********************************************************************
 Internal RHF     0.2118426    Stable
 RRHF --> CRHF    0.1710096    Stable
 RRHF --> RUHF    0.062066     Stable
 Stable under the perturbations considered.
 ***********************************************************************

 **********************************************************************

            Population analysis using the SCF density.

 **********************************************************************

 Orbital symmetries:
       Occupied  (AG) (BU) (BU) (AG) (AG) (BU)
       Virtual   (AG) (BU) (AG) (BU) (BU) (AG)
 The electronic state is 1-AG.
 Alpha  occ. eigenvalues --   -0.96534  -0.79005  -0.61510  -0.56451  -0.37997
 Alpha  occ. eigenvalues --   -0.31792
 Alpha virt. eigenvalues --    0.11724   0.21513   0.21619   0.37854   0.50223
 Alpha virt. eigenvalues --    0.56737
          Condensed to atoms (all electrons):
               1          2          3          4          5          6
     1  H    1.010114   0.209454   0.145125  -0.151735  -0.059385   0.013423
     2  H    0.209454   0.701470  -0.023765  -0.078610   0.252421  -0.034317
     3  H    0.145125  -0.023765   0.753289   0.074850  -0.125034  -0.021534
     4  H   -0.151735  -0.078610   0.074850   1.028222   0.200393  -0.056694
     5  H   -0.059385   0.252421  -0.125034   0.200393   1.042800  -0.089025
     6  H    0.013423  -0.034317  -0.021534  -0.056694  -0.089025   0.910080
     7  H    0.002748  -0.008657   0.013376  -0.034052  -0.062975   0.218902
     8  H    0.020871  -0.026225  -0.034052  -0.203030  -0.084197   0.321476
     9  H   -0.070706  -0.103168   0.218902   0.321476  -0.054516  -0.078902
    10  H    0.004212   0.018215  -0.062975  -0.084197   0.019704  -0.054516
    11  H   -0.000236   0.009242  -0.008657  -0.026225   0.018215  -0.103168
    12  H   -0.000880  -0.000236   0.002748   0.020871   0.004212  -0.070706
               7          8          9         10         11         12
     1  H    0.002748   0.020871  -0.070706   0.004212  -0.000236  -0.000880
     2  H   -0.008657  -0.026225  -0.103168   0.018215   0.009242  -0.000236
     3  H    0.013376  -0.034052   0.218902  -0.062975  -0.008657   0.002748
     4  H   -0.034052  -0.203030   0.321476  -0.084197  -0.026225   0.020871
     5  H   -0.062975  -0.084197  -0.054516   0.019704   0.018215   0.004212
     6  H    0.218902   0.321476  -0.078902  -0.054516  -0.103168  -0.070706
     7  H    0.753289   0.074850  -0.021534  -0.125034  -0.023765   0.145125
     8  H    0.074850   1.028222  -0.056694   0.200393  -0.078610  -0.151735
     9  H   -0.021534  -0.056694   0.910080  -0.089025  -0.034317   0.013423
    10  H   -0.125034   0.200393  -0.089025   1.042800   0.252421  -0.059385
    11  H   -0.023765  -0.078610  -0.034317   0.252421   0.701470   0.209454
    12  H    0.145125  -0.151735   0.013423  -0.059385   0.209454   1.010114
 Mulliken charges:
               1
     1  H   -0.123003
     2  H    0.084178
     3  H    0.067728
     4  H   -0.011270
     5  H   -0.062614
     6  H    0.044981
     7  H    0.067728
     8  H   -0.011270
     9  H    0.044981
    10  H   -0.062614
    11  H    0.084178
    12  H   -0.123003
 Sum of Mulliken charges =   0.00000
 Mulliken charges with hydrogens summed into heavy atoms:
               1
 Electronic spatial extent (au):  <R**2>=            154.5571
 Charge=              0.0000 electrons
 Dipole moment (field-independent basis, Debye):
    X=             -0.0000    Y=              0.0000    Z=              0.0000  Tot=              0.0000
 Quadrupole moment (field-independent basis, Debye-Ang):
   XX=            -17.8063   YY=            -24.3106   ZZ=            -15.3469
   XY=             -1.6865   XZ=              0.0000   YZ=              0.0000
 Traceless Quadrupole moment (field-independent basis, Debye-Ang):
   XX=              1.3483   YY=             -5.1560   ZZ=              3.8077
   XY=             -1.6865   XZ=              0.0000   YZ=              0.0000
 Octapole moment (field-independent basis, Debye-Ang**2):
  XXX=             -0.0000  YYY=              0.0000  ZZZ=              0.0000  XYY=             -0.0000
  XXY=              0.0000  XXZ=              0.0000  XZZ=              0.0000  YZZ=             -0.0000
  YYZ=              0.0000  XYZ=              0.0000
 Hexadecapole moment (field-independent basis, Debye-Ang**3):
 XXXX=            -86.7457 YYYY=           -276.6575 ZZZZ=            -18.2707 XXXY=            -24.0252
 XXXZ=              0.0000 YYYX=            -36.0535 YYYZ=              0.0000 ZZZX=              0.0000
 ZZZY=              0.0000 XXYY=            -61.6300 XXZZ=            -17.2961 YYZZ=            -40.2102
 XXYZ=              0.0000 YYXZ=              0.0000 ZZXY=             -7.0652
 N-N= 1.945561872824D+01 E-N=-4.969090216208D+01  KE= 6.166462250946D+00
 Symmetry AG   KE= 2.946964579957D+00
 Symmetry BG   KE= 0.000000000000D+00
 Symmetry AU   KE= 0.000000000000D+00
 Symmetry BU   KE= 3.219497670989D+00

 Test job not archived.
 1\1\GINC-SULU\Stability\RHF\Gen\H12\LCJ1\16-Feb-2017\0\\#rhf/gen scf(t
 ight,novaracc,noincfock,fulldiag) stable(crhf) guess=mix geom=nocrowd 
 test\\hf stability analysis of h12 triangular lattice, y= 1.0205721581
 109972\\0,1\H\H,1,1.1668753094\H,1,1.1668753094,2,58.\H,2,1.1668753094
 ,1,122.,3,0.,0\H,2,1.1668753094,1,180.,3,0.,0\H,4,1.1668753094,3,180.,
 5,0.,0\H,6,1.1668753094,5,180.,3,0.,0\H,4,1.1668753094,2,180.,3,0.,0\H
 ,3,1.1668753094,1,180.,4,0.,0\H,9,1.1668753094,3,180.,4,0.,0\H,8,1.166
 8753094,4,180.,3,0.,0\H,7,1.1668753094,6,180.,3,0.,0\\Version=ES64L-G0
 9RevE.01\State=1-AG\HF=-5.939491\MP2=-6.0519376\RMSD=3.774e-09\Dipole=
 0.,0.,0.\Quadrupole=-1.348462,2.8309333,-1.4824713,0.,-2.722836,0.\PG=
 C02H [SGH(H12)]\\@


 FROM AN ANONYMOUS WRITER, ON PERSPECTIVE:

 MAN, DESPITE HIS ARTISTIC PRETENSIONS, HIS SOPHISTICATION AND MANY 
 ACCOMPLISHMENTS, OWES THE FACT OF HIS EXISTENCE TO A SIX-INCH LAYER OF 
 TOPSOIL AND THE FACT THAT IT RAINS.
 Job cpu time:       0 days  0 hours  0 minutes  1.5 seconds.
 File lengths (MBytes):  RWF=     84 Int=      0 D2E=      0 Chk=      2 Scr=      2
 Normal termination of Gaussian 09 at Thu Feb 16 18:35:15 2017.
