 Entering Gaussian System, Link 0=g09
 AtFile(1): H.gbs
            H     0
            S   10   1.00
               1000.000000000000            0.000068713567
                316.227766000000            0.000169141320
                100.000000000000            0.000823394812
                 31.622776600000            0.003425569236
                 10.000000000000            0.013951996000
                  3.162277660000            0.056909313560
                  1.000000000000            0.198286399900
                  0.316227766000            0.496922426700
                  0.100000000000            0.369846276400
                  0.031622776600            0.003752720039
            ****
 Initial command:
 /projects/guscus/apps/gau/g09-e1/g09/l1.exe "/users/lcj1/gaussian/h12/rhfstability/rect/mix/Gau-23614.inp" -scrdir="/users/lcj1/gaussian/h12/rhfstability/rect/mix/"
 Entering Link 1 = /projects/guscus/apps/gau/g09-e1/g09/l1.exe PID=     23615.
  
 Copyright (c) 1988,1990,1992,1993,1995,1998,2003,2009,2015,
            Gaussian, Inc.  All Rights Reserved.
  
 This is part of the Gaussian(R) 09 program.  It is based on
 the Gaussian(R) 03 system (copyright 2003, Gaussian, Inc.),
 the Gaussian(R) 98 system (copyright 1998, Gaussian, Inc.),
 the Gaussian(R) 94 system (copyright 1995, Gaussian, Inc.),
 the Gaussian 92(TM) system (copyright 1992, Gaussian, Inc.),
 the Gaussian 90(TM) system (copyright 1990, Gaussian, Inc.),
 the Gaussian 88(TM) system (copyright 1988, Gaussian, Inc.),
 the Gaussian 86(TM) system (copyright 1986, Carnegie Mellon
 University), and the Gaussian 82(TM) system (copyright 1983,
 Carnegie Mellon University). Gaussian is a federally registered
 trademark of Gaussian, Inc.
  
 This software contains proprietary and confidential information,
 including trade secrets, belonging to Gaussian, Inc.
  
 This software is provided under written license and may be
 used, copied, transmitted, or stored only in accord with that
 written license.
  
 The following legend is applicable only to US Government
 contracts under FAR:
  
                    RESTRICTED RIGHTS LEGEND
  
 Use, reproduction and disclosure by the US Government is
 subject to restrictions as set forth in subparagraphs (a)
 and (c) of the Commercial Computer Software - Restricted
 Rights clause in FAR 52.227-19.
  
 Gaussian, Inc.
 340 Quinnipiac St., Bldg. 40, Wallingford CT 06492
  
  
 ---------------------------------------------------------------
 Warning -- This program may not be used in any manner that
 competes with the business of Gaussian, Inc. or will provide
 assistance to any competitor of Gaussian, Inc.  The licensee
 of this program is prohibited from giving any competitor of
 Gaussian, Inc. access to this program.  By using this program,
 the user acknowledges that Gaussian, Inc. is engaged in the
 business of creating and licensing software in the field of
 computational chemistry and represents and warrants to the
 licensee that it is not a competitor of Gaussian, Inc. and that
 it will not use this program in any manner prohibited above.
 ---------------------------------------------------------------
  

 Cite this work as:
 Gaussian 09, Revision E.01,
 M. J. Frisch, G. W. Trucks, H. B. Schlegel, G. E. Scuseria, 
 M. A. Robb, J. R. Cheeseman, G. Scalmani, V. Barone, B. Mennucci, 
 G. A. Petersson, H. Nakatsuji, M. Caricato, X. Li, H. P. Hratchian, 
 A. F. Izmaylov, J. Bloino, G. Zheng, J. L. Sonnenberg, M. Hada, 
 M. Ehara, K. Toyota, R. Fukuda, J. Hasegawa, M. Ishida, T. Nakajima, 
 Y. Honda, O. Kitao, H. Nakai, T. Vreven, J. A. Montgomery, Jr., 
 J. E. Peralta, F. Ogliaro, M. Bearpark, J. J. Heyd, E. Brothers, 
 K. N. Kudin, V. N. Staroverov, T. Keith, R. Kobayashi, J. Normand, 
 K. Raghavachari, A. Rendell, J. C. Burant, S. S. Iyengar, J. Tomasi, 
 M. Cossi, N. Rega, J. M. Millam, M. Klene, J. E. Knox, J. B. Cross, 
 V. Bakken, C. Adamo, J. Jaramillo, R. Gomperts, R. E. Stratmann, 
 O. Yazyev, A. J. Austin, R. Cammi, C. Pomelli, J. W. Ochterski, 
 R. L. Martin, K. Morokuma, V. G. Zakrzewski, G. A. Voth, 
 P. Salvador, J. J. Dannenberg, S. Dapprich, A. D. Daniels, 
 O. Farkas, J. B. Foresman, J. V. Ortiz, J. Cioslowski, 
 and D. J. Fox, Gaussian, Inc., Wallingford CT, 2013.
 
 ******************************************
 Gaussian 09:  ES64L-G09RevE.01 30-Nov-2015
                16-Feb-2017 
 ******************************************
 %chk=h12.chk
 ----------------------------------------------------------------------
 #rhf/gen scf(tight,novaracc,noincfock,fulldiag) stable(crhf) guess=mix
  geom=nocrowd test
 ----------------------------------------------------------------------
 1/38=1/1;
 2/12=1,17=6,18=5,40=1/2;
 3/5=7,16=1,25=1,30=1,116=1/1,2,3;
 4/13=-1/1;
 5/5=100002,16=1,32=2,38=1/2;
 8/6=1,10=90,11=11/1,4;
 9/8=4,13=1/2;
 6/7=2,8=2,9=2,10=2,28=1/1;
 99/5=1,9=1/99;
 ----------------------------------------------------------------------
 hf stability analysis of h12 triangular lattice, y= 0.7598357022583297
 5
 ----------------------------------------------------------------------
 Symbolic Z-matrix:
 Charge =  0 Multiplicity = 1
 H
 H                    1     1.07457 
 H                    1     1.07457  2     90. 
 H                    2     1.07457  1     90.      3     0.       0
 H                    2     1.07457  1     180.     3     0.       0
 H                    4     1.07457  3     180.     5     0.       0
 H                    6     1.07457  5     180.     3     0.       0
 H                    4     1.07457  2     180.     3     0.       0
 H                    3     1.07457  1     180.     4     0.       0
 H                    9     1.07457  3     180.     4     0.       0
 H                    8     1.07457  4     180.     3     0.       0
 H                    7     1.07457  6     180.     3     0.       0
 
                          Input orientation:                          
 ---------------------------------------------------------------------
 Center     Atomic      Atomic             Coordinates (Angstroms)
 Number     Number       Type             X           Y           Z
 ---------------------------------------------------------------------
      1          1           0        0.000000    0.000000    0.000000
      2          1           0        0.000000    0.000000    1.074570
      3          1           0        1.074570    0.000000    0.000000
      4          1           0        1.074570    0.000000    1.074570
      5          1           0        0.000000    0.000000    2.149140
      6          1           0        1.074570    0.000000    2.149140
      7          1           0        2.149140    0.000000    2.149140
      8          1           0        2.149140    0.000000    1.074570
      9          1           0        2.149140    0.000000    0.000000
     10          1           0        3.223710    0.000000    0.000000
     11          1           0        3.223710    0.000000    1.074570
     12          1           0        3.223710    0.000000    2.149140
 ---------------------------------------------------------------------
                    Distance matrix (angstroms):
                    1          2          3          4          5
     1  H    0.000000
     2  H    1.074570   0.000000
     3  H    1.074570   1.519671   0.000000
     4  H    1.519671   1.074570   1.074570   0.000000
     5  H    2.149140   1.074570   2.402811   1.519671   0.000000
     6  H    2.402811   1.519671   2.149140   1.074570   1.074570
     7  H    3.039343   2.402811   2.402811   1.519671   2.149140
     8  H    2.402811   2.149140   1.519671   1.074570   2.402811
     9  H    2.149140   2.402811   1.074570   1.519671   3.039343
    10  H    3.223710   3.398088   2.149140   2.402811   3.874417
    11  H    3.398088   3.223710   2.402811   2.149140   3.398088
    12  H    3.874417   3.398088   3.039343   2.402811   3.223710
                    6          7          8          9         10
     6  H    0.000000
     7  H    1.074570   0.000000
     8  H    1.519671   1.074570   0.000000
     9  H    2.402811   2.149140   1.074570   0.000000
    10  H    3.039343   2.402811   1.519671   1.074570   0.000000
    11  H    2.402811   1.519671   1.074570   1.519671   1.074570
    12  H    2.149140   1.074570   1.519671   2.402811   2.149140
                   11         12
    11  H    0.000000
    12  H    1.074570   0.000000
 Stoichiometry    H12
 Framework group  D2H[C2"(HH.HH),SG(H8)]
 Deg. of freedom     6
 Full point group                 D2H     NOp   8
 Largest Abelian subgroup         D2H     NOp   8
 Largest concise Abelian subgroup D2      NOp   4
                         Standard orientation:                         
 ---------------------------------------------------------------------
 Center     Atomic      Atomic             Coordinates (Angstroms)
 Number     Number       Type             X           Y           Z
 ---------------------------------------------------------------------
      1          1           0        0.000000    1.074570    1.611855
      2          1           0        0.000000    0.000000    1.611855
      3          1           0        0.000000    1.074570    0.537285
      4          1           0        0.000000    0.000000    0.537285
      5          1           0       -0.000000   -1.074570    1.611855
      6          1           0       -0.000000   -1.074570    0.537285
      7          1           0       -0.000000   -1.074570   -0.537285
      8          1           0        0.000000    0.000000   -0.537285
      9          1           0        0.000000    1.074570   -0.537285
     10          1           0        0.000000    1.074570   -1.611855
     11          1           0        0.000000    0.000000   -1.611855
     12          1           0       -0.000000   -1.074570   -1.611855
 ---------------------------------------------------------------------
 Rotational constants (GHZ):     54.2841070     28.9515237     18.8814285
 General basis read from cards:  (5D, 7F)
 There are     4 symmetry adapted cartesian basis functions of AG  symmetry.
 There are     0 symmetry adapted cartesian basis functions of B1G symmetry.
 There are     0 symmetry adapted cartesian basis functions of B2G symmetry.
 There are     2 symmetry adapted cartesian basis functions of B3G symmetry.
 There are     0 symmetry adapted cartesian basis functions of AU  symmetry.
 There are     4 symmetry adapted cartesian basis functions of B1U symmetry.
 There are     2 symmetry adapted cartesian basis functions of B2U symmetry.
 There are     0 symmetry adapted cartesian basis functions of B3U symmetry.
 There are     4 symmetry adapted basis functions of AG  symmetry.
 There are     0 symmetry adapted basis functions of B1G symmetry.
 There are     0 symmetry adapted basis functions of B2G symmetry.
 There are     2 symmetry adapted basis functions of B3G symmetry.
 There are     0 symmetry adapted basis functions of AU  symmetry.
 There are     4 symmetry adapted basis functions of B1U symmetry.
 There are     2 symmetry adapted basis functions of B2U symmetry.
 There are     0 symmetry adapted basis functions of B3U symmetry.
    12 basis functions,   120 primitive gaussians,    12 cartesian basis functions
     6 alpha electrons        6 beta electrons
       nuclear repulsion energy        20.1808485882 Hartrees.
 NAtoms=   12 NActive=   12 NUniq=    4 SFac= 4.00D+00 NAtFMM=   60 NAOKFM=F Big=F
 Integral buffers will be    131072 words long.
 Regular integral format.
 Two-electron integral symmetry is turned on.
 One-electron integrals computed using PRISM.
 NBasis=    12 RedAO= T EigKep=  9.78D-02  NBF=     4     0     0     2     0     4     2     0
 NBsUse=    12 1.00D-06 EigRej= -1.00D+00 NBFU=     4     0     0     2     0     4     2     0
 ExpMin= 3.16D-02 ExpMax= 1.00D+03 ExpMxC= 1.00D+01 IAcc=3 IRadAn=         5 AccDes= 0.00D+00
 Harris functional with IExCor=  205 and IRadAn=       5 diagonalized for initial guess.
 HarFok:  IExCor=  205 AccDes= 0.00D+00 IRadAn=         5 IDoV= 1 UseB2=F ITyADJ=14
 ICtDFT=  3500011 ScaDFX=  1.000000  1.000000  1.000000  1.000000
 FoFCou: FMM=F IPFlag=           0 FMFlag=      100000 FMFlg1=           0
         NFxFlg=           0 DoJE=T BraDBF=F KetDBF=T FulRan=T
         wScrn=  0.000000 ICntrl=     500 IOpCl=  0 I1Cent=   200000004 NGrid=           0
         NMat0=    1 NMatS0=      1 NMatT0=    0 NMatD0=    1 NMtDS0=    0 NMtDT0=    0
 Petite list used in FoFCou.
 Mixing orbitals, IMix= 1 IMixAn=  0 NRI=1 NE=    6 Coef=  7.07106781D-01  7.07106781D-01
 Initial guess orbital symmetries:
       Occupied  (AG) (B1U) (B2U) (AG) (B3G) (?A)
       Virtual   (?A) (B1U) (B1U) (B3G) (AG) (B1U)
 Keep R1 ints in memory in symmetry-blocked form, NReq=903902.
 Requested convergence on RMS density matrix=1.00D-08 within 128 cycles.
 Requested convergence on MAX density matrix=1.00D-06.
 Requested convergence on             energy=1.00D-06.
 No special actions if energy rises.
 An orbital has undefined symmetry, so N**3 symmetry is turned off.
 Density matrix breaks symmetry, PCut= 1.00D-04
 Density matrix has no symmetry -- integrals replicated.
 Density matrix breaks symmetry, PCut= 1.00D-07
 Density matrix has no symmetry -- integrals replicated.
 Density matrix breaks symmetry, PCut= 1.00D-07
 Density matrix has no symmetry -- integrals replicated.
 Density matrix breaks symmetry, PCut= 1.00D-07
 Density matrix has no symmetry -- integrals replicated.
 Density matrix breaks symmetry, PCut= 1.00D-07
 Density matrix has no symmetry -- integrals replicated.
 Density matrix breaks symmetry, PCut= 1.00D-07
 Density matrix has no symmetry -- integrals replicated.
 Density matrix breaks symmetry, PCut= 1.00D-07
 Density matrix has no symmetry -- integrals replicated.
 Density matrix breaks symmetry, PCut= 1.00D-07
 Density matrix has no symmetry -- integrals replicated.
 Density matrix breaks symmetry, PCut= 1.00D-07
 Density matrix has no symmetry -- integrals replicated.
 Density matrix breaks symmetry, PCut= 1.00D-07
 Density matrix has no symmetry -- integrals replicated.
 Density matrix breaks symmetry, PCut= 1.00D-07
 Density matrix has no symmetry -- integrals replicated.
 Density matrix breaks symmetry, PCut= 1.00D-07
 Density matrix has no symmetry -- integrals replicated.
 SCF Done:  E(RHF) =  -5.85803581899     A.U. after   13 cycles
            NFock= 13  Conv=0.45D-08     -V/T= 1.9145
 Range of M.O.s used for correlation:     1    12
 NBasis=    12 NAE=     6 NBE=     6 NFC=     0 NFV=     0
 NROrb=     12 NOA=     6 NOB=     6 NVA=     6 NVB=     6
 Semi-Direct transformation.
 ModeAB=           2 MOrb=             6 LenV=     134084515
 LASXX=         2181 LTotXX=        2181 LenRXX=        2181
 LTotAB=        2934 MaxLAS=        5616 LenRXY=        5616
 NonZer=        5616 LenScr=      655360 LnRSAI=           0
 LnScr1=           0 LExtra=           0 Total=       663157
 MaxDsk=          -1 SrtSym=           F ITran=            3
 JobTyp=0 Pass  1:  I=   1 to   6.
 (rs|ai) integrals will be sorted in core.
 SymMOI:  orbitals are not symmetric.
 Spin components of T(2) and E(2):
     alpha-alpha T2 =       0.1110416118D-01 E2=     -0.1373499715D-01
     alpha-beta  T2 =       0.7885646837D-01 E2=     -0.1103919426D+00
     beta-beta   T2 =       0.1110416118D-01 E2=     -0.1373499715D-01
 ANorm=    0.1049316344D+01
 E2 =    -0.1378619368D+00 EUMP2 =    -0.59958977558332D+01
 Second order stability test of a single determinant RHF wave function:
 Stabil:  MDV=134217728
 ***********************************************************************
 Matrix         Lowest Root    Major Pairs
 ***********************************************************************
 Internal RHF     0.0849183    Stable
 RRHF --> CRHF    0.0616241    Stable

 RRHF --> RUHF   -0.0689838    6A=8B 5A=7B 4A=9B 3A=10B 4A=8B 2A=11B 1A=12B 1A=8B
 Not stable.
 ***********************************************************************

 **********************************************************************

            Population analysis using the SCF density.

 **********************************************************************

 Orbital symmetries:
       Occupied  (AG) (B1U) (B2U) (AG) (B3G) (AG)
       Virtual   (B2U) (B1U) (B1U) (B3G) (AG) (B1U)
 The electronic state is 1-AG.
 Alpha  occ. eigenvalues --   -0.93787  -0.75462  -0.66534  -0.46023  -0.45140
 Alpha  occ. eigenvalues --   -0.27110
 Alpha virt. eigenvalues --    0.06360   0.18242   0.18741   0.53295   0.56209
 Alpha virt. eigenvalues --    1.00868
          Condensed to atoms (all electrons):
               1          2          3          4          5          6
     1  H    0.722704   0.148507   0.310027  -0.137023  -0.019844  -0.030554
     2  H    0.148507   0.963251  -0.141139   0.185902   0.148507  -0.141139
     3  H    0.310027  -0.141139   0.958236  -0.218835  -0.030554   0.023167
     4  H   -0.137023   0.185902  -0.218835   1.372227  -0.137023  -0.218835
     5  H   -0.019844   0.148507  -0.030554  -0.137023   0.722704   0.310027
     6  H   -0.030554  -0.141139   0.023167  -0.218835   0.310027   0.958236
     7  H    0.010907  -0.071407   0.058540  -0.180630  -0.009671   0.303254
     8  H   -0.067658   0.009964  -0.180630   0.693306  -0.067658  -0.180630
     9  H   -0.009671  -0.071407   0.303254  -0.180630   0.010907   0.058540
    10  H   -0.003322   0.001313  -0.009671  -0.067658   0.007339   0.010907
    11  H    0.001313   0.023989  -0.071407   0.009964   0.001313  -0.071407
    12  H    0.007339   0.001313   0.010907  -0.067658  -0.003322  -0.009671
               7          8          9         10         11         12
     1  H    0.010907  -0.067658  -0.009671  -0.003322   0.001313   0.007339
     2  H   -0.071407   0.009964  -0.071407   0.001313   0.023989   0.001313
     3  H    0.058540  -0.180630   0.303254  -0.009671  -0.071407   0.010907
     4  H   -0.180630   0.693306  -0.180630  -0.067658   0.009964  -0.067658
     5  H   -0.009671  -0.067658   0.010907   0.007339   0.001313  -0.003322
     6  H    0.303254  -0.180630   0.058540   0.010907  -0.071407  -0.009671
     7  H    0.958236  -0.218835   0.023167  -0.030554  -0.141139   0.310027
     8  H   -0.218835   1.372227  -0.218835  -0.137023   0.185902  -0.137023
     9  H    0.023167  -0.218835   0.958236   0.310027  -0.141139  -0.030554
    10  H   -0.030554  -0.137023   0.310027   0.722704   0.148507  -0.019844
    11  H   -0.141139   0.185902  -0.141139   0.148507   0.963251   0.148507
    12  H    0.310027  -0.137023  -0.030554  -0.019844   0.148507   0.722704
 Mulliken charges:
               1
     1  H    0.067274
     2  H   -0.057653
     3  H   -0.011894
     4  H   -0.053107
     5  H    0.067274
     6  H   -0.011894
     7  H   -0.011894
     8  H   -0.053107
     9  H   -0.011894
    10  H    0.067274
    11  H   -0.057653
    12  H    0.067274
 Sum of Mulliken charges =   0.00000
 Mulliken charges with hydrogens summed into heavy atoms:
               1
 Electronic spatial extent (au):  <R**2>=            131.7356
 Charge=              0.0000 electrons
 Dipole moment (field-independent basis, Debye):
    X=             -0.0000    Y=              0.0000    Z=             -0.0000  Tot=              0.0000
 Quadrupole moment (field-independent basis, Debye-Ang):
   XX=            -15.1971   YY=            -19.3439   ZZ=            -15.0838
   XY=             -0.0000   XZ=              0.0000   YZ=              0.0000
 Traceless Quadrupole moment (field-independent basis, Debye-Ang):
   XX=              1.3445   YY=             -2.8023   ZZ=              1.4578
   XY=             -0.0000   XZ=              0.0000   YZ=              0.0000
 Octapole moment (field-independent basis, Debye-Ang**2):
  XXX=             -0.0000  YYY=             -0.0000  ZZZ=             -0.0000  XYY=              0.0000
  XXY=             -0.0000  XXZ=             -0.0000  XZZ=             -0.0000  YZZ=             -0.0000
  YYZ=             -0.0000  XYZ=             -0.0000
 Hexadecapole moment (field-independent basis, Debye-Ang**3):
 XXXX=            -18.0262 YYYY=           -111.6743 ZZZZ=           -157.9200 XXXY=             -0.0000
 XXXZ=              0.0000 YYYX=             -0.0000 YYYZ=             -0.0000 ZZZX=              0.0000
 ZZZY=              0.0000 XXYY=            -19.9344 XXZZ=            -29.1983 YYZZ=            -41.9173
 XXYZ=              0.0000 YYXZ=              0.0000 ZZXY=             -0.0000
 N-N= 2.018084858820D+01 E-N=-5.140262249073D+01  KE= 6.405993169086D+00
 Symmetry AG   KE= 3.649533152044D+00
 Symmetry B1G  KE= 0.000000000000D+00
 Symmetry B2G  KE= 0.000000000000D+00
 Symmetry B3G  KE= 1.205617586832D+00
 Symmetry AU   KE= 0.000000000000D+00
 Symmetry B1U  KE= 7.137645849737D-01
 Symmetry B2U  KE= 8.370778452365D-01
 Symmetry B3U  KE= 0.000000000000D+00

 Test job not archived.
 1\1\GINC-SULU\Stability\RHF\Gen\H12\LCJ1\16-Feb-2017\0\\#rhf/gen scf(t
 ight,novaracc,noincfock,fulldiag) stable(crhf) guess=mix geom=nocrowd 
 test\\hf stability analysis of h12 triangular lattice, y= 0.7598357022
 5832975\\0,1\H\H,1,1.0745699318\H,1,1.0745699318,2,90.\H,2,1.074569931
 8,1,90.,3,0.,0\H,2,1.0745699318,1,180.,3,0.,0\H,4,1.0745699318,3,180.,
 5,0.,0\H,6,1.0745699318,5,180.,3,0.,0\H,4,1.0745699318,2,180.,3,0.,0\H
 ,3,1.0745699318,1,180.,4,0.,0\H,9,1.0745699318,3,180.,4,0.,0\H,8,1.074
 5699318,4,180.,3,0.,0\H,7,1.0745699318,6,180.,3,0.,0\\Version=ES64L-G0
 9RevE.01\State=1-AG\HF=-5.8580358\MP2=-5.9958978\RMSD=4.529e-09\Dipole
 =0.,0.,0.\Quadrupole=1.0838385,0.9995974,-2.0834359,0.,0.,0.\PG=D02H [
 C2"(H1H1.H1H1),SG(H8)]\\@


 THE SCIENTIFIC THEORIST IS NOT TO BE ENVIED. FOR NATURE, OR MORE
 PRECISELY EXPERIMENT, IS AN INEXORABLE AND NOT VERY FRIENDLY JUDGE OF HIS
 WORK.  IT NEVER SAYS "YES" TO A THEORY. IN THE MOST FAVORABLE CASES
 IT SAYS "MAYBE", AND IN THE GREAT MAJORITY OF CASES SIMPLY "NO"...
 PROBABLY EVERY THEORY WILL SOME DAY EXPERIENCE ITS "NO" - MOST
 THEORIES, SOON AFTER CONCEPTION.  -- A.EINSTEIN, NOV 11, 1922.
 Job cpu time:       0 days  0 hours  0 minutes  1.3 seconds.
 File lengths (MBytes):  RWF=     84 Int=      0 D2E=      0 Chk=      2 Scr=      2
 Normal termination of Gaussian 09 at Thu Feb 16 18:31:51 2017.
