 Entering Gaussian System, Link 0=g09
 AtFile(1): H.gbs
            H     0
            S   10   1.00
               1000.000000000000            0.000068713567
                316.227766000000            0.000169141320
                100.000000000000            0.000823394812
                 31.622776600000            0.003425569236
                 10.000000000000            0.013951996000
                  3.162277660000            0.056909313560
                  1.000000000000            0.198286399900
                  0.316227766000            0.496922426700
                  0.100000000000            0.369846276400
                  0.031622776600            0.003752720039
            ****
 Initial command:
 /projects/guscus/apps/gau/g09-e1/g09/l1.exe "/users/lcj1/gaussian/h12/rhfstability/rect/mix/Gau-25758.inp" -scrdir="/users/lcj1/gaussian/h12/rhfstability/rect/mix/"
 Entering Link 1 = /projects/guscus/apps/gau/g09-e1/g09/l1.exe PID=     25759.
  
 Copyright (c) 1988,1990,1992,1993,1995,1998,2003,2009,2015,
            Gaussian, Inc.  All Rights Reserved.
  
 This is part of the Gaussian(R) 09 program.  It is based on
 the Gaussian(R) 03 system (copyright 2003, Gaussian, Inc.),
 the Gaussian(R) 98 system (copyright 1998, Gaussian, Inc.),
 the Gaussian(R) 94 system (copyright 1995, Gaussian, Inc.),
 the Gaussian 92(TM) system (copyright 1992, Gaussian, Inc.),
 the Gaussian 90(TM) system (copyright 1990, Gaussian, Inc.),
 the Gaussian 88(TM) system (copyright 1988, Gaussian, Inc.),
 the Gaussian 86(TM) system (copyright 1986, Carnegie Mellon
 University), and the Gaussian 82(TM) system (copyright 1983,
 Carnegie Mellon University). Gaussian is a federally registered
 trademark of Gaussian, Inc.
  
 This software contains proprietary and confidential information,
 including trade secrets, belonging to Gaussian, Inc.
  
 This software is provided under written license and may be
 used, copied, transmitted, or stored only in accord with that
 written license.
  
 The following legend is applicable only to US Government
 contracts under FAR:
  
                    RESTRICTED RIGHTS LEGEND
  
 Use, reproduction and disclosure by the US Government is
 subject to restrictions as set forth in subparagraphs (a)
 and (c) of the Commercial Computer Software - Restricted
 Rights clause in FAR 52.227-19.
  
 Gaussian, Inc.
 340 Quinnipiac St., Bldg. 40, Wallingford CT 06492
  
  
 ---------------------------------------------------------------
 Warning -- This program may not be used in any manner that
 competes with the business of Gaussian, Inc. or will provide
 assistance to any competitor of Gaussian, Inc.  The licensee
 of this program is prohibited from giving any competitor of
 Gaussian, Inc. access to this program.  By using this program,
 the user acknowledges that Gaussian, Inc. is engaged in the
 business of creating and licensing software in the field of
 computational chemistry and represents and warrants to the
 licensee that it is not a competitor of Gaussian, Inc. and that
 it will not use this program in any manner prohibited above.
 ---------------------------------------------------------------
  

 Cite this work as:
 Gaussian 09, Revision E.01,
 M. J. Frisch, G. W. Trucks, H. B. Schlegel, G. E. Scuseria, 
 M. A. Robb, J. R. Cheeseman, G. Scalmani, V. Barone, B. Mennucci, 
 G. A. Petersson, H. Nakatsuji, M. Caricato, X. Li, H. P. Hratchian, 
 A. F. Izmaylov, J. Bloino, G. Zheng, J. L. Sonnenberg, M. Hada, 
 M. Ehara, K. Toyota, R. Fukuda, J. Hasegawa, M. Ishida, T. Nakajima, 
 Y. Honda, O. Kitao, H. Nakai, T. Vreven, J. A. Montgomery, Jr., 
 J. E. Peralta, F. Ogliaro, M. Bearpark, J. J. Heyd, E. Brothers, 
 K. N. Kudin, V. N. Staroverov, T. Keith, R. Kobayashi, J. Normand, 
 K. Raghavachari, A. Rendell, J. C. Burant, S. S. Iyengar, J. Tomasi, 
 M. Cossi, N. Rega, J. M. Millam, M. Klene, J. E. Knox, J. B. Cross, 
 V. Bakken, C. Adamo, J. Jaramillo, R. Gomperts, R. E. Stratmann, 
 O. Yazyev, A. J. Austin, R. Cammi, C. Pomelli, J. W. Ochterski, 
 R. L. Martin, K. Morokuma, V. G. Zakrzewski, G. A. Voth, 
 P. Salvador, J. J. Dannenberg, S. Dapprich, A. D. Daniels, 
 O. Farkas, J. B. Foresman, J. V. Ortiz, J. Cioslowski, 
 and D. J. Fox, Gaussian, Inc., Wallingford CT, 2013.
 
 ******************************************
 Gaussian 09:  ES64L-G09RevE.01 30-Nov-2015
                16-Feb-2017 
 ******************************************
 %chk=h12.chk
 ----------------------------------------------------------------------
 #rhf/gen scf(tight,novaracc,noincfock,fulldiag) stable(crhf) guess=mix
  geom=nocrowd test
 ----------------------------------------------------------------------
 1/38=1/1;
 2/12=1,17=6,18=5,40=1/2;
 3/5=7,16=1,25=1,30=1,116=1/1,2,3;
 4/13=-1/1;
 5/5=100002,16=1,32=2,38=1/2;
 8/6=1,10=90,11=11/1,4;
 9/8=4,13=1/2;
 6/7=2,8=2,9=2,10=2,28=1/1;
 99/5=1,9=1/99;
 ----------------------------------------------------------------------
 hf stability analysis of h12 triangular lattice, y= 0.9612250668035587
 9
 ----------------------------------------------------------------------
 Symbolic Z-matrix:
 Charge =  0 Multiplicity = 1
 H
 H                    1     1.13346 
 H                    1     1.13346  2     64. 
 H                    2     1.13346  1     116.     3     0.       0
 H                    2     1.13346  1     180.     3     0.       0
 H                    4     1.13346  3     180.     5     0.       0
 H                    6     1.13346  5     180.     3     0.       0
 H                    4     1.13346  2     180.     3     0.       0
 H                    3     1.13346  1     180.     4     0.       0
 H                    9     1.13346  3     180.     4     0.       0
 H                    8     1.13346  4     180.     3     0.       0
 H                    7     1.13346  6     180.     3     0.       0
 
                          Input orientation:                          
 ---------------------------------------------------------------------
 Center     Atomic      Atomic             Coordinates (Angstroms)
 Number     Number       Type             X           Y           Z
 ---------------------------------------------------------------------
      1          1           0        0.000000    0.000000    0.000000
      2          1           0        0.000000    0.000000    1.133456
      3          1           0        1.018743    0.000000    0.496874
      4          1           0        1.018743    0.000000    1.630330
      5          1           0        0.000000    0.000000    2.266912
      6          1           0        1.018743    0.000000    2.763786
      7          1           0        2.037487    0.000000    3.260660
      8          1           0        2.037487    0.000000    2.127204
      9          1           0        2.037487    0.000000    0.993749
     10          1           0        3.056230    0.000000    1.490623
     11          1           0        3.056230    0.000000    2.624079
     12          1           0        3.056230    0.000000    3.757535
 ---------------------------------------------------------------------
                    Distance matrix (angstroms):
                    1          2          3          4          5
     1  H    0.000000
     2  H    1.133456   0.000000
     3  H    1.133456   1.201280   0.000000
     4  H    1.922450   1.133456   1.133456   0.000000
     5  H    2.266912   1.133456   2.042271   1.201280   0.000000
     6  H    2.945565   1.922450   2.266912   1.133456   1.133456
     7  H    3.844900   2.945565   2.945565   1.922450   2.266912
     8  H    2.945565   2.266912   1.922450   1.133456   2.042271
     9  H    2.266912   2.042271   1.133456   1.201280   2.402560
    10  H    3.400367   3.077029   2.266912   2.042271   3.153279
    11  H    4.028192   3.400367   2.945565   2.266912   3.077029
    12  H    4.843512   4.028192   3.844900   2.945565   3.400367
                    6          7          8          9         10
     6  H    0.000000
     7  H    1.133456   0.000000
     8  H    1.201280   1.133456   0.000000
     9  H    2.042271   2.266912   1.133456   0.000000
    10  H    2.402560   2.042271   1.201280   1.133456   0.000000
    11  H    2.042271   1.201280   1.133456   1.922450   1.133456
    12  H    2.266912   1.133456   1.922450   2.945565   2.266912
                   11         12
    11  H    0.000000
    12  H    1.133456   0.000000
 Stoichiometry    H12
 Framework group  C2H[SGH(H12)]
 Deg. of freedom    11
 Full point group                 C2H     NOp   4
 Largest Abelian subgroup         C2H     NOp   4
 Largest concise Abelian subgroup C2      NOp   2
                         Standard orientation:                         
 ---------------------------------------------------------------------
 Center     Atomic      Atomic             Coordinates (Angstroms)
 Number     Number       Type             X           Y           Z
 ---------------------------------------------------------------------
      1          1           0        1.018743    2.197058   -0.000000
      2          1           0        0.000000    1.700184   -0.000000
      3          1           0        1.018743    1.063602   -0.000000
      4          1           0        0.000000    0.566728   -0.000000
      5          1           0       -1.018743    1.203309    0.000000
      6          1           0       -1.018743    0.069854    0.000000
      7          1           0       -1.018743   -1.063602    0.000000
      8          1           0       -0.000000   -0.566728    0.000000
      9          1           0        1.018743   -0.069854   -0.000000
     10          1           0        1.018743   -1.203309   -0.000000
     11          1           0       -0.000000   -1.700184    0.000000
     12          1           0       -1.018743   -2.197058    0.000000
 ---------------------------------------------------------------------
 Rotational constants (GHZ):     70.2301664     22.3779553     16.9705151
 General basis read from cards:  (5D, 7F)
 There are     6 symmetry adapted cartesian basis functions of AG  symmetry.
 There are     0 symmetry adapted cartesian basis functions of BG  symmetry.
 There are     0 symmetry adapted cartesian basis functions of AU  symmetry.
 There are     6 symmetry adapted cartesian basis functions of BU  symmetry.
 There are     6 symmetry adapted basis functions of AG  symmetry.
 There are     0 symmetry adapted basis functions of BG  symmetry.
 There are     0 symmetry adapted basis functions of AU  symmetry.
 There are     6 symmetry adapted basis functions of BU  symmetry.
    12 basis functions,   120 primitive gaussians,    12 cartesian basis functions
     6 alpha electrons        6 beta electrons
       nuclear repulsion energy        19.7035483351 Hartrees.
 NAtoms=   12 NActive=   12 NUniq=    6 SFac= 4.00D+00 NAtFMM=   60 NAOKFM=F Big=F
 Integral buffers will be    131072 words long.
 Regular integral format.
 Two-electron integral symmetry is turned on.
 One-electron integrals computed using PRISM.
 NBasis=    12 RedAO= T EigKep=  1.62D-01  NBF=     6     0     0     6
 NBsUse=    12 1.00D-06 EigRej= -1.00D+00 NBFU=     6     0     0     6
 ExpMin= 3.16D-02 ExpMax= 1.00D+03 ExpMxC= 1.00D+01 IAcc=3 IRadAn=         5 AccDes= 0.00D+00
 Harris functional with IExCor=  205 and IRadAn=       5 diagonalized for initial guess.
 HarFok:  IExCor=  205 AccDes= 0.00D+00 IRadAn=         5 IDoV= 1 UseB2=F ITyADJ=14
 ICtDFT=  3500011 ScaDFX=  1.000000  1.000000  1.000000  1.000000
 FoFCou: FMM=F IPFlag=           0 FMFlag=      100000 FMFlg1=           0
         NFxFlg=           0 DoJE=T BraDBF=F KetDBF=T FulRan=T
         wScrn=  0.000000 ICntrl=     500 IOpCl=  0 I1Cent=   200000004 NGrid=           0
         NMat0=    1 NMatS0=      1 NMatT0=    0 NMatD0=    1 NMtDS0=    0 NMtDT0=    0
 Petite list used in FoFCou.
 Mixing orbitals, IMix= 1 IMixAn=  0 NRI=1 NE=    6 Coef=  7.07106781D-01  7.07106781D-01
 Initial guess orbital symmetries:
       Occupied  (AG) (BU) (BU) (AG) (AG) (?A)
       Virtual   (?A) (BU) (AG) (BU) (AG) (BU)
 Keep R1 ints in memory in symmetry-blocked form, NReq=903966.
 Requested convergence on RMS density matrix=1.00D-08 within 128 cycles.
 Requested convergence on MAX density matrix=1.00D-06.
 Requested convergence on             energy=1.00D-06.
 No special actions if energy rises.
 An orbital has undefined symmetry, so N**3 symmetry is turned off.
 Density matrix breaks symmetry, PCut= 1.00D-04
 Density matrix has no symmetry -- integrals replicated.
 Density matrix breaks symmetry, PCut= 1.00D-07
 Density matrix has no symmetry -- integrals replicated.
 Density matrix breaks symmetry, PCut= 1.00D-07
 Density matrix has no symmetry -- integrals replicated.
 Density matrix breaks symmetry, PCut= 1.00D-07
 Density matrix has no symmetry -- integrals replicated.
 Density matrix breaks symmetry, PCut= 1.00D-07
 Density matrix has no symmetry -- integrals replicated.
 Density matrix breaks symmetry, PCut= 1.00D-07
 Density matrix has no symmetry -- integrals replicated.
 Density matrix breaks symmetry, PCut= 1.00D-07
 Density matrix has no symmetry -- integrals replicated.
 Density matrix breaks symmetry, PCut= 1.00D-07
 Density matrix has no symmetry -- integrals replicated.
 Density matrix breaks symmetry, PCut= 1.00D-07
 Density matrix has no symmetry -- integrals replicated.
 Density matrix breaks symmetry, PCut= 1.00D-07
 Density matrix has no symmetry -- integrals replicated.
 Density matrix breaks symmetry, PCut= 1.00D-07
 Density matrix has no symmetry -- integrals replicated.
 Density matrix breaks symmetry, PCut= 1.00D-07
 Density matrix has no symmetry -- integrals replicated.
 Density matrix breaks symmetry, PCut= 1.00D-07
 Density matrix has no symmetry -- integrals replicated.
 Density matrix breaks symmetry, PCut= 1.00D-07
 Density matrix has no symmetry -- integrals replicated.
 SCF Done:  E(RHF) =  -5.89402087231     A.U. after   16 cycles
            NFock= 16  Conv=0.28D-08     -V/T= 1.9460
 Range of M.O.s used for correlation:     1    12
 NBasis=    12 NAE=     6 NBE=     6 NFC=     0 NFV=     0
 NROrb=     12 NOA=     6 NOB=     6 NVA=     6 NVB=     6
 Semi-Direct transformation.
 ModeAB=           2 MOrb=             6 LenV=     134084561
 LASXX=         2181 LTotXX=        2181 LenRXX=        2181
 LTotAB=        2934 MaxLAS=        5616 LenRXY=        5616
 NonZer=        5616 LenScr=      655360 LnRSAI=           0
 LnScr1=           0 LExtra=           0 Total=       663157
 MaxDsk=          -1 SrtSym=           F ITran=            3
 JobTyp=0 Pass  1:  I=   1 to   6.
 (rs|ai) integrals will be sorted in core.
 SymMOI:  orbitals are not symmetric.
 Spin components of T(2) and E(2):
     alpha-alpha T2 =       0.4768372411D-02 E2=     -0.7172512822D-02
     alpha-beta  T2 =       0.6389244120D-01 E2=     -0.9965872150D-01
     beta-beta   T2 =       0.4768372411D-02 E2=     -0.7172512822D-02
 ANorm=    0.1036064277D+01
 E2 =    -0.1140037471D+00 EUMP2 =    -0.60080246194524D+01
 Second order stability test of a single determinant RHF wave function:
 Stabil:  MDV=134217728
 ***********************************************************************
 Matrix         Lowest Root    Major Pairs
 ***********************************************************************
 Internal RHF     0.1215956    Stable
 RRHF --> CRHF    0.0820444    Stable
 RRHF --> RUHF   -0.001822     6A=7B
 Not stable.
 ***********************************************************************

 **********************************************************************

            Population analysis using the SCF density.

 **********************************************************************

 Orbital symmetries:
       Occupied  (AG) (BU) (BU) (AG) (AG) (BU)
       Virtual   (AG) (BU) (AG) (BU) (AG) (BU)
 The electronic state is 1-AG.
 Alpha  occ. eigenvalues --   -0.98437  -0.79265  -0.64680  -0.55164  -0.40637
 Alpha  occ. eigenvalues --   -0.28780
 Alpha virt. eigenvalues --    0.05992   0.19145   0.27152   0.31753   0.57696
 Alpha virt. eigenvalues --    0.61176
          Condensed to atoms (all electrons):
               1          2          3          4          5          6
     1  H    1.135057   0.233383   0.105891  -0.189129  -0.071577   0.015405
     2  H    0.233383   0.682382  -0.022478  -0.096510   0.241427  -0.029832
     3  H    0.105891  -0.022478   0.763544   0.137418  -0.106239  -0.040127
     4  H   -0.189129  -0.096510   0.137418   1.078567   0.177912  -0.046774
     5  H   -0.071577   0.241427  -0.106239   0.177912   1.034802  -0.058730
     6  H    0.015405  -0.029832  -0.040127  -0.046774  -0.058730   0.836154
     7  H    0.005310  -0.009811   0.013894  -0.048808  -0.075471   0.209448
     8  H    0.029320  -0.033424  -0.048808  -0.219105  -0.092345   0.305628
     9  H   -0.084423  -0.084873   0.209448   0.305628  -0.029865  -0.078901
    10  H    0.006310   0.017218  -0.075471  -0.092345   0.016809  -0.029865
    11  H   -0.000181   0.010334  -0.009811  -0.033424   0.017218  -0.084873
    12  H   -0.001681  -0.000181   0.005310   0.029320   0.006310  -0.084423
               7          8          9         10         11         12
     1  H    0.005310   0.029320  -0.084423   0.006310  -0.000181  -0.001681
     2  H   -0.009811  -0.033424  -0.084873   0.017218   0.010334  -0.000181
     3  H    0.013894  -0.048808   0.209448  -0.075471  -0.009811   0.005310
     4  H   -0.048808  -0.219105   0.305628  -0.092345  -0.033424   0.029320
     5  H   -0.075471  -0.092345  -0.029865   0.016809   0.017218   0.006310
     6  H    0.209448   0.305628  -0.078901  -0.029865  -0.084873  -0.084423
     7  H    0.763544   0.137418  -0.040127  -0.106239  -0.022478   0.105891
     8  H    0.137418   1.078567  -0.046774   0.177912  -0.096510  -0.189129
     9  H   -0.040127  -0.046774   0.836154  -0.058730  -0.029832   0.015405
    10  H   -0.106239   0.177912  -0.058730   1.034802   0.241427  -0.071577
    11  H   -0.022478  -0.096510  -0.029832   0.241427   0.682382   0.233383
    12  H    0.105891  -0.189129   0.015405  -0.071577   0.233383   1.135057
 Mulliken charges:
               1
     1  H   -0.183684
     2  H    0.092365
     3  H    0.067429
     4  H   -0.002750
     5  H   -0.060250
     6  H    0.086890
     7  H    0.067429
     8  H   -0.002750
     9  H    0.086890
    10  H   -0.060250
    11  H    0.092365
    12  H   -0.183684
 Sum of Mulliken charges =   0.00000
 Mulliken charges with hydrogens summed into heavy atoms:
               1
 Electronic spatial extent (au):  <R**2>=            149.9564
 Charge=              0.0000 electrons
 Dipole moment (field-independent basis, Debye):
    X=              0.0000    Y=             -0.0000    Z=             -0.0000  Tot=              0.0000
 Quadrupole moment (field-independent basis, Debye-Ang):
   XX=            -17.7410   YY=            -26.7416   ZZ=            -15.2858
   XY=             -3.1968   XZ=              0.0000   YZ=              0.0000
 Traceless Quadrupole moment (field-independent basis, Debye-Ang):
   XX=              2.1818   YY=             -6.8188   ZZ=              4.6370
   XY=             -3.1968   XZ=              0.0000   YZ=              0.0000
 Octapole moment (field-independent basis, Debye-Ang**2):
  XXX=              0.0000  YYY=             -0.0000  ZZZ=             -0.0000  XYY=              0.0000
  XXY=             -0.0000  XXZ=             -0.0000  XZZ=              0.0000  YZZ=             -0.0000
  YYZ=             -0.0000  XYZ=             -0.0000
 Hexadecapole moment (field-independent basis, Debye-Ang**3):
 XXXX=            -89.7800 YYYY=           -271.0953 ZZZZ=            -18.1469 XXXY=            -22.9288
 XXXZ=              0.0000 YYYX=            -39.8767 YYYZ=              0.0000 ZZZX=              0.0000
 ZZZY=              0.0000 XXYY=            -62.7875 XXZZ=            -17.7975 YYZZ=            -37.6368
 XXYZ=              0.0000 YYXZ=              0.0000 ZZXY=             -6.2465
 N-N= 1.970354833511D+01 E-N=-5.008630845466D+01  KE= 6.230427022561D+00
 Symmetry AG   KE= 2.943728086489D+00
 Symmetry BG   KE= 0.000000000000D+00
 Symmetry AU   KE= 0.000000000000D+00
 Symmetry BU   KE= 3.286698936072D+00

 Test job not archived.
 1\1\GINC-SULU\Stability\RHF\Gen\H12\LCJ1\16-Feb-2017\0\\#rhf/gen scf(t
 ight,novaracc,noincfock,fulldiag) stable(crhf) guess=mix geom=nocrowd 
 test\\hf stability analysis of h12 triangular lattice, y= 0.9612250668
 0355879\\0,1\H\H,1,1.1334558196\H,1,1.1334558196,2,64.\H,2,1.133455819
 6,1,116.,3,0.,0\H,2,1.1334558196,1,180.,3,0.,0\H,4,1.1334558196,3,180.
 ,5,0.,0\H,6,1.1334558196,5,180.,3,0.,0\H,4,1.1334558196,2,180.,3,0.,0\
 H,3,1.1334558196,1,180.,4,0.,0\H,9,1.1334558196,3,180.,4,0.,0\H,8,1.13
 34558196,4,180.,3,0.,0\H,7,1.1334558196,6,180.,3,0.,0\\Version=ES64L-G
 09RevE.01\State=1-AG\HF=-5.8940209\MP2=-6.0080246\RMSD=2.838e-09\Dipol
 e=0.,0.,0.\Quadrupole=-1.9107932,3.4475099,-1.5367167,0.,-4.0998282,0.
 \PG=C02H [SGH(H12)]\\@


 ADAM SMITH SAID, "THE REAL PRICE OF ANYTHING IS THE TOIL AND TROUBLE
 OF ACQUIRING IT."  BUT IN ALL UNDERTAKINGS WITH NATURE WE SHOULD FIRST
 READ CAREFULLY THE SMALL PRINT IN THE CONTRACT. THIS MIGHT DISCLOSE
 THAT THE REAL PRICE IS TO BE PAID BY THOSE WHO INHERIT THE DEPLETION
 AND DESPOILATION THAT FOLLOWS.
                               -- E. R. HARRISON IN "COSMOLOGY" (1980)
 Job cpu time:       0 days  0 hours  0 minutes  1.5 seconds.
 File lengths (MBytes):  RWF=     84 Int=      0 D2E=      0 Chk=      2 Scr=      2
 Normal termination of Gaussian 09 at Thu Feb 16 18:34:35 2017.
