 Entering Gaussian System, Link 0=g09
 AtFile(1): H.gbs
            H     0
            S   10   1.00
               1000.000000000000            0.000068713567
                316.227766000000            0.000169141320
                100.000000000000            0.000823394812
                 31.622776600000            0.003425569236
                 10.000000000000            0.013951996000
                  3.162277660000            0.056909313560
                  1.000000000000            0.198286399900
                  0.316227766000            0.496922426700
                  0.100000000000            0.369846276400
                  0.031622776600            0.003752720039
            ****
 Initial command:
 /projects/guscus/apps/gau/g09-e1/g09/l1.exe "/users/lcj1/gaussian/h12/rhfstability/rect/mix/Gau-24772.inp" -scrdir="/users/lcj1/gaussian/h12/rhfstability/rect/mix/"
 Entering Link 1 = /projects/guscus/apps/gau/g09-e1/g09/l1.exe PID=     24773.
  
 Copyright (c) 1988,1990,1992,1993,1995,1998,2003,2009,2015,
            Gaussian, Inc.  All Rights Reserved.
  
 This is part of the Gaussian(R) 09 program.  It is based on
 the Gaussian(R) 03 system (copyright 2003, Gaussian, Inc.),
 the Gaussian(R) 98 system (copyright 1998, Gaussian, Inc.),
 the Gaussian(R) 94 system (copyright 1995, Gaussian, Inc.),
 the Gaussian 92(TM) system (copyright 1992, Gaussian, Inc.),
 the Gaussian 90(TM) system (copyright 1990, Gaussian, Inc.),
 the Gaussian 88(TM) system (copyright 1988, Gaussian, Inc.),
 the Gaussian 86(TM) system (copyright 1986, Carnegie Mellon
 University), and the Gaussian 82(TM) system (copyright 1983,
 Carnegie Mellon University). Gaussian is a federally registered
 trademark of Gaussian, Inc.
  
 This software contains proprietary and confidential information,
 including trade secrets, belonging to Gaussian, Inc.
  
 This software is provided under written license and may be
 used, copied, transmitted, or stored only in accord with that
 written license.
  
 The following legend is applicable only to US Government
 contracts under FAR:
  
                    RESTRICTED RIGHTS LEGEND
  
 Use, reproduction and disclosure by the US Government is
 subject to restrictions as set forth in subparagraphs (a)
 and (c) of the Commercial Computer Software - Restricted
 Rights clause in FAR 52.227-19.
  
 Gaussian, Inc.
 340 Quinnipiac St., Bldg. 40, Wallingford CT 06492
  
  
 ---------------------------------------------------------------
 Warning -- This program may not be used in any manner that
 competes with the business of Gaussian, Inc. or will provide
 assistance to any competitor of Gaussian, Inc.  The licensee
 of this program is prohibited from giving any competitor of
 Gaussian, Inc. access to this program.  By using this program,
 the user acknowledges that Gaussian, Inc. is engaged in the
 business of creating and licensing software in the field of
 computational chemistry and represents and warrants to the
 licensee that it is not a competitor of Gaussian, Inc. and that
 it will not use this program in any manner prohibited above.
 ---------------------------------------------------------------
  

 Cite this work as:
 Gaussian 09, Revision E.01,
 M. J. Frisch, G. W. Trucks, H. B. Schlegel, G. E. Scuseria, 
 M. A. Robb, J. R. Cheeseman, G. Scalmani, V. Barone, B. Mennucci, 
 G. A. Petersson, H. Nakatsuji, M. Caricato, X. Li, H. P. Hratchian, 
 A. F. Izmaylov, J. Bloino, G. Zheng, J. L. Sonnenberg, M. Hada, 
 M. Ehara, K. Toyota, R. Fukuda, J. Hasegawa, M. Ishida, T. Nakajima, 
 Y. Honda, O. Kitao, H. Nakai, T. Vreven, J. A. Montgomery, Jr., 
 J. E. Peralta, F. Ogliaro, M. Bearpark, J. J. Heyd, E. Brothers, 
 K. N. Kudin, V. N. Staroverov, T. Keith, R. Kobayashi, J. Normand, 
 K. Raghavachari, A. Rendell, J. C. Burant, S. S. Iyengar, J. Tomasi, 
 M. Cossi, N. Rega, J. M. Millam, M. Klene, J. E. Knox, J. B. Cross, 
 V. Bakken, C. Adamo, J. Jaramillo, R. Gomperts, R. E. Stratmann, 
 O. Yazyev, A. J. Austin, R. Cammi, C. Pomelli, J. W. Ochterski, 
 R. L. Martin, K. Morokuma, V. G. Zakrzewski, G. A. Voth, 
 P. Salvador, J. J. Dannenberg, S. Dapprich, A. D. Daniels, 
 O. Farkas, J. B. Foresman, J. V. Ortiz, J. Cioslowski, 
 and D. J. Fox, Gaussian, Inc., Wallingford CT, 2013.
 
 ******************************************
 Gaussian 09:  ES64L-G09RevE.01 30-Nov-2015
                16-Feb-2017 
 ******************************************
 %chk=h12.chk
 ----------------------------------------------------------------------
 #rhf/gen scf(tight,novaracc,noincfock,fulldiag) stable(crhf) guess=mix
  geom=nocrowd test
 ----------------------------------------------------------------------
 1/38=1/1;
 2/12=1,17=6,18=5,40=1/2;
 3/5=7,16=1,25=1,30=1,116=1/1,2,3;
 4/13=-1/1;
 5/5=100002,16=1,32=2,38=1/2;
 8/6=1,10=90,11=11/1,4;
 9/8=4,13=1/2;
 6/7=2,8=2,9=2,10=2,28=1/1;
 99/5=1,9=1/99;
 ----------------------------------------------------------------------
 hf stability analysis of h12 triangular lattice, y= 0.8596363675198261
 9
 ----------------------------------------------------------------------
 Symbolic Z-matrix:
 Charge =  0 Multiplicity = 1
 H
 H                    1     1.09089 
 H                    1     1.09089  2     76. 
 H                    2     1.09089  1     104.     3     0.       0
 H                    2     1.09089  1     180.     3     0.       0
 H                    4     1.09089  3     180.     5     0.       0
 H                    6     1.09089  5     180.     3     0.       0
 H                    4     1.09089  2     180.     3     0.       0
 H                    3     1.09089  1     180.     4     0.       0
 H                    9     1.09089  3     180.     4     0.       0
 H                    8     1.09089  4     180.     3     0.       0
 H                    7     1.09089  6     180.     3     0.       0
 
                          Input orientation:                          
 ---------------------------------------------------------------------
 Center     Atomic      Atomic             Coordinates (Angstroms)
 Number     Number       Type             X           Y           Z
 ---------------------------------------------------------------------
      1          1           0        0.000000    0.000000    0.000000
      2          1           0        0.000000    0.000000    1.090894
      3          1           0        1.058490    0.000000    0.263911
      4          1           0        1.058490    0.000000    1.354805
      5          1           0        0.000000    0.000000    2.181788
      6          1           0        1.058490    0.000000    2.445700
      7          1           0        2.116980    0.000000    2.709611
      8          1           0        2.116980    0.000000    1.618717
      9          1           0        2.116980    0.000000    0.527822
     10          1           0        3.175470    0.000000    0.791734
     11          1           0        3.175470    0.000000    1.882628
     12          1           0        3.175470    0.000000    2.973522
 ---------------------------------------------------------------------
                    Distance matrix (angstroms):
                    1          2          3          4          5
     1  H    0.000000
     2  H    1.090894   0.000000
     3  H    1.090894   1.343243   0.000000
     4  H    1.719273   1.090894   1.090894   0.000000
     5  H    2.181788   1.090894   2.190583   1.343243   0.000000
     6  H    2.664929   1.719273   2.181788   1.090894   1.090894
     7  H    3.438545   2.664929   2.664929   1.719273   2.181788
     8  H    2.664929   2.181788   1.719273   1.090894   2.190583
     9  H    2.181788   2.190583   1.090894   1.343243   2.686486
    10  H    3.272683   3.189531   2.181788   2.190583   3.466390
    11  H    3.691598   3.272683   2.664929   2.181788   3.189531
    12  H    4.350338   3.691598   3.438545   2.664929   3.272683
                    6          7          8          9         10
     6  H    0.000000
     7  H    1.090894   0.000000
     8  H    1.343243   1.090894   0.000000
     9  H    2.190583   2.181788   1.090894   0.000000
    10  H    2.686486   2.190583   1.343243   1.090894   0.000000
    11  H    2.190583   1.343243   1.090894   1.719273   1.090894
    12  H    2.181788   1.090894   1.719273   2.664929   2.181788
                   11         12
    11  H    0.000000
    12  H    1.090894   0.000000
 Stoichiometry    H12
 Framework group  C2H[SGH(H12)]
 Deg. of freedom    11
 Full point group                 C2H     NOp   4
 Largest Abelian subgroup         C2H     NOp   4
 Largest concise Abelian subgroup C2      NOp   2
                         Standard orientation:                         
 ---------------------------------------------------------------------
 Center     Atomic      Atomic             Coordinates (Angstroms)
 Number     Number       Type             X           Y           Z
 ---------------------------------------------------------------------
      1          1           0        1.058490    1.900252    0.000000
      2          1           0        0.000000    1.636341    0.000000
      3          1           0        1.058490    0.809358    0.000000
      4          1           0        0.000000    0.545447    0.000000
      5          1           0       -1.058490    1.372430    0.000000
      6          1           0       -1.058490    0.281536   -0.000000
      7          1           0       -1.058490   -0.809358   -0.000000
      8          1           0       -0.000000   -0.545447   -0.000000
      9          1           0        1.058490   -0.281536   -0.000000
     10          1           0        1.058490   -1.372430   -0.000000
     11          1           0       -0.000000   -1.636341   -0.000000
     12          1           0       -1.058490   -1.900252   -0.000000
 ---------------------------------------------------------------------
 Rotational constants (GHZ):     59.2658425     26.5179318     18.3205692
 General basis read from cards:  (5D, 7F)
 There are     6 symmetry adapted cartesian basis functions of AG  symmetry.
 There are     0 symmetry adapted cartesian basis functions of BG  symmetry.
 There are     0 symmetry adapted cartesian basis functions of AU  symmetry.
 There are     6 symmetry adapted cartesian basis functions of BU  symmetry.
 There are     6 symmetry adapted basis functions of AG  symmetry.
 There are     0 symmetry adapted basis functions of BG  symmetry.
 There are     0 symmetry adapted basis functions of AU  symmetry.
 There are     6 symmetry adapted basis functions of BU  symmetry.
    12 basis functions,   120 primitive gaussians,    12 cartesian basis functions
     6 alpha electrons        6 beta electrons
       nuclear repulsion energy        20.0429892879 Hartrees.
 NAtoms=   12 NActive=   12 NUniq=    6 SFac= 4.00D+00 NAtFMM=   60 NAOKFM=F Big=F
 Integral buffers will be    131072 words long.
 Regular integral format.
 Two-electron integral symmetry is turned on.
 One-electron integrals computed using PRISM.
 NBasis=    12 RedAO= T EigKep=  1.23D-01  NBF=     6     0     0     6
 NBsUse=    12 1.00D-06 EigRej= -1.00D+00 NBFU=     6     0     0     6
 ExpMin= 3.16D-02 ExpMax= 1.00D+03 ExpMxC= 1.00D+01 IAcc=3 IRadAn=         5 AccDes= 0.00D+00
 Harris functional with IExCor=  205 and IRadAn=       5 diagonalized for initial guess.
 HarFok:  IExCor=  205 AccDes= 0.00D+00 IRadAn=         5 IDoV= 1 UseB2=F ITyADJ=14
 ICtDFT=  3500011 ScaDFX=  1.000000  1.000000  1.000000  1.000000
 FoFCou: FMM=F IPFlag=           0 FMFlag=      100000 FMFlg1=           0
         NFxFlg=           0 DoJE=T BraDBF=F KetDBF=T FulRan=T
         wScrn=  0.000000 ICntrl=     500 IOpCl=  0 I1Cent=   200000004 NGrid=           0
         NMat0=    1 NMatS0=      1 NMatT0=    0 NMatD0=    1 NMtDS0=    0 NMtDT0=    0
 Petite list used in FoFCou.
 Mixing orbitals, IMix= 1 IMixAn=  0 NRI=1 NE=    6 Coef=  7.07106781D-01  7.07106781D-01
 Initial guess orbital symmetries:
       Occupied  (AG) (BU) (BU) (AG) (AG) (?A)
       Virtual   (?A) (BU) (BU) (AG) (AG) (BU)
 Keep R1 ints in memory in symmetry-blocked form, NReq=903672.
 Requested convergence on RMS density matrix=1.00D-08 within 128 cycles.
 Requested convergence on MAX density matrix=1.00D-06.
 Requested convergence on             energy=1.00D-06.
 No special actions if energy rises.
 An orbital has undefined symmetry, so N**3 symmetry is turned off.
 Density matrix breaks symmetry, PCut= 1.00D-04
 Density matrix has no symmetry -- integrals replicated.
 Density matrix breaks symmetry, PCut= 1.00D-07
 Density matrix has no symmetry -- integrals replicated.
 Density matrix breaks symmetry, PCut= 1.00D-07
 Density matrix has no symmetry -- integrals replicated.
 Density matrix breaks symmetry, PCut= 1.00D-07
 Density matrix has no symmetry -- integrals replicated.
 Density matrix breaks symmetry, PCut= 1.00D-07
 Density matrix has no symmetry -- integrals replicated.
 Density matrix breaks symmetry, PCut= 1.00D-07
 Density matrix has no symmetry -- integrals replicated.
 Density matrix breaks symmetry, PCut= 1.00D-07
 Density matrix has no symmetry -- integrals replicated.
 Density matrix breaks symmetry, PCut= 1.00D-07
 Density matrix has no symmetry -- integrals replicated.
 Density matrix breaks symmetry, PCut= 1.00D-07
 Density matrix has no symmetry -- integrals replicated.
 Density matrix breaks symmetry, PCut= 1.00D-07
 Density matrix has no symmetry -- integrals replicated.
 Density matrix breaks symmetry, PCut= 1.00D-07
 Density matrix has no symmetry -- integrals replicated.
 Density matrix breaks symmetry, PCut= 1.00D-07
 Density matrix has no symmetry -- integrals replicated.
 Density matrix breaks symmetry, PCut= 1.00D-07
 Density matrix has no symmetry -- integrals replicated.
 Density matrix breaks symmetry, PCut= 1.00D-07
 Density matrix has no symmetry -- integrals replicated.
 Density matrix breaks symmetry, PCut= 1.00D-07
 Density matrix has no symmetry -- integrals replicated.
 Density matrix breaks symmetry, PCut= 1.00D-07
 Density matrix has no symmetry -- integrals replicated.
 Density matrix breaks symmetry, PCut= 1.00D-07
 Density matrix has no symmetry -- integrals replicated.
 Density matrix breaks symmetry, PCut= 1.00D-07
 Density matrix has no symmetry -- integrals replicated.
 Density matrix breaks symmetry, PCut= 1.00D-07
 Density matrix has no symmetry -- integrals replicated.
 Density matrix breaks symmetry, PCut= 1.00D-07
 Density matrix has no symmetry -- integrals replicated.
 Density matrix breaks symmetry, PCut= 1.00D-07
 Density matrix has no symmetry -- integrals replicated.
 Density matrix breaks symmetry, PCut= 1.00D-07
 Density matrix has no symmetry -- integrals replicated.
 Density matrix breaks symmetry, PCut= 1.00D-07
 Density matrix has no symmetry -- integrals replicated.
 SCF Done:  E(RHF) =  -5.80275229387     A.U. after   25 cycles
            NFock= 25  Conv=0.59D-09     -V/T= 1.8998
 Range of M.O.s used for correlation:     1    12
 NBasis=    12 NAE=     6 NBE=     6 NFC=     0 NFV=     0
 NROrb=     12 NOA=     6 NOB=     6 NVA=     6 NVB=     6
 Semi-Direct transformation.
 ModeAB=           2 MOrb=             6 LenV=     134085121
 LASXX=         2181 LTotXX=        2181 LenRXX=        2181
 LTotAB=        2934 MaxLAS=        5616 LenRXY=        5616
 NonZer=        5616 LenScr=      655360 LnRSAI=           0
 LnScr1=           0 LExtra=           0 Total=       663157
 MaxDsk=          -1 SrtSym=           F ITran=            3
 JobTyp=0 Pass  1:  I=   1 to   6.
 (rs|ai) integrals will be sorted in core.
 SymMOI:  orbitals are not symmetric.
 Spin components of T(2) and E(2):
     alpha-alpha T2 =       0.1122452154D-01 E2=     -0.1378782076D-01
     alpha-beta  T2 =       0.8265951882D-01 E2=     -0.1129238215D+00
     beta-beta   T2 =       0.1122452154D-01 E2=     -0.1378782076D-01
 ANorm=    0.1051241438D+01
 E2 =    -0.1404994630D+00 EUMP2 =    -0.59432517568491D+01
 Second order stability test of a single determinant RHF wave function:
 Stabil:  MDV=134217728
 ***********************************************************************
 Matrix         Lowest Root    Major Pairs
 ***********************************************************************
 Internal RHF     0.0077902    Stable
 RRHF --> CRHF   -0.0259822    6A=7A
 RRHF --> RUHF   -0.1151844    6A=7B
 Not stable.
 ***********************************************************************

 **********************************************************************

            Population analysis using the SCF density.

 **********************************************************************

 Orbital symmetries:
       Occupied  (AG) (BU) (BU) (AG) (AG) (AG)
       Virtual   (BU) (BU) (BU) (AG) (AG) (BU)
 The electronic state is 1-AG.
 Alpha  occ. eigenvalues --   -0.92873  -0.75659  -0.64372  -0.50212  -0.40112
 Alpha  occ. eigenvalues --   -0.24056
 Alpha virt. eigenvalues --    0.00464   0.19301   0.26400   0.40729   0.63517
 Alpha virt. eigenvalues --    0.89286
          Condensed to atoms (all electrons):
               1          2          3          4          5          6
     1  H    0.573504   0.135318   0.285686  -0.088583  -0.017882  -0.016512
     2  H    0.135318   0.975985  -0.158235   0.195483   0.149493  -0.126584
     3  H    0.285686  -0.158235   0.951913  -0.198210  -0.048671   0.024191
     4  H   -0.088583   0.195483  -0.198210   1.414513  -0.219471  -0.244803
     5  H   -0.017882   0.149493  -0.048671  -0.219471   0.929638   0.333625
     6  H   -0.016512  -0.126584   0.024191  -0.244803   0.333625   0.986904
     7  H    0.005864  -0.046892   0.040703  -0.128346  -0.012808   0.306085
     8  H   -0.039041   0.013656  -0.128346   0.709236  -0.113862  -0.251537
     9  H   -0.003267  -0.104555   0.306085  -0.251537   0.017977   0.079742
    10  H   -0.002652   0.000785  -0.012808  -0.113862   0.018337   0.017977
    11  H    0.000882   0.022713  -0.046892   0.013656   0.000785  -0.104555
    12  H    0.002542   0.000882   0.005864  -0.039041  -0.002652  -0.003267
               7          8          9         10         11         12
     1  H    0.005864  -0.039041  -0.003267  -0.002652   0.000882   0.002542
     2  H   -0.046892   0.013656  -0.104555   0.000785   0.022713   0.000882
     3  H    0.040703  -0.128346   0.306085  -0.012808  -0.046892   0.005864
     4  H   -0.128346   0.709236  -0.251537  -0.113862   0.013656  -0.039041
     5  H   -0.012808  -0.113862   0.017977   0.018337   0.000785  -0.002652
     6  H    0.306085  -0.251537   0.079742   0.017977  -0.104555  -0.003267
     7  H    0.951913  -0.198210   0.024191  -0.048671  -0.158235   0.285686
     8  H   -0.198210   1.414513  -0.244803  -0.219471   0.195483  -0.088583
     9  H    0.024191  -0.244803   0.986904   0.333625  -0.126584  -0.016512
    10  H   -0.048671  -0.219471   0.333625   0.929638   0.149493  -0.017882
    11  H   -0.158235   0.195483  -0.126584   0.149493   0.975985   0.135318
    12  H    0.285686  -0.088583  -0.016512  -0.017882   0.135318   0.573504
 Mulliken charges:
               1
     1  H    0.164141
     2  H   -0.058049
     3  H   -0.021279
     4  H   -0.049037
     5  H   -0.034509
     6  H   -0.001267
     7  H   -0.021279
     8  H   -0.049037
     9  H   -0.001267
    10  H   -0.034509
    11  H   -0.058049
    12  H    0.164141
 Sum of Mulliken charges =  -0.00000
 Mulliken charges with hydrogens summed into heavy atoms:
               1
 Electronic spatial extent (au):  <R**2>=            133.4356
 Charge=             -0.0000 electrons
 Dipole moment (field-independent basis, Debye):
    X=              0.0000    Y=             -0.0000    Z=              0.0000  Tot=              0.0000
 Quadrupole moment (field-independent basis, Debye-Ang):
   XX=            -19.5891   YY=            -13.2220   ZZ=            -15.1951
   XY=              4.2151   XZ=              0.0000   YZ=              0.0000
 Traceless Quadrupole moment (field-independent basis, Debye-Ang):
   XX=             -3.5870   YY=              2.7800   ZZ=              0.8070
   XY=              4.2151   XZ=              0.0000   YZ=              0.0000
 Octapole moment (field-independent basis, Debye-Ang**2):
  XXX=             -0.0000  YYY=              0.0000  ZZZ=              0.0000  XYY=              0.0000
  XXY=              0.0000  XXZ=              0.0000  XZZ=              0.0000  YZZ=             -0.0000
  YYZ=              0.0000  XYZ=             -0.0000
 Hexadecapole moment (field-independent basis, Debye-Ang**3):
 XXXX=           -110.1295 YYYY=           -150.6292 ZZZZ=            -18.0383 XXXY=             -1.6002
 XXXZ=              0.0000 YYYX=             10.3544 YYYZ=             -0.0000 ZZZX=              0.0000
 ZZZY=             -0.0000 XXYY=            -40.8963 XXZZ=            -19.6478 YYZZ=            -30.1798
 XXYZ=             -0.0000 YYXZ=              0.0000 ZZXY=             -1.9535
 N-N= 2.004298928791D+01 E-N=-5.119501595903D+01  KE= 6.449222900501D+00
 Symmetry AG   KE= 4.892891204237D+00
 Symmetry BG   KE= 0.000000000000D+00
 Symmetry AU   KE= 0.000000000000D+00
 Symmetry BU   KE= 1.556331696263D+00

 Test job not archived.
 1\1\GINC-SULU\Stability\RHF\Gen\H12\LCJ1\16-Feb-2017\0\\#rhf/gen scf(t
 ight,novaracc,noincfock,fulldiag) stable(crhf) guess=mix geom=nocrowd 
 test\\hf stability analysis of h12 triangular lattice, y= 0.8596363675
 1982619\\0,1\H\H,1,1.0908941872\H,1,1.0908941872,2,76.\H,2,1.090894187
 2,1,104.,3,0.,0\H,2,1.0908941872,1,180.,3,0.,0\H,4,1.0908941872,3,180.
 ,5,0.,0\H,6,1.0908941872,5,180.,3,0.,0\H,4,1.0908941872,2,180.,3,0.,0\
 H,3,1.0908941872,1,180.,4,0.,0\H,9,1.0908941872,3,180.,4,0.,0\H,8,1.09
 08941872,4,180.,3,0.,0\H,7,1.0908941872,6,180.,3,0.,0\\Version=ES64L-G
 09RevE.01\State=1-AG\HF=-5.8027523\MP2=-5.9432518\RMSD=5.947e-10\Dipol
 e=0.,0.,0.\Quadrupole=0.318585,0.5999609,-0.9185459,0.,3.8782131,0.\PG
 =C02H [SGH(H12)]\\@


 FAULTILY FAULTLESS, ICILY REGULAR, SPLENDIDLY NULL...
           MAUDE BY TENNYSON
 Job cpu time:       0 days  0 hours  0 minutes  1.6 seconds.
 File lengths (MBytes):  RWF=     84 Int=      0 D2E=      0 Chk=      2 Scr=      2
 Normal termination of Gaussian 09 at Thu Feb 16 18:33:20 2017.
