 Entering Gaussian System, Link 0=g09
 AtFile(1): H.gbs
            H     0
            S   10   1.00
               1000.000000000000            0.000068713567
                316.227766000000            0.000169141320
                100.000000000000            0.000823394812
                 31.622776600000            0.003425569236
                 10.000000000000            0.013951996000
                  3.162277660000            0.056909313560
                  1.000000000000            0.198286399900
                  0.316227766000            0.496922426700
                  0.100000000000            0.369846276400
                  0.031622776600            0.003752720039
            ****
 Initial command:
 /projects/guscus/apps/gau/g09-e1/g09/l1.exe "/users/lcj1/gaussian/h12/rhfstability/rect/mix/Gau-29891.inp" -scrdir="/users/lcj1/gaussian/h12/rhfstability/rect/mix/"
 Entering Link 1 = /projects/guscus/apps/gau/g09-e1/g09/l1.exe PID=     29892.
  
 Copyright (c) 1988,1990,1992,1993,1995,1998,2003,2009,2015,
            Gaussian, Inc.  All Rights Reserved.
  
 This is part of the Gaussian(R) 09 program.  It is based on
 the Gaussian(R) 03 system (copyright 2003, Gaussian, Inc.),
 the Gaussian(R) 98 system (copyright 1998, Gaussian, Inc.),
 the Gaussian(R) 94 system (copyright 1995, Gaussian, Inc.),
 the Gaussian 92(TM) system (copyright 1992, Gaussian, Inc.),
 the Gaussian 90(TM) system (copyright 1990, Gaussian, Inc.),
 the Gaussian 88(TM) system (copyright 1988, Gaussian, Inc.),
 the Gaussian 86(TM) system (copyright 1986, Carnegie Mellon
 University), and the Gaussian 82(TM) system (copyright 1983,
 Carnegie Mellon University). Gaussian is a federally registered
 trademark of Gaussian, Inc.
  
 This software contains proprietary and confidential information,
 including trade secrets, belonging to Gaussian, Inc.
  
 This software is provided under written license and may be
 used, copied, transmitted, or stored only in accord with that
 written license.
  
 The following legend is applicable only to US Government
 contracts under FAR:
  
                    RESTRICTED RIGHTS LEGEND
  
 Use, reproduction and disclosure by the US Government is
 subject to restrictions as set forth in subparagraphs (a)
 and (c) of the Commercial Computer Software - Restricted
 Rights clause in FAR 52.227-19.
  
 Gaussian, Inc.
 340 Quinnipiac St., Bldg. 40, Wallingford CT 06492
  
  
 ---------------------------------------------------------------
 Warning -- This program may not be used in any manner that
 competes with the business of Gaussian, Inc. or will provide
 assistance to any competitor of Gaussian, Inc.  The licensee
 of this program is prohibited from giving any competitor of
 Gaussian, Inc. access to this program.  By using this program,
 the user acknowledges that Gaussian, Inc. is engaged in the
 business of creating and licensing software in the field of
 computational chemistry and represents and warrants to the
 licensee that it is not a competitor of Gaussian, Inc. and that
 it will not use this program in any manner prohibited above.
 ---------------------------------------------------------------
  

 Cite this work as:
 Gaussian 09, Revision E.01,
 M. J. Frisch, G. W. Trucks, H. B. Schlegel, G. E. Scuseria, 
 M. A. Robb, J. R. Cheeseman, G. Scalmani, V. Barone, B. Mennucci, 
 G. A. Petersson, H. Nakatsuji, M. Caricato, X. Li, H. P. Hratchian, 
 A. F. Izmaylov, J. Bloino, G. Zheng, J. L. Sonnenberg, M. Hada, 
 M. Ehara, K. Toyota, R. Fukuda, J. Hasegawa, M. Ishida, T. Nakajima, 
 Y. Honda, O. Kitao, H. Nakai, T. Vreven, J. A. Montgomery, Jr., 
 J. E. Peralta, F. Ogliaro, M. Bearpark, J. J. Heyd, E. Brothers, 
 K. N. Kudin, V. N. Staroverov, T. Keith, R. Kobayashi, J. Normand, 
 K. Raghavachari, A. Rendell, J. C. Burant, S. S. Iyengar, J. Tomasi, 
 M. Cossi, N. Rega, J. M. Millam, M. Klene, J. E. Knox, J. B. Cross, 
 V. Bakken, C. Adamo, J. Jaramillo, R. Gomperts, R. E. Stratmann, 
 O. Yazyev, A. J. Austin, R. Cammi, C. Pomelli, J. W. Ochterski, 
 R. L. Martin, K. Morokuma, V. G. Zakrzewski, G. A. Voth, 
 P. Salvador, J. J. Dannenberg, S. Dapprich, A. D. Daniels, 
 O. Farkas, J. B. Foresman, J. V. Ortiz, J. Cioslowski, 
 and D. J. Fox, Gaussian, Inc., Wallingford CT, 2013.
 
 ******************************************
 Gaussian 09:  ES64L-G09RevE.01 30-Nov-2015
                16-Feb-2017 
 ******************************************
 %chk=h12.chk
 ----------------------------------------------------------------------
 #rhf/gen scf(tight,novaracc,noincfock,fulldiag) stable(crhf) guess=mix
  geom=nocrowd test
 ----------------------------------------------------------------------
 1/38=1/1;
 2/12=1,17=6,18=5,40=1/2;
 3/5=7,16=1,25=1,30=1,116=1/1,2,3;
 4/13=-1/1;
 5/5=100002,16=1,32=2,38=1/2;
 8/6=1,10=90,11=11/1,4;
 9/8=4,13=1/2;
 6/7=2,8=2,9=2,10=2,28=1/1;
 99/5=1,9=1/99;
 ----------------------------------------------------------------------
 hf stability analysis of h12 triangular lattice, y= 2.1684423371644423
 ----------------------------------------------------------------------
 Symbolic Z-matrix:
 Charge =  0 Multiplicity = 1
 H
 H                    1     2.18473 
 H                    1     2.18473  2     14. 
 H                    2     2.18473  1     166.     3     0.       0
 H                    2     2.18473  1     180.     3     0.       0
 H                    4     2.18473  3     180.     5     0.       0
 H                    6     2.18473  5     180.     3     0.       0
 H                    4     2.18473  2     180.     3     0.       0
 H                    3     2.18473  1     180.     4     0.       0
 H                    9     2.18473  3     180.     4     0.       0
 H                    8     2.18473  4     180.     3     0.       0
 H                    7     2.18473  6     180.     3     0.       0
 
                          Input orientation:                          
 ---------------------------------------------------------------------
 Center     Atomic      Atomic             Coordinates (Angstroms)
 Number     Number       Type             X           Y           Z
 ---------------------------------------------------------------------
      1          1           0        0.000000    0.000000    0.000000
      2          1           0        0.000000    0.000000    2.184727
      3          1           0        0.528533    0.000000    2.119831
      4          1           0        0.528533    0.000000    4.304558
      5          1           0        0.000000    0.000000    4.369454
      6          1           0        0.528533    0.000000    6.489285
      7          1           0        1.057067    0.000000    8.609116
      8          1           0        1.057067    0.000000    6.424389
      9          1           0        1.057067    0.000000    4.239662
     10          1           0        1.585600    0.000000    6.359494
     11          1           0        1.585600    0.000000    8.544221
     12          1           0        1.585600    0.000000   10.728948
 ---------------------------------------------------------------------
                    Distance matrix (angstroms):
                    1          2          3          4          5
     1  H    0.000000
     2  H    2.184727   0.000000
     3  H    2.184727   0.532502   0.000000
     4  H    4.336885   2.184727   2.184727   0.000000
     5  H    4.369454   2.184727   2.310876   0.532502   0.000000
     6  H    6.510773   4.336885   4.369454   2.184727   2.184727
     7  H    8.673769   6.510773   6.510773   4.336885   4.369454
     8  H    6.510773   4.369454   4.336885   2.184727   2.310876
     9  H    4.369454   2.310876   2.184727   0.532502   1.065005
    10  H    6.554181   4.465737   4.369454   2.310876   2.544481
    11  H    8.690100   6.554181   6.510773   4.369454   4.465737
    12  H   10.845480   8.690100   8.673769   6.510773   6.554181
                    6          7          8          9         10
     6  H    0.000000
     7  H    2.184727   0.000000
     8  H    0.532502   2.184727   0.000000
     9  H    2.310876   4.369454   2.184727   0.000000
    10  H    1.065005   2.310876   0.532502   2.184727   0.000000
    11  H    2.310876   0.532502   2.184727   4.336885   2.184727
    12  H    4.369454   2.184727   4.336885   6.510773   4.369454
                   11         12
    11  H    0.000000
    12  H    2.184727   0.000000
 Stoichiometry    H12
 Framework group  C2H[SGH(H12)]
 Deg. of freedom    11
 Full point group                 C2H     NOp   4
 Largest Abelian subgroup         C2H     NOp   4
 Largest concise Abelian subgroup C2      NOp   2
                         Standard orientation:                         
 ---------------------------------------------------------------------
 Center     Atomic      Atomic             Coordinates (Angstroms)
 Number     Number       Type             X           Y           Z
 ---------------------------------------------------------------------
      1          1           0        0.528533    5.396922   -0.000000
      2          1           0        0.000000    3.277090    0.000000
      3          1           0        0.528533    3.212195   -0.000000
      4          1           0        0.000000    1.092363    0.000000
      5          1           0       -0.528533    1.157259    0.000000
      6          1           0       -0.528533   -1.027468    0.000000
      7          1           0       -0.528533   -3.212195    0.000000
      8          1           0       -0.000000   -1.092363    0.000000
      9          1           0        0.528533    1.027468   -0.000000
     10          1           0        0.528533   -1.157259    0.000000
     11          1           0       -0.000000   -3.277090    0.000000
     12          1           0       -0.528533   -5.396922    0.000000
 ---------------------------------------------------------------------
 Rotational constants (GHZ):    339.4296806      4.6301390      4.5678295
 General basis read from cards:  (5D, 7F)
 There are     6 symmetry adapted cartesian basis functions of AG  symmetry.
 There are     0 symmetry adapted cartesian basis functions of BG  symmetry.
 There are     0 symmetry adapted cartesian basis functions of AU  symmetry.
 There are     6 symmetry adapted cartesian basis functions of BU  symmetry.
 There are     6 symmetry adapted basis functions of AG  symmetry.
 There are     0 symmetry adapted basis functions of BG  symmetry.
 There are     0 symmetry adapted basis functions of AU  symmetry.
 There are     6 symmetry adapted basis functions of BU  symmetry.
    12 basis functions,   120 primitive gaussians,    12 cartesian basis functions
     6 alpha electrons        6 beta electrons
       nuclear repulsion energy        16.1688402678 Hartrees.
 NAtoms=   12 NActive=   12 NUniq=    6 SFac= 4.00D+00 NAtFMM=   60 NAOKFM=F Big=F
 Integral buffers will be    131072 words long.
 Regular integral format.
 Two-electron integral symmetry is turned on.
 One-electron integrals computed using PRISM.
 NBasis=    12 RedAO= T EigKep=  4.34D-02  NBF=     6     0     0     6
 NBsUse=    12 1.00D-06 EigRej= -1.00D+00 NBFU=     6     0     0     6
 ExpMin= 3.16D-02 ExpMax= 1.00D+03 ExpMxC= 1.00D+01 IAcc=3 IRadAn=         5 AccDes= 0.00D+00
 Harris functional with IExCor=  205 and IRadAn=       5 diagonalized for initial guess.
 HarFok:  IExCor=  205 AccDes= 0.00D+00 IRadAn=         5 IDoV= 1 UseB2=F ITyADJ=14
 ICtDFT=  3500011 ScaDFX=  1.000000  1.000000  1.000000  1.000000
 FoFCou: FMM=F IPFlag=           0 FMFlag=      100000 FMFlg1=           0
         NFxFlg=           0 DoJE=T BraDBF=F KetDBF=T FulRan=T
         wScrn=  0.000000 ICntrl=     500 IOpCl=  0 I1Cent=   200000004 NGrid=           0
         NMat0=    1 NMatS0=      1 NMatT0=    0 NMatD0=    1 NMtDS0=    0 NMtDT0=    0
 Petite list used in FoFCou.
 Mixing orbitals, IMix= 1 IMixAn=  0 NRI=1 NE=    6 Coef=  7.07106781D-01  7.07106781D-01
 Initial guess orbital symmetries:
       Occupied  (AG) (BU) (AG) (BU) (AG) (BU)
       Virtual   (BU) (AG) (BU) (AG) (AG) (BU)
 The electronic state of the initial guess is 1-AG.
 Keep R1 ints in memory in symmetry-blocked form, NReq=893886.
 Requested convergence on RMS density matrix=1.00D-08 within 128 cycles.
 Requested convergence on MAX density matrix=1.00D-06.
 Requested convergence on             energy=1.00D-06.
 No special actions if energy rises.
 An orbital has undefined symmetry, so N**3 symmetry is turned off.
 SCF Done:  E(RHF) =  -4.94571984990     A.U. after   15 cycles
            NFock= 15  Conv=0.40D-08     -V/T= 1.7696
 Range of M.O.s used for correlation:     1    12
 NBasis=    12 NAE=     6 NBE=     6 NFC=     0 NFV=     0
 NROrb=     12 NOA=     6 NOB=     6 NVA=     6 NVB=     6

 **** Warning!!: The smallest alpha delta epsilon is  0.51226035D-01

 Semi-Direct transformation.
 ModeAB=           2 MOrb=             6 LenV=     134096013
 LASXX=         2181 LTotXX=        2181 LenRXX=        2181
 LTotAB=        2934 MaxLAS=        5616 LenRXY=        5616
 NonZer=        5616 LenScr=      655360 LnRSAI=           0
 LnScr1=           0 LExtra=           0 Total=       663157
 MaxDsk=          -1 SrtSym=           F ITran=            3
 JobTyp=0 Pass  1:  I=   1 to   6.
 (rs|ai) integrals will be sorted in core.
 SymMOI:  orbitals are not symmetric.
 Spin components of T(2) and E(2):
     alpha-alpha T2 =       0.4597728755D-02 E2=     -0.3964962708D-02
     alpha-beta  T2 =       0.7514389770D+01 E2=     -0.8371908042D+00
     beta-beta   T2 =       0.4597728755D-02 E2=     -0.3964962708D-02
 ANorm=    0.2919517979D+01
 E2 =    -0.8451207296D+00 EUMP2 =    -0.57908405794787D+01
 Second order stability test of a single determinant RHF wave function:
 Stabil:  MDV=134217728
 ***********************************************************************
 Matrix         Lowest Root    Major Pairs
 ***********************************************************************
 Internal RHF     0.0351801    Stable
 RRHF --> CRHF    0.0001017    Stable
 RRHF --> RUHF   -0.5585983    6A=7B
 Not stable.
 ***********************************************************************

 **********************************************************************

            Population analysis using the SCF density.

 **********************************************************************

 Orbital symmetries:
       Occupied  (AG) (BU) (AG) (BU) (BU) (AG)
       Virtual   (BU) (AG) (BU) (AG) (AG) (BU)
 The electronic state is 1-AG.
 Alpha  occ. eigenvalues --   -0.93316  -0.90099  -0.70810  -0.70710  -0.25107
 Alpha  occ. eigenvalues --   -0.19733
 Alpha virt. eigenvalues --   -0.14611   0.03843   0.57953   0.58350   1.24245
 Alpha virt. eigenvalues --    1.38169
          Condensed to atoms (all electrons):
               1          2          3          4          5          6
     1  H    1.074171  -0.015272  -0.021836   0.000146   0.001674   0.000028
     2  H   -0.015272   0.571542   0.484126  -0.021728  -0.001181   0.000430
     3  H   -0.021836   0.484126   0.574079  -0.021649  -0.019790  -0.000487
     4  H    0.000146  -0.021728  -0.021649   1.194957   0.201649  -0.011999
     5  H    0.001674  -0.001181  -0.019790   0.201649   1.057747   0.177899
     6  H    0.000028   0.000430  -0.000487  -0.011999   0.177899   1.107592
     7  H   -0.000000   0.000002   0.000000   0.000122   0.000573   0.006474
     8  H    0.000002   0.000112   0.000122  -0.023827  -0.007689   0.199277
     9  H   -0.001632  -0.013745   0.006474   0.199277  -0.575495  -0.161950
    10  H   -0.000024  -0.000255   0.000573  -0.007689  -0.113776  -0.575495
    11  H   -0.000000   0.000001   0.000002   0.000112  -0.000255  -0.013745
    12  H    0.000000  -0.000000  -0.000000   0.000002  -0.000024  -0.001632
               7          8          9         10         11         12
     1  H   -0.000000   0.000002  -0.001632  -0.000024  -0.000000   0.000000
     2  H    0.000002   0.000112  -0.013745  -0.000255   0.000001  -0.000000
     3  H    0.000000   0.000122   0.006474   0.000573   0.000002  -0.000000
     4  H    0.000122  -0.023827   0.199277  -0.007689   0.000112   0.000002
     5  H    0.000573  -0.007689  -0.575495  -0.113776  -0.000255  -0.000024
     6  H    0.006474   0.199277  -0.161950  -0.575495  -0.013745  -0.001632
     7  H    0.574079  -0.021649  -0.000487  -0.019790   0.484126  -0.021836
     8  H   -0.021649   1.194957  -0.011999   0.201649  -0.021728   0.000146
     9  H   -0.000487  -0.011999   1.107592   0.177899   0.000430   0.000028
    10  H   -0.019790   0.201649   0.177899   1.057747  -0.001181   0.001674
    11  H    0.484126  -0.021728   0.000430  -0.001181   0.571542  -0.015272
    12  H   -0.021836   0.000146   0.000028   0.001674  -0.015272   1.074171
 Mulliken charges:
               1
     1  H   -0.037256
     2  H   -0.004031
     3  H   -0.001614
     4  H   -0.509374
     5  H    0.278666
     6  H    0.273609
     7  H   -0.001614
     8  H   -0.509374
     9  H    0.273609
    10  H    0.278666
    11  H   -0.004031
    12  H   -0.037256
 Sum of Mulliken charges =  -0.00000
 Mulliken charges with hydrogens summed into heavy atoms:
               1
 Electronic spatial extent (au):  <R**2>=            436.4198
 Charge=             -0.0000 electrons
 Dipole moment (field-independent basis, Debye):
    X=              0.0000    Y=              0.0000    Z=             -0.0000  Tot=              0.0000
 Quadrupole moment (field-independent basis, Debye-Ang):
   XX=            -16.4321   YY=            -27.7389   ZZ=            -15.5341
   XY=             -1.4616   XZ=              0.0000   YZ=              0.0000
 Traceless Quadrupole moment (field-independent basis, Debye-Ang):
   XX=              3.4696   YY=             -7.8372   ZZ=              4.3676
   XY=             -1.4616   XZ=              0.0000   YZ=              0.0000
 Octapole moment (field-independent basis, Debye-Ang**2):
  XXX=              0.0000  YYY=              0.0000  ZZZ=             -0.0000  XYY=              0.0000
  XXY=              0.0000  XXZ=             -0.0000  XZZ=              0.0000  YZZ=              0.0000
  YYZ=             -0.0000  XYZ=             -0.0000
 Hexadecapole moment (field-independent basis, Debye-Ang**3):
 XXXX=            -39.6092 YYYY=          -1318.5655 ZZZZ=            -18.9320 XXXY=            -36.2976
 XXXZ=              0.0000 YYYX=            -79.8642 YYYZ=              0.0000 ZZZX=              0.0000
 ZZZY=              0.0000 XXYY=           -156.0507 XXZZ=             -9.7261 YYZZ=           -152.8422
 XXYZ=              0.0000 YYXZ=              0.0000 ZZXY=            -12.3637
 N-N= 1.616884026777D+01 E-N=-4.126026123362D+01  KE= 6.426653694586D+00
 Symmetry AG   KE= 2.739892146441D+00
 Symmetry BG   KE= 0.000000000000D+00
 Symmetry AU   KE= 0.000000000000D+00
 Symmetry BU   KE= 3.686761548145D+00

 Test job not archived.
 1\1\GINC-SULU\Stability\RHF\Gen\H12\LCJ1\16-Feb-2017\0\\#rhf/gen scf(t
 ight,novaracc,noincfock,fulldiag) stable(crhf) guess=mix geom=nocrowd 
 test\\hf stability analysis of h12 triangular lattice, y= 2.1684423371
 644423\\0,1\H\H,1,2.1847269498\H,1,2.1847269498,2,14.\H,2,2.1847269498
 ,1,166.,3,0.,0\H,2,2.1847269498,1,180.,3,0.,0\H,4,2.1847269498,3,180.,
 5,0.,0\H,6,2.1847269498,5,180.,3,0.,0\H,4,2.1847269498,2,180.,3,0.,0\H
 ,3,2.1847269498,1,180.,4,0.,0\H,9,2.1847269498,3,180.,4,0.,0\H,8,2.184
 7269498,4,180.,3,0.,0\H,7,2.1847269498,6,180.,3,0.,0\\Version=ES64L-G0
 9RevE.01\State=1-AG\HF=-4.9457198\MP2=-5.7908406\RMSD=4.015e-09\Dipole
 =0.,0.,0.\Quadrupole=2.5977574,3.2472039,-5.8449613,0.,-1.0137937,0.\P
 G=C02H [SGH(H12)]\\@


 NECESSARY EVIL: ONE WE LIKE TOO MUCH TO RELINQUISH.
 Job cpu time:       0 days  0 hours  0 minutes  1.3 seconds.
 File lengths (MBytes):  RWF=     84 Int=      0 D2E=      0 Chk=      2 Scr=      2
 Normal termination of Gaussian 09 at Thu Feb 16 18:39:43 2017.
