 Entering Gaussian System, Link 0=g09
 AtFile(1): H.gbs
            H     0
            S   10   1.00
               1000.000000000000            0.000068713567
                316.227766000000            0.000169141320
                100.000000000000            0.000823394812
                 31.622776600000            0.003425569236
                 10.000000000000            0.013951996000
                  3.162277660000            0.056909313560
                  1.000000000000            0.198286399900
                  0.316227766000            0.496922426700
                  0.100000000000            0.369846276400
                  0.031622776600            0.003752720039
            ****
 Initial command:
 /projects/guscus/apps/gau/g09-e1/g09/l1.exe "/users/lcj1/gaussian/h12/rhfstability/rect/mix/Gau-28237.inp" -scrdir="/users/lcj1/gaussian/h12/rhfstability/rect/mix/"
 Entering Link 1 = /projects/guscus/apps/gau/g09-e1/g09/l1.exe PID=     28238.
  
 Copyright (c) 1988,1990,1992,1993,1995,1998,2003,2009,2015,
            Gaussian, Inc.  All Rights Reserved.
  
 This is part of the Gaussian(R) 09 program.  It is based on
 the Gaussian(R) 03 system (copyright 2003, Gaussian, Inc.),
 the Gaussian(R) 98 system (copyright 1998, Gaussian, Inc.),
 the Gaussian(R) 94 system (copyright 1995, Gaussian, Inc.),
 the Gaussian 92(TM) system (copyright 1992, Gaussian, Inc.),
 the Gaussian 90(TM) system (copyright 1990, Gaussian, Inc.),
 the Gaussian 88(TM) system (copyright 1988, Gaussian, Inc.),
 the Gaussian 86(TM) system (copyright 1986, Carnegie Mellon
 University), and the Gaussian 82(TM) system (copyright 1983,
 Carnegie Mellon University). Gaussian is a federally registered
 trademark of Gaussian, Inc.
  
 This software contains proprietary and confidential information,
 including trade secrets, belonging to Gaussian, Inc.
  
 This software is provided under written license and may be
 used, copied, transmitted, or stored only in accord with that
 written license.
  
 The following legend is applicable only to US Government
 contracts under FAR:
  
                    RESTRICTED RIGHTS LEGEND
  
 Use, reproduction and disclosure by the US Government is
 subject to restrictions as set forth in subparagraphs (a)
 and (c) of the Commercial Computer Software - Restricted
 Rights clause in FAR 52.227-19.
  
 Gaussian, Inc.
 340 Quinnipiac St., Bldg. 40, Wallingford CT 06492
  
  
 ---------------------------------------------------------------
 Warning -- This program may not be used in any manner that
 competes with the business of Gaussian, Inc. or will provide
 assistance to any competitor of Gaussian, Inc.  The licensee
 of this program is prohibited from giving any competitor of
 Gaussian, Inc. access to this program.  By using this program,
 the user acknowledges that Gaussian, Inc. is engaged in the
 business of creating and licensing software in the field of
 computational chemistry and represents and warrants to the
 licensee that it is not a competitor of Gaussian, Inc. and that
 it will not use this program in any manner prohibited above.
 ---------------------------------------------------------------
  

 Cite this work as:
 Gaussian 09, Revision E.01,
 M. J. Frisch, G. W. Trucks, H. B. Schlegel, G. E. Scuseria, 
 M. A. Robb, J. R. Cheeseman, G. Scalmani, V. Barone, B. Mennucci, 
 G. A. Petersson, H. Nakatsuji, M. Caricato, X. Li, H. P. Hratchian, 
 A. F. Izmaylov, J. Bloino, G. Zheng, J. L. Sonnenberg, M. Hada, 
 M. Ehara, K. Toyota, R. Fukuda, J. Hasegawa, M. Ishida, T. Nakajima, 
 Y. Honda, O. Kitao, H. Nakai, T. Vreven, J. A. Montgomery, Jr., 
 J. E. Peralta, F. Ogliaro, M. Bearpark, J. J. Heyd, E. Brothers, 
 K. N. Kudin, V. N. Staroverov, T. Keith, R. Kobayashi, J. Normand, 
 K. Raghavachari, A. Rendell, J. C. Burant, S. S. Iyengar, J. Tomasi, 
 M. Cossi, N. Rega, J. M. Millam, M. Klene, J. E. Knox, J. B. Cross, 
 V. Bakken, C. Adamo, J. Jaramillo, R. Gomperts, R. E. Stratmann, 
 O. Yazyev, A. J. Austin, R. Cammi, C. Pomelli, J. W. Ochterski, 
 R. L. Martin, K. Morokuma, V. G. Zakrzewski, G. A. Voth, 
 P. Salvador, J. J. Dannenberg, S. Dapprich, A. D. Daniels, 
 O. Farkas, J. B. Foresman, J. V. Ortiz, J. Cioslowski, 
 and D. J. Fox, Gaussian, Inc., Wallingford CT, 2013.
 
 ******************************************
 Gaussian 09:  ES64L-G09RevE.01 30-Nov-2015
                16-Feb-2017 
 ******************************************
 %chk=h12.chk
 ----------------------------------------------------------------------
 #rhf/gen scf(tight,novaracc,noincfock,fulldiag) stable(crhf) guess=mix
  geom=nocrowd test
 ----------------------------------------------------------------------
 1/38=1/1;
 2/12=1,17=6,18=5,40=1/2;
 3/5=7,16=1,25=1,30=1,116=1/1,2,3;
 4/13=-1/1;
 5/5=100002,16=1,32=2,38=1/2;
 8/6=1,10=90,11=11/1,4;
 9/8=4,13=1/2;
 6/7=2,8=2,9=2,10=2,28=1/1;
 99/5=1,9=1/99;
 ----------------------------------------------------------------------
 hf stability analysis of h12 triangular lattice, y= 1.3742008147382716
 ----------------------------------------------------------------------
 Symbolic Z-matrix:
 Charge =  0 Multiplicity = 1
 H
 H                    1     1.43699 
 H                    1     1.43699  2     34. 
 H                    2     1.43699  1     146.     3     0.       0
 H                    2     1.43699  1     180.     3     0.       0
 H                    4     1.43699  3     180.     5     0.       0
 H                    6     1.43699  5     180.     3     0.       0
 H                    4     1.43699  2     180.     3     0.       0
 H                    3     1.43699  1     180.     4     0.       0
 H                    9     1.43699  3     180.     4     0.       0
 H                    8     1.43699  4     180.     3     0.       0
 H                    7     1.43699  6     180.     3     0.       0
 
                          Input orientation:                          
 ---------------------------------------------------------------------
 Center     Atomic      Atomic             Coordinates (Angstroms)
 Number     Number       Type             X           Y           Z
 ---------------------------------------------------------------------
      1          1           0        0.000000    0.000000    0.000000
      2          1           0        0.000000    0.000000    1.436990
      3          1           0        0.803555    0.000000    1.191319
      4          1           0        0.803555    0.000000    2.628310
      5          1           0        0.000000    0.000000    2.873981
      6          1           0        0.803555    0.000000    4.065300
      7          1           0        1.607110    0.000000    5.256619
      8          1           0        1.607110    0.000000    3.819629
      9          1           0        1.607110    0.000000    2.382638
     10          1           0        2.410665    0.000000    3.573957
     11          1           0        2.410665    0.000000    5.010948
     12          1           0        2.410665    0.000000    6.447938
 ---------------------------------------------------------------------
                    Distance matrix (angstroms):
                    1          2          3          4          5
     1  H    0.000000
     2  H    1.436990   0.000000
     3  H    1.436990   0.840271   0.000000
     4  H    2.748402   1.436990   1.436990   0.000000
     5  H    2.873981   1.436990   1.864685   0.840271   0.000000
     6  H    4.143955   2.748402   2.873981   1.436990   1.436990
     7  H    5.496803   4.143955   4.143955   2.748402   2.873981
     8  H    4.143955   2.873981   2.748402   1.436990   1.864685
     9  H    2.873981   1.864685   1.436990   0.840271   1.680541
    10  H    4.310971   3.221480   2.873981   1.864685   2.510233
    11  H    5.560656   4.310971   4.143955   2.873981   3.221480
    12  H    6.883837   5.560656   5.496803   4.143955   4.310971
                    6          7          8          9         10
     6  H    0.000000
     7  H    1.436990   0.000000
     8  H    0.840271   1.436990   0.000000
     9  H    1.864685   2.873981   1.436990   0.000000
    10  H    1.680541   1.864685   0.840271   1.436990   0.000000
    11  H    1.864685   0.840271   1.436990   2.748402   1.436990
    12  H    2.873981   1.436990   2.748402   4.143955   2.873981
                   11         12
    11  H    0.000000
    12  H    1.436990   0.000000
 Stoichiometry    H12
 Framework group  C2H[SGH(H12)]
 Deg. of freedom    11
 Full point group                 C2H     NOp   4
 Largest Abelian subgroup         C2H     NOp   4
 Largest concise Abelian subgroup C2      NOp   2
                         Standard orientation:                         
 ---------------------------------------------------------------------
 Center     Atomic      Atomic             Coordinates (Angstroms)
 Number     Number       Type             X           Y           Z
 ---------------------------------------------------------------------
      1          1           0        0.803555    3.346805   -0.000000
      2          1           0        0.000000    2.155486   -0.000000
      3          1           0        0.803555    1.909814    0.000000
      4          1           0        0.000000    0.718495   -0.000000
      5          1           0       -0.803555    0.964167   -0.000000
      6          1           0       -0.803555   -0.472824   -0.000000
      7          1           0       -0.803555   -1.909814    0.000000
      8          1           0       -0.000000   -0.718495    0.000000
      9          1           0        0.803555    0.472824   -0.000000
     10          1           0        0.803555   -0.964167   -0.000000
     11          1           0       -0.000000   -2.155486    0.000000
     12          1           0       -0.803555   -3.346805    0.000000
 ---------------------------------------------------------------------
 Rotational constants (GHZ):    137.4124109     11.4371567     10.5583597
 General basis read from cards:  (5D, 7F)
 There are     6 symmetry adapted cartesian basis functions of AG  symmetry.
 There are     0 symmetry adapted cartesian basis functions of BG  symmetry.
 There are     0 symmetry adapted cartesian basis functions of AU  symmetry.
 There are     6 symmetry adapted cartesian basis functions of BU  symmetry.
 There are     6 symmetry adapted basis functions of AG  symmetry.
 There are     0 symmetry adapted basis functions of BG  symmetry.
 There are     0 symmetry adapted basis functions of AU  symmetry.
 There are     6 symmetry adapted basis functions of BU  symmetry.
    12 basis functions,   120 primitive gaussians,    12 cartesian basis functions
     6 alpha electrons        6 beta electrons
       nuclear repulsion energy        17.9129602223 Hartrees.
 NAtoms=   12 NActive=   12 NUniq=    6 SFac= 4.00D+00 NAtFMM=   60 NAOKFM=F Big=F
 Integral buffers will be    131072 words long.
 Regular integral format.
 Two-electron integral symmetry is turned on.
 One-electron integrals computed using PRISM.
 NBasis=    12 RedAO= T EigKep=  1.29D-01  NBF=     6     0     0     6
 NBsUse=    12 1.00D-06 EigRej= -1.00D+00 NBFU=     6     0     0     6
 ExpMin= 3.16D-02 ExpMax= 1.00D+03 ExpMxC= 1.00D+01 IAcc=3 IRadAn=         5 AccDes= 0.00D+00
 Harris functional with IExCor=  205 and IRadAn=       5 diagonalized for initial guess.
 HarFok:  IExCor=  205 AccDes= 0.00D+00 IRadAn=         5 IDoV= 1 UseB2=F ITyADJ=14
 ICtDFT=  3500011 ScaDFX=  1.000000  1.000000  1.000000  1.000000
 FoFCou: FMM=F IPFlag=           0 FMFlag=      100000 FMFlg1=           0
         NFxFlg=           0 DoJE=T BraDBF=F KetDBF=T FulRan=T
         wScrn=  0.000000 ICntrl=     500 IOpCl=  0 I1Cent=   200000004 NGrid=           0
         NMat0=    1 NMatS0=      1 NMatT0=    0 NMatD0=    1 NMtDS0=    0 NMtDT0=    0
 Petite list used in FoFCou.
 Mixing orbitals, IMix= 1 IMixAn=  0 NRI=1 NE=    6 Coef=  7.07106781D-01  7.07106781D-01
 Initial guess orbital symmetries:
       Occupied  (AG) (BU) (AG) (BU) (BU) (AG)
       Virtual   (AG) (BU) (BU) (AG) (AG) (BU)
 The electronic state of the initial guess is 1-AG.
 Keep R1 ints in memory in symmetry-blocked form, NReq=899164.
 Requested convergence on RMS density matrix=1.00D-08 within 128 cycles.
 Requested convergence on MAX density matrix=1.00D-06.
 Requested convergence on             energy=1.00D-06.
 No special actions if energy rises.
 An orbital has undefined symmetry, so N**3 symmetry is turned off.
 SCF Done:  E(RHF) =  -5.77676316264     A.U. after   13 cycles
            NFock= 13  Conv=0.53D-08     -V/T= 1.9228
 Range of M.O.s used for correlation:     1    12
 NBasis=    12 NAE=     6 NBE=     6 NFC=     0 NFV=     0
 NROrb=     12 NOA=     6 NOB=     6 NVA=     6 NVB=     6
 Semi-Direct transformation.
 ModeAB=           2 MOrb=             6 LenV=     134089433
 LASXX=         2181 LTotXX=        2181 LenRXX=        2181
 LTotAB=        2934 MaxLAS=        5616 LenRXY=        5616
 NonZer=        5616 LenScr=      655360 LnRSAI=           0
 LnScr1=           0 LExtra=           0 Total=       663157
 MaxDsk=          -1 SrtSym=           F ITran=            3
 JobTyp=0 Pass  1:  I=   1 to   6.
 (rs|ai) integrals will be sorted in core.
 SymMOI:  orbitals are not symmetric.
 Spin components of T(2) and E(2):
     alpha-alpha T2 =       0.3333692756D-02 E2=     -0.4724923475D-02
     alpha-beta  T2 =       0.1326613668D+00 E2=     -0.1227140986D+00
     beta-beta   T2 =       0.3333692756D-02 E2=     -0.4724923475D-02
 ANorm=    0.1067393438D+01
 E2 =    -0.1321639455D+00 EUMP2 =    -0.59089271081511D+01
 Second order stability test of a single determinant RHF wave function:
 Stabil:  MDV=134217728
 ***********************************************************************
 Matrix         Lowest Root    Major Pairs
 ***********************************************************************
 Internal RHF     0.0242426    Stable
 RRHF --> CRHF   -0.0263826    6A=7A
 RRHF --> RUHF   -0.1988921    6A=7B 5A=8B 4A=8B 3A=7B 6A=10B
 Not stable.
 ***********************************************************************

 **********************************************************************

            Population analysis using the SCF density.

 **********************************************************************

 Orbital symmetries:
       Occupied  (AG) (BU) (AG) (BU) (BU) (AG)
       Virtual   (AG) (BU) (BU) (AG) (AG) (BU)
 The electronic state is 1-AG.
 Alpha  occ. eigenvalues --   -0.83605  -0.74109  -0.60250  -0.46628  -0.38524
 Alpha  occ. eigenvalues --   -0.19251
 Alpha virt. eigenvalues --   -0.01670   0.02383   0.35422   0.44542   0.61668
 Alpha virt. eigenvalues --    0.84092
          Condensed to atoms (all electrons):
               1          2          3          4          5          6
     1  H    0.738025   0.216624  -0.064861  -0.029656   0.024161  -0.000717
     2  H    0.216624   0.564887   0.159259  -0.063220   0.058858  -0.000159
     3  H   -0.064861   0.159259   1.022343  -0.059026  -0.221391   0.011720
     4  H   -0.029656  -0.063220  -0.059026   0.865173   0.348864  -0.067214
     5  H    0.024161   0.058858  -0.221391   0.348864   1.256289  -0.039038
     6  H   -0.000717  -0.000159   0.011720  -0.067214  -0.039038   1.039630
     7  H   -0.000334  -0.000699   0.004968  -0.006964  -0.029566   0.235051
     8  H    0.002354   0.001037  -0.006964  -0.114265  -0.040155   0.251466
     9  H   -0.047054  -0.087709   0.235051   0.251466  -0.218669  -0.072533
    10  H    0.003423   0.003427  -0.029566  -0.040155   0.015448  -0.218669
    11  H    0.000039   0.000330  -0.000699   0.001037   0.003427  -0.087709
    12  H    0.000009   0.000039  -0.000334   0.002354   0.003423  -0.047054
               7          8          9         10         11         12
     1  H   -0.000334   0.002354  -0.047054   0.003423   0.000039   0.000009
     2  H   -0.000699   0.001037  -0.087709   0.003427   0.000330   0.000039
     3  H    0.004968  -0.006964   0.235051  -0.029566  -0.000699  -0.000334
     4  H   -0.006964  -0.114265   0.251466  -0.040155   0.001037   0.002354
     5  H   -0.029566  -0.040155  -0.218669   0.015448   0.003427   0.003423
     6  H    0.235051   0.251466  -0.072533  -0.218669  -0.087709  -0.047054
     7  H    1.022343  -0.059026   0.011720  -0.221391   0.159259  -0.064861
     8  H   -0.059026   0.865173  -0.067214   0.348864  -0.063220  -0.029656
     9  H    0.011720  -0.067214   1.039630  -0.039038  -0.000159  -0.000717
    10  H   -0.221391   0.348864  -0.039038   1.256289   0.058858   0.024161
    11  H    0.159259  -0.063220  -0.000159   0.058858   0.564887   0.216624
    12  H   -0.064861  -0.029656  -0.000717   0.024161   0.216624   0.738025
 Mulliken charges:
               1
     1  H    0.157987
     2  H    0.147326
     3  H   -0.050498
     4  H   -0.088393
     5  H   -0.161650
     6  H   -0.004772
     7  H   -0.050498
     8  H   -0.088393
     9  H   -0.004772
    10  H   -0.161650
    11  H    0.147326
    12  H    0.157987
 Sum of Mulliken charges =   0.00000
 Mulliken charges with hydrogens summed into heavy atoms:
               1
 Electronic spatial extent (au):  <R**2>=            193.7281
 Charge=              0.0000 electrons
 Dipole moment (field-independent basis, Debye):
    X=             -0.0000    Y=              0.0000    Z=              0.0000  Tot=              0.0000
 Quadrupole moment (field-independent basis, Debye-Ang):
   XX=            -18.1920   YY=              1.1526   ZZ=            -15.4098
   XY=              4.4850   XZ=             -0.0000   YZ=             -0.0000
 Traceless Quadrupole moment (field-independent basis, Debye-Ang):
   XX=             -7.3756   YY=             11.9690   ZZ=             -4.5934
   XY=              4.4850   XZ=             -0.0000   YZ=             -0.0000
 Octapole moment (field-independent basis, Debye-Ang**2):
  XXX=              0.0000  YYY=             -0.0000  ZZZ=              0.0000  XYY=              0.0000
  XXY=             -0.0000  XXZ=              0.0000  XZZ=              0.0000  YZZ=             -0.0000
  YYZ=              0.0000  XYZ=              0.0000
 Hexadecapole moment (field-independent basis, Debye-Ang**3):
 XXXX=            -66.2859 YYYY=           -140.1122 ZZZZ=            -18.5064 XXXY=            -22.9736
 XXXZ=              0.0000 YYYX=             26.1493 YYYZ=             -0.0000 ZZZX=              0.0000
 ZZZY=              0.0000 XXYY=            -55.4601 XXZZ=            -13.9229 YYZZ=            -59.2772
 XXYZ=              0.0000 YYXZ=             -0.0000 ZZXY=             -9.0554
 N-N= 1.791296022228D+01 E-N=-4.719231773817D+01  KE= 6.260198886528D+00
 Symmetry AG   KE= 3.090841948785D+00
 Symmetry BG   KE= 0.000000000000D+00
 Symmetry AU   KE= 0.000000000000D+00
 Symmetry BU   KE= 3.169356937743D+00

 Test job not archived.
 1\1\GINC-SULU\Stability\RHF\Gen\H12\LCJ1\16-Feb-2017\0\\#rhf/gen scf(t
 ight,novaracc,noincfock,fulldiag) stable(crhf) guess=mix geom=nocrowd 
 test\\hf stability analysis of h12 triangular lattice, y= 1.3742008147
 382716\\0,1\H\H,1,1.4369904482\H,1,1.4369904482,2,34.\H,2,1.4369904482
 ,1,146.,3,0.,0\H,2,1.4369904482,1,180.,3,0.,0\H,4,1.4369904482,3,180.,
 5,0.,0\H,6,1.4369904482,5,180.,3,0.,0\H,4,1.4369904482,2,180.,3,0.,0\H
 ,3,1.4369904482,1,180.,4,0.,0\H,9,1.4369904482,3,180.,4,0.,0\H,8,1.436
 9904482,4,180.,3,0.,0\H,7,1.4369904482,6,180.,3,0.,0\\Version=ES64L-G0
 9RevE.01\State=1-AG\HF=-5.7767632\MP2=-5.9089271\RMSD=5.284e-09\Dipole
 =0.,0.,0.\Quadrupole=-4.0779797,-3.415077,7.4930567,0.,5.4183797,0.\PG
 =C02H [SGH(H12)]\\@


 THE DIFFICULTY IN SCIENCE IS OFTEN NOT SO MUCH HOW
 TO MAKE A DISCOVERY BUT RATHER TO KNOW ONE HAS MADE IT.

                                                   -- J. D. BERNAL
 Job cpu time:       0 days  0 hours  0 minutes  1.4 seconds.
 File lengths (MBytes):  RWF=     84 Int=      0 D2E=      0 Chk=      2 Scr=      2
 Normal termination of Gaussian 09 at Thu Feb 16 18:37:43 2017.
