 Entering Gaussian System, Link 0=g09
 AtFile(1): H.gbs
            H     0
            S   10   1.00
               1000.000000000000            0.000068713567
                316.227766000000            0.000169141320
                100.000000000000            0.000823394812
                 31.622776600000            0.003425569236
                 10.000000000000            0.013951996000
                  3.162277660000            0.056909313560
                  1.000000000000            0.198286399900
                  0.316227766000            0.496922426700
                  0.100000000000            0.369846276400
                  0.031622776600            0.003752720039
            ****
 Initial command:
 /projects/guscus/apps/gau/g09-e1/g09/l1.exe "/users/lcj1/gaussian/h12/rhfstability/rect/mix/Gau-20281.inp" -scrdir="/users/lcj1/gaussian/h12/rhfstability/rect/mix/"
 Entering Link 1 = /projects/guscus/apps/gau/g09-e1/g09/l1.exe PID=     20282.
  
 Copyright (c) 1988,1990,1992,1993,1995,1998,2003,2009,2015,
            Gaussian, Inc.  All Rights Reserved.
  
 This is part of the Gaussian(R) 09 program.  It is based on
 the Gaussian(R) 03 system (copyright 2003, Gaussian, Inc.),
 the Gaussian(R) 98 system (copyright 1998, Gaussian, Inc.),
 the Gaussian(R) 94 system (copyright 1995, Gaussian, Inc.),
 the Gaussian 92(TM) system (copyright 1992, Gaussian, Inc.),
 the Gaussian 90(TM) system (copyright 1990, Gaussian, Inc.),
 the Gaussian 88(TM) system (copyright 1988, Gaussian, Inc.),
 the Gaussian 86(TM) system (copyright 1986, Carnegie Mellon
 University), and the Gaussian 82(TM) system (copyright 1983,
 Carnegie Mellon University). Gaussian is a federally registered
 trademark of Gaussian, Inc.
  
 This software contains proprietary and confidential information,
 including trade secrets, belonging to Gaussian, Inc.
  
 This software is provided under written license and may be
 used, copied, transmitted, or stored only in accord with that
 written license.
  
 The following legend is applicable only to US Government
 contracts under FAR:
  
                    RESTRICTED RIGHTS LEGEND
  
 Use, reproduction and disclosure by the US Government is
 subject to restrictions as set forth in subparagraphs (a)
 and (c) of the Commercial Computer Software - Restricted
 Rights clause in FAR 52.227-19.
  
 Gaussian, Inc.
 340 Quinnipiac St., Bldg. 40, Wallingford CT 06492
  
  
 ---------------------------------------------------------------
 Warning -- This program may not be used in any manner that
 competes with the business of Gaussian, Inc. or will provide
 assistance to any competitor of Gaussian, Inc.  The licensee
 of this program is prohibited from giving any competitor of
 Gaussian, Inc. access to this program.  By using this program,
 the user acknowledges that Gaussian, Inc. is engaged in the
 business of creating and licensing software in the field of
 computational chemistry and represents and warrants to the
 licensee that it is not a competitor of Gaussian, Inc. and that
 it will not use this program in any manner prohibited above.
 ---------------------------------------------------------------
  

 Cite this work as:
 Gaussian 09, Revision E.01,
 M. J. Frisch, G. W. Trucks, H. B. Schlegel, G. E. Scuseria, 
 M. A. Robb, J. R. Cheeseman, G. Scalmani, V. Barone, B. Mennucci, 
 G. A. Petersson, H. Nakatsuji, M. Caricato, X. Li, H. P. Hratchian, 
 A. F. Izmaylov, J. Bloino, G. Zheng, J. L. Sonnenberg, M. Hada, 
 M. Ehara, K. Toyota, R. Fukuda, J. Hasegawa, M. Ishida, T. Nakajima, 
 Y. Honda, O. Kitao, H. Nakai, T. Vreven, J. A. Montgomery, Jr., 
 J. E. Peralta, F. Ogliaro, M. Bearpark, J. J. Heyd, E. Brothers, 
 K. N. Kudin, V. N. Staroverov, T. Keith, R. Kobayashi, J. Normand, 
 K. Raghavachari, A. Rendell, J. C. Burant, S. S. Iyengar, J. Tomasi, 
 M. Cossi, N. Rega, J. M. Millam, M. Klene, J. E. Knox, J. B. Cross, 
 V. Bakken, C. Adamo, J. Jaramillo, R. Gomperts, R. E. Stratmann, 
 O. Yazyev, A. J. Austin, R. Cammi, C. Pomelli, J. W. Ochterski, 
 R. L. Martin, K. Morokuma, V. G. Zakrzewski, G. A. Voth, 
 P. Salvador, J. J. Dannenberg, S. Dapprich, A. D. Daniels, 
 O. Farkas, J. B. Foresman, J. V. Ortiz, J. Cioslowski, 
 and D. J. Fox, Gaussian, Inc., Wallingford CT, 2013.
 
 ******************************************
 Gaussian 09:  ES64L-G09RevE.01 30-Nov-2015
                16-Feb-2017 
 ******************************************
 %chk=h12.chk
 ----------------------------------------------------------------------
 #rhf/gen scf(tight,novaracc,noincfock,fulldiag) stable(crhf) guess=mix
  geom=nocrowd test
 ----------------------------------------------------------------------
 1/38=1/1;
 2/12=1,17=6,18=5,40=1/2;
 3/5=7,16=1,25=1,30=1,116=1/1,2,3;
 4/13=-1/1;
 5/5=100002,16=1,32=2,38=1/2;
 8/6=1,10=90,11=11/1,4;
 9/8=4,13=1/2;
 6/7=2,8=2,9=2,10=2,28=1/1;
 99/5=1,9=1/99;
 ----------------------------------------------------------------------
 hf stability analysis of h12 triangular lattice, y= 0.5188669005588153
 5
 ----------------------------------------------------------------------
 Symbolic Z-matrix:
 Charge =  0 Multiplicity = 1
 H
 H                    1     1.22774 
 H                    1     1.22774  2     130. 
 H                    2     1.22774  1     50.      3     0.       0
 H                    2     1.22774  1     180.     3     0.       0
 H                    4     1.22774  3     180.     5     0.       0
 H                    6     1.22774  5     180.     3     0.       0
 H                    4     1.22774  2     180.     3     0.       0
 H                    3     1.22774  1     180.     4     0.       0
 H                    9     1.22774  3     180.     4     0.       0
 H                    8     1.22774  4     180.     3     0.       0
 H                    7     1.22774  6     180.     3     0.       0
 
                          Input orientation:                          
 ---------------------------------------------------------------------
 Center     Atomic      Atomic             Coordinates (Angstroms)
 Number     Number       Type             X           Y           Z
 ---------------------------------------------------------------------
      1          1           0        0.000000    0.000000    0.000000
      2          1           0        0.000000    0.000000    1.227744
      3          1           0        0.940506    0.000000   -0.789178
      4          1           0        0.940506    0.000000    0.438565
      5          1           0        0.000000    0.000000    2.455487
      6          1           0        0.940506    0.000000    1.666309
      7          1           0        1.881012    0.000000    0.877130
      8          1           0        1.881012    0.000000   -0.350613
      9          1           0        1.881012    0.000000   -1.578357
     10          1           0        2.821519    0.000000   -2.367535
     11          1           0        2.821519    0.000000   -1.139792
     12          1           0        2.821519    0.000000    0.087952
 ---------------------------------------------------------------------
                    Distance matrix (angstroms):
                    1          2          3          4          5
     1  H    0.000000
     2  H    1.227744   0.000000
     3  H    1.227744   2.225427   0.000000
     4  H    1.037734   1.227744   1.227744   0.000000
     5  H    2.455487   1.227744   3.378225   2.225427   0.000000
     6  H    1.913410   1.037734   2.455487   1.227744   1.227744
     7  H    2.075468   1.913410   1.913410   1.037734   2.455487
     8  H    1.913410   2.455487   1.037734   1.227744   3.378225
     9  H    2.455487   3.378225   1.227744   2.225427   4.450855
    10  H    3.683231   4.570229   2.455487   3.378225   5.587711
    11  H    3.043040   3.683231   1.913410   2.455487   4.570229
    12  H    2.822889   3.043040   2.075468   1.913410   3.683231
                    6          7          8          9         10
     6  H    0.000000
     7  H    1.227744   0.000000
     8  H    2.225427   1.227744   0.000000
     9  H    3.378225   2.455487   1.227744   0.000000
    10  H    4.450855   3.378225   2.225427   1.227744   0.000000
    11  H    3.378225   2.225427   1.227744   1.037734   1.227744
    12  H    2.455487   1.227744   1.037734   1.913410   2.455487
                   11         12
    11  H    0.000000
    12  H    1.227744   0.000000
 Stoichiometry    H12
 Framework group  C2H[SGH(H12)]
 Deg. of freedom    11
 Full point group                 C2H     NOp   4
 Largest Abelian subgroup         C2H     NOp   4
 Largest concise Abelian subgroup C2      NOp   2
                         Standard orientation:                         
 ---------------------------------------------------------------------
 Center     Atomic      Atomic             Coordinates (Angstroms)
 Number     Number       Type             X           Y           Z
 ---------------------------------------------------------------------
      1          1           0        0.940506    1.052437   -0.000000
      2          1           0        0.000000    1.841615    0.000000
      3          1           0        0.940506   -0.175307   -0.000000
      4          1           0        0.000000    0.613872    0.000000
      5          1           0       -0.940506    2.630794    0.000000
      6          1           0       -0.940506    1.403050    0.000000
      7          1           0       -0.940506    0.175307   -0.000000
      8          1           0       -0.000000   -0.613872    0.000000
      9          1           0        0.940506   -1.403050    0.000000
     10          1           0        0.940506   -2.630794    0.000000
     11          1           0       -0.000000   -1.841615    0.000000
     12          1           0       -0.940506   -1.052437   -0.000000
 ---------------------------------------------------------------------
 Rotational constants (GHZ):     91.4758211     17.1805801     14.4640137
 General basis read from cards:  (5D, 7F)
 There are     6 symmetry adapted cartesian basis functions of AG  symmetry.
 There are     0 symmetry adapted cartesian basis functions of BG  symmetry.
 There are     0 symmetry adapted cartesian basis functions of AU  symmetry.
 There are     6 symmetry adapted cartesian basis functions of BU  symmetry.
 There are     6 symmetry adapted basis functions of AG  symmetry.
 There are     0 symmetry adapted basis functions of BG  symmetry.
 There are     0 symmetry adapted basis functions of AU  symmetry.
 There are     6 symmetry adapted basis functions of BU  symmetry.
    12 basis functions,   120 primitive gaussians,    12 cartesian basis functions
     6 alpha electrons        6 beta electrons
       nuclear repulsion energy        19.0414000967 Hartrees.
 NAtoms=   12 NActive=   12 NUniq=    6 SFac= 4.00D+00 NAtFMM=   60 NAOKFM=F Big=F
 Integral buffers will be    131072 words long.
 Regular integral format.
 Two-electron integral symmetry is turned on.
 One-electron integrals computed using PRISM.
 NBasis=    12 RedAO= T EigKep=  1.86D-01  NBF=     6     0     0     6
 NBsUse=    12 1.00D-06 EigRej= -1.00D+00 NBFU=     6     0     0     6
 ExpMin= 3.16D-02 ExpMax= 1.00D+03 ExpMxC= 1.00D+01 IAcc=3 IRadAn=         5 AccDes= 0.00D+00
 Harris functional with IExCor=  205 and IRadAn=       5 diagonalized for initial guess.
 HarFok:  IExCor=  205 AccDes= 0.00D+00 IRadAn=         5 IDoV= 1 UseB2=F ITyADJ=14
 ICtDFT=  3500011 ScaDFX=  1.000000  1.000000  1.000000  1.000000
 FoFCou: FMM=F IPFlag=           0 FMFlag=      100000 FMFlg1=           0
         NFxFlg=           0 DoJE=T BraDBF=F KetDBF=T FulRan=T
         wScrn=  0.000000 ICntrl=     500 IOpCl=  0 I1Cent=   200000004 NGrid=           0
         NMat0=    1 NMatS0=      1 NMatT0=    0 NMatD0=    1 NMtDS0=    0 NMtDT0=    0
 Petite list used in FoFCou.
 Mixing orbitals, IMix= 1 IMixAn=  0 NRI=1 NE=    6 Coef=  7.07106781D-01  7.07106781D-01
 Initial guess orbital symmetries:
       Occupied  (AG) (BU) (AG) (BU) (BU) (AG)
       Virtual   (AG) (AG) (BU) (BU) (BU) (AG)
 The electronic state of the initial guess is 1-AG.
 Keep R1 ints in memory in symmetry-blocked form, NReq=902748.
 Requested convergence on RMS density matrix=1.00D-08 within 128 cycles.
 Requested convergence on MAX density matrix=1.00D-06.
 Requested convergence on             energy=1.00D-06.
 No special actions if energy rises.
 An orbital has undefined symmetry, so N**3 symmetry is turned off.
 SCF Done:  E(RHF) =  -5.96499384950     A.U. after   12 cycles
            NFock= 12  Conv=0.32D-08     -V/T= 1.9770
 Range of M.O.s used for correlation:     1    12
 NBasis=    12 NAE=     6 NBE=     6 NFC=     0 NFV=     0
 NROrb=     12 NOA=     6 NOB=     6 NVA=     6 NVB=     6
 Semi-Direct transformation.
 ModeAB=           2 MOrb=             6 LenV=     134086507
 LASXX=         2181 LTotXX=        2181 LenRXX=        2181
 LTotAB=        2934 MaxLAS=        5616 LenRXY=        5616
 NonZer=        5616 LenScr=      655360 LnRSAI=           0
 LnScr1=           0 LExtra=           0 Total=       663157
 MaxDsk=          -1 SrtSym=           F ITran=            3
 JobTyp=0 Pass  1:  I=   1 to   6.
 (rs|ai) integrals will be sorted in core.
 SymMOI:  orbitals are not symmetric.
 Spin components of T(2) and E(2):
     alpha-alpha T2 =       0.4229628654D-02 E2=     -0.6436365272D-02
     alpha-beta  T2 =       0.6311442374D-01 E2=     -0.9806541997D-01
     beta-beta   T2 =       0.4229628654D-02 E2=     -0.6436365272D-02
 ANorm=    0.1035168431D+01
 E2 =    -0.1109381505D+00 EUMP2 =    -0.60759320000199D+01
 Second order stability test of a single determinant RHF wave function:
 Stabil:  MDV=134217728
 ***********************************************************************
 Matrix         Lowest Root    Major Pairs
 ***********************************************************************
 Internal RHF     0.2332955    Stable
 RRHF --> CRHF    0.2222722    Stable
 RRHF --> RUHF    0.0359699    Stable
 Stable under the perturbations considered.
 ***********************************************************************

 **********************************************************************

            Population analysis using the SCF density.

 **********************************************************************

 Orbital symmetries:
       Occupied  (AG) (BU) (AG) (BU) (BU) (AG)
       Virtual   (AG) (AG) (BU) (BU) (BU) (AG)
 The electronic state is 1-AG.
 Alpha  occ. eigenvalues --   -0.92999  -0.78134  -0.57963  -0.55990  -0.35668
 Alpha  occ. eigenvalues --   -0.33597
 Alpha virt. eigenvalues --    0.13003   0.23017   0.24184   0.33196   0.51854
 Alpha virt. eigenvalues --    0.54896
          Condensed to atoms (all electrons):
               1          2          3          4          5          6
     1  H    1.074433   0.257737  -0.108092   0.223033  -0.044702  -0.146560
     2  H    0.257737   0.734915  -0.034569  -0.063003   0.183543  -0.024481
     3  H   -0.108092  -0.034569   1.012140  -0.062688   0.009415  -0.003839
     4  H    0.223033  -0.063003  -0.062688   0.951888  -0.105656   0.018852
     5  H   -0.044702   0.183543   0.009415  -0.105656   0.848478   0.171656
     6  H   -0.146560  -0.024481  -0.003839   0.018852   0.171656   0.749870
     7  H   -0.098641  -0.129541  -0.068972   0.326923  -0.051059   0.224927
     8  H   -0.073115  -0.016739   0.326923  -0.171032   0.011964  -0.018956
     9  H   -0.046918  -0.006468   0.224927  -0.018956   0.001019   0.009650
    10  H    0.002027  -0.000252  -0.051059   0.011964  -0.000312   0.001019
    11  H    0.018635   0.007193  -0.129541  -0.016739  -0.000252  -0.006468
    12  H    0.022843   0.018635  -0.098641  -0.073115   0.002027  -0.046918
               7          8          9         10         11         12
     1  H   -0.098641  -0.073115  -0.046918   0.002027   0.018635   0.022843
     2  H   -0.129541  -0.016739  -0.006468  -0.000252   0.007193   0.018635
     3  H   -0.068972   0.326923   0.224927  -0.051059  -0.129541  -0.098641
     4  H    0.326923  -0.171032  -0.018956   0.011964  -0.016739  -0.073115
     5  H   -0.051059   0.011964   0.001019  -0.000312  -0.000252   0.002027
     6  H    0.224927  -0.018956   0.009650   0.001019  -0.006468  -0.046918
     7  H    1.012140  -0.062688  -0.003839   0.009415  -0.034569  -0.108092
     8  H   -0.062688   0.951888   0.018852  -0.105656  -0.063003   0.223033
     9  H   -0.003839   0.018852   0.749870   0.171656  -0.024481  -0.146560
    10  H    0.009415  -0.105656   0.171656   0.848478   0.183543  -0.044702
    11  H   -0.034569  -0.063003  -0.024481   0.183543   0.734915   0.257737
    12  H   -0.108092   0.223033  -0.146560  -0.044702   0.257737   1.074433
 Mulliken charges:
               1
     1  H   -0.080680
     2  H    0.073030
     3  H   -0.016004
     4  H   -0.021471
     5  H   -0.026121
     6  H    0.071247
     7  H   -0.016004
     8  H   -0.021471
     9  H    0.071247
    10  H   -0.026121
    11  H    0.073030
    12  H   -0.080680
 Sum of Mulliken charges =   0.00000
 Mulliken charges with hydrogens summed into heavy atoms:
               1
 Electronic spatial extent (au):  <R**2>=            162.4662
 Charge=              0.0000 electrons
 Dipole moment (field-independent basis, Debye):
    X=             -0.0000    Y=              0.0000    Z=              0.0000  Tot=              0.0000
 Quadrupole moment (field-independent basis, Debye-Ang):
   XX=            -17.9856   YY=            -18.5862   ZZ=            -15.4277
   XY=             -1.0010   XZ=              0.0000   YZ=             -0.0000
 Traceless Quadrupole moment (field-independent basis, Debye-Ang):
   XX=             -0.6524   YY=             -1.2530   ZZ=              1.9055
   XY=             -1.0010   XZ=              0.0000   YZ=             -0.0000
 Octapole moment (field-independent basis, Debye-Ang**2):
  XXX=              0.0000  YYY=              0.0000  ZZZ=             -0.0000  XYY=             -0.0000
  XXY=              0.0000  XXZ=             -0.0000  XZZ=              0.0000  YZZ=              0.0000
  YYZ=             -0.0000  XYZ=              0.0000
 Hexadecapole moment (field-independent basis, Debye-Ang**3):
 XXXX=            -81.7991 YYYY=           -264.9819 ZZZZ=            -18.4476 XXXY=             24.0393
 XXXZ=              0.0000 YYYX=             22.3377 YYYZ=             -0.0000 ZZZX=              0.0000
 ZZZY=             -0.0000 XXYY=            -59.1506 XXZZ=            -16.4734 YYZZ=            -44.5903
 XXYZ=             -0.0000 YYXZ=              0.0000 ZZXY=              7.8665
 N-N= 1.904140009667D+01 E-N=-4.903089947686D+01  KE= 6.105117880120D+00
 Symmetry AG   KE= 2.956339672118D+00
 Symmetry BG   KE= 0.000000000000D+00
 Symmetry AU   KE= 0.000000000000D+00
 Symmetry BU   KE= 3.148778208001D+00

 Test job not archived.
 1\1\GINC-SULU\Stability\RHF\Gen\H12\LCJ1\16-Feb-2017\0\\#rhf/gen scf(t
 ight,novaracc,noincfock,fulldiag) stable(crhf) guess=mix geom=nocrowd 
 test\\hf stability analysis of h12 triangular lattice, y= 0.5188669005
 5881535\\0,1\H\H,1,1.2277436496\H,1,1.2277436496,2,130.\H,2,1.22774364
 96,1,50.,3,0.,0\H,2,1.2277436496,1,180.,3,0.,0\H,4,1.2277436496,3,180.
 ,5,0.,0\H,6,1.2277436496,5,180.,3,0.,0\H,4,1.2277436496,2,180.,3,0.,0\
 H,3,1.2277436496,1,180.,4,0.,0\H,9,1.2277436496,3,180.,4,0.,0\H,8,1.22
 77436496,4,180.,3,0.,0\H,7,1.2277436496,6,180.,3,0.,0\\Version=ES64L-G
 09RevE.01\State=1-AG\HF=-5.9649938\MP2=-6.075932\RMSD=3.244e-09\Dipole
 =0.,0.,0.\Quadrupole=-1.4799958,1.4166602,0.0633356,0.,0.0906382,0.\PG
 =C02H [SGH(H12)]\\@


 A BIRD IN THE HAND IS SAFER THAN ONE OVERHEAD.

                       -- NEWTON'S SEVENTH LAW
 Job cpu time:       0 days  0 hours  0 minutes  1.5 seconds.
 File lengths (MBytes):  RWF=     84 Int=      0 D2E=      0 Chk=      2 Scr=      2
 Normal termination of Gaussian 09 at Thu Feb 16 18:27:38 2017.
