 Entering Gaussian System, Link 0=g09
 AtFile(1): H.gbs
            H     0
            S   10   1.00
               1000.000000000000            0.000068713567
                316.227766000000            0.000169141320
                100.000000000000            0.000823394812
                 31.622776600000            0.003425569236
                 10.000000000000            0.013951996000
                  3.162277660000            0.056909313560
                  1.000000000000            0.198286399900
                  0.316227766000            0.496922426700
                  0.100000000000            0.369846276400
                  0.031622776600            0.003752720039
            ****
 Initial command:
 /projects/guscus/apps/gau/g09-e1/g09/l1.exe "/users/lcj1/gaussian/h12/rhfstability/rect/mix/Gau-25105.inp" -scrdir="/users/lcj1/gaussian/h12/rhfstability/rect/mix/"
 Entering Link 1 = /projects/guscus/apps/gau/g09-e1/g09/l1.exe PID=     25106.
  
 Copyright (c) 1988,1990,1992,1993,1995,1998,2003,2009,2015,
            Gaussian, Inc.  All Rights Reserved.
  
 This is part of the Gaussian(R) 09 program.  It is based on
 the Gaussian(R) 03 system (copyright 2003, Gaussian, Inc.),
 the Gaussian(R) 98 system (copyright 1998, Gaussian, Inc.),
 the Gaussian(R) 94 system (copyright 1995, Gaussian, Inc.),
 the Gaussian 92(TM) system (copyright 1992, Gaussian, Inc.),
 the Gaussian 90(TM) system (copyright 1990, Gaussian, Inc.),
 the Gaussian 88(TM) system (copyright 1988, Gaussian, Inc.),
 the Gaussian 86(TM) system (copyright 1986, Carnegie Mellon
 University), and the Gaussian 82(TM) system (copyright 1983,
 Carnegie Mellon University). Gaussian is a federally registered
 trademark of Gaussian, Inc.
  
 This software contains proprietary and confidential information,
 including trade secrets, belonging to Gaussian, Inc.
  
 This software is provided under written license and may be
 used, copied, transmitted, or stored only in accord with that
 written license.
  
 The following legend is applicable only to US Government
 contracts under FAR:
  
                    RESTRICTED RIGHTS LEGEND
  
 Use, reproduction and disclosure by the US Government is
 subject to restrictions as set forth in subparagraphs (a)
 and (c) of the Commercial Computer Software - Restricted
 Rights clause in FAR 52.227-19.
  
 Gaussian, Inc.
 340 Quinnipiac St., Bldg. 40, Wallingford CT 06492
  
  
 ---------------------------------------------------------------
 Warning -- This program may not be used in any manner that
 competes with the business of Gaussian, Inc. or will provide
 assistance to any competitor of Gaussian, Inc.  The licensee
 of this program is prohibited from giving any competitor of
 Gaussian, Inc. access to this program.  By using this program,
 the user acknowledges that Gaussian, Inc. is engaged in the
 business of creating and licensing software in the field of
 computational chemistry and represents and warrants to the
 licensee that it is not a competitor of Gaussian, Inc. and that
 it will not use this program in any manner prohibited above.
 ---------------------------------------------------------------
  

 Cite this work as:
 Gaussian 09, Revision E.01,
 M. J. Frisch, G. W. Trucks, H. B. Schlegel, G. E. Scuseria, 
 M. A. Robb, J. R. Cheeseman, G. Scalmani, V. Barone, B. Mennucci, 
 G. A. Petersson, H. Nakatsuji, M. Caricato, X. Li, H. P. Hratchian, 
 A. F. Izmaylov, J. Bloino, G. Zheng, J. L. Sonnenberg, M. Hada, 
 M. Ehara, K. Toyota, R. Fukuda, J. Hasegawa, M. Ishida, T. Nakajima, 
 Y. Honda, O. Kitao, H. Nakai, T. Vreven, J. A. Montgomery, Jr., 
 J. E. Peralta, F. Ogliaro, M. Bearpark, J. J. Heyd, E. Brothers, 
 K. N. Kudin, V. N. Staroverov, T. Keith, R. Kobayashi, J. Normand, 
 K. Raghavachari, A. Rendell, J. C. Burant, S. S. Iyengar, J. Tomasi, 
 M. Cossi, N. Rega, J. M. Millam, M. Klene, J. E. Knox, J. B. Cross, 
 V. Bakken, C. Adamo, J. Jaramillo, R. Gomperts, R. E. Stratmann, 
 O. Yazyev, A. J. Austin, R. Cammi, C. Pomelli, J. W. Ochterski, 
 R. L. Martin, K. Morokuma, V. G. Zakrzewski, G. A. Voth, 
 P. Salvador, J. J. Dannenberg, S. Dapprich, A. D. Daniels, 
 O. Farkas, J. B. Foresman, J. V. Ortiz, J. Cioslowski, 
 and D. J. Fox, Gaussian, Inc., Wallingford CT, 2013.
 
 ******************************************
 Gaussian 09:  ES64L-G09RevE.01 30-Nov-2015
                16-Feb-2017 
 ******************************************
 %chk=h12.chk
 ----------------------------------------------------------------------
 #rhf/gen scf(tight,novaracc,noincfock,fulldiag) stable(crhf) guess=mix
  geom=nocrowd test
 ----------------------------------------------------------------------
 1/38=1/1;
 2/12=1,17=6,18=5,40=1/2;
 3/5=7,16=1,25=1,30=1,116=1/1,2,3;
 4/13=-1/1;
 5/5=100002,16=1,32=2,38=1/2;
 8/6=1,10=90,11=11/1,4;
 9/8=4,13=1/2;
 6/7=2,8=2,9=2,10=2,28=1/1;
 99/5=1,9=1/99;
 ----------------------------------------------------------------------
 hf stability analysis of h12 triangular lattice, y= 0.8914339662136427
 9
 ----------------------------------------------------------------------
 Symbolic Z-matrix:
 Charge =  0 Multiplicity = 1
 H
 H                    1     1.10187 
 H                    1     1.10187  2     72. 
 H                    2     1.10187  1     108.     3     0.       0
 H                    2     1.10187  1     180.     3     0.       0
 H                    4     1.10187  3     180.     5     0.       0
 H                    6     1.10187  5     180.     3     0.       0
 H                    4     1.10187  2     180.     3     0.       0
 H                    3     1.10187  1     180.     4     0.       0
 H                    9     1.10187  3     180.     4     0.       0
 H                    8     1.10187  4     180.     3     0.       0
 H                    7     1.10187  6     180.     3     0.       0
 
                          Input orientation:                          
 ---------------------------------------------------------------------
 Center     Atomic      Atomic             Coordinates (Angstroms)
 Number     Number       Type             X           Y           Z
 ---------------------------------------------------------------------
      1          1           0        0.000000    0.000000    0.000000
      2          1           0        0.000000    0.000000    1.101873
      3          1           0        1.047943    0.000000    0.340497
      4          1           0        1.047943    0.000000    1.442370
      5          1           0        0.000000    0.000000    2.203746
      6          1           0        1.047943    0.000000    2.544243
      7          1           0        2.095887    0.000000    2.884741
      8          1           0        2.095887    0.000000    1.782868
      9          1           0        2.095887    0.000000    0.680995
     10          1           0        3.143830    0.000000    1.021492
     11          1           0        3.143830    0.000000    2.123365
     12          1           0        3.143830    0.000000    3.225238
 ---------------------------------------------------------------------
                    Distance matrix (angstroms):
                    1          2          3          4          5
     1  H    0.000000
     2  H    1.101873   0.000000
     3  H    1.101873   1.295329   0.000000
     4  H    1.782868   1.101873   1.101873   0.000000
     5  H    2.203746   1.101873   2.137728   1.295329   0.000000
     6  H    2.751610   1.782868   2.203746   1.101873   1.101873
     7  H    3.565736   2.751610   2.751610   1.782868   2.203746
     8  H    2.751610   2.203746   1.782868   1.101873   2.137728
     9  H    2.203746   2.137728   1.101873   1.295329   2.590659
    10  H    3.305619   3.144858   2.203746   2.137728   3.358778
    11  H    3.793725   3.305619   2.751610   2.203746   3.144858
    12  H    4.503980   3.793725   3.565736   2.751610   3.305619
                    6          7          8          9         10
     6  H    0.000000
     7  H    1.101873   0.000000
     8  H    1.295329   1.101873   0.000000
     9  H    2.137728   2.203746   1.101873   0.000000
    10  H    2.590659   2.137728   1.295329   1.101873   0.000000
    11  H    2.137728   1.295329   1.101873   1.782868   1.101873
    12  H    2.203746   1.101873   1.782868   2.751610   2.203746
                   11         12
    11  H    0.000000
    12  H    1.101873   0.000000
 Stoichiometry    H12
 Framework group  C2H[SGH(H12)]
 Deg. of freedom    11
 Full point group                 C2H     NOp   4
 Largest Abelian subgroup         C2H     NOp   4
 Largest concise Abelian subgroup C2      NOp   2
                         Standard orientation:                         
 ---------------------------------------------------------------------
 Center     Atomic      Atomic             Coordinates (Angstroms)
 Number     Number       Type             X           Y           Z
 ---------------------------------------------------------------------
      1          1           0        1.047943    1.993307    0.000000
      2          1           0        0.000000    1.652809    0.000000
      3          1           0        1.047943    0.891434    0.000000
      4          1           0        0.000000    0.550936    0.000000
      5          1           0       -1.047943    1.312312    0.000000
      6          1           0       -1.047943    0.210439   -0.000000
      7          1           0       -1.047943   -0.891434    0.000000
      8          1           0       -0.000000   -0.550936   -0.000000
      9          1           0        1.047943   -0.210439   -0.000000
     10          1           0        1.047943   -1.312312   -0.000000
     11          1           0       -0.000000   -1.652809   -0.000000
     12          1           0       -1.047943   -1.993307   -0.000000
 ---------------------------------------------------------------------
 Rotational constants (GHZ):     62.2876880     25.2314319     17.9573053
 General basis read from cards:  (5D, 7F)
 There are     6 symmetry adapted cartesian basis functions of AG  symmetry.
 There are     0 symmetry adapted cartesian basis functions of BG  symmetry.
 There are     0 symmetry adapted cartesian basis functions of AU  symmetry.
 There are     6 symmetry adapted cartesian basis functions of BU  symmetry.
 There are     6 symmetry adapted basis functions of AG  symmetry.
 There are     0 symmetry adapted basis functions of BG  symmetry.
 There are     0 symmetry adapted basis functions of AU  symmetry.
 There are     6 symmetry adapted basis functions of BU  symmetry.
    12 basis functions,   120 primitive gaussians,    12 cartesian basis functions
     6 alpha electrons        6 beta electrons
       nuclear repulsion energy        19.9527361841 Hartrees.
 NAtoms=   12 NActive=   12 NUniq=    6 SFac= 4.00D+00 NAtFMM=   60 NAOKFM=F Big=F
 Integral buffers will be    131072 words long.
 Regular integral format.
 Two-electron integral symmetry is turned on.
 One-electron integrals computed using PRISM.
 NBasis=    12 RedAO= T EigKep=  1.33D-01  NBF=     6     0     0     6
 NBsUse=    12 1.00D-06 EigRej= -1.00D+00 NBFU=     6     0     0     6
 ExpMin= 3.16D-02 ExpMax= 1.00D+03 ExpMxC= 1.00D+01 IAcc=3 IRadAn=         5 AccDes= 0.00D+00
 Harris functional with IExCor=  205 and IRadAn=       5 diagonalized for initial guess.
 HarFok:  IExCor=  205 AccDes= 0.00D+00 IRadAn=         5 IDoV= 1 UseB2=F ITyADJ=14
 ICtDFT=  3500011 ScaDFX=  1.000000  1.000000  1.000000  1.000000
 FoFCou: FMM=F IPFlag=           0 FMFlag=      100000 FMFlg1=           0
         NFxFlg=           0 DoJE=T BraDBF=F KetDBF=T FulRan=T
         wScrn=  0.000000 ICntrl=     500 IOpCl=  0 I1Cent=   200000004 NGrid=           0
         NMat0=    1 NMatS0=      1 NMatT0=    0 NMatD0=    1 NMtDS0=    0 NMtDT0=    0
 Petite list used in FoFCou.
 Mixing orbitals, IMix= 1 IMixAn=  0 NRI=1 NE=    6 Coef=  7.07106781D-01  7.07106781D-01
 Initial guess orbital symmetries:
       Occupied  (AG) (BU) (BU) (AG) (AG) (?A)
       Virtual   (?A) (BU) (BU) (AG) (AG) (BU)
 Keep R1 ints in memory in symmetry-blocked form, NReq=903966.
 Requested convergence on RMS density matrix=1.00D-08 within 128 cycles.
 Requested convergence on MAX density matrix=1.00D-06.
 Requested convergence on             energy=1.00D-06.
 No special actions if energy rises.
 An orbital has undefined symmetry, so N**3 symmetry is turned off.
 Density matrix breaks symmetry, PCut= 1.00D-04
 Density matrix has no symmetry -- integrals replicated.
 Density matrix breaks symmetry, PCut= 1.00D-07
 Density matrix has no symmetry -- integrals replicated.
 Density matrix breaks symmetry, PCut= 1.00D-07
 Density matrix has no symmetry -- integrals replicated.
 Density matrix breaks symmetry, PCut= 1.00D-07
 Density matrix has no symmetry -- integrals replicated.
 Density matrix breaks symmetry, PCut= 1.00D-07
 Density matrix has no symmetry -- integrals replicated.
 Density matrix breaks symmetry, PCut= 1.00D-07
 Density matrix has no symmetry -- integrals replicated.
 Density matrix breaks symmetry, PCut= 1.00D-07
 Density matrix has no symmetry -- integrals replicated.
 Density matrix breaks symmetry, PCut= 1.00D-07
 Density matrix has no symmetry -- integrals replicated.
 Density matrix breaks symmetry, PCut= 1.00D-07
 Density matrix has no symmetry -- integrals replicated.
 Density matrix breaks symmetry, PCut= 1.00D-07
 Density matrix has no symmetry -- integrals replicated.
 Density matrix breaks symmetry, PCut= 1.00D-07
 Density matrix has no symmetry -- integrals replicated.
 Density matrix breaks symmetry, PCut= 1.00D-07
 Density matrix has no symmetry -- integrals replicated.
 Density matrix breaks symmetry, PCut= 1.00D-07
 Density matrix has no symmetry -- integrals replicated.
 Density matrix breaks symmetry, PCut= 1.00D-07
 Density matrix has no symmetry -- integrals replicated.
 Density matrix breaks symmetry, PCut= 1.00D-07
 Density matrix has no symmetry -- integrals replicated.
 Density matrix breaks symmetry, PCut= 1.00D-07
 Density matrix has no symmetry -- integrals replicated.
 Density matrix breaks symmetry, PCut= 1.00D-07
 Density matrix has no symmetry -- integrals replicated.
 Density matrix breaks symmetry, PCut= 1.00D-07
 Density matrix has no symmetry -- integrals replicated.
 Density matrix breaks symmetry, PCut= 1.00D-07
 Density matrix has no symmetry -- integrals replicated.
 SCF Done:  E(RHF) =  -5.81536964118     A.U. after   20 cycles
            NFock= 20  Conv=0.59D-08     -V/T= 1.9183
 Range of M.O.s used for correlation:     1    12
 NBasis=    12 NAE=     6 NBE=     6 NFC=     0 NFV=     0
 NROrb=     12 NOA=     6 NOB=     6 NVA=     6 NVB=     6
 Semi-Direct transformation.
 ModeAB=           2 MOrb=             6 LenV=     134084785
 LASXX=         2181 LTotXX=        2181 LenRXX=        2181
 LTotAB=        2934 MaxLAS=        5616 LenRXY=        5616
 NonZer=        5616 LenScr=      655360 LnRSAI=           0
 LnScr1=           0 LExtra=           0 Total=       663157
 MaxDsk=          -1 SrtSym=           F ITran=            3
 JobTyp=0 Pass  1:  I=   1 to   6.
 (rs|ai) integrals will be sorted in core.
 SymMOI:  orbitals are not symmetric.
 Spin components of T(2) and E(2):
     alpha-alpha T2 =       0.4996544855D-02 E2=     -0.7371315939D-02
     alpha-beta  T2 =       0.6741980313D-01 E2=     -0.1020186486D+00
     beta-beta   T2 =       0.4996544855D-02 E2=     -0.7371315939D-02
 ANorm=    0.1037985016D+01
 E2 =    -0.1167612805D+00 EUMP2 =    -0.59321309217025D+01
 Second order stability test of a single determinant RHF wave function:
 Stabil:  MDV=134217728
 ***********************************************************************
 Matrix         Lowest Root    Major Pairs
 ***********************************************************************
 Internal RHF     0.0210483    Stable
 RRHF --> CRHF   -0.016242     6A=7A
 RRHF --> RUHF   -0.0931935    6A=7B
 Not stable.
 ***********************************************************************

 **********************************************************************

            Population analysis using the SCF density.

 **********************************************************************

 Orbital symmetries:
       Occupied  (AG) (BU) (BU) (AG) (AG) (BU)
       Virtual   (AG) (BU) (BU) (AG) (AG) (BU)
 The electronic state is 1-AG.
 Alpha  occ. eigenvalues --   -1.00040  -0.79231  -0.67603  -0.53312  -0.43555
 Alpha  occ. eigenvalues --   -0.24784
 Alpha virt. eigenvalues --    0.00598   0.15587   0.25598   0.34450   0.57715
 Alpha virt. eigenvalues --    0.75919
          Condensed to atoms (all electrons):
               1          2          3          4          5          6
     1  H    1.296770   0.283187   0.014871  -0.236842  -0.089163   0.013450
     2  H    0.283187   0.671092  -0.025598  -0.130531   0.208206  -0.018119
     3  H    0.014871  -0.025598   0.799739   0.252102  -0.075995  -0.068966
     4  H   -0.236842  -0.130531   0.252102   1.125282   0.144013  -0.027421
     5  H   -0.089163   0.208206  -0.075995   0.144013   1.031333   0.008525
     6  H    0.013450  -0.018119  -0.068966  -0.027421   0.008525   0.748630
     7  H    0.011618  -0.009397   0.006248  -0.074969  -0.092275   0.191149
     8  H    0.042005  -0.039789  -0.074969  -0.220594  -0.101285   0.257753
     9  H   -0.097399  -0.064474   0.191149   0.257753  -0.005940  -0.065135
    10  H    0.009797   0.015261  -0.092275  -0.101285   0.012191  -0.005940
    11  H   -0.000265   0.010864  -0.009397  -0.039789   0.015261  -0.064474
    12  H   -0.003442  -0.000265   0.011618   0.042005   0.009797  -0.097399
               7          8          9         10         11         12
     1  H    0.011618   0.042005  -0.097399   0.009797  -0.000265  -0.003442
     2  H   -0.009397  -0.039789  -0.064474   0.015261   0.010864  -0.000265
     3  H    0.006248  -0.074969   0.191149  -0.092275  -0.009397   0.011618
     4  H   -0.074969  -0.220594   0.257753  -0.101285  -0.039789   0.042005
     5  H   -0.092275  -0.101285  -0.005940   0.012191   0.015261   0.009797
     6  H    0.191149   0.257753  -0.065135  -0.005940  -0.064474  -0.097399
     7  H    0.799739   0.252102  -0.068966  -0.075995  -0.025598   0.014871
     8  H    0.252102   1.125282  -0.027421   0.144013  -0.130531  -0.236842
     9  H   -0.068966  -0.027421   0.748630   0.008525  -0.018119   0.013450
    10  H   -0.075995   0.144013   0.008525   1.031333   0.208206  -0.089163
    11  H   -0.025598  -0.130531  -0.018119   0.208206   0.671092   0.283187
    12  H    0.014871  -0.236842   0.013450  -0.089163   0.283187   1.296770
 Mulliken charges:
               1
     1  H   -0.244589
     2  H    0.099562
     3  H    0.071472
     4  H    0.010276
     5  H   -0.064668
     6  H    0.127947
     7  H    0.071472
     8  H    0.010276
     9  H    0.127947
    10  H   -0.064668
    11  H    0.099562
    12  H   -0.244589
 Sum of Mulliken charges =   0.00000
 Mulliken charges with hydrogens summed into heavy atoms:
               1
 Electronic spatial extent (au):  <R**2>=            145.1847
 Charge=              0.0000 electrons
 Dipole moment (field-independent basis, Debye):
    X=             -0.0000    Y=             -0.0000    Z=             -0.0000  Tot=              0.0000
 Quadrupole moment (field-independent basis, Debye-Ang):
   XX=            -17.7058   YY=            -28.2377   ZZ=            -15.2061
   XY=             -4.4700   XZ=             -0.0000   YZ=             -0.0000
 Traceless Quadrupole moment (field-independent basis, Debye-Ang):
   XX=              2.6774   YY=             -7.8545   ZZ=              5.1771
   XY=             -4.4700   XZ=             -0.0000   YZ=             -0.0000
 Octapole moment (field-independent basis, Debye-Ang**2):
  XXX=              0.0000  YYY=             -0.0000  ZZZ=             -0.0000  XYY=             -0.0000
  XXY=             -0.0000  XXZ=             -0.0000  XZZ=             -0.0000  YZZ=             -0.0000
  YYZ=             -0.0000  XYZ=             -0.0000
 Hexadecapole moment (field-independent basis, Debye-Ang**3):
 XXXX=            -92.7995 YYYY=           -256.3696 ZZZZ=            -17.9958 XXXY=            -19.5137
 XXXZ=             -0.0000 YYYX=            -38.8878 YYYZ=             -0.0000 ZZZX=             -0.0000
 ZZZY=             -0.0000 XXYY=            -63.1128 XXZZ=            -18.2921 YYZZ=            -34.9995
 XXYZ=             -0.0000 YYXZ=             -0.0000 ZZXY=             -4.8715
 N-N= 1.995273618406D+01 E-N=-5.049852074365D+01  KE= 6.332798248487D+00
 Symmetry AG   KE= 2.942154276102D+00
 Symmetry BG   KE= 0.000000000000D+00
 Symmetry AU   KE= 0.000000000000D+00
 Symmetry BU   KE= 3.390643972385D+00

 Test job not archived.
 1\1\GINC-SULU\Stability\RHF\Gen\H12\LCJ1\16-Feb-2017\0\\#rhf/gen scf(t
 ight,novaracc,noincfock,fulldiag) stable(crhf) guess=mix geom=nocrowd 
 test\\hf stability analysis of h12 triangular lattice, y= 0.8914339662
 1364279\\0,1\H\H,1,1.1018729587\H,1,1.1018729587,2,72.\H,2,1.101872958
 7,1,108.,3,0.,0\H,2,1.1018729587,1,180.,3,0.,0\H,4,1.1018729587,3,180.
 ,5,0.,0\H,6,1.1018729587,5,180.,3,0.,0\H,4,1.1018729587,2,180.,3,0.,0\
 H,3,1.1018729587,1,180.,4,0.,0\H,9,1.1018729587,3,180.,4,0.,0\H,8,1.10
 18729587,4,180.,3,0.,0\H,7,1.1018729587,6,180.,3,0.,0\\Version=ES64L-G
 09RevE.01\State=1-AG\HF=-5.8153696\MP2=-5.9321309\RMSD=5.868e-09\Dipol
 e=0.,0.,0.\Quadrupole=-3.1384734,3.8490304,-0.710557,0.,-4.9898957,0.\
 PG=C02H [SGH(H12)]\\@


 Luck is a matter of preparation meeting opportunity.
                                    -- Oprah Winfrey
 Job cpu time:       0 days  0 hours  0 minutes  1.5 seconds.
 File lengths (MBytes):  RWF=     84 Int=      0 D2E=      0 Chk=      2 Scr=      2
 Normal termination of Gaussian 09 at Thu Feb 16 18:33:45 2017.
