 Entering Gaussian System, Link 0=g09
 AtFile(1): H.gbs
            H     0
            S   10   1.00
               1000.000000000000            0.000068713567
                316.227766000000            0.000169141320
                100.000000000000            0.000823394812
                 31.622776600000            0.003425569236
                 10.000000000000            0.013951996000
                  3.162277660000            0.056909313560
                  1.000000000000            0.198286399900
                  0.316227766000            0.496922426700
                  0.100000000000            0.369846276400
                  0.031622776600            0.003752720039
            ****
 Initial command:
 /projects/guscus/apps/gau/g09-e1/g09/l1.exe "/users/lcj1/gaussian/h12/rhfstability/rect/mix/Gau-25425.inp" -scrdir="/users/lcj1/gaussian/h12/rhfstability/rect/mix/"
 Entering Link 1 = /projects/guscus/apps/gau/g09-e1/g09/l1.exe PID=     25426.
  
 Copyright (c) 1988,1990,1992,1993,1995,1998,2003,2009,2015,
            Gaussian, Inc.  All Rights Reserved.
  
 This is part of the Gaussian(R) 09 program.  It is based on
 the Gaussian(R) 03 system (copyright 2003, Gaussian, Inc.),
 the Gaussian(R) 98 system (copyright 1998, Gaussian, Inc.),
 the Gaussian(R) 94 system (copyright 1995, Gaussian, Inc.),
 the Gaussian 92(TM) system (copyright 1992, Gaussian, Inc.),
 the Gaussian 90(TM) system (copyright 1990, Gaussian, Inc.),
 the Gaussian 88(TM) system (copyright 1988, Gaussian, Inc.),
 the Gaussian 86(TM) system (copyright 1986, Carnegie Mellon
 University), and the Gaussian 82(TM) system (copyright 1983,
 Carnegie Mellon University). Gaussian is a federally registered
 trademark of Gaussian, Inc.
  
 This software contains proprietary and confidential information,
 including trade secrets, belonging to Gaussian, Inc.
  
 This software is provided under written license and may be
 used, copied, transmitted, or stored only in accord with that
 written license.
  
 The following legend is applicable only to US Government
 contracts under FAR:
  
                    RESTRICTED RIGHTS LEGEND
  
 Use, reproduction and disclosure by the US Government is
 subject to restrictions as set forth in subparagraphs (a)
 and (c) of the Commercial Computer Software - Restricted
 Rights clause in FAR 52.227-19.
  
 Gaussian, Inc.
 340 Quinnipiac St., Bldg. 40, Wallingford CT 06492
  
  
 ---------------------------------------------------------------
 Warning -- This program may not be used in any manner that
 competes with the business of Gaussian, Inc. or will provide
 assistance to any competitor of Gaussian, Inc.  The licensee
 of this program is prohibited from giving any competitor of
 Gaussian, Inc. access to this program.  By using this program,
 the user acknowledges that Gaussian, Inc. is engaged in the
 business of creating and licensing software in the field of
 computational chemistry and represents and warrants to the
 licensee that it is not a competitor of Gaussian, Inc. and that
 it will not use this program in any manner prohibited above.
 ---------------------------------------------------------------
  

 Cite this work as:
 Gaussian 09, Revision E.01,
 M. J. Frisch, G. W. Trucks, H. B. Schlegel, G. E. Scuseria, 
 M. A. Robb, J. R. Cheeseman, G. Scalmani, V. Barone, B. Mennucci, 
 G. A. Petersson, H. Nakatsuji, M. Caricato, X. Li, H. P. Hratchian, 
 A. F. Izmaylov, J. Bloino, G. Zheng, J. L. Sonnenberg, M. Hada, 
 M. Ehara, K. Toyota, R. Fukuda, J. Hasegawa, M. Ishida, T. Nakajima, 
 Y. Honda, O. Kitao, H. Nakai, T. Vreven, J. A. Montgomery, Jr., 
 J. E. Peralta, F. Ogliaro, M. Bearpark, J. J. Heyd, E. Brothers, 
 K. N. Kudin, V. N. Staroverov, T. Keith, R. Kobayashi, J. Normand, 
 K. Raghavachari, A. Rendell, J. C. Burant, S. S. Iyengar, J. Tomasi, 
 M. Cossi, N. Rega, J. M. Millam, M. Klene, J. E. Knox, J. B. Cross, 
 V. Bakken, C. Adamo, J. Jaramillo, R. Gomperts, R. E. Stratmann, 
 O. Yazyev, A. J. Austin, R. Cammi, C. Pomelli, J. W. Ochterski, 
 R. L. Martin, K. Morokuma, V. G. Zakrzewski, G. A. Voth, 
 P. Salvador, J. J. Dannenberg, S. Dapprich, A. D. Daniels, 
 O. Farkas, J. B. Foresman, J. V. Ortiz, J. Cioslowski, 
 and D. J. Fox, Gaussian, Inc., Wallingford CT, 2013.
 
 ******************************************
 Gaussian 09:  ES64L-G09RevE.01 30-Nov-2015
                16-Feb-2017 
 ******************************************
 %chk=h12.chk
 ----------------------------------------------------------------------
 #rhf/gen scf(tight,novaracc,noincfock,fulldiag) stable(crhf) guess=mix
  geom=nocrowd test
 ----------------------------------------------------------------------
 1/38=1/1;
 2/12=1,17=6,18=5,40=1/2;
 3/5=7,16=1,25=1,30=1,116=1/1,2,3;
 4/13=-1/1;
 5/5=100002,16=1,32=2,38=1/2;
 8/6=1,10=90,11=11/1,4;
 9/8=4,13=1/2;
 6/7=2,8=2,9=2,10=2,28=1/1;
 99/5=1,9=1/99;
 ----------------------------------------------------------------------
 hf stability analysis of h12 triangular lattice, y= 0.9251794552834028
 4
 ----------------------------------------------------------------------
 Symbolic Z-matrix:
 Charge =  0 Multiplicity = 1
 H
 H                    1     1.11597 
 H                    1     1.11597  2     68. 
 H                    2     1.11597  1     112.     3     0.       0
 H                    2     1.11597  1     180.     3     0.       0
 H                    4     1.11597  3     180.     5     0.       0
 H                    6     1.11597  5     180.     3     0.       0
 H                    4     1.11597  2     180.     3     0.       0
 H                    3     1.11597  1     180.     4     0.       0
 H                    9     1.11597  3     180.     4     0.       0
 H                    8     1.11597  4     180.     3     0.       0
 H                    7     1.11597  6     180.     3     0.       0
 
                          Input orientation:                          
 ---------------------------------------------------------------------
 Center     Atomic      Atomic             Coordinates (Angstroms)
 Number     Number       Type             X           Y           Z
 ---------------------------------------------------------------------
      1          1           0        0.000000    0.000000    0.000000
      2          1           0        0.000000    0.000000    1.115968
      3          1           0        1.034708    0.000000    0.418049
      4          1           0        1.034708    0.000000    1.534017
      5          1           0        0.000000    0.000000    2.231936
      6          1           0        1.034708    0.000000    2.649985
      7          1           0        2.069415    0.000000    3.068034
      8          1           0        2.069415    0.000000    1.952066
      9          1           0        2.069415    0.000000    0.836098
     10          1           0        3.104123    0.000000    1.254147
     11          1           0        3.104123    0.000000    2.370115
     12          1           0        3.104123    0.000000    3.486083
 ---------------------------------------------------------------------
                    Distance matrix (angstroms):
                    1          2          3          4          5
     1  H    0.000000
     2  H    1.115968   0.000000
     3  H    1.115968   1.248083   0.000000
     4  H    1.850359   1.115968   1.115968   0.000000
     5  H    2.231936   1.115968   2.088254   1.248083   0.000000
     6  H    2.844827   1.850359   2.231936   1.115968   1.115968
     7  H    3.700718   2.844827   2.844827   1.850359   2.231936
     8  H    2.844827   2.231936   1.850359   1.115968   2.088254
     9  H    2.231936   2.088254   1.115968   1.248083   2.496166
    10  H    3.347904   3.107197   2.231936   2.088254   3.254481
    11  H    3.905512   3.347904   2.844827   2.231936   3.107197
    12  H    4.667800   3.905512   3.700718   2.844827   3.347904
                    6          7          8          9         10
     6  H    0.000000
     7  H    1.115968   0.000000
     8  H    1.248083   1.115968   0.000000
     9  H    2.088254   2.231936   1.115968   0.000000
    10  H    2.496166   2.088254   1.248083   1.115968   0.000000
    11  H    2.088254   1.248083   1.115968   1.850359   1.115968
    12  H    2.231936   1.115968   1.850359   2.844827   2.231936
                   11         12
    11  H    0.000000
    12  H    1.115968   0.000000
 Stoichiometry    H12
 Framework group  C2H[SGH(H12)]
 Deg. of freedom    11
 Full point group                 C2H     NOp   4
 Largest Abelian subgroup         C2H     NOp   4
 Largest concise Abelian subgroup C2      NOp   2
                         Standard orientation:                         
 ---------------------------------------------------------------------
 Center     Atomic      Atomic             Coordinates (Angstroms)
 Number     Number       Type             X           Y           Z
 ---------------------------------------------------------------------
      1          1           0        1.034708    2.092001   -0.000000
      2          1           0        0.000000    1.673952   -0.000000
      3          1           0        1.034708    0.976033   -0.000000
      4          1           0        0.000000    0.557984   -0.000000
      5          1           0       -1.034708    1.255903   -0.000000
      6          1           0       -1.034708    0.139935   -0.000000
      7          1           0       -1.034708   -0.976033   -0.000000
      8          1           0       -0.000000   -0.557984   -0.000000
      9          1           0        1.034708   -0.139935   -0.000000
     10          1           0        1.034708   -1.255903   -0.000000
     11          1           0       -0.000000   -1.673952   -0.000000
     12          1           0       -1.034708   -2.092001   -0.000000
 ---------------------------------------------------------------------
 Rotational constants (GHZ):     65.9378308     23.8346867     17.5065553
 General basis read from cards:  (5D, 7F)
 There are     6 symmetry adapted cartesian basis functions of AG  symmetry.
 There are     0 symmetry adapted cartesian basis functions of BG  symmetry.
 There are     0 symmetry adapted cartesian basis functions of AU  symmetry.
 There are     6 symmetry adapted cartesian basis functions of BU  symmetry.
 There are     6 symmetry adapted basis functions of AG  symmetry.
 There are     0 symmetry adapted basis functions of BG  symmetry.
 There are     0 symmetry adapted basis functions of AU  symmetry.
 There are     6 symmetry adapted basis functions of BU  symmetry.
    12 basis functions,   120 primitive gaussians,    12 cartesian basis functions
     6 alpha electrons        6 beta electrons
       nuclear repulsion energy        19.8396558034 Hartrees.
 NAtoms=   12 NActive=   12 NUniq=    6 SFac= 4.00D+00 NAtFMM=   60 NAOKFM=F Big=F
 Integral buffers will be    131072 words long.
 Regular integral format.
 Two-electron integral symmetry is turned on.
 One-electron integrals computed using PRISM.
 NBasis=    12 RedAO= T EigKep=  1.46D-01  NBF=     6     0     0     6
 NBsUse=    12 1.00D-06 EigRej= -1.00D+00 NBFU=     6     0     0     6
 ExpMin= 3.16D-02 ExpMax= 1.00D+03 ExpMxC= 1.00D+01 IAcc=3 IRadAn=         5 AccDes= 0.00D+00
 Harris functional with IExCor=  205 and IRadAn=       5 diagonalized for initial guess.
 HarFok:  IExCor=  205 AccDes= 0.00D+00 IRadAn=         5 IDoV= 1 UseB2=F ITyADJ=14
 ICtDFT=  3500011 ScaDFX=  1.000000  1.000000  1.000000  1.000000
 FoFCou: FMM=F IPFlag=           0 FMFlag=      100000 FMFlg1=           0
         NFxFlg=           0 DoJE=T BraDBF=F KetDBF=T FulRan=T
         wScrn=  0.000000 ICntrl=     500 IOpCl=  0 I1Cent=   200000004 NGrid=           0
         NMat0=    1 NMatS0=      1 NMatT0=    0 NMatD0=    1 NMtDS0=    0 NMtDT0=    0
 Petite list used in FoFCou.
 Mixing orbitals, IMix= 1 IMixAn=  0 NRI=1 NE=    6 Coef=  7.07106781D-01  7.07106781D-01
 Initial guess orbital symmetries:
       Occupied  (AG) (BU) (BU) (AG) (AG) (?A)
       Virtual   (?A) (BU) (BU) (AG) (AG) (BU)
 Keep R1 ints in memory in symmetry-blocked form, NReq=903966.
 Requested convergence on RMS density matrix=1.00D-08 within 128 cycles.
 Requested convergence on MAX density matrix=1.00D-06.
 Requested convergence on             energy=1.00D-06.
 No special actions if energy rises.
 An orbital has undefined symmetry, so N**3 symmetry is turned off.
 Density matrix breaks symmetry, PCut= 1.00D-04
 Density matrix has no symmetry -- integrals replicated.
 Density matrix breaks symmetry, PCut= 1.00D-07
 Density matrix has no symmetry -- integrals replicated.
 Density matrix breaks symmetry, PCut= 1.00D-07
 Density matrix has no symmetry -- integrals replicated.
 Density matrix breaks symmetry, PCut= 1.00D-07
 Density matrix has no symmetry -- integrals replicated.
 Density matrix breaks symmetry, PCut= 1.00D-07
 Density matrix has no symmetry -- integrals replicated.
 Density matrix breaks symmetry, PCut= 1.00D-07
 Density matrix has no symmetry -- integrals replicated.
 Density matrix breaks symmetry, PCut= 1.00D-07
 Density matrix has no symmetry -- integrals replicated.
 Density matrix breaks symmetry, PCut= 1.00D-07
 Density matrix has no symmetry -- integrals replicated.
 Density matrix breaks symmetry, PCut= 1.00D-07
 Density matrix has no symmetry -- integrals replicated.
 Density matrix breaks symmetry, PCut= 1.00D-07
 Density matrix has no symmetry -- integrals replicated.
 Density matrix breaks symmetry, PCut= 1.00D-07
 Density matrix has no symmetry -- integrals replicated.
 Density matrix breaks symmetry, PCut= 1.00D-07
 Density matrix has no symmetry -- integrals replicated.
 Density matrix breaks symmetry, PCut= 1.00D-07
 Density matrix has no symmetry -- integrals replicated.
 Density matrix breaks symmetry, PCut= 1.00D-07
 Density matrix has no symmetry -- integrals replicated.
 Density matrix breaks symmetry, PCut= 1.00D-07
 Density matrix has no symmetry -- integrals replicated.
 SCF Done:  E(RHF) =  -5.85626492823     A.U. after   17 cycles
            NFock= 17  Conv=0.27D-08     -V/T= 1.9326
 Range of M.O.s used for correlation:     1    12
 NBasis=    12 NAE=     6 NBE=     6 NFC=     0 NFV=     0
 NROrb=     12 NOA=     6 NOB=     6 NVA=     6 NVB=     6
 Semi-Direct transformation.
 ModeAB=           2 MOrb=             6 LenV=     134084673
 LASXX=         2181 LTotXX=        2181 LenRXX=        2181
 LTotAB=        2934 MaxLAS=        5616 LenRXY=        5616
 NonZer=        5616 LenScr=      655360 LnRSAI=           0
 LnScr1=           0 LExtra=           0 Total=       663157
 MaxDsk=          -1 SrtSym=           F ITran=            3
 JobTyp=0 Pass  1:  I=   1 to   6.
 (rs|ai) integrals will be sorted in core.
 SymMOI:  orbitals are not symmetric.
 Spin components of T(2) and E(2):
     alpha-alpha T2 =       0.4895520535D-02 E2=     -0.7292390868D-02
     alpha-beta  T2 =       0.6539292131D-01 E2=     -0.1006783992D+00
     beta-beta   T2 =       0.4895520535D-02 E2=     -0.7292390868D-02
 ANorm=    0.1036910778D+01
 E2 =    -0.1152631809D+00 EUMP2 =    -0.59715281091246D+01
 Second order stability test of a single determinant RHF wave function:
 Stabil:  MDV=134217728
 ***********************************************************************
 Matrix         Lowest Root    Major Pairs
 ***********************************************************************
 Internal RHF     0.0682158    Stable
 RRHF --> CRHF    0.0298048    Stable
 RRHF --> RUHF   -0.0498395    6A=7B
 Not stable.
 ***********************************************************************

 **********************************************************************

            Population analysis using the SCF density.

 **********************************************************************

 Orbital symmetries:
       Occupied  (AG) (BU) (BU) (AG) (AG) (BU)
       Virtual   (AG) (BU) (BU) (AG) (AG) (BU)
 The electronic state is 1-AG.
 Alpha  occ. eigenvalues --   -0.99374  -0.79294  -0.66338  -0.54252  -0.42168
 Alpha  occ. eigenvalues --   -0.26767
 Alpha virt. eigenvalues --    0.02951   0.17430   0.28289   0.30848   0.57905
 Alpha virt. eigenvalues --    0.68712
          Condensed to atoms (all electrons):
               1          2          3          4          5          6
     1  H    1.217976   0.254858   0.066771  -0.213949  -0.080182   0.015371
     2  H    0.254858   0.673723  -0.022665  -0.112107   0.228160  -0.024599
     3  H    0.066771  -0.022665   0.776899   0.190472  -0.091992  -0.054410
     4  H   -0.213949  -0.112107   0.190472   1.106242   0.161083  -0.037929
     5  H   -0.080182   0.228160  -0.091992   0.161083   1.033040  -0.028927
     6  H    0.015371  -0.024599  -0.054410  -0.037929  -0.028927   0.789651
     7  H    0.007957  -0.010013   0.011755  -0.060789  -0.083872   0.200933
     8  H    0.035598  -0.037364  -0.060789  -0.223526  -0.097298   0.286192
     9  H   -0.092043  -0.073941   0.200933   0.286192  -0.016644  -0.074161
    10  H    0.007951   0.016296  -0.083872  -0.097298   0.014610  -0.016644
    11  H   -0.000172   0.010749  -0.010013  -0.037364   0.016296  -0.073941
    12  H   -0.002455  -0.000172   0.007957   0.035598   0.007951  -0.092043
               7          8          9         10         11         12
     1  H    0.007957   0.035598  -0.092043   0.007951  -0.000172  -0.002455
     2  H   -0.010013  -0.037364  -0.073941   0.016296   0.010749  -0.000172
     3  H    0.011755  -0.060789   0.200933  -0.083872  -0.010013   0.007957
     4  H   -0.060789  -0.223526   0.286192  -0.097298  -0.037364   0.035598
     5  H   -0.083872  -0.097298  -0.016644   0.014610   0.016296   0.007951
     6  H    0.200933   0.286192  -0.074161  -0.016644  -0.073941  -0.092043
     7  H    0.776899   0.190472  -0.054410  -0.091992  -0.022665   0.066771
     8  H    0.190472   1.106242  -0.037929   0.161083  -0.112107  -0.213949
     9  H   -0.054410  -0.037929   0.789651  -0.028927  -0.024599   0.015371
    10  H   -0.091992   0.161083  -0.028927   1.033040   0.228160  -0.080182
    11  H   -0.022665  -0.112107  -0.024599   0.228160   0.673723   0.254858
    12  H    0.066771  -0.213949   0.015371  -0.080182   0.254858   1.217976
 Mulliken charges:
               1
     1  H   -0.217681
     2  H    0.097075
     3  H    0.068953
     4  H    0.003374
     5  H   -0.062225
     6  H    0.110505
     7  H    0.068953
     8  H    0.003374
     9  H    0.110505
    10  H   -0.062225
    11  H    0.097075
    12  H   -0.217681
 Sum of Mulliken charges =   0.00000
 Mulliken charges with hydrogens summed into heavy atoms:
               1
 Electronic spatial extent (au):  <R**2>=            147.4030
 Charge=              0.0000 electrons
 Dipole moment (field-independent basis, Debye):
    X=              0.0000    Y=             -0.0000    Z=              0.0000  Tot=              0.0000
 Quadrupole moment (field-independent basis, Debye-Ang):
   XX=            -17.7204   YY=            -27.7136   ZZ=            -15.2458
   XY=             -3.9443   XZ=             -0.0000   YZ=             -0.0000
 Traceless Quadrupole moment (field-independent basis, Debye-Ang):
   XX=              2.5062   YY=             -7.4870   ZZ=              4.9808
   XY=             -3.9443   XZ=             -0.0000   YZ=             -0.0000
 Octapole moment (field-independent basis, Debye-Ang**2):
  XXX=              0.0000  YYY=              0.0000  ZZZ=              0.0000  XYY=             -0.0000
  XXY=              0.0000  XXZ=              0.0000  XZZ=              0.0000  YZZ=              0.0000
  YYZ=              0.0000  XYZ=              0.0000
 Hexadecapole moment (field-independent basis, Debye-Ang**3):
 XXXX=            -91.4489 YYYY=           -264.3626 ZZZZ=            -18.0697 XXXY=            -21.5311
 XXXZ=              0.0000 YYYX=            -40.1407 YYYZ=             -0.0000 ZZZX=              0.0000
 ZZZY=             -0.0000 XXYY=            -63.1569 XXZZ=            -18.0717 YYZZ=            -36.2145
 XXYZ=             -0.0000 YYXZ=              0.0000 ZZXY=             -5.5989
 N-N= 1.983965580344D+01 E-N=-5.030723659381D+01  KE= 6.279271624167D+00
 Symmetry AG   KE= 2.942464489675D+00
 Symmetry BG   KE= 0.000000000000D+00
 Symmetry AU   KE= 0.000000000000D+00
 Symmetry BU   KE= 3.336807134493D+00

 Test job not archived.
 1\1\GINC-SULU\Stability\RHF\Gen\H12\LCJ1\16-Feb-2017\0\\#rhf/gen scf(t
 ight,novaracc,noincfock,fulldiag) stable(crhf) guess=mix geom=nocrowd 
 test\\hf stability analysis of h12 triangular lattice, y= 0.9251794552
 8340284\\0,1\H\H,1,1.1159680441\H,1,1.1159680441,2,68.\H,2,1.115968044
 1,1,112.,3,0.,0\H,2,1.1159680441,1,180.,3,0.,0\H,4,1.1159680441,3,180.
 ,5,0.,0\H,6,1.1159680441,5,180.,3,0.,0\H,4,1.1159680441,2,180.,3,0.,0\
 H,3,1.1159680441,1,180.,4,0.,0\H,9,1.1159680441,3,180.,4,0.,0\H,8,1.11
 59680441,4,180.,3,0.,0\H,7,1.1159680441,6,180.,3,0.,0\\Version=ES64L-G
 09RevE.01\State=1-AG\HF=-5.8562649\MP2=-5.9715281\RMSD=2.709e-09\Dipol
 e=0.,0.,0.\Quadrupole=-2.4867267,3.7030942,-1.2163675,0.,-4.6899984,0.
 \PG=C02H [SGH(H12)]\\@


 KINETICS       FACT
 ---------  =  -------
 MECHANISM     FICTION
 Job cpu time:       0 days  0 hours  0 minutes  1.5 seconds.
 File lengths (MBytes):  RWF=     84 Int=      0 D2E=      0 Chk=      2 Scr=      2
 Normal termination of Gaussian 09 at Thu Feb 16 18:34:11 2017.
