 Entering Gaussian System, Link 0=g09
 AtFile(1): H.gbs
            H     0
            S   10   1.00
               1000.000000000000            0.000068713567
                316.227766000000            0.000169141320
                100.000000000000            0.000823394812
                 31.622776600000            0.003425569236
                 10.000000000000            0.013951996000
                  3.162277660000            0.056909313560
                  1.000000000000            0.198286399900
                  0.316227766000            0.496922426700
                  0.100000000000            0.369846276400
                  0.031622776600            0.003752720039
            ****
 Initial command:
 /projects/guscus/apps/gau/g09-e1/g09/l1.exe "/users/lcj1/gaussian/h12/rhfstability/2rows/mix/Gau-14477.inp" -scrdir="/users/lcj1/gaussian/h12/rhfstability/2rows/mix/"
 Entering Link 1 = /projects/guscus/apps/gau/g09-e1/g09/l1.exe PID=     14478.
  
 Copyright (c) 1988,1990,1992,1993,1995,1998,2003,2009,2015,
            Gaussian, Inc.  All Rights Reserved.
  
 This is part of the Gaussian(R) 09 program.  It is based on
 the Gaussian(R) 03 system (copyright 2003, Gaussian, Inc.),
 the Gaussian(R) 98 system (copyright 1998, Gaussian, Inc.),
 the Gaussian(R) 94 system (copyright 1995, Gaussian, Inc.),
 the Gaussian 92(TM) system (copyright 1992, Gaussian, Inc.),
 the Gaussian 90(TM) system (copyright 1990, Gaussian, Inc.),
 the Gaussian 88(TM) system (copyright 1988, Gaussian, Inc.),
 the Gaussian 86(TM) system (copyright 1986, Carnegie Mellon
 University), and the Gaussian 82(TM) system (copyright 1983,
 Carnegie Mellon University). Gaussian is a federally registered
 trademark of Gaussian, Inc.
  
 This software contains proprietary and confidential information,
 including trade secrets, belonging to Gaussian, Inc.
  
 This software is provided under written license and may be
 used, copied, transmitted, or stored only in accord with that
 written license.
  
 The following legend is applicable only to US Government
 contracts under FAR:
  
                    RESTRICTED RIGHTS LEGEND
  
 Use, reproduction and disclosure by the US Government is
 subject to restrictions as set forth in subparagraphs (a)
 and (c) of the Commercial Computer Software - Restricted
 Rights clause in FAR 52.227-19.
  
 Gaussian, Inc.
 340 Quinnipiac St., Bldg. 40, Wallingford CT 06492
  
  
 ---------------------------------------------------------------
 Warning -- This program may not be used in any manner that
 competes with the business of Gaussian, Inc. or will provide
 assistance to any competitor of Gaussian, Inc.  The licensee
 of this program is prohibited from giving any competitor of
 Gaussian, Inc. access to this program.  By using this program,
 the user acknowledges that Gaussian, Inc. is engaged in the
 business of creating and licensing software in the field of
 computational chemistry and represents and warrants to the
 licensee that it is not a competitor of Gaussian, Inc. and that
 it will not use this program in any manner prohibited above.
 ---------------------------------------------------------------
  

 Cite this work as:
 Gaussian 09, Revision E.01,
 M. J. Frisch, G. W. Trucks, H. B. Schlegel, G. E. Scuseria, 
 M. A. Robb, J. R. Cheeseman, G. Scalmani, V. Barone, B. Mennucci, 
 G. A. Petersson, H. Nakatsuji, M. Caricato, X. Li, H. P. Hratchian, 
 A. F. Izmaylov, J. Bloino, G. Zheng, J. L. Sonnenberg, M. Hada, 
 M. Ehara, K. Toyota, R. Fukuda, J. Hasegawa, M. Ishida, T. Nakajima, 
 Y. Honda, O. Kitao, H. Nakai, T. Vreven, J. A. Montgomery, Jr., 
 J. E. Peralta, F. Ogliaro, M. Bearpark, J. J. Heyd, E. Brothers, 
 K. N. Kudin, V. N. Staroverov, T. Keith, R. Kobayashi, J. Normand, 
 K. Raghavachari, A. Rendell, J. C. Burant, S. S. Iyengar, J. Tomasi, 
 M. Cossi, N. Rega, J. M. Millam, M. Klene, J. E. Knox, J. B. Cross, 
 V. Bakken, C. Adamo, J. Jaramillo, R. Gomperts, R. E. Stratmann, 
 O. Yazyev, A. J. Austin, R. Cammi, C. Pomelli, J. W. Ochterski, 
 R. L. Martin, K. Morokuma, V. G. Zakrzewski, G. A. Voth, 
 P. Salvador, J. J. Dannenberg, S. Dapprich, A. D. Daniels, 
 O. Farkas, J. B. Foresman, J. V. Ortiz, J. Cioslowski, 
 and D. J. Fox, Gaussian, Inc., Wallingford CT, 2013.
 
 ******************************************
 Gaussian 09:  ES64L-G09RevE.01 30-Nov-2015
                16-Feb-2017 
 ******************************************
 %chk=h12.chk
 ----------------------------------------------------------------------
 #rhf/gen scf(tight,novaracc,noincfock,fulldiag) stable(crhf) guess=mix
  geom=nocrowd test
 ----------------------------------------------------------------------
 1/38=1/1;
 2/12=1,17=6,18=5,40=1/2;
 3/5=7,16=1,25=1,30=1,116=1/1,2,3;
 4/13=-1/1;
 5/5=100002,16=1,32=2,38=1/2;
 8/6=1,10=90,11=11/1,4;
 9/8=4,13=1/2;
 6/7=2,8=2,9=2,10=2,28=1/1;
 99/5=1,9=1/99;
 ----------------------------------------------------------------------
 hf stability analysis of h12 triangular lattice, y= 1.5813852119866876
  alpha= 77.000000000000000
 ----------------------------------------------------------------------
 Symbolic Z-matrix:
 Charge =  0 Multiplicity = 1
 H
 H                    1     1.62298 
 H                    1     1.62298  2     26. 
 H                    2     1.62298  1     154.     3     0.       0
 H                    3     1.62298  1     180.     2     0.       0
 H                    4     1.62298  2     180.     1     0.       0
 H                    5     1.62298  3     180.     2     0.       0
 H                    6     1.62298  4     180.     1     0.       0
 H                    7     1.62298  5     180.     2     0.       0
 H                    8     1.62298  6     180.     1     0.       0
 H                    9     1.62298  5     180.     2     0.       0
 H                    10    1.62298  6     180.     1     0.       0
 
                          Input orientation:                          
 ---------------------------------------------------------------------
 Center     Atomic      Atomic             Coordinates (Angstroms)
 Number     Number       Type             X           Y           Z
 ---------------------------------------------------------------------
      1          1           0        0.000000    0.000000    0.000000
      2          1           0        0.000000    0.000000    1.622982
      3          1           0        0.711469    0.000000    1.458727
      4          1           0        0.711469    0.000000    3.081709
      5          1           0        1.422937    0.000000    2.917453
      6          1           0        1.422937    0.000000    4.540435
      7          1           0        2.134406    0.000000    4.376180
      8          1           0        2.134406    0.000000    5.999162
      9          1           0        2.845874    0.000000    5.834907
     10          1           0        2.845874    0.000000    7.457889
     11          1           0        3.557343    0.000000    7.293633
     12          1           0        3.557343    0.000000    8.916615
 ---------------------------------------------------------------------
                    Distance matrix (angstroms):
                    1          2          3          4          5
     1  H    0.000000
     2  H    1.622982   0.000000
     3  H    1.622982   0.730183   0.000000
     4  H    3.162770   1.622982   1.622982   0.000000
     5  H    3.245964   1.923644   1.622982   0.730183   0.000000
     6  H    4.758183   3.245964   3.162770   1.622982   1.622982
     7  H    4.868946   3.483645   3.245964   1.923644   1.622982
     8  H    6.367545   4.868946   4.758183   3.245964   3.162770
     9  H    6.491929   5.083238   4.868946   3.483645   3.245964
    10  H    7.982425   6.491929   6.367545   4.868946   4.758183
    11  H    8.114911   6.694100   6.491929   5.083238   4.868946
    12  H    9.600037   8.114911   7.982425   6.491929   6.367545
                    6          7          8          9         10
     6  H    0.000000
     7  H    0.730183   0.000000
     8  H    1.622982   1.622982   0.000000
     9  H    1.923644   1.622982   0.730183   0.000000
    10  H    3.245964   3.162770   1.622982   1.622982   0.000000
    11  H    3.483645   3.245964   1.923644   1.622982   0.730183
    12  H    4.868946   4.758183   3.245964   3.162770   1.622982
                   11         12
    11  H    0.000000
    12  H    1.622982   0.000000
 Stoichiometry    H12
 Framework group  C2H[SGH(H12)]
 Deg. of freedom    11
 Full point group                 C2H     NOp   4
 Largest Abelian subgroup         C2H     NOp   4
 Largest concise Abelian subgroup C2      NOp   2
                         Standard orientation:                         
 ---------------------------------------------------------------------
 Center     Atomic      Atomic             Coordinates (Angstroms)
 Number     Number       Type             X           Y           Z
 ---------------------------------------------------------------------
      1          1           0        4.744156    0.730183   -0.000000
      2          1           0        3.162770    1.095275   -0.000000
      3          1           0        3.162770    0.365092   -0.000000
      4          1           0        1.581385    0.730183   -0.000000
      5          1           0        1.581385    0.000000   -0.000000
      6          1           0        0.000000    0.365092    0.000000
      7          1           0       -0.000000   -0.365092    0.000000
      8          1           0       -1.581385    0.000000   -0.000000
      9          1           0       -1.581385   -0.730183    0.000000
     10          1           0       -3.162770   -0.365092   -0.000000
     11          1           0       -3.162770   -1.095275    0.000000
     12          1           0       -4.744156   -0.730183   -0.000000
 ---------------------------------------------------------------------
 Rotational constants (GHZ):    353.4394539      5.0818391      5.0098069
 General basis read from cards:  (5D, 7F)
 There are     6 symmetry adapted cartesian basis functions of AG  symmetry.
 There are     0 symmetry adapted cartesian basis functions of BG  symmetry.
 There are     0 symmetry adapted cartesian basis functions of AU  symmetry.
 There are     6 symmetry adapted cartesian basis functions of BU  symmetry.
 There are     6 symmetry adapted basis functions of AG  symmetry.
 There are     0 symmetry adapted basis functions of BG  symmetry.
 There are     0 symmetry adapted basis functions of AU  symmetry.
 There are     6 symmetry adapted basis functions of BU  symmetry.
    12 basis functions,   120 primitive gaussians,    12 cartesian basis functions
     6 alpha electrons        6 beta electrons
       nuclear repulsion energy        14.8150017605 Hartrees.
 NAtoms=   12 NActive=   12 NUniq=    6 SFac= 4.00D+00 NAtFMM=   60 NAOKFM=F Big=F
 Integral buffers will be    131072 words long.
 Regular integral format.
 Two-electron integral symmetry is turned on.
 One-electron integrals computed using PRISM.
 NBasis=    12 RedAO= T EigKep=  1.61D-01  NBF=     6     0     0     6
 NBsUse=    12 1.00D-06 EigRej= -1.00D+00 NBFU=     6     0     0     6
 ExpMin= 3.16D-02 ExpMax= 1.00D+03 ExpMxC= 1.00D+01 IAcc=3 IRadAn=         5 AccDes= 0.00D+00
 Harris functional with IExCor=  205 and IRadAn=       5 diagonalized for initial guess.
 HarFok:  IExCor=  205 AccDes= 0.00D+00 IRadAn=         5 IDoV= 1 UseB2=F ITyADJ=14
 ICtDFT=  3500011 ScaDFX=  1.000000  1.000000  1.000000  1.000000
 FoFCou: FMM=F IPFlag=           0 FMFlag=      100000 FMFlg1=           0
         NFxFlg=           0 DoJE=T BraDBF=F KetDBF=T FulRan=T
         wScrn=  0.000000 ICntrl=     500 IOpCl=  0 I1Cent=   200000004 NGrid=           0
         NMat0=    1 NMatS0=      1 NMatT0=    0 NMatD0=    1 NMtDS0=    0 NMtDT0=    0
 Petite list used in FoFCou.
 Mixing orbitals, IMix= 1 IMixAn=  0 NRI=1 NE=    6 Coef=  7.07106781D-01  7.07106781D-01
 Initial guess orbital symmetries:
       Occupied  (AG) (BU) (AG) (BU) (AG) (?A)
       Virtual   (?A) (BU) (AG) (BU) (AG) (BU)
 Keep R1 ints in memory in symmetry-blocked form, NReq=892990.
 Requested convergence on RMS density matrix=1.00D-08 within 128 cycles.
 Requested convergence on MAX density matrix=1.00D-06.
 Requested convergence on             energy=1.00D-06.
 No special actions if energy rises.
 An orbital has undefined symmetry, so N**3 symmetry is turned off.
 Density matrix breaks symmetry, PCut= 1.00D-04
 Density matrix has no symmetry -- integrals replicated.
 Density matrix breaks symmetry, PCut= 1.00D-07
 Density matrix has no symmetry -- integrals replicated.
 Density matrix breaks symmetry, PCut= 1.00D-07
 Density matrix has no symmetry -- integrals replicated.
 EnCoef did   100 forward-backward iterations
 Density matrix breaks symmetry, PCut= 1.00D-07
 Density matrix has no symmetry -- integrals replicated.
 Density matrix breaks symmetry, PCut= 1.00D-07
 Density matrix has no symmetry -- integrals replicated.
 Density matrix breaks symmetry, PCut= 1.00D-07
 Density matrix has no symmetry -- integrals replicated.
 Density matrix breaks symmetry, PCut= 1.00D-07
 Density matrix has no symmetry -- integrals replicated.
 Density matrix breaks symmetry, PCut= 1.00D-07
 Density matrix has no symmetry -- integrals replicated.
 Density matrix breaks symmetry, PCut= 1.00D-07
 Density matrix has no symmetry -- integrals replicated.
 Density matrix breaks symmetry, PCut= 1.00D-07
 Density matrix has no symmetry -- integrals replicated.
 Density matrix breaks symmetry, PCut= 1.00D-07
 Density matrix has no symmetry -- integrals replicated.
 Density matrix breaks symmetry, PCut= 1.00D-07
 Density matrix has no symmetry -- integrals replicated.
 Density matrix breaks symmetry, PCut= 1.00D-07
 Density matrix has no symmetry -- integrals replicated.
 Density matrix breaks symmetry, PCut= 1.00D-07
 Density matrix has no symmetry -- integrals replicated.
 SCF Done:  E(RHF) =  -5.94809587542     A.U. after   15 cycles
            NFock= 15  Conv=0.16D-08     -V/T= 1.9668
 Range of M.O.s used for correlation:     1    12
 NBasis=    12 NAE=     6 NBE=     6 NFC=     0 NFV=     0
 NROrb=     12 NOA=     6 NOB=     6 NVA=     6 NVB=     6

 **** Warning!!: The smallest alpha delta epsilon is  0.60387582D-01

 Semi-Direct transformation.
 ModeAB=           2 MOrb=             6 LenV=     134095453
 LASXX=         2181 LTotXX=        2181 LenRXX=        2181
 LTotAB=        2934 MaxLAS=        5616 LenRXY=        5616
 NonZer=        5616 LenScr=      655360 LnRSAI=           0
 LnScr1=           0 LExtra=           0 Total=       663157
 MaxDsk=          -1 SrtSym=           F ITran=            3
 JobTyp=0 Pass  1:  I=   1 to   6.
 (rs|ai) integrals will be sorted in core.
 SymMOI:  orbitals are not symmetric.
 Spin components of T(2) and E(2):
     alpha-alpha T2 =       0.5258786457D-03 E2=     -0.1022260952D-02
     alpha-beta  T2 =       0.5054598934D+01 E2=     -0.6681364297D+00
     beta-beta   T2 =       0.5258786457D-03 E2=     -0.1022260952D-02
 ANorm=    0.2460823174D+01
 E2 =    -0.6701809516D+00 EUMP2 =    -0.66182768270294D+01
 Second order stability test of a single determinant RHF wave function:
 Stabil:  MDV=134217728
 ***********************************************************************
 Matrix         Lowest Root    Major Pairs
 ***********************************************************************
 Internal RHF     0.2538637    Stable
 RRHF --> CRHF    0.0028057    Stable
 RRHF --> RUHF   -0.5449664    6A=7B
 Not stable.
 ***********************************************************************

 **********************************************************************

            Population analysis using the SCF density.

 **********************************************************************

 Orbital symmetries:
       Occupied  (AG) (BU) (AG) (BU) (AG) (BU)
       Virtual   (AG) (BU) (AG) (BU) (AG) (BU)
 The electronic state is 1-AG.
 Alpha  occ. eigenvalues --   -0.75951  -0.72442  -0.65989  -0.57727  -0.48259
 Alpha  occ. eigenvalues --   -0.15372
 Alpha virt. eigenvalues --   -0.09333   0.23435   0.30276   0.41681   0.54984
 Alpha virt. eigenvalues --    0.66629
          Condensed to atoms (all electrons):
               1          2          3          4          5          6
     1  H    1.182627  -0.060035  -0.051618  -0.003279   0.000732   0.000313
     2  H   -0.060035   0.678888   0.505753  -0.079901  -0.067214   0.001836
     3  H   -0.051618   0.505753   0.657698  -0.066447  -0.080537   0.000891
     4  H   -0.003279  -0.079901  -0.066447   0.744743   0.559843  -0.091441
     5  H    0.000732  -0.067214  -0.080537   0.559843   0.740843  -0.078298
     6  H    0.000313   0.001836   0.000891  -0.091441  -0.078298   0.751331
     7  H    0.000181   0.002031   0.001775  -0.072102  -0.089111   0.568652
     8  H   -0.000036   0.000107   0.000152   0.002295   0.000930  -0.089111
     9  H   -0.000016   0.000006   0.000038   0.002488   0.002295  -0.072102
    10  H    0.000004  -0.000014  -0.000016   0.000038   0.000152   0.001775
    11  H    0.000004  -0.000010  -0.000014   0.000006   0.000107   0.002031
    12  H   -0.000001   0.000004   0.000004  -0.000016  -0.000036   0.000181
               7          8          9         10         11         12
     1  H    0.000181  -0.000036  -0.000016   0.000004   0.000004  -0.000001
     2  H    0.002031   0.000107   0.000006  -0.000014  -0.000010   0.000004
     3  H    0.001775   0.000152   0.000038  -0.000016  -0.000014   0.000004
     4  H   -0.072102   0.002295   0.002488   0.000038   0.000006  -0.000016
     5  H   -0.089111   0.000930   0.002295   0.000152   0.000107  -0.000036
     6  H    0.568652  -0.089111  -0.072102   0.001775   0.002031   0.000181
     7  H    0.751331  -0.078298  -0.091441   0.000891   0.001836   0.000313
     8  H   -0.078298   0.740843   0.559843  -0.080537  -0.067214   0.000732
     9  H   -0.091441   0.559843   0.744743  -0.066447  -0.079901  -0.003279
    10  H    0.000891  -0.080537  -0.066447   0.657698   0.505753  -0.051618
    11  H    0.001836  -0.067214  -0.079901   0.505753   0.678888  -0.060035
    12  H    0.000313   0.000732  -0.003279  -0.051618  -0.060035   1.182627
 Mulliken charges:
               1
     1  H   -0.068875
     2  H    0.018550
     3  H    0.032318
     4  H    0.003773
     5  H    0.010293
     6  H    0.003942
     7  H    0.003942
     8  H    0.010293
     9  H    0.003773
    10  H    0.032318
    11  H    0.018550
    12  H   -0.068875
 Sum of Mulliken charges =   0.00000
 Mulliken charges with hydrogens summed into heavy atoms:
               1
 Electronic spatial extent (au):  <R**2>=            402.7975
 Charge=              0.0000 electrons
 Dipole moment (field-independent basis, Debye):
    X=              0.0000    Y=              0.0000    Z=              0.0000  Tot=              0.0000
 Quadrupole moment (field-independent basis, Debye-Ang):
   XX=            -31.8361   YY=            -13.6894   ZZ=            -15.4756
   XY=             -2.4882   XZ=              0.0000   YZ=             -0.0000
 Traceless Quadrupole moment (field-independent basis, Debye-Ang):
   XX=            -11.5024   YY=              6.6443   ZZ=              4.8581
   XY=             -2.4882   XZ=              0.0000   YZ=             -0.0000
 Octapole moment (field-independent basis, Debye-Ang**2):
  XXX=              0.0000  YYY=              0.0000  ZZZ=              0.0000  XYY=              0.0000
  XXY=              0.0000  XXZ=              0.0000  XZZ=              0.0000  YZZ=             -0.0000
  YYZ=              0.0000  XYZ=              0.0000
 Hexadecapole moment (field-independent basis, Debye-Ang**3):
 XXXX=          -1291.5202 YYYY=            -51.7009 ZZZZ=            -18.6951 XXXY=           -149.8165
 XXXZ=              0.0000 YYYX=            -69.2885 YYYZ=              0.0000 ZZZX=              0.0000
 ZZZY=              0.0000 XXYY=           -142.2916 XXZZ=           -135.3887 YYZZ=            -12.2918
 XXYZ=              0.0000 YYXZ=              0.0000 ZZXY=            -24.9193
 N-N= 1.481500176046D+01 E-N=-4.096371646939D+01  KE= 6.152321432110D+00
 Symmetry AG   KE= 2.987425064828D+00
 Symmetry BG   KE= 0.000000000000D+00
 Symmetry AU   KE= 0.000000000000D+00
 Symmetry BU   KE= 3.164896367282D+00

 Test job not archived.
 1\1\GINC-SULU\Stability\RHF\Gen\H12\LCJ1\16-Feb-2017\0\\#rhf/gen scf(t
 ight,novaracc,noincfock,fulldiag) stable(crhf) guess=mix geom=nocrowd 
 test\\hf stability analysis of h12 triangular lattice, y= 1.5813852119
 866876 alpha= 77.000000000000000\\0,1\H\H,1,1.6229821251\H,1,1.6229821
 251,2,26.\H,2,1.6229821251,1,154.,3,0.,0\H,3,1.6229821251,1,180.,2,0.,
 0\H,4,1.6229821251,2,180.,1,0.,0\H,5,1.6229821251,3,180.,2,0.,0\H,6,1.
 6229821251,4,180.,1,0.,0\H,7,1.6229821251,5,180.,2,0.,0\H,8,1.62298212
 51,6,180.,1,0.,0\H,9,1.6229821251,5,180.,2,0.,0\H,10,1.6229821251,6,18
 0.,1,0.,0\\Version=ES64L-G09RevE.01\State=1-AG\HF=-5.9480959\MP2=-6.61
 82768\RMSD=1.567e-09\Dipole=0.,0.,0.\Quadrupole=3.4462055,3.6118867,-7
 .0580922,0.,-4.6198368,0.\PG=C02H [SGH(H12)]\\@


 WHEN YOU'VE SEEN ONE NUCLEAR WAR YOU'VE SEEN THEM ALL.
 Job cpu time:       0 days  0 hours  0 minutes  1.3 seconds.
 File lengths (MBytes):  RWF=     84 Int=      0 D2E=      0 Chk=      2 Scr=      2
 Normal termination of Gaussian 09 at Thu Feb 16 18:13:02 2017.
