 Entering Gaussian System, Link 0=g09
 AtFile(1): H.gbs
            H     0
            S   10   1.00
               1000.000000000000            0.000068713567
                316.227766000000            0.000169141320
                100.000000000000            0.000823394812
                 31.622776600000            0.003425569236
                 10.000000000000            0.013951996000
                  3.162277660000            0.056909313560
                  1.000000000000            0.198286399900
                  0.316227766000            0.496922426700
                  0.100000000000            0.369846276400
                  0.031622776600            0.003752720039
            ****
 Initial command:
 /projects/guscus/apps/gau/g09-e1/g09/l1.exe "/users/lcj1/gaussian/h12/rhfstability/2rows/mix/Gau-13650.inp" -scrdir="/users/lcj1/gaussian/h12/rhfstability/2rows/mix/"
 Entering Link 1 = /projects/guscus/apps/gau/g09-e1/g09/l1.exe PID=     13651.
  
 Copyright (c) 1988,1990,1992,1993,1995,1998,2003,2009,2015,
            Gaussian, Inc.  All Rights Reserved.
  
 This is part of the Gaussian(R) 09 program.  It is based on
 the Gaussian(R) 03 system (copyright 2003, Gaussian, Inc.),
 the Gaussian(R) 98 system (copyright 1998, Gaussian, Inc.),
 the Gaussian(R) 94 system (copyright 1995, Gaussian, Inc.),
 the Gaussian 92(TM) system (copyright 1992, Gaussian, Inc.),
 the Gaussian 90(TM) system (copyright 1990, Gaussian, Inc.),
 the Gaussian 88(TM) system (copyright 1988, Gaussian, Inc.),
 the Gaussian 86(TM) system (copyright 1986, Carnegie Mellon
 University), and the Gaussian 82(TM) system (copyright 1983,
 Carnegie Mellon University). Gaussian is a federally registered
 trademark of Gaussian, Inc.
  
 This software contains proprietary and confidential information,
 including trade secrets, belonging to Gaussian, Inc.
  
 This software is provided under written license and may be
 used, copied, transmitted, or stored only in accord with that
 written license.
  
 The following legend is applicable only to US Government
 contracts under FAR:
  
                    RESTRICTED RIGHTS LEGEND
  
 Use, reproduction and disclosure by the US Government is
 subject to restrictions as set forth in subparagraphs (a)
 and (c) of the Commercial Computer Software - Restricted
 Rights clause in FAR 52.227-19.
  
 Gaussian, Inc.
 340 Quinnipiac St., Bldg. 40, Wallingford CT 06492
  
  
 ---------------------------------------------------------------
 Warning -- This program may not be used in any manner that
 competes with the business of Gaussian, Inc. or will provide
 assistance to any competitor of Gaussian, Inc.  The licensee
 of this program is prohibited from giving any competitor of
 Gaussian, Inc. access to this program.  By using this program,
 the user acknowledges that Gaussian, Inc. is engaged in the
 business of creating and licensing software in the field of
 computational chemistry and represents and warrants to the
 licensee that it is not a competitor of Gaussian, Inc. and that
 it will not use this program in any manner prohibited above.
 ---------------------------------------------------------------
  

 Cite this work as:
 Gaussian 09, Revision E.01,
 M. J. Frisch, G. W. Trucks, H. B. Schlegel, G. E. Scuseria, 
 M. A. Robb, J. R. Cheeseman, G. Scalmani, V. Barone, B. Mennucci, 
 G. A. Petersson, H. Nakatsuji, M. Caricato, X. Li, H. P. Hratchian, 
 A. F. Izmaylov, J. Bloino, G. Zheng, J. L. Sonnenberg, M. Hada, 
 M. Ehara, K. Toyota, R. Fukuda, J. Hasegawa, M. Ishida, T. Nakajima, 
 Y. Honda, O. Kitao, H. Nakai, T. Vreven, J. A. Montgomery, Jr., 
 J. E. Peralta, F. Ogliaro, M. Bearpark, J. J. Heyd, E. Brothers, 
 K. N. Kudin, V. N. Staroverov, T. Keith, R. Kobayashi, J. Normand, 
 K. Raghavachari, A. Rendell, J. C. Burant, S. S. Iyengar, J. Tomasi, 
 M. Cossi, N. Rega, J. M. Millam, M. Klene, J. E. Knox, J. B. Cross, 
 V. Bakken, C. Adamo, J. Jaramillo, R. Gomperts, R. E. Stratmann, 
 O. Yazyev, A. J. Austin, R. Cammi, C. Pomelli, J. W. Ochterski, 
 R. L. Martin, K. Morokuma, V. G. Zakrzewski, G. A. Voth, 
 P. Salvador, J. J. Dannenberg, S. Dapprich, A. D. Daniels, 
 O. Farkas, J. B. Foresman, J. V. Ortiz, J. Cioslowski, 
 and D. J. Fox, Gaussian, Inc., Wallingford CT, 2013.
 
 ******************************************
 Gaussian 09:  ES64L-G09RevE.01 30-Nov-2015
                16-Feb-2017 
 ******************************************
 %chk=h12.chk
 ----------------------------------------------------------------------
 #rhf/gen scf(tight,novaracc,noincfock,fulldiag) stable(crhf) guess=mix
  geom=nocrowd test
 ----------------------------------------------------------------------
 1/38=1/1;
 2/12=1,17=6,18=5,40=1/2;
 3/5=7,16=1,25=1,30=1,116=1/1,2,3;
 4/13=-1/1;
 5/5=100002,16=1,32=2,38=1/2;
 8/6=1,10=90,11=11/1,4;
 9/8=4,13=1/2;
 6/7=2,8=2,9=2,10=2,28=1/1;
 99/5=1,9=1/99;
 ----------------------------------------------------------------------
 hf stability analysis of h12 triangular lattice, y= 0.9428899751596989
 7 alpha= 57.000000000000000
 ----------------------------------------------------------------------
 Symbolic Z-matrix:
 Charge =  0 Multiplicity = 1
 H
 H                    1     1.12427 
 H                    1     1.12427  2     66. 
 H                    2     1.12427  1     114.     3     0.       0
 H                    3     1.12427  1     180.     2     0.       0
 H                    4     1.12427  2     180.     1     0.       0
 H                    5     1.12427  3     180.     2     0.       0
 H                    6     1.12427  4     180.     1     0.       0
 H                    7     1.12427  5     180.     2     0.       0
 H                    8     1.12427  6     180.     1     0.       0
 H                    9     1.12427  5     180.     2     0.       0
 H                    10    1.12427  6     180.     1     0.       0
 
                          Input orientation:                          
 ---------------------------------------------------------------------
 Center     Atomic      Atomic             Coordinates (Angstroms)
 Number     Number       Type             X           Y           Z
 ---------------------------------------------------------------------
      1          1           0        0.000000    0.000000    0.000000
      2          1           0        0.000000    0.000000    1.124267
      3          1           0        1.027069    0.000000    0.457281
      4          1           0        1.027069    0.000000    1.581548
      5          1           0        2.054139    0.000000    0.914561
      6          1           0        2.054139    0.000000    2.038829
      7          1           0        3.081208    0.000000    1.371842
      8          1           0        3.081208    0.000000    2.496110
      9          1           0        4.108277    0.000000    1.829123
     10          1           0        4.108277    0.000000    2.953390
     11          1           0        5.135347    0.000000    2.286404
     12          1           0        5.135347    0.000000    3.410671
 ---------------------------------------------------------------------
                    Distance matrix (angstroms):
                    1          2          3          4          5
     1  H    0.000000
     2  H    1.124267   0.000000
     3  H    1.124267   1.224640   0.000000
     4  H    1.885780   1.124267   1.124267   0.000000
     5  H    2.248535   2.064815   1.124267   1.224640   0.000000
     6  H    2.894185   2.248535   1.885780   1.124267   1.124267
     7  H    3.372802   3.091138   2.248535   2.064815   1.124267
     8  H    3.965401   3.372802   2.894185   2.248535   1.885780
     9  H    4.497070   4.168305   3.372802   3.091138   2.248535
    10  H    5.059689   4.497070   3.965401   3.372802   2.894185
    11  H    5.621337   5.265202   4.497070   4.168305   3.372802
    12  H    6.164776   5.621337   5.059689   4.497070   3.965401
                    6          7          8          9         10
     6  H    0.000000
     7  H    1.224640   0.000000
     8  H    1.124267   1.124267   0.000000
     9  H    2.064815   1.124267   1.224640   0.000000
    10  H    2.248535   1.885780   1.124267   1.124267   0.000000
    11  H    3.091138   2.248535   2.064815   1.124267   1.224640
    12  H    3.372802   2.894185   2.248535   1.885780   1.124267
                   11         12
    11  H    0.000000
    12  H    1.124267   0.000000
 Stoichiometry    H12
 Framework group  C2H[SGH(H12)]
 Deg. of freedom    11
 Full point group                 C2H     NOp   4
 Largest Abelian subgroup         C2H     NOp   4
 Largest concise Abelian subgroup C2      NOp   2
                         Standard orientation:                         
 ---------------------------------------------------------------------
 Center     Atomic      Atomic             Coordinates (Angstroms)
 Number     Number       Type             X           Y           Z
 ---------------------------------------------------------------------
      1          1           0        2.828670    1.224640   -0.000000
      2          1           0        1.885780    1.836960   -0.000000
      3          1           0        1.885780    0.612320   -0.000000
      4          1           0        0.942890    1.224640   -0.000000
      5          1           0        0.942890    0.000000   -0.000000
      6          1           0        0.000000    0.612320    0.000000
      7          1           0       -0.000000   -0.612320   -0.000000
      8          1           0       -0.942890    0.000000   -0.000000
      9          1           0       -0.942890   -1.224640   -0.000000
     10          1           0       -1.885780   -0.612320   -0.000000
     11          1           0       -1.885780   -1.836960   -0.000000
     12          1           0       -2.828670   -1.224640   -0.000000
 ---------------------------------------------------------------------
 Rotational constants (GHZ):    160.8741931     11.1647671     10.4402101
 General basis read from cards:  (5D, 7F)
 There are     6 symmetry adapted cartesian basis functions of AG  symmetry.
 There are     0 symmetry adapted cartesian basis functions of BG  symmetry.
 There are     0 symmetry adapted cartesian basis functions of AU  symmetry.
 There are     6 symmetry adapted cartesian basis functions of BU  symmetry.
 There are     6 symmetry adapted basis functions of AG  symmetry.
 There are     0 symmetry adapted basis functions of BG  symmetry.
 There are     0 symmetry adapted basis functions of AU  symmetry.
 There are     6 symmetry adapted basis functions of BU  symmetry.
    12 basis functions,   120 primitive gaussians,    12 cartesian basis functions
     6 alpha electrons        6 beta electrons
       nuclear repulsion energy        17.8975150134 Hartrees.
 NAtoms=   12 NActive=   12 NUniq=    6 SFac= 4.00D+00 NAtFMM=   60 NAOKFM=F Big=F
 Integral buffers will be    131072 words long.
 Regular integral format.
 Two-electron integral symmetry is turned on.
 One-electron integrals computed using PRISM.
 NBasis=    12 RedAO= T EigKep=  1.57D-01  NBF=     6     0     0     6
 NBsUse=    12 1.00D-06 EigRej= -1.00D+00 NBFU=     6     0     0     6
 ExpMin= 3.16D-02 ExpMax= 1.00D+03 ExpMxC= 1.00D+01 IAcc=3 IRadAn=         5 AccDes= 0.00D+00
 Harris functional with IExCor=  205 and IRadAn=       5 diagonalized for initial guess.
 HarFok:  IExCor=  205 AccDes= 0.00D+00 IRadAn=         5 IDoV= 1 UseB2=F ITyADJ=14
 ICtDFT=  3500011 ScaDFX=  1.000000  1.000000  1.000000  1.000000
 FoFCou: FMM=F IPFlag=           0 FMFlag=      100000 FMFlg1=           0
         NFxFlg=           0 DoJE=T BraDBF=F KetDBF=T FulRan=T
         wScrn=  0.000000 ICntrl=     500 IOpCl=  0 I1Cent=   200000004 NGrid=           0
         NMat0=    1 NMatS0=      1 NMatT0=    0 NMatD0=    1 NMtDS0=    0 NMtDT0=    0
 Petite list used in FoFCou.
 Mixing orbitals, IMix= 1 IMixAn=  0 NRI=1 NE=    6 Coef=  7.07106781D-01  7.07106781D-01
 Initial guess orbital symmetries:
       Occupied  (AG) (BU) (AG) (BU) (BU) (AG)
       Virtual   (AG) (BU) (BU) (AG) (BU) (AG)
 The electronic state of the initial guess is 1-AG.
 Keep R1 ints in memory in symmetry-blocked form, NReq=900564.
 Requested convergence on RMS density matrix=1.00D-08 within 128 cycles.
 Requested convergence on MAX density matrix=1.00D-06.
 Requested convergence on             energy=1.00D-06.
 No special actions if energy rises.
 An orbital has undefined symmetry, so N**3 symmetry is turned off.
 SCF Done:  E(RHF) =  -5.88560095020     A.U. after   14 cycles
            NFock= 14  Conv=0.13D-08     -V/T= 1.9757
 Range of M.O.s used for correlation:     1    12
 NBasis=    12 NAE=     6 NBE=     6 NFC=     0 NFV=     0
 NROrb=     12 NOA=     6 NOB=     6 NVA=     6 NVB=     6
 Semi-Direct transformation.
 ModeAB=           2 MOrb=             6 LenV=     134088159
 LASXX=         2181 LTotXX=        2181 LenRXX=        2181
 LTotAB=        2934 MaxLAS=        5616 LenRXY=        5616
 NonZer=        5616 LenScr=      655360 LnRSAI=           0
 LnScr1=           0 LExtra=           0 Total=       663157
 MaxDsk=          -1 SrtSym=           F ITran=            3
 JobTyp=0 Pass  1:  I=   1 to   6.
 (rs|ai) integrals will be sorted in core.
 SymMOI:  orbitals are not symmetric.
 Spin components of T(2) and E(2):
     alpha-alpha T2 =       0.8721191617D-02 E2=     -0.1088005000D-01
     alpha-beta  T2 =       0.7862415835D-01 E2=     -0.1056460667D+00
     beta-beta   T2 =       0.8721191617D-02 E2=     -0.1088005000D-01
 ANorm=    0.1046931966D+01
 E2 =    -0.1274061667D+00 EUMP2 =    -0.60130071168808D+01
 Second order stability test of a single determinant RHF wave function:
 Stabil:  MDV=134217728
 ***********************************************************************
 Matrix         Lowest Root    Major Pairs
 ***********************************************************************
 Internal RHF     0.1069014    Stable
 RRHF --> CRHF    0.0664561    Stable

 RRHF --> RUHF   -0.0546454    6A=7B 4A=8B 5A=8B 4A=10B 5A=10B 3A=9B 3A=7B 6A=9B 
 2A=11B 2A=10B
 Not stable.
 ***********************************************************************

 **********************************************************************

            Population analysis using the SCF density.

 **********************************************************************

 Orbital symmetries:
       Occupied  (AG) (BU) (AG) (BU) (BU) (AG)
       Virtual   (AG) (BU) (AG) (BU) (BU) (AG)
 The electronic state is 1-AG.
 Alpha  occ. eigenvalues --   -0.87433  -0.78561  -0.64103  -0.44586  -0.41354
 Alpha  occ. eigenvalues --   -0.30739
 Alpha virt. eigenvalues --    0.02707   0.06998   0.33312   0.34455   0.61534
 Alpha virt. eigenvalues --    0.70812
          Condensed to atoms (all electrons):
               1          2          3          4          5          6
     1  H    0.779070   0.079152   0.308655  -0.147974  -0.017257  -0.027058
     2  H    0.079152   0.784768  -0.089662   0.324903  -0.146766   0.004421
     3  H    0.308655  -0.089662   0.744128  -0.283118   0.291992  -0.077107
     4  H   -0.147974   0.324903  -0.283118   1.257043  -0.162164   0.292034
     5  H   -0.017257  -0.146766   0.291992  -0.162164   1.211506   0.014500
     6  H   -0.027058   0.004421  -0.077107   0.292034   0.014500   0.607174
     7  H    0.002933  -0.009512   0.017732  -0.069597   0.153591  -0.076459
     8  H    0.004867   0.003023  -0.006650  -0.054411  -0.121006   0.153591
     9  H   -0.000266   0.003721  -0.007874   0.008241  -0.054411  -0.069597
    10  H    0.000450  -0.000535   0.001790  -0.007874  -0.006650   0.017732
    11  H   -0.000228   0.000166  -0.000535   0.003721   0.003023  -0.009512
    12  H   -0.000016  -0.000228   0.000450  -0.000266   0.004867   0.002933
               7          8          9         10         11         12
     1  H    0.002933   0.004867  -0.000266   0.000450  -0.000228  -0.000016
     2  H   -0.009512   0.003023   0.003721  -0.000535   0.000166  -0.000228
     3  H    0.017732  -0.006650  -0.007874   0.001790  -0.000535   0.000450
     4  H   -0.069597  -0.054411   0.008241  -0.007874   0.003721  -0.000266
     5  H    0.153591  -0.121006  -0.054411  -0.006650   0.003023   0.004867
     6  H   -0.076459   0.153591  -0.069597   0.017732  -0.009512   0.002933
     7  H    0.607174   0.014500   0.292034  -0.077107   0.004421  -0.027058
     8  H    0.014500   1.211506  -0.162164   0.291992  -0.146766  -0.017257
     9  H    0.292034  -0.162164   1.257043  -0.283118   0.324903  -0.147974
    10  H   -0.077107   0.291992  -0.283118   0.744128  -0.089662   0.308655
    11  H    0.004421  -0.146766   0.324903  -0.089662   0.784768   0.079152
    12  H   -0.027058  -0.017257  -0.147974   0.308655   0.079152   0.779070
 Mulliken charges:
               1
     1  H    0.017670
     2  H    0.046548
     3  H    0.100199
     4  H   -0.160538
     5  H   -0.171226
     6  H    0.167348
     7  H    0.167348
     8  H   -0.171226
     9  H   -0.160538
    10  H    0.100199
    11  H    0.046548
    12  H    0.017670
 Sum of Mulliken charges =  -0.00000
 Mulliken charges with hydrogens summed into heavy atoms:
               1
 Electronic spatial extent (au):  <R**2>=            207.2381
 Charge=             -0.0000 electrons
 Dipole moment (field-independent basis, Debye):
    X=             -0.0000    Y=             -0.0000    Z=             -0.0000  Tot=              0.0000
 Quadrupole moment (field-independent basis, Debye-Ang):
   XX=            -14.1275   YY=            -18.3057   ZZ=            -15.6058
   XY=              2.8920   XZ=              0.0000   YZ=             -0.0000
 Traceless Quadrupole moment (field-independent basis, Debye-Ang):
   XX=              1.8855   YY=             -2.2927   ZZ=              0.4072
   XY=              2.8920   XZ=              0.0000   YZ=             -0.0000
 Octapole moment (field-independent basis, Debye-Ang**2):
  XXX=             -0.0000  YYY=             -0.0000  ZZZ=              0.0000  XYY=             -0.0000
  XXY=             -0.0000  XXZ=              0.0000  XZZ=              0.0000  YZZ=              0.0000
  YYZ=              0.0000  XYZ=             -0.0000
 Hexadecapole moment (field-independent basis, Debye-Ang**3):
 XXXX=           -276.1903 YYYY=           -147.1635 ZZZZ=            -18.8733 XXXY=            -51.5211
 XXXZ=             -0.0000 YYYX=            -69.9886 YYYZ=             -0.0000 ZZZX=             -0.0000
 ZZZY=             -0.0000 XXYY=            -60.4857 XXZZ=            -51.4853 YYZZ=            -26.3239
 XXYZ=             -0.0000 YYXZ=             -0.0000 ZZXY=            -23.7406
 N-N= 1.789751501342D+01 E-N=-4.666283851895D+01  KE= 6.032134496202D+00
 Symmetry AG   KE= 2.845930214811D+00
 Symmetry BG   KE= 0.000000000000D+00
 Symmetry AU   KE= 0.000000000000D+00
 Symmetry BU   KE= 3.186204281391D+00

 Test job not archived.
 1\1\GINC-SULU\Stability\RHF\Gen\H12\LCJ1\16-Feb-2017\0\\#rhf/gen scf(t
 ight,novaracc,noincfock,fulldiag) stable(crhf) guess=mix geom=nocrowd 
 test\\hf stability analysis of h12 triangular lattice, y= 0.9428899751
 5969897 alpha= 57.000000000000000\\0,1\H\H,1,1.1242673754\H,1,1.124267
 3754,2,66.\H,2,1.1242673754,1,114.,3,0.,0\H,3,1.1242673754,1,180.,2,0.
 ,0\H,4,1.1242673754,2,180.,1,0.,0\H,5,1.1242673754,3,180.,2,0.,0\H,6,1
 .1242673754,4,180.,1,0.,0\H,7,1.1242673754,5,180.,2,0.,0\H,8,1.1242673
 754,6,180.,1,0.,0\H,9,1.1242673754,5,180.,2,0.,0\H,10,1.1242673754,6,1
 80.,1,0.,0\\Version=ES64L-G09RevE.01\State=1-AG\HF=-5.885601\MP2=-6.01
 30071\RMSD=1.274e-09\Dipole=0.,0.,0.\Quadrupole=1.181155,0.3027184,-1.
 4838734,0.,2.2934436,0.\PG=C02H [SGH(H12)]\\@


 THE BEST WAY TO CONVINCE A FOOL THAT HE IS WRONG 
 IS TO LET HIM HAVE HIS OWN WAY.

                                         JOSH BILLINGS
 Job cpu time:       0 days  0 hours  0 minutes  1.5 seconds.
 File lengths (MBytes):  RWF=     84 Int=      0 D2E=      0 Chk=      2 Scr=      2
 Normal termination of Gaussian 09 at Thu Feb 16 18:12:03 2017.
