 Entering Gaussian System, Link 0=g09
 AtFile(1): H.gbs
            H     0
            S   10   1.00
               1000.000000000000            0.000068713567
                316.227766000000            0.000169141320
                100.000000000000            0.000823394812
                 31.622776600000            0.003425569236
                 10.000000000000            0.013951996000
                  3.162277660000            0.056909313560
                  1.000000000000            0.198286399900
                  0.316227766000            0.496922426700
                  0.100000000000            0.369846276400
                  0.031622776600            0.003752720039
            ****
 Initial command:
 /projects/guscus/apps/gau/g09-e1/g09/l1.exe "/users/lcj1/gaussian/h12/rhfstability/2rows/mix/Gau-13610.inp" -scrdir="/users/lcj1/gaussian/h12/rhfstability/2rows/mix/"
 Entering Link 1 = /projects/guscus/apps/gau/g09-e1/g09/l1.exe PID=     13611.
  
 Copyright (c) 1988,1990,1992,1993,1995,1998,2003,2009,2015,
            Gaussian, Inc.  All Rights Reserved.
  
 This is part of the Gaussian(R) 09 program.  It is based on
 the Gaussian(R) 03 system (copyright 2003, Gaussian, Inc.),
 the Gaussian(R) 98 system (copyright 1998, Gaussian, Inc.),
 the Gaussian(R) 94 system (copyright 1995, Gaussian, Inc.),
 the Gaussian 92(TM) system (copyright 1992, Gaussian, Inc.),
 the Gaussian 90(TM) system (copyright 1990, Gaussian, Inc.),
 the Gaussian 88(TM) system (copyright 1988, Gaussian, Inc.),
 the Gaussian 86(TM) system (copyright 1986, Carnegie Mellon
 University), and the Gaussian 82(TM) system (copyright 1983,
 Carnegie Mellon University). Gaussian is a federally registered
 trademark of Gaussian, Inc.
  
 This software contains proprietary and confidential information,
 including trade secrets, belonging to Gaussian, Inc.
  
 This software is provided under written license and may be
 used, copied, transmitted, or stored only in accord with that
 written license.
  
 The following legend is applicable only to US Government
 contracts under FAR:
  
                    RESTRICTED RIGHTS LEGEND
  
 Use, reproduction and disclosure by the US Government is
 subject to restrictions as set forth in subparagraphs (a)
 and (c) of the Commercial Computer Software - Restricted
 Rights clause in FAR 52.227-19.
  
 Gaussian, Inc.
 340 Quinnipiac St., Bldg. 40, Wallingford CT 06492
  
  
 ---------------------------------------------------------------
 Warning -- This program may not be used in any manner that
 competes with the business of Gaussian, Inc. or will provide
 assistance to any competitor of Gaussian, Inc.  The licensee
 of this program is prohibited from giving any competitor of
 Gaussian, Inc. access to this program.  By using this program,
 the user acknowledges that Gaussian, Inc. is engaged in the
 business of creating and licensing software in the field of
 computational chemistry and represents and warrants to the
 licensee that it is not a competitor of Gaussian, Inc. and that
 it will not use this program in any manner prohibited above.
 ---------------------------------------------------------------
  

 Cite this work as:
 Gaussian 09, Revision E.01,
 M. J. Frisch, G. W. Trucks, H. B. Schlegel, G. E. Scuseria, 
 M. A. Robb, J. R. Cheeseman, G. Scalmani, V. Barone, B. Mennucci, 
 G. A. Petersson, H. Nakatsuji, M. Caricato, X. Li, H. P. Hratchian, 
 A. F. Izmaylov, J. Bloino, G. Zheng, J. L. Sonnenberg, M. Hada, 
 M. Ehara, K. Toyota, R. Fukuda, J. Hasegawa, M. Ishida, T. Nakajima, 
 Y. Honda, O. Kitao, H. Nakai, T. Vreven, J. A. Montgomery, Jr., 
 J. E. Peralta, F. Ogliaro, M. Bearpark, J. J. Heyd, E. Brothers, 
 K. N. Kudin, V. N. Staroverov, T. Keith, R. Kobayashi, J. Normand, 
 K. Raghavachari, A. Rendell, J. C. Burant, S. S. Iyengar, J. Tomasi, 
 M. Cossi, N. Rega, J. M. Millam, M. Klene, J. E. Knox, J. B. Cross, 
 V. Bakken, C. Adamo, J. Jaramillo, R. Gomperts, R. E. Stratmann, 
 O. Yazyev, A. J. Austin, R. Cammi, C. Pomelli, J. W. Ochterski, 
 R. L. Martin, K. Morokuma, V. G. Zakrzewski, G. A. Voth, 
 P. Salvador, J. J. Dannenberg, S. Dapprich, A. D. Daniels, 
 O. Farkas, J. B. Foresman, J. V. Ortiz, J. Cioslowski, 
 and D. J. Fox, Gaussian, Inc., Wallingford CT, 2013.
 
 ******************************************
 Gaussian 09:  ES64L-G09RevE.01 30-Nov-2015
                16-Feb-2017 
 ******************************************
 %chk=h12.chk
 ----------------------------------------------------------------------
 #rhf/gen scf(tight,novaracc,noincfock,fulldiag) stable(crhf) guess=mix
  geom=nocrowd test
 ----------------------------------------------------------------------
 1/38=1/1;
 2/12=1,17=6,18=5,40=1/2;
 3/5=7,16=1,25=1,30=1,116=1/1,2,3;
 4/13=-1/1;
 5/5=100002,16=1,32=2,38=1/2;
 8/6=1,10=90,11=11/1,4;
 9/8=4,13=1/2;
 6/7=2,8=2,9=2,10=2,28=1/1;
 99/5=1,9=1/99;
 ----------------------------------------------------------------------
 hf stability analysis of h12 triangular lattice, y= 0.9251794552834028
 4 alpha= 56.000000000000000
 ----------------------------------------------------------------------
 Symbolic Z-matrix:
 Charge =  0 Multiplicity = 1
 H
 H                    1     1.11597 
 H                    1     1.11597  2     68. 
 H                    2     1.11597  1     112.     3     0.       0
 H                    3     1.11597  1     180.     2     0.       0
 H                    4     1.11597  2     180.     1     0.       0
 H                    5     1.11597  3     180.     2     0.       0
 H                    6     1.11597  4     180.     1     0.       0
 H                    7     1.11597  5     180.     2     0.       0
 H                    8     1.11597  6     180.     1     0.       0
 H                    9     1.11597  5     180.     2     0.       0
 H                    10    1.11597  6     180.     1     0.       0
 
                          Input orientation:                          
 ---------------------------------------------------------------------
 Center     Atomic      Atomic             Coordinates (Angstroms)
 Number     Number       Type             X           Y           Z
 ---------------------------------------------------------------------
      1          1           0        0.000000    0.000000    0.000000
      2          1           0        0.000000    0.000000    1.115968
      3          1           0        1.034708    0.000000    0.418049
      4          1           0        1.034708    0.000000    1.534017
      5          1           0        2.069415    0.000000    0.836098
      6          1           0        2.069415    0.000000    1.952066
      7          1           0        3.104123    0.000000    1.254147
      8          1           0        3.104123    0.000000    2.370115
      9          1           0        4.138830    0.000000    1.672196
     10          1           0        4.138830    0.000000    2.788164
     11          1           0        5.173538    0.000000    2.090245
     12          1           0        5.173538    0.000000    3.206213
 ---------------------------------------------------------------------
                    Distance matrix (angstroms):
                    1          2          3          4          5
     1  H    0.000000
     2  H    1.115968   0.000000
     3  H    1.115968   1.248083   0.000000
     4  H    1.850359   1.115968   1.115968   0.000000
     5  H    2.231936   2.088254   1.115968   1.248083   0.000000
     6  H    2.844827   2.231936   1.850359   1.115968   1.115968
     7  H    3.347904   3.107197   2.231936   2.088254   1.115968
     8  H    3.905512   3.347904   2.844827   2.231936   1.850359
     9  H    4.463872   4.176039   3.347904   3.107197   2.231936
    10  H    4.990368   4.463872   3.905512   3.347904   2.844827
    11  H    5.579840   5.264476   4.463872   4.176039   3.347904
    12  H    6.086485   5.579840   4.990368   4.463872   3.905512
                    6          7          8          9         10
     6  H    0.000000
     7  H    1.248083   0.000000
     8  H    1.115968   1.115968   0.000000
     9  H    2.088254   1.115968   1.248083   0.000000
    10  H    2.231936   1.850359   1.115968   1.115968   0.000000
    11  H    3.107197   2.231936   2.088254   1.115968   1.248083
    12  H    3.347904   2.844827   2.231936   1.850359   1.115968
                   11         12
    11  H    0.000000
    12  H    1.115968   0.000000
 Stoichiometry    H12
 Framework group  C2H[SGH(H12)]
 Deg. of freedom    11
 Full point group                 C2H     NOp   4
 Largest Abelian subgroup         C2H     NOp   4
 Largest concise Abelian subgroup C2      NOp   2
                         Standard orientation:                         
 ---------------------------------------------------------------------
 Center     Atomic      Atomic             Coordinates (Angstroms)
 Number     Number       Type             X           Y           Z
 ---------------------------------------------------------------------
      1          1           0        2.775538    1.248083    0.000000
      2          1           0        1.850359    1.872124    0.000000
      3          1           0        1.850359    0.624041    0.000000
      4          1           0        0.925179    1.248083    0.000000
      5          1           0        0.925179    0.000000    0.000000
      6          1           0        0.000000    0.624041    0.000000
      7          1           0       -0.000000   -0.624041    0.000000
      8          1           0       -0.925179    0.000000    0.000000
      9          1           0       -0.925179   -1.248083    0.000000
     10          1           0       -1.850359   -0.624041    0.000000
     11          1           0       -1.850359   -1.872124    0.000000
     12          1           0       -2.775538   -1.248083    0.000000
 ---------------------------------------------------------------------
 Rotational constants (GHZ):    158.1513700     11.3569861     10.5960729
 General basis read from cards:  (5D, 7F)
 There are     6 symmetry adapted cartesian basis functions of AG  symmetry.
 There are     0 symmetry adapted cartesian basis functions of BG  symmetry.
 There are     0 symmetry adapted cartesian basis functions of AU  symmetry.
 There are     6 symmetry adapted cartesian basis functions of BU  symmetry.
 There are     6 symmetry adapted basis functions of AG  symmetry.
 There are     0 symmetry adapted basis functions of BG  symmetry.
 There are     0 symmetry adapted basis functions of AU  symmetry.
 There are     6 symmetry adapted basis functions of BU  symmetry.
    12 basis functions,   120 primitive gaussians,    12 cartesian basis functions
     6 alpha electrons        6 beta electrons
       nuclear repulsion energy        17.9739235010 Hartrees.
 NAtoms=   12 NActive=   12 NUniq=    6 SFac= 4.00D+00 NAtFMM=   60 NAOKFM=F Big=F
 Integral buffers will be    131072 words long.
 Regular integral format.
 Two-electron integral symmetry is turned on.
 One-electron integrals computed using PRISM.
 NBasis=    12 RedAO= T EigKep=  1.50D-01  NBF=     6     0     0     6
 NBsUse=    12 1.00D-06 EigRej= -1.00D+00 NBFU=     6     0     0     6
 ExpMin= 3.16D-02 ExpMax= 1.00D+03 ExpMxC= 1.00D+01 IAcc=3 IRadAn=         5 AccDes= 0.00D+00
 Harris functional with IExCor=  205 and IRadAn=       5 diagonalized for initial guess.
 HarFok:  IExCor=  205 AccDes= 0.00D+00 IRadAn=         5 IDoV= 1 UseB2=F ITyADJ=14
 ICtDFT=  3500011 ScaDFX=  1.000000  1.000000  1.000000  1.000000
 FoFCou: FMM=F IPFlag=           0 FMFlag=      100000 FMFlg1=           0
         NFxFlg=           0 DoJE=T BraDBF=F KetDBF=T FulRan=T
         wScrn=  0.000000 ICntrl=     500 IOpCl=  0 I1Cent=   200000004 NGrid=           0
         NMat0=    1 NMatS0=      1 NMatT0=    0 NMatD0=    1 NMtDS0=    0 NMtDT0=    0
 Petite list used in FoFCou.
 Mixing orbitals, IMix= 1 IMixAn=  0 NRI=1 NE=    6 Coef=  7.07106781D-01  7.07106781D-01
 Initial guess orbital symmetries:
       Occupied  (AG) (BU) (AG) (BU) (BU) (AG)
       Virtual   (AG) (BU) (AG) (BU) (BU) (AG)
 The electronic state of the initial guess is 1-AG.
 Keep R1 ints in memory in symmetry-blocked form, NReq=900606.
 Requested convergence on RMS density matrix=1.00D-08 within 128 cycles.
 Requested convergence on MAX density matrix=1.00D-06.
 Requested convergence on             energy=1.00D-06.
 No special actions if energy rises.
 An orbital has undefined symmetry, so N**3 symmetry is turned off.
 SCF Done:  E(RHF) =  -5.89620369931     A.U. after   13 cycles
            NFock= 13  Conv=0.92D-08     -V/T= 1.9772
 Range of M.O.s used for correlation:     1    12
 NBasis=    12 NAE=     6 NBE=     6 NFC=     0 NFV=     0
 NROrb=     12 NOA=     6 NOB=     6 NVA=     6 NVB=     6
 Semi-Direct transformation.
 ModeAB=           2 MOrb=             6 LenV=     134088159
 LASXX=         2181 LTotXX=        2181 LenRXX=        2181
 LTotAB=        2934 MaxLAS=        5616 LenRXY=        5616
 NonZer=        5616 LenScr=      655360 LnRSAI=           0
 LnScr1=           0 LExtra=           0 Total=       663157
 MaxDsk=          -1 SrtSym=           F ITran=            3
 JobTyp=0 Pass  1:  I=   1 to   6.
 (rs|ai) integrals will be sorted in core.
 SymMOI:  orbitals are not symmetric.
 Spin components of T(2) and E(2):
     alpha-alpha T2 =       0.8778081488D-02 E2=     -0.1098562648D-01
     alpha-beta  T2 =       0.7753725514D-01 E2=     -0.1049618753D+00
     beta-beta   T2 =       0.8778081488D-02 E2=     -0.1098562648D-01
 ANorm=    0.1046467113D+01
 E2 =    -0.1269331283D+00 EUMP2 =    -0.60231368275745D+01
 Second order stability test of a single determinant RHF wave function:
 Stabil:  MDV=134217728
 ***********************************************************************
 Matrix         Lowest Root    Major Pairs
 ***********************************************************************
 Internal RHF     0.1162652    Stable
 RRHF --> CRHF    0.0751592    Stable

 RRHF --> RUHF   -0.0535033    6A=7B 5A=8B 4A=8B 4A=10B 3A=9B 5A=10B 3A=7B 6A=9B 
 2A=11B 2A=10B
 Not stable.
 ***********************************************************************

 **********************************************************************

            Population analysis using the SCF density.

 **********************************************************************

 Orbital symmetries:
       Occupied  (AG) (BU) (AG) (BU) (BU) (AG)
       Virtual   (AG) (BU) (AG) (BU) (BU) (AG)
 The electronic state is 1-AG.
 Alpha  occ. eigenvalues --   -0.87687  -0.78745  -0.64014  -0.44636  -0.41930
 Alpha  occ. eigenvalues --   -0.31357
 Alpha virt. eigenvalues --    0.03293   0.06688   0.32934   0.35672   0.61643
 Alpha virt. eigenvalues --    0.74190
          Condensed to atoms (all electrons):
               1          2          3          4          5          6
     1  H    0.768363   0.095661   0.302671  -0.145782  -0.019441  -0.030994
     2  H    0.095661   0.783442  -0.098004   0.315864  -0.142978   0.004062
     3  H    0.302671  -0.098004   0.766809  -0.286790   0.309787  -0.083143
     4  H   -0.145782   0.315864  -0.286790   1.225786  -0.157297   0.311249
     5  H   -0.019441  -0.142978   0.309787  -0.157297   1.196327   0.019628
     6  H   -0.030994   0.004062  -0.083143   0.311249   0.019628   0.621214
     7  H    0.002924  -0.007403   0.014274  -0.063577   0.131923  -0.077941
     8  H    0.005176   0.003110  -0.007287  -0.054929  -0.120095   0.131923
     9  H   -0.000177   0.003658  -0.008765   0.007536  -0.054929  -0.063577
    10  H    0.000529  -0.000582   0.002178  -0.008765  -0.007287   0.014274
    11  H   -0.000241   0.000151  -0.000582   0.003658   0.003110  -0.007403
    12  H   -0.000023  -0.000241   0.000529  -0.000177   0.005176   0.002924
               7          8          9         10         11         12
     1  H    0.002924   0.005176  -0.000177   0.000529  -0.000241  -0.000023
     2  H   -0.007403   0.003110   0.003658  -0.000582   0.000151  -0.000241
     3  H    0.014274  -0.007287  -0.008765   0.002178  -0.000582   0.000529
     4  H   -0.063577  -0.054929   0.007536  -0.008765   0.003658  -0.000177
     5  H    0.131923  -0.120095  -0.054929  -0.007287   0.003110   0.005176
     6  H   -0.077941   0.131923  -0.063577   0.014274  -0.007403   0.002924
     7  H    0.621214   0.019628   0.311249  -0.083143   0.004062  -0.030994
     8  H    0.019628   1.196327  -0.157297   0.309787  -0.142978  -0.019441
     9  H    0.311249  -0.157297   1.225786  -0.286790   0.315864  -0.145782
    10  H   -0.083143   0.309787  -0.286790   0.766809  -0.098004   0.302671
    11  H    0.004062  -0.142978   0.315864  -0.098004   0.783442   0.095661
    12  H   -0.030994  -0.019441  -0.145782   0.302671   0.095661   0.768363
 Mulliken charges:
               1
     1  H    0.021334
     2  H    0.043261
     3  H    0.088322
     4  H   -0.146777
     5  H   -0.163924
     6  H    0.157784
     7  H    0.157784
     8  H   -0.163924
     9  H   -0.146777
    10  H    0.088322
    11  H    0.043261
    12  H    0.021334
 Sum of Mulliken charges =  -0.00000
 Mulliken charges with hydrogens summed into heavy atoms:
               1
 Electronic spatial extent (au):  <R**2>=            204.8130
 Charge=             -0.0000 electrons
 Dipole moment (field-independent basis, Debye):
    X=              0.0000    Y=              0.0000    Z=              0.0000  Tot=              0.0000
 Quadrupole moment (field-independent basis, Debye-Ang):
   XX=            -14.3682   YY=            -18.2076   ZZ=            -15.5949
   XY=              2.8880   XZ=              0.0000   YZ=             -0.0000
 Traceless Quadrupole moment (field-independent basis, Debye-Ang):
   XX=              1.6887   YY=             -2.1507   ZZ=              0.4620
   XY=              2.8880   XZ=              0.0000   YZ=             -0.0000
 Octapole moment (field-independent basis, Debye-Ang**2):
  XXX=             -0.0000  YYY=              0.0000  ZZZ=             -0.0000  XYY=              0.0000
  XXY=             -0.0000  XXZ=             -0.0000  XZZ=              0.0000  YZZ=             -0.0000
  YYZ=             -0.0000  XYZ=              0.0000
 Hexadecapole moment (field-independent basis, Debye-Ang**3):
 XXXX=           -267.4625 YYYY=           -151.7613 ZZZZ=            -18.8479 XXXY=            -52.8814
 XXXZ=             -0.0000 YYYX=            -70.0671 YYYZ=             -0.0000 ZZZX=             -0.0000
 ZZZY=             -0.0000 XXYY=            -60.0241 XXZZ=            -49.8420 YYZZ=            -27.0359
 XXYZ=             -0.0000 YYXZ=             -0.0000 ZZXY=            -23.7509
 N-N= 1.797392350102D+01 E-N=-4.680690600095D+01  KE= 6.034025828393D+00
 Symmetry AG   KE= 2.844343797013D+00
 Symmetry BG   KE= 0.000000000000D+00
 Symmetry AU   KE= 0.000000000000D+00
 Symmetry BU   KE= 3.189682031380D+00

 Test job not archived.
 1\1\GINC-SULU\Stability\RHF\Gen\H12\LCJ1\16-Feb-2017\0\\#rhf/gen scf(t
 ight,novaracc,noincfock,fulldiag) stable(crhf) guess=mix geom=nocrowd 
 test\\hf stability analysis of h12 triangular lattice, y= 0.9251794552
 8340284 alpha= 56.000000000000000\\0,1\H\H,1,1.1159680441\H,1,1.115968
 0441,2,68.\H,2,1.1159680441,1,112.,3,0.,0\H,3,1.1159680441,1,180.,2,0.
 ,0\H,4,1.1159680441,2,180.,1,0.,0\H,5,1.1159680441,3,180.,2,0.,0\H,6,1
 .1159680441,4,180.,1,0.,0\H,7,1.1159680441,5,180.,2,0.,0\H,8,1.1159680
 441,6,180.,1,0.,0\H,9,1.1159680441,5,180.,2,0.,0\H,10,1.1159680441,6,1
 80.,1,0.,0\\Version=ES64L-G09RevE.01\State=1-AG\HF=-5.8962037\MP2=-6.0
 231368\RMSD=9.198e-09\Dipole=0.,0.,0.\Quadrupole=1.2844256,0.3434789,-
 1.6279045,0.,2.1276969,0.\PG=C02H [SGH(H12)]\\@


 EVERY WORD THAT YOU WRITE IS A BLOW THAT SMITES THE DEVIL.
     -- ST. BERNARD OF CLAIRVAUX
 Job cpu time:       0 days  0 hours  0 minutes  1.5 seconds.
 File lengths (MBytes):  RWF=     84 Int=      0 D2E=      0 Chk=      2 Scr=      2
 Normal termination of Gaussian 09 at Thu Feb 16 18:12:00 2017.
