 Entering Gaussian System, Link 0=g09
 AtFile(1): H.gbs
            H     0
            S   10   1.00
               1000.000000000000            0.000068713567
                316.227766000000            0.000169141320
                100.000000000000            0.000823394812
                 31.622776600000            0.003425569236
                 10.000000000000            0.013951996000
                  3.162277660000            0.056909313560
                  1.000000000000            0.198286399900
                  0.316227766000            0.496922426700
                  0.100000000000            0.369846276400
                  0.031622776600            0.003752720039
            ****
 Initial command:
 /projects/guscus/apps/gau/g09-e1/g09/l1.exe "/users/lcj1/gaussian/h12/rhfstability/2rows/mix/Gau-14142.inp" -scrdir="/users/lcj1/gaussian/h12/rhfstability/2rows/mix/"
 Entering Link 1 = /projects/guscus/apps/gau/g09-e1/g09/l1.exe PID=     14143.
  
 Copyright (c) 1988,1990,1992,1993,1995,1998,2003,2009,2015,
            Gaussian, Inc.  All Rights Reserved.
  
 This is part of the Gaussian(R) 09 program.  It is based on
 the Gaussian(R) 03 system (copyright 2003, Gaussian, Inc.),
 the Gaussian(R) 98 system (copyright 1998, Gaussian, Inc.),
 the Gaussian(R) 94 system (copyright 1995, Gaussian, Inc.),
 the Gaussian 92(TM) system (copyright 1992, Gaussian, Inc.),
 the Gaussian 90(TM) system (copyright 1990, Gaussian, Inc.),
 the Gaussian 88(TM) system (copyright 1988, Gaussian, Inc.),
 the Gaussian 86(TM) system (copyright 1986, Carnegie Mellon
 University), and the Gaussian 82(TM) system (copyright 1983,
 Carnegie Mellon University). Gaussian is a federally registered
 trademark of Gaussian, Inc.
  
 This software contains proprietary and confidential information,
 including trade secrets, belonging to Gaussian, Inc.
  
 This software is provided under written license and may be
 used, copied, transmitted, or stored only in accord with that
 written license.
  
 The following legend is applicable only to US Government
 contracts under FAR:
  
                    RESTRICTED RIGHTS LEGEND
  
 Use, reproduction and disclosure by the US Government is
 subject to restrictions as set forth in subparagraphs (a)
 and (c) of the Commercial Computer Software - Restricted
 Rights clause in FAR 52.227-19.
  
 Gaussian, Inc.
 340 Quinnipiac St., Bldg. 40, Wallingford CT 06492
  
  
 ---------------------------------------------------------------
 Warning -- This program may not be used in any manner that
 competes with the business of Gaussian, Inc. or will provide
 assistance to any competitor of Gaussian, Inc.  The licensee
 of this program is prohibited from giving any competitor of
 Gaussian, Inc. access to this program.  By using this program,
 the user acknowledges that Gaussian, Inc. is engaged in the
 business of creating and licensing software in the field of
 computational chemistry and represents and warrants to the
 licensee that it is not a competitor of Gaussian, Inc. and that
 it will not use this program in any manner prohibited above.
 ---------------------------------------------------------------
  

 Cite this work as:
 Gaussian 09, Revision E.01,
 M. J. Frisch, G. W. Trucks, H. B. Schlegel, G. E. Scuseria, 
 M. A. Robb, J. R. Cheeseman, G. Scalmani, V. Barone, B. Mennucci, 
 G. A. Petersson, H. Nakatsuji, M. Caricato, X. Li, H. P. Hratchian, 
 A. F. Izmaylov, J. Bloino, G. Zheng, J. L. Sonnenberg, M. Hada, 
 M. Ehara, K. Toyota, R. Fukuda, J. Hasegawa, M. Ishida, T. Nakajima, 
 Y. Honda, O. Kitao, H. Nakai, T. Vreven, J. A. Montgomery, Jr., 
 J. E. Peralta, F. Ogliaro, M. Bearpark, J. J. Heyd, E. Brothers, 
 K. N. Kudin, V. N. Staroverov, T. Keith, R. Kobayashi, J. Normand, 
 K. Raghavachari, A. Rendell, J. C. Burant, S. S. Iyengar, J. Tomasi, 
 M. Cossi, N. Rega, J. M. Millam, M. Klene, J. E. Knox, J. B. Cross, 
 V. Bakken, C. Adamo, J. Jaramillo, R. Gomperts, R. E. Stratmann, 
 O. Yazyev, A. J. Austin, R. Cammi, C. Pomelli, J. W. Ochterski, 
 R. L. Martin, K. Morokuma, V. G. Zakrzewski, G. A. Voth, 
 P. Salvador, J. J. Dannenberg, S. Dapprich, A. D. Daniels, 
 O. Farkas, J. B. Foresman, J. V. Ortiz, J. Cioslowski, 
 and D. J. Fox, Gaussian, Inc., Wallingford CT, 2013.
 
 ******************************************
 Gaussian 09:  ES64L-G09RevE.01 30-Nov-2015
                16-Feb-2017 
 ******************************************
 %chk=h12.chk
 ----------------------------------------------------------------------
 #rhf/gen scf(tight,novaracc,noincfock,fulldiag) stable(crhf) guess=mix
  geom=nocrowd test
 ----------------------------------------------------------------------
 1/38=1/1;
 2/12=1,17=6,18=5,40=1/2;
 3/5=7,16=1,25=1,30=1,116=1/1,2,3;
 4/13=-1/1;
 5/5=100002,16=1,32=2,38=1/2;
 8/6=1,10=90,11=11/1,4;
 9/8=4,13=1/2;
 6/7=2,8=2,9=2,10=2,28=1/1;
 99/5=1,9=1/99;
 ----------------------------------------------------------------------
 hf stability analysis of h12 triangular lattice, y= 1.2263967642726714
  alpha= 69.000000000000000
 ----------------------------------------------------------------------
 Symbolic Z-matrix:
 Charge =  0 Multiplicity = 1
 H
 H                    1     1.31365 
 H                    1     1.31365  2     42. 
 H                    2     1.31365  1     138.     3     0.       0
 H                    3     1.31365  1     180.     2     0.       0
 H                    4     1.31365  2     180.     1     0.       0
 H                    5     1.31365  3     180.     2     0.       0
 H                    6     1.31365  4     180.     1     0.       0
 H                    7     1.31365  5     180.     2     0.       0
 H                    8     1.31365  6     180.     1     0.       0
 H                    9     1.31365  5     180.     2     0.       0
 H                    10    1.31365  6     180.     1     0.       0
 
                          Input orientation:                          
 ---------------------------------------------------------------------
 Center     Atomic      Atomic             Coordinates (Angstroms)
 Number     Number       Type             X           Y           Z
 ---------------------------------------------------------------------
      1          1           0        0.000000    0.000000    0.000000
      2          1           0        0.000000    0.000000    1.313649
      3          1           0        0.879003    0.000000    0.976231
      4          1           0        0.879003    0.000000    2.289880
      5          1           0        1.758005    0.000000    1.952463
      6          1           0        1.758005    0.000000    3.266111
      7          1           0        2.637008    0.000000    2.928694
      8          1           0        2.637008    0.000000    4.242343
      9          1           0        3.516010    0.000000    3.904925
     10          1           0        3.516010    0.000000    5.218574
     11          1           0        4.395013    0.000000    4.881156
     12          1           0        4.395013    0.000000    6.194805
 ---------------------------------------------------------------------
                    Distance matrix (angstroms):
                    1          2          3          4          5
     1  H    0.000000
     2  H    1.313649   0.000000
     3  H    1.313649   0.941539   0.000000
     4  H    2.452793   1.313649   1.313649   0.000000
     5  H    2.627297   1.870472   1.313649   0.941539   0.000000
     6  H    3.709187   2.627297   2.452793   1.313649   1.313649
     7  H    3.940946   3.092278   2.627297   1.870472   1.313649
     8  H    4.995126   3.940946   3.709187   2.627297   2.452793
     9  H    5.254595   4.367727   3.940946   3.092278   2.627297
    10  H    6.292523   5.254595   4.995126   3.940946   3.709187
    11  H    6.568244   5.660676   5.254595   4.367727   3.940946
    12  H    7.595508   6.568244   6.292523   5.254595   4.995126
                    6          7          8          9         10
     6  H    0.000000
     7  H    0.941539   0.000000
     8  H    1.313649   1.313649   0.000000
     9  H    1.870472   1.313649   0.941539   0.000000
    10  H    2.627297   2.452793   1.313649   1.313649   0.000000
    11  H    3.092278   2.627297   1.870472   1.313649   0.941539
    12  H    3.940946   3.709187   2.627297   2.452793   1.313649
                   11         12
    11  H    0.000000
    12  H    1.313649   0.000000
 Stoichiometry    H12
 Framework group  C2H[SGH(H12)]
 Deg. of freedom    11
 Full point group                 C2H     NOp   4
 Largest Abelian subgroup         C2H     NOp   4
 Largest concise Abelian subgroup C2      NOp   2
                         Standard orientation:                         
 ---------------------------------------------------------------------
 Center     Atomic      Atomic             Coordinates (Angstroms)
 Number     Number       Type             X           Y           Z
 ---------------------------------------------------------------------
      1          1           0        3.679190    0.941539    0.000000
      2          1           0        2.452793    1.412309    0.000000
      3          1           0        2.452793    0.470770    0.000000
      4          1           0        1.226397    0.941539    0.000000
      5          1           0        1.226397    0.000000    0.000000
      6          1           0       -0.000000    0.470770    0.000000
      7          1           0        0.000000   -0.470770    0.000000
      8          1           0       -1.226397   -0.000000    0.000000
      9          1           0       -1.226397   -0.941539    0.000000
     10          1           0       -2.452793   -0.470770    0.000000
     11          1           0       -2.452793   -1.412309    0.000000
     12          1           0       -3.679190   -0.941539    0.000000
 ---------------------------------------------------------------------
 Rotational constants (GHZ):    226.9664027      7.9136061      7.6469799
 General basis read from cards:  (5D, 7F)
 There are     6 symmetry adapted cartesian basis functions of AG  symmetry.
 There are     0 symmetry adapted cartesian basis functions of BG  symmetry.
 There are     0 symmetry adapted cartesian basis functions of AU  symmetry.
 There are     6 symmetry adapted cartesian basis functions of BU  symmetry.
 There are     6 symmetry adapted basis functions of AG  symmetry.
 There are     0 symmetry adapted basis functions of BG  symmetry.
 There are     0 symmetry adapted basis functions of AU  symmetry.
 There are     6 symmetry adapted basis functions of BU  symmetry.
    12 basis functions,   120 primitive gaussians,    12 cartesian basis functions
     6 alpha electrons        6 beta electrons
       nuclear repulsion energy        16.4222884258 Hartrees.
 NAtoms=   12 NActive=   12 NUniq=    6 SFac= 4.00D+00 NAtFMM=   60 NAOKFM=F Big=F
 Integral buffers will be    131072 words long.
 Regular integral format.
 Two-electron integral symmetry is turned on.
 One-electron integrals computed using PRISM.
 NBasis=    12 RedAO= T EigKep=  1.79D-01  NBF=     6     0     0     6
 NBsUse=    12 1.00D-06 EigRej= -1.00D+00 NBFU=     6     0     0     6
 ExpMin= 3.16D-02 ExpMax= 1.00D+03 ExpMxC= 1.00D+01 IAcc=3 IRadAn=         5 AccDes= 0.00D+00
 Harris functional with IExCor=  205 and IRadAn=       5 diagonalized for initial guess.
 HarFok:  IExCor=  205 AccDes= 0.00D+00 IRadAn=         5 IDoV= 1 UseB2=F ITyADJ=14
 ICtDFT=  3500011 ScaDFX=  1.000000  1.000000  1.000000  1.000000
 FoFCou: FMM=F IPFlag=           0 FMFlag=      100000 FMFlg1=           0
         NFxFlg=           0 DoJE=T BraDBF=F KetDBF=T FulRan=T
         wScrn=  0.000000 ICntrl=     500 IOpCl=  0 I1Cent=   200000004 NGrid=           0
         NMat0=    1 NMatS0=      1 NMatT0=    0 NMatD0=    1 NMtDS0=    0 NMtDT0=    0
 Petite list used in FoFCou.
 Mixing orbitals, IMix= 1 IMixAn=  0 NRI=1 NE=    6 Coef=  7.07106781D-01  7.07106781D-01
 Initial guess orbital symmetries:
       Occupied  (AG) (BU) (AG) (BU) (AG) (?A)
       Virtual   (?A) (BU) (AG) (BU) (AG) (BU)
 Keep R1 ints in memory in symmetry-blocked form, NReq=897554.
 Requested convergence on RMS density matrix=1.00D-08 within 128 cycles.
 Requested convergence on MAX density matrix=1.00D-06.
 Requested convergence on             energy=1.00D-06.
 No special actions if energy rises.
 An orbital has undefined symmetry, so N**3 symmetry is turned off.
 Density matrix breaks symmetry, PCut= 1.00D-04
 Density matrix has no symmetry -- integrals replicated.
 Density matrix breaks symmetry, PCut= 1.00D-07
 Density matrix has no symmetry -- integrals replicated.
 Density matrix breaks symmetry, PCut= 1.00D-07
 Density matrix has no symmetry -- integrals replicated.
 Density matrix breaks symmetry, PCut= 1.00D-07
 Density matrix has no symmetry -- integrals replicated.
 Density matrix breaks symmetry, PCut= 1.00D-07
 Density matrix has no symmetry -- integrals replicated.
 Density matrix breaks symmetry, PCut= 1.00D-07
 Density matrix has no symmetry -- integrals replicated.
 Density matrix breaks symmetry, PCut= 1.00D-07
 Density matrix has no symmetry -- integrals replicated.
 Density matrix breaks symmetry, PCut= 1.00D-07
 Density matrix has no symmetry -- integrals replicated.
 Density matrix breaks symmetry, PCut= 1.00D-07
 Density matrix has no symmetry -- integrals replicated.
 Density matrix breaks symmetry, PCut= 1.00D-07
 Density matrix has no symmetry -- integrals replicated.
 Density matrix breaks symmetry, PCut= 1.00D-07
 Density matrix has no symmetry -- integrals replicated.
 Density matrix breaks symmetry, PCut= 1.00D-07
 Density matrix has no symmetry -- integrals replicated.
 Density matrix breaks symmetry, PCut= 1.00D-07
 Density matrix has no symmetry -- integrals replicated.
 Density matrix breaks symmetry, PCut= 1.00D-07
 Density matrix has no symmetry -- integrals replicated.
 Density matrix breaks symmetry, PCut= 1.00D-07
 Density matrix has no symmetry -- integrals replicated.
 Density matrix breaks symmetry, PCut= 1.00D-07
 Density matrix has no symmetry -- integrals replicated.
 SCF Done:  E(RHF) =  -5.73339743670     A.U. after   18 cycles
            NFock= 18  Conv=0.22D-08     -V/T= 1.9448
 Range of M.O.s used for correlation:     1    12
 NBasis=    12 NAE=     6 NBE=     6 NFC=     0 NFV=     0
 NROrb=     12 NOA=     6 NOB=     6 NVA=     6 NVB=     6
 Semi-Direct transformation.
 ModeAB=           2 MOrb=             6 LenV=     134091813
 LASXX=         2181 LTotXX=        2181 LenRXX=        2181
 LTotAB=        2934 MaxLAS=        5616 LenRXY=        5616
 NonZer=        5616 LenScr=      655360 LnRSAI=           0
 LnScr1=           0 LExtra=           0 Total=       663157
 MaxDsk=          -1 SrtSym=           F ITran=            3
 JobTyp=0 Pass  1:  I=   1 to   6.
 (rs|ai) integrals will be sorted in core.
 SymMOI:  orbitals are not symmetric.
 Spin components of T(2) and E(2):
     alpha-alpha T2 =       0.7830976463D-02 E2=     -0.8438098706D-02
     alpha-beta  T2 =       0.1573826696D+00 E2=     -0.1481736043D+00
     beta-beta   T2 =       0.7830976463D-02 E2=     -0.8438098706D-02
 ANorm=    0.1083071846D+01
 E2 =    -0.1650498017D+00 EUMP2 =    -0.58984472383752D+01
 Second order stability test of a single determinant RHF wave function:
 Stabil:  MDV=134217728
 ***********************************************************************
 Matrix         Lowest Root    Major Pairs
 ***********************************************************************
 Internal RHF     0.0943771    Stable
 RRHF --> CRHF    0.0554809    Stable

 RRHF --> RUHF   -0.1651193    6A=7B 5A=8B 6A=9B 4A=7B 6A=11B 5A=10B 4A=9B 3A=10B
 Not stable.
 ***********************************************************************

 **********************************************************************

            Population analysis using the SCF density.

 **********************************************************************

 Orbital symmetries:
       Occupied  (AG) (BU) (AG) (BU) (AG) (BU)
       Virtual   (AG) (BU) (AG) (BU) (AG) (BU)
 The electronic state is 1-AG.
 Alpha  occ. eigenvalues --   -0.80729  -0.76549  -0.64628  -0.48489  -0.28467
 Alpha  occ. eigenvalues --   -0.19796
 Alpha virt. eigenvalues --    0.04881   0.06774   0.18781   0.25878   0.47022
 Alpha virt. eigenvalues --    0.64666
          Condensed to atoms (all electrons):
               1          2          3          4          5          6
     1  H    1.021474   0.033899   0.149423  -0.115238  -0.015223   0.003356
     2  H    0.033899   0.710239   0.152389   0.147241  -0.144529   0.015830
     3  H    0.149423   0.152389   0.505495  -0.031533   0.089783  -0.041903
     4  H   -0.115238   0.147241  -0.031533   1.192717   0.067073   0.000814
     5  H   -0.015223  -0.144529   0.089783   0.067073   1.121036  -0.189412
     6  H    0.003356   0.015830  -0.041903   0.000814  -0.189412   1.019138
     7  H    0.009036  -0.024775   0.003639  -0.187441   0.212745   0.195734
     8  H   -0.000508   0.007632  -0.004043   0.031054  -0.103476   0.212745
     9  H   -0.000158  -0.001132   0.003828  -0.006102   0.031054  -0.187441
    10  H   -0.000045   0.000254  -0.000159   0.003828  -0.004043   0.003639
    11  H    0.000009  -0.000233   0.000254  -0.001132   0.007632  -0.024775
    12  H    0.000007   0.000009  -0.000045  -0.000158  -0.000508   0.009036
               7          8          9         10         11         12
     1  H    0.009036  -0.000508  -0.000158  -0.000045   0.000009   0.000007
     2  H   -0.024775   0.007632  -0.001132   0.000254  -0.000233   0.000009
     3  H    0.003639  -0.004043   0.003828  -0.000159   0.000254  -0.000045
     4  H   -0.187441   0.031054  -0.006102   0.003828  -0.001132  -0.000158
     5  H    0.212745  -0.103476   0.031054  -0.004043   0.007632  -0.000508
     6  H    0.195734   0.212745  -0.187441   0.003639  -0.024775   0.009036
     7  H    1.019138  -0.189412   0.000814  -0.041903   0.015830   0.003356
     8  H   -0.189412   1.121036   0.067073   0.089783  -0.144529  -0.015223
     9  H    0.000814   0.067073   1.192717  -0.031533   0.147241  -0.115238
    10  H   -0.041903   0.089783  -0.031533   0.505495   0.152389   0.149423
    11  H    0.015830  -0.144529   0.147241   0.152389   0.710239   0.033899
    12  H    0.003356  -0.015223  -0.115238   0.149423   0.033899   1.021474
 Mulliken charges:
               1
     1  H   -0.086032
     2  H    0.103176
     3  H    0.172873
     4  H   -0.101122
     5  H   -0.072134
     6  H   -0.016761
     7  H   -0.016761
     8  H   -0.072134
     9  H   -0.101122
    10  H    0.172873
    11  H    0.103176
    12  H   -0.086032
 Sum of Mulliken charges =   0.00000
 Mulliken charges with hydrogens summed into heavy atoms:
               1
 Electronic spatial extent (au):  <R**2>=            270.2657
 Charge=              0.0000 electrons
 Dipole moment (field-independent basis, Debye):
    X=              0.0000    Y=              0.0000    Z=              0.0000  Tot=              0.0000
 Quadrupole moment (field-independent basis, Debye-Ang):
   XX=            -16.6786   YY=            -16.1997   ZZ=            -15.6654
   XY=              1.0863   XZ=             -0.0000   YZ=              0.0000
 Traceless Quadrupole moment (field-independent basis, Debye-Ang):
   XX=             -0.4973   YY=             -0.0185   ZZ=              0.5158
   XY=              1.0863   XZ=             -0.0000   YZ=              0.0000
 Octapole moment (field-independent basis, Debye-Ang**2):
  XXX=              0.0000  YYY=              0.0000  ZZZ=             -0.0000  XYY=              0.0000
  XXY=              0.0000  XXZ=             -0.0000  XZZ=              0.0000  YZZ=              0.0000
  YYZ=             -0.0000  XYZ=              0.0000
 Hexadecapole moment (field-independent basis, Debye-Ang**3):
 XXXX=           -589.9016 YYYY=            -86.3755 ZZZZ=            -19.0456 XXXY=            -90.3004
 XXXZ=             -0.0000 YYYX=            -69.9479 YYYZ=             -0.0000 ZZZX=             -0.0000
 ZZZY=             -0.0000 XXYY=            -94.2812 XXZZ=            -83.9934 YYZZ=            -17.9266
 XXYZ=             -0.0000 YYXZ=             -0.0000 ZZXY=            -24.4489
 N-N= 1.642228842581D+01 E-N=-4.400683840109D+01  KE= 6.068655355964D+00
 Symmetry AG   KE= 2.832897122217D+00
 Symmetry BG   KE= 0.000000000000D+00
 Symmetry AU   KE= 0.000000000000D+00
 Symmetry BU   KE= 3.235758233747D+00

 Test job not archived.
 1\1\GINC-SULU\Stability\RHF\Gen\H12\LCJ1\16-Feb-2017\0\\#rhf/gen scf(t
 ight,novaracc,noincfock,fulldiag) stable(crhf) guess=mix geom=nocrowd 
 test\\hf stability analysis of h12 triangular lattice, y= 1.2263967642
 726714 alpha= 69.000000000000000\\0,1\H\H,1,1.3136487374\H,1,1.3136487
 374,2,42.\H,2,1.3136487374,1,138.,3,0.,0\H,3,1.3136487374,1,180.,2,0.,
 0\H,4,1.3136487374,2,180.,1,0.,0\H,5,1.3136487374,3,180.,2,0.,0\H,6,1.
 3136487374,4,180.,1,0.,0\H,7,1.3136487374,5,180.,2,0.,0\H,8,1.31364873
 74,6,180.,1,0.,0\H,9,1.3136487374,5,180.,2,0.,0\H,10,1.3136487374,6,18
 0.,1,0.,0\\Version=ES64L-G09RevE.01\State=1-AG\HF=-5.7333974\MP2=-5.89
 84472\RMSD=2.226e-09\Dipole=0.,0.,0.\Quadrupole=0.4809621,0.383491,-0.
 8644531,0.,0.4811119,0.\PG=C02H [SGH(H12)]\\@


 THE ONLY TROUBLE WITH A SURE THING IS THE UNCERTAINTY.
     -- FROM A TEABAG (BELONGING TO W.H.?)
 Job cpu time:       0 days  0 hours  0 minutes  1.4 seconds.
 File lengths (MBytes):  RWF=     84 Int=      0 D2E=      0 Chk=      2 Scr=      2
 Normal termination of Gaussian 09 at Thu Feb 16 18:12:39 2017.
