 Entering Gaussian System, Link 0=g09
 AtFile(1): H.gbs
            H     0
            S   10   1.00
               1000.000000000000            0.000068713567
                316.227766000000            0.000169141320
                100.000000000000            0.000823394812
                 31.622776600000            0.003425569236
                 10.000000000000            0.013951996000
                  3.162277660000            0.056909313560
                  1.000000000000            0.198286399900
                  0.316227766000            0.496922426700
                  0.100000000000            0.369846276400
                  0.031622776600            0.003752720039
            ****
 Initial command:
 /projects/guscus/apps/gau/g09-e1/g09/l1.exe "/users/lcj1/gaussian/h12/rhfstability/2rows/mix/Gau-14182.inp" -scrdir="/users/lcj1/gaussian/h12/rhfstability/2rows/mix/"
 Entering Link 1 = /projects/guscus/apps/gau/g09-e1/g09/l1.exe PID=     14183.
  
 Copyright (c) 1988,1990,1992,1993,1995,1998,2003,2009,2015,
            Gaussian, Inc.  All Rights Reserved.
  
 This is part of the Gaussian(R) 09 program.  It is based on
 the Gaussian(R) 03 system (copyright 2003, Gaussian, Inc.),
 the Gaussian(R) 98 system (copyright 1998, Gaussian, Inc.),
 the Gaussian(R) 94 system (copyright 1995, Gaussian, Inc.),
 the Gaussian 92(TM) system (copyright 1992, Gaussian, Inc.),
 the Gaussian 90(TM) system (copyright 1990, Gaussian, Inc.),
 the Gaussian 88(TM) system (copyright 1988, Gaussian, Inc.),
 the Gaussian 86(TM) system (copyright 1986, Carnegie Mellon
 University), and the Gaussian 82(TM) system (copyright 1983,
 Carnegie Mellon University). Gaussian is a federally registered
 trademark of Gaussian, Inc.
  
 This software contains proprietary and confidential information,
 including trade secrets, belonging to Gaussian, Inc.
  
 This software is provided under written license and may be
 used, copied, transmitted, or stored only in accord with that
 written license.
  
 The following legend is applicable only to US Government
 contracts under FAR:
  
                    RESTRICTED RIGHTS LEGEND
  
 Use, reproduction and disclosure by the US Government is
 subject to restrictions as set forth in subparagraphs (a)
 and (c) of the Commercial Computer Software - Restricted
 Rights clause in FAR 52.227-19.
  
 Gaussian, Inc.
 340 Quinnipiac St., Bldg. 40, Wallingford CT 06492
  
  
 ---------------------------------------------------------------
 Warning -- This program may not be used in any manner that
 competes with the business of Gaussian, Inc. or will provide
 assistance to any competitor of Gaussian, Inc.  The licensee
 of this program is prohibited from giving any competitor of
 Gaussian, Inc. access to this program.  By using this program,
 the user acknowledges that Gaussian, Inc. is engaged in the
 business of creating and licensing software in the field of
 computational chemistry and represents and warrants to the
 licensee that it is not a competitor of Gaussian, Inc. and that
 it will not use this program in any manner prohibited above.
 ---------------------------------------------------------------
  

 Cite this work as:
 Gaussian 09, Revision E.01,
 M. J. Frisch, G. W. Trucks, H. B. Schlegel, G. E. Scuseria, 
 M. A. Robb, J. R. Cheeseman, G. Scalmani, V. Barone, B. Mennucci, 
 G. A. Petersson, H. Nakatsuji, M. Caricato, X. Li, H. P. Hratchian, 
 A. F. Izmaylov, J. Bloino, G. Zheng, J. L. Sonnenberg, M. Hada, 
 M. Ehara, K. Toyota, R. Fukuda, J. Hasegawa, M. Ishida, T. Nakajima, 
 Y. Honda, O. Kitao, H. Nakai, T. Vreven, J. A. Montgomery, Jr., 
 J. E. Peralta, F. Ogliaro, M. Bearpark, J. J. Heyd, E. Brothers, 
 K. N. Kudin, V. N. Staroverov, T. Keith, R. Kobayashi, J. Normand, 
 K. Raghavachari, A. Rendell, J. C. Burant, S. S. Iyengar, J. Tomasi, 
 M. Cossi, N. Rega, J. M. Millam, M. Klene, J. E. Knox, J. B. Cross, 
 V. Bakken, C. Adamo, J. Jaramillo, R. Gomperts, R. E. Stratmann, 
 O. Yazyev, A. J. Austin, R. Cammi, C. Pomelli, J. W. Ochterski, 
 R. L. Martin, K. Morokuma, V. G. Zakrzewski, G. A. Voth, 
 P. Salvador, J. J. Dannenberg, S. Dapprich, A. D. Daniels, 
 O. Farkas, J. B. Foresman, J. V. Ortiz, J. Cioslowski, 
 and D. J. Fox, Gaussian, Inc., Wallingford CT, 2013.
 
 ******************************************
 Gaussian 09:  ES64L-G09RevE.01 30-Nov-2015
                16-Feb-2017 
 ******************************************
 %chk=h12.chk
 ----------------------------------------------------------------------
 #rhf/gen scf(tight,novaracc,noincfock,fulldiag) stable(crhf) guess=mix
  geom=nocrowd test
 ----------------------------------------------------------------------
 1/38=1/1;
 2/12=1,17=6,18=5,40=1/2;
 3/5=7,16=1,25=1,30=1,116=1/1,2,3;
 4/13=-1/1;
 5/5=100002,16=1,32=2,38=1/2;
 8/6=1,10=90,11=11/1,4;
 9/8=4,13=1/2;
 6/7=2,8=2,9=2,10=2,28=1/1;
 99/5=1,9=1/99;
 ----------------------------------------------------------------------
 hf stability analysis of h12 triangular lattice, y= 1.2594669489559134
  alpha= 70.000000000000000
 ----------------------------------------------------------------------
 Symbolic Z-matrix:
 Charge =  0 Multiplicity = 1
 H
 H                    1     1.3403 
 H                    1     1.3403   2     40. 
 H                    2     1.3403   1     140.     3     0.       0
 H                    3     1.3403   1     180.     2     0.       0
 H                    4     1.3403   2     180.     1     0.       0
 H                    5     1.3403   3     180.     2     0.       0
 H                    6     1.3403   4     180.     1     0.       0
 H                    7     1.3403   5     180.     2     0.       0
 H                    8     1.3403   6     180.     1     0.       0
 H                    9     1.3403   5     180.     2     0.       0
 H                    10    1.3403   6     180.     1     0.       0
 
                          Input orientation:                          
 ---------------------------------------------------------------------
 Center     Atomic      Atomic             Coordinates (Angstroms)
 Number     Number       Type             X           Y           Z
 ---------------------------------------------------------------------
      1          1           0        0.000000    0.000000    0.000000
      2          1           0        0.000000    0.000000    1.340297
      3          1           0        0.861526    0.000000    1.026727
      4          1           0        0.861526    0.000000    2.367024
      5          1           0        1.723052    0.000000    2.053454
      6          1           0        1.723052    0.000000    3.393750
      7          1           0        2.584578    0.000000    3.080181
      8          1           0        2.584578    0.000000    4.420477
      9          1           0        3.446104    0.000000    4.106907
     10          1           0        3.446104    0.000000    5.447204
     11          1           0        4.307631    0.000000    5.133634
     12          1           0        4.307631    0.000000    6.473931
 ---------------------------------------------------------------------
                    Distance matrix (angstroms):
                    1          2          3          4          5
     1  H    0.000000
     2  H    1.340297   0.000000
     3  H    1.340297   0.916817   0.000000
     4  H    2.518934   1.340297   1.340297   0.000000
     5  H    2.680593   1.864806   1.340297   0.916817   0.000000
     6  H    3.806107   2.680593   2.518934   1.340297   1.340297
     7  H    4.020890   3.115645   2.680593   1.864806   1.340297
     8  H    5.120612   4.020890   3.806107   2.680593   2.518934
     9  H    5.361187   4.419250   4.020890   3.115645   2.680593
    10  H    6.445748   5.361187   5.120612   4.020890   3.806107
    11  H    6.701484   5.739781   5.361187   4.419250   4.020890
    12  H    7.776083   6.701484   6.445748   5.361187   5.120612
                    6          7          8          9         10
     6  H    0.000000
     7  H    0.916817   0.000000
     8  H    1.340297   1.340297   0.000000
     9  H    1.864806   1.340297   0.916817   0.000000
    10  H    2.680593   2.518934   1.340297   1.340297   0.000000
    11  H    3.115645   2.680593   1.864806   1.340297   0.916817
    12  H    4.020890   3.806107   2.680593   2.518934   1.340297
                   11         12
    11  H    0.000000
    12  H    1.340297   0.000000
 Stoichiometry    H12
 Framework group  C2H[SGH(H12)]
 Deg. of freedom    11
 Full point group                 C2H     NOp   4
 Largest Abelian subgroup         C2H     NOp   4
 Largest concise Abelian subgroup C2      NOp   2
                         Standard orientation:                         
 ---------------------------------------------------------------------
 Center     Atomic      Atomic             Coordinates (Angstroms)
 Number     Number       Type             X           Y           Z
 ---------------------------------------------------------------------
      1          1           0        3.778401    0.916817   -0.000000
      2          1           0        2.518934    1.375225   -0.000000
      3          1           0        2.518934    0.458408   -0.000000
      4          1           0        1.259467    0.916817   -0.000000
      5          1           0        1.259467    0.000000   -0.000000
      6          1           0        0.000000    0.458408    0.000000
      7          1           0       -0.000000   -0.458408   -0.000000
      8          1           0       -1.259467    0.000000   -0.000000
      9          1           0       -1.259467   -0.916817   -0.000000
     10          1           0       -2.518934   -0.458408   -0.000000
     11          1           0       -2.518934   -1.375225   -0.000000
     12          1           0       -3.778401   -0.916817   -0.000000
 ---------------------------------------------------------------------
 Rotational constants (GHZ):    236.9249839      7.5809763      7.3459260
 General basis read from cards:  (5D, 7F)
 There are     6 symmetry adapted cartesian basis functions of AG  symmetry.
 There are     0 symmetry adapted cartesian basis functions of BG  symmetry.
 There are     0 symmetry adapted cartesian basis functions of AU  symmetry.
 There are     6 symmetry adapted cartesian basis functions of BU  symmetry.
 There are     6 symmetry adapted basis functions of AG  symmetry.
 There are     0 symmetry adapted basis functions of BG  symmetry.
 There are     0 symmetry adapted basis functions of AU  symmetry.
 There are     6 symmetry adapted basis functions of BU  symmetry.
    12 basis functions,   120 primitive gaussians,    12 cartesian basis functions
     6 alpha electrons        6 beta electrons
       nuclear repulsion energy        16.2498658899 Hartrees.
 NAtoms=   12 NActive=   12 NUniq=    6 SFac= 4.00D+00 NAtFMM=   60 NAOKFM=F Big=F
 Integral buffers will be    131072 words long.
 Regular integral format.
 Two-electron integral symmetry is turned on.
 One-electron integrals computed using PRISM.
 NBasis=    12 RedAO= T EigKep=  1.78D-01  NBF=     6     0     0     6
 NBsUse=    12 1.00D-06 EigRej= -1.00D+00 NBFU=     6     0     0     6
 ExpMin= 3.16D-02 ExpMax= 1.00D+03 ExpMxC= 1.00D+01 IAcc=3 IRadAn=         5 AccDes= 0.00D+00
 Harris functional with IExCor=  205 and IRadAn=       5 diagonalized for initial guess.
 HarFok:  IExCor=  205 AccDes= 0.00D+00 IRadAn=         5 IDoV= 1 UseB2=F ITyADJ=14
 ICtDFT=  3500011 ScaDFX=  1.000000  1.000000  1.000000  1.000000
 FoFCou: FMM=F IPFlag=           0 FMFlag=      100000 FMFlg1=           0
         NFxFlg=           0 DoJE=T BraDBF=F KetDBF=T FulRan=T
         wScrn=  0.000000 ICntrl=     500 IOpCl=  0 I1Cent=   200000004 NGrid=           0
         NMat0=    1 NMatS0=      1 NMatT0=    0 NMatD0=    1 NMtDS0=    0 NMtDT0=    0
 Petite list used in FoFCou.
 Mixing orbitals, IMix= 1 IMixAn=  0 NRI=1 NE=    6 Coef=  7.07106781D-01  7.07106781D-01
 Initial guess orbital symmetries:
       Occupied  (AG) (BU) (AG) (BU) (AG) (BU)
       Virtual   (BU) (AG) (AG) (BU) (AG) (BU)
 The electronic state of the initial guess is 1-AG.
 Keep R1 ints in memory in symmetry-blocked form, NReq=896686.
 Requested convergence on RMS density matrix=1.00D-08 within 128 cycles.
 Requested convergence on MAX density matrix=1.00D-06.
 Requested convergence on             energy=1.00D-06.
 No special actions if energy rises.
 An orbital has undefined symmetry, so N**3 symmetry is turned off.
 SCF Done:  E(RHF) =  -5.72076462669     A.U. after   14 cycles
            NFock= 14  Conv=0.50D-08     -V/T= 1.9364
 Range of M.O.s used for correlation:     1    12
 NBasis=    12 NAE=     6 NBE=     6 NFC=     0 NFV=     0
 NROrb=     12 NOA=     6 NOB=     6 NVA=     6 NVB=     6
 Semi-Direct transformation.
 ModeAB=           2 MOrb=             6 LenV=     134092121
 LASXX=         2181 LTotXX=        2181 LenRXX=        2181
 LTotAB=        2934 MaxLAS=        5616 LenRXY=        5616
 NonZer=        5616 LenScr=      655360 LnRSAI=           0
 LnScr1=           0 LExtra=           0 Total=       663157
 MaxDsk=          -1 SrtSym=           F ITran=            3
 JobTyp=0 Pass  1:  I=   1 to   6.
 (rs|ai) integrals will be sorted in core.
 SymMOI:  orbitals are not symmetric.
 Spin components of T(2) and E(2):
     alpha-alpha T2 =       0.6739459324D-02 E2=     -0.7299831110D-02
     alpha-beta  T2 =       0.1824273308D+00 E2=     -0.1561278171D+00
     beta-beta   T2 =       0.6739459324D-02 E2=     -0.7299831110D-02
 ANorm=    0.1093574986D+01
 E2 =    -0.1707274793D+00 EUMP2 =    -0.58914921060054D+01
 Second order stability test of a single determinant RHF wave function:
 Stabil:  MDV=134217728
 ***********************************************************************
 Matrix         Lowest Root    Major Pairs
 ***********************************************************************
 Internal RHF     0.0749689    Stable
 RRHF --> CRHF    0.0371232    Stable

 RRHF --> RUHF   -0.1985842    6A=7B 5A=8B 6A=9B 4A=9B 4A=7B 3A=10B 5A=10B 6A=11B
 Not stable.
 ***********************************************************************

 **********************************************************************

            Population analysis using the SCF density.

 **********************************************************************

 Orbital symmetries:
       Occupied  (AG) (BU) (AG) (BU) (AG) (BU)
       Virtual   (AG) (BU) (AG) (BU) (AG) (BU)
 The electronic state is 1-AG.
 Alpha  occ. eigenvalues --   -0.80103  -0.76002  -0.64729  -0.49191  -0.29774
 Alpha  occ. eigenvalues --   -0.17190
 Alpha virt. eigenvalues --    0.05407   0.06126   0.16386   0.27277   0.47451
 Alpha virt. eigenvalues --    0.64694
          Condensed to atoms (all electrons):
               1          2          3          4          5          6
     1  H    1.035928  -0.012054   0.158326  -0.106027  -0.004410   0.001833
     2  H   -0.012054   0.788409   0.183554   0.133512  -0.160921   0.017515
     3  H    0.158326   0.183554   0.480762  -0.022991   0.051365  -0.029792
     4  H   -0.106027   0.133512  -0.022991   1.122667   0.119708  -0.030078
     5  H   -0.004410  -0.160921   0.051365   0.119708   1.166277  -0.190421
     6  H    0.001833   0.017515  -0.029792  -0.030078  -0.190421   0.987370
     7  H    0.008494  -0.022995  -0.000720  -0.173005   0.170181   0.265448
     8  H   -0.000714   0.007429  -0.002110   0.029027  -0.094989   0.170181
     9  H   -0.000035  -0.001232   0.002547  -0.003823   0.029027  -0.173005
    10  H   -0.000032   0.000158  -0.000072   0.002547  -0.002110  -0.000720
    11  H    0.000023  -0.000253   0.000158  -0.001232   0.007429  -0.022995
    12  H    0.000002   0.000023  -0.000032  -0.000035  -0.000714   0.008494
               7          8          9         10         11         12
     1  H    0.008494  -0.000714  -0.000035  -0.000032   0.000023   0.000002
     2  H   -0.022995   0.007429  -0.001232   0.000158  -0.000253   0.000023
     3  H   -0.000720  -0.002110   0.002547  -0.000072   0.000158  -0.000032
     4  H   -0.173005   0.029027  -0.003823   0.002547  -0.001232  -0.000035
     5  H    0.170181  -0.094989   0.029027  -0.002110   0.007429  -0.000714
     6  H    0.265448   0.170181  -0.173005  -0.000720  -0.022995   0.008494
     7  H    0.987370  -0.190421  -0.030078  -0.029792   0.017515   0.001833
     8  H   -0.190421   1.166277   0.119708   0.051365  -0.160921  -0.004410
     9  H   -0.030078   0.119708   1.122667  -0.022991   0.133512  -0.106027
    10  H   -0.029792   0.051365  -0.022991   0.480762   0.183554   0.158326
    11  H    0.017515  -0.160921   0.133512   0.183554   0.788409  -0.012054
    12  H    0.001833  -0.004410  -0.106027   0.158326  -0.012054   1.035928
 Mulliken charges:
               1
     1  H   -0.081336
     2  H    0.066855
     3  H    0.179004
     4  H   -0.070270
     5  H   -0.090423
     6  H   -0.003830
     7  H   -0.003830
     8  H   -0.090423
     9  H   -0.070270
    10  H    0.179004
    11  H    0.066855
    12  H   -0.081336
 Sum of Mulliken charges =  -0.00000
 Mulliken charges with hydrogens summed into heavy atoms:
               1
 Electronic spatial extent (au):  <R**2>=            280.7595
 Charge=             -0.0000 electrons
 Dipole moment (field-independent basis, Debye):
    X=             -0.0000    Y=              0.0000    Z=             -0.0000  Tot=              0.0000
 Quadrupole moment (field-independent basis, Debye-Ang):
   XX=            -17.9262   YY=            -16.1896   ZZ=            -15.6341
   XY=              0.3220   XZ=              0.0000   YZ=             -0.0000
 Traceless Quadrupole moment (field-independent basis, Debye-Ang):
   XX=             -1.3429   YY=              0.3937   ZZ=              0.9492
   XY=              0.3220   XZ=              0.0000   YZ=             -0.0000
 Octapole moment (field-independent basis, Debye-Ang**2):
  XXX=              0.0000  YYY=              0.0000  ZZZ=              0.0000  XYY=              0.0000
  XXY=             -0.0000  XXZ=              0.0000  XZZ=              0.0000  YZZ=              0.0000
  YYZ=              0.0000  XYZ=              0.0000
 Hexadecapole moment (field-independent basis, Debye-Ang**3):
 XXXX=           -632.7720 YYYY=            -83.3859 ZZZZ=            -18.9923 XXXY=            -94.4809
 XXXZ=             -0.0000 YYYX=            -71.9071 YYYZ=             -0.0000 ZZZX=             -0.0000
 ZZZY=             -0.0000 XXYY=           -100.0690 XXZZ=            -88.3381 YYZZ=            -17.2458
 XXYZ=             -0.0000 YYXZ=             -0.0000 ZZXY=            -24.5608
 N-N= 1.624986588985D+01 E-N=-4.371072931370D+01  KE= 6.109270053603D+00
 Symmetry AG   KE= 2.834898523756D+00
 Symmetry BG   KE= 0.000000000000D+00
 Symmetry AU   KE= 0.000000000000D+00
 Symmetry BU   KE= 3.274371529847D+00

 Test job not archived.
 1\1\GINC-SULU\Stability\RHF\Gen\H12\LCJ1\16-Feb-2017\0\\#rhf/gen scf(t
 ight,novaracc,noincfock,fulldiag) stable(crhf) guess=mix geom=nocrowd 
 test\\hf stability analysis of h12 triangular lattice, y= 1.2594669489
 559134 alpha= 70.000000000000000\\0,1\H\H,1,1.3402967157\H,1,1.3402967
 157,2,40.\H,2,1.3402967157,1,140.,3,0.,0\H,3,1.3402967157,1,180.,2,0.,
 0\H,4,1.3402967157,2,180.,1,0.,0\H,5,1.3402967157,3,180.,2,0.,0\H,6,1.
 3402967157,4,180.,1,0.,0\H,7,1.3402967157,5,180.,2,0.,0\H,8,1.34029671
 57,6,180.,1,0.,0\H,9,1.3402967157,5,180.,2,0.,0\H,10,1.3402967157,6,18
 0.,1,0.,0\\Version=ES64L-G09RevE.01\State=1-AG\HF=-5.7207646\MP2=-5.89
 14921\RMSD=4.966e-09\Dipole=0.,0.,0.\Quadrupole=0.2955392,0.7057173,-1
 .0012565,0.,-0.2315379,0.\PG=C02H [SGH(H12)]\\@


  DISAPPOINTMENT IS THE NURSE OF WISDOM.               
                              SIR BOYLE ROCHE                 
 Job cpu time:       0 days  0 hours  0 minutes  1.4 seconds.
 File lengths (MBytes):  RWF=     84 Int=      0 D2E=      0 Chk=      2 Scr=      2
 Normal termination of Gaussian 09 at Thu Feb 16 18:12:42 2017.
