 Entering Gaussian System, Link 0=g09
 AtFile(1): H.gbs
            H     0
            S   10   1.00
               1000.000000000000            0.000068713567
                316.227766000000            0.000169141320
                100.000000000000            0.000823394812
                 31.622776600000            0.003425569236
                 10.000000000000            0.013951996000
                  3.162277660000            0.056909313560
                  1.000000000000            0.198286399900
                  0.316227766000            0.496922426700
                  0.100000000000            0.369846276400
                  0.031622776600            0.003752720039
            ****
 Initial command:
 /projects/guscus/apps/gau/g09-e1/g09/l1.exe "/users/lcj1/gaussian/h12/rhfstability/2rows/mix/Gau-13770.inp" -scrdir="/users/lcj1/gaussian/h12/rhfstability/2rows/mix/"
 Entering Link 1 = /projects/guscus/apps/gau/g09-e1/g09/l1.exe PID=     13771.
  
 Copyright (c) 1988,1990,1992,1993,1995,1998,2003,2009,2015,
            Gaussian, Inc.  All Rights Reserved.
  
 This is part of the Gaussian(R) 09 program.  It is based on
 the Gaussian(R) 03 system (copyright 2003, Gaussian, Inc.),
 the Gaussian(R) 98 system (copyright 1998, Gaussian, Inc.),
 the Gaussian(R) 94 system (copyright 1995, Gaussian, Inc.),
 the Gaussian 92(TM) system (copyright 1992, Gaussian, Inc.),
 the Gaussian 90(TM) system (copyright 1990, Gaussian, Inc.),
 the Gaussian 88(TM) system (copyright 1988, Gaussian, Inc.),
 the Gaussian 86(TM) system (copyright 1986, Carnegie Mellon
 University), and the Gaussian 82(TM) system (copyright 1983,
 Carnegie Mellon University). Gaussian is a federally registered
 trademark of Gaussian, Inc.
  
 This software contains proprietary and confidential information,
 including trade secrets, belonging to Gaussian, Inc.
  
 This software is provided under written license and may be
 used, copied, transmitted, or stored only in accord with that
 written license.
  
 The following legend is applicable only to US Government
 contracts under FAR:
  
                    RESTRICTED RIGHTS LEGEND
  
 Use, reproduction and disclosure by the US Government is
 subject to restrictions as set forth in subparagraphs (a)
 and (c) of the Commercial Computer Software - Restricted
 Rights clause in FAR 52.227-19.
  
 Gaussian, Inc.
 340 Quinnipiac St., Bldg. 40, Wallingford CT 06492
  
  
 ---------------------------------------------------------------
 Warning -- This program may not be used in any manner that
 competes with the business of Gaussian, Inc. or will provide
 assistance to any competitor of Gaussian, Inc.  The licensee
 of this program is prohibited from giving any competitor of
 Gaussian, Inc. access to this program.  By using this program,
 the user acknowledges that Gaussian, Inc. is engaged in the
 business of creating and licensing software in the field of
 computational chemistry and represents and warrants to the
 licensee that it is not a competitor of Gaussian, Inc. and that
 it will not use this program in any manner prohibited above.
 ---------------------------------------------------------------
  

 Cite this work as:
 Gaussian 09, Revision E.01,
 M. J. Frisch, G. W. Trucks, H. B. Schlegel, G. E. Scuseria, 
 M. A. Robb, J. R. Cheeseman, G. Scalmani, V. Barone, B. Mennucci, 
 G. A. Petersson, H. Nakatsuji, M. Caricato, X. Li, H. P. Hratchian, 
 A. F. Izmaylov, J. Bloino, G. Zheng, J. L. Sonnenberg, M. Hada, 
 M. Ehara, K. Toyota, R. Fukuda, J. Hasegawa, M. Ishida, T. Nakajima, 
 Y. Honda, O. Kitao, H. Nakai, T. Vreven, J. A. Montgomery, Jr., 
 J. E. Peralta, F. Ogliaro, M. Bearpark, J. J. Heyd, E. Brothers, 
 K. N. Kudin, V. N. Staroverov, T. Keith, R. Kobayashi, J. Normand, 
 K. Raghavachari, A. Rendell, J. C. Burant, S. S. Iyengar, J. Tomasi, 
 M. Cossi, N. Rega, J. M. Millam, M. Klene, J. E. Knox, J. B. Cross, 
 V. Bakken, C. Adamo, J. Jaramillo, R. Gomperts, R. E. Stratmann, 
 O. Yazyev, A. J. Austin, R. Cammi, C. Pomelli, J. W. Ochterski, 
 R. L. Martin, K. Morokuma, V. G. Zakrzewski, G. A. Voth, 
 P. Salvador, J. J. Dannenberg, S. Dapprich, A. D. Daniels, 
 O. Farkas, J. B. Foresman, J. V. Ortiz, J. Cioslowski, 
 and D. J. Fox, Gaussian, Inc., Wallingford CT, 2013.
 
 ******************************************
 Gaussian 09:  ES64L-G09RevE.01 30-Nov-2015
                16-Feb-2017 
 ******************************************
 %chk=h12.chk
 ----------------------------------------------------------------------
 #rhf/gen scf(tight,novaracc,noincfock,fulldiag) stable(crhf) guess=mix
  geom=nocrowd test
 ----------------------------------------------------------------------
 1/38=1/1;
 2/12=1,17=6,18=5,40=1/2;
 3/5=7,16=1,25=1,30=1,116=1/1,2,3;
 4/13=-1/1;
 5/5=100002,16=1,32=2,38=1/2;
 8/6=1,10=90,11=11/1,4;
 9/8=4,13=1/2;
 6/7=2,8=2,9=2,10=2,28=1/1;
 99/5=1,9=1/99;
 ----------------------------------------------------------------------
 hf stability analysis of h12 triangular lattice, y= 1.0000000336490449
  alpha= 60.000000000000000
 ----------------------------------------------------------------------
 Symbolic Z-matrix:
 Charge =  0 Multiplicity = 1
 H
 H                    1     1.1547 
 H                    1     1.1547   2     60. 
 H                    2     1.1547   1     120.     3     0.       0
 H                    3     1.1547   1     180.     2     0.       0
 H                    4     1.1547   2     180.     1     0.       0
 H                    5     1.1547   3     180.     2     0.       0
 H                    6     1.1547   4     180.     1     0.       0
 H                    7     1.1547   5     180.     2     0.       0
 H                    8     1.1547   6     180.     1     0.       0
 H                    9     1.1547   5     180.     2     0.       0
 H                    10    1.1547   6     180.     1     0.       0
 
                          Input orientation:                          
 ---------------------------------------------------------------------
 Center     Atomic      Atomic             Coordinates (Angstroms)
 Number     Number       Type             X           Y           Z
 ---------------------------------------------------------------------
      1          1           0        0.000000    0.000000    0.000000
      2          1           0        0.000000    0.000000    1.154701
      3          1           0        1.000000    0.000000    0.577350
      4          1           0        1.000000    0.000000    1.732051
      5          1           0        2.000000    0.000000    1.154701
      6          1           0        2.000000    0.000000    2.309401
      7          1           0        3.000000    0.000000    1.732051
      8          1           0        3.000000    0.000000    2.886751
      9          1           0        4.000000    0.000000    2.309401
     10          1           0        4.000000    0.000000    3.464102
     11          1           0        5.000000    0.000000    2.886751
     12          1           0        5.000000    0.000000    4.041452
 ---------------------------------------------------------------------
                    Distance matrix (angstroms):
                    1          2          3          4          5
     1  H    0.000000
     2  H    1.154701   0.000000
     3  H    1.154701   1.154701   0.000000
     4  H    2.000000   1.154701   1.154701   0.000000
     5  H    2.309401   2.000000   1.154701   1.154701   0.000000
     6  H    3.055051   2.309401   2.000000   1.154701   1.154701
     7  H    3.464102   3.055051   2.309401   2.000000   1.154701
     8  H    4.163332   3.464102   3.055051   2.309401   2.000000
     9  H    4.618802   4.163332   3.464102   3.055051   2.309401
    10  H    5.291503   4.618802   4.163332   3.464102   3.055051
    11  H    5.773503   5.291503   4.618802   4.163332   3.464102
    12  H    6.429101   5.773503   5.291503   4.618802   4.163332
                    6          7          8          9         10
     6  H    0.000000
     7  H    1.154701   0.000000
     8  H    1.154701   1.154701   0.000000
     9  H    2.000000   1.154701   1.154701   0.000000
    10  H    2.309401   2.000000   1.154701   1.154701   0.000000
    11  H    3.055051   2.309401   2.000000   1.154701   1.154701
    12  H    3.464102   3.055051   2.309401   2.000000   1.154701
                   11         12
    11  H    0.000000
    12  H    1.154701   0.000000
 Stoichiometry    H12
 Framework group  C2H[SGH(H12)]
 Deg. of freedom    11
 Full point group                 C2H     NOp   4
 Largest Abelian subgroup         C2H     NOp   4
 Largest concise Abelian subgroup C2      NOp   2
                         Standard orientation:                         
 ---------------------------------------------------------------------
 Center     Atomic      Atomic             Coordinates (Angstroms)
 Number     Number       Type             X           Y           Z
 ---------------------------------------------------------------------
      1          1           0        3.000000    1.154701   -0.000000
      2          1           0        2.000000    1.732051   -0.000000
      3          1           0        2.000000    0.577350   -0.000000
      4          1           0        1.000000    1.154701   -0.000000
      5          1           0        1.000000    0.000000   -0.000000
      6          1           0        0.000000    0.577350   -0.000000
      7          1           0       -0.000000   -0.577350   -0.000000
      8          1           0       -1.000000    0.000000   -0.000000
      9          1           0       -1.000000   -1.154701   -0.000000
     10          1           0       -2.000000   -0.577350   -0.000000
     11          1           0       -2.000000   -1.732051   -0.000000
     12          1           0       -3.000000   -1.154701   -0.000000
 ---------------------------------------------------------------------
 Rotational constants (GHZ):    170.9737260     10.5052566      9.8971398
 General basis read from cards:  (5D, 7F)
 There are     6 symmetry adapted cartesian basis functions of AG  symmetry.
 There are     0 symmetry adapted cartesian basis functions of BG  symmetry.
 There are     0 symmetry adapted cartesian basis functions of AU  symmetry.
 There are     6 symmetry adapted cartesian basis functions of BU  symmetry.
 There are     6 symmetry adapted basis functions of AG  symmetry.
 There are     0 symmetry adapted basis functions of BG  symmetry.
 There are     0 symmetry adapted basis functions of AU  symmetry.
 There are     6 symmetry adapted basis functions of BU  symmetry.
    12 basis functions,   120 primitive gaussians,    12 cartesian basis functions
     6 alpha electrons        6 beta electrons
       nuclear repulsion energy        17.6268184009 Hartrees.
 NAtoms=   12 NActive=   12 NUniq=    6 SFac= 4.00D+00 NAtFMM=   60 NAOKFM=F Big=F
 Integral buffers will be    131072 words long.
 Regular integral format.
 Two-electron integral symmetry is turned on.
 One-electron integrals computed using PRISM.
 NBasis=    12 RedAO= T EigKep=  1.81D-01  NBF=     6     0     0     6
 NBsUse=    12 1.00D-06 EigRej= -1.00D+00 NBFU=     6     0     0     6
 ExpMin= 3.16D-02 ExpMax= 1.00D+03 ExpMxC= 1.00D+01 IAcc=3 IRadAn=         5 AccDes= 0.00D+00
 Harris functional with IExCor=  205 and IRadAn=       5 diagonalized for initial guess.
 HarFok:  IExCor=  205 AccDes= 0.00D+00 IRadAn=         5 IDoV= 1 UseB2=F ITyADJ=14
 ICtDFT=  3500011 ScaDFX=  1.000000  1.000000  1.000000  1.000000
 FoFCou: FMM=F IPFlag=           0 FMFlag=      100000 FMFlg1=           0
         NFxFlg=           0 DoJE=T BraDBF=F KetDBF=T FulRan=T
         wScrn=  0.000000 ICntrl=     500 IOpCl=  0 I1Cent=   200000004 NGrid=           0
         NMat0=    1 NMatS0=      1 NMatT0=    0 NMatD0=    1 NMtDS0=    0 NMtDT0=    0
 Petite list used in FoFCou.
 Mixing orbitals, IMix= 1 IMixAn=  0 NRI=1 NE=    6 Coef=  7.07106781D-01  7.07106781D-01
 Initial guess orbital symmetries:
       Occupied  (AG) (BU) (AG) (BU) (BU) (AG)
       Virtual   (AG) (BU) (BU) (AG) (AG) (BU)
 The electronic state of the initial guess is 1-AG.
 Keep R1 ints in memory in symmetry-blocked form, NReq=899808.
 Requested convergence on RMS density matrix=1.00D-08 within 128 cycles.
 Requested convergence on MAX density matrix=1.00D-06.
 Requested convergence on             energy=1.00D-06.
 No special actions if energy rises.
 An orbital has undefined symmetry, so N**3 symmetry is turned off.
 SCF Done:  E(RHF) =  -5.84602582888     A.U. after   15 cycles
            NFock= 15  Conv=0.93D-08     -V/T= 1.9690
 Range of M.O.s used for correlation:     1    12
 NBasis=    12 NAE=     6 NBE=     6 NFC=     0 NFV=     0
 NROrb=     12 NOA=     6 NOB=     6 NVA=     6 NVB=     6
 Semi-Direct transformation.
 ModeAB=           2 MOrb=             6 LenV=     134088383
 LASXX=         2181 LTotXX=        2181 LenRXX=        2181
 LTotAB=        2934 MaxLAS=        5616 LenRXY=        5616
 NonZer=        5616 LenScr=      655360 LnRSAI=           0
 LnScr1=           0 LExtra=           0 Total=       663157
 MaxDsk=          -1 SrtSym=           F ITran=            3
 JobTyp=0 Pass  1:  I=   1 to   6.
 (rs|ai) integrals will be sorted in core.
 SymMOI:  orbitals are not symmetric.
 Spin components of T(2) and E(2):
     alpha-alpha T2 =       0.8255374608D-02 E2=     -0.1024332250D-01
     alpha-beta  T2 =       0.8413177328D-01 E2=     -0.1097203121D+00
     beta-beta   T2 =       0.8255374608D-02 E2=     -0.1024332250D-01
 ANorm=    0.1049115114D+01
 E2 =    -0.1302069571D+00 EUMP2 =    -0.59762327860250D+01
 Second order stability test of a single determinant RHF wave function:
 Stabil:  MDV=134217728
 ***********************************************************************
 Matrix         Lowest Root    Major Pairs
 ***********************************************************************
 Internal RHF     0.0819983    Stable
 RRHF --> CRHF    0.0405855    Stable
 RRHF --> RUHF   -0.061446     6A=7B
 Not stable.
 ***********************************************************************

 **********************************************************************

            Population analysis using the SCF density.

 **********************************************************************

 Orbital symmetries:
       Occupied  (AG) (BU) (AG) (BU) (BU) (AG)
       Virtual   (AG) (BU) (BU) (AG) (AG) (BU)
 The electronic state is 1-AG.
 Alpha  occ. eigenvalues --   -0.86576  -0.78063  -0.64493  -0.44891  -0.38686
 Alpha  occ. eigenvalues --   -0.28745
 Alpha virt. eigenvalues --    0.01137   0.08050   0.30265   0.34105   0.60366
 Alpha virt. eigenvalues --    0.61349
          Condensed to atoms (all electrons):
               1          2          3          4          5          6
     1  H    0.855959   0.018458   0.319244  -0.160868  -0.009186  -0.015179
     2  H    0.018458   0.765342  -0.040835   0.344787  -0.150257   0.001207
     3  H    0.319244  -0.040835   0.650467  -0.248386   0.216650  -0.056840
     4  H   -0.160868   0.344787  -0.248386   1.367494  -0.168086   0.207862
     5  H   -0.009186  -0.150257   0.216650  -0.168086   1.223939  -0.000273
     6  H   -0.015179   0.001207  -0.056840   0.207862  -0.000273   0.599271
     7  H    0.004076  -0.017470   0.026382  -0.098529   0.233749  -0.066109
     8  H    0.003742   0.003678  -0.006570  -0.045959  -0.128147   0.233749
     9  H   -0.000652   0.003627  -0.004327   0.011309  -0.045959  -0.098529
    10  H    0.000248  -0.000242   0.000592  -0.004327  -0.006570   0.026382
    11  H   -0.000190   0.000158  -0.000242   0.003627   0.003678  -0.017470
    12  H    0.000008  -0.000190   0.000248  -0.000652   0.003742   0.004076
               7          8          9         10         11         12
     1  H    0.004076   0.003742  -0.000652   0.000248  -0.000190   0.000008
     2  H   -0.017470   0.003678   0.003627  -0.000242   0.000158  -0.000190
     3  H    0.026382  -0.006570  -0.004327   0.000592  -0.000242   0.000248
     4  H   -0.098529  -0.045959   0.011309  -0.004327   0.003627  -0.000652
     5  H    0.233749  -0.128147  -0.045959  -0.006570   0.003678   0.003742
     6  H   -0.066109   0.233749  -0.098529   0.026382  -0.017470   0.004076
     7  H    0.599271  -0.000273   0.207862  -0.056840   0.001207  -0.015179
     8  H   -0.000273   1.223939  -0.168086   0.216650  -0.150257  -0.009186
     9  H    0.207862  -0.168086   1.367494  -0.248386   0.344787  -0.160868
    10  H   -0.056840   0.216650  -0.248386   0.650467  -0.040835   0.319244
    11  H    0.001207  -0.150257   0.344787  -0.040835   0.765342   0.018458
    12  H   -0.015179  -0.009186  -0.160868   0.319244   0.018458   0.855959
 Mulliken charges:
               1
     1  H   -0.015660
     2  H    0.071738
     3  H    0.143617
     4  H   -0.208271
     5  H   -0.173278
     6  H    0.181854
     7  H    0.181854
     8  H   -0.173278
     9  H   -0.208271
    10  H    0.143617
    11  H    0.071738
    12  H   -0.015660
 Sum of Mulliken charges =  -0.00000
 Mulliken charges with hydrogens summed into heavy atoms:
               1
 Electronic spatial extent (au):  <R**2>=            216.9112
 Charge=             -0.0000 electrons
 Dipole moment (field-independent basis, Debye):
    X=             -0.0000    Y=              0.0000    Z=             -0.0000  Tot=              0.0000
 Quadrupole moment (field-independent basis, Debye-Ang):
   XX=            -14.3963   YY=            -18.3607   ZZ=            -15.6337
   XY=              2.5670   XZ=              0.0000   YZ=             -0.0000
 Traceless Quadrupole moment (field-independent basis, Debye-Ang):
   XX=              1.7339   YY=             -2.2305   ZZ=              0.4965
   XY=              2.5670   XZ=              0.0000   YZ=             -0.0000
 Octapole moment (field-independent basis, Debye-Ang**2):
  XXX=             -0.0000  YYY=             -0.0000  ZZZ=              0.0000  XYY=              0.0000
  XXY=              0.0000  XXZ=              0.0000  XZZ=              0.0000  YZZ=             -0.0000
  YYZ=              0.0000  XYZ=             -0.0000
 Hexadecapole moment (field-independent basis, Debye-Ang**3):
 XXXX=           -324.9576 YYYY=           -131.5294 ZZZZ=            -18.9403 XXXY=            -53.1059
 XXXZ=             -0.0000 YYYX=            -68.8510 YYYZ=             -0.0000 ZZZX=             -0.0000
 ZZZY=             -0.0000 XXYY=            -63.5654 XXZZ=            -57.2561 YYZZ=            -24.1866
 XXYZ=             -0.0000 YYXZ=             -0.0000 ZZXY=            -23.7761
 N-N= 1.762681840089D+01 E-N=-4.614978151666D+01  KE= 6.033171621464D+00
 Symmetry AG   KE= 2.853301841371D+00
 Symmetry BG   KE= 0.000000000000D+00
 Symmetry AU   KE= 0.000000000000D+00
 Symmetry BU   KE= 3.179869780093D+00

 Test job not archived.
 1\1\GINC-SULU\Stability\RHF\Gen\H12\LCJ1\16-Feb-2017\0\\#rhf/gen scf(t
 ight,novaracc,noincfock,fulldiag) stable(crhf) guess=mix geom=nocrowd 
 test\\hf stability analysis of h12 triangular lattice, y= 1.0000000336
 490449 alpha= 60.000000000000000\\0,1\H\H,1,1.1547005578\H,1,1.1547005
 578,2,60.\H,2,1.1547005578,1,120.,3,0.,0\H,3,1.1547005578,1,180.,2,0.,
 0\H,4,1.1547005578,2,180.,1,0.,0\H,5,1.1547005578,3,180.,2,0.,0\H,6,1.
 1547005578,4,180.,1,0.,0\H,7,1.1547005578,5,180.,2,0.,0\H,8,1.15470055
 78,6,180.,1,0.,0\H,9,1.1547005578,5,180.,2,0.,0\H,10,1.1547005578,6,18
 0.,1,0.,0\\Version=ES64L-G09RevE.01\State=1-AG\HF=-5.8460258\MP2=-5.97
 62328\RMSD=9.329e-09\Dipole=0.,0.,0.\Quadrupole=0.7313721,0.3691426,-1
 .1005148,0.,2.2305183,0.\PG=C02H [SGH(H12)]\\@


 Happiness is a conscious choice, not an automatic response.
 -- Mildred Barthel
 Job cpu time:       0 days  0 hours  0 minutes  1.5 seconds.
 File lengths (MBytes):  RWF=     84 Int=      0 D2E=      0 Chk=      2 Scr=      2
 Normal termination of Gaussian 09 at Thu Feb 16 18:12:12 2017.
