 Entering Gaussian System, Link 0=g09
 AtFile(1): H.gbs
            H     0
            S   10   1.00
               1000.000000000000            0.000068713567
                316.227766000000            0.000169141320
                100.000000000000            0.000823394812
                 31.622776600000            0.003425569236
                 10.000000000000            0.013951996000
                  3.162277660000            0.056909313560
                  1.000000000000            0.198286399900
                  0.316227766000            0.496922426700
                  0.100000000000            0.369846276400
                  0.031622776600            0.003752720039
            ****
 Initial command:
 /projects/guscus/apps/gau/g09-e1/g09/l1.exe "/users/lcj1/gaussian/h12/rhfstability/2rows/mix/Gau-14597.inp" -scrdir="/users/lcj1/gaussian/h12/rhfstability/2rows/mix/"
 Entering Link 1 = /projects/guscus/apps/gau/g09-e1/g09/l1.exe PID=     14598.
  
 Copyright (c) 1988,1990,1992,1993,1995,1998,2003,2009,2015,
            Gaussian, Inc.  All Rights Reserved.
  
 This is part of the Gaussian(R) 09 program.  It is based on
 the Gaussian(R) 03 system (copyright 2003, Gaussian, Inc.),
 the Gaussian(R) 98 system (copyright 1998, Gaussian, Inc.),
 the Gaussian(R) 94 system (copyright 1995, Gaussian, Inc.),
 the Gaussian 92(TM) system (copyright 1992, Gaussian, Inc.),
 the Gaussian 90(TM) system (copyright 1990, Gaussian, Inc.),
 the Gaussian 88(TM) system (copyright 1988, Gaussian, Inc.),
 the Gaussian 86(TM) system (copyright 1986, Carnegie Mellon
 University), and the Gaussian 82(TM) system (copyright 1983,
 Carnegie Mellon University). Gaussian is a federally registered
 trademark of Gaussian, Inc.
  
 This software contains proprietary and confidential information,
 including trade secrets, belonging to Gaussian, Inc.
  
 This software is provided under written license and may be
 used, copied, transmitted, or stored only in accord with that
 written license.
  
 The following legend is applicable only to US Government
 contracts under FAR:
  
                    RESTRICTED RIGHTS LEGEND
  
 Use, reproduction and disclosure by the US Government is
 subject to restrictions as set forth in subparagraphs (a)
 and (c) of the Commercial Computer Software - Restricted
 Rights clause in FAR 52.227-19.
  
 Gaussian, Inc.
 340 Quinnipiac St., Bldg. 40, Wallingford CT 06492
  
  
 ---------------------------------------------------------------
 Warning -- This program may not be used in any manner that
 competes with the business of Gaussian, Inc. or will provide
 assistance to any competitor of Gaussian, Inc.  The licensee
 of this program is prohibited from giving any competitor of
 Gaussian, Inc. access to this program.  By using this program,
 the user acknowledges that Gaussian, Inc. is engaged in the
 business of creating and licensing software in the field of
 computational chemistry and represents and warrants to the
 licensee that it is not a competitor of Gaussian, Inc. and that
 it will not use this program in any manner prohibited above.
 ---------------------------------------------------------------
  

 Cite this work as:
 Gaussian 09, Revision E.01,
 M. J. Frisch, G. W. Trucks, H. B. Schlegel, G. E. Scuseria, 
 M. A. Robb, J. R. Cheeseman, G. Scalmani, V. Barone, B. Mennucci, 
 G. A. Petersson, H. Nakatsuji, M. Caricato, X. Li, H. P. Hratchian, 
 A. F. Izmaylov, J. Bloino, G. Zheng, J. L. Sonnenberg, M. Hada, 
 M. Ehara, K. Toyota, R. Fukuda, J. Hasegawa, M. Ishida, T. Nakajima, 
 Y. Honda, O. Kitao, H. Nakai, T. Vreven, J. A. Montgomery, Jr., 
 J. E. Peralta, F. Ogliaro, M. Bearpark, J. J. Heyd, E. Brothers, 
 K. N. Kudin, V. N. Staroverov, T. Keith, R. Kobayashi, J. Normand, 
 K. Raghavachari, A. Rendell, J. C. Burant, S. S. Iyengar, J. Tomasi, 
 M. Cossi, N. Rega, J. M. Millam, M. Klene, J. E. Knox, J. B. Cross, 
 V. Bakken, C. Adamo, J. Jaramillo, R. Gomperts, R. E. Stratmann, 
 O. Yazyev, A. J. Austin, R. Cammi, C. Pomelli, J. W. Ochterski, 
 R. L. Martin, K. Morokuma, V. G. Zakrzewski, G. A. Voth, 
 P. Salvador, J. J. Dannenberg, S. Dapprich, A. D. Daniels, 
 O. Farkas, J. B. Foresman, J. V. Ortiz, J. Cioslowski, 
 and D. J. Fox, Gaussian, Inc., Wallingford CT, 2013.
 
 ******************************************
 Gaussian 09:  ES64L-G09RevE.01 30-Nov-2015
                16-Feb-2017 
 ******************************************
 %chk=h12.chk
 ----------------------------------------------------------------------
 #rhf/gen scf(tight,novaracc,noincfock,fulldiag) stable(crhf) guess=mix
  geom=nocrowd test
 ----------------------------------------------------------------------
 1/38=1/1;
 2/12=1,17=6,18=5,40=1/2;
 3/5=7,16=1,25=1,30=1,116=1/1,2,3;
 4/13=-1/1;
 5/5=100002,16=1,32=2,38=1/2;
 8/6=1,10=90,11=11/1,4;
 9/8=4,13=1/2;
 6/7=2,8=2,9=2,10=2,28=1/1;
 99/5=1,9=1/99;
 ----------------------------------------------------------------------
 hf stability analysis of h12 triangular lattice, y= 1.8095073443210954
  alpha= 80.000000000000000
 ----------------------------------------------------------------------
 Symbolic Z-matrix:
 Charge =  0 Multiplicity = 1
 H
 H                    1     1.83742 
 H                    1     1.83742  2     20. 
 H                    2     1.83742  1     160.     3     0.       0
 H                    3     1.83742  1     180.     2     0.       0
 H                    4     1.83742  2     180.     1     0.       0
 H                    5     1.83742  3     180.     2     0.       0
 H                    6     1.83742  4     180.     1     0.       0
 H                    7     1.83742  5     180.     2     0.       0
 H                    8     1.83742  6     180.     1     0.       0
 H                    9     1.83742  5     180.     2     0.       0
 H                    10    1.83742  6     180.     1     0.       0
 
                          Input orientation:                          
 ---------------------------------------------------------------------
 Center     Atomic      Atomic             Coordinates (Angstroms)
 Number     Number       Type             X           Y           Z
 ---------------------------------------------------------------------
      1          1           0        0.000000    0.000000    0.000000
      2          1           0        0.000000    0.000000    1.837422
      3          1           0        0.628435    0.000000    1.726612
      4          1           0        0.628435    0.000000    3.564034
      5          1           0        1.256871    0.000000    3.453224
      6          1           0        1.256871    0.000000    5.290645
      7          1           0        1.885306    0.000000    5.179835
      8          1           0        1.885306    0.000000    7.017257
      9          1           0        2.513741    0.000000    6.906447
     10          1           0        2.513741    0.000000    8.743869
     11          1           0        3.142177    0.000000    8.633059
     12          1           0        3.142177    0.000000   10.470481
 ---------------------------------------------------------------------
                    Distance matrix (angstroms):
                    1          2          3          4          5
     1  H    0.000000
     2  H    1.837422   0.000000
     3  H    1.837422   0.638130   0.000000
     4  H    3.619015   1.837422   1.837422   0.000000
     5  H    3.674844   2.047081   1.837422   0.638130   0.000000
     6  H    5.437891   3.674844   3.619015   1.837422   1.837422
     7  H    5.512266   3.837461   3.674844   2.047081   1.837422
     8  H    7.266105   5.512266   5.437891   3.674844   3.619015
     9  H    7.349688   5.658084   5.512266   3.837461   3.674844
    10  H    9.098030   7.349688   7.266105   5.512266   5.437891
    11  H    9.187109   7.486919   7.349688   5.658084   5.512266
    12  H   10.931800   9.187109   9.098030   7.349688   7.266105
                    6          7          8          9         10
     6  H    0.000000
     7  H    0.638130   0.000000
     8  H    1.837422   1.837422   0.000000
     9  H    2.047081   1.837422   0.638130   0.000000
    10  H    3.674844   3.619015   1.837422   1.837422   0.000000
    11  H    3.837461   3.674844   2.047081   1.837422   0.638130
    12  H    5.512266   5.437891   3.674844   3.619015   1.837422
                   11         12
    11  H    0.000000
    12  H    1.837422   0.000000
 Stoichiometry    H12
 Framework group  C2H[SGH(H12)]
 Deg. of freedom    11
 Full point group                 C2H     NOp   4
 Largest Abelian subgroup         C2H     NOp   4
 Largest concise Abelian subgroup C2      NOp   2
                         Standard orientation:                         
 ---------------------------------------------------------------------
 Center     Atomic      Atomic             Coordinates (Angstroms)
 Number     Number       Type             X           Y           Z
 ---------------------------------------------------------------------
      1          1           0        5.428522    0.638130    0.000000
      2          1           0        3.619015    0.957195    0.000000
      3          1           0        3.619015    0.319065    0.000000
      4          1           0        1.809507    0.638130    0.000000
      5          1           0        1.809507    0.000000    0.000000
      6          1           0        0.000000    0.319065    0.000000
      7          1           0       -0.000000   -0.319065    0.000000
      8          1           0       -1.809507    0.000000    0.000000
      9          1           0       -1.809507   -0.638130    0.000000
     10          1           0       -3.619015   -0.319065    0.000000
     11          1           0       -3.619015   -0.957195    0.000000
     12          1           0       -5.428522   -0.638130    0.000000
 ---------------------------------------------------------------------
 Rotational constants (GHZ):    455.5783219      3.9425103      3.9086851
 General basis read from cards:  (5D, 7F)
 There are     6 symmetry adapted cartesian basis functions of AG  symmetry.
 There are     0 symmetry adapted cartesian basis functions of BG  symmetry.
 There are     0 symmetry adapted cartesian basis functions of AU  symmetry.
 There are     6 symmetry adapted cartesian basis functions of BU  symmetry.
 There are     6 symmetry adapted basis functions of AG  symmetry.
 There are     0 symmetry adapted basis functions of BG  symmetry.
 There are     0 symmetry adapted basis functions of AU  symmetry.
 There are     6 symmetry adapted basis functions of BU  symmetry.
    12 basis functions,   120 primitive gaussians,    12 cartesian basis functions
     6 alpha electrons        6 beta electrons
       nuclear repulsion energy        14.0945254115 Hartrees.
 NAtoms=   12 NActive=   12 NUniq=    6 SFac= 4.00D+00 NAtFMM=   60 NAOKFM=F Big=F
 Integral buffers will be    131072 words long.
 Regular integral format.
 Two-electron integral symmetry is turned on.
 One-electron integrals computed using PRISM.
 NBasis=    12 RedAO= T EigKep=  1.46D-01  NBF=     6     0     0     6
 NBsUse=    12 1.00D-06 EigRej= -1.00D+00 NBFU=     6     0     0     6
 ExpMin= 3.16D-02 ExpMax= 1.00D+03 ExpMxC= 1.00D+01 IAcc=3 IRadAn=         5 AccDes= 0.00D+00
 Harris functional with IExCor=  205 and IRadAn=       5 diagonalized for initial guess.
 HarFok:  IExCor=  205 AccDes= 0.00D+00 IRadAn=         5 IDoV= 1 UseB2=F ITyADJ=14
 ICtDFT=  3500011 ScaDFX=  1.000000  1.000000  1.000000  1.000000
 FoFCou: FMM=F IPFlag=           0 FMFlag=      100000 FMFlg1=           0
         NFxFlg=           0 DoJE=T BraDBF=F KetDBF=T FulRan=T
         wScrn=  0.000000 ICntrl=     500 IOpCl=  0 I1Cent=   200000004 NGrid=           0
         NMat0=    1 NMatS0=      1 NMatT0=    0 NMatD0=    1 NMtDS0=    0 NMtDT0=    0
 Petite list used in FoFCou.
 Mixing orbitals, IMix= 1 IMixAn=  0 NRI=1 NE=    6 Coef=  7.07106781D-01  7.07106781D-01
 Initial guess orbital symmetries:
       Occupied  (AG) (BU) (AG) (BU) (AG) (?A)
       Virtual   (?A) (BU) (AG) (BU) (AG) (BU)
 Keep R1 ints in memory in symmetry-blocked form, NReq=891310.
 Requested convergence on RMS density matrix=1.00D-08 within 128 cycles.
 Requested convergence on MAX density matrix=1.00D-06.
 Requested convergence on             energy=1.00D-06.
 No special actions if energy rises.
 An orbital has undefined symmetry, so N**3 symmetry is turned off.
 Density matrix breaks symmetry, PCut= 1.00D-04
 Density matrix has no symmetry -- integrals replicated.
 Density matrix breaks symmetry, PCut= 1.00D-07
 Density matrix has no symmetry -- integrals replicated.
 Density matrix breaks symmetry, PCut= 1.00D-07
 Density matrix has no symmetry -- integrals replicated.
 EnCoef did   100 forward-backward iterations
 Density matrix breaks symmetry, PCut= 1.00D-07
 Density matrix has no symmetry -- integrals replicated.
 EnCoef did   100 forward-backward iterations
 Density matrix breaks symmetry, PCut= 1.00D-07
 Density matrix has no symmetry -- integrals replicated.
 EnCoef did   100 forward-backward iterations
 Density matrix breaks symmetry, PCut= 1.00D-07
 Density matrix has no symmetry -- integrals replicated.
 EnCoef did    42 forward-backward iterations
 Density matrix breaks symmetry, PCut= 1.00D-07
 Density matrix has no symmetry -- integrals replicated.
 EnCoef did   100 forward-backward iterations
 Density matrix breaks symmetry, PCut= 1.00D-07
 Density matrix has no symmetry -- integrals replicated.
 Density matrix breaks symmetry, PCut= 1.00D-07
 Density matrix has no symmetry -- integrals replicated.
 Density matrix breaks symmetry, PCut= 1.00D-07
 Density matrix has no symmetry -- integrals replicated.
 Density matrix breaks symmetry, PCut= 1.00D-07
 Density matrix has no symmetry -- integrals replicated.
 Density matrix breaks symmetry, PCut= 1.00D-07
 Density matrix has no symmetry -- integrals replicated.
 Density matrix breaks symmetry, PCut= 1.00D-07
 Density matrix has no symmetry -- integrals replicated.
 Density matrix breaks symmetry, PCut= 1.00D-07
 Density matrix has no symmetry -- integrals replicated.
 Density matrix breaks symmetry, PCut= 1.00D-07
 Density matrix has no symmetry -- integrals replicated.
 Density matrix breaks symmetry, PCut= 1.00D-07
 Density matrix has no symmetry -- integrals replicated.
 Density matrix breaks symmetry, PCut= 1.00D-07
 Density matrix has no symmetry -- integrals replicated.
 Density matrix breaks symmetry, PCut= 1.00D-07
 Density matrix has no symmetry -- integrals replicated.
 Density matrix breaks symmetry, PCut= 1.00D-07
 Density matrix has no symmetry -- integrals replicated.
 SCF Done:  E(RHF) =  -5.93902798938     A.U. after   20 cycles
            NFock= 20  Conv=0.11D-08     -V/T= 2.0076
 Range of M.O.s used for correlation:     1    12
 NBasis=    12 NAE=     6 NBE=     6 NFC=     0 NFV=     0
 NROrb=     12 NOA=     6 NOB=     6 NVA=     6 NVB=     6

 **** Warning!!: The smallest alpha delta epsilon is  0.49303013D-01

 Semi-Direct transformation.
 ModeAB=           2 MOrb=             6 LenV=     134096783
 LASXX=         2181 LTotXX=        2181 LenRXX=        2181
 LTotAB=        2934 MaxLAS=        5616 LenRXY=        5616
 NonZer=        5616 LenScr=      655360 LnRSAI=           0
 LnScr1=           0 LExtra=           0 Total=       663157
 MaxDsk=          -1 SrtSym=           F ITran=            3
 JobTyp=0 Pass  1:  I=   1 to   6.
 (rs|ai) integrals will be sorted in core.
 SymMOI:  orbitals are not symmetric.
 Spin components of T(2) and E(2):
     alpha-alpha T2 =       0.2282867758D-03 E2=     -0.5090367060D-03
     alpha-beta  T2 =       0.8498530536D+01 E2=     -0.8848889968D+00
     beta-beta   T2 =       0.2282867758D-03 E2=     -0.5090367060D-03
 ANorm=    0.3082042685D+01
 E2 =    -0.8859070702D+00 EUMP2 =    -0.68249350595708D+01
 Second order stability test of a single determinant RHF wave function:
 Stabil:  MDV=134217728
 ***********************************************************************
 Matrix         Lowest Root    Major Pairs
 ***********************************************************************
 Internal RHF     0.3218058    Stable
 RRHF --> CRHF    0.0003545    Stable
 RRHF --> RUHF   -0.5771069    6A=7B
 Not stable.
 ***********************************************************************

 **********************************************************************

            Population analysis using the SCF density.

 **********************************************************************

 Orbital symmetries:
       Occupied  (AG) (BU) (AG) (BU) (AG) (BU)
       Virtual   (AG) (BU) (AG) (BU) (AG) (BU)
 The electronic state is 1-AG.
 Alpha  occ. eigenvalues --   -0.73986  -0.71594  -0.67309  -0.62024  -0.56580
 Alpha  occ. eigenvalues --   -0.18341
 Alpha virt. eigenvalues --   -0.13411   0.33970   0.39643   0.48893   0.59589
 Alpha virt. eigenvalues --    0.68816
          Condensed to atoms (all electrons):
               1          2          3          4          5          6
     1  H    1.091017  -0.037958  -0.036393  -0.000108   0.000493   0.000024
     2  H   -0.037958   0.616824   0.498249  -0.046596  -0.038400   0.000726
     3  H   -0.036393   0.498249   0.620211  -0.044454  -0.046906   0.000652
     4  H   -0.000108  -0.046596  -0.044454   0.653850   0.525581  -0.049470
     5  H    0.000493  -0.038400  -0.046906   0.525581   0.651677  -0.047350
     6  H    0.000024   0.000726   0.000652  -0.049470  -0.047350   0.655134
     7  H    0.000013   0.000663   0.000728  -0.040066  -0.049143   0.527734
     8  H   -0.000003   0.000006   0.000008   0.000785   0.000687  -0.049143
     9  H   -0.000002  -0.000001   0.000001   0.000716   0.000785  -0.040066
    10  H    0.000000  -0.000001  -0.000001   0.000001   0.000008   0.000728
    11  H    0.000000  -0.000001  -0.000001  -0.000001   0.000006   0.000663
    12  H   -0.000000   0.000000   0.000000  -0.000002  -0.000003   0.000013
               7          8          9         10         11         12
     1  H    0.000013  -0.000003  -0.000002   0.000000   0.000000  -0.000000
     2  H    0.000663   0.000006  -0.000001  -0.000001  -0.000001   0.000000
     3  H    0.000728   0.000008   0.000001  -0.000001  -0.000001   0.000000
     4  H   -0.040066   0.000785   0.000716   0.000001  -0.000001  -0.000002
     5  H   -0.049143   0.000687   0.000785   0.000008   0.000006  -0.000003
     6  H    0.527734  -0.049143  -0.040066   0.000728   0.000663   0.000013
     7  H    0.655134  -0.047350  -0.049470   0.000652   0.000726   0.000024
     8  H   -0.047350   0.651677   0.525581  -0.046906  -0.038400   0.000493
     9  H   -0.049470   0.525581   0.653850  -0.044454  -0.046596  -0.000108
    10  H    0.000652  -0.046906  -0.044454   0.620211   0.498249  -0.036393
    11  H    0.000726  -0.038400  -0.046596   0.498249   0.616824  -0.037958
    12  H    0.000024   0.000493  -0.000108  -0.036393  -0.037958   1.091017
 Mulliken charges:
               1
     1  H   -0.017084
     2  H    0.006490
     3  H    0.007906
     4  H   -0.000235
     5  H    0.002567
     6  H    0.000356
     7  H    0.000356
     8  H    0.002567
     9  H   -0.000235
    10  H    0.007906
    11  H    0.006490
    12  H   -0.017084
 Sum of Mulliken charges =   0.00000
 Mulliken charges with hydrogens summed into heavy atoms:
               1
 Electronic spatial extent (au):  <R**2>=            498.1468
 Charge=              0.0000 electrons
 Dipole moment (field-independent basis, Debye):
    X=              0.0000    Y=             -0.0000    Z=             -0.0000  Tot=              0.0000
 Quadrupole moment (field-independent basis, Debye-Ang):
   XX=            -23.9393   YY=            -14.1321   ZZ=            -15.7378
   XY=             -0.9650   XZ=             -0.0000   YZ=              0.0000
 Traceless Quadrupole moment (field-independent basis, Debye-Ang):
   XX=             -6.0029   YY=              3.8043   ZZ=              2.1986
   XY=             -0.9650   XZ=             -0.0000   YZ=              0.0000
 Octapole moment (field-independent basis, Debye-Ang**2):
  XXX=             -0.0000  YYY=             -0.0000  ZZZ=             -0.0000  XYY=             -0.0000
  XXY=             -0.0000  XXZ=             -0.0000  XZZ=             -0.0000  YZZ=             -0.0000
  YYZ=             -0.0000  XYZ=             -0.0000
 Hexadecapole moment (field-independent basis, Debye-Ang**3):
 XXXX=          -1363.2006 YYYY=            -44.7672 ZZZZ=            -19.2409 XXXY=           -113.3556
 XXXZ=             -0.0000 YYYX=            -68.8754 YYYZ=             -0.0000 ZZZX=             -0.0000
 ZZZY=             -0.0000 XXYY=           -171.2925 XXZZ=           -173.2669 YYZZ=            -11.0325
 XXYZ=              0.0000 YYXZ=             -0.0000 ZZXY=            -24.7297
 N-N= 1.409452541147D+01 E-N=-3.896448992994D+01  KE= 5.894054440211D+00
 Symmetry AG   KE= 2.890919309050D+00
 Symmetry BG   KE= 0.000000000000D+00
 Symmetry AU   KE= 0.000000000000D+00
 Symmetry BU   KE= 3.003135131161D+00

 Test job not archived.
 1\1\GINC-SULU\Stability\RHF\Gen\H12\LCJ1\16-Feb-2017\0\\#rhf/gen scf(t
 ight,novaracc,noincfock,fulldiag) stable(crhf) guess=mix geom=nocrowd 
 test\\hf stability analysis of h12 triangular lattice, y= 1.8095073443
 210954 alpha= 80.000000000000000\\0,1\H\H,1,1.8374218992\H,1,1.8374218
 992,2,20.\H,2,1.8374218992,1,160.,3,0.,0\H,3,1.8374218992,1,180.,2,0.,
 0\H,4,1.8374218992,2,180.,1,0.,0\H,5,1.8374218992,3,180.,2,0.,0\H,6,1.
 8374218992,4,180.,1,0.,0\H,7,1.8374218992,5,180.,2,0.,0\H,8,1.83742189
 92,6,180.,1,0.,0\H,9,1.8374218992,5,180.,2,0.,0\H,10,1.8374218992,6,18
 0.,1,0.,0\\Version=ES64L-G09RevE.01\State=1-AG\HF=-5.939028\MP2=-6.824
 9351\RMSD=1.078e-09\Dipole=0.,0.,0.\Quadrupole=2.363133,1.6345977,-3.9
 977308,0.,-1.9211053,0.\PG=C02H [SGH(H12)]\\@


 THE WHOLE OF SCIENCE IS NOTHING MORE THAN A REFINEMENT OF EVERYDAY THINKING.
                                                              -- A. EINSTEIN
 Job cpu time:       0 days  0 hours  0 minutes  1.3 seconds.
 File lengths (MBytes):  RWF=     84 Int=      0 D2E=      0 Chk=      2 Scr=      2
 Normal termination of Gaussian 09 at Thu Feb 16 18:13:10 2017.
