 Entering Gaussian System, Link 0=g09
 AtFile(1): H.gbs
            H     0
            S   10   1.00
               1000.000000000000            0.000068713567
                316.227766000000            0.000169141320
                100.000000000000            0.000823394812
                 31.622776600000            0.003425569236
                 10.000000000000            0.013951996000
                  3.162277660000            0.056909313560
                  1.000000000000            0.198286399900
                  0.316227766000            0.496922426700
                  0.100000000000            0.369846276400
                  0.031622776600            0.003752720039
            ****
 Initial command:
 /projects/guscus/apps/gau/g09-e1/g09/l1.exe "/users/lcj1/gaussian/h12/rhfstability/2rows/mix/Gau-12413.inp" -scrdir="/users/lcj1/gaussian/h12/rhfstability/2rows/mix/"
 Entering Link 1 = /projects/guscus/apps/gau/g09-e1/g09/l1.exe PID=     12414.
  
 Copyright (c) 1988,1990,1992,1993,1995,1998,2003,2009,2015,
            Gaussian, Inc.  All Rights Reserved.
  
 This is part of the Gaussian(R) 09 program.  It is based on
 the Gaussian(R) 03 system (copyright 2003, Gaussian, Inc.),
 the Gaussian(R) 98 system (copyright 1998, Gaussian, Inc.),
 the Gaussian(R) 94 system (copyright 1995, Gaussian, Inc.),
 the Gaussian 92(TM) system (copyright 1992, Gaussian, Inc.),
 the Gaussian 90(TM) system (copyright 1990, Gaussian, Inc.),
 the Gaussian 88(TM) system (copyright 1988, Gaussian, Inc.),
 the Gaussian 86(TM) system (copyright 1986, Carnegie Mellon
 University), and the Gaussian 82(TM) system (copyright 1983,
 Carnegie Mellon University). Gaussian is a federally registered
 trademark of Gaussian, Inc.
  
 This software contains proprietary and confidential information,
 including trade secrets, belonging to Gaussian, Inc.
  
 This software is provided under written license and may be
 used, copied, transmitted, or stored only in accord with that
 written license.
  
 The following legend is applicable only to US Government
 contracts under FAR:
  
                    RESTRICTED RIGHTS LEGEND
  
 Use, reproduction and disclosure by the US Government is
 subject to restrictions as set forth in subparagraphs (a)
 and (c) of the Commercial Computer Software - Restricted
 Rights clause in FAR 52.227-19.
  
 Gaussian, Inc.
 340 Quinnipiac St., Bldg. 40, Wallingford CT 06492
  
  
 ---------------------------------------------------------------
 Warning -- This program may not be used in any manner that
 competes with the business of Gaussian, Inc. or will provide
 assistance to any competitor of Gaussian, Inc.  The licensee
 of this program is prohibited from giving any competitor of
 Gaussian, Inc. access to this program.  By using this program,
 the user acknowledges that Gaussian, Inc. is engaged in the
 business of creating and licensing software in the field of
 computational chemistry and represents and warrants to the
 licensee that it is not a competitor of Gaussian, Inc. and that
 it will not use this program in any manner prohibited above.
 ---------------------------------------------------------------
  

 Cite this work as:
 Gaussian 09, Revision E.01,
 M. J. Frisch, G. W. Trucks, H. B. Schlegel, G. E. Scuseria, 
 M. A. Robb, J. R. Cheeseman, G. Scalmani, V. Barone, B. Mennucci, 
 G. A. Petersson, H. Nakatsuji, M. Caricato, X. Li, H. P. Hratchian, 
 A. F. Izmaylov, J. Bloino, G. Zheng, J. L. Sonnenberg, M. Hada, 
 M. Ehara, K. Toyota, R. Fukuda, J. Hasegawa, M. Ishida, T. Nakajima, 
 Y. Honda, O. Kitao, H. Nakai, T. Vreven, J. A. Montgomery, Jr., 
 J. E. Peralta, F. Ogliaro, M. Bearpark, J. J. Heyd, E. Brothers, 
 K. N. Kudin, V. N. Staroverov, T. Keith, R. Kobayashi, J. Normand, 
 K. Raghavachari, A. Rendell, J. C. Burant, S. S. Iyengar, J. Tomasi, 
 M. Cossi, N. Rega, J. M. Millam, M. Klene, J. E. Knox, J. B. Cross, 
 V. Bakken, C. Adamo, J. Jaramillo, R. Gomperts, R. E. Stratmann, 
 O. Yazyev, A. J. Austin, R. Cammi, C. Pomelli, J. W. Ochterski, 
 R. L. Martin, K. Morokuma, V. G. Zakrzewski, G. A. Voth, 
 P. Salvador, J. J. Dannenberg, S. Dapprich, A. D. Daniels, 
 O. Farkas, J. B. Foresman, J. V. Ortiz, J. Cioslowski, 
 and D. J. Fox, Gaussian, Inc., Wallingford CT, 2013.
 
 ******************************************
 Gaussian 09:  ES64L-G09RevE.01 30-Nov-2015
                16-Feb-2017 
 ******************************************
 %chk=h12.chk
 ----------------------------------------------------------------------
 #rhf/gen scf(tight,novaracc,noincfock,fulldiag) stable(crhf) guess=mix
  geom=nocrowd test
 ----------------------------------------------------------------------
 1/38=1/1;
 2/12=1,17=6,18=5,40=1/2;
 3/5=7,16=1,25=1,30=1,116=1/1,2,3;
 4/13=-1/1;
 5/5=100002,16=1,32=2,38=1/2;
 8/6=1,10=90,11=11/1,4;
 9/8=4,13=1/2;
 6/7=2,8=2,9=2,10=2,28=1/1;
 99/5=1,9=1/99;
 ----------------------------------------------------------------------
 hf stability analysis of h12 triangular lattice, y= 0.5423787099077283
 0 alpha= 27.000000000000000
 ----------------------------------------------------------------------
 Symbolic Z-matrix:
 Charge =  0 Multiplicity = 1
 H
 H                    1     1.19469 
 H                    1     1.19469  2     126. 
 H                    2     1.19469  1     54.      3     0.       0
 H                    3     1.19469  1     180.     2     0.       0
 H                    4     1.19469  2     180.     1     0.       0
 H                    5     1.19469  3     180.     2     0.       0
 H                    6     1.19469  4     180.     1     0.       0
 H                    7     1.19469  5     180.     2     0.       0
 H                    8     1.19469  6     180.     1     0.       0
 H                    9     1.19469  5     180.     2     0.       0
 H                    10    1.19469  6     180.     1     0.       0
 
                          Input orientation:                          
 ---------------------------------------------------------------------
 Center     Atomic      Atomic             Coordinates (Angstroms)
 Number     Number       Type             X           Y           Z
 ---------------------------------------------------------------------
      1          1           0        0.000000    0.000000    0.000000
      2          1           0        0.000000    0.000000    1.194692
      3          1           0        0.966526    0.000000   -0.702222
      4          1           0        0.966526    0.000000    0.492470
      5          1           0        1.933052    0.000000   -1.404444
      6          1           0        1.933052    0.000000   -0.209753
      7          1           0        2.899578    0.000000   -2.106667
      8          1           0        2.899578    0.000000   -0.911975
      9          1           0        3.866104    0.000000   -2.808889
     10          1           0        3.866104    0.000000   -1.614197
     11          1           0        4.832630    0.000000   -3.511111
     12          1           0        4.832630    0.000000   -2.316419
 ---------------------------------------------------------------------
                    Distance matrix (angstroms):
                    1          2          3          4          5
     1  H    0.000000
     2  H    1.194692   0.000000
     3  H    1.194692   2.128956   0.000000
     4  H    1.084757   1.194692   1.194692   0.000000
     5  H    2.389383   3.239166   1.194692   2.128956   0.000000
     6  H    1.944399   2.389383   1.084757   1.194692   1.194692
     7  H    3.584075   4.393918   2.389383   3.239166   1.194692
     8  H    3.039613   3.584075   1.944399   2.389383   1.084757
     9  H    4.778767   5.565556   3.584075   4.393918   2.389383
    10  H    4.189557   4.778767   3.039613   3.584075   1.944399
    11  H    5.973459   6.745286   4.778767   5.565556   3.584075
    12  H    5.359114   5.973459   4.189557   4.778767   3.039613
                    6          7          8          9         10
     6  H    0.000000
     7  H    2.128956   0.000000
     8  H    1.194692   1.194692   0.000000
     9  H    3.239166   1.194692   2.128956   0.000000
    10  H    2.389383   1.084757   1.194692   1.194692   0.000000
    11  H    4.393918   2.389383   3.239166   1.194692   2.128956
    12  H    3.584075   1.944399   2.389383   1.084757   1.194692
                   11         12
    11  H    0.000000
    12  H    1.194692   0.000000
 Stoichiometry    H12
 Framework group  C2H[SGH(H12)]
 Deg. of freedom    11
 Full point group                 C2H     NOp   4
 Largest Abelian subgroup         C2H     NOp   4
 Largest concise Abelian subgroup C2      NOp   2
                         Standard orientation:                         
 ---------------------------------------------------------------------
 Center     Atomic      Atomic             Coordinates (Angstroms)
 Number     Number       Type             X           Y           Z
 ---------------------------------------------------------------------
      1          1           0        2.128956    1.627136    0.000000
      2          1           0        3.193434    1.084757    0.000000
      3          1           0        1.064478    1.084757    0.000000
      4          1           0        2.128956    0.542379    0.000000
      5          1           0        0.000000    0.542379   -0.000000
      6          1           0        1.064478    0.000000    0.000000
      7          1           0       -1.064478    0.000000    0.000000
      8          1           0       -0.000000   -0.542379   -0.000000
      9          1           0       -2.128956   -0.542379    0.000000
     10          1           0       -1.064478   -1.084757   -0.000000
     11          1           0       -3.193434   -1.084757    0.000000
     12          1           0       -2.128956   -1.627136   -0.000000
 ---------------------------------------------------------------------
 Rotational constants (GHZ):    184.5338406      9.7332990      9.2456349
 General basis read from cards:  (5D, 7F)
 There are     6 symmetry adapted cartesian basis functions of AG  symmetry.
 There are     0 symmetry adapted cartesian basis functions of BG  symmetry.
 There are     0 symmetry adapted cartesian basis functions of AU  symmetry.
 There are     6 symmetry adapted cartesian basis functions of BU  symmetry.
 There are     6 symmetry adapted basis functions of AG  symmetry.
 There are     0 symmetry adapted basis functions of BG  symmetry.
 There are     0 symmetry adapted basis functions of AU  symmetry.
 There are     6 symmetry adapted basis functions of BU  symmetry.
    12 basis functions,   120 primitive gaussians,    12 cartesian basis functions
     6 alpha electrons        6 beta electrons
       nuclear repulsion energy        17.2924125253 Hartrees.
 NAtoms=   12 NActive=   12 NUniq=    6 SFac= 4.00D+00 NAtFMM=   60 NAOKFM=F Big=F
 Integral buffers will be    131072 words long.
 Regular integral format.
 Two-electron integral symmetry is turned on.
 One-electron integrals computed using PRISM.
 NBasis=    12 RedAO= T EigKep=  1.82D-01  NBF=     6     0     0     6
 NBsUse=    12 1.00D-06 EigRej= -1.00D+00 NBFU=     6     0     0     6
 ExpMin= 3.16D-02 ExpMax= 1.00D+03 ExpMxC= 1.00D+01 IAcc=3 IRadAn=         5 AccDes= 0.00D+00
 Harris functional with IExCor=  205 and IRadAn=       5 diagonalized for initial guess.
 HarFok:  IExCor=  205 AccDes= 0.00D+00 IRadAn=         5 IDoV= 1 UseB2=F ITyADJ=14
 ICtDFT=  3500011 ScaDFX=  1.000000  1.000000  1.000000  1.000000
 FoFCou: FMM=F IPFlag=           0 FMFlag=      100000 FMFlg1=           0
         NFxFlg=           0 DoJE=T BraDBF=F KetDBF=T FulRan=T
         wScrn=  0.000000 ICntrl=     500 IOpCl=  0 I1Cent=   200000004 NGrid=           0
         NMat0=    1 NMatS0=      1 NMatT0=    0 NMatD0=    1 NMtDS0=    0 NMtDT0=    0
 Petite list used in FoFCou.
 Mixing orbitals, IMix= 1 IMixAn=  0 NRI=1 NE=    6 Coef=  7.07106781D-01  7.07106781D-01
 Initial guess orbital symmetries:
       Occupied  (AG) (BU) (AG) (BU) (BU) (AG)
       Virtual   (AG) (BU) (BU) (AG) (AG) (BU)
 The electronic state of the initial guess is 1-AG.
 Keep R1 ints in memory in symmetry-blocked form, NReq=899458.
 Requested convergence on RMS density matrix=1.00D-08 within 128 cycles.
 Requested convergence on MAX density matrix=1.00D-06.
 Requested convergence on             energy=1.00D-06.
 No special actions if energy rises.
 An orbital has undefined symmetry, so N**3 symmetry is turned off.
 SCF Done:  E(RHF) =  -5.80242965092     A.U. after   14 cycles
            NFock= 14  Conv=0.20D-08     -V/T= 1.9591
 Range of M.O.s used for correlation:     1    12
 NBasis=    12 NAE=     6 NBE=     6 NFC=     0 NFV=     0
 NROrb=     12 NOA=     6 NOB=     6 NVA=     6 NVB=     6
 Semi-Direct transformation.
 ModeAB=           2 MOrb=             6 LenV=     134089209
 LASXX=         2181 LTotXX=        2181 LenRXX=        2181
 LTotAB=        2934 MaxLAS=        5616 LenRXY=        5616
 NonZer=        5616 LenScr=      655360 LnRSAI=           0
 LnScr1=           0 LExtra=           0 Total=       663157
 MaxDsk=          -1 SrtSym=           F ITran=            3
 JobTyp=0 Pass  1:  I=   1 to   6.
 (rs|ai) integrals will be sorted in core.
 SymMOI:  orbitals are not symmetric.
 Spin components of T(2) and E(2):
     alpha-alpha T2 =       0.7333055992D-02 E2=     -0.9083777604D-02
     alpha-beta  T2 =       0.9625527543D-01 E2=     -0.1187452033D+00
     beta-beta   T2 =       0.7333055992D-02 E2=     -0.9083777604D-02
 ANorm=    0.1054002556D+01
 E2 =    -0.1369127585D+00 EUMP2 =    -0.59393424093797D+01
 Second order stability test of a single determinant RHF wave function:
 Stabil:  MDV=134217728
 ***********************************************************************
 Matrix         Lowest Root    Major Pairs
 ***********************************************************************
 Internal RHF     0.0662696    Stable
 RRHF --> CRHF    0.0260729    Stable

 RRHF --> RUHF   -0.0673117    5A=7B 6A=8B 4A=7B 5A=11B 5A=10B 3A=8B 4A=10B 3A=9B
  1A=12B 2A=10B
 Not stable.
 ***********************************************************************

 **********************************************************************

            Population analysis using the SCF density.

 **********************************************************************

 Orbital symmetries:
       Occupied  (AG) (BU) (AG) (BU) (BU) (AG)
       Virtual   (AG) (BU) (BU) (AG) (AG) (BU)
 The electronic state is 1-AG.
 Alpha  occ. eigenvalues --   -0.85395  -0.77940  -0.65094  -0.45908  -0.34113
 Alpha  occ. eigenvalues --   -0.27014
 Alpha virt. eigenvalues --    0.00553   0.09366   0.25914   0.32896   0.51022
 Alpha virt. eigenvalues --    0.61348
          Condensed to atoms (all electrons):
               1          2          3          4          5          6
     1  H    0.668152  -0.014695   0.301638   0.063022  -0.005347  -0.132364
     2  H   -0.014695   1.020835  -0.175180   0.272466  -0.002226  -0.008176
     3  H    0.301638  -0.175180   1.450292  -0.148750   0.081370  -0.116833
     4  H    0.063022   0.272466  -0.148750   0.531400  -0.043984   0.121308
     5  H   -0.005347  -0.002226   0.081370  -0.043984   0.719882  -0.036220
     6  H   -0.132364  -0.008176  -0.116833   0.121308  -0.036220   1.145159
     7  H    0.006366   0.002017  -0.018132  -0.008363   0.306852  -0.138692
     8  H   -0.025851   0.007874  -0.152577   0.025658  -0.013572   0.306852
     9  H    0.000218   0.000059   0.001001  -0.000294   0.025658  -0.008363
    10  H    0.002420  -0.000974   0.011869   0.001001  -0.152577  -0.018132
    11  H   -0.000127   0.000026  -0.000974   0.000059   0.007874   0.002017
    12  H    0.000005  -0.000127   0.002420   0.000218  -0.025851   0.006366
               7          8          9         10         11         12
     1  H    0.006366  -0.025851   0.000218   0.002420  -0.000127   0.000005
     2  H    0.002017   0.007874   0.000059  -0.000974   0.000026  -0.000127
     3  H   -0.018132  -0.152577   0.001001   0.011869  -0.000974   0.002420
     4  H   -0.008363   0.025658  -0.000294   0.001001   0.000059   0.000218
     5  H    0.306852  -0.013572   0.025658  -0.152577   0.007874  -0.025851
     6  H   -0.138692   0.306852  -0.008363  -0.018132   0.002017   0.006366
     7  H    1.145159  -0.036220   0.121308  -0.116833  -0.008176  -0.132364
     8  H   -0.036220   0.719882  -0.043984   0.081370  -0.002226  -0.005347
     9  H    0.121308  -0.043984   0.531400  -0.148750   0.272466   0.063022
    10  H   -0.116833   0.081370  -0.148750   1.450292  -0.175180   0.301638
    11  H   -0.008176  -0.002226   0.272466  -0.175180   1.020835  -0.014695
    12  H   -0.132364  -0.005347   0.063022   0.301638  -0.014695   0.668152
 Mulliken charges:
               1
     1  H    0.136564
     2  H   -0.101900
     3  H   -0.236144
     4  H    0.186260
     5  H    0.138142
     6  H   -0.122923
     7  H   -0.122923
     8  H    0.138142
     9  H    0.186260
    10  H   -0.236144
    11  H   -0.101900
    12  H    0.136564
 Sum of Mulliken charges =  -0.00000
 Mulliken charges with hydrogens summed into heavy atoms:
               1
 Electronic spatial extent (au):  <R**2>=            231.6479
 Charge=             -0.0000 electrons
 Dipole moment (field-independent basis, Debye):
    X=              0.0000    Y=             -0.0000    Z=             -0.0000  Tot=              0.0000
 Quadrupole moment (field-independent basis, Debye-Ang):
   XX=            -17.9969   YY=            -17.4301   ZZ=            -15.6362
   XY=              1.4660   XZ=             -0.0000   YZ=              0.0000
 Traceless Quadrupole moment (field-independent basis, Debye-Ang):
   XX=             -0.9758   YY=             -0.4090   ZZ=              1.3849
   XY=              1.4660   XZ=             -0.0000   YZ=              0.0000
 Octapole moment (field-independent basis, Debye-Ang**2):
  XXX=             -0.0000  YYY=             -0.0000  ZZZ=             -0.0000  XYY=             -0.0000
  XXY=              0.0000  XXZ=             -0.0000  XZZ=              0.0000  YZZ=             -0.0000
  YYZ=             -0.0000  XYZ=              0.0000
 Hexadecapole moment (field-independent basis, Debye-Ang**3):
 XXXX=           -449.0795 YYYY=           -110.9445 ZZZZ=            -18.9538 XXXY=            -75.9535
 XXXZ=             -0.0000 YYYX=            -66.2477 YYYZ=             -0.0000 ZZZX=             -0.0000
 ZZZY=             -0.0000 XXYY=            -72.4499 XXZZ=            -65.0036 YYZZ=            -21.8746
 XXYZ=             -0.0000 YYXZ=             -0.0000 ZZXY=            -24.0524
 N-N= 1.729241252529D+01 E-N=-4.553020807857D+01  KE= 6.049818233181D+00
 Symmetry AG   KE= 2.866608951821D+00
 Symmetry BG   KE= 0.000000000000D+00
 Symmetry AU   KE= 0.000000000000D+00
 Symmetry BU   KE= 3.183209281360D+00

 Test job not archived.
 1\1\GINC-SULU\Stability\RHF\Gen\H12\LCJ1\16-Feb-2017\0\\#rhf/gen scf(t
 ight,novaracc,noincfock,fulldiag) stable(crhf) guess=mix geom=nocrowd 
 test\\hf stability analysis of h12 triangular lattice, y= 0.5423787099
 0772830 alpha= 27.000000000000000\\0,1\H\H,1,1.1946917309\H,1,1.194691
 7309,2,126.\H,2,1.1946917309,1,54.,3,0.,0\H,3,1.1946917309,1,180.,2,0.
 ,0\H,4,1.1946917309,2,180.,1,0.,0\H,5,1.1946917309,3,180.,2,0.,0\H,6,1
 .1946917309,4,180.,1,0.,0\H,7,1.1946917309,5,180.,2,0.,0\H,8,1.1946917
 309,6,180.,1,0.,0\H,9,1.1946917309,5,180.,2,0.,0\H,10,1.1946917309,6,1
 80.,1,0.,0\\Version=ES64L-G09RevE.01\State=1-AG\HF=-5.8024297\MP2=-5.9
 393424\RMSD=2.028e-09\Dipole=0.,0.,0.\Quadrupole=0.4907971,1.0296083,-
 1.5204054,0.,-0.4701853,0.\PG=C02H [SGH(H12)]\\@


 CHRISTMAS IS ON TOP OF A STEEP HILL.
 THE CLOSER YOU GET, THE STEEPER THE HILL IS.
          -- LINUS, OF PEANUTS
 Job cpu time:       0 days  0 hours  0 minutes  1.4 seconds.
 File lengths (MBytes):  RWF=     84 Int=      0 D2E=      0 Chk=      2 Scr=      2
 Normal termination of Gaussian 09 at Thu Feb 16 18:10:35 2017.
