 Entering Gaussian System, Link 0=g09
 AtFile(1): H.gbs
            H     0
            S   10   1.00
               1000.000000000000            0.000068713567
                316.227766000000            0.000169141320
                100.000000000000            0.000823394812
                 31.622776600000            0.003425569236
                 10.000000000000            0.013951996000
                  3.162277660000            0.056909313560
                  1.000000000000            0.198286399900
                  0.316227766000            0.496922426700
                  0.100000000000            0.369846276400
                  0.031622776600            0.003752720039
            ****
 Initial command:
 /projects/guscus/apps/gau/g09-e1/g09/l1.exe "/users/lcj1/gaussian/h12/rhfstability/2rows/mix/Gau-14382.inp" -scrdir="/users/lcj1/gaussian/h12/rhfstability/2rows/mix/"
 Entering Link 1 = /projects/guscus/apps/gau/g09-e1/g09/l1.exe PID=     14383.
  
 Copyright (c) 1988,1990,1992,1993,1995,1998,2003,2009,2015,
            Gaussian, Inc.  All Rights Reserved.
  
 This is part of the Gaussian(R) 09 program.  It is based on
 the Gaussian(R) 03 system (copyright 2003, Gaussian, Inc.),
 the Gaussian(R) 98 system (copyright 1998, Gaussian, Inc.),
 the Gaussian(R) 94 system (copyright 1995, Gaussian, Inc.),
 the Gaussian 92(TM) system (copyright 1992, Gaussian, Inc.),
 the Gaussian 90(TM) system (copyright 1990, Gaussian, Inc.),
 the Gaussian 88(TM) system (copyright 1988, Gaussian, Inc.),
 the Gaussian 86(TM) system (copyright 1986, Carnegie Mellon
 University), and the Gaussian 82(TM) system (copyright 1983,
 Carnegie Mellon University). Gaussian is a federally registered
 trademark of Gaussian, Inc.
  
 This software contains proprietary and confidential information,
 including trade secrets, belonging to Gaussian, Inc.
  
 This software is provided under written license and may be
 used, copied, transmitted, or stored only in accord with that
 written license.
  
 The following legend is applicable only to US Government
 contracts under FAR:
  
                    RESTRICTED RIGHTS LEGEND
  
 Use, reproduction and disclosure by the US Government is
 subject to restrictions as set forth in subparagraphs (a)
 and (c) of the Commercial Computer Software - Restricted
 Rights clause in FAR 52.227-19.
  
 Gaussian, Inc.
 340 Quinnipiac St., Bldg. 40, Wallingford CT 06492
  
  
 ---------------------------------------------------------------
 Warning -- This program may not be used in any manner that
 competes with the business of Gaussian, Inc. or will provide
 assistance to any competitor of Gaussian, Inc.  The licensee
 of this program is prohibited from giving any competitor of
 Gaussian, Inc. access to this program.  By using this program,
 the user acknowledges that Gaussian, Inc. is engaged in the
 business of creating and licensing software in the field of
 computational chemistry and represents and warrants to the
 licensee that it is not a competitor of Gaussian, Inc. and that
 it will not use this program in any manner prohibited above.
 ---------------------------------------------------------------
  

 Cite this work as:
 Gaussian 09, Revision E.01,
 M. J. Frisch, G. W. Trucks, H. B. Schlegel, G. E. Scuseria, 
 M. A. Robb, J. R. Cheeseman, G. Scalmani, V. Barone, B. Mennucci, 
 G. A. Petersson, H. Nakatsuji, M. Caricato, X. Li, H. P. Hratchian, 
 A. F. Izmaylov, J. Bloino, G. Zheng, J. L. Sonnenberg, M. Hada, 
 M. Ehara, K. Toyota, R. Fukuda, J. Hasegawa, M. Ishida, T. Nakajima, 
 Y. Honda, O. Kitao, H. Nakai, T. Vreven, J. A. Montgomery, Jr., 
 J. E. Peralta, F. Ogliaro, M. Bearpark, J. J. Heyd, E. Brothers, 
 K. N. Kudin, V. N. Staroverov, T. Keith, R. Kobayashi, J. Normand, 
 K. Raghavachari, A. Rendell, J. C. Burant, S. S. Iyengar, J. Tomasi, 
 M. Cossi, N. Rega, J. M. Millam, M. Klene, J. E. Knox, J. B. Cross, 
 V. Bakken, C. Adamo, J. Jaramillo, R. Gomperts, R. E. Stratmann, 
 O. Yazyev, A. J. Austin, R. Cammi, C. Pomelli, J. W. Ochterski, 
 R. L. Martin, K. Morokuma, V. G. Zakrzewski, G. A. Voth, 
 P. Salvador, J. J. Dannenberg, S. Dapprich, A. D. Daniels, 
 O. Farkas, J. B. Foresman, J. V. Ortiz, J. Cioslowski, 
 and D. J. Fox, Gaussian, Inc., Wallingford CT, 2013.
 
 ******************************************
 Gaussian 09:  ES64L-G09RevE.01 30-Nov-2015
                16-Feb-2017 
 ******************************************
 %chk=h12.chk
 ----------------------------------------------------------------------
 #rhf/gen scf(tight,novaracc,noincfock,fulldiag) stable(crhf) guess=mix
  geom=nocrowd test
 ----------------------------------------------------------------------
 1/38=1/1;
 2/12=1,17=6,18=5,40=1/2;
 3/5=7,16=1,25=1,30=1,116=1/1,2,3;
 4/13=-1/1;
 5/5=100002,16=1,32=2,38=1/2;
 8/6=1,10=90,11=11/1,4;
 9/8=4,13=1/2;
 6/7=2,8=2,9=2,10=2,28=1/1;
 99/5=1,9=1/99;
 ----------------------------------------------------------------------
 hf stability analysis of h12 triangular lattice, y= 1.4678899319530556
  alpha= 75.000000000000000
 ----------------------------------------------------------------------
 Symbolic Z-matrix:
 Charge =  0 Multiplicity = 1
 H
 H                    1     1.51967 
 H                    1     1.51967  2     30. 
 H                    2     1.51967  1     150.     3     0.       0
 H                    3     1.51967  1     180.     2     0.       0
 H                    4     1.51967  2     180.     1     0.       0
 H                    5     1.51967  3     180.     2     0.       0
 H                    6     1.51967  4     180.     1     0.       0
 H                    7     1.51967  5     180.     2     0.       0
 H                    8     1.51967  6     180.     1     0.       0
 H                    9     1.51967  5     180.     2     0.       0
 H                    10    1.51967  6     180.     1     0.       0
 
                          Input orientation:                          
 ---------------------------------------------------------------------
 Center     Atomic      Atomic             Coordinates (Angstroms)
 Number     Number       Type             X           Y           Z
 ---------------------------------------------------------------------
      1          1           0        0.000000    0.000000    0.000000
      2          1           0        0.000000    0.000000    1.519671
      3          1           0        0.759836    0.000000    1.316074
      4          1           0        0.759836    0.000000    2.835746
      5          1           0        1.519671    0.000000    2.632148
      6          1           0        1.519671    0.000000    4.151820
      7          1           0        2.279507    0.000000    3.948222
      8          1           0        2.279507    0.000000    5.467894
      9          1           0        3.039343    0.000000    5.264296
     10          1           0        3.039343    0.000000    6.783968
     11          1           0        3.799179    0.000000    6.580370
     12          1           0        3.799179    0.000000    8.100042
 ---------------------------------------------------------------------
                    Distance matrix (angstroms):
                    1          2          3          4          5
     1  H    0.000000
     2  H    1.519671   0.000000
     3  H    1.519671   0.786640   0.000000
     4  H    2.935780   1.519671   1.519671   0.000000
     5  H    3.039343   1.883350   1.519671   0.786640   0.000000
     6  H    4.421200   3.039343   2.935780   1.519671   1.519671
     7  H    4.559014   3.330768   3.039343   1.883350   1.519671
     8  H    5.924020   4.559014   4.421200   3.039343   2.935780
     9  H    6.078686   4.822844   4.559014   3.330768   3.039343
    10  H    7.433695   6.078686   5.924020   4.559014   4.421200
    11  H    7.598357   6.328067   6.078686   4.822844   4.559014
    12  H    8.946756   7.598357   7.433695   6.078686   5.924020
                    6          7          8          9         10
     6  H    0.000000
     7  H    0.786640   0.000000
     8  H    1.519671   1.519671   0.000000
     9  H    1.883350   1.519671   0.786640   0.000000
    10  H    3.039343   2.935780   1.519671   1.519671   0.000000
    11  H    3.330768   3.039343   1.883350   1.519671   0.786640
    12  H    4.559014   4.421200   3.039343   2.935780   1.519671
                   11         12
    11  H    0.000000
    12  H    1.519671   0.000000
 Stoichiometry    H12
 Framework group  C2H[SGH(H12)]
 Deg. of freedom    11
 Full point group                 C2H     NOp   4
 Largest Abelian subgroup         C2H     NOp   4
 Largest concise Abelian subgroup C2      NOp   2
                         Standard orientation:                         
 ---------------------------------------------------------------------
 Center     Atomic      Atomic             Coordinates (Angstroms)
 Number     Number       Type             X           Y           Z
 ---------------------------------------------------------------------
      1          1           0        4.403670    0.786640    0.000000
      2          1           0        2.935780    1.179960    0.000000
      3          1           0        2.935780    0.393320    0.000000
      4          1           0        1.467890    0.786640    0.000000
      5          1           0        1.467890    0.000000    0.000000
      6          1           0        0.000000    0.393320    0.000000
      7          1           0       -0.000000   -0.393320    0.000000
      8          1           0       -1.467890    0.000000   -0.000000
      9          1           0       -1.467890   -0.786640    0.000000
     10          1           0       -2.935780   -0.393320   -0.000000
     11          1           0       -2.935780   -1.179960    0.000000
     12          1           0       -4.403670   -0.786640   -0.000000
 ---------------------------------------------------------------------
 Rotational constants (GHZ):    308.5088409      5.8219483      5.7141158
 General basis read from cards:  (5D, 7F)
 There are     6 symmetry adapted cartesian basis functions of AG  symmetry.
 There are     0 symmetry adapted cartesian basis functions of BG  symmetry.
 There are     0 symmetry adapted cartesian basis functions of AU  symmetry.
 There are     6 symmetry adapted cartesian basis functions of BU  symmetry.
 There are     6 symmetry adapted basis functions of AG  symmetry.
 There are     0 symmetry adapted basis functions of BG  symmetry.
 There are     0 symmetry adapted basis functions of AU  symmetry.
 There are     6 symmetry adapted basis functions of BU  symmetry.
    12 basis functions,   120 primitive gaussians,    12 cartesian basis functions
     6 alpha electrons        6 beta electrons
       nuclear repulsion energy        15.2649575134 Hartrees.
 NAtoms=   12 NActive=   12 NUniq=    6 SFac= 4.00D+00 NAtFMM=   60 NAOKFM=F Big=F
 Integral buffers will be    131072 words long.
 Regular integral format.
 Two-electron integral symmetry is turned on.
 One-electron integrals computed using PRISM.
 NBasis=    12 RedAO= T EigKep=  1.68D-01  NBF=     6     0     0     6
 NBsUse=    12 1.00D-06 EigRej= -1.00D+00 NBFU=     6     0     0     6
 ExpMin= 3.16D-02 ExpMax= 1.00D+03 ExpMxC= 1.00D+01 IAcc=3 IRadAn=         5 AccDes= 0.00D+00
 Harris functional with IExCor=  205 and IRadAn=       5 diagonalized for initial guess.
 HarFok:  IExCor=  205 AccDes= 0.00D+00 IRadAn=         5 IDoV= 1 UseB2=F ITyADJ=14
 ICtDFT=  3500011 ScaDFX=  1.000000  1.000000  1.000000  1.000000
 FoFCou: FMM=F IPFlag=           0 FMFlag=      100000 FMFlg1=           0
         NFxFlg=           0 DoJE=T BraDBF=F KetDBF=T FulRan=T
         wScrn=  0.000000 ICntrl=     500 IOpCl=  0 I1Cent=   200000004 NGrid=           0
         NMat0=    1 NMatS0=      1 NMatT0=    0 NMatD0=    1 NMtDS0=    0 NMtDT0=    0
 Petite list used in FoFCou.
 Mixing orbitals, IMix= 1 IMixAn=  0 NRI=1 NE=    6 Coef=  7.07106781D-01  7.07106781D-01
 Initial guess orbital symmetries:
       Occupied  (AG) (BU) (AG) (BU) (AG) (?A)
       Virtual   (?A) (BU) (AG) (BU) (AG) (BU)
 Keep R1 ints in memory in symmetry-blocked form, NReq=893914.
 Requested convergence on RMS density matrix=1.00D-08 within 128 cycles.
 Requested convergence on MAX density matrix=1.00D-06.
 Requested convergence on             energy=1.00D-06.
 No special actions if energy rises.
 An orbital has undefined symmetry, so N**3 symmetry is turned off.
 Density matrix breaks symmetry, PCut= 1.00D-04
 Density matrix has no symmetry -- integrals replicated.
 Density matrix breaks symmetry, PCut= 1.00D-07
 Density matrix has no symmetry -- integrals replicated.
 Density matrix breaks symmetry, PCut= 1.00D-07
 Density matrix has no symmetry -- integrals replicated.
 EnCoef did   100 forward-backward iterations
 Density matrix breaks symmetry, PCut= 1.00D-07
 Density matrix has no symmetry -- integrals replicated.
 Density matrix breaks symmetry, PCut= 1.00D-07
 Density matrix has no symmetry -- integrals replicated.
 Density matrix breaks symmetry, PCut= 1.00D-07
 Density matrix has no symmetry -- integrals replicated.
 Density matrix breaks symmetry, PCut= 1.00D-07
 Density matrix has no symmetry -- integrals replicated.
 Density matrix breaks symmetry, PCut= 1.00D-07
 Density matrix has no symmetry -- integrals replicated.
 Density matrix breaks symmetry, PCut= 1.00D-07
 Density matrix has no symmetry -- integrals replicated.
 Density matrix breaks symmetry, PCut= 1.00D-07
 Density matrix has no symmetry -- integrals replicated.
 Density matrix breaks symmetry, PCut= 1.00D-07
 Density matrix has no symmetry -- integrals replicated.
 Density matrix breaks symmetry, PCut= 1.00D-07
 Density matrix has no symmetry -- integrals replicated.
 Density matrix breaks symmetry, PCut= 1.00D-07
 Density matrix has no symmetry -- integrals replicated.
 Density matrix breaks symmetry, PCut= 1.00D-07
 Density matrix has no symmetry -- integrals replicated.
 Density matrix breaks symmetry, PCut= 1.00D-07
 Density matrix has no symmetry -- integrals replicated.
 SCF Done:  E(RHF) =  -5.87940246339     A.U. after   16 cycles
            NFock= 16  Conv=0.21D-08     -V/T= 1.9325
 Range of M.O.s used for correlation:     1    12
 NBasis=    12 NAE=     6 NBE=     6 NFC=     0 NFV=     0
 NROrb=     12 NOA=     6 NOB=     6 NVA=     6 NVB=     6

 **** Warning!!: The smallest alpha delta epsilon is  0.72156050D-01

 Semi-Direct transformation.
 ModeAB=           2 MOrb=             6 LenV=     134094333
 LASXX=         2181 LTotXX=        2181 LenRXX=        2181
 LTotAB=        2934 MaxLAS=        5616 LenRXY=        5616
 NonZer=        5616 LenScr=      655360 LnRSAI=           0
 LnScr1=           0 LExtra=           0 Total=       663157
 MaxDsk=          -1 SrtSym=           F ITran=            3
 JobTyp=0 Pass  1:  I=   1 to   6.
 (rs|ai) integrals will be sorted in core.
 SymMOI:  orbitals are not symmetric.
 Spin components of T(2) and E(2):
     alpha-alpha T2 =       0.8794095476D-03 E2=     -0.1531863387D-02
     alpha-beta  T2 =       0.3117650447D+01 E2=     -0.5138223368D+00
     beta-beta   T2 =       0.8794095476D-03 E2=     -0.1531863387D-02
 ANorm=    0.2029632791D+01
 E2 =    -0.5168860636D+00 EUMP2 =    -0.63962885269752D+01
 Second order stability test of a single determinant RHF wave function:
 Stabil:  MDV=134217728
 ***********************************************************************
 Matrix         Lowest Root    Major Pairs
 ***********************************************************************
 Internal RHF     0.1558613    Stable
 RRHF --> CRHF    0.0074948    Stable
 RRHF --> RUHF   -0.5066717    6A=7B
 Not stable.
 ***********************************************************************

 **********************************************************************

            Population analysis using the SCF density.

 **********************************************************************

 Orbital symmetries:
       Occupied  (AG) (BU) (AG) (BU) (AG) (BU)
       Virtual   (AG) (BU) (AG) (BU) (AG) (BU)
 The electronic state is 1-AG.
 Alpha  occ. eigenvalues --   -0.78052  -0.73640  -0.65801  -0.55655  -0.43560
 Alpha  occ. eigenvalues --   -0.12804
 Alpha virt. eigenvalues --   -0.05589   0.17062   0.24804   0.37361   0.51956
 Alpha virt. eigenvalues --    0.64471
          Condensed to atoms (all electrons):
               1          2          3          4          5          6
     1  H    1.269027  -0.079637  -0.054902  -0.010674   0.001405   0.000970
     2  H   -0.079637   0.729652   0.503004  -0.096565  -0.089205   0.002242
     3  H   -0.054902   0.503004   0.662991  -0.069075  -0.102645  -0.000348
     4  H   -0.010674  -0.096565  -0.069075   0.801266   0.571820  -0.122540
     5  H    0.001405  -0.089205  -0.102645   0.571820   0.806891  -0.093217
     6  H    0.000970   0.002242  -0.000348  -0.122540  -0.093217   0.814384
     7  H    0.000628   0.003072   0.001822  -0.094282  -0.115141   0.590515
     8  H   -0.000132   0.000451   0.000575   0.003481  -0.001522  -0.115141
     9  H   -0.000044   0.000015   0.000121   0.004521   0.003481  -0.094282
    10  H    0.000011  -0.000043  -0.000048   0.000121   0.000575   0.001822
    11  H    0.000011  -0.000033  -0.000043   0.000015   0.000451   0.003072
    12  H   -0.000003   0.000011   0.000011  -0.000044  -0.000132   0.000628
               7          8          9         10         11         12
     1  H    0.000628  -0.000132  -0.000044   0.000011   0.000011  -0.000003
     2  H    0.003072   0.000451   0.000015  -0.000043  -0.000033   0.000011
     3  H    0.001822   0.000575   0.000121  -0.000048  -0.000043   0.000011
     4  H   -0.094282   0.003481   0.004521   0.000121   0.000015  -0.000044
     5  H   -0.115141  -0.001522   0.003481   0.000575   0.000451  -0.000132
     6  H    0.590515  -0.115141  -0.094282   0.001822   0.003072   0.000628
     7  H    0.814384  -0.093217  -0.122540  -0.000348   0.002242   0.000970
     8  H   -0.093217   0.806891   0.571820  -0.102645  -0.089205   0.001405
     9  H   -0.122540   0.571820   0.801266  -0.069075  -0.096565  -0.010674
    10  H   -0.000348  -0.102645  -0.069075   0.662991   0.503004  -0.054902
    11  H    0.002242  -0.089205  -0.096565   0.503004   0.729652  -0.079637
    12  H    0.000970   0.001405  -0.010674  -0.054902  -0.079637   1.269027
 Mulliken charges:
               1
     1  H   -0.126661
     2  H    0.027036
     3  H    0.058536
     4  H    0.011954
     5  H    0.017238
     6  H    0.011896
     7  H    0.011896
     8  H    0.017238
     9  H    0.011954
    10  H    0.058536
    11  H    0.027036
    12  H   -0.126661
 Sum of Mulliken charges =   0.00000
 Mulliken charges with hydrogens summed into heavy atoms:
               1
 Electronic spatial extent (au):  <R**2>=            363.6114
 Charge=              0.0000 electrons
 Dipole moment (field-independent basis, Debye):
    X=             -0.0000    Y=              0.0000    Z=              0.0000  Tot=              0.0000
 Quadrupole moment (field-independent basis, Debye-Ang):
   XX=            -38.5647   YY=            -13.6426   ZZ=            -15.3464
   XY=             -4.0971   XZ=             -0.0000   YZ=             -0.0000
 Traceless Quadrupole moment (field-independent basis, Debye-Ang):
   XX=            -16.0468   YY=              8.8753   ZZ=              7.1715
   XY=             -4.0971   XZ=             -0.0000   YZ=             -0.0000
 Octapole moment (field-independent basis, Debye-Ang**2):
  XXX=             -0.0000  YYY=             -0.0000  ZZZ=             -0.0000  XYY=             -0.0000
  XXY=              0.0000  XXZ=             -0.0000  XZZ=              0.0000  YZZ=             -0.0000
  YYZ=             -0.0000  XYZ=              0.0000
 Hexadecapole moment (field-independent basis, Debye-Ang**3):
 XXXX=          -1294.3116 YYYY=            -56.9594 ZZZZ=            -18.4332 XXXY=           -179.8206
 XXXZ=             -0.0000 YYYX=            -71.0512 YYYZ=             -0.0000 ZZZX=             -0.0000
 ZZZY=             -0.0000 XXYY=           -134.8537 XXZZ=           -119.4897 YYZZ=            -13.2323
 XXYZ=             -0.0000 YYXZ=             -0.0000 ZZXY=            -25.2333
 N-N= 1.526495751337D+01 E-N=-4.200372497016D+01  KE= 6.305266730038D+00
 Symmetry AG   KE= 3.026839664490D+00
 Symmetry BG   KE= 0.000000000000D+00
 Symmetry AU   KE= 0.000000000000D+00
 Symmetry BU   KE= 3.278427065548D+00

 Test job not archived.
 1\1\GINC-SULU\Stability\RHF\Gen\H12\LCJ1\16-Feb-2017\0\\#rhf/gen scf(t
 ight,novaracc,noincfock,fulldiag) stable(crhf) guess=mix geom=nocrowd 
 test\\hf stability analysis of h12 triangular lattice, y= 1.4678899319
 530556 alpha= 75.000000000000000\\0,1\H\H,1,1.5196714672\H,1,1.5196714
 672,2,30.\H,2,1.5196714672,1,150.,3,0.,0\H,3,1.5196714672,1,180.,2,0.,
 0\H,4,1.5196714672,2,180.,1,0.,0\H,5,1.5196714672,3,180.,2,0.,0\H,6,1.
 5196714672,4,180.,1,0.,0\H,7,1.5196714672,5,180.,2,0.,0\H,8,1.51967146
 72,6,180.,1,0.,0\H,9,1.5196714672,5,180.,2,0.,0\H,10,1.5196714672,6,18
 0.,1,0.,0\\Version=ES64L-G09RevE.01\State=1-AG\HF=-5.8794025\MP2=-6.39
 62885\RMSD=2.136e-09\Dipole=0.,0.,0.\Quadrupole=3.8343086,5.3318363,-9
 .1661449,0.,-7.2702726,0.\PG=C02H [SGH(H12)]\\@


 ORIGINALITY CONSISTS NOT IN SAYING WHAT NO ONE HAS EVER SAID BEFORE, 
 BUT IN SAYING WHAT YOU THINK YOUR SELF.

                                    -- JAMES F. STEPHEN
 Job cpu time:       0 days  0 hours  0 minutes  1.4 seconds.
 File lengths (MBytes):  RWF=     84 Int=      0 D2E=      0 Chk=      2 Scr=      2
 Normal termination of Gaussian 09 at Thu Feb 16 18:12:57 2017.
