 Entering Gaussian System, Link 0=g09
 AtFile(1): H.gbs
            H     0
            S   10   1.00
               1000.000000000000            0.000068713567
                316.227766000000            0.000169141320
                100.000000000000            0.000823394812
                 31.622776600000            0.003425569236
                 10.000000000000            0.013951996000
                  3.162277660000            0.056909313560
                  1.000000000000            0.198286399900
                  0.316227766000            0.496922426700
                  0.100000000000            0.369846276400
                  0.031622776600            0.003752720039
            ****
 Initial command:
 /projects/guscus/apps/gau/g09-e1/g09/l1.exe "/users/lcj1/gaussian/h12/rhfstability/rect/guess/ag2bu4/Gau-11176.inp" -scrdir="/users/lcj1/gaussian/h12/rhfstability/rect/guess/ag2bu4/"
 Entering Link 1 = /projects/guscus/apps/gau/g09-e1/g09/l1.exe PID=     11177.
  
 Copyright (c) 1988,1990,1992,1993,1995,1998,2003,2009,2015,
            Gaussian, Inc.  All Rights Reserved.
  
 This is part of the Gaussian(R) 09 program.  It is based on
 the Gaussian(R) 03 system (copyright 2003, Gaussian, Inc.),
 the Gaussian(R) 98 system (copyright 1998, Gaussian, Inc.),
 the Gaussian(R) 94 system (copyright 1995, Gaussian, Inc.),
 the Gaussian 92(TM) system (copyright 1992, Gaussian, Inc.),
 the Gaussian 90(TM) system (copyright 1990, Gaussian, Inc.),
 the Gaussian 88(TM) system (copyright 1988, Gaussian, Inc.),
 the Gaussian 86(TM) system (copyright 1986, Carnegie Mellon
 University), and the Gaussian 82(TM) system (copyright 1983,
 Carnegie Mellon University). Gaussian is a federally registered
 trademark of Gaussian, Inc.
  
 This software contains proprietary and confidential information,
 including trade secrets, belonging to Gaussian, Inc.
  
 This software is provided under written license and may be
 used, copied, transmitted, or stored only in accord with that
 written license.
  
 The following legend is applicable only to US Government
 contracts under FAR:
  
                    RESTRICTED RIGHTS LEGEND
  
 Use, reproduction and disclosure by the US Government is
 subject to restrictions as set forth in subparagraphs (a)
 and (c) of the Commercial Computer Software - Restricted
 Rights clause in FAR 52.227-19.
  
 Gaussian, Inc.
 340 Quinnipiac St., Bldg. 40, Wallingford CT 06492
  
  
 ---------------------------------------------------------------
 Warning -- This program may not be used in any manner that
 competes with the business of Gaussian, Inc. or will provide
 assistance to any competitor of Gaussian, Inc.  The licensee
 of this program is prohibited from giving any competitor of
 Gaussian, Inc. access to this program.  By using this program,
 the user acknowledges that Gaussian, Inc. is engaged in the
 business of creating and licensing software in the field of
 computational chemistry and represents and warrants to the
 licensee that it is not a competitor of Gaussian, Inc. and that
 it will not use this program in any manner prohibited above.
 ---------------------------------------------------------------
  

 Cite this work as:
 Gaussian 09, Revision E.01,
 M. J. Frisch, G. W. Trucks, H. B. Schlegel, G. E. Scuseria, 
 M. A. Robb, J. R. Cheeseman, G. Scalmani, V. Barone, B. Mennucci, 
 G. A. Petersson, H. Nakatsuji, M. Caricato, X. Li, H. P. Hratchian, 
 A. F. Izmaylov, J. Bloino, G. Zheng, J. L. Sonnenberg, M. Hada, 
 M. Ehara, K. Toyota, R. Fukuda, J. Hasegawa, M. Ishida, T. Nakajima, 
 Y. Honda, O. Kitao, H. Nakai, T. Vreven, J. A. Montgomery, Jr., 
 J. E. Peralta, F. Ogliaro, M. Bearpark, J. J. Heyd, E. Brothers, 
 K. N. Kudin, V. N. Staroverov, T. Keith, R. Kobayashi, J. Normand, 
 K. Raghavachari, A. Rendell, J. C. Burant, S. S. Iyengar, J. Tomasi, 
 M. Cossi, N. Rega, J. M. Millam, M. Klene, J. E. Knox, J. B. Cross, 
 V. Bakken, C. Adamo, J. Jaramillo, R. Gomperts, R. E. Stratmann, 
 O. Yazyev, A. J. Austin, R. Cammi, C. Pomelli, J. W. Ochterski, 
 R. L. Martin, K. Morokuma, V. G. Zakrzewski, G. A. Voth, 
 P. Salvador, J. J. Dannenberg, S. Dapprich, A. D. Daniels, 
 O. Farkas, J. B. Foresman, J. V. Ortiz, J. Cioslowski, 
 and D. J. Fox, Gaussian, Inc., Wallingford CT, 2013.
 
 ******************************************
 Gaussian 09:  ES64L-G09RevE.01 30-Nov-2015
                17-Feb-2017 
 ******************************************
 %chk=h12.chk
 ----------------------------------------------------------------------
 #rhf/gen scf(symm,tight,novaracc,noincfock,fulldiag) stable(crhf) gues
 s=read geom=nocrowd test
 ----------------------------------------------------------------------
 1/38=1/1;
 2/12=1,17=6,18=5,40=1/2;
 3/5=7,16=1,25=1,30=1,116=1/1,2,3;
 4/5=1,9=4/1;
 5/5=100002,15=2,16=1,32=2,38=6/2;
 8/6=1,10=90,11=11/1,4;
 9/8=4,13=1/2;
 6/7=2,8=2,9=2,10=2,28=1/1;
 99/5=1,9=1/99;
 ----------------------------------------------------------------------
 hf stability analysis of h12 triangular lattice, y= 1.9954740303864316
 ----------------------------------------------------------------------
 Symbolic Z-matrix:
 Charge =  0 Multiplicity = 1
 H
 H                    1     2.01634 
 H                    1     2.01634  2     16.5 
 H                    2     2.01634  1     163.5    3     0.       0
 H                    2     2.01634  1     180.     3     0.       0
 H                    4     2.01634  3     180.     5     0.       0
 H                    6     2.01634  5     180.     3     0.       0
 H                    4     2.01634  2     180.     3     0.       0
 H                    3     2.01634  1     180.     4     0.       0
 H                    9     2.01634  3     180.     4     0.       0
 H                    8     2.01634  4     180.     3     0.       0
 H                    7     2.01634  6     180.     3     0.       0
 
                          Input orientation:                          
 ---------------------------------------------------------------------
 Center     Atomic      Atomic             Coordinates (Angstroms)
 Number     Number       Type             X           Y           Z
 ---------------------------------------------------------------------
      1          1           0        0.000000    0.000000    0.000000
      2          1           0        0.000000    0.000000    2.016340
      3          1           0        0.572672    0.000000    1.933307
      4          1           0        0.572672    0.000000    3.949647
      5          1           0        0.000000    0.000000    4.032681
      6          1           0        0.572672    0.000000    5.965988
      7          1           0        1.145343    0.000000    7.899295
      8          1           0        1.145343    0.000000    5.882954
      9          1           0        1.145343    0.000000    3.866614
     10          1           0        1.718015    0.000000    5.799921
     11          1           0        1.718015    0.000000    7.816261
     12          1           0        1.718015    0.000000    9.832601
 ---------------------------------------------------------------------
                    Distance matrix (angstroms):
                    1          2          3          4          5
     1  H    0.000000
     2  H    2.016340   0.000000
     3  H    2.016340   0.578660   0.000000
     4  H    3.990948   2.016340   2.016340   0.000000
     5  H    4.032681   2.016340   2.176080   0.578660   0.000000
     6  H    5.993410   3.990948   4.032681   2.016340   2.016340
     7  H    7.981896   5.993410   5.993410   3.990948   4.032681
     8  H    5.993410   4.032681   3.990948   2.016340   2.176080
     9  H    4.032681   2.176080   2.016340   0.578660   1.157320
    10  H    6.049021   4.155365   4.032681   2.176080   2.464693
    11  H    8.002844   6.049021   5.993410   4.032681   4.155365
    12  H    9.981564   8.002844   7.981896   5.993410   6.049021
                    6          7          8          9         10
     6  H    0.000000
     7  H    2.016340   0.000000
     8  H    0.578660   2.016340   0.000000
     9  H    2.176080   4.032681   2.016340   0.000000
    10  H    1.157320   2.176080   0.578660   2.016340   0.000000
    11  H    2.176080   0.578660   2.016340   3.990948   2.016340
    12  H    4.032681   2.016340   3.990948   5.993410   4.032681
                   11         12
    11  H    0.000000
    12  H    2.016340   0.000000
 Stoichiometry    H12
 Framework group  C2H[SGH(H12)]
 Deg. of freedom    11
 Full point group                 C2H     NOp   4
 Largest Abelian subgroup         C2H     NOp   4
 Largest concise Abelian subgroup C2      NOp   2
                         Standard orientation:                         
 ---------------------------------------------------------------------
 Center     Atomic      Atomic             Coordinates (Angstroms)
 Number     Number       Type             X           Y           Z
 ---------------------------------------------------------------------
      1          1           0        0.572672    4.957817   -0.000000
      2          1           0        0.000000    3.024511   -0.000000
      3          1           0        0.572672    2.941477   -0.000000
      4          1           0        0.000000    1.008170   -0.000000
      5          1           0       -0.572672    1.091204   -0.000000
      6          1           0       -0.572672   -0.925137    0.000000
      7          1           0       -0.572672   -2.941477   -0.000000
      8          1           0       -0.000000   -1.008170   -0.000000
      9          1           0        0.572672    0.925137    0.000000
     10          1           0        0.572672   -1.091204    0.000000
     11          1           0       -0.000000   -3.024511   -0.000000
     12          1           0       -0.572672   -4.957817   -0.000000
 ---------------------------------------------------------------------
 Rotational constants (GHZ):    287.6027888      5.4645046      5.3626140
 General basis read from cards:  (5D, 7F)
 There are     6 symmetry adapted cartesian basis functions of AG  symmetry.
 There are     0 symmetry adapted cartesian basis functions of BG  symmetry.
 There are     0 symmetry adapted cartesian basis functions of AU  symmetry.
 There are     6 symmetry adapted cartesian basis functions of BU  symmetry.
 There are     6 symmetry adapted basis functions of AG  symmetry.
 There are     0 symmetry adapted basis functions of BG  symmetry.
 There are     0 symmetry adapted basis functions of AU  symmetry.
 There are     6 symmetry adapted basis functions of BU  symmetry.
    12 basis functions,   120 primitive gaussians,    12 cartesian basis functions
     6 alpha electrons        6 beta electrons
       nuclear repulsion energy        16.3407612528 Hartrees.
 NAtoms=   12 NActive=   12 NUniq=    6 SFac= 4.00D+00 NAtFMM=   60 NAOKFM=F Big=F
 Integral buffers will be    131072 words long.
 Regular integral format.
 Two-electron integral symmetry is turned on.
 One-electron integrals computed using PRISM.
 NBasis=    12 RedAO= T EigKep=  5.43D-02  NBF=     6     0     0     6
 NBsUse=    12 1.00D-06 EigRej= -1.00D+00 NBFU=     6     0     0     6
 Initial guess from the checkpoint file:  "h12.chk"
 B after Tr=    -0.000000    0.000000    0.000000
         Rot=    0.999999   -0.000000    0.000000   -0.001518 Ang=  -0.17 deg.
 Initial guess orbital symmetries:
       Occupied  (AG) (BU) (AG) (BU) (BU) (BU)
       Virtual   (AG) (AG) (BU) (AG) (AG) (BU)
 Keep R1 ints in memory in symmetry-blocked form, NReq=895608.
 Requested convergence on RMS density matrix=1.00D-08 within 128 cycles.
 Requested convergence on MAX density matrix=1.00D-06.
 Requested convergence on             energy=1.00D-06.
 No special actions if energy rises.
 SCF Done:  E(RHF) =  -5.25503172651     A.U. after    6 cycles
            NFock=  6  Conv=0.30D-08     -V/T= 1.8266
 Range of M.O.s used for correlation:     1    12
 NBasis=    12 NAE=     6 NBE=     6 NFC=     0 NFV=     0
 NROrb=     12 NOA=     6 NOB=     6 NVA=     6 NVB=     6

 **** Warning!!: The smallest alpha delta epsilon is  0.52998661D-01

 Semi-Direct transformation.
 ModeAB=           4 MOrb=             6 LenV=     134092823
 LASXX=         2181 LTotXX=        2181 LenRXX=        5115
 LTotAB=        2934 MaxLAS=        3024 LenRXY=           0
 NonZer=        7296 LenScr=      655360 LnRSAI=        3024
 LnScr1=      655360 LExtra=           0 Total=      1318859
 MaxDsk=          -1 SrtSym=           T ITran=            3
 JobTyp=0 Pass  1:  I=   1 to   6.
 (rs|ai) integrals will be sorted in core.
 Spin components of T(2) and E(2):
     alpha-alpha T2 =       0.4929150311D-02 E2=     -0.4276082315D-02
     alpha-beta  T2 =       0.7471297152D+01 E2=     -0.8571076440D+00
     beta-beta   T2 =       0.4929150311D-02 E2=     -0.4276082315D-02
 ANorm=    0.2912242341D+01
 E2 =    -0.8656598086D+00 EUMP2 =    -0.61206915351335D+01
 Second order stability test of a single determinant RHF wave function:
 Stabil:  MDV=134217728
 ***********************************************************************
 Matrix         Lowest Root    Major Pairs
 ***********************************************************************
 Internal RHF     0.0166643    Stable
 RRHF --> CRHF   -0.0002356    6A=7A
 RRHF --> RUHF   -0.5781846    6A=7B
 Not stable.
 ***********************************************************************

 **********************************************************************

            Population analysis using the SCF density.

 **********************************************************************

 Orbital symmetries:
       Occupied  (AG) (BU) (AG) (BU) (BU) (BU)
       Virtual   (AG) (AG) (BU) (AG) (AG) (BU)
 The electronic state is 1-AG.
 Alpha  occ. eigenvalues --   -0.90047  -0.84491  -0.69066  -0.68662  -0.27778
 Alpha  occ. eigenvalues --   -0.20014
 Alpha virt. eigenvalues --   -0.14714   0.04660   0.54125   0.54940   1.10357
 Alpha virt. eigenvalues --    1.26984
          Condensed to atoms (all electrons):
               1          2          3          4          5          6
     1  H    1.055032  -0.026667  -0.026401   0.000422   0.000111  -0.000005
     2  H   -0.026667   0.600405   0.488972  -0.032751   0.001175   0.001206
     3  H   -0.026401   0.488972   0.593009  -0.032383  -0.024028  -0.000683
     4  H    0.000422  -0.032751  -0.032383   1.062657   0.227781  -0.020336
     5  H    0.000111   0.001175  -0.024028   0.227781   0.976150   0.194840
     6  H   -0.000005   0.001206  -0.000683  -0.020336   0.194840   1.051477
     7  H    0.000002  -0.000006  -0.000010   0.000398   0.000985  -0.000143
     8  H   -0.000013   0.000383   0.000398  -0.036402  -0.010972   0.241474
     9  H    0.000144  -0.026219  -0.000143   0.241474  -0.461445  -0.178590
    10  H   -0.000004  -0.000617   0.000985  -0.010972  -0.114160  -0.461445
    11  H    0.000002  -0.000010  -0.000006   0.000383  -0.000617  -0.026219
    12  H   -0.000001   0.000002   0.000002  -0.000013  -0.000004   0.000144
               7          8          9         10         11         12
     1  H    0.000002  -0.000013   0.000144  -0.000004   0.000002  -0.000001
     2  H   -0.000006   0.000383  -0.026219  -0.000617  -0.000010   0.000002
     3  H   -0.000010   0.000398  -0.000143   0.000985  -0.000006   0.000002
     4  H    0.000398  -0.036402   0.241474  -0.010972   0.000383  -0.000013
     5  H    0.000985  -0.010972  -0.461445  -0.114160  -0.000617  -0.000004
     6  H   -0.000143   0.241474  -0.178590  -0.461445  -0.026219   0.000144
     7  H    0.593009  -0.032383  -0.000683  -0.024028   0.488972  -0.026401
     8  H   -0.032383   1.062657  -0.020336   0.227781  -0.032751   0.000422
     9  H   -0.000683  -0.020336   1.051477   0.194840   0.001206  -0.000005
    10  H   -0.024028   0.227781   0.194840   0.976150   0.001175   0.000111
    11  H    0.488972  -0.032751   0.001206   0.001175   0.600405  -0.026667
    12  H   -0.026401   0.000422  -0.000005   0.000111  -0.026667   1.055032
 Mulliken charges:
               1
     1  H   -0.002621
     2  H   -0.005874
     3  H    0.000288
     4  H   -0.400258
     5  H    0.210185
     6  H    0.198280
     7  H    0.000288
     8  H   -0.400258
     9  H    0.198280
    10  H    0.210185
    11  H   -0.005874
    12  H   -0.002621
 Sum of Mulliken charges =  -0.00000
 Mulliken charges with hydrogens summed into heavy atoms:
               1
 Electronic spatial extent (au):  <R**2>=            371.5969
 Charge=             -0.0000 electrons
 Dipole moment (field-independent basis, Debye):
    X=             -0.0000    Y=              0.0000    Z=              0.0000  Tot=              0.0000
 Quadrupole moment (field-independent basis, Debye-Ang):
   XX=            -16.3441   YY=            -18.8291   ZZ=            -15.4924
   XY=             -0.6771   XZ=             -0.0000   YZ=              0.0000
 Traceless Quadrupole moment (field-independent basis, Debye-Ang):
   XX=              0.5444   YY=             -1.9405   ZZ=              1.3961
   XY=             -0.6771   XZ=             -0.0000   YZ=              0.0000
 Octapole moment (field-independent basis, Debye-Ang**2):
  XXX=              0.0000  YYY=             -0.0000  ZZZ=              0.0000  XYY=             -0.0000
  XXY=              0.0000  XXZ=              0.0000  XZZ=              0.0000  YZZ=             -0.0000
  YYZ=              0.0000  XYZ=              0.0000
 Hexadecapole moment (field-independent basis, Debye-Ang**3):
 XXXX=            -42.5619 YYYY=           -881.7506 ZZZZ=            -18.7993 XXXY=            -34.7282
 XXXZ=              0.0000 YYYX=            -53.7753 YYYZ=              0.0000 ZZZX=              0.0000
 ZZZY=              0.0000 XXYY=           -129.2744 XXZZ=            -10.2011 YYZZ=           -127.6310
 XXYZ=              0.0000 YYXZ=              0.0000 ZZXY=            -11.9431
 N-N= 1.634076125280D+01 E-N=-4.234790368276D+01  KE= 6.357483879016D+00
 Symmetry AG   KE= 1.627244598102D+00
 Symmetry BG   KE= 0.000000000000D+00
 Symmetry AU   KE= 0.000000000000D+00
 Symmetry BU   KE= 4.730239280914D+00

 Test job not archived.
 1\1\GINC-SULU\Stability\RHF\Gen\H12\LCJ1\17-Feb-2017\0\\#rhf/gen scf(s
 ymm,tight,novaracc,noincfock,fulldiag) stable(crhf) guess=read geom=no
 crowd test\\hf stability analysis of h12 triangular lattice, y= 1.9954
 740303864316\\0,1\H\H,1,2.0163403452\H,1,2.0163403452,2,16.5\H,2,2.016
 3403452,1,163.5,3,0.,0\H,2,2.0163403452,1,180.,3,0.,0\H,4,2.0163403452
 ,3,180.,5,0.,0\H,6,2.0163403452,5,180.,3,0.,0\H,4,2.0163403452,2,180.,
 3,0.,0\H,3,2.0163403452,1,180.,4,0.,0\H,9,2.0163403452,3,180.,4,0.,0\H
 ,8,2.0163403452,4,180.,3,0.,0\H,7,2.0163403452,6,180.,3,0.,0\\Version=
 ES64L-G09RevE.01\State=1-AG\HF=-5.2550317\MP2=-6.1206915\RMSD=3.043e-0
 9\Dipole=0.,0.,0.\Quadrupole=0.5299022,1.0379779,-1.5678802,0.,-0.0809
 415,0.\PG=C02H [SGH(H12)]\\@


 LIVE PURE, SPEAK TRUE, RIGHT WRONG, FOLLOW THE KING...
 ELSE, WHEREFORE BORN......
           IDYLLS OF THE KING, TENNYSON
 Job cpu time:       0 days  0 hours  0 minutes  1.0 seconds.
 File lengths (MBytes):  RWF=     84 Int=      0 D2E=      0 Chk=      2 Scr=      2
 Normal termination of Gaussian 09 at Fri Feb 17 15:08:08 2017.
