 Entering Gaussian System, Link 0=g09
 AtFile(1): H.gbs
            H     0
            S   10   1.00
               1000.000000000000            0.000068713567
                316.227766000000            0.000169141320
                100.000000000000            0.000823394812
                 31.622776600000            0.003425569236
                 10.000000000000            0.013951996000
                  3.162277660000            0.056909313560
                  1.000000000000            0.198286399900
                  0.316227766000            0.496922426700
                  0.100000000000            0.369846276400
                  0.031622776600            0.003752720039
            ****
 Initial command:
 /projects/guscus/apps/gau/g09-e1/g09/l1.exe "/users/lcj1/gaussian/h12/rhfstability/rect/guess/2au4bu/Gau-28854.inp" -scrdir="/users/lcj1/gaussian/h12/rhfstability/rect/guess/2au4bu/"
 Entering Link 1 = /projects/guscus/apps/gau/g09-e1/g09/l1.exe PID=     28855.
  
 Copyright (c) 1988,1990,1992,1993,1995,1998,2003,2009,2015,
            Gaussian, Inc.  All Rights Reserved.
  
 This is part of the Gaussian(R) 09 program.  It is based on
 the Gaussian(R) 03 system (copyright 2003, Gaussian, Inc.),
 the Gaussian(R) 98 system (copyright 1998, Gaussian, Inc.),
 the Gaussian(R) 94 system (copyright 1995, Gaussian, Inc.),
 the Gaussian 92(TM) system (copyright 1992, Gaussian, Inc.),
 the Gaussian 90(TM) system (copyright 1990, Gaussian, Inc.),
 the Gaussian 88(TM) system (copyright 1988, Gaussian, Inc.),
 the Gaussian 86(TM) system (copyright 1986, Carnegie Mellon
 University), and the Gaussian 82(TM) system (copyright 1983,
 Carnegie Mellon University). Gaussian is a federally registered
 trademark of Gaussian, Inc.
  
 This software contains proprietary and confidential information,
 including trade secrets, belonging to Gaussian, Inc.
  
 This software is provided under written license and may be
 used, copied, transmitted, or stored only in accord with that
 written license.
  
 The following legend is applicable only to US Government
 contracts under FAR:
  
                    RESTRICTED RIGHTS LEGEND
  
 Use, reproduction and disclosure by the US Government is
 subject to restrictions as set forth in subparagraphs (a)
 and (c) of the Commercial Computer Software - Restricted
 Rights clause in FAR 52.227-19.
  
 Gaussian, Inc.
 340 Quinnipiac St., Bldg. 40, Wallingford CT 06492
  
  
 ---------------------------------------------------------------
 Warning -- This program may not be used in any manner that
 competes with the business of Gaussian, Inc. or will provide
 assistance to any competitor of Gaussian, Inc.  The licensee
 of this program is prohibited from giving any competitor of
 Gaussian, Inc. access to this program.  By using this program,
 the user acknowledges that Gaussian, Inc. is engaged in the
 business of creating and licensing software in the field of
 computational chemistry and represents and warrants to the
 licensee that it is not a competitor of Gaussian, Inc. and that
 it will not use this program in any manner prohibited above.
 ---------------------------------------------------------------
  

 Cite this work as:
 Gaussian 09, Revision E.01,
 M. J. Frisch, G. W. Trucks, H. B. Schlegel, G. E. Scuseria, 
 M. A. Robb, J. R. Cheeseman, G. Scalmani, V. Barone, B. Mennucci, 
 G. A. Petersson, H. Nakatsuji, M. Caricato, X. Li, H. P. Hratchian, 
 A. F. Izmaylov, J. Bloino, G. Zheng, J. L. Sonnenberg, M. Hada, 
 M. Ehara, K. Toyota, R. Fukuda, J. Hasegawa, M. Ishida, T. Nakajima, 
 Y. Honda, O. Kitao, H. Nakai, T. Vreven, J. A. Montgomery, Jr., 
 J. E. Peralta, F. Ogliaro, M. Bearpark, J. J. Heyd, E. Brothers, 
 K. N. Kudin, V. N. Staroverov, T. Keith, R. Kobayashi, J. Normand, 
 K. Raghavachari, A. Rendell, J. C. Burant, S. S. Iyengar, J. Tomasi, 
 M. Cossi, N. Rega, J. M. Millam, M. Klene, J. E. Knox, J. B. Cross, 
 V. Bakken, C. Adamo, J. Jaramillo, R. Gomperts, R. E. Stratmann, 
 O. Yazyev, A. J. Austin, R. Cammi, C. Pomelli, J. W. Ochterski, 
 R. L. Martin, K. Morokuma, V. G. Zakrzewski, G. A. Voth, 
 P. Salvador, J. J. Dannenberg, S. Dapprich, A. D. Daniels, 
 O. Farkas, J. B. Foresman, J. V. Ortiz, J. Cioslowski, 
 and D. J. Fox, Gaussian, Inc., Wallingford CT, 2013.
 
 ******************************************
 Gaussian 09:  ES64L-G09RevE.01 30-Nov-2015
                17-Feb-2017 
 ******************************************
 %chk=h12.chk
 ----------------------------------------------------------------------
 #rhf/gen scf(symm,tight,novaracc,noincfock,fulldiag) stable(crhf) gues
 s=read geom=nocrowd test
 ----------------------------------------------------------------------
 1/38=1/1;
 2/12=1,17=6,18=5,40=1/2;
 3/5=7,16=1,25=1,30=1,116=1/1,2,3;
 4/5=1,9=4/1;
 5/5=100002,15=2,16=1,32=2,38=6/2;
 8/6=1,10=90,11=11/1,4;
 9/8=4,13=1/2;
 6/7=2,8=2,9=2,10=2,28=1/1;
 99/5=1,9=1/99;
 ----------------------------------------------------------------------
 hf stability analysis of h12 triangular lattice, y= 0.4584084631436424
 2
 ----------------------------------------------------------------------
 Symbolic Z-matrix:
 Charge =  0 Multiplicity = 1
 H
 H                    1     1.3403 
 H                    1     1.3403   2     140. 
 H                    2     1.3403   1     40.      3     0.       0
 H                    2     1.3403   1     180.     3     0.       0
 H                    4     1.3403   3     180.     5     0.       0
 H                    6     1.3403   5     180.     3     0.       0
 H                    4     1.3403   2     180.     3     0.       0
 H                    3     1.3403   1     180.     4     0.       0
 H                    9     1.3403   3     180.     4     0.       0
 H                    8     1.3403   4     180.     3     0.       0
 H                    7     1.3403   6     180.     3     0.       0
 
                          Input orientation:                          
 ---------------------------------------------------------------------
 Center     Atomic      Atomic             Coordinates (Angstroms)
 Number     Number       Type             X           Y           Z
 ---------------------------------------------------------------------
      1          1           0        0.000000    0.000000    0.000000
      2          1           0        0.000000    0.000000    1.340297
      3          1           0        0.861526    0.000000   -1.026727
      4          1           0        0.861526    0.000000    0.313570
      5          1           0        0.000000    0.000000    2.680593
      6          1           0        0.861526    0.000000    1.653866
      7          1           0        1.723052    0.000000    0.627140
      8          1           0        1.723052    0.000000   -0.713157
      9          1           0        1.723052    0.000000   -2.053454
     10          1           0        2.584578    0.000000   -3.080180
     11          1           0        2.584578    0.000000   -1.739884
     12          1           0        2.584578    0.000000   -0.399587
 ---------------------------------------------------------------------
                    Distance matrix (angstroms):
                    1          2          3          4          5
     1  H    0.000000
     2  H    1.340297   0.000000
     3  H    1.340297   2.518934   0.000000
     4  H    0.916817   1.340297   1.340297   0.000000
     5  H    2.680593   1.340297   3.806107   2.518934   0.000000
     6  H    1.864806   0.916817   2.680593   1.340297   1.340297
     7  H    1.833634   1.864806   1.864806   0.916817   2.680593
     8  H    1.864806   2.680593   0.916817   1.340297   3.806107
     9  H    2.680593   3.806107   1.340297   2.518934   5.037867
    10  H    4.020890   5.120611   2.680593   3.806107   6.313997
    11  H    3.115644   4.020890   1.864806   2.680593   5.120611
    12  H    2.615285   3.115644   1.833634   1.864806   4.020890
                    6          7          8          9         10
     6  H    0.000000
     7  H    1.340297   0.000000
     8  H    2.518934   1.340297   0.000000
     9  H    3.806107   2.680593   1.340297   0.000000
    10  H    5.037867   3.806107   2.518934   1.340297   0.000000
    11  H    3.806107   2.518934   1.340297   0.916817   1.340297
    12  H    2.680593   1.340297   0.916817   1.864806   2.680593
                   11         12
    11  H    0.000000
    12  H    1.340297   0.000000
 Stoichiometry    H12
 Framework group  C2H[SGH(H12)]
 Deg. of freedom    11
 Full point group                 C2H     NOp   4
 Largest Abelian subgroup         C2H     NOp   4
 Largest concise Abelian subgroup C2      NOp   2
                         Standard orientation:                         
 ---------------------------------------------------------------------
 Center     Atomic      Atomic             Coordinates (Angstroms)
 Number     Number       Type             X           Y           Z
 ---------------------------------------------------------------------
      1          1           0        0.861526    0.983718    0.000000
      2          1           0        0.000000    2.010445    0.000000
      3          1           0        0.861526   -0.356578    0.000000
      4          1           0        0.000000    0.670148    0.000000
      5          1           0       -0.861526    3.037172    0.000000
      6          1           0       -0.861526    1.696875    0.000000
      7          1           0       -0.861526    0.356578    0.000000
      8          1           0       -0.000000   -0.670148    0.000000
      9          1           0        0.861526   -1.696875   -0.000000
     10          1           0        0.861526   -3.037172    0.000000
     11          1           0       -0.000000   -2.010445    0.000000
     12          1           0       -0.861526   -0.983718    0.000000
 ---------------------------------------------------------------------
 Rotational constants (GHZ):    115.9358140     13.5558429     12.1367486
 General basis read from cards:  (5D, 7F)
 There are     6 symmetry adapted cartesian basis functions of AG  symmetry.
 There are     0 symmetry adapted cartesian basis functions of BG  symmetry.
 There are     0 symmetry adapted cartesian basis functions of AU  symmetry.
 There are     6 symmetry adapted cartesian basis functions of BU  symmetry.
 There are     6 symmetry adapted basis functions of AG  symmetry.
 There are     0 symmetry adapted basis functions of BG  symmetry.
 There are     0 symmetry adapted basis functions of AU  symmetry.
 There are     6 symmetry adapted basis functions of BU  symmetry.
    12 basis functions,   120 primitive gaussians,    12 cartesian basis functions
     6 alpha electrons        6 beta electrons
       nuclear repulsion energy        18.3839248757 Hartrees.
 NAtoms=   12 NActive=   12 NUniq=    6 SFac= 4.00D+00 NAtFMM=   60 NAOKFM=F Big=F
 Integral buffers will be    131072 words long.
 Regular integral format.
 Two-electron integral symmetry is turned on.
 One-electron integrals computed using PRISM.
 NBasis=    12 RedAO= T EigKep=  1.53D-01  NBF=     6     0     0     6
 NBsUse=    12 1.00D-06 EigRej= -1.00D+00 NBFU=     6     0     0     6
 Initial guess from the checkpoint file:  "h12.chk"
 B after Tr=     0.000000    0.000000    0.000000
         Rot=    0.999982   -0.000000    0.000000   -0.006070 Ang=  -0.70 deg.
 Initial guess orbital symmetries:
       Occupied  (AG) (BU) (AG) (BU) (BU) (BU)
       Virtual   (AG) (AG) (BU) (AG) (AG) (BU)
 Keep R1 ints in memory in symmetry-blocked form, NReq=900410.
 Requested convergence on RMS density matrix=1.00D-08 within 128 cycles.
 Requested convergence on MAX density matrix=1.00D-06.
 Requested convergence on             energy=1.00D-06.
 No special actions if energy rises.
 SCF Done:  E(RHF) =  -5.52218314317     A.U. after    9 cycles
            NFock=  9  Conv=0.32D-08     -V/T= 1.8042
 Range of M.O.s used for correlation:     1    12
 NBasis=    12 NAE=     6 NBE=     6 NFC=     0 NFV=     0
 NROrb=     12 NOA=     6 NOB=     6 NVA=     6 NVB=     6

 **** Warning!!: The smallest alpha delta epsilon is -0.13991015D-01

 Semi-Direct transformation.
 ModeAB=           4 MOrb=             6 LenV=     134087769
 LASXX=         2181 LTotXX=        2181 LenRXX=        5115
 LTotAB=        2934 MaxLAS=        3024 LenRXY=           0
 NonZer=        7296 LenScr=      655360 LnRSAI=        3024
 LnScr1=      655360 LExtra=           0 Total=      1318859
 MaxDsk=          -1 SrtSym=           T ITran=            3
 JobTyp=0 Pass  1:  I=   1 to   6.
 (rs|ai) integrals will be sorted in core.
 Spin components of T(2) and E(2):
     alpha-alpha T2 =       0.1104392686D-01 E2=     -0.9427459194D-02
     alpha-beta  T2 =       0.8690997278D+01 E2=     -0.6724206904D+00
     beta-beta   T2 =       0.1104392686D-01 E2=     -0.9427459194D-02
 ANorm=    0.3116582284D+01
 E2 =    -0.6912756088D+00 EUMP2 =    -0.62134587519954D+01
 Second order stability test of a single determinant RHF wave function:
 Stabil:  MDV=134217728
 ***********************************************************************
 Matrix         Lowest Root    Major Pairs
 ***********************************************************************
 Internal RHF    -0.2075187    6A=7A
 RRHF --> CRHF   -0.2304484    6A=7A
 RRHF --> RUHF   -0.5237663    6A=8B
 Not stable.
 ***********************************************************************

 **********************************************************************

            Population analysis using the SCF density.

 **********************************************************************

 Orbital symmetries:
       Occupied  (AG) (BU) (AG) (BU) (BU) (BU)
       Virtual   (AG) (AG) (BU) (AG) (AG) (BU)
 The electronic state is 1-AG.
 Alpha  occ. eigenvalues --   -0.90850  -0.75380  -0.58678  -0.51501  -0.40901
 Alpha  occ. eigenvalues --   -0.03463
 Alpha virt. eigenvalues --   -0.04862   0.01549   0.34002   0.34629   0.51721
 Alpha virt. eigenvalues --    0.65654
          Condensed to atoms (all electrons):
               1          2          3          4          5          6
     1  H    0.656491  -0.128651   0.105464   0.399255   0.010121  -0.086623
     2  H   -0.128651   1.094606   0.037448  -0.259983  -0.193208   0.573841
     3  H    0.105464   0.037448   1.021126  -0.184071  -0.003143   0.003353
     4  H    0.399255  -0.259983  -0.184071   1.215652   0.012636  -0.185169
     5  H    0.010121  -0.193208  -0.003143   0.012636   1.426938  -0.106062
     6  H   -0.086623   0.573841   0.003353  -0.185169  -0.106062   0.760381
     7  H   -0.022376  -0.135862  -0.213287   0.475666   0.006488  -0.103757
     8  H   -0.089910   0.033660   0.475666  -0.299395  -0.004308   0.023980
     9  H    0.019321  -0.004891  -0.103757   0.023980   0.001053  -0.003395
    10  H   -0.002319   0.001293   0.006488  -0.004308  -0.000291   0.001053
    11  H    0.007533  -0.005962  -0.135862   0.033660   0.001293  -0.004891
    12  H   -0.054424   0.007533  -0.022376  -0.089910  -0.002319   0.019321
               7          8          9         10         11         12
     1  H   -0.022376  -0.089910   0.019321  -0.002319   0.007533  -0.054424
     2  H   -0.135862   0.033660  -0.004891   0.001293  -0.005962   0.007533
     3  H   -0.213287   0.475666  -0.103757   0.006488  -0.135862  -0.022376
     4  H    0.475666  -0.299395   0.023980  -0.004308   0.033660  -0.089910
     5  H    0.006488  -0.004308   0.001053  -0.000291   0.001293  -0.002319
     6  H   -0.103757   0.023980  -0.003395   0.001053  -0.004891   0.019321
     7  H    1.021126  -0.184071   0.003353  -0.003143   0.037448   0.105464
     8  H   -0.184071   1.215652  -0.185169   0.012636  -0.259983   0.399255
     9  H    0.003353  -0.185169   0.760381  -0.106062   0.573841  -0.086623
    10  H   -0.003143   0.012636  -0.106062   1.426938  -0.193208   0.010121
    11  H    0.037448  -0.259983   0.573841  -0.193208   1.094606  -0.128651
    12  H    0.105464   0.399255  -0.086623   0.010121  -0.128651   0.656491
 Mulliken charges:
               1
     1  H    0.186118
     2  H   -0.019826
     3  H    0.012950
     4  H   -0.138014
     5  H   -0.149199
     6  H    0.107970
     7  H    0.012950
     8  H   -0.138014
     9  H    0.107970
    10  H   -0.149199
    11  H   -0.019826
    12  H    0.186118
 Sum of Mulliken charges =  -0.00000
 Mulliken charges with hydrogens summed into heavy atoms:
               1
 Electronic spatial extent (au):  <R**2>=            192.5793
 Charge=             -0.0000 electrons
 Dipole moment (field-independent basis, Debye):
    X=              0.0000    Y=              0.0000    Z=              0.0000  Tot=              0.0000
 Quadrupole moment (field-independent basis, Debye-Ang):
   XX=            -14.7489   YY=            -30.8920   ZZ=            -14.9305
   XY=              6.2714   XZ=             -0.0000   YZ=             -0.0000
 Traceless Quadrupole moment (field-independent basis, Debye-Ang):
   XX=              5.4416   YY=            -10.7015   ZZ=              5.2600
   XY=              6.2714   XZ=             -0.0000   YZ=             -0.0000
 Octapole moment (field-independent basis, Debye-Ang**2):
  XXX=             -0.0000  YYY=              0.0000  ZZZ=             -0.0000  XYY=              0.0000
  XXY=             -0.0000  XXZ=             -0.0000  XZZ=              0.0000  YZZ=              0.0000
  YYZ=             -0.0000  XYZ=              0.0000
 Hexadecapole moment (field-independent basis, Debye-Ang**3):
 XXXX=            -63.8853 YYYY=           -514.5918 ZZZZ=            -17.6210 XXXY=             35.8569
 XXXZ=              0.0000 YYYX=             94.7402 YYYZ=             -0.0000 ZZZX=              0.0000
 ZZZY=             -0.0000 XXYY=            -74.9734 XXZZ=            -13.7277 YYZZ=            -55.4124
 XXYZ=             -0.0000 YYXZ=              0.0000 ZZXY=             10.7983
 N-N= 1.838392487575D+01 E-N=-4.826301084008D+01  KE= 6.866259136290D+00
 Symmetry AG   KE= 1.504605598645D+00
 Symmetry BG   KE= 0.000000000000D+00
 Symmetry AU   KE= 0.000000000000D+00
 Symmetry BU   KE= 5.361653537645D+00

 Test job not archived.
 1\1\GINC-SULU\Stability\RHF\Gen\H12\LCJ1\17-Feb-2017\0\\#rhf/gen scf(s
 ymm,tight,novaracc,noincfock,fulldiag) stable(crhf) guess=read geom=no
 crowd test\\hf stability analysis of h12 triangular lattice, y= 0.4584
 0846314364242\\0,1\H\H,1,1.3402966458\H,1,1.3402966458,2,140.\H,2,1.34
 02966458,1,40.,3,0.,0\H,2,1.3402966458,1,180.,3,0.,0\H,4,1.3402966458,
 3,180.,5,0.,0\H,6,1.3402966458,5,180.,3,0.,0\H,4,1.3402966458,2,180.,3
 ,0.,0\H,3,1.3402966458,1,180.,4,0.,0\H,9,1.3402966458,3,180.,4,0.,0\H,
 8,1.3402966458,4,180.,3,0.,0\H,7,1.3402966458,6,180.,3,0.,0\\Version=E
 S64L-G09RevE.01\State=1-AG\HF=-5.5221831\MP2=-6.2134588\RMSD=3.219e-09
 \Dipole=0.,0.,0.\Quadrupole=3.6784938,3.9106785,-7.5891723,0.,5.100177
 1,0.\PG=C02H [SGH(H12)]\\@


 ACHIEVEMENT--  THE MAN WHO ROWS THE BOAT GENERALLY 
                DOESN'T HAVE TIME TO ROCK IT.

                   -- FROM THE BACK OF A SUGAR PACKET
 Job cpu time:       0 days  0 hours  0 minutes  1.0 seconds.
 File lengths (MBytes):  RWF=     84 Int=      0 D2E=      0 Chk=      2 Scr=      2
 Normal termination of Gaussian 09 at Fri Feb 17 12:05:12 2017.
