 Entering Gaussian System, Link 0=g09
 AtFile(1): H.gbs
            H     0
            S   10   1.00
               1000.000000000000            0.000068713567
                316.227766000000            0.000169141320
                100.000000000000            0.000823394812
                 31.622776600000            0.003425569236
                 10.000000000000            0.013951996000
                  3.162277660000            0.056909313560
                  1.000000000000            0.198286399900
                  0.316227766000            0.496922426700
                  0.100000000000            0.369846276400
                  0.031622776600            0.003752720039
            ****
 Initial command:
 /projects/guscus/apps/gau/g09-e1/g09/l1.exe "/users/lcj1/gaussian/h12/rhfstability/rect/guess/ag2bu4/Gau-15678.inp" -scrdir="/users/lcj1/gaussian/h12/rhfstability/rect/guess/ag2bu4/"
 Entering Link 1 = /projects/guscus/apps/gau/g09-e1/g09/l1.exe PID=     15679.
  
 Copyright (c) 1988,1990,1992,1993,1995,1998,2003,2009,2015,
            Gaussian, Inc.  All Rights Reserved.
  
 This is part of the Gaussian(R) 09 program.  It is based on
 the Gaussian(R) 03 system (copyright 2003, Gaussian, Inc.),
 the Gaussian(R) 98 system (copyright 1998, Gaussian, Inc.),
 the Gaussian(R) 94 system (copyright 1995, Gaussian, Inc.),
 the Gaussian 92(TM) system (copyright 1992, Gaussian, Inc.),
 the Gaussian 90(TM) system (copyright 1990, Gaussian, Inc.),
 the Gaussian 88(TM) system (copyright 1988, Gaussian, Inc.),
 the Gaussian 86(TM) system (copyright 1986, Carnegie Mellon
 University), and the Gaussian 82(TM) system (copyright 1983,
 Carnegie Mellon University). Gaussian is a federally registered
 trademark of Gaussian, Inc.
  
 This software contains proprietary and confidential information,
 including trade secrets, belonging to Gaussian, Inc.
  
 This software is provided under written license and may be
 used, copied, transmitted, or stored only in accord with that
 written license.
  
 The following legend is applicable only to US Government
 contracts under FAR:
  
                    RESTRICTED RIGHTS LEGEND
  
 Use, reproduction and disclosure by the US Government is
 subject to restrictions as set forth in subparagraphs (a)
 and (c) of the Commercial Computer Software - Restricted
 Rights clause in FAR 52.227-19.
  
 Gaussian, Inc.
 340 Quinnipiac St., Bldg. 40, Wallingford CT 06492
  
  
 ---------------------------------------------------------------
 Warning -- This program may not be used in any manner that
 competes with the business of Gaussian, Inc. or will provide
 assistance to any competitor of Gaussian, Inc.  The licensee
 of this program is prohibited from giving any competitor of
 Gaussian, Inc. access to this program.  By using this program,
 the user acknowledges that Gaussian, Inc. is engaged in the
 business of creating and licensing software in the field of
 computational chemistry and represents and warrants to the
 licensee that it is not a competitor of Gaussian, Inc. and that
 it will not use this program in any manner prohibited above.
 ---------------------------------------------------------------
  

 Cite this work as:
 Gaussian 09, Revision E.01,
 M. J. Frisch, G. W. Trucks, H. B. Schlegel, G. E. Scuseria, 
 M. A. Robb, J. R. Cheeseman, G. Scalmani, V. Barone, B. Mennucci, 
 G. A. Petersson, H. Nakatsuji, M. Caricato, X. Li, H. P. Hratchian, 
 A. F. Izmaylov, J. Bloino, G. Zheng, J. L. Sonnenberg, M. Hada, 
 M. Ehara, K. Toyota, R. Fukuda, J. Hasegawa, M. Ishida, T. Nakajima, 
 Y. Honda, O. Kitao, H. Nakai, T. Vreven, J. A. Montgomery, Jr., 
 J. E. Peralta, F. Ogliaro, M. Bearpark, J. J. Heyd, E. Brothers, 
 K. N. Kudin, V. N. Staroverov, T. Keith, R. Kobayashi, J. Normand, 
 K. Raghavachari, A. Rendell, J. C. Burant, S. S. Iyengar, J. Tomasi, 
 M. Cossi, N. Rega, J. M. Millam, M. Klene, J. E. Knox, J. B. Cross, 
 V. Bakken, C. Adamo, J. Jaramillo, R. Gomperts, R. E. Stratmann, 
 O. Yazyev, A. J. Austin, R. Cammi, C. Pomelli, J. W. Ochterski, 
 R. L. Martin, K. Morokuma, V. G. Zakrzewski, G. A. Voth, 
 P. Salvador, J. J. Dannenberg, S. Dapprich, A. D. Daniels, 
 O. Farkas, J. B. Foresman, J. V. Ortiz, J. Cioslowski, 
 and D. J. Fox, Gaussian, Inc., Wallingford CT, 2013.
 
 ******************************************
 Gaussian 09:  ES64L-G09RevE.01 30-Nov-2015
                17-Feb-2017 
 ******************************************
 %chk=h12.chk
 ----------------------------------------------------------------------
 #rhf/gen scf(symm,tight,novaracc,noincfock,fulldiag) stable(crhf) gues
 s=read geom=nocrowd test
 ----------------------------------------------------------------------
 1/38=1/1;
 2/12=1,17=6,18=5,40=1/2;
 3/5=7,16=1,25=1,30=1,116=1/1,2,3;
 4/5=1,9=4/1;
 5/5=100002,15=2,16=1,32=2,38=6/2;
 8/6=1,10=90,11=11/1,4;
 9/8=4,13=1/2;
 6/7=2,8=2,9=2,10=2,28=1/1;
 99/5=1,9=1/99;
 ----------------------------------------------------------------------
 hf stability analysis of h12 triangular lattice, y= 0.5159090308841330
 9
 ----------------------------------------------------------------------
 Symbolic Z-matrix:
 Charge =  0 Multiplicity = 1
 H
 H                    1     1.23229 
 H                    1     1.23229  2     130.5 
 H                    2     1.23229  1     49.5     3     0.       0
 H                    2     1.23229  1     180.     3     0.       0
 H                    4     1.23229  3     180.     5     0.       0
 H                    6     1.23229  5     180.     3     0.       0
 H                    4     1.23229  2     180.     3     0.       0
 H                    3     1.23229  1     180.     4     0.       0
 H                    9     1.23229  3     180.     4     0.       0
 H                    8     1.23229  4     180.     3     0.       0
 H                    7     1.23229  6     180.     3     0.       0
 
                          Input orientation:                          
 ---------------------------------------------------------------------
 Center     Atomic      Atomic             Coordinates (Angstroms)
 Number     Number       Type             X           Y           Z
 ---------------------------------------------------------------------
      1          1           0        0.000000    0.000000    0.000000
      2          1           0        0.000000    0.000000    1.232287
      3          1           0        0.937039    0.000000   -0.800306
      4          1           0        0.937039    0.000000    0.431981
      5          1           0        0.000000    0.000000    2.464574
      6          1           0        0.937039    0.000000    1.664268
      7          1           0        1.874077    0.000000    0.863961
      8          1           0        1.874077    0.000000   -0.368326
      9          1           0        1.874077    0.000000   -1.600613
     10          1           0        2.811116    0.000000   -2.400919
     11          1           0        2.811116    0.000000   -1.168632
     12          1           0        2.811116    0.000000    0.063655
 ---------------------------------------------------------------------
                    Distance matrix (angstroms):
                    1          2          3          4          5
     1  H    0.000000
     2  H    1.232287   0.000000
     3  H    1.232287   2.238186   0.000000
     4  H    1.031818   1.232287   1.232287   0.000000
     5  H    2.464574   1.232287   3.396688   2.238186   0.000000
     6  H    1.909929   1.031818   2.464574   1.232287   1.232287
     7  H    2.063636   1.909929   1.909929   1.031818   2.464574
     8  H    1.909929   2.464574   1.031818   1.232287   3.396688
     9  H    2.464574   3.396688   1.232287   2.238186   4.476373
    10  H    3.696861   4.593752   2.464574   3.396688   5.619199
    11  H    3.044351   3.696861   1.909929   2.464574   4.593752
    12  H    2.811836   3.044351   2.063636   1.909929   3.696861
                    6          7          8          9         10
     6  H    0.000000
     7  H    1.232287   0.000000
     8  H    2.238186   1.232287   0.000000
     9  H    3.396688   2.464574   1.232287   0.000000
    10  H    4.476373   3.396688   2.238186   1.232287   0.000000
    11  H    3.396688   2.238186   1.232287   1.031818   1.232287
    12  H    2.464574   1.232287   1.031818   1.909929   2.464574
                   11         12
    11  H    0.000000
    12  H    1.232287   0.000000
 Stoichiometry    H12
 Framework group  C2H[SGH(H12)]
 Deg. of freedom    11
 Full point group                 C2H     NOp   4
 Largest Abelian subgroup         C2H     NOp   4
 Largest concise Abelian subgroup C2      NOp   2
                         Standard orientation:                         
 ---------------------------------------------------------------------
 Center     Atomic      Atomic             Coordinates (Angstroms)
 Number     Number       Type             X           Y           Z
 ---------------------------------------------------------------------
      1          1           0        0.937039    1.048124    0.000000
      2          1           0       -0.000000    1.848431    0.000000
      3          1           0        0.937039   -0.184163    0.000000
      4          1           0       -0.000000    0.616144    0.000000
      5          1           0       -0.937039    2.648737   -0.000000
      6          1           0       -0.937039    1.416450   -0.000000
      7          1           0       -0.937039    0.184163    0.000000
      8          1           0       -0.000000   -0.616144    0.000000
      9          1           0        0.937039   -1.416450   -0.000000
     10          1           0        0.937039   -2.648737   -0.000000
     11          1           0       -0.000000   -1.848431    0.000000
     12          1           0       -0.937039   -1.048124    0.000000
 ---------------------------------------------------------------------
 Rotational constants (GHZ):     92.4653843     16.9967138     14.3575512
 General basis read from cards:  (5D, 7F)
 There are     6 symmetry adapted cartesian basis functions of AG  symmetry.
 There are     0 symmetry adapted cartesian basis functions of BG  symmetry.
 There are     0 symmetry adapted cartesian basis functions of AU  symmetry.
 There are     6 symmetry adapted cartesian basis functions of BU  symmetry.
 There are     6 symmetry adapted basis functions of AG  symmetry.
 There are     0 symmetry adapted basis functions of BG  symmetry.
 There are     0 symmetry adapted basis functions of AU  symmetry.
 There are     6 symmetry adapted basis functions of BU  symmetry.
    12 basis functions,   120 primitive gaussians,    12 cartesian basis functions
     6 alpha electrons        6 beta electrons
       nuclear repulsion energy        19.0122645965 Hartrees.
 NAtoms=   12 NActive=   12 NUniq=    6 SFac= 4.00D+00 NAtFMM=   60 NAOKFM=F Big=F
 Integral buffers will be    131072 words long.
 Regular integral format.
 Two-electron integral symmetry is turned on.
 One-electron integrals computed using PRISM.
 NBasis=    12 RedAO= T EigKep=  1.85D-01  NBF=     6     0     0     6
 NBsUse=    12 1.00D-06 EigRej= -1.00D+00 NBFU=     6     0     0     6
 Initial guess from the checkpoint file:  "h12.chk"
 B after Tr=    -0.000000    0.000000    0.000000
         Rot=    0.999999   -0.000000   -0.000000   -0.001518 Ang=  -0.17 deg.
 Initial guess orbital symmetries:
       Occupied  (AG) (BU) (BU) (AG) (BU) (BU)
       Virtual   (AG) (AG) (AG) (BU) (AG) (BU)
 Keep R1 ints in memory in symmetry-blocked form, NReq=902692.
 Requested convergence on RMS density matrix=1.00D-08 within 128 cycles.
 Requested convergence on MAX density matrix=1.00D-06.
 Requested convergence on             energy=1.00D-06.
 No special actions if energy rises.
 SCF Done:  E(RHF) =  -5.23316391369     A.U. after   12 cycles
            NFock= 12  Conv=0.15D-08     -V/T= 1.7374
 Range of M.O.s used for correlation:     1    12
 NBasis=    12 NAE=     6 NBE=     6 NFC=     0 NFV=     0
 NROrb=     12 NOA=     6 NOB=     6 NVA=     6 NVB=     6

 **** Warning!!: The smallest alpha delta epsilon is -0.16438705D+00

 Semi-Direct transformation.
 ModeAB=           4 MOrb=             6 LenV=     134086033
 LASXX=         2181 LTotXX=        2181 LenRXX=        5115
 LTotAB=        2934 MaxLAS=        3024 LenRXY=           0
 NonZer=        7296 LenScr=      655360 LnRSAI=        3024
 LnScr1=      655360 LExtra=           0 Total=      1318859
 MaxDsk=          -1 SrtSym=           T ITran=            3
 JobTyp=0 Pass  1:  I=   1 to   6.
 (rs|ai) integrals will be sorted in core.
 Spin components of T(2) and E(2):
     alpha-alpha T2 =       0.1821085068D-01 E2=     -0.1560991242D-01
     alpha-beta  T2 =       0.2169515043D+06 E2=      0.1253029989D+02
     beta-beta   T2 =       0.1821085068D-01 E2=     -0.1560991242D-01
 ANorm=    0.4657816449D+03
 E2 =     0.1249908007D+02 EUMP2 =     0.72659161539065D+01
 Second order stability test of a single determinant RHF wave function:
 Stabil:  MDV=134217728
 ***********************************************************************
 Matrix         Lowest Root    Major Pairs
 ***********************************************************************
 Internal RHF    -0.34467      6A=7A
 RRHF --> CRHF   -0.4039389    6A=7A
 RRHF --> RUHF   -0.6039672    6A=7B
 Not stable.
 ***********************************************************************

 **********************************************************************

            Population analysis using the SCF density.

 **********************************************************************

 Orbital symmetries:
       Occupied  (AG) (BU) (BU) (AG) (BU) (BU)
       Virtual   (AG) (AG) (AG) (BU) (AG) (BU)
 The electronic state is 1-AG.
 Alpha  occ. eigenvalues --   -0.92324  -0.72461  -0.56687  -0.54302  -0.32621
 Alpha  occ. eigenvalues --    0.06570
 Alpha virt. eigenvalues --   -0.09869   0.15160   0.23002   0.34980   0.50973
 Alpha virt. eigenvalues --    0.51642
          Condensed to atoms (all electrons):
               1          2          3          4          5          6
     1  H    0.518171  -0.196142   0.176510   0.362678  -0.021398   0.016625
     2  H   -0.196142   2.379507  -0.090325  -0.399860  -0.061668  -0.517037
     3  H    0.176510  -0.090325   1.053048  -0.001304   0.012958   0.013380
     4  H    0.362678  -0.399860  -0.001304   1.259131  -0.065607   0.182407
     5  H   -0.021398  -0.061668   0.012958  -0.065607   0.864598   0.335030
     6  H    0.016625  -0.517037   0.013380   0.182407   0.335030   1.144206
     7  H   -0.039943   0.083352  -0.195504   0.212624  -0.074452  -0.152927
     8  H   -0.092424   0.075829   0.212624  -0.360597   0.006155  -0.086466
     9  H   -0.021906   0.043865  -0.152927  -0.086466  -0.001541  -0.023151
    10  H    0.001024   0.002490  -0.074452   0.006155  -0.000378  -0.001541
    11  H    0.015489  -0.041133   0.083352   0.075829   0.002490   0.043865
    12  H   -0.032728   0.015489  -0.039943  -0.092424   0.001024  -0.021906
               7          8          9         10         11         12
     1  H   -0.039943  -0.092424  -0.021906   0.001024   0.015489  -0.032728
     2  H    0.083352   0.075829   0.043865   0.002490  -0.041133   0.015489
     3  H   -0.195504   0.212624  -0.152927  -0.074452   0.083352  -0.039943
     4  H    0.212624  -0.360597  -0.086466   0.006155   0.075829  -0.092424
     5  H   -0.074452   0.006155  -0.001541  -0.000378   0.002490   0.001024
     6  H   -0.152927  -0.086466  -0.023151  -0.001541   0.043865  -0.021906
     7  H    1.053048  -0.001304   0.013380   0.012958  -0.090325   0.176510
     8  H   -0.001304   1.259131   0.182407  -0.065607  -0.399860   0.362678
     9  H    0.013380   0.182407   1.144206   0.335030  -0.517037   0.016625
    10  H    0.012958  -0.065607   0.335030   0.864598  -0.061668  -0.021398
    11  H   -0.090325  -0.399860  -0.517037  -0.061668   2.379507  -0.196142
    12  H    0.176510   0.362678   0.016625  -0.021398  -0.196142   0.518171
 Mulliken charges:
               1
     1  H    0.314044
     2  H   -0.294366
     3  H    0.002583
     4  H   -0.092567
     5  H    0.002790
     6  H    0.067516
     7  H    0.002583
     8  H   -0.092567
     9  H    0.067516
    10  H    0.002790
    11  H   -0.294366
    12  H    0.314044
 Sum of Mulliken charges =  -0.00000
 Mulliken charges with hydrogens summed into heavy atoms:
               1
 Electronic spatial extent (au):  <R**2>=            164.8149
 Charge=             -0.0000 electrons
 Dipole moment (field-independent basis, Debye):
    X=             -0.0000    Y=              0.0000    Z=              0.0000  Tot=              0.0000
 Quadrupole moment (field-independent basis, Debye-Ang):
   XX=            -14.2680   YY=            -24.7794   ZZ=            -14.8764
   XY=              3.4113   XZ=             -0.0000   YZ=              0.0000
 Traceless Quadrupole moment (field-independent basis, Debye-Ang):
   XX=              3.7066   YY=             -6.8048   ZZ=              3.0982
   XY=              3.4113   XZ=             -0.0000   YZ=              0.0000
 Octapole moment (field-independent basis, Debye-Ang**2):
  XXX=             -0.0000  YYY=              0.0000  ZZZ=              0.0000  XYY=             -0.0000
  XXY=              0.0000  XXZ=              0.0000  XZZ=              0.0000  YZZ=              0.0000
  YYZ=              0.0000  XYZ=             -0.0000
 Hexadecapole moment (field-independent basis, Debye-Ang**3):
 XXXX=            -73.7115 YYYY=           -298.4407 ZZZZ=            -17.5207 XXXY=             33.4365
 XXXZ=              0.0000 YYYX=             34.4101 YYYZ=              0.0000 ZZZX=             -0.0000
 ZZZY=             -0.0000 XXYY=            -54.8044 XXZZ=            -15.1759 YYZZ=            -44.4470
 XXYZ=              0.0000 YYXZ=             -0.0000 ZZXY=              9.0500
 N-N= 1.901226459651D+01 E-N=-4.955161028237D+01  KE= 7.097248351062D+00
 Symmetry AG   KE= 1.464692225706D+00
 Symmetry BG   KE= 0.000000000000D+00
 Symmetry AU   KE= 0.000000000000D+00
 Symmetry BU   KE= 5.632556125356D+00

 Test job not archived.
 1\1\GINC-SULU\Stability\RHF\Gen\H12\LCJ1\17-Feb-2017\0\\#rhf/gen scf(s
 ymm,tight,novaracc,noincfock,fulldiag) stable(crhf) guess=read geom=no
 crowd test\\hf stability analysis of h12 triangular lattice, y= 0.5159
 0903088413309\\0,1\H\H,1,1.2322871563\H,1,1.2322871563,2,130.5\H,2,1.2
 322871563,1,49.5,3,0.,0\H,2,1.2322871563,1,180.,3,0.,0\H,4,1.232287156
 3,3,180.,5,0.,0\H,6,1.2322871563,5,180.,3,0.,0\H,4,1.2322871563,2,180.
 ,3,0.,0\H,3,1.2322871563,1,180.,4,0.,0\H,9,1.2322871563,3,180.,4,0.,0\
 H,8,1.2322871563,4,180.,3,0.,0\H,7,1.2322871563,6,180.,3,0.,0\\Version
 =ES64L-G09RevE.01\State=1-AG\HF=-5.2331639\MP2=7.2659162\RMSD=1.522e-0
 9\Dipole=0.,0.,0.\Quadrupole=0.7419829,2.3034245,-3.0454073,0.,4.25611
 49,0.\PG=C02H [SGH(H12)]\\@


 A HARD FALL SHOULD MEAN A HIGH BOUNCE 
 IF ONE IS MADE OF THE RIGHT MATERIAL.

                -- THE CHEMIST ANALYST, MARCH 1950
 Job cpu time:       0 days  0 hours  0 minutes  1.1 seconds.
 File lengths (MBytes):  RWF=     84 Int=      0 D2E=      0 Chk=      2 Scr=      2
 Normal termination of Gaussian 09 at Fri Feb 17 14:56:22 2017.
