 Entering Gaussian System, Link 0=g09
 AtFile(1): H.gbs
            H     0
            S   10   1.00
               1000.000000000000            0.000068713567
                316.227766000000            0.000169141320
                100.000000000000            0.000823394812
                 31.622776600000            0.003425569236
                 10.000000000000            0.013951996000
                  3.162277660000            0.056909313560
                  1.000000000000            0.198286399900
                  0.316227766000            0.496922426700
                  0.100000000000            0.369846276400
                  0.031622776600            0.003752720039
            ****
 Initial command:
 /projects/guscus/apps/gau/g09-e1/g09/l1.exe "/users/lcj1/gaussian/h12/rhfstability/rect/guess/ag2bu4/Gau-6613.inp" -scrdir="/users/lcj1/gaussian/h12/rhfstability/rect/guess/ag2bu4/"
 Entering Link 1 = /projects/guscus/apps/gau/g09-e1/g09/l1.exe PID=      6614.
  
 Copyright (c) 1988,1990,1992,1993,1995,1998,2003,2009,2015,
            Gaussian, Inc.  All Rights Reserved.
  
 This is part of the Gaussian(R) 09 program.  It is based on
 the Gaussian(R) 03 system (copyright 2003, Gaussian, Inc.),
 the Gaussian(R) 98 system (copyright 1998, Gaussian, Inc.),
 the Gaussian(R) 94 system (copyright 1995, Gaussian, Inc.),
 the Gaussian 92(TM) system (copyright 1992, Gaussian, Inc.),
 the Gaussian 90(TM) system (copyright 1990, Gaussian, Inc.),
 the Gaussian 88(TM) system (copyright 1988, Gaussian, Inc.),
 the Gaussian 86(TM) system (copyright 1986, Carnegie Mellon
 University), and the Gaussian 82(TM) system (copyright 1983,
 Carnegie Mellon University). Gaussian is a federally registered
 trademark of Gaussian, Inc.
  
 This software contains proprietary and confidential information,
 including trade secrets, belonging to Gaussian, Inc.
  
 This software is provided under written license and may be
 used, copied, transmitted, or stored only in accord with that
 written license.
  
 The following legend is applicable only to US Government
 contracts under FAR:
  
                    RESTRICTED RIGHTS LEGEND
  
 Use, reproduction and disclosure by the US Government is
 subject to restrictions as set forth in subparagraphs (a)
 and (c) of the Commercial Computer Software - Restricted
 Rights clause in FAR 52.227-19.
  
 Gaussian, Inc.
 340 Quinnipiac St., Bldg. 40, Wallingford CT 06492
  
  
 ---------------------------------------------------------------
 Warning -- This program may not be used in any manner that
 competes with the business of Gaussian, Inc. or will provide
 assistance to any competitor of Gaussian, Inc.  The licensee
 of this program is prohibited from giving any competitor of
 Gaussian, Inc. access to this program.  By using this program,
 the user acknowledges that Gaussian, Inc. is engaged in the
 business of creating and licensing software in the field of
 computational chemistry and represents and warrants to the
 licensee that it is not a competitor of Gaussian, Inc. and that
 it will not use this program in any manner prohibited above.
 ---------------------------------------------------------------
  

 Cite this work as:
 Gaussian 09, Revision E.01,
 M. J. Frisch, G. W. Trucks, H. B. Schlegel, G. E. Scuseria, 
 M. A. Robb, J. R. Cheeseman, G. Scalmani, V. Barone, B. Mennucci, 
 G. A. Petersson, H. Nakatsuji, M. Caricato, X. Li, H. P. Hratchian, 
 A. F. Izmaylov, J. Bloino, G. Zheng, J. L. Sonnenberg, M. Hada, 
 M. Ehara, K. Toyota, R. Fukuda, J. Hasegawa, M. Ishida, T. Nakajima, 
 Y. Honda, O. Kitao, H. Nakai, T. Vreven, J. A. Montgomery, Jr., 
 J. E. Peralta, F. Ogliaro, M. Bearpark, J. J. Heyd, E. Brothers, 
 K. N. Kudin, V. N. Staroverov, T. Keith, R. Kobayashi, J. Normand, 
 K. Raghavachari, A. Rendell, J. C. Burant, S. S. Iyengar, J. Tomasi, 
 M. Cossi, N. Rega, J. M. Millam, M. Klene, J. E. Knox, J. B. Cross, 
 V. Bakken, C. Adamo, J. Jaramillo, R. Gomperts, R. E. Stratmann, 
 O. Yazyev, A. J. Austin, R. Cammi, C. Pomelli, J. W. Ochterski, 
 R. L. Martin, K. Morokuma, V. G. Zakrzewski, G. A. Voth, 
 P. Salvador, J. J. Dannenberg, S. Dapprich, A. D. Daniels, 
 O. Farkas, J. B. Foresman, J. V. Ortiz, J. Cioslowski, 
 and D. J. Fox, Gaussian, Inc., Wallingford CT, 2013.
 
 ******************************************
 Gaussian 09:  ES64L-G09RevE.01 30-Nov-2015
                17-Feb-2017 
 ******************************************
 %chk=h12.chk
 ----------------------------------------------------------------------
 #rhf/gen scf(symm,tight,novaracc,noincfock,fulldiag) stable(crhf) gues
 s=read geom=nocrowd test
 ----------------------------------------------------------------------
 1/38=1/1;
 2/12=1,17=6,18=5,40=1/2;
 3/5=7,16=1,25=1,30=1,116=1/1,2,3;
 4/5=1,9=4/1;
 5/5=100002,15=2,16=1,32=2,38=6/2;
 8/6=1,10=90,11=11/1,4;
 9/8=4,13=1/2;
 6/7=2,8=2,9=2,10=2,28=1/1;
 99/5=1,9=1/99;
 ----------------------------------------------------------------------
 hf stability analysis of h12 triangular lattice, y= 1.3429973740177321
 ----------------------------------------------------------------------
 Symbolic Z-matrix:
 Charge =  0 Multiplicity = 1
 H
 H                    1     1.41013 
 H                    1     1.41013  2     35.5 
 H                    2     1.41013  1     144.5    3     0.       0
 H                    2     1.41013  1     180.     3     0.       0
 H                    4     1.41013  3     180.     5     0.       0
 H                    6     1.41013  5     180.     3     0.       0
 H                    4     1.41013  2     180.     3     0.       0
 H                    3     1.41013  1     180.     4     0.       0
 H                    9     1.41013  3     180.     4     0.       0
 H                    8     1.41013  4     180.     3     0.       0
 H                    7     1.41013  6     180.     3     0.       0
 
                          Input orientation:                          
 ---------------------------------------------------------------------
 Center     Atomic      Atomic             Coordinates (Angstroms)
 Number     Number       Type             X           Y           Z
 ---------------------------------------------------------------------
      1          1           0        0.000000    0.000000    0.000000
      2          1           0        0.000000    0.000000    1.410125
      3          1           0        0.818864    0.000000    1.148005
      4          1           0        0.818864    0.000000    2.558130
      5          1           0        0.000000    0.000000    2.820250
      6          1           0        0.818864    0.000000    3.968255
      7          1           0        1.637728    0.000000    5.116260
      8          1           0        1.637728    0.000000    3.706135
      9          1           0        1.637728    0.000000    2.296010
     10          1           0        2.456592    0.000000    3.444015
     11          1           0        2.456592    0.000000    4.854140
     12          1           0        2.456592    0.000000    6.264265
 ---------------------------------------------------------------------
                    Distance matrix (angstroms):
                    1          2          3          4          5
     1  H    0.000000
     2  H    1.410125   0.000000
     3  H    1.410125   0.859794   0.000000
     4  H    2.685995   1.410125   1.410125   0.000000
     5  H    2.820250   1.410125   1.861973   0.859794   0.000000
     6  H    4.051862   2.685995   2.820250   1.410125   1.410125
     7  H    5.371989   4.051862   4.051862   2.685995   2.820250
     8  H    4.051862   2.820250   2.685995   1.410125   1.861973
     9  H    2.820250   1.861973   1.410125   0.859794   1.719587
    10  H    4.230376   3.189286   2.820250   1.861973   2.534546
    11  H    5.440360   4.230376   4.051862   2.820250   3.189286
    12  H    6.728734   5.440360   5.371989   4.051862   4.230376
                    6          7          8          9         10
     6  H    0.000000
     7  H    1.410125   0.000000
     8  H    0.859794   1.410125   0.000000
     9  H    1.861973   2.820250   1.410125   0.000000
    10  H    1.719587   1.861973   0.859794   1.410125   0.000000
    11  H    1.861973   0.859794   1.410125   2.685995   1.410125
    12  H    2.820250   1.410125   2.685995   4.051862   2.820250
                   11         12
    11  H    0.000000
    12  H    1.410125   0.000000
 Stoichiometry    H12
 Framework group  C2H[SGH(H12)]
 Deg. of freedom    11
 Full point group                 C2H     NOp   4
 Largest Abelian subgroup         C2H     NOp   4
 Largest concise Abelian subgroup C2      NOp   2
                         Standard orientation:                         
 ---------------------------------------------------------------------
 Center     Atomic      Atomic             Coordinates (Angstroms)
 Number     Number       Type             X           Y           Z
 ---------------------------------------------------------------------
      1          1           0        0.818864    3.263193   -0.000000
      2          1           0        0.000000    2.115188   -0.000000
      3          1           0        0.818864    1.853067   -0.000000
      4          1           0        0.000000    0.705063   -0.000000
      5          1           0       -0.818864    0.967183   -0.000000
      6          1           0       -0.818864   -0.442942   -0.000000
      7          1           0       -0.818864   -1.853067   -0.000000
      8          1           0       -0.000000   -0.705063   -0.000000
      9          1           0        0.818864    0.442942    0.000000
     10          1           0        0.818864   -0.967183    0.000000
     11          1           0       -0.000000   -2.115188   -0.000000
     12          1           0       -0.818864   -3.263193   -0.000000
 ---------------------------------------------------------------------
 Rotational constants (GHZ):    131.3730351     11.9629367     10.9645003
 General basis read from cards:  (5D, 7F)
 There are     6 symmetry adapted cartesian basis functions of AG  symmetry.
 There are     0 symmetry adapted cartesian basis functions of BG  symmetry.
 There are     0 symmetry adapted cartesian basis functions of AU  symmetry.
 There are     6 symmetry adapted cartesian basis functions of BU  symmetry.
 There are     6 symmetry adapted basis functions of AG  symmetry.
 There are     0 symmetry adapted basis functions of BG  symmetry.
 There are     0 symmetry adapted basis functions of AU  symmetry.
 There are     6 symmetry adapted basis functions of BU  symmetry.
    12 basis functions,   120 primitive gaussians,    12 cartesian basis functions
     6 alpha electrons        6 beta electrons
       nuclear repulsion energy        18.0360245747 Hartrees.
 NAtoms=   12 NActive=   12 NUniq=    6 SFac= 4.00D+00 NAtFMM=   60 NAOKFM=F Big=F
 Integral buffers will be    131072 words long.
 Regular integral format.
 Two-electron integral symmetry is turned on.
 One-electron integrals computed using PRISM.
 NBasis=    12 RedAO= T EigKep=  1.35D-01  NBF=     6     0     0     6
 NBsUse=    12 1.00D-06 EigRej= -1.00D+00 NBFU=     6     0     0     6
 Initial guess from the checkpoint file:  "h12.chk"
 B after Tr=     0.000000   -0.000000   -0.000000
         Rot=    0.999999   -0.000000   -0.000000   -0.001518 Ang=  -0.17 deg.
 Initial guess orbital symmetries:
       Occupied  (AG) (BU) (AG) (BU) (BU) (BU)
       Virtual   (AG) (AG) (BU) (AG) (AG) (BU)
 Keep R1 ints in memory in symmetry-blocked form, NReq=899304.
 Requested convergence on RMS density matrix=1.00D-08 within 128 cycles.
 Requested convergence on MAX density matrix=1.00D-06.
 Requested convergence on             energy=1.00D-06.
 No special actions if energy rises.
 SCF Done:  E(RHF) =  -5.64598258531     A.U. after    8 cycles
            NFock=  8  Conv=0.11D-08     -V/T= 1.8463
 Range of M.O.s used for correlation:     1    12
 NBasis=    12 NAE=     6 NBE=     6 NFC=     0 NFV=     0
 NROrb=     12 NOA=     6 NOB=     6 NVA=     6 NVB=     6

 **** Warning!!: The smallest alpha delta epsilon is  0.50794996D-01

 Semi-Direct transformation.
 ModeAB=           4 MOrb=             6 LenV=     134088777
 LASXX=         2181 LTotXX=        2181 LenRXX=        5115
 LTotAB=        2934 MaxLAS=        3024 LenRXY=           0
 NonZer=        7296 LenScr=      655360 LnRSAI=        3024
 LnScr1=      655360 LExtra=           0 Total=      1318859
 MaxDsk=          -1 SrtSym=           T ITran=            3
 JobTyp=0 Pass  1:  I=   1 to   6.
 (rs|ai) integrals will be sorted in core.
 Spin components of T(2) and E(2):
     alpha-alpha T2 =       0.9403344323D-02 E2=     -0.8155793622D-02
     alpha-beta  T2 =       0.4444631866D+01 E2=     -0.6006692747D+00
     beta-beta   T2 =       0.9403344323D-02 E2=     -0.8155793622D-02
 ANorm=    0.2337399956D+01
 E2 =    -0.6169808619D+00 EUMP2 =    -0.62629634472269D+01
 Second order stability test of a single determinant RHF wave function:
 Stabil:  MDV=134217728
 ***********************************************************************
 Matrix         Lowest Root    Major Pairs
 ***********************************************************************
 Internal RHF    -0.1227358    6A=8A 6A=7A
 RRHF --> CRHF   -0.1393589    6A=8A 6A=7A
 RRHF --> RUHF   -0.5300453    6A=7B 6A=8B
 Not stable.
 ***********************************************************************

 **********************************************************************

            Population analysis using the SCF density.

 **********************************************************************

 Orbital symmetries:
       Occupied  (AG) (BU) (AG) (BU) (BU) (BU)
       Virtual   (AG) (AG) (BU) (AG) (AG) (BU)
 The electronic state is 1-AG.
 Alpha  occ. eigenvalues --   -0.90001  -0.75660  -0.60310  -0.50100  -0.43619
 Alpha  occ. eigenvalues --   -0.08516
 Alpha virt. eigenvalues --   -0.03436  -0.01529   0.36404   0.40704   0.53373
 Alpha virt. eigenvalues --    0.73732
          Condensed to atoms (all electrons):
               1          2          3          4          5          6
     1  H    1.336286  -0.136851  -0.101778   0.008731   0.005335  -0.001673
     2  H   -0.136851   0.928284   0.559237  -0.192678  -0.080841   0.023076
     3  H   -0.101778   0.559237   0.758861  -0.158433  -0.076493   0.001928
     4  H    0.008731  -0.192678  -0.158433   1.110191   0.358888  -0.140802
     5  H    0.005335  -0.080841  -0.076493   0.358888   0.657797   0.140461
     6  H   -0.001673   0.023076   0.001928  -0.140802   0.140461   0.968422
     7  H    0.000534  -0.002477  -0.002133   0.016600   0.013393  -0.083097
     8  H   -0.002360   0.019527   0.016600  -0.227644  -0.068343   0.432407
     9  H    0.004916  -0.110455  -0.083097   0.432407  -0.060131  -0.208170
    10  H   -0.001126   0.002936   0.013393  -0.068343  -0.061073  -0.060131
    11  H    0.000569  -0.002682  -0.002477   0.019527   0.002936  -0.110455
    12  H   -0.000136   0.000569   0.000534  -0.002360  -0.001126   0.004916
               7          8          9         10         11         12
     1  H    0.000534  -0.002360   0.004916  -0.001126   0.000569  -0.000136
     2  H   -0.002477   0.019527  -0.110455   0.002936  -0.002682   0.000569
     3  H   -0.002133   0.016600  -0.083097   0.013393  -0.002477   0.000534
     4  H    0.016600  -0.227644   0.432407  -0.068343   0.019527  -0.002360
     5  H    0.013393  -0.068343  -0.060131  -0.061073   0.002936  -0.001126
     6  H   -0.083097   0.432407  -0.208170  -0.060131  -0.110455   0.004916
     7  H    0.758861  -0.158433   0.001928  -0.076493   0.559237  -0.101778
     8  H   -0.158433   1.110191  -0.140802   0.358888  -0.192678   0.008731
     9  H    0.001928  -0.140802   0.968422   0.140461   0.023076  -0.001673
    10  H   -0.076493   0.358888   0.140461   0.657797  -0.080841   0.005335
    11  H    0.559237  -0.192678   0.023076  -0.080841   0.928284  -0.136851
    12  H   -0.101778   0.008731  -0.001673   0.005335  -0.136851   1.336286
 Mulliken charges:
               1
     1  H   -0.112446
     2  H   -0.007644
     3  H    0.073858
     4  H   -0.156085
     5  H    0.169197
     6  H    0.033120
     7  H    0.073858
     8  H   -0.156085
     9  H    0.033120
    10  H    0.169197
    11  H   -0.007644
    12  H   -0.112446
 Sum of Mulliken charges =   0.00000
 Mulliken charges with hydrogens summed into heavy atoms:
               1
 Electronic spatial extent (au):  <R**2>=            207.4498
 Charge=             -0.0000 electrons
 Dipole moment (field-independent basis, Debye):
    X=             -0.0000    Y=             -0.0000    Z=              0.0000  Tot=              0.0000
 Quadrupole moment (field-independent basis, Debye-Ang):
   XX=            -14.9340   YY=            -29.3764   ZZ=            -15.0449
   XY=             -5.0855   XZ=              0.0000   YZ=              0.0000
 Traceless Quadrupole moment (field-independent basis, Debye-Ang):
   XX=              4.8511   YY=             -9.5913   ZZ=              4.7402
   XY=             -5.0855   XZ=              0.0000   YZ=              0.0000
 Octapole moment (field-independent basis, Debye-Ang**2):
  XXX=              0.0000  YYY=             -0.0000  ZZZ=              0.0000  XYY=             -0.0000
  XXY=              0.0000  XXZ=              0.0000  XZZ=              0.0000  YZZ=             -0.0000
  YYZ=              0.0000  XYZ=              0.0000
 Hexadecapole moment (field-independent basis, Debye-Ang**3):
 XXXX=            -60.0111 YYYY=           -561.4660 ZZZZ=            -17.8253 XXXY=            -35.0856
 XXXZ=             -0.0000 YYYX=            -90.4558 YYYZ=              0.0000 ZZZX=             -0.0000
 ZZZY=              0.0000 XXYY=            -77.5731 XXZZ=            -13.1001 YYZZ=            -61.8108
 XXYZ=              0.0000 YYXZ=              0.0000 ZZXY=            -11.0641
 N-N= 1.803602457468D+01 E-N=-4.747100318143D+01  KE= 6.671118129723D+00
 Symmetry AG   KE= 1.508960168577D+00
 Symmetry BG   KE= 0.000000000000D+00
 Symmetry AU   KE= 0.000000000000D+00
 Symmetry BU   KE= 5.162157961146D+00

 Test job not archived.
 1\1\GINC-SULU\Stability\RHF\Gen\H12\LCJ1\17-Feb-2017\0\\#rhf/gen scf(s
 ymm,tight,novaracc,noincfock,fulldiag) stable(crhf) guess=read geom=no
 crowd test\\hf stability analysis of h12 triangular lattice, y= 1.3429
 973740177321\\0,1\H\H,1,1.4101252436\H,1,1.4101252436,2,35.5\H,2,1.410
 1252436,1,144.5,3,0.,0\H,2,1.4101252436,1,180.,3,0.,0\H,4,1.4101252436
 ,3,180.,5,0.,0\H,6,1.4101252436,5,180.,3,0.,0\H,4,1.4101252436,2,180.,
 3,0.,0\H,3,1.4101252436,1,180.,4,0.,0\H,9,1.4101252436,3,180.,4,0.,0\H
 ,8,1.4101252436,4,180.,3,0.,0\H,7,1.4101252436,6,180.,3,0.,0\\Version=
 ES64L-G09RevE.01\State=1-AG\HF=-5.6459826\MP2=-6.2629634\RMSD=1.143e-0
 9\Dipole=0.,0.,0.\Quadrupole=3.560769,3.5242402,-7.0850092,0.,-3.84532
 18,0.\PG=C02H [SGH(H12)]\\@


 A SCIENTIST IS SOMEONE WHOSE CURIOSITY SURVIVES
 EDUCATION'S ASSAULTS ON IT.
                          - SIR HERMANN BONDI
 Job cpu time:       0 days  0 hours  0 minutes  1.0 seconds.
 File lengths (MBytes):  RWF=     84 Int=      0 D2E=      0 Chk=      2 Scr=      2
 Normal termination of Gaussian 09 at Fri Feb 17 15:06:16 2017.
