 Entering Gaussian System, Link 0=g09
 AtFile(1): H.gbs
            H     0
            S   10   1.00
               1000.000000000000            0.000068713567
                316.227766000000            0.000169141320
                100.000000000000            0.000823394812
                 31.622776600000            0.003425569236
                 10.000000000000            0.013951996000
                  3.162277660000            0.056909313560
                  1.000000000000            0.198286399900
                  0.316227766000            0.496922426700
                  0.100000000000            0.369846276400
                  0.031622776600            0.003752720039
            ****
 Initial command:
 /projects/guscus/apps/gau/g09-e1/g09/l1.exe "/users/lcj1/gaussian/h12/rhfstability/rect/guess/ag2bu4/Gau-15430.inp" -scrdir="/users/lcj1/gaussian/h12/rhfstability/rect/guess/ag2bu4/"
 Entering Link 1 = /projects/guscus/apps/gau/g09-e1/g09/l1.exe PID=     15431.
  
 Copyright (c) 1988,1990,1992,1993,1995,1998,2003,2009,2015,
            Gaussian, Inc.  All Rights Reserved.
  
 This is part of the Gaussian(R) 09 program.  It is based on
 the Gaussian(R) 03 system (copyright 2003, Gaussian, Inc.),
 the Gaussian(R) 98 system (copyright 1998, Gaussian, Inc.),
 the Gaussian(R) 94 system (copyright 1995, Gaussian, Inc.),
 the Gaussian 92(TM) system (copyright 1992, Gaussian, Inc.),
 the Gaussian 90(TM) system (copyright 1990, Gaussian, Inc.),
 the Gaussian 88(TM) system (copyright 1988, Gaussian, Inc.),
 the Gaussian 86(TM) system (copyright 1986, Carnegie Mellon
 University), and the Gaussian 82(TM) system (copyright 1983,
 Carnegie Mellon University). Gaussian is a federally registered
 trademark of Gaussian, Inc.
  
 This software contains proprietary and confidential information,
 including trade secrets, belonging to Gaussian, Inc.
  
 This software is provided under written license and may be
 used, copied, transmitted, or stored only in accord with that
 written license.
  
 The following legend is applicable only to US Government
 contracts under FAR:
  
                    RESTRICTED RIGHTS LEGEND
  
 Use, reproduction and disclosure by the US Government is
 subject to restrictions as set forth in subparagraphs (a)
 and (c) of the Commercial Computer Software - Restricted
 Rights clause in FAR 52.227-19.
  
 Gaussian, Inc.
 340 Quinnipiac St., Bldg. 40, Wallingford CT 06492
  
  
 ---------------------------------------------------------------
 Warning -- This program may not be used in any manner that
 competes with the business of Gaussian, Inc. or will provide
 assistance to any competitor of Gaussian, Inc.  The licensee
 of this program is prohibited from giving any competitor of
 Gaussian, Inc. access to this program.  By using this program,
 the user acknowledges that Gaussian, Inc. is engaged in the
 business of creating and licensing software in the field of
 computational chemistry and represents and warrants to the
 licensee that it is not a competitor of Gaussian, Inc. and that
 it will not use this program in any manner prohibited above.
 ---------------------------------------------------------------
  

 Cite this work as:
 Gaussian 09, Revision E.01,
 M. J. Frisch, G. W. Trucks, H. B. Schlegel, G. E. Scuseria, 
 M. A. Robb, J. R. Cheeseman, G. Scalmani, V. Barone, B. Mennucci, 
 G. A. Petersson, H. Nakatsuji, M. Caricato, X. Li, H. P. Hratchian, 
 A. F. Izmaylov, J. Bloino, G. Zheng, J. L. Sonnenberg, M. Hada, 
 M. Ehara, K. Toyota, R. Fukuda, J. Hasegawa, M. Ishida, T. Nakajima, 
 Y. Honda, O. Kitao, H. Nakai, T. Vreven, J. A. Montgomery, Jr., 
 J. E. Peralta, F. Ogliaro, M. Bearpark, J. J. Heyd, E. Brothers, 
 K. N. Kudin, V. N. Staroverov, T. Keith, R. Kobayashi, J. Normand, 
 K. Raghavachari, A. Rendell, J. C. Burant, S. S. Iyengar, J. Tomasi, 
 M. Cossi, N. Rega, J. M. Millam, M. Klene, J. E. Knox, J. B. Cross, 
 V. Bakken, C. Adamo, J. Jaramillo, R. Gomperts, R. E. Stratmann, 
 O. Yazyev, A. J. Austin, R. Cammi, C. Pomelli, J. W. Ochterski, 
 R. L. Martin, K. Morokuma, V. G. Zakrzewski, G. A. Voth, 
 P. Salvador, J. J. Dannenberg, S. Dapprich, A. D. Daniels, 
 O. Farkas, J. B. Foresman, J. V. Ortiz, J. Cioslowski, 
 and D. J. Fox, Gaussian, Inc., Wallingford CT, 2013.
 
 ******************************************
 Gaussian 09:  ES64L-G09RevE.01 30-Nov-2015
                17-Feb-2017 
 ******************************************
 %chk=h12.chk
 ----------------------------------------------------------------------
 #rhf/gen scf(symm,tight,novaracc,noincfock,fulldiag) stable(crhf) gues
 s=read geom=nocrowd test
 ----------------------------------------------------------------------
 1/38=1/1;
 2/12=1,17=6,18=5,40=1/2;
 3/5=7,16=1,25=1,30=1,116=1/1,2,3;
 4/5=1,9=4/1;
 5/5=100002,15=2,16=1,32=2,38=6/2;
 8/6=1,10=90,11=11/1,4;
 9/8=4,13=1/2;
 6/7=2,8=2,9=2,10=2,28=1/1;
 99/5=1,9=1/99;
 ----------------------------------------------------------------------
 hf stability analysis of h12 triangular lattice, y= 0.5099777844418526
 0
 ----------------------------------------------------------------------
 Symbolic Z-matrix:
 Charge =  0 Multiplicity = 1
 H
 H                    1     1.24167 
 H                    1     1.24167  2     131.5 
 H                    2     1.24167  1     48.5     3     0.       0
 H                    2     1.24167  1     180.     3     0.       0
 H                    4     1.24167  3     180.     5     0.       0
 H                    6     1.24167  5     180.     3     0.       0
 H                    4     1.24167  2     180.     3     0.       0
 H                    3     1.24167  1     180.     4     0.       0
 H                    9     1.24167  3     180.     4     0.       0
 H                    8     1.24167  4     180.     3     0.       0
 H                    7     1.24167  6     180.     3     0.       0
 
                          Input orientation:                          
 ---------------------------------------------------------------------
 Center     Atomic      Atomic             Coordinates (Angstroms)
 Number     Number       Type             X           Y           Z
 ---------------------------------------------------------------------
      1          1           0        0.000000    0.000000    0.000000
      2          1           0        0.000000    0.000000    1.241671
      3          1           0        0.929957    0.000000   -0.822756
      4          1           0        0.929957    0.000000    0.418915
      5          1           0        0.000000    0.000000    2.483342
      6          1           0        0.929957    0.000000    1.660586
      7          1           0        1.859913    0.000000    0.837830
      8          1           0        1.859913    0.000000   -0.403841
      9          1           0        1.859913    0.000000   -1.645512
     10          1           0        2.789870    0.000000   -2.468269
     11          1           0        2.789870    0.000000   -1.226597
     12          1           0        2.789870    0.000000    0.015074
 ---------------------------------------------------------------------
                    Distance matrix (angstroms):
                    1          2          3          4          5
     1  H    0.000000
     2  H    1.241671   0.000000
     3  H    1.241671   2.264217   0.000000
     4  H    1.019956   1.241671   1.241671   0.000000
     5  H    2.483342   1.241671   3.434401   2.264217   0.000000
     6  H    1.903251   1.019956   2.483342   1.241671   1.241671
     7  H    2.039911   1.903251   1.903251   1.019956   2.483342
     8  H    1.903251   2.483342   1.019956   1.241671   3.434401
     9  H    2.483342   3.434401   1.241671   2.264217   4.528435
    10  H    3.725014   4.641878   2.483342   3.434401   5.683470
    11  H    3.047608   3.725014   1.903251   2.483342   4.641878
    12  H    2.789911   3.047608   2.039911   1.903251   3.725014
                    6          7          8          9         10
     6  H    0.000000
     7  H    1.241671   0.000000
     8  H    2.264217   1.241671   0.000000
     9  H    3.434401   2.483342   1.241671   0.000000
    10  H    4.528435   3.434401   2.264217   1.241671   0.000000
    11  H    3.434401   2.264217   1.241671   1.019956   1.241671
    12  H    2.483342   1.241671   1.019956   1.903251   2.483342
                   11         12
    11  H    0.000000
    12  H    1.241671   0.000000
 Stoichiometry    H12
 Framework group  C2H[SGH(H12)]
 Deg. of freedom    11
 Full point group                 C2H     NOp   4
 Largest Abelian subgroup         C2H     NOp   4
 Largest concise Abelian subgroup C2      NOp   2
                         Standard orientation:                         
 ---------------------------------------------------------------------
 Center     Atomic      Atomic             Coordinates (Angstroms)
 Number     Number       Type             X           Y           Z
 ---------------------------------------------------------------------
      1          1           0        0.929957    1.039751    0.000000
      2          1           0        0.000000    1.862507    0.000000
      3          1           0        0.929957   -0.201921   -0.000000
      4          1           0        0.000000    0.620836    0.000000
      5          1           0       -0.929957    2.685263    0.000000
      6          1           0       -0.929957    1.443592    0.000000
      7          1           0       -0.929957    0.201921   -0.000000
      8          1           0       -0.000000   -0.620836    0.000000
      9          1           0        0.929957   -1.443592    0.000000
     10          1           0        0.929957   -2.685263    0.000000
     11          1           0       -0.000000   -1.862507    0.000000
     12          1           0       -0.929957   -1.039751    0.000000
 ---------------------------------------------------------------------
 Rotational constants (GHZ):     94.5058448     16.6297405     14.1413542
 General basis read from cards:  (5D, 7F)
 There are     6 symmetry adapted cartesian basis functions of AG  symmetry.
 There are     0 symmetry adapted cartesian basis functions of BG  symmetry.
 There are     0 symmetry adapted cartesian basis functions of AU  symmetry.
 There are     6 symmetry adapted cartesian basis functions of BU  symmetry.
 There are     6 symmetry adapted basis functions of AG  symmetry.
 There are     0 symmetry adapted basis functions of BG  symmetry.
 There are     0 symmetry adapted basis functions of AU  symmetry.
 There are     6 symmetry adapted basis functions of BU  symmetry.
    12 basis functions,   120 primitive gaussians,    12 cartesian basis functions
     6 alpha electrons        6 beta electrons
       nuclear repulsion energy        18.9528289056 Hartrees.
 NAtoms=   12 NActive=   12 NUniq=    6 SFac= 4.00D+00 NAtFMM=   60 NAOKFM=F Big=F
 Integral buffers will be    131072 words long.
 Regular integral format.
 Two-electron integral symmetry is turned on.
 One-electron integrals computed using PRISM.
 NBasis=    12 RedAO= T EigKep=  1.82D-01  NBF=     6     0     0     6
 NBsUse=    12 1.00D-06 EigRej= -1.00D+00 NBFU=     6     0     0     6
 Initial guess from the checkpoint file:  "h12.chk"
 B after Tr=    -0.000000   -0.000000    0.000000
         Rot=    0.999999    0.000000    0.000000   -0.001518 Ang=  -0.17 deg.
 Initial guess orbital symmetries:
       Occupied  (AG) (BU) (BU) (AG) (BU) (BU)
       Virtual   (AG) (AG) (AG) (BU) (AG) (BU)
 Keep R1 ints in memory in symmetry-blocked form, NReq=902412.
 Requested convergence on RMS density matrix=1.00D-08 within 128 cycles.
 Requested convergence on MAX density matrix=1.00D-06.
 Requested convergence on             energy=1.00D-06.
 No special actions if energy rises.
 Rare condition: small coef for last iteration:  0.000D+00
 SCF Done:  E(RHF) =  -5.24086285550     A.U. after   15 cycles
            NFock= 15  Conv=0.47D-08     -V/T= 1.7379
 Range of M.O.s used for correlation:     1    12
 NBasis=    12 NAE=     6 NBE=     6 NFC=     0 NFV=     0
 NROrb=     12 NOA=     6 NOB=     6 NVA=     6 NVB=     6

 **** Warning!!: The smallest alpha delta epsilon is -0.16194556D+00

 Semi-Direct transformation.
 ModeAB=           4 MOrb=             6 LenV=     134086131
 LASXX=         2181 LTotXX=        2181 LenRXX=        5115
 LTotAB=        2934 MaxLAS=        3024 LenRXY=           0
 NonZer=        7296 LenScr=      655360 LnRSAI=        3024
 LnScr1=      655360 LExtra=           0 Total=      1318859
 MaxDsk=          -1 SrtSym=           T ITran=            3
 JobTyp=0 Pass  1:  I=   1 to   6.
 (rs|ai) integrals will be sorted in core.
 Spin components of T(2) and E(2):
     alpha-alpha T2 =       0.1821763734D-01 E2=     -0.1525903862D-01
     alpha-beta  T2 =       0.1154220183D+03 E2=     -0.4079709915D+00
     beta-beta   T2 =       0.1821763734D-01 E2=     -0.1525903862D-01
 ANorm=    0.1079159180D+02
 E2 =    -0.4384890687D+00 EUMP2 =    -0.56793519242040D+01
 Second order stability test of a single determinant RHF wave function:
 Stabil:  MDV=134217728
 ***********************************************************************
 Matrix         Lowest Root    Major Pairs
 ***********************************************************************
 Internal RHF    -0.3471602    6A=7A
 RRHF --> CRHF   -0.4023119    6A=7A
 RRHF --> RUHF   -0.6003919    6A=7B 6A=8B 6A=11B
 Not stable.
 ***********************************************************************

 **********************************************************************

            Population analysis using the SCF density.

 **********************************************************************

 Orbital symmetries:
       Occupied  (AG) (BU) (BU) (AG) (BU) (BU)
       Virtual   (AG) (AG) (AG) (BU) (AG) (BU)
 The electronic state is 1-AG.
 Alpha  occ. eigenvalues --   -0.92331  -0.72572  -0.56458  -0.54544  -0.33401
 Alpha  occ. eigenvalues --    0.07189
 Alpha virt. eigenvalues --   -0.09006   0.13886   0.23589   0.33226   0.50839
 Alpha virt. eigenvalues --    0.52946
          Condensed to atoms (all electrons):
               1          2          3          4          5          6
     1  H    0.569463  -0.261658   0.166190   0.401201  -0.010456   0.014825
     2  H   -0.261658   2.494042  -0.049650  -0.446347  -0.188472  -0.355403
     3  H    0.166190  -0.049650   0.964604  -0.035636   0.011505  -0.007548
     4  H    0.401201  -0.446347  -0.035636   1.304555  -0.045093   0.137434
     5  H   -0.010456  -0.188472   0.011505  -0.045093   0.954193   0.352673
     6  H    0.014825  -0.355403  -0.007548   0.137434   0.352673   0.879713
     7  H   -0.037067   0.027894  -0.176117   0.256903  -0.067772  -0.066215
     8  H   -0.107098   0.085663   0.256903  -0.381578   0.002387  -0.071283
     9  H   -0.022174   0.033261  -0.066215  -0.071283  -0.001626  -0.011921
    10  H   -0.000805   0.003316  -0.067772   0.002387  -0.000422  -0.001626
    11  H    0.022522  -0.041858   0.027894   0.085663   0.003316   0.033261
    12  H   -0.037620   0.022522  -0.037067  -0.107098  -0.000805  -0.022174
               7          8          9         10         11         12
     1  H   -0.037067  -0.107098  -0.022174  -0.000805   0.022522  -0.037620
     2  H    0.027894   0.085663   0.033261   0.003316  -0.041858   0.022522
     3  H   -0.176117   0.256903  -0.066215  -0.067772   0.027894  -0.037067
     4  H    0.256903  -0.381578  -0.071283   0.002387   0.085663  -0.107098
     5  H   -0.067772   0.002387  -0.001626  -0.000422   0.003316  -0.000805
     6  H   -0.066215  -0.071283  -0.011921  -0.001626   0.033261  -0.022174
     7  H    0.964604  -0.035636  -0.007548   0.011505  -0.049650   0.166190
     8  H   -0.035636   1.304555   0.137434  -0.045093  -0.446347   0.401201
     9  H   -0.007548   0.137434   0.879713   0.352673  -0.355403   0.014825
    10  H    0.011505  -0.045093   0.352673   0.954193  -0.188472  -0.010456
    11  H   -0.049650  -0.446347  -0.355403  -0.188472   2.494042  -0.261658
    12  H    0.166190   0.401201   0.014825  -0.010456  -0.261658   0.569463
 Mulliken charges:
               1
     1  H    0.302676
     2  H   -0.323311
     3  H    0.012908
     4  H   -0.101109
     5  H   -0.009429
     6  H    0.118264
     7  H    0.012908
     8  H   -0.101109
     9  H    0.118264
    10  H   -0.009429
    11  H   -0.323311
    12  H    0.302676
 Sum of Mulliken charges =  -0.00000
 Mulliken charges with hydrogens summed into heavy atoms:
               1
 Electronic spatial extent (au):  <R**2>=            167.3250
 Charge=             -0.0000 electrons
 Dipole moment (field-independent basis, Debye):
    X=             -0.0000    Y=              0.0000    Z=             -0.0000  Tot=              0.0000
 Quadrupole moment (field-independent basis, Debye-Ang):
   XX=            -14.0145   YY=            -25.8541   ZZ=            -14.8667
   XY=              3.3241   XZ=              0.0000   YZ=             -0.0000
 Traceless Quadrupole moment (field-independent basis, Debye-Ang):
   XX=              4.2306   YY=             -7.6090   ZZ=              3.3784
   XY=              3.3241   XZ=              0.0000   YZ=             -0.0000
 Octapole moment (field-independent basis, Debye-Ang**2):
  XXX=              0.0000  YYY=             -0.0000  ZZZ=             -0.0000  XYY=              0.0000
  XXY=              0.0000  XXZ=             -0.0000  XZZ=              0.0000  YZZ=              0.0000
  YYZ=             -0.0000  XYZ=              0.0000
 Hexadecapole moment (field-independent basis, Debye-Ang**3):
 XXXX=            -72.8261 YYYY=           -314.2678 ZZZZ=            -17.5049 XXXY=             34.1410
 XXXZ=              0.0000 YYYX=             40.4341 YYYZ=             -0.0000 ZZZX=              0.0000
 ZZZY=             -0.0000 XXYY=            -57.4917 XXZZ=            -15.0532 YYZZ=            -45.2715
 XXYZ=             -0.0000 YYXZ=              0.0000 ZZXY=              9.2940
 N-N= 1.895282890556D+01 E-N=-4.944700515053D+01  KE= 7.101995644367D+00
 Symmetry AG   KE= 1.467535902081D+00
 Symmetry BG   KE= 0.000000000000D+00
 Symmetry AU   KE= 0.000000000000D+00
 Symmetry BU   KE= 5.634459742286D+00

 Test job not archived.
 1\1\GINC-SULU\Stability\RHF\Gen\H12\LCJ1\17-Feb-2017\0\\#rhf/gen scf(s
 ymm,tight,novaracc,noincfock,fulldiag) stable(crhf) guess=read geom=no
 crowd test\\hf stability analysis of h12 triangular lattice, y= 0.5099
 7778444185260\\0,1\H\H,1,1.2416712013\H,1,1.2416712013,2,131.5\H,2,1.2
 416712013,1,48.5,3,0.,0\H,2,1.2416712013,1,180.,3,0.,0\H,4,1.241671201
 3,3,180.,5,0.,0\H,6,1.2416712013,5,180.,3,0.,0\H,4,1.2416712013,2,180.
 ,3,0.,0\H,3,1.2416712013,1,180.,4,0.,0\H,9,1.2416712013,3,180.,4,0.,0\
 H,8,1.2416712013,4,180.,3,0.,0\H,7,1.2416712013,6,180.,3,0.,0\\Version
 =ES64L-G09RevE.01\State=1-AG\HF=-5.2408629\MP2=-5.6793519\RMSD=4.726e-
 09\Dipole=0.,0.,0.\Quadrupole=0.6606903,2.5117616,-3.1724519,0.,4.6696
 237,0.\PG=C02H [SGH(H12)]\\@


 TO BEHOLD HARMS OF OUR OWN HANDS DOING,
 WHERE NONE BESIDE US WROUGHT,
 CAUSES SHARP RUING...

                                         SOPHOCLES
 Job cpu time:       0 days  0 hours  0 minutes  1.1 seconds.
 File lengths (MBytes):  RWF=     84 Int=      0 D2E=      0 Chk=      2 Scr=      2
 Normal termination of Gaussian 09 at Fri Feb 17 14:56:16 2017.
