 Entering Gaussian System, Link 0=g09
 AtFile(1): H.gbs
            H     0
            S   10   1.00
               1000.000000000000            0.000068713567
                316.227766000000            0.000169141320
                100.000000000000            0.000823394812
                 31.622776600000            0.003425569236
                 10.000000000000            0.013951996000
                  3.162277660000            0.056909313560
                  1.000000000000            0.198286399900
                  0.316227766000            0.496922426700
                  0.100000000000            0.369846276400
                  0.031622776600            0.003752720039
            ****
 Initial command:
 /projects/guscus/apps/gau/g09-e1/g09/l1.exe "/users/lcj1/gaussian/h12/rhfstability/rect/guess/ag2bu4/Gau-6247.inp" -scrdir="/users/lcj1/gaussian/h12/rhfstability/rect/guess/ag2bu4/"
 Entering Link 1 = /projects/guscus/apps/gau/g09-e1/g09/l1.exe PID=      6248.
  
 Copyright (c) 1988,1990,1992,1993,1995,1998,2003,2009,2015,
            Gaussian, Inc.  All Rights Reserved.
  
 This is part of the Gaussian(R) 09 program.  It is based on
 the Gaussian(R) 03 system (copyright 2003, Gaussian, Inc.),
 the Gaussian(R) 98 system (copyright 1998, Gaussian, Inc.),
 the Gaussian(R) 94 system (copyright 1995, Gaussian, Inc.),
 the Gaussian 92(TM) system (copyright 1992, Gaussian, Inc.),
 the Gaussian 90(TM) system (copyright 1990, Gaussian, Inc.),
 the Gaussian 88(TM) system (copyright 1988, Gaussian, Inc.),
 the Gaussian 86(TM) system (copyright 1986, Carnegie Mellon
 University), and the Gaussian 82(TM) system (copyright 1983,
 Carnegie Mellon University). Gaussian is a federally registered
 trademark of Gaussian, Inc.
  
 This software contains proprietary and confidential information,
 including trade secrets, belonging to Gaussian, Inc.
  
 This software is provided under written license and may be
 used, copied, transmitted, or stored only in accord with that
 written license.
  
 The following legend is applicable only to US Government
 contracts under FAR:
  
                    RESTRICTED RIGHTS LEGEND
  
 Use, reproduction and disclosure by the US Government is
 subject to restrictions as set forth in subparagraphs (a)
 and (c) of the Commercial Computer Software - Restricted
 Rights clause in FAR 52.227-19.
  
 Gaussian, Inc.
 340 Quinnipiac St., Bldg. 40, Wallingford CT 06492
  
  
 ---------------------------------------------------------------
 Warning -- This program may not be used in any manner that
 competes with the business of Gaussian, Inc. or will provide
 assistance to any competitor of Gaussian, Inc.  The licensee
 of this program is prohibited from giving any competitor of
 Gaussian, Inc. access to this program.  By using this program,
 the user acknowledges that Gaussian, Inc. is engaged in the
 business of creating and licensing software in the field of
 computational chemistry and represents and warrants to the
 licensee that it is not a competitor of Gaussian, Inc. and that
 it will not use this program in any manner prohibited above.
 ---------------------------------------------------------------
  

 Cite this work as:
 Gaussian 09, Revision E.01,
 M. J. Frisch, G. W. Trucks, H. B. Schlegel, G. E. Scuseria, 
 M. A. Robb, J. R. Cheeseman, G. Scalmani, V. Barone, B. Mennucci, 
 G. A. Petersson, H. Nakatsuji, M. Caricato, X. Li, H. P. Hratchian, 
 A. F. Izmaylov, J. Bloino, G. Zheng, J. L. Sonnenberg, M. Hada, 
 M. Ehara, K. Toyota, R. Fukuda, J. Hasegawa, M. Ishida, T. Nakajima, 
 Y. Honda, O. Kitao, H. Nakai, T. Vreven, J. A. Montgomery, Jr., 
 J. E. Peralta, F. Ogliaro, M. Bearpark, J. J. Heyd, E. Brothers, 
 K. N. Kudin, V. N. Staroverov, T. Keith, R. Kobayashi, J. Normand, 
 K. Raghavachari, A. Rendell, J. C. Burant, S. S. Iyengar, J. Tomasi, 
 M. Cossi, N. Rega, J. M. Millam, M. Klene, J. E. Knox, J. B. Cross, 
 V. Bakken, C. Adamo, J. Jaramillo, R. Gomperts, R. E. Stratmann, 
 O. Yazyev, A. J. Austin, R. Cammi, C. Pomelli, J. W. Ochterski, 
 R. L. Martin, K. Morokuma, V. G. Zakrzewski, G. A. Voth, 
 P. Salvador, J. J. Dannenberg, S. Dapprich, A. D. Daniels, 
 O. Farkas, J. B. Foresman, J. V. Ortiz, J. Cioslowski, 
 and D. J. Fox, Gaussian, Inc., Wallingford CT, 2013.
 
 ******************************************
 Gaussian 09:  ES64L-G09RevE.01 30-Nov-2015
                17-Feb-2017 
 ******************************************
 %chk=h12.chk
 ----------------------------------------------------------------------
 #rhf/gen scf(symm,tight,novaracc,noincfock,fulldiag) stable(crhf) gues
 s=read geom=nocrowd test
 ----------------------------------------------------------------------
 1/38=1/1;
 2/12=1,17=6,18=5,40=1/2;
 3/5=7,16=1,25=1,30=1,116=1/1,2,3;
 4/5=1,9=4/1;
 5/5=100002,15=2,16=1,32=2,38=6/2;
 8/6=1,10=90,11=11/1,4;
 9/8=4,13=1/2;
 6/7=2,8=2,9=2,10=2,28=1/1;
 99/5=1,9=1/99;
 ----------------------------------------------------------------------
 hf stability analysis of h12 triangular lattice, y= 1.3135898396745678
 ----------------------------------------------------------------------
 Symbolic Z-matrix:
 Charge =  0 Multiplicity = 1
 H
 H                    1     1.38517 
 H                    1     1.38517  2     37. 
 H                    2     1.38517  1     143.     3     0.       0
 H                    2     1.38517  1     180.     3     0.       0
 H                    4     1.38517  3     180.     5     0.       0
 H                    6     1.38517  5     180.     3     0.       0
 H                    4     1.38517  2     180.     3     0.       0
 H                    3     1.38517  1     180.     4     0.       0
 H                    9     1.38517  3     180.     4     0.       0
 H                    8     1.38517  4     180.     3     0.       0
 H                    7     1.38517  6     180.     3     0.       0
 
                          Input orientation:                          
 ---------------------------------------------------------------------
 Center     Atomic      Atomic             Coordinates (Angstroms)
 Number     Number       Type             X           Y           Z
 ---------------------------------------------------------------------
      1          1           0        0.000000    0.000000    0.000000
      2          1           0        0.000000    0.000000    1.385170
      3          1           0        0.833616    0.000000    1.106246
      4          1           0        0.833616    0.000000    2.491417
      5          1           0        0.000000    0.000000    2.770341
      6          1           0        0.833616    0.000000    3.876587
      7          1           0        1.667233    0.000000    4.982833
      8          1           0        1.667233    0.000000    3.597663
      9          1           0        1.667233    0.000000    2.212492
     10          1           0        2.500849    0.000000    3.318739
     11          1           0        2.500849    0.000000    4.703909
     12          1           0        2.500849    0.000000    6.089079
 ---------------------------------------------------------------------
                    Distance matrix (angstroms):
                    1          2          3          4          5
     1  H    0.000000
     2  H    1.385170   0.000000
     3  H    1.385170   0.879042   0.000000
     4  H    2.627180   1.385170   1.385170   0.000000
     5  H    2.770341   1.385170   1.861216   0.879042   0.000000
     6  H    3.965204   2.627180   2.770341   1.385170   1.385170
     7  H    5.254359   3.965204   3.965204   2.627180   2.770341
     8  H    3.965204   2.770341   2.627180   1.385170   1.861216
     9  H    2.770341   1.861216   1.385170   0.879042   1.758084
    10  H    4.155511   3.161160   2.770341   1.861216   2.560271
    11  H    5.327383   4.155511   3.965204   2.770341   3.161160
    12  H    6.582639   5.327383   5.254359   3.965204   4.155511
                    6          7          8          9         10
     6  H    0.000000
     7  H    1.385170   0.000000
     8  H    0.879042   1.385170   0.000000
     9  H    1.861216   2.770341   1.385170   0.000000
    10  H    1.758084   1.861216   0.879042   1.385170   0.000000
    11  H    1.861216   0.879042   1.385170   2.627180   1.385170
    12  H    2.770341   1.385170   2.627180   3.965204   2.770341
                   11         12
    11  H    0.000000
    12  H    1.385170   0.000000
 Stoichiometry    H12
 Framework group  C2H[SGH(H12)]
 Deg. of freedom    11
 Full point group                 C2H     NOp   4
 Largest Abelian subgroup         C2H     NOp   4
 Largest concise Abelian subgroup C2      NOp   2
                         Standard orientation:                         
 ---------------------------------------------------------------------
 Center     Atomic      Atomic             Coordinates (Angstroms)
 Number     Number       Type             X           Y           Z
 ---------------------------------------------------------------------
      1          1           0        0.833616    3.184002    0.000000
      2          1           0        0.000000    2.077756    0.000000
      3          1           0        0.833616    1.798831    0.000000
      4          1           0        0.000000    0.692585    0.000000
      5          1           0       -0.833616    0.971509   -0.000000
      6          1           0       -0.833616   -0.413661   -0.000000
      7          1           0       -0.833616   -1.798831    0.000000
      8          1           0       -0.000000   -0.692585    0.000000
      9          1           0        0.833616    0.413661   -0.000000
     10          1           0        0.833616   -0.971509    0.000000
     11          1           0       -0.000000   -2.077756    0.000000
     12          1           0       -0.833616   -3.184002    0.000000
 ---------------------------------------------------------------------
 Rotational constants (GHZ):    125.8163743     12.4912781     11.3631263
 General basis read from cards:  (5D, 7F)
 There are     6 symmetry adapted cartesian basis functions of AG  symmetry.
 There are     0 symmetry adapted cartesian basis functions of BG  symmetry.
 There are     0 symmetry adapted cartesian basis functions of AU  symmetry.
 There are     6 symmetry adapted cartesian basis functions of BU  symmetry.
 There are     6 symmetry adapted basis functions of AG  symmetry.
 There are     0 symmetry adapted basis functions of BG  symmetry.
 There are     0 symmetry adapted basis functions of AU  symmetry.
 There are     6 symmetry adapted basis functions of BU  symmetry.
    12 basis functions,   120 primitive gaussians,    12 cartesian basis functions
     6 alpha electrons        6 beta electrons
       nuclear repulsion energy        18.1555719783 Hartrees.
 NAtoms=   12 NActive=   12 NUniq=    6 SFac= 4.00D+00 NAtFMM=   60 NAOKFM=F Big=F
 Integral buffers will be    131072 words long.
 Regular integral format.
 Two-electron integral symmetry is turned on.
 One-electron integrals computed using PRISM.
 NBasis=    12 RedAO= T EigKep=  1.41D-01  NBF=     6     0     0     6
 NBsUse=    12 1.00D-06 EigRej= -1.00D+00 NBFU=     6     0     0     6
 Initial guess from the checkpoint file:  "h12.chk"
 B after Tr=     0.000000   -0.000000    0.000000
         Rot=    0.999999    0.000000   -0.000000   -0.001518 Ang=  -0.17 deg.
 Initial guess orbital symmetries:
       Occupied  (AG) (BU) (AG) (BU) (BU) (BU)
       Virtual   (AG) (AG) (BU) (AG) (AG) (BU)
 Keep R1 ints in memory in symmetry-blocked form, NReq=900144.
 Requested convergence on RMS density matrix=1.00D-08 within 128 cycles.
 Requested convergence on MAX density matrix=1.00D-06.
 Requested convergence on             energy=1.00D-06.
 No special actions if energy rises.
 SCF Done:  E(RHF) =  -5.60941825524     A.U. after    8 cycles
            NFock=  8  Conv=0.19D-08     -V/T= 1.8331
 Range of M.O.s used for correlation:     1    12
 NBasis=    12 NAE=     6 NBE=     6 NFC=     0 NFV=     0
 NROrb=     12 NOA=     6 NOB=     6 NVA=     6 NVB=     6

 **** Warning!!: The smallest alpha delta epsilon is  0.33453936D-01

 Semi-Direct transformation.
 ModeAB=           4 MOrb=             6 LenV=     134088217
 LASXX=         2181 LTotXX=        2181 LenRXX=        5115
 LTotAB=        2934 MaxLAS=        3024 LenRXY=           0
 NonZer=        7296 LenScr=      655360 LnRSAI=        3024
 LnScr1=      655360 LExtra=           0 Total=      1318859
 MaxDsk=          -1 SrtSym=           T ITran=            3
 JobTyp=0 Pass  1:  I=   1 to   6.
 (rs|ai) integrals will be sorted in core.
 Spin components of T(2) and E(2):
     alpha-alpha T2 =       0.9918372067D-02 E2=     -0.8562164059D-02
     alpha-beta  T2 =       0.4954747129D+01 E2=     -0.6161768475D+00
     beta-beta   T2 =       0.9918372067D-02 E2=     -0.8562164059D-02
 ANorm=    0.2444296192D+01
 E2 =    -0.6333011756D+00 EUMP2 =    -0.62427194308647D+01
 Second order stability test of a single determinant RHF wave function:
 Stabil:  MDV=134217728
 ***********************************************************************
 Matrix         Lowest Root    Major Pairs
 ***********************************************************************
 Internal RHF    -0.1503555    6A=7A 6A=8A
 RRHF --> CRHF   -0.1690536    6A=7A 6A=8A
 RRHF --> RUHF   -0.5273973    6A=8B 6A=7B
 Not stable.
 ***********************************************************************

 **********************************************************************

            Population analysis using the SCF density.

 **********************************************************************

 Orbital symmetries:
       Occupied  (AG) (BU) (AG) (BU) (BU) (BU)
       Virtual   (AG) (AG) (BU) (AG) (AG) (BU)
 The electronic state is 1-AG.
 Alpha  occ. eigenvalues --   -0.90276  -0.75563  -0.59759  -0.50232  -0.43015
 Alpha  occ. eigenvalues --   -0.06925
 Alpha virt. eigenvalues --   -0.03579  -0.00864   0.35544   0.38819   0.52472
 Alpha virt. eigenvalues --    0.70936
          Condensed to atoms (all electrons):
               1          2          3          4          5          6
     1  H    1.366334  -0.152829  -0.105587   0.010002   0.006626  -0.002114
     2  H   -0.152829   0.974870   0.565142  -0.213073  -0.094373   0.027233
     3  H   -0.105587   0.565142   0.764269  -0.168767  -0.080149   0.002581
     4  H    0.010002  -0.213073  -0.168767   1.143584   0.371418  -0.155088
     5  H    0.006626  -0.094373  -0.080149   0.371418   0.654526   0.129752
     6  H   -0.002114   0.027233   0.002581  -0.155088   0.129752   0.984980
     7  H    0.000686  -0.003172  -0.002584   0.019186   0.015289  -0.091168
     8  H   -0.002932   0.023557   0.019186  -0.250691  -0.075073   0.447519
     9  H    0.005561  -0.118663  -0.091168   0.447519  -0.046537  -0.210092
    10  H   -0.001448   0.004174   0.015289  -0.075073  -0.058518  -0.046537
    11  H    0.000756  -0.003516  -0.003172   0.023557   0.004174  -0.118663
    12  H   -0.000177   0.000756   0.000686  -0.002932  -0.001448   0.005561
               7          8          9         10         11         12
     1  H    0.000686  -0.002932   0.005561  -0.001448   0.000756  -0.000177
     2  H   -0.003172   0.023557  -0.118663   0.004174  -0.003516   0.000756
     3  H   -0.002584   0.019186  -0.091168   0.015289  -0.003172   0.000686
     4  H    0.019186  -0.250691   0.447519  -0.075073   0.023557  -0.002932
     5  H    0.015289  -0.075073  -0.046537  -0.058518   0.004174  -0.001448
     6  H   -0.091168   0.447519  -0.210092  -0.046537  -0.118663   0.005561
     7  H    0.764269  -0.168767   0.002581  -0.080149   0.565142  -0.105587
     8  H   -0.168767   1.143584  -0.155088   0.371418  -0.213073   0.010002
     9  H    0.002581  -0.155088   0.984980   0.129752   0.027233  -0.002114
    10  H   -0.080149   0.371418   0.129752   0.654526  -0.094373   0.006626
    11  H    0.565142  -0.213073   0.027233  -0.094373   0.974870  -0.152829
    12  H   -0.105587   0.010002  -0.002114   0.006626  -0.152829   1.366334
 Mulliken charges:
               1
     1  H   -0.124878
     2  H   -0.010105
     3  H    0.084274
     4  H   -0.149643
     5  H    0.174314
     6  H    0.026037
     7  H    0.084274
     8  H   -0.149643
     9  H    0.026037
    10  H    0.174314
    11  H   -0.010105
    12  H   -0.124878
 Sum of Mulliken charges =   0.00000
 Mulliken charges with hydrogens summed into heavy atoms:
               1
 Electronic spatial extent (au):  <R**2>=            202.0618
 Charge=              0.0000 electrons
 Dipole moment (field-independent basis, Debye):
    X=              0.0000    Y=              0.0000    Z=             -0.0000  Tot=              0.0000
 Quadrupole moment (field-independent basis, Debye-Ang):
   XX=            -14.8666   YY=            -29.9415   ZZ=            -15.0064
   XY=             -5.4951   XZ=              0.0000   YZ=              0.0000
 Traceless Quadrupole moment (field-independent basis, Debye-Ang):
   XX=              5.0716   YY=            -10.0033   ZZ=              4.9318
   XY=             -5.4951   XZ=              0.0000   YZ=              0.0000
 Octapole moment (field-independent basis, Debye-Ang**2):
  XXX=              0.0000  YYY=              0.0000  ZZZ=             -0.0000  XYY=              0.0000
  XXY=              0.0000  XXZ=             -0.0000  XZZ=              0.0000  YZZ=              0.0000
  YYZ=             -0.0000  XYZ=             -0.0000
 Hexadecapole moment (field-independent basis, Debye-Ang**3):
 XXXX=            -61.2974 YYYY=           -545.7731 ZZZZ=            -17.7556 XXXY=            -35.3205
 XXXZ=              0.0000 YYYX=            -92.1872 YYYZ=              0.0000 ZZZX=              0.0000
 ZZZY=              0.0000 XXYY=            -76.5637 XXZZ=            -13.3106 YYZZ=            -59.5150
 XXYZ=              0.0000 YYXZ=              0.0000 ZZXY=            -10.9798
 N-N= 1.815557197833D+01 E-N=-4.774795681646D+01  KE= 6.733364555252D+00
 Symmetry AG   KE= 1.506799962600D+00
 Symmetry BG   KE= 0.000000000000D+00
 Symmetry AU   KE= 0.000000000000D+00
 Symmetry BU   KE= 5.226564592652D+00

 Test job not archived.
 1\1\GINC-SULU\Stability\RHF\Gen\H12\LCJ1\17-Feb-2017\0\\#rhf/gen scf(s
 ymm,tight,novaracc,noincfock,fulldiag) stable(crhf) guess=read geom=no
 crowd test\\hf stability analysis of h12 triangular lattice, y= 1.3135
 898396745678\\0,1\H\H,1,1.3851703658\H,1,1.3851703658,2,37.\H,2,1.3851
 703658,1,143.,3,0.,0\H,2,1.3851703658,1,180.,3,0.,0\H,4,1.3851703658,3
 ,180.,5,0.,0\H,6,1.3851703658,5,180.,3,0.,0\H,4,1.3851703658,2,180.,3,
 0.,0\H,3,1.3851703658,1,180.,4,0.,0\H,9,1.3851703658,3,180.,4,0.,0\H,8
 ,1.3851703658,4,180.,3,0.,0\H,7,1.3851703658,6,180.,3,0.,0\\Version=ES
 64L-G09RevE.01\State=1-AG\HF=-5.6094183\MP2=-6.2427194\RMSD=1.922e-09\
 Dipole=0.,0.,0.\Quadrupole=3.6384909,3.6666603,-7.3051512,0.,-4.260721
 4,0.\PG=C02H [SGH(H12)]\\@


 WHAT THE SLIME CONTAINS, THE GLOWING REVEALS
 BY THE FLAME'S BRIGHT HUE WHEN YOU IGNITE IT.
   --  LEONARD THURNEYSSER, 1531-1596
 DESCRIBING HIS FLAME PHOTOLYSIS ANALYTIC METHOD
 Job cpu time:       0 days  0 hours  0 minutes  1.0 seconds.
 File lengths (MBytes):  RWF=     84 Int=      0 D2E=      0 Chk=      2 Scr=      2
 Normal termination of Gaussian 09 at Fri Feb 17 15:06:07 2017.
