 Entering Gaussian System, Link 0=g09
 AtFile(1): H.gbs
            H     0
            S   10   1.00
               1000.000000000000            0.000068713567
                316.227766000000            0.000169141320
                100.000000000000            0.000823394812
                 31.622776600000            0.003425569236
                 10.000000000000            0.013951996000
                  3.162277660000            0.056909313560
                  1.000000000000            0.198286399900
                  0.316227766000            0.496922426700
                  0.100000000000            0.369846276400
                  0.031622776600            0.003752720039
            ****
 Initial command:
 /projects/guscus/apps/gau/g09-e1/g09/l1.exe "/users/lcj1/gaussian/h12/rhfstability/rect/guess/ag2bu4/Gau-28874.inp" -scrdir="/users/lcj1/gaussian/h12/rhfstability/rect/guess/ag2bu4/"
 Entering Link 1 = /projects/guscus/apps/gau/g09-e1/g09/l1.exe PID=     28875.
  
 Copyright (c) 1988,1990,1992,1993,1995,1998,2003,2009,2015,
            Gaussian, Inc.  All Rights Reserved.
  
 This is part of the Gaussian(R) 09 program.  It is based on
 the Gaussian(R) 03 system (copyright 2003, Gaussian, Inc.),
 the Gaussian(R) 98 system (copyright 1998, Gaussian, Inc.),
 the Gaussian(R) 94 system (copyright 1995, Gaussian, Inc.),
 the Gaussian 92(TM) system (copyright 1992, Gaussian, Inc.),
 the Gaussian 90(TM) system (copyright 1990, Gaussian, Inc.),
 the Gaussian 88(TM) system (copyright 1988, Gaussian, Inc.),
 the Gaussian 86(TM) system (copyright 1986, Carnegie Mellon
 University), and the Gaussian 82(TM) system (copyright 1983,
 Carnegie Mellon University). Gaussian is a federally registered
 trademark of Gaussian, Inc.
  
 This software contains proprietary and confidential information,
 including trade secrets, belonging to Gaussian, Inc.
  
 This software is provided under written license and may be
 used, copied, transmitted, or stored only in accord with that
 written license.
  
 The following legend is applicable only to US Government
 contracts under FAR:
  
                    RESTRICTED RIGHTS LEGEND
  
 Use, reproduction and disclosure by the US Government is
 subject to restrictions as set forth in subparagraphs (a)
 and (c) of the Commercial Computer Software - Restricted
 Rights clause in FAR 52.227-19.
  
 Gaussian, Inc.
 340 Quinnipiac St., Bldg. 40, Wallingford CT 06492
  
  
 ---------------------------------------------------------------
 Warning -- This program may not be used in any manner that
 competes with the business of Gaussian, Inc. or will provide
 assistance to any competitor of Gaussian, Inc.  The licensee
 of this program is prohibited from giving any competitor of
 Gaussian, Inc. access to this program.  By using this program,
 the user acknowledges that Gaussian, Inc. is engaged in the
 business of creating and licensing software in the field of
 computational chemistry and represents and warrants to the
 licensee that it is not a competitor of Gaussian, Inc. and that
 it will not use this program in any manner prohibited above.
 ---------------------------------------------------------------
  

 Cite this work as:
 Gaussian 09, Revision E.01,
 M. J. Frisch, G. W. Trucks, H. B. Schlegel, G. E. Scuseria, 
 M. A. Robb, J. R. Cheeseman, G. Scalmani, V. Barone, B. Mennucci, 
 G. A. Petersson, H. Nakatsuji, M. Caricato, X. Li, H. P. Hratchian, 
 A. F. Izmaylov, J. Bloino, G. Zheng, J. L. Sonnenberg, M. Hada, 
 M. Ehara, K. Toyota, R. Fukuda, J. Hasegawa, M. Ishida, T. Nakajima, 
 Y. Honda, O. Kitao, H. Nakai, T. Vreven, J. A. Montgomery, Jr., 
 J. E. Peralta, F. Ogliaro, M. Bearpark, J. J. Heyd, E. Brothers, 
 K. N. Kudin, V. N. Staroverov, T. Keith, R. Kobayashi, J. Normand, 
 K. Raghavachari, A. Rendell, J. C. Burant, S. S. Iyengar, J. Tomasi, 
 M. Cossi, N. Rega, J. M. Millam, M. Klene, J. E. Knox, J. B. Cross, 
 V. Bakken, C. Adamo, J. Jaramillo, R. Gomperts, R. E. Stratmann, 
 O. Yazyev, A. J. Austin, R. Cammi, C. Pomelli, J. W. Ochterski, 
 R. L. Martin, K. Morokuma, V. G. Zakrzewski, G. A. Voth, 
 P. Salvador, J. J. Dannenberg, S. Dapprich, A. D. Daniels, 
 O. Farkas, J. B. Foresman, J. V. Ortiz, J. Cioslowski, 
 and D. J. Fox, Gaussian, Inc., Wallingford CT, 2013.
 
 ******************************************
 Gaussian 09:  ES64L-G09RevE.01 30-Nov-2015
                17-Feb-2017 
 ******************************************
 %chk=h12.chk
 ----------------------------------------------------------------------
 #rhf/gen scf(symm,tight,novaracc,noincfock,fulldiag) stable(crhf) gues
 s=read geom=nocrowd test
 ----------------------------------------------------------------------
 1/38=1/1;
 2/12=1,17=6,18=5,40=1/2;
 3/5=7,16=1,25=1,30=1,116=1/1,2,3;
 4/5=1,9=4/1;
 5/5=100002,15=2,16=1,32=2,38=6/2;
 8/6=1,10=90,11=11/1,4;
 9/8=4,13=1/2;
 6/7=2,8=2,9=2,10=2,28=1/1;
 99/5=1,9=1/99;
 ----------------------------------------------------------------------
 hf stability analysis of h12 triangular lattice, y= 0.8519558688473642
 9
 ----------------------------------------------------------------------
 Symbolic Z-matrix:
 Charge =  0 Multiplicity = 1
 H
 H                    1     1.08861 
 H                    1     1.08861  2     77. 
 H                    2     1.08861  1     103.     3     0.       0
 H                    2     1.08861  1     180.     3     0.       0
 H                    4     1.08861  3     180.     5     0.       0
 H                    6     1.08861  5     180.     3     0.       0
 H                    4     1.08861  2     180.     3     0.       0
 H                    3     1.08861  1     180.     4     0.       0
 H                    9     1.08861  3     180.     4     0.       0
 H                    8     1.08861  4     180.     3     0.       0
 H                    7     1.08861  6     180.     3     0.       0
 
                          Input orientation:                          
 ---------------------------------------------------------------------
 Center     Atomic      Atomic             Coordinates (Angstroms)
 Number     Number       Type             X           Y           Z
 ---------------------------------------------------------------------
      1          1           0        0.000000    0.000000    0.000000
      2          1           0        0.000000    0.000000    1.088611
      3          1           0        1.060710    0.000000    0.244884
      4          1           0        1.060710    0.000000    1.333495
      5          1           0        0.000000    0.000000    2.177222
      6          1           0        1.060710    0.000000    2.422106
      7          1           0        2.121420    0.000000    2.666990
      8          1           0        2.121420    0.000000    1.578379
      9          1           0        2.121420    0.000000    0.489768
     10          1           0        3.182130    0.000000    0.734653
     11          1           0        3.182130    0.000000    1.823264
     12          1           0        3.182130    0.000000    2.911875
 ---------------------------------------------------------------------
                    Distance matrix (angstroms):
                    1          2          3          4          5
     1  H    0.000000
     2  H    1.088611   0.000000
     3  H    1.088611   1.355353   0.000000
     4  H    1.703912   1.088611   1.088611   0.000000
     5  H    2.177222   1.088611   2.204322   1.355353   0.000000
     6  H    2.644183   1.703912   2.177222   1.088611   1.088611
     7  H    3.407823   2.644183   2.644183   1.703912   2.177222
     8  H    2.644183   2.177222   1.703912   1.088611   2.204322
     9  H    2.177222   2.204322   1.088611   1.355353   2.710705
    10  H    3.265833   3.201755   2.177222   2.204322   3.493846
    11  H    3.667457   3.265833   2.644183   2.177222   3.201755
    12  H    4.313347   3.667457   3.407823   2.644183   3.265833
                    6          7          8          9         10
     6  H    0.000000
     7  H    1.088611   0.000000
     8  H    1.355353   1.088611   0.000000
     9  H    2.204322   2.177222   1.088611   0.000000
    10  H    2.710705   2.204322   1.355353   1.088611   0.000000
    11  H    2.204322   1.355353   1.088611   1.703912   1.088611
    12  H    2.177222   1.088611   1.703912   2.644183   2.177222
                   11         12
    11  H    0.000000
    12  H    1.088611   0.000000
 Stoichiometry    H12
 Framework group  C2H[SGH(H12)]
 Deg. of freedom    11
 Full point group                 C2H     NOp   4
 Largest Abelian subgroup         C2H     NOp   4
 Largest concise Abelian subgroup C2      NOp   2
                         Standard orientation:                         
 ---------------------------------------------------------------------
 Center     Atomic      Atomic             Coordinates (Angstroms)
 Number     Number       Type             X           Y           Z
 ---------------------------------------------------------------------
      1          1           0        1.060710    1.877801    0.000000
      2          1           0        0.000000    1.632917   -0.000000
      3          1           0        1.060710    0.789190    0.000000
      4          1           0        0.000000    0.544306   -0.000000
      5          1           0       -1.060710    1.388032   -0.000000
      6          1           0       -1.060710    0.299421   -0.000000
      7          1           0       -1.060710   -0.789190    0.000000
      8          1           0       -0.000000   -0.544306   -0.000000
      9          1           0        1.060710   -0.299421   -0.000000
     10          1           0        1.060710   -1.388032   -0.000000
     11          1           0       -0.000000   -1.632917   -0.000000
     12          1           0       -1.060710   -1.877801   -0.000000
 ---------------------------------------------------------------------
 Rotational constants (GHZ):     58.6107423     26.8143264     18.3974985
 General basis read from cards:  (5D, 7F)
 There are     6 symmetry adapted cartesian basis functions of AG  symmetry.
 There are     0 symmetry adapted cartesian basis functions of BG  symmetry.
 There are     0 symmetry adapted cartesian basis functions of AU  symmetry.
 There are     6 symmetry adapted cartesian basis functions of BU  symmetry.
 There are     6 symmetry adapted basis functions of AG  symmetry.
 There are     0 symmetry adapted basis functions of BG  symmetry.
 There are     0 symmetry adapted basis functions of AU  symmetry.
 There are     6 symmetry adapted basis functions of BU  symmetry.
    12 basis functions,   120 primitive gaussians,    12 cartesian basis functions
     6 alpha electrons        6 beta electrons
       nuclear repulsion energy        20.0620040598 Hartrees.
 NAtoms=   12 NActive=   12 NUniq=    6 SFac= 4.00D+00 NAtFMM=   60 NAOKFM=F Big=F
 Integral buffers will be    131072 words long.
 Regular integral format.
 Two-electron integral symmetry is turned on.
 One-electron integrals computed using PRISM.
 NBasis=    12 RedAO= T EigKep=  1.20D-01  NBF=     6     0     0     6
 NBsUse=    12 1.00D-06 EigRej= -1.00D+00 NBFU=     6     0     0     6
 Initial guess from the checkpoint file:  "h12.chk"
 B after Tr=    -0.000000    0.000000   -0.000000
         Rot=    0.999999    0.000000    0.000000   -0.001518 Ang=  -0.17 deg.
 Initial guess orbital symmetries:
       Occupied  (AG) (BU) (BU) (AG) (BU) (BU)
       Virtual   (AG) (AG) (BU) (AG) (AG) (BU)
 Keep R1 ints in memory in symmetry-blocked form, NReq=903672.
 Requested convergence on RMS density matrix=1.00D-08 within 128 cycles.
 Requested convergence on MAX density matrix=1.00D-06.
 Requested convergence on             energy=1.00D-06.
 No special actions if energy rises.
 SCF Done:  E(RHF) =  -5.04981782224     A.U. after   10 cycles
            NFock= 10  Conv=0.86D-08     -V/T= 1.6704
 Range of M.O.s used for correlation:     1    12
 NBasis=    12 NAE=     6 NBE=     6 NFC=     0 NFV=     0
 NROrb=     12 NOA=     6 NOB=     6 NVA=     6 NVB=     6

 **** Warning!!: The smallest alpha delta epsilon is -0.13379041D+00

 Semi-Direct transformation.
 ModeAB=           4 MOrb=             6 LenV=     134084367
 LASXX=         2181 LTotXX=        2181 LenRXX=        5115
 LTotAB=        2934 MaxLAS=        3024 LenRXY=           0
 NonZer=        7296 LenScr=      655360 LnRSAI=        3024
 LnScr1=      655360 LExtra=           0 Total=      1318859
 MaxDsk=          -1 SrtSym=           T ITran=            3
 JobTyp=0 Pass  1:  I=   1 to   6.
 (rs|ai) integrals will be sorted in core.
 Spin components of T(2) and E(2):
     alpha-alpha T2 =       0.1389237177D-01 E2=     -0.1528433897D-01
     alpha-beta  T2 =       0.1139166983D+01 E2=     -0.1378079454D+00
     beta-beta   T2 =       0.1389237177D-01 E2=     -0.1528433897D-01
 ANorm=    0.1472056971D+01
 E2 =    -0.1683766233D+00 EUMP2 =    -0.52181944455794D+01
 Second order stability test of a single determinant RHF wave function:
 Stabil:  MDV=134217728
 ***********************************************************************
 Matrix         Lowest Root    Major Pairs
 ***********************************************************************
 Internal RHF    -0.3252358    6A=7A 5A=7A 3A=7A
 RRHF --> CRHF   -0.3860591    6A=7A
 RRHF --> RUHF   -0.5519892    6A=7B
 Not stable.
 ***********************************************************************

 **********************************************************************

            Population analysis using the SCF density.

 **********************************************************************

 Orbital symmetries:
       Occupied  (AG) (BU) (BU) (AG) (BU) (BU)
       Virtual   (AG) (AG) (BU) (AG) (AG) (BU)
 The electronic state is 1-AG.
 Alpha  occ. eigenvalues --   -0.90596  -0.73209  -0.60216  -0.50064  -0.18858
 Alpha  occ. eigenvalues --   -0.08030
 Alpha virt. eigenvalues --   -0.21409   0.07550   0.28726   0.40559   0.59881
 Alpha virt. eigenvalues --    0.90474
          Condensed to atoms (all electrons):
               1          2          3          4          5          6
     1  H    1.393223   0.324742  -0.186780  -0.214657  -0.080501   0.015096
     2  H    0.324742   0.975444  -0.108563  -0.422437   0.327927  -0.219202
     3  H   -0.186780  -0.108563   0.809939   0.550813  -0.032382   0.017671
     4  H   -0.214657  -0.422437   0.550813   1.826536  -0.159248   0.594725
     5  H   -0.080501   0.327927  -0.032382  -0.159248   0.980558  -0.433639
     6  H    0.015096  -0.219202   0.017671   0.594725  -0.433639   1.692026
     7  H    0.012880   0.034665  -0.071555  -0.262952   0.042154  -0.028346
     8  H    0.031187   0.073905  -0.262952  -0.741809   0.057089  -0.245511
     9  H   -0.112798   0.042555  -0.028346  -0.245511   0.061172  -0.204205
    10  H    0.025076  -0.017105   0.042154   0.057089  -0.026819   0.061172
    11  H    0.002757  -0.008105   0.034665   0.073905  -0.017105   0.042555
    12  H   -0.005813   0.002757   0.012880   0.031187   0.025076  -0.112798
               7          8          9         10         11         12
     1  H    0.012880   0.031187  -0.112798   0.025076   0.002757  -0.005813
     2  H    0.034665   0.073905   0.042555  -0.017105  -0.008105   0.002757
     3  H   -0.071555  -0.262952  -0.028346   0.042154   0.034665   0.012880
     4  H   -0.262952  -0.741809  -0.245511   0.057089   0.073905   0.031187
     5  H    0.042154   0.057089   0.061172  -0.026819  -0.017105   0.025076
     6  H   -0.028346  -0.245511  -0.204205   0.061172   0.042555  -0.112798
     7  H    0.809939   0.550813   0.017671  -0.032382  -0.108563  -0.186780
     8  H    0.550813   1.826536   0.594725  -0.159248  -0.422437  -0.214657
     9  H    0.017671   0.594725   1.692026  -0.433639  -0.219202   0.015096
    10  H   -0.032382  -0.159248  -0.433639   0.980558   0.327927  -0.080501
    11  H   -0.108563  -0.422437  -0.219202   0.327927   0.975444   0.324742
    12  H   -0.186780  -0.214657   0.015096  -0.080501   0.324742   1.393223
 Mulliken charges:
               1
     1  H   -0.204411
     2  H   -0.006582
     3  H    0.222457
     4  H   -0.087641
     5  H    0.255720
     6  H   -0.179543
     7  H    0.222457
     8  H   -0.087641
     9  H   -0.179543
    10  H    0.255720
    11  H   -0.006582
    12  H   -0.204411
 Sum of Mulliken charges =  -0.00000
 Mulliken charges with hydrogens summed into heavy atoms:
               1
 Electronic spatial extent (au):  <R**2>=            136.2797
 Charge=             -0.0000 electrons
 Dipole moment (field-independent basis, Debye):
    X=             -0.0000    Y=              0.0000    Z=             -0.0000  Tot=              0.0000
 Quadrupole moment (field-independent basis, Debye-Ang):
   XX=            -13.0689   YY=            -24.8109   ZZ=            -14.5016
   XY=             -5.4896   XZ=             -0.0000   YZ=             -0.0000
 Traceless Quadrupole moment (field-independent basis, Debye-Ang):
   XX=              4.3916   YY=             -7.3505   ZZ=              2.9589
   XY=             -5.4896   XZ=             -0.0000   YZ=             -0.0000
 Octapole moment (field-independent basis, Debye-Ang**2):
  XXX=             -0.0000  YYY=              0.0000  ZZZ=              0.0000  XYY=             -0.0000
  XXY=             -0.0000  XXZ=              0.0000  XZZ=              0.0000  YZZ=              0.0000
  YYZ=              0.0000  XYZ=              0.0000
 Hexadecapole moment (field-independent basis, Debye-Ang**3):
 XXXX=            -78.0124 YYYY=           -243.7690 ZZZZ=            -16.8097 XXXY=            -18.0617
 XXXZ=              0.0000 YYYX=            -37.6883 YYYZ=             -0.0000 ZZZX=              0.0000
 ZZZY=             -0.0000 XXYY=            -47.9928 XXZZ=            -16.4691 YYZZ=            -32.1933
 XXYZ=             -0.0000 YYXZ=             -0.0000 ZZXY=             -4.2029
 N-N= 2.006200405978D+01 E-N=-5.173728978441D+01  KE= 7.533088238292D+00
 Symmetry AG   KE= 1.633022980975D+00
 Symmetry BG   KE= 0.000000000000D+00
 Symmetry AU   KE= 0.000000000000D+00
 Symmetry BU   KE= 5.900065257317D+00

 Test job not archived.
 1\1\GINC-SULU\Stability\RHF\Gen\H12\LCJ1\17-Feb-2017\0\\#rhf/gen scf(s
 ymm,tight,novaracc,noincfock,fulldiag) stable(crhf) guess=read geom=no
 crowd test\\hf stability analysis of h12 triangular lattice, y= 0.8519
 5586884736429\\0,1\H\H,1,1.0886110047\H,1,1.0886110047,2,77.\H,2,1.088
 6110047,1,103.,3,0.,0\H,2,1.0886110047,1,180.,3,0.,0\H,4,1.0886110047,
 3,180.,5,0.,0\H,6,1.0886110047,5,180.,3,0.,0\H,4,1.0886110047,2,180.,3
 ,0.,0\H,3,1.0886110047,1,180.,4,0.,0\H,9,1.0886110047,3,180.,4,0.,0\H,
 8,1.0886110047,4,180.,3,0.,0\H,7,1.0886110047,6,180.,3,0.,0\\Version=E
 S64L-G09RevE.01\State=1-AG\HF=-5.0498178\MP2=-5.2181944\RMSD=8.556e-09
 \Dipole=0.,0.,0.\Quadrupole=-3.2339606,2.1998709,1.0340898,0.,-5.58181
 12,0.\PG=C02H [SGH(H12)]\\@


 TIME IS NATURE'S WAY OF MAKING SURE EVERYTHING
 DOESN'T HAPPEN AT ONCE.
                     - WOODY ALLEN
 Job cpu time:       0 days  0 hours  0 minutes  1.1 seconds.
 File lengths (MBytes):  RWF=     84 Int=      0 D2E=      0 Chk=      2 Scr=      2
 Normal termination of Gaussian 09 at Fri Feb 17 15:02:00 2017.
