 Entering Gaussian System, Link 0=g09
 AtFile(1): H.gbs
            H     0
            S   10   1.00
               1000.000000000000            0.000068713567
                316.227766000000            0.000169141320
                100.000000000000            0.000823394812
                 31.622776600000            0.003425569236
                 10.000000000000            0.013951996000
                  3.162277660000            0.056909313560
                  1.000000000000            0.198286399900
                  0.316227766000            0.496922426700
                  0.100000000000            0.369846276400
                  0.031622776600            0.003752720039
            ****
 Initial command:
 /projects/guscus/apps/gau/g09-e1/g09/l1.exe "/users/lcj1/gaussian/h12/rhfstability/rect/guess/ag2bu4/Gau-27803.inp" -scrdir="/users/lcj1/gaussian/h12/rhfstability/rect/guess/ag2bu4/"
 Entering Link 1 = /projects/guscus/apps/gau/g09-e1/g09/l1.exe PID=     27805.
  
 Copyright (c) 1988,1990,1992,1993,1995,1998,2003,2009,2015,
            Gaussian, Inc.  All Rights Reserved.
  
 This is part of the Gaussian(R) 09 program.  It is based on
 the Gaussian(R) 03 system (copyright 2003, Gaussian, Inc.),
 the Gaussian(R) 98 system (copyright 1998, Gaussian, Inc.),
 the Gaussian(R) 94 system (copyright 1995, Gaussian, Inc.),
 the Gaussian 92(TM) system (copyright 1992, Gaussian, Inc.),
 the Gaussian 90(TM) system (copyright 1990, Gaussian, Inc.),
 the Gaussian 88(TM) system (copyright 1988, Gaussian, Inc.),
 the Gaussian 86(TM) system (copyright 1986, Carnegie Mellon
 University), and the Gaussian 82(TM) system (copyright 1983,
 Carnegie Mellon University). Gaussian is a federally registered
 trademark of Gaussian, Inc.
  
 This software contains proprietary and confidential information,
 including trade secrets, belonging to Gaussian, Inc.
  
 This software is provided under written license and may be
 used, copied, transmitted, or stored only in accord with that
 written license.
  
 The following legend is applicable only to US Government
 contracts under FAR:
  
                    RESTRICTED RIGHTS LEGEND
  
 Use, reproduction and disclosure by the US Government is
 subject to restrictions as set forth in subparagraphs (a)
 and (c) of the Commercial Computer Software - Restricted
 Rights clause in FAR 52.227-19.
  
 Gaussian, Inc.
 340 Quinnipiac St., Bldg. 40, Wallingford CT 06492
  
  
 ---------------------------------------------------------------
 Warning -- This program may not be used in any manner that
 competes with the business of Gaussian, Inc. or will provide
 assistance to any competitor of Gaussian, Inc.  The licensee
 of this program is prohibited from giving any competitor of
 Gaussian, Inc. access to this program.  By using this program,
 the user acknowledges that Gaussian, Inc. is engaged in the
 business of creating and licensing software in the field of
 computational chemistry and represents and warrants to the
 licensee that it is not a competitor of Gaussian, Inc. and that
 it will not use this program in any manner prohibited above.
 ---------------------------------------------------------------
  

 Cite this work as:
 Gaussian 09, Revision E.01,
 M. J. Frisch, G. W. Trucks, H. B. Schlegel, G. E. Scuseria, 
 M. A. Robb, J. R. Cheeseman, G. Scalmani, V. Barone, B. Mennucci, 
 G. A. Petersson, H. Nakatsuji, M. Caricato, X. Li, H. P. Hratchian, 
 A. F. Izmaylov, J. Bloino, G. Zheng, J. L. Sonnenberg, M. Hada, 
 M. Ehara, K. Toyota, R. Fukuda, J. Hasegawa, M. Ishida, T. Nakajima, 
 Y. Honda, O. Kitao, H. Nakai, T. Vreven, J. A. Montgomery, Jr., 
 J. E. Peralta, F. Ogliaro, M. Bearpark, J. J. Heyd, E. Brothers, 
 K. N. Kudin, V. N. Staroverov, T. Keith, R. Kobayashi, J. Normand, 
 K. Raghavachari, A. Rendell, J. C. Burant, S. S. Iyengar, J. Tomasi, 
 M. Cossi, N. Rega, J. M. Millam, M. Klene, J. E. Knox, J. B. Cross, 
 V. Bakken, C. Adamo, J. Jaramillo, R. Gomperts, R. E. Stratmann, 
 O. Yazyev, A. J. Austin, R. Cammi, C. Pomelli, J. W. Ochterski, 
 R. L. Martin, K. Morokuma, V. G. Zakrzewski, G. A. Voth, 
 P. Salvador, J. J. Dannenberg, S. Dapprich, A. D. Daniels, 
 O. Farkas, J. B. Foresman, J. V. Ortiz, J. Cioslowski, 
 and D. J. Fox, Gaussian, Inc., Wallingford CT, 2013.
 
 ******************************************
 Gaussian 09:  ES64L-G09RevE.01 30-Nov-2015
                17-Feb-2017 
 ******************************************
 %chk=h12.chk
 ----------------------------------------------------------------------
 #rhf/gen scf(symm,tight,novaracc,noincfock,fulldiag) stable(crhf) gues
 s=read geom=nocrowd test
 ----------------------------------------------------------------------
 1/38=1/1;
 2/12=1,17=6,18=5,40=1/2;
 3/5=7,16=1,25=1,30=1,116=1/1,2,3;
 4/5=1,9=4/1;
 5/5=100002,15=2,16=1,32=2,38=6/2;
 8/6=1,10=90,11=11/1,4;
 9/8=4,13=1/2;
 6/7=2,8=2,9=2,10=2,28=1/1;
 99/5=1,9=1/99;
 ----------------------------------------------------------------------
 hf stability analysis of h12 triangular lattice, y= 0.8185645993885070
 1
 ----------------------------------------------------------------------
 Symbolic Z-matrix:
 Charge =  0 Multiplicity = 1
 H
 H                    1     1.08052 
 H                    1     1.08052  2     81.5 
 H                    2     1.08052  1     98.5     3     0.       0
 H                    2     1.08052  1     180.     3     0.       0
 H                    4     1.08052  3     180.     5     0.       0
 H                    6     1.08052  5     180.     3     0.       0
 H                    4     1.08052  2     180.     3     0.       0
 H                    3     1.08052  1     180.     4     0.       0
 H                    9     1.08052  3     180.     4     0.       0
 H                    8     1.08052  4     180.     3     0.       0
 H                    7     1.08052  6     180.     3     0.       0
 
                          Input orientation:                          
 ---------------------------------------------------------------------
 Center     Atomic      Atomic             Coordinates (Angstroms)
 Number     Number       Type             X           Y           Z
 ---------------------------------------------------------------------
      1          1           0        0.000000    0.000000    0.000000
      2          1           0        0.000000    0.000000    1.080521
      3          1           0        1.068652    0.000000    0.159711
      4          1           0        1.068652    0.000000    1.240232
      5          1           0        0.000000    0.000000    2.161041
      6          1           0        1.068652    0.000000    2.320752
      7          1           0        2.137304    0.000000    2.480463
      8          1           0        2.137304    0.000000    1.399943
      9          1           0        2.137304    0.000000    0.319422
     10          1           0        3.205956    0.000000    0.479133
     11          1           0        3.205956    0.000000    1.559654
     12          1           0        3.205956    0.000000    2.640175
 ---------------------------------------------------------------------
                    Distance matrix (angstroms):
                    1          2          3          4          5
     1  H    0.000000
     2  H    1.080521   0.000000
     3  H    1.080521   1.410641   0.000000
     4  H    1.637129   1.080521   1.080521   0.000000
     5  H    2.161041   1.080521   2.268775   1.410641   0.000000
     6  H    2.554977   1.637129   2.161041   1.080521   1.080521
     7  H    3.274258   2.554977   2.554977   1.637129   2.161041
     8  H    2.554977   2.161041   1.637129   1.080521   2.268775
     9  H    2.161041   2.268775   1.080521   1.410641   2.821281
    10  H    3.241562   3.261874   2.161041   2.268775   3.620355
    11  H    3.565203   3.241562   2.554977   2.161041   3.261874
    12  H    4.153153   3.565203   3.274258   2.554977   3.241562
                    6          7          8          9         10
     6  H    0.000000
     7  H    1.080521   0.000000
     8  H    1.410641   1.080521   0.000000
     9  H    2.268775   2.161041   1.080521   0.000000
    10  H    2.821281   2.268775   1.410641   1.080521   0.000000
    11  H    2.268775   1.410641   1.080521   1.637129   1.080521
    12  H    2.161041   1.080521   1.637129   2.554977   2.161041
                   11         12
    11  H    0.000000
    12  H    1.080521   0.000000
 Stoichiometry    H12
 Framework group  C2H[SGH(H12)]
 Deg. of freedom    11
 Full point group                 C2H     NOp   4
 Largest Abelian subgroup         C2H     NOp   4
 Largest concise Abelian subgroup C2      NOp   2
                         Standard orientation:                         
 ---------------------------------------------------------------------
 Center     Atomic      Atomic             Coordinates (Angstroms)
 Number     Number       Type             X           Y           Z
 ---------------------------------------------------------------------
      1          1           0        1.068652    1.780492    0.000000
      2          1           0        0.000000    1.620781    0.000000
      3          1           0        1.068652    0.699971   -0.000000
      4          1           0        0.000000    0.540260    0.000000
      5          1           0       -1.068652    1.461070    0.000000
      6          1           0       -1.068652    0.380549    0.000000
      7          1           0       -1.068652   -0.699971    0.000000
      8          1           0       -0.000000   -0.540260    0.000000
      9          1           0        1.068652   -0.380549    0.000000
     10          1           0        1.068652   -1.461070    0.000000
     11          1           0       -0.000000   -1.620781    0.000000
     12          1           0       -1.068652   -1.780492    0.000000
 ---------------------------------------------------------------------
 Rotational constants (GHZ):     56.1910573     27.9689983     18.6740322
 General basis read from cards:  (5D, 7F)
 There are     6 symmetry adapted cartesian basis functions of AG  symmetry.
 There are     0 symmetry adapted cartesian basis functions of BG  symmetry.
 There are     0 symmetry adapted cartesian basis functions of AU  symmetry.
 There are     6 symmetry adapted cartesian basis functions of BU  symmetry.
 There are     6 symmetry adapted basis functions of AG  symmetry.
 There are     0 symmetry adapted basis functions of BG  symmetry.
 There are     0 symmetry adapted basis functions of AU  symmetry.
 There are     6 symmetry adapted basis functions of BU  symmetry.
    12 basis functions,   120 primitive gaussians,    12 cartesian basis functions
     6 alpha electrons        6 beta electrons
       nuclear repulsion energy        20.1300768190 Hartrees.
 NAtoms=   12 NActive=   12 NUniq=    6 SFac= 4.00D+00 NAtFMM=   60 NAOKFM=F Big=F
 Integral buffers will be    131072 words long.
 Regular integral format.
 Two-electron integral symmetry is turned on.
 One-electron integrals computed using PRISM.
 NBasis=    12 RedAO= T EigKep=  1.13D-01  NBF=     6     0     0     6
 NBsUse=    12 1.00D-06 EigRej= -1.00D+00 NBFU=     6     0     0     6
 Initial guess from the checkpoint file:  "h12.chk"
 B after Tr=    -0.000000   -0.000000    0.000000
         Rot=    0.999999    0.000000   -0.000000   -0.001518 Ang=  -0.17 deg.
 Initial guess orbital symmetries:
       Occupied  (AG) (BU) (BU) (AG) (BU) (BU)
       Virtual   (AG) (AG) (BU) (AG) (AG) (BU)
 Keep R1 ints in memory in symmetry-blocked form, NReq=903840.
 Requested convergence on RMS density matrix=1.00D-08 within 128 cycles.
 Requested convergence on MAX density matrix=1.00D-06.
 Requested convergence on             energy=1.00D-06.
 No special actions if energy rises.
 SCF Done:  E(RHF) =  -5.03410906060     A.U. after   11 cycles
            NFock= 11  Conv=0.54D-08     -V/T= 1.6639
 Range of M.O.s used for correlation:     1    12
 NBasis=    12 NAE=     6 NBE=     6 NFC=     0 NFV=     0
 NROrb=     12 NOA=     6 NOB=     6 NVA=     6 NVB=     6

 **** Warning!!: The smallest alpha delta epsilon is -0.11634048D+00

 Semi-Direct transformation.
 ModeAB=           4 MOrb=             6 LenV=     134084311
 LASXX=         2181 LTotXX=        2181 LenRXX=        5115
 LTotAB=        2934 MaxLAS=        3024 LenRXY=           0
 NonZer=        7296 LenScr=      655360 LnRSAI=        3024
 LnScr1=      655360 LExtra=           0 Total=      1318859
 MaxDsk=          -1 SrtSym=           T ITran=            3
 JobTyp=0 Pass  1:  I=   1 to   6.
 (rs|ai) integrals will be sorted in core.
 Spin components of T(2) and E(2):
     alpha-alpha T2 =       0.1406793509D-01 E2=     -0.1590504054D-01
     alpha-beta  T2 =       0.7959802381D+00 E2=     -0.1272821171D+00
     beta-beta   T2 =       0.1406793509D-01 E2=     -0.1590504054D-01
 ANorm=    0.1350598426D+01
 E2 =    -0.1590921982D+00 EUMP2 =    -0.51932012588015D+01
 Second order stability test of a single determinant RHF wave function:
 Stabil:  MDV=134217728
 ***********************************************************************
 Matrix         Lowest Root    Major Pairs
 ***********************************************************************
 Internal RHF    -0.3213276    6A=7A 5A=7A
 RRHF --> CRHF   -0.3717122    6A=7A
 RRHF --> RUHF   -0.5396052    6A=7B 5A=7B 6A=8B 3A=7B
 Not stable.
 ***********************************************************************

 **********************************************************************

            Population analysis using the SCF density.

 **********************************************************************

 Orbital symmetries:
       Occupied  (AG) (BU) (BU) (AG) (BU) (BU)
       Virtual   (AG) (AG) (BU) (AG) (AG) (BU)
 The electronic state is 1-AG.
 Alpha  occ. eigenvalues --   -0.90434  -0.72725  -0.60496  -0.49660  -0.17411
 Alpha  occ. eigenvalues --   -0.10268
 Alpha virt. eigenvalues --   -0.21902   0.06934   0.28535   0.43539   0.59444
 Alpha virt. eigenvalues --    0.96342
          Condensed to atoms (all electrons):
               1          2          3          4          5          6
     1  H    1.408991   0.358417  -0.300844  -0.231471  -0.074294   0.008915
     2  H    0.358417   0.910829  -0.112854  -0.392669   0.343732  -0.194364
     3  H   -0.300844  -0.112854   0.870172   0.567201  -0.016337   0.007599
     4  H   -0.231471  -0.392669   0.567201   1.865788  -0.212909   0.616674
     5  H   -0.074294   0.343732  -0.016337  -0.212909   1.144761  -0.482323
     6  H    0.008915  -0.194364   0.007599   0.616674  -0.482323   1.522622
     7  H    0.017868   0.024061  -0.084337  -0.255068   0.016311   0.074727
     8  H    0.036428   0.059932  -0.255068  -0.769538   0.059680  -0.250480
     9  H   -0.093580   0.020531   0.074727  -0.250480   0.050847  -0.167816
    10  H    0.029430  -0.010370   0.016311   0.059680  -0.023915   0.050847
    11  H    0.001992  -0.002920   0.024061   0.059932  -0.010370   0.020531
    12  H   -0.008197   0.001992   0.017868   0.036428   0.029430  -0.093580
               7          8          9         10         11         12
     1  H    0.017868   0.036428  -0.093580   0.029430   0.001992  -0.008197
     2  H    0.024061   0.059932   0.020531  -0.010370  -0.002920   0.001992
     3  H   -0.084337  -0.255068   0.074727   0.016311   0.024061   0.017868
     4  H   -0.255068  -0.769538  -0.250480   0.059680   0.059932   0.036428
     5  H    0.016311   0.059680   0.050847  -0.023915  -0.010370   0.029430
     6  H    0.074727  -0.250480  -0.167816   0.050847   0.020531  -0.093580
     7  H    0.870172   0.567201   0.007599  -0.016337  -0.112854  -0.300844
     8  H    0.567201   1.865788   0.616674  -0.212909  -0.392669  -0.231471
     9  H    0.007599   0.616674   1.522622  -0.482323  -0.194364   0.008915
    10  H   -0.016337  -0.212909  -0.482323   1.144761   0.343732  -0.074294
    11  H   -0.112854  -0.392669  -0.194364   0.343732   0.910829   0.358417
    12  H   -0.300844  -0.231471   0.008915  -0.074294   0.358417   1.408991
 Mulliken charges:
               1
     1  H   -0.153654
     2  H   -0.006317
     3  H    0.191502
     4  H   -0.093566
     5  H    0.175388
     6  H   -0.113352
     7  H    0.191502
     8  H   -0.093566
     9  H   -0.113352
    10  H    0.175388
    11  H   -0.006317
    12  H   -0.153654
 Sum of Mulliken charges =   0.00000
 Mulliken charges with hydrogens summed into heavy atoms:
               1
 Electronic spatial extent (au):  <R**2>=            134.2682
 Charge=              0.0000 electrons
 Dipole moment (field-independent basis, Debye):
    X=             -0.0000    Y=             -0.0000    Z=              0.0000  Tot=              0.0000
 Quadrupole moment (field-independent basis, Debye-Ang):
   XX=            -12.6205   YY=            -24.5368   ZZ=            -14.4573
   XY=             -3.7509   XZ=             -0.0000   YZ=              0.0000
 Traceless Quadrupole moment (field-independent basis, Debye-Ang):
   XX=              4.5843   YY=             -7.3319   ZZ=              2.7476
   XY=             -3.7509   XZ=             -0.0000   YZ=              0.0000
 Octapole moment (field-independent basis, Debye-Ang**2):
  XXX=             -0.0000  YYY=              0.0000  ZZZ=             -0.0000  XYY=              0.0000
  XXY=              0.0000  XXZ=             -0.0000  XZZ=              0.0000  YZZ=              0.0000
  YYZ=             -0.0000  XYZ=             -0.0000
 Hexadecapole moment (field-independent basis, Debye-Ang**3):
 XXXX=            -77.1748 YYYY=           -234.1490 ZZZZ=            -16.7264 XXXY=            -11.9764
 XXXZ=              0.0000 YYYX=            -25.8341 YYYZ=              0.0000 ZZZX=              0.0000
 ZZZY=              0.0000 XXYY=            -46.5529 XXZZ=            -16.4292 YYZZ=            -31.3565
 XXYZ=              0.0000 YYXZ=              0.0000 ZZXY=             -2.8148
 N-N= 2.013007681905D+01 E-N=-5.189157956908D+01  KE= 7.583075551314D+00
 Symmetry AG   KE= 1.671538831093D+00
 Symmetry BG   KE= 0.000000000000D+00
 Symmetry AU   KE= 0.000000000000D+00
 Symmetry BU   KE= 5.911536720221D+00

 Test job not archived.
 1\1\GINC-SULU\Stability\RHF\Gen\H12\LCJ1\17-Feb-2017\0\\#rhf/gen scf(s
 ymm,tight,novaracc,noincfock,fulldiag) stable(crhf) guess=read geom=no
 crowd test\\hf stability analysis of h12 triangular lattice, y= 0.8185
 6459938850701\\0,1\H\H,1,1.0805206146\H,1,1.0805206146,2,81.5\H,2,1.08
 05206146,1,98.5,3,0.,0\H,2,1.0805206146,1,180.,3,0.,0\H,4,1.0805206146
 ,3,180.,5,0.,0\H,6,1.0805206146,5,180.,3,0.,0\H,4,1.0805206146,2,180.,
 3,0.,0\H,3,1.0805206146,1,180.,4,0.,0\H,9,1.0805206146,3,180.,4,0.,0\H
 ,8,1.0805206146,4,180.,3,0.,0\H,7,1.0805206146,6,180.,3,0.,0\\Version=
 ES64L-G09RevE.01\State=1-AG\HF=-5.0341091\MP2=-5.1932013\RMSD=5.434e-0
 9\Dipole=0.,0.,0.\Quadrupole=-4.442224,2.0427717,2.3994522,0.,-3.96194
 56,0.\PG=C02H [SGH(H12)]\\@


 TOWERING GENIUS DISDAINS A BEATEN PATH.  IT SEEKS 
 REGIONS HITHERTO UNEXPLORED.

                                -- ABRAHAM LINCOLN
 Job cpu time:       0 days  0 hours  0 minutes  1.1 seconds.
 File lengths (MBytes):  RWF=     84 Int=      0 D2E=      0 Chk=      2 Scr=      2
 Normal termination of Gaussian 09 at Fri Feb 17 15:01:32 2017.
