 Entering Gaussian System, Link 0=g09
 AtFile(1): H.gbs
            H     0
            S   10   1.00
               1000.000000000000            0.000068713567
                316.227766000000            0.000169141320
                100.000000000000            0.000823394812
                 31.622776600000            0.003425569236
                 10.000000000000            0.013951996000
                  3.162277660000            0.056909313560
                  1.000000000000            0.198286399900
                  0.316227766000            0.496922426700
                  0.100000000000            0.369846276400
                  0.031622776600            0.003752720039
            ****
 Initial command:
 /projects/guscus/apps/gau/g09-e1/g09/l1.exe "/users/lcj1/gaussian/h12/rhfstability/rect/guess/ag2bu4/Gau-5422.inp" -scrdir="/users/lcj1/gaussian/h12/rhfstability/rect/guess/ag2bu4/"
 Entering Link 1 = /projects/guscus/apps/gau/g09-e1/g09/l1.exe PID=      5423.
  
 Copyright (c) 1988,1990,1992,1993,1995,1998,2003,2009,2015,
            Gaussian, Inc.  All Rights Reserved.
  
 This is part of the Gaussian(R) 09 program.  It is based on
 the Gaussian(R) 03 system (copyright 2003, Gaussian, Inc.),
 the Gaussian(R) 98 system (copyright 1998, Gaussian, Inc.),
 the Gaussian(R) 94 system (copyright 1995, Gaussian, Inc.),
 the Gaussian 92(TM) system (copyright 1992, Gaussian, Inc.),
 the Gaussian 90(TM) system (copyright 1990, Gaussian, Inc.),
 the Gaussian 88(TM) system (copyright 1988, Gaussian, Inc.),
 the Gaussian 86(TM) system (copyright 1986, Carnegie Mellon
 University), and the Gaussian 82(TM) system (copyright 1983,
 Carnegie Mellon University). Gaussian is a federally registered
 trademark of Gaussian, Inc.
  
 This software contains proprietary and confidential information,
 including trade secrets, belonging to Gaussian, Inc.
  
 This software is provided under written license and may be
 used, copied, transmitted, or stored only in accord with that
 written license.
  
 The following legend is applicable only to US Government
 contracts under FAR:
  
                    RESTRICTED RIGHTS LEGEND
  
 Use, reproduction and disclosure by the US Government is
 subject to restrictions as set forth in subparagraphs (a)
 and (c) of the Commercial Computer Software - Restricted
 Rights clause in FAR 52.227-19.
  
 Gaussian, Inc.
 340 Quinnipiac St., Bldg. 40, Wallingford CT 06492
  
  
 ---------------------------------------------------------------
 Warning -- This program may not be used in any manner that
 competes with the business of Gaussian, Inc. or will provide
 assistance to any competitor of Gaussian, Inc.  The licensee
 of this program is prohibited from giving any competitor of
 Gaussian, Inc. access to this program.  By using this program,
 the user acknowledges that Gaussian, Inc. is engaged in the
 business of creating and licensing software in the field of
 computational chemistry and represents and warrants to the
 licensee that it is not a competitor of Gaussian, Inc. and that
 it will not use this program in any manner prohibited above.
 ---------------------------------------------------------------
  

 Cite this work as:
 Gaussian 09, Revision E.01,
 M. J. Frisch, G. W. Trucks, H. B. Schlegel, G. E. Scuseria, 
 M. A. Robb, J. R. Cheeseman, G. Scalmani, V. Barone, B. Mennucci, 
 G. A. Petersson, H. Nakatsuji, M. Caricato, X. Li, H. P. Hratchian, 
 A. F. Izmaylov, J. Bloino, G. Zheng, J. L. Sonnenberg, M. Hada, 
 M. Ehara, K. Toyota, R. Fukuda, J. Hasegawa, M. Ishida, T. Nakajima, 
 Y. Honda, O. Kitao, H. Nakai, T. Vreven, J. A. Montgomery, Jr., 
 J. E. Peralta, F. Ogliaro, M. Bearpark, J. J. Heyd, E. Brothers, 
 K. N. Kudin, V. N. Staroverov, T. Keith, R. Kobayashi, J. Normand, 
 K. Raghavachari, A. Rendell, J. C. Burant, S. S. Iyengar, J. Tomasi, 
 M. Cossi, N. Rega, J. M. Millam, M. Klene, J. E. Knox, J. B. Cross, 
 V. Bakken, C. Adamo, J. Jaramillo, R. Gomperts, R. E. Stratmann, 
 O. Yazyev, A. J. Austin, R. Cammi, C. Pomelli, J. W. Ochterski, 
 R. L. Martin, K. Morokuma, V. G. Zakrzewski, G. A. Voth, 
 P. Salvador, J. J. Dannenberg, S. Dapprich, A. D. Daniels, 
 O. Farkas, J. B. Foresman, J. V. Ortiz, J. Cioslowski, 
 and D. J. Fox, Gaussian, Inc., Wallingford CT, 2013.
 
 ******************************************
 Gaussian 09:  ES64L-G09RevE.01 30-Nov-2015
                17-Feb-2017 
 ******************************************
 %chk=h12.chk
 ----------------------------------------------------------------------
 #rhf/gen scf(symm,tight,novaracc,noincfock,fulldiag) stable(crhf) gues
 s=read geom=nocrowd test
 ----------------------------------------------------------------------
 1/38=1/1;
 2/12=1,17=6,18=5,40=1/2;
 3/5=7,16=1,25=1,30=1,116=1/1,2,3;
 4/5=1,9=4/1;
 5/5=100002,15=2,16=1,32=2,38=6/2;
 8/6=1,10=90,11=11/1,4;
 9/8=4,13=1/2;
 6/7=2,8=2,9=2,10=2,28=1/1;
 99/5=1,9=1/99;
 ----------------------------------------------------------------------
 hf stability analysis of h12 triangular lattice, y= 1.2509902265939778
 ----------------------------------------------------------------------
 Symbolic Z-matrix:
 Charge =  0 Multiplicity = 1
 H
 H                    1     1.33341 
 H                    1     1.33341  2     40.5 
 H                    2     1.33341  1     139.5    3     0.       0
 H                    2     1.33341  1     180.     3     0.       0
 H                    4     1.33341  3     180.     5     0.       0
 H                    6     1.33341  5     180.     3     0.       0
 H                    4     1.33341  2     180.     3     0.       0
 H                    3     1.33341  1     180.     4     0.       0
 H                    9     1.33341  3     180.     4     0.       0
 H                    8     1.33341  4     180.     3     0.       0
 H                    7     1.33341  6     180.     3     0.       0
 
                          Input orientation:                          
 ---------------------------------------------------------------------
 Center     Atomic      Atomic             Coordinates (Angstroms)
 Number     Number       Type             X           Y           Z
 ---------------------------------------------------------------------
      1          1           0        0.000000    0.000000    0.000000
      2          1           0        0.000000    0.000000    1.333406
      3          1           0        0.865978    0.000000    1.013930
      4          1           0        0.865978    0.000000    2.347336
      5          1           0        0.000000    0.000000    2.666813
      6          1           0        0.865978    0.000000    3.680743
      7          1           0        1.731956    0.000000    4.694673
      8          1           0        1.731956    0.000000    3.361266
      9          1           0        1.731956    0.000000    2.027860
     10          1           0        2.597934    0.000000    3.041790
     11          1           0        2.597934    0.000000    4.375197
     12          1           0        2.597934    0.000000    5.708603
 ---------------------------------------------------------------------
                    Distance matrix (angstroms):
                    1          2          3          4          5
     1  H    0.000000
     2  H    1.333406   0.000000
     3  H    1.333406   0.923029   0.000000
     4  H    2.501980   1.333406   1.333406   0.000000
     5  H    2.666813   1.333406   1.865995   0.923029   0.000000
     6  H    3.781241   2.501980   2.666813   1.333406   1.333406
     7  H    5.003961   3.781241   3.781241   2.501980   2.666813
     8  H    3.781241   2.666813   2.501980   1.333406   1.865995
     9  H    2.666813   1.865995   1.333406   0.923029   1.846059
    10  H    4.000219   3.109315   2.666813   1.865995   2.624856
    11  H    5.088380   4.000219   3.781241   2.666813   3.109315
    12  H    6.271954   5.088380   5.003961   3.781241   4.000219
                    6          7          8          9         10
     6  H    0.000000
     7  H    1.333406   0.000000
     8  H    0.923029   1.333406   0.000000
     9  H    1.865995   2.666813   1.333406   0.000000
    10  H    1.846059   1.865995   0.923029   1.333406   0.000000
    11  H    1.865995   0.923029   1.333406   2.501980   1.333406
    12  H    2.666813   1.333406   2.501980   3.781241   2.666813
                   11         12
    11  H    0.000000
    12  H    1.333406   0.000000
 Stoichiometry    H12
 Framework group  C2H[SGH(H12)]
 Deg. of freedom    11
 Full point group                 C2H     NOp   4
 Largest Abelian subgroup         C2H     NOp   4
 Largest concise Abelian subgroup C2      NOp   2
                         Standard orientation:                         
 ---------------------------------------------------------------------
 Center     Atomic      Atomic             Coordinates (Angstroms)
 Number     Number       Type             X           Y           Z
 ---------------------------------------------------------------------
      1          1           0        0.865978    3.014039    0.000000
      2          1           0        0.000000    2.000109    0.000000
      3          1           0        0.865978    1.680633    0.000000
      4          1           0        0.000000    0.666703    0.000000
      5          1           0       -0.865978    0.986179    0.000000
      6          1           0       -0.865978   -0.347227    0.000000
      7          1           0       -0.865978   -1.680633    0.000000
      8          1           0       -0.000000   -0.666703    0.000000
      9          1           0        0.865978    0.347227    0.000000
     10          1           0        0.865978   -0.986179    0.000000
     11          1           0       -0.000000   -2.000109    0.000000
     12          1           0       -0.865978   -3.014039    0.000000
 ---------------------------------------------------------------------
 Rotational constants (GHZ):    114.4293321     13.7343051     12.2625059
 General basis read from cards:  (5D, 7F)
 There are     6 symmetry adapted cartesian basis functions of AG  symmetry.
 There are     0 symmetry adapted cartesian basis functions of BG  symmetry.
 There are     0 symmetry adapted cartesian basis functions of AU  symmetry.
 There are     6 symmetry adapted cartesian basis functions of BU  symmetry.
 There are     6 symmetry adapted basis functions of AG  symmetry.
 There are     0 symmetry adapted basis functions of BG  symmetry.
 There are     0 symmetry adapted basis functions of AU  symmetry.
 There are     6 symmetry adapted basis functions of BU  symmetry.
    12 basis functions,   120 primitive gaussians,    12 cartesian basis functions
     6 alpha electrons        6 beta electrons
       nuclear repulsion energy        18.4205802979 Hartrees.
 NAtoms=   12 NActive=   12 NUniq=    6 SFac= 4.00D+00 NAtFMM=   60 NAOKFM=F Big=F
 Integral buffers will be    131072 words long.
 Regular integral format.
 Two-electron integral symmetry is turned on.
 One-electron integrals computed using PRISM.
 NBasis=    12 RedAO= T EigKep=  1.55D-01  NBF=     6     0     0     6
 NBsUse=    12 1.00D-06 EigRej= -1.00D+00 NBFU=     6     0     0     6
 Initial guess from the checkpoint file:  "h12.chk"
 B after Tr=     0.000000   -0.000000    0.000000
         Rot=    0.999999    0.000000   -0.000000   -0.001518 Ang=  -0.17 deg.
 Initial guess orbital symmetries:
       Occupied  (AG) (BU) (AG) (BU) (BU) (BU)
       Virtual   (AG) (AG) (AG) (BU) (AG) (BU)
 Keep R1 ints in memory in symmetry-blocked form, NReq=900466.
 Requested convergence on RMS density matrix=1.00D-08 within 128 cycles.
 Requested convergence on MAX density matrix=1.00D-06.
 Requested convergence on             energy=1.00D-06.
 No special actions if energy rises.
 SCF Done:  E(RHF) =  -5.50606669239     A.U. after    8 cycles
            NFock=  8  Conv=0.94D-08     -V/T= 1.7992
 Range of M.O.s used for correlation:     1    12
 NBasis=    12 NAE=     6 NBE=     6 NFC=     0 NFV=     0
 NROrb=     12 NOA=     6 NOB=     6 NVA=     6 NVB=     6

 **** Warning!!: The smallest alpha delta epsilon is -0.22485157D-01

 Semi-Direct transformation.
 ModeAB=           4 MOrb=             6 LenV=     134087769
 LASXX=         2181 LTotXX=        2181 LenRXX=        5115
 LTotAB=        2934 MaxLAS=        3024 LenRXY=           0
 NonZer=        7296 LenScr=      655360 LnRSAI=        3024
 LnScr1=      655360 LExtra=           0 Total=      1318859
 MaxDsk=          -1 SrtSym=           T ITran=            3
 JobTyp=0 Pass  1:  I=   1 to   6.
 (rs|ai) integrals will be sorted in core.
 Spin components of T(2) and E(2):
     alpha-alpha T2 =       0.1124826272D-01 E2=     -0.9581294079D-02
     alpha-beta  T2 =       0.1132434298D+02 E2=     -0.7251688844D+00
     beta-beta   T2 =       0.1124826272D-01 E2=     -0.9581294079D-02
 ANorm=    0.3513806982D+01
 E2 =    -0.7443314725D+00 EUMP2 =    -0.62503981649040D+01
 Second order stability test of a single determinant RHF wave function:
 Stabil:  MDV=134217728
 ***********************************************************************
 Matrix         Lowest Root    Major Pairs
 ***********************************************************************
 Internal RHF    -0.2172134    6A=7A
 RRHF --> CRHF   -0.24087      6A=7A
 RRHF --> RUHF   -0.523401     6A=8B
 Not stable.
 ***********************************************************************

 **********************************************************************

            Population analysis using the SCF density.

 **********************************************************************

 Orbital symmetries:
       Occupied  (AG) (BU) (AG) (BU) (BU) (BU)
       Virtual   (AG) (AG) (BU) (AG) (AG) (BU)
 The electronic state is 1-AG.
 Alpha  occ. eigenvalues --   -0.90949  -0.75348  -0.58499  -0.51771  -0.40503
 Alpha  occ. eigenvalues --   -0.02853
 Alpha virt. eigenvalues --   -0.05101   0.01990   0.33769   0.33914   0.51683
 Alpha virt. eigenvalues --    0.64811
          Condensed to atoms (all electrons):
               1          2          3          4          5          6
     1  H    1.436766  -0.201450  -0.104536   0.013055   0.010849  -0.003321
     2  H   -0.201450   1.119700   0.574424  -0.268825  -0.135656   0.039423
     3  H   -0.104536   0.574424   0.756799  -0.186931  -0.087495   0.003319
     4  H    0.013055  -0.268825  -0.186931   1.228131   0.404319  -0.188736
     5  H    0.010849  -0.135656  -0.087495   0.404319   0.658070   0.101068
     6  H   -0.003321   0.039423   0.003319  -0.188736   0.101068   1.027089
     7  H    0.001119  -0.005209  -0.003484   0.024604   0.019977  -0.104980
     8  H   -0.004563   0.035674   0.024604  -0.307764  -0.092590   0.479816
     9  H    0.006525  -0.138805  -0.104980   0.479816  -0.018714  -0.213628
    10  H   -0.002500   0.008244   0.019977  -0.092590  -0.053881  -0.018714
    11  H    0.001410  -0.006514  -0.005209   0.035674   0.008244  -0.138805
    12  H   -0.000315   0.001410   0.001119  -0.004563  -0.002500   0.006525
               7          8          9         10         11         12
     1  H    0.001119  -0.004563   0.006525  -0.002500   0.001410  -0.000315
     2  H   -0.005209   0.035674  -0.138805   0.008244  -0.006514   0.001410
     3  H   -0.003484   0.024604  -0.104980   0.019977  -0.005209   0.001119
     4  H    0.024604  -0.307764   0.479816  -0.092590   0.035674  -0.004563
     5  H    0.019977  -0.092590  -0.018714  -0.053881   0.008244  -0.002500
     6  H   -0.104980   0.479816  -0.213628  -0.018714  -0.138805   0.006525
     7  H    0.756799  -0.186931   0.003319  -0.087495   0.574424  -0.104536
     8  H   -0.186931   1.228131  -0.188736   0.404319  -0.268825   0.013055
     9  H    0.003319  -0.188736   1.027089   0.101068   0.039423  -0.003321
    10  H   -0.087495   0.404319   0.101068   0.658070  -0.135656   0.010849
    11  H    0.574424  -0.268825   0.039423  -0.135656   1.119700  -0.201450
    12  H   -0.104536   0.013055  -0.003321   0.010849  -0.201450   1.436766
 Mulliken charges:
               1
     1  H   -0.153039
     2  H   -0.022417
     3  H    0.112393
     4  H   -0.136190
     5  H    0.188308
     6  H    0.010945
     7  H    0.112393
     8  H   -0.136190
     9  H    0.010945
    10  H    0.188308
    11  H   -0.022417
    12  H   -0.153039
 Sum of Mulliken charges =   0.00000
 Mulliken charges with hydrogens summed into heavy atoms:
               1
 Electronic spatial extent (au):  <R**2>=            191.1429
 Charge=              0.0000 electrons
 Dipole moment (field-independent basis, Debye):
    X=              0.0000    Y=             -0.0000    Z=             -0.0000  Tot=              0.0000
 Quadrupole moment (field-independent basis, Debye-Ang):
   XX=            -14.7307   YY=            -31.0258   ZZ=            -14.9180
   XY=             -6.3906   XZ=              0.0000   YZ=              0.0000
 Traceless Quadrupole moment (field-independent basis, Debye-Ang):
   XX=              5.4941   YY=            -10.8009   ZZ=              5.3068
   XY=             -6.3906   XZ=              0.0000   YZ=              0.0000
 Octapole moment (field-independent basis, Debye-Ang**2):
  XXX=              0.0000  YYY=              0.0000  ZZZ=             -0.0000  XYY=              0.0000
  XXY=              0.0000  XXZ=             -0.0000  XZZ=              0.0000  YZZ=              0.0000
  YYZ=             -0.0000  XYZ=             -0.0000
 Hexadecapole moment (field-independent basis, Debye-Ang**3):
 XXXX=            -64.3228 YYYY=           -509.3305 ZZZZ=            -17.5993 XXXY=            -35.9553
 XXXZ=              0.0000 YYYX=            -95.0208 YYYZ=              0.0000 ZZZX=              0.0000
 ZZZY=              0.0000 XXYY=            -74.7499 XXZZ=            -13.7972 YYZZ=            -54.7826
 XXYZ=              0.0000 YYXZ=              0.0000 ZZXY=            -10.7663
 N-N= 1.842058029789D+01 E-N=-4.834406147927D+01  KE= 6.889250256003D+00
 Symmetry AG   KE= 1.504479793839D+00
 Symmetry BG   KE= 0.000000000000D+00
 Symmetry AU   KE= 0.000000000000D+00
 Symmetry BU   KE= 5.384770462164D+00

 Test job not archived.
 1\1\GINC-SULU\Stability\RHF\Gen\H12\LCJ1\17-Feb-2017\0\\#rhf/gen scf(s
 ymm,tight,novaracc,noincfock,fulldiag) stable(crhf) guess=read geom=no
 crowd test\\hf stability analysis of h12 triangular lattice, y= 1.2509
 902265939778\\0,1\H\H,1,1.3334062713\H,1,1.3334062713,2,40.5\H,2,1.333
 4062713,1,139.5,3,0.,0\H,2,1.3334062713,1,180.,3,0.,0\H,4,1.3334062713
 ,3,180.,5,0.,0\H,6,1.3334062713,5,180.,3,0.,0\H,4,1.3334062713,2,180.,
 3,0.,0\H,3,1.3334062713,1,180.,4,0.,0\H,9,1.3334062713,3,180.,4,0.,0\H
 ,8,1.3334062713,4,180.,3,0.,0\H,7,1.3334062713,6,180.,3,0.,0\\Version=
 ES64L-G09RevE.01\State=1-AG\HF=-5.5060667\MP2=-6.2503982\RMSD=9.388e-0
 9\Dipole=0.,0.,0.\Quadrupole=3.667607,3.9454848,-7.6130918,0.,-5.23965
 86,0.\PG=C02H [SGH(H12)]\\@


 BREAD HAS TO MOLD IN ORDER TO GET PENICILLIN.
          -- JERRY BOATZ
 Job cpu time:       0 days  0 hours  0 minutes  1.0 seconds.
 File lengths (MBytes):  RWF=     84 Int=      0 D2E=      0 Chk=      2 Scr=      2
 Normal termination of Gaussian 09 at Fri Feb 17 15:05:46 2017.
