 Entering Gaussian System, Link 0=g09
 AtFile(1): H.gbs
            H     0
            S   10   1.00
               1000.000000000000            0.000068713567
                316.227766000000            0.000169141320
                100.000000000000            0.000823394812
                 31.622776600000            0.003425569236
                 10.000000000000            0.013951996000
                  3.162277660000            0.056909313560
                  1.000000000000            0.198286399900
                  0.316227766000            0.496922426700
                  0.100000000000            0.369846276400
                  0.031622776600            0.003752720039
            ****
 Initial command:
 /projects/guscus/apps/gau/g09-e1/g09/l1.exe "/users/lcj1/gaussian/h12/rhfstability/rect/guess/ag2bu4/Gau-11781.inp" -scrdir="/users/lcj1/gaussian/h12/rhfstability/rect/guess/ag2bu4/"
 Entering Link 1 = /projects/guscus/apps/gau/g09-e1/g09/l1.exe PID=     11782.
  
 Copyright (c) 1988,1990,1992,1993,1995,1998,2003,2009,2015,
            Gaussian, Inc.  All Rights Reserved.
  
 This is part of the Gaussian(R) 09 program.  It is based on
 the Gaussian(R) 03 system (copyright 2003, Gaussian, Inc.),
 the Gaussian(R) 98 system (copyright 1998, Gaussian, Inc.),
 the Gaussian(R) 94 system (copyright 1995, Gaussian, Inc.),
 the Gaussian 92(TM) system (copyright 1992, Gaussian, Inc.),
 the Gaussian 90(TM) system (copyright 1990, Gaussian, Inc.),
 the Gaussian 88(TM) system (copyright 1988, Gaussian, Inc.),
 the Gaussian 86(TM) system (copyright 1986, Carnegie Mellon
 University), and the Gaussian 82(TM) system (copyright 1983,
 Carnegie Mellon University). Gaussian is a federally registered
 trademark of Gaussian, Inc.
  
 This software contains proprietary and confidential information,
 including trade secrets, belonging to Gaussian, Inc.
  
 This software is provided under written license and may be
 used, copied, transmitted, or stored only in accord with that
 written license.
  
 The following legend is applicable only to US Government
 contracts under FAR:
  
                    RESTRICTED RIGHTS LEGEND
  
 Use, reproduction and disclosure by the US Government is
 subject to restrictions as set forth in subparagraphs (a)
 and (c) of the Commercial Computer Software - Restricted
 Rights clause in FAR 52.227-19.
  
 Gaussian, Inc.
 340 Quinnipiac St., Bldg. 40, Wallingford CT 06492
  
  
 ---------------------------------------------------------------
 Warning -- This program may not be used in any manner that
 competes with the business of Gaussian, Inc. or will provide
 assistance to any competitor of Gaussian, Inc.  The licensee
 of this program is prohibited from giving any competitor of
 Gaussian, Inc. access to this program.  By using this program,
 the user acknowledges that Gaussian, Inc. is engaged in the
 business of creating and licensing software in the field of
 computational chemistry and represents and warrants to the
 licensee that it is not a competitor of Gaussian, Inc. and that
 it will not use this program in any manner prohibited above.
 ---------------------------------------------------------------
  

 Cite this work as:
 Gaussian 09, Revision E.01,
 M. J. Frisch, G. W. Trucks, H. B. Schlegel, G. E. Scuseria, 
 M. A. Robb, J. R. Cheeseman, G. Scalmani, V. Barone, B. Mennucci, 
 G. A. Petersson, H. Nakatsuji, M. Caricato, X. Li, H. P. Hratchian, 
 A. F. Izmaylov, J. Bloino, G. Zheng, J. L. Sonnenberg, M. Hada, 
 M. Ehara, K. Toyota, R. Fukuda, J. Hasegawa, M. Ishida, T. Nakajima, 
 Y. Honda, O. Kitao, H. Nakai, T. Vreven, J. A. Montgomery, Jr., 
 J. E. Peralta, F. Ogliaro, M. Bearpark, J. J. Heyd, E. Brothers, 
 K. N. Kudin, V. N. Staroverov, T. Keith, R. Kobayashi, J. Normand, 
 K. Raghavachari, A. Rendell, J. C. Burant, S. S. Iyengar, J. Tomasi, 
 M. Cossi, N. Rega, J. M. Millam, M. Klene, J. E. Knox, J. B. Cross, 
 V. Bakken, C. Adamo, J. Jaramillo, R. Gomperts, R. E. Stratmann, 
 O. Yazyev, A. J. Austin, R. Cammi, C. Pomelli, J. W. Ochterski, 
 R. L. Martin, K. Morokuma, V. G. Zakrzewski, G. A. Voth, 
 P. Salvador, J. J. Dannenberg, S. Dapprich, A. D. Daniels, 
 O. Farkas, J. B. Foresman, J. V. Ortiz, J. Cioslowski, 
 and D. J. Fox, Gaussian, Inc., Wallingford CT, 2013.
 
 ******************************************
 Gaussian 09:  ES64L-G09RevE.01 30-Nov-2015
                17-Feb-2017 
 ******************************************
 %chk=h12.chk
 ----------------------------------------------------------------------
 #rhf/gen scf(symm,tight,novaracc,noincfock,fulldiag) stable(crhf) gues
 s=read geom=nocrowd test
 ----------------------------------------------------------------------
 1/38=1/1;
 2/12=1,17=6,18=5,40=1/2;
 3/5=7,16=1,25=1,30=1,116=1/1,2,3;
 4/5=1,9=4/1;
 5/5=100002,15=2,16=1,32=2,38=6/2;
 8/6=1,10=90,11=11/1,4;
 9/8=4,13=1/2;
 6/7=2,8=2,9=2,10=2,28=1/1;
 99/5=1,9=1/99;
 ----------------------------------------------------------------------
 hf stability analysis of h12 triangular lattice, y= 0.4168485496705611
 2
 ----------------------------------------------------------------------
 Symbolic Z-matrix:
 Charge =  0 Multiplicity = 1
 H
 H                    1     1.44641 
 H                    1     1.44641  2     146.5 
 H                    2     1.44641  1     33.5     3     0.       0
 H                    2     1.44641  1     180.     3     0.       0
 H                    4     1.44641  3     180.     5     0.       0
 H                    6     1.44641  5     180.     3     0.       0
 H                    4     1.44641  2     180.     3     0.       0
 H                    3     1.44641  1     180.     4     0.       0
 H                    9     1.44641  3     180.     4     0.       0
 H                    8     1.44641  4     180.     3     0.       0
 H                    7     1.44641  6     180.     3     0.       0
 
                          Input orientation:                          
 ---------------------------------------------------------------------
 Center     Atomic      Atomic             Coordinates (Angstroms)
 Number     Number       Type             X           Y           Z
 ---------------------------------------------------------------------
      1          1           0        0.000000    0.000000    0.000000
      2          1           0        0.000000    0.000000    1.446405
      3          1           0        0.798324    0.000000   -1.206137
      4          1           0        0.798324    0.000000    0.240268
      5          1           0        0.000000    0.000000    2.892810
      6          1           0        0.798324    0.000000    1.686673
      7          1           0        1.596649    0.000000    0.480537
      8          1           0        1.596649    0.000000   -0.965868
      9          1           0        1.596649    0.000000   -2.412273
     10          1           0        2.394973    0.000000   -3.618410
     11          1           0        2.394973    0.000000   -2.172005
     12          1           0        2.394973    0.000000   -0.725600
 ---------------------------------------------------------------------
                    Distance matrix (angstroms):
                    1          2          3          4          5
     1  H    0.000000
     2  H    1.446405   0.000000
     3  H    1.446405   2.770072   0.000000
     4  H    0.833697   1.446405   1.446405   0.000000
     5  H    2.892810   1.446405   4.175965   2.770072   0.000000
     6  H    1.866062   0.833697   2.892810   1.446405   1.446405
     7  H    1.667394   1.866062   1.866062   0.833697   2.892810
     8  H    1.866062   2.892810   0.833697   1.446405   4.175965
     9  H    2.892810   4.175965   1.446405   2.770072   5.540144
    10  H    4.339215   5.602522   2.892810   4.175965   6.937715
    11  H    3.233188   4.339215   1.866062   2.892810   5.602522
    12  H    2.502477   3.233188   1.667394   1.866062   4.339215
                    6          7          8          9         10
     6  H    0.000000
     7  H    1.446405   0.000000
     8  H    2.770072   1.446405   0.000000
     9  H    4.175965   2.892810   1.446405   0.000000
    10  H    5.540144   4.175965   2.770072   1.446405   0.000000
    11  H    4.175965   2.770072   1.446405   0.833697   1.446405
    12  H    2.892810   1.446405   0.833697   1.866062   2.892810
                   11         12
    11  H    0.000000
    12  H    1.446405   0.000000
 Stoichiometry    H12
 Framework group  C2H[SGH(H12)]
 Deg. of freedom    11
 Full point group                 C2H     NOp   4
 Largest Abelian subgroup         C2H     NOp   4
 Largest concise Abelian subgroup C2      NOp   2
                         Standard orientation:                         
 ---------------------------------------------------------------------
 Center     Atomic      Atomic             Coordinates (Angstroms)
 Number     Number       Type             X           Y           Z
 ---------------------------------------------------------------------
      1          1           0        0.798324    0.963471   -0.000000
      2          1           0        0.000000    2.169608    0.000000
      3          1           0        0.798324   -0.482934   -0.000000
      4          1           0        0.000000    0.723203    0.000000
      5          1           0       -0.798324    3.375744    0.000000
      6          1           0       -0.798324    1.929339    0.000000
      7          1           0       -0.798324    0.482934    0.000000
      8          1           0       -0.000000   -0.723203   -0.000000
      9          1           0        0.798324   -1.929339   -0.000000
     10          1           0        0.798324   -3.375744   -0.000000
     11          1           0       -0.000000   -2.169608   -0.000000
     12          1           0       -0.798324   -0.963471   -0.000000
 ---------------------------------------------------------------------
 Rotational constants (GHZ):    139.5439486     11.2624568     10.4213590
 General basis read from cards:  (5D, 7F)
 There are     6 symmetry adapted cartesian basis functions of AG  symmetry.
 There are     0 symmetry adapted cartesian basis functions of BG  symmetry.
 There are     0 symmetry adapted cartesian basis functions of AU  symmetry.
 There are     6 symmetry adapted cartesian basis functions of BU  symmetry.
 There are     6 symmetry adapted basis functions of AG  symmetry.
 There are     0 symmetry adapted basis functions of BG  symmetry.
 There are     0 symmetry adapted basis functions of AU  symmetry.
 There are     6 symmetry adapted basis functions of BU  symmetry.
    12 basis functions,   120 primitive gaussians,    12 cartesian basis functions
     6 alpha electrons        6 beta electrons
       nuclear repulsion energy        17.8711725911 Hartrees.
 NAtoms=   12 NActive=   12 NUniq=    6 SFac= 4.00D+00 NAtFMM=   60 NAOKFM=F Big=F
 Integral buffers will be    131072 words long.
 Regular integral format.
 Two-electron integral symmetry is turned on.
 One-electron integrals computed using PRISM.
 NBasis=    12 RedAO= T EigKep=  1.27D-01  NBF=     6     0     0     6
 NBsUse=    12 1.00D-06 EigRej= -1.00D+00 NBFU=     6     0     0     6
 Initial guess from the checkpoint file:  "h12.chk"
 B after Tr=    -0.000000   -0.000000   -0.000000
         Rot=    0.999999    0.000000    0.000000   -0.001518 Ang=  -0.17 deg.
 Initial guess orbital symmetries:
       Occupied  (AG) (BU) (AG) (BU) (BU) (BU)
       Virtual   (AG) (AG) (BU) (AG) (AG) (BU)
 Keep R1 ints in memory in symmetry-blocked form, NReq=899164.
 Requested convergence on RMS density matrix=1.00D-08 within 128 cycles.
 Requested convergence on MAX density matrix=1.00D-06.
 Requested convergence on             energy=1.00D-06.
 No special actions if energy rises.
 SCF Done:  E(RHF) =  -5.68605499524     A.U. after    8 cycles
            NFock=  8  Conv=0.58D-09     -V/T= 1.8624
 Range of M.O.s used for correlation:     1    12
 NBasis=    12 NAE=     6 NBE=     6 NFC=     0 NFV=     0
 NROrb=     12 NOA=     6 NOB=     6 NVA=     6 NVB=     6

 **** Warning!!: The smallest alpha delta epsilon is  0.59927604D-01

 Semi-Direct transformation.
 ModeAB=           4 MOrb=             6 LenV=     134088959
 LASXX=         2181 LTotXX=        2181 LenRXX=        5115
 LTotAB=        2934 MaxLAS=        3024 LenRXY=           0
 NonZer=        7296 LenScr=      655360 LnRSAI=        3024
 LnScr1=      655360 LExtra=           0 Total=      1318859
 MaxDsk=          -1 SrtSym=           T ITran=            3
 JobTyp=0 Pass  1:  I=   1 to   6.
 (rs|ai) integrals will be sorted in core.
 Spin components of T(2) and E(2):
     alpha-alpha T2 =       0.8754080037D-02 E2=     -0.7634327648D-02
     alpha-beta  T2 =       0.4153918660D+01 E2=     -0.5944429653D+00
     beta-beta   T2 =       0.8754080037D-02 E2=     -0.7634327648D-02
 ANorm=    0.2274077136D+01
 E2 =    -0.6097116206D+00 EUMP2 =    -0.62957666158300D+01
 Second order stability test of a single determinant RHF wave function:
 Stabil:  MDV=134217728
 ***********************************************************************
 Matrix         Lowest Root    Major Pairs
 ***********************************************************************
 Internal RHF    -0.0872545    6A=8A
 RRHF --> CRHF   -0.1011711    6A=8A 6A=7A 5A=8A 4A=8A
 RRHF --> RUHF   -0.5343226    6A=7B
 Not stable.
 ***********************************************************************

 **********************************************************************

            Population analysis using the SCF density.

 **********************************************************************

 Orbital symmetries:
       Occupied  (AG) (BU) (AG) (BU) (BU) (BU)
       Virtual   (AG) (AG) (BU) (AG) (AG) (BU)
 The electronic state is 1-AG.
 Alpha  occ. eigenvalues --   -0.89652  -0.75814  -0.61062  -0.50840  -0.43550
 Alpha  occ. eigenvalues --   -0.10482
 Alpha virt. eigenvalues --   -0.04490  -0.01136   0.37645   0.42783   0.55396
 Alpha virt. eigenvalues --    0.77641
          Condensed to atoms (all electrons):
               1          2          3          4          5          6
     1  H    0.666117  -0.065386   0.153293   0.343344   0.003969  -0.071416
     2  H   -0.065386   0.874898   0.018365  -0.167935  -0.118527   0.550890
     3  H    0.153293   0.018365   0.949250  -0.122566  -0.001185   0.001043
     4  H    0.343344  -0.167935  -0.122566   1.069360   0.007165  -0.143722
     5  H    0.003969  -0.118527  -0.001185   0.007165   1.297356  -0.094948
     6  H   -0.071416   0.550890   0.001043  -0.143722  -0.094948   0.747291
     7  H   -0.080140  -0.099921  -0.205549   0.411967   0.004046  -0.071724
     8  H   -0.059976   0.014999   0.411967  -0.198581  -0.001720   0.013310
     9  H    0.011087  -0.001725  -0.071724   0.013310   0.000369  -0.001581
    10  H   -0.000787   0.000381   0.004046  -0.001720  -0.000094   0.000369
    11  H    0.001625  -0.001839  -0.099921   0.014999   0.000381  -0.001725
    12  H   -0.064983   0.001625  -0.080140  -0.059976  -0.000787   0.011087
               7          8          9         10         11         12
     1  H   -0.080140  -0.059976   0.011087  -0.000787   0.001625  -0.064983
     2  H   -0.099921   0.014999  -0.001725   0.000381  -0.001839   0.001625
     3  H   -0.205549   0.411967  -0.071724   0.004046  -0.099921  -0.080140
     4  H    0.411967  -0.198581   0.013310  -0.001720   0.014999  -0.059976
     5  H    0.004046  -0.001720   0.000369  -0.000094   0.000381  -0.000787
     6  H   -0.071724   0.013310  -0.001581   0.000369  -0.001725   0.011087
     7  H    0.949250  -0.122566   0.001043  -0.001185   0.018365   0.153293
     8  H   -0.122566   1.069360  -0.143722   0.007165  -0.167935   0.343344
     9  H    0.001043  -0.143722   0.747291  -0.094948   0.550890  -0.071416
    10  H   -0.001185   0.007165  -0.094948   1.297356  -0.118527   0.003969
    11  H    0.018365  -0.167935   0.550890  -0.118527   0.874898  -0.065386
    12  H    0.153293   0.343344  -0.071416   0.003969  -0.065386   0.666117
 Mulliken charges:
               1
     1  H    0.163253
     2  H   -0.005825
     3  H    0.043118
     4  H   -0.165645
     5  H   -0.096027
     6  H    0.061126
     7  H    0.043118
     8  H   -0.165645
     9  H    0.061126
    10  H   -0.096027
    11  H   -0.005825
    12  H    0.163253
 Sum of Mulliken charges =   0.00000
 Mulliken charges with hydrogens summed into heavy atoms:
               1
 Electronic spatial extent (au):  <R**2>=            215.4472
 Charge=              0.0000 electrons
 Dipole moment (field-independent basis, Debye):
    X=              0.0000    Y=              0.0000    Z=              0.0000  Tot=              0.0000
 Quadrupole moment (field-independent basis, Debye-Ang):
   XX=            -15.0346   YY=            -28.5322   ZZ=            -15.0964
   XY=              4.5322   XZ=              0.0000   YZ=             -0.0000
 Traceless Quadrupole moment (field-independent basis, Debye-Ang):
   XX=              4.5198   YY=             -8.9778   ZZ=              4.4580
   XY=              4.5322   XZ=              0.0000   YZ=             -0.0000
 Octapole moment (field-independent basis, Debye-Ang**2):
  XXX=              0.0000  YYY=              0.0000  ZZZ=              0.0000  XYY=             -0.0000
  XXY=              0.0000  XXZ=              0.0000  XZZ=              0.0000  YZZ=              0.0000
  YYZ=              0.0000  XYZ=             -0.0000
 Hexadecapole moment (field-independent basis, Debye-Ang**3):
 XXXX=            -58.2907 YYYY=           -582.8008 ZZZZ=            -17.9205 XXXY=             34.8077
 XXXZ=              0.0000 YYYX=             87.7433 YYYZ=             -0.0000 ZZZX=              0.0000
 ZZZY=             -0.0000 XXYY=            -79.2140 XXZZ=            -12.8162 YYZZ=            -65.1807
 XXYZ=             -0.0000 YYXZ=              0.0000 ZZXY=             11.1700
 N-N= 1.787117259105D+01 E-N=-4.707989904728D+01  KE= 6.593451082309D+00
 Symmetry AG   KE= 1.513062459774D+00
 Symmetry BG   KE= 0.000000000000D+00
 Symmetry AU   KE= 0.000000000000D+00
 Symmetry BU   KE= 5.080388622535D+00

 Test job not archived.
 1\1\GINC-SULU\Stability\RHF\Gen\H12\LCJ1\17-Feb-2017\0\\#rhf/gen scf(s
 ymm,tight,novaracc,noincfock,fulldiag) stable(crhf) guess=read geom=no
 crowd test\\hf stability analysis of h12 triangular lattice, y= 0.4168
 4854967056112\\0,1\H\H,1,1.4464050527\H,1,1.4464050527,2,146.5\H,2,1.4
 464050527,1,33.5,3,0.,0\H,2,1.4464050527,1,180.,3,0.,0\H,4,1.446405052
 7,3,180.,5,0.,0\H,6,1.4464050527,5,180.,3,0.,0\H,4,1.4464050527,2,180.
 ,3,0.,0\H,3,1.4464050527,1,180.,4,0.,0\H,9,1.4464050527,3,180.,4,0.,0\
 H,8,1.4464050527,4,180.,3,0.,0\H,7,1.4464050527,6,180.,3,0.,0\\Version
 =ES64L-G09RevE.01\State=1-AG\HF=-5.686055\MP2=-6.2957666\RMSD=5.754e-1
 0\Dipole=0.,0.,0.\Quadrupole=3.404993,3.3144241,-6.7194171,0.,3.302093
 1,0.\PG=C02H [SGH(H12)]\\@


                                                                                    A
                                                                                  AA
                                                                                 AAA
                                                                                AAAA
                                                                               AAAAA
                                                                              AAAAAA   KKKKKKKK
                                                                             AAAAAAA   KKKKKKKK
                                                                            AAAAAAAA   KKKKKKKK
                                       ZZZZZZZZZZZZZZZZZZZZ                AAAA  AAA   KKKKKKKK
                                       ZZZZZZZZZZZZZZZZZZZ                AAAA   AAA   KKKKKKKK          K
                                       ZZZZZZZZZZZZZZZZZZ                AAAA    AAA   KKKKKKKK         KKK
                                       ZZZZZZZZZZZZZZZZZ                AAAA     AAA   KKKKKKKK        KKKKK
                                       ZZZZZZZZZZZZZZZZ                AAAA      AAA   KKKKKKKK       KKKKKKK
                                                ZZZZZZ                AAAA       AAA   KKKKKKKK      KKKKKKK
                                               ZZZZZZ                AAAA        AAA   KKKKKKKK     KKKKKKK
                                              ZZZZZZ                AAAA         AAA   KKKKKKKK    KKKKKKK
                                             ZZZZZZ                AAAA          AAA   KKKKKKKK   KKKKKKK
                                            ZZZZZZ                AAAAAAAAAAAAAAAAAA   KKKKKKKK  KKKKKKK
                                           ZZZZZZ                AAAAAAAAAAAAAAAAAAA   KKKKKKKK KKKKKKK
                                          ZZZZZZ                AAAAAAAAAAAAAAAAAAAA   KKKKKKKKKKKKKKK
                                         ZZZZZZ                AAAAAAAAAAAAAAAAAAAAA   KKKKKKKKKKKKKK
                                        ZZZZZZ                AAAAAA        AAAAAAAA   KKKKKKKKKKKKK
                                       ZZZZZZ                AAAAAA         AAAAAAAA   KKKKKKKKKKKK
                                      ZZZZZZ                AAAAAA          AAAAAAAA   KKKKKKKKKKK
                                     ZZZZZZ                AAAAAA           AAAAAAAA   KKKKKKKKKKKK
                                    ZZZZZZ                AAAAAA            AAAAAAAA   KKKKKKKKKKKKK
                                   ZZZZZZ                AAAAAA             AAAAAAAA   KKKKKKKKKKKKKK
                                  ZZZZZZ                AAAAAA              AAAAAAAA   KKKKKKKKKKKKKKK
                                 ZZZZZZ                AAAAAA               AAAAAAAA   KKKKK KKKKKKKKKK
                                ZZZZZZ                AAAAAA                AAAAAAAA   KKKKK  KKKKKKKKKK
                               ZZZZZZ                AAAAAA                            KKKKK   KKKKKKKKKK
                              ZZZZZZ                AAAAAA                             KKKKK    KKKKKKKKKK
                             ZZZZZZ                                                    KKKKK     KKKKKKKKKK
                            ZZZZZZ                                                     KKKKK      KKKKKKKKKK
                           ZZZZZZ                                                      KKKKK       KKKKKKKKKK
                          ZZZZZZ                                                       KKKKK        KKKKKKKKKK
                         ZZZZZZZZZZZZZZZZZZZZZZZZZZZZZZZZZZZZZZZZ                      KKKKK         KKKKKKKKKK
                        ZZZZZZZZZZZZZZZZZZZZZZZZZZZZZZZZZZZZZZZZZ                      KKKKK          KKKKKKKKKK
                       ZZZZZZZZZZZZZZZZZZZZZZZZZZZZZZZZZZZZZZZZZZ                      KKKKK           KKKKKKKKKK
                       ZZZZZZZZZZZZZZZZZZZZZZZZZZZZZZZZZZZZZZZZZZ                      KKKKK            KKKKKKKKKK
                       ZZZZZZZZZZZZZZZZZZZZZZZZZZZZZZZZZZZZZZZZZZ                      KKKKK             KKKKKKKKKK
                       ZZZZZZZZZZZZZZZZZZZZZZZZZZZZZZZZZZZZZZZZZZ                      KKKKK              KKKKKKKKKK
                       ZZZZZZZZZZZZZZZZZZZZZZZZZZZZZZZZZZZZZZZZZZ                      KKKKK               KKKKKKKKKK
                       ZZZZZZZZZZZZZZZZZZZZZZZZZZZZZZZZZZZZZZZZZZ                      KKKKK                KKKKKKKKKK
                       ZZZZZZZZZZZZZZZZZZZZZZZZZZZZZZZZZZZZZZZZZZ                      KKKKK
                                                                                       KKKKK
                                                                                          (J.P.)
 Job cpu time:       0 days  0 hours  0 minutes  1.0 seconds.
 File lengths (MBytes):  RWF=     84 Int=      0 D2E=      0 Chk=      2 Scr=      2
 Normal termination of Gaussian 09 at Fri Feb 17 14:54:43 2017.
