 Entering Gaussian System, Link 0=g09
 AtFile(1): H.gbs
            H     0
            S   10   1.00
               1000.000000000000            0.000068713567
                316.227766000000            0.000169141320
                100.000000000000            0.000823394812
                 31.622776600000            0.003425569236
                 10.000000000000            0.013951996000
                  3.162277660000            0.056909313560
                  1.000000000000            0.198286399900
                  0.316227766000            0.496922426700
                  0.100000000000            0.369846276400
                  0.031622776600            0.003752720039
            ****
 Initial command:
 /projects/guscus/apps/gau/g09-e1/g09/l1.exe "/users/lcj1/gaussian/h12/rhfstability/rect/guess/ag2bu4/Gau-14446.inp" -scrdir="/users/lcj1/gaussian/h12/rhfstability/rect/guess/ag2bu4/"
 Entering Link 1 = /projects/guscus/apps/gau/g09-e1/g09/l1.exe PID=     14447.
  
 Copyright (c) 1988,1990,1992,1993,1995,1998,2003,2009,2015,
            Gaussian, Inc.  All Rights Reserved.
  
 This is part of the Gaussian(R) 09 program.  It is based on
 the Gaussian(R) 03 system (copyright 2003, Gaussian, Inc.),
 the Gaussian(R) 98 system (copyright 1998, Gaussian, Inc.),
 the Gaussian(R) 94 system (copyright 1995, Gaussian, Inc.),
 the Gaussian 92(TM) system (copyright 1992, Gaussian, Inc.),
 the Gaussian 90(TM) system (copyright 1990, Gaussian, Inc.),
 the Gaussian 88(TM) system (copyright 1988, Gaussian, Inc.),
 the Gaussian 86(TM) system (copyright 1986, Carnegie Mellon
 University), and the Gaussian 82(TM) system (copyright 1983,
 Carnegie Mellon University). Gaussian is a federally registered
 trademark of Gaussian, Inc.
  
 This software contains proprietary and confidential information,
 including trade secrets, belonging to Gaussian, Inc.
  
 This software is provided under written license and may be
 used, copied, transmitted, or stored only in accord with that
 written license.
  
 The following legend is applicable only to US Government
 contracts under FAR:
  
                    RESTRICTED RIGHTS LEGEND
  
 Use, reproduction and disclosure by the US Government is
 subject to restrictions as set forth in subparagraphs (a)
 and (c) of the Commercial Computer Software - Restricted
 Rights clause in FAR 52.227-19.
  
 Gaussian, Inc.
 340 Quinnipiac St., Bldg. 40, Wallingford CT 06492
  
  
 ---------------------------------------------------------------
 Warning -- This program may not be used in any manner that
 competes with the business of Gaussian, Inc. or will provide
 assistance to any competitor of Gaussian, Inc.  The licensee
 of this program is prohibited from giving any competitor of
 Gaussian, Inc. access to this program.  By using this program,
 the user acknowledges that Gaussian, Inc. is engaged in the
 business of creating and licensing software in the field of
 computational chemistry and represents and warrants to the
 licensee that it is not a competitor of Gaussian, Inc. and that
 it will not use this program in any manner prohibited above.
 ---------------------------------------------------------------
  

 Cite this work as:
 Gaussian 09, Revision E.01,
 M. J. Frisch, G. W. Trucks, H. B. Schlegel, G. E. Scuseria, 
 M. A. Robb, J. R. Cheeseman, G. Scalmani, V. Barone, B. Mennucci, 
 G. A. Petersson, H. Nakatsuji, M. Caricato, X. Li, H. P. Hratchian, 
 A. F. Izmaylov, J. Bloino, G. Zheng, J. L. Sonnenberg, M. Hada, 
 M. Ehara, K. Toyota, R. Fukuda, J. Hasegawa, M. Ishida, T. Nakajima, 
 Y. Honda, O. Kitao, H. Nakai, T. Vreven, J. A. Montgomery, Jr., 
 J. E. Peralta, F. Ogliaro, M. Bearpark, J. J. Heyd, E. Brothers, 
 K. N. Kudin, V. N. Staroverov, T. Keith, R. Kobayashi, J. Normand, 
 K. Raghavachari, A. Rendell, J. C. Burant, S. S. Iyengar, J. Tomasi, 
 M. Cossi, N. Rega, J. M. Millam, M. Klene, J. E. Knox, J. B. Cross, 
 V. Bakken, C. Adamo, J. Jaramillo, R. Gomperts, R. E. Stratmann, 
 O. Yazyev, A. J. Austin, R. Cammi, C. Pomelli, J. W. Ochterski, 
 R. L. Martin, K. Morokuma, V. G. Zakrzewski, G. A. Voth, 
 P. Salvador, J. J. Dannenberg, S. Dapprich, A. D. Daniels, 
 O. Farkas, J. B. Foresman, J. V. Ortiz, J. Cioslowski, 
 and D. J. Fox, Gaussian, Inc., Wallingford CT, 2013.
 
 ******************************************
 Gaussian 09:  ES64L-G09RevE.01 30-Nov-2015
                17-Feb-2017 
 ******************************************
 %chk=h12.chk
 ----------------------------------------------------------------------
 #rhf/gen scf(symm,tight,novaracc,noincfock,fulldiag) stable(crhf) gues
 s=read geom=nocrowd test
 ----------------------------------------------------------------------
 1/38=1/1;
 2/12=1,17=6,18=5,40=1/2;
 3/5=7,16=1,25=1,30=1,116=1/1,2,3;
 4/5=1,9=4/1;
 5/5=100002,15=2,16=1,32=2,38=6/2;
 8/6=1,10=90,11=11/1,4;
 9/8=4,13=1/2;
 6/7=2,8=2,9=2,10=2,28=1/1;
 99/5=1,9=1/99;
 ----------------------------------------------------------------------
 hf stability analysis of h12 triangular lattice, y= 0.4860043606964989
 9
 ----------------------------------------------------------------------
 Symbolic Z-matrix:
 Charge =  0 Multiplicity = 1
 H
 H                    1     1.28352 
 H                    1     1.28352  2     135.5 
 H                    2     1.28352  1     44.5     3     0.       0
 H                    2     1.28352  1     180.     3     0.       0
 H                    4     1.28352  3     180.     5     0.       0
 H                    6     1.28352  5     180.     3     0.       0
 H                    4     1.28352  2     180.     3     0.       0
 H                    3     1.28352  1     180.     4     0.       0
 H                    9     1.28352  3     180.     4     0.       0
 H                    8     1.28352  4     180.     3     0.       0
 H                    7     1.28352  6     180.     3     0.       0
 
                          Input orientation:                          
 ---------------------------------------------------------------------
 Center     Atomic      Atomic             Coordinates (Angstroms)
 Number     Number       Type             X           Y           Z
 ---------------------------------------------------------------------
      1          1           0        0.000000    0.000000    0.000000
      2          1           0        0.000000    0.000000    1.283523
      3          1           0        0.899633    0.000000   -0.915474
      4          1           0        0.899633    0.000000    0.368050
      5          1           0        0.000000    0.000000    2.567047
      6          1           0        0.899633    0.000000    1.651573
      7          1           0        1.799267    0.000000    0.736099
      8          1           0        1.799267    0.000000   -0.547424
      9          1           0        1.799267    0.000000   -1.830947
     10          1           0        2.698900    0.000000   -2.746421
     11          1           0        2.698900    0.000000   -1.462897
     12          1           0        2.698900    0.000000   -0.179374
 ---------------------------------------------------------------------
                    Distance matrix (angstroms):
                    1          2          3          4          5
     1  H    0.000000
     2  H    1.283523   0.000000
     3  H    1.283523   2.375906   0.000000
     4  H    0.972009   1.283523   1.283523   0.000000
     5  H    2.567047   1.283523   3.596844   2.375906   0.000000
     6  H    1.880700   0.972009   2.567047   1.283523   1.283523
     7  H    1.944017   1.880700   1.880700   0.972009   2.567047
     8  H    1.880700   2.567047   0.972009   1.283523   3.596844
     9  H    2.567047   3.596844   1.283523   2.375906   4.751811
    10  H    3.850570   4.850208   2.567047   3.596844   5.959614
    11  H    3.069875   3.850570   1.880700   2.567047   4.850208
    12  H    2.704854   3.069875   1.944017   1.880700   3.850570
                    6          7          8          9         10
     6  H    0.000000
     7  H    1.283523   0.000000
     8  H    2.375906   1.283523   0.000000
     9  H    3.596844   2.567047   1.283523   0.000000
    10  H    4.751811   3.596844   2.375906   1.283523   0.000000
    11  H    3.596844   2.375906   1.283523   0.972009   1.283523
    12  H    2.567047   1.283523   0.972009   1.880700   2.567047
                   11         12
    11  H    0.000000
    12  H    1.283523   0.000000
 Stoichiometry    H12
 Framework group  C2H[SGH(H12)]
 Deg. of freedom    11
 Full point group                 C2H     NOp   4
 Largest Abelian subgroup         C2H     NOp   4
 Largest concise Abelian subgroup C2      NOp   2
                         Standard orientation:                         
 ---------------------------------------------------------------------
 Center     Atomic      Atomic             Coordinates (Angstroms)
 Number     Number       Type             X           Y           Z
 ---------------------------------------------------------------------
      1          1           0        0.899633    1.009811   -0.000000
      2          1           0        0.000000    1.925285   -0.000000
      3          1           0        0.899633   -0.273712    0.000000
      4          1           0        0.000000    0.641762   -0.000000
      5          1           0       -0.899633    2.840759   -0.000000
      6          1           0       -0.899633    1.557235   -0.000000
      7          1           0       -0.899633    0.273712    0.000000
      8          1           0       -0.000000   -0.641762   -0.000000
      9          1           0        0.899633   -1.557235   -0.000000
     10          1           0        0.899633   -2.840759   -0.000000
     11          1           0       -0.000000   -1.925285   -0.000000
     12          1           0       -0.899633   -1.009811    0.000000
 ---------------------------------------------------------------------
 Rotational constants (GHZ):    103.5810590     15.1727323     13.2341685
 General basis read from cards:  (5D, 7F)
 There are     6 symmetry adapted cartesian basis functions of AG  symmetry.
 There are     0 symmetry adapted cartesian basis functions of BG  symmetry.
 There are     0 symmetry adapted cartesian basis functions of AU  symmetry.
 There are     6 symmetry adapted cartesian basis functions of BU  symmetry.
 There are     6 symmetry adapted basis functions of AG  symmetry.
 There are     0 symmetry adapted basis functions of BG  symmetry.
 There are     0 symmetry adapted basis functions of AU  symmetry.
 There are     6 symmetry adapted basis functions of BU  symmetry.
    12 basis functions,   120 primitive gaussians,    12 cartesian basis functions
     6 alpha electrons        6 beta electrons
       nuclear repulsion energy        18.6994115162 Hartrees.
 NAtoms=   12 NActive=   12 NUniq=    6 SFac= 4.00D+00 NAtFMM=   60 NAOKFM=F Big=F
 Integral buffers will be    131072 words long.
 Regular integral format.
 Two-electron integral symmetry is turned on.
 One-electron integrals computed using PRISM.
 NBasis=    12 RedAO= T EigKep=  1.69D-01  NBF=     6     0     0     6
 NBsUse=    12 1.00D-06 EigRej= -1.00D+00 NBFU=     6     0     0     6
 Initial guess from the checkpoint file:  "h12.chk"
 B after Tr=    -0.000000    0.000000   -0.000000
         Rot=    0.999999    0.000000    0.000000   -0.001518 Ang=  -0.17 deg.
 Initial guess orbital symmetries:
       Occupied  (AG) (BU) (AG) (BU) (BU) (BU)
       Virtual   (AG) (AG) (AG) (BU) (AG) (BU)
 Keep R1 ints in memory in symmetry-blocked form, NReq=901488.
 Requested convergence on RMS density matrix=1.00D-08 within 128 cycles.
 Requested convergence on MAX density matrix=1.00D-06.
 Requested convergence on             energy=1.00D-06.
 No special actions if energy rises.
 SCF Done:  E(RHF) =  -5.36556880592     A.U. after    9 cycles
            NFock=  9  Conv=0.93D-08     -V/T= 1.7585
 Range of M.O.s used for correlation:     1    12
 NBasis=    12 NAE=     6 NBE=     6 NFC=     0 NFV=     0
 NROrb=     12 NOA=     6 NOB=     6 NVA=     6 NVB=     6

 **** Warning!!: The smallest alpha delta epsilon is -0.93088004D-01

 Semi-Direct transformation.
 ModeAB=           4 MOrb=             6 LenV=     134086411
 LASXX=         2181 LTotXX=        2181 LenRXX=        5115
 LTotAB=        2934 MaxLAS=        3024 LenRXY=           0
 NonZer=        7296 LenScr=      655360 LnRSAI=        3024
 LnScr1=      655360 LExtra=           0 Total=      1318859
 MaxDsk=          -1 SrtSym=           T ITran=            3
 JobTyp=0 Pass  1:  I=   1 to   6.
 (rs|ai) integrals will be sorted in core.
 Spin components of T(2) and E(2):
     alpha-alpha T2 =       0.1325672347D-01 E2=     -0.1105095310D-01
     alpha-beta  T2 =       0.8367902736D+01 E2=     -0.5816456325D+00
     beta-beta   T2 =       0.1325672347D-01 E2=     -0.1105095310D-01
 ANorm=    0.3065031188D+01
 E2 =    -0.6037475387D+00 EUMP2 =    -0.59693163446131D+01
 Second order stability test of a single determinant RHF wave function:
 Stabil:  MDV=134217728
 ***********************************************************************
 Matrix         Lowest Root    Major Pairs
 ***********************************************************************
 Internal RHF    -0.294218     6A=7A
 RRHF --> CRHF   -0.3248866    6A=7A
 RRHF --> RUHF   -0.5246294    6A=8B 6A=7B 5A=8B
 Not stable.
 ***********************************************************************

 **********************************************************************

            Population analysis using the SCF density.

 **********************************************************************

 Orbital symmetries:
       Occupied  (AG) (BU) (AG) (BU) (BU) (BU)
       Virtual   (AG) (AG) (AG) (BU) (AG) (BU)
 The electronic state is 1-AG.
 Alpha  occ. eigenvalues --   -0.91809  -0.74967  -0.57021  -0.54150  -0.37253
 Alpha  occ. eigenvalues --    0.02299
 Alpha virt. eigenvalues --   -0.07010   0.05790   0.28313   0.32231   0.51762
 Alpha virt. eigenvalues --    0.58427
          Condensed to atoms (all electrons):
               1          2          3          4          5          6
     1  H    0.686374  -0.216822   0.066377   0.449974   0.018313  -0.086926
     2  H   -0.216822   1.442358   0.057025  -0.358501  -0.295454   0.543584
     3  H    0.066377   0.057025   1.054449  -0.214641  -0.003940  -0.002348
     4  H    0.449974  -0.358501  -0.214641   1.328148   0.014590  -0.174541
     5  H    0.018313  -0.295454  -0.003940   0.014590   1.493223  -0.047300
     6  H   -0.086926   0.543584  -0.002348  -0.174541  -0.047300   0.665471
     7  H    0.005347  -0.159690  -0.209581   0.495778   0.002000  -0.090017
     8  H   -0.116708   0.057499   0.495778  -0.375216  -0.006612   0.022534
     9  H    0.022365  -0.007001  -0.090017   0.022534   0.001430  -0.002411
    10  H   -0.004396   0.002807   0.002000  -0.006612  -0.000554   0.001430
    11  H    0.016749  -0.014139  -0.159690   0.057499   0.002807  -0.007001
    12  H   -0.051071   0.016749   0.005347  -0.116708  -0.004396   0.022365
               7          8          9         10         11         12
     1  H    0.005347  -0.116708   0.022365  -0.004396   0.016749  -0.051071
     2  H   -0.159690   0.057499  -0.007001   0.002807  -0.014139   0.016749
     3  H   -0.209581   0.495778  -0.090017   0.002000  -0.159690   0.005347
     4  H    0.495778  -0.375216   0.022534  -0.006612   0.057499  -0.116708
     5  H    0.002000  -0.006612   0.001430  -0.000554   0.002807  -0.004396
     6  H   -0.090017   0.022534  -0.002411   0.001430  -0.007001   0.022365
     7  H    1.054449  -0.214641  -0.002348  -0.003940   0.057025   0.066377
     8  H   -0.214641   1.328148  -0.174541   0.014590  -0.358501   0.449974
     9  H   -0.002348  -0.174541   0.665471  -0.047300   0.543584  -0.086926
    10  H   -0.003940   0.014590  -0.047300   1.493223  -0.295454   0.018313
    11  H    0.057025  -0.358501   0.543584  -0.295454   1.442358  -0.216822
    12  H    0.066377   0.449974  -0.086926   0.018313  -0.216822   0.686374
 Mulliken charges:
               1
     1  H    0.210425
     2  H   -0.068416
     3  H   -0.000758
     4  H   -0.122303
     5  H   -0.174107
     6  H    0.155159
     7  H   -0.000758
     8  H   -0.122303
     9  H    0.155159
    10  H   -0.174107
    11  H   -0.068416
    12  H    0.210425
 Sum of Mulliken charges =  -0.00000
 Mulliken charges with hydrogens summed into heavy atoms:
               1
 Electronic spatial extent (au):  <R**2>=            180.7231
 Charge=             -0.0000 electrons
 Dipole moment (field-independent basis, Debye):
    X=              0.0000    Y=              0.0000    Z=              0.0000  Tot=              0.0000
 Quadrupole moment (field-independent basis, Debye-Ang):
   XX=            -14.5592   YY=            -31.6963   ZZ=            -14.8253
   XY=              7.0329   XZ=             -0.0000   YZ=             -0.0000
 Traceless Quadrupole moment (field-independent basis, Debye-Ang):
   XX=              5.8010   YY=            -11.3360   ZZ=              5.5350
   XY=              7.0329   XZ=             -0.0000   YZ=             -0.0000
 Octapole moment (field-independent basis, Debye-Ang**2):
  XXX=              0.0000  YYY=             -0.0000  ZZZ=              0.0000  XYY=              0.0000
  XXY=             -0.0000  XXZ=              0.0000  XZZ=              0.0000  YZZ=             -0.0000
  YYZ=              0.0000  XYZ=             -0.0000
 Hexadecapole moment (field-independent basis, Debye-Ang**3):
 XXXX=            -68.0330 YYYY=           -462.1362 ZZZZ=            -17.4386 XXXY=             36.8202
 XXXZ=              0.0000 YYYX=             94.0845 YYYZ=             -0.0000 ZZZX=              0.0000
 ZZZY=             -0.0000 XXYY=            -72.9344 XXZZ=            -14.3691 YYZZ=            -50.1408
 XXYZ=             -0.0000 YYXZ=              0.0000 ZZXY=             10.4793
 N-N= 1.869941151615D+01 E-N=-4.894559219199D+01  KE= 7.073625518578D+00
 Symmetry AG   KE= 1.504335693192D+00
 Symmetry BG   KE= 0.000000000000D+00
 Symmetry AU   KE= 0.000000000000D+00
 Symmetry BU   KE= 5.569289825387D+00

 Test job not archived.
 1\1\GINC-SULU\Stability\RHF\Gen\H12\LCJ1\17-Feb-2017\0\\#rhf/gen scf(s
 ymm,tight,novaracc,noincfock,fulldiag) stable(crhf) guess=read geom=no
 crowd test\\hf stability analysis of h12 triangular lattice, y= 0.4860
 0436069649899\\0,1\H\H,1,1.283523366\H,1,1.283523366,2,135.5\H,2,1.283
 523366,1,44.5,3,0.,0\H,2,1.283523366,1,180.,3,0.,0\H,4,1.283523366,3,1
 80.,5,0.,0\H,6,1.283523366,5,180.,3,0.,0\H,4,1.283523366,2,180.,3,0.,0
 \H,3,1.283523366,1,180.,4,0.,0\H,9,1.283523366,3,180.,4,0.,0\H,8,1.283
 523366,4,180.,3,0.,0\H,7,1.283523366,6,180.,3,0.,0\\Version=ES64L-G09R
 evE.01\State=1-AG\HF=-5.3655688\MP2=-5.9693163\RMSD=9.340e-09\Dipole=0
 .,0.,0.\Quadrupole=3.2816307,4.115111,-7.3967416,0.,6.2782536,0.\PG=C0
 2H [SGH(H12)]\\@


 IT PROBABLY IS NOT POSSIBLE FOR A SCIENTIST TO INTERROGATE NATURE 
 FROM A WHOLLY DISINTERESTED VIEWPOINT.
 EVEN IF HE HAS NO PARTICULAR AXE TO GRIND, HE IS LIKELY TO HAVE 
 A DISTINCTIVE WAY OF VIEWING NATURE.

                                                   -- JOHN LOSEE
 Job cpu time:       0 days  0 hours  0 minutes  1.1 seconds.
 File lengths (MBytes):  RWF=     84 Int=      0 D2E=      0 Chk=      2 Scr=      2
 Normal termination of Gaussian 09 at Fri Feb 17 14:55:52 2017.
