 Entering Gaussian System, Link 0=g09
 AtFile(1): H.gbs
            H     0
            S   10   1.00
               1000.000000000000            0.000068713567
                316.227766000000            0.000169141320
                100.000000000000            0.000823394812
                 31.622776600000            0.003425569236
                 10.000000000000            0.013951996000
                  3.162277660000            0.056909313560
                  1.000000000000            0.198286399900
                  0.316227766000            0.496922426700
                  0.100000000000            0.369846276400
                  0.031622776600            0.003752720039
            ****
 Initial command:
 /projects/guscus/apps/gau/g09-e1/g09/l1.exe "/users/lcj1/gaussian/h12/rhfstability/rect/guess/ag2bu4/Gau-20456.inp" -scrdir="/users/lcj1/gaussian/h12/rhfstability/rect/guess/ag2bu4/"
 Entering Link 1 = /projects/guscus/apps/gau/g09-e1/g09/l1.exe PID=     20457.
  
 Copyright (c) 1988,1990,1992,1993,1995,1998,2003,2009,2015,
            Gaussian, Inc.  All Rights Reserved.
  
 This is part of the Gaussian(R) 09 program.  It is based on
 the Gaussian(R) 03 system (copyright 2003, Gaussian, Inc.),
 the Gaussian(R) 98 system (copyright 1998, Gaussian, Inc.),
 the Gaussian(R) 94 system (copyright 1995, Gaussian, Inc.),
 the Gaussian 92(TM) system (copyright 1992, Gaussian, Inc.),
 the Gaussian 90(TM) system (copyright 1990, Gaussian, Inc.),
 the Gaussian 88(TM) system (copyright 1988, Gaussian, Inc.),
 the Gaussian 86(TM) system (copyright 1986, Carnegie Mellon
 University), and the Gaussian 82(TM) system (copyright 1983,
 Carnegie Mellon University). Gaussian is a federally registered
 trademark of Gaussian, Inc.
  
 This software contains proprietary and confidential information,
 including trade secrets, belonging to Gaussian, Inc.
  
 This software is provided under written license and may be
 used, copied, transmitted, or stored only in accord with that
 written license.
  
 The following legend is applicable only to US Government
 contracts under FAR:
  
                    RESTRICTED RIGHTS LEGEND
  
 Use, reproduction and disclosure by the US Government is
 subject to restrictions as set forth in subparagraphs (a)
 and (c) of the Commercial Computer Software - Restricted
 Rights clause in FAR 52.227-19.
  
 Gaussian, Inc.
 340 Quinnipiac St., Bldg. 40, Wallingford CT 06492
  
  
 ---------------------------------------------------------------
 Warning -- This program may not be used in any manner that
 competes with the business of Gaussian, Inc. or will provide
 assistance to any competitor of Gaussian, Inc.  The licensee
 of this program is prohibited from giving any competitor of
 Gaussian, Inc. access to this program.  By using this program,
 the user acknowledges that Gaussian, Inc. is engaged in the
 business of creating and licensing software in the field of
 computational chemistry and represents and warrants to the
 licensee that it is not a competitor of Gaussian, Inc. and that
 it will not use this program in any manner prohibited above.
 ---------------------------------------------------------------
  

 Cite this work as:
 Gaussian 09, Revision E.01,
 M. J. Frisch, G. W. Trucks, H. B. Schlegel, G. E. Scuseria, 
 M. A. Robb, J. R. Cheeseman, G. Scalmani, V. Barone, B. Mennucci, 
 G. A. Petersson, H. Nakatsuji, M. Caricato, X. Li, H. P. Hratchian, 
 A. F. Izmaylov, J. Bloino, G. Zheng, J. L. Sonnenberg, M. Hada, 
 M. Ehara, K. Toyota, R. Fukuda, J. Hasegawa, M. Ishida, T. Nakajima, 
 Y. Honda, O. Kitao, H. Nakai, T. Vreven, J. A. Montgomery, Jr., 
 J. E. Peralta, F. Ogliaro, M. Bearpark, J. J. Heyd, E. Brothers, 
 K. N. Kudin, V. N. Staroverov, T. Keith, R. Kobayashi, J. Normand, 
 K. Raghavachari, A. Rendell, J. C. Burant, S. S. Iyengar, J. Tomasi, 
 M. Cossi, N. Rega, J. M. Millam, M. Klene, J. E. Knox, J. B. Cross, 
 V. Bakken, C. Adamo, J. Jaramillo, R. Gomperts, R. E. Stratmann, 
 O. Yazyev, A. J. Austin, R. Cammi, C. Pomelli, J. W. Ochterski, 
 R. L. Martin, K. Morokuma, V. G. Zakrzewski, G. A. Voth, 
 P. Salvador, J. J. Dannenberg, S. Dapprich, A. D. Daniels, 
 O. Farkas, J. B. Foresman, J. V. Ortiz, J. Cioslowski, 
 and D. J. Fox, Gaussian, Inc., Wallingford CT, 2013.
 
 ******************************************
 Gaussian 09:  ES64L-G09RevE.01 30-Nov-2015
                17-Feb-2017 
 ******************************************
 %chk=h12.chk
 ----------------------------------------------------------------------
 #rhf/gen scf(symm,tight,novaracc,noincfock,fulldiag) stable(crhf) gues
 s=read geom=nocrowd test
 ----------------------------------------------------------------------
 1/38=1/1;
 2/12=1,17=6,18=5,40=1/2;
 3/5=7,16=1,25=1,30=1,116=1/1,2,3;
 4/5=1,9=4/1;
 5/5=100002,15=2,16=1,32=2,38=6/2;
 8/6=1,10=90,11=11/1,4;
 9/8=4,13=1/2;
 6/7=2,8=2,9=2,10=2,28=1/1;
 99/5=1,9=1/99;
 ----------------------------------------------------------------------
 hf stability analysis of h12 triangular lattice, y= 0.6269799200977310
 7
 ----------------------------------------------------------------------
 Symbolic Z-matrix:
 Charge =  0 Multiplicity = 1
 H
 H                    1     1.11403 
 H                    1     1.11403  2     111.5 
 H                    2     1.11403  1     68.5     3     0.       0
 H                    2     1.11403  1     180.     3     0.       0
 H                    4     1.11403  3     180.     5     0.       0
 H                    6     1.11403  5     180.     3     0.       0
 H                    4     1.11403  2     180.     3     0.       0
 H                    3     1.11403  1     180.     4     0.       0
 H                    9     1.11403  3     180.     4     0.       0
 H                    8     1.11403  4     180.     3     0.       0
 H                    7     1.11403  6     180.     3     0.       0
 
                          Input orientation:                          
 ---------------------------------------------------------------------
 Center     Atomic      Atomic             Coordinates (Angstroms)
 Number     Number       Type             X           Y           Z
 ---------------------------------------------------------------------
      1          1           0        0.000000    0.000000    0.000000
      2          1           0        0.000000    0.000000    1.114027
      3          1           0        1.036510    0.000000   -0.408292
      4          1           0        1.036510    0.000000    0.705735
      5          1           0        0.000000    0.000000    2.228054
      6          1           0        1.036510    0.000000    1.819762
      7          1           0        2.073021    0.000000    1.411470
      8          1           0        2.073021    0.000000    0.297442
      9          1           0        2.073021    0.000000   -0.816585
     10          1           0        3.109531    0.000000   -1.224877
     11          1           0        3.109531    0.000000   -0.110850
     12          1           0        3.109531    0.000000    1.003177
 ---------------------------------------------------------------------
                    Distance matrix (angstroms):
                    1          2          3          4          5
     1  H    0.000000
     2  H    1.114027   0.000000
     3  H    1.114027   1.841687   0.000000
     4  H    1.253960   1.114027   1.114027   0.000000
     5  H    2.228054   1.114027   2.832786   1.841687   0.000000
     6  H    2.094251   1.253960   2.228054   1.114027   1.114027
     7  H    2.507920   2.094251   2.094251   1.253960   2.228054
     8  H    2.094251   2.228054   1.253960   1.114027   2.832786
     9  H    2.228054   2.832786   1.114027   1.841687   3.683373
    10  H    3.342081   3.890971   2.228054   2.832786   4.646710
    11  H    3.111506   3.342081   2.094251   2.228054   3.890971
    12  H    3.267346   3.111506   2.507920   2.094251   3.342081
                    6          7          8          9         10
     6  H    0.000000
     7  H    1.114027   0.000000
     8  H    1.841687   1.114027   0.000000
     9  H    2.832786   2.228054   1.114027   0.000000
    10  H    3.683373   2.832786   1.841687   1.114027   0.000000
    11  H    2.832786   1.841687   1.114027   1.253960   1.114027
    12  H    2.228054   1.114027   1.253960   2.094251   2.228054
                   11         12
    11  H    0.000000
    12  H    1.114027   0.000000
 Stoichiometry    H12
 Framework group  C2H[SGH(H12)]
 Deg. of freedom    11
 Full point group                 C2H     NOp   4
 Largest Abelian subgroup         C2H     NOp   4
 Largest concise Abelian subgroup C2      NOp   2
                         Standard orientation:                         
 ---------------------------------------------------------------------
 Center     Atomic      Atomic             Coordinates (Angstroms)
 Number     Number       Type             X           Y           Z
 ---------------------------------------------------------------------
      1          1           0        1.036510    1.262748    0.000000
      2          1           0        0.000000    1.671041    0.000000
      3          1           0        1.036510    0.148721    0.000000
      4          1           0        0.000000    0.557014    0.000000
      5          1           0       -1.036510    2.079333   -0.000000
      6          1           0       -1.036510    0.965306   -0.000000
      7          1           0       -1.036510   -0.148721    0.000000
      8          1           0       -0.000000   -0.557014   -0.000000
      9          1           0        1.036510   -0.965306   -0.000000
     10          1           0        1.036510   -2.079333   -0.000000
     11          1           0       -0.000000   -1.671041   -0.000000
     12          1           0       -1.036510   -1.262748    0.000000
 ---------------------------------------------------------------------
 Rotational constants (GHZ):     65.4471123     24.0133995     17.5676130
 General basis read from cards:  (5D, 7F)
 There are     6 symmetry adapted cartesian basis functions of AG  symmetry.
 There are     0 symmetry adapted cartesian basis functions of BG  symmetry.
 There are     0 symmetry adapted cartesian basis functions of AU  symmetry.
 There are     6 symmetry adapted cartesian basis functions of BU  symmetry.
 There are     6 symmetry adapted basis functions of AG  symmetry.
 There are     0 symmetry adapted basis functions of BG  symmetry.
 There are     0 symmetry adapted basis functions of AU  symmetry.
 There are     6 symmetry adapted basis functions of BU  symmetry.
    12 basis functions,   120 primitive gaussians,    12 cartesian basis functions
     6 alpha electrons        6 beta electrons
       nuclear repulsion energy        19.8550458296 Hartrees.
 NAtoms=   12 NActive=   12 NUniq=    6 SFac= 4.00D+00 NAtFMM=   60 NAOKFM=F Big=F
 Integral buffers will be    131072 words long.
 Regular integral format.
 Two-electron integral symmetry is turned on.
 One-electron integrals computed using PRISM.
 NBasis=    12 RedAO= T EigKep=  1.44D-01  NBF=     6     0     0     6
 NBsUse=    12 1.00D-06 EigRej= -1.00D+00 NBFU=     6     0     0     6
 Initial guess from the checkpoint file:  "h12.chk"
 B after Tr=     0.000000    0.000000   -0.000000
         Rot=    0.999999   -0.000000    0.000000   -0.001518 Ang=  -0.17 deg.
 Initial guess orbital symmetries:
       Occupied  (AG) (BU) (BU) (AG) (BU) (BU)
       Virtual   (AG) (AG) (BU) (AG) (AG) (BU)
 Keep R1 ints in memory in symmetry-blocked form, NReq=903966.
 Requested convergence on RMS density matrix=1.00D-08 within 128 cycles.
 Requested convergence on MAX density matrix=1.00D-06.
 Requested convergence on             energy=1.00D-06.
 No special actions if energy rises.
 SCF Done:  E(RHF) =  -5.10100497683     A.U. after   11 cycles
            NFock= 11  Conv=0.20D-08     -V/T= 1.6896
 Range of M.O.s used for correlation:     1    12
 NBasis=    12 NAE=     6 NBE=     6 NFC=     0 NFV=     0
 NROrb=     12 NOA=     6 NOB=     6 NVA=     6 NVB=     6

 **** Warning!!: The smallest alpha delta epsilon is -0.15553492D+00

 Semi-Direct transformation.
 ModeAB=           4 MOrb=             6 LenV=     134084199
 LASXX=         2181 LTotXX=        2181 LenRXX=        5115
 LTotAB=        2934 MaxLAS=        3024 LenRXY=           0
 NonZer=        7296 LenScr=      655360 LnRSAI=        3024
 LnScr1=      655360 LExtra=           0 Total=      1318859
 MaxDsk=          -1 SrtSym=           T ITran=            3
 JobTyp=0 Pass  1:  I=   1 to   6.
 (rs|ai) integrals will be sorted in core.
 Spin components of T(2) and E(2):
     alpha-alpha T2 =       0.1589571012D-01 E2=     -0.1523785687D-01
     alpha-beta  T2 =       0.1106859032D+01 E2=     -0.1589132358D+00
     beta-beta   T2 =       0.1589571012D-01 E2=     -0.1523785687D-01
 ANorm=    0.1462412545D+01
 E2 =    -0.1893889495D+00 EUMP2 =    -0.52903939263443D+01
 Second order stability test of a single determinant RHF wave function:
 Stabil:  MDV=134217728
 ***********************************************************************
 Matrix         Lowest Root    Major Pairs
 ***********************************************************************
 Internal RHF    -0.3357889    6A=7A
 RRHF --> CRHF   -0.4044476    6A=7A
 RRHF --> RUHF   -0.563042     6A=7B
 Not stable.
 ***********************************************************************

 **********************************************************************

            Population analysis using the SCF density.

 **********************************************************************

 Orbital symmetries:
       Occupied  (AG) (BU) (BU) (AG) (BU) (BU)
       Virtual   (AG) (AG) (BU) (AG) (AG) (BU)
 The electronic state is 1-AG.
 Alpha  occ. eigenvalues --   -0.91484  -0.73781  -0.59992  -0.51321  -0.21634
 Alpha  occ. eigenvalues --   -0.03778
 Alpha virt. eigenvalues --   -0.19331   0.08889   0.31169   0.34274   0.58922
 Alpha virt. eigenvalues --    0.75112
          Condensed to atoms (all electrons):
               1          2          3          4          5          6
     1  H    0.605891   0.254119  -0.202346   0.032360  -0.076667  -0.060056
     2  H    0.254119   1.308075  -0.257115  -0.467130   0.221363  -0.217908
     3  H   -0.202346  -0.257115   1.785934   0.429731   0.023448   0.053166
     4  H    0.032360  -0.467130   0.429731   1.619682  -0.175123   0.504320
     5  H   -0.076667   0.221363   0.023448  -0.175123   1.251088   0.036498
     6  H   -0.060056  -0.217908   0.053166   0.504320   0.036498   0.972134
     7  H    0.053522   0.113705  -0.260875  -0.155449  -0.124427  -0.261800
     8  H    0.013337   0.097281  -0.155449  -0.612767   0.025074  -0.251646
     9  H    0.054390   0.058266  -0.261800  -0.251646   0.004770  -0.059882
    10  H    0.015460   0.003058  -0.124427   0.025074  -0.002931   0.004770
    11  H   -0.023615  -0.024507   0.113705   0.097281   0.003058   0.058266
    12  H   -0.023020  -0.023615   0.053522   0.013337   0.015460   0.054390
               7          8          9         10         11         12
     1  H    0.053522   0.013337   0.054390   0.015460  -0.023615  -0.023020
     2  H    0.113705   0.097281   0.058266   0.003058  -0.024507  -0.023615
     3  H   -0.260875  -0.155449  -0.261800  -0.124427   0.113705   0.053522
     4  H   -0.155449  -0.612767  -0.251646   0.025074   0.097281   0.013337
     5  H   -0.124427   0.025074   0.004770  -0.002931   0.003058   0.015460
     6  H   -0.261800  -0.251646  -0.059882   0.004770   0.058266   0.054390
     7  H    1.785934   0.429731   0.053166   0.023448  -0.257115  -0.202346
     8  H    0.429731   1.619682   0.504320  -0.175123  -0.467130   0.032360
     9  H    0.053166   0.504320   0.972134   0.036498  -0.217908  -0.060056
    10  H    0.023448  -0.175123   0.036498   1.251088   0.221363  -0.076667
    11  H   -0.257115  -0.467130  -0.217908   0.221363   1.308075   0.254119
    12  H   -0.202346   0.032360  -0.060056  -0.076667   0.254119   0.605891
 Mulliken charges:
               1
     1  H    0.356625
     2  H   -0.065593
     3  H   -0.197496
     4  H   -0.059672
     5  H   -0.201612
     6  H    0.167747
     7  H   -0.197496
     8  H   -0.059672
     9  H    0.167747
    10  H   -0.201612
    11  H   -0.065593
    12  H    0.356625
 Sum of Mulliken charges =  -0.00000
 Mulliken charges with hydrogens summed into heavy atoms:
               1
 Electronic spatial extent (au):  <R**2>=            142.1722
 Charge=             -0.0000 electrons
 Dipole moment (field-independent basis, Debye):
    X=             -0.0000    Y=             -0.0000    Z=              0.0000  Tot=              0.0000
 Quadrupole moment (field-independent basis, Debye-Ang):
   XX=            -13.8505   YY=            -25.6598   ZZ=            -14.6120
   XY=              7.4471   XZ=              0.0000   YZ=             -0.0000
 Traceless Quadrupole moment (field-independent basis, Debye-Ang):
   XX=              4.1903   YY=             -7.6190   ZZ=              3.4287
   XY=              7.4471   XZ=              0.0000   YZ=             -0.0000
 Octapole moment (field-independent basis, Debye-Ang**2):
  XXX=             -0.0000  YYY=             -0.0000  ZZZ=              0.0000  XYY=              0.0000
  XXY=             -0.0000  XXZ=              0.0000  XZZ=             -0.0000  YZZ=             -0.0000
  YYZ=              0.0000  XYZ=             -0.0000
 Hexadecapole moment (field-independent basis, Debye-Ang**3):
 XXXX=            -78.9972 YYYY=           -266.7518 ZZZZ=            -17.0123 XXXY=             27.4023
 XXXZ=              0.0000 YYYX=             50.5359 YYYZ=             -0.0000 ZZZX=              0.0000
 ZZZY=             -0.0000 XXYY=            -50.2313 XXZZ=            -16.3981 YYZZ=            -34.6468
 XXYZ=             -0.0000 YYXZ=              0.0000 ZZXY=              6.3534
 N-N= 1.985504582963D+01 E-N=-5.126924094463D+01  KE= 7.396941455441D+00
 Symmetry AG   KE= 1.565168519540D+00
 Symmetry BG   KE= 0.000000000000D+00
 Symmetry AU   KE= 0.000000000000D+00
 Symmetry BU   KE= 5.831772935901D+00

 Test job not archived.
 1\1\GINC-SULU\Stability\RHF\Gen\H12\LCJ1\17-Feb-2017\0\\#rhf/gen scf(s
 ymm,tight,novaracc,noincfock,fulldiag) stable(crhf) guess=read geom=no
 crowd test\\hf stability analysis of h12 triangular lattice, y= 0.6269
 7992009773107\\0,1\H\H,1,1.1140270348\H,1,1.1140270348,2,111.5\H,2,1.1
 140270348,1,68.5,3,0.,0\H,2,1.1140270348,1,180.,3,0.,0\H,4,1.114027034
 8,3,180.,5,0.,0\H,6,1.1140270348,5,180.,3,0.,0\H,4,1.1140270348,2,180.
 ,3,0.,0\H,3,1.1140270348,1,180.,4,0.,0\H,9,1.1140270348,3,180.,4,0.,0\
 H,8,1.1140270348,4,180.,3,0.,0\H,7,1.1140270348,6,180.,3,0.,0\\Version
 =ES64L-G09RevE.01\State=1-AG\HF=-5.101005\MP2=-5.2903939\RMSD=1.974e-0
 9\Dipole=0.,0.,0.\Quadrupole=-0.7091782,2.5491865,-1.8400083,0.,7.0432
 323,0.\PG=C02H [SGH(H12)]\\@


 A MAN IS NEVER SO BRILLIANT AS WHEN HE TAKES THE WORDS RIGHT OUT
 OF YOUR MOUTH. -- ARNOT SHEPPARD, JR.
 Job cpu time:       0 days  0 hours  0 minutes  1.1 seconds.
 File lengths (MBytes):  RWF=     84 Int=      0 D2E=      0 Chk=      2 Scr=      2
 Normal termination of Gaussian 09 at Fri Feb 17 14:58:22 2017.
