 Entering Gaussian System, Link 0=g09
 AtFile(1): H.gbs
            H     0
            S   10   1.00
               1000.000000000000            0.000068713567
                316.227766000000            0.000169141320
                100.000000000000            0.000823394812
                 31.622776600000            0.003425569236
                 10.000000000000            0.013951996000
                  3.162277660000            0.056909313560
                  1.000000000000            0.198286399900
                  0.316227766000            0.496922426700
                  0.100000000000            0.369846276400
                  0.031622776600            0.003752720039
            ****
 Initial command:
 /projects/guscus/apps/gau/g09-e1/g09/l1.exe "/users/lcj1/gaussian/h12/rhfstability/rect/guess/ag2bu4/Gau-18404.inp" -scrdir="/users/lcj1/gaussian/h12/rhfstability/rect/guess/ag2bu4/"
 Entering Link 1 = /projects/guscus/apps/gau/g09-e1/g09/l1.exe PID=     18408.
  
 Copyright (c) 1988,1990,1992,1993,1995,1998,2003,2009,2015,
            Gaussian, Inc.  All Rights Reserved.
  
 This is part of the Gaussian(R) 09 program.  It is based on
 the Gaussian(R) 03 system (copyright 2003, Gaussian, Inc.),
 the Gaussian(R) 98 system (copyright 1998, Gaussian, Inc.),
 the Gaussian(R) 94 system (copyright 1995, Gaussian, Inc.),
 the Gaussian 92(TM) system (copyright 1992, Gaussian, Inc.),
 the Gaussian 90(TM) system (copyright 1990, Gaussian, Inc.),
 the Gaussian 88(TM) system (copyright 1988, Gaussian, Inc.),
 the Gaussian 86(TM) system (copyright 1986, Carnegie Mellon
 University), and the Gaussian 82(TM) system (copyright 1983,
 Carnegie Mellon University). Gaussian is a federally registered
 trademark of Gaussian, Inc.
  
 This software contains proprietary and confidential information,
 including trade secrets, belonging to Gaussian, Inc.
  
 This software is provided under written license and may be
 used, copied, transmitted, or stored only in accord with that
 written license.
  
 The following legend is applicable only to US Government
 contracts under FAR:
  
                    RESTRICTED RIGHTS LEGEND
  
 Use, reproduction and disclosure by the US Government is
 subject to restrictions as set forth in subparagraphs (a)
 and (c) of the Commercial Computer Software - Restricted
 Rights clause in FAR 52.227-19.
  
 Gaussian, Inc.
 340 Quinnipiac St., Bldg. 40, Wallingford CT 06492
  
  
 ---------------------------------------------------------------
 Warning -- This program may not be used in any manner that
 competes with the business of Gaussian, Inc. or will provide
 assistance to any competitor of Gaussian, Inc.  The licensee
 of this program is prohibited from giving any competitor of
 Gaussian, Inc. access to this program.  By using this program,
 the user acknowledges that Gaussian, Inc. is engaged in the
 business of creating and licensing software in the field of
 computational chemistry and represents and warrants to the
 licensee that it is not a competitor of Gaussian, Inc. and that
 it will not use this program in any manner prohibited above.
 ---------------------------------------------------------------
  

 Cite this work as:
 Gaussian 09, Revision E.01,
 M. J. Frisch, G. W. Trucks, H. B. Schlegel, G. E. Scuseria, 
 M. A. Robb, J. R. Cheeseman, G. Scalmani, V. Barone, B. Mennucci, 
 G. A. Petersson, H. Nakatsuji, M. Caricato, X. Li, H. P. Hratchian, 
 A. F. Izmaylov, J. Bloino, G. Zheng, J. L. Sonnenberg, M. Hada, 
 M. Ehara, K. Toyota, R. Fukuda, J. Hasegawa, M. Ishida, T. Nakajima, 
 Y. Honda, O. Kitao, H. Nakai, T. Vreven, J. A. Montgomery, Jr., 
 J. E. Peralta, F. Ogliaro, M. Bearpark, J. J. Heyd, E. Brothers, 
 K. N. Kudin, V. N. Staroverov, T. Keith, R. Kobayashi, J. Normand, 
 K. Raghavachari, A. Rendell, J. C. Burant, S. S. Iyengar, J. Tomasi, 
 M. Cossi, N. Rega, J. M. Millam, M. Klene, J. E. Knox, J. B. Cross, 
 V. Bakken, C. Adamo, J. Jaramillo, R. Gomperts, R. E. Stratmann, 
 O. Yazyev, A. J. Austin, R. Cammi, C. Pomelli, J. W. Ochterski, 
 R. L. Martin, K. Morokuma, V. G. Zakrzewski, G. A. Voth, 
 P. Salvador, J. J. Dannenberg, S. Dapprich, A. D. Daniels, 
 O. Farkas, J. B. Foresman, J. V. Ortiz, J. Cioslowski, 
 and D. J. Fox, Gaussian, Inc., Wallingford CT, 2013.
 
 ******************************************
 Gaussian 09:  ES64L-G09RevE.01 30-Nov-2015
                17-Feb-2017 
 ******************************************
 %chk=h12.chk
 ----------------------------------------------------------------------
 #rhf/gen scf(symm,tight,novaracc,noincfock,fulldiag) stable(crhf) gues
 s=read geom=nocrowd test
 ----------------------------------------------------------------------
 1/38=1/1;
 2/12=1,17=6,18=5,40=1/2;
 3/5=7,16=1,25=1,30=1,116=1/1,2,3;
 4/5=1,9=4/1;
 5/5=100002,15=2,16=1,32=2,38=6/2;
 8/6=1,10=90,11=11/1,4;
 9/8=4,13=1/2;
 6/7=2,8=2,9=2,10=2,28=1/1;
 99/5=1,9=1/99;
 ----------------------------------------------------------------------
 hf stability analysis of h12 triangular lattice, y= 0.5802591979462536
 9
 ----------------------------------------------------------------------
 Symbolic Z-matrix:
 Charge =  0 Multiplicity = 1
 H
 H                    1     1.15182 
 H                    1     1.15182  2     119.5 
 H                    2     1.15182  1     60.5     3     0.       0
 H                    2     1.15182  1     180.     3     0.       0
 H                    4     1.15182  3     180.     5     0.       0
 H                    6     1.15182  5     180.     3     0.       0
 H                    4     1.15182  2     180.     3     0.       0
 H                    3     1.15182  1     180.     4     0.       0
 H                    9     1.15182  3     180.     4     0.       0
 H                    8     1.15182  4     180.     3     0.       0
 H                    7     1.15182  6     180.     3     0.       0
 
                          Input orientation:                          
 ---------------------------------------------------------------------
 Center     Atomic      Atomic             Coordinates (Angstroms)
 Number     Number       Type             X           Y           Z
 ---------------------------------------------------------------------
      1          1           0        0.000000    0.000000    0.000000
      2          1           0        0.000000    0.000000    1.151824
      3          1           0        1.002497    0.000000   -0.567185
      4          1           0        1.002497    0.000000    0.584639
      5          1           0        0.000000    0.000000    2.303649
      6          1           0        1.002497    0.000000    1.736463
      7          1           0        2.004994    0.000000    1.169278
      8          1           0        2.004994    0.000000    0.017453
      9          1           0        2.004994    0.000000   -1.134371
     10          1           0        3.007491    0.000000   -1.701556
     11          1           0        3.007491    0.000000   -0.549732
     12          1           0        3.007491    0.000000    0.602092
 ---------------------------------------------------------------------
                    Distance matrix (angstroms):
                    1          2          3          4          5
     1  H    0.000000
     2  H    1.151824   0.000000
     3  H    1.151824   1.989974   0.000000
     4  H    1.160518   1.151824   1.151824   0.000000
     5  H    2.303649   1.151824   3.040837   1.989974   0.000000
     6  H    2.005070   1.160518   2.303649   1.151824   1.151824
     7  H    2.321037   2.005070   2.005070   1.160518   2.303649
     8  H    2.005070   2.303649   1.160518   1.151824   3.040837
     9  H    2.303649   3.040837   1.151824   1.989974   3.979947
    10  H    3.455473   4.145695   2.303649   3.040837   5.008660
    11  H    3.057320   3.455473   2.005070   2.303649   4.145695
    12  H    3.067168   3.057320   2.321037   2.005070   3.455473
                    6          7          8          9         10
     6  H    0.000000
     7  H    1.151824   0.000000
     8  H    1.989974   1.151824   0.000000
     9  H    3.040837   2.303649   1.151824   0.000000
    10  H    3.979947   3.040837   1.989974   1.151824   0.000000
    11  H    3.040837   1.989974   1.151824   1.160518   1.151824
    12  H    2.303649   1.151824   1.160518   2.005070   2.303649
                   11         12
    11  H    0.000000
    12  H    1.151824   0.000000
 Stoichiometry    H12
 Framework group  C2H[SGH(H12)]
 Deg. of freedom    11
 Full point group                 C2H     NOp   4
 Largest Abelian subgroup         C2H     NOp   4
 Largest concise Abelian subgroup C2      NOp   2
                         Standard orientation:                         
 ---------------------------------------------------------------------
 Center     Atomic      Atomic             Coordinates (Angstroms)
 Number     Number       Type             X           Y           Z
 ---------------------------------------------------------------------
      1          1           0        1.002497    1.160551    0.000000
      2          1           0        0.000000    1.727737    0.000000
      3          1           0        1.002497    0.008727    0.000000
      4          1           0        0.000000    0.575912    0.000000
      5          1           0       -1.002497    2.294922    0.000000
      6          1           0       -1.002497    1.143098    0.000000
      7          1           0       -1.002497   -0.008727   -0.000000
      8          1           0       -0.000000   -0.575912   -0.000000
      9          1           0        1.002497   -1.143098   -0.000000
     10          1           0        1.002497   -2.294922   -0.000000
     11          1           0       -0.000000   -1.727737   -0.000000
     12          1           0       -1.002497   -1.160551   -0.000000
 ---------------------------------------------------------------------
 Rotational constants (GHZ):     74.5538821     21.0801587     16.4335591
 General basis read from cards:  (5D, 7F)
 There are     6 symmetry adapted cartesian basis functions of AG  symmetry.
 There are     0 symmetry adapted cartesian basis functions of BG  symmetry.
 There are     0 symmetry adapted cartesian basis functions of AU  symmetry.
 There are     6 symmetry adapted cartesian basis functions of BU  symmetry.
 There are     6 symmetry adapted basis functions of AG  symmetry.
 There are     0 symmetry adapted basis functions of BG  symmetry.
 There are     0 symmetry adapted basis functions of AU  symmetry.
 There are     6 symmetry adapted basis functions of BU  symmetry.
    12 basis functions,   120 primitive gaussians,    12 cartesian basis functions
     6 alpha electrons        6 beta electrons
       nuclear repulsion energy        19.5653610329 Hartrees.
 NAtoms=   12 NActive=   12 NUniq=    6 SFac= 4.00D+00 NAtFMM=   60 NAOKFM=F Big=F
 Integral buffers will be    131072 words long.
 Regular integral format.
 Two-electron integral symmetry is turned on.
 One-electron integrals computed using PRISM.
 NBasis=    12 RedAO= T EigKep=  1.77D-01  NBF=     6     0     0     6
 NBsUse=    12 1.00D-06 EigRej= -1.00D+00 NBFU=     6     0     0     6
 Initial guess from the checkpoint file:  "h12.chk"
 B after Tr=    -0.000000    0.000000   -0.000000
         Rot=    0.999999    0.000000    0.000000   -0.001518 Ang=  -0.17 deg.
 Initial guess orbital symmetries:
       Occupied  (AG) (BU) (BU) (AG) (BU) (BU)
       Virtual   (AG) (AG) (AG) (BU) (AG) (BU)
 Keep R1 ints in memory in symmetry-blocked form, NReq=903448.
 Requested convergence on RMS density matrix=1.00D-08 within 128 cycles.
 Requested convergence on MAX density matrix=1.00D-06.
 Requested convergence on             energy=1.00D-06.
 No special actions if energy rises.
 SCF Done:  E(RHF) =  -5.16453882700     A.U. after   10 cycles
            NFock= 10  Conv=0.85D-08     -V/T= 1.7124
 Range of M.O.s used for correlation:     1    12
 NBasis=    12 NAE=     6 NBE=     6 NFC=     0 NFV=     0
 NROrb=     12 NOA=     6 NOB=     6 NVA=     6 NVB=     6

 **** Warning!!: The smallest alpha delta epsilon is -0.16454954D+00

 Semi-Direct transformation.
 ModeAB=           4 MOrb=             6 LenV=     134084129
 LASXX=         2181 LTotXX=        2181 LenRXX=        5115
 LTotAB=        2934 MaxLAS=        3024 LenRXY=           0
 NonZer=        7296 LenScr=      655360 LnRSAI=        3024
 LnScr1=      655360 LExtra=           0 Total=      1318859
 MaxDsk=          -1 SrtSym=           T ITran=            3
 JobTyp=0 Pass  1:  I=   1 to   6.
 (rs|ai) integrals will be sorted in core.
 Spin components of T(2) and E(2):
     alpha-alpha T2 =       0.1860441524D-01 E2=     -0.1621780310D-01
     alpha-beta  T2 =       0.1090228080D+01 E2=     -0.1374926812D+00
     beta-beta   T2 =       0.1860441524D-01 E2=     -0.1621780310D-01
 ANorm=    0.1458573588D+01
 E2 =    -0.1699282874D+00 EUMP2 =    -0.53344671144109D+01
 Second order stability test of a single determinant RHF wave function:
 Stabil:  MDV=134217728
 ***********************************************************************
 Matrix         Lowest Root    Major Pairs
 ***********************************************************************
 Internal RHF    -0.3459848    6A=7A
 RRHF --> CRHF   -0.4094631    6A=7A
 RRHF --> RUHF   -0.5854124    6A=7B
 Not stable.
 ***********************************************************************

 **********************************************************************

            Population analysis using the SCF density.

 **********************************************************************

 Orbital symmetries:
       Occupied  (AG) (BU) (BU) (AG) (BU) (BU)
       Virtual   (AG) (AG) (AG) (BU) (AG) (BU)
 The electronic state is 1-AG.
 Alpha  occ. eigenvalues --   -0.92560  -0.73523  -0.59593  -0.52662  -0.25488
 Alpha  occ. eigenvalues --    0.00408
 Alpha virt. eigenvalues --   -0.16046   0.11117   0.28342   0.36561   0.55869
 Alpha virt. eigenvalues --    0.58913
          Condensed to atoms (all electrons):
               1          2          3          4          5          6
     1  H    0.430044   0.082202   0.033303   0.211919  -0.056257  -0.042297
     2  H    0.082202   1.730170  -0.221656  -0.426713   0.147425  -0.414425
     3  H    0.033303  -0.221656   1.544984   0.200257   0.020780   0.064036
     4  H    0.211919  -0.426713   0.200257   1.388201  -0.136715   0.382134
     5  H   -0.056257   0.147425   0.020780  -0.136715   1.044043   0.180786
     6  H   -0.042297  -0.414425   0.064036   0.382134   0.180786   1.255638
     7  H    0.013711   0.149151  -0.258049   0.017093  -0.107402  -0.344693
     8  H   -0.042370   0.088038   0.017093  -0.464065   0.019364  -0.184606
     9  H    0.021964   0.066819  -0.344693  -0.184606   0.000472  -0.053664
    10  H    0.008151   0.002337  -0.107402   0.019364  -0.001299   0.000472
    11  H   -0.012942  -0.036482   0.149151   0.088038   0.002337   0.066819
    12  H   -0.019255  -0.012942   0.013711  -0.042370   0.008151   0.021964
               7          8          9         10         11         12
     1  H    0.013711  -0.042370   0.021964   0.008151  -0.012942  -0.019255
     2  H    0.149151   0.088038   0.066819   0.002337  -0.036482  -0.012942
     3  H   -0.258049   0.017093  -0.344693  -0.107402   0.149151   0.013711
     4  H    0.017093  -0.464065  -0.184606   0.019364   0.088038  -0.042370
     5  H   -0.107402   0.019364   0.000472  -0.001299   0.002337   0.008151
     6  H   -0.344693  -0.184606  -0.053664   0.000472   0.066819   0.021964
     7  H    1.544984   0.200257   0.064036   0.020780  -0.221656   0.033303
     8  H    0.200257   1.388201   0.382134  -0.136715  -0.426713   0.211919
     9  H    0.064036   0.382134   1.255638   0.180786  -0.414425  -0.042297
    10  H    0.020780  -0.136715   0.180786   1.044043   0.147425  -0.056257
    11  H   -0.221656  -0.426713  -0.414425   0.147425   1.730170   0.082202
    12  H    0.033303   0.211919  -0.042297  -0.056257   0.082202   0.430044
 Mulliken charges:
               1
     1  H    0.371828
     2  H   -0.153924
     3  H   -0.111517
     4  H   -0.052537
     5  H   -0.121685
     6  H    0.067836
     7  H   -0.111517
     8  H   -0.052537
     9  H    0.067836
    10  H   -0.121685
    11  H   -0.153924
    12  H    0.371828
 Sum of Mulliken charges =  -0.00000
 Mulliken charges with hydrogens summed into heavy atoms:
               1
 Electronic spatial extent (au):  <R**2>=            149.9739
 Charge=              0.0000 electrons
 Dipole moment (field-independent basis, Debye):
    X=             -0.0000    Y=              0.0000    Z=              0.0000  Tot=              0.0000
 Quadrupole moment (field-independent basis, Debye-Ang):
   XX=            -14.2785   YY=            -26.1461   ZZ=            -14.7301
   XY=              7.0204   XZ=              0.0000   YZ=             -0.0000
 Traceless Quadrupole moment (field-independent basis, Debye-Ang):
   XX=              4.1064   YY=             -7.7612   ZZ=              3.6548
   XY=              7.0204   XZ=              0.0000   YZ=             -0.0000
 Octapole moment (field-independent basis, Debye-Ang**2):
  XXX=             -0.0000  YYY=             -0.0000  ZZZ=              0.0000  XYY=              0.0000
  XXY=              0.0000  XXZ=              0.0000  XZZ=              0.0000  YZZ=             -0.0000
  YYZ=              0.0000  XYZ=             -0.0000
 Hexadecapole moment (field-independent basis, Debye-Ang**3):
 XXXX=            -78.2001 YYYY=           -286.0481 ZZZZ=            -17.2291 XXXY=             31.8102
 XXXZ=              0.0000 YYYX=             49.0832 YYYZ=             -0.0000 ZZZX=              0.0000
 ZZZY=             -0.0000 XXYY=            -51.6452 XXZZ=            -16.0554 YYZZ=            -37.9816
 XXYZ=             -0.0000 YYXZ=              0.0000 ZZXY=              7.7600
 N-N= 1.956536103293D+01 E-N=-5.064131379478D+01  KE= 7.249845742353D+00
 Symmetry AG   KE= 1.518362222023D+00
 Symmetry BG   KE= 0.000000000000D+00
 Symmetry AU   KE= 0.000000000000D+00
 Symmetry BU   KE= 5.731483520330D+00

 Test job not archived.
 1\1\GINC-SULU\Stability\RHF\Gen\H12\LCJ1\17-Feb-2017\0\\#rhf/gen scf(s
 ymm,tight,novaracc,noincfock,fulldiag) stable(crhf) guess=read geom=no
 crowd test\\hf stability analysis of h12 triangular lattice, y= 0.5802
 5919794625369\\0,1\H\H,1,1.1518244486\H,1,1.1518244486,2,119.5\H,2,1.1
 518244486,1,60.5,3,0.,0\H,2,1.1518244486,1,180.,3,0.,0\H,4,1.151824448
 6,3,180.,5,0.,0\H,6,1.1518244486,5,180.,3,0.,0\H,4,1.1518244486,2,180.
 ,3,0.,0\H,3,1.1518244486,1,180.,4,0.,0\H,9,1.1518244486,3,180.,4,0.,0\
 H,8,1.1518244486,4,180.,3,0.,0\H,7,1.1518244486,6,180.,3,0.,0\\Version
 =ES64L-G09RevE.01\State=1-AG\HF=-5.1645388\MP2=-5.3344671\RMSD=8.466e-
 09\Dipole=0.,0.,0.\Quadrupole=0.8431893,2.71727,-3.5604593,0.,6.469717
 9,0.\PG=C02H [SGH(H12)]\\@


 FORGIVE MY NONSENSE AS I ALSO FORGIVE THOSE WHO THINK THEY TALK SENSE

                                                       -- ROBERT FROST
 Job cpu time:       0 days  0 hours  0 minutes  1.1 seconds.
 File lengths (MBytes):  RWF=     84 Int=      0 D2E=      0 Chk=      2 Scr=      2
 Normal termination of Gaussian 09 at Fri Feb 17 14:57:32 2017.
