 Entering Gaussian System, Link 0=g09
 AtFile(1): H.gbs
            H     0
            S   10   1.00
               1000.000000000000            0.000068713567
                316.227766000000            0.000169141320
                100.000000000000            0.000823394812
                 31.622776600000            0.003425569236
                 10.000000000000            0.013951996000
                  3.162277660000            0.056909313560
                  1.000000000000            0.198286399900
                  0.316227766000            0.496922426700
                  0.100000000000            0.369846276400
                  0.031622776600            0.003752720039
            ****
 Initial command:
 /projects/guscus/apps/gau/g09-e1/g09/l1.exe "/users/lcj1/gaussian/h12/rhfstability/rect/guess/ag2bu4/Gau-13095.inp" -scrdir="/users/lcj1/gaussian/h12/rhfstability/rect/guess/ag2bu4/"
 Entering Link 1 = /projects/guscus/apps/gau/g09-e1/g09/l1.exe PID=     13096.
  
 Copyright (c) 1988,1990,1992,1993,1995,1998,2003,2009,2015,
            Gaussian, Inc.  All Rights Reserved.
  
 This is part of the Gaussian(R) 09 program.  It is based on
 the Gaussian(R) 03 system (copyright 2003, Gaussian, Inc.),
 the Gaussian(R) 98 system (copyright 1998, Gaussian, Inc.),
 the Gaussian(R) 94 system (copyright 1995, Gaussian, Inc.),
 the Gaussian 92(TM) system (copyright 1992, Gaussian, Inc.),
 the Gaussian 90(TM) system (copyright 1990, Gaussian, Inc.),
 the Gaussian 88(TM) system (copyright 1988, Gaussian, Inc.),
 the Gaussian 86(TM) system (copyright 1986, Carnegie Mellon
 University), and the Gaussian 82(TM) system (copyright 1983,
 Carnegie Mellon University). Gaussian is a federally registered
 trademark of Gaussian, Inc.
  
 This software contains proprietary and confidential information,
 including trade secrets, belonging to Gaussian, Inc.
  
 This software is provided under written license and may be
 used, copied, transmitted, or stored only in accord with that
 written license.
  
 The following legend is applicable only to US Government
 contracts under FAR:
  
                    RESTRICTED RIGHTS LEGEND
  
 Use, reproduction and disclosure by the US Government is
 subject to restrictions as set forth in subparagraphs (a)
 and (c) of the Commercial Computer Software - Restricted
 Rights clause in FAR 52.227-19.
  
 Gaussian, Inc.
 340 Quinnipiac St., Bldg. 40, Wallingford CT 06492
  
  
 ---------------------------------------------------------------
 Warning -- This program may not be used in any manner that
 competes with the business of Gaussian, Inc. or will provide
 assistance to any competitor of Gaussian, Inc.  The licensee
 of this program is prohibited from giving any competitor of
 Gaussian, Inc. access to this program.  By using this program,
 the user acknowledges that Gaussian, Inc. is engaged in the
 business of creating and licensing software in the field of
 computational chemistry and represents and warrants to the
 licensee that it is not a competitor of Gaussian, Inc. and that
 it will not use this program in any manner prohibited above.
 ---------------------------------------------------------------
  

 Cite this work as:
 Gaussian 09, Revision E.01,
 M. J. Frisch, G. W. Trucks, H. B. Schlegel, G. E. Scuseria, 
 M. A. Robb, J. R. Cheeseman, G. Scalmani, V. Barone, B. Mennucci, 
 G. A. Petersson, H. Nakatsuji, M. Caricato, X. Li, H. P. Hratchian, 
 A. F. Izmaylov, J. Bloino, G. Zheng, J. L. Sonnenberg, M. Hada, 
 M. Ehara, K. Toyota, R. Fukuda, J. Hasegawa, M. Ishida, T. Nakajima, 
 Y. Honda, O. Kitao, H. Nakai, T. Vreven, J. A. Montgomery, Jr., 
 J. E. Peralta, F. Ogliaro, M. Bearpark, J. J. Heyd, E. Brothers, 
 K. N. Kudin, V. N. Staroverov, T. Keith, R. Kobayashi, J. Normand, 
 K. Raghavachari, A. Rendell, J. C. Burant, S. S. Iyengar, J. Tomasi, 
 M. Cossi, N. Rega, J. M. Millam, M. Klene, J. E. Knox, J. B. Cross, 
 V. Bakken, C. Adamo, J. Jaramillo, R. Gomperts, R. E. Stratmann, 
 O. Yazyev, A. J. Austin, R. Cammi, C. Pomelli, J. W. Ochterski, 
 R. L. Martin, K. Morokuma, V. G. Zakrzewski, G. A. Voth, 
 P. Salvador, J. J. Dannenberg, S. Dapprich, A. D. Daniels, 
 O. Farkas, J. B. Foresman, J. V. Ortiz, J. Cioslowski, 
 and D. J. Fox, Gaussian, Inc., Wallingford CT, 2013.
 
 ******************************************
 Gaussian 09:  ES64L-G09RevE.01 30-Nov-2015
                17-Feb-2017 
 ******************************************
 %chk=h12.chk
 ----------------------------------------------------------------------
 #rhf/gen scf(symm,tight,novaracc,noincfock,fulldiag) stable(crhf) gues
 s=read geom=nocrowd test
 ----------------------------------------------------------------------
 1/38=1/1;
 2/12=1,17=6,18=5,40=1/2;
 3/5=7,16=1,25=1,30=1,116=1/1,2,3;
 4/5=1,9=4/1;
 5/5=100002,15=2,16=1,32=2,38=6/2;
 8/6=1,10=90,11=11/1,4;
 9/8=4,13=1/2;
 6/7=2,8=2,9=2,10=2,28=1/1;
 99/5=1,9=1/99;
 ----------------------------------------------------------------------
 hf stability analysis of h12 triangular lattice, y= 0.4521619835073459
 3
 ----------------------------------------------------------------------
 Symbolic Z-matrix:
 Charge =  0 Multiplicity = 1
 H
 H                    1     1.35456 
 H                    1     1.35456  2     141. 
 H                    2     1.35456  1     39.      3     0.       0
 H                    2     1.35456  1     180.     3     0.       0
 H                    4     1.35456  3     180.     5     0.       0
 H                    6     1.35456  5     180.     3     0.       0
 H                    4     1.35456  2     180.     3     0.       0
 H                    3     1.35456  1     180.     4     0.       0
 H                    9     1.35456  3     180.     4     0.       0
 H                    8     1.35456  4     180.     3     0.       0
 H                    7     1.35456  6     180.     3     0.       0
 
                          Input orientation:                          
 ---------------------------------------------------------------------
 Center     Atomic      Atomic             Coordinates (Angstroms)
 Number     Number       Type             X           Y           Z
 ---------------------------------------------------------------------
      1          1           0        0.000000    0.000000    0.000000
      2          1           0        0.000000    0.000000    1.354562
      3          1           0        0.852453    0.000000   -1.052692
      4          1           0        0.852453    0.000000    0.301870
      5          1           0        0.000000    0.000000    2.709123
      6          1           0        0.852453    0.000000    1.656431
      7          1           0        1.704907    0.000000    0.603739
      8          1           0        1.704907    0.000000   -0.750823
      9          1           0        1.704907    0.000000   -2.105384
     10          1           0        2.557360    0.000000   -3.158076
     11          1           0        2.557360    0.000000   -1.803515
     12          1           0        2.557360    0.000000   -0.448953
 ---------------------------------------------------------------------
                    Distance matrix (angstroms):
                    1          2          3          4          5
     1  H    0.000000
     2  H    1.354562   0.000000
     3  H    1.354562   2.553732   0.000000
     4  H    0.904324   1.354562   1.354562   0.000000
     5  H    2.709123   1.354562   3.857192   2.553732   0.000000
     6  H    1.862912   0.904324   2.709123   1.354562   1.354562
     7  H    1.808648   1.862912   1.862912   0.904324   2.709123
     8  H    1.862912   2.709123   0.904324   1.354562   3.857192
     9  H    2.709123   3.857192   1.354562   2.553732   5.107464
    10  H    4.063685   5.186906   2.709123   3.857192   6.400322
    11  H    3.129338   4.063685   1.862912   2.709123   5.186906
    12  H    2.596468   3.129338   1.808648   1.862912   4.063685
                    6          7          8          9         10
     6  H    0.000000
     7  H    1.354562   0.000000
     8  H    2.553732   1.354562   0.000000
     9  H    3.857192   2.709123   1.354562   0.000000
    10  H    5.107464   3.857192   2.553732   1.354562   0.000000
    11  H    3.857192   2.553732   1.354562   0.904324   1.354562
    12  H    2.709123   1.354562   0.904324   1.862912   2.709123
                   11         12
    11  H    0.000000
    12  H    1.354562   0.000000
 Stoichiometry    H12
 Framework group  C2H[SGH(H12)]
 Deg. of freedom    11
 Full point group                 C2H     NOp   4
 Largest Abelian subgroup         C2H     NOp   4
 Largest concise Abelian subgroup C2      NOp   2
                         Standard orientation:                         
 ---------------------------------------------------------------------
 Center     Atomic      Atomic             Coordinates (Angstroms)
 Number     Number       Type             X           Y           Z
 ---------------------------------------------------------------------
      1          1           0        0.852453    0.979150   -0.000000
      2          1           0        0.000000    2.031842   -0.000000
      3          1           0        0.852453   -0.375411   -0.000000
      4          1           0        0.000000    0.677281   -0.000000
      5          1           0       -0.852453    3.084535   -0.000000
      6          1           0       -0.852453    1.729973   -0.000000
      7          1           0       -0.852453    0.375411   -0.000000
      8          1           0       -0.000000   -0.677281   -0.000000
      9          1           0        0.852453   -1.729973    0.000000
     10          1           0        0.852453   -3.084535   -0.000000
     11          1           0       -0.000000   -2.031842   -0.000000
     12          1           0       -0.852453   -0.979150   -0.000000
 ---------------------------------------------------------------------
 Rotational constants (GHZ):    119.0629216     13.1998078     11.8824683
 General basis read from cards:  (5D, 7F)
 There are     6 symmetry adapted cartesian basis functions of AG  symmetry.
 There are     0 symmetry adapted cartesian basis functions of BG  symmetry.
 There are     0 symmetry adapted cartesian basis functions of AU  symmetry.
 There are     6 symmetry adapted cartesian basis functions of BU  symmetry.
 There are     6 symmetry adapted basis functions of AG  symmetry.
 There are     0 symmetry adapted basis functions of BG  symmetry.
 There are     0 symmetry adapted basis functions of AU  symmetry.
 There are     6 symmetry adapted basis functions of BU  symmetry.
    12 basis functions,   120 primitive gaussians,    12 cartesian basis functions
     6 alpha electrons        6 beta electrons
       nuclear repulsion energy        18.3094085129 Hartrees.
 NAtoms=   12 NActive=   12 NUniq=    6 SFac= 4.00D+00 NAtFMM=   60 NAOKFM=F Big=F
 Integral buffers will be    131072 words long.
 Regular integral format.
 Two-electron integral symmetry is turned on.
 One-electron integrals computed using PRISM.
 NBasis=    12 RedAO= T EigKep=  1.49D-01  NBF=     6     0     0     6
 NBsUse=    12 1.00D-06 EigRej= -1.00D+00 NBFU=     6     0     0     6
 Initial guess from the checkpoint file:  "h12.chk"
 B after Tr=     0.000000    0.000000   -0.000000
         Rot=    0.999999    0.000000   -0.000000   -0.001518 Ang=  -0.17 deg.
 Initial guess orbital symmetries:
       Occupied  (AG) (BU) (AG) (BU) (BU) (BU)
       Virtual   (AG) (AG) (BU) (AG) (AG) (BU)
 Keep R1 ints in memory in symmetry-blocked form, NReq=900606.
 Requested convergence on RMS density matrix=1.00D-08 within 128 cycles.
 Requested convergence on MAX density matrix=1.00D-06.
 Requested convergence on             energy=1.00D-06.
 No special actions if energy rises.
 SCF Done:  E(RHF) =  -5.55315104456     A.U. after    8 cycles
            NFock=  8  Conv=0.40D-08     -V/T= 1.8141
 Range of M.O.s used for correlation:     1    12
 NBasis=    12 NAE=     6 NBE=     6 NFC=     0 NFV=     0
 NROrb=     12 NOA=     6 NOB=     6 NVA=     6 NVB=     6

 **** Warning!!: The smallest alpha delta epsilon is  0.26251904D-02

 Semi-Direct transformation.
 ModeAB=           4 MOrb=             6 LenV=     134087741
 LASXX=         2181 LTotXX=        2181 LenRXX=        5115
 LTotAB=        2934 MaxLAS=        3024 LenRXY=           0
 NonZer=        7296 LenScr=      655360 LnRSAI=        3024
 LnScr1=      655360 LExtra=           0 Total=      1318859
 MaxDsk=          -1 SrtSym=           T ITran=            3
 JobTyp=0 Pass  1:  I=   1 to   6.
 (rs|ai) integrals will be sorted in core.
 Spin components of T(2) and E(2):
     alpha-alpha T2 =       0.1065163353D-01 E2=     -0.9129382601D-02
     alpha-beta  T2 =       0.2755818386D+02 E2=     -0.7536027205D+00
     beta-beta   T2 =       0.1065163353D-01 E2=     -0.9129382601D-02
 ANorm=    0.5345978594D+01
 E2 =    -0.7718614857D+00 EUMP2 =    -0.63250125303041D+01
 Second order stability test of a single determinant RHF wave function:
 Stabil:  MDV=134217728
 ***********************************************************************
 Matrix         Lowest Root    Major Pairs
 ***********************************************************************
 Internal RHF    -0.1882406    6A=7A
 RRHF --> CRHF   -0.2097422    6A=7A
 RRHF --> RUHF   -0.5247125    6A=8B 6A=7B 5A=8B
 Not stable.
 ***********************************************************************

 **********************************************************************

            Population analysis using the SCF density.

 **********************************************************************

 Orbital symmetries:
       Occupied  (AG) (BU) (AG) (BU) (BU) (BU)
       Virtual   (AG) (AG) (BU) (AG) (AG) (BU)
 The electronic state is 1-AG.
 Alpha  occ. eigenvalues --   -0.90654  -0.75442  -0.59037  -0.50994  -0.41674
 Alpha  occ. eigenvalues --   -0.04656
 Alpha virt. eigenvalues --   -0.04394   0.00690   0.34489   0.36056   0.51857
 Alpha virt. eigenvalues --    0.67371
          Condensed to atoms (all electrons):
               1          2          3          4          5          6
     1  H    0.654469  -0.115904   0.113976   0.389516   0.008799  -0.084654
     2  H   -0.115904   1.049591   0.033739  -0.243279  -0.178200   0.571705
     3  H    0.113976   0.033739   1.008939  -0.174497  -0.002786   0.003239
     4  H    0.389516  -0.243279  -0.174497   1.191013   0.011766  -0.180625
     5  H    0.008799  -0.178200  -0.002786   0.011766   1.406883  -0.107427
     6  H   -0.084654   0.571705   0.003239  -0.180625  -0.107427   0.764581
     7  H   -0.030011  -0.130025  -0.212390   0.466778   0.006280  -0.100374
     8  H   -0.084739   0.029944   0.466778  -0.282838  -0.003817   0.022524
     9  H    0.017970  -0.004276  -0.100374   0.022524   0.000924  -0.003162
    10  H   -0.001990   0.001085   0.006280  -0.003817  -0.000248   0.000924
    11  H    0.006257  -0.005001  -0.130025   0.029944   0.001085  -0.004276
    12  H   -0.055633   0.006257  -0.030011  -0.084739  -0.001990   0.017970
               7          8          9         10         11         12
     1  H   -0.030011  -0.084739   0.017970  -0.001990   0.006257  -0.055633
     2  H   -0.130025   0.029944  -0.004276   0.001085  -0.005001   0.006257
     3  H   -0.212390   0.466778  -0.100374   0.006280  -0.130025  -0.030011
     4  H    0.466778  -0.282838   0.022524  -0.003817   0.029944  -0.084739
     5  H    0.006280  -0.003817   0.000924  -0.000248   0.001085  -0.001990
     6  H   -0.100374   0.022524  -0.003162   0.000924  -0.004276   0.017970
     7  H    1.008939  -0.174497   0.003239  -0.002786   0.033739   0.113976
     8  H   -0.174497   1.191013  -0.180625   0.011766  -0.243279   0.389516
     9  H    0.003239  -0.180625   0.764581  -0.107427   0.571705  -0.084654
    10  H   -0.002786   0.011766  -0.107427   1.406883  -0.178200   0.008799
    11  H    0.033739  -0.243279   0.571705  -0.178200   1.049591  -0.115904
    12  H    0.113976   0.389516  -0.084654   0.008799  -0.115904   0.654469
 Mulliken charges:
               1
     1  H    0.181944
     2  H   -0.015635
     3  H    0.017133
     4  H   -0.141746
     5  H   -0.141269
     6  H    0.099574
     7  H    0.017133
     8  H   -0.141746
     9  H    0.099574
    10  H   -0.141269
    11  H   -0.015635
    12  H    0.181944
 Sum of Mulliken charges =  -0.00000
 Mulliken charges with hydrogens summed into heavy atoms:
               1
 Electronic spatial extent (au):  <R**2>=            195.5679
 Charge=             -0.0000 electrons
 Dipole moment (field-independent basis, Debye):
    X=              0.0000    Y=              0.0000    Z=             -0.0000  Tot=              0.0000
 Quadrupole moment (field-independent basis, Debye-Ang):
   XX=            -14.7861   YY=            -30.6025   ZZ=            -14.9555
   XY=              6.0221   XZ=              0.0000   YZ=              0.0000
 Traceless Quadrupole moment (field-independent basis, Debye-Ang):
   XX=              5.3286   YY=            -10.4878   ZZ=              5.1592
   XY=              6.0221   XZ=              0.0000   YZ=              0.0000
 Octapole moment (field-independent basis, Debye-Ang**2):
  XXX=              0.0000  YYY=              0.0000  ZZZ=              0.0000  XYY=              0.0000
  XXY=             -0.0000  XXZ=              0.0000  XZZ=              0.0000  YZZ=             -0.0000
  YYZ=              0.0000  XYZ=             -0.0000
 Hexadecapole moment (field-independent basis, Debye-Ang**3):
 XXXX=            -63.0176 YYYY=           -525.0178 ZZZZ=            -17.6651 XXXY=             35.6681
 XXXZ=             -0.0000 YYYX=             94.0414 YYYZ=              0.0000 ZZZX=             -0.0000
 ZZZY=              0.0000 XXYY=            -75.4509 XXZZ=            -13.5890 YYZZ=            -56.7151
 XXYZ=              0.0000 YYXZ=             -0.0000 ZZXY=             10.8608
 N-N= 1.830940851294D+01 E-N=-4.809687134045D+01  KE= 6.820896578696D+00
 Symmetry AG   KE= 1.505046973697D+00
 Symmetry BG   KE= 0.000000000000D+00
 Symmetry AU   KE= 0.000000000000D+00
 Symmetry BU   KE= 5.315849604999D+00

 Test job not archived.
 1\1\GINC-SULU\Stability\RHF\Gen\H12\LCJ1\17-Feb-2017\0\\#rhf/gen scf(s
 ymm,tight,novaracc,noincfock,fulldiag) stable(crhf) guess=read geom=no
 crowd test\\hf stability analysis of h12 triangular lattice, y= 0.4521
 6198350734593\\0,1\H\H,1,1.3545616542\H,1,1.3545616542,2,141.\H,2,1.35
 45616542,1,39.,3,0.,0\H,2,1.3545616542,1,180.,3,0.,0\H,4,1.3545616542,
 3,180.,5,0.,0\H,6,1.3545616542,5,180.,3,0.,0\H,4,1.3545616542,2,180.,3
 ,0.,0\H,3,1.3545616542,1,180.,4,0.,0\H,9,1.3545616542,3,180.,4,0.,0\H,
 8,1.3545616542,4,180.,3,0.,0\H,7,1.3545616542,6,180.,3,0.,0\\Version=E
 S64L-G09RevE.01\State=1-AG\HF=-5.553151\MP2=-6.3250125\RMSD=4.049e-09\
 Dipole=0.,0.,0.\Quadrupole=3.6840266,3.8357294,-7.519756,0.,4.8201859,
 0.\PG=C02H [SGH(H12)]\\@


 A MATHEMATICIAN IS A MACHINE FOR TURNING COFFEE INTO THEOREMS.
     -- QUOTED BY PAUL ERDOS
 Job cpu time:       0 days  0 hours  0 minutes  1.0 seconds.
 File lengths (MBytes):  RWF=     84 Int=      0 D2E=      0 Chk=      2 Scr=      2
 Normal termination of Gaussian 09 at Fri Feb 17 14:55:19 2017.
