 Entering Gaussian System, Link 0=g09
 AtFile(1): H.gbs
            H     0
            S   10   1.00
               1000.000000000000            0.000068713567
                316.227766000000            0.000169141320
                100.000000000000            0.000823394812
                 31.622776600000            0.003425569236
                 10.000000000000            0.013951996000
                  3.162277660000            0.056909313560
                  1.000000000000            0.198286399900
                  0.316227766000            0.496922426700
                  0.100000000000            0.369846276400
                  0.031622776600            0.003752720039
            ****
 Initial command:
 /projects/guscus/apps/gau/g09-e1/g09/l1.exe "/users/lcj1/gaussian/h12/rhfstability/rect/guess/ag2bu4/Gau-27316.inp" -scrdir="/users/lcj1/gaussian/h12/rhfstability/rect/guess/ag2bu4/"
 Entering Link 1 = /projects/guscus/apps/gau/g09-e1/g09/l1.exe PID=     27317.
  
 Copyright (c) 1988,1990,1992,1993,1995,1998,2003,2009,2015,
            Gaussian, Inc.  All Rights Reserved.
  
 This is part of the Gaussian(R) 09 program.  It is based on
 the Gaussian(R) 03 system (copyright 2003, Gaussian, Inc.),
 the Gaussian(R) 98 system (copyright 1998, Gaussian, Inc.),
 the Gaussian(R) 94 system (copyright 1995, Gaussian, Inc.),
 the Gaussian 92(TM) system (copyright 1992, Gaussian, Inc.),
 the Gaussian 90(TM) system (copyright 1990, Gaussian, Inc.),
 the Gaussian 88(TM) system (copyright 1988, Gaussian, Inc.),
 the Gaussian 86(TM) system (copyright 1986, Carnegie Mellon
 University), and the Gaussian 82(TM) system (copyright 1983,
 Carnegie Mellon University). Gaussian is a federally registered
 trademark of Gaussian, Inc.
  
 This software contains proprietary and confidential information,
 including trade secrets, belonging to Gaussian, Inc.
  
 This software is provided under written license and may be
 used, copied, transmitted, or stored only in accord with that
 written license.
  
 The following legend is applicable only to US Government
 contracts under FAR:
  
                    RESTRICTED RIGHTS LEGEND
  
 Use, reproduction and disclosure by the US Government is
 subject to restrictions as set forth in subparagraphs (a)
 and (c) of the Commercial Computer Software - Restricted
 Rights clause in FAR 52.227-19.
  
 Gaussian, Inc.
 340 Quinnipiac St., Bldg. 40, Wallingford CT 06492
  
  
 ---------------------------------------------------------------
 Warning -- This program may not be used in any manner that
 competes with the business of Gaussian, Inc. or will provide
 assistance to any competitor of Gaussian, Inc.  The licensee
 of this program is prohibited from giving any competitor of
 Gaussian, Inc. access to this program.  By using this program,
 the user acknowledges that Gaussian, Inc. is engaged in the
 business of creating and licensing software in the field of
 computational chemistry and represents and warrants to the
 licensee that it is not a competitor of Gaussian, Inc. and that
 it will not use this program in any manner prohibited above.
 ---------------------------------------------------------------
  

 Cite this work as:
 Gaussian 09, Revision E.01,
 M. J. Frisch, G. W. Trucks, H. B. Schlegel, G. E. Scuseria, 
 M. A. Robb, J. R. Cheeseman, G. Scalmani, V. Barone, B. Mennucci, 
 G. A. Petersson, H. Nakatsuji, M. Caricato, X. Li, H. P. Hratchian, 
 A. F. Izmaylov, J. Bloino, G. Zheng, J. L. Sonnenberg, M. Hada, 
 M. Ehara, K. Toyota, R. Fukuda, J. Hasegawa, M. Ishida, T. Nakajima, 
 Y. Honda, O. Kitao, H. Nakai, T. Vreven, J. A. Montgomery, Jr., 
 J. E. Peralta, F. Ogliaro, M. Bearpark, J. J. Heyd, E. Brothers, 
 K. N. Kudin, V. N. Staroverov, T. Keith, R. Kobayashi, J. Normand, 
 K. Raghavachari, A. Rendell, J. C. Burant, S. S. Iyengar, J. Tomasi, 
 M. Cossi, N. Rega, J. M. Millam, M. Klene, J. E. Knox, J. B. Cross, 
 V. Bakken, C. Adamo, J. Jaramillo, R. Gomperts, R. E. Stratmann, 
 O. Yazyev, A. J. Austin, R. Cammi, C. Pomelli, J. W. Ochterski, 
 R. L. Martin, K. Morokuma, V. G. Zakrzewski, G. A. Voth, 
 P. Salvador, J. J. Dannenberg, S. Dapprich, A. D. Daniels, 
 O. Farkas, J. B. Foresman, J. V. Ortiz, J. Cioslowski, 
 and D. J. Fox, Gaussian, Inc., Wallingford CT, 2013.
 
 ******************************************
 Gaussian 09:  ES64L-G09RevE.01 30-Nov-2015
                17-Feb-2017 
 ******************************************
 %chk=h12.chk
 ----------------------------------------------------------------------
 #rhf/gen scf(symm,tight,novaracc,noincfock,fulldiag) stable(crhf) gues
 s=read geom=nocrowd test
 ----------------------------------------------------------------------
 1/38=1/1;
 2/12=1,17=6,18=5,40=1/2;
 3/5=7,16=1,25=1,30=1,116=1/1,2,3;
 4/5=1,9=4/1;
 5/5=100002,15=2,16=1,32=2,38=6/2;
 8/6=1,10=90,11=11/1,4;
 9/8=4,13=1/2;
 6/7=2,8=2,9=2,10=2,28=1/1;
 99/5=1,9=1/99;
 ----------------------------------------------------------------------
 hf stability analysis of h12 triangular lattice, y= 0.8042800232144692
 3
 ----------------------------------------------------------------------
 Symbolic Z-matrix:
 Charge =  0 Multiplicity = 1
 H
 H                    1     1.07804 
 H                    1     1.07804  2     83.5 
 H                    2     1.07804  1     96.5     3     0.       0
 H                    2     1.07804  1     180.     3     0.       0
 H                    4     1.07804  3     180.     5     0.       0
 H                    6     1.07804  5     180.     3     0.       0
 H                    4     1.07804  2     180.     3     0.       0
 H                    3     1.07804  1     180.     4     0.       0
 H                    9     1.07804  3     180.     4     0.       0
 H                    8     1.07804  4     180.     3     0.       0
 H                    7     1.07804  6     180.     3     0.       0
 
                          Input orientation:                          
 ---------------------------------------------------------------------
 Center     Atomic      Atomic             Coordinates (Angstroms)
 Number     Number       Type             X           Y           Z
 ---------------------------------------------------------------------
      1          1           0        0.000000    0.000000    0.000000
      2          1           0        0.000000    0.000000    1.078040
      3          1           0        1.071111    0.000000    0.122038
      4          1           0        1.071111    0.000000    1.200078
      5          1           0        0.000000    0.000000    2.156081
      6          1           0        1.071111    0.000000    2.278118
      7          1           0        2.142221    0.000000    2.400156
      8          1           0        2.142221    0.000000    1.322116
      9          1           0        2.142221    0.000000    0.244075
     10          1           0        3.213332    0.000000    0.366113
     11          1           0        3.213332    0.000000    1.444153
     12          1           0        3.213332    0.000000    2.522194
 ---------------------------------------------------------------------
                    Distance matrix (angstroms):
                    1          2          3          4          5
     1  H    0.000000
     2  H    1.078040   0.000000
     3  H    1.078040   1.435695   0.000000
     4  H    1.608560   1.078040   1.078040   0.000000
     5  H    2.156081   1.078040   2.298828   1.435695   0.000000
     6  H    2.517360   1.608560   2.156081   1.078040   1.078040
     7  H    3.217120   2.517360   2.517360   1.608560   2.156081
     8  H    2.517360   2.156081   1.608560   1.078040   2.298828
     9  H    2.156081   2.298828   1.078040   1.435695   2.871389
    10  H    3.234121   3.291252   2.156081   2.298828   3.678245
    11  H    3.522936   3.234121   2.517360   2.156081   3.291252
    12  H    4.084968   3.522936   3.217120   2.517360   3.234121
                    6          7          8          9         10
     6  H    0.000000
     7  H    1.078040   0.000000
     8  H    1.435695   1.078040   0.000000
     9  H    2.298828   2.156081   1.078040   0.000000
    10  H    2.871389   2.298828   1.435695   1.078040   0.000000
    11  H    2.298828   1.435695   1.078040   1.608560   1.078040
    12  H    2.156081   1.078040   1.608560   2.517360   2.156081
                   11         12
    11  H    0.000000
    12  H    1.078040   0.000000
 Stoichiometry    H12
 Framework group  C2H[SGH(H12)]
 Deg. of freedom    11
 Full point group                 C2H     NOp   4
 Largest Abelian subgroup         C2H     NOp   4
 Largest concise Abelian subgroup C2      NOp   2
                         Standard orientation:                         
 ---------------------------------------------------------------------
 Center     Atomic      Atomic             Coordinates (Angstroms)
 Number     Number       Type             X           Y           Z
 ---------------------------------------------------------------------
      1          1           0        1.071111    1.739098   -0.000000
      2          1           0        0.000000    1.617061   -0.000000
      3          1           0        1.071111    0.661058   -0.000000
      4          1           0        0.000000    0.539020   -0.000000
      5          1           0       -1.071111    1.495023   -0.000000
      6          1           0       -1.071111    0.416983   -0.000000
      7          1           0       -1.071111   -0.661058   -0.000000
      8          1           0       -0.000000   -0.539020   -0.000000
      9          1           0        1.071111   -0.416983   -0.000000
     10          1           0        1.071111   -1.495023   -0.000000
     11          1           0       -0.000000   -1.617061   -0.000000
     12          1           0       -1.071111   -1.739098   -0.000000
 ---------------------------------------------------------------------
 Rotational constants (GHZ):     55.4118317     28.3623108     18.7600559
 General basis read from cards:  (5D, 7F)
 There are     6 symmetry adapted cartesian basis functions of AG  symmetry.
 There are     0 symmetry adapted cartesian basis functions of BG  symmetry.
 There are     0 symmetry adapted cartesian basis functions of AU  symmetry.
 There are     6 symmetry adapted cartesian basis functions of BU  symmetry.
 There are     6 symmetry adapted basis functions of AG  symmetry.
 There are     0 symmetry adapted basis functions of BG  symmetry.
 There are     0 symmetry adapted basis functions of AU  symmetry.
 There are     6 symmetry adapted basis functions of BU  symmetry.
    12 basis functions,   120 primitive gaussians,    12 cartesian basis functions
     6 alpha electrons        6 beta electrons
       nuclear repulsion energy        20.1511649257 Hartrees.
 NAtoms=   12 NActive=   12 NUniq=    6 SFac= 4.00D+00 NAtFMM=   60 NAOKFM=F Big=F
 Integral buffers will be    131072 words long.
 Regular integral format.
 Two-electron integral symmetry is turned on.
 One-electron integrals computed using PRISM.
 NBasis=    12 RedAO= T EigKep=  1.10D-01  NBF=     6     0     0     6
 NBsUse=    12 1.00D-06 EigRej= -1.00D+00 NBFU=     6     0     0     6
 Initial guess from the checkpoint file:  "h12.chk"
 B after Tr=    -0.000000   -0.000000   -0.000000
         Rot=    0.999999    0.000000   -0.000000   -0.001518 Ang=  -0.17 deg.
 Initial guess orbital symmetries:
       Occupied  (AG) (BU) (BU) (AG) (BU) (BU)
       Virtual   (AG) (AG) (BU) (AG) (AG) (BU)
 Keep R1 ints in memory in symmetry-blocked form, NReq=903644.
 Requested convergence on RMS density matrix=1.00D-08 within 128 cycles.
 Requested convergence on MAX density matrix=1.00D-06.
 Requested convergence on             energy=1.00D-06.
 No special actions if energy rises.
 SCF Done:  E(RHF) =  -5.02947823947     A.U. after   11 cycles
            NFock= 11  Conv=0.62D-08     -V/T= 1.6619
 Range of M.O.s used for correlation:     1    12
 NBasis=    12 NAE=     6 NBE=     6 NFC=     0 NFV=     0
 NROrb=     12 NOA=     6 NOB=     6 NVA=     6 NVB=     6

 **** Warning!!: The smallest alpha delta epsilon is -0.10800850D+00

 Semi-Direct transformation.
 ModeAB=           4 MOrb=             6 LenV=     134084283
 LASXX=         2181 LTotXX=        2181 LenRXX=        5115
 LTotAB=        2934 MaxLAS=        3024 LenRXY=           0
 NonZer=        7296 LenScr=      655360 LnRSAI=        3024
 LnScr1=      655360 LExtra=           0 Total=      1318859
 MaxDsk=          -1 SrtSym=           T ITran=            3
 JobTyp=0 Pass  1:  I=   1 to   6.
 (rs|ai) integrals will be sorted in core.
 Spin components of T(2) and E(2):
     alpha-alpha T2 =       0.1416864820D-01 E2=     -0.1615261040D-01
     alpha-beta  T2 =       0.7394638930D+00 E2=     -0.1211360316D+00
     beta-beta   T2 =       0.1416864820D-01 E2=     -0.1615261040D-01
 ANorm=    0.1329586849D+01
 E2 =    -0.1534412524D+00 EUMP2 =    -0.51829194919187D+01
 Second order stability test of a single determinant RHF wave function:
 Stabil:  MDV=134217728
 ***********************************************************************
 Matrix         Lowest Root    Major Pairs
 ***********************************************************************
 Internal RHF    -0.3195722    6A=7A 5A=7A
 RRHF --> CRHF   -0.3656912    6A=7A 5A=7A
 RRHF --> RUHF   -0.5323329    6A=7B 5A=7B 6A=8B 3A=7B 4A=9B
 Not stable.
 ***********************************************************************

 **********************************************************************

            Population analysis using the SCF density.

 **********************************************************************

 Orbital symmetries:
       Occupied  (AG) (BU) (BU) (AG) (BU) (BU)
       Virtual   (AG) (AG) (BU) (AG) (AG) (BU)
 The electronic state is 1-AG.
 Alpha  occ. eigenvalues --   -0.90400  -0.72545  -0.60613  -0.49551  -0.16726
 Alpha  occ. eigenvalues --   -0.11219
 Alpha virt. eigenvalues --   -0.22020   0.06723   0.28540   0.44630   0.59153
 Alpha virt. eigenvalues --    0.98250
          Condensed to atoms (all electrons):
               1          2          3          4          5          6
     1  H    1.403500   0.365922  -0.344849  -0.236836  -0.071612   0.006521
     2  H    0.365922   0.897068  -0.121100  -0.383222   0.350829  -0.184519
     3  H   -0.344849  -0.121100   0.923076   0.575516  -0.011265   0.005402
     4  H   -0.236836  -0.383222   0.575516   1.872716  -0.226608   0.617465
     5  H   -0.071612   0.350829  -0.011265  -0.226608   1.202979  -0.487761
     6  H    0.006521  -0.184519   0.005402   0.617465  -0.487761   1.437814
     7  H    0.020358   0.020205  -0.091079  -0.252029   0.002884   0.107151
     8  H    0.039154   0.055621  -0.252029  -0.775708   0.058064  -0.249860
     9  H   -0.082953   0.015508   0.107151  -0.249860   0.045610  -0.153794
    10  H    0.030906  -0.007752   0.002884   0.058064  -0.021926   0.045610
    11  H    0.001448  -0.001510   0.020205   0.055621  -0.007752   0.015508
    12  H   -0.009533   0.001448   0.020358   0.039154   0.030906  -0.082953
               7          8          9         10         11         12
     1  H    0.020358   0.039154  -0.082953   0.030906   0.001448  -0.009533
     2  H    0.020205   0.055621   0.015508  -0.007752  -0.001510   0.001448
     3  H   -0.091079  -0.252029   0.107151   0.002884   0.020205   0.020358
     4  H   -0.252029  -0.775708  -0.249860   0.058064   0.055621   0.039154
     5  H    0.002884   0.058064   0.045610  -0.021926  -0.007752   0.030906
     6  H    0.107151  -0.249860  -0.153794   0.045610   0.015508  -0.082953
     7  H    0.923076   0.575516   0.005402  -0.011265  -0.121100  -0.344849
     8  H    0.575516   1.872716   0.617465  -0.226608  -0.383222  -0.236836
     9  H    0.005402   0.617465   1.437814  -0.487761  -0.184519   0.006521
    10  H   -0.011265  -0.226608  -0.487761   1.202979   0.350829  -0.071612
    11  H   -0.121100  -0.383222  -0.184519   0.350829   0.897068   0.365922
    12  H   -0.344849  -0.236836   0.006521  -0.071612   0.365922   1.403500
 Mulliken charges:
               1
     1  H   -0.122027
     2  H   -0.008499
     3  H    0.165730
     4  H   -0.094272
     5  H    0.135652
     6  H   -0.076584
     7  H    0.165730
     8  H   -0.094272
     9  H   -0.076584
    10  H    0.135652
    11  H   -0.008499
    12  H   -0.122027
 Sum of Mulliken charges =  -0.00000
 Mulliken charges with hydrogens summed into heavy atoms:
               1
 Electronic spatial extent (au):  <R**2>=            133.6345
 Charge=             -0.0000 electrons
 Dipole moment (field-independent basis, Debye):
    X=             -0.0000    Y=              0.0000    Z=             -0.0000  Tot=              0.0000
 Quadrupole moment (field-independent basis, Debye-Ang):
   XX=            -12.4696   YY=            -24.4414   ZZ=            -14.4427
   XY=             -2.8943   XZ=              0.0000   YZ=              0.0000
 Traceless Quadrupole moment (field-independent basis, Debye-Ang):
   XX=              4.6483   YY=             -7.3235   ZZ=              2.6752
   XY=             -2.8943   XZ=              0.0000   YZ=              0.0000
 Octapole moment (field-independent basis, Debye-Ang**2):
  XXX=             -0.0000  YYY=              0.0000  ZZZ=              0.0000  XYY=             -0.0000
  XXY=              0.0000  XXZ=              0.0000  XZZ=             -0.0000  YZZ=              0.0000
  YYZ=              0.0000  XYZ=              0.0000
 Hexadecapole moment (field-independent basis, Debye-Ang**3):
 XXXX=            -76.8817 YYYY=           -230.8823 ZZZZ=            -16.6987 XXXY=             -9.1778
 XXXZ=              0.0000 YYYX=            -19.9562 YYYZ=              0.0000 ZZZX=             -0.0000
 ZZZY=              0.0000 XXYY=            -46.0225 XXZZ=            -16.4123 YYZZ=            -31.0909
 XXYZ=              0.0000 YYXZ=              0.0000 ZZXY=             -2.1640
 N-N= 2.015116492568D+01 E-N=-5.193928161500D+01  KE= 7.599052252629D+00
 Symmetry AG   KE= 1.685293640469D+00
 Symmetry BG   KE= 0.000000000000D+00
 Symmetry AU   KE= 0.000000000000D+00
 Symmetry BU   KE= 5.913758612161D+00

 Test job not archived.
 1\1\GINC-SULU\Stability\RHF\Gen\H12\LCJ1\17-Feb-2017\0\\#rhf/gen scf(s
 ymm,tight,novaracc,noincfock,fulldiag) stable(crhf) guess=read geom=no
 crowd test\\hf stability analysis of h12 triangular lattice, y= 0.8042
 8002321446923\\0,1\H\H,1,1.0780404206\H,1,1.0780404206,2,83.5\H,2,1.07
 80404206,1,96.5,3,0.,0\H,2,1.0780404206,1,180.,3,0.,0\H,4,1.0780404206
 ,3,180.,5,0.,0\H,6,1.0780404206,5,180.,3,0.,0\H,4,1.0780404206,2,180.,
 3,0.,0\H,3,1.0780404206,1,180.,4,0.,0\H,9,1.0780404206,3,180.,4,0.,0\H
 ,8,1.0780404206,4,180.,3,0.,0\H,7,1.0780404206,6,180.,3,0.,0\\Version=
 ES64L-G09RevE.01\State=1-AG\HF=-5.0294782\MP2=-5.1829195\RMSD=6.205e-0
 9\Dipole=0.,0.,0.\Quadrupole=-4.8467239,1.9889371,2.8577868,0.,-3.0978
 264,0.\PG=C02H [SGH(H12)]\\@


 CONFIDENCE: THAT QUIET ASSURED FEELING YOU HAVE
 JUST BEFORE YOU FALL FLAT ON YOUR FACE.
 Job cpu time:       0 days  0 hours  0 minutes  1.1 seconds.
 File lengths (MBytes):  RWF=     84 Int=      0 D2E=      0 Chk=      2 Scr=      2
 Normal termination of Gaussian 09 at Fri Feb 17 15:01:20 2017.
