 Entering Gaussian System, Link 0=g09
 AtFile(1): H.gbs
            H     0
            S   10   1.00
               1000.000000000000            0.000068713567
                316.227766000000            0.000169141320
                100.000000000000            0.000823394812
                 31.622776600000            0.003425569236
                 10.000000000000            0.013951996000
                  3.162277660000            0.056909313560
                  1.000000000000            0.198286399900
                  0.316227766000            0.496922426700
                  0.100000000000            0.369846276400
                  0.031622776600            0.003752720039
            ****
 Initial command:
 /projects/guscus/apps/gau/g09-e1/g09/l1.exe "/users/lcj1/gaussian/h12/rhfstability/rect/guess/ag2bu4/Gau-14072.inp" -scrdir="/users/lcj1/gaussian/h12/rhfstability/rect/guess/ag2bu4/"
 Entering Link 1 = /projects/guscus/apps/gau/g09-e1/g09/l1.exe PID=     14073.
  
 Copyright (c) 1988,1990,1992,1993,1995,1998,2003,2009,2015,
            Gaussian, Inc.  All Rights Reserved.
  
 This is part of the Gaussian(R) 09 program.  It is based on
 the Gaussian(R) 03 system (copyright 2003, Gaussian, Inc.),
 the Gaussian(R) 98 system (copyright 1998, Gaussian, Inc.),
 the Gaussian(R) 94 system (copyright 1995, Gaussian, Inc.),
 the Gaussian 92(TM) system (copyright 1992, Gaussian, Inc.),
 the Gaussian 90(TM) system (copyright 1990, Gaussian, Inc.),
 the Gaussian 88(TM) system (copyright 1988, Gaussian, Inc.),
 the Gaussian 86(TM) system (copyright 1986, Carnegie Mellon
 University), and the Gaussian 82(TM) system (copyright 1983,
 Carnegie Mellon University). Gaussian is a federally registered
 trademark of Gaussian, Inc.
  
 This software contains proprietary and confidential information,
 including trade secrets, belonging to Gaussian, Inc.
  
 This software is provided under written license and may be
 used, copied, transmitted, or stored only in accord with that
 written license.
  
 The following legend is applicable only to US Government
 contracts under FAR:
  
                    RESTRICTED RIGHTS LEGEND
  
 Use, reproduction and disclosure by the US Government is
 subject to restrictions as set forth in subparagraphs (a)
 and (c) of the Commercial Computer Software - Restricted
 Rights clause in FAR 52.227-19.
  
 Gaussian, Inc.
 340 Quinnipiac St., Bldg. 40, Wallingford CT 06492
  
  
 ---------------------------------------------------------------
 Warning -- This program may not be used in any manner that
 competes with the business of Gaussian, Inc. or will provide
 assistance to any competitor of Gaussian, Inc.  The licensee
 of this program is prohibited from giving any competitor of
 Gaussian, Inc. access to this program.  By using this program,
 the user acknowledges that Gaussian, Inc. is engaged in the
 business of creating and licensing software in the field of
 computational chemistry and represents and warrants to the
 licensee that it is not a competitor of Gaussian, Inc. and that
 it will not use this program in any manner prohibited above.
 ---------------------------------------------------------------
  

 Cite this work as:
 Gaussian 09, Revision E.01,
 M. J. Frisch, G. W. Trucks, H. B. Schlegel, G. E. Scuseria, 
 M. A. Robb, J. R. Cheeseman, G. Scalmani, V. Barone, B. Mennucci, 
 G. A. Petersson, H. Nakatsuji, M. Caricato, X. Li, H. P. Hratchian, 
 A. F. Izmaylov, J. Bloino, G. Zheng, J. L. Sonnenberg, M. Hada, 
 M. Ehara, K. Toyota, R. Fukuda, J. Hasegawa, M. Ishida, T. Nakajima, 
 Y. Honda, O. Kitao, H. Nakai, T. Vreven, J. A. Montgomery, Jr., 
 J. E. Peralta, F. Ogliaro, M. Bearpark, J. J. Heyd, E. Brothers, 
 K. N. Kudin, V. N. Staroverov, T. Keith, R. Kobayashi, J. Normand, 
 K. Raghavachari, A. Rendell, J. C. Burant, S. S. Iyengar, J. Tomasi, 
 M. Cossi, N. Rega, J. M. Millam, M. Klene, J. E. Knox, J. B. Cross, 
 V. Bakken, C. Adamo, J. Jaramillo, R. Gomperts, R. E. Stratmann, 
 O. Yazyev, A. J. Austin, R. Cammi, C. Pomelli, J. W. Ochterski, 
 R. L. Martin, K. Morokuma, V. G. Zakrzewski, G. A. Voth, 
 P. Salvador, J. J. Dannenberg, S. Dapprich, A. D. Daniels, 
 O. Farkas, J. B. Foresman, J. V. Ortiz, J. Cioslowski, 
 and D. J. Fox, Gaussian, Inc., Wallingford CT, 2013.
 
 ******************************************
 Gaussian 09:  ES64L-G09RevE.01 30-Nov-2015
                17-Feb-2017 
 ******************************************
 %chk=h12.chk
 ----------------------------------------------------------------------
 #rhf/gen scf(symm,tight,novaracc,noincfock,fulldiag) stable(crhf) gues
 s=read geom=nocrowd test
 ----------------------------------------------------------------------
 1/38=1/1;
 2/12=1,17=6,18=5,40=1/2;
 3/5=7,16=1,25=1,30=1,116=1/1,2,3;
 4/5=1,9=4/1;
 5/5=100002,15=2,16=1,32=2,38=6/2;
 8/6=1,10=90,11=11/1,4;
 9/8=4,13=1/2;
 6/7=2,8=2,9=2,10=2,28=1/1;
 99/5=1,9=1/99;
 ----------------------------------------------------------------------
 hf stability analysis of h12 triangular lattice, y= 0.4768902663057268
 4
 ----------------------------------------------------------------------
 Symbolic Z-matrix:
 Charge =  0 Multiplicity = 1
 H
 H                    1     1.3012 
 H                    1     1.3012   2     137. 
 H                    2     1.3012   1     43.      3     0.       0
 H                    2     1.3012   1     180.     3     0.       0
 H                    4     1.3012   3     180.     5     0.       0
 H                    6     1.3012   5     180.     3     0.       0
 H                    4     1.3012   2     180.     3     0.       0
 H                    3     1.3012   1     180.     4     0.       0
 H                    9     1.3012   3     180.     4     0.       0
 H                    8     1.3012   4     180.     3     0.       0
 H                    7     1.3012   6     180.     3     0.       0
 
                          Input orientation:                          
 ---------------------------------------------------------------------
 Center     Atomic      Atomic             Coordinates (Angstroms)
 Number     Number       Type             X           Y           Z
 ---------------------------------------------------------------------
      1          1           0        0.000000    0.000000    0.000000
      2          1           0        0.000000    0.000000    1.301197
      3          1           0        0.887414    0.000000   -0.951635
      4          1           0        0.887414    0.000000    0.349562
      5          1           0        0.000000    0.000000    2.602394
      6          1           0        0.887414    0.000000    1.650759
      7          1           0        1.774828    0.000000    0.699123
      8          1           0        1.774828    0.000000   -0.602073
      9          1           0        1.774828    0.000000   -1.903270
     10          1           0        2.662242    0.000000   -2.854905
     11          1           0        2.662242    0.000000   -1.553709
     12          1           0        2.662242    0.000000   -0.252512
 ---------------------------------------------------------------------
                    Distance matrix (angstroms):
                    1          2          3          4          5
     1  H    0.000000
     2  H    1.301197   0.000000
     3  H    1.301197   2.421313   0.000000
     4  H    0.953781   1.301197   1.301197   0.000000
     5  H    2.602394   1.301197   3.663144   2.421313   0.000000
     6  H    1.874169   0.953781   2.602394   1.301197   1.301197
     7  H    1.907561   1.874169   1.874169   0.953781   2.602394
     8  H    1.874169   2.602394   0.953781   1.301197   3.663144
     9  H    2.602394   3.663144   1.301197   2.421313   4.842626
    10  H    3.903591   4.935658   2.602394   3.663144   6.072038
    11  H    3.082458   3.903591   1.874169   2.602394   4.935658
    12  H    2.674191   3.082458   1.907561   1.874169   3.903591
                    6          7          8          9         10
     6  H    0.000000
     7  H    1.301197   0.000000
     8  H    2.421313   1.301197   0.000000
     9  H    3.663144   2.602394   1.301197   0.000000
    10  H    4.842626   3.663144   2.421313   1.301197   0.000000
    11  H    3.663144   2.421313   1.301197   0.953781   1.301197
    12  H    2.602394   1.301197   0.953781   1.874169   2.602394
                   11         12
    11  H    0.000000
    12  H    1.301197   0.000000
 Stoichiometry    H12
 Framework group  C2H[SGH(H12)]
 Deg. of freedom    11
 Full point group                 C2H     NOp   4
 Largest Abelian subgroup         C2H     NOp   4
 Largest concise Abelian subgroup C2      NOp   2
                         Standard orientation:                         
 ---------------------------------------------------------------------
 Center     Atomic      Atomic             Coordinates (Angstroms)
 Number     Number       Type             X           Y           Z
 ---------------------------------------------------------------------
      1          1           0        0.887414    1.000160    0.000000
      2          1           0        0.000000    1.951795    0.000000
      3          1           0        0.887414   -0.301037    0.000000
      4          1           0        0.000000    0.650598    0.000000
      5          1           0       -0.887414    2.903430    0.000000
      6          1           0       -0.887414    1.602234   -0.000000
      7          1           0       -0.887414    0.301037    0.000000
      8          1           0       -0.000000   -0.650598    0.000000
      9          1           0        0.887414   -1.602234    0.000000
     10          1           0        0.887414   -2.903430    0.000000
     11          1           0       -0.000000   -1.951795    0.000000
     12          1           0       -0.887414   -1.000160    0.000000
 ---------------------------------------------------------------------
 Rotational constants (GHZ):    107.4155792     14.6310963     12.8771036
 General basis read from cards:  (5D, 7F)
 There are     6 symmetry adapted cartesian basis functions of AG  symmetry.
 There are     0 symmetry adapted cartesian basis functions of BG  symmetry.
 There are     0 symmetry adapted cartesian basis functions of AU  symmetry.
 There are     6 symmetry adapted cartesian basis functions of BU  symmetry.
 There are     6 symmetry adapted basis functions of AG  symmetry.
 There are     0 symmetry adapted basis functions of BG  symmetry.
 There are     0 symmetry adapted basis functions of AU  symmetry.
 There are     6 symmetry adapted basis functions of BU  symmetry.
    12 basis functions,   120 primitive gaussians,    12 cartesian basis functions
     6 alpha electrons        6 beta electrons
       nuclear repulsion energy        18.5978482884 Hartrees.
 NAtoms=   12 NActive=   12 NUniq=    6 SFac= 4.00D+00 NAtFMM=   60 NAOKFM=F Big=F
 Integral buffers will be    131072 words long.
 Regular integral format.
 Two-electron integral symmetry is turned on.
 One-electron integrals computed using PRISM.
 NBasis=    12 RedAO= T EigKep=  1.64D-01  NBF=     6     0     0     6
 NBsUse=    12 1.00D-06 EigRej= -1.00D+00 NBFU=     6     0     0     6
 Initial guess from the checkpoint file:  "h12.chk"
 B after Tr=    -0.000000    0.000000    0.000000
         Rot=    0.999999    0.000000    0.000000   -0.001518 Ang=  -0.17 deg.
 Initial guess orbital symmetries:
       Occupied  (AG) (BU) (AG) (BU) (BU) (BU)
       Virtual   (AG) (AG) (AG) (BU) (AG) (BU)
 Keep R1 ints in memory in symmetry-blocked form, NReq=901432.
 Requested convergence on RMS density matrix=1.00D-08 within 128 cycles.
 Requested convergence on MAX density matrix=1.00D-06.
 Requested convergence on             energy=1.00D-06.
 No special actions if energy rises.
 SCF Done:  E(RHF) =  -5.42015432532     A.U. after    9 cycles
            NFock=  9  Conv=0.31D-08     -V/T= 1.7737
 Range of M.O.s used for correlation:     1    12
 NBasis=    12 NAE=     6 NBE=     6 NFC=     0 NFV=     0
 NROrb=     12 NOA=     6 NOB=     6 NVA=     6 NVB=     6

 **** Warning!!: The smallest alpha delta epsilon is -0.66253540D-01

 Semi-Direct transformation.
 ModeAB=           4 MOrb=             6 LenV=     134087027
 LASXX=         2181 LTotXX=        2181 LenRXX=        5115
 LTotAB=        2934 MaxLAS=        3024 LenRXY=           0
 NonZer=        7296 LenScr=      655360 LnRSAI=        3024
 LnScr1=      655360 LExtra=           0 Total=      1318859
 MaxDsk=          -1 SrtSym=           T ITran=            3
 JobTyp=0 Pass  1:  I=   1 to   6.
 (rs|ai) integrals will be sorted in core.
 Spin components of T(2) and E(2):
     alpha-alpha T2 =       0.1239237705D-01 E2=     -0.1042655902D-01
     alpha-beta  T2 =       0.1104355995D+02 E2=     -0.4940037204D+00
     beta-beta   T2 =       0.1239237705D-01 E2=     -0.1042655902D-01
 ANorm=    0.3473952318D+01
 E2 =    -0.5148568385D+00 EUMP2 =    -0.59350111638095D+01
 Second order stability test of a single determinant RHF wave function:
 Stabil:  MDV=134217728
 ***********************************************************************
 Matrix         Lowest Root    Major Pairs
 ***********************************************************************
 Internal RHF    -0.2657643    6A=7A
 RRHF --> CRHF   -0.2933785    6A=7A
 RRHF --> RUHF   -0.522929     6A=8B 6A=7B 5A=8B
 Not stable.
 ***********************************************************************

 **********************************************************************

            Population analysis using the SCF density.

 **********************************************************************

 Orbital symmetries:
       Occupied  (AG) (BU) (AG) (BU) (BU) (BU)
       Virtual   (AG) (AG) (AG) (BU) (AG) (BU)
 The electronic state is 1-AG.
 Alpha  occ. eigenvalues --   -0.91470  -0.75153  -0.57595  -0.53223  -0.38478
 Alpha  occ. eigenvalues --    0.00319
 Alpha virt. eigenvalues --   -0.06307   0.04294   0.30372   0.32726   0.51689
 Alpha virt. eigenvalues --    0.60745
          Condensed to atoms (all electrons):
               1          2          3          4          5          6
     1  H    0.672377  -0.179571   0.078431   0.431802   0.015225  -0.089640
     2  H   -0.179571   1.285376   0.050363  -0.319721  -0.252873   0.567314
     3  H    0.078431   0.050363   1.051516  -0.208862  -0.004026   0.001439
     4  H    0.431802  -0.319721  -0.208862   1.291103   0.014665  -0.187216
     5  H    0.015225  -0.252873  -0.004026   0.014665   1.480173  -0.082553
     6  H   -0.089640   0.567314   0.001439  -0.187216  -0.082553   0.716873
     7  H   -0.002217  -0.153156  -0.213267   0.495239   0.005305  -0.103057
     8  H   -0.107076   0.047788   0.495239  -0.350042  -0.005891   0.025592
     9  H    0.022541  -0.006694  -0.103057   0.025592   0.001401  -0.003363
    10  H   -0.003592   0.002166   0.005305  -0.005891  -0.000455   0.001401
    11  H    0.012802  -0.010345  -0.153156   0.047788   0.002166  -0.006694
    12  H   -0.051808   0.012802  -0.002217  -0.107076  -0.003592   0.022541
               7          8          9         10         11         12
     1  H   -0.002217  -0.107076   0.022541  -0.003592   0.012802  -0.051808
     2  H   -0.153156   0.047788  -0.006694   0.002166  -0.010345   0.012802
     3  H   -0.213267   0.495239  -0.103057   0.005305  -0.153156  -0.002217
     4  H    0.495239  -0.350042   0.025592  -0.005891   0.047788  -0.107076
     5  H    0.005305  -0.005891   0.001401  -0.000455   0.002166  -0.003592
     6  H   -0.103057   0.025592  -0.003363   0.001401  -0.006694   0.022541
     7  H    1.051516  -0.208862   0.001439  -0.004026   0.050363   0.078431
     8  H   -0.208862   1.291103  -0.187216   0.014665  -0.319721   0.431802
     9  H    0.001439  -0.187216   0.716873  -0.082553   0.567314  -0.089640
    10  H   -0.004026   0.014665  -0.082553   1.480173  -0.252873   0.015225
    11  H    0.050363  -0.319721   0.567314  -0.252873   1.285376  -0.179571
    12  H    0.078431   0.431802  -0.089640   0.015225  -0.179571   0.672377
 Mulliken charges:
               1
     1  H    0.200725
     2  H   -0.043450
     3  H    0.002291
     4  H   -0.127383
     5  H   -0.169546
     6  H    0.137362
     7  H    0.002291
     8  H   -0.127383
     9  H    0.137362
    10  H   -0.169546
    11  H   -0.043450
    12  H    0.200725
 Sum of Mulliken charges =  -0.00000
 Mulliken charges with hydrogens summed into heavy atoms:
               1
 Electronic spatial extent (au):  <R**2>=            184.4542
 Charge=             -0.0000 electrons
 Dipole moment (field-independent basis, Debye):
    X=              0.0000    Y=              0.0000    Z=              0.0000  Tot=              0.0000
 Quadrupole moment (field-independent basis, Debye-Ang):
   XX=            -14.6359   YY=            -31.5589   ZZ=            -14.8580
   XY=              6.8915   XZ=             -0.0000   YZ=              0.0000
 Traceless Quadrupole moment (field-independent basis, Debye-Ang):
   XX=              5.7150   YY=            -11.2079   ZZ=              5.4929
   XY=              6.8915   XZ=             -0.0000   YZ=              0.0000
 Octapole moment (field-independent basis, Debye-Ang**2):
  XXX=              0.0000  YYY=             -0.0000  ZZZ=             -0.0000  XYY=              0.0000
  XXY=             -0.0000  XXZ=             -0.0000  XZZ=              0.0000  YZZ=             -0.0000
  YYZ=             -0.0000  XYZ=              0.0000
 Hexadecapole moment (field-independent basis, Debye-Ang**3):
 XXXX=            -66.5771 YYYY=           -481.6642 ZZZZ=            -17.4952 XXXY=             36.4865
 XXXZ=             -0.0000 YYYX=             95.4105 YYYZ=              0.0000 ZZZX=              0.0000
 ZZZY=              0.0000 XXYY=            -73.6974 XXZZ=            -14.1487 YYZZ=            -51.8162
 XXYZ=              0.0000 YYXZ=             -0.0000 ZZXY=             10.5964
 N-N= 1.859784828843D+01 E-N=-4.872962915922D+01  KE= 7.005617951480D+00
 Symmetry AG   KE= 1.504484437225D+00
 Symmetry BG   KE= 0.000000000000D+00
 Symmetry AU   KE= 0.000000000000D+00
 Symmetry BU   KE= 5.501133514255D+00

 Test job not archived.
 1\1\GINC-SULU\Stability\RHF\Gen\H12\LCJ1\17-Feb-2017\0\\#rhf/gen scf(s
 ymm,tight,novaracc,noincfock,fulldiag) stable(crhf) guess=read geom=no
 crowd test\\hf stability analysis of h12 triangular lattice, y= 0.4768
 9026630572684\\0,1\H\H,1,1.3011968825\H,1,1.3011968825,2,137.\H,2,1.30
 11968825,1,43.,3,0.,0\H,2,1.3011968825,1,180.,3,0.,0\H,4,1.3011968825,
 3,180.,5,0.,0\H,6,1.3011968825,5,180.,3,0.,0\H,4,1.3011968825,2,180.,3
 ,0.,0\H,3,1.3011968825,1,180.,4,0.,0\H,9,1.3011968825,3,180.,4,0.,0\H,
 8,1.3011968825,4,180.,3,0.,0\H,7,1.3011968825,6,180.,3,0.,0\\Version=E
 S64L-G09RevE.01\State=1-AG\HF=-5.4201543\MP2=-5.9350112\RMSD=3.100e-09
 \Dipole=0.,0.,0.\Quadrupole=3.5080503,4.0838581,-7.5919084,0.,5.918169
 9,0.\PG=C02H [SGH(H12)]\\@


 EVERYBODY NEEDS BEAUTY AS WELL AS BREAD, PLACES TO PLAY IN AND PRAY IN,
 WHERE NATURE MAY HEAL AND CHEER AND GIVE STRENGTH TO BODY AND SOUL ALIKE.

                                    -- JOHN MUIR
 Job cpu time:       0 days  0 hours  0 minutes  1.0 seconds.
 File lengths (MBytes):  RWF=     84 Int=      0 D2E=      0 Chk=      2 Scr=      2
 Normal termination of Gaussian 09 at Fri Feb 17 14:55:43 2017.
