 Entering Gaussian System, Link 0=g09
 AtFile(1): H.gbs
            H     0
            S   10   1.00
               1000.000000000000            0.000068713567
                316.227766000000            0.000169141320
                100.000000000000            0.000823394812
                 31.622776600000            0.003425569236
                 10.000000000000            0.013951996000
                  3.162277660000            0.056909313560
                  1.000000000000            0.198286399900
                  0.316227766000            0.496922426700
                  0.100000000000            0.369846276400
                  0.031622776600            0.003752720039
            ****
 Initial command:
 /projects/guscus/apps/gau/g09-e1/g09/l1.exe "/users/lcj1/gaussian/h12/rhfstability/rect/guess/ag2bu4/Gau-17666.inp" -scrdir="/users/lcj1/gaussian/h12/rhfstability/rect/guess/ag2bu4/"
 Entering Link 1 = /projects/guscus/apps/gau/g09-e1/g09/l1.exe PID=     17671.
  
 Copyright (c) 1988,1990,1992,1993,1995,1998,2003,2009,2015,
            Gaussian, Inc.  All Rights Reserved.
  
 This is part of the Gaussian(R) 09 program.  It is based on
 the Gaussian(R) 03 system (copyright 2003, Gaussian, Inc.),
 the Gaussian(R) 98 system (copyright 1998, Gaussian, Inc.),
 the Gaussian(R) 94 system (copyright 1995, Gaussian, Inc.),
 the Gaussian 92(TM) system (copyright 1992, Gaussian, Inc.),
 the Gaussian 90(TM) system (copyright 1990, Gaussian, Inc.),
 the Gaussian 88(TM) system (copyright 1988, Gaussian, Inc.),
 the Gaussian 86(TM) system (copyright 1986, Carnegie Mellon
 University), and the Gaussian 82(TM) system (copyright 1983,
 Carnegie Mellon University). Gaussian is a federally registered
 trademark of Gaussian, Inc.
  
 This software contains proprietary and confidential information,
 including trade secrets, belonging to Gaussian, Inc.
  
 This software is provided under written license and may be
 used, copied, transmitted, or stored only in accord with that
 written license.
  
 The following legend is applicable only to US Government
 contracts under FAR:
  
                    RESTRICTED RIGHTS LEGEND
  
 Use, reproduction and disclosure by the US Government is
 subject to restrictions as set forth in subparagraphs (a)
 and (c) of the Commercial Computer Software - Restricted
 Rights clause in FAR 52.227-19.
  
 Gaussian, Inc.
 340 Quinnipiac St., Bldg. 40, Wallingford CT 06492
  
  
 ---------------------------------------------------------------
 Warning -- This program may not be used in any manner that
 competes with the business of Gaussian, Inc. or will provide
 assistance to any competitor of Gaussian, Inc.  The licensee
 of this program is prohibited from giving any competitor of
 Gaussian, Inc. access to this program.  By using this program,
 the user acknowledges that Gaussian, Inc. is engaged in the
 business of creating and licensing software in the field of
 computational chemistry and represents and warrants to the
 licensee that it is not a competitor of Gaussian, Inc. and that
 it will not use this program in any manner prohibited above.
 ---------------------------------------------------------------
  

 Cite this work as:
 Gaussian 09, Revision E.01,
 M. J. Frisch, G. W. Trucks, H. B. Schlegel, G. E. Scuseria, 
 M. A. Robb, J. R. Cheeseman, G. Scalmani, V. Barone, B. Mennucci, 
 G. A. Petersson, H. Nakatsuji, M. Caricato, X. Li, H. P. Hratchian, 
 A. F. Izmaylov, J. Bloino, G. Zheng, J. L. Sonnenberg, M. Hada, 
 M. Ehara, K. Toyota, R. Fukuda, J. Hasegawa, M. Ishida, T. Nakajima, 
 Y. Honda, O. Kitao, H. Nakai, T. Vreven, J. A. Montgomery, Jr., 
 J. E. Peralta, F. Ogliaro, M. Bearpark, J. J. Heyd, E. Brothers, 
 K. N. Kudin, V. N. Staroverov, T. Keith, R. Kobayashi, J. Normand, 
 K. Raghavachari, A. Rendell, J. C. Burant, S. S. Iyengar, J. Tomasi, 
 M. Cossi, N. Rega, J. M. Millam, M. Klene, J. E. Knox, J. B. Cross, 
 V. Bakken, C. Adamo, J. Jaramillo, R. Gomperts, R. E. Stratmann, 
 O. Yazyev, A. J. Austin, R. Cammi, C. Pomelli, J. W. Ochterski, 
 R. L. Martin, K. Morokuma, V. G. Zakrzewski, G. A. Voth, 
 P. Salvador, J. J. Dannenberg, S. Dapprich, A. D. Daniels, 
 O. Farkas, J. B. Foresman, J. V. Ortiz, J. Cioslowski, 
 and D. J. Fox, Gaussian, Inc., Wallingford CT, 2013.
 
 ******************************************
 Gaussian 09:  ES64L-G09RevE.01 30-Nov-2015
                17-Feb-2017 
 ******************************************
 %chk=h12.chk
 ----------------------------------------------------------------------
 #rhf/gen scf(symm,tight,novaracc,noincfock,fulldiag) stable(crhf) gues
 s=read geom=nocrowd test
 ----------------------------------------------------------------------
 1/38=1/1;
 2/12=1,17=6,18=5,40=1/2;
 3/5=7,16=1,25=1,30=1,116=1/1,2,3;
 4/5=1,9=4/1;
 5/5=100002,15=2,16=1,32=2,38=6/2;
 8/6=1,10=90,11=11/1,4;
 9/8=4,13=1/2;
 6/7=2,8=2,9=2,10=2,28=1/1;
 99/5=1,9=1/99;
 ----------------------------------------------------------------------
 hf stability analysis of h12 triangular lattice, y= 0.5628012212403139
 5
 ----------------------------------------------------------------------
 Symbolic Z-matrix:
 Charge =  0 Multiplicity = 1
 H
 H                    1     1.17009 
 H                    1     1.17009  2     122.5 
 H                    2     1.17009  1     57.5     3     0.       0
 H                    2     1.17009  1     180.     3     0.       0
 H                    4     1.17009  3     180.     5     0.       0
 H                    6     1.17009  5     180.     3     0.       0
 H                    4     1.17009  2     180.     3     0.       0
 H                    3     1.17009  1     180.     4     0.       0
 H                    9     1.17009  3     180.     4     0.       0
 H                    8     1.17009  4     180.     3     0.       0
 H                    7     1.17009  6     180.     3     0.       0
 
                          Input orientation:                          
 ---------------------------------------------------------------------
 Center     Atomic      Atomic             Coordinates (Angstroms)
 Number     Number       Type             X           Y           Z
 ---------------------------------------------------------------------
      1          1           0        0.000000    0.000000    0.000000
      2          1           0        0.000000    0.000000    1.170092
      3          1           0        0.986846    0.000000   -0.628690
      4          1           0        0.986846    0.000000    0.541402
      5          1           0        0.000000    0.000000    2.340184
      6          1           0        0.986846    0.000000    1.711494
      7          1           0        1.973692    0.000000    1.082804
      8          1           0        1.973692    0.000000   -0.087288
      9          1           0        1.973692    0.000000   -1.257380
     10          1           0        2.960537    0.000000   -1.886070
     11          1           0        2.960537    0.000000   -0.715978
     12          1           0        2.960537    0.000000    0.454114
 ---------------------------------------------------------------------
                    Distance matrix (angstroms):
                    1          2          3          4          5
     1  H    0.000000
     2  H    1.170092   0.000000
     3  H    1.170092   2.051702   0.000000
     4  H    1.125602   1.170092   1.170092   0.000000
     5  H    2.340184   1.170092   3.128591   2.051702   0.000000
     6  H    1.975621   1.125602   2.340184   1.170092   1.170092
     7  H    2.251205   1.975621   1.975621   1.125602   2.340184
     8  H    1.975621   2.340184   1.125602   1.170092   3.128591
     9  H    2.340184   3.128591   1.170092   2.051702   4.103405
    10  H    3.510277   4.254986   2.340184   3.128591   5.160040
    11  H    3.045883   3.510277   1.975621   2.340184   4.254986
    12  H    2.995163   3.045883   2.251205   1.975621   3.510277
                    6          7          8          9         10
     6  H    0.000000
     7  H    1.170092   0.000000
     8  H    2.051702   1.170092   0.000000
     9  H    3.128591   2.340184   1.170092   0.000000
    10  H    4.103405   3.128591   2.051702   1.170092   0.000000
    11  H    3.128591   2.051702   1.170092   1.125602   1.170092
    12  H    2.340184   1.170092   1.125602   1.975621   2.340184
                   11         12
    11  H    0.000000
    12  H    1.170092   0.000000
 Stoichiometry    H12
 Framework group  C2H[SGH(H12)]
 Deg. of freedom    11
 Full point group                 C2H     NOp   4
 Largest Abelian subgroup         C2H     NOp   4
 Largest concise Abelian subgroup C2      NOp   2
                         Standard orientation:                         
 ---------------------------------------------------------------------
 Center     Atomic      Atomic             Coordinates (Angstroms)
 Number     Number       Type             X           Y           Z
 ---------------------------------------------------------------------
      1          1           0        0.986846    1.126448    0.000000
      2          1           0        0.000000    1.755138    0.000000
      3          1           0        0.986846   -0.043644    0.000000
      4          1           0        0.000000    0.585046    0.000000
      5          1           0       -0.986846    2.383828    0.000000
      6          1           0       -0.986846    1.213736    0.000000
      7          1           0       -0.986846    0.043644    0.000000
      8          1           0       -0.000000   -0.585046    0.000000
      9          1           0        0.986846   -1.213736   -0.000000
     10          1           0        0.986846   -2.383828   -0.000000
     11          1           0       -0.000000   -1.755138    0.000000
     12          1           0       -0.986846   -1.126448    0.000000
 ---------------------------------------------------------------------
 Rotational constants (GHZ):     78.7294440     19.9621334     15.9244356
 General basis read from cards:  (5D, 7F)
 There are     6 symmetry adapted cartesian basis functions of AG  symmetry.
 There are     0 symmetry adapted cartesian basis functions of BG  symmetry.
 There are     0 symmetry adapted cartesian basis functions of AU  symmetry.
 There are     6 symmetry adapted cartesian basis functions of BU  symmetry.
 There are     6 symmetry adapted basis functions of AG  symmetry.
 There are     0 symmetry adapted basis functions of BG  symmetry.
 There are     0 symmetry adapted basis functions of AU  symmetry.
 There are     6 symmetry adapted basis functions of BU  symmetry.
    12 basis functions,   120 primitive gaussians,    12 cartesian basis functions
     6 alpha electrons        6 beta electrons
       nuclear repulsion energy        19.4325578652 Hartrees.
 NAtoms=   12 NActive=   12 NUniq=    6 SFac= 4.00D+00 NAtFMM=   60 NAOKFM=F Big=F
 Integral buffers will be    131072 words long.
 Regular integral format.
 Two-electron integral symmetry is turned on.
 One-electron integrals computed using PRISM.
 NBasis=    12 RedAO= T EigKep=  1.83D-01  NBF=     6     0     0     6
 NBsUse=    12 1.00D-06 EigRej= -1.00D+00 NBFU=     6     0     0     6
 Initial guess from the checkpoint file:  "h12.chk"
 B after Tr=     0.000000   -0.000000    0.000000
         Rot=    0.999999    0.000000   -0.000000   -0.001518 Ang=  -0.17 deg.
 Initial guess orbital symmetries:
       Occupied  (AG) (BU) (BU) (AG) (BU) (BU)
       Virtual   (AG) (AG) (AG) (BU) (BU) (AG)
 Keep R1 ints in memory in symmetry-blocked form, NReq=903448.
 Requested convergence on RMS density matrix=1.00D-08 within 128 cycles.
 Requested convergence on MAX density matrix=1.00D-06.
 Requested convergence on             energy=1.00D-06.
 No special actions if energy rises.
 SCF Done:  E(RHF) =  -5.18697425074     A.U. after   11 cycles
            NFock= 11  Conv=0.14D-08     -V/T= 1.7205
 Range of M.O.s used for correlation:     1    12
 NBasis=    12 NAE=     6 NBE=     6 NFC=     0 NFV=     0
 NROrb=     12 NOA=     6 NOB=     6 NVA=     6 NVB=     6

 **** Warning!!: The smallest alpha delta epsilon is -0.16599646D+00

 Semi-Direct transformation.
 ModeAB=           4 MOrb=             6 LenV=     134084969
 LASXX=         2181 LTotXX=        2181 LenRXX=        5115
 LTotAB=        2934 MaxLAS=        3024 LenRXY=           0
 NonZer=        7296 LenScr=      655360 LnRSAI=        3024
 LnScr1=      655360 LExtra=           0 Total=      1318859
 MaxDsk=          -1 SrtSym=           T ITran=            3
 JobTyp=0 Pass  1:  I=   1 to   6.
 (rs|ai) integrals will be sorted in core.
 Spin components of T(2) and E(2):
     alpha-alpha T2 =       0.1879176425D-01 E2=     -0.1631230924D-01
     alpha-beta  T2 =       0.1206046473D+01 E2=     -0.1355600662D+00
     beta-beta   T2 =       0.1879176425D-01 E2=     -0.1631230924D-01
 ANorm=    0.1497875162D+01
 E2 =    -0.1681846847D+00 EUMP2 =    -0.53551589354576D+01
 Second order stability test of a single determinant RHF wave function:
 Stabil:  MDV=134217728
 ***********************************************************************
 Matrix         Lowest Root    Major Pairs
 ***********************************************************************
 Internal RHF    -0.3467621    6A=7A
 RRHF --> CRHF   -0.4092438    6A=7A
 RRHF --> RUHF   -0.5934411    6A=7B
 Not stable.
 ***********************************************************************

 **********************************************************************

            Population analysis using the SCF density.

 **********************************************************************

 Orbital symmetries:
       Occupied  (AG) (BU) (BU) (AG) (BU) (BU)
       Virtual   (AG) (AG) (AG) (BU) (BU) (AG)
 The electronic state is 1-AG.
 Alpha  occ. eigenvalues --   -0.92735  -0.73280  -0.59094  -0.53137  -0.27283
 Alpha  occ. eigenvalues --    0.02042
 Alpha virt. eigenvalues --   -0.14558   0.12551   0.26115   0.38991   0.53285
 Alpha virt. eigenvalues --    0.54476
          Condensed to atoms (all electrons):
               1          2          3          4          5          6
     1  H    0.423873   0.010273   0.093932   0.259433  -0.047983  -0.027007
     2  H    0.010273   1.877606  -0.193681  -0.400502   0.122492  -0.482570
     3  H    0.093932  -0.193681   1.421985   0.128892   0.018553   0.058630
     4  H    0.259433  -0.400502   0.128892   1.322133  -0.120961   0.324769
     5  H   -0.047983   0.122492   0.018553  -0.120961   0.969215   0.218772
     6  H   -0.027007  -0.482570   0.058630   0.324769   0.218772   1.328715
     7  H   -0.002871   0.147645  -0.247359   0.079199  -0.098163  -0.330775
     8  H   -0.057815   0.080278   0.079199  -0.418855   0.016484  -0.154619
     9  H    0.007471   0.064521  -0.330775  -0.154619  -0.000319  -0.049152
    10  H    0.006108   0.002076  -0.098163   0.016484  -0.000912  -0.000319
    11  H   -0.006426  -0.038511   0.147645   0.080278   0.002076   0.064521
    12  H   -0.020413  -0.006426  -0.002871  -0.057815   0.006108   0.007471
               7          8          9         10         11         12
     1  H   -0.002871  -0.057815   0.007471   0.006108  -0.006426  -0.020413
     2  H    0.147645   0.080278   0.064521   0.002076  -0.038511  -0.006426
     3  H   -0.247359   0.079199  -0.330775  -0.098163   0.147645  -0.002871
     4  H    0.079199  -0.418855  -0.154619   0.016484   0.080278  -0.057815
     5  H   -0.098163   0.016484  -0.000319  -0.000912   0.002076   0.006108
     6  H   -0.330775  -0.154619  -0.049152  -0.000319   0.064521   0.007471
     7  H    1.421985   0.128892   0.058630   0.018553  -0.193681   0.093932
     8  H    0.128892   1.322133   0.324769  -0.120961  -0.400502   0.259433
     9  H    0.058630   0.324769   1.328715   0.218772  -0.482570  -0.027007
    10  H    0.018553  -0.120961   0.218772   0.969215   0.122492  -0.047983
    11  H   -0.193681  -0.400502  -0.482570   0.122492   1.877606   0.010273
    12  H    0.093932   0.259433  -0.027007  -0.047983   0.010273   0.423873
 Mulliken charges:
               1
     1  H    0.361426
     2  H   -0.183203
     3  H   -0.075987
     4  H   -0.058437
     5  H   -0.085363
     6  H    0.041563
     7  H   -0.075987
     8  H   -0.058437
     9  H    0.041563
    10  H   -0.085363
    11  H   -0.183203
    12  H    0.361426
 Sum of Mulliken charges =  -0.00000
 Mulliken charges with hydrogens summed into heavy atoms:
               1
 Electronic spatial extent (au):  <R**2>=            153.4102
 Charge=             -0.0000 electrons
 Dipole moment (field-independent basis, Debye):
    X=             -0.0000    Y=              0.0000    Z=              0.0000  Tot=              0.0000
 Quadrupole moment (field-independent basis, Debye-Ang):
   XX=            -14.3939   YY=            -25.9222   ZZ=            -14.7746
   XY=              6.3250   XZ=             -0.0000   YZ=             -0.0000
 Traceless Quadrupole moment (field-independent basis, Debye-Ang):
   XX=              3.9697   YY=             -7.5586   ZZ=              3.5890
   XY=              6.3250   XZ=             -0.0000   YZ=             -0.0000
 Octapole moment (field-independent basis, Debye-Ang**2):
  XXX=              0.0000  YYY=              0.0000  ZZZ=              0.0000  XYY=              0.0000
  XXY=             -0.0000  XXZ=              0.0000  XZZ=              0.0000  YZZ=              0.0000
  YYZ=              0.0000  XYZ=             -0.0000
 Hexadecapole moment (field-independent basis, Debye-Ang**3):
 XXXX=            -77.4204 YYYY=           -290.5336 ZZZZ=            -17.3142 XXXY=             32.5288
 XXXZ=              0.0000 YYYX=             45.6987 YYYZ=             -0.0000 ZZZX=              0.0000
 ZZZY=             -0.0000 XXYY=            -52.1158 XXZZ=            -15.8632 YYZZ=            -39.4964
 XXYZ=             -0.0000 YYXZ=              0.0000 ZZXY=              8.1597
 N-N= 1.943255786521D+01 E-N=-5.036877427186D+01  KE= 7.199470072981D+00
 Symmetry AG   KE= 1.502004546423D+00
 Symmetry BG   KE= 0.000000000000D+00
 Symmetry AU   KE= 0.000000000000D+00
 Symmetry BU   KE= 5.697465526558D+00

 Test job not archived.
 1\1\GINC-SULU\Stability\RHF\Gen\H12\LCJ1\17-Feb-2017\0\\#rhf/gen scf(s
 ymm,tight,novaracc,noincfock,fulldiag) stable(crhf) guess=read geom=no
 crowd test\\hf stability analysis of h12 triangular lattice, y= 0.5628
 0122124031395\\0,1\H\H,1,1.1700922002\H,1,1.1700922002,2,122.5\H,2,1.1
 700922002,1,57.5,3,0.,0\H,2,1.1700922002,1,180.,3,0.,0\H,4,1.170092200
 2,3,180.,5,0.,0\H,6,1.1700922002,5,180.,3,0.,0\H,4,1.1700922002,2,180.
 ,3,0.,0\H,3,1.1700922002,1,180.,4,0.,0\H,9,1.1700922002,3,180.,4,0.,0\
 H,8,1.1700922002,4,180.,3,0.,0\H,7,1.1700922002,6,180.,3,0.,0\\Version
 =ES64L-G09RevE.01\State=1-AG\HF=-5.1869743\MP2=-5.3551589\RMSD=1.390e-
 09\Dipole=0.,0.,0.\Quadrupole=1.116614,2.6683234,-3.7849374,0.,5.87134
 54,0.\PG=C02H [SGH(H12)]\\@


 KNOWING HOW CONTENTED, FREE, AND JOYFUL IS LIFE IN
 THE REALMS OF SCIENCE, ONE FERVENTLY WISHES THAT
 MANY WOULD ENTER HER PORTALS.
   --  DMITRI IVANOVICH MENDELEEV
 "FIRST PRINCIPLES OF CHEMISTRY", LONGMANS, GREEN,
 AND CO.  LONDON, 1891
 Job cpu time:       0 days  0 hours  0 minutes  1.1 seconds.
 File lengths (MBytes):  RWF=     84 Int=      0 D2E=      0 Chk=      2 Scr=      2
 Normal termination of Gaussian 09 at Fri Feb 17 14:57:13 2017.
