 Entering Gaussian System, Link 0=g09
 AtFile(1): H.gbs
            H     0
            S   10   1.00
               1000.000000000000            0.000068713567
                316.227766000000            0.000169141320
                100.000000000000            0.000823394812
                 31.622776600000            0.003425569236
                 10.000000000000            0.013951996000
                  3.162277660000            0.056909313560
                  1.000000000000            0.198286399900
                  0.316227766000            0.496922426700
                  0.100000000000            0.369846276400
                  0.031622776600            0.003752720039
            ****
 Initial command:
 /projects/guscus/apps/gau/g09-e1/g09/l1.exe "/users/lcj1/gaussian/h12/rhfstability/rect/guess/ag2bu4/Gau-20951.inp" -scrdir="/users/lcj1/gaussian/h12/rhfstability/rect/guess/ag2bu4/"
 Entering Link 1 = /projects/guscus/apps/gau/g09-e1/g09/l1.exe PID=     20952.
  
 Copyright (c) 1988,1990,1992,1993,1995,1998,2003,2009,2015,
            Gaussian, Inc.  All Rights Reserved.
  
 This is part of the Gaussian(R) 09 program.  It is based on
 the Gaussian(R) 03 system (copyright 2003, Gaussian, Inc.),
 the Gaussian(R) 98 system (copyright 1998, Gaussian, Inc.),
 the Gaussian(R) 94 system (copyright 1995, Gaussian, Inc.),
 the Gaussian 92(TM) system (copyright 1992, Gaussian, Inc.),
 the Gaussian 90(TM) system (copyright 1990, Gaussian, Inc.),
 the Gaussian 88(TM) system (copyright 1988, Gaussian, Inc.),
 the Gaussian 86(TM) system (copyright 1986, Carnegie Mellon
 University), and the Gaussian 82(TM) system (copyright 1983,
 Carnegie Mellon University). Gaussian is a federally registered
 trademark of Gaussian, Inc.
  
 This software contains proprietary and confidential information,
 including trade secrets, belonging to Gaussian, Inc.
  
 This software is provided under written license and may be
 used, copied, transmitted, or stored only in accord with that
 written license.
  
 The following legend is applicable only to US Government
 contracts under FAR:
  
                    RESTRICTED RIGHTS LEGEND
  
 Use, reproduction and disclosure by the US Government is
 subject to restrictions as set forth in subparagraphs (a)
 and (c) of the Commercial Computer Software - Restricted
 Rights clause in FAR 52.227-19.
  
 Gaussian, Inc.
 340 Quinnipiac St., Bldg. 40, Wallingford CT 06492
  
  
 ---------------------------------------------------------------
 Warning -- This program may not be used in any manner that
 competes with the business of Gaussian, Inc. or will provide
 assistance to any competitor of Gaussian, Inc.  The licensee
 of this program is prohibited from giving any competitor of
 Gaussian, Inc. access to this program.  By using this program,
 the user acknowledges that Gaussian, Inc. is engaged in the
 business of creating and licensing software in the field of
 computational chemistry and represents and warrants to the
 licensee that it is not a competitor of Gaussian, Inc. and that
 it will not use this program in any manner prohibited above.
 ---------------------------------------------------------------
  

 Cite this work as:
 Gaussian 09, Revision E.01,
 M. J. Frisch, G. W. Trucks, H. B. Schlegel, G. E. Scuseria, 
 M. A. Robb, J. R. Cheeseman, G. Scalmani, V. Barone, B. Mennucci, 
 G. A. Petersson, H. Nakatsuji, M. Caricato, X. Li, H. P. Hratchian, 
 A. F. Izmaylov, J. Bloino, G. Zheng, J. L. Sonnenberg, M. Hada, 
 M. Ehara, K. Toyota, R. Fukuda, J. Hasegawa, M. Ishida, T. Nakajima, 
 Y. Honda, O. Kitao, H. Nakai, T. Vreven, J. A. Montgomery, Jr., 
 J. E. Peralta, F. Ogliaro, M. Bearpark, J. J. Heyd, E. Brothers, 
 K. N. Kudin, V. N. Staroverov, T. Keith, R. Kobayashi, J. Normand, 
 K. Raghavachari, A. Rendell, J. C. Burant, S. S. Iyengar, J. Tomasi, 
 M. Cossi, N. Rega, J. M. Millam, M. Klene, J. E. Knox, J. B. Cross, 
 V. Bakken, C. Adamo, J. Jaramillo, R. Gomperts, R. E. Stratmann, 
 O. Yazyev, A. J. Austin, R. Cammi, C. Pomelli, J. W. Ochterski, 
 R. L. Martin, K. Morokuma, V. G. Zakrzewski, G. A. Voth, 
 P. Salvador, J. J. Dannenberg, S. Dapprich, A. D. Daniels, 
 O. Farkas, J. B. Foresman, J. V. Ortiz, J. Cioslowski, 
 and D. J. Fox, Gaussian, Inc., Wallingford CT, 2013.
 
 ******************************************
 Gaussian 09:  ES64L-G09RevE.01 30-Nov-2015
                17-Feb-2017 
 ******************************************
 %chk=h12.chk
 ----------------------------------------------------------------------
 #rhf/gen scf(symm,tight,novaracc,noincfock,fulldiag) stable(crhf) gues
 s=read geom=nocrowd test
 ----------------------------------------------------------------------
 1/38=1/1;
 2/12=1,17=6,18=5,40=1/2;
 3/5=7,16=1,25=1,30=1,116=1/1,2,3;
 4/5=1,9=4/1;
 5/5=100002,15=2,16=1,32=2,38=6/2;
 8/6=1,10=90,11=11/1,4;
 9/8=4,13=1/2;
 6/7=2,8=2,9=2,10=2,28=1/1;
 99/5=1,9=1/99;
 ----------------------------------------------------------------------
 hf stability analysis of h12 triangular lattice, y= 0.6387729204659229
 3
 ----------------------------------------------------------------------
 Symbolic Z-matrix:
 Charge =  0 Multiplicity = 1
 H
 H                    1     1.10678 
 H                    1     1.10678  2     109.5 
 H                    2     1.10678  1     70.5     3     0.       0
 H                    2     1.10678  1     180.     3     0.       0
 H                    4     1.10678  3     180.     5     0.       0
 H                    6     1.10678  5     180.     3     0.       0
 H                    4     1.10678  2     180.     3     0.       0
 H                    3     1.10678  1     180.     4     0.       0
 H                    9     1.10678  3     180.     4     0.       0
 H                    8     1.10678  4     180.     3     0.       0
 H                    7     1.10678  6     180.     3     0.       0
 
                          Input orientation:                          
 ---------------------------------------------------------------------
 Center     Atomic      Atomic             Coordinates (Angstroms)
 Number     Number       Type             X           Y           Z
 ---------------------------------------------------------------------
      1          1           0        0.000000    0.000000    0.000000
      2          1           0        0.000000    0.000000    1.106780
      3          1           0        1.043297    0.000000   -0.369451
      4          1           0        1.043297    0.000000    0.737329
      5          1           0        0.000000    0.000000    2.213561
      6          1           0        1.043297    0.000000    1.844110
      7          1           0        2.086594    0.000000    1.474659
      8          1           0        2.086594    0.000000    0.367879
      9          1           0        2.086594    0.000000   -0.738902
     10          1           0        3.129891    0.000000   -1.108353
     11          1           0        3.129891    0.000000   -0.001572
     12          1           0        3.129891    0.000000    1.105208
 ---------------------------------------------------------------------
                    Distance matrix (angstroms):
                    1          2          3          4          5
     1  H    0.000000
     2  H    1.106780   0.000000
     3  H    1.106780   1.807686   0.000000
     4  H    1.277546   1.106780   1.106780   0.000000
     5  H    2.213561   1.106780   2.785752   1.807686   0.000000
     6  H    2.118775   1.277546   2.213561   1.106780   1.106780
     7  H    2.555092   2.118775   2.118775   1.277546   2.213561
     8  H    2.118775   2.213561   1.277546   1.106780   2.785752
     9  H    2.213561   2.785752   1.106780   1.807686   3.615371
    10  H    3.320341   3.834453   2.213561   2.785752   4.564135
    11  H    3.129891   3.320341   2.118775   2.213561   3.834453
    12  H    3.319292   3.129891   2.555092   2.118775   3.320341
                    6          7          8          9         10
     6  H    0.000000
     7  H    1.106780   0.000000
     8  H    1.807686   1.106780   0.000000
     9  H    2.785752   2.213561   1.106780   0.000000
    10  H    3.615371   2.785752   1.807686   1.106780   0.000000
    11  H    2.785752   1.807686   1.106780   1.277546   1.106780
    12  H    2.213561   1.106780   1.277546   2.118775   2.213561
                   11         12
    11  H    0.000000
    12  H    1.106780   0.000000
 Stoichiometry    H12
 Framework group  C2H[SGH(H12)]
 Deg. of freedom    11
 Full point group                 C2H     NOp   4
 Largest Abelian subgroup         C2H     NOp   4
 Largest concise Abelian subgroup C2      NOp   2
                         Standard orientation:                         
 ---------------------------------------------------------------------
 Center     Atomic      Atomic             Coordinates (Angstroms)
 Number     Number       Type             X           Y           Z
 ---------------------------------------------------------------------
      1          1           0        1.043297    1.290720    0.000000
      2          1           0        0.000000    1.660170   -0.000000
      3          1           0        1.043297    0.183939    0.000000
      4          1           0        0.000000    0.553390   -0.000000
      5          1           0       -1.043297    2.029621   -0.000000
      6          1           0       -1.043297    0.922841   -0.000000
      7          1           0       -1.043297   -0.183939    0.000000
      8          1           0       -0.000000   -0.553390   -0.000000
      9          1           0        1.043297   -0.922841   -0.000000
     10          1           0        1.043297   -2.029621   -0.000000
     11          1           0       -0.000000   -1.660170   -0.000000
     12          1           0       -1.043297   -1.290720    0.000000
 ---------------------------------------------------------------------
 Rotational constants (GHZ):     63.5829881     24.7174236     17.7984181
 General basis read from cards:  (5D, 7F)
 There are     6 symmetry adapted cartesian basis functions of AG  symmetry.
 There are     0 symmetry adapted cartesian basis functions of BG  symmetry.
 There are     0 symmetry adapted cartesian basis functions of AU  symmetry.
 There are     6 symmetry adapted cartesian basis functions of BU  symmetry.
 There are     6 symmetry adapted basis functions of AG  symmetry.
 There are     0 symmetry adapted basis functions of BG  symmetry.
 There are     0 symmetry adapted basis functions of AU  symmetry.
 There are     6 symmetry adapted basis functions of BU  symmetry.
    12 basis functions,   120 primitive gaussians,    12 cartesian basis functions
     6 alpha electrons        6 beta electrons
       nuclear repulsion energy        19.9130159045 Hartrees.
 NAtoms=   12 NActive=   12 NUniq=    6 SFac= 4.00D+00 NAtFMM=   60 NAOKFM=F Big=F
 Integral buffers will be    131072 words long.
 Regular integral format.
 Two-electron integral symmetry is turned on.
 One-electron integrals computed using PRISM.
 NBasis=    12 RedAO= T EigKep=  1.38D-01  NBF=     6     0     0     6
 NBsUse=    12 1.00D-06 EigRej= -1.00D+00 NBFU=     6     0     0     6
 Initial guess from the checkpoint file:  "h12.chk"
 B after Tr=    -0.000000    0.000000   -0.000000
         Rot=    0.999999   -0.000000   -0.000000   -0.001518 Ang=  -0.17 deg.
 Initial guess orbital symmetries:
       Occupied  (AG) (BU) (BU) (AG) (BU) (BU)
       Virtual   (AG) (AG) (BU) (AG) (AG) (BU)
 Keep R1 ints in memory in symmetry-blocked form, NReq=903826.
 Requested convergence on RMS density matrix=1.00D-08 within 128 cycles.
 Requested convergence on MAX density matrix=1.00D-06.
 Requested convergence on             energy=1.00D-06.
 No special actions if energy rises.
 SCF Done:  E(RHF) =  -5.08659700881     A.U. after   11 cycles
            NFock= 11  Conv=0.47D-08     -V/T= 1.6844
 Range of M.O.s used for correlation:     1    12
 NBasis=    12 NAE=     6 NBE=     6 NFC=     0 NFV=     0
 NROrb=     12 NOA=     6 NOB=     6 NVA=     6 NVB=     6

 **** Warning!!: The smallest alpha delta epsilon is -0.15184349D+00

 Semi-Direct transformation.
 ModeAB=           4 MOrb=             6 LenV=     134084339
 LASXX=         2181 LTotXX=        2181 LenRXX=        5115
 LTotAB=        2934 MaxLAS=        3024 LenRXY=           0
 NonZer=        7296 LenScr=      655360 LnRSAI=        3024
 LnScr1=      655360 LExtra=           0 Total=      1318859
 MaxDsk=          -1 SrtSym=           T ITran=            3
 JobTyp=0 Pass  1:  I=   1 to   6.
 (rs|ai) integrals will be sorted in core.
 Spin components of T(2) and E(2):
     alpha-alpha T2 =       0.1504880151D-01 E2=     -0.1504548032D-01
     alpha-beta  T2 =       0.2241795889D+01 E2=     -0.1810418736D+00
     beta-beta   T2 =       0.1504880151D-01 E2=     -0.1504548032D-01
 ANorm=    0.1808837608D+01
 E2 =    -0.2111328343D+00 EUMP2 =    -0.52977298431021D+01
 Second order stability test of a single determinant RHF wave function:
 Stabil:  MDV=134217728
 ***********************************************************************
 Matrix         Lowest Root    Major Pairs
 ***********************************************************************
 Internal RHF    -0.3326418    6A=7A
 RRHF --> CRHF   -0.4015654    6A=7A
 RRHF --> RUHF   -0.5596367    6A=7B
 Not stable.
 ***********************************************************************

 **********************************************************************

            Population analysis using the SCF density.

 **********************************************************************

 Orbital symmetries:
       Occupied  (AG) (BU) (BU) (AG) (BU) (BU)
       Virtual   (AG) (AG) (BU) (AG) (AG) (BU)
 The electronic state is 1-AG.
 Alpha  occ. eigenvalues --   -0.91201  -0.73727  -0.60005  -0.50990  -0.20905
 Alpha  occ. eigenvalues --   -0.04779
 Alpha virt. eigenvalues --   -0.19963   0.08557   0.30272   0.35756   0.59398
 Alpha virt. eigenvalues --    0.79061
          Condensed to atoms (all electrons):
               1          2          3          4          5          6
     1  H    0.687313   0.282655  -0.267965  -0.018978  -0.080026  -0.056870
     2  H    0.282655   1.207346  -0.253448  -0.463732   0.245538  -0.177161
     3  H   -0.267965  -0.253448   1.801598   0.483043   0.022574   0.045032
     4  H   -0.018978  -0.463732   0.483043   1.680366  -0.184423   0.521713
     5  H   -0.080026   0.245538   0.022574  -0.184423   1.296179  -0.011837
     6  H   -0.056870  -0.177161   0.045032   0.521713  -0.011837   0.906419
     7  H    0.059617   0.097004  -0.252551  -0.189211  -0.125021  -0.213292
     8  H    0.027519   0.094478  -0.189211  -0.650382   0.026208  -0.260288
     9  H    0.057009   0.053137  -0.213292  -0.260288   0.006435  -0.061327
    10  H    0.017687   0.003118  -0.125021   0.026208  -0.003484   0.006435
    11  H   -0.023718  -0.020385   0.097004   0.094478   0.003118   0.053137
    12  H   -0.024673  -0.023718   0.059617   0.027519   0.017687   0.057009
               7          8          9         10         11         12
     1  H    0.059617   0.027519   0.057009   0.017687  -0.023718  -0.024673
     2  H    0.097004   0.094478   0.053137   0.003118  -0.020385  -0.023718
     3  H   -0.252551  -0.189211  -0.213292  -0.125021   0.097004   0.059617
     4  H   -0.189211  -0.650382  -0.260288   0.026208   0.094478   0.027519
     5  H   -0.125021   0.026208   0.006435  -0.003484   0.003118   0.017687
     6  H   -0.213292  -0.260288  -0.061327   0.006435   0.053137   0.057009
     7  H    1.801598   0.483043   0.045032   0.022574  -0.253448  -0.267965
     8  H    0.483043   1.680366   0.521713  -0.184423  -0.463732  -0.018978
     9  H    0.045032   0.521713   0.906419  -0.011837  -0.177161  -0.056870
    10  H    0.022574  -0.184423  -0.011837   1.296179   0.245538  -0.080026
    11  H   -0.253448  -0.463732  -0.177161   0.245538   1.207346   0.282655
    12  H   -0.267965  -0.018978  -0.056870  -0.080026   0.282655   0.687313
 Mulliken charges:
               1
     1  H    0.340432
     2  H   -0.044831
     3  H   -0.207377
     4  H   -0.066311
     5  H   -0.212946
     6  H    0.191032
     7  H   -0.207377
     8  H   -0.066311
     9  H    0.191032
    10  H   -0.212946
    11  H   -0.044831
    12  H    0.340432
 Sum of Mulliken charges =  -0.00000
 Mulliken charges with hydrogens summed into heavy atoms:
               1
 Electronic spatial extent (au):  <R**2>=            140.5459
 Charge=              0.0000 electrons
 Dipole moment (field-independent basis, Debye):
    X=              0.0000    Y=             -0.0000    Z=              0.0000  Tot=              0.0000
 Quadrupole moment (field-independent basis, Debye-Ang):
   XX=            -13.7012   YY=            -25.4277   ZZ=            -14.5840
   XY=              7.1924   XZ=              0.0000   YZ=              0.0000
 Traceless Quadrupole moment (field-independent basis, Debye-Ang):
   XX=              4.2031   YY=             -7.5234   ZZ=              3.3203
   XY=              7.1924   XZ=              0.0000   YZ=              0.0000
 Octapole moment (field-independent basis, Debye-Ang**2):
  XXX=              0.0000  YYY=             -0.0000  ZZZ=              0.0000  XYY=              0.0000
  XXY=             -0.0000  XXZ=              0.0000  XZZ=              0.0000  YZZ=             -0.0000
  YYZ=              0.0000  XYZ=             -0.0000
 Hexadecapole moment (field-independent basis, Debye-Ang**3):
 XXXX=            -78.9137 YYYY=           -261.1441 ZZZZ=            -16.9614 XXXY=             25.5986
 XXXZ=             -0.0000 YYYX=             48.8822 YYYZ=              0.0000 ZZZX=             -0.0000
 ZZZY=              0.0000 XXYY=            -49.7999 XXZZ=            -16.4413 YYZZ=            -33.9677
 XXYZ=              0.0000 YYXZ=             -0.0000 ZZXY=              5.9105
 N-N= 1.991301590450D+01 E-N=-5.139980347334D+01  KE= 7.432700917356D+00
 Symmetry AG   KE= 1.578925260049D+00
 Symmetry BG   KE= 0.000000000000D+00
 Symmetry AU   KE= 0.000000000000D+00
 Symmetry BU   KE= 5.853775657307D+00

 Test job not archived.
 1\1\GINC-SULU\Stability\RHF\Gen\H12\LCJ1\17-Feb-2017\0\\#rhf/gen scf(s
 ymm,tight,novaracc,noincfock,fulldiag) stable(crhf) guess=read geom=no
 crowd test\\hf stability analysis of h12 triangular lattice, y= 0.6387
 7292046592293\\0,1\H\H,1,1.1067802626\H,1,1.1067802626,2,109.5\H,2,1.1
 067802626,1,70.5,3,0.,0\H,2,1.1067802626,1,180.,3,0.,0\H,4,1.106780262
 6,3,180.,5,0.,0\H,6,1.1067802626,5,180.,3,0.,0\H,4,1.1067802626,2,180.
 ,3,0.,0\H,3,1.1067802626,1,180.,4,0.,0\H,9,1.1067802626,3,180.,4,0.,0\
 H,8,1.1067802626,4,180.,3,0.,0\H,7,1.1067802626,6,180.,3,0.,0\\Version
 =ES64L-G09RevE.01\State=1-AG\HF=-5.086597\MP2=-5.2977298\RMSD=4.655e-0
 9\Dipole=0.,0.,0.\Quadrupole=-1.2568008,2.4685797,-1.211779,0.,6.89899
 05,0.\PG=C02H [SGH(H12)]\\@


 THE SOLUTION TO A PROBLEM CHANGES THE PROBLEM.

                                 -- JOHN PEERS
           PAUL DICKSON'S "THE OFFICIAL RULES"
 Job cpu time:       0 days  0 hours  0 minutes  1.1 seconds.
 File lengths (MBytes):  RWF=     84 Int=      0 D2E=      0 Chk=      2 Scr=      2
 Normal termination of Gaussian 09 at Fri Feb 17 14:58:34 2017.
