 Entering Gaussian System, Link 0=g09
 AtFile(1): H.gbs
            H     0
            S   10   1.00
               1000.000000000000            0.000068713567
                316.227766000000            0.000169141320
                100.000000000000            0.000823394812
                 31.622776600000            0.003425569236
                 10.000000000000            0.013951996000
                  3.162277660000            0.056909313560
                  1.000000000000            0.198286399900
                  0.316227766000            0.496922426700
                  0.100000000000            0.369846276400
                  0.031622776600            0.003752720039
            ****
 Initial command:
 /projects/guscus/apps/gau/g09-e1/g09/l1.exe "/users/lcj1/gaussian/h12/rhfstability/rect/guess/ag2bu4/Gau-19961.inp" -scrdir="/users/lcj1/gaussian/h12/rhfstability/rect/guess/ag2bu4/"
 Entering Link 1 = /projects/guscus/apps/gau/g09-e1/g09/l1.exe PID=     19962.
  
 Copyright (c) 1988,1990,1992,1993,1995,1998,2003,2009,2015,
            Gaussian, Inc.  All Rights Reserved.
  
 This is part of the Gaussian(R) 09 program.  It is based on
 the Gaussian(R) 03 system (copyright 2003, Gaussian, Inc.),
 the Gaussian(R) 98 system (copyright 1998, Gaussian, Inc.),
 the Gaussian(R) 94 system (copyright 1995, Gaussian, Inc.),
 the Gaussian 92(TM) system (copyright 1992, Gaussian, Inc.),
 the Gaussian 90(TM) system (copyright 1990, Gaussian, Inc.),
 the Gaussian 88(TM) system (copyright 1988, Gaussian, Inc.),
 the Gaussian 86(TM) system (copyright 1986, Carnegie Mellon
 University), and the Gaussian 82(TM) system (copyright 1983,
 Carnegie Mellon University). Gaussian is a federally registered
 trademark of Gaussian, Inc.
  
 This software contains proprietary and confidential information,
 including trade secrets, belonging to Gaussian, Inc.
  
 This software is provided under written license and may be
 used, copied, transmitted, or stored only in accord with that
 written license.
  
 The following legend is applicable only to US Government
 contracts under FAR:
  
                    RESTRICTED RIGHTS LEGEND
  
 Use, reproduction and disclosure by the US Government is
 subject to restrictions as set forth in subparagraphs (a)
 and (c) of the Commercial Computer Software - Restricted
 Rights clause in FAR 52.227-19.
  
 Gaussian, Inc.
 340 Quinnipiac St., Bldg. 40, Wallingford CT 06492
  
  
 ---------------------------------------------------------------
 Warning -- This program may not be used in any manner that
 competes with the business of Gaussian, Inc. or will provide
 assistance to any competitor of Gaussian, Inc.  The licensee
 of this program is prohibited from giving any competitor of
 Gaussian, Inc. access to this program.  By using this program,
 the user acknowledges that Gaussian, Inc. is engaged in the
 business of creating and licensing software in the field of
 computational chemistry and represents and warrants to the
 licensee that it is not a competitor of Gaussian, Inc. and that
 it will not use this program in any manner prohibited above.
 ---------------------------------------------------------------
  

 Cite this work as:
 Gaussian 09, Revision E.01,
 M. J. Frisch, G. W. Trucks, H. B. Schlegel, G. E. Scuseria, 
 M. A. Robb, J. R. Cheeseman, G. Scalmani, V. Barone, B. Mennucci, 
 G. A. Petersson, H. Nakatsuji, M. Caricato, X. Li, H. P. Hratchian, 
 A. F. Izmaylov, J. Bloino, G. Zheng, J. L. Sonnenberg, M. Hada, 
 M. Ehara, K. Toyota, R. Fukuda, J. Hasegawa, M. Ishida, T. Nakajima, 
 Y. Honda, O. Kitao, H. Nakai, T. Vreven, J. A. Montgomery, Jr., 
 J. E. Peralta, F. Ogliaro, M. Bearpark, J. J. Heyd, E. Brothers, 
 K. N. Kudin, V. N. Staroverov, T. Keith, R. Kobayashi, J. Normand, 
 K. Raghavachari, A. Rendell, J. C. Burant, S. S. Iyengar, J. Tomasi, 
 M. Cossi, N. Rega, J. M. Millam, M. Klene, J. E. Knox, J. B. Cross, 
 V. Bakken, C. Adamo, J. Jaramillo, R. Gomperts, R. E. Stratmann, 
 O. Yazyev, A. J. Austin, R. Cammi, C. Pomelli, J. W. Ochterski, 
 R. L. Martin, K. Morokuma, V. G. Zakrzewski, G. A. Voth, 
 P. Salvador, J. J. Dannenberg, S. Dapprich, A. D. Daniels, 
 O. Farkas, J. B. Foresman, J. V. Ortiz, J. Cioslowski, 
 and D. J. Fox, Gaussian, Inc., Wallingford CT, 2013.
 
 ******************************************
 Gaussian 09:  ES64L-G09RevE.01 30-Nov-2015
                17-Feb-2017 
 ******************************************
 %chk=h12.chk
 ----------------------------------------------------------------------
 #rhf/gen scf(symm,tight,novaracc,noincfock,fulldiag) stable(crhf) gues
 s=read geom=nocrowd test
 ----------------------------------------------------------------------
 1/38=1/1;
 2/12=1,17=6,18=5,40=1/2;
 3/5=7,16=1,25=1,30=1,116=1/1,2,3;
 4/5=1,9=4/1;
 5/5=100002,15=2,16=1,32=2,38=6/2;
 8/6=1,10=90,11=11/1,4;
 9/8=4,13=1/2;
 6/7=2,8=2,9=2,10=2,28=1/1;
 99/5=1,9=1/99;
 ----------------------------------------------------------------------
 hf stability analysis of h12 triangular lattice, y= 0.6152458342516039
 5
 ----------------------------------------------------------------------
 Symbolic Z-matrix:
 Charge =  0 Multiplicity = 1
 H
 H                    1     1.12211 
 H                    1     1.12211  2     113.5 
 H                    2     1.12211  1     66.5     3     0.       0
 H                    2     1.12211  1     180.     3     0.       0
 H                    4     1.12211  3     180.     5     0.       0
 H                    6     1.12211  5     180.     3     0.       0
 H                    4     1.12211  2     180.     3     0.       0
 H                    3     1.12211  1     180.     4     0.       0
 H                    9     1.12211  3     180.     4     0.       0
 H                    8     1.12211  4     180.     3     0.       0
 H                    7     1.12211  6     180.     3     0.       0
 
                          Input orientation:                          
 ---------------------------------------------------------------------
 Center     Atomic      Atomic             Coordinates (Angstroms)
 Number     Number       Type             X           Y           Z
 ---------------------------------------------------------------------
      1          1           0        0.000000    0.000000    0.000000
      2          1           0        0.000000    0.000000    1.122111
      3          1           0        1.029043    0.000000   -0.447441
      4          1           0        1.029043    0.000000    0.674670
      5          1           0        0.000000    0.000000    2.244222
      6          1           0        1.029043    0.000000    1.796781
      7          1           0        2.058086    0.000000    1.349340
      8          1           0        2.058086    0.000000    0.227230
      9          1           0        2.058086    0.000000   -0.894881
     10          1           0        3.087129    0.000000   -1.342322
     11          1           0        3.087129    0.000000   -0.220211
     12          1           0        3.087129    0.000000    0.901900
 ---------------------------------------------------------------------
                    Distance matrix (angstroms):
                    1          2          3          4          5
     1  H    0.000000
     2  H    1.122111   0.000000
     3  H    1.122111   1.876812   0.000000
     4  H    1.230492   1.122111   1.122111   0.000000
     5  H    2.244222   1.122111   2.881662   1.876812   0.000000
     6  H    2.070592   1.230492   2.244222   1.122111   1.122111
     7  H    2.460983   2.070592   2.070592   1.230492   2.244222
     8  H    2.070592   2.244222   1.230492   1.122111   2.881662
     9  H    2.244222   2.881662   1.122111   1.876812   3.753623
    10  H    3.366333   3.950164   2.244222   2.881662   4.732194
    11  H    3.094973   3.366333   2.070592   2.244222   3.950164
    12  H    3.216176   3.094973   2.460983   2.070592   3.366333
                    6          7          8          9         10
     6  H    0.000000
     7  H    1.122111   0.000000
     8  H    1.876812   1.122111   0.000000
     9  H    2.881662   2.244222   1.122111   0.000000
    10  H    3.753623   2.881662   1.876812   1.122111   0.000000
    11  H    2.881662   1.876812   1.122111   1.230492   1.122111
    12  H    2.244222   1.122111   1.230492   2.070592   2.244222
                   11         12
    11  H    0.000000
    12  H    1.122111   0.000000
 Stoichiometry    H12
 Framework group  C2H[SGH(H12)]
 Deg. of freedom    11
 Full point group                 C2H     NOp   4
 Largest Abelian subgroup         C2H     NOp   4
 Largest concise Abelian subgroup C2      NOp   2
                         Standard orientation:                         
 ---------------------------------------------------------------------
 Center     Atomic      Atomic             Coordinates (Angstroms)
 Number     Number       Type             X           Y           Z
 ---------------------------------------------------------------------
      1          1           0        1.029043    1.235726   -0.000000
      2          1           0        0.000000    1.683166    0.000000
      3          1           0        1.029043    0.113615   -0.000000
      4          1           0        0.000000    0.561055    0.000000
      5          1           0       -1.029043    2.130607    0.000000
      6          1           0       -1.029043    1.008496    0.000000
      7          1           0       -1.029043   -0.113615   -0.000000
      8          1           0       -0.000000   -0.561055    0.000000
      9          1           0        1.029043   -1.008496    0.000000
     10          1           0        1.029043   -2.130607    0.000000
     11          1           0       -0.000000   -1.683166    0.000000
     12          1           0       -1.029043   -1.235726   -0.000000
 ---------------------------------------------------------------------
 Rotational constants (GHZ):     67.4701914     23.2933629     17.3154045
 General basis read from cards:  (5D, 7F)
 There are     6 symmetry adapted cartesian basis functions of AG  symmetry.
 There are     0 symmetry adapted cartesian basis functions of BG  symmetry.
 There are     0 symmetry adapted cartesian basis functions of AU  symmetry.
 There are     6 symmetry adapted cartesian basis functions of BU  symmetry.
 There are     6 symmetry adapted basis functions of AG  symmetry.
 There are     0 symmetry adapted basis functions of BG  symmetry.
 There are     0 symmetry adapted basis functions of AU  symmetry.
 There are     6 symmetry adapted basis functions of BU  symmetry.
    12 basis functions,   120 primitive gaussians,    12 cartesian basis functions
     6 alpha electrons        6 beta electrons
       nuclear repulsion energy        19.7913269849 Hartrees.
 NAtoms=   12 NActive=   12 NUniq=    6 SFac= 4.00D+00 NAtFMM=   60 NAOKFM=F Big=F
 Integral buffers will be    131072 words long.
 Regular integral format.
 Two-electron integral symmetry is turned on.
 One-electron integrals computed using PRISM.
 NBasis=    12 RedAO= T EigKep=  1.52D-01  NBF=     6     0     0     6
 NBsUse=    12 1.00D-06 EigRej= -1.00D+00 NBFU=     6     0     0     6
 Initial guess from the checkpoint file:  "h12.chk"
 B after Tr=    -0.000000   -0.000000   -0.000000
         Rot=    0.999999    0.000000   -0.000000   -0.001518 Ang=  -0.17 deg.
 Initial guess orbital symmetries:
       Occupied  (AG) (BU) (BU) (AG) (BU) (BU)
       Virtual   (AG) (AG) (AG) (BU) (AG) (BU)
 Keep R1 ints in memory in symmetry-blocked form, NReq=903994.
 Requested convergence on RMS density matrix=1.00D-08 within 128 cycles.
 Requested convergence on MAX density matrix=1.00D-06.
 Requested convergence on             energy=1.00D-06.
 No special actions if energy rises.
 SCF Done:  E(RHF) =  -5.11641841745     A.U. after   11 cycles
            NFock= 11  Conv=0.68D-09     -V/T= 1.6952
 Range of M.O.s used for correlation:     1    12
 NBasis=    12 NAE=     6 NBE=     6 NFC=     0 NFV=     0
 NROrb=     12 NOA=     6 NOB=     6 NVA=     6 NVB=     6

 **** Warning!!: The smallest alpha delta epsilon is -0.15855529D+00

 Semi-Direct transformation.
 ModeAB=           4 MOrb=             6 LenV=     134084283
 LASXX=         2181 LTotXX=        2181 LenRXX=        5115
 LTotAB=        2934 MaxLAS=        3024 LenRXY=           0
 NonZer=        7296 LenScr=      655360 LnRSAI=        3024
 LnScr1=      655360 LExtra=           0 Total=      1318859
 MaxDsk=          -1 SrtSym=           T ITran=            3
 JobTyp=0 Pass  1:  I=   1 to   6.
 (rs|ai) integrals will be sorted in core.
 Spin components of T(2) and E(2):
     alpha-alpha T2 =       0.1680042779D-01 E2=     -0.1550555341D-01
     alpha-beta  T2 =       0.1019471494D+01 E2=     -0.1497172684D+00
     beta-beta   T2 =       0.1680042779D-01 E2=     -0.1550555341D-01
 ANorm=    0.1432854615D+01
 E2 =    -0.1807283752D+00 EUMP2 =    -0.52971467926723D+01
 Second order stability test of a single determinant RHF wave function:
 Stabil:  MDV=134217728
 ***********************************************************************
 Matrix         Lowest Root    Major Pairs
 ***********************************************************************
 Internal RHF    -0.3390172    6A=7A
 RRHF --> CRHF   -0.4065741    6A=7A
 RRHF --> RUHF   -0.5676849    6A=7B
 Not stable.
 ***********************************************************************

 **********************************************************************

            Population analysis using the SCF density.

 **********************************************************************

 Orbital symmetries:
       Occupied  (AG) (BU) (BU) (AG) (BU) (BU)
       Virtual   (AG) (AG) (BU) (AG) (AG) (BU)
 The electronic state is 1-AG.
 Alpha  occ. eigenvalues --   -0.91786  -0.73783  -0.59970  -0.51661  -0.22452
 Alpha  occ. eigenvalues --   -0.02761
 Alpha virt. eigenvalues --   -0.18617   0.09277   0.32265   0.32798   0.58307
 Alpha virt. eigenvalues --    0.71067
          Condensed to atoms (all electrons):
               1          2          3          4          5          6
     1  H    0.538071   0.218100  -0.136469   0.082857  -0.072252  -0.060003
     2  H    0.218100   1.414493  -0.255495  -0.464363   0.199647  -0.264541
     3  H   -0.136469  -0.255495   1.747874   0.371821   0.023563   0.059482
     4  H    0.082857  -0.464363   0.371821   1.557579  -0.165841   0.481079
     5  H   -0.072252   0.199647   0.023563  -0.165841   1.201522   0.079940
     6  H   -0.060003  -0.264541   0.059482   0.481079   0.079940   1.045457
     7  H    0.045288   0.127861  -0.265140  -0.115758  -0.121996  -0.300114
     8  H   -0.001563   0.097739  -0.115758  -0.573865   0.023902  -0.238946
     9  H    0.048811   0.062401  -0.300114  -0.238946   0.003340  -0.058703
    10  H    0.013368   0.002926  -0.121996   0.023902  -0.002437   0.003340
    11  H   -0.022333  -0.028325   0.127861   0.097739   0.002926   0.062401
    12  H   -0.021421  -0.022333   0.045288  -0.001563   0.013368   0.048811
               7          8          9         10         11         12
     1  H    0.045288  -0.001563   0.048811   0.013368  -0.022333  -0.021421
     2  H    0.127861   0.097739   0.062401   0.002926  -0.028325  -0.022333
     3  H   -0.265140  -0.115758  -0.300114  -0.121996   0.127861   0.045288
     4  H   -0.115758  -0.573865  -0.238946   0.023902   0.097739  -0.001563
     5  H   -0.121996   0.023902   0.003340  -0.002437   0.002926   0.013368
     6  H   -0.300114  -0.238946  -0.058703   0.003340   0.062401   0.048811
     7  H    1.747874   0.371821   0.059482   0.023563  -0.255495  -0.136469
     8  H    0.371821   1.557579   0.481079  -0.165841  -0.464363   0.082857
     9  H    0.059482   0.481079   1.045457   0.079940  -0.264541  -0.060003
    10  H    0.023563  -0.165841   0.079940   1.201522   0.199647  -0.072252
    11  H   -0.255495  -0.464363  -0.264541   0.199647   1.414493   0.218100
    12  H   -0.136469   0.082857  -0.060003  -0.072252   0.218100   0.538071
 Mulliken charges:
               1
     1  H    0.367547
     2  H   -0.088108
     3  H   -0.180917
     4  H   -0.054638
     5  H   -0.185681
     6  H    0.141797
     7  H   -0.180917
     8  H   -0.054638
     9  H    0.141797
    10  H   -0.185681
    11  H   -0.088108
    12  H    0.367547
 Sum of Mulliken charges =   0.00000
 Mulliken charges with hydrogens summed into heavy atoms:
               1
 Electronic spatial extent (au):  <R**2>=            143.9345
 Charge=              0.0000 electrons
 Dipole moment (field-independent basis, Debye):
    X=             -0.0000    Y=              0.0000    Z=             -0.0000  Tot=              0.0000
 Quadrupole moment (field-independent basis, Debye-Ang):
   XX=            -13.9786   YY=            -25.8762   ZZ=            -14.6409
   XY=              7.5540   XZ=              0.0000   YZ=             -0.0000
 Traceless Quadrupole moment (field-independent basis, Debye-Ang):
   XX=              4.1866   YY=             -7.7110   ZZ=              3.5243
   XY=              7.5540   XZ=              0.0000   YZ=             -0.0000
 Octapole moment (field-independent basis, Debye-Ang**2):
  XXX=             -0.0000  YYY=              0.0000  ZZZ=             -0.0000  XYY=             -0.0000
  XXY=              0.0000  XXZ=             -0.0000  XZZ=             -0.0000  YZZ=              0.0000
  YYZ=             -0.0000  XYZ=              0.0000
 Hexadecapole moment (field-independent basis, Debye-Ang**3):
 XXXX=            -78.9695 YYYY=           -272.2114 ZZZZ=            -17.0647 XXXY=             28.9103
 XXXZ=              0.0000 YYYX=             51.3289 YYYZ=             -0.0000 ZZZX=              0.0000
 ZZZY=             -0.0000 XXYY=            -50.6217 XXZZ=            -16.3372 YYZZ=            -35.3877
 XXYZ=             -0.0000 YYXZ=              0.0000 ZZXY=              6.7573
 N-N= 1.979132698490D+01 E-N=-5.112725091324D+01  KE= 7.360010970274D+00
 Symmetry AG   KE= 1.552570414491D+00
 Symmetry BG   KE= 0.000000000000D+00
 Symmetry AU   KE= 0.000000000000D+00
 Symmetry BU   KE= 5.807440555782D+00

 Test job not archived.
 1\1\GINC-SULU\Stability\RHF\Gen\H12\LCJ1\17-Feb-2017\0\\#rhf/gen scf(s
 ymm,tight,novaracc,noincfock,fulldiag) stable(crhf) guess=read geom=no
 crowd test\\hf stability analysis of h12 triangular lattice, y= 0.6152
 4583425160395\\0,1\H\H,1,1.122110918\H,1,1.122110918,2,113.5\H,2,1.122
 110918,1,66.5,3,0.,0\H,2,1.122110918,1,180.,3,0.,0\H,4,1.122110918,3,1
 80.,5,0.,0\H,6,1.122110918,5,180.,3,0.,0\H,4,1.122110918,2,180.,3,0.,0
 \H,3,1.122110918,1,180.,4,0.,0\H,9,1.122110918,3,180.,4,0.,0\H,8,1.122
 110918,4,180.,3,0.,0\H,7,1.122110918,6,180.,3,0.,0\\Version=ES64L-G09R
 evE.01\State=1-AG\HF=-5.1164184\MP2=-5.2971468\RMSD=6.836e-10\Dipole=0
 .,0.,0.\Quadrupole=-0.218997,2.6202614,-2.4012643,0.,7.0648839,0.\PG=C
 02H [SGH(H12)]\\@


 IF YOU'RE NOT PART OF THE SOLUTION,
 THEN YOU'RE PART OF THE PRECIPITATE.
 Job cpu time:       0 days  0 hours  0 minutes  1.1 seconds.
 File lengths (MBytes):  RWF=     84 Int=      0 D2E=      0 Chk=      2 Scr=      2
 Normal termination of Gaussian 09 at Fri Feb 17 14:58:09 2017.
