 Entering Gaussian System, Link 0=g09
 AtFile(1): H.gbs
            H     0
            S   10   1.00
               1000.000000000000            0.000068713567
                316.227766000000            0.000169141320
                100.000000000000            0.000823394812
                 31.622776600000            0.003425569236
                 10.000000000000            0.013951996000
                  3.162277660000            0.056909313560
                  1.000000000000            0.198286399900
                  0.316227766000            0.496922426700
                  0.100000000000            0.369846276400
                  0.031622776600            0.003752720039
            ****
 Initial command:
 /projects/guscus/apps/gau/g09-e1/g09/l1.exe "/users/lcj1/gaussian/h12/rhfstability/rect/guess/ag2bu4/Gau-29611.inp" -scrdir="/users/lcj1/gaussian/h12/rhfstability/rect/guess/ag2bu4/"
 Entering Link 1 = /projects/guscus/apps/gau/g09-e1/g09/l1.exe PID=     29612.
  
 Copyright (c) 1988,1990,1992,1993,1995,1998,2003,2009,2015,
            Gaussian, Inc.  All Rights Reserved.
  
 This is part of the Gaussian(R) 09 program.  It is based on
 the Gaussian(R) 03 system (copyright 2003, Gaussian, Inc.),
 the Gaussian(R) 98 system (copyright 1998, Gaussian, Inc.),
 the Gaussian(R) 94 system (copyright 1995, Gaussian, Inc.),
 the Gaussian 92(TM) system (copyright 1992, Gaussian, Inc.),
 the Gaussian 90(TM) system (copyright 1990, Gaussian, Inc.),
 the Gaussian 88(TM) system (copyright 1988, Gaussian, Inc.),
 the Gaussian 86(TM) system (copyright 1986, Carnegie Mellon
 University), and the Gaussian 82(TM) system (copyright 1983,
 Carnegie Mellon University). Gaussian is a federally registered
 trademark of Gaussian, Inc.
  
 This software contains proprietary and confidential information,
 including trade secrets, belonging to Gaussian, Inc.
  
 This software is provided under written license and may be
 used, copied, transmitted, or stored only in accord with that
 written license.
  
 The following legend is applicable only to US Government
 contracts under FAR:
  
                    RESTRICTED RIGHTS LEGEND
  
 Use, reproduction and disclosure by the US Government is
 subject to restrictions as set forth in subparagraphs (a)
 and (c) of the Commercial Computer Software - Restricted
 Rights clause in FAR 52.227-19.
  
 Gaussian, Inc.
 340 Quinnipiac St., Bldg. 40, Wallingford CT 06492
  
  
 ---------------------------------------------------------------
 Warning -- This program may not be used in any manner that
 competes with the business of Gaussian, Inc. or will provide
 assistance to any competitor of Gaussian, Inc.  The licensee
 of this program is prohibited from giving any competitor of
 Gaussian, Inc. access to this program.  By using this program,
 the user acknowledges that Gaussian, Inc. is engaged in the
 business of creating and licensing software in the field of
 computational chemistry and represents and warrants to the
 licensee that it is not a competitor of Gaussian, Inc. and that
 it will not use this program in any manner prohibited above.
 ---------------------------------------------------------------
  

 Cite this work as:
 Gaussian 09, Revision E.01,
 M. J. Frisch, G. W. Trucks, H. B. Schlegel, G. E. Scuseria, 
 M. A. Robb, J. R. Cheeseman, G. Scalmani, V. Barone, B. Mennucci, 
 G. A. Petersson, H. Nakatsuji, M. Caricato, X. Li, H. P. Hratchian, 
 A. F. Izmaylov, J. Bloino, G. Zheng, J. L. Sonnenberg, M. Hada, 
 M. Ehara, K. Toyota, R. Fukuda, J. Hasegawa, M. Ishida, T. Nakajima, 
 Y. Honda, O. Kitao, H. Nakai, T. Vreven, J. A. Montgomery, Jr., 
 J. E. Peralta, F. Ogliaro, M. Bearpark, J. J. Heyd, E. Brothers, 
 K. N. Kudin, V. N. Staroverov, T. Keith, R. Kobayashi, J. Normand, 
 K. Raghavachari, A. Rendell, J. C. Burant, S. S. Iyengar, J. Tomasi, 
 M. Cossi, N. Rega, J. M. Millam, M. Klene, J. E. Knox, J. B. Cross, 
 V. Bakken, C. Adamo, J. Jaramillo, R. Gomperts, R. E. Stratmann, 
 O. Yazyev, A. J. Austin, R. Cammi, C. Pomelli, J. W. Ochterski, 
 R. L. Martin, K. Morokuma, V. G. Zakrzewski, G. A. Voth, 
 P. Salvador, J. J. Dannenberg, S. Dapprich, A. D. Daniels, 
 O. Farkas, J. B. Foresman, J. V. Ortiz, J. Cioslowski, 
 and D. J. Fox, Gaussian, Inc., Wallingford CT, 2013.
 
 ******************************************
 Gaussian 09:  ES64L-G09RevE.01 30-Nov-2015
                17-Feb-2017 
 ******************************************
 %chk=h12.chk
 ----------------------------------------------------------------------
 #rhf/gen scf(symm,tight,novaracc,noincfock,fulldiag) stable(crhf) gues
 s=read geom=nocrowd test
 ----------------------------------------------------------------------
 1/38=1/1;
 2/12=1,17=6,18=5,40=1/2;
 3/5=7,16=1,25=1,30=1,116=1/1,2,3;
 4/5=1,9=4/1;
 5/5=100002,15=2,16=1,32=2,38=6/2;
 8/6=1,10=90,11=11/1,4;
 9/8=4,13=1/2;
 6/7=2,8=2,9=2,10=2,28=1/1;
 99/5=1,9=1/99;
 ----------------------------------------------------------------------
 hf stability analysis of h12 triangular lattice, y= 0.8753112166669652
 1
 ----------------------------------------------------------------------
 Symbolic Z-matrix:
 Charge =  0 Multiplicity = 1
 H
 H                    1     1.09601 
 H                    1     1.09601  2     74. 
 H                    2     1.09601  1     106.     3     0.       0
 H                    2     1.09601  1     180.     3     0.       0
 H                    4     1.09601  3     180.     5     0.       0
 H                    6     1.09601  5     180.     3     0.       0
 H                    4     1.09601  2     180.     3     0.       0
 H                    3     1.09601  1     180.     4     0.       0
 H                    9     1.09601  3     180.     4     0.       0
 H                    8     1.09601  4     180.     3     0.       0
 H                    7     1.09601  6     180.     3     0.       0
 
                          Input orientation:                          
 ---------------------------------------------------------------------
 Center     Atomic      Atomic             Coordinates (Angstroms)
 Number     Number       Type             X           Y           Z
 ---------------------------------------------------------------------
      1          1           0        0.000000    0.000000    0.000000
      2          1           0        0.000000    0.000000    1.096008
      3          1           0        1.053551    0.000000    0.302101
      4          1           0        1.053551    0.000000    1.398109
      5          1           0        0.000000    0.000000    2.192017
      6          1           0        1.053551    0.000000    2.494118
      7          1           0        2.107102    0.000000    2.796218
      8          1           0        2.107102    0.000000    1.700210
      9          1           0        2.107102    0.000000    0.604202
     10          1           0        3.160653    0.000000    0.906303
     11          1           0        3.160653    0.000000    2.002311
     12          1           0        3.160653    0.000000    3.098319
 ---------------------------------------------------------------------
                    Distance matrix (angstroms):
                    1          2          3          4          5
     1  H    0.000000
     2  H    1.096008   0.000000
     3  H    1.096008   1.319189   0.000000
     4  H    1.750622   1.096008   1.096008   0.000000
     5  H    2.192017   1.096008   2.163736   1.319189   0.000000
     6  H    2.707507   1.750622   2.192017   1.096008   1.096008
     7  H    3.501245   2.707507   2.707507   1.750622   2.192017
     8  H    2.707507   2.192017   1.750622   1.096008   2.163736
     9  H    2.192017   2.163736   1.096008   1.319189   2.638377
    10  H    3.288025   3.166341   2.192017   2.163736   3.412153
    11  H    3.741520   3.288025   2.707507   2.192017   3.166341
    12  H    4.425981   3.741520   3.501245   2.707507   3.288025
                    6          7          8          9         10
     6  H    0.000000
     7  H    1.096008   0.000000
     8  H    1.319189   1.096008   0.000000
     9  H    2.163736   2.192017   1.096008   0.000000
    10  H    2.638377   2.163736   1.319189   1.096008   0.000000
    11  H    2.163736   1.319189   1.096008   1.750622   1.096008
    12  H    2.192017   1.096008   1.750622   2.707507   2.192017
                   11         12
    11  H    0.000000
    12  H    1.096008   0.000000
 Stoichiometry    H12
 Framework group  C2H[SGH(H12)]
 Deg. of freedom    11
 Full point group                 C2H     NOp   4
 Largest Abelian subgroup         C2H     NOp   4
 Largest concise Abelian subgroup C2      NOp   2
                         Standard orientation:                         
 ---------------------------------------------------------------------
 Center     Atomic      Atomic             Coordinates (Angstroms)
 Number     Number       Type             X           Y           Z
 ---------------------------------------------------------------------
      1          1           0        1.053551    1.946113   -0.000000
      2          1           0       -0.000000    1.644013   -0.000000
      3          1           0        1.053551    0.850105    0.000000
      4          1           0       -0.000000    0.548004   -0.000000
      5          1           0       -1.053551    1.341912   -0.000000
      6          1           0       -1.053551    0.245903   -0.000000
      7          1           0       -1.053551   -0.850105   -0.000000
      8          1           0        0.000000   -0.548004   -0.000000
      9          1           0        1.053551   -0.245903   -0.000000
     10          1           0        1.053551   -1.341912   -0.000000
     11          1           0        0.000000   -1.644013   -0.000000
     12          1           0       -1.053551   -1.946113   -0.000000
 ---------------------------------------------------------------------
 Rotational constants (GHZ):     60.6975328     25.8924456     18.1499937
 General basis read from cards:  (5D, 7F)
 There are     6 symmetry adapted cartesian basis functions of AG  symmetry.
 There are     0 symmetry adapted cartesian basis functions of BG  symmetry.
 There are     0 symmetry adapted cartesian basis functions of AU  symmetry.
 There are     6 symmetry adapted cartesian basis functions of BU  symmetry.
 There are     6 symmetry adapted basis functions of AG  symmetry.
 There are     0 symmetry adapted basis functions of BG  symmetry.
 There are     0 symmetry adapted basis functions of AU  symmetry.
 There are     6 symmetry adapted basis functions of BU  symmetry.
    12 basis functions,   120 primitive gaussians,    12 cartesian basis functions
     6 alpha electrons        6 beta electrons
       nuclear repulsion energy        20.0007058274 Hartrees.
 NAtoms=   12 NActive=   12 NUniq=    6 SFac= 4.00D+00 NAtFMM=   60 NAOKFM=F Big=F
 Integral buffers will be    131072 words long.
 Regular integral format.
 Two-electron integral symmetry is turned on.
 One-electron integrals computed using PRISM.
 NBasis=    12 RedAO= T EigKep=  1.27D-01  NBF=     6     0     0     6
 NBsUse=    12 1.00D-06 EigRej= -1.00D+00 NBFU=     6     0     0     6
 Initial guess from the checkpoint file:  "h12.chk"
 B after Tr=     0.000000    0.000000   -0.000000
         Rot=    0.999999    0.000000   -0.000000   -0.001518 Ang=  -0.17 deg.
 Initial guess orbital symmetries:
       Occupied  (AG) (BU) (BU) (AG) (BU) (BU)
       Virtual   (AG) (AG) (BU) (AG) (AG) (BU)
 Keep R1 ints in memory in symmetry-blocked form, NReq=903812.
 Requested convergence on RMS density matrix=1.00D-08 within 128 cycles.
 Requested convergence on MAX density matrix=1.00D-06.
 Requested convergence on             energy=1.00D-06.
 No special actions if energy rises.
 SCF Done:  E(RHF) =  -5.06470899344     A.U. after   11 cycles
            NFock= 11  Conv=0.19D-08     -V/T= 1.6762
 Range of M.O.s used for correlation:     1    12
 NBasis=    12 NAE=     6 NBE=     6 NFC=     0 NFV=     0
 NROrb=     12 NOA=     6 NOB=     6 NVA=     6 NVB=     6

 **** Warning!!: The smallest alpha delta epsilon is -0.14335067D+00

 Semi-Direct transformation.
 ModeAB=           4 MOrb=             6 LenV=     134084535
 LASXX=         2181 LTotXX=        2181 LenRXX=        5115
 LTotAB=        2934 MaxLAS=        3024 LenRXY=           0
 NonZer=        7296 LenScr=      655360 LnRSAI=        3024
 LnScr1=      655360 LExtra=           0 Total=      1318859
 MaxDsk=          -1 SrtSym=           T ITran=            3
 JobTyp=0 Pass  1:  I=   1 to   6.
 (rs|ai) integrals will be sorted in core.
 Spin components of T(2) and E(2):
     alpha-alpha T2 =       0.1410003550D-01 E2=     -0.1501186555D-01
     alpha-beta  T2 =       0.3728671181D+01 E2=     -0.1276613973D+00
     beta-beta   T2 =       0.1410003550D-01 E2=     -0.1501186555D-01
 ANorm=    0.2181025275D+01
 E2 =    -0.1576851284D+00 EUMP2 =    -0.52223941218864D+01
 Second order stability test of a single determinant RHF wave function:
 Stabil:  MDV=134217728
 ***********************************************************************
 Matrix         Lowest Root    Major Pairs
 ***********************************************************************
 Internal RHF    -0.3280987    6A=7A 5A=7A 3A=7A
 RRHF --> CRHF   -0.3943705    6A=7A
 RRHF --> RUHF   -0.5558945    6A=7B
 Not stable.
 ***********************************************************************

 **********************************************************************

            Population analysis using the SCF density.

 **********************************************************************

 Orbital symmetries:
       Occupied  (AG) (BU) (BU) (AG) (BU) (BU)
       Virtual   (AG) (AG) (BU) (AG) (AG) (BU)
 The electronic state is 1-AG.
 Alpha  occ. eigenvalues --   -0.90809  -0.73503  -0.60076  -0.50451  -0.19777
 Alpha  occ. eigenvalues --   -0.06522
 Alpha virt. eigenvalues --   -0.20857   0.08014   0.29195   0.38361   0.59858
 Alpha virt. eigenvalues --    0.85550
          Condensed to atoms (all electrons):
               1          2          3          4          5          6
     1  H    1.359114   0.290310  -0.104752  -0.200936  -0.082322   0.019206
     2  H    0.290310   1.060305  -0.127034  -0.444951   0.314019  -0.237221
     3  H   -0.104752  -0.127034   0.827530   0.540516  -0.045106   0.029218
     4  H   -0.200936  -0.444951   0.540516   1.772237  -0.102536   0.556476
     5  H   -0.082322   0.314019  -0.045106  -0.102536   0.847347  -0.369970
     6  H    0.019206  -0.237221   0.029218   0.556476  -0.369970   1.770265
     7  H    0.009777   0.043041  -0.065538  -0.265602   0.053265  -0.113762
     8  H    0.028523   0.084683  -0.265602  -0.707273   0.047455  -0.229548
     9  H   -0.121060   0.065813  -0.113762  -0.229548   0.063862  -0.229234
    10  H    0.021717  -0.021179   0.053265   0.047455  -0.026740   0.063862
    11  H    0.003025  -0.013249   0.043041   0.084683  -0.021179   0.065813
    12  H   -0.004617   0.003025   0.009777   0.028523   0.021717  -0.121060
               7          8          9         10         11         12
     1  H    0.009777   0.028523  -0.121060   0.021717   0.003025  -0.004617
     2  H    0.043041   0.084683   0.065813  -0.021179  -0.013249   0.003025
     3  H   -0.065538  -0.265602  -0.113762   0.053265   0.043041   0.009777
     4  H   -0.265602  -0.707273  -0.229548   0.047455   0.084683   0.028523
     5  H    0.053265   0.047455   0.063862  -0.026740  -0.021179   0.021717
     6  H   -0.113762  -0.229548  -0.229234   0.063862   0.065813  -0.121060
     7  H    0.827530   0.540516   0.029218  -0.045106  -0.127034  -0.104752
     8  H    0.540516   1.772237   0.556476  -0.102536  -0.444951  -0.200936
     9  H    0.029218   0.556476   1.770265  -0.369970  -0.237221   0.019206
    10  H   -0.045106  -0.102536  -0.369970   0.847347   0.314019  -0.082322
    11  H   -0.127034  -0.444951  -0.237221   0.314019   1.060305   0.290310
    12  H   -0.104752  -0.200936   0.019206  -0.082322   0.290310   1.359114
 Mulliken charges:
               1
     1  H   -0.217986
     2  H   -0.017562
     3  H    0.218448
     4  H   -0.079044
     5  H    0.300188
     6  H   -0.204044
     7  H    0.218448
     8  H   -0.079044
     9  H   -0.204044
    10  H    0.300188
    11  H   -0.017562
    12  H   -0.217986
 Sum of Mulliken charges =  -0.00000
 Mulliken charges with hydrogens summed into heavy atoms:
               1
 Electronic spatial extent (au):  <R**2>=            138.0507
 Charge=             -0.0000 electrons
 Dipole moment (field-independent basis, Debye):
    X=              0.0000    Y=              0.0000    Z=             -0.0000  Tot=              0.0000
 Quadrupole moment (field-independent basis, Debye-Ang):
   XX=            -13.3839   YY=            -25.0566   ZZ=            -14.5376
   XY=             -6.4213   XZ=              0.0000   YZ=             -0.0000
 Traceless Quadrupole moment (field-independent basis, Debye-Ang):
   XX=              4.2755   YY=             -7.3972   ZZ=              3.1218
   XY=             -6.4213   XZ=              0.0000   YZ=             -0.0000
 Octapole moment (field-independent basis, Debye-Ang**2):
  XXX=              0.0000  YYY=             -0.0000  ZZZ=              0.0000  XYY=             -0.0000
  XXY=             -0.0000  XXZ=              0.0000  XZZ=             -0.0000  YZZ=             -0.0000
  YYZ=              0.0000  XYZ=              0.0000
 Hexadecapole moment (field-independent basis, Debye-Ang**3):
 XXXX=            -78.5276 YYYY=           -251.4564 ZZZZ=            -16.8766 XXXY=            -21.8001
 XXXZ=             -0.0000 YYYX=            -43.8977 YYYZ=              0.0000 ZZZX=             -0.0000
 ZZZY=              0.0000 XXYY=            -48.9097 XXZZ=            -16.4755 YYZZ=            -32.9295
 XXYZ=             -0.0000 YYXZ=             -0.0000 ZZXY=             -5.0404
 N-N= 2.000070582740D+01 E-N=-5.159843837905D+01  KE= 7.490370831216D+00
 Symmetry AG   KE= 1.606486310435D+00
 Symmetry BG   KE= 0.000000000000D+00
 Symmetry AU   KE= 0.000000000000D+00
 Symmetry BU   KE= 5.883884520781D+00

 Test job not archived.
 1\1\GINC-SULU\Stability\RHF\Gen\H12\LCJ1\17-Feb-2017\0\\#rhf/gen scf(s
 ymm,tight,novaracc,noincfock,fulldiag) stable(crhf) guess=read geom=no
 crowd test\\hf stability analysis of h12 triangular lattice, y= 0.8753
 1121666696521\\0,1\H\H,1,1.0960083651\H,1,1.0960083651,2,74.\H,2,1.096
 0083651,1,106.,3,0.,0\H,2,1.0960083651,1,180.,3,0.,0\H,4,1.0960083651,
 3,180.,5,0.,0\H,6,1.0960083651,5,180.,3,0.,0\H,4,1.0960083651,2,180.,3
 ,0.,0\H,3,1.0960083651,1,180.,4,0.,0\H,9,1.0960083651,3,180.,4,0.,0\H,
 8,1.0960083651,4,180.,3,0.,0\H,7,1.0960083651,6,180.,3,0.,0\\Version=E
 S64L-G09RevE.01\State=1-AG\HF=-5.064709\MP2=-5.2223941\RMSD=1.947e-09\
 Dipole=0.,0.,0.\Quadrupole=-2.3104578,2.32097,-0.0105122,0.,-6.3480547
 ,0.\PG=C02H [SGH(H12)]\\@


 YOU WILL NEVER "FIND" TIME FOR ANYTHING.
 IF YOU WANT TIME, YOU MUST MAKE IT.

                        -- CHARLES BIXTON
 Job cpu time:       0 days  0 hours  0 minutes  1.1 seconds.
 File lengths (MBytes):  RWF=     84 Int=      0 D2E=      0 Chk=      2 Scr=      2
 Normal termination of Gaussian 09 at Fri Feb 17 15:02:18 2017.
