 Entering Gaussian System, Link 0=g09
 AtFile(1): H.gbs
            H     0
            S   10   1.00
               1000.000000000000            0.000068713567
                316.227766000000            0.000169141320
                100.000000000000            0.000823394812
                 31.622776600000            0.003425569236
                 10.000000000000            0.013951996000
                  3.162277660000            0.056909313560
                  1.000000000000            0.198286399900
                  0.316227766000            0.496922426700
                  0.100000000000            0.369846276400
                  0.031622776600            0.003752720039
            ****
 Initial command:
 /projects/guscus/apps/gau/g09-e1/g09/l1.exe "/users/lcj1/gaussian/h12/rhfstability/rect/guess/ag2bu4/Gau-5877.inp" -scrdir="/users/lcj1/gaussian/h12/rhfstability/rect/guess/ag2bu4/"
 Entering Link 1 = /projects/guscus/apps/gau/g09-e1/g09/l1.exe PID=      5878.
  
 Copyright (c) 1988,1990,1992,1993,1995,1998,2003,2009,2015,
            Gaussian, Inc.  All Rights Reserved.
  
 This is part of the Gaussian(R) 09 program.  It is based on
 the Gaussian(R) 03 system (copyright 2003, Gaussian, Inc.),
 the Gaussian(R) 98 system (copyright 1998, Gaussian, Inc.),
 the Gaussian(R) 94 system (copyright 1995, Gaussian, Inc.),
 the Gaussian 92(TM) system (copyright 1992, Gaussian, Inc.),
 the Gaussian 90(TM) system (copyright 1990, Gaussian, Inc.),
 the Gaussian 88(TM) system (copyright 1988, Gaussian, Inc.),
 the Gaussian 86(TM) system (copyright 1986, Carnegie Mellon
 University), and the Gaussian 82(TM) system (copyright 1983,
 Carnegie Mellon University). Gaussian is a federally registered
 trademark of Gaussian, Inc.
  
 This software contains proprietary and confidential information,
 including trade secrets, belonging to Gaussian, Inc.
  
 This software is provided under written license and may be
 used, copied, transmitted, or stored only in accord with that
 written license.
  
 The following legend is applicable only to US Government
 contracts under FAR:
  
                    RESTRICTED RIGHTS LEGEND
  
 Use, reproduction and disclosure by the US Government is
 subject to restrictions as set forth in subparagraphs (a)
 and (c) of the Commercial Computer Software - Restricted
 Rights clause in FAR 52.227-19.
  
 Gaussian, Inc.
 340 Quinnipiac St., Bldg. 40, Wallingford CT 06492
  
  
 ---------------------------------------------------------------
 Warning -- This program may not be used in any manner that
 competes with the business of Gaussian, Inc. or will provide
 assistance to any competitor of Gaussian, Inc.  The licensee
 of this program is prohibited from giving any competitor of
 Gaussian, Inc. access to this program.  By using this program,
 the user acknowledges that Gaussian, Inc. is engaged in the
 business of creating and licensing software in the field of
 computational chemistry and represents and warrants to the
 licensee that it is not a competitor of Gaussian, Inc. and that
 it will not use this program in any manner prohibited above.
 ---------------------------------------------------------------
  

 Cite this work as:
 Gaussian 09, Revision E.01,
 M. J. Frisch, G. W. Trucks, H. B. Schlegel, G. E. Scuseria, 
 M. A. Robb, J. R. Cheeseman, G. Scalmani, V. Barone, B. Mennucci, 
 G. A. Petersson, H. Nakatsuji, M. Caricato, X. Li, H. P. Hratchian, 
 A. F. Izmaylov, J. Bloino, G. Zheng, J. L. Sonnenberg, M. Hada, 
 M. Ehara, K. Toyota, R. Fukuda, J. Hasegawa, M. Ishida, T. Nakajima, 
 Y. Honda, O. Kitao, H. Nakai, T. Vreven, J. A. Montgomery, Jr., 
 J. E. Peralta, F. Ogliaro, M. Bearpark, J. J. Heyd, E. Brothers, 
 K. N. Kudin, V. N. Staroverov, T. Keith, R. Kobayashi, J. Normand, 
 K. Raghavachari, A. Rendell, J. C. Burant, S. S. Iyengar, J. Tomasi, 
 M. Cossi, N. Rega, J. M. Millam, M. Klene, J. E. Knox, J. B. Cross, 
 V. Bakken, C. Adamo, J. Jaramillo, R. Gomperts, R. E. Stratmann, 
 O. Yazyev, A. J. Austin, R. Cammi, C. Pomelli, J. W. Ochterski, 
 R. L. Martin, K. Morokuma, V. G. Zakrzewski, G. A. Voth, 
 P. Salvador, J. J. Dannenberg, S. Dapprich, A. D. Daniels, 
 O. Farkas, J. B. Foresman, J. V. Ortiz, J. Cioslowski, 
 and D. J. Fox, Gaussian, Inc., Wallingford CT, 2013.
 
 ******************************************
 Gaussian 09:  ES64L-G09RevE.01 30-Nov-2015
                17-Feb-2017 
 ******************************************
 %chk=h12.chk
 ----------------------------------------------------------------------
 #rhf/gen scf(symm,tight,novaracc,noincfock,fulldiag) stable(crhf) gues
 s=read geom=nocrowd test
 ----------------------------------------------------------------------
 1/38=1/1;
 2/12=1,17=6,18=5,40=1/2;
 3/5=7,16=1,25=1,30=1,116=1/1,2,3;
 4/5=1,9=4/1;
 5/5=100002,15=2,16=1,32=2,38=6/2;
 8/6=1,10=90,11=11/1,4;
 9/8=4,13=1/2;
 6/7=2,8=2,9=2,10=2,28=1/1;
 99/5=1,9=1/99;
 ----------------------------------------------------------------------
 hf stability analysis of h12 triangular lattice, y= 1.2857983717814927
 ----------------------------------------------------------------------
 Symbolic Z-matrix:
 Charge =  0 Multiplicity = 1
 H
 H                    1     1.36195 
 H                    1     1.36195  2     38.5 
 H                    2     1.36195  1     141.5    3     0.       0
 H                    2     1.36195  1     180.     3     0.       0
 H                    4     1.36195  3     180.     5     0.       0
 H                    6     1.36195  5     180.     3     0.       0
 H                    4     1.36195  2     180.     3     0.       0
 H                    3     1.36195  1     180.     4     0.       0
 H                    9     1.36195  3     180.     4     0.       0
 H                    8     1.36195  4     180.     3     0.       0
 H                    7     1.36195  6     180.     3     0.       0
 
                          Input orientation:                          
 ---------------------------------------------------------------------
 Center     Atomic      Atomic             Coordinates (Angstroms)
 Number     Number       Type             X           Y           Z
 ---------------------------------------------------------------------
      1          1           0        0.000000    0.000000    0.000000
      2          1           0        0.000000    0.000000    1.361946
      3          1           0        0.847831    0.000000    1.065870
      4          1           0        0.847831    0.000000    2.427816
      5          1           0        0.000000    0.000000    2.723892
      6          1           0        0.847831    0.000000    3.789762
      7          1           0        1.695663    0.000000    4.855632
      8          1           0        1.695663    0.000000    3.493686
      9          1           0        1.695663    0.000000    2.131740
     10          1           0        2.543494    0.000000    3.197610
     11          1           0        2.543494    0.000000    4.559556
     12          1           0        2.543494    0.000000    5.921503
 ---------------------------------------------------------------------
                    Distance matrix (angstroms):
                    1          2          3          4          5
     1  H    0.000000
     2  H    1.361946   0.000000
     3  H    1.361946   0.898042   0.000000
     4  H    2.571597   1.361946   1.361946   0.000000
     5  H    2.723892   1.361946   1.862218   0.898042   0.000000
     6  H    3.883441   2.571597   2.723892   1.361946   1.361946
     7  H    5.143193   3.883441   3.883441   2.571597   2.723892
     8  H    3.883441   2.723892   2.571597   1.361946   1.862218
     9  H    2.723892   1.862218   1.361946   0.898042   1.796084
    10  H    4.085838   3.136722   2.723892   1.862218   2.587232
    11  H    5.221007   4.085838   3.883441   2.723892   3.136722
    12  H    6.444653   5.221007   5.143193   3.883441   4.085838
                    6          7          8          9         10
     6  H    0.000000
     7  H    1.361946   0.000000
     8  H    0.898042   1.361946   0.000000
     9  H    1.862218   2.723892   1.361946   0.000000
    10  H    1.796084   1.862218   0.898042   1.361946   0.000000
    11  H    1.862218   0.898042   1.361946   2.571597   1.361946
    12  H    2.723892   1.361946   2.571597   3.883441   2.723892
                   11         12
    11  H    0.000000
    12  H    1.361946   0.000000
 Stoichiometry    H12
 Framework group  C2H[SGH(H12)]
 Deg. of freedom    11
 Full point group                 C2H     NOp   4
 Largest Abelian subgroup         C2H     NOp   4
 Largest concise Abelian subgroup C2      NOp   2
                         Standard orientation:                         
 ---------------------------------------------------------------------
 Center     Atomic      Atomic             Coordinates (Angstroms)
 Number     Number       Type             X           Y           Z
 ---------------------------------------------------------------------
      1          1           0        0.847831    3.108789    0.000000
      2          1           0        0.000000    2.042919    0.000000
      3          1           0        0.847831    1.746843    0.000000
      4          1           0        0.000000    0.680973    0.000000
      5          1           0       -0.847831    0.977049    0.000000
      6          1           0       -0.847831   -0.384897    0.000000
      7          1           0       -0.847831   -1.746843    0.000000
      8          1           0       -0.000000   -0.680973    0.000000
      9          1           0        0.847831    0.384897   -0.000000
     10          1           0        0.847831   -0.977049    0.000000
     11          1           0       -0.000000   -2.042919    0.000000
     12          1           0       -0.847831   -3.108789    0.000000
 ---------------------------------------------------------------------
 Rotational constants (GHZ):    120.6864678     13.0222333     11.7539646
 General basis read from cards:  (5D, 7F)
 There are     6 symmetry adapted cartesian basis functions of AG  symmetry.
 There are     0 symmetry adapted cartesian basis functions of BG  symmetry.
 There are     0 symmetry adapted cartesian basis functions of AU  symmetry.
 There are     6 symmetry adapted cartesian basis functions of BU  symmetry.
 There are     6 symmetry adapted basis functions of AG  symmetry.
 There are     0 symmetry adapted basis functions of BG  symmetry.
 There are     0 symmetry adapted basis functions of AU  symmetry.
 There are     6 symmetry adapted basis functions of BU  symmetry.
    12 basis functions,   120 primitive gaussians,    12 cartesian basis functions
     6 alpha electrons        6 beta electrons
       nuclear repulsion energy        18.2715480461 Hartrees.
 NAtoms=   12 NActive=   12 NUniq=    6 SFac= 4.00D+00 NAtFMM=   60 NAOKFM=F Big=F
 Integral buffers will be    131072 words long.
 Regular integral format.
 Two-electron integral symmetry is turned on.
 One-electron integrals computed using PRISM.
 NBasis=    12 RedAO= T EigKep=  1.47D-01  NBF=     6     0     0     6
 NBsUse=    12 1.00D-06 EigRej= -1.00D+00 NBFU=     6     0     0     6
 Initial guess from the checkpoint file:  "h12.chk"
 B after Tr=     0.000000   -0.000000   -0.000000
         Rot=    0.999999   -0.000000   -0.000000   -0.001518 Ang=  -0.17 deg.
 Initial guess orbital symmetries:
       Occupied  (AG) (BU) (AG) (BU) (BU) (BU)
       Virtual   (AG) (AG) (BU) (AG) (AG) (BU)
 Keep R1 ints in memory in symmetry-blocked form, NReq=900410.
 Requested convergence on RMS density matrix=1.00D-08 within 128 cycles.
 Requested convergence on MAX density matrix=1.00D-06.
 Requested convergence on             energy=1.00D-06.
 No special actions if energy rises.
 SCF Done:  E(RHF) =  -5.56795853087     A.U. after    8 cycles
            NFock=  8  Conv=0.35D-08     -V/T= 1.8190
 Range of M.O.s used for correlation:     1    12
 NBasis=    12 NAE=     6 NBE=     6 NFC=     0 NFV=     0
 NROrb=     12 NOA=     6 NOB=     6 NVA=     6 NVB=     6

 **** Warning!!: The smallest alpha delta epsilon is  0.10703194D-01

 Semi-Direct transformation.
 ModeAB=           4 MOrb=             6 LenV=     134087965
 LASXX=         2181 LTotXX=        2181 LenRXX=        5115
 LTotAB=        2934 MaxLAS=        3024 LenRXY=           0
 NonZer=        7296 LenScr=      655360 LnRSAI=        3024
 LnScr1=      655360 LExtra=           0 Total=      1318859
 MaxDsk=          -1 SrtSym=           T ITran=            3
 JobTyp=0 Pass  1:  I=   1 to   6.
 (rs|ai) integrals will be sorted in core.
 Spin components of T(2) and E(2):
     alpha-alpha T2 =       0.1046251725D-01 E2=     -0.8984360846D-02
     alpha-beta  T2 =       0.7070986444D+01 E2=     -0.6593459679D+00
     beta-beta   T2 =       0.1046251725D-01 E2=     -0.8984360846D-02
 ANorm=    0.2844628531D+01
 E2 =    -0.6773146896D+00 EUMP2 =    -0.62452732204340D+01
 Second order stability test of a single determinant RHF wave function:
 Stabil:  MDV=134217728
 ***********************************************************************
 Matrix         Lowest Root    Major Pairs
 ***********************************************************************
 Internal RHF    -0.1786745    6A=7A
 RRHF --> CRHF   -0.1994704    6A=7A
 RRHF --> RUHF   -0.5252877    6A=8B 6A=7B 5A=8B
 Not stable.
 ***********************************************************************

 **********************************************************************

            Population analysis using the SCF density.

 **********************************************************************

 Orbital symmetries:
       Occupied  (AG) (BU) (AG) (BU) (BU) (BU)
       Virtual   (AG) (AG) (BU) (AG) (AG) (BU)
 The electronic state is 1-AG.
 Alpha  occ. eigenvalues --   -0.90558  -0.75472  -0.59216  -0.50764  -0.42043
 Alpha  occ. eigenvalues --   -0.05238
 Alpha virt. eigenvalues --   -0.04168   0.00274   0.34743   0.36763   0.51962
 Alpha virt. eigenvalues --    0.68246
          Condensed to atoms (all electrons):
               1          2          3          4          5          6
     1  H    1.396753  -0.171336  -0.107442   0.011324   0.008201  -0.002611
     2  H   -0.171336   1.029234   0.570285  -0.235359  -0.110075   0.032001
     3  H   -0.107442   0.570285   0.765449  -0.177948  -0.083584   0.003115
     4  H    0.011324  -0.235359  -0.177948   1.178895   0.384827  -0.169647
     5  H    0.008201  -0.110075  -0.083584   0.384827   0.653991   0.118080
     6  H   -0.002611   0.032001   0.003115  -0.169647   0.118080   1.002833
     7  H    0.000861  -0.003982  -0.003026   0.021725   0.017291  -0.098319
     8  H   -0.003583   0.028225   0.021725  -0.274668  -0.082242   0.462110
     9  H    0.006128  -0.127141  -0.098319   0.462110  -0.033983  -0.211863
    10  H   -0.001841   0.005682   0.017291  -0.082242  -0.056297  -0.033983
    11  H    0.000993  -0.004582  -0.003982   0.028225   0.005682  -0.127141
    12  H   -0.000229   0.000993   0.000861  -0.003583  -0.001841   0.006128
               7          8          9         10         11         12
     1  H    0.000861  -0.003583   0.006128  -0.001841   0.000993  -0.000229
     2  H   -0.003982   0.028225  -0.127141   0.005682  -0.004582   0.000993
     3  H   -0.003026   0.021725  -0.098319   0.017291  -0.003982   0.000861
     4  H    0.021725  -0.274668   0.462110  -0.082242   0.028225  -0.003583
     5  H    0.017291  -0.082242  -0.033983  -0.056297   0.005682  -0.001841
     6  H   -0.098319   0.462110  -0.211863  -0.033983  -0.127141   0.006128
     7  H    0.765449  -0.177948   0.003115  -0.083584   0.570285  -0.107442
     8  H   -0.177948   1.178895  -0.169647   0.384827  -0.235359   0.011324
     9  H    0.003115  -0.169647   1.002833   0.118080   0.032001  -0.002611
    10  H   -0.083584   0.384827   0.118080   0.653991  -0.110075   0.008201
    11  H    0.570285  -0.235359   0.032001  -0.110075   1.029234  -0.171336
    12  H   -0.107442   0.011324  -0.002611   0.008201  -0.171336   1.396753
 Mulliken charges:
               1
     1  H   -0.137218
     2  H   -0.013945
     3  H    0.095577
     4  H   -0.143660
     5  H    0.179950
     6  H    0.019297
     7  H    0.095577
     8  H   -0.143660
     9  H    0.019297
    10  H    0.179950
    11  H   -0.013945
    12  H   -0.137218
 Sum of Mulliken charges =  -0.00000
 Mulliken charges with hydrogens summed into heavy atoms:
               1
 Electronic spatial extent (au):  <R**2>=            197.1238
 Charge=             -0.0000 electrons
 Dipole moment (field-independent basis, Debye):
    X=             -0.0000    Y=             -0.0000    Z=             -0.0000  Tot=              0.0000
 Quadrupole moment (field-independent basis, Debye-Ang):
   XX=            -14.8054   YY=            -30.4473   ZZ=            -14.9682
   XY=             -5.8933   XZ=              0.0000   YZ=              0.0000
 Traceless Quadrupole moment (field-independent basis, Debye-Ang):
   XX=              5.2683   YY=            -10.3737   ZZ=              5.1054
   XY=             -5.8933   XZ=              0.0000   YZ=              0.0000
 Octapole moment (field-independent basis, Debye-Ang**2):
  XXX=              0.0000  YYY=             -0.0000  ZZZ=             -0.0000  XYY=              0.0000
  XXY=              0.0000  XXZ=             -0.0000  XZZ=              0.0000  YZZ=              0.0000
  YYZ=             -0.0000  XYZ=             -0.0000
 Hexadecapole moment (field-independent basis, Debye-Ang**3):
 XXXX=            -62.5862 YYYY=           -530.2062 ZZZZ=            -17.6874 XXXY=            -35.5775
 XXXZ=              0.0000 YYYX=            -93.6311 YYYZ=              0.0000 ZZZX=              0.0000
 ZZZY=              0.0000 XXYY=            -75.7075 XXZZ=            -13.5196 YYZZ=            -57.3896
 XXYZ=              0.0000 YYXZ=              0.0000 ZZXY=            -10.8913
 N-N= 1.827154804609D+01 E-N=-4.801175007342D+01  KE= 6.798580811865D+00
 Symmetry AG   KE= 1.505371490556D+00
 Symmetry BG   KE= 0.000000000000D+00
 Symmetry AU   KE= 0.000000000000D+00
 Symmetry BU   KE= 5.293209321308D+00

 Test job not archived.
 1\1\GINC-SULU\Stability\RHF\Gen\H12\LCJ1\17-Feb-2017\0\\#rhf/gen scf(s
 ymm,tight,novaracc,noincfock,fulldiag) stable(crhf) guess=read geom=no
 crowd test\\hf stability analysis of h12 triangular lattice, y= 1.2857
 983717814927\\0,1\H\H,1,1.3619460968\H,1,1.3619460968,2,38.5\H,2,1.361
 9460968,1,141.5,3,0.,0\H,2,1.3619460968,1,180.,3,0.,0\H,4,1.3619460968
 ,3,180.,5,0.,0\H,6,1.3619460968,5,180.,3,0.,0\H,4,1.3619460968,2,180.,
 3,0.,0\H,3,1.3619460968,1,180.,4,0.,0\H,9,1.3619460968,3,180.,4,0.,0\H
 ,8,1.3619460968,4,180.,3,0.,0\H,7,1.3619460968,6,180.,3,0.,0\\Version=
 ES64L-G09RevE.01\State=1-AG\HF=-5.5679585\MP2=-6.2452732\RMSD=3.476e-0
 9\Dipole=0.,0.,0.\Quadrupole=3.6793556,3.795777,-7.4751325,0.,-4.68004
 75,0.\PG=C02H [SGH(H12)]\\@


 Fatherhood is pretending the present you love most is soap-on-a-rope.
 -- Bill Cosby
 Job cpu time:       0 days  0 hours  0 minutes  1.0 seconds.
 File lengths (MBytes):  RWF=     84 Int=      0 D2E=      0 Chk=      2 Scr=      2
 Normal termination of Gaussian 09 at Fri Feb 17 15:05:58 2017.
