 Entering Gaussian System, Link 0=g09
 AtFile(1): H.gbs
            H     0
            S   10   1.00
               1000.000000000000            0.000068713567
                316.227766000000            0.000169141320
                100.000000000000            0.000823394812
                 31.622776600000            0.003425569236
                 10.000000000000            0.013951996000
                  3.162277660000            0.056909313560
                  1.000000000000            0.198286399900
                  0.316227766000            0.496922426700
                  0.100000000000            0.369846276400
                  0.031622776600            0.003752720039
            ****
 Initial command:
 /projects/guscus/apps/gau/g09-e1/g09/l1.exe "/users/lcj1/gaussian/h12/rhfstability/rect/guess/ag2bu4/Gau-20583.inp" -scrdir="/users/lcj1/gaussian/h12/rhfstability/rect/guess/ag2bu4/"
 Entering Link 1 = /projects/guscus/apps/gau/g09-e1/g09/l1.exe PID=     20584.
  
 Copyright (c) 1988,1990,1992,1993,1995,1998,2003,2009,2015,
            Gaussian, Inc.  All Rights Reserved.
  
 This is part of the Gaussian(R) 09 program.  It is based on
 the Gaussian(R) 03 system (copyright 2003, Gaussian, Inc.),
 the Gaussian(R) 98 system (copyright 1998, Gaussian, Inc.),
 the Gaussian(R) 94 system (copyright 1995, Gaussian, Inc.),
 the Gaussian 92(TM) system (copyright 1992, Gaussian, Inc.),
 the Gaussian 90(TM) system (copyright 1990, Gaussian, Inc.),
 the Gaussian 88(TM) system (copyright 1988, Gaussian, Inc.),
 the Gaussian 86(TM) system (copyright 1986, Carnegie Mellon
 University), and the Gaussian 82(TM) system (copyright 1983,
 Carnegie Mellon University). Gaussian is a federally registered
 trademark of Gaussian, Inc.
  
 This software contains proprietary and confidential information,
 including trade secrets, belonging to Gaussian, Inc.
  
 This software is provided under written license and may be
 used, copied, transmitted, or stored only in accord with that
 written license.
  
 The following legend is applicable only to US Government
 contracts under FAR:
  
                    RESTRICTED RIGHTS LEGEND
  
 Use, reproduction and disclosure by the US Government is
 subject to restrictions as set forth in subparagraphs (a)
 and (c) of the Commercial Computer Software - Restricted
 Rights clause in FAR 52.227-19.
  
 Gaussian, Inc.
 340 Quinnipiac St., Bldg. 40, Wallingford CT 06492
  
  
 ---------------------------------------------------------------
 Warning -- This program may not be used in any manner that
 competes with the business of Gaussian, Inc. or will provide
 assistance to any competitor of Gaussian, Inc.  The licensee
 of this program is prohibited from giving any competitor of
 Gaussian, Inc. access to this program.  By using this program,
 the user acknowledges that Gaussian, Inc. is engaged in the
 business of creating and licensing software in the field of
 computational chemistry and represents and warrants to the
 licensee that it is not a competitor of Gaussian, Inc. and that
 it will not use this program in any manner prohibited above.
 ---------------------------------------------------------------
  

 Cite this work as:
 Gaussian 09, Revision E.01,
 M. J. Frisch, G. W. Trucks, H. B. Schlegel, G. E. Scuseria, 
 M. A. Robb, J. R. Cheeseman, G. Scalmani, V. Barone, B. Mennucci, 
 G. A. Petersson, H. Nakatsuji, M. Caricato, X. Li, H. P. Hratchian, 
 A. F. Izmaylov, J. Bloino, G. Zheng, J. L. Sonnenberg, M. Hada, 
 M. Ehara, K. Toyota, R. Fukuda, J. Hasegawa, M. Ishida, T. Nakajima, 
 Y. Honda, O. Kitao, H. Nakai, T. Vreven, J. A. Montgomery, Jr., 
 J. E. Peralta, F. Ogliaro, M. Bearpark, J. J. Heyd, E. Brothers, 
 K. N. Kudin, V. N. Staroverov, T. Keith, R. Kobayashi, J. Normand, 
 K. Raghavachari, A. Rendell, J. C. Burant, S. S. Iyengar, J. Tomasi, 
 M. Cossi, N. Rega, J. M. Millam, M. Klene, J. E. Knox, J. B. Cross, 
 V. Bakken, C. Adamo, J. Jaramillo, R. Gomperts, R. E. Stratmann, 
 O. Yazyev, A. J. Austin, R. Cammi, C. Pomelli, J. W. Ochterski, 
 R. L. Martin, K. Morokuma, V. G. Zakrzewski, G. A. Voth, 
 P. Salvador, J. J. Dannenberg, S. Dapprich, A. D. Daniels, 
 O. Farkas, J. B. Foresman, J. V. Ortiz, J. Cioslowski, 
 and D. J. Fox, Gaussian, Inc., Wallingford CT, 2013.
 
 ******************************************
 Gaussian 09:  ES64L-G09RevE.01 30-Nov-2015
                17-Feb-2017 
 ******************************************
 %chk=h12.chk
 ----------------------------------------------------------------------
 #rhf/gen scf(symm,tight,novaracc,noincfock,fulldiag) stable(crhf) gues
 s=read geom=nocrowd test
 ----------------------------------------------------------------------
 1/38=1/1;
 2/12=1,17=6,18=5,40=1/2;
 3/5=7,16=1,25=1,30=1,116=1/1,2,3;
 4/5=1,9=4/1;
 5/5=100002,15=2,16=1,32=2,38=6/2;
 8/6=1,10=90,11=11/1,4;
 9/8=4,13=1/2;
 6/7=2,8=2,9=2,10=2,28=1/1;
 99/5=1,9=1/99;
 ----------------------------------------------------------------------
 hf stability analysis of h12 triangular lattice, y= 0.6299221068523126
 5
 ----------------------------------------------------------------------
 Symbolic Z-matrix:
 Charge =  0 Multiplicity = 1
 H
 H                    1     1.11214 
 H                    1     1.11214  2     111. 
 H                    2     1.11214  1     69.      3     0.       0
 H                    2     1.11214  1     180.     3     0.       0
 H                    4     1.11214  3     180.     5     0.       0
 H                    6     1.11214  5     180.     3     0.       0
 H                    4     1.11214  2     180.     3     0.       0
 H                    3     1.11214  1     180.     4     0.       0
 H                    9     1.11214  3     180.     4     0.       0
 H                    8     1.11214  4     180.     3     0.       0
 H                    7     1.11214  6     180.     3     0.       0
 
                          Input orientation:                          
 ---------------------------------------------------------------------
 Center     Atomic      Atomic             Coordinates (Angstroms)
 Number     Number       Type             X           Y           Z
 ---------------------------------------------------------------------
      1          1           0        0.000000    0.000000    0.000000
      2          1           0        0.000000    0.000000    1.112138
      3          1           0        1.038271    0.000000   -0.398555
      4          1           0        1.038271    0.000000    0.713584
      5          1           0        0.000000    0.000000    2.224277
      6          1           0        1.038271    0.000000    1.825722
      7          1           0        2.076541    0.000000    1.427167
      8          1           0        2.076541    0.000000    0.315029
      9          1           0        2.076541    0.000000   -0.797109
     10          1           0        3.114812    0.000000   -1.195664
     11          1           0        3.114812    0.000000   -0.083526
     12          1           0        3.114812    0.000000    1.028612
 ---------------------------------------------------------------------
                    Distance matrix (angstroms):
                    1          2          3          4          5
     1  H    0.000000
     2  H    1.112138   0.000000
     3  H    1.112138   1.833085   0.000000
     4  H    1.259844   1.112138   1.112138   0.000000
     5  H    2.224277   1.112138   2.820860   1.833085   0.000000
     6  H    2.100302   1.259844   2.224277   1.112138   1.112138
     7  H    2.519688   2.100302   2.100302   1.259844   2.224277
     8  H    2.100302   2.224277   1.259844   1.112138   2.820860
     9  H    2.224277   2.820860   1.112138   1.833085   3.666169
    10  H    3.336415   3.876597   2.224277   2.820860   4.625802
    11  H    3.115931   3.336415   2.100302   2.224277   3.876597
    12  H    3.280259   3.115931   2.519688   2.100302   3.336415
                    6          7          8          9         10
     6  H    0.000000
     7  H    1.112138   0.000000
     8  H    1.833085   1.112138   0.000000
     9  H    2.820860   2.224277   1.112138   0.000000
    10  H    3.666169   2.820860   1.833085   1.112138   0.000000
    11  H    2.820860   1.833085   1.112138   1.259844   1.112138
    12  H    2.224277   1.112138   1.259844   2.100302   2.224277
                   11         12
    11  H    0.000000
    12  H    1.112138   0.000000
 Stoichiometry    H12
 Framework group  C2H[SGH(H12)]
 Deg. of freedom    11
 Full point group                 C2H     NOp   4
 Largest Abelian subgroup         C2H     NOp   4
 Largest concise Abelian subgroup C2      NOp   2
                         Standard orientation:                         
 ---------------------------------------------------------------------
 Center     Atomic      Atomic             Coordinates (Angstroms)
 Number     Number       Type             X           Y           Z
 ---------------------------------------------------------------------
      1          1           0        1.038271    1.269653   -0.000000
      2          1           0       -0.000000    1.668208    0.000000
      3          1           0        1.038271    0.157514   -0.000000
      4          1           0       -0.000000    0.556069    0.000000
      5          1           0       -1.038271    2.066762    0.000000
      6          1           0       -1.038271    0.954624    0.000000
      7          1           0       -1.038271   -0.157514   -0.000000
      8          1           0        0.000000   -0.556069    0.000000
      9          1           0        1.038271   -0.954624    0.000000
     10          1           0        1.038271   -2.066762    0.000000
     11          1           0        0.000000   -1.668208    0.000000
     12          1           0       -1.038271   -1.269653   -0.000000
 ---------------------------------------------------------------------
 Rotational constants (GHZ):     64.9663141     24.1911162     17.6273323
 General basis read from cards:  (5D, 7F)
 There are     6 symmetry adapted cartesian basis functions of AG  symmetry.
 There are     0 symmetry adapted cartesian basis functions of BG  symmetry.
 There are     0 symmetry adapted cartesian basis functions of AU  symmetry.
 There are     6 symmetry adapted cartesian basis functions of BU  symmetry.
 There are     6 symmetry adapted basis functions of AG  symmetry.
 There are     0 symmetry adapted basis functions of BG  symmetry.
 There are     0 symmetry adapted basis functions of AU  symmetry.
 There are     6 symmetry adapted basis functions of BU  symmetry.
    12 basis functions,   120 primitive gaussians,    12 cartesian basis functions
     6 alpha electrons        6 beta electrons
       nuclear repulsion energy        19.8700762260 Hartrees.
 NAtoms=   12 NActive=   12 NUniq=    6 SFac= 4.00D+00 NAtFMM=   60 NAOKFM=F Big=F
 Integral buffers will be    131072 words long.
 Regular integral format.
 Two-electron integral symmetry is turned on.
 One-electron integrals computed using PRISM.
 NBasis=    12 RedAO= T EigKep=  1.43D-01  NBF=     6     0     0     6
 NBsUse=    12 1.00D-06 EigRej= -1.00D+00 NBFU=     6     0     0     6
 Initial guess from the checkpoint file:  "h12.chk"
 B after Tr=     0.000000   -0.000000    0.000000
         Rot=    0.999999    0.000000    0.000000   -0.001518 Ang=  -0.17 deg.
 Initial guess orbital symmetries:
       Occupied  (AG) (BU) (BU) (AG) (BU) (BU)
       Virtual   (AG) (AG) (BU) (AG) (AG) (BU)
 Keep R1 ints in memory in symmetry-blocked form, NReq=903966.
 Requested convergence on RMS density matrix=1.00D-08 within 128 cycles.
 Requested convergence on MAX density matrix=1.00D-06.
 Requested convergence on             energy=1.00D-06.
 No special actions if energy rises.
 SCF Done:  E(RHF) =  -5.09729441677     A.U. after   11 cycles
            NFock= 11  Conv=0.17D-08     -V/T= 1.6883
 Range of M.O.s used for correlation:     1    12
 NBasis=    12 NAE=     6 NBE=     6 NFC=     0 NFV=     0
 NROrb=     12 NOA=     6 NOB=     6 NVA=     6 NVB=     6

 **** Warning!!: The smallest alpha delta epsilon is -0.15468059D+00

 Semi-Direct transformation.
 ModeAB=           4 MOrb=             6 LenV=     134084143
 LASXX=         2181 LTotXX=        2181 LenRXX=        5115
 LTotAB=        2934 MaxLAS=        3024 LenRXY=           0
 NonZer=        7296 LenScr=      655360 LnRSAI=        3024
 LnScr1=      655360 LExtra=           0 Total=      1318859
 MaxDsk=          -1 SrtSym=           T ITran=            3
 JobTyp=0 Pass  1:  I=   1 to   6.
 (rs|ai) integrals will be sorted in core.
 Spin components of T(2) and E(2):
     alpha-alpha T2 =       0.1567210506D-01 E2=     -0.1518053010D-01
     alpha-beta  T2 =       0.1181951604D+01 E2=     -0.1622673717D+00
     beta-beta   T2 =       0.1567210506D-01 E2=     -0.1518053010D-01
 ANorm=    0.1487714964D+01
 E2 =    -0.1926284319D+00 EUMP2 =    -0.52899228486953D+01
 Second order stability test of a single determinant RHF wave function:
 Stabil:  MDV=134217728
 ***********************************************************************
 Matrix         Lowest Root    Major Pairs
 ***********************************************************************
 Internal RHF    -0.3349814    6A=7A
 RRHF --> CRHF   -0.4038031    6A=7A
 RRHF --> RUHF   -0.5620717    6A=7B
 Not stable.
 ***********************************************************************

 **********************************************************************

            Population analysis using the SCF density.

 **********************************************************************

 Orbital symmetries:
       Occupied  (AG) (BU) (BU) (AG) (BU) (BU)
       Virtual   (AG) (AG) (BU) (AG) (AG) (BU)
 The electronic state is 1-AG.
 Alpha  occ. eigenvalues --   -0.91411  -0.73773  -0.59995  -0.51237  -0.21444
 Alpha  occ. eigenvalues --   -0.04029
 Alpha virt. eigenvalues --   -0.19497   0.08803   0.30926   0.34644   0.59054
 Alpha virt. eigenvalues --    0.76111
          Condensed to atoms (all electrons):
               1          2          3          4          5          6
     1  H    0.625114   0.261996  -0.218929   0.019507  -0.077622  -0.059555
     2  H    0.261996   1.282158  -0.256677  -0.466859   0.227200  -0.207064
     3  H   -0.218929  -0.256677   1.792082   0.443619   0.023304   0.051274
     4  H    0.019507  -0.466859   0.443619   1.635120  -0.177441   0.509208
     5  H   -0.077622   0.227200   0.023304  -0.177441   1.262855   0.024846
     6  H   -0.059555  -0.207064   0.051274   0.509208   0.024846   0.954748
     7  H    0.055268   0.109725  -0.259177  -0.164524  -0.124760  -0.250535
     8  H    0.016990   0.096801  -0.164524  -0.622364   0.025356  -0.254203
     9  H    0.055347   0.057062  -0.250535  -0.254203   0.005165  -0.060204
    10  H    0.016007   0.003080  -0.124760   0.025356  -0.003063   0.005165
    11  H   -0.023754  -0.023496   0.109725   0.096801   0.003080   0.057062
    12  H   -0.023440  -0.023754   0.055268   0.016990   0.016007   0.055347
               7          8          9         10         11         12
     1  H    0.055268   0.016990   0.055347   0.016007  -0.023754  -0.023440
     2  H    0.109725   0.096801   0.057062   0.003080  -0.023496  -0.023754
     3  H   -0.259177  -0.164524  -0.250535  -0.124760   0.109725   0.055268
     4  H   -0.164524  -0.622364  -0.254203   0.025356   0.096801   0.016990
     5  H   -0.124760   0.025356   0.005165  -0.003063   0.003080   0.016007
     6  H   -0.250535  -0.254203  -0.060204   0.005165   0.057062   0.055347
     7  H    1.792082   0.443619   0.051274   0.023304  -0.256677  -0.218929
     8  H    0.443619   1.635120   0.509208  -0.177441  -0.466859   0.019507
     9  H    0.051274   0.509208   0.954748   0.024846  -0.207064  -0.059555
    10  H    0.023304  -0.177441   0.024846   1.262855   0.227200  -0.077622
    11  H   -0.256677  -0.466859  -0.207064   0.227200   1.282158   0.261996
    12  H   -0.218929   0.019507  -0.059555  -0.077622   0.261996   0.625114
 Mulliken charges:
               1
     1  H    0.353071
     2  H   -0.060173
     3  H   -0.200671
     4  H   -0.061209
     5  H   -0.204928
     6  H    0.173910
     7  H   -0.200671
     8  H   -0.061209
     9  H    0.173910
    10  H   -0.204928
    11  H   -0.060173
    12  H    0.353071
 Sum of Mulliken charges =  -0.00000
 Mulliken charges with hydrogens summed into heavy atoms:
               1
 Electronic spatial extent (au):  <R**2>=            141.7525
 Charge=             -0.0000 electrons
 Dipole moment (field-independent basis, Debye):
    X=             -0.0000    Y=              0.0000    Z=             -0.0000  Tot=              0.0000
 Quadrupole moment (field-independent basis, Debye-Ang):
   XX=            -13.8153   YY=            -25.6021   ZZ=            -14.6049
   XY=              7.3971   XZ=              0.0000   YZ=             -0.0000
 Traceless Quadrupole moment (field-independent basis, Debye-Ang):
   XX=              4.1921   YY=             -7.5947   ZZ=              3.4025
   XY=              7.3971   XZ=              0.0000   YZ=             -0.0000
 Octapole moment (field-independent basis, Debye-Ang**2):
  XXX=              0.0000  YYY=              0.0000  ZZZ=             -0.0000  XYY=             -0.0000
  XXY=              0.0000  XXZ=             -0.0000  XZZ=             -0.0000  YZZ=              0.0000
  YYZ=             -0.0000  XYZ=              0.0000
 Hexadecapole moment (field-independent basis, Debye-Ang**3):
 XXXX=            -78.9866 YYYY=           -265.3574 ZZZZ=            -16.9994 XXXY=             26.9789
 XXXZ=              0.0000 YYYX=             50.2046 YYYZ=             -0.0000 ZZZX=              0.0000
 ZZZY=             -0.0000 XXYY=            -50.1277 XXZZ=            -16.4105 YYZZ=            -34.4713
 XXYZ=             -0.0000 YYXZ=              0.0000 ZZXY=              6.2464
 N-N= 1.987007622599D+01 E-N=-5.130298805455D+01  KE= 7.406020471329D+00
 Symmetry AG   KE= 1.568485455339D+00
 Symmetry BG   KE= 0.000000000000D+00
 Symmetry AU   KE= 0.000000000000D+00
 Symmetry BU   KE= 5.837535015990D+00

 Test job not archived.
 1\1\GINC-SULU\Stability\RHF\Gen\H12\LCJ1\17-Feb-2017\0\\#rhf/gen scf(s
 ymm,tight,novaracc,noincfock,fulldiag) stable(crhf) guess=read geom=no
 crowd test\\hf stability analysis of h12 triangular lattice, y= 0.6299
 2210685231265\\0,1\H\H,1,1.1121383389\H,1,1.1121383389,2,111.\H,2,1.11
 21383389,1,69.,3,0.,0\H,2,1.1121383389,1,180.,3,0.,0\H,4,1.1121383389,
 3,180.,5,0.,0\H,6,1.1121383389,5,180.,3,0.,0\H,4,1.1121383389,2,180.,3
 ,0.,0\H,3,1.1121383389,1,180.,4,0.,0\H,9,1.1121383389,3,180.,4,0.,0\H,
 8,1.1121383389,4,180.,3,0.,0\H,7,1.1121383389,6,180.,3,0.,0\\Version=E
 S64L-G09RevE.01\State=1-AG\HF=-5.0972944\MP2=-5.2899228\RMSD=1.673e-09
 \Dipole=0.,0.,0.\Quadrupole=-0.8411005,2.5296941,-1.6885936,0.,7.01881
 93,0.\PG=C02H [SGH(H12)]\\@


 WHAT, THEN, IS TIME?  IF NO ONE ASKS ME, I KNOW WHAT IT IS.
 IF I WISH TO EXPLAIN WHAT IT IS TO HIM WHO ASKS ME, I DO NOT KNOW.
                                   -- ST. AUGUSTINE (FIFTH CENTURY)
 Job cpu time:       0 days  0 hours  0 minutes  1.1 seconds.
 File lengths (MBytes):  RWF=     84 Int=      0 D2E=      0 Chk=      2 Scr=      2
 Normal termination of Gaussian 09 at Fri Feb 17 14:58:25 2017.
