 Entering Gaussian System, Link 0=g09
 AtFile(1): H.gbs
            H     0
            S   10   1.00
               1000.000000000000            0.000068713567
                316.227766000000            0.000169141320
                100.000000000000            0.000823394812
                 31.622776600000            0.003425569236
                 10.000000000000            0.013951996000
                  3.162277660000            0.056909313560
                  1.000000000000            0.198286399900
                  0.316227766000            0.496922426700
                  0.100000000000            0.369846276400
                  0.031622776600            0.003752720039
            ****
 Initial command:
 /projects/guscus/apps/gau/g09-e1/g09/l1.exe "/users/lcj1/gaussian/h12/rhfstability/rect/guess/ag2bu4/Gau-11994.inp" -scrdir="/users/lcj1/gaussian/h12/rhfstability/rect/guess/ag2bu4/"
 Entering Link 1 = /projects/guscus/apps/gau/g09-e1/g09/l1.exe PID=     11995.
  
 Copyright (c) 1988,1990,1992,1993,1995,1998,2003,2009,2015,
            Gaussian, Inc.  All Rights Reserved.
  
 This is part of the Gaussian(R) 09 program.  It is based on
 the Gaussian(R) 03 system (copyright 2003, Gaussian, Inc.),
 the Gaussian(R) 98 system (copyright 1998, Gaussian, Inc.),
 the Gaussian(R) 94 system (copyright 1995, Gaussian, Inc.),
 the Gaussian 92(TM) system (copyright 1992, Gaussian, Inc.),
 the Gaussian 90(TM) system (copyright 1990, Gaussian, Inc.),
 the Gaussian 88(TM) system (copyright 1988, Gaussian, Inc.),
 the Gaussian 86(TM) system (copyright 1986, Carnegie Mellon
 University), and the Gaussian 82(TM) system (copyright 1983,
 Carnegie Mellon University). Gaussian is a federally registered
 trademark of Gaussian, Inc.
  
 This software contains proprietary and confidential information,
 including trade secrets, belonging to Gaussian, Inc.
  
 This software is provided under written license and may be
 used, copied, transmitted, or stored only in accord with that
 written license.
  
 The following legend is applicable only to US Government
 contracts under FAR:
  
                    RESTRICTED RIGHTS LEGEND
  
 Use, reproduction and disclosure by the US Government is
 subject to restrictions as set forth in subparagraphs (a)
 and (c) of the Commercial Computer Software - Restricted
 Rights clause in FAR 52.227-19.
  
 Gaussian, Inc.
 340 Quinnipiac St., Bldg. 40, Wallingford CT 06492
  
  
 ---------------------------------------------------------------
 Warning -- This program may not be used in any manner that
 competes with the business of Gaussian, Inc. or will provide
 assistance to any competitor of Gaussian, Inc.  The licensee
 of this program is prohibited from giving any competitor of
 Gaussian, Inc. access to this program.  By using this program,
 the user acknowledges that Gaussian, Inc. is engaged in the
 business of creating and licensing software in the field of
 computational chemistry and represents and warrants to the
 licensee that it is not a competitor of Gaussian, Inc. and that
 it will not use this program in any manner prohibited above.
 ---------------------------------------------------------------
  

 Cite this work as:
 Gaussian 09, Revision E.01,
 M. J. Frisch, G. W. Trucks, H. B. Schlegel, G. E. Scuseria, 
 M. A. Robb, J. R. Cheeseman, G. Scalmani, V. Barone, B. Mennucci, 
 G. A. Petersson, H. Nakatsuji, M. Caricato, X. Li, H. P. Hratchian, 
 A. F. Izmaylov, J. Bloino, G. Zheng, J. L. Sonnenberg, M. Hada, 
 M. Ehara, K. Toyota, R. Fukuda, J. Hasegawa, M. Ishida, T. Nakajima, 
 Y. Honda, O. Kitao, H. Nakai, T. Vreven, J. A. Montgomery, Jr., 
 J. E. Peralta, F. Ogliaro, M. Bearpark, J. J. Heyd, E. Brothers, 
 K. N. Kudin, V. N. Staroverov, T. Keith, R. Kobayashi, J. Normand, 
 K. Raghavachari, A. Rendell, J. C. Burant, S. S. Iyengar, J. Tomasi, 
 M. Cossi, N. Rega, J. M. Millam, M. Klene, J. E. Knox, J. B. Cross, 
 V. Bakken, C. Adamo, J. Jaramillo, R. Gomperts, R. E. Stratmann, 
 O. Yazyev, A. J. Austin, R. Cammi, C. Pomelli, J. W. Ochterski, 
 R. L. Martin, K. Morokuma, V. G. Zakrzewski, G. A. Voth, 
 P. Salvador, J. J. Dannenberg, S. Dapprich, A. D. Daniels, 
 O. Farkas, J. B. Foresman, J. V. Ortiz, J. Cioslowski, 
 and D. J. Fox, Gaussian, Inc., Wallingford CT, 2013.
 
 ******************************************
 Gaussian 09:  ES64L-G09RevE.01 30-Nov-2015
                17-Feb-2017 
 ******************************************
 %chk=h12.chk
 ----------------------------------------------------------------------
 #rhf/gen scf(symm,tight,novaracc,noincfock,fulldiag) stable(crhf) gues
 s=read geom=nocrowd test
 ----------------------------------------------------------------------
 1/38=1/1;
 2/12=1,17=6,18=5,40=1/2;
 3/5=7,16=1,25=1,30=1,116=1/1,2,3;
 4/5=1,9=4/1;
 5/5=100002,15=2,16=1,32=2,38=6/2;
 8/6=1,10=90,11=11/1,4;
 9/8=4,13=1/2;
 6/7=2,8=2,9=2,10=2,28=1/1;
 99/5=1,9=1/99;
 ----------------------------------------------------------------------
 hf stability analysis of h12 triangular lattice, y= 2.2510753219802888
 ----------------------------------------------------------------------
 Symbolic Z-matrix:
 Charge =  0 Multiplicity = 1
 H
 H                    1     2.26564 
 H                    1     2.26564  2     13. 
 H                    2     2.26564  1     167.     3     0.       0
 H                    2     2.26564  1     180.     3     0.       0
 H                    4     2.26564  3     180.     5     0.       0
 H                    6     2.26564  5     180.     3     0.       0
 H                    4     2.26564  2     180.     3     0.       0
 H                    3     2.26564  1     180.     4     0.       0
 H                    9     2.26564  3     180.     4     0.       0
 H                    8     2.26564  4     180.     3     0.       0
 H                    7     2.26564  6     180.     3     0.       0
 
                          Input orientation:                          
 ---------------------------------------------------------------------
 Center     Atomic      Atomic             Coordinates (Angstroms)
 Number     Number       Type             X           Y           Z
 ---------------------------------------------------------------------
      1          1           0        0.000000    0.000000    0.000000
      2          1           0        0.000000    0.000000    2.265639
      3          1           0        0.509658    0.000000    2.207571
      4          1           0        0.509658    0.000000    4.473210
      5          1           0        0.000000    0.000000    4.531278
      6          1           0        0.509658    0.000000    6.738849
      7          1           0        1.019316    0.000000    8.946420
      8          1           0        1.019316    0.000000    6.680781
      9          1           0        1.019316    0.000000    4.415142
     10          1           0        1.528974    0.000000    6.622713
     11          1           0        1.528974    0.000000    8.888352
     12          1           0        1.528974    0.000000   11.153991
 ---------------------------------------------------------------------
                    Distance matrix (angstroms):
                    1          2          3          4          5
     1  H    0.000000
     2  H    2.265639   0.000000
     3  H    2.265639   0.512955   0.000000
     4  H    4.502151   2.265639   2.265639   0.000000
     5  H    4.531278   2.265639   2.378942   0.512955   0.000000
     6  H    6.758095   4.502151   4.531278   2.265639   2.265639
     7  H    9.004301   6.758095   6.758095   4.502151   4.531278
     8  H    6.758095   4.531278   4.502151   2.265639   2.378942
     9  H    4.531278   2.378942   2.265639   0.512955   1.025911
    10  H    6.796918   4.617559   4.531278   2.378942   2.590726
    11  H    9.018900   6.796918   6.758095   4.531278   4.617559
    12  H   11.258298   9.018900   9.004301   6.758095   6.796918
                    6          7          8          9         10
     6  H    0.000000
     7  H    2.265639   0.000000
     8  H    0.512955   2.265639   0.000000
     9  H    2.378942   4.531278   2.265639   0.000000
    10  H    1.025911   2.378942   0.512955   2.265639   0.000000
    11  H    2.378942   0.512955   2.265639   4.502151   2.265639
    12  H    4.531278   2.265639   4.502151   6.758095   4.531278
                   11         12
    11  H    0.000000
    12  H    2.265639   0.000000
 Stoichiometry    H12
 Framework group  C2H[SGH(H12)]
 Deg. of freedom    11
 Full point group                 C2H     NOp   4
 Largest Abelian subgroup         C2H     NOp   4
 Largest concise Abelian subgroup C2      NOp   2
                         Standard orientation:                         
 ---------------------------------------------------------------------
 Center     Atomic      Atomic             Coordinates (Angstroms)
 Number     Number       Type             X           Y           Z
 ---------------------------------------------------------------------
      1          1           0        0.509658    5.606030   -0.000000
      2          1           0        0.000000    3.398459   -0.000000
      3          1           0        0.509658    3.340391   -0.000000
      4          1           0        0.000000    1.132820   -0.000000
      5          1           0       -0.509658    1.190888   -0.000000
      6          1           0       -0.509658   -1.074751    0.000000
      7          1           0       -0.509658   -3.340391   -0.000000
      8          1           0       -0.000000   -1.132820   -0.000000
      9          1           0        0.509658    1.074751    0.000000
     10          1           0        0.509658   -1.190888   -0.000000
     11          1           0       -0.000000   -3.398459   -0.000000
     12          1           0       -0.509658   -5.606030   -0.000000
 ---------------------------------------------------------------------
 Rotational constants (GHZ):    365.7191945      4.2973039      4.2473958
 General basis read from cards:  (5D, 7F)
 There are     6 symmetry adapted cartesian basis functions of AG  symmetry.
 There are     0 symmetry adapted cartesian basis functions of BG  symmetry.
 There are     0 symmetry adapted cartesian basis functions of AU  symmetry.
 There are     6 symmetry adapted cartesian basis functions of BU  symmetry.
 There are     6 symmetry adapted basis functions of AG  symmetry.
 There are     0 symmetry adapted basis functions of BG  symmetry.
 There are     0 symmetry adapted basis functions of AU  symmetry.
 There are     6 symmetry adapted basis functions of BU  symmetry.
    12 basis functions,   120 primitive gaussians,    12 cartesian basis functions
     6 alpha electrons        6 beta electrons
       nuclear repulsion energy        16.1191968373 Hartrees.
 NAtoms=   12 NActive=   12 NUniq=    6 SFac= 4.00D+00 NAtFMM=   60 NAOKFM=F Big=F
 Integral buffers will be    131072 words long.
 Regular integral format.
 Two-electron integral symmetry is turned on.
 One-electron integrals computed using PRISM.
 NBasis=    12 RedAO= T EigKep=  3.91D-02  NBF=     6     0     0     6
 NBsUse=    12 1.00D-06 EigRej= -1.00D+00 NBFU=     6     0     0     6
 Initial guess from the checkpoint file:  "h12.chk"
 B after Tr=    -0.000000   -0.000000   -0.000000
         Rot=    0.999999    0.000000   -0.000000   -0.001518 Ang=  -0.17 deg.
 Initial guess orbital symmetries:
       Occupied  (AG) (BU) (AG) (BU) (BU) (BU)
       Virtual   (AG) (AG) (BU) (AG) (AG) (BU)
 Keep R1 ints in memory in symmetry-blocked form, NReq=893158.
 Requested convergence on RMS density matrix=1.00D-08 within 128 cycles.
 Requested convergence on MAX density matrix=1.00D-06.
 Requested convergence on             energy=1.00D-06.
 No special actions if energy rises.
 SCF Done:  E(RHF) =  -4.78178220464     A.U. after    6 cycles
            NFock=  6  Conv=0.27D-08     -V/T= 1.7357
 Range of M.O.s used for correlation:     1    12
 NBasis=    12 NAE=     6 NBE=     6 NFC=     0 NFV=     0
 NROrb=     12 NOA=     6 NOB=     6 NVA=     6 NVB=     6

 **** Warning!!: The smallest alpha delta epsilon is  0.46999734D-01

 Semi-Direct transformation.
 ModeAB=           4 MOrb=             6 LenV=     134096239
 LASXX=         2181 LTotXX=        2181 LenRXX=        5115
 LTotAB=        2934 MaxLAS=        3024 LenRXY=           0
 NonZer=        7296 LenScr=      655360 LnRSAI=        3024
 LnScr1=      655360 LExtra=           0 Total=      1318859
 MaxDsk=          -1 SrtSym=           T ITran=            3
 JobTyp=0 Pass  1:  I=   1 to   6.
 (rs|ai) integrals will be sorted in core.
 Spin components of T(2) and E(2):
     alpha-alpha T2 =       0.4686410395D-02 E2=     -0.3908785619D-02
     alpha-beta  T2 =       0.9714259797D+01 E2=     -0.9860127639D+00
     beta-beta   T2 =       0.4686410395D-02 E2=     -0.3908785619D-02
 ANorm=    0.3274695805D+01
 E2 =    -0.9938303352D+00 EUMP2 =    -0.57756125398174D+01
 Second order stability test of a single determinant RHF wave function:
 Stabil:  MDV=134217728
 ***********************************************************************
 Matrix         Lowest Root    Major Pairs
 ***********************************************************************
 Internal RHF    -0.0324946    5A=7A
 RRHF --> CRHF   -0.0325264    5A=7A
 RRHF --> RUHF   -0.5832238    6A=7B
 Not stable.
 ***********************************************************************

 **********************************************************************

            Population analysis using the SCF density.

 **********************************************************************

 Orbital symmetries:
       Occupied  (AG) (BU) (AG) (BU) (BU) (BU)
       Virtual   (AG) (AG) (BU) (AG) (AG) (BU)
 The electronic state is 1-AG.
 Alpha  occ. eigenvalues --   -0.92375  -0.90004  -0.71306  -0.71273  -0.22466
 Alpha  occ. eigenvalues --   -0.20516
 Alpha virt. eigenvalues --   -0.15816   0.05583   0.59950   0.60248   1.33594
 Alpha virt. eigenvalues --    1.46432
          Condensed to atoms (all electrons):
               1          2          3          4          5          6
     1  H    1.028384  -0.014818  -0.014769   0.000118   0.000022  -0.000000
     2  H   -0.014818   0.565509   0.481895  -0.017820   0.004047   0.000419
     3  H   -0.014769   0.481895   0.562705  -0.017756  -0.014424  -0.000306
     4  H    0.000118  -0.017820  -0.017756   1.249160   0.183384  -0.010419
     5  H    0.000022   0.004047  -0.014424   0.183384   1.160719   0.179335
     6  H   -0.000000   0.000419  -0.000306  -0.010419   0.179335   1.205790
     7  H    0.000000  -0.000001  -0.000001   0.000089   0.000367   0.003646
     8  H   -0.000002   0.000084   0.000089  -0.019824  -0.005509   0.189395
     9  H    0.000028  -0.015130   0.003646   0.189395  -0.666920  -0.163047
    10  H   -0.000000  -0.000280   0.000367  -0.005509  -0.118745  -0.666920
    11  H    0.000000  -0.000001  -0.000001   0.000084  -0.000280  -0.015130
    12  H   -0.000000   0.000000   0.000000  -0.000002  -0.000000   0.000028
               7          8          9         10         11         12
     1  H    0.000000  -0.000002   0.000028  -0.000000   0.000000  -0.000000
     2  H   -0.000001   0.000084  -0.015130  -0.000280  -0.000001   0.000000
     3  H   -0.000001   0.000089   0.003646   0.000367  -0.000001   0.000000
     4  H    0.000089  -0.019824   0.189395  -0.005509   0.000084  -0.000002
     5  H    0.000367  -0.005509  -0.666920  -0.118745  -0.000280  -0.000000
     6  H    0.003646   0.189395  -0.163047  -0.666920  -0.015130   0.000028
     7  H    0.562705  -0.017756  -0.000306  -0.014424   0.481895  -0.014769
     8  H   -0.017756   1.249160  -0.010419   0.183384  -0.017820   0.000118
     9  H   -0.000306  -0.010419   1.205790   0.179335   0.000419  -0.000000
    10  H   -0.014424   0.183384   0.179335   1.160719   0.004047   0.000022
    11  H    0.481895  -0.017820   0.000419   0.004047   0.565509  -0.014818
    12  H   -0.014769   0.000118  -0.000000   0.000022  -0.014818   1.028384
 Mulliken charges:
               1
     1  H    0.001037
     2  H   -0.003903
     3  H   -0.001446
     4  H   -0.550902
     5  H    0.278005
     6  H    0.277209
     7  H   -0.001446
     8  H   -0.550902
     9  H    0.277209
    10  H    0.278005
    11  H   -0.003903
    12  H    0.001037
 Sum of Mulliken charges =   0.00000
 Mulliken charges with hydrogens summed into heavy atoms:
               1
 Electronic spatial extent (au):  <R**2>=            458.2413
 Charge=              0.0000 electrons
 Dipole moment (field-independent basis, Debye):
    X=              0.0000    Y=             -0.0000    Z=              0.0000  Tot=              0.0000
 Quadrupole moment (field-independent basis, Debye-Ang):
   XX=            -16.6362   YY=            -17.1163   ZZ=            -15.5229
   XY=             -0.2756   XZ=              0.0000   YZ=              0.0000
 Traceless Quadrupole moment (field-independent basis, Debye-Ang):
   XX=             -0.2111   YY=             -0.6912   ZZ=              0.9023
   XY=             -0.2756   XZ=              0.0000   YZ=              0.0000
 Octapole moment (field-independent basis, Debye-Ang**2):
  XXX=              0.0000  YYY=              0.0000  ZZZ=              0.0000  XYY=              0.0000
  XXY=             -0.0000  XXZ=              0.0000  XZZ=              0.0000  YZZ=             -0.0000
  YYZ=              0.0000  XYZ=             -0.0000
 Hexadecapole moment (field-independent basis, Debye-Ang**3):
 XXXX=            -38.8191 YYYY=          -1049.6317 ZZZZ=            -18.9341 XXXY=            -35.2968
 XXXZ=              0.0000 YYYX=            -47.2436 YYYZ=              0.0000 ZZZX=              0.0000
 ZZZY=              0.0000 XXYY=           -161.8134 XXZZ=             -9.5841 YYZZ=           -161.4090
 XXYZ=              0.0000 YYXZ=              0.0000 ZZXY=            -12.1153
 N-N= 1.611919683728D+01 E-N=-4.094304846027D+01  KE= 6.499866149338D+00
 Symmetry AG   KE= 1.688774813808D+00
 Symmetry BG   KE= 0.000000000000D+00
 Symmetry AU   KE= 0.000000000000D+00
 Symmetry BU   KE= 4.811091335530D+00

 Test job not archived.
 1\1\GINC-SULU\Stability\RHF\Gen\H12\LCJ1\17-Feb-2017\0\\#rhf/gen scf(s
 ymm,tight,novaracc,noincfock,fulldiag) stable(crhf) guess=read geom=no
 crowd test\\hf stability analysis of h12 triangular lattice, y= 2.2510
 753219802888\\0,1\H\H,1,2.2656391671\H,1,2.2656391671,2,13.\H,2,2.2656
 391671,1,167.,3,0.,0\H,2,2.2656391671,1,180.,3,0.,0\H,4,2.2656391671,3
 ,180.,5,0.,0\H,6,2.2656391671,5,180.,3,0.,0\H,4,2.2656391671,2,180.,3,
 0.,0\H,3,2.2656391671,1,180.,4,0.,0\H,9,2.2656391671,3,180.,4,0.,0\H,8
 ,2.2656391671,4,180.,3,0.,0\H,7,2.2656391671,6,180.,3,0.,0\\Version=ES
 64L-G09RevE.01\State=1-AG\HF=-4.7817822\MP2=-5.7756125\RMSD=2.747e-09\
 Dipole=0.,0.,0.\Quadrupole=-0.0851687,0.6708112,-0.5856425,0.,0.105945
 7,0.\PG=C02H [SGH(H12)]\\@


 BRING ME INTO THE COMPANY OF THOSE WHO SEEK TRUTH,
 AND DELIVER ME FROM THOSE WHO HAVE FOUND IT.
 Job cpu time:       0 days  0 hours  0 minutes  0.9 seconds.
 File lengths (MBytes):  RWF=     84 Int=      0 D2E=      0 Chk=      2 Scr=      2
 Normal termination of Gaussian 09 at Fri Feb 17 15:08:28 2017.
