 Entering Gaussian System, Link 0=g09
 AtFile(1): H.gbs
            H     0
            S   10   1.00
               1000.000000000000            0.000068713567
                316.227766000000            0.000169141320
                100.000000000000            0.000823394812
                 31.622776600000            0.003425569236
                 10.000000000000            0.013951996000
                  3.162277660000            0.056909313560
                  1.000000000000            0.198286399900
                  0.316227766000            0.496922426700
                  0.100000000000            0.369846276400
                  0.031622776600            0.003752720039
            ****
 Initial command:
 /projects/guscus/apps/gau/g09-e1/g09/l1.exe "/users/lcj1/gaussian/h12/rhfstability/rect/guess/ag2bu4/Gau-10680.inp" -scrdir="/users/lcj1/gaussian/h12/rhfstability/rect/guess/ag2bu4/"
 Entering Link 1 = /projects/guscus/apps/gau/g09-e1/g09/l1.exe PID=     10681.
  
 Copyright (c) 1988,1990,1992,1993,1995,1998,2003,2009,2015,
            Gaussian, Inc.  All Rights Reserved.
  
 This is part of the Gaussian(R) 09 program.  It is based on
 the Gaussian(R) 03 system (copyright 2003, Gaussian, Inc.),
 the Gaussian(R) 98 system (copyright 1998, Gaussian, Inc.),
 the Gaussian(R) 94 system (copyright 1995, Gaussian, Inc.),
 the Gaussian 92(TM) system (copyright 1992, Gaussian, Inc.),
 the Gaussian 90(TM) system (copyright 1990, Gaussian, Inc.),
 the Gaussian 88(TM) system (copyright 1988, Gaussian, Inc.),
 the Gaussian 86(TM) system (copyright 1986, Carnegie Mellon
 University), and the Gaussian 82(TM) system (copyright 1983,
 Carnegie Mellon University). Gaussian is a federally registered
 trademark of Gaussian, Inc.
  
 This software contains proprietary and confidential information,
 including trade secrets, belonging to Gaussian, Inc.
  
 This software is provided under written license and may be
 used, copied, transmitted, or stored only in accord with that
 written license.
  
 The following legend is applicable only to US Government
 contracts under FAR:
  
                    RESTRICTED RIGHTS LEGEND
  
 Use, reproduction and disclosure by the US Government is
 subject to restrictions as set forth in subparagraphs (a)
 and (c) of the Commercial Computer Software - Restricted
 Rights clause in FAR 52.227-19.
  
 Gaussian, Inc.
 340 Quinnipiac St., Bldg. 40, Wallingford CT 06492
  
  
 ---------------------------------------------------------------
 Warning -- This program may not be used in any manner that
 competes with the business of Gaussian, Inc. or will provide
 assistance to any competitor of Gaussian, Inc.  The licensee
 of this program is prohibited from giving any competitor of
 Gaussian, Inc. access to this program.  By using this program,
 the user acknowledges that Gaussian, Inc. is engaged in the
 business of creating and licensing software in the field of
 computational chemistry and represents and warrants to the
 licensee that it is not a competitor of Gaussian, Inc. and that
 it will not use this program in any manner prohibited above.
 ---------------------------------------------------------------
  

 Cite this work as:
 Gaussian 09, Revision E.01,
 M. J. Frisch, G. W. Trucks, H. B. Schlegel, G. E. Scuseria, 
 M. A. Robb, J. R. Cheeseman, G. Scalmani, V. Barone, B. Mennucci, 
 G. A. Petersson, H. Nakatsuji, M. Caricato, X. Li, H. P. Hratchian, 
 A. F. Izmaylov, J. Bloino, G. Zheng, J. L. Sonnenberg, M. Hada, 
 M. Ehara, K. Toyota, R. Fukuda, J. Hasegawa, M. Ishida, T. Nakajima, 
 Y. Honda, O. Kitao, H. Nakai, T. Vreven, J. A. Montgomery, Jr., 
 J. E. Peralta, F. Ogliaro, M. Bearpark, J. J. Heyd, E. Brothers, 
 K. N. Kudin, V. N. Staroverov, T. Keith, R. Kobayashi, J. Normand, 
 K. Raghavachari, A. Rendell, J. C. Burant, S. S. Iyengar, J. Tomasi, 
 M. Cossi, N. Rega, J. M. Millam, M. Klene, J. E. Knox, J. B. Cross, 
 V. Bakken, C. Adamo, J. Jaramillo, R. Gomperts, R. E. Stratmann, 
 O. Yazyev, A. J. Austin, R. Cammi, C. Pomelli, J. W. Ochterski, 
 R. L. Martin, K. Morokuma, V. G. Zakrzewski, G. A. Voth, 
 P. Salvador, J. J. Dannenberg, S. Dapprich, A. D. Daniels, 
 O. Farkas, J. B. Foresman, J. V. Ortiz, J. Cioslowski, 
 and D. J. Fox, Gaussian, Inc., Wallingford CT, 2013.
 
 ******************************************
 Gaussian 09:  ES64L-G09RevE.01 30-Nov-2015
                17-Feb-2017 
 ******************************************
 %chk=h12.chk
 ----------------------------------------------------------------------
 #rhf/gen scf(symm,tight,novaracc,noincfock,fulldiag) stable(crhf) gues
 s=read geom=nocrowd test
 ----------------------------------------------------------------------
 1/38=1/1;
 2/12=1,17=6,18=5,40=1/2;
 3/5=7,16=1,25=1,30=1,116=1/1,2,3;
 4/5=1,9=4/1;
 5/5=100002,15=2,16=1,32=2,38=6/2;
 8/6=1,10=90,11=11/1,4;
 9/8=4,13=1/2;
 6/7=2,8=2,9=2,10=2,28=1/1;
 99/5=1,9=1/99;
 ----------------------------------------------------------------------
 hf stability analysis of h12 triangular lattice, y= 1.8828341599932619
 ----------------------------------------------------------------------
 Symbolic Z-matrix:
 Charge =  0 Multiplicity = 1
 H
 H                    1     1.90764 
 H                    1     1.90764  2     18.5 
 H                    2     1.90764  1     161.5    3     0.       0
 H                    2     1.90764  1     180.     3     0.       0
 H                    4     1.90764  3     180.     5     0.       0
 H                    6     1.90764  5     180.     3     0.       0
 H                    4     1.90764  2     180.     3     0.       0
 H                    3     1.90764  1     180.     4     0.       0
 H                    9     1.90764  3     180.     4     0.       0
 H                    8     1.90764  4     180.     3     0.       0
 H                    7     1.90764  6     180.     3     0.       0
 
                          Input orientation:                          
 ---------------------------------------------------------------------
 Center     Atomic      Atomic             Coordinates (Angstroms)
 Number     Number       Type             X           Y           Z
 ---------------------------------------------------------------------
      1          1           0        0.000000    0.000000    0.000000
      2          1           0        0.000000    0.000000    1.907640
      3          1           0        0.605303    0.000000    1.809061
      4          1           0        0.605303    0.000000    3.716701
      5          1           0        0.000000    0.000000    3.815281
      6          1           0        0.605303    0.000000    5.624341
      7          1           0        1.210606    0.000000    7.433402
      8          1           0        1.210606    0.000000    5.525761
      9          1           0        1.210606    0.000000    3.618121
     10          1           0        1.815910    0.000000    5.427182
     11          1           0        1.815910    0.000000    7.334822
     12          1           0        1.815910    0.000000    9.242462
 ---------------------------------------------------------------------
                    Distance matrix (angstroms):
                    1          2          3          4          5
     1  H    0.000000
     2  H    1.907640   0.000000
     3  H    1.907640   0.613278   0.000000
     4  H    3.765668   1.907640   1.907640   0.000000
     5  H    3.815281   1.907640   2.095546   0.613278   0.000000
     6  H    5.656820   3.765668   3.815281   1.907640   1.907640
     7  H    7.531337   5.656820   5.656820   3.765668   3.815281
     8  H    5.656820   3.815281   3.765668   1.907640   2.095546
     9  H    3.815281   2.095546   1.907640   0.613278   1.226556
    10  H    5.722921   3.960391   3.815281   2.095546   2.428117
    11  H    7.556265   5.722921   5.656820   3.815281   3.960391
    12  H    9.419163   7.556265   7.531337   5.656820   5.722921
                    6          7          8          9         10
     6  H    0.000000
     7  H    1.907640   0.000000
     8  H    0.613278   1.907640   0.000000
     9  H    2.095546   3.815281   1.907640   0.000000
    10  H    1.226556   2.095546   0.613278   1.907640   0.000000
    11  H    2.095546   0.613278   1.907640   3.765668   1.907640
    12  H    3.815281   1.907640   3.765668   5.656820   3.815281
                   11         12
    11  H    0.000000
    12  H    1.907640   0.000000
 Stoichiometry    H12
 Framework group  C2H[SGH(H12)]
 Deg. of freedom    11
 Full point group                 C2H     NOp   4
 Largest Abelian subgroup         C2H     NOp   4
 Largest concise Abelian subgroup C2      NOp   2
                         Standard orientation:                         
 ---------------------------------------------------------------------
 Center     Atomic      Atomic             Coordinates (Angstroms)
 Number     Number       Type             X           Y           Z
 ---------------------------------------------------------------------
      1          1           0        0.605303    4.670521   -0.000000
      2          1           0        0.000000    2.861461    0.000000
      3          1           0        0.605303    2.762881   -0.000000
      4          1           0        0.000000    0.953820    0.000000
      5          1           0       -0.605303    1.052400    0.000000
      6          1           0       -0.605303   -0.855240    0.000000
      7          1           0       -0.605303   -2.762881   -0.000000
      8          1           0       -0.000000   -0.953820   -0.000000
      9          1           0        0.605303    0.855240    0.000000
     10          1           0        0.605303   -1.052400   -0.000000
     11          1           0       -0.000000   -2.861461   -0.000000
     12          1           0       -0.605303   -4.670521   -0.000000
 ---------------------------------------------------------------------
 Rotational constants (GHZ):    256.1861715      6.1346280      5.9911638
 General basis read from cards:  (5D, 7F)
 There are     6 symmetry adapted cartesian basis functions of AG  symmetry.
 There are     0 symmetry adapted cartesian basis functions of BG  symmetry.
 There are     0 symmetry adapted cartesian basis functions of AU  symmetry.
 There are     6 symmetry adapted cartesian basis functions of BU  symmetry.
 There are     6 symmetry adapted basis functions of AG  symmetry.
 There are     0 symmetry adapted basis functions of BG  symmetry.
 There are     0 symmetry adapted basis functions of AU  symmetry.
 There are     6 symmetry adapted basis functions of BU  symmetry.
    12 basis functions,   120 primitive gaussians,    12 cartesian basis functions
     6 alpha electrons        6 beta electrons
       nuclear repulsion energy        16.5078445866 Hartrees.
 NAtoms=   12 NActive=   12 NUniq=    6 SFac= 4.00D+00 NAtFMM=   60 NAOKFM=F Big=F
 Integral buffers will be    131072 words long.
 Regular integral format.
 Two-electron integral symmetry is turned on.
 One-electron integrals computed using PRISM.
 NBasis=    12 RedAO= T EigKep=  6.32D-02  NBF=     6     0     0     6
 NBsUse=    12 1.00D-06 EigRej= -1.00D+00 NBFU=     6     0     0     6
 Initial guess from the checkpoint file:  "h12.chk"
 B after Tr=     0.000000   -0.000000   -0.000000
         Rot=    0.999999   -0.000000    0.000000   -0.001518 Ang=  -0.17 deg.
 Initial guess orbital symmetries:
       Occupied  (AG) (BU) (AG) (BU) (BU) (BU)
       Virtual   (AG) (AG) (BU) (AG) (AG) (BU)
 Keep R1 ints in memory in symmetry-blocked form, NReq=896490.
 Requested convergence on RMS density matrix=1.00D-08 within 128 cycles.
 Requested convergence on MAX density matrix=1.00D-06.
 Requested convergence on             energy=1.00D-06.
 No special actions if energy rises.
 SCF Done:  E(RHF) =  -5.42811034423     A.U. after    6 cycles
            NFock=  6  Conv=0.17D-08     -V/T= 1.8586
 Range of M.O.s used for correlation:     1    12
 NBasis=    12 NAE=     6 NBE=     6 NFC=     0 NFV=     0
 NROrb=     12 NOA=     6 NOB=     6 NVA=     6 NVB=     6

 **** Warning!!: The smallest alpha delta epsilon is  0.56075989D-01

 Semi-Direct transformation.
 ModeAB=           4 MOrb=             6 LenV=     134091801
 LASXX=         2181 LTotXX=        2181 LenRXX=        5115
 LTotAB=        2934 MaxLAS=        3024 LenRXY=           0
 NonZer=        7296 LenScr=      655360 LnRSAI=        3024
 LnScr1=      655360 LExtra=           0 Total=      1318859
 MaxDsk=          -1 SrtSym=           T ITran=            3
 JobTyp=0 Pass  1:  I=   1 to   6.
 (rs|ai) integrals will be sorted in core.
 Spin components of T(2) and E(2):
     alpha-alpha T2 =       0.5174651211D-02 E2=     -0.4539652374D-02
     alpha-beta  T2 =       0.6562595020D+01 E2=     -0.7996283296D+00
     beta-beta   T2 =       0.5174651211D-02 E2=     -0.4539652374D-02
 ANorm=    0.2751898313D+01
 E2 =    -0.8087076343D+00 EUMP2 =    -0.62368179785398D+01
 Second order stability test of a single determinant RHF wave function:
 Stabil:  MDV=134217728
 ***********************************************************************
 Matrix         Lowest Root    Major Pairs
 ***********************************************************************
 Internal RHF     0.0403284    Stable
 RRHF --> CRHF   -0.0005361    6A=7A
 RRHF --> RUHF   -0.5744653    6A=7B
 Not stable.
 ***********************************************************************

 **********************************************************************

            Population analysis using the SCF density.

 **********************************************************************

 Orbital symmetries:
       Occupied  (AG) (BU) (AG) (BU) (BU) (BU)
       Virtual   (AG) (AG) (BU) (AG) (AG) (BU)
 The electronic state is 1-AG.
 Alpha  occ. eigenvalues --   -0.89305  -0.82018  -0.67908  -0.66962  -0.30368
 Alpha  occ. eigenvalues --   -0.19522
 Alpha virt. eigenvalues --   -0.13914   0.04207   0.51380   0.52646   0.99934
 Alpha virt. eigenvalues --    1.18413
          Condensed to atoms (all electrons):
               1          2          3          4          5          6
     1  H    1.073988  -0.034329  -0.033766   0.000720   0.000213  -0.000014
     2  H   -0.034329   0.623175   0.494472  -0.043114  -0.002115   0.001918
     3  H   -0.033766   0.494472   0.611603  -0.042341  -0.029771  -0.000902
     4  H    0.000720  -0.043114  -0.042341   1.007809   0.244684  -0.027558
     5  H    0.000213  -0.002115  -0.029771   0.244684   0.903194   0.198072
     6  H   -0.000014   0.001918  -0.000902  -0.027558   0.198072   0.998194
     7  H    0.000005  -0.000018  -0.000026   0.000766   0.001506  -0.004289
     8  H   -0.000033   0.000747   0.000766  -0.048137  -0.014836   0.263859
     9  H    0.000282  -0.033345  -0.004289   0.263859  -0.378511  -0.184085
    10  H   -0.000010  -0.000806   0.001506  -0.014836  -0.108666  -0.378511
    11  H    0.000005  -0.000025  -0.000018   0.000747  -0.000806  -0.033345
    12  H   -0.000001   0.000005   0.000005  -0.000033  -0.000010   0.000282
               7          8          9         10         11         12
     1  H    0.000005  -0.000033   0.000282  -0.000010   0.000005  -0.000001
     2  H   -0.000018   0.000747  -0.033345  -0.000806  -0.000025   0.000005
     3  H   -0.000026   0.000766  -0.004289   0.001506  -0.000018   0.000005
     4  H    0.000766  -0.048137   0.263859  -0.014836   0.000747  -0.000033
     5  H    0.001506  -0.014836  -0.378511  -0.108666  -0.000806  -0.000010
     6  H   -0.004289   0.263859  -0.184085  -0.378511  -0.033345   0.000282
     7  H    0.611603  -0.042341  -0.000902  -0.029771   0.494472  -0.033766
     8  H   -0.042341   1.007809  -0.027558   0.244684  -0.043114   0.000720
     9  H   -0.000902  -0.027558   0.998194   0.198072   0.001918  -0.000014
    10  H   -0.029771   0.244684   0.198072   0.903194  -0.002115   0.000213
    11  H    0.494472  -0.043114   0.001918  -0.002115   0.623175  -0.034329
    12  H   -0.033766   0.000720  -0.000014   0.000213  -0.034329   1.073988
 Mulliken charges:
               1
     1  H   -0.007057
     2  H   -0.006564
     3  H    0.002761
     4  H   -0.342567
     5  H    0.187046
     6  H    0.166381
     7  H    0.002761
     8  H   -0.342567
     9  H    0.166381
    10  H    0.187046
    11  H   -0.006564
    12  H   -0.007057
 Sum of Mulliken charges =   0.00000
 Mulliken charges with hydrogens summed into heavy atoms:
               1
 Electronic spatial extent (au):  <R**2>=            337.2451
 Charge=             -0.0000 electrons
 Dipole moment (field-independent basis, Debye):
    X=              0.0000    Y=             -0.0000    Z=              0.0000  Tot=              0.0000
 Quadrupole moment (field-independent basis, Debye-Ang):
   XX=            -16.1661   YY=            -19.9574   ZZ=            -15.4586
   XY=             -0.9795   XZ=              0.0000   YZ=             -0.0000
 Traceless Quadrupole moment (field-independent basis, Debye-Ang):
   XX=              1.0279   YY=             -2.7634   ZZ=              1.7354
   XY=             -0.9795   XZ=              0.0000   YZ=             -0.0000
 Octapole moment (field-independent basis, Debye-Ang**2):
  XXX=              0.0000  YYY=             -0.0000  ZZZ=              0.0000  XYY=              0.0000
  XXY=              0.0000  XXZ=              0.0000  XZZ=              0.0000  YZZ=              0.0000
  YYZ=              0.0000  XYZ=              0.0000
 Hexadecapole moment (field-independent basis, Debye-Ang**3):
 XXXX=            -44.5849 YYYY=           -818.0764 ZZZZ=            -18.7005 XXXY=            -34.4845
 XXXZ=             -0.0000 YYYX=            -57.9070 YYYZ=             -0.0000 ZZZX=             -0.0000
 ZZZY=             -0.0000 XXYY=           -116.7705 XXZZ=            -10.5345 YYZZ=           -114.1368
 XXYZ=             -0.0000 YYXZ=             -0.0000 ZZXY=            -11.8482
 N-N= 1.650784458658D+01 E-N=-4.307236993828D+01  KE= 6.322129679713D+00
 Symmetry AG   KE= 1.602187070698D+00
 Symmetry BG   KE= 0.000000000000D+00
 Symmetry AU   KE= 0.000000000000D+00
 Symmetry BU   KE= 4.719942609015D+00

 Test job not archived.
 1\1\GINC-SULU\Stability\RHF\Gen\H12\LCJ1\17-Feb-2017\0\\#rhf/gen scf(s
 ymm,tight,novaracc,noincfock,fulldiag) stable(crhf) guess=read geom=no
 crowd test\\hf stability analysis of h12 triangular lattice, y= 1.8828
 341599932619\\0,1\H\H,1,1.9076404045\H,1,1.9076404045,2,18.5\H,2,1.907
 6404045,1,161.5,3,0.,0\H,2,1.9076404045,1,180.,3,0.,0\H,4,1.9076404045
 ,3,180.,5,0.,0\H,6,1.9076404045,5,180.,3,0.,0\H,4,1.9076404045,2,180.,
 3,0.,0\H,3,1.9076404045,1,180.,4,0.,0\H,9,1.9076404045,3,180.,4,0.,0\H
 ,8,1.9076404045,4,180.,3,0.,0\H,7,1.9076404045,6,180.,3,0.,0\\Version=
 ES64L-G09RevE.01\State=1-AG\HF=-5.4281103\MP2=-6.236818\RMSD=1.689e-09
 \Dipole=0.,0.,0.\Quadrupole=0.9186859,1.2902519,-2.2089378,0.,-0.26661
 43,0.\PG=C02H [SGH(H12)]\\@


 IF GOD HAD MEANT MAN TO SEE THE SUN RISE, HE
 WOULD HAVE SCHEDULED IT FOR A LATER HOUR.
 Job cpu time:       0 days  0 hours  0 minutes  1.0 seconds.
 File lengths (MBytes):  RWF=     84 Int=      0 D2E=      0 Chk=      2 Scr=      2
 Normal termination of Gaussian 09 at Fri Feb 17 15:07:56 2017.
