 Entering Gaussian System, Link 0=g09
 AtFile(1): H.gbs
            H     0
            S   10   1.00
               1000.000000000000            0.000068713567
                316.227766000000            0.000169141320
                100.000000000000            0.000823394812
                 31.622776600000            0.003425569236
                 10.000000000000            0.013951996000
                  3.162277660000            0.056909313560
                  1.000000000000            0.198286399900
                  0.316227766000            0.496922426700
                  0.100000000000            0.369846276400
                  0.031622776600            0.003752720039
            ****
 Initial command:
 /projects/guscus/apps/gau/g09-e1/g09/l1.exe "/users/lcj1/gaussian/h12/rhfstability/rect/guess/ag2bu4/Gau-11907.inp" -scrdir="/users/lcj1/gaussian/h12/rhfstability/rect/guess/ag2bu4/"
 Entering Link 1 = /projects/guscus/apps/gau/g09-e1/g09/l1.exe PID=     11908.
  
 Copyright (c) 1988,1990,1992,1993,1995,1998,2003,2009,2015,
            Gaussian, Inc.  All Rights Reserved.
  
 This is part of the Gaussian(R) 09 program.  It is based on
 the Gaussian(R) 03 system (copyright 2003, Gaussian, Inc.),
 the Gaussian(R) 98 system (copyright 1998, Gaussian, Inc.),
 the Gaussian(R) 94 system (copyright 1995, Gaussian, Inc.),
 the Gaussian 92(TM) system (copyright 1992, Gaussian, Inc.),
 the Gaussian 90(TM) system (copyright 1990, Gaussian, Inc.),
 the Gaussian 88(TM) system (copyright 1988, Gaussian, Inc.),
 the Gaussian 86(TM) system (copyright 1986, Carnegie Mellon
 University), and the Gaussian 82(TM) system (copyright 1983,
 Carnegie Mellon University). Gaussian is a federally registered
 trademark of Gaussian, Inc.
  
 This software contains proprietary and confidential information,
 including trade secrets, belonging to Gaussian, Inc.
  
 This software is provided under written license and may be
 used, copied, transmitted, or stored only in accord with that
 written license.
  
 The following legend is applicable only to US Government
 contracts under FAR:
  
                    RESTRICTED RIGHTS LEGEND
  
 Use, reproduction and disclosure by the US Government is
 subject to restrictions as set forth in subparagraphs (a)
 and (c) of the Commercial Computer Software - Restricted
 Rights clause in FAR 52.227-19.
  
 Gaussian, Inc.
 340 Quinnipiac St., Bldg. 40, Wallingford CT 06492
  
  
 ---------------------------------------------------------------
 Warning -- This program may not be used in any manner that
 competes with the business of Gaussian, Inc. or will provide
 assistance to any competitor of Gaussian, Inc.  The licensee
 of this program is prohibited from giving any competitor of
 Gaussian, Inc. access to this program.  By using this program,
 the user acknowledges that Gaussian, Inc. is engaged in the
 business of creating and licensing software in the field of
 computational chemistry and represents and warrants to the
 licensee that it is not a competitor of Gaussian, Inc. and that
 it will not use this program in any manner prohibited above.
 ---------------------------------------------------------------
  

 Cite this work as:
 Gaussian 09, Revision E.01,
 M. J. Frisch, G. W. Trucks, H. B. Schlegel, G. E. Scuseria, 
 M. A. Robb, J. R. Cheeseman, G. Scalmani, V. Barone, B. Mennucci, 
 G. A. Petersson, H. Nakatsuji, M. Caricato, X. Li, H. P. Hratchian, 
 A. F. Izmaylov, J. Bloino, G. Zheng, J. L. Sonnenberg, M. Hada, 
 M. Ehara, K. Toyota, R. Fukuda, J. Hasegawa, M. Ishida, T. Nakajima, 
 Y. Honda, O. Kitao, H. Nakai, T. Vreven, J. A. Montgomery, Jr., 
 J. E. Peralta, F. Ogliaro, M. Bearpark, J. J. Heyd, E. Brothers, 
 K. N. Kudin, V. N. Staroverov, T. Keith, R. Kobayashi, J. Normand, 
 K. Raghavachari, A. Rendell, J. C. Burant, S. S. Iyengar, J. Tomasi, 
 M. Cossi, N. Rega, J. M. Millam, M. Klene, J. E. Knox, J. B. Cross, 
 V. Bakken, C. Adamo, J. Jaramillo, R. Gomperts, R. E. Stratmann, 
 O. Yazyev, A. J. Austin, R. Cammi, C. Pomelli, J. W. Ochterski, 
 R. L. Martin, K. Morokuma, V. G. Zakrzewski, G. A. Voth, 
 P. Salvador, J. J. Dannenberg, S. Dapprich, A. D. Daniels, 
 O. Farkas, J. B. Foresman, J. V. Ortiz, J. Cioslowski, 
 and D. J. Fox, Gaussian, Inc., Wallingford CT, 2013.
 
 ******************************************
 Gaussian 09:  ES64L-G09RevE.01 30-Nov-2015
                17-Feb-2017 
 ******************************************
 %chk=h12.chk
 ----------------------------------------------------------------------
 #rhf/gen scf(symm,tight,novaracc,noincfock,fulldiag) stable(crhf) gues
 s=read geom=nocrowd test
 ----------------------------------------------------------------------
 1/38=1/1;
 2/12=1,17=6,18=5,40=1/2;
 3/5=7,16=1,25=1,30=1,116=1/1,2,3;
 4/5=1,9=4/1;
 5/5=100002,15=2,16=1,32=2,38=6/2;
 8/6=1,10=90,11=11/1,4;
 9/8=4,13=1/2;
 6/7=2,8=2,9=2,10=2,28=1/1;
 99/5=1,9=1/99;
 ----------------------------------------------------------------------
 hf stability analysis of h12 triangular lattice, y= 0.4201353311163031
 9
 ----------------------------------------------------------------------
 Symbolic Z-matrix:
 Charge =  0 Multiplicity = 1
 H
 H                    1     1.43699 
 H                    1     1.43699  2     146. 
 H                    2     1.43699  1     34.      3     0.       0
 H                    2     1.43699  1     180.     3     0.       0
 H                    4     1.43699  3     180.     5     0.       0
 H                    6     1.43699  5     180.     3     0.       0
 H                    4     1.43699  2     180.     3     0.       0
 H                    3     1.43699  1     180.     4     0.       0
 H                    9     1.43699  3     180.     4     0.       0
 H                    8     1.43699  4     180.     3     0.       0
 H                    7     1.43699  6     180.     3     0.       0
 
                          Input orientation:                          
 ---------------------------------------------------------------------
 Center     Atomic      Atomic             Coordinates (Angstroms)
 Number     Number       Type             X           Y           Z
 ---------------------------------------------------------------------
      1          1           0        0.000000    0.000000    0.000000
      2          1           0        0.000000    0.000000    1.436990
      3          1           0        0.803555    0.000000   -1.191319
      4          1           0        0.803555    0.000000    0.245671
      5          1           0        0.000000    0.000000    2.873981
      6          1           0        0.803555    0.000000    1.682662
      7          1           0        1.607110    0.000000    0.491343
      8          1           0        1.607110    0.000000   -0.945648
      9          1           0        1.607110    0.000000   -2.382638
     10          1           0        2.410664    0.000000   -3.573957
     11          1           0        2.410664    0.000000   -2.136967
     12          1           0        2.410664    0.000000   -0.699976
 ---------------------------------------------------------------------
                    Distance matrix (angstroms):
                    1          2          3          4          5
     1  H    0.000000
     2  H    1.436990   0.000000
     3  H    1.436990   2.748401   0.000000
     4  H    0.840271   1.436990   1.436990   0.000000
     5  H    2.873981   1.436990   4.143955   2.748401   0.000000
     6  H    1.864685   0.840271   2.873981   1.436990   1.436990
     7  H    1.680541   1.864685   1.864685   0.840271   2.873981
     8  H    1.864685   2.873981   0.840271   1.436990   4.143955
     9  H    2.873981   4.143955   1.436990   2.748401   5.496803
    10  H    4.310971   5.560656   2.873981   4.143955   6.883836
    11  H    3.221479   4.310971   1.864685   2.873981   5.560656
    12  H    2.510233   3.221479   1.680541   1.864685   4.310971
                    6          7          8          9         10
     6  H    0.000000
     7  H    1.436990   0.000000
     8  H    2.748401   1.436990   0.000000
     9  H    4.143955   2.873981   1.436990   0.000000
    10  H    5.496803   4.143955   2.748401   1.436990   0.000000
    11  H    4.143955   2.748401   1.436990   0.840271   1.436990
    12  H    2.873981   1.436990   0.840271   1.864685   2.873981
                   11         12
    11  H    0.000000
    12  H    1.436990   0.000000
 Stoichiometry    H12
 Framework group  C2H[SGH(H12)]
 Deg. of freedom    11
 Full point group                 C2H     NOp   4
 Largest Abelian subgroup         C2H     NOp   4
 Largest concise Abelian subgroup C2      NOp   2
                         Standard orientation:                         
 ---------------------------------------------------------------------
 Center     Atomic      Atomic             Coordinates (Angstroms)
 Number     Number       Type             X           Y           Z
 ---------------------------------------------------------------------
      1          1           0        0.803555    0.964167   -0.000000
      2          1           0       -0.000000    2.155486   -0.000000
      3          1           0        0.803555   -0.472824   -0.000000
      4          1           0       -0.000000    0.718495   -0.000000
      5          1           0       -0.803555    3.346805   -0.000000
      6          1           0       -0.803555    1.909814   -0.000000
      7          1           0       -0.803555    0.472824    0.000000
      8          1           0       -0.000000   -0.718495   -0.000000
      9          1           0        0.803555   -1.909814   -0.000000
     10          1           0        0.803555   -3.346805   -0.000000
     11          1           0       -0.000000   -2.155486   -0.000000
     12          1           0       -0.803555   -0.964167    0.000000
 ---------------------------------------------------------------------
 Rotational constants (GHZ):    137.4124288     11.4371582     10.5583611
 General basis read from cards:  (5D, 7F)
 There are     6 symmetry adapted cartesian basis functions of AG  symmetry.
 There are     0 symmetry adapted cartesian basis functions of BG  symmetry.
 There are     0 symmetry adapted cartesian basis functions of AU  symmetry.
 There are     6 symmetry adapted cartesian basis functions of BU  symmetry.
 There are     6 symmetry adapted basis functions of AG  symmetry.
 There are     0 symmetry adapted basis functions of BG  symmetry.
 There are     0 symmetry adapted basis functions of AU  symmetry.
 There are     6 symmetry adapted basis functions of BU  symmetry.
    12 basis functions,   120 primitive gaussians,    12 cartesian basis functions
     6 alpha electrons        6 beta electrons
       nuclear repulsion energy        17.9129613831 Hartrees.
 NAtoms=   12 NActive=   12 NUniq=    6 SFac= 4.00D+00 NAtFMM=   60 NAOKFM=F Big=F
 Integral buffers will be    131072 words long.
 Regular integral format.
 Two-electron integral symmetry is turned on.
 One-electron integrals computed using PRISM.
 NBasis=    12 RedAO= T EigKep=  1.29D-01  NBF=     6     0     0     6
 NBsUse=    12 1.00D-06 EigRej= -1.00D+00 NBFU=     6     0     0     6
 Initial guess from the checkpoint file:  "h12.chk"
 B after Tr=     0.000000    0.000000   -0.000000
         Rot=    0.999999    0.000000    0.000000   -0.001518 Ang=  -0.17 deg.
 Initial guess orbital symmetries:
       Occupied  (AG) (BU) (AG) (BU) (BU) (BU)
       Virtual   (AG) (AG) (BU) (AG) (AG) (BU)
 Keep R1 ints in memory in symmetry-blocked form, NReq=899164.
 Requested convergence on RMS density matrix=1.00D-08 within 128 cycles.
 Requested convergence on MAX density matrix=1.00D-06.
 Requested convergence on             energy=1.00D-06.
 No special actions if energy rises.
 SCF Done:  E(RHF) =  -5.67704020636     A.U. after    8 cycles
            NFock=  8  Conv=0.67D-09     -V/T= 1.8586
 Range of M.O.s used for correlation:     1    12
 NBasis=    12 NAE=     6 NBE=     6 NFC=     0 NFV=     0
 NROrb=     12 NOA=     6 NOB=     6 NVA=     6 NVB=     6

 **** Warning!!: The smallest alpha delta epsilon is  0.58563122D-01

 Semi-Direct transformation.
 ModeAB=           4 MOrb=             6 LenV=     134088959
 LASXX=         2181 LTotXX=        2181 LenRXX=        5115
 LTotAB=        2934 MaxLAS=        3024 LenRXY=           0
 NonZer=        7296 LenScr=      655360 LnRSAI=        3024
 LnScr1=      655360 LExtra=           0 Total=      1318859
 MaxDsk=          -1 SrtSym=           T ITran=            3
 JobTyp=0 Pass  1:  I=   1 to   6.
 (rs|ai) integrals will be sorted in core.
 Spin components of T(2) and E(2):
     alpha-alpha T2 =       0.8912711940D-02 E2=     -0.7762659537D-02
     alpha-beta  T2 =       0.4201667388D+01 E2=     -0.5948661383D+00
     beta-beta   T2 =       0.8912711940D-02 E2=     -0.7762659537D-02
 ANorm=    0.2284620934D+01
 E2 =    -0.6103914574D+00 EUMP2 =    -0.62874316637283D+01
 Second order stability test of a single determinant RHF wave function:
 Stabil:  MDV=134217728
 ***********************************************************************
 Matrix         Lowest Root    Major Pairs
 ***********************************************************************
 Internal RHF    -0.0959651    6A=8A 6A=7A
 RRHF --> CRHF   -0.1105487    6A=8A 6A=7A
 RRHF --> RUHF   -0.53318      6A=7B
 Not stable.
 ***********************************************************************

 **********************************************************************

            Population analysis using the SCF density.

 **********************************************************************

 Orbital symmetries:
       Occupied  (AG) (BU) (AG) (BU) (BU) (BU)
       Virtual   (AG) (AG) (BU) (AG) (AG) (BU)
 The electronic state is 1-AG.
 Alpha  occ. eigenvalues --   -0.89737  -0.75772  -0.60872  -0.50555  -0.43663
 Alpha  occ. eigenvalues --   -0.10008
 Alpha virt. eigenvalues --   -0.04151  -0.01313   0.37325   0.42317   0.54792
 Alpha virt. eigenvalues --    0.76643
          Condensed to atoms (all electrons):
               1          2          3          4          5          6
     1  H    0.663624  -0.069011   0.150236   0.347117   0.004277  -0.072701
     2  H   -0.069011   0.887465   0.019461  -0.173882  -0.122835   0.552999
     3  H    0.150236   0.019461   0.953688  -0.127021  -0.001296   0.001259
     4  H    0.347117  -0.173882  -0.127021   1.079130   0.007541  -0.147459
     5  H    0.004277  -0.122835  -0.001296   0.007541   1.306943  -0.096786
     6  H   -0.072701   0.552999   0.001259  -0.147459  -0.096786   0.750547
     7  H   -0.074915  -0.102512  -0.206204   0.417085   0.004260  -0.074595
     8  H   -0.062006   0.016048   0.417085  -0.205658  -0.001867   0.014106
     9  H    0.011638  -0.001895  -0.074595   0.014106   0.000406  -0.001712
    10  H   -0.000863   0.000422   0.004260  -0.001867  -0.000103   0.000406
    11  H    0.001920  -0.002025  -0.102512   0.016048   0.000422  -0.001895
    12  H   -0.063952   0.001920  -0.074915  -0.062006  -0.000863   0.011638
               7          8          9         10         11         12
     1  H   -0.074915  -0.062006   0.011638  -0.000863   0.001920  -0.063952
     2  H   -0.102512   0.016048  -0.001895   0.000422  -0.002025   0.001920
     3  H   -0.206204   0.417085  -0.074595   0.004260  -0.102512  -0.074915
     4  H    0.417085  -0.205658   0.014106  -0.001867   0.016048  -0.062006
     5  H    0.004260  -0.001867   0.000406  -0.000103   0.000422  -0.000863
     6  H   -0.074595   0.014106  -0.001712   0.000406  -0.001895   0.011638
     7  H    0.953688  -0.127021   0.001259  -0.001296   0.019461   0.150236
     8  H   -0.127021   1.079130  -0.147459   0.007541  -0.173882   0.347117
     9  H    0.001259  -0.147459   0.750547  -0.096786   0.552999  -0.072701
    10  H   -0.001296   0.007541  -0.096786   1.306943  -0.122835   0.004277
    11  H    0.019461  -0.173882   0.552999  -0.122835   0.887465  -0.069011
    12  H    0.150236   0.347117  -0.072701   0.004277  -0.069011   0.663624
 Mulliken charges:
               1
     1  H    0.164637
     2  H   -0.006155
     3  H    0.040555
     4  H   -0.163132
     5  H   -0.100099
     6  H    0.064195
     7  H    0.040555
     8  H   -0.163132
     9  H    0.064195
    10  H   -0.100099
    11  H   -0.006155
    12  H    0.164637
 Sum of Mulliken charges =   0.00000
 Mulliken charges with hydrogens summed into heavy atoms:
               1
 Electronic spatial extent (au):  <R**2>=            213.3524
 Charge=              0.0000 electrons
 Dipole moment (field-independent basis, Debye):
    X=             -0.0000    Y=             -0.0000    Z=              0.0000  Tot=              0.0000
 Quadrupole moment (field-independent basis, Debye-Ang):
   XX=            -15.0083   YY=            -28.7528   ZZ=            -15.0835
   XY=              4.6708   XZ=             -0.0000   YZ=             -0.0000
 Traceless Quadrupole moment (field-independent basis, Debye-Ang):
   XX=              4.6066   YY=             -9.1380   ZZ=              4.5314
   XY=              4.6708   XZ=             -0.0000   YZ=             -0.0000
 Octapole moment (field-independent basis, Debye-Ang**2):
  XXX=              0.0000  YYY=             -0.0000  ZZZ=              0.0000  XYY=             -0.0000
  XXY=             -0.0000  XXZ=              0.0000  XZZ=              0.0000  YZZ=             -0.0000
  YYZ=              0.0000  XYZ=             -0.0000
 Hexadecapole moment (field-independent basis, Debye-Ang**3):
 XXXX=            -58.7218 YYYY=           -577.4101 ZZZZ=            -17.8965 XXXY=             34.8733
 XXXZ=              0.0000 YYYX=             88.4627 YYYZ=             -0.0000 ZZZX=              0.0000
 ZZZY=             -0.0000 XXYY=            -78.7682 XXZZ=            -12.8875 YYZZ=            -64.3019
 XXYZ=             -0.0000 YYXZ=              0.0000 ZZXY=             11.1442
 N-N= 1.791296138312D+01 E-N=-4.718011444879D+01  KE= 6.612254847251D+00
 Symmetry AG   KE= 1.511901409162D+00
 Symmetry BG   KE= 0.000000000000D+00
 Symmetry AU   KE= 0.000000000000D+00
 Symmetry BU   KE= 5.100353438090D+00

 Test job not archived.
 1\1\GINC-SULU\Stability\RHF\Gen\H12\LCJ1\17-Feb-2017\0\\#rhf/gen scf(s
 ymm,tight,novaracc,noincfock,fulldiag) stable(crhf) guess=read geom=no
 crowd test\\hf stability analysis of h12 triangular lattice, y= 0.4201
 3533111630319\\0,1\H\H,1,1.436990355\H,1,1.436990355,2,146.\H,2,1.4369
 90355,1,34.,3,0.,0\H,2,1.436990355,1,180.,3,0.,0\H,4,1.436990355,3,180
 .,5,0.,0\H,6,1.436990355,5,180.,3,0.,0\H,4,1.436990355,2,180.,3,0.,0\H
 ,3,1.436990355,1,180.,4,0.,0\H,9,1.436990355,3,180.,4,0.,0\H,8,1.43699
 0355,4,180.,3,0.,0\H,7,1.436990355,6,180.,3,0.,0\\Version=ES64L-G09Rev
 E.01\State=1-AG\HF=-5.6770402\MP2=-6.2874317\RMSD=6.748e-10\Dipole=0.,
 0.,0.\Quadrupole=3.449265,3.3689683,-6.8182332,0.,3.4364758,0.\PG=C02H
  [SGH(H12)]\\@


     SCHOPENHAUER'S LAW OF ENTROPY
 IF YOU PUT A SPOONFUL OF WINE IN A BARREL FULL
 OF SEWAGE, YOU GET SEWAGE.
 IF YOU PUT A SPOONFUL OF SEWAGE IN A BARREL FULL
 OF WINE, YOU GET SEWAGE.
 Job cpu time:       0 days  0 hours  0 minutes  1.1 seconds.
 File lengths (MBytes):  RWF=     84 Int=      0 D2E=      0 Chk=      2 Scr=      2
 Normal termination of Gaussian 09 at Fri Feb 17 14:54:47 2017.
