 Entering Gaussian System, Link 0=g09
 AtFile(1): H.gbs
            H     0
            S   10   1.00
               1000.000000000000            0.000068713567
                316.227766000000            0.000169141320
                100.000000000000            0.000823394812
                 31.622776600000            0.003425569236
                 10.000000000000            0.013951996000
                  3.162277660000            0.056909313560
                  1.000000000000            0.198286399900
                  0.316227766000            0.496922426700
                  0.100000000000            0.369846276400
                  0.031622776600            0.003752720039
            ****
 Initial command:
 /projects/guscus/apps/gau/g09-e1/g09/l1.exe "/users/lcj1/gaussian/h12/rhfstability/rect/guess/ag2bu4/Gau-14198.inp" -scrdir="/users/lcj1/gaussian/h12/rhfstability/rect/guess/ag2bu4/"
 Entering Link 1 = /projects/guscus/apps/gau/g09-e1/g09/l1.exe PID=     14199.
  
 Copyright (c) 1988,1990,1992,1993,1995,1998,2003,2009,2015,
            Gaussian, Inc.  All Rights Reserved.
  
 This is part of the Gaussian(R) 09 program.  It is based on
 the Gaussian(R) 03 system (copyright 2003, Gaussian, Inc.),
 the Gaussian(R) 98 system (copyright 1998, Gaussian, Inc.),
 the Gaussian(R) 94 system (copyright 1995, Gaussian, Inc.),
 the Gaussian 92(TM) system (copyright 1992, Gaussian, Inc.),
 the Gaussian 90(TM) system (copyright 1990, Gaussian, Inc.),
 the Gaussian 88(TM) system (copyright 1988, Gaussian, Inc.),
 the Gaussian 86(TM) system (copyright 1986, Carnegie Mellon
 University), and the Gaussian 82(TM) system (copyright 1983,
 Carnegie Mellon University). Gaussian is a federally registered
 trademark of Gaussian, Inc.
  
 This software contains proprietary and confidential information,
 including trade secrets, belonging to Gaussian, Inc.
  
 This software is provided under written license and may be
 used, copied, transmitted, or stored only in accord with that
 written license.
  
 The following legend is applicable only to US Government
 contracts under FAR:
  
                    RESTRICTED RIGHTS LEGEND
  
 Use, reproduction and disclosure by the US Government is
 subject to restrictions as set forth in subparagraphs (a)
 and (c) of the Commercial Computer Software - Restricted
 Rights clause in FAR 52.227-19.
  
 Gaussian, Inc.
 340 Quinnipiac St., Bldg. 40, Wallingford CT 06492
  
  
 ---------------------------------------------------------------
 Warning -- This program may not be used in any manner that
 competes with the business of Gaussian, Inc. or will provide
 assistance to any competitor of Gaussian, Inc.  The licensee
 of this program is prohibited from giving any competitor of
 Gaussian, Inc. access to this program.  By using this program,
 the user acknowledges that Gaussian, Inc. is engaged in the
 business of creating and licensing software in the field of
 computational chemistry and represents and warrants to the
 licensee that it is not a competitor of Gaussian, Inc. and that
 it will not use this program in any manner prohibited above.
 ---------------------------------------------------------------
  

 Cite this work as:
 Gaussian 09, Revision E.01,
 M. J. Frisch, G. W. Trucks, H. B. Schlegel, G. E. Scuseria, 
 M. A. Robb, J. R. Cheeseman, G. Scalmani, V. Barone, B. Mennucci, 
 G. A. Petersson, H. Nakatsuji, M. Caricato, X. Li, H. P. Hratchian, 
 A. F. Izmaylov, J. Bloino, G. Zheng, J. L. Sonnenberg, M. Hada, 
 M. Ehara, K. Toyota, R. Fukuda, J. Hasegawa, M. Ishida, T. Nakajima, 
 Y. Honda, O. Kitao, H. Nakai, T. Vreven, J. A. Montgomery, Jr., 
 J. E. Peralta, F. Ogliaro, M. Bearpark, J. J. Heyd, E. Brothers, 
 K. N. Kudin, V. N. Staroverov, T. Keith, R. Kobayashi, J. Normand, 
 K. Raghavachari, A. Rendell, J. C. Burant, S. S. Iyengar, J. Tomasi, 
 M. Cossi, N. Rega, J. M. Millam, M. Klene, J. E. Knox, J. B. Cross, 
 V. Bakken, C. Adamo, J. Jaramillo, R. Gomperts, R. E. Stratmann, 
 O. Yazyev, A. J. Austin, R. Cammi, C. Pomelli, J. W. Ochterski, 
 R. L. Martin, K. Morokuma, V. G. Zakrzewski, G. A. Voth, 
 P. Salvador, J. J. Dannenberg, S. Dapprich, A. D. Daniels, 
 O. Farkas, J. B. Foresman, J. V. Ortiz, J. Cioslowski, 
 and D. J. Fox, Gaussian, Inc., Wallingford CT, 2013.
 
 ******************************************
 Gaussian 09:  ES64L-G09RevE.01 30-Nov-2015
                17-Feb-2017 
 ******************************************
 %chk=h12.chk
 ----------------------------------------------------------------------
 #rhf/gen scf(symm,tight,novaracc,noincfock,fulldiag) stable(crhf) gues
 s=read geom=nocrowd test
 ----------------------------------------------------------------------
 1/38=1/1;
 2/12=1,17=6,18=5,40=1/2;
 3/5=7,16=1,25=1,30=1,116=1/1,2,3;
 4/5=1,9=4/1;
 5/5=100002,15=2,16=1,32=2,38=6/2;
 8/6=1,10=90,11=11/1,4;
 9/8=4,13=1/2;
 6/7=2,8=2,9=2,10=2,28=1/1;
 99/5=1,9=1/99;
 ----------------------------------------------------------------------
 hf stability analysis of h12 triangular lattice, y= 0.4799368795303601
 3
 ----------------------------------------------------------------------
 Symbolic Z-matrix:
 Charge =  0 Multiplicity = 1
 H
 H                    1     1.29518 
 H                    1     1.29518  2     136.5 
 H                    2     1.29518  1     43.5     3     0.       0
 H                    2     1.29518  1     180.     3     0.       0
 H                    4     1.29518  3     180.     5     0.       0
 H                    6     1.29518  5     180.     3     0.       0
 H                    4     1.29518  2     180.     3     0.       0
 H                    3     1.29518  1     180.     4     0.       0
 H                    9     1.29518  3     180.     4     0.       0
 H                    8     1.29518  4     180.     3     0.       0
 H                    7     1.29518  6     180.     3     0.       0
 
                          Input orientation:                          
 ---------------------------------------------------------------------
 Center     Atomic      Atomic             Coordinates (Angstroms)
 Number     Number       Type             X           Y           Z
 ---------------------------------------------------------------------
      1          1           0        0.000000    0.000000    0.000000
      2          1           0        0.000000    0.000000    1.295175
      3          1           0        0.891540    0.000000   -0.939487
      4          1           0        0.891540    0.000000    0.355688
      5          1           0        0.000000    0.000000    2.590351
      6          1           0        0.891540    0.000000    1.650864
      7          1           0        1.783080    0.000000    0.711377
      8          1           0        1.783080    0.000000   -0.583799
      9          1           0        1.783080    0.000000   -1.878974
     10          1           0        2.674620    0.000000   -2.818461
     11          1           0        2.674620    0.000000   -1.523286
     12          1           0        2.674620    0.000000   -0.228110
 ---------------------------------------------------------------------
                    Distance matrix (angstroms):
                    1          2          3          4          5
     1  H    0.000000
     2  H    1.295175   0.000000
     3  H    1.295175   2.405943   0.000000
     4  H    0.959874   1.295175   1.295175   0.000000
     5  H    2.590351   1.295175   3.640686   2.405943   0.000000
     6  H    1.876218   0.959874   2.590351   1.295175   1.295175
     7  H    1.919747   1.876218   1.876218   0.959874   2.590351
     8  H    1.876218   2.590351   0.959874   1.295175   3.640686
     9  H    2.590351   3.640686   1.295175   2.405943   4.811885
    10  H    3.885526   4.906689   2.590351   3.640686   6.033973
    11  H    3.077985   3.885526   1.876218   2.590351   4.906689
    12  H    2.684329   3.077985   1.919747   1.876218   3.885526
                    6          7          8          9         10
     6  H    0.000000
     7  H    1.295175   0.000000
     8  H    2.405943   1.295175   0.000000
     9  H    3.640686   2.590351   1.295175   0.000000
    10  H    4.811885   3.640686   2.405943   1.295175   0.000000
    11  H    3.640686   2.405943   1.295175   0.959874   1.295175
    12  H    2.590351   1.295175   0.959874   1.876218   2.590351
                   11         12
    11  H    0.000000
    12  H    1.295175   0.000000
 Stoichiometry    H12
 Framework group  C2H[SGH(H12)]
 Deg. of freedom    11
 Full point group                 C2H     NOp   4
 Largest Abelian subgroup         C2H     NOp   4
 Largest concise Abelian subgroup C2      NOp   2
                         Standard orientation:                         
 ---------------------------------------------------------------------
 Center     Atomic      Atomic             Coordinates (Angstroms)
 Number     Number       Type             X           Y           Z
 ---------------------------------------------------------------------
      1          1           0        0.891540    1.003276    0.000000
      2          1           0        0.000000    1.942763    0.000000
      3          1           0        0.891540   -0.291899    0.000000
      4          1           0        0.000000    0.647588    0.000000
      5          1           0       -0.891540    2.882250   -0.000000
      6          1           0       -0.891540    1.587075   -0.000000
      7          1           0       -0.891540    0.291899    0.000000
      8          1           0       -0.000000   -0.647588   -0.000000
      9          1           0        0.891540   -1.587075   -0.000000
     10          1           0        0.891540   -2.882250   -0.000000
     11          1           0       -0.000000   -1.942763   -0.000000
     12          1           0       -0.891540   -1.003276    0.000000
 ---------------------------------------------------------------------
 Rotational constants (GHZ):    106.1083588     14.8113466     12.9971180
 General basis read from cards:  (5D, 7F)
 There are     6 symmetry adapted cartesian basis functions of AG  symmetry.
 There are     0 symmetry adapted cartesian basis functions of BG  symmetry.
 There are     0 symmetry adapted cartesian basis functions of AU  symmetry.
 There are     6 symmetry adapted cartesian basis functions of BU  symmetry.
 There are     6 symmetry adapted basis functions of AG  symmetry.
 There are     0 symmetry adapted basis functions of BG  symmetry.
 There are     0 symmetry adapted basis functions of AU  symmetry.
 There are     6 symmetry adapted basis functions of BU  symmetry.
    12 basis functions,   120 primitive gaussians,    12 cartesian basis functions
     6 alpha electrons        6 beta electrons
       nuclear repulsion energy        18.6321012927 Hartrees.
 NAtoms=   12 NActive=   12 NUniq=    6 SFac= 4.00D+00 NAtFMM=   60 NAOKFM=F Big=F
 Integral buffers will be    131072 words long.
 Regular integral format.
 Two-electron integral symmetry is turned on.
 One-electron integrals computed using PRISM.
 NBasis=    12 RedAO= T EigKep=  1.66D-01  NBF=     6     0     0     6
 NBsUse=    12 1.00D-06 EigRej= -1.00D+00 NBFU=     6     0     0     6
 Initial guess from the checkpoint file:  "h12.chk"
 B after Tr=    -0.000000   -0.000000   -0.000000
         Rot=    0.999999    0.000000    0.000000   -0.001518 Ang=  -0.17 deg.
 Initial guess orbital symmetries:
       Occupied  (AG) (BU) (AG) (BU) (BU) (BU)
       Virtual   (AG) (AG) (AG) (BU) (AG) (BU)
 Keep R1 ints in memory in symmetry-blocked form, NReq=901432.
 Requested convergence on RMS density matrix=1.00D-08 within 128 cycles.
 Requested convergence on MAX density matrix=1.00D-06.
 Requested convergence on             energy=1.00D-06.
 No special actions if energy rises.
 SCF Done:  E(RHF) =  -5.40212364439     A.U. after    9 cycles
            NFock=  9  Conv=0.41D-08     -V/T= 1.7686
 Range of M.O.s used for correlation:     1    12
 NBasis=    12 NAE=     6 NBE=     6 NFC=     0 NFV=     0
 NROrb=     12 NOA=     6 NOB=     6 NVA=     6 NVB=     6

 **** Warning!!: The smallest alpha delta epsilon is -0.75179619D-01

 Semi-Direct transformation.
 ModeAB=           4 MOrb=             6 LenV=     134086495
 LASXX=         2181 LTotXX=        2181 LenRXX=        5115
 LTotAB=        2934 MaxLAS=        3024 LenRXY=           0
 NonZer=        7296 LenScr=      655360 LnRSAI=        3024
 LnScr1=      655360 LExtra=           0 Total=      1318859
 MaxDsk=          -1 SrtSym=           T ITran=            3
 JobTyp=0 Pass  1:  I=   1 to   6.
 (rs|ai) integrals will be sorted in core.
 Spin components of T(2) and E(2):
     alpha-alpha T2 =       0.1265851641D-01 E2=     -0.1061985352D-01
     alpha-beta  T2 =       0.9068549610D+01 E2=     -0.5398275547D+00
     beta-beta   T2 =       0.1265851641D-01 E2=     -0.1061985352D-01
 ANorm=    0.3177084614D+01
 E2 =    -0.5610672617D+00 EUMP2 =    -0.59631909061060D+01
 Second order stability test of a single determinant RHF wave function:
 Stabil:  MDV=134217728
 ***********************************************************************
 Matrix         Lowest Root    Major Pairs
 ***********************************************************************
 Internal RHF    -0.2753639    6A=7A
 RRHF --> CRHF   -0.3039012    6A=7A
 RRHF --> RUHF   -0.5232306    6A=8B 6A=7B 5A=8B
 Not stable.
 ***********************************************************************

 **********************************************************************

            Population analysis using the SCF density.

 **********************************************************************

 Orbital symmetries:
       Occupied  (AG) (BU) (AG) (BU) (BU) (BU)
       Virtual   (AG) (AG) (AG) (BU) (AG) (BU)
 The electronic state is 1-AG.
 Alpha  occ. eigenvalues --   -0.91581  -0.75100  -0.57408  -0.53527  -0.38070
 Alpha  occ. eigenvalues --    0.00973
 Alpha virt. eigenvalues --   -0.06545   0.04779   0.29679   0.32547   0.51712
 Alpha virt. eigenvalues --    0.59961
          Condensed to atoms (all electrons):
               1          2          3          4          5          6
     1  H    0.676620  -0.190799   0.074079   0.437745   0.016239  -0.089271
     2  H   -0.190799   1.330773   0.052665  -0.331733  -0.265867   0.562105
     3  H    0.074079   0.052665   1.054097  -0.211638  -0.004073   0.000500
     4  H    0.437745  -0.331733  -0.211638   1.303598   0.014788  -0.184572
     5  H    0.016239  -0.265867  -0.004073   0.014788   1.486403  -0.073532
     6  H   -0.089271   0.562105   0.000500  -0.184572  -0.073532   0.702699
     7  H    0.000589  -0.155693  -0.212480   0.496532   0.004547  -0.100130
     8  H   -0.110211   0.050758   0.496532  -0.358486  -0.006149   0.025042
     9  H    0.022728  -0.006894  -0.100130   0.025042   0.001432  -0.003150
    10  H   -0.003849   0.002361   0.004547  -0.006149  -0.000487   0.001432
    11  H    0.013986  -0.011431  -0.155693   0.050758   0.002361  -0.006894
    12  H   -0.051525   0.013986   0.000589  -0.110211  -0.003849   0.022728
               7          8          9         10         11         12
     1  H    0.000589  -0.110211   0.022728  -0.003849   0.013986  -0.051525
     2  H   -0.155693   0.050758  -0.006894   0.002361  -0.011431   0.013986
     3  H   -0.212480   0.496532  -0.100130   0.004547  -0.155693   0.000589
     4  H    0.496532  -0.358486   0.025042  -0.006149   0.050758  -0.110211
     5  H    0.004547  -0.006149   0.001432  -0.000487   0.002361  -0.003849
     6  H   -0.100130   0.025042  -0.003150   0.001432  -0.006894   0.022728
     7  H    1.054097  -0.211638   0.000500  -0.004073   0.052665   0.074079
     8  H   -0.211638   1.303598  -0.184572   0.014788  -0.331733   0.437745
     9  H    0.000500  -0.184572   0.702699  -0.073532   0.562105  -0.089271
    10  H   -0.004073   0.014788  -0.073532   1.486403  -0.265867   0.016239
    11  H    0.052665  -0.331733   0.562105  -0.265867   1.330773  -0.190799
    12  H    0.074079   0.437745  -0.089271   0.016239  -0.190799   0.676620
 Mulliken charges:
               1
     1  H    0.203668
     2  H   -0.050230
     3  H    0.001005
     4  H   -0.125674
     5  H   -0.171811
     6  H    0.143042
     7  H    0.001005
     8  H   -0.125674
     9  H    0.143042
    10  H   -0.171811
    11  H   -0.050230
    12  H    0.203668
 Sum of Mulliken charges =   0.00000
 Mulliken charges with hydrogens summed into heavy atoms:
               1
 Electronic spatial extent (au):  <R**2>=            183.1960
 Charge=             -0.0000 electrons
 Dipole moment (field-independent basis, Debye):
    X=             -0.0000    Y=              0.0000    Z=              0.0000  Tot=              0.0000
 Quadrupole moment (field-independent basis, Debye-Ang):
   XX=            -14.6135   YY=            -31.6274   ZZ=            -14.8467
   XY=              6.9594   XZ=              0.0000   YZ=             -0.0000
 Traceless Quadrupole moment (field-independent basis, Debye-Ang):
   XX=              5.7490   YY=            -11.2648   ZZ=              5.5158
   XY=              6.9594   XZ=              0.0000   YZ=             -0.0000
 Octapole moment (field-independent basis, Debye-Ang**2):
  XXX=              0.0000  YYY=              0.0000  ZZZ=              0.0000  XYY=             -0.0000
  XXY=              0.0000  XXZ=              0.0000  XZZ=              0.0000  YZZ=             -0.0000
  YYZ=              0.0000  XYZ=             -0.0000
 Hexadecapole moment (field-independent basis, Debye-Ang**3):
 XXXX=            -67.0500 YYYY=           -475.5682 ZZZZ=            -17.4756 XXXY=             36.5989
 XXXZ=              0.0000 YYYX=             95.1702 YYYZ=             -0.0000 ZZZX=              0.0000
 ZZZY=             -0.0000 XXYY=            -73.4717 XXZZ=            -14.2209 YYZZ=            -51.2521
 XXYZ=             -0.0000 YYXZ=              0.0000 ZZXY=             10.5594
 N-N= 1.863210129273D+01 E-N=-4.880287029587D+01  KE= 7.028689649056D+00
 Symmetry AG   KE= 1.504508380724D+00
 Symmetry BG   KE= 0.000000000000D+00
 Symmetry AU   KE= 0.000000000000D+00
 Symmetry BU   KE= 5.524181268332D+00

 Test job not archived.
 1\1\GINC-SULU\Stability\RHF\Gen\H12\LCJ1\17-Feb-2017\0\\#rhf/gen scf(s
 ymm,tight,novaracc,noincfock,fulldiag) stable(crhf) guess=read geom=no
 crowd test\\hf stability analysis of h12 triangular lattice, y= 0.4799
 3687953036013\\0,1\H\H,1,1.2951753716\H,1,1.2951753716,2,136.5\H,2,1.2
 951753716,1,43.5,3,0.,0\H,2,1.2951753716,1,180.,3,0.,0\H,4,1.295175371
 6,3,180.,5,0.,0\H,6,1.2951753716,5,180.,3,0.,0\H,4,1.2951753716,2,180.
 ,3,0.,0\H,3,1.2951753716,1,180.,4,0.,0\H,9,1.2951753716,3,180.,4,0.,0\
 H,8,1.2951753716,4,180.,3,0.,0\H,7,1.2951753716,6,180.,3,0.,0\\Version
 =ES64L-G09RevE.01\State=1-AG\HF=-5.4021236\MP2=-5.9631909\RMSD=4.082e-
 09\Dipole=0.,0.,0.\Quadrupole=3.4475971,4.100898,-7.5484952,0.,6.04522
 77,0.\PG=C02H [SGH(H12)]\\@


 I think that all right-thinking people in this
 country are sick and tired of being told that
 ordinary, decent people are fed up in this country
 with being sick and tired.  I'm certainly not!
 But I'm sick and tired of being told that I am!
                               -- Monty Python
 Job cpu time:       0 days  0 hours  0 minutes  1.1 seconds.
 File lengths (MBytes):  RWF=     84 Int=      0 D2E=      0 Chk=      2 Scr=      2
 Normal termination of Gaussian 09 at Fri Feb 17 14:55:46 2017.
