 Entering Gaussian System, Link 0=g09
 AtFile(1): H.gbs
            H     0
            S   10   1.00
               1000.000000000000            0.000068713567
                316.227766000000            0.000169141320
                100.000000000000            0.000823394812
                 31.622776600000            0.003425569236
                 10.000000000000            0.013951996000
                  3.162277660000            0.056909313560
                  1.000000000000            0.198286399900
                  0.316227766000            0.496922426700
                  0.100000000000            0.369846276400
                  0.031622776600            0.003752720039
            ****
 Initial command:
 /projects/guscus/apps/gau/g09-e1/g09/l1.exe "/users/lcj1/gaussian/h12/rhfstability/rect/guess/ag2bu4/Gau-8504.inp" -scrdir="/users/lcj1/gaussian/h12/rhfstability/rect/guess/ag2bu4/"
 Entering Link 1 = /projects/guscus/apps/gau/g09-e1/g09/l1.exe PID=      8505.
  
 Copyright (c) 1988,1990,1992,1993,1995,1998,2003,2009,2015,
            Gaussian, Inc.  All Rights Reserved.
  
 This is part of the Gaussian(R) 09 program.  It is based on
 the Gaussian(R) 03 system (copyright 2003, Gaussian, Inc.),
 the Gaussian(R) 98 system (copyright 1998, Gaussian, Inc.),
 the Gaussian(R) 94 system (copyright 1995, Gaussian, Inc.),
 the Gaussian 92(TM) system (copyright 1992, Gaussian, Inc.),
 the Gaussian 90(TM) system (copyright 1990, Gaussian, Inc.),
 the Gaussian 88(TM) system (copyright 1988, Gaussian, Inc.),
 the Gaussian 86(TM) system (copyright 1986, Carnegie Mellon
 University), and the Gaussian 82(TM) system (copyright 1983,
 Carnegie Mellon University). Gaussian is a federally registered
 trademark of Gaussian, Inc.
  
 This software contains proprietary and confidential information,
 including trade secrets, belonging to Gaussian, Inc.
  
 This software is provided under written license and may be
 used, copied, transmitted, or stored only in accord with that
 written license.
  
 The following legend is applicable only to US Government
 contracts under FAR:
  
                    RESTRICTED RIGHTS LEGEND
  
 Use, reproduction and disclosure by the US Government is
 subject to restrictions as set forth in subparagraphs (a)
 and (c) of the Commercial Computer Software - Restricted
 Rights clause in FAR 52.227-19.
  
 Gaussian, Inc.
 340 Quinnipiac St., Bldg. 40, Wallingford CT 06492
  
  
 ---------------------------------------------------------------
 Warning -- This program may not be used in any manner that
 competes with the business of Gaussian, Inc. or will provide
 assistance to any competitor of Gaussian, Inc.  The licensee
 of this program is prohibited from giving any competitor of
 Gaussian, Inc. access to this program.  By using this program,
 the user acknowledges that Gaussian, Inc. is engaged in the
 business of creating and licensing software in the field of
 computational chemistry and represents and warrants to the
 licensee that it is not a competitor of Gaussian, Inc. and that
 it will not use this program in any manner prohibited above.
 ---------------------------------------------------------------
  

 Cite this work as:
 Gaussian 09, Revision E.01,
 M. J. Frisch, G. W. Trucks, H. B. Schlegel, G. E. Scuseria, 
 M. A. Robb, J. R. Cheeseman, G. Scalmani, V. Barone, B. Mennucci, 
 G. A. Petersson, H. Nakatsuji, M. Caricato, X. Li, H. P. Hratchian, 
 A. F. Izmaylov, J. Bloino, G. Zheng, J. L. Sonnenberg, M. Hada, 
 M. Ehara, K. Toyota, R. Fukuda, J. Hasegawa, M. Ishida, T. Nakajima, 
 Y. Honda, O. Kitao, H. Nakai, T. Vreven, J. A. Montgomery, Jr., 
 J. E. Peralta, F. Ogliaro, M. Bearpark, J. J. Heyd, E. Brothers, 
 K. N. Kudin, V. N. Staroverov, T. Keith, R. Kobayashi, J. Normand, 
 K. Raghavachari, A. Rendell, J. C. Burant, S. S. Iyengar, J. Tomasi, 
 M. Cossi, N. Rega, J. M. Millam, M. Klene, J. E. Knox, J. B. Cross, 
 V. Bakken, C. Adamo, J. Jaramillo, R. Gomperts, R. E. Stratmann, 
 O. Yazyev, A. J. Austin, R. Cammi, C. Pomelli, J. W. Ochterski, 
 R. L. Martin, K. Morokuma, V. G. Zakrzewski, G. A. Voth, 
 P. Salvador, J. J. Dannenberg, S. Dapprich, A. D. Daniels, 
 O. Farkas, J. B. Foresman, J. V. Ortiz, J. Cioslowski, 
 and D. J. Fox, Gaussian, Inc., Wallingford CT, 2013.
 
 ******************************************
 Gaussian 09:  ES64L-G09RevE.01 30-Nov-2015
                17-Feb-2017 
 ******************************************
 %chk=h12.chk
 ----------------------------------------------------------------------
 #rhf/gen scf(symm,tight,novaracc,noincfock,fulldiag) stable(crhf) gues
 s=read geom=nocrowd test
 ----------------------------------------------------------------------
 1/38=1/1;
 2/12=1,17=6,18=5,40=1/2;
 3/5=7,16=1,25=1,30=1,116=1/1,2,3;
 4/5=1,9=4/1;
 5/5=100002,15=2,16=1,32=2,38=6/2;
 8/6=1,10=90,11=11/1,4;
 9/8=4,13=1/2;
 6/7=2,8=2,9=2,10=2,28=1/1;
 99/5=1,9=1/99;
 ----------------------------------------------------------------------
 hf stability analysis of h12 triangular lattice, y= 0.2937440693806230
 9
 ----------------------------------------------------------------------
 Symbolic Z-matrix:
 Charge =  0 Multiplicity = 1
 H
 H                    1     1.98732 
 H                    1     1.98732  2     163. 
 H                    2     1.98732  1     17.      3     0.       0
 H                    2     1.98732  1     180.     3     0.       0
 H                    4     1.98732  3     180.     5     0.       0
 H                    6     1.98732  5     180.     3     0.       0
 H                    4     1.98732  2     180.     3     0.       0
 H                    3     1.98732  1     180.     4     0.       0
 H                    9     1.98732  3     180.     4     0.       0
 H                    8     1.98732  4     180.     3     0.       0
 H                    7     1.98732  6     180.     3     0.       0
 
                          Input orientation:                          
 ---------------------------------------------------------------------
 Center     Atomic      Atomic             Coordinates (Angstroms)
 Number     Number       Type             X           Y           Z
 ---------------------------------------------------------------------
      1          1           0        0.000000    0.000000    0.000000
      2          1           0        0.000000    0.000000    1.987316
      3          1           0        0.581035    0.000000   -1.900480
      4          1           0        0.581035    0.000000    0.086836
      5          1           0        0.000000    0.000000    3.974633
      6          1           0        0.581035    0.000000    2.074153
      7          1           0        1.162070    0.000000    0.173673
      8          1           0        1.162070    0.000000   -1.813644
      9          1           0        1.162070    0.000000   -3.800960
     10          1           0        1.743105    0.000000   -5.701440
     11          1           0        1.743105    0.000000   -3.714124
     12          1           0        1.743105    0.000000   -1.726808
 ---------------------------------------------------------------------
                    Distance matrix (angstroms):
                    1          2          3          4          5
     1  H    0.000000
     2  H    1.987316   0.000000
     3  H    1.987316   3.930975   0.000000
     4  H    0.587488   1.987316   1.987316   0.000000
     5  H    3.974633   1.987316   5.903774   3.930975   0.000000
     6  H    2.153999   0.587488   3.974633   1.987316   1.987316
     7  H    1.174976   2.153999   2.153999   0.587488   3.974633
     8  H    2.153999   3.974633   0.587488   1.987316   5.903774
     9  H    3.974633   5.903774   1.987316   3.930975   7.861950
    10  H    5.961949   7.883869   3.974633   5.903774   9.831826
    11  H    4.102820   5.961949   2.153999   3.974633   7.883869
    12  H    2.453626   4.102820   1.174976   2.153999   5.961949
                    6          7          8          9         10
     6  H    0.000000
     7  H    1.987316   0.000000
     8  H    3.930975   1.987316   0.000000
     9  H    5.903774   3.974633   1.987316   0.000000
    10  H    7.861950   5.903774   3.930975   1.987316   0.000000
    11  H    5.903774   3.930975   1.987316   0.587488   1.987316
    12  H    3.974633   1.987316   0.587488   2.153999   3.974633
                   11         12
    11  H    0.000000
    12  H    1.987316   0.000000
 Stoichiometry    H12
 Framework group  C2H[SGH(H12)]
 Deg. of freedom    11
 Full point group                 C2H     NOp   4
 Largest Abelian subgroup         C2H     NOp   4
 Largest concise Abelian subgroup C2      NOp   2
                         Standard orientation:                         
 ---------------------------------------------------------------------
 Center     Atomic      Atomic             Coordinates (Angstroms)
 Number     Number       Type             X           Y           Z
 ---------------------------------------------------------------------
      1          1           0        0.581035    1.080494   -0.000000
      2          1           0        0.000000    2.980975   -0.000000
      3          1           0        0.581035   -0.906822   -0.000000
      4          1           0        0.000000    0.993658   -0.000000
      5          1           0       -0.581035    4.881455    0.000000
      6          1           0       -0.581035    2.894138    0.000000
      7          1           0       -0.581035    0.906822   -0.000000
      8          1           0       -0.000000   -0.993658    0.000000
      9          1           0        0.581035   -2.894138    0.000000
     10          1           0        0.581035   -4.881455    0.000000
     11          1           0       -0.000000   -2.980975    0.000000
     12          1           0       -0.581035   -1.080494   -0.000000
 ---------------------------------------------------------------------
 Rotational constants (GHZ):    279.0593318      5.6318048      5.5203956
 General basis read from cards:  (5D, 7F)
 There are     6 symmetry adapted cartesian basis functions of AG  symmetry.
 There are     0 symmetry adapted cartesian basis functions of BG  symmetry.
 There are     0 symmetry adapted cartesian basis functions of AU  symmetry.
 There are     6 symmetry adapted cartesian basis functions of BU  symmetry.
 There are     6 symmetry adapted basis functions of AG  symmetry.
 There are     0 symmetry adapted basis functions of BG  symmetry.
 There are     0 symmetry adapted basis functions of AU  symmetry.
 There are     6 symmetry adapted basis functions of BU  symmetry.
    12 basis functions,   120 primitive gaussians,    12 cartesian basis functions
     6 alpha electrons        6 beta electrons
       nuclear repulsion energy        16.3807515163 Hartrees.
 NAtoms=   12 NActive=   12 NUniq=    6 SFac= 4.00D+00 NAtFMM=   60 NAOKFM=F Big=F
 Integral buffers will be    131072 words long.
 Regular integral format.
 Two-electron integral symmetry is turned on.
 One-electron integrals computed using PRISM.
 NBasis=    12 RedAO= T EigKep=  5.65D-02  NBF=     6     0     0     6
 NBsUse=    12 1.00D-06 EigRej= -1.00D+00 NBFU=     6     0     0     6
 Initial guess from the checkpoint file:  "h12.chk"
 B after Tr=     0.000000    0.000000    0.000000
         Rot=    0.999999   -0.000000   -0.000000   -0.001518 Ang=  -0.17 deg.
 Initial guess orbital symmetries:
       Occupied  (AG) (BU) (AG) (BU) (BU) (BU)
       Virtual   (AG) (AG) (BU) (AG) (AG) (BU)
 Keep R1 ints in memory in symmetry-blocked form, NReq=895804.
 Requested convergence on RMS density matrix=1.00D-08 within 128 cycles.
 Requested convergence on MAX density matrix=1.00D-06.
 Requested convergence on             energy=1.00D-06.
 No special actions if energy rises.
 SCF Done:  E(RHF) =  -5.30366465419     A.U. after    6 cycles
            NFock=  6  Conv=0.39D-08     -V/T= 1.8357
 Range of M.O.s used for correlation:     1    12
 NBasis=    12 NAE=     6 NBE=     6 NFC=     0 NFV=     0
 NROrb=     12 NOA=     6 NOB=     6 NVA=     6 NVB=     6

 **** Warning!!: The smallest alpha delta epsilon is  0.53793192D-01

 Semi-Direct transformation.
 ModeAB=           4 MOrb=             6 LenV=     134092641
 LASXX=         2181 LTotXX=        2181 LenRXX=        5115
 LTotAB=        2934 MaxLAS=        3024 LenRXY=           0
 NonZer=        7296 LenScr=      655360 LnRSAI=        3024
 LnScr1=      655360 LExtra=           0 Total=      1318859
 MaxDsk=          -1 SrtSym=           T ITran=            3
 JobTyp=0 Pass  1:  I=   1 to   6.
 (rs|ai) integrals will be sorted in core.
 Spin components of T(2) and E(2):
     alpha-alpha T2 =       0.4983672734D-02 E2=     -0.4338120062D-02
     alpha-beta  T2 =       0.7224249999D+01 E2=     -0.8418578235D+00
     beta-beta   T2 =       0.4983672734D-02 E2=     -0.4338120062D-02
 ANorm=    0.2869532600D+01
 E2 =    -0.8505340636D+00 EUMP2 =    -0.61541987178137D+01
 Second order stability test of a single determinant RHF wave function:
 Stabil:  MDV=134217728
 ***********************************************************************
 Matrix         Lowest Root    Major Pairs
 ***********************************************************************
 Internal RHF     0.0229274    Stable
 RRHF --> CRHF   -0.000291     6A=7A
 RRHF --> RUHF   -0.5773197    6A=7B
 Not stable.
 ***********************************************************************

 **********************************************************************

            Population analysis using the SCF density.

 **********************************************************************

 Orbital symmetries:
       Occupied  (AG) (BU) (AG) (BU) (BU) (BU)
       Virtual   (AG) (AG) (BU) (AG) (AG) (BU)
 The electronic state is 1-AG.
 Alpha  occ. eigenvalues --   -0.89829  -0.83823  -0.68769  -0.68258  -0.28451
 Alpha  occ. eigenvalues --   -0.19905
 Alpha virt. eigenvalues --   -0.14526   0.04547   0.53406   0.54323   1.07594
 Alpha virt. eigenvalues --    1.24707
          Condensed to atoms (all electrons):
               1          2          3          4          5          6
     1  H    0.956204   0.000463   0.195968   0.232366   0.000132  -0.025455
     2  H    0.000463   0.605913   0.001364  -0.035218  -0.028528   0.490267
     3  H    0.195968   0.001364   1.036297  -0.022033  -0.000007  -0.000740
     4  H    0.232366  -0.035218  -0.022033   1.046283   0.000487  -0.034769
     5  H    0.000132  -0.028528  -0.000007   0.000487   1.059519  -0.028204
     6  H   -0.025455   0.490267  -0.000740  -0.034769  -0.028204   0.597593
     7  H   -0.438872  -0.027952  -0.180132   0.247365   0.000172  -0.001045
     8  H   -0.011889   0.000458   0.247365  -0.039178  -0.000017   0.000474
     9  H    0.001103  -0.000008  -0.001045   0.000474   0.000002  -0.000013
    10  H   -0.000005   0.000002   0.000172  -0.000017  -0.000001   0.000002
    11  H   -0.000667  -0.000013  -0.027952   0.000458   0.000002  -0.000008
    12  H   -0.112909  -0.000667  -0.438872  -0.011889  -0.000005   0.001103
               7          8          9         10         11         12
     1  H   -0.438872  -0.011889   0.001103  -0.000005  -0.000667  -0.112909
     2  H   -0.027952   0.000458  -0.000008   0.000002  -0.000013  -0.000667
     3  H   -0.180132   0.247365  -0.001045   0.000172  -0.027952  -0.438872
     4  H    0.247365  -0.039178   0.000474  -0.000017   0.000458  -0.011889
     5  H    0.000172  -0.000017   0.000002  -0.000001   0.000002  -0.000005
     6  H   -0.001045   0.000474  -0.000013   0.000002  -0.000008   0.001103
     7  H    1.036297  -0.022033  -0.000740  -0.000007   0.001364   0.195968
     8  H   -0.022033   1.046283  -0.034769   0.000487  -0.035218   0.232366
     9  H   -0.000740  -0.034769   0.597593  -0.028204   0.490267  -0.025455
    10  H   -0.000007   0.000487  -0.028204   1.059519  -0.028528   0.000132
    11  H    0.001364  -0.035218   0.490267  -0.028528   0.605913   0.000463
    12  H    0.195968   0.232366  -0.025455   0.000132   0.000463   0.956204
 Mulliken charges:
               1
     1  H    0.203559
     2  H   -0.006082
     3  H    0.189614
     4  H   -0.384330
     5  H   -0.003554
     6  H    0.000794
     7  H    0.189614
     8  H   -0.384330
     9  H    0.000794
    10  H   -0.003554
    11  H   -0.006082
    12  H    0.203559
 Sum of Mulliken charges =  -0.00000
 Mulliken charges with hydrogens summed into heavy atoms:
               1
 Electronic spatial extent (au):  <R**2>=            362.2178
 Charge=             -0.0000 electrons
 Dipole moment (field-independent basis, Debye):
    X=              0.0000    Y=              0.0000    Z=             -0.0000  Tot=              0.0000
 Quadrupole moment (field-independent basis, Debye-Ang):
   XX=            -16.2999   YY=            -19.1028   ZZ=            -15.4848
   XY=              0.7477   XZ=              0.0000   YZ=              0.0000
 Traceless Quadrupole moment (field-independent basis, Debye-Ang):
   XX=              0.6626   YY=             -2.1403   ZZ=              1.4777
   XY=              0.7477   XZ=              0.0000   YZ=              0.0000
 Octapole moment (field-independent basis, Debye-Ang**2):
  XXX=              0.0000  YYY=              0.0000  ZZZ=             -0.0000  XYY=             -0.0000
  XXY=              0.0000  XXZ=              0.0000  XZZ=              0.0000  YZZ=              0.0000
  YYZ=             -0.0000  XYZ=             -0.0000
 Hexadecapole moment (field-independent basis, Debye-Ang**3):
 XXXX=            -43.0745 YYYY=           -864.1932 ZZZZ=            -18.7755 XXXY=             34.6611
 XXXZ=             -0.0000 YYYX=             54.7861 YYYZ=              0.0000 ZZZX=             -0.0000
 ZZZY=              0.0000 XXYY=           -125.8268 XXZZ=            -10.2855 YYZZ=           -123.9534
 XXYZ=              0.0000 YYXZ=             -0.0000 ZZXY=             11.9191
 N-N= 1.638075151627D+01 E-N=-4.253415064748D+01  KE= 6.346010057077D+00
 Symmetry AG   KE= 1.620436851509D+00
 Symmetry BG   KE= 0.000000000000D+00
 Symmetry AU   KE= 0.000000000000D+00
 Symmetry BU   KE= 4.725573205568D+00

 Test job not archived.
 1\1\GINC-SULU\Stability\RHF\Gen\H12\LCJ1\17-Feb-2017\0\\#rhf/gen scf(s
 ymm,tight,novaracc,noincfock,fulldiag) stable(crhf) guess=read geom=no
 crowd test\\hf stability analysis of h12 triangular lattice, y= 0.2937
 4406938062309\\0,1\H\H,1,1.9873163625\H,1,1.9873163625,2,163.\H,2,1.98
 73163625,1,17.,3,0.,0\H,2,1.9873163625,1,180.,3,0.,0\H,4,1.9873163625,
 3,180.,5,0.,0\H,6,1.9873163625,5,180.,3,0.,0\H,4,1.9873163625,2,180.,3
 ,0.,0\H,3,1.9873163625,1,180.,4,0.,0\H,9,1.9873163625,3,180.,4,0.,0\H,
 8,1.9873163625,4,180.,3,0.,0\H,7,1.9873163625,6,180.,3,0.,0\\Version=E
 S64L-G09RevE.01\State=1-AG\HF=-5.3036647\MP2=-6.1541987\RMSD=3.872e-09
 \Dipole=0.,0.,0.\Quadrupole=0.6253409,1.0986528,-1.7239937,0.,0.121759
 4,0.\PG=C02H [SGH(H12)]\\@


 At the touch of love, everyone becomves a poet.
                                -- Plato
 Job cpu time:       0 days  0 hours  0 minutes  0.9 seconds.
 File lengths (MBytes):  RWF=     84 Int=      0 D2E=      0 Chk=      2 Scr=      2
 Normal termination of Gaussian 09 at Fri Feb 17 14:53:12 2017.
