 Entering Gaussian System, Link 0=g09
 AtFile(1): H.gbs
            H     0
            S   10   1.00
               1000.000000000000            0.000068713567
                316.227766000000            0.000169141320
                100.000000000000            0.000823394812
                 31.622776600000            0.003425569236
                 10.000000000000            0.013951996000
                  3.162277660000            0.056909313560
                  1.000000000000            0.198286399900
                  0.316227766000            0.496922426700
                  0.100000000000            0.369846276400
                  0.031622776600            0.003752720039
            ****
 Initial command:
 /projects/guscus/apps/gau/g09-e1/g09/l1.exe "/users/lcj1/gaussian/h12/rhfstability/rect/guess/ag2bu4/Gau-32385.inp" -scrdir="/users/lcj1/gaussian/h12/rhfstability/rect/guess/ag2bu4/"
 Entering Link 1 = /projects/guscus/apps/gau/g09-e1/g09/l1.exe PID=     32386.
  
 Copyright (c) 1988,1990,1992,1993,1995,1998,2003,2009,2015,
            Gaussian, Inc.  All Rights Reserved.
  
 This is part of the Gaussian(R) 09 program.  It is based on
 the Gaussian(R) 03 system (copyright 2003, Gaussian, Inc.),
 the Gaussian(R) 98 system (copyright 1998, Gaussian, Inc.),
 the Gaussian(R) 94 system (copyright 1995, Gaussian, Inc.),
 the Gaussian 92(TM) system (copyright 1992, Gaussian, Inc.),
 the Gaussian 90(TM) system (copyright 1990, Gaussian, Inc.),
 the Gaussian 88(TM) system (copyright 1988, Gaussian, Inc.),
 the Gaussian 86(TM) system (copyright 1986, Carnegie Mellon
 University), and the Gaussian 82(TM) system (copyright 1983,
 Carnegie Mellon University). Gaussian is a federally registered
 trademark of Gaussian, Inc.
  
 This software contains proprietary and confidential information,
 including trade secrets, belonging to Gaussian, Inc.
  
 This software is provided under written license and may be
 used, copied, transmitted, or stored only in accord with that
 written license.
  
 The following legend is applicable only to US Government
 contracts under FAR:
  
                    RESTRICTED RIGHTS LEGEND
  
 Use, reproduction and disclosure by the US Government is
 subject to restrictions as set forth in subparagraphs (a)
 and (c) of the Commercial Computer Software - Restricted
 Rights clause in FAR 52.227-19.
  
 Gaussian, Inc.
 340 Quinnipiac St., Bldg. 40, Wallingford CT 06492
  
  
 ---------------------------------------------------------------
 Warning -- This program may not be used in any manner that
 competes with the business of Gaussian, Inc. or will provide
 assistance to any competitor of Gaussian, Inc.  The licensee
 of this program is prohibited from giving any competitor of
 Gaussian, Inc. access to this program.  By using this program,
 the user acknowledges that Gaussian, Inc. is engaged in the
 business of creating and licensing software in the field of
 computational chemistry and represents and warrants to the
 licensee that it is not a competitor of Gaussian, Inc. and that
 it will not use this program in any manner prohibited above.
 ---------------------------------------------------------------
  

 Cite this work as:
 Gaussian 09, Revision E.01,
 M. J. Frisch, G. W. Trucks, H. B. Schlegel, G. E. Scuseria, 
 M. A. Robb, J. R. Cheeseman, G. Scalmani, V. Barone, B. Mennucci, 
 G. A. Petersson, H. Nakatsuji, M. Caricato, X. Li, H. P. Hratchian, 
 A. F. Izmaylov, J. Bloino, G. Zheng, J. L. Sonnenberg, M. Hada, 
 M. Ehara, K. Toyota, R. Fukuda, J. Hasegawa, M. Ishida, T. Nakajima, 
 Y. Honda, O. Kitao, H. Nakai, T. Vreven, J. A. Montgomery, Jr., 
 J. E. Peralta, F. Ogliaro, M. Bearpark, J. J. Heyd, E. Brothers, 
 K. N. Kudin, V. N. Staroverov, T. Keith, R. Kobayashi, J. Normand, 
 K. Raghavachari, A. Rendell, J. C. Burant, S. S. Iyengar, J. Tomasi, 
 M. Cossi, N. Rega, J. M. Millam, M. Klene, J. E. Knox, J. B. Cross, 
 V. Bakken, C. Adamo, J. Jaramillo, R. Gomperts, R. E. Stratmann, 
 O. Yazyev, A. J. Austin, R. Cammi, C. Pomelli, J. W. Ochterski, 
 R. L. Martin, K. Morokuma, V. G. Zakrzewski, G. A. Voth, 
 P. Salvador, J. J. Dannenberg, S. Dapprich, A. D. Daniels, 
 O. Farkas, J. B. Foresman, J. V. Ortiz, J. Cioslowski, 
 and D. J. Fox, Gaussian, Inc., Wallingford CT, 2013.
 
 ******************************************
 Gaussian 09:  ES64L-G09RevE.01 30-Nov-2015
                17-Feb-2017 
 ******************************************
 %chk=h12.chk
 ----------------------------------------------------------------------
 #rhf/gen scf(symm,tight,novaracc,noincfock,fulldiag) stable(crhf) gues
 s=read geom=nocrowd test
 ----------------------------------------------------------------------
 1/38=1/1;
 2/12=1,17=6,18=5,40=1/2;
 3/5=7,16=1,25=1,30=1,116=1/1,2,3;
 4/5=1,9=4/1;
 5/5=100002,15=2,16=1,32=2,38=6/2;
 8/6=1,10=90,11=11/1,4;
 9/8=4,13=1/2;
 6/7=2,8=2,9=2,10=2,28=1/1;
 99/5=1,9=1/99;
 ----------------------------------------------------------------------
 hf stability analysis of h12 triangular lattice, y= 0.9754198370359219
 4
 ----------------------------------------------------------------------
 Symbolic Z-matrix:
 Charge =  0 Multiplicity = 1
 H
 H                    1     1.14096 
 H                    1     1.14096  2     62.5 
 H                    2     1.14096  1     117.5    3     0.       0
 H                    2     1.14096  1     180.     3     0.       0
 H                    4     1.14096  3     180.     5     0.       0
 H                    6     1.14096  5     180.     3     0.       0
 H                    4     1.14096  2     180.     3     0.       0
 H                    3     1.14096  1     180.     4     0.       0
 H                    9     1.14096  3     180.     4     0.       0
 H                    8     1.14096  4     180.     3     0.       0
 H                    7     1.14096  6     180.     3     0.       0
 
                          Input orientation:                          
 ---------------------------------------------------------------------
 Center     Atomic      Atomic             Coordinates (Angstroms)
 Number     Number       Type             X           Y           Z
 ---------------------------------------------------------------------
      1          1           0        0.000000    0.000000    0.000000
      2          1           0        0.000000    0.000000    1.140959
      3          1           0        1.012043    0.000000    0.526836
      4          1           0        1.012043    0.000000    1.667796
      5          1           0        0.000000    0.000000    2.281919
      6          1           0        1.012043    0.000000    2.808755
      7          1           0        2.024087    0.000000    3.335592
      8          1           0        2.024087    0.000000    2.194632
      9          1           0        2.024087    0.000000    1.053673
     10          1           0        3.036130    0.000000    1.580509
     11          1           0        3.036130    0.000000    2.721469
     12          1           0        3.036130    0.000000    3.862428
 ---------------------------------------------------------------------
                    Distance matrix (angstroms):
                    1          2          3          4          5
     1  H    0.000000
     2  H    1.140959   0.000000
     3  H    1.140959   1.183799   0.000000
     4  H    1.950840   1.140959   1.140959   0.000000
     5  H    2.281919   1.140959   2.025968   1.183799   0.000000
     6  H    2.985522   1.950840   2.281919   1.140959   1.140959
     7  H    3.901679   2.985522   2.985522   1.950840   2.281919
     8  H    2.985522   2.281919   1.950840   1.140959   2.025968
     9  H    2.281919   2.025968   1.140959   1.183799   2.367597
    10  H    3.422878   3.067783   2.281919   2.025968   3.116097
    11  H    4.077313   3.422878   2.985522   2.281919   3.067783
    12  H    4.912885   4.077313   3.901679   2.985522   3.422878
                    6          7          8          9         10
     6  H    0.000000
     7  H    1.140959   0.000000
     8  H    1.183799   1.140959   0.000000
     9  H    2.025968   2.281919   1.140959   0.000000
    10  H    2.367597   2.025968   1.183799   1.140959   0.000000
    11  H    2.025968   1.183799   1.140959   1.950840   1.140959
    12  H    2.281919   1.140959   1.950840   2.985522   2.281919
                   11         12
    11  H    0.000000
    12  H    1.140959   0.000000
 Stoichiometry    H12
 Framework group  C2H[SGH(H12)]
 Deg. of freedom    11
 Full point group                 C2H     NOp   4
 Largest Abelian subgroup         C2H     NOp   4
 Largest concise Abelian subgroup C2      NOp   2
                         Standard orientation:                         
 ---------------------------------------------------------------------
 Center     Atomic      Atomic             Coordinates (Angstroms)
 Number     Number       Type             X           Y           Z
 ---------------------------------------------------------------------
      1          1           0        1.012043    2.238276    0.000000
      2          1           0        0.000000    1.711439    0.000000
      3          1           0        1.012043    1.097316    0.000000
      4          1           0        0.000000    0.570480    0.000000
      5          1           0       -1.012043    1.184603    0.000000
      6          1           0       -1.012043    0.043643    0.000000
      7          1           0       -1.012043   -1.097316    0.000000
      8          1           0       -0.000000   -0.570480    0.000000
      9          1           0        1.012043   -0.043643   -0.000000
     10          1           0        1.012043   -1.184603    0.000000
     11          1           0       -0.000000   -1.711439    0.000000
     12          1           0       -1.012043   -2.238276    0.000000
 ---------------------------------------------------------------------
 Rotational constants (GHZ):     72.0150128     21.8233318     16.7480311
 General basis read from cards:  (5D, 7F)
 There are     6 symmetry adapted cartesian basis functions of AG  symmetry.
 There are     0 symmetry adapted cartesian basis functions of BG  symmetry.
 There are     0 symmetry adapted cartesian basis functions of AU  symmetry.
 There are     6 symmetry adapted cartesian basis functions of BU  symmetry.
 There are     6 symmetry adapted basis functions of AG  symmetry.
 There are     0 symmetry adapted basis functions of BG  symmetry.
 There are     0 symmetry adapted basis functions of AU  symmetry.
 There are     6 symmetry adapted basis functions of BU  symmetry.
    12 basis functions,   120 primitive gaussians,    12 cartesian basis functions
     6 alpha electrons        6 beta electrons
       nuclear repulsion energy        19.6465200568 Hartrees.
 NAtoms=   12 NActive=   12 NUniq=    6 SFac= 4.00D+00 NAtFMM=   60 NAOKFM=F Big=F
 Integral buffers will be    131072 words long.
 Regular integral format.
 Two-electron integral symmetry is turned on.
 One-electron integrals computed using PRISM.
 NBasis=    12 RedAO= T EigKep=  1.68D-01  NBF=     6     0     0     6
 NBsUse=    12 1.00D-06 EigRej= -1.00D+00 NBFU=     6     0     0     6
 Initial guess from the checkpoint file:  "h12.chk"
 B after Tr=    -0.000000   -0.000000    0.000000
         Rot=    0.999999   -0.000000    0.000000   -0.001518 Ang=  -0.17 deg.
 Initial guess orbital symmetries:
       Occupied  (AG) (BU) (BU) (AG) (BU) (BU)
       Virtual   (AG) (AG) (AG) (BU) (AG) (BU)
 Keep R1 ints in memory in symmetry-blocked form, NReq=903994.
 Requested convergence on RMS density matrix=1.00D-08 within 128 cycles.
 Requested convergence on MAX density matrix=1.00D-06.
 Requested convergence on             energy=1.00D-06.
 No special actions if energy rises.
 SCF Done:  E(RHF) =  -5.14862366372     A.U. after   10 cycles
            NFock= 10  Conv=0.69D-08     -V/T= 1.7067
 Range of M.O.s used for correlation:     1    12
 NBasis=    12 NAE=     6 NBE=     6 NFC=     0 NFV=     0
 NROrb=     12 NOA=     6 NOB=     6 NVA=     6 NVB=     6

 **** Warning!!: The smallest alpha delta epsilon is -0.16301576D+00

 Semi-Direct transformation.
 ModeAB=           4 MOrb=             6 LenV=     134084339
 LASXX=         2181 LTotXX=        2181 LenRXX=        5115
 LTotAB=        2934 MaxLAS=        3024 LenRXY=           0
 NonZer=        7296 LenScr=      655360 LnRSAI=        3024
 LnScr1=      655360 LExtra=           0 Total=      1318859
 MaxDsk=          -1 SrtSym=           T ITran=            3
 JobTyp=0 Pass  1:  I=   1 to   6.
 (rs|ai) integrals will be sorted in core.
 Spin components of T(2) and E(2):
     alpha-alpha T2 =       0.1822116993D-01 E2=     -0.1603992101D-01
     alpha-beta  T2 =       0.1046793609D+01 E2=     -0.1399615272D+00
     beta-beta   T2 =       0.1822116993D-01 E2=     -0.1603992101D-01
 ANorm=    0.1443341938D+01
 E2 =    -0.1720413692D+00 EUMP2 =    -0.53206650329548D+01
 Second order stability test of a single determinant RHF wave function:
 Stabil:  MDV=134217728
 ***********************************************************************
 Matrix         Lowest Root    Major Pairs
 ***********************************************************************
 Internal RHF    -0.3443768    6A=7A
 RRHF --> CRHF   -0.4090156    6A=7A
 RRHF --> RUHF   -0.579372     6A=7B
 Not stable.
 ***********************************************************************

 **********************************************************************

            Population analysis using the SCF density.

 **********************************************************************

 Orbital symmetries:
       Occupied  (AG) (BU) (BU) (AG) (BU) (BU)
       Virtual   (AG) (AG) (AG) (BU) (AG) (BU)
 The electronic state is 1-AG.
 Alpha  occ. eigenvalues --   -0.92348  -0.73647  -0.59794  -0.52335  -0.24384
 Alpha  occ. eigenvalues --   -0.00666
 Alpha virt. eigenvalues --   -0.16968   0.10361   0.29835   0.34987   0.56755
 Alpha virt. eigenvalues --    0.62910
          Condensed to atoms (all electrons):
               1          2          3          4          5          6
     1  H    1.096413   0.163434   0.151597  -0.146737  -0.061779   0.022069
     2  H    0.163434   1.627856  -0.365024  -0.442882   0.130153  -0.237011
     3  H    0.151597  -0.365024   1.191899   0.418800  -0.050646   0.064954
     4  H   -0.146737  -0.442882   0.418800   1.440055   0.173698   0.254581
     5  H   -0.061779   0.130153  -0.050646   0.173698   0.450495  -0.016717
     6  H    0.022069  -0.237011   0.064954   0.254581  -0.016717   1.622453
     7  H    0.001210   0.066740  -0.055827  -0.204406   0.031799  -0.341350
     8  H    0.021073   0.092632  -0.204406  -0.498411  -0.030009  -0.027363
     9  H   -0.113106   0.145763  -0.341350  -0.027363   0.024827  -0.263068
    10  H    0.009710  -0.016790   0.031799  -0.030009  -0.019379   0.024827
    11  H    0.002541  -0.034382   0.066740   0.092632  -0.016790   0.145763
    12  H   -0.001622   0.002541   0.001210   0.021073   0.009710  -0.113106
               7          8          9         10         11         12
     1  H    0.001210   0.021073  -0.113106   0.009710   0.002541  -0.001622
     2  H    0.066740   0.092632   0.145763  -0.016790  -0.034382   0.002541
     3  H   -0.055827  -0.204406  -0.341350   0.031799   0.066740   0.001210
     4  H   -0.204406  -0.498411  -0.027363  -0.030009   0.092632   0.021073
     5  H    0.031799  -0.030009   0.024827  -0.019379  -0.016790   0.009710
     6  H   -0.341350  -0.027363  -0.263068   0.024827   0.145763  -0.113106
     7  H    1.191899   0.418800   0.064954  -0.050646  -0.365024   0.151597
     8  H    0.418800   1.440055   0.254581   0.173698  -0.442882  -0.146737
     9  H    0.064954   0.254581   1.622453  -0.016717  -0.237011   0.022069
    10  H   -0.050646   0.173698  -0.016717   0.450495   0.130153  -0.061779
    11  H   -0.365024  -0.442882  -0.237011   0.130153   1.627856   0.163434
    12  H    0.151597  -0.146737   0.022069  -0.061779   0.163434   1.096413
 Mulliken charges:
               1
     1  H   -0.144801
     2  H   -0.133030
     3  H    0.090254
     4  H   -0.051031
     5  H    0.374639
     6  H   -0.136032
     7  H    0.090254
     8  H   -0.051031
     9  H   -0.136032
    10  H    0.374639
    11  H   -0.133030
    12  H   -0.144801
 Sum of Mulliken charges =  -0.00000
 Mulliken charges with hydrogens summed into heavy atoms:
               1
 Electronic spatial extent (au):  <R**2>=            147.8391
 Charge=             -0.0000 electrons
 Dipole moment (field-independent basis, Debye):
    X=              0.0000    Y=              0.0000    Z=              0.0000  Tot=              0.0000
 Quadrupole moment (field-independent basis, Debye-Ang):
   XX=            -14.1891   YY=            -26.1460   ZZ=            -14.7002
   XY=             -7.3330   XZ=             -0.0000   YZ=             -0.0000
 Traceless Quadrupole moment (field-independent basis, Debye-Ang):
   XX=              4.1560   YY=             -7.8009   ZZ=              3.6449
   XY=             -7.3330   XZ=             -0.0000   YZ=             -0.0000
 Octapole moment (field-independent basis, Debye-Ang**2):
  XXX=              0.0000  YYY=              0.0000  ZZZ=             -0.0000  XYY=              0.0000
  XXY=              0.0000  XXZ=             -0.0000  XZZ=              0.0000  YZZ=              0.0000
  YYZ=             -0.0000  XYZ=             -0.0000
 Hexadecapole moment (field-independent basis, Debye-Ang**3):
 XXXX=            -78.5712 YYYY=           -282.0250 ZZZZ=            -17.1733 XXXY=            -31.0869
 XXXZ=              0.0000 YYYX=            -50.5432 YYYZ=             -0.0000 ZZZX=              0.0000
 ZZZY=             -0.0000 XXYY=            -51.3213 XXZZ=            -16.1650 YYZZ=            -37.0543
 XXYZ=             -0.0000 YYXZ=             -0.0000 ZZXY=             -7.4580
 N-N= 1.964652005680D+01 E-N=-5.081251338553D+01  KE= 7.285711433129D+00
 Symmetry AG   KE= 1.529438424536D+00
 Symmetry BG   KE= 0.000000000000D+00
 Symmetry AU   KE= 0.000000000000D+00
 Symmetry BU   KE= 5.756273008593D+00

 Test job not archived.
 1\1\GINC-SULU\Stability\RHF\Gen\H12\LCJ1\17-Feb-2017\0\\#rhf/gen scf(s
 ymm,tight,novaracc,noincfock,fulldiag) stable(crhf) guess=read geom=no
 crowd test\\hf stability analysis of h12 triangular lattice, y= 0.9754
 1983703592194\\0,1\H\H,1,1.1409594996\H,1,1.1409594996,2,62.5\H,2,1.14
 09594996,1,117.5,3,0.,0\H,2,1.1409594996,1,180.,3,0.,0\H,4,1.140959499
 6,3,180.,5,0.,0\H,6,1.1409594996,5,180.,3,0.,0\H,4,1.1409594996,2,180.
 ,3,0.,0\H,3,1.1409594996,1,180.,4,0.,0\H,9,1.1409594996,3,180.,4,0.,0\
 H,8,1.1409594996,4,180.,3,0.,0\H,7,1.1409594996,6,180.,3,0.,0\\Version
 =ES64L-G09RevE.01\State=1-AG\HF=-5.1486237\MP2=-5.320665\RMSD=6.933e-0
 9\Dipole=0.,0.,0.\Quadrupole=0.5615264,2.7099102,-3.2714366,0.,-6.7680
 918,0.\PG=C02H [SGH(H12)]\\@


 CLIMB THE MOUNTAINS AND GET THEIR GOOD TIDINGS.
 NATURE'S PEACE WILL FLOW INTO YOU AS SUNSHINE FLOWS INTO TREES.
 THE WINDS WILL BLOW THEIR OWN FRESHNESS INTO YOU, 
 AND CARES WILL DROP OFF LIKE AUTUMN LEAVES.

                                         -- JOHN MUIR
 Job cpu time:       0 days  0 hours  0 minutes  1.1 seconds.
 File lengths (MBytes):  RWF=     84 Int=      0 D2E=      0 Chk=      2 Scr=      2
 Normal termination of Gaussian 09 at Fri Feb 17 15:03:29 2017.
