 Entering Gaussian System, Link 0=g09
 AtFile(1): H.gbs
            H     0
            S   10   1.00
               1000.000000000000            0.000068713567
                316.227766000000            0.000169141320
                100.000000000000            0.000823394812
                 31.622776600000            0.003425569236
                 10.000000000000            0.013951996000
                  3.162277660000            0.056909313560
                  1.000000000000            0.198286399900
                  0.316227766000            0.496922426700
                  0.100000000000            0.369846276400
                  0.031622776600            0.003752720039
            ****
 Initial command:
 /projects/guscus/apps/gau/g09-e1/g09/l1.exe "/users/lcj1/gaussian/h12/rhfstability/rect/guess/ag2bu4/Gau-9945.inp" -scrdir="/users/lcj1/gaussian/h12/rhfstability/rect/guess/ag2bu4/"
 Entering Link 1 = /projects/guscus/apps/gau/g09-e1/g09/l1.exe PID=      9946.
  
 Copyright (c) 1988,1990,1992,1993,1995,1998,2003,2009,2015,
            Gaussian, Inc.  All Rights Reserved.
  
 This is part of the Gaussian(R) 09 program.  It is based on
 the Gaussian(R) 03 system (copyright 2003, Gaussian, Inc.),
 the Gaussian(R) 98 system (copyright 1998, Gaussian, Inc.),
 the Gaussian(R) 94 system (copyright 1995, Gaussian, Inc.),
 the Gaussian 92(TM) system (copyright 1992, Gaussian, Inc.),
 the Gaussian 90(TM) system (copyright 1990, Gaussian, Inc.),
 the Gaussian 88(TM) system (copyright 1988, Gaussian, Inc.),
 the Gaussian 86(TM) system (copyright 1986, Carnegie Mellon
 University), and the Gaussian 82(TM) system (copyright 1983,
 Carnegie Mellon University). Gaussian is a federally registered
 trademark of Gaussian, Inc.
  
 This software contains proprietary and confidential information,
 including trade secrets, belonging to Gaussian, Inc.
  
 This software is provided under written license and may be
 used, copied, transmitted, or stored only in accord with that
 written license.
  
 The following legend is applicable only to US Government
 contracts under FAR:
  
                    RESTRICTED RIGHTS LEGEND
  
 Use, reproduction and disclosure by the US Government is
 subject to restrictions as set forth in subparagraphs (a)
 and (c) of the Commercial Computer Software - Restricted
 Rights clause in FAR 52.227-19.
  
 Gaussian, Inc.
 340 Quinnipiac St., Bldg. 40, Wallingford CT 06492
  
  
 ---------------------------------------------------------------
 Warning -- This program may not be used in any manner that
 competes with the business of Gaussian, Inc. or will provide
 assistance to any competitor of Gaussian, Inc.  The licensee
 of this program is prohibited from giving any competitor of
 Gaussian, Inc. access to this program.  By using this program,
 the user acknowledges that Gaussian, Inc. is engaged in the
 business of creating and licensing software in the field of
 computational chemistry and represents and warrants to the
 licensee that it is not a competitor of Gaussian, Inc. and that
 it will not use this program in any manner prohibited above.
 ---------------------------------------------------------------
  

 Cite this work as:
 Gaussian 09, Revision E.01,
 M. J. Frisch, G. W. Trucks, H. B. Schlegel, G. E. Scuseria, 
 M. A. Robb, J. R. Cheeseman, G. Scalmani, V. Barone, B. Mennucci, 
 G. A. Petersson, H. Nakatsuji, M. Caricato, X. Li, H. P. Hratchian, 
 A. F. Izmaylov, J. Bloino, G. Zheng, J. L. Sonnenberg, M. Hada, 
 M. Ehara, K. Toyota, R. Fukuda, J. Hasegawa, M. Ishida, T. Nakajima, 
 Y. Honda, O. Kitao, H. Nakai, T. Vreven, J. A. Montgomery, Jr., 
 J. E. Peralta, F. Ogliaro, M. Bearpark, J. J. Heyd, E. Brothers, 
 K. N. Kudin, V. N. Staroverov, T. Keith, R. Kobayashi, J. Normand, 
 K. Raghavachari, A. Rendell, J. C. Burant, S. S. Iyengar, J. Tomasi, 
 M. Cossi, N. Rega, J. M. Millam, M. Klene, J. E. Knox, J. B. Cross, 
 V. Bakken, C. Adamo, J. Jaramillo, R. Gomperts, R. E. Stratmann, 
 O. Yazyev, A. J. Austin, R. Cammi, C. Pomelli, J. W. Ochterski, 
 R. L. Martin, K. Morokuma, V. G. Zakrzewski, G. A. Voth, 
 P. Salvador, J. J. Dannenberg, S. Dapprich, A. D. Daniels, 
 O. Farkas, J. B. Foresman, J. V. Ortiz, J. Cioslowski, 
 and D. J. Fox, Gaussian, Inc., Wallingford CT, 2013.
 
 ******************************************
 Gaussian 09:  ES64L-G09RevE.01 30-Nov-2015
                17-Feb-2017 
 ******************************************
 %chk=h12.chk
 ----------------------------------------------------------------------
 #rhf/gen scf(symm,tight,novaracc,noincfock,fulldiag) stable(crhf) gues
 s=read geom=nocrowd test
 ----------------------------------------------------------------------
 1/38=1/1;
 2/12=1,17=6,18=5,40=1/2;
 3/5=7,16=1,25=1,30=1,116=1/1,2,3;
 4/5=1,9=4/1;
 5/5=100002,15=2,16=1,32=2,38=6/2;
 8/6=1,10=90,11=11/1,4;
 9/8=4,13=1/2;
 6/7=2,8=2,9=2,10=2,28=1/1;
 99/5=1,9=1/99;
 ----------------------------------------------------------------------
 hf stability analysis of h12 triangular lattice, y= 0.3650915174764740
 0
 ----------------------------------------------------------------------
 Symbolic Z-matrix:
 Charge =  0 Multiplicity = 1
 H
 H                    1     1.62298 
 H                    1     1.62298  2     154. 
 H                    2     1.62298  1     26.      3     0.       0
 H                    2     1.62298  1     180.     3     0.       0
 H                    4     1.62298  3     180.     5     0.       0
 H                    6     1.62298  5     180.     3     0.       0
 H                    4     1.62298  2     180.     3     0.       0
 H                    3     1.62298  1     180.     4     0.       0
 H                    9     1.62298  3     180.     4     0.       0
 H                    8     1.62298  4     180.     3     0.       0
 H                    7     1.62298  6     180.     3     0.       0
 
                          Input orientation:                          
 ---------------------------------------------------------------------
 Center     Atomic      Atomic             Coordinates (Angstroms)
 Number     Number       Type             X           Y           Z
 ---------------------------------------------------------------------
      1          1           0        0.000000    0.000000    0.000000
      2          1           0        0.000000    0.000000    1.622982
      3          1           0        0.711468    0.000000   -1.458727
      4          1           0        0.711468    0.000000    0.164255
      5          1           0        0.000000    0.000000    3.245964
      6          1           0        0.711468    0.000000    1.787237
      7          1           0        1.422937    0.000000    0.328511
      8          1           0        1.422937    0.000000   -1.294471
      9          1           0        1.422937    0.000000   -2.917453
     10          1           0        2.134405    0.000000   -4.376180
     11          1           0        2.134405    0.000000   -2.753198
     12          1           0        2.134405    0.000000   -1.130216
 ---------------------------------------------------------------------
                    Distance matrix (angstroms):
                    1          2          3          4          5
     1  H    0.000000
     2  H    1.622982   0.000000
     3  H    1.622982   3.162770   0.000000
     4  H    0.730183   1.622982   1.622982   0.000000
     5  H    3.245964   1.622982   4.758182   3.162770   0.000000
     6  H    1.923644   0.730183   3.245964   1.622982   1.622982
     7  H    1.460366   1.923644   1.923644   0.730183   3.245964
     8  H    1.923644   3.245964   0.730183   1.622982   4.758182
     9  H    3.245964   4.758182   1.622982   3.162770   6.325540
    10  H    4.868946   6.367545   3.245964   4.758182   7.915350
    11  H    3.483645   4.868946   1.923644   3.245964   6.367545
    12  H    2.415176   3.483645   1.460366   1.923644   4.868946
                    6          7          8          9         10
     6  H    0.000000
     7  H    1.622982   0.000000
     8  H    3.162770   1.622982   0.000000
     9  H    4.758182   3.245964   1.622982   0.000000
    10  H    6.325540   4.758182   3.162770   1.622982   0.000000
    11  H    4.758182   3.162770   1.622982   0.730183   1.622982
    12  H    3.245964   1.622982   0.730183   1.923644   3.245964
                   11         12
    11  H    0.000000
    12  H    1.622982   0.000000
 Stoichiometry    H12
 Framework group  C2H[SGH(H12)]
 Deg. of freedom    11
 Full point group                 C2H     NOp   4
 Largest Abelian subgroup         C2H     NOp   4
 Largest concise Abelian subgroup C2      NOp   2
                         Standard orientation:                         
 ---------------------------------------------------------------------
 Center     Atomic      Atomic             Coordinates (Angstroms)
 Number     Number       Type             X           Y           Z
 ---------------------------------------------------------------------
      1          1           0        0.711468    0.975746    0.000000
      2          1           0        0.000000    2.434473    0.000000
      3          1           0        0.711468   -0.647236    0.000000
      4          1           0        0.000000    0.811491    0.000000
      5          1           0       -0.711468    3.893200    0.000000
      6          1           0       -0.711468    2.270218    0.000000
      7          1           0       -0.711468    0.647236    0.000000
      8          1           0        0.000000   -0.811491    0.000000
      9          1           0        0.711468   -2.270218    0.000000
     10          1           0        0.711468   -3.893200    0.000000
     11          1           0        0.000000   -2.434473    0.000000
     12          1           0       -0.711468   -0.975746    0.000000
 ---------------------------------------------------------------------
 Rotational constants (GHZ):    181.2015398      8.6732579      8.2770737
 General basis read from cards:  (5D, 7F)
 There are     6 symmetry adapted cartesian basis functions of AG  symmetry.
 There are     0 symmetry adapted cartesian basis functions of BG  symmetry.
 There are     0 symmetry adapted cartesian basis functions of AU  symmetry.
 There are     6 symmetry adapted cartesian basis functions of BU  symmetry.
 There are     6 symmetry adapted basis functions of AG  symmetry.
 There are     0 symmetry adapted basis functions of BG  symmetry.
 There are     0 symmetry adapted basis functions of AU  symmetry.
 There are     6 symmetry adapted basis functions of BU  symmetry.
    12 basis functions,   120 primitive gaussians,    12 cartesian basis functions
     6 alpha electrons        6 beta electrons
       nuclear repulsion energy        17.2035507607 Hartrees.
 NAtoms=   12 NActive=   12 NUniq=    6 SFac= 4.00D+00 NAtFMM=   60 NAOKFM=F Big=F
 Integral buffers will be    131072 words long.
 Regular integral format.
 Two-electron integral symmetry is turned on.
 One-electron integrals computed using PRISM.
 NBasis=    12 RedAO= T EigKep=  9.60D-02  NBF=     6     0     0     6
 NBsUse=    12 1.00D-06 EigRej= -1.00D+00 NBFU=     6     0     0     6
 Initial guess from the checkpoint file:  "h12.chk"
 B after Tr=    -0.000000    0.000000    0.000000
         Rot=    0.999999    0.000000   -0.000000   -0.001518 Ang=  -0.17 deg.
 Initial guess orbital symmetries:
       Occupied  (AG) (BU) (AG) (BU) (BU) (BU)
       Virtual   (AG) (AG) (BU) (AG) (AG) (BU)
 Keep R1 ints in memory in symmetry-blocked form, NReq=897442.
 Requested convergence on RMS density matrix=1.00D-08 within 128 cycles.
 Requested convergence on MAX density matrix=1.00D-06.
 Requested convergence on             energy=1.00D-06.
 No special actions if energy rises.
 SCF Done:  E(RHF) =  -5.71697779429     A.U. after    7 cycles
            NFock=  7  Conv=0.11D-08     -V/T= 1.8972
 Range of M.O.s used for correlation:     1    12
 NBasis=    12 NAE=     6 NBE=     6 NFC=     0 NFV=     0
 NROrb=     12 NOA=     6 NOB=     6 NVA=     6 NVB=     6

 **** Warning!!: The smallest alpha delta epsilon is  0.64097294D-01

 Semi-Direct transformation.
 ModeAB=           4 MOrb=             6 LenV=     134090275
 LASXX=         2181 LTotXX=        2181 LenRXX=        5115
 LTotAB=        2934 MaxLAS=        3024 LenRXY=           0
 NonZer=        7296 LenScr=      655360 LnRSAI=        3024
 LnScr1=      655360 LExtra=           0 Total=      1318859
 MaxDsk=          -1 SrtSym=           T ITran=            3
 JobTyp=0 Pass  1:  I=   1 to   6.
 (rs|ai) integrals will be sorted in core.
 Spin components of T(2) and E(2):
     alpha-alpha T2 =       0.6649145053D-02 E2=     -0.5876717763D-02
     alpha-beta  T2 =       0.4531360513D+01 E2=     -0.6498359981D+00
     beta-beta   T2 =       0.6649145053D-02 E2=     -0.5876717763D-02
 ANorm=    0.2354709919D+01
 E2 =    -0.6615894337D+00 EUMP2 =    -0.63785672279523D+01
 Second order stability test of a single determinant RHF wave function:
 Stabil:  MDV=134217728
 ***********************************************************************
 Matrix         Lowest Root    Major Pairs
 ***********************************************************************
 Internal RHF     0.0261011    Stable
 RRHF --> CRHF   -0.005621     6A=7A
 RRHF --> RUHF   -0.5550761    6A=7B
 Not stable.
 ***********************************************************************

 **********************************************************************

            Population analysis using the SCF density.

 **********************************************************************

 Orbital symmetries:
       Occupied  (AG) (BU) (AG) (BU) (BU) (BU)
       Virtual   (AG) (AG) (BU) (AG) (AG) (BU)
 The electronic state is 1-AG.
 Alpha  occ. eigenvalues --   -0.88692  -0.77102  -0.64149  -0.58662  -0.38332
 Alpha  occ. eigenvalues --   -0.16232
 Alpha virt. eigenvalues --   -0.09822   0.01984   0.43366   0.47161   0.71637
 Alpha virt. eigenvalues --    0.94685
          Condensed to atoms (all electrons):
               1          2          3          4          5          6
     1  H    0.738036  -0.024649   0.187727   0.293216   0.001166  -0.051234
     2  H   -0.024649   0.726939   0.007005  -0.094150  -0.068633   0.520300
     3  H    0.187727   0.007005   0.919760  -0.065622  -0.000217  -0.001016
     4  H    0.293216  -0.094150  -0.065622   0.968750   0.002874  -0.088413
     5  H    0.001166  -0.068633  -0.000217   0.002874   1.168650  -0.063898
     6  H   -0.051234   0.520300  -0.001016  -0.088413  -0.063898   0.683623
     7  H   -0.183893  -0.063996  -0.196143   0.337095   0.001490  -0.031477
     8  H   -0.033799   0.004519   0.337095  -0.108613  -0.000371   0.004388
     9  H    0.004808  -0.000299  -0.031477   0.004388   0.000063  -0.000330
    10  H   -0.000147   0.000062   0.001490  -0.000371  -0.000018   0.000063
    11  H   -0.000812  -0.000333  -0.063996   0.004519   0.000062  -0.000299
    12  H   -0.084489  -0.000812  -0.183893  -0.033799  -0.000147   0.004808
               7          8          9         10         11         12
     1  H   -0.183893  -0.033799   0.004808  -0.000147  -0.000812  -0.084489
     2  H   -0.063996   0.004519  -0.000299   0.000062  -0.000333  -0.000812
     3  H   -0.196143   0.337095  -0.031477   0.001490  -0.063996  -0.183893
     4  H    0.337095  -0.108613   0.004388  -0.000371   0.004519  -0.033799
     5  H    0.001490  -0.000371   0.000063  -0.000018   0.000062  -0.000147
     6  H   -0.031477   0.004388  -0.000330   0.000063  -0.000299   0.004808
     7  H    0.919760  -0.065622  -0.001016  -0.000217   0.007005   0.187727
     8  H   -0.065622   0.968750  -0.088413   0.002874  -0.094150   0.293216
     9  H   -0.001016  -0.088413   0.683623  -0.063898   0.520300  -0.051234
    10  H   -0.000217   0.002874  -0.063898   1.168650  -0.068633   0.001166
    11  H    0.007005  -0.094150   0.520300  -0.068633   0.726939  -0.024649
    12  H    0.187727   0.293216  -0.051234   0.001166  -0.024649   0.738036
 Mulliken charges:
               1
     1  H    0.154070
     2  H   -0.005951
     3  H    0.089288
     4  H   -0.219871
     5  H   -0.041021
     6  H    0.023485
     7  H    0.089288
     8  H   -0.219871
     9  H    0.023485
    10  H   -0.041021
    11  H   -0.005951
    12  H    0.154070
 Sum of Mulliken charges =  -0.00000
 Mulliken charges with hydrogens summed into heavy atoms:
               1
 Electronic spatial extent (au):  <R**2>=            257.5045
 Charge=             -0.0000 electrons
 Dipole moment (field-independent basis, Debye):
    X=             -0.0000    Y=              0.0000    Z=              0.0000  Tot=              0.0000
 Quadrupole moment (field-independent basis, Debye-Ang):
   XX=            -15.5273   YY=            -24.5416   ZZ=            -15.2880
   XY=              2.5380   XZ=             -0.0000   YZ=              0.0000
 Traceless Quadrupole moment (field-independent basis, Debye-Ang):
   XX=              2.9250   YY=             -6.0893   ZZ=              3.1643
   XY=              2.5380   XZ=             -0.0000   YZ=              0.0000
 Octapole moment (field-independent basis, Debye-Ang**2):
  XXX=             -0.0000  YYY=              0.0000  ZZZ=             -0.0000  XYY=             -0.0000
  XXY=              0.0000  XXZ=             -0.0000  XZZ=             -0.0000  YZZ=              0.0000
  YYZ=             -0.0000  XYZ=              0.0000
 Hexadecapole moment (field-independent basis, Debye-Ang**3):
 XXXX=            -51.6753 YYYY=           -673.0672 ZZZZ=            -18.3000 XXXY=             34.1980
 XXXZ=              0.0000 YYYX=             74.1577 YYYZ=              0.0000 ZZZX=              0.0000
 ZZZY=              0.0000 XXYY=            -90.1468 XXZZ=            -11.7126 YYZZ=            -82.4233
 XXYZ=              0.0000 YYXZ=             -0.0000 ZZXY=             11.5176
 N-N= 1.720355076074D+01 E-N=-4.534976677604D+01  KE= 6.372074026341D+00
 Symmetry AG   KE= 1.542459216053D+00
 Symmetry BG   KE= 0.000000000000D+00
 Symmetry AU   KE= 0.000000000000D+00
 Symmetry BU   KE= 4.829614810288D+00

 Test job not archived.
 1\1\GINC-SULU\Stability\RHF\Gen\H12\LCJ1\17-Feb-2017\0\\#rhf/gen scf(s
 ymm,tight,novaracc,noincfock,fulldiag) stable(crhf) guess=read geom=no
 crowd test\\hf stability analysis of h12 triangular lattice, y= 0.3650
 9151747647400\\0,1\H\H,1,1.6229819796\H,1,1.6229819796,2,154.\H,2,1.62
 29819796,1,26.,3,0.,0\H,2,1.6229819796,1,180.,3,0.,0\H,4,1.6229819796,
 3,180.,5,0.,0\H,6,1.6229819796,5,180.,3,0.,0\H,4,1.6229819796,2,180.,3
 ,0.,0\H,3,1.6229819796,1,180.,4,0.,0\H,9,1.6229819796,3,180.,4,0.,0\H,
 8,1.6229819796,4,180.,3,0.,0\H,7,1.6229819796,6,180.,3,0.,0\\Version=E
 S64L-G09RevE.01\State=1-AG\HF=-5.7169778\MP2=-6.3785672\RMSD=1.102e-09
 \Dipole=0.,0.,0.\Quadrupole=2.3737275,2.3526028,-4.7263303,0.,1.478869
 8,0.\PG=C02H [SGH(H12)]\\@


 IF AT FIRST YOU DON'T SUCCEED, TRY LOOKING IN 
 THE WASTEBASKET FOR THE DIRECTIONS.
 Job cpu time:       0 days  0 hours  0 minutes  1.0 seconds.
 File lengths (MBytes):  RWF=     84 Int=      0 D2E=      0 Chk=      2 Scr=      2
 Normal termination of Gaussian 09 at Fri Feb 17 14:54:00 2017.
