 Entering Gaussian System, Link 0=g09
 AtFile(1): H.gbs
            H     0
            S   10   1.00
               1000.000000000000            0.000068713567
                316.227766000000            0.000169141320
                100.000000000000            0.000823394812
                 31.622776600000            0.003425569236
                 10.000000000000            0.013951996000
                  3.162277660000            0.056909313560
                  1.000000000000            0.198286399900
                  0.316227766000            0.496922426700
                  0.100000000000            0.369846276400
                  0.031622776600            0.003752720039
            ****
 Initial command:
 /projects/guscus/apps/gau/g09-e1/g09/l1.exe "/users/lcj1/gaussian/h12/rhfstability/rect/guess/ag2bu4/Gau-29363.inp" -scrdir="/users/lcj1/gaussian/h12/rhfstability/rect/guess/ag2bu4/"
 Entering Link 1 = /projects/guscus/apps/gau/g09-e1/g09/l1.exe PID=     29364.
  
 Copyright (c) 1988,1990,1992,1993,1995,1998,2003,2009,2015,
            Gaussian, Inc.  All Rights Reserved.
  
 This is part of the Gaussian(R) 09 program.  It is based on
 the Gaussian(R) 03 system (copyright 2003, Gaussian, Inc.),
 the Gaussian(R) 98 system (copyright 1998, Gaussian, Inc.),
 the Gaussian(R) 94 system (copyright 1995, Gaussian, Inc.),
 the Gaussian 92(TM) system (copyright 1992, Gaussian, Inc.),
 the Gaussian 90(TM) system (copyright 1990, Gaussian, Inc.),
 the Gaussian 88(TM) system (copyright 1988, Gaussian, Inc.),
 the Gaussian 86(TM) system (copyright 1986, Carnegie Mellon
 University), and the Gaussian 82(TM) system (copyright 1983,
 Carnegie Mellon University). Gaussian is a federally registered
 trademark of Gaussian, Inc.
  
 This software contains proprietary and confidential information,
 including trade secrets, belonging to Gaussian, Inc.
  
 This software is provided under written license and may be
 used, copied, transmitted, or stored only in accord with that
 written license.
  
 The following legend is applicable only to US Government
 contracts under FAR:
  
                    RESTRICTED RIGHTS LEGEND
  
 Use, reproduction and disclosure by the US Government is
 subject to restrictions as set forth in subparagraphs (a)
 and (c) of the Commercial Computer Software - Restricted
 Rights clause in FAR 52.227-19.
  
 Gaussian, Inc.
 340 Quinnipiac St., Bldg. 40, Wallingford CT 06492
  
  
 ---------------------------------------------------------------
 Warning -- This program may not be used in any manner that
 competes with the business of Gaussian, Inc. or will provide
 assistance to any competitor of Gaussian, Inc.  The licensee
 of this program is prohibited from giving any competitor of
 Gaussian, Inc. access to this program.  By using this program,
 the user acknowledges that Gaussian, Inc. is engaged in the
 business of creating and licensing software in the field of
 computational chemistry and represents and warrants to the
 licensee that it is not a competitor of Gaussian, Inc. and that
 it will not use this program in any manner prohibited above.
 ---------------------------------------------------------------
  

 Cite this work as:
 Gaussian 09, Revision E.01,
 M. J. Frisch, G. W. Trucks, H. B. Schlegel, G. E. Scuseria, 
 M. A. Robb, J. R. Cheeseman, G. Scalmani, V. Barone, B. Mennucci, 
 G. A. Petersson, H. Nakatsuji, M. Caricato, X. Li, H. P. Hratchian, 
 A. F. Izmaylov, J. Bloino, G. Zheng, J. L. Sonnenberg, M. Hada, 
 M. Ehara, K. Toyota, R. Fukuda, J. Hasegawa, M. Ishida, T. Nakajima, 
 Y. Honda, O. Kitao, H. Nakai, T. Vreven, J. A. Montgomery, Jr., 
 J. E. Peralta, F. Ogliaro, M. Bearpark, J. J. Heyd, E. Brothers, 
 K. N. Kudin, V. N. Staroverov, T. Keith, R. Kobayashi, J. Normand, 
 K. Raghavachari, A. Rendell, J. C. Burant, S. S. Iyengar, J. Tomasi, 
 M. Cossi, N. Rega, J. M. Millam, M. Klene, J. E. Knox, J. B. Cross, 
 V. Bakken, C. Adamo, J. Jaramillo, R. Gomperts, R. E. Stratmann, 
 O. Yazyev, A. J. Austin, R. Cammi, C. Pomelli, J. W. Ochterski, 
 R. L. Martin, K. Morokuma, V. G. Zakrzewski, G. A. Voth, 
 P. Salvador, J. J. Dannenberg, S. Dapprich, A. D. Daniels, 
 O. Farkas, J. B. Foresman, J. V. Ortiz, J. Cioslowski, 
 and D. J. Fox, Gaussian, Inc., Wallingford CT, 2013.
 
 ******************************************
 Gaussian 09:  ES64L-G09RevE.01 30-Nov-2015
                17-Feb-2017 
 ******************************************
 %chk=h12.chk
 ----------------------------------------------------------------------
 #rhf/gen scf(symm,tight,novaracc,noincfock,fulldiag) stable(crhf) gues
 s=read geom=nocrowd test
 ----------------------------------------------------------------------
 1/38=1/1;
 2/12=1,17=6,18=5,40=1/2;
 3/5=7,16=1,25=1,30=1,116=1/1,2,3;
 4/5=1,9=4/1;
 5/5=100002,15=2,16=1,32=2,38=6/2;
 8/6=1,10=90,11=11/1,4;
 9/8=4,13=1/2;
 6/7=2,8=2,9=2,10=2,28=1/1;
 99/5=1,9=1/99;
 ----------------------------------------------------------------------
 hf stability analysis of h12 triangular lattice, y= 0.8674200594573238
 1
 ----------------------------------------------------------------------
 Symbolic Z-matrix:
 Charge =  0 Multiplicity = 1
 H
 H                    1     1.09336 
 H                    1     1.09336  2     75. 
 H                    2     1.09336  1     105.     3     0.       0
 H                    2     1.09336  1     180.     3     0.       0
 H                    4     1.09336  3     180.     5     0.       0
 H                    6     1.09336  5     180.     3     0.       0
 H                    4     1.09336  2     180.     3     0.       0
 H                    3     1.09336  1     180.     4     0.       0
 H                    9     1.09336  3     180.     4     0.       0
 H                    8     1.09336  4     180.     3     0.       0
 H                    7     1.09336  6     180.     3     0.       0
 
                          Input orientation:                          
 ---------------------------------------------------------------------
 Center     Atomic      Atomic             Coordinates (Angstroms)
 Number     Number       Type             X           Y           Z
 ---------------------------------------------------------------------
      1          1           0        0.000000    0.000000    0.000000
      2          1           0        0.000000    0.000000    1.093359
      3          1           0        1.056104    0.000000    0.282982
      4          1           0        1.056104    0.000000    1.376341
      5          1           0        0.000000    0.000000    2.186718
      6          1           0        1.056104    0.000000    2.469700
      7          1           0        2.112207    0.000000    2.752682
      8          1           0        2.112207    0.000000    1.659323
      9          1           0        2.112207    0.000000    0.565964
     10          1           0        3.168311    0.000000    0.848946
     11          1           0        3.168311    0.000000    1.942305
     12          1           0        3.168311    0.000000    3.035664
 ---------------------------------------------------------------------
                    Distance matrix (angstroms):
                    1          2          3          4          5
     1  H    0.000000
     2  H    1.093359   0.000000
     3  H    1.093359   1.331190   0.000000
     4  H    1.734840   1.093359   1.093359   0.000000
     5  H    2.186718   1.093359   2.177054   1.331190   0.000000
     6  H    2.686033   1.734840   2.186718   1.093359   1.093359
     7  H    3.469680   2.686033   2.686033   1.734840   2.186718
     8  H    2.686033   2.186718   1.734840   1.093359   2.177054
     9  H    2.186718   2.177054   1.093359   1.331190   2.662379
    10  H    3.280077   3.177725   2.186718   2.177054   3.439161
    11  H    3.716281   3.280077   2.686033   2.186718   3.177725
    12  H    4.387876   3.716281   3.469680   2.686033   3.280077
                    6          7          8          9         10
     6  H    0.000000
     7  H    1.093359   0.000000
     8  H    1.331190   1.093359   0.000000
     9  H    2.177054   2.186718   1.093359   0.000000
    10  H    2.662379   2.177054   1.331190   1.093359   0.000000
    11  H    2.177054   1.331190   1.093359   1.734840   1.093359
    12  H    2.186718   1.093359   1.734840   2.686033   2.186718
                   11         12
    11  H    0.000000
    12  H    1.093359   0.000000
 Stoichiometry    H12
 Framework group  C2H[SGH(H12)]
 Deg. of freedom    11
 Full point group                 C2H     NOp   4
 Largest Abelian subgroup         C2H     NOp   4
 Largest concise Abelian subgroup C2      NOp   2
                         Standard orientation:                         
 ---------------------------------------------------------------------
 Center     Atomic      Atomic             Coordinates (Angstroms)
 Number     Number       Type             X           Y           Z
 ---------------------------------------------------------------------
      1          1           0        1.056104    1.923021    0.000000
      2          1           0       -0.000000    1.640039   -0.000000
      3          1           0        1.056104    0.829662    0.000000
      4          1           0       -0.000000    0.546680   -0.000000
      5          1           0       -1.056104    1.357056   -0.000000
      6          1           0       -1.056104    0.263697   -0.000000
      7          1           0       -1.056104   -0.829662    0.000000
      8          1           0       -0.000000   -0.546680   -0.000000
      9          1           0        1.056104   -0.263697   -0.000000
     10          1           0        1.056104   -1.357056   -0.000000
     11          1           0       -0.000000   -1.640039   -0.000000
     12          1           0       -1.056104   -1.923021    0.000000
 ---------------------------------------------------------------------
 Rotational constants (GHZ):     59.9616544     26.2102102     18.2380592
 General basis read from cards:  (5D, 7F)
 There are     6 symmetry adapted cartesian basis functions of AG  symmetry.
 There are     0 symmetry adapted cartesian basis functions of BG  symmetry.
 There are     0 symmetry adapted cartesian basis functions of AU  symmetry.
 There are     6 symmetry adapted cartesian basis functions of BU  symmetry.
 There are     6 symmetry adapted basis functions of AG  symmetry.
 There are     0 symmetry adapted basis functions of BG  symmetry.
 There are     0 symmetry adapted basis functions of AU  symmetry.
 There are     6 symmetry adapted basis functions of BU  symmetry.
    12 basis functions,   120 primitive gaussians,    12 cartesian basis functions
     6 alpha electrons        6 beta electrons
       nuclear repulsion energy        20.0225572130 Hartrees.
 NAtoms=   12 NActive=   12 NUniq=    6 SFac= 4.00D+00 NAtFMM=   60 NAOKFM=F Big=F
 Integral buffers will be    131072 words long.
 Regular integral format.
 Two-electron integral symmetry is turned on.
 One-electron integrals computed using PRISM.
 NBasis=    12 RedAO= T EigKep=  1.25D-01  NBF=     6     0     0     6
 NBsUse=    12 1.00D-06 EigRej= -1.00D+00 NBFU=     6     0     0     6
 Initial guess from the checkpoint file:  "h12.chk"
 B after Tr=     0.000000    0.000000   -0.000000
         Rot=    0.999999   -0.000000   -0.000000   -0.001518 Ang=  -0.17 deg.
 Initial guess orbital symmetries:
       Occupied  (AG) (BU) (BU) (AG) (BU) (BU)
       Virtual   (AG) (AG) (BU) (AG) (AG) (BU)
 Keep R1 ints in memory in symmetry-blocked form, NReq=903672.
 Requested convergence on RMS density matrix=1.00D-08 within 128 cycles.
 Requested convergence on MAX density matrix=1.00D-06.
 Requested convergence on             energy=1.00D-06.
 No special actions if energy rises.
 SCF Done:  E(RHF) =  -5.05933916309     A.U. after   11 cycles
            NFock= 11  Conv=0.20D-08     -V/T= 1.6741
 Range of M.O.s used for correlation:     1    12
 NBasis=    12 NAE=     6 NBE=     6 NFC=     0 NFV=     0
 NROrb=     12 NOA=     6 NOB=     6 NVA=     6 NVB=     6

 **** Warning!!: The smallest alpha delta epsilon is -0.14039447D+00

 Semi-Direct transformation.
 ModeAB=           4 MOrb=             6 LenV=     134084451
 LASXX=         2181 LTotXX=        2181 LenRXX=        5115
 LTotAB=        2934 MaxLAS=        3024 LenRXY=           0
 NonZer=        7296 LenScr=      655360 LnRSAI=        3024
 LnScr1=      655360 LExtra=           0 Total=      1318859
 MaxDsk=          -1 SrtSym=           T ITran=            3
 JobTyp=0 Pass  1:  I=   1 to   6.
 (rs|ai) integrals will be sorted in core.
 Spin components of T(2) and E(2):
     alpha-alpha T2 =       0.1397851159D-01 E2=     -0.1507713054D-01
     alpha-beta  T2 =       0.1769090571D+01 E2=     -0.1348005588D+00
     beta-beta   T2 =       0.1397851159D-01 E2=     -0.1507713054D-01
 ANorm=    0.1672437620D+01
 E2 =    -0.1649548199D+00 EUMP2 =    -0.52242939830118D+01
 Second order stability test of a single determinant RHF wave function:
 Stabil:  MDV=134217728
 ***********************************************************************
 Matrix         Lowest Root    Major Pairs
 ***********************************************************************
 Internal RHF    -0.3270658    6A=7A 5A=7A 3A=7A
 RRHF --> CRHF   -0.391797     6A=7A
 RRHF --> RUHF   -0.5548578    6A=7B
 Not stable.
 ***********************************************************************

 **********************************************************************

            Population analysis using the SCF density.

 **********************************************************************

 Orbital symmetries:
       Occupied  (AG) (BU) (BU) (AG) (BU) (BU)
       Virtual   (AG) (AG) (BU) (AG) (AG) (BU)
 The electronic state is 1-AG.
 Alpha  occ. eigenvalues --   -0.90726  -0.73413  -0.60115  -0.50313  -0.19471
 Alpha  occ. eigenvalues --   -0.07023
 Alpha virt. eigenvalues --   -0.21062   0.07858   0.28996   0.39102   0.59901
 Alpha virt. eigenvalues --    0.87268
          Condensed to atoms (all electrons):
               1          2          3          4          5          6
     1  H    1.372621   0.302555  -0.132197  -0.205623  -0.082065   0.017909
     2  H    0.302555   1.027585  -0.118430  -0.437667   0.319504  -0.231311
     3  H   -0.132197  -0.118430   0.816171   0.544185  -0.040911   0.024997
     4  H   -0.205623  -0.437667   0.544185   1.793146  -0.123294   0.571755
     5  H   -0.082065   0.319504  -0.040911  -0.123294   0.893224  -0.393985
     6  H    0.017909  -0.231311   0.024997   0.571755  -0.393985   1.748626
     7  H    0.010796   0.040161  -0.067285  -0.265244   0.050284  -0.084522
     8  H    0.029332   0.081161  -0.265244  -0.720396   0.051491  -0.236550
     9  H   -0.118771   0.057442  -0.084522  -0.236550   0.063539  -0.221142
    10  H    0.022858  -0.019951   0.050284   0.051491  -0.026967   0.063539
    11  H    0.002954  -0.011397   0.040161   0.081161  -0.019951   0.057442
    12  H   -0.004988   0.002954   0.010796   0.029332   0.022858  -0.118771
               7          8          9         10         11         12
     1  H    0.010796   0.029332  -0.118771   0.022858   0.002954  -0.004988
     2  H    0.040161   0.081161   0.057442  -0.019951  -0.011397   0.002954
     3  H   -0.067285  -0.265244  -0.084522   0.050284   0.040161   0.010796
     4  H   -0.265244  -0.720396  -0.236550   0.051491   0.081161   0.029332
     5  H    0.050284   0.051491   0.063539  -0.026967  -0.019951   0.022858
     6  H   -0.084522  -0.236550  -0.221142   0.063539   0.057442  -0.118771
     7  H    0.816171   0.544185   0.024997  -0.040911  -0.118430  -0.132197
     8  H    0.544185   1.793146   0.571755  -0.123294  -0.437667  -0.205623
     9  H    0.024997   0.571755   1.748626  -0.393985  -0.231311   0.017909
    10  H   -0.040911  -0.123294  -0.393985   0.893224   0.319504  -0.082065
    11  H   -0.118430  -0.437667  -0.231311   0.319504   1.027585   0.302555
    12  H   -0.132197  -0.205623   0.017909  -0.082065   0.302555   1.372621
 Mulliken charges:
               1
     1  H   -0.215381
     2  H   -0.012605
     3  H    0.221995
     4  H   -0.082297
     5  H    0.286273
     6  H   -0.197985
     7  H    0.221995
     8  H   -0.082297
     9  H   -0.197985
    10  H    0.286273
    11  H   -0.012605
    12  H   -0.215381
 Sum of Mulliken charges =   0.00000
 Mulliken charges with hydrogens summed into heavy atoms:
               1
 Electronic spatial extent (au):  <R**2>=            137.4226
 Charge=              0.0000 electrons
 Dipole moment (field-independent basis, Debye):
    X=              0.0000    Y=             -0.0000    Z=             -0.0000  Tot=              0.0000
 Quadrupole moment (field-independent basis, Debye-Ang):
   XX=            -13.2817   YY=            -24.9672   ZZ=            -14.5251
   XY=             -6.1352   XZ=             -0.0000   YZ=              0.0000
 Traceless Quadrupole moment (field-independent basis, Debye-Ang):
   XX=              4.3096   YY=             -7.3758   ZZ=              3.0662
   XY=             -6.1352   XZ=             -0.0000   YZ=              0.0000
 Octapole moment (field-independent basis, Debye-Ang**2):
  XXX=             -0.0000  YYY=             -0.0000  ZZZ=              0.0000  XYY=             -0.0000
  XXY=             -0.0000  XXZ=              0.0000  XZZ=              0.0000  YZZ=             -0.0000
  YYZ=              0.0000  XYZ=              0.0000
 Hexadecapole moment (field-independent basis, Debye-Ang**3):
 XXXX=            -78.3704 YYYY=           -248.8078 ZZZZ=            -16.8535 XXXY=            -20.5936
 XXXZ=              0.0000 YYYX=            -42.0112 YYYZ=             -0.0000 ZZZX=              0.0000
 ZZZY=             -0.0000 XXYY=            -48.6187 XXZZ=            -16.4765 YYZZ=            -32.6683
 XXYZ=             -0.0000 YYXZ=             -0.0000 ZZXY=             -4.7702
 N-N= 2.002255721304D+01 E-N=-5.164794648849D+01  KE= 7.505366554081D+00
 Symmetry AG   KE= 1.615130148561D+00
 Symmetry BG   KE= 0.000000000000D+00
 Symmetry AU   KE= 0.000000000000D+00
 Symmetry BU   KE= 5.890236405520D+00

 Test job not archived.
 1\1\GINC-SULU\Stability\RHF\Gen\H12\LCJ1\17-Feb-2017\0\\#rhf/gen scf(s
 ymm,tight,novaracc,noincfock,fulldiag) stable(crhf) guess=read geom=no
 crowd test\\hf stability analysis of h12 triangular lattice, y= 0.8674
 2005945732381\\0,1\H\H,1,1.0933590349\H,1,1.0933590349,2,75.\H,2,1.093
 3590349,1,105.,3,0.,0\H,2,1.0933590349,1,180.,3,0.,0\H,4,1.0933590349,
 3,180.,5,0.,0\H,6,1.0933590349,5,180.,3,0.,0\H,4,1.0933590349,2,180.,3
 ,0.,0\H,3,1.0933590349,1,180.,4,0.,0\H,9,1.0933590349,3,180.,4,0.,0\H,
 8,1.0933590349,4,180.,3,0.,0\H,7,1.0933590349,6,180.,3,0.,0\\Version=E
 S64L-G09RevE.01\State=1-AG\HF=-5.0593392\MP2=-5.224294\RMSD=2.025e-09\
 Dipole=0.,0.,0.\Quadrupole=-2.6210734,2.2796508,0.3414226,0.,-6.122253
 7,0.\PG=C02H [SGH(H12)]\\@


 ERROR IS THE FORCE THAT WELDS MEN TOGETHER....
 TRUTH IS COMMUNICATED TO MEN ONLY BY DEEDS OF TRUTH.
           TOLSTOI,MY RELIGION
 Job cpu time:       0 days  0 hours  0 minutes  1.1 seconds.
 File lengths (MBytes):  RWF=     84 Int=      0 D2E=      0 Chk=      2 Scr=      2
 Normal termination of Gaussian 09 at Fri Feb 17 15:02:12 2017.
