 Entering Gaussian System, Link 0=g09
 AtFile(1): H.gbs
            H     0
            S   10   1.00
               1000.000000000000            0.000068713567
                316.227766000000            0.000169141320
                100.000000000000            0.000823394812
                 31.622776600000            0.003425569236
                 10.000000000000            0.013951996000
                  3.162277660000            0.056909313560
                  1.000000000000            0.198286399900
                  0.316227766000            0.496922426700
                  0.100000000000            0.369846276400
                  0.031622776600            0.003752720039
            ****
 Initial command:
 /projects/guscus/apps/gau/g09-e1/g09/l1.exe "/users/lcj1/gaussian/h12/rhfstability/rect/guess/ag2bu4/Gau-8835.inp" -scrdir="/users/lcj1/gaussian/h12/rhfstability/rect/guess/ag2bu4/"
 Entering Link 1 = /projects/guscus/apps/gau/g09-e1/g09/l1.exe PID=      8836.
  
 Copyright (c) 1988,1990,1992,1993,1995,1998,2003,2009,2015,
            Gaussian, Inc.  All Rights Reserved.
  
 This is part of the Gaussian(R) 09 program.  It is based on
 the Gaussian(R) 03 system (copyright 2003, Gaussian, Inc.),
 the Gaussian(R) 98 system (copyright 1998, Gaussian, Inc.),
 the Gaussian(R) 94 system (copyright 1995, Gaussian, Inc.),
 the Gaussian 92(TM) system (copyright 1992, Gaussian, Inc.),
 the Gaussian 90(TM) system (copyright 1990, Gaussian, Inc.),
 the Gaussian 88(TM) system (copyright 1988, Gaussian, Inc.),
 the Gaussian 86(TM) system (copyright 1986, Carnegie Mellon
 University), and the Gaussian 82(TM) system (copyright 1983,
 Carnegie Mellon University). Gaussian is a federally registered
 trademark of Gaussian, Inc.
  
 This software contains proprietary and confidential information,
 including trade secrets, belonging to Gaussian, Inc.
  
 This software is provided under written license and may be
 used, copied, transmitted, or stored only in accord with that
 written license.
  
 The following legend is applicable only to US Government
 contracts under FAR:
  
                    RESTRICTED RIGHTS LEGEND
  
 Use, reproduction and disclosure by the US Government is
 subject to restrictions as set forth in subparagraphs (a)
 and (c) of the Commercial Computer Software - Restricted
 Rights clause in FAR 52.227-19.
  
 Gaussian, Inc.
 340 Quinnipiac St., Bldg. 40, Wallingford CT 06492
  
  
 ---------------------------------------------------------------
 Warning -- This program may not be used in any manner that
 competes with the business of Gaussian, Inc. or will provide
 assistance to any competitor of Gaussian, Inc.  The licensee
 of this program is prohibited from giving any competitor of
 Gaussian, Inc. access to this program.  By using this program,
 the user acknowledges that Gaussian, Inc. is engaged in the
 business of creating and licensing software in the field of
 computational chemistry and represents and warrants to the
 licensee that it is not a competitor of Gaussian, Inc. and that
 it will not use this program in any manner prohibited above.
 ---------------------------------------------------------------
  

 Cite this work as:
 Gaussian 09, Revision E.01,
 M. J. Frisch, G. W. Trucks, H. B. Schlegel, G. E. Scuseria, 
 M. A. Robb, J. R. Cheeseman, G. Scalmani, V. Barone, B. Mennucci, 
 G. A. Petersson, H. Nakatsuji, M. Caricato, X. Li, H. P. Hratchian, 
 A. F. Izmaylov, J. Bloino, G. Zheng, J. L. Sonnenberg, M. Hada, 
 M. Ehara, K. Toyota, R. Fukuda, J. Hasegawa, M. Ishida, T. Nakajima, 
 Y. Honda, O. Kitao, H. Nakai, T. Vreven, J. A. Montgomery, Jr., 
 J. E. Peralta, F. Ogliaro, M. Bearpark, J. J. Heyd, E. Brothers, 
 K. N. Kudin, V. N. Staroverov, T. Keith, R. Kobayashi, J. Normand, 
 K. Raghavachari, A. Rendell, J. C. Burant, S. S. Iyengar, J. Tomasi, 
 M. Cossi, N. Rega, J. M. Millam, M. Klene, J. E. Knox, J. B. Cross, 
 V. Bakken, C. Adamo, J. Jaramillo, R. Gomperts, R. E. Stratmann, 
 O. Yazyev, A. J. Austin, R. Cammi, C. Pomelli, J. W. Ochterski, 
 R. L. Martin, K. Morokuma, V. G. Zakrzewski, G. A. Voth, 
 P. Salvador, J. J. Dannenberg, S. Dapprich, A. D. Daniels, 
 O. Farkas, J. B. Foresman, J. V. Ortiz, J. Cioslowski, 
 and D. J. Fox, Gaussian, Inc., Wallingford CT, 2013.
 
 ******************************************
 Gaussian 09:  ES64L-G09RevE.01 30-Nov-2015
                17-Feb-2017 
 ******************************************
 %chk=h12.chk
 ----------------------------------------------------------------------
 #rhf/gen scf(symm,tight,novaracc,noincfock,fulldiag) stable(crhf) gues
 s=read geom=nocrowd test
 ----------------------------------------------------------------------
 1/38=1/1;
 2/12=1,17=6,18=5,40=1/2;
 3/5=7,16=1,25=1,30=1,116=1/1,2,3;
 4/5=1,9=4/1;
 5/5=100002,15=2,16=1,32=2,38=6/2;
 8/6=1,10=90,11=11/1,4;
 9/8=4,13=1/2;
 6/7=2,8=2,9=2,10=2,28=1/1;
 99/5=1,9=1/99;
 ----------------------------------------------------------------------
 hf stability analysis of h12 triangular lattice, y= 1.5658605742718710
 ----------------------------------------------------------------------
 Symbolic Z-matrix:
 Charge =  0 Multiplicity = 1
 H
 H                    1     1.60868 
 H                    1     1.60868  2     26.5 
 H                    2     1.60868  1     153.5    3     0.       0
 H                    2     1.60868  1     180.     3     0.       0
 H                    4     1.60868  3     180.     5     0.       0
 H                    6     1.60868  5     180.     3     0.       0
 H                    4     1.60868  2     180.     3     0.       0
 H                    3     1.60868  1     180.     4     0.       0
 H                    9     1.60868  3     180.     4     0.       0
 H                    8     1.60868  4     180.     3     0.       0
 H                    7     1.60868  6     180.     3     0.       0
 
                          Input orientation:                          
 ---------------------------------------------------------------------
 Center     Atomic      Atomic             Coordinates (Angstroms)
 Number     Number       Type             X           Y           Z
 ---------------------------------------------------------------------
      1          1           0        0.000000    0.000000    0.000000
      2          1           0        0.000000    0.000000    1.608685
      3          1           0        0.717792    0.000000    1.439667
      4          1           0        0.717792    0.000000    3.048352
      5          1           0        0.000000    0.000000    3.217370
      6          1           0        0.717792    0.000000    4.657037
      7          1           0        1.435583    0.000000    6.096705
      8          1           0        1.435583    0.000000    4.488020
      9          1           0        1.435583    0.000000    2.879335
     10          1           0        2.153375    0.000000    4.319002
     11          1           0        2.153375    0.000000    5.927687
     12          1           0        2.153375    0.000000    7.536372
 ---------------------------------------------------------------------
                    Distance matrix (angstroms):
                    1          2          3          4          5
     1  H    0.000000
     2  H    1.608685   0.000000
     3  H    1.608685   0.737422   0.000000
     4  H    3.131721   1.608685   1.608685   0.000000
     5  H    3.217370   1.608685   1.917147   0.737422   0.000000
     6  H    4.712029   3.131721   3.217370   1.608685   1.608685
     7  H    6.263442   4.712029   4.712029   3.131721   3.217370
     8  H    4.712029   3.217370   3.131721   1.608685   1.917147
     9  H    3.217370   1.917147   1.608685   0.737422   1.474845
    10  H    4.826055   3.461625   3.217370   1.917147   2.418805
    11  H    6.306703   4.826055   4.712029   3.217370   3.461625
    12  H    7.837980   6.306703   6.263442   4.712029   4.826055
                    6          7          8          9         10
     6  H    0.000000
     7  H    1.608685   0.000000
     8  H    0.737422   1.608685   0.000000
     9  H    1.917147   3.217370   1.608685   0.000000
    10  H    1.474845   1.917147   0.737422   1.608685   0.000000
    11  H    1.917147   0.737422   1.608685   3.131721   1.608685
    12  H    3.217370   1.608685   3.131721   4.712029   3.217370
                   11         12
    11  H    0.000000
    12  H    1.608685   0.000000
 Stoichiometry    H12
 Framework group  C2H[SGH(H12)]
 Deg. of freedom    11
 Full point group                 C2H     NOp   4
 Largest Abelian subgroup         C2H     NOp   4
 Largest concise Abelian subgroup C2      NOp   2
                         Standard orientation:                         
 ---------------------------------------------------------------------
 Center     Atomic      Atomic             Coordinates (Angstroms)
 Number     Number       Type             X           Y           Z
 ---------------------------------------------------------------------
      1          1           0        0.717792    3.852695   -0.000000
      2          1           0        0.000000    2.413027   -0.000000
      3          1           0        0.717792    2.244010   -0.000000
      4          1           0        0.000000    0.804342   -0.000000
      5          1           0       -0.717792    0.973360    0.000000
      6          1           0       -0.717792   -0.635325    0.000000
      7          1           0       -0.717792   -2.244010    0.000000
      8          1           0       -0.000000   -0.804342    0.000000
      9          1           0        0.717792    0.635325    0.000000
     10          1           0        0.717792   -0.973360    0.000000
     11          1           0       -0.000000   -2.413027    0.000000
     12          1           0       -0.717792   -3.852695    0.000000
 ---------------------------------------------------------------------
 Rotational constants (GHZ):    177.7000524      8.8441569      8.4248508
 General basis read from cards:  (5D, 7F)
 There are     6 symmetry adapted cartesian basis functions of AG  symmetry.
 There are     0 symmetry adapted cartesian basis functions of BG  symmetry.
 There are     0 symmetry adapted cartesian basis functions of AU  symmetry.
 There are     6 symmetry adapted cartesian basis functions of BU  symmetry.
 There are     6 symmetry adapted basis functions of AG  symmetry.
 There are     0 symmetry adapted basis functions of BG  symmetry.
 There are     0 symmetry adapted basis functions of AU  symmetry.
 There are     6 symmetry adapted basis functions of BU  symmetry.
    12 basis functions,   120 primitive gaussians,    12 cartesian basis functions
     6 alpha electrons        6 beta electrons
       nuclear repulsion energy        17.2500262986 Hartrees.
 NAtoms=   12 NActive=   12 NUniq=    6 SFac= 4.00D+00 NAtFMM=   60 NAOKFM=F Big=F
 Integral buffers will be    131072 words long.
 Regular integral format.
 Two-electron integral symmetry is turned on.
 One-electron integrals computed using PRISM.
 NBasis=    12 RedAO= T EigKep=  9.82D-02  NBF=     6     0     0     6
 NBsUse=    12 1.00D-06 EigRej= -1.00D+00 NBFU=     6     0     0     6
 Initial guess from the checkpoint file:  "h12.chk"
 B after Tr=     0.000000    0.000000    0.000000
         Rot=    0.999999    0.000000   -0.000000   -0.001518 Ang=  -0.17 deg.
 Initial guess orbital symmetries:
       Occupied  (AG) (BU) (AG) (BU) (BU) (BU)
       Virtual   (AG) (AG) (BU) (AG) (AG) (BU)
 Keep R1 ints in memory in symmetry-blocked form, NReq=897610.
 Requested convergence on RMS density matrix=1.00D-08 within 128 cycles.
 Requested convergence on MAX density matrix=1.00D-06.
 Requested convergence on             energy=1.00D-06.
 No special actions if energy rises.
 SCF Done:  E(RHF) =  -5.72240064326     A.U. after    7 cycles
            NFock=  7  Conv=0.13D-08     -V/T= 1.8966
 Range of M.O.s used for correlation:     1    12
 NBasis=    12 NAE=     6 NBE=     6 NFC=     0 NFV=     0
 NROrb=     12 NOA=     6 NOB=     6 NVA=     6 NVB=     6

 **** Warning!!: The smallest alpha delta epsilon is  0.64330280D-01

 Semi-Direct transformation.
 ModeAB=           4 MOrb=             6 LenV=     134090275
 LASXX=         2181 LTotXX=        2181 LenRXX=        5115
 LTotAB=        2934 MaxLAS=        3024 LenRXY=           0
 NonZer=        7296 LenScr=      655360 LnRSAI=        3024
 LnScr1=      655360 LExtra=           0 Total=      1318859
 MaxDsk=          -1 SrtSym=           T ITran=            3
 JobTyp=0 Pass  1:  I=   1 to   6.
 (rs|ai) integrals will be sorted in core.
 Spin components of T(2) and E(2):
     alpha-alpha T2 =       0.6772709064D-02 E2=     -0.5982913026D-02
     alpha-beta  T2 =       0.4455680314D+01 E2=     -0.6430875128D+00
     beta-beta   T2 =       0.6772709064D-02 E2=     -0.5982913026D-02
 ANorm=    0.2338637580D+01
 E2 =    -0.6550533388D+00 EUMP2 =    -0.63774539821060D+01
 Second order stability test of a single determinant RHF wave function:
 Stabil:  MDV=134217728
 ***********************************************************************
 Matrix         Lowest Root    Major Pairs
 ***********************************************************************
 Internal RHF     0.0198526    Stable
 RRHF --> CRHF   -0.0064131    6A=7A
 RRHF --> RUHF   -0.5536026    6A=7B
 Not stable.
 ***********************************************************************

 **********************************************************************

            Population analysis using the SCF density.

 **********************************************************************

 Orbital symmetries:
       Occupied  (AG) (BU) (AG) (BU) (BU) (BU)
       Virtual   (AG) (AG) (BU) (AG) (AG) (BU)
 The electronic state is 1-AG.
 Alpha  occ. eigenvalues --   -0.88727  -0.76951  -0.63926  -0.58057  -0.38785
 Alpha  occ. eigenvalues --   -0.15928
 Alpha virt. eigenvalues --   -0.09495   0.01794   0.42925   0.46908   0.70195
 Alpha virt. eigenvalues --    0.93400
          Condensed to atoms (all electrons):
               1          2          3          4          5          6
     1  H    1.176241  -0.071328  -0.066002   0.003085   0.001276  -0.000249
     2  H   -0.071328   0.735076   0.522221  -0.098287  -0.026728   0.007523
     3  H   -0.066002   0.522221   0.688340  -0.091900  -0.052626  -0.000956
     4  H    0.003085  -0.098287  -0.091900   0.972196   0.296301  -0.068818
     5  H    0.001276  -0.026728  -0.052626   0.296301   0.730999   0.186098
     6  H   -0.000249   0.007523  -0.000956  -0.068818   0.186098   0.919135
     7  H    0.000073  -0.000344  -0.000375   0.004798   0.005120  -0.033849
     8  H   -0.000420   0.004962   0.004798  -0.113658  -0.035312   0.341936
     9  H    0.001616  -0.066231  -0.033849   0.341936  -0.175029  -0.196765
    10  H   -0.000168  -0.000745   0.005120  -0.035312  -0.082971  -0.175029
    11  H    0.000071  -0.000381  -0.000344   0.004962  -0.000745  -0.066231
    12  H   -0.000020   0.000071   0.000073  -0.000420  -0.000168   0.001616
               7          8          9         10         11         12
     1  H    0.000073  -0.000420   0.001616  -0.000168   0.000071  -0.000020
     2  H   -0.000344   0.004962  -0.066231  -0.000745  -0.000381   0.000071
     3  H   -0.000375   0.004798  -0.033849   0.005120  -0.000344   0.000073
     4  H    0.004798  -0.113658   0.341936  -0.035312   0.004962  -0.000420
     5  H    0.005120  -0.035312  -0.175029  -0.082971  -0.000745  -0.000168
     6  H   -0.033849   0.341936  -0.196765  -0.175029  -0.066231   0.001616
     7  H    0.688340  -0.091900  -0.000956  -0.052626   0.522221  -0.066002
     8  H   -0.091900   0.972196  -0.068818   0.296301  -0.098287   0.003085
     9  H   -0.000956  -0.068818   0.919135   0.186098   0.007523  -0.000249
    10  H   -0.052626   0.296301   0.186098   0.730999  -0.026728   0.001276
    11  H    0.522221  -0.098287   0.007523  -0.026728   0.735076  -0.071328
    12  H   -0.066002   0.003085  -0.000249   0.001276  -0.071328   1.176241
 Mulliken charges:
               1
     1  H   -0.044176
     2  H   -0.005810
     3  H    0.025499
     4  H   -0.214885
     5  H    0.153785
     6  H    0.085587
     7  H    0.025499
     8  H   -0.214885
     9  H    0.085587
    10  H    0.153785
    11  H   -0.005810
    12  H   -0.044176
 Sum of Mulliken charges =  -0.00000
 Mulliken charges with hydrogens summed into heavy atoms:
               1
 Electronic spatial extent (au):  <R**2>=            253.8938
 Charge=             -0.0000 electrons
 Dipole moment (field-independent basis, Debye):
    X=              0.0000    Y=             -0.0000    Z=              0.0000  Tot=              0.0000
 Quadrupole moment (field-independent basis, Debye-Ang):
   XX=            -15.4890   YY=            -24.8402   ZZ=            -15.2754
   XY=             -2.6616   XZ=              0.0000   YZ=              0.0000
 Traceless Quadrupole moment (field-independent basis, Debye-Ang):
   XX=              3.0459   YY=             -6.3053   ZZ=              3.2594
   XY=             -2.6616   XZ=              0.0000   YZ=              0.0000
 Octapole moment (field-independent basis, Debye-Ang**2):
  XXX=              0.0000  YYY=             -0.0000  ZZZ=             -0.0000  XYY=              0.0000
  XXY=              0.0000  XXZ=             -0.0000  XZZ=              0.0000  YZZ=              0.0000
  YYZ=             -0.0000  XYZ=             -0.0000
 Hexadecapole moment (field-independent basis, Debye-Ang**3):
 XXXX=            -52.1277 YYYY=           -666.1602 ZZZZ=            -18.2737 XXXY=            -34.2137
 XXXZ=              0.0000 YYYX=            -75.1961 YYYZ=              0.0000 ZZZX=              0.0000
 ZZZY=              0.0000 XXYY=            -89.0857 XXZZ=            -11.7882 YYZZ=            -80.9650
 XXYZ=              0.0000 YYXZ=              0.0000 ZZXY=            -11.4960
 N-N= 1.725002629856D+01 E-N=-4.548003441413D+01  KE= 6.382648321314D+00
 Symmetry AG   KE= 1.539733955481D+00
 Symmetry BG   KE= 0.000000000000D+00
 Symmetry AU   KE= 0.000000000000D+00
 Symmetry BU   KE= 4.842914365833D+00

 Test job not archived.
 1\1\GINC-SULU\Stability\RHF\Gen\H12\LCJ1\17-Feb-2017\0\\#rhf/gen scf(s
 ymm,tight,novaracc,noincfock,fulldiag) stable(crhf) guess=read geom=no
 crowd test\\hf stability analysis of h12 triangular lattice, y= 1.5658
 605742718710\\0,1\H\H,1,1.6086849467\H,1,1.6086849467,2,26.5\H,2,1.608
 6849467,1,153.5,3,0.,0\H,2,1.6086849467,1,180.,3,0.,0\H,4,1.6086849467
 ,3,180.,5,0.,0\H,6,1.6086849467,5,180.,3,0.,0\H,4,1.6086849467,2,180.,
 3,0.,0\H,3,1.6086849467,1,180.,4,0.,0\H,9,1.6086849467,3,180.,4,0.,0\H
 ,8,1.6086849467,4,180.,3,0.,0\H,7,1.6086849467,6,180.,3,0.,0\\Version=
 ES64L-G09RevE.01\State=1-AG\HF=-5.7224006\MP2=-6.377454\RMSD=1.262e-09
 \Dipole=0.,0.,0.\Quadrupole=2.4607364,2.4232978,-4.8840341,0.,-1.58531
 49,0.\PG=C02H [SGH(H12)]\\@


 PENOTUS DIED A HUNDRED YEARS OLD WANTING BUT TWO...
 AND HE USED TO SAY BEFORE HE DIED, HAVING SPENT HIS
 WHOLE LIFE IN VAINLY SEARCHING AFTER THE PHILOSOPHER'S
 STONE, THAT IF HE HAD A MORTAL ENEMY HE DID NOT DARE
 TO ENCOUNTER OPENLY, HE WOULD ADVISE HIM ABOVE ALL
 THINGS TO GIVE HIMSELF UP TO THE STUDY AND PRACTICE
 OF ALCHEMY.  --  NICOLAS LEMERY, M.D.
 "A COURSE OF CHYMISTRY", WALTER KETTILBY, LONDON, 1686
 Job cpu time:       0 days  0 hours  0 minutes  1.0 seconds.
 File lengths (MBytes):  RWF=     84 Int=      0 D2E=      0 Chk=      2 Scr=      2
 Normal termination of Gaussian 09 at Fri Feb 17 15:07:09 2017.
