 Entering Gaussian System, Link 0=g09
 AtFile(1): H.gbs
            H     0
            S   10   1.00
               1000.000000000000            0.000068713567
                316.227766000000            0.000169141320
                100.000000000000            0.000823394812
                 31.622776600000            0.003425569236
                 10.000000000000            0.013951996000
                  3.162277660000            0.056909313560
                  1.000000000000            0.198286399900
                  0.316227766000            0.496922426700
                  0.100000000000            0.369846276400
                  0.031622776600            0.003752720039
            ****
 Initial command:
 /projects/guscus/apps/gau/g09-e1/g09/l1.exe "/users/lcj1/gaussian/h12/rhfstability/rect/guess/ag2bu4/Gau-16409.inp" -scrdir="/users/lcj1/gaussian/h12/rhfstability/rect/guess/ag2bu4/"
 Entering Link 1 = /projects/guscus/apps/gau/g09-e1/g09/l1.exe PID=     16411.
  
 Copyright (c) 1988,1990,1992,1993,1995,1998,2003,2009,2015,
            Gaussian, Inc.  All Rights Reserved.
  
 This is part of the Gaussian(R) 09 program.  It is based on
 the Gaussian(R) 03 system (copyright 2003, Gaussian, Inc.),
 the Gaussian(R) 98 system (copyright 1998, Gaussian, Inc.),
 the Gaussian(R) 94 system (copyright 1995, Gaussian, Inc.),
 the Gaussian 92(TM) system (copyright 1992, Gaussian, Inc.),
 the Gaussian 90(TM) system (copyright 1990, Gaussian, Inc.),
 the Gaussian 88(TM) system (copyright 1988, Gaussian, Inc.),
 the Gaussian 86(TM) system (copyright 1986, Carnegie Mellon
 University), and the Gaussian 82(TM) system (copyright 1983,
 Carnegie Mellon University). Gaussian is a federally registered
 trademark of Gaussian, Inc.
  
 This software contains proprietary and confidential information,
 including trade secrets, belonging to Gaussian, Inc.
  
 This software is provided under written license and may be
 used, copied, transmitted, or stored only in accord with that
 written license.
  
 The following legend is applicable only to US Government
 contracts under FAR:
  
                    RESTRICTED RIGHTS LEGEND
  
 Use, reproduction and disclosure by the US Government is
 subject to restrictions as set forth in subparagraphs (a)
 and (c) of the Commercial Computer Software - Restricted
 Rights clause in FAR 52.227-19.
  
 Gaussian, Inc.
 340 Quinnipiac St., Bldg. 40, Wallingford CT 06492
  
  
 ---------------------------------------------------------------
 Warning -- This program may not be used in any manner that
 competes with the business of Gaussian, Inc. or will provide
 assistance to any competitor of Gaussian, Inc.  The licensee
 of this program is prohibited from giving any competitor of
 Gaussian, Inc. access to this program.  By using this program,
 the user acknowledges that Gaussian, Inc. is engaged in the
 business of creating and licensing software in the field of
 computational chemistry and represents and warrants to the
 licensee that it is not a competitor of Gaussian, Inc. and that
 it will not use this program in any manner prohibited above.
 ---------------------------------------------------------------
  

 Cite this work as:
 Gaussian 09, Revision E.01,
 M. J. Frisch, G. W. Trucks, H. B. Schlegel, G. E. Scuseria, 
 M. A. Robb, J. R. Cheeseman, G. Scalmani, V. Barone, B. Mennucci, 
 G. A. Petersson, H. Nakatsuji, M. Caricato, X. Li, H. P. Hratchian, 
 A. F. Izmaylov, J. Bloino, G. Zheng, J. L. Sonnenberg, M. Hada, 
 M. Ehara, K. Toyota, R. Fukuda, J. Hasegawa, M. Ishida, T. Nakajima, 
 Y. Honda, O. Kitao, H. Nakai, T. Vreven, J. A. Montgomery, Jr., 
 J. E. Peralta, F. Ogliaro, M. Bearpark, J. J. Heyd, E. Brothers, 
 K. N. Kudin, V. N. Staroverov, T. Keith, R. Kobayashi, J. Normand, 
 K. Raghavachari, A. Rendell, J. C. Burant, S. S. Iyengar, J. Tomasi, 
 M. Cossi, N. Rega, J. M. Millam, M. Klene, J. E. Knox, J. B. Cross, 
 V. Bakken, C. Adamo, J. Jaramillo, R. Gomperts, R. E. Stratmann, 
 O. Yazyev, A. J. Austin, R. Cammi, C. Pomelli, J. W. Ochterski, 
 R. L. Martin, K. Morokuma, V. G. Zakrzewski, G. A. Voth, 
 P. Salvador, J. J. Dannenberg, S. Dapprich, A. D. Daniels, 
 O. Farkas, J. B. Foresman, J. V. Ortiz, J. Cioslowski, 
 and D. J. Fox, Gaussian, Inc., Wallingford CT, 2013.
 
 ******************************************
 Gaussian 09:  ES64L-G09RevE.01 30-Nov-2015
                17-Feb-2017 
 ******************************************
 %chk=h12.chk
 ----------------------------------------------------------------------
 #rhf/gen scf(symm,tight,novaracc,noincfock,fulldiag) stable(crhf) gues
 s=read geom=nocrowd test
 ----------------------------------------------------------------------
 1/38=1/1;
 2/12=1,17=6,18=5,40=1/2;
 3/5=7,16=1,25=1,30=1,116=1/1,2,3;
 4/5=1,9=4/1;
 5/5=100002,15=2,16=1,32=2,38=6/2;
 8/6=1,10=90,11=11/1,4;
 9/8=4,13=1/2;
 6/7=2,8=2,9=2,10=2,28=1/1;
 99/5=1,9=1/99;
 ----------------------------------------------------------------------
 hf stability analysis of h12 triangular lattice, y= 0.5335894054604231
 1
 ----------------------------------------------------------------------
 Symbolic Z-matrix:
 Charge =  0 Multiplicity = 1
 H
 H                    1     1.20643 
 H                    1     1.20643  2     127.5 
 H                    2     1.20643  1     52.5     3     0.       0
 H                    2     1.20643  1     180.     3     0.       0
 H                    4     1.20643  3     180.     5     0.       0
 H                    6     1.20643  5     180.     3     0.       0
 H                    4     1.20643  2     180.     3     0.       0
 H                    3     1.20643  1     180.     4     0.       0
 H                    9     1.20643  3     180.     4     0.       0
 H                    8     1.20643  4     180.     3     0.       0
 H                    7     1.20643  6     180.     3     0.       0
 
                          Input orientation:                          
 ---------------------------------------------------------------------
 Center     Atomic      Atomic             Coordinates (Angstroms)
 Number     Number       Type             X           Y           Z
 ---------------------------------------------------------------------
      1          1           0        0.000000    0.000000    0.000000
      2          1           0        0.000000    0.000000    1.206428
      3          1           0        0.957124    0.000000   -0.734427
      4          1           0        0.957124    0.000000    0.472001
      5          1           0        0.000000    0.000000    2.412856
      6          1           0        0.957124    0.000000    1.678429
      7          1           0        1.914247    0.000000    0.944002
      8          1           0        1.914247    0.000000   -0.262426
      9          1           0        1.914247    0.000000   -1.468853
     10          1           0        2.871371    0.000000   -2.203280
     11          1           0        2.871371    0.000000   -0.996852
     12          1           0        2.871371    0.000000    0.209575
 ---------------------------------------------------------------------
                    Distance matrix (angstroms):
                    1          2          3          4          5
     1  H    0.000000
     2  H    1.206428   0.000000
     3  H    1.206428   2.164024   0.000000
     4  H    1.067179   1.206428   1.206428   0.000000
     5  H    2.412856   1.206428   3.289601   2.164024   0.000000
     6  H    1.932151   1.067179   2.412856   1.206428   1.206428
     7  H    2.134358   1.932151   1.932151   1.067179   2.412856
     8  H    1.932151   2.412856   1.067179   1.206428   3.289601
     9  H    2.412856   3.289601   1.206428   2.164024   4.328049
    10  H    3.619284   4.457676   2.412856   3.289601   5.436311
    11  H    3.039487   3.619284   1.932151   2.412856   4.457676
    12  H    2.879009   3.039487   2.134358   1.932151   3.619284
                    6          7          8          9         10
     6  H    0.000000
     7  H    1.206428   0.000000
     8  H    2.164024   1.206428   0.000000
     9  H    3.289601   2.412856   1.206428   0.000000
    10  H    4.328049   3.289601   2.164024   1.206428   0.000000
    11  H    3.289601   2.164024   1.206428   1.067179   1.206428
    12  H    2.412856   1.206428   1.067179   1.932151   2.412856
                   11         12
    11  H    0.000000
    12  H    1.206428   0.000000
 Stoichiometry    H12
 Framework group  C2H[SGH(H12)]
 Deg. of freedom    11
 Full point group                 C2H     NOp   4
 Largest Abelian subgroup         C2H     NOp   4
 Largest concise Abelian subgroup C2      NOp   2
                         Standard orientation:                         
 ---------------------------------------------------------------------
 Center     Atomic      Atomic             Coordinates (Angstroms)
 Number     Number       Type             X           Y           Z
 ---------------------------------------------------------------------
      1          1           0        0.957124    1.075215   -0.000000
      2          1           0        0.000000    1.809642   -0.000000
      3          1           0        0.957124   -0.131213   -0.000000
      4          1           0        0.000000    0.603214   -0.000000
      5          1           0       -0.957124    2.544069   -0.000000
      6          1           0       -0.957124    1.337641   -0.000000
      7          1           0       -0.957124    0.131213    0.000000
      8          1           0       -0.000000   -0.603214   -0.000000
      9          1           0        0.957124   -1.337641   -0.000000
     10          1           0        0.957124   -2.544069   -0.000000
     11          1           0       -0.000000   -1.809642   -0.000000
     12          1           0       -0.957124   -1.075215   -0.000000
 ---------------------------------------------------------------------
 Rotational constants (GHZ):     86.8128112     18.1034072     14.9796447
 General basis read from cards:  (5D, 7F)
 There are     6 symmetry adapted cartesian basis functions of AG  symmetry.
 There are     0 symmetry adapted cartesian basis functions of BG  symmetry.
 There are     0 symmetry adapted cartesian basis functions of AU  symmetry.
 There are     6 symmetry adapted cartesian basis functions of BU  symmetry.
 There are     6 symmetry adapted basis functions of AG  symmetry.
 There are     0 symmetry adapted basis functions of BG  symmetry.
 There are     0 symmetry adapted basis functions of AU  symmetry.
 There are     6 symmetry adapted basis functions of BU  symmetry.
    12 basis functions,   120 primitive gaussians,    12 cartesian basis functions
     6 alpha electrons        6 beta electrons
       nuclear repulsion energy        19.1812945399 Hartrees.
 NAtoms=   12 NActive=   12 NUniq=    6 SFac= 4.00D+00 NAtFMM=   60 NAOKFM=F Big=F
 Integral buffers will be    131072 words long.
 Regular integral format.
 Two-electron integral symmetry is turned on.
 One-electron integrals computed using PRISM.
 NBasis=    12 RedAO= T EigKep=  1.89D-01  NBF=     6     0     0     6
 NBsUse=    12 1.00D-06 EigRej= -1.00D+00 NBFU=     6     0     0     6
 Initial guess from the checkpoint file:  "h12.chk"
 B after Tr=     0.000000   -0.000000   -0.000000
         Rot=    0.999999    0.000000    0.000000   -0.001518 Ang=  -0.17 deg.
 Initial guess orbital symmetries:
       Occupied  (AG) (BU) (BU) (AG) (BU) (BU)
       Virtual   (AG) (AG) (AG) (BU) (BU) (AG)
 Keep R1 ints in memory in symmetry-blocked form, NReq=902804.
 Requested convergence on RMS density matrix=1.00D-08 within 128 cycles.
 Requested convergence on MAX density matrix=1.00D-06.
 Requested convergence on             energy=1.00D-06.
 No special actions if energy rises.
 SCF Done:  E(RHF) =  -5.21771534223     A.U. after   11 cycles
            NFock= 11  Conv=0.13D-08     -V/T= 1.7320
 Range of M.O.s used for correlation:     1    12
 NBasis=    12 NAE=     6 NBE=     6 NFC=     0 NFV=     0
 NROrb=     12 NOA=     6 NOB=     6 NVA=     6 NVB=     6

 **** Warning!!: The smallest alpha delta epsilon is -0.16615327D+00

 Semi-Direct transformation.
 ModeAB=           4 MOrb=             6 LenV=     134085109
 LASXX=         2181 LTotXX=        2181 LenRXX=        5115
 LTotAB=        2934 MaxLAS=        3024 LenRXY=           0
 NonZer=        7296 LenScr=      655360 LnRSAI=        3024
 LnScr1=      655360 LExtra=           0 Total=      1318859
 MaxDsk=          -1 SrtSym=           T ITran=            3
 JobTyp=0 Pass  1:  I=   1 to   6.
 (rs|ai) integrals will be sorted in core.
 Spin components of T(2) and E(2):
     alpha-alpha T2 =       0.1843972999D-01 E2=     -0.1602293811D-01
     alpha-beta  T2 =       0.2557208481D+01 E2=     -0.1553067333D+00
     beta-beta   T2 =       0.1843972999D-01 E2=     -0.1602293811D-01
 ANorm=    0.1895807992D+01
 E2 =    -0.1873526096D+00 EUMP2 =    -0.54050679518000D+01
 Second order stability test of a single determinant RHF wave function:
 Stabil:  MDV=134217728
 ***********************************************************************
 Matrix         Lowest Root    Major Pairs
 ***********************************************************************
 Internal RHF    -0.3448338    6A=7A
 RRHF --> CRHF   -0.4066833    6A=7A
 RRHF --> RUHF   -0.6021437    6A=7B
 Not stable.
 ***********************************************************************

 **********************************************************************

            Population analysis using the SCF density.

 **********************************************************************

 Orbital symmetries:
       Occupied  (AG) (BU) (BU) (AG) (BU) (BU)
       Virtual   (AG) (AG) (AG) (BU) (BU) (AG)
 The electronic state is 1-AG.
 Alpha  occ. eigenvalues --   -0.92581  -0.72760  -0.57701  -0.53873  -0.30536
 Alpha  occ. eigenvalues --    0.04816
 Alpha virt. eigenvalues --   -0.11800   0.15238   0.22999   0.39332   0.48906
 Alpha virt. eigenvalues --    0.52169
          Condensed to atoms (all electrons):
               1          2          3          4          5          6
     1  H    0.462117  -0.105462   0.159063   0.318931  -0.033838   0.001108
     2  H   -0.105462   2.137945  -0.138729  -0.372003   0.056505  -0.562291
     3  H    0.159063  -0.138729   1.211746   0.041407   0.014872   0.039279
     4  H    0.318931  -0.372003   0.041407   1.251306  -0.091627   0.235369
     5  H   -0.033838   0.056505   0.014872  -0.091627   0.867040   0.279720
     6  H    0.001108  -0.562291   0.039279   0.235369   0.279720   1.343784
     7  H   -0.028347   0.126770  -0.222699   0.163467  -0.082995  -0.258975
     8  H   -0.077027   0.070902   0.163467  -0.365368   0.010954  -0.110084
     9  H   -0.012760   0.055136  -0.258975  -0.110084  -0.001118  -0.037224
    10  H    0.003203   0.001944  -0.082995   0.010954  -0.000491  -0.001118
    11  H    0.005521  -0.039865   0.126770   0.070902   0.001944   0.055136
    12  H   -0.026084   0.005521  -0.028347  -0.077027   0.003203  -0.012760
               7          8          9         10         11         12
     1  H   -0.028347  -0.077027  -0.012760   0.003203   0.005521  -0.026084
     2  H    0.126770   0.070902   0.055136   0.001944  -0.039865   0.005521
     3  H   -0.222699   0.163467  -0.258975  -0.082995   0.126770  -0.028347
     4  H    0.163467  -0.365368  -0.110084   0.010954   0.070902  -0.077027
     5  H   -0.082995   0.010954  -0.001118  -0.000491   0.001944   0.003203
     6  H   -0.258975  -0.110084  -0.037224  -0.001118   0.055136  -0.012760
     7  H    1.211746   0.041407   0.039279   0.014872  -0.138729   0.159063
     8  H    0.041407   1.251306   0.235369  -0.091627  -0.372003   0.318931
     9  H    0.039279   0.235369   1.343784   0.279720  -0.562291   0.001108
    10  H    0.014872  -0.091627   0.279720   0.867040   0.056505  -0.033838
    11  H   -0.138729  -0.372003  -0.562291   0.056505   2.137945  -0.105462
    12  H    0.159063   0.318931   0.001108  -0.033838  -0.105462   0.462117
 Mulliken charges:
               1
     1  H    0.333575
     2  H   -0.236374
     3  H   -0.024860
     4  H   -0.076226
     5  H   -0.024170
     6  H    0.028056
     7  H   -0.024860
     8  H   -0.076226
     9  H    0.028056
    10  H   -0.024170
    11  H   -0.236374
    12  H    0.333575
 Sum of Mulliken charges =   0.00000
 Mulliken charges with hydrogens summed into heavy atoms:
               1
 Electronic spatial extent (au):  <R**2>=            159.9177
 Charge=              0.0000 electrons
 Dipole moment (field-independent basis, Debye):
    X=             -0.0000    Y=              0.0000    Z=             -0.0000  Tot=              0.0000
 Quadrupole moment (field-independent basis, Debye-Ang):
   XX=            -14.4762   YY=            -24.9824   ZZ=            -14.8452
   XY=              4.6352   XZ=             -0.0000   YZ=             -0.0000
 Traceless Quadrupole moment (field-independent basis, Debye-Ang):
   XX=              3.6251   YY=             -6.8812   ZZ=              3.2560
   XY=              4.6352   XZ=             -0.0000   YZ=             -0.0000
 Octapole moment (field-independent basis, Debye-Ang**2):
  XXX=             -0.0000  YYY=              0.0000  ZZZ=              0.0000  XYY=             -0.0000
  XXY=              0.0000  XXZ=              0.0000  XZZ=              0.0000  YZZ=              0.0000
  YYZ=              0.0000  XYZ=             -0.0000
 Hexadecapole moment (field-independent basis, Debye-Ang**3):
 XXXX=            -75.4615 YYYY=           -293.3926 ZZZZ=            -17.4549 XXXY=             33.0580
 XXXZ=              0.0000 YYYX=             37.5070 YYYZ=             -0.0000 ZZZX=              0.0000
 ZZZY=             -0.0000 XXYY=            -53.0621 XXZZ=            -15.4678 YYZZ=            -42.3961
 XXYZ=             -0.0000 YYXZ=              0.0000 ZZXY=              8.7107
 N-N= 1.918129453986D+01 E-N=-4.987335585917D+01  KE= 7.128054036711D+00
 Symmetry AG   KE= 1.475998704165D+00
 Symmetry BG   KE= 0.000000000000D+00
 Symmetry AU   KE= 0.000000000000D+00
 Symmetry BU   KE= 5.652055332546D+00

 Test job not archived.
 1\1\GINC-SULU\Stability\RHF\Gen\H12\LCJ1\17-Feb-2017\0\\#rhf/gen scf(s
 ymm,tight,novaracc,noincfock,fulldiag) stable(crhf) guess=read geom=no
 crowd test\\hf stability analysis of h12 triangular lattice, y= 0.5335
 8940546042311\\0,1\H\H,1,1.2064278456\H,1,1.2064278456,2,127.5\H,2,1.2
 064278456,1,52.5,3,0.,0\H,2,1.2064278456,1,180.,3,0.,0\H,4,1.206427845
 6,3,180.,5,0.,0\H,6,1.2064278456,5,180.,3,0.,0\H,4,1.2064278456,2,180.
 ,3,0.,0\H,3,1.2064278456,1,180.,4,0.,0\H,9,1.2064278456,3,180.,4,0.,0\
 H,8,1.2064278456,4,180.,3,0.,0\H,7,1.2064278456,6,180.,3,0.,0\\Version
 =ES64L-G09RevE.01\State=1-AG\HF=-5.2177153\MP2=-5.405068\RMSD=1.266e-0
 9\Dipole=0.,0.,0.\Quadrupole=1.1075227,2.4207838,-3.5283065,0.,4.66444
 01,0.\PG=C02H [SGH(H12)]\\@


 Mondays are the potholes in the road of life.
                                -- Tom Wilson
 Job cpu time:       0 days  0 hours  0 minutes  1.1 seconds.
 File lengths (MBytes):  RWF=     84 Int=      0 D2E=      0 Chk=      2 Scr=      2
 Normal termination of Gaussian 09 at Fri Feb 17 14:56:41 2017.
