 Entering Gaussian System, Link 0=g09
 AtFile(1): H.gbs
            H     0
            S   10   1.00
               1000.000000000000            0.000068713567
                316.227766000000            0.000169141320
                100.000000000000            0.000823394812
                 31.622776600000            0.003425569236
                 10.000000000000            0.013951996000
                  3.162277660000            0.056909313560
                  1.000000000000            0.198286399900
                  0.316227766000            0.496922426700
                  0.100000000000            0.369846276400
                  0.031622776600            0.003752720039
            ****
 Initial command:
 /projects/guscus/apps/gau/g09-e1/g09/l1.exe "/users/lcj1/gaussian/h12/rhfstability/rect/guess/ag2bu4/Gau-16044.inp" -scrdir="/users/lcj1/gaussian/h12/rhfstability/rect/guess/ag2bu4/"
 Entering Link 1 = /projects/guscus/apps/gau/g09-e1/g09/l1.exe PID=     16045.
  
 Copyright (c) 1988,1990,1992,1993,1995,1998,2003,2009,2015,
            Gaussian, Inc.  All Rights Reserved.
  
 This is part of the Gaussian(R) 09 program.  It is based on
 the Gaussian(R) 03 system (copyright 2003, Gaussian, Inc.),
 the Gaussian(R) 98 system (copyright 1998, Gaussian, Inc.),
 the Gaussian(R) 94 system (copyright 1995, Gaussian, Inc.),
 the Gaussian 92(TM) system (copyright 1992, Gaussian, Inc.),
 the Gaussian 90(TM) system (copyright 1990, Gaussian, Inc.),
 the Gaussian 88(TM) system (copyright 1988, Gaussian, Inc.),
 the Gaussian 86(TM) system (copyright 1986, Carnegie Mellon
 University), and the Gaussian 82(TM) system (copyright 1983,
 Carnegie Mellon University). Gaussian is a federally registered
 trademark of Gaussian, Inc.
  
 This software contains proprietary and confidential information,
 including trade secrets, belonging to Gaussian, Inc.
  
 This software is provided under written license and may be
 used, copied, transmitted, or stored only in accord with that
 written license.
  
 The following legend is applicable only to US Government
 contracts under FAR:
  
                    RESTRICTED RIGHTS LEGEND
  
 Use, reproduction and disclosure by the US Government is
 subject to restrictions as set forth in subparagraphs (a)
 and (c) of the Commercial Computer Software - Restricted
 Rights clause in FAR 52.227-19.
  
 Gaussian, Inc.
 340 Quinnipiac St., Bldg. 40, Wallingford CT 06492
  
  
 ---------------------------------------------------------------
 Warning -- This program may not be used in any manner that
 competes with the business of Gaussian, Inc. or will provide
 assistance to any competitor of Gaussian, Inc.  The licensee
 of this program is prohibited from giving any competitor of
 Gaussian, Inc. access to this program.  By using this program,
 the user acknowledges that Gaussian, Inc. is engaged in the
 business of creating and licensing software in the field of
 computational chemistry and represents and warrants to the
 licensee that it is not a competitor of Gaussian, Inc. and that
 it will not use this program in any manner prohibited above.
 ---------------------------------------------------------------
  

 Cite this work as:
 Gaussian 09, Revision E.01,
 M. J. Frisch, G. W. Trucks, H. B. Schlegel, G. E. Scuseria, 
 M. A. Robb, J. R. Cheeseman, G. Scalmani, V. Barone, B. Mennucci, 
 G. A. Petersson, H. Nakatsuji, M. Caricato, X. Li, H. P. Hratchian, 
 A. F. Izmaylov, J. Bloino, G. Zheng, J. L. Sonnenberg, M. Hada, 
 M. Ehara, K. Toyota, R. Fukuda, J. Hasegawa, M. Ishida, T. Nakajima, 
 Y. Honda, O. Kitao, H. Nakai, T. Vreven, J. A. Montgomery, Jr., 
 J. E. Peralta, F. Ogliaro, M. Bearpark, J. J. Heyd, E. Brothers, 
 K. N. Kudin, V. N. Staroverov, T. Keith, R. Kobayashi, J. Normand, 
 K. Raghavachari, A. Rendell, J. C. Burant, S. S. Iyengar, J. Tomasi, 
 M. Cossi, N. Rega, J. M. Millam, M. Klene, J. E. Knox, J. B. Cross, 
 V. Bakken, C. Adamo, J. Jaramillo, R. Gomperts, R. E. Stratmann, 
 O. Yazyev, A. J. Austin, R. Cammi, C. Pomelli, J. W. Ochterski, 
 R. L. Martin, K. Morokuma, V. G. Zakrzewski, G. A. Voth, 
 P. Salvador, J. J. Dannenberg, S. Dapprich, A. D. Daniels, 
 O. Farkas, J. B. Foresman, J. V. Ortiz, J. Cioslowski, 
 and D. J. Fox, Gaussian, Inc., Wallingford CT, 2013.
 
 ******************************************
 Gaussian 09:  ES64L-G09RevE.01 30-Nov-2015
                17-Feb-2017 
 ******************************************
 %chk=h12.chk
 ----------------------------------------------------------------------
 #rhf/gen scf(symm,tight,novaracc,noincfock,fulldiag) stable(crhf) gues
 s=read geom=nocrowd test
 ----------------------------------------------------------------------
 1/38=1/1;
 2/12=1,17=6,18=5,40=1/2;
 3/5=7,16=1,25=1,30=1,116=1/1,2,3;
 4/5=1,9=4/1;
 5/5=100002,15=2,16=1,32=2,38=6/2;
 8/6=1,10=90,11=11/1,4;
 9/8=4,13=1/2;
 6/7=2,8=2,9=2,10=2,28=1/1;
 99/5=1,9=1/99;
 ----------------------------------------------------------------------
 hf stability analysis of h12 triangular lattice, y= 0.5247684832164858
 4
 ----------------------------------------------------------------------
 Symbolic Z-matrix:
 Charge =  0 Multiplicity = 1
 H
 H                    1     1.21894 
 H                    1     1.21894  2     129. 
 H                    2     1.21894  1     51.      3     0.       0
 H                    2     1.21894  1     180.     3     0.       0
 H                    4     1.21894  3     180.     5     0.       0
 H                    6     1.21894  5     180.     3     0.       0
 H                    4     1.21894  2     180.     3     0.       0
 H                    3     1.21894  1     180.     4     0.       0
 H                    9     1.21894  3     180.     4     0.       0
 H                    8     1.21894  4     180.     3     0.       0
 H                    7     1.21894  6     180.     3     0.       0
 
                          Input orientation:                          
 ---------------------------------------------------------------------
 Center     Atomic      Atomic             Coordinates (Angstroms)
 Number     Number       Type             X           Y           Z
 ---------------------------------------------------------------------
      1          1           0        0.000000    0.000000    0.000000
      2          1           0        0.000000    0.000000    1.218943
      3          1           0        0.947297    0.000000   -0.767106
      4          1           0        0.947297    0.000000    0.451837
      5          1           0        0.000000    0.000000    2.437886
      6          1           0        0.947297    0.000000    1.670780
      7          1           0        1.894593    0.000000    0.903675
      8          1           0        1.894593    0.000000   -0.315268
      9          1           0        1.894593    0.000000   -1.534211
     10          1           0        2.841890    0.000000   -2.301317
     11          1           0        2.841890    0.000000   -1.082374
     12          1           0        2.841890    0.000000    0.136569
 ---------------------------------------------------------------------
                    Distance matrix (angstroms):
                    1          2          3          4          5
     1  H    0.000000
     2  H    1.218943   0.000000
     3  H    1.218943   2.200400   0.000000
     4  H    1.049537   1.218943   1.218943   0.000000
     5  H    2.437886   1.218943   3.342057   2.200400   0.000000
     6  H    1.920645   1.049537   2.437886   1.218943   1.218943
     7  H    2.099074   1.920645   1.920645   1.049537   2.437886
     8  H    1.920645   2.437886   1.049537   1.218943   3.342057
     9  H    2.437886   3.342057   1.218943   2.200400   4.400800
    10  H    3.656829   4.524220   2.437886   3.342057   5.525973
    11  H    3.041031   3.656829   1.920645   2.437886   4.524220
    12  H    2.845169   3.041031   2.099074   1.920645   3.656829
                    6          7          8          9         10
     6  H    0.000000
     7  H    1.218943   0.000000
     8  H    2.200400   1.218943   0.000000
     9  H    3.342057   2.437886   1.218943   0.000000
    10  H    4.400800   3.342057   2.200400   1.218943   0.000000
    11  H    3.342057   2.200400   1.218943   1.049537   1.218943
    12  H    2.437886   1.218943   1.049537   1.920645   2.437886
                   11         12
    11  H    0.000000
    12  H    1.218943   0.000000
 Stoichiometry    H12
 Framework group  C2H[SGH(H12)]
 Deg. of freedom    11
 Full point group                 C2H     NOp   4
 Largest Abelian subgroup         C2H     NOp   4
 Largest concise Abelian subgroup C2      NOp   2
                         Standard orientation:                         
 ---------------------------------------------------------------------
 Center     Atomic      Atomic             Coordinates (Angstroms)
 Number     Number       Type             X           Y           Z
 ---------------------------------------------------------------------
      1          1           0        0.947297    1.061309   -0.000000
      2          1           0        0.000000    1.828414   -0.000000
      3          1           0        0.947297   -0.157634   -0.000000
      4          1           0        0.000000    0.609471   -0.000000
      5          1           0       -0.947297    2.595520   -0.000000
      6          1           0       -0.947297    1.376577   -0.000000
      7          1           0       -0.947297    0.157634   -0.000000
      8          1           0       -0.000000   -0.609471    0.000000
      9          1           0        0.947297   -1.376577    0.000000
     10          1           0        0.947297   -2.595520    0.000000
     11          1           0       -0.000000   -1.828414    0.000000
     12          1           0       -0.947297   -1.061309    0.000000
 ---------------------------------------------------------------------
 Rotational constants (GHZ):     89.5552092     17.5490369     14.6736262
 General basis read from cards:  (5D, 7F)
 There are     6 symmetry adapted cartesian basis functions of AG  symmetry.
 There are     0 symmetry adapted cartesian basis functions of BG  symmetry.
 There are     0 symmetry adapted cartesian basis functions of AU  symmetry.
 There are     6 symmetry adapted cartesian basis functions of BU  symmetry.
 There are     6 symmetry adapted basis functions of AG  symmetry.
 There are     0 symmetry adapted basis functions of BG  symmetry.
 There are     0 symmetry adapted basis functions of AU  symmetry.
 There are     6 symmetry adapted basis functions of BU  symmetry.
    12 basis functions,   120 primitive gaussians,    12 cartesian basis functions
     6 alpha electrons        6 beta electrons
       nuclear repulsion energy        19.0985114676 Hartrees.
 NAtoms=   12 NActive=   12 NUniq=    6 SFac= 4.00D+00 NAtFMM=   60 NAOKFM=F Big=F
 Integral buffers will be    131072 words long.
 Regular integral format.
 Two-electron integral symmetry is turned on.
 One-electron integrals computed using PRISM.
 NBasis=    12 RedAO= T EigKep=  1.89D-01  NBF=     6     0     0     6
 NBsUse=    12 1.00D-06 EigRej= -1.00D+00 NBFU=     6     0     0     6
 Initial guess from the checkpoint file:  "h12.chk"
 B after Tr=    -0.000000    0.000000   -0.000000
         Rot=    0.999999    0.000000    0.000000   -0.001518 Ang=  -0.17 deg.
 Initial guess orbital symmetries:
       Occupied  (AG) (BU) (BU) (AG) (BU) (BU)
       Virtual   (AG) (AG) (AG) (BU) (BU) (AG)
 Keep R1 ints in memory in symmetry-blocked form, NReq=902804.
 Requested convergence on RMS density matrix=1.00D-08 within 128 cycles.
 Requested convergence on MAX density matrix=1.00D-06.
 Requested convergence on             energy=1.00D-06.
 No special actions if energy rises.
 SCF Done:  E(RHF) =  -5.22526924279     A.U. after   11 cycles
            NFock= 11  Conv=0.21D-08     -V/T= 1.7349
 Range of M.O.s used for correlation:     1    12
 NBasis=    12 NAE=     6 NBE=     6 NFC=     0 NFV=     0
 NROrb=     12 NOA=     6 NOB=     6 NVA=     6 NVB=     6

 **** Warning!!: The smallest alpha delta epsilon is -0.16558133D+00

 Semi-Direct transformation.
 ModeAB=           4 MOrb=             6 LenV=     134086033
 LASXX=         2181 LTotXX=        2181 LenRXX=        5115
 LTotAB=        2934 MaxLAS=        3024 LenRXY=           0
 NonZer=        7296 LenScr=      655360 LnRSAI=        3024
 LnScr1=      655360 LExtra=           0 Total=      1318859
 MaxDsk=          -1 SrtSym=           T ITran=            3
 JobTyp=0 Pass  1:  I=   1 to   6.
 (rs|ai) integrals will be sorted in core.
 Spin components of T(2) and E(2):
     alpha-alpha T2 =       0.1828919334D-01 E2=     -0.1584579708D-01
     alpha-beta  T2 =       0.2742342377D+02 E2=     -0.2630509466D+00
     beta-beta   T2 =       0.1828919334D-01 E2=     -0.1584579708D-01
 ANorm=    0.5334791669D+01
 E2 =    -0.2947425407D+00 EUMP2 =    -0.55200117835159D+01
 Second order stability test of a single determinant RHF wave function:
 Stabil:  MDV=134217728
 ***********************************************************************
 Matrix         Lowest Root    Major Pairs
 ***********************************************************************
 Internal RHF    -0.3442326    6A=7A
 RRHF --> CRHF   -0.4054293    6A=7A
 RRHF --> RUHF   -0.603508     6A=7B
 Not stable.
 ***********************************************************************

 **********************************************************************

            Population analysis using the SCF density.

 **********************************************************************

 Orbital symmetries:
       Occupied  (AG) (BU) (BU) (AG) (BU) (BU)
       Virtual   (AG) (AG) (AG) (BU) (BU) (AG)
 The electronic state is 1-AG.
 Alpha  occ. eigenvalues --   -0.92448  -0.72590  -0.57183  -0.54081  -0.31561
 Alpha  occ. eigenvalues --    0.05675
 Alpha virt. eigenvalues --   -0.10884   0.15582   0.22681   0.37368   0.49990
 Alpha virt. eigenvalues --    0.51528
          Condensed to atoms (all electrons):
               1          2          3          4          5          6
     1  H    0.484341  -0.144095   0.170699   0.336846  -0.028727   0.009433
     2  H   -0.144095   2.240926  -0.118569  -0.376430   0.015742  -0.563297
     3  H    0.170699  -0.118569   1.141234   0.021254   0.013916   0.029264
     4  H    0.336846  -0.376430   0.021254   1.245477  -0.080712   0.210958
     5  H   -0.028727   0.015742   0.013916  -0.080712   0.851246   0.303570
     6  H    0.009433  -0.563297   0.029264   0.210958   0.303570   1.288749
     7  H   -0.035025   0.112229  -0.211828   0.185449  -0.078852  -0.218524
     8  H   -0.083069   0.071198   0.185449  -0.357782   0.008929  -0.098574
     9  H   -0.017681   0.050665  -0.218524  -0.098574  -0.001317  -0.031635
    10  H    0.002283   0.002082  -0.078852   0.008929  -0.000417  -0.001317
    11  H    0.009766  -0.040271   0.112229   0.071198   0.002082   0.050665
    12  H   -0.028864   0.009766  -0.035025  -0.083069   0.002283  -0.017681
               7          8          9         10         11         12
     1  H   -0.035025  -0.083069  -0.017681   0.002283   0.009766  -0.028864
     2  H    0.112229   0.071198   0.050665   0.002082  -0.040271   0.009766
     3  H   -0.211828   0.185449  -0.218524  -0.078852   0.112229  -0.035025
     4  H    0.185449  -0.357782  -0.098574   0.008929   0.071198  -0.083069
     5  H   -0.078852   0.008929  -0.001317  -0.000417   0.002082   0.002283
     6  H   -0.218524  -0.098574  -0.031635  -0.001317   0.050665  -0.017681
     7  H    1.141234   0.021254   0.029264   0.013916  -0.118569   0.170699
     8  H    0.021254   1.245477   0.210958  -0.080712  -0.376430   0.336846
     9  H    0.029264   0.210958   1.288749   0.303570  -0.563297   0.009433
    10  H    0.013916  -0.080712   0.303570   0.851246   0.015742  -0.028727
    11  H   -0.118569  -0.376430  -0.563297   0.015742   2.240926  -0.144095
    12  H    0.170699   0.336846   0.009433  -0.028727  -0.144095   0.484341
 Mulliken charges:
               1
     1  H    0.324093
     2  H   -0.259948
     3  H   -0.011247
     4  H   -0.083544
     5  H   -0.007742
     6  H    0.038388
     7  H   -0.011247
     8  H   -0.083544
     9  H    0.038388
    10  H   -0.007742
    11  H   -0.259948
    12  H    0.324093
 Sum of Mulliken charges =  -0.00000
 Mulliken charges with hydrogens summed into heavy atoms:
               1
 Electronic spatial extent (au):  <R**2>=            162.1824
 Charge=             -0.0000 electrons
 Dipole moment (field-independent basis, Debye):
    X=              0.0000    Y=             -0.0000    Z=             -0.0000  Tot=              0.0000
 Quadrupole moment (field-independent basis, Debye-Ang):
   XX=            -14.4262   YY=            -24.7066   ZZ=            -14.8638
   XY=              4.0190   XZ=             -0.0000   YZ=              0.0000
 Traceless Quadrupole moment (field-independent basis, Debye-Ang):
   XX=              3.5726   YY=             -6.7077   ZZ=              3.1351
   XY=              4.0190   XZ=             -0.0000   YZ=              0.0000
 Octapole moment (field-independent basis, Debye-Ang**2):
  XXX=              0.0000  YYY=             -0.0000  ZZZ=             -0.0000  XYY=              0.0000
  XXY=             -0.0000  XXZ=             -0.0000  XZZ=              0.0000  YZZ=              0.0000
  YYZ=             -0.0000  XYZ=              0.0000
 Hexadecapole moment (field-independent basis, Debye-Ang**3):
 XXXX=            -74.6723 YYYY=           -294.1398 ZZZZ=            -17.4933 XXXY=             33.1719
 XXXZ=             -0.0000 YYYX=             35.0714 YYYZ=              0.0000 ZZZX=             -0.0000
 ZZZY=              0.0000 XXYY=            -53.6075 XXZZ=            -15.3291 YYZZ=            -43.3800
 XXYZ=              0.0000 YYXZ=             -0.0000 ZZXY=              8.8649
 N-N= 1.909851146763D+01 E-N=-4.971430925122D+01  KE= 7.110513620319D+00
 Symmetry AG   KE= 1.469263242420D+00
 Symmetry BG   KE= 0.000000000000D+00
 Symmetry AU   KE= 0.000000000000D+00
 Symmetry BU   KE= 5.641250377900D+00

 Test job not archived.
 1\1\GINC-SULU\Stability\RHF\Gen\H12\LCJ1\17-Feb-2017\0\\#rhf/gen scf(s
 ymm,tight,novaracc,noincfock,fulldiag) stable(crhf) guess=read geom=no
 crowd test\\hf stability analysis of h12 triangular lattice, y= 0.5247
 6848321648584\\0,1\H\H,1,1.2189429575\H,1,1.2189429575,2,129.\H,2,1.21
 89429575,1,51.,3,0.,0\H,2,1.2189429575,1,180.,3,0.,0\H,4,1.2189429575,
 3,180.,5,0.,0\H,6,1.2189429575,5,180.,3,0.,0\H,4,1.2189429575,2,180.,3
 ,0.,0\H,3,1.2189429575,1,180.,4,0.,0\H,9,1.2189429575,3,180.,4,0.,0\H,
 8,1.2189429575,4,180.,3,0.,0\H,7,1.2189429575,6,180.,3,0.,0\\Version=E
 S64L-G09RevE.01\State=1-AG\HF=-5.2252692\MP2=-5.5200118\RMSD=2.141e-09
 \Dipole=0.,0.,0.\Quadrupole=0.9627508,2.3308632,-3.293614,0.,4.3593379
 ,0.\PG=C02H [SGH(H12)]\\@


 THE UNDERLYING PHYSICAL LAWS NECESSARY FOR THE 
 MATHEMATICAL THEORY OF A LARGE PART OF PHYSICS AND THE
 WHOLE OF CHEMISTRY ARE THUS COMPLETELY KNOWN, AND THE
 DIFFICULTY IS ONLY THAT THE EXACT APPLICATION OF THESE
 LAWS LEADS TO EQUATIONS MUCH TOO COMPLICATED 
 TO BE SOLUBLE.

                                        -- P. A. M. DIRAC, 1929
 Job cpu time:       0 days  0 hours  0 minutes  1.1 seconds.
 File lengths (MBytes):  RWF=     84 Int=      0 D2E=      0 Chk=      2 Scr=      2
 Normal termination of Gaussian 09 at Fri Feb 17 14:56:31 2017.
