 Entering Gaussian System, Link 0=g09
 AtFile(1): H.gbs
            H     0
            S   10   1.00
               1000.000000000000            0.000068713567
                316.227766000000            0.000169141320
                100.000000000000            0.000823394812
                 31.622776600000            0.003425569236
                 10.000000000000            0.013951996000
                  3.162277660000            0.056909313560
                  1.000000000000            0.198286399900
                  0.316227766000            0.496922426700
                  0.100000000000            0.369846276400
                  0.031622776600            0.003752720039
            ****
 Initial command:
 /projects/guscus/apps/gau/g09-e1/g09/l1.exe "/users/lcj1/gaussian/h12/rhfstability/rect/guess/ag2bu4/Gau-26950.inp" -scrdir="/users/lcj1/gaussian/h12/rhfstability/rect/guess/ag2bu4/"
 Entering Link 1 = /projects/guscus/apps/gau/g09-e1/g09/l1.exe PID=     26951.
  
 Copyright (c) 1988,1990,1992,1993,1995,1998,2003,2009,2015,
            Gaussian, Inc.  All Rights Reserved.
  
 This is part of the Gaussian(R) 09 program.  It is based on
 the Gaussian(R) 03 system (copyright 2003, Gaussian, Inc.),
 the Gaussian(R) 98 system (copyright 1998, Gaussian, Inc.),
 the Gaussian(R) 94 system (copyright 1995, Gaussian, Inc.),
 the Gaussian 92(TM) system (copyright 1992, Gaussian, Inc.),
 the Gaussian 90(TM) system (copyright 1990, Gaussian, Inc.),
 the Gaussian 88(TM) system (copyright 1988, Gaussian, Inc.),
 the Gaussian 86(TM) system (copyright 1986, Carnegie Mellon
 University), and the Gaussian 82(TM) system (copyright 1983,
 Carnegie Mellon University). Gaussian is a federally registered
 trademark of Gaussian, Inc.
  
 This software contains proprietary and confidential information,
 including trade secrets, belonging to Gaussian, Inc.
  
 This software is provided under written license and may be
 used, copied, transmitted, or stored only in accord with that
 written license.
  
 The following legend is applicable only to US Government
 contracts under FAR:
  
                    RESTRICTED RIGHTS LEGEND
  
 Use, reproduction and disclosure by the US Government is
 subject to restrictions as set forth in subparagraphs (a)
 and (c) of the Commercial Computer Software - Restricted
 Rights clause in FAR 52.227-19.
  
 Gaussian, Inc.
 340 Quinnipiac St., Bldg. 40, Wallingford CT 06492
  
  
 ---------------------------------------------------------------
 Warning -- This program may not be used in any manner that
 competes with the business of Gaussian, Inc. or will provide
 assistance to any competitor of Gaussian, Inc.  The licensee
 of this program is prohibited from giving any competitor of
 Gaussian, Inc. access to this program.  By using this program,
 the user acknowledges that Gaussian, Inc. is engaged in the
 business of creating and licensing software in the field of
 computational chemistry and represents and warrants to the
 licensee that it is not a competitor of Gaussian, Inc. and that
 it will not use this program in any manner prohibited above.
 ---------------------------------------------------------------
  

 Cite this work as:
 Gaussian 09, Revision E.01,
 M. J. Frisch, G. W. Trucks, H. B. Schlegel, G. E. Scuseria, 
 M. A. Robb, J. R. Cheeseman, G. Scalmani, V. Barone, B. Mennucci, 
 G. A. Petersson, H. Nakatsuji, M. Caricato, X. Li, H. P. Hratchian, 
 A. F. Izmaylov, J. Bloino, G. Zheng, J. L. Sonnenberg, M. Hada, 
 M. Ehara, K. Toyota, R. Fukuda, J. Hasegawa, M. Ishida, T. Nakajima, 
 Y. Honda, O. Kitao, H. Nakai, T. Vreven, J. A. Montgomery, Jr., 
 J. E. Peralta, F. Ogliaro, M. Bearpark, J. J. Heyd, E. Brothers, 
 K. N. Kudin, V. N. Staroverov, T. Keith, R. Kobayashi, J. Normand, 
 K. Raghavachari, A. Rendell, J. C. Burant, S. S. Iyengar, J. Tomasi, 
 M. Cossi, N. Rega, J. M. Millam, M. Klene, J. E. Knox, J. B. Cross, 
 V. Bakken, C. Adamo, J. Jaramillo, R. Gomperts, R. E. Stratmann, 
 O. Yazyev, A. J. Austin, R. Cammi, C. Pomelli, J. W. Ochterski, 
 R. L. Martin, K. Morokuma, V. G. Zakrzewski, G. A. Voth, 
 P. Salvador, J. J. Dannenberg, S. Dapprich, A. D. Daniels, 
 O. Farkas, J. B. Foresman, J. V. Ortiz, J. Cioslowski, 
 and D. J. Fox, Gaussian, Inc., Wallingford CT, 2013.
 
 ******************************************
 Gaussian 09:  ES64L-G09RevE.01 30-Nov-2015
                17-Feb-2017 
 ******************************************
 %chk=h12.chk
 ----------------------------------------------------------------------
 #rhf/gen scf(symm,tight,novaracc,noincfock,fulldiag) stable(crhf) gues
 s=read geom=nocrowd test
 ----------------------------------------------------------------------
 1/38=1/1;
 2/12=1,17=6,18=5,40=1/2;
 3/5=7,16=1,25=1,30=1,116=1/1,2,3;
 4/5=1,9=4/1;
 5/5=100002,15=2,16=1,32=2,38=6/2;
 8/6=1,10=90,11=11/1,4;
 9/8=4,13=1/2;
 6/7=2,8=2,9=2,10=2,28=1/1;
 99/5=1,9=1/99;
 ----------------------------------------------------------------------
 hf stability analysis of h12 triangular lattice, y= 0.7937677784109760
 1
 ----------------------------------------------------------------------
 Symbolic Z-matrix:
 Charge =  0 Multiplicity = 1
 H
 H                    1     1.07662 
 H                    1     1.07662  2     85. 
 H                    2     1.07662  1     95.      3     0.       0
 H                    2     1.07662  1     180.     3     0.       0
 H                    4     1.07662  3     180.     5     0.       0
 H                    6     1.07662  5     180.     3     0.       0
 H                    4     1.07662  2     180.     3     0.       0
 H                    3     1.07662  1     180.     4     0.       0
 H                    9     1.07662  3     180.     4     0.       0
 H                    8     1.07662  4     180.     3     0.       0
 H                    7     1.07662  6     180.     3     0.       0
 
                          Input orientation:                          
 ---------------------------------------------------------------------
 Center     Atomic      Atomic             Coordinates (Angstroms)
 Number     Number       Type             X           Y           Z
 ---------------------------------------------------------------------
      1          1           0        0.000000    0.000000    0.000000
      2          1           0        0.000000    0.000000    1.076620
      3          1           0        1.072523    0.000000    0.093834
      4          1           0        1.072523    0.000000    1.170454
      5          1           0        0.000000    0.000000    2.153241
      6          1           0        1.072523    0.000000    2.247074
      7          1           0        2.145047    0.000000    2.340908
      8          1           0        2.145047    0.000000    1.264288
      9          1           0        2.145047    0.000000    0.187667
     10          1           0        3.217570    0.000000    0.281501
     11          1           0        3.217570    0.000000    1.358121
     12          1           0        3.217570    0.000000    2.434742
 ---------------------------------------------------------------------
                    Distance matrix (angstroms):
                    1          2          3          4          5
     1  H    0.000000
     2  H    1.076620   0.000000
     3  H    1.076620   1.454708   0.000000
     4  H    1.587536   1.076620   1.076620   0.000000
     5  H    2.153241   1.076620   2.321953   1.454708   0.000000
     6  H    2.489910   1.587536   2.153241   1.076620   1.076620
     7  H    3.175071   2.489910   2.489910   1.587536   2.153241
     8  H    2.489910   2.153241   1.587536   1.076620   2.321953
     9  H    2.153241   2.321953   1.076620   1.454708   2.909417
    10  H    3.229861   3.314359   2.153241   2.321953   3.722387
    11  H    3.492456   3.229861   2.489910   2.153241   3.314359
    12  H    4.034938   3.492456   3.175071   2.489910   3.229861
                    6          7          8          9         10
     6  H    0.000000
     7  H    1.076620   0.000000
     8  H    1.454708   1.076620   0.000000
     9  H    2.321953   2.153241   1.076620   0.000000
    10  H    2.909417   2.321953   1.454708   1.076620   0.000000
    11  H    2.321953   1.454708   1.076620   1.587536   1.076620
    12  H    2.153241   1.076620   1.587536   2.489910   2.153241
                   11         12
    11  H    0.000000
    12  H    1.076620   0.000000
 Stoichiometry    H12
 Framework group  C2H[SGH(H12)]
 Deg. of freedom    11
 Full point group                 C2H     NOp   4
 Largest Abelian subgroup         C2H     NOp   4
 Largest concise Abelian subgroup C2      NOp   2
                         Standard orientation:                         
 ---------------------------------------------------------------------
 Center     Atomic      Atomic             Coordinates (Angstroms)
 Number     Number       Type             X           Y           Z
 ---------------------------------------------------------------------
      1          1           0        1.072523    1.708764   -0.000000
      2          1           0        0.000000    1.614930    0.000000
      3          1           0        1.072523    0.632144   -0.000000
      4          1           0        0.000000    0.538310    0.000000
      5          1           0       -1.072523    1.521097    0.000000
      6          1           0       -1.072523    0.444477    0.000000
      7          1           0       -1.072523   -0.632144    0.000000
      8          1           0       -0.000000   -0.538310    0.000000
      9          1           0        1.072523   -0.444477    0.000000
     10          1           0        1.072523   -1.521097    0.000000
     11          1           0       -0.000000   -1.614930    0.000000
     12          1           0       -1.072523   -1.708764    0.000000
 ---------------------------------------------------------------------
 Rotational constants (GHZ):     54.9560319     28.5975450     18.8095789
 General basis read from cards:  (5D, 7F)
 There are     6 symmetry adapted cartesian basis functions of AG  symmetry.
 There are     0 symmetry adapted cartesian basis functions of BG  symmetry.
 There are     0 symmetry adapted cartesian basis functions of AU  symmetry.
 There are     6 symmetry adapted cartesian basis functions of BU  symmetry.
 There are     6 symmetry adapted basis functions of AG  symmetry.
 There are     0 symmetry adapted basis functions of BG  symmetry.
 There are     0 symmetry adapted basis functions of AU  symmetry.
 There are     6 symmetry adapted basis functions of BU  symmetry.
    12 basis functions,   120 primitive gaussians,    12 cartesian basis functions
     6 alpha electrons        6 beta electrons
       nuclear repulsion energy        20.1632864492 Hartrees.
 NAtoms=   12 NActive=   12 NUniq=    6 SFac= 4.00D+00 NAtFMM=   60 NAOKFM=F Big=F
 Integral buffers will be    131072 words long.
 Regular integral format.
 Two-electron integral symmetry is turned on.
 One-electron integrals computed using PRISM.
 NBasis=    12 RedAO= T EigKep=  1.09D-01  NBF=     6     0     0     6
 NBsUse=    12 1.00D-06 EigRej= -1.00D+00 NBFU=     6     0     0     6
 Initial guess from the checkpoint file:  "h12.chk"
 B after Tr=    -0.000000    0.000000    0.000000
         Rot=    0.999999    0.000000   -0.000000   -0.001518 Ang=  -0.17 deg.
 Initial guess orbital symmetries:
       Occupied  (AG) (BU) (BU) (AG) (BU) (BU)
       Virtual   (AG) (AG) (BU) (AG) (AG) (BU)
 Keep R1 ints in memory in symmetry-blocked form, NReq=903672.
 Requested convergence on RMS density matrix=1.00D-08 within 128 cycles.
 Requested convergence on MAX density matrix=1.00D-06.
 Requested convergence on             energy=1.00D-06.
 No special actions if energy rises.
 SCF Done:  E(RHF) =  -5.02687538013     A.U. after   11 cycles
            NFock= 11  Conv=0.57D-08     -V/T= 1.6607
 Range of M.O.s used for correlation:     1    12
 NBasis=    12 NAE=     6 NBE=     6 NFC=     0 NFV=     0
 NROrb=     12 NOA=     6 NOB=     6 NVA=     6 NVB=     6

 **** Warning!!: The smallest alpha delta epsilon is -0.10176368D+00

 Semi-Direct transformation.
 ModeAB=           4 MOrb=             6 LenV=     134084479
 LASXX=         2181 LTotXX=        2181 LenRXX=        5115
 LTotAB=        2934 MaxLAS=        3024 LenRXY=           0
 NonZer=        7296 LenScr=      655360 LnRSAI=        3024
 LnScr1=      655360 LExtra=           0 Total=      1318859
 MaxDsk=          -1 SrtSym=           T ITran=            3
 JobTyp=0 Pass  1:  I=   1 to   6.
 (rs|ai) integrals will be sorted in core.
 Spin components of T(2) and E(2):
     alpha-alpha T2 =       0.1422936849D-01 E2=     -0.1630326819D-01
     alpha-beta  T2 =       0.7126899824D+00 E2=     -0.1171381370D+00
     beta-beta   T2 =       0.1422936849D-01 E2=     -0.1630326819D-01
 ANorm=    0.1319525945D+01
 E2 =    -0.1497446734D+00 EUMP2 =    -0.51766200534969D+01
 Second order stability test of a single determinant RHF wave function:
 Stabil:  MDV=134217728
 ***********************************************************************
 Matrix         Lowest Root    Major Pairs
 ***********************************************************************
 Internal RHF    -0.3183795    6A=7A 5A=7A
 RRHF --> CRHF   -0.3617614    6A=7A 5A=7A
 RRHF --> RUHF   -0.527032     6A=7B 5A=7B
 Not stable.
 ***********************************************************************

 **********************************************************************

            Population analysis using the SCF density.

 **********************************************************************

 Orbital symmetries:
       Occupied  (AG) (BU) (BU) (AG) (BU) (BU)
       Virtual   (AG) (AG) (BU) (AG) (AG) (BU)
 The electronic state is 1-AG.
 Alpha  occ. eigenvalues --   -0.90383  -0.72437  -0.60687  -0.49493  -0.16198
 Alpha  occ. eigenvalues --   -0.11902
 Alpha virt. eigenvalues --   -0.22079   0.06598   0.28553   0.45310   0.58935
 Alpha virt. eigenvalues --    0.99367
          Condensed to atoms (all electrons):
               1          2          3          4          5          6
     1  H    1.394805   0.369065  -0.374484  -0.239933  -0.069965   0.004844
     2  H    0.369065   0.890225  -0.128243  -0.377813   0.355882  -0.177344
     3  H   -0.374484  -0.128243   0.970320   0.581882  -0.008172   0.004334
     4  H   -0.239933  -0.377813   0.581882   1.875664  -0.233773   0.615801
     5  H   -0.069965   0.355882  -0.008172  -0.233773   1.241270  -0.486143
     6  H    0.004844  -0.177344   0.004334   0.615801  -0.486143   1.372853
     7  H    0.022408   0.017694  -0.096517  -0.250251  -0.007526   0.125730
     8  H    0.041320   0.053209  -0.250251  -0.778833   0.056300  -0.249146
     9  H   -0.074308   0.013233   0.125730  -0.249146   0.041805  -0.144233
    10  H    0.031776  -0.006022  -0.007526   0.056300  -0.020331   0.041805
    11  H    0.000931  -0.000747   0.017694   0.053209  -0.006022   0.013233
    12  H   -0.010653   0.000931   0.022408   0.041320   0.031776  -0.074308
               7          8          9         10         11         12
     1  H    0.022408   0.041320  -0.074308   0.031776   0.000931  -0.010653
     2  H    0.017694   0.053209   0.013233  -0.006022  -0.000747   0.000931
     3  H   -0.096517  -0.250251   0.125730  -0.007526   0.017694   0.022408
     4  H   -0.250251  -0.778833  -0.249146   0.056300   0.053209   0.041320
     5  H   -0.007526   0.056300   0.041805  -0.020331  -0.006022   0.031776
     6  H    0.125730  -0.249146  -0.144233   0.041805   0.013233  -0.074308
     7  H    0.970320   0.581882   0.004334  -0.008172  -0.128243  -0.374484
     8  H    0.581882   1.875664   0.615801  -0.233773  -0.377813  -0.239933
     9  H    0.004334   0.615801   1.372853  -0.486143  -0.177344   0.004844
    10  H   -0.008172  -0.233773  -0.486143   1.241270   0.355882  -0.069965
    11  H   -0.128243  -0.377813  -0.177344   0.355882   0.890225   0.369065
    12  H   -0.374484  -0.239933   0.004844  -0.069965   0.369065   1.394805
 Mulliken charges:
               1
     1  H   -0.095806
     2  H   -0.010069
     3  H    0.142826
     4  H   -0.094428
     5  H    0.104900
     6  H   -0.047424
     7  H    0.142826
     8  H   -0.094428
     9  H   -0.047424
    10  H    0.104900
    11  H   -0.010069
    12  H   -0.095806
 Sum of Mulliken charges =   0.00000
 Mulliken charges with hydrogens summed into heavy atoms:
               1
 Electronic spatial extent (au):  <R**2>=            133.2689
 Charge=              0.0000 electrons
 Dipole moment (field-independent basis, Debye):
    X=              0.0000    Y=             -0.0000    Z=              0.0000  Tot=              0.0000
 Quadrupole moment (field-independent basis, Debye-Ang):
   XX=            -12.3829   YY=            -24.3827   ZZ=            -14.4342
   XY=             -2.2351   XZ=              0.0000   YZ=              0.0000
 Traceless Quadrupole moment (field-independent basis, Debye-Ang):
   XX=              4.6837   YY=             -7.3161   ZZ=              2.6324
   XY=             -2.2351   XZ=              0.0000   YZ=              0.0000
 Octapole moment (field-independent basis, Debye-Ang**2):
  XXX=              0.0000  YYY=             -0.0000  ZZZ=             -0.0000  XYY=              0.0000
  XXY=             -0.0000  XXZ=             -0.0000  XZZ=              0.0000  YZZ=             -0.0000
  YYZ=             -0.0000  XYZ=             -0.0000
 Hexadecapole moment (field-independent basis, Debye-Ang**3):
 XXXX=            -76.7139 YYYY=           -228.9375 ZZZZ=            -16.6826 XXXY=             -7.0644
 XXXZ=              0.0000 YYYX=            -15.4226 YYYZ=              0.0000 ZZZX=              0.0000
 ZZZY=              0.0000 XXYY=            -45.7058 XXZZ=            -16.4025 YYZZ=            -30.9367
 XXYZ=              0.0000 YYXZ=              0.0000 ZZXY=             -1.6688
 N-N= 2.016328644918D+01 E-N=-5.196660358490D+01  KE= 7.608293073071D+00
 Symmetry AG   KE= 1.693496622317D+00
 Symmetry BG   KE= 0.000000000000D+00
 Symmetry AU   KE= 0.000000000000D+00
 Symmetry BU   KE= 5.914796450754D+00

 Test job not archived.
 1\1\GINC-SULU\Stability\RHF\Gen\H12\LCJ1\17-Feb-2017\0\\#rhf/gen scf(s
 ymm,tight,novaracc,noincfock,fulldiag) stable(crhf) guess=read geom=no
 crowd test\\hf stability analysis of h12 triangular lattice, y= 0.7937
 6777841097601\\0,1\H\H,1,1.0766203191\H,1,1.0766203191,2,85.\H,2,1.076
 6203191,1,95.,3,0.,0\H,2,1.0766203191,1,180.,3,0.,0\H,4,1.0766203191,3
 ,180.,5,0.,0\H,6,1.0766203191,5,180.,3,0.,0\H,4,1.0766203191,2,180.,3,
 0.,0\H,3,1.0766203191,1,180.,4,0.,0\H,9,1.0766203191,3,180.,4,0.,0\H,8
 ,1.0766203191,4,180.,3,0.,0\H,7,1.0766203191,6,180.,3,0.,0\\Version=ES
 64L-G09RevE.01\State=1-AG\HF=-5.0268754\MP2=-5.1766201\RMSD=5.746e-09\
 Dipole=0.,0.,0.\Quadrupole=-5.0830239,1.9571506,3.1258733,0.,-2.411119
 9,0.\PG=C02H [SGH(H12)]\\@


 Some scientists claim that hydrogen, because it is so
 plentiful, is the basic building block of the universe. 
 I dispute that. I say that stupidity is far more
 abundant than hydrogen, and THAT is the basic building 
 block of the universe.
                   --Frank Zappa
 Job cpu time:       0 days  0 hours  0 minutes  1.1 seconds.
 File lengths (MBytes):  RWF=     84 Int=      0 D2E=      0 Chk=      2 Scr=      2
 Normal termination of Gaussian 09 at Fri Feb 17 15:01:11 2017.
