 Entering Gaussian System, Link 0=g09
 AtFile(1): H.gbs
            H     0
            S   10   1.00
               1000.000000000000            0.000068713567
                316.227766000000            0.000169141320
                100.000000000000            0.000823394812
                 31.622776600000            0.003425569236
                 10.000000000000            0.013951996000
                  3.162277660000            0.056909313560
                  1.000000000000            0.198286399900
                  0.316227766000            0.496922426700
                  0.100000000000            0.369846276400
                  0.031622776600            0.003752720039
            ****
 Initial command:
 /projects/guscus/apps/gau/g09-e1/g09/l1.exe "/users/lcj1/gaussian/h12/rhfstability/rect/guess/ag2bu4/Gau-24851.inp" -scrdir="/users/lcj1/gaussian/h12/rhfstability/rect/guess/ag2bu4/"
 Entering Link 1 = /projects/guscus/apps/gau/g09-e1/g09/l1.exe PID=     24852.
  
 Copyright (c) 1988,1990,1992,1993,1995,1998,2003,2009,2015,
            Gaussian, Inc.  All Rights Reserved.
  
 This is part of the Gaussian(R) 09 program.  It is based on
 the Gaussian(R) 03 system (copyright 2003, Gaussian, Inc.),
 the Gaussian(R) 98 system (copyright 1998, Gaussian, Inc.),
 the Gaussian(R) 94 system (copyright 1995, Gaussian, Inc.),
 the Gaussian 92(TM) system (copyright 1992, Gaussian, Inc.),
 the Gaussian 90(TM) system (copyright 1990, Gaussian, Inc.),
 the Gaussian 88(TM) system (copyright 1988, Gaussian, Inc.),
 the Gaussian 86(TM) system (copyright 1986, Carnegie Mellon
 University), and the Gaussian 82(TM) system (copyright 1983,
 Carnegie Mellon University). Gaussian is a federally registered
 trademark of Gaussian, Inc.
  
 This software contains proprietary and confidential information,
 including trade secrets, belonging to Gaussian, Inc.
  
 This software is provided under written license and may be
 used, copied, transmitted, or stored only in accord with that
 written license.
  
 The following legend is applicable only to US Government
 contracts under FAR:
  
                    RESTRICTED RIGHTS LEGEND
  
 Use, reproduction and disclosure by the US Government is
 subject to restrictions as set forth in subparagraphs (a)
 and (c) of the Commercial Computer Software - Restricted
 Rights clause in FAR 52.227-19.
  
 Gaussian, Inc.
 340 Quinnipiac St., Bldg. 40, Wallingford CT 06492
  
  
 ---------------------------------------------------------------
 Warning -- This program may not be used in any manner that
 competes with the business of Gaussian, Inc. or will provide
 assistance to any competitor of Gaussian, Inc.  The licensee
 of this program is prohibited from giving any competitor of
 Gaussian, Inc. access to this program.  By using this program,
 the user acknowledges that Gaussian, Inc. is engaged in the
 business of creating and licensing software in the field of
 computational chemistry and represents and warrants to the
 licensee that it is not a competitor of Gaussian, Inc. and that
 it will not use this program in any manner prohibited above.
 ---------------------------------------------------------------
  

 Cite this work as:
 Gaussian 09, Revision E.01,
 M. J. Frisch, G. W. Trucks, H. B. Schlegel, G. E. Scuseria, 
 M. A. Robb, J. R. Cheeseman, G. Scalmani, V. Barone, B. Mennucci, 
 G. A. Petersson, H. Nakatsuji, M. Caricato, X. Li, H. P. Hratchian, 
 A. F. Izmaylov, J. Bloino, G. Zheng, J. L. Sonnenberg, M. Hada, 
 M. Ehara, K. Toyota, R. Fukuda, J. Hasegawa, M. Ishida, T. Nakajima, 
 Y. Honda, O. Kitao, H. Nakai, T. Vreven, J. A. Montgomery, Jr., 
 J. E. Peralta, F. Ogliaro, M. Bearpark, J. J. Heyd, E. Brothers, 
 K. N. Kudin, V. N. Staroverov, T. Keith, R. Kobayashi, J. Normand, 
 K. Raghavachari, A. Rendell, J. C. Burant, S. S. Iyengar, J. Tomasi, 
 M. Cossi, N. Rega, J. M. Millam, M. Klene, J. E. Knox, J. B. Cross, 
 V. Bakken, C. Adamo, J. Jaramillo, R. Gomperts, R. E. Stratmann, 
 O. Yazyev, A. J. Austin, R. Cammi, C. Pomelli, J. W. Ochterski, 
 R. L. Martin, K. Morokuma, V. G. Zakrzewski, G. A. Voth, 
 P. Salvador, J. J. Dannenberg, S. Dapprich, A. D. Daniels, 
 O. Farkas, J. B. Foresman, J. V. Ortiz, J. Cioslowski, 
 and D. J. Fox, Gaussian, Inc., Wallingford CT, 2013.
 
 ******************************************
 Gaussian 09:  ES64L-G09RevE.01 30-Nov-2015
                17-Feb-2017 
 ******************************************
 %chk=h12.chk
 ----------------------------------------------------------------------
 #rhf/gen scf(symm,tight,novaracc,noincfock,fulldiag) stable(crhf) gues
 s=read geom=nocrowd test
 ----------------------------------------------------------------------
 1/38=1/1;
 2/12=1,17=6,18=5,40=1/2;
 3/5=7,16=1,25=1,30=1,116=1/1,2,3;
 4/5=1,9=4/1;
 5/5=100002,15=2,16=1,32=2,38=6/2;
 8/6=1,10=90,11=11/1,4;
 9/8=4,13=1/2;
 6/7=2,8=2,9=2,10=2,28=1/1;
 99/5=1,9=1/99;
 ----------------------------------------------------------------------
 hf stability analysis of h12 triangular lattice, y= 0.7369646693133348
 2
 ----------------------------------------------------------------------
 Symbolic Z-matrix:
 Charge =  0 Multiplicity = 1
 H
 H                    1     1.07557 
 H                    1     1.07557  2     93.5 
 H                    2     1.07557  1     86.5     3     0.       0
 H                    2     1.07557  1     180.     3     0.       0
 H                    4     1.07557  3     180.     5     0.       0
 H                    6     1.07557  5     180.     3     0.       0
 H                    4     1.07557  2     180.     3     0.       0
 H                    3     1.07557  1     180.     4     0.       0
 H                    9     1.07557  3     180.     4     0.       0
 H                    8     1.07557  4     180.     3     0.       0
 H                    7     1.07557  6     180.     3     0.       0
 
                          Input orientation:                          
 ---------------------------------------------------------------------
 Center     Atomic      Atomic             Coordinates (Angstroms)
 Number     Number       Type             X           Y           Z
 ---------------------------------------------------------------------
      1          1           0        0.000000    0.000000    0.000000
      2          1           0        0.000000    0.000000    1.075573
      3          1           0        1.073567    0.000000   -0.065662
      4          1           0        1.073567    0.000000    1.009911
      5          1           0        0.000000    0.000000    2.151147
      6          1           0        1.073567    0.000000    2.085485
      7          1           0        2.147135    0.000000    2.019823
      8          1           0        2.147135    0.000000    0.944249
      9          1           0        2.147135    0.000000   -0.131324
     10          1           0        3.220702    0.000000   -0.196987
     11          1           0        3.220702    0.000000    0.878587
     12          1           0        3.220702    0.000000    1.954160
 ---------------------------------------------------------------------
                    Distance matrix (angstroms):
                    1          2          3          4          5
     1  H    0.000000
     2  H    1.075573   0.000000
     3  H    1.075573   1.566833   0.000000
     4  H    1.473929   1.075573   1.075573   0.000000
     5  H    2.151147   1.075573   2.463085   1.566833   0.000000
     6  H    2.345590   1.473929   2.151147   1.075573   1.075573
     7  H    2.947859   2.345590   2.345590   1.473929   2.151147
     8  H    2.345590   2.151147   1.473929   1.075573   2.463085
     9  H    2.151147   2.463085   1.075573   1.566833   3.133666
    10  H    3.226720   3.462994   2.151147   2.463085   3.985806
    11  H    3.338388   3.226720   2.345590   2.151147   3.462994
    12  H    3.767182   3.338388   2.947859   2.345590   3.226720
                    6          7          8          9         10
     6  H    0.000000
     7  H    1.075573   0.000000
     8  H    1.566833   1.075573   0.000000
     9  H    2.463085   2.151147   1.075573   0.000000
    10  H    3.133666   2.463085   1.566833   1.075573   0.000000
    11  H    2.463085   1.566833   1.075573   1.473929   1.075573
    12  H    2.151147   1.075573   1.473929   2.345590   2.151147
                   11         12
    11  H    0.000000
    12  H    1.075573   0.000000
 Stoichiometry    H12
 Framework group  C2H[SGH(H12)]
 Deg. of freedom    11
 Full point group                 C2H     NOp   4
 Largest Abelian subgroup         C2H     NOp   4
 Largest concise Abelian subgroup C2      NOp   2
                         Standard orientation:                         
 ---------------------------------------------------------------------
 Center     Atomic      Atomic             Coordinates (Angstroms)
 Number     Number       Type             X           Y           Z
 ---------------------------------------------------------------------
      1          1           0        1.073567    1.547698   -0.000000
      2          1           0        0.000000    1.613360   -0.000000
      3          1           0        1.073567    0.472125    0.000000
      4          1           0        0.000000    0.537787   -0.000000
      5          1           0       -1.073567    1.679022   -0.000000
      6          1           0       -1.073567    0.603449   -0.000000
      7          1           0       -1.073567   -0.472125    0.000000
      8          1           0       -0.000000   -0.537787    0.000000
      9          1           0        1.073567   -0.603449   -0.000000
     10          1           0        1.073567   -1.679022   -0.000000
     11          1           0       -0.000000   -1.613360    0.000000
     12          1           0       -1.073567   -1.547698    0.000000
 ---------------------------------------------------------------------
 Rotational constants (GHZ):     54.6151172     28.7760550     18.8462109
 General basis read from cards:  (5D, 7F)
 There are     6 symmetry adapted cartesian basis functions of AG  symmetry.
 There are     0 symmetry adapted cartesian basis functions of BG  symmetry.
 There are     0 symmetry adapted cartesian basis functions of AU  symmetry.
 There are     6 symmetry adapted cartesian basis functions of BU  symmetry.
 There are     6 symmetry adapted basis functions of AG  symmetry.
 There are     0 symmetry adapted basis functions of BG  symmetry.
 There are     0 symmetry adapted basis functions of AU  symmetry.
 There are     6 symmetry adapted basis functions of BU  symmetry.
    12 basis functions,   120 primitive gaussians,    12 cartesian basis functions
     6 alpha electrons        6 beta electrons
       nuclear repulsion energy        20.1722439673 Hartrees.
 NAtoms=   12 NActive=   12 NUniq=    6 SFac= 4.00D+00 NAtFMM=   60 NAOKFM=F Big=F
 Integral buffers will be    131072 words long.
 Regular integral format.
 Two-electron integral symmetry is turned on.
 One-electron integrals computed using PRISM.
 NBasis=    12 RedAO= T EigKep=  1.08D-01  NBF=     6     0     0     6
 NBsUse=    12 1.00D-06 EigRej= -1.00D+00 NBFU=     6     0     0     6
 Initial guess from the checkpoint file:  "h12.chk"
 B after Tr=     0.000000   -0.000000   -0.000000
         Rot=    0.999999    0.000000   -0.000000   -0.001518 Ang=  -0.17 deg.
 Initial guess orbital symmetries:
       Occupied  (AG) (BU) (BU) (AG) (BU) (BU)
       Virtual   (AG) (AG) (BU) (AG) (AG) (BU)
 Keep R1 ints in memory in symmetry-blocked form, NReq=903868.
 Requested convergence on RMS density matrix=1.00D-08 within 128 cycles.
 Requested convergence on MAX density matrix=1.00D-06.
 Requested convergence on             energy=1.00D-06.
 No special actions if energy rises.
 SCF Done:  E(RHF) =  -5.02498113835     A.U. after   11 cycles
            NFock= 11  Conv=0.34D-08     -V/T= 1.6599
 Range of M.O.s used for correlation:     1    12
 NBasis=    12 NAE=     6 NBE=     6 NFC=     0 NFV=     0
 NROrb=     12 NOA=     6 NOB=     6 NVA=     6 NVB=     6

 **** Warning!!: The smallest alpha delta epsilon is -0.95671861D-01

 Semi-Direct transformation.
 ModeAB=           4 MOrb=             6 LenV=     134084353
 LASXX=         2181 LTotXX=        2181 LenRXX=        5115
 LTotAB=        2934 MaxLAS=        3024 LenRXY=           0
 NonZer=        7296 LenScr=      655360 LnRSAI=        3024
 LnScr1=      655360 LExtra=           0 Total=      1318859
 MaxDsk=          -1 SrtSym=           T ITran=            3
 JobTyp=0 Pass  1:  I=   1 to   6.
 (rs|ai) integrals will be sorted in core.
 Spin components of T(2) and E(2):
     alpha-alpha T2 =       0.1427438683D-01 E2=     -0.1641773600D-01
     alpha-beta  T2 =       0.6951525971D+00 E2=     -0.1140004086D+00
     beta-beta   T2 =       0.1427438683D-01 E2=     -0.1641773600D-01
 ANorm=    0.1312898081D+01
 E2 =    -0.1468358806D+00 EUMP2 =    -0.51718170189382D+01
 Second order stability test of a single determinant RHF wave function:
 Stabil:  MDV=134217728
 ***********************************************************************
 Matrix         Lowest Root    Major Pairs
 ***********************************************************************
 Internal RHF    -0.3174012    6A=7A 5A=7A
 RRHF --> CRHF   -0.3585873    6A=7A 5A=7A
 RRHF --> RUHF   -0.5224466    6A=7B 5A=7B
 Not stable.
 ***********************************************************************

 **********************************************************************

            Population analysis using the SCF density.

 **********************************************************************

 Orbital symmetries:
       Occupied  (AG) (BU) (BU) (AG) (BU) (BU)
       Virtual   (AG) (AG) (BU) (AG) (AG) (BU)
 The electronic state is 1-AG.
 Alpha  occ. eigenvalues --   -0.90373  -0.72355  -0.60746  -0.49453  -0.15665
 Alpha  occ. eigenvalues --   -0.12551
 Alpha virt. eigenvalues --   -0.22118   0.06503   0.28567   0.45844   0.58743
 Alpha virt. eigenvalues --    1.00201
          Condensed to atoms (all electrons):
               1          2          3          4          5          6
     1  H    1.275265   0.360453  -0.480063  -0.238755  -0.068714  -0.005559
     2  H    0.360453   0.885594  -0.170208  -0.373829   0.370439  -0.135722
     3  H   -0.480063  -0.170208   1.307711   0.612726   0.003216   0.003627
     4  H   -0.238755  -0.373829   0.612726   1.877396  -0.242199   0.588186
     5  H   -0.068714   0.370439   0.003216  -0.242199   1.382357  -0.401039
     6  H   -0.005559  -0.135722   0.003627   0.588186  -0.401039   1.022672
     7  H    0.038200   0.011996  -0.135430  -0.248461  -0.065167   0.139406
     8  H    0.054257   0.051466  -0.248461  -0.780975   0.043567  -0.248949
     9  H   -0.018044   0.015544   0.139406  -0.248949   0.024648  -0.102307
    10  H    0.032425   0.000304  -0.065167   0.043567  -0.011874   0.024648
    11  H   -0.004496  -0.000207   0.011996   0.051466   0.000304   0.015544
    12  H   -0.018716  -0.004496   0.038200   0.054257   0.032425  -0.018044
               7          8          9         10         11         12
     1  H    0.038200   0.054257  -0.018044   0.032425  -0.004496  -0.018716
     2  H    0.011996   0.051466   0.015544   0.000304  -0.000207  -0.004496
     3  H   -0.135430  -0.248461   0.139406  -0.065167   0.011996   0.038200
     4  H   -0.248461  -0.780975  -0.248949   0.043567   0.051466   0.054257
     5  H   -0.065167   0.043567   0.024648  -0.011874   0.000304   0.032425
     6  H    0.139406  -0.248949  -0.102307   0.024648   0.015544  -0.018044
     7  H    1.307711   0.612726   0.003627   0.003216  -0.170208  -0.480063
     8  H    0.612726   1.877396   0.588186  -0.242199  -0.373829  -0.238755
     9  H    0.003627   0.588186   1.022672  -0.401039  -0.135722  -0.005559
    10  H    0.003216  -0.242199  -0.401039   1.382357   0.370439  -0.068714
    11  H   -0.170208  -0.373829  -0.135722   0.370439   0.885594   0.360453
    12  H   -0.480063  -0.238755  -0.005559  -0.068714   0.360453   1.275265
 Mulliken charges:
               1
     1  H    0.073746
     2  H   -0.011335
     3  H   -0.017552
     4  H   -0.094431
     5  H   -0.067966
     6  H    0.117538
     7  H   -0.017552
     8  H   -0.094431
     9  H    0.117538
    10  H   -0.067966
    11  H   -0.011335
    12  H    0.073746
 Sum of Mulliken charges =   0.00000
 Mulliken charges with hydrogens summed into heavy atoms:
               1
 Electronic spatial extent (au):  <R**2>=            132.9983
 Charge=              0.0000 electrons
 Dipole moment (field-independent basis, Debye):
    X=             -0.0000    Y=              0.0000    Z=              0.0000  Tot=              0.0000
 Quadrupole moment (field-independent basis, Debye-Ang):
   XX=            -12.3196   YY=            -24.3374   ZZ=            -14.4279
   XY=              1.5681   XZ=             -0.0000   YZ=              0.0000
 Traceless Quadrupole moment (field-independent basis, Debye-Ang):
   XX=              4.7087   YY=             -7.3091   ZZ=              2.6004
   XY=              1.5681   XZ=             -0.0000   YZ=              0.0000
 Octapole moment (field-independent basis, Debye-Ang**2):
  XXX=              0.0000  YYY=             -0.0000  ZZZ=              0.0000  XYY=              0.0000
  XXY=             -0.0000  XXZ=              0.0000  XZZ=             -0.0000  YZZ=             -0.0000
  YYZ=              0.0000  XYZ=              0.0000
 Hexadecapole moment (field-independent basis, Debye-Ang**3):
 XXXX=            -76.5921 YYYY=           -227.4688 ZZZZ=            -16.6705 XXXY=              4.9461
 XXXZ=             -0.0000 YYYX=             10.8271 YYYZ=              0.0000 ZZZX=             -0.0000
 ZZZY=              0.0000 XXYY=            -45.4680 XXZZ=            -16.3954 YYZZ=            -30.8219
 XXYZ=              0.0000 YYXZ=             -0.0000 ZZXY=              1.1700
 N-N= 2.017224396729D+01 E-N=-5.198672544352D+01  KE= 7.615132859576D+00
 Symmetry AG   KE= 1.699669667494D+00
 Symmetry BG   KE= 0.000000000000D+00
 Symmetry AU   KE= 0.000000000000D+00
 Symmetry BU   KE= 5.915463192082D+00

 Test job not archived.
 1\1\GINC-SULU\Stability\RHF\Gen\H12\LCJ1\17-Feb-2017\0\\#rhf/gen scf(s
 ymm,tight,novaracc,noincfock,fulldiag) stable(crhf) guess=read geom=no
 crowd test\\hf stability analysis of h12 triangular lattice, y= 0.7369
 6466931333482\\0,1\H\H,1,1.0755734793\H,1,1.0755734793,2,93.5\H,2,1.07
 55734793,1,86.5,3,0.,0\H,2,1.0755734793,1,180.,3,0.,0\H,4,1.0755734793
 ,3,180.,5,0.,0\H,6,1.0755734793,5,180.,3,0.,0\H,4,1.0755734793,2,180.,
 3,0.,0\H,3,1.0755734793,1,180.,4,0.,0\H,9,1.0755734793,3,180.,4,0.,0\H
 ,8,1.0755734793,4,180.,3,0.,0\H,7,1.0755734793,6,180.,3,0.,0\\Version=
 ES64L-G09RevE.01\State=1-AG\HF=-5.0249811\MP2=-5.171817\RMSD=3.378e-09
 \Dipole=0.,0.,0.\Quadrupole=-5.2587754,1.9333675,3.3254079,0.,1.701616
 5,0.\PG=C02H [SGH(H12)]\\@


 THE MOST BEAUTIFUL EXPERIENCE WE CAN HAVE IS THE MYSTERIOUS.
 IT IS THE FUNDAMENTAL EMOTION WHICH STANDS AT AT THE CRADLE 
 OF TRUE ART AND TRUE SCIENCE.

                                    -- ALBERT EINSTEIN
 Job cpu time:       0 days  0 hours  0 minutes  1.1 seconds.
 File lengths (MBytes):  RWF=     84 Int=      0 D2E=      0 Chk=      2 Scr=      2
 Normal termination of Gaussian 09 at Fri Feb 17 15:00:15 2017.
