 Entering Gaussian System, Link 0=g09
 AtFile(1): H.gbs
            H     0
            S   10   1.00
               1000.000000000000            0.000068713567
                316.227766000000            0.000169141320
                100.000000000000            0.000823394812
                 31.622776600000            0.003425569236
                 10.000000000000            0.013951996000
                  3.162277660000            0.056909313560
                  1.000000000000            0.198286399900
                  0.316227766000            0.496922426700
                  0.100000000000            0.369846276400
                  0.031622776600            0.003752720039
            ****
 Initial command:
 /projects/guscus/apps/gau/g09-e1/g09/l1.exe "/users/lcj1/gaussian/h12/rhfstability/rect/guess/ag2bu4/Gau-1630.inp" -scrdir="/users/lcj1/gaussian/h12/rhfstability/rect/guess/ag2bu4/"
 Entering Link 1 = /projects/guscus/apps/gau/g09-e1/g09/l1.exe PID=      1631.
  
 Copyright (c) 1988,1990,1992,1993,1995,1998,2003,2009,2015,
            Gaussian, Inc.  All Rights Reserved.
  
 This is part of the Gaussian(R) 09 program.  It is based on
 the Gaussian(R) 03 system (copyright 2003, Gaussian, Inc.),
 the Gaussian(R) 98 system (copyright 1998, Gaussian, Inc.),
 the Gaussian(R) 94 system (copyright 1995, Gaussian, Inc.),
 the Gaussian 92(TM) system (copyright 1992, Gaussian, Inc.),
 the Gaussian 90(TM) system (copyright 1990, Gaussian, Inc.),
 the Gaussian 88(TM) system (copyright 1988, Gaussian, Inc.),
 the Gaussian 86(TM) system (copyright 1986, Carnegie Mellon
 University), and the Gaussian 82(TM) system (copyright 1983,
 Carnegie Mellon University). Gaussian is a federally registered
 trademark of Gaussian, Inc.
  
 This software contains proprietary and confidential information,
 including trade secrets, belonging to Gaussian, Inc.
  
 This software is provided under written license and may be
 used, copied, transmitted, or stored only in accord with that
 written license.
  
 The following legend is applicable only to US Government
 contracts under FAR:
  
                    RESTRICTED RIGHTS LEGEND
  
 Use, reproduction and disclosure by the US Government is
 subject to restrictions as set forth in subparagraphs (a)
 and (c) of the Commercial Computer Software - Restricted
 Rights clause in FAR 52.227-19.
  
 Gaussian, Inc.
 340 Quinnipiac St., Bldg. 40, Wallingford CT 06492
  
  
 ---------------------------------------------------------------
 Warning -- This program may not be used in any manner that
 competes with the business of Gaussian, Inc. or will provide
 assistance to any competitor of Gaussian, Inc.  The licensee
 of this program is prohibited from giving any competitor of
 Gaussian, Inc. access to this program.  By using this program,
 the user acknowledges that Gaussian, Inc. is engaged in the
 business of creating and licensing software in the field of
 computational chemistry and represents and warrants to the
 licensee that it is not a competitor of Gaussian, Inc. and that
 it will not use this program in any manner prohibited above.
 ---------------------------------------------------------------
  

 Cite this work as:
 Gaussian 09, Revision E.01,
 M. J. Frisch, G. W. Trucks, H. B. Schlegel, G. E. Scuseria, 
 M. A. Robb, J. R. Cheeseman, G. Scalmani, V. Barone, B. Mennucci, 
 G. A. Petersson, H. Nakatsuji, M. Caricato, X. Li, H. P. Hratchian, 
 A. F. Izmaylov, J. Bloino, G. Zheng, J. L. Sonnenberg, M. Hada, 
 M. Ehara, K. Toyota, R. Fukuda, J. Hasegawa, M. Ishida, T. Nakajima, 
 Y. Honda, O. Kitao, H. Nakai, T. Vreven, J. A. Montgomery, Jr., 
 J. E. Peralta, F. Ogliaro, M. Bearpark, J. J. Heyd, E. Brothers, 
 K. N. Kudin, V. N. Staroverov, T. Keith, R. Kobayashi, J. Normand, 
 K. Raghavachari, A. Rendell, J. C. Burant, S. S. Iyengar, J. Tomasi, 
 M. Cossi, N. Rega, J. M. Millam, M. Klene, J. E. Knox, J. B. Cross, 
 V. Bakken, C. Adamo, J. Jaramillo, R. Gomperts, R. E. Stratmann, 
 O. Yazyev, A. J. Austin, R. Cammi, C. Pomelli, J. W. Ochterski, 
 R. L. Martin, K. Morokuma, V. G. Zakrzewski, G. A. Voth, 
 P. Salvador, J. J. Dannenberg, S. Dapprich, A. D. Daniels, 
 O. Farkas, J. B. Foresman, J. V. Ortiz, J. Cioslowski, 
 and D. J. Fox, Gaussian, Inc., Wallingford CT, 2013.
 
 ******************************************
 Gaussian 09:  ES64L-G09RevE.01 30-Nov-2015
                17-Feb-2017 
 ******************************************
 %chk=h12.chk
 ----------------------------------------------------------------------
 #rhf/gen scf(symm,tight,novaracc,noincfock,fulldiag) stable(crhf) gues
 s=read geom=nocrowd test
 ----------------------------------------------------------------------
 1/38=1/1;
 2/12=1,17=6,18=5,40=1/2;
 3/5=7,16=1,25=1,30=1,116=1/1,2,3;
 4/5=1,9=4/1;
 5/5=100002,15=2,16=1,32=2,38=6/2;
 8/6=1,10=90,11=11/1,4;
 9/8=4,13=1/2;
 6/7=2,8=2,9=2,10=2,28=1/1;
 99/5=1,9=1/99;
 ----------------------------------------------------------------------
 hf stability analysis of h12 triangular lattice, y= 1.0475506882612993
 ----------------------------------------------------------------------
 Symbolic Z-matrix:
 Charge =  0 Multiplicity = 1
 H
 H                    1     1.18369 
 H                    1     1.18369  2     55.5 
 H                    2     1.18369  1     124.5    3     0.       0
 H                    2     1.18369  1     180.     3     0.       0
 H                    4     1.18369  3     180.     5     0.       0
 H                    6     1.18369  5     180.     3     0.       0
 H                    4     1.18369  2     180.     3     0.       0
 H                    3     1.18369  1     180.     4     0.       0
 H                    9     1.18369  3     180.     4     0.       0
 H                    8     1.18369  4     180.     3     0.       0
 H                    7     1.18369  6     180.     3     0.       0
 
                          Input orientation:                          
 ---------------------------------------------------------------------
 Center     Atomic      Atomic             Coordinates (Angstroms)
 Number     Number       Type             X           Y           Z
 ---------------------------------------------------------------------
      1          1           0        0.000000    0.000000    0.000000
      2          1           0        0.000000    0.000000    1.183690
      3          1           0        0.975510    0.000000    0.670449
      4          1           0        0.975510    0.000000    1.854139
      5          1           0        0.000000    0.000000    2.367379
      6          1           0        0.975510    0.000000    3.037828
      7          1           0        1.951019    0.000000    3.708278
      8          1           0        1.951019    0.000000    2.524588
      9          1           0        1.951019    0.000000    1.340898
     10          1           0        2.926529    0.000000    2.011348
     11          1           0        2.926529    0.000000    3.195037
     12          1           0        2.926529    0.000000    4.378727
 ---------------------------------------------------------------------
                    Distance matrix (angstroms):
                    1          2          3          4          5
     1  H    0.000000
     2  H    1.183690   0.000000
     3  H    1.183690   1.102286   0.000000
     4  H    2.095101   1.183690   1.183690   0.000000
     5  H    2.367379   1.183690   1.957343   1.102286   0.000000
     6  H    3.190614   2.095101   2.367379   1.183690   1.183690
     7  H    4.190203   3.190614   3.190614   2.095101   2.367379
     8  H    3.190614   2.367379   2.095101   1.183690   1.957343
     9  H    2.367379   1.957343   1.183690   1.102286   2.204572
    10  H    3.551069   3.041314   2.367379   1.957343   2.948106
    11  H    4.332763   3.551069   3.190614   2.367379   3.041314
    12  H    5.266671   4.332763   4.190203   3.190614   3.551069
                    6          7          8          9         10
     6  H    0.000000
     7  H    1.183690   0.000000
     8  H    1.102286   1.183690   0.000000
     9  H    1.957343   2.367379   1.183690   0.000000
    10  H    2.204572   1.957343   1.102286   1.183690   0.000000
    11  H    1.957343   1.102286   1.183690   2.095101   1.183690
    12  H    2.367379   1.183690   2.095101   3.190614   2.367379
                   11         12
    11  H    0.000000
    12  H    1.183690   0.000000
 Stoichiometry    H12
 Framework group  C2H[SGH(H12)]
 Deg. of freedom    11
 Full point group                 C2H     NOp   4
 Largest Abelian subgroup         C2H     NOp   4
 Largest concise Abelian subgroup C2      NOp   2
                         Standard orientation:                         
 ---------------------------------------------------------------------
 Center     Atomic      Atomic             Coordinates (Angstroms)
 Number     Number       Type             X           Y           Z
 ---------------------------------------------------------------------
      1          1           0        0.975510    2.445984    0.000000
      2          1           0        0.000000    1.775534   -0.000000
      3          1           0        0.975510    1.262294    0.000000
      4          1           0        0.000000    0.591845   -0.000000
      5          1           0       -0.975510    1.105085   -0.000000
      6          1           0       -0.975510   -0.078604   -0.000000
      7          1           0       -0.975510   -1.262294    0.000000
      8          1           0       -0.000000   -0.591845    0.000000
      9          1           0        0.975510    0.078604   -0.000000
     10          1           0        0.975510   -1.105085    0.000000
     11          1           0       -0.000000   -1.775534    0.000000
     12          1           0       -0.975510   -2.445984    0.000000
 ---------------------------------------------------------------------
 Rotational constants (GHZ):     81.7814896     19.2171540     15.5606791
 General basis read from cards:  (5D, 7F)
 There are     6 symmetry adapted cartesian basis functions of AG  symmetry.
 There are     0 symmetry adapted cartesian basis functions of BG  symmetry.
 There are     0 symmetry adapted cartesian basis functions of AU  symmetry.
 There are     6 symmetry adapted cartesian basis functions of BU  symmetry.
 There are     6 symmetry adapted basis functions of AG  symmetry.
 There are     0 symmetry adapted basis functions of BG  symmetry.
 There are     0 symmetry adapted basis functions of AU  symmetry.
 There are     6 symmetry adapted basis functions of BU  symmetry.
    12 basis functions,   120 primitive gaussians,    12 cartesian basis functions
     6 alpha electrons        6 beta electrons
       nuclear repulsion energy        19.3365747822 Hartrees.
 NAtoms=   12 NActive=   12 NUniq=    6 SFac= 4.00D+00 NAtFMM=   60 NAOKFM=F Big=F
 Integral buffers will be    131072 words long.
 Regular integral format.
 Two-electron integral symmetry is turned on.
 One-electron integrals computed using PRISM.
 NBasis=    12 RedAO= T EigKep=  1.86D-01  NBF=     6     0     0     6
 NBsUse=    12 1.00D-06 EigRej= -1.00D+00 NBFU=     6     0     0     6
 Initial guess from the checkpoint file:  "h12.chk"
 B after Tr=     0.000000    0.000000    0.000000
         Rot=    0.999999    0.000000   -0.000000   -0.001518 Ang=  -0.17 deg.
 Initial guess orbital symmetries:
       Occupied  (AG) (BU) (BU) (AG) (BU) (BU)
       Virtual   (AG) (AG) (AG) (BU) (BU) (AG)
 Keep R1 ints in memory in symmetry-blocked form, NReq=902972.
 Requested convergence on RMS density matrix=1.00D-08 within 128 cycles.
 Requested convergence on MAX density matrix=1.00D-06.
 Requested convergence on             energy=1.00D-06.
 No special actions if energy rises.
 SCF Done:  E(RHF) =  -5.20041788290     A.U. after   10 cycles
            NFock= 10  Conv=0.58D-08     -V/T= 1.7254
 Range of M.O.s used for correlation:     1    12
 NBasis=    12 NAE=     6 NBE=     6 NFC=     0 NFV=     0
 NROrb=     12 NOA=     6 NOB=     6 NVA=     6 NVB=     6

 **** Warning!!: The smallest alpha delta epsilon is -0.16639629D+00

 Semi-Direct transformation.
 ModeAB=           4 MOrb=             6 LenV=     134084997
 LASXX=         2181 LTotXX=        2181 LenRXX=        5115
 LTotAB=        2934 MaxLAS=        3024 LenRXY=           0
 NonZer=        7296 LenScr=      655360 LnRSAI=        3024
 LnScr1=      655360 LExtra=           0 Total=      1318859
 MaxDsk=          -1 SrtSym=           T ITran=            3
 JobTyp=0 Pass  1:  I=   1 to   6.
 (rs|ai) integrals will be sorted in core.
 Spin components of T(2) and E(2):
     alpha-alpha T2 =       0.1871874252D-01 E2=     -0.1625796210D-01
     alpha-beta  T2 =       0.1356806375D+01 E2=     -0.1353957940D+00
     beta-beta   T2 =       0.1871874252D-01 E2=     -0.1625796210D-01
 ANorm=    0.1547334437D+01
 E2 =    -0.1679117182D+00 EUMP2 =    -0.53683296011212D+01
 Second order stability test of a single determinant RHF wave function:
 Stabil:  MDV=134217728
 ***********************************************************************
 Matrix         Lowest Root    Major Pairs
 ***********************************************************************
 Internal RHF    -0.3463119    6A=7A
 RRHF --> CRHF   -0.4085321    6A=7A
 RRHF --> RUHF   -0.5976891    6A=7B
 Not stable.
 ***********************************************************************

 **********************************************************************

            Population analysis using the SCF density.

 **********************************************************************

 Orbital symmetries:
       Occupied  (AG) (BU) (BU) (AG) (BU) (BU)
       Virtual   (AG) (AG) (AG) (BU) (BU) (AG)
 The electronic state is 1-AG.
 Alpha  occ. eigenvalues --   -0.92740  -0.73088  -0.58618  -0.53441  -0.28552
 Alpha  occ. eigenvalues --    0.03142
 Alpha virt. eigenvalues --   -0.13498   0.13669   0.24696   0.40249   0.50211
 Alpha virt. eigenvalues --    0.53537
          Condensed to atoms (all electrons):
               1          2          3          4          5          6
     1  H    0.923539   0.102372   0.242136  -0.109872  -0.042483   0.017023
     2  H    0.102372   1.975384  -0.521635  -0.384864  -0.036232  -0.172884
     3  H    0.242136  -0.521635   1.356284   0.287341  -0.015880   0.052594
     4  H   -0.109872  -0.384864   0.287341   1.287037   0.285268   0.089242
     5  H   -0.042483  -0.036232  -0.015880   0.285268   0.432940   0.124989
     6  H    0.017023  -0.172884   0.052594   0.089242   0.124989   1.338962
     7  H   -0.000691   0.061569  -0.045175  -0.135656  -0.001339  -0.309980
     8  H    0.014393   0.075483  -0.135656  -0.393689  -0.066156   0.115921
     9  H   -0.091923   0.142423  -0.309980   0.115921  -0.013479  -0.238674
    10  H    0.004902  -0.001814  -0.001339  -0.066156  -0.022109  -0.013479
    11  H    0.001959  -0.039246   0.061569   0.075483  -0.001814   0.142423
    12  H   -0.000712   0.001959  -0.000691   0.014393   0.004902  -0.091923
               7          8          9         10         11         12
     1  H   -0.000691   0.014393  -0.091923   0.004902   0.001959  -0.000712
     2  H    0.061569   0.075483   0.142423  -0.001814  -0.039246   0.001959
     3  H   -0.045175  -0.135656  -0.309980  -0.001339   0.061569  -0.000691
     4  H   -0.135656  -0.393689   0.115921  -0.066156   0.075483   0.014393
     5  H   -0.001339  -0.066156  -0.013479  -0.022109  -0.001814   0.004902
     6  H   -0.309980   0.115921  -0.238674  -0.013479   0.142423  -0.091923
     7  H    1.356284   0.287341   0.052594  -0.015880  -0.521635   0.242136
     8  H    0.287341   1.287037   0.089242   0.285268  -0.384864  -0.109872
     9  H    0.052594   0.089242   1.338962   0.124989  -0.172884   0.017023
    10  H   -0.015880   0.285268   0.124989   0.432940  -0.036232  -0.042483
    11  H   -0.521635  -0.384864  -0.172884  -0.036232   1.975384   0.102372
    12  H    0.242136  -0.109872   0.017023  -0.042483   0.102372   0.923539
 Mulliken charges:
               1
     1  H   -0.060644
     2  H   -0.202516
     3  H    0.030431
     4  H   -0.064448
     5  H    0.351391
     6  H   -0.054214
     7  H    0.030431
     8  H   -0.064448
     9  H   -0.054214
    10  H    0.351391
    11  H   -0.202516
    12  H   -0.060644
 Sum of Mulliken charges =   0.00000
 Mulliken charges with hydrogens summed into heavy atoms:
               1
 Electronic spatial extent (au):  <R**2>=            155.8749
 Charge=             -0.0000 electrons
 Dipole moment (field-independent basis, Debye):
    X=             -0.0000    Y=             -0.0000    Z=             -0.0000  Tot=              0.0000
 Quadrupole moment (field-independent basis, Debye-Ang):
   XX=            -14.4516   YY=            -25.6148   ZZ=            -14.8036
   XY=             -5.7237   XZ=              0.0000   YZ=              0.0000
 Traceless Quadrupole moment (field-independent basis, Debye-Ang):
   XX=              3.8384   YY=             -7.3248   ZZ=              3.4864
   XY=             -5.7237   XZ=              0.0000   YZ=              0.0000
 Octapole moment (field-independent basis, Debye-Ang**2):
  XXX=             -0.0000  YYY=             -0.0000  ZZZ=             -0.0000  XYY=             -0.0000
  XXY=             -0.0000  XXZ=             -0.0000  XZZ=              0.0000  YZZ=             -0.0000
  YYZ=             -0.0000  XYZ=             -0.0000
 Hexadecapole moment (field-independent basis, Debye-Ang**3):
 XXXX=            -76.7428 YYYY=           -292.3177 ZZZZ=            -17.3711 XXXY=            -32.8135
 XXXZ=              0.0000 YYYX=            -42.7210 YYYZ=              0.0000 ZZZX=              0.0000
 ZZZY=              0.0000 XXYY=            -52.4390 XXZZ=            -15.7165 YYZZ=            -40.5952
 XXYZ=              0.0000 YYXZ=              0.0000 ZZXY=             -8.3944
 N-N= 1.933657478221D+01 E-N=-5.017688841474D+01  KE= 7.168833171983D+00
 Symmetry AG   KE= 1.491297103642D+00
 Symmetry BG   KE= 0.000000000000D+00
 Symmetry AU   KE= 0.000000000000D+00
 Symmetry BU   KE= 5.677536068341D+00

 Test job not archived.
 1\1\GINC-SULU\Stability\RHF\Gen\H12\LCJ1\17-Feb-2017\0\\#rhf/gen scf(s
 ymm,tight,novaracc,noincfock,fulldiag) stable(crhf) guess=read geom=no
 crowd test\\hf stability analysis of h12 triangular lattice, y= 1.0475
 506882612993\\0,1\H\H,1,1.1836896102\H,1,1.1836896102,2,55.5\H,2,1.183
 6896102,1,124.5,3,0.,0\H,2,1.1836896102,1,180.,3,0.,0\H,4,1.1836896102
 ,3,180.,5,0.,0\H,6,1.1836896102,5,180.,3,0.,0\H,4,1.1836896102,2,180.,
 3,0.,0\H,3,1.1836896102,1,180.,4,0.,0\H,9,1.1836896102,3,180.,4,0.,0\H
 ,8,1.1836896102,4,180.,3,0.,0\H,7,1.1836896102,6,180.,3,0.,0\\Version=
 ES64L-G09RevE.01\State=1-AG\HF=-5.2004179\MP2=-5.3683296\RMSD=5.816e-0
 9\Dipole=0.,0.,0.\Quadrupole=1.1896007,2.5920463,-3.781647,0.,-5.39915
 01,0.\PG=C02H [SGH(H12)]\\@


 ERWIN WITH HIS PSI CAN DO
 CALCULATIONS QUITE A FEW.
 BUT ONE THING HAS NOT BEEN SEEN
 JUST WHAT DOES PSI REALLY MEAN.
 -- WALTER HUCKEL, TRANS. BY FELIX BLOCH
 Job cpu time:       0 days  0 hours  0 minutes  1.1 seconds.
 File lengths (MBytes):  RWF=     84 Int=      0 D2E=      0 Chk=      2 Scr=      2
 Normal termination of Gaussian 09 at Fri Feb 17 15:04:12 2017.
