 Entering Gaussian System, Link 0=g09
 AtFile(1): H.gbs
            H     0
            S   10   1.00
               1000.000000000000            0.000068713567
                316.227766000000            0.000169141320
                100.000000000000            0.000823394812
                 31.622776600000            0.003425569236
                 10.000000000000            0.013951996000
                  3.162277660000            0.056909313560
                  1.000000000000            0.198286399900
                  0.316227766000            0.496922426700
                  0.100000000000            0.369846276400
                  0.031622776600            0.003752720039
            ****
 Initial command:
 /projects/guscus/apps/gau/g09-e1/g09/l1.exe "/users/lcj1/gaussian/h12/rhfstability/rect/guess/2au4bu/Gau-28529.inp" -scrdir="/users/lcj1/gaussian/h12/rhfstability/rect/guess/2au4bu/"
 Entering Link 1 = /projects/guscus/apps/gau/g09-e1/g09/l1.exe PID=     28530.
  
 Copyright (c) 1988,1990,1992,1993,1995,1998,2003,2009,2015,
            Gaussian, Inc.  All Rights Reserved.
  
 This is part of the Gaussian(R) 09 program.  It is based on
 the Gaussian(R) 03 system (copyright 2003, Gaussian, Inc.),
 the Gaussian(R) 98 system (copyright 1998, Gaussian, Inc.),
 the Gaussian(R) 94 system (copyright 1995, Gaussian, Inc.),
 the Gaussian 92(TM) system (copyright 1992, Gaussian, Inc.),
 the Gaussian 90(TM) system (copyright 1990, Gaussian, Inc.),
 the Gaussian 88(TM) system (copyright 1988, Gaussian, Inc.),
 the Gaussian 86(TM) system (copyright 1986, Carnegie Mellon
 University), and the Gaussian 82(TM) system (copyright 1983,
 Carnegie Mellon University). Gaussian is a federally registered
 trademark of Gaussian, Inc.
  
 This software contains proprietary and confidential information,
 including trade secrets, belonging to Gaussian, Inc.
  
 This software is provided under written license and may be
 used, copied, transmitted, or stored only in accord with that
 written license.
  
 The following legend is applicable only to US Government
 contracts under FAR:
  
                    RESTRICTED RIGHTS LEGEND
  
 Use, reproduction and disclosure by the US Government is
 subject to restrictions as set forth in subparagraphs (a)
 and (c) of the Commercial Computer Software - Restricted
 Rights clause in FAR 52.227-19.
  
 Gaussian, Inc.
 340 Quinnipiac St., Bldg. 40, Wallingford CT 06492
  
  
 ---------------------------------------------------------------
 Warning -- This program may not be used in any manner that
 competes with the business of Gaussian, Inc. or will provide
 assistance to any competitor of Gaussian, Inc.  The licensee
 of this program is prohibited from giving any competitor of
 Gaussian, Inc. access to this program.  By using this program,
 the user acknowledges that Gaussian, Inc. is engaged in the
 business of creating and licensing software in the field of
 computational chemistry and represents and warrants to the
 licensee that it is not a competitor of Gaussian, Inc. and that
 it will not use this program in any manner prohibited above.
 ---------------------------------------------------------------
  

 Cite this work as:
 Gaussian 09, Revision E.01,
 M. J. Frisch, G. W. Trucks, H. B. Schlegel, G. E. Scuseria, 
 M. A. Robb, J. R. Cheeseman, G. Scalmani, V. Barone, B. Mennucci, 
 G. A. Petersson, H. Nakatsuji, M. Caricato, X. Li, H. P. Hratchian, 
 A. F. Izmaylov, J. Bloino, G. Zheng, J. L. Sonnenberg, M. Hada, 
 M. Ehara, K. Toyota, R. Fukuda, J. Hasegawa, M. Ishida, T. Nakajima, 
 Y. Honda, O. Kitao, H. Nakai, T. Vreven, J. A. Montgomery, Jr., 
 J. E. Peralta, F. Ogliaro, M. Bearpark, J. J. Heyd, E. Brothers, 
 K. N. Kudin, V. N. Staroverov, T. Keith, R. Kobayashi, J. Normand, 
 K. Raghavachari, A. Rendell, J. C. Burant, S. S. Iyengar, J. Tomasi, 
 M. Cossi, N. Rega, J. M. Millam, M. Klene, J. E. Knox, J. B. Cross, 
 V. Bakken, C. Adamo, J. Jaramillo, R. Gomperts, R. E. Stratmann, 
 O. Yazyev, A. J. Austin, R. Cammi, C. Pomelli, J. W. Ochterski, 
 R. L. Martin, K. Morokuma, V. G. Zakrzewski, G. A. Voth, 
 P. Salvador, J. J. Dannenberg, S. Dapprich, A. D. Daniels, 
 O. Farkas, J. B. Foresman, J. V. Ortiz, J. Cioslowski, 
 and D. J. Fox, Gaussian, Inc., Wallingford CT, 2013.
 
 ******************************************
 Gaussian 09:  ES64L-G09RevE.01 30-Nov-2015
                17-Feb-2017 
 ******************************************
 %chk=h12.chk
 ----------------------------------------------------------------------
 #rhf/gen scf(symm,tight,novaracc,noincfock,fulldiag) stable(crhf) gues
 s=read geom=nocrowd test
 ----------------------------------------------------------------------
 1/38=1/1;
 2/12=1,17=6,18=5,40=1/2;
 3/5=7,16=1,25=1,30=1,116=1/1,2,3;
 4/5=1,9=4/1;
 5/5=100002,15=2,16=1,32=2,38=6/2;
 8/6=1,10=90,11=11/1,4;
 9/8=4,13=1/2;
 6/7=2,8=2,9=2,10=2,28=1/1;
 99/5=1,9=1/99;
 ----------------------------------------------------------------------
 hf stability analysis of h12 triangular lattice, y= 0.3503135618487248
 1
 ----------------------------------------------------------------------
 Symbolic Z-matrix:
 Charge =  0 Multiplicity = 1
 H
 H                    1     1.68492 
 H                    1     1.68492  2     156. 
 H                    2     1.68492  1     24.      3     0.       0
 H                    2     1.68492  1     180.     3     0.       0
 H                    4     1.68492  3     180.     5     0.       0
 H                    6     1.68492  5     180.     3     0.       0
 H                    4     1.68492  2     180.     3     0.       0
 H                    3     1.68492  1     180.     4     0.       0
 H                    9     1.68492  3     180.     4     0.       0
 H                    8     1.68492  4     180.     3     0.       0
 H                    7     1.68492  6     180.     3     0.       0
 
                          Input orientation:                          
 ---------------------------------------------------------------------
 Center     Atomic      Atomic             Coordinates (Angstroms)
 Number     Number       Type             X           Y           Z
 ---------------------------------------------------------------------
      1          1           0        0.000000    0.000000    0.000000
      2          1           0        0.000000    0.000000    1.684915
      3          1           0        0.685317    0.000000   -1.539247
      4          1           0        0.685317    0.000000    0.145669
      5          1           0        0.000000    0.000000    3.369830
      6          1           0        0.685317    0.000000    1.830584
      7          1           0        1.370633    0.000000    0.291337
      8          1           0        1.370633    0.000000   -1.393578
      9          1           0        1.370633    0.000000   -3.078493
     10          1           0        2.055950    0.000000   -4.617740
     11          1           0        2.055950    0.000000   -2.932825
     12          1           0        2.055950    0.000000   -1.247909
 ---------------------------------------------------------------------
                    Distance matrix (angstroms):
                    1          2          3          4          5
     1  H    0.000000
     2  H    1.684915   0.000000
     3  H    1.684915   3.296191   0.000000
     4  H    0.700627   1.684915   1.684915   0.000000
     5  H    3.369830   1.684915   4.956682   3.296191   0.000000
     6  H    1.954660   0.700627   3.369830   1.684915   1.684915
     7  H    1.401254   1.954660   1.954660   0.700627   3.369830
     8  H    1.954660   3.369830   0.700627   1.684915   4.956682
     9  H    3.369830   4.956682   1.684915   3.296191   6.592383
    10  H    5.054745   6.629509   3.369830   4.956682   8.247921
    11  H    3.581674   5.054745   1.954660   3.369830   6.629509
    12  H    2.405038   3.581674   1.401254   1.954660   5.054745
                    6          7          8          9         10
     6  H    0.000000
     7  H    1.684915   0.000000
     8  H    3.296191   1.684915   0.000000
     9  H    4.956682   3.369830   1.684915   0.000000
    10  H    6.592383   4.956682   3.296191   1.684915   0.000000
    11  H    4.956682   3.296191   1.684915   0.700627   1.684915
    12  H    3.369830   1.684915   0.700627   1.954660   3.369830
                   11         12
    11  H    0.000000
    12  H    1.684915   0.000000
 Stoichiometry    H12
 Framework group  C2H[SGH(H12)]
 Deg. of freedom    11
 Full point group                 C2H     NOp   4
 Largest Abelian subgroup         C2H     NOp   4
 Largest concise Abelian subgroup C2      NOp   2
                         Standard orientation:                         
 ---------------------------------------------------------------------
 Center     Atomic      Atomic             Coordinates (Angstroms)
 Number     Number       Type             X           Y           Z
 ---------------------------------------------------------------------
      1          1           0        0.685317    0.988126    0.000000
      2          1           0        0.000000    2.527373   -0.000000
      3          1           0        0.685317   -0.696789    0.000000
      4          1           0        0.000000    0.842458   -0.000000
      5          1           0       -0.685317    4.066619   -0.000000
      6          1           0       -0.685317    2.381704   -0.000000
      7          1           0       -0.685317    0.696789    0.000000
      8          1           0       -0.000000   -0.842458    0.000000
      9          1           0        0.685317   -2.381704   -0.000000
     10          1           0        0.685317   -4.066619   -0.000000
     11          1           0       -0.000000   -2.527373    0.000000
     12          1           0       -0.685317   -0.988126    0.000000
 ---------------------------------------------------------------------
 Rotational constants (GHZ):    196.6506977      7.9918745      7.6797690
 General basis read from cards:  (5D, 7F)
 There are     6 symmetry adapted cartesian basis functions of AG  symmetry.
 There are     0 symmetry adapted cartesian basis functions of BG  symmetry.
 There are     0 symmetry adapted cartesian basis functions of AU  symmetry.
 There are     6 symmetry adapted cartesian basis functions of BU  symmetry.
 There are     6 symmetry adapted basis functions of AG  symmetry.
 There are     0 symmetry adapted basis functions of BG  symmetry.
 There are     0 symmetry adapted basis functions of AU  symmetry.
 There are     6 symmetry adapted basis functions of BU  symmetry.
    12 basis functions,   120 primitive gaussians,    12 cartesian basis functions
     6 alpha electrons        6 beta electrons
       nuclear repulsion energy        17.0161103128 Hartrees.
 NAtoms=   12 NActive=   12 NUniq=    6 SFac= 4.00D+00 NAtFMM=   60 NAOKFM=F Big=F
 Integral buffers will be    131072 words long.
 Regular integral format.
 Two-electron integral symmetry is turned on.
 One-electron integrals computed using PRISM.
 NBasis=    12 RedAO= T EigKep=  8.74D-02  NBF=     6     0     0     6
 NBsUse=    12 1.00D-06 EigRej= -1.00D+00 NBFU=     6     0     0     6
 Initial guess from the checkpoint file:  "h12.chk"
 B after Tr=     0.000000    0.000000    0.000000
         Rot=    0.999982   -0.000000    0.000000   -0.006070 Ang=  -0.70 deg.
 Initial guess orbital symmetries:
       Occupied  (AG) (BU) (AG) (BU) (BU) (BU)
       Virtual   (AG) (AG) (BU) (AG) (AG) (BU)
 Keep R1 ints in memory in symmetry-blocked form, NReq=897386.
 Requested convergence on RMS density matrix=1.00D-08 within 128 cycles.
 Requested convergence on MAX density matrix=1.00D-06.
 Requested convergence on             energy=1.00D-06.
 No special actions if energy rises.
 SCF Done:  E(RHF) =  -5.68121122683     A.U. after    7 cycles
            NFock=  7  Conv=0.57D-08     -V/T= 1.8965
 Range of M.O.s used for correlation:     1    12
 NBasis=    12 NAE=     6 NBE=     6 NFC=     0 NFV=     0
 NROrb=     12 NOA=     6 NOB=     6 NVA=     6 NVB=     6

 **** Warning!!: The smallest alpha delta epsilon is  0.62699788D-01

 Semi-Direct transformation.
 ModeAB=           4 MOrb=             6 LenV=     134090611
 LASXX=         2181 LTotXX=        2181 LenRXX=        5115
 LTotAB=        2934 MaxLAS=        3024 LenRXY=           0
 NonZer=        7296 LenScr=      655360 LnRSAI=        3024
 LnScr1=      655360 LExtra=           0 Total=      1318859
 MaxDsk=          -1 SrtSym=           T ITran=            3
 JobTyp=0 Pass  1:  I=   1 to   6.
 (rs|ai) integrals will be sorted in core.
 Spin components of T(2) and E(2):
     alpha-alpha T2 =       0.6182751746D-02 E2=     -0.5471053675D-02
     alpha-beta  T2 =       0.4902185104D+01 E2=     -0.6808057334D+00
     beta-beta   T2 =       0.6182751746D-02 E2=     -0.5471053675D-02
 ANorm=    0.2431984911D+01
 E2 =    -0.6917478408D+00 EUMP2 =    -0.63729590675963D+01
 Second order stability test of a single determinant RHF wave function:
 Stabil:  MDV=134217728
 ***********************************************************************
 Matrix         Lowest Root    Major Pairs
 ***********************************************************************
 Internal RHF     0.0478911    Stable
 RRHF --> CRHF   -0.0032827    6A=7A
 RRHF --> RUHF   -0.5608623    6A=7B
 Not stable.
 ***********************************************************************

 **********************************************************************

            Population analysis using the SCF density.

 **********************************************************************

 Orbital symmetries:
       Occupied  (AG) (BU) (AG) (BU) (BU) (BU)
       Virtual   (AG) (AG) (BU) (AG) (AG) (BU)
 The electronic state is 1-AG.
 Alpha  occ. eigenvalues --   -0.88623  -0.77867  -0.65072  -0.61072  -0.36427
 Alpha  occ. eigenvalues --   -0.17341
 Alpha virt. eigenvalues --   -0.11071   0.02691   0.45230   0.48267   0.77893
 Alpha virt. eigenvalues --    1.00115
          Condensed to atoms (all electrons):
               1          2          3          4          5          6
     1  H    0.770182  -0.017079   0.193213   0.280976   0.000797  -0.045603
     2  H   -0.017079   0.696121   0.005192  -0.078570  -0.058465   0.512827
     3  H    0.193213   0.005192   0.926971  -0.053690  -0.000120  -0.001154
     4  H    0.280976  -0.078570  -0.053690   0.961028   0.002120  -0.074927
     5  H    0.000797  -0.058465  -0.000120   0.002120   1.139841  -0.055573
     6  H   -0.045603   0.512827  -0.001154  -0.074927  -0.055573   0.664503
     7  H   -0.223305  -0.055283  -0.193565   0.317880   0.001045  -0.022616
     8  H   -0.028060   0.003026   0.317880  -0.089757  -0.000218   0.002984
     9  H    0.003687  -0.000162  -0.022616   0.002984   0.000035  -0.000189
    10  H   -0.000082   0.000034   0.001045  -0.000218  -0.000010   0.000035
    11  H   -0.000979  -0.000188  -0.055283   0.003026   0.000034  -0.000162
    12  H   -0.090797  -0.000979  -0.223305  -0.028060  -0.000082   0.003687
               7          8          9         10         11         12
     1  H   -0.223305  -0.028060   0.003687  -0.000082  -0.000979  -0.090797
     2  H   -0.055283   0.003026  -0.000162   0.000034  -0.000188  -0.000979
     3  H   -0.193565   0.317880  -0.022616   0.001045  -0.055283  -0.223305
     4  H    0.317880  -0.089757   0.002984  -0.000218   0.003026  -0.028060
     5  H    0.001045  -0.000218   0.000035  -0.000010   0.000034  -0.000082
     6  H   -0.022616   0.002984  -0.000189   0.000035  -0.000162   0.003687
     7  H    0.926971  -0.053690  -0.001154  -0.000120   0.005192   0.193213
     8  H   -0.053690   0.961028  -0.074927   0.002120  -0.078570   0.280976
     9  H   -0.001154  -0.074927   0.664503  -0.055573   0.512827  -0.045603
    10  H   -0.000120   0.002120  -0.055573   1.139841  -0.058465   0.000797
    11  H    0.005192  -0.078570   0.512827  -0.058465   0.696121  -0.017079
    12  H    0.193213   0.280976  -0.045603   0.000797  -0.017079   0.770182
 Mulliken charges:
               1
     1  H    0.157050
     2  H   -0.006475
     3  H    0.105432
     4  H   -0.242791
     5  H   -0.029404
     6  H    0.016188
     7  H    0.105432
     8  H   -0.242791
     9  H    0.016188
    10  H   -0.029404
    11  H   -0.006475
    12  H    0.157050
 Sum of Mulliken charges =  -0.00000
 Mulliken charges with hydrogens summed into heavy atoms:
               1
 Electronic spatial extent (au):  <R**2>=            273.5795
 Charge=             -0.0000 electrons
 Dipole moment (field-independent basis, Debye):
    X=              0.0000    Y=              0.0000    Z=              0.0000  Tot=              0.0000
 Quadrupole moment (field-independent basis, Debye-Ang):
   XX=            -15.6871   YY=            -23.3214   ZZ=            -15.3372
   XY=              2.0648   XZ=             -0.0000   YZ=              0.0000
 Traceless Quadrupole moment (field-independent basis, Debye-Ang):
   XX=              2.4281   YY=             -5.2062   ZZ=              2.7781
   XY=              2.0648   XZ=             -0.0000   YZ=              0.0000
 Octapole moment (field-independent basis, Debye-Ang**2):
  XXX=              0.0000  YYY=              0.0000  ZZZ=              0.0000  XYY=              0.0000
  XXY=              0.0000  XXZ=              0.0000  XZZ=              0.0000  YZZ=             -0.0000
  YYZ=              0.0000  XYZ=             -0.0000
 Hexadecapole moment (field-independent basis, Debye-Ang**3):
 XXXX=            -49.8443 YYYY=           -702.9698 ZZZZ=            -18.4066 XXXY=             34.1771
 XXXZ=             -0.0000 YYYX=             69.8892 YYYZ=              0.0000 ZZZX=             -0.0000
 ZZZY=              0.0000 XXYY=            -95.0761 XXZZ=            -11.4069 YYZZ=            -88.8833
 XXYZ=              0.0000 YYXZ=             -0.0000 ZZXY=             11.6037
 N-N= 1.701611031283D+01 E-N=-4.480391100222D+01  KE= 6.337307901438D+00
 Symmetry AG   KE= 1.554649181201D+00
 Symmetry BG   KE= 0.000000000000D+00
 Symmetry AU   KE= 0.000000000000D+00
 Symmetry BU   KE= 4.782658720237D+00

 Test job not archived.
 1\1\GINC-SULU\Stability\RHF\Gen\H12\LCJ1\17-Feb-2017\0\\#rhf/gen scf(s
 ymm,tight,novaracc,noincfock,fulldiag) stable(crhf) guess=read geom=no
 crowd test\\hf stability analysis of h12 triangular lattice, y= 0.3503
 1356184872481\\0,1\H\H,1,1.6849151237\H,1,1.6849151237,2,156.\H,2,1.68
 49151237,1,24.,3,0.,0\H,2,1.6849151237,1,180.,3,0.,0\H,4,1.6849151237,
 3,180.,5,0.,0\H,6,1.6849151237,5,180.,3,0.,0\H,4,1.6849151237,2,180.,3
 ,0.,0\H,3,1.6849151237,1,180.,4,0.,0\H,9,1.6849151237,3,180.,4,0.,0\H,
 8,1.6849151237,4,180.,3,0.,0\H,7,1.6849151237,6,180.,3,0.,0\\Version=E
 S64L-G09RevE.01\State=1-AG\HF=-5.6812112\MP2=-6.3729591\RMSD=5.662e-09
 \Dipole=0.,0.,0.\Quadrupole=2.0070824,2.0654214,-4.0725038,0.,1.081796
 9,0.\PG=C02H [SGH(H12)]\\@


 CLIMB THE MOUNTAINS AND GET THEIR GOOD TIDINGS.
 NATURE'S PEACE WILL FLOW INTO YOU AS SUNSHINE FLOWS INTO TREES.
 THE WINDS WILL BLOW THEIR OWN FRESHNESS INTO YOU, 
 AND CARES WILL DROP OFF LIKE AUTUMN LEAVES.

                                         -- JOHN MUIR
 Job cpu time:       0 days  0 hours  0 minutes  0.9 seconds.
 File lengths (MBytes):  RWF=     84 Int=      0 D2E=      0 Chk=      2 Scr=      2
 Normal termination of Gaussian 09 at Fri Feb 17 12:04:49 2017.
