 Entering Gaussian System, Link 0=g09
 AtFile(1): H.gbs
            H     0
            S   10   1.00
               1000.000000000000            0.000068713567
                316.227766000000            0.000169141320
                100.000000000000            0.000823394812
                 31.622776600000            0.003425569236
                 10.000000000000            0.013951996000
                  3.162277660000            0.056909313560
                  1.000000000000            0.198286399900
                  0.316227766000            0.496922426700
                  0.100000000000            0.369846276400
                  0.031622776600            0.003752720039
            ****
 Initial command:
 /projects/guscus/apps/gau/g09-e1/g09/l1.exe "/users/lcj1/gaussian/h12/rhfstability/rect/guess/ag2bu4/Gau-1769.inp" -scrdir="/users/lcj1/gaussian/h12/rhfstability/rect/guess/ag2bu4/"
 Entering Link 1 = /projects/guscus/apps/gau/g09-e1/g09/l1.exe PID=      1770.
  
 Copyright (c) 1988,1990,1992,1993,1995,1998,2003,2009,2015,
            Gaussian, Inc.  All Rights Reserved.
  
 This is part of the Gaussian(R) 09 program.  It is based on
 the Gaussian(R) 03 system (copyright 2003, Gaussian, Inc.),
 the Gaussian(R) 98 system (copyright 1998, Gaussian, Inc.),
 the Gaussian(R) 94 system (copyright 1995, Gaussian, Inc.),
 the Gaussian 92(TM) system (copyright 1992, Gaussian, Inc.),
 the Gaussian 90(TM) system (copyright 1990, Gaussian, Inc.),
 the Gaussian 88(TM) system (copyright 1988, Gaussian, Inc.),
 the Gaussian 86(TM) system (copyright 1986, Carnegie Mellon
 University), and the Gaussian 82(TM) system (copyright 1983,
 Carnegie Mellon University). Gaussian is a federally registered
 trademark of Gaussian, Inc.
  
 This software contains proprietary and confidential information,
 including trade secrets, belonging to Gaussian, Inc.
  
 This software is provided under written license and may be
 used, copied, transmitted, or stored only in accord with that
 written license.
  
 The following legend is applicable only to US Government
 contracts under FAR:
  
                    RESTRICTED RIGHTS LEGEND
  
 Use, reproduction and disclosure by the US Government is
 subject to restrictions as set forth in subparagraphs (a)
 and (c) of the Commercial Computer Software - Restricted
 Rights clause in FAR 52.227-19.
  
 Gaussian, Inc.
 340 Quinnipiac St., Bldg. 40, Wallingford CT 06492
  
  
 ---------------------------------------------------------------
 Warning -- This program may not be used in any manner that
 competes with the business of Gaussian, Inc. or will provide
 assistance to any competitor of Gaussian, Inc.  The licensee
 of this program is prohibited from giving any competitor of
 Gaussian, Inc. access to this program.  By using this program,
 the user acknowledges that Gaussian, Inc. is engaged in the
 business of creating and licensing software in the field of
 computational chemistry and represents and warrants to the
 licensee that it is not a competitor of Gaussian, Inc. and that
 it will not use this program in any manner prohibited above.
 ---------------------------------------------------------------
  

 Cite this work as:
 Gaussian 09, Revision E.01,
 M. J. Frisch, G. W. Trucks, H. B. Schlegel, G. E. Scuseria, 
 M. A. Robb, J. R. Cheeseman, G. Scalmani, V. Barone, B. Mennucci, 
 G. A. Petersson, H. Nakatsuji, M. Caricato, X. Li, H. P. Hratchian, 
 A. F. Izmaylov, J. Bloino, G. Zheng, J. L. Sonnenberg, M. Hada, 
 M. Ehara, K. Toyota, R. Fukuda, J. Hasegawa, M. Ishida, T. Nakajima, 
 Y. Honda, O. Kitao, H. Nakai, T. Vreven, J. A. Montgomery, Jr., 
 J. E. Peralta, F. Ogliaro, M. Bearpark, J. J. Heyd, E. Brothers, 
 K. N. Kudin, V. N. Staroverov, T. Keith, R. Kobayashi, J. Normand, 
 K. Raghavachari, A. Rendell, J. C. Burant, S. S. Iyengar, J. Tomasi, 
 M. Cossi, N. Rega, J. M. Millam, M. Klene, J. E. Knox, J. B. Cross, 
 V. Bakken, C. Adamo, J. Jaramillo, R. Gomperts, R. E. Stratmann, 
 O. Yazyev, A. J. Austin, R. Cammi, C. Pomelli, J. W. Ochterski, 
 R. L. Martin, K. Morokuma, V. G. Zakrzewski, G. A. Voth, 
 P. Salvador, J. J. Dannenberg, S. Dapprich, A. D. Daniels, 
 O. Farkas, J. B. Foresman, J. V. Ortiz, J. Cioslowski, 
 and D. J. Fox, Gaussian, Inc., Wallingford CT, 2013.
 
 ******************************************
 Gaussian 09:  ES64L-G09RevE.01 30-Nov-2015
                17-Feb-2017 
 ******************************************
 %chk=h12.chk
 ----------------------------------------------------------------------
 #rhf/gen scf(symm,tight,novaracc,noincfock,fulldiag) stable(crhf) gues
 s=read geom=nocrowd test
 ----------------------------------------------------------------------
 1/38=1/1;
 2/12=1,17=6,18=5,40=1/2;
 3/5=7,16=1,25=1,30=1,116=1/1,2,3;
 4/5=1,9=4/1;
 5/5=100002,15=2,16=1,32=2,38=6/2;
 8/6=1,10=90,11=11/1,4;
 9/8=4,13=1/2;
 6/7=2,8=2,9=2,10=2,28=1/1;
 99/5=1,9=1/99;
 ----------------------------------------------------------------------
 hf stability analysis of h12 triangular lattice, y= 1.0531284965820111
 ----------------------------------------------------------------------
 Symbolic Z-matrix:
 Charge =  0 Multiplicity = 1
 H
 H                    1     1.18728 
 H                    1     1.18728  2     55. 
 H                    2     1.18728  1     125.     3     0.       0
 H                    2     1.18728  1     180.     3     0.       0
 H                    4     1.18728  3     180.     5     0.       0
 H                    6     1.18728  5     180.     3     0.       0
 H                    4     1.18728  2     180.     3     0.       0
 H                    3     1.18728  1     180.     4     0.       0
 H                    9     1.18728  3     180.     4     0.       0
 H                    8     1.18728  4     180.     3     0.       0
 H                    7     1.18728  6     180.     3     0.       0
 
                          Input orientation:                          
 ---------------------------------------------------------------------
 Center     Atomic      Atomic             Coordinates (Angstroms)
 Number     Number       Type             X           Y           Z
 ---------------------------------------------------------------------
      1          1           0        0.000000    0.000000    0.000000
      2          1           0        0.000000    0.000000    1.187278
      3          1           0        0.972561    0.000000    0.680995
      4          1           0        0.972561    0.000000    1.868273
      5          1           0        0.000000    0.000000    2.374556
      6          1           0        0.972561    0.000000    3.055551
      7          1           0        1.945122    0.000000    3.736545
      8          1           0        1.945122    0.000000    2.549267
      9          1           0        1.945122    0.000000    1.361989
     10          1           0        2.917684    0.000000    2.042984
     11          1           0        2.917684    0.000000    3.230262
     12          1           0        2.917684    0.000000    4.417540
 ---------------------------------------------------------------------
                    Distance matrix (angstroms):
                    1          2          3          4          5
     1  H    0.000000
     2  H    1.187278   0.000000
     3  H    1.187278   1.096448   0.000000
     4  H    2.106257   1.187278   1.187278   0.000000
     5  H    2.374556   1.187278   1.952953   1.096448   0.000000
     6  H    3.206597   2.106257   2.374556   1.187278   1.187278
     7  H    4.212514   3.206597   3.206597   2.106257   2.374556
     8  H    3.206597   2.374556   2.106257   1.187278   1.952953
     9  H    2.374556   1.952953   1.187278   1.096448   2.192896
    10  H    3.561834   3.040577   2.374556   1.952953   2.936464
    11  H    4.352869   3.561834   3.206597   2.374556   3.040577
    12  H    5.294104   4.352869   4.212514   3.206597   3.561834
                    6          7          8          9         10
     6  H    0.000000
     7  H    1.187278   0.000000
     8  H    1.096448   1.187278   0.000000
     9  H    1.952953   2.374556   1.187278   0.000000
    10  H    2.192896   1.952953   1.096448   1.187278   0.000000
    11  H    1.952953   1.096448   1.187278   2.106257   1.187278
    12  H    2.374556   1.187278   2.106257   3.206597   2.374556
                   11         12
    11  H    0.000000
    12  H    1.187278   0.000000
 Stoichiometry    H12
 Framework group  C2H[SGH(H12)]
 Deg. of freedom    11
 Full point group                 C2H     NOp   4
 Largest Abelian subgroup         C2H     NOp   4
 Largest concise Abelian subgroup C2      NOp   2
                         Standard orientation:                         
 ---------------------------------------------------------------------
 Center     Atomic      Atomic             Coordinates (Angstroms)
 Number     Number       Type             X           Y           Z
 ---------------------------------------------------------------------
      1          1           0        0.972561    2.461912   -0.000000
      2          1           0        0.000000    1.780917   -0.000000
      3          1           0        0.972561    1.274634   -0.000000
      4          1           0        0.000000    0.593639   -0.000000
      5          1           0       -0.972561    1.099922   -0.000000
      6          1           0       -0.972561   -0.087356   -0.000000
      7          1           0       -0.972561   -1.274634    0.000000
      8          1           0       -0.000000   -0.593639    0.000000
      9          1           0        0.972561    0.087356    0.000000
     10          1           0        0.972561   -1.099922    0.000000
     11          1           0       -0.000000   -1.780917    0.000000
     12          1           0       -0.972561   -2.461912    0.000000
 ---------------------------------------------------------------------
 Rotational constants (GHZ):     82.5807869     19.0311516     15.4667601
 General basis read from cards:  (5D, 7F)
 There are     6 symmetry adapted cartesian basis functions of AG  symmetry.
 There are     0 symmetry adapted cartesian basis functions of BG  symmetry.
 There are     0 symmetry adapted cartesian basis functions of AU  symmetry.
 There are     6 symmetry adapted cartesian basis functions of BU  symmetry.
 There are     6 symmetry adapted basis functions of AG  symmetry.
 There are     0 symmetry adapted basis functions of BG  symmetry.
 There are     0 symmetry adapted basis functions of AU  symmetry.
 There are     6 symmetry adapted basis functions of BU  symmetry.
    12 basis functions,   120 primitive gaussians,    12 cartesian basis functions
     6 alpha electrons        6 beta electrons
       nuclear repulsion energy        19.3116406450 Hartrees.
 NAtoms=   12 NActive=   12 NUniq=    6 SFac= 4.00D+00 NAtFMM=   60 NAOKFM=F Big=F
 Integral buffers will be    131072 words long.
 Regular integral format.
 Two-electron integral symmetry is turned on.
 One-electron integrals computed using PRISM.
 NBasis=    12 RedAO= T EigKep=  1.86D-01  NBF=     6     0     0     6
 NBsUse=    12 1.00D-06 EigRej= -1.00D+00 NBFU=     6     0     0     6
 Initial guess from the checkpoint file:  "h12.chk"
 B after Tr=    -0.000000   -0.000000   -0.000000
         Rot=    0.999999    0.000000   -0.000000   -0.001518 Ang=  -0.17 deg.
 Initial guess orbital symmetries:
       Occupied  (AG) (BU) (BU) (AG) (BU) (BU)
       Virtual   (AG) (AG) (AG) (BU) (BU) (AG)
 Keep R1 ints in memory in symmetry-blocked form, NReq=902916.
 Requested convergence on RMS density matrix=1.00D-08 within 128 cycles.
 Requested convergence on MAX density matrix=1.00D-06.
 Requested convergence on             energy=1.00D-06.
 No special actions if energy rises.
 SCF Done:  E(RHF) =  -5.20354599000     A.U. after   11 cycles
            NFock= 11  Conv=0.12D-08     -V/T= 1.7266
 Range of M.O.s used for correlation:     1    12
 NBasis=    12 NAE=     6 NBE=     6 NFC=     0 NFV=     0
 NROrb=     12 NOA=     6 NOB=     6 NVA=     6 NVB=     6

 **** Warning!!: The smallest alpha delta epsilon is -0.16642690D+00

 Semi-Direct transformation.
 ModeAB=           4 MOrb=             6 LenV=     134085165
 LASXX=         2181 LTotXX=        2181 LenRXX=        5115
 LTotAB=        2934 MaxLAS=        3024 LenRXY=           0
 NonZer=        7296 LenScr=      655360 LnRSAI=        3024
 LnScr1=      655360 LExtra=           0 Total=      1318859
 MaxDsk=          -1 SrtSym=           T ITran=            3
 JobTyp=0 Pass  1:  I=   1 to   6.
 (rs|ai) integrals will be sorted in core.
 Spin components of T(2) and E(2):
     alpha-alpha T2 =       0.1868266541D-01 E2=     -0.1623077485D-01
     alpha-beta  T2 =       0.1454142180D+01 E2=     -0.1355143085D+00
     beta-beta   T2 =       0.1868266541D-01 E2=     -0.1623077485D-01
 ANorm=    0.1578450985D+01
 E2 =    -0.1679758582D+00 EUMP2 =    -0.53715218481962D+01
 Second order stability test of a single determinant RHF wave function:
 Stabil:  MDV=134217728
 ***********************************************************************
 Matrix         Lowest Root    Major Pairs
 ***********************************************************************
 Internal RHF    -0.3461086    6A=7A
 RRHF --> CRHF   -0.4082872    6A=7A
 RRHF --> RUHF   -0.5985924    6A=7B
 Not stable.
 ***********************************************************************

 **********************************************************************

            Population analysis using the SCF density.

 **********************************************************************

 Orbital symmetries:
       Occupied  (AG) (BU) (BU) (AG) (BU) (BU)
       Virtual   (AG) (AG) (AG) (BU) (BU) (AG)
 The electronic state is 1-AG.
 Alpha  occ. eigenvalues --   -0.92727  -0.73036  -0.58481  -0.53515  -0.28877
 Alpha  occ. eigenvalues --    0.03419
 Alpha virt. eigenvalues --   -0.13224   0.13956   0.24362   0.40409   0.49638
 Alpha virt. eigenvalues --    0.53305
          Condensed to atoms (all electrons):
               1          2          3          4          5          6
     1  H    0.912880   0.096457   0.247994  -0.107001  -0.041096   0.016648
     2  H    0.096457   2.000488  -0.530273  -0.381565  -0.047679  -0.167474
     3  H    0.247994  -0.530273   1.359615   0.278285  -0.013052   0.050775
     4  H   -0.107001  -0.381565   0.278285   1.279521   0.291158   0.080343
     5  H   -0.041096  -0.047679  -0.013052   0.291158   0.436568   0.131666
     6  H    0.016648  -0.167474   0.050775   0.080343   0.131666   1.318159
     7  H   -0.000771   0.060668  -0.044040  -0.131134  -0.003396  -0.303316
     8  H    0.013849   0.074436  -0.131134  -0.388102  -0.068049   0.124443
     9  H   -0.090386   0.140559  -0.303316   0.124443  -0.016052  -0.236308
    10  H    0.004615  -0.000636  -0.003396  -0.068049  -0.022649  -0.016052
    11  H    0.001941  -0.039373   0.060668   0.074436  -0.000636   0.140559
    12  H   -0.000669   0.001941  -0.000771   0.013849   0.004615  -0.090386
               7          8          9         10         11         12
     1  H   -0.000771   0.013849  -0.090386   0.004615   0.001941  -0.000669
     2  H    0.060668   0.074436   0.140559  -0.000636  -0.039373   0.001941
     3  H   -0.044040  -0.131134  -0.303316  -0.003396   0.060668  -0.000771
     4  H   -0.131134  -0.388102   0.124443  -0.068049   0.074436   0.013849
     5  H   -0.003396  -0.068049  -0.016052  -0.022649  -0.000636   0.004615
     6  H   -0.303316   0.124443  -0.236308  -0.016052   0.140559  -0.090386
     7  H    1.359615   0.278285   0.050775  -0.013052  -0.530273   0.247994
     8  H    0.278285   1.279521   0.080343   0.291158  -0.381565  -0.107001
     9  H    0.050775   0.080343   1.318159   0.131666  -0.167474   0.016648
    10  H   -0.013052   0.291158   0.131666   0.436568  -0.047679  -0.041096
    11  H   -0.530273  -0.381565  -0.167474  -0.047679   2.000488   0.096457
    12  H    0.247994  -0.107001   0.016648  -0.041096   0.096457   0.912880
 Mulliken charges:
               1
     1  H   -0.054462
     2  H   -0.207548
     3  H    0.028646
     4  H   -0.066183
     5  H    0.348602
     6  H   -0.049056
     7  H    0.028646
     8  H   -0.066183
     9  H   -0.049056
    10  H    0.348602
    11  H   -0.207548
    12  H   -0.054462
 Sum of Mulliken charges =   0.00000
 Mulliken charges with hydrogens summed into heavy atoms:
               1
 Electronic spatial extent (au):  <R**2>=            156.5164
 Charge=              0.0000 electrons
 Dipole moment (field-independent basis, Debye):
    X=              0.0000    Y=             -0.0000    Z=              0.0000  Tot=              0.0000
 Quadrupole moment (field-independent basis, Debye-Ang):
   XX=            -14.4623   YY=            -25.5199   ZZ=            -14.8108
   XY=             -5.5573   XZ=              0.0000   YZ=              0.0000
 Traceless Quadrupole moment (field-independent basis, Debye-Ang):
   XX=              3.8020   YY=             -7.2556   ZZ=              3.4535
   XY=             -5.5573   XZ=              0.0000   YZ=              0.0000
 Octapole moment (field-independent basis, Debye-Ang**2):
  XXX=              0.0000  YYY=              0.0000  ZZZ=              0.0000  XYY=              0.0000
  XXY=             -0.0000  XXZ=              0.0000  XZZ=              0.0000  YZZ=              0.0000
  YYZ=              0.0000  XYZ=              0.0000
 Hexadecapole moment (field-independent basis, Debye-Ang**3):
 XXXX=            -76.5524 YYYY=           -292.6090 ZZZZ=            -17.3853 XXXY=            -32.8660
 XXXZ=              0.0000 YYYX=            -41.8986 YYYZ=              0.0000 ZZZX=              0.0000
 ZZZY=              0.0000 XXYY=            -52.5255 XXZZ=            -15.6775 YYZZ=            -40.8820
 XXYZ=              0.0000 YYXZ=              0.0000 ZZXY=             -8.4496
 N-N= 1.931164064502D+01 E-N=-5.012763067771D+01  KE= 7.161587314253D+00
 Symmetry AG   KE= 1.488662811908D+00
 Symmetry BG   KE= 0.000000000000D+00
 Symmetry AU   KE= 0.000000000000D+00
 Symmetry BU   KE= 5.672924502345D+00

 Test job not archived.
 1\1\GINC-SULU\Stability\RHF\Gen\H12\LCJ1\17-Feb-2017\0\\#rhf/gen scf(s
 ymm,tight,novaracc,noincfock,fulldiag) stable(crhf) guess=read geom=no
 crowd test\\hf stability analysis of h12 triangular lattice, y= 1.0531
 284965820111\\0,1\H\H,1,1.187278036\H,1,1.187278036,2,55.\H,2,1.187278
 036,1,125.,3,0.,0\H,2,1.187278036,1,180.,3,0.,0\H,4,1.187278036,3,180.
 ,5,0.,0\H,6,1.187278036,5,180.,3,0.,0\H,4,1.187278036,2,180.,3,0.,0\H,
 3,1.187278036,1,180.,4,0.,0\H,9,1.187278036,3,180.,4,0.,0\H,8,1.187278
 036,4,180.,3,0.,0\H,7,1.187278036,6,180.,3,0.,0\\Version=ES64L-G09RevE
 .01\State=1-AG\HF=-5.203546\MP2=-5.3715218\RMSD=1.163e-09\Dipole=0.,0.
 ,0.\Quadrupole=1.1928437,2.5676269,-3.7604706,0.,-5.2757711,0.\PG=C02H
  [SGH(H12)]\\@


 IT IS THE BEHAVIOR AND DISTRIBUTION OF THE ELECTRONS 
 AROUND THE NUCLEUS THAT GIVES THE FUNDAMENTAL 
 CHARACTER OF AN ATOM:  IT MUST BE THE SAME FOR MOLECULES.

                               -- C. A. COULSON, 1951
 Job cpu time:       0 days  0 hours  0 minutes  1.1 seconds.
 File lengths (MBytes):  RWF=     84 Int=      0 D2E=      0 Chk=      2 Scr=      2
 Normal termination of Gaussian 09 at Fri Feb 17 15:04:15 2017.
