 Entering Gaussian System, Link 0=g09
 AtFile(1): H.gbs
            H     0
            S   10   1.00
               1000.000000000000            0.000068713567
                316.227766000000            0.000169141320
                100.000000000000            0.000823394812
                 31.622776600000            0.003425569236
                 10.000000000000            0.013951996000
                  3.162277660000            0.056909313560
                  1.000000000000            0.198286399900
                  0.316227766000            0.496922426700
                  0.100000000000            0.369846276400
                  0.031622776600            0.003752720039
            ****
 Initial command:
 /projects/guscus/apps/gau/g09-e1/g09/l1.exe "/users/lcj1/gaussian/h12/rhfstability/rect/guess/ag2bu4/Gau-14570.inp" -scrdir="/users/lcj1/gaussian/h12/rhfstability/rect/guess/ag2bu4/"
 Entering Link 1 = /projects/guscus/apps/gau/g09-e1/g09/l1.exe PID=     14571.
  
 Copyright (c) 1988,1990,1992,1993,1995,1998,2003,2009,2015,
            Gaussian, Inc.  All Rights Reserved.
  
 This is part of the Gaussian(R) 09 program.  It is based on
 the Gaussian(R) 03 system (copyright 2003, Gaussian, Inc.),
 the Gaussian(R) 98 system (copyright 1998, Gaussian, Inc.),
 the Gaussian(R) 94 system (copyright 1995, Gaussian, Inc.),
 the Gaussian 92(TM) system (copyright 1992, Gaussian, Inc.),
 the Gaussian 90(TM) system (copyright 1990, Gaussian, Inc.),
 the Gaussian 88(TM) system (copyright 1988, Gaussian, Inc.),
 the Gaussian 86(TM) system (copyright 1986, Carnegie Mellon
 University), and the Gaussian 82(TM) system (copyright 1983,
 Carnegie Mellon University). Gaussian is a federally registered
 trademark of Gaussian, Inc.
  
 This software contains proprietary and confidential information,
 including trade secrets, belonging to Gaussian, Inc.
  
 This software is provided under written license and may be
 used, copied, transmitted, or stored only in accord with that
 written license.
  
 The following legend is applicable only to US Government
 contracts under FAR:
  
                    RESTRICTED RIGHTS LEGEND
  
 Use, reproduction and disclosure by the US Government is
 subject to restrictions as set forth in subparagraphs (a)
 and (c) of the Commercial Computer Software - Restricted
 Rights clause in FAR 52.227-19.
  
 Gaussian, Inc.
 340 Quinnipiac St., Bldg. 40, Wallingford CT 06492
  
  
 ---------------------------------------------------------------
 Warning -- This program may not be used in any manner that
 competes with the business of Gaussian, Inc. or will provide
 assistance to any competitor of Gaussian, Inc.  The licensee
 of this program is prohibited from giving any competitor of
 Gaussian, Inc. access to this program.  By using this program,
 the user acknowledges that Gaussian, Inc. is engaged in the
 business of creating and licensing software in the field of
 computational chemistry and represents and warrants to the
 licensee that it is not a competitor of Gaussian, Inc. and that
 it will not use this program in any manner prohibited above.
 ---------------------------------------------------------------
  

 Cite this work as:
 Gaussian 09, Revision E.01,
 M. J. Frisch, G. W. Trucks, H. B. Schlegel, G. E. Scuseria, 
 M. A. Robb, J. R. Cheeseman, G. Scalmani, V. Barone, B. Mennucci, 
 G. A. Petersson, H. Nakatsuji, M. Caricato, X. Li, H. P. Hratchian, 
 A. F. Izmaylov, J. Bloino, G. Zheng, J. L. Sonnenberg, M. Hada, 
 M. Ehara, K. Toyota, R. Fukuda, J. Hasegawa, M. Ishida, T. Nakajima, 
 Y. Honda, O. Kitao, H. Nakai, T. Vreven, J. A. Montgomery, Jr., 
 J. E. Peralta, F. Ogliaro, M. Bearpark, J. J. Heyd, E. Brothers, 
 K. N. Kudin, V. N. Staroverov, T. Keith, R. Kobayashi, J. Normand, 
 K. Raghavachari, A. Rendell, J. C. Burant, S. S. Iyengar, J. Tomasi, 
 M. Cossi, N. Rega, J. M. Millam, M. Klene, J. E. Knox, J. B. Cross, 
 V. Bakken, C. Adamo, J. Jaramillo, R. Gomperts, R. E. Stratmann, 
 O. Yazyev, A. J. Austin, R. Cammi, C. Pomelli, J. W. Ochterski, 
 R. L. Martin, K. Morokuma, V. G. Zakrzewski, G. A. Voth, 
 P. Salvador, J. J. Dannenberg, S. Dapprich, A. D. Daniels, 
 O. Farkas, J. B. Foresman, J. V. Ortiz, J. Cioslowski, 
 and D. J. Fox, Gaussian, Inc., Wallingford CT, 2013.
 
 ******************************************
 Gaussian 09:  ES64L-G09RevE.01 30-Nov-2015
                17-Feb-2017 
 ******************************************
 %chk=h12.chk
 ----------------------------------------------------------------------
 #rhf/gen scf(symm,tight,novaracc,noincfock,fulldiag) stable(crhf) gues
 s=read geom=nocrowd test
 ----------------------------------------------------------------------
 1/38=1/1;
 2/12=1,17=6,18=5,40=1/2;
 3/5=7,16=1,25=1,30=1,116=1/1,2,3;
 4/5=1,9=4/1;
 5/5=100002,15=2,16=1,32=2,38=6/2;
 8/6=1,10=90,11=11/1,4;
 9/8=4,13=1/2;
 6/7=2,8=2,9=2,10=2,28=1/1;
 99/5=1,9=1/99;
 ----------------------------------------------------------------------
 hf stability analysis of h12 triangular lattice, y= 0.4890258879954954
 6
 ----------------------------------------------------------------------
 Symbolic Z-matrix:
 Charge =  0 Multiplicity = 1
 H
 H                    1     1.27789 
 H                    1     1.27789  2     135. 
 H                    2     1.27789  1     45.      3     0.       0
 H                    2     1.27789  1     180.     3     0.       0
 H                    4     1.27789  3     180.     5     0.       0
 H                    6     1.27789  5     180.     3     0.       0
 H                    4     1.27789  2     180.     3     0.       0
 H                    3     1.27789  1     180.     4     0.       0
 H                    9     1.27789  3     180.     4     0.       0
 H                    8     1.27789  4     180.     3     0.       0
 H                    7     1.27789  6     180.     3     0.       0
 
                          Input orientation:                          
 ---------------------------------------------------------------------
 Center     Atomic      Atomic             Coordinates (Angstroms)
 Number     Number       Type             X           Y           Z
 ---------------------------------------------------------------------
      1          1           0        0.000000    0.000000    0.000000
      2          1           0        0.000000    0.000000    1.277886
      3          1           0        0.903602    0.000000   -0.903602
      4          1           0        0.903602    0.000000    0.374284
      5          1           0        0.000000    0.000000    2.555772
      6          1           0        0.903602    0.000000    1.652170
      7          1           0        1.807204    0.000000    0.748568
      8          1           0        1.807204    0.000000   -0.529318
      9          1           0        1.807204    0.000000   -1.807204
     10          1           0        2.710806    0.000000   -2.710806
     11          1           0        2.710806    0.000000   -1.432920
     12          1           0        2.710806    0.000000   -0.155034
 ---------------------------------------------------------------------
                    Distance matrix (angstroms):
                    1          2          3          4          5
     1  H    0.000000
     2  H    1.277886   0.000000
     3  H    1.277886   2.361226   0.000000
     4  H    0.978052   1.277886   1.277886   0.000000
     5  H    2.555772   1.277886   3.575440   2.361226   0.000000
     6  H    1.883126   0.978052   2.555772   1.277886   1.277886
     7  H    1.956104   1.883126   1.883126   0.978052   2.555772
     8  H    1.883126   2.555772   0.978052   1.277886   3.575440
     9  H    2.555772   3.575440   1.277886   2.361226   4.722452
    10  H    3.833659   4.822669   2.555772   3.575440   5.923286
    11  H    3.066224   3.833659   1.883126   2.555772   4.822669
    12  H    2.715236   3.066224   1.956104   1.883126   3.833659
                    6          7          8          9         10
     6  H    0.000000
     7  H    1.277886   0.000000
     8  H    2.361226   1.277886   0.000000
     9  H    3.575440   2.555772   1.277886   0.000000
    10  H    4.722452   3.575440   2.361226   1.277886   0.000000
    11  H    3.575440   2.361226   1.277886   0.978052   1.277886
    12  H    2.555772   1.277886   0.978052   1.883126   2.555772
                   11         12
    11  H    0.000000
    12  H    1.277886   0.000000
 Stoichiometry    H12
 Framework group  C2H[SGH(H12)]
 Deg. of freedom    11
 Full point group                 C2H     NOp   4
 Largest Abelian subgroup         C2H     NOp   4
 Largest concise Abelian subgroup C2      NOp   2
                         Standard orientation:                         
 ---------------------------------------------------------------------
 Center     Atomic      Atomic             Coordinates (Angstroms)
 Number     Number       Type             X           Y           Z
 ---------------------------------------------------------------------
      1          1           0        0.903602    1.013227   -0.000000
      2          1           0        0.000000    1.916829   -0.000000
      3          1           0        0.903602   -0.264659   -0.000000
      4          1           0        0.000000    0.638943   -0.000000
      5          1           0       -0.903602    2.820431   -0.000000
      6          1           0       -0.903602    1.542545   -0.000000
      7          1           0       -0.903602    0.264659   -0.000000
      8          1           0       -0.000000   -0.638943    0.000000
      9          1           0        0.903602   -1.542545    0.000000
     10          1           0        0.903602   -2.820431    0.000000
     11          1           0       -0.000000   -1.916829    0.000000
     12          1           0       -0.903602   -1.013227    0.000000
 ---------------------------------------------------------------------
 Rotational constants (GHZ):    102.3590960     15.3538644     13.3511864
 General basis read from cards:  (5D, 7F)
 There are     6 symmetry adapted cartesian basis functions of AG  symmetry.
 There are     0 symmetry adapted cartesian basis functions of BG  symmetry.
 There are     0 symmetry adapted cartesian basis functions of AU  symmetry.
 There are     6 symmetry adapted cartesian basis functions of BU  symmetry.
 There are     6 symmetry adapted basis functions of AG  symmetry.
 There are     0 symmetry adapted basis functions of BG  symmetry.
 There are     0 symmetry adapted basis functions of AU  symmetry.
 There are     6 symmetry adapted basis functions of BU  symmetry.
    12 basis functions,   120 primitive gaussians,    12 cartesian basis functions
     6 alpha electrons        6 beta electrons
       nuclear repulsion energy        18.7324702169 Hartrees.
 NAtoms=   12 NActive=   12 NUniq=    6 SFac= 4.00D+00 NAtFMM=   60 NAOKFM=F Big=F
 Integral buffers will be    131072 words long.
 Regular integral format.
 Two-electron integral symmetry is turned on.
 One-electron integrals computed using PRISM.
 NBasis=    12 RedAO= T EigKep=  1.71D-01  NBF=     6     0     0     6
 NBsUse=    12 1.00D-06 EigRej= -1.00D+00 NBFU=     6     0     0     6
 Initial guess from the checkpoint file:  "h12.chk"
 B after Tr=    -0.000000   -0.000000    0.000000
         Rot=    0.999999   -0.000000   -0.000000   -0.001518 Ang=  -0.17 deg.
 Initial guess orbital symmetries:
       Occupied  (AG) (BU) (AG) (BU) (BU) (BU)
       Virtual   (AG) (AG) (AG) (BU) (AG) (BU)
 Keep R1 ints in memory in symmetry-blocked form, NReq=901656.
 Requested convergence on RMS density matrix=1.00D-08 within 128 cycles.
 Requested convergence on MAX density matrix=1.00D-06.
 Requested convergence on             energy=1.00D-06.
 No special actions if energy rises.
 SCF Done:  E(RHF) =  -5.34718662940     A.U. after   10 cycles
            NFock= 10  Conv=0.17D-08     -V/T= 1.7537
 Range of M.O.s used for correlation:     1    12
 NBasis=    12 NAE=     6 NBE=     6 NFC=     0 NFV=     0
 NROrb=     12 NOA=     6 NOB=     6 NVA=     6 NVB=     6

 **** Warning!!: The smallest alpha delta epsilon is -0.10203275D+00

 Semi-Direct transformation.
 ModeAB=           4 MOrb=             6 LenV=     134086411
 LASXX=         2181 LTotXX=        2181 LenRXX=        5115
 LTotAB=        2934 MaxLAS=        3024 LenRXY=           0
 NonZer=        7296 LenScr=      655360 LnRSAI=        3024
 LnScr1=      655360 LExtra=           0 Total=      1318859
 MaxDsk=          -1 SrtSym=           T ITran=            3
 JobTyp=0 Pass  1:  I=   1 to   6.
 (rs|ai) integrals will be sorted in core.
 Spin components of T(2) and E(2):
     alpha-alpha T2 =       0.1360314628D-01 E2=     -0.1129901293D-01
     alpha-beta  T2 =       0.8357834319D+01 E2=     -0.5871400162D+00
     beta-beta   T2 =       0.1360314628D-01 E2=     -0.1129901293D-01
 ANorm=    0.3063501365D+01
 E2 =    -0.6097380420D+00 EUMP2 =    -0.59569246714386D+01
 Second order stability test of a single determinant RHF wave function:
 Stabil:  MDV=134217728
 ***********************************************************************
 Matrix         Lowest Root    Major Pairs
 ***********************************************************************
 Internal RHF    -0.3033733    6A=7A
 RRHF --> CRHF   -0.3353267    6A=7A
 RRHF --> RUHF   -0.5259939    6A=8B 6A=7B 5A=8B
 Not stable.
 ***********************************************************************

 **********************************************************************

            Population analysis using the SCF density.

 **********************************************************************

 Orbital symmetries:
       Occupied  (AG) (BU) (AG) (BU) (BU) (BU)
       Virtual   (AG) (AG) (AG) (BU) (AG) (BU)
 The electronic state is 1-AG.
 Alpha  occ. eigenvalues --   -0.91926  -0.74878  -0.56815  -0.54469  -0.36840
 Alpha  occ. eigenvalues --    0.02969
 Alpha virt. eigenvalues --   -0.07234   0.06327   0.27643   0.32101   0.51783
 Alpha virt. eigenvalues --    0.57678
          Condensed to atoms (all electrons):
               1          2          3          4          5          6
     1  H    0.691664  -0.231994   0.063497   0.456140   0.019298  -0.084546
     2  H   -0.231994   1.512375   0.058836  -0.373609  -0.312189   0.527928
     3  H    0.063497   0.058836   1.051110  -0.214230  -0.003694  -0.004415
     4  H    0.456140  -0.373609  -0.214230   1.340058   0.014138  -0.166195
     5  H    0.019298  -0.312189  -0.003694   0.014138   1.492073  -0.028476
     6  H   -0.084546   0.527928  -0.004415  -0.166195  -0.028476   0.641707
     7  H    0.007093  -0.160691  -0.207200   0.492972  -0.000044  -0.082164
     8  H   -0.120039   0.061375   0.492972  -0.383445  -0.006794   0.020267
     9  H    0.021607  -0.006795  -0.082164   0.020267   0.001381  -0.001848
    10  H   -0.004674   0.003063  -0.000044  -0.006794  -0.000588   0.001381
    11  H    0.018372  -0.015859  -0.160691   0.061375   0.003063  -0.006795
    12  H   -0.050881   0.018372   0.007093  -0.120039  -0.004674   0.021607
               7          8          9         10         11         12
     1  H    0.007093  -0.120039   0.021607  -0.004674   0.018372  -0.050881
     2  H   -0.160691   0.061375  -0.006795   0.003063  -0.015859   0.018372
     3  H   -0.207200   0.492972  -0.082164  -0.000044  -0.160691   0.007093
     4  H    0.492972  -0.383445   0.020267  -0.006794   0.061375  -0.120039
     5  H   -0.000044  -0.006794   0.001381  -0.000588   0.003063  -0.004674
     6  H   -0.082164   0.020267  -0.001848   0.001381  -0.006795   0.021607
     7  H    1.051110  -0.214230  -0.004415  -0.003694   0.058836   0.063497
     8  H   -0.214230   1.340058  -0.166195   0.014138  -0.373609   0.456140
     9  H   -0.004415  -0.166195   0.641707  -0.028476   0.527928  -0.084546
    10  H   -0.003694   0.014138  -0.028476   1.492073  -0.312189   0.019298
    11  H    0.058836  -0.373609   0.527928  -0.312189   1.512375  -0.231994
    12  H    0.063497   0.456140  -0.084546   0.019298  -0.231994   0.691664
 Mulliken charges:
               1
     1  H    0.214463
     2  H   -0.080811
     3  H   -0.001070
     4  H   -0.120636
     5  H   -0.173494
     6  H    0.161547
     7  H   -0.001070
     8  H   -0.120636
     9  H    0.161547
    10  H   -0.173494
    11  H   -0.080811
    12  H    0.214463
 Sum of Mulliken charges =  -0.00000
 Mulliken charges with hydrogens summed into heavy atoms:
               1
 Electronic spatial extent (au):  <R**2>=            179.4912
 Charge=             -0.0000 electrons
 Dipole moment (field-independent basis, Debye):
    X=              0.0000    Y=              0.0000    Z=             -0.0000  Tot=              0.0000
 Quadrupole moment (field-independent basis, Debye-Ang):
   XX=            -14.5243   YY=            -31.6792   ZZ=            -14.8156
   XY=              7.0231   XZ=             -0.0000   YZ=              0.0000
 Traceless Quadrupole moment (field-independent basis, Debye-Ang):
   XX=              5.8154   YY=            -11.3395   ZZ=              5.5241
   XY=              7.0231   XZ=             -0.0000   YZ=              0.0000
 Octapole moment (field-independent basis, Debye-Ang**2):
  XXX=              0.0000  YYY=              0.0000  ZZZ=             -0.0000  XYY=              0.0000
  XXY=             -0.0000  XXZ=             -0.0000  XZZ=              0.0000  YZZ=              0.0000
  YYZ=             -0.0000  XYZ=              0.0000
 Hexadecapole moment (field-independent basis, Debye-Ang**3):
 XXXX=            -68.5487 YYYY=           -454.4495 ZZZZ=            -17.4216 XXXY=             36.9215
 XXXZ=             -0.0000 YYYX=             93.0820 YYYZ=              0.0000 ZZZX=             -0.0000
 ZZZY=              0.0000 XXYY=            -72.5820 XXZZ=            -14.4457 YYZZ=            -49.5884
 XXYZ=              0.0000 YYXZ=             -0.0000 ZZXY=             10.4339
 N-N= 1.873247021692D+01 E-N=-4.901513849358D+01  KE= 7.094998915868D+00
 Symmetry AG   KE= 1.504009908170D+00
 Symmetry BG   KE= 0.000000000000D+00
 Symmetry AU   KE= 0.000000000000D+00
 Symmetry BU   KE= 5.590989007698D+00

 Test job not archived.
 1\1\GINC-SULU\Stability\RHF\Gen\H12\LCJ1\17-Feb-2017\0\\#rhf/gen scf(s
 ymm,tight,novaracc,noincfock,fulldiag) stable(crhf) guess=read geom=no
 crowd test\\hf stability analysis of h12 triangular lattice, y= 0.4890
 2588799549546\\0,1\H\H,1,1.2778861945\H,1,1.2778861945,2,135.\H,2,1.27
 78861945,1,45.,3,0.,0\H,2,1.2778861945,1,180.,3,0.,0\H,4,1.2778861945,
 3,180.,5,0.,0\H,6,1.2778861945,5,180.,3,0.,0\H,4,1.2778861945,2,180.,3
 ,0.,0\H,3,1.2778861945,1,180.,4,0.,0\H,9,1.2778861945,3,180.,4,0.,0\H,
 8,1.2778861945,4,180.,3,0.,0\H,7,1.2778861945,6,180.,3,0.,0\\Version=E
 S64L-G09RevE.01\State=1-AG\HF=-5.3471866\MP2=-5.9569247\RMSD=1.716e-09
 \Dipole=0.,0.,0.\Quadrupole=3.1679477,4.1070453,-7.274993,0.,6.3771514
 ,0.\PG=C02H [SGH(H12)]\\@


 I WANT IT ALL - RICH, THIN, AND CHOCOLATE.
 Job cpu time:       0 days  0 hours  0 minutes  1.0 seconds.
 File lengths (MBytes):  RWF=     84 Int=      0 D2E=      0 Chk=      2 Scr=      2
 Normal termination of Gaussian 09 at Fri Feb 17 14:55:55 2017.
