 Entering Gaussian System, Link 0=g09
 AtFile(1): H.gbs
            H     0
            S   10   1.00
               1000.000000000000            0.000068713567
                316.227766000000            0.000169141320
                100.000000000000            0.000823394812
                 31.622776600000            0.003425569236
                 10.000000000000            0.013951996000
                  3.162277660000            0.056909313560
                  1.000000000000            0.198286399900
                  0.316227766000            0.496922426700
                  0.100000000000            0.369846276400
                  0.031622776600            0.003752720039
            ****
 Initial command:
 /projects/guscus/apps/gau/g09-e1/g09/l1.exe "/users/lcj1/gaussian/h12/rhfstability/rect/guess/ag2bu4/Gau-13950.inp" -scrdir="/users/lcj1/gaussian/h12/rhfstability/rect/guess/ag2bu4/"
 Entering Link 1 = /projects/guscus/apps/gau/g09-e1/g09/l1.exe PID=     13951.
  
 Copyright (c) 1988,1990,1992,1993,1995,1998,2003,2009,2015,
            Gaussian, Inc.  All Rights Reserved.
  
 This is part of the Gaussian(R) 09 program.  It is based on
 the Gaussian(R) 03 system (copyright 2003, Gaussian, Inc.),
 the Gaussian(R) 98 system (copyright 1998, Gaussian, Inc.),
 the Gaussian(R) 94 system (copyright 1995, Gaussian, Inc.),
 the Gaussian 92(TM) system (copyright 1992, Gaussian, Inc.),
 the Gaussian 90(TM) system (copyright 1990, Gaussian, Inc.),
 the Gaussian 88(TM) system (copyright 1988, Gaussian, Inc.),
 the Gaussian 86(TM) system (copyright 1986, Carnegie Mellon
 University), and the Gaussian 82(TM) system (copyright 1983,
 Carnegie Mellon University). Gaussian is a federally registered
 trademark of Gaussian, Inc.
  
 This software contains proprietary and confidential information,
 including trade secrets, belonging to Gaussian, Inc.
  
 This software is provided under written license and may be
 used, copied, transmitted, or stored only in accord with that
 written license.
  
 The following legend is applicable only to US Government
 contracts under FAR:
  
                    RESTRICTED RIGHTS LEGEND
  
 Use, reproduction and disclosure by the US Government is
 subject to restrictions as set forth in subparagraphs (a)
 and (c) of the Commercial Computer Software - Restricted
 Rights clause in FAR 52.227-19.
  
 Gaussian, Inc.
 340 Quinnipiac St., Bldg. 40, Wallingford CT 06492
  
  
 ---------------------------------------------------------------
 Warning -- This program may not be used in any manner that
 competes with the business of Gaussian, Inc. or will provide
 assistance to any competitor of Gaussian, Inc.  The licensee
 of this program is prohibited from giving any competitor of
 Gaussian, Inc. access to this program.  By using this program,
 the user acknowledges that Gaussian, Inc. is engaged in the
 business of creating and licensing software in the field of
 computational chemistry and represents and warrants to the
 licensee that it is not a competitor of Gaussian, Inc. and that
 it will not use this program in any manner prohibited above.
 ---------------------------------------------------------------
  

 Cite this work as:
 Gaussian 09, Revision E.01,
 M. J. Frisch, G. W. Trucks, H. B. Schlegel, G. E. Scuseria, 
 M. A. Robb, J. R. Cheeseman, G. Scalmani, V. Barone, B. Mennucci, 
 G. A. Petersson, H. Nakatsuji, M. Caricato, X. Li, H. P. Hratchian, 
 A. F. Izmaylov, J. Bloino, G. Zheng, J. L. Sonnenberg, M. Hada, 
 M. Ehara, K. Toyota, R. Fukuda, J. Hasegawa, M. Ishida, T. Nakajima, 
 Y. Honda, O. Kitao, H. Nakai, T. Vreven, J. A. Montgomery, Jr., 
 J. E. Peralta, F. Ogliaro, M. Bearpark, J. J. Heyd, E. Brothers, 
 K. N. Kudin, V. N. Staroverov, T. Keith, R. Kobayashi, J. Normand, 
 K. Raghavachari, A. Rendell, J. C. Burant, S. S. Iyengar, J. Tomasi, 
 M. Cossi, N. Rega, J. M. Millam, M. Klene, J. E. Knox, J. B. Cross, 
 V. Bakken, C. Adamo, J. Jaramillo, R. Gomperts, R. E. Stratmann, 
 O. Yazyev, A. J. Austin, R. Cammi, C. Pomelli, J. W. Ochterski, 
 R. L. Martin, K. Morokuma, V. G. Zakrzewski, G. A. Voth, 
 P. Salvador, J. J. Dannenberg, S. Dapprich, A. D. Daniels, 
 O. Farkas, J. B. Foresman, J. V. Ortiz, J. Cioslowski, 
 and D. J. Fox, Gaussian, Inc., Wallingford CT, 2013.
 
 ******************************************
 Gaussian 09:  ES64L-G09RevE.01 30-Nov-2015
                17-Feb-2017 
 ******************************************
 %chk=h12.chk
 ----------------------------------------------------------------------
 #rhf/gen scf(symm,tight,novaracc,noincfock,fulldiag) stable(crhf) gues
 s=read geom=nocrowd test
 ----------------------------------------------------------------------
 1/38=1/1;
 2/12=1,17=6,18=5,40=1/2;
 3/5=7,16=1,25=1,30=1,116=1/1,2,3;
 4/5=1,9=4/1;
 5/5=100002,15=2,16=1,32=2,38=6/2;
 8/6=1,10=90,11=11/1,4;
 9/8=4,13=1/2;
 6/7=2,8=2,9=2,10=2,28=1/1;
 99/5=1,9=1/99;
 ----------------------------------------------------------------------
 hf stability analysis of h12 triangular lattice, y= 0.4738346202814235
 9
 ----------------------------------------------------------------------
 Symbolic Z-matrix:
 Charge =  0 Multiplicity = 1
 H
 H                    1     1.30735 
 H                    1     1.30735  2     137.5 
 H                    2     1.30735  1     42.5     3     0.       0
 H                    2     1.30735  1     180.     3     0.       0
 H                    4     1.30735  3     180.     5     0.       0
 H                    6     1.30735  5     180.     3     0.       0
 H                    4     1.30735  2     180.     3     0.       0
 H                    3     1.30735  1     180.     4     0.       0
 H                    9     1.30735  3     180.     4     0.       0
 H                    8     1.30735  4     180.     3     0.       0
 H                    7     1.30735  6     180.     3     0.       0
 
                          Input orientation:                          
 ---------------------------------------------------------------------
 Center     Atomic      Atomic             Coordinates (Angstroms)
 Number     Number       Type             X           Y           Z
 ---------------------------------------------------------------------
      1          1           0        0.000000    0.000000    0.000000
      2          1           0        0.000000    0.000000    1.307353
      3          1           0        0.883235    0.000000   -0.963882
      4          1           0        0.883235    0.000000    0.343471
      5          1           0        0.000000    0.000000    2.614707
      6          1           0        0.883235    0.000000    1.650825
      7          1           0        1.766470    0.000000    0.686943
      8          1           0        1.766470    0.000000   -0.620411
      9          1           0        1.766470    0.000000   -1.927764
     10          1           0        2.649705    0.000000   -2.891646
     11          1           0        2.649705    0.000000   -1.584293
     12          1           0        2.649705    0.000000   -0.276939
 ---------------------------------------------------------------------
                    Distance matrix (angstroms):
                    1          2          3          4          5
     1  H    0.000000
     2  H    1.307353   0.000000
     3  H    1.307353   2.436927   0.000000
     4  H    0.947669   1.307353   1.307353   0.000000
     5  H    2.614707   1.307353   3.685974   2.436927   0.000000
     6  H    1.872252   0.947669   2.614707   1.307353   1.307353
     7  H    1.895338   1.872252   1.872252   0.947669   2.614707
     8  H    1.872252   2.614707   0.947669   1.307353   3.685974
     9  H    2.614707   3.685974   1.307353   2.436927   4.873855
    10  H    3.922060   4.965132   2.614707   3.685974   6.110717
    11  H    3.087219   3.922060   1.872252   2.614707   4.965132
    12  H    2.664139   3.087219   1.895338   1.872252   3.922060
                    6          7          8          9         10
     6  H    0.000000
     7  H    1.307353   0.000000
     8  H    2.436927   1.307353   0.000000
     9  H    3.685974   2.614707   1.307353   0.000000
    10  H    4.873855   3.685974   2.436927   1.307353   0.000000
    11  H    3.685974   2.436927   1.307353   0.947669   1.307353
    12  H    2.614707   1.307353   0.947669   1.872252   2.614707
                   11         12
    11  H    0.000000
    12  H    1.307353   0.000000
 Stoichiometry    H12
 Framework group  C2H[SGH(H12)]
 Deg. of freedom    11
 Full point group                 C2H     NOp   4
 Largest Abelian subgroup         C2H     NOp   4
 Largest concise Abelian subgroup C2      NOp   2
                         Standard orientation:                         
 ---------------------------------------------------------------------
 Center     Atomic      Atomic             Coordinates (Angstroms)
 Number     Number       Type             X           Y           Z
 ---------------------------------------------------------------------
      1          1           0        0.883235    0.997148   -0.000000
      2          1           0        0.000000    1.961030   -0.000000
      3          1           0        0.883235   -0.310205   -0.000000
      4          1           0        0.000000    0.653677   -0.000000
      5          1           0       -0.883235    2.924912   -0.000000
      6          1           0       -0.883235    1.617559   -0.000000
      7          1           0       -0.883235    0.310205    0.000000
      8          1           0       -0.000000   -0.653677   -0.000000
      9          1           0        0.883235   -1.617559   -0.000000
     10          1           0        0.883235   -2.924912   -0.000000
     11          1           0       -0.000000   -1.961030   -0.000000
     12          1           0       -0.883235   -0.997148   -0.000000
 ---------------------------------------------------------------------
 Rotational constants (GHZ):    108.7531781     14.4511426     12.7561085
 General basis read from cards:  (5D, 7F)
 There are     6 symmetry adapted cartesian basis functions of AG  symmetry.
 There are     0 symmetry adapted cartesian basis functions of BG  symmetry.
 There are     0 symmetry adapted cartesian basis functions of AU  symmetry.
 There are     6 symmetry adapted cartesian basis functions of BU  symmetry.
 There are     6 symmetry adapted basis functions of AG  symmetry.
 There are     0 symmetry adapted basis functions of BG  symmetry.
 There are     0 symmetry adapted basis functions of AU  symmetry.
 There are     6 symmetry adapted basis functions of BU  symmetry.
    12 basis functions,   120 primitive gaussians,    12 cartesian basis functions
     6 alpha electrons        6 beta electrons
       nuclear repulsion energy        18.5631958087 Hartrees.
 NAtoms=   12 NActive=   12 NUniq=    6 SFac= 4.00D+00 NAtFMM=   60 NAOKFM=F Big=F
 Integral buffers will be    131072 words long.
 Regular integral format.
 Two-electron integral symmetry is turned on.
 One-electron integrals computed using PRISM.
 NBasis=    12 RedAO= T EigKep=  1.62D-01  NBF=     6     0     0     6
 NBsUse=    12 1.00D-06 EigRej= -1.00D+00 NBFU=     6     0     0     6
 Initial guess from the checkpoint file:  "h12.chk"
 B after Tr=     0.000000    0.000000   -0.000000
         Rot=    0.999999    0.000000    0.000000   -0.001518 Ang=  -0.17 deg.
 Initial guess orbital symmetries:
       Occupied  (AG) (BU) (AG) (BU) (BU) (BU)
       Virtual   (AG) (AG) (AG) (BU) (AG) (BU)
 Keep R1 ints in memory in symmetry-blocked form, NReq=901152.
 Requested convergence on RMS density matrix=1.00D-08 within 128 cycles.
 Requested convergence on MAX density matrix=1.00D-06.
 Requested convergence on             energy=1.00D-06.
 No special actions if energy rises.
 SCF Done:  E(RHF) =  -5.43795080927     A.U. after    9 cycles
            NFock=  9  Conv=0.25D-08     -V/T= 1.7788
 Range of M.O.s used for correlation:     1    12
 NBasis=    12 NAE=     6 NBE=     6 NFC=     0 NFV=     0
 NROrb=     12 NOA=     6 NOB=     6 NVA=     6 NVB=     6

 **** Warning!!: The smallest alpha delta epsilon is -0.57367586D-01

 Semi-Direct transformation.
 ModeAB=           4 MOrb=             6 LenV=     134087475
 LASXX=         2181 LTotXX=        2181 LenRXX=        5115
 LTotAB=        2934 MaxLAS=        3024 LenRXY=           0
 NonZer=        7296 LenScr=      655360 LnRSAI=        3024
 LnScr1=      655360 LExtra=           0 Total=      1318859
 MaxDsk=          -1 SrtSym=           T ITran=            3
 JobTyp=0 Pass  1:  I=   1 to   6.
 (rs|ai) integrals will be sorted in core.
 Spin components of T(2) and E(2):
     alpha-alpha T2 =       0.1214204245D-01 E2=     -0.1024372163D-01
     alpha-beta  T2 =       0.1942643205D+02 E2=     -0.3951522384D+00
     beta-beta   T2 =       0.1214204245D-01 E2=     -0.1024372163D-01
 ANorm=    0.4522246801D+01
 E2 =    -0.4156396817D+00 EUMP2 =    -0.58535904909406D+01
 Second order stability test of a single determinant RHF wave function:
 Stabil:  MDV=134217728
 ***********************************************************************
 Matrix         Lowest Root    Major Pairs
 ***********************************************************************
 Internal RHF    -0.2560974    6A=7A
 RRHF --> CRHF   -0.2828504    6A=7A
 RRHF --> RUHF   -0.5227978    6A=8B 6A=7B 5A=8B
 Not stable.
 ***********************************************************************

 **********************************************************************

            Population analysis using the SCF density.

 **********************************************************************

 Orbital symmetries:
       Occupied  (AG) (BU) (AG) (BU) (BU) (BU)
       Virtual   (AG) (AG) (AG) (BU) (AG) (BU)
 The electronic state is 1-AG.
 Alpha  occ. eigenvalues --   -0.91362  -0.75199  -0.57778  -0.52922  -0.38885
 Alpha  occ. eigenvalues --   -0.00330
 Alpha virt. eigenvalues --   -0.06067   0.03818   0.31072   0.32916   0.51670
 Alpha virt. eigenvalues --    0.61538
          Condensed to atoms (all electrons):
               1          2          3          4          5          6
     1  H    0.668602  -0.169315   0.082931   0.426004   0.014252  -0.089649
     2  H   -0.169315   1.245131   0.048065  -0.308440  -0.240928   0.570776
     3  H    0.082931   0.048065   1.047855  -0.205512  -0.003932   0.002136
     4  H    0.426004  -0.308440  -0.205512   1.278529   0.014449  -0.188708
     5  H    0.014252  -0.240928  -0.003932   0.014449   1.472769  -0.089588
     6  H   -0.089649   0.570776   0.002136  -0.188708  -0.089588   0.728580
     7  H   -0.005226  -0.150431  -0.213739   0.493162   0.005830  -0.104909
     8  H   -0.104023   0.045035   0.493162  -0.341573  -0.005626   0.025811
     9  H    0.022197  -0.006440  -0.104909   0.025811   0.001357  -0.003495
    10  H   -0.003347   0.001988   0.005830  -0.005626  -0.000424   0.001357
    11  H    0.011726  -0.009392  -0.150431   0.045035   0.001988  -0.006440
    12  H   -0.052135   0.011726  -0.005226  -0.104023  -0.003347   0.022197
               7          8          9         10         11         12
     1  H   -0.005226  -0.104023   0.022197  -0.003347   0.011726  -0.052135
     2  H   -0.150431   0.045035  -0.006440   0.001988  -0.009392   0.011726
     3  H   -0.213739   0.493162  -0.104909   0.005830  -0.150431  -0.005226
     4  H    0.493162  -0.341573   0.025811  -0.005626   0.045035  -0.104023
     5  H    0.005830  -0.005626   0.001357  -0.000424   0.001988  -0.003347
     6  H   -0.104909   0.025811  -0.003495   0.001357  -0.006440   0.022197
     7  H    1.047855  -0.205512   0.002136  -0.003932   0.048065   0.082931
     8  H   -0.205512   1.278529  -0.188708   0.014449  -0.308440   0.426004
     9  H    0.002136  -0.188708   0.728580  -0.089588   0.570776  -0.089649
    10  H   -0.003932   0.014449  -0.089588   1.472769  -0.240928   0.014252
    11  H    0.048065  -0.308440   0.570776  -0.240928   1.245131  -0.169315
    12  H    0.082931   0.426004  -0.089649   0.014252  -0.169315   0.668602
 Mulliken charges:
               1
     1  H    0.197981
     2  H   -0.037775
     3  H    0.003769
     4  H   -0.129108
     5  H   -0.166800
     6  H    0.131932
     7  H    0.003769
     8  H   -0.129108
     9  H    0.131932
    10  H   -0.166800
    11  H   -0.037775
    12  H    0.197981
 Sum of Mulliken charges =  -0.00000
 Mulliken charges with hydrogens summed into heavy atoms:
               1
 Electronic spatial extent (au):  <R**2>=            185.7345
 Charge=              0.0000 electrons
 Dipole moment (field-independent basis, Debye):
    X=              0.0000    Y=              0.0000    Z=              0.0000  Tot=              0.0000
 Quadrupole moment (field-independent basis, Debye-Ang):
   XX=            -14.6564   YY=            -31.4745   ZZ=            -14.8696
   XY=              6.8093   XZ=             -0.0000   YZ=             -0.0000
 Traceless Quadrupole moment (field-independent basis, Debye-Ang):
   XX=              5.6771   YY=            -11.1410   ZZ=              5.4639
   XY=              6.8093   XZ=             -0.0000   YZ=             -0.0000
 Octapole moment (field-independent basis, Debye-Ang**2):
  XXX=              0.0000  YYY=             -0.0000  ZZZ=              0.0000  XYY=              0.0000
  XXY=             -0.0000  XXZ=              0.0000  XZZ=              0.0000  YZZ=             -0.0000
  YYZ=              0.0000  XYZ=             -0.0000
 Hexadecapole moment (field-independent basis, Debye-Ang**3):
 XXXX=            -66.1136 YYYY=           -487.4947 ZZZZ=            -17.5153 XXXY=             36.3755
 XXXZ=              0.0000 YYYX=             95.5129 YYYZ=             -0.0000 ZZZX=              0.0000
 ZZZY=             -0.0000 XXYY=            -73.9104 XXZZ=            -14.0774 YYZZ=            -52.3883
 XXYZ=             -0.0000 YYXZ=              0.0000 ZZXY=             10.6320
 N-N= 1.856319580867D+01 E-N=-4.865511048083D+01  KE= 6.982356924471D+00
 Symmetry AG   KE= 1.504440397264D+00
 Symmetry BG   KE= 0.000000000000D+00
 Symmetry AU   KE= 0.000000000000D+00
 Symmetry BU   KE= 5.477916527207D+00

 Test job not archived.
 1\1\GINC-SULU\Stability\RHF\Gen\H12\LCJ1\17-Feb-2017\0\\#rhf/gen scf(s
 ymm,tight,novaracc,noincfock,fulldiag) stable(crhf) guess=read geom=no
 crowd test\\hf stability analysis of h12 triangular lattice, y= 0.4738
 3462028142359\\0,1\H\H,1,1.3073534167\H,1,1.3073534167,2,137.5\H,2,1.3
 073534167,1,42.5,3,0.,0\H,2,1.3073534167,1,180.,3,0.,0\H,4,1.307353416
 7,3,180.,5,0.,0\H,6,1.3073534167,5,180.,3,0.,0\H,4,1.3073534167,2,180.
 ,3,0.,0\H,3,1.3073534167,1,180.,4,0.,0\H,9,1.3073534167,3,180.,4,0.,0\
 H,8,1.3073534167,4,180.,3,0.,0\H,7,1.3073534167,6,180.,3,0.,0\\Version
 =ES64L-G09RevE.01\State=1-AG\HF=-5.4379508\MP2=-5.8535905\RMSD=2.459e-
 09\Dipole=0.,0.,0.\Quadrupole=3.5570279,4.0622769,-7.6193047,0.,5.7868
 776,0.\PG=C02H [SGH(H12)]\\@


 "ANNA, YOU MUSN'T SPEAK OF OXIDIZED MURIATIC ACID
 ANYMORE, FROM NOW ON YOU MUST SAY CHLORINE."
   -- JENS JACOB BERZELIUS, IN 1820, TO HIS COOK, WHO HAD
 COMPLAINED OF THE SMELL OF THE FLASK SHE WAS CLEANING.
 Job cpu time:       0 days  0 hours  0 minutes  1.0 seconds.
 File lengths (MBytes):  RWF=     84 Int=      0 D2E=      0 Chk=      2 Scr=      2
 Normal termination of Gaussian 09 at Fri Feb 17 14:55:40 2017.
