 Entering Gaussian System, Link 0=g09
 AtFile(1): H.gbs
            H     0
            S   10   1.00
               1000.000000000000            0.000068713567
                316.227766000000            0.000169141320
                100.000000000000            0.000823394812
                 31.622776600000            0.003425569236
                 10.000000000000            0.013951996000
                  3.162277660000            0.056909313560
                  1.000000000000            0.198286399900
                  0.316227766000            0.496922426700
                  0.100000000000            0.369846276400
                  0.031622776600            0.003752720039
            ****
 Initial command:
 /projects/guscus/apps/gau/g09-e1/g09/l1.exe "/users/lcj1/gaussian/h12/rhfstability/rect/guess/ag2bu4/Gau-20706.inp" -scrdir="/users/lcj1/gaussian/h12/rhfstability/rect/guess/ag2bu4/"
 Entering Link 1 = /projects/guscus/apps/gau/g09-e1/g09/l1.exe PID=     20707.
  
 Copyright (c) 1988,1990,1992,1993,1995,1998,2003,2009,2015,
            Gaussian, Inc.  All Rights Reserved.
  
 This is part of the Gaussian(R) 09 program.  It is based on
 the Gaussian(R) 03 system (copyright 2003, Gaussian, Inc.),
 the Gaussian(R) 98 system (copyright 1998, Gaussian, Inc.),
 the Gaussian(R) 94 system (copyright 1995, Gaussian, Inc.),
 the Gaussian 92(TM) system (copyright 1992, Gaussian, Inc.),
 the Gaussian 90(TM) system (copyright 1990, Gaussian, Inc.),
 the Gaussian 88(TM) system (copyright 1988, Gaussian, Inc.),
 the Gaussian 86(TM) system (copyright 1986, Carnegie Mellon
 University), and the Gaussian 82(TM) system (copyright 1983,
 Carnegie Mellon University). Gaussian is a federally registered
 trademark of Gaussian, Inc.
  
 This software contains proprietary and confidential information,
 including trade secrets, belonging to Gaussian, Inc.
  
 This software is provided under written license and may be
 used, copied, transmitted, or stored only in accord with that
 written license.
  
 The following legend is applicable only to US Government
 contracts under FAR:
  
                    RESTRICTED RIGHTS LEGEND
  
 Use, reproduction and disclosure by the US Government is
 subject to restrictions as set forth in subparagraphs (a)
 and (c) of the Commercial Computer Software - Restricted
 Rights clause in FAR 52.227-19.
  
 Gaussian, Inc.
 340 Quinnipiac St., Bldg. 40, Wallingford CT 06492
  
  
 ---------------------------------------------------------------
 Warning -- This program may not be used in any manner that
 competes with the business of Gaussian, Inc. or will provide
 assistance to any competitor of Gaussian, Inc.  The licensee
 of this program is prohibited from giving any competitor of
 Gaussian, Inc. access to this program.  By using this program,
 the user acknowledges that Gaussian, Inc. is engaged in the
 business of creating and licensing software in the field of
 computational chemistry and represents and warrants to the
 licensee that it is not a competitor of Gaussian, Inc. and that
 it will not use this program in any manner prohibited above.
 ---------------------------------------------------------------
  

 Cite this work as:
 Gaussian 09, Revision E.01,
 M. J. Frisch, G. W. Trucks, H. B. Schlegel, G. E. Scuseria, 
 M. A. Robb, J. R. Cheeseman, G. Scalmani, V. Barone, B. Mennucci, 
 G. A. Petersson, H. Nakatsuji, M. Caricato, X. Li, H. P. Hratchian, 
 A. F. Izmaylov, J. Bloino, G. Zheng, J. L. Sonnenberg, M. Hada, 
 M. Ehara, K. Toyota, R. Fukuda, J. Hasegawa, M. Ishida, T. Nakajima, 
 Y. Honda, O. Kitao, H. Nakai, T. Vreven, J. A. Montgomery, Jr., 
 J. E. Peralta, F. Ogliaro, M. Bearpark, J. J. Heyd, E. Brothers, 
 K. N. Kudin, V. N. Staroverov, T. Keith, R. Kobayashi, J. Normand, 
 K. Raghavachari, A. Rendell, J. C. Burant, S. S. Iyengar, J. Tomasi, 
 M. Cossi, N. Rega, J. M. Millam, M. Klene, J. E. Knox, J. B. Cross, 
 V. Bakken, C. Adamo, J. Jaramillo, R. Gomperts, R. E. Stratmann, 
 O. Yazyev, A. J. Austin, R. Cammi, C. Pomelli, J. W. Ochterski, 
 R. L. Martin, K. Morokuma, V. G. Zakrzewski, G. A. Voth, 
 P. Salvador, J. J. Dannenberg, S. Dapprich, A. D. Daniels, 
 O. Farkas, J. B. Foresman, J. V. Ortiz, J. Cioslowski, 
 and D. J. Fox, Gaussian, Inc., Wallingford CT, 2013.
 
 ******************************************
 Gaussian 09:  ES64L-G09RevE.01 30-Nov-2015
                17-Feb-2017 
 ******************************************
 %chk=h12.chk
 ----------------------------------------------------------------------
 #rhf/gen scf(symm,tight,novaracc,noincfock,fulldiag) stable(crhf) gues
 s=read geom=nocrowd test
 ----------------------------------------------------------------------
 1/38=1/1;
 2/12=1,17=6,18=5,40=1/2;
 3/5=7,16=1,25=1,30=1,116=1/1,2,3;
 4/5=1,9=4/1;
 5/5=100002,15=2,16=1,32=2,38=6/2;
 8/6=1,10=90,11=11/1,4;
 9/8=4,13=1/2;
 6/7=2,8=2,9=2,10=2,28=1/1;
 99/5=1,9=1/99;
 ----------------------------------------------------------------------
 hf stability analysis of h12 triangular lattice, y= 0.6328681913590388
 2
 ----------------------------------------------------------------------
 Symbolic Z-matrix:
 Charge =  0 Multiplicity = 1
 H
 H                    1     1.1103 
 H                    1     1.1103   2     110.5 
 H                    2     1.1103   1     69.5     3     0.       0
 H                    2     1.1103   1     180.     3     0.       0
 H                    4     1.1103   3     180.     5     0.       0
 H                    6     1.1103   5     180.     3     0.       0
 H                    4     1.1103   2     180.     3     0.       0
 H                    3     1.1103   1     180.     4     0.       0
 H                    9     1.1103   3     180.     4     0.       0
 H                    8     1.1103   4     180.     3     0.       0
 H                    7     1.1103   6     180.     3     0.       0
 
                          Input orientation:                          
 ---------------------------------------------------------------------
 Center     Atomic      Atomic             Coordinates (Angstroms)
 Number     Number       Type             X           Y           Z
 ---------------------------------------------------------------------
      1          1           0        0.000000    0.000000    0.000000
      2          1           0        0.000000    0.000000    1.110301
      3          1           0        1.039988    0.000000   -0.388836
      4          1           0        1.039988    0.000000    0.721466
      5          1           0        0.000000    0.000000    2.220603
      6          1           0        1.039988    0.000000    1.831767
      7          1           0        2.079977    0.000000    1.442931
      8          1           0        2.079977    0.000000    0.332630
      9          1           0        2.079977    0.000000   -0.777671
     10          1           0        3.119965    0.000000   -1.166507
     11          1           0        3.119965    0.000000   -0.056206
     12          1           0        3.119965    0.000000    1.054096
 ---------------------------------------------------------------------
                    Distance matrix (angstroms):
                    1          2          3          4          5
     1  H    0.000000
     2  H    1.110301   0.000000
     3  H    1.110301   1.824551   0.000000
     4  H    1.265736   1.110301   1.110301   0.000000
     5  H    2.220603   1.110301   2.809047   1.824551   0.000000
     6  H    2.106406   1.265736   2.220603   1.110301   1.110301
     7  H    2.531473   2.106406   2.106406   1.265736   2.220603
     8  H    2.106406   2.220603   1.265736   1.110301   2.809047
     9  H    2.220603   2.809047   1.110301   1.824551   3.649103
    10  H    3.330904   3.862388   2.220603   2.809047   4.605073
    11  H    3.120471   3.330904   2.106406   2.220603   3.862388
    12  H    3.293220   3.120471   2.531473   2.106406   3.330904
                    6          7          8          9         10
     6  H    0.000000
     7  H    1.110301   0.000000
     8  H    1.824551   1.110301   0.000000
     9  H    2.809047   2.220603   1.110301   0.000000
    10  H    3.649103   2.809047   1.824551   1.110301   0.000000
    11  H    2.809047   1.824551   1.110301   1.265736   1.110301
    12  H    2.220603   1.110301   1.265736   2.106406   2.220603
                   11         12
    11  H    0.000000
    12  H    1.110301   0.000000
 Stoichiometry    H12
 Framework group  C2H[SGH(H12)]
 Deg. of freedom    11
 Full point group                 C2H     NOp   4
 Largest Abelian subgroup         C2H     NOp   4
 Largest concise Abelian subgroup C2      NOp   2
                         Standard orientation:                         
 ---------------------------------------------------------------------
 Center     Atomic      Atomic             Coordinates (Angstroms)
 Number     Number       Type             X           Y           Z
 ---------------------------------------------------------------------
      1          1           0        1.039988    1.276616    0.000000
      2          1           0        0.000000    1.665452    0.000000
      3          1           0        1.039988    0.166315    0.000000
      4          1           0        0.000000    0.555151    0.000000
      5          1           0       -1.039988    2.054288    0.000000
      6          1           0       -1.039988    0.943986    0.000000
      7          1           0       -1.039988   -0.166315   -0.000000
      8          1           0       -0.000000   -0.555151    0.000000
      9          1           0        1.039988   -0.943986    0.000000
     10          1           0        1.039988   -2.054288    0.000000
     11          1           0       -0.000000   -1.665452    0.000000
     12          1           0       -1.039988   -1.276616   -0.000000
 ---------------------------------------------------------------------
 Rotational constants (GHZ):     64.4953870     24.3677528     17.6857092
 General basis read from cards:  (5D, 7F)
 There are     6 symmetry adapted cartesian basis functions of AG  symmetry.
 There are     0 symmetry adapted cartesian basis functions of BG  symmetry.
 There are     0 symmetry adapted cartesian basis functions of AU  symmetry.
 There are     6 symmetry adapted cartesian basis functions of BU  symmetry.
 There are     6 symmetry adapted basis functions of AG  symmetry.
 There are     0 symmetry adapted basis functions of BG  symmetry.
 There are     0 symmetry adapted basis functions of AU  symmetry.
 There are     6 symmetry adapted basis functions of BU  symmetry.
    12 basis functions,   120 primitive gaussians,    12 cartesian basis functions
     6 alpha electrons        6 beta electrons
       nuclear repulsion energy        19.8847477668 Hartrees.
 NAtoms=   12 NActive=   12 NUniq=    6 SFac= 4.00D+00 NAtFMM=   60 NAOKFM=F Big=F
 Integral buffers will be    131072 words long.
 Regular integral format.
 Two-electron integral symmetry is turned on.
 One-electron integrals computed using PRISM.
 NBasis=    12 RedAO= T EigKep=  1.41D-01  NBF=     6     0     0     6
 NBsUse=    12 1.00D-06 EigRej= -1.00D+00 NBFU=     6     0     0     6
 Initial guess from the checkpoint file:  "h12.chk"
 B after Tr=    -0.000000    0.000000   -0.000000
         Rot=    0.999999   -0.000000    0.000000   -0.001518 Ang=  -0.17 deg.
 Initial guess orbital symmetries:
       Occupied  (AG) (BU) (BU) (AG) (BU) (BU)
       Virtual   (AG) (AG) (BU) (AG) (AG) (BU)
 Keep R1 ints in memory in symmetry-blocked form, NReq=903966.
 Requested convergence on RMS density matrix=1.00D-08 within 128 cycles.
 Requested convergence on MAX density matrix=1.00D-06.
 Requested convergence on             energy=1.00D-06.
 No special actions if energy rises.
 SCF Done:  E(RHF) =  -5.09365275407     A.U. after   11 cycles
            NFock= 11  Conv=0.26D-08     -V/T= 1.6869
 Range of M.O.s used for correlation:     1    12
 NBasis=    12 NAE=     6 NBE=     6 NFC=     0 NFV=     0
 NROrb=     12 NOA=     6 NOB=     6 NVA=     6 NVB=     6

 **** Warning!!: The smallest alpha delta epsilon is -0.15378216D+00

 Semi-Direct transformation.
 ModeAB=           4 MOrb=             6 LenV=     134084339
 LASXX=         2181 LTotXX=        2181 LenRXX=        5115
 LTotAB=        2934 MaxLAS=        3024 LenRXY=           0
 NonZer=        7296 LenScr=      655360 LnRSAI=        3024
 LnScr1=      655360 LExtra=           0 Total=      1318859
 MaxDsk=          -1 SrtSym=           T ITran=            3
 JobTyp=0 Pass  1:  I=   1 to   6.
 (rs|ai) integrals will be sorted in core.
 Spin components of T(2) and E(2):
     alpha-alpha T2 =       0.1545477332D-01 E2=     -0.1512883941D-01
     alpha-beta  T2 =       0.1321074651D+01 E2=     -0.1665006553D+00
     beta-beta   T2 =       0.1545477332D-01 E2=     -0.1512883941D-01
 ANorm=    0.1533618009D+01
 E2 =    -0.1967583342D+00 EUMP2 =    -0.52904110882354D+01
 Second order stability test of a single determinant RHF wave function:
 Stabil:  MDV=134217728
 ***********************************************************************
 Matrix         Lowest Root    Major Pairs
 ***********************************************************************
 Internal RHF    -0.3341846    6A=7A
 RRHF --> CRHF   -0.4031093    6A=7A
 RRHF --> RUHF   -0.5611817    6A=7B
 Not stable.
 ***********************************************************************

 **********************************************************************

            Population analysis using the SCF density.

 **********************************************************************

 Orbital symmetries:
       Occupied  (AG) (BU) (BU) (AG) (BU) (BU)
       Virtual   (AG) (AG) (BU) (AG) (AG) (BU)
 The electronic state is 1-AG.
 Alpha  occ. eigenvalues --   -0.91339  -0.73761  -0.59998  -0.51154  -0.21260
 Alpha  occ. eigenvalues --   -0.04280
 Alpha virt. eigenvalues --   -0.19658   0.08719   0.30695   0.35014   0.59178
 Alpha virt. eigenvalues --    0.77102
          Condensed to atoms (all electrons):
               1          2          3          4          5          6
     1  H    0.645141   0.269384  -0.235438   0.006637  -0.078504  -0.058853
     2  H    0.269384   1.256674  -0.255912  -0.466199   0.233185  -0.196631
     3  H   -0.235438  -0.255912   1.796768   0.457167   0.023111   0.049278
     4  H    0.006637  -0.466199   0.457167   1.650418  -0.179762   0.513730
     5  H   -0.078504   0.233185   0.023111  -0.179762   1.274312   0.012896
     6  H   -0.058853  -0.196631   0.049278   0.513730   0.012896   0.937934
     7  H    0.056872   0.105601  -0.257222  -0.173196  -0.124972  -0.238664
     8  H    0.020583   0.096172  -0.173196  -0.631853   0.025637  -0.256498
     9  H    0.056108   0.055802  -0.238664  -0.256498   0.005575  -0.060548
    10  H    0.016560   0.003098  -0.124972   0.025637  -0.003200   0.005575
    11  H   -0.023817  -0.022469   0.105601   0.096172   0.003098   0.055802
    12  H   -0.023859  -0.023817   0.056872   0.020583   0.016560   0.056108
               7          8          9         10         11         12
     1  H    0.056872   0.020583   0.056108   0.016560  -0.023817  -0.023859
     2  H    0.105601   0.096172   0.055802   0.003098  -0.022469  -0.023817
     3  H   -0.257222  -0.173196  -0.238664  -0.124972   0.105601   0.056872
     4  H   -0.173196  -0.631853  -0.256498   0.025637   0.096172   0.020583
     5  H   -0.124972   0.025637   0.005575  -0.003200   0.003098   0.016560
     6  H   -0.238664  -0.256498  -0.060548   0.005575   0.055802   0.056108
     7  H    1.796768   0.457167   0.049278   0.023111  -0.255912  -0.235438
     8  H    0.457167   1.650418   0.513730  -0.179762  -0.466199   0.006637
     9  H    0.049278   0.513730   0.937934   0.012896  -0.196631  -0.058853
    10  H    0.023111  -0.179762   0.012896   1.274312   0.233185  -0.078504
    11  H   -0.255912  -0.466199  -0.196631   0.233185   1.256674   0.269384
    12  H   -0.235438   0.006637  -0.058853  -0.078504   0.269384   0.645141
 Mulliken charges:
               1
     1  H    0.349186
     2  H   -0.054889
     3  H   -0.203395
     4  H   -0.062837
     5  H   -0.207935
     6  H    0.179870
     7  H   -0.203395
     8  H   -0.062837
     9  H    0.179870
    10  H   -0.207935
    11  H   -0.054889
    12  H    0.349186
 Sum of Mulliken charges =   0.00000
 Mulliken charges with hydrogens summed into heavy atoms:
               1
 Electronic spatial extent (au):  <R**2>=            141.3415
 Charge=              0.0000 electrons
 Dipole moment (field-independent basis, Debye):
    X=              0.0000    Y=             -0.0000    Z=             -0.0000  Tot=              0.0000
 Quadrupole moment (field-independent basis, Debye-Ang):
   XX=            -13.7787   YY=            -25.5440   ZZ=            -14.5979
   XY=              7.3379   XZ=              0.0000   YZ=              0.0000
 Traceless Quadrupole moment (field-independent basis, Debye-Ang):
   XX=              4.1948   YY=             -7.5704   ZZ=              3.3756
   XY=              7.3379   XZ=              0.0000   YZ=              0.0000
 Octapole moment (field-independent basis, Debye-Ang**2):
  XXX=              0.0000  YYY=             -0.0000  ZZZ=             -0.0000  XYY=              0.0000
  XXY=             -0.0000  XXZ=             -0.0000  XZZ=              0.0000  YZZ=             -0.0000
  YYZ=             -0.0000  XYZ=              0.0000
 Hexadecapole moment (field-independent basis, Debye-Ang**3):
 XXXX=            -78.9690 YYYY=           -263.9562 ZZZZ=            -16.9867 XXXY=             26.5370
 XXXZ=             -0.0000 YYYX=             49.8187 YYYZ=              0.0000 ZZZX=             -0.0000
 ZZZY=              0.0000 XXYY=            -50.0215 XXZZ=            -16.4219 YYZZ=            -34.2995
 XXYZ=              0.0000 YYXZ=             -0.0000 ZZXY=              6.1369
 N-N= 1.988474776678D+01 E-N=-5.133600658756D+01  KE= 7.415014340924D+00
 Symmetry AG   KE= 1.571880658085D+00
 Symmetry BG   KE= 0.000000000000D+00
 Symmetry AU   KE= 0.000000000000D+00
 Symmetry BU   KE= 5.843133682838D+00

 Test job not archived.
 1\1\GINC-SULU\Stability\RHF\Gen\H12\LCJ1\17-Feb-2017\0\\#rhf/gen scf(s
 ymm,tight,novaracc,noincfock,fulldiag) stable(crhf) guess=read geom=no
 crowd test\\hf stability analysis of h12 triangular lattice, y= 0.6328
 6819135903882\\0,1\H\H,1,1.1103013517\H,1,1.1103013517,2,110.5\H,2,1.1
 103013517,1,69.5,3,0.,0\H,2,1.1103013517,1,180.,3,0.,0\H,4,1.110301351
 7,3,180.,5,0.,0\H,6,1.1103013517,5,180.,3,0.,0\H,4,1.1103013517,2,180.
 ,3,0.,0\H,3,1.1103013517,1,180.,4,0.,0\H,9,1.1103013517,3,180.,4,0.,0\
 H,8,1.1103013517,4,180.,3,0.,0\H,7,1.1103013517,6,180.,3,0.,0\\Version
 =ES64L-G09RevE.01\State=1-AG\HF=-5.0936528\MP2=-5.2904111\RMSD=2.587e-
 09\Dipole=0.,0.,0.\Quadrupole=-0.9764755,2.5097012,-1.5332258,0.,6.986
 6642,0.\PG=C02H [SGH(H12)]\\@


 DEFINE YOUR TERMS, YOU WILL PERMIT ME AGAIN TO SAY, 
 OR WE SHALL NEVER UNDERSTAND ONE ANOTHER.

                                    -- VOLTAIRE
 Job cpu time:       0 days  0 hours  0 minutes  1.1 seconds.
 File lengths (MBytes):  RWF=     84 Int=      0 D2E=      0 Chk=      2 Scr=      2
 Normal termination of Gaussian 09 at Fri Feb 17 14:58:28 2017.
