 Entering Gaussian System, Link 0=g09
 AtFile(1): H.gbs
            H     0
            S   10   1.00
               1000.000000000000            0.000068713567
                316.227766000000            0.000169141320
                100.000000000000            0.000823394812
                 31.622776600000            0.003425569236
                 10.000000000000            0.013951996000
                  3.162277660000            0.056909313560
                  1.000000000000            0.198286399900
                  0.316227766000            0.496922426700
                  0.100000000000            0.369846276400
                  0.031622776600            0.003752720039
            ****
 Initial command:
 /projects/guscus/apps/gau/g09-e1/g09/l1.exe "/users/lcj1/gaussian/h12/rhfstability/rect/guess/ag2bu4/Gau-12568.inp" -scrdir="/users/lcj1/gaussian/h12/rhfstability/rect/guess/ag2bu4/"
 Entering Link 1 = /projects/guscus/apps/gau/g09-e1/g09/l1.exe PID=     12569.
  
 Copyright (c) 1988,1990,1992,1993,1995,1998,2003,2009,2015,
            Gaussian, Inc.  All Rights Reserved.
  
 This is part of the Gaussian(R) 09 program.  It is based on
 the Gaussian(R) 03 system (copyright 2003, Gaussian, Inc.),
 the Gaussian(R) 98 system (copyright 1998, Gaussian, Inc.),
 the Gaussian(R) 94 system (copyright 1995, Gaussian, Inc.),
 the Gaussian 92(TM) system (copyright 1992, Gaussian, Inc.),
 the Gaussian 90(TM) system (copyright 1990, Gaussian, Inc.),
 the Gaussian 88(TM) system (copyright 1988, Gaussian, Inc.),
 the Gaussian 86(TM) system (copyright 1986, Carnegie Mellon
 University), and the Gaussian 82(TM) system (copyright 1983,
 Carnegie Mellon University). Gaussian is a federally registered
 trademark of Gaussian, Inc.
  
 This software contains proprietary and confidential information,
 including trade secrets, belonging to Gaussian, Inc.
  
 This software is provided under written license and may be
 used, copied, transmitted, or stored only in accord with that
 written license.
  
 The following legend is applicable only to US Government
 contracts under FAR:
  
                    RESTRICTED RIGHTS LEGEND
  
 Use, reproduction and disclosure by the US Government is
 subject to restrictions as set forth in subparagraphs (a)
 and (c) of the Commercial Computer Software - Restricted
 Rights clause in FAR 52.227-19.
  
 Gaussian, Inc.
 340 Quinnipiac St., Bldg. 40, Wallingford CT 06492
  
  
 ---------------------------------------------------------------
 Warning -- This program may not be used in any manner that
 competes with the business of Gaussian, Inc. or will provide
 assistance to any competitor of Gaussian, Inc.  The licensee
 of this program is prohibited from giving any competitor of
 Gaussian, Inc. access to this program.  By using this program,
 the user acknowledges that Gaussian, Inc. is engaged in the
 business of creating and licensing software in the field of
 computational chemistry and represents and warrants to the
 licensee that it is not a competitor of Gaussian, Inc. and that
 it will not use this program in any manner prohibited above.
 ---------------------------------------------------------------
  

 Cite this work as:
 Gaussian 09, Revision E.01,
 M. J. Frisch, G. W. Trucks, H. B. Schlegel, G. E. Scuseria, 
 M. A. Robb, J. R. Cheeseman, G. Scalmani, V. Barone, B. Mennucci, 
 G. A. Petersson, H. Nakatsuji, M. Caricato, X. Li, H. P. Hratchian, 
 A. F. Izmaylov, J. Bloino, G. Zheng, J. L. Sonnenberg, M. Hada, 
 M. Ehara, K. Toyota, R. Fukuda, J. Hasegawa, M. Ishida, T. Nakajima, 
 Y. Honda, O. Kitao, H. Nakai, T. Vreven, J. A. Montgomery, Jr., 
 J. E. Peralta, F. Ogliaro, M. Bearpark, J. J. Heyd, E. Brothers, 
 K. N. Kudin, V. N. Staroverov, T. Keith, R. Kobayashi, J. Normand, 
 K. Raghavachari, A. Rendell, J. C. Burant, S. S. Iyengar, J. Tomasi, 
 M. Cossi, N. Rega, J. M. Millam, M. Klene, J. E. Knox, J. B. Cross, 
 V. Bakken, C. Adamo, J. Jaramillo, R. Gomperts, R. E. Stratmann, 
 O. Yazyev, A. J. Austin, R. Cammi, C. Pomelli, J. W. Ochterski, 
 R. L. Martin, K. Morokuma, V. G. Zakrzewski, G. A. Voth, 
 P. Salvador, J. J. Dannenberg, S. Dapprich, A. D. Daniels, 
 O. Farkas, J. B. Foresman, J. V. Ortiz, J. Cioslowski, 
 and D. J. Fox, Gaussian, Inc., Wallingford CT, 2013.
 
 ******************************************
 Gaussian 09:  ES64L-G09RevE.01 30-Nov-2015
                17-Feb-2017 
 ******************************************
 %chk=h12.chk
 ----------------------------------------------------------------------
 #rhf/gen scf(symm,tight,novaracc,noincfock,fulldiag) stable(crhf) gues
 s=read geom=nocrowd test
 ----------------------------------------------------------------------
 1/38=1/1;
 2/12=1,17=6,18=5,40=1/2;
 3/5=7,16=1,25=1,30=1,116=1/1,2,3;
 4/5=1,9=4/1;
 5/5=100002,15=2,16=1,32=2,38=6/2;
 8/6=1,10=90,11=11/1,4;
 9/8=4,13=1/2;
 6/7=2,8=2,9=2,10=2,28=1/1;
 99/5=1,9=1/99;
 ----------------------------------------------------------------------
 hf stability analysis of h12 triangular lattice, y= 2.5066432657105051
 ----------------------------------------------------------------------
 Symbolic Z-matrix:
 Charge =  0 Multiplicity = 1
 H
 H                    1     2.5172 
 H                    1     2.5172   2     10.5 
 H                    2     2.5172   1     169.5    3     0.       0
 H                    2     2.5172   1     180.     3     0.       0
 H                    4     2.5172   3     180.     5     0.       0
 H                    6     2.5172   5     180.     3     0.       0
 H                    4     2.5172   2     180.     3     0.       0
 H                    3     2.5172   1     180.     4     0.       0
 H                    9     2.5172   3     180.     4     0.       0
 H                    8     2.5172   4     180.     3     0.       0
 H                    7     2.5172   6     180.     3     0.       0
 
                          Input orientation:                          
 ---------------------------------------------------------------------
 Center     Atomic      Atomic             Coordinates (Angstroms)
 Number     Number       Type             X           Y           Z
 ---------------------------------------------------------------------
      1          1           0        0.000000    0.000000    0.000000
      2          1           0        0.000000    0.000000    2.517203
      3          1           0        0.458724    0.000000    2.475052
      4          1           0        0.458724    0.000000    4.992255
      5          1           0        0.000000    0.000000    5.034406
      6          1           0        0.458724    0.000000    7.509459
      7          1           0        0.917448    0.000000    9.984511
      8          1           0        0.917448    0.000000    7.467308
      9          1           0        0.917448    0.000000    4.950105
     10          1           0        1.376171    0.000000    7.425157
     11          1           0        1.376171    0.000000    9.942360
     12          1           0        1.376171    0.000000   12.459563
 ---------------------------------------------------------------------
                    Distance matrix (angstroms):
                    1          2          3          4          5
     1  H    0.000000
     2  H    2.517203   0.000000
     3  H    2.517203   0.460656   0.000000
     4  H    5.013287   2.517203   2.517203   0.000000
     5  H    5.034406   2.517203   2.600138   0.460656   0.000000
     6  H    7.523456   5.013287   5.034406   2.517203   2.517203
     7  H   10.026573   7.523456   7.523456   5.013287   5.034406
     8  H    7.523456   5.034406   5.013287   2.517203   2.600138
     9  H    5.034406   2.600138   2.517203   0.460656   0.921313
    10  H    7.551609   5.097240   5.034406   2.600138   2.758539
    11  H   10.037150   7.551609   7.523456   5.034406   5.097240
    12  H   12.535333  10.037150  10.026573   7.523456   7.551609
                    6          7          8          9         10
     6  H    0.000000
     7  H    2.517203   0.000000
     8  H    0.460656   2.517203   0.000000
     9  H    2.600138   5.034406   2.517203   0.000000
    10  H    0.921313   2.600138   0.460656   2.517203   0.000000
    11  H    2.600138   0.460656   2.517203   5.013287   2.517203
    12  H    5.034406   2.517203   5.013287   7.523456   5.034406
                   11         12
    11  H    0.000000
    12  H    2.517203   0.000000
 Stoichiometry    H12
 Framework group  C2H[SGH(H12)]
 Deg. of freedom    11
 Full point group                 C2H     NOp   4
 Largest Abelian subgroup         C2H     NOp   4
 Largest concise Abelian subgroup C2      NOp   2
                         Standard orientation:                         
 ---------------------------------------------------------------------
 Center     Atomic      Atomic             Coordinates (Angstroms)
 Number     Number       Type             X           Y           Z
 ---------------------------------------------------------------------
      1          1           0        0.458724    6.250857   -0.000000
      2          1           0        0.000000    3.775805    0.000000
      3          1           0        0.458724    3.733654   -0.000000
      4          1           0        0.000000    1.258602    0.000000
      5          1           0       -0.458724    1.300752    0.000000
      6          1           0       -0.458724   -1.216451    0.000000
      7          1           0       -0.458724   -3.733654   -0.000000
      8          1           0       -0.000000   -1.258602   -0.000000
      9          1           0        0.458724    1.216451    0.000000
     10          1           0        0.458724   -1.300752    0.000000
     11          1           0       -0.000000   -3.775805   -0.000000
     12          1           0       -0.458724   -6.250857   -0.000000
 ---------------------------------------------------------------------
 Rotational constants (GHZ):    453.2801669      3.4671850      3.4408655
 General basis read from cards:  (5D, 7F)
 There are     6 symmetry adapted cartesian basis functions of AG  symmetry.
 There are     0 symmetry adapted cartesian basis functions of BG  symmetry.
 There are     0 symmetry adapted cartesian basis functions of AU  symmetry.
 There are     6 symmetry adapted cartesian basis functions of BU  symmetry.
 There are     6 symmetry adapted basis functions of AG  symmetry.
 There are     0 symmetry adapted basis functions of BG  symmetry.
 There are     0 symmetry adapted basis functions of AU  symmetry.
 There are     6 symmetry adapted basis functions of BU  symmetry.
    12 basis functions,   120 primitive gaussians,    12 cartesian basis functions
     6 alpha electrons        6 beta electrons
       nuclear repulsion energy        16.0793814034 Hartrees.
 NAtoms=   12 NActive=   12 NUniq=    6 SFac= 4.00D+00 NAtFMM=   60 NAOKFM=F Big=F
 Integral buffers will be    131072 words long.
 Regular integral format.
 Two-electron integral symmetry is turned on.
 One-electron integrals computed using PRISM.
 NBasis=    12 RedAO= T EigKep=  2.87D-02  NBF=     6     0     0     6
 NBsUse=    12 1.00D-06 EigRej= -1.00D+00 NBFU=     6     0     0     6
 Initial guess from the checkpoint file:  "h12.chk"
 B after Tr=     0.000000   -0.000000    0.000000
         Rot=    0.999999   -0.000000    0.000000   -0.001518 Ang=  -0.17 deg.
 Initial guess orbital symmetries:
       Occupied  (AG) (BU) (BU) (AG) (BU) (BU)
       Virtual   (AG) (AG) (BU) (AG) (AG) (BU)
 Keep R1 ints in memory in symmetry-blocked form, NReq=889854.
 Requested convergence on RMS density matrix=1.00D-08 within 128 cycles.
 Requested convergence on MAX density matrix=1.00D-06.
 Requested convergence on             energy=1.00D-06.
 No special actions if energy rises.
 SCF Done:  E(RHF) =  -4.23322504386     A.U. after    6 cycles
            NFock=  6  Conv=0.16D-08     -V/T= 1.6328
 Range of M.O.s used for correlation:     1    12
 NBasis=    12 NAE=     6 NBE=     6 NFC=     0 NFV=     0
 NROrb=     12 NOA=     6 NOB=     6 NVA=     6 NVB=     6

 **** Warning!!: The smallest alpha delta epsilon is  0.13435568D-01

 Semi-Direct transformation.
 ModeAB=           4 MOrb=             6 LenV=     134099137
 LASXX=         2181 LTotXX=        2181 LenRXX=        5115
 LTotAB=        2934 MaxLAS=        3024 LenRXY=           0
 NonZer=        7296 LenScr=      655360 LnRSAI=        3024
 LnScr1=      655360 LExtra=           0 Total=      1318859
 MaxDsk=          -1 SrtSym=           T ITran=            3
 JobTyp=0 Pass  1:  I=   1 to   6.
 (rs|ai) integrals will be sorted in core.
 Spin components of T(2) and E(2):
     alpha-alpha T2 =       0.4673798725D-02 E2=     -0.3701840214D-02
     alpha-beta  T2 =       0.1221033369D+02 E2=     -0.1115391163D+01
     beta-beta   T2 =       0.4673798725D-02 E2=     -0.3701840214D-02
 ANorm=    0.3635887964D+01
 E2 =    -0.1122794844D+01 EUMP2 =    -0.53560198877171D+01
 Second order stability test of a single determinant RHF wave function:
 Stabil:  MDV=134217728
 ***********************************************************************
 Matrix         Lowest Root    Major Pairs
 ***********************************************************************
 Internal RHF    -0.0749367    6A=7A
 RRHF --> CRHF   -0.0749432    6A=7A
 RRHF --> RUHF   -0.5862542    5A=7B
 Not stable.
 ***********************************************************************

 **********************************************************************

            Population analysis using the SCF density.

 **********************************************************************

 Orbital symmetries:
       Occupied  (AG) (BU) (BU) (AG) (BU) (BU)
       Virtual   (AG) (AG) (BU) (AG) (AG) (BU)
 The electronic state is 1-AG.
 Alpha  occ. eigenvalues --   -0.95193  -0.94761  -0.73155  -0.73148  -0.20616
 Alpha  occ. eigenvalues --   -0.17739
 Alpha virt. eigenvalues --   -0.16395   0.06671   0.65298   0.65406   1.56352
 Alpha virt. eigenvalues --    1.66156
          Condensed to atoms (all electrons):
               1          2          3          4          5          6
     1  H    1.014605  -0.008000  -0.007991   0.000031   0.000004  -0.000000
     2  H   -0.008000   0.544974   0.479654  -0.009756   0.003961   0.000142
     3  H   -0.007991   0.479654   0.543867  -0.009748  -0.008378  -0.000119
     4  H    0.000031  -0.009756  -0.009748   1.512008   0.123990  -0.005372
     5  H    0.000004   0.003961  -0.008378   0.123990   1.370401   0.157276
     6  H   -0.000000   0.000142  -0.000119  -0.005372   0.157276   1.397715
     7  H    0.000000  -0.000000  -0.000000   0.000020   0.000130   0.003844
     8  H   -0.000000   0.000018   0.000020  -0.011001  -0.002703   0.126285
     9  H    0.000004  -0.008600   0.003844   0.126285  -0.891958  -0.143888
    10  H   -0.000000  -0.000110   0.000130  -0.002703  -0.113932  -0.891958
    11  H    0.000000  -0.000000  -0.000000   0.000018  -0.000110  -0.008600
    12  H   -0.000000   0.000000   0.000000  -0.000000  -0.000000   0.000004
               7          8          9         10         11         12
     1  H    0.000000  -0.000000   0.000004  -0.000000   0.000000  -0.000000
     2  H   -0.000000   0.000018  -0.008600  -0.000110  -0.000000   0.000000
     3  H   -0.000000   0.000020   0.003844   0.000130  -0.000000   0.000000
     4  H    0.000020  -0.011001   0.126285  -0.002703   0.000018  -0.000000
     5  H    0.000130  -0.002703  -0.891958  -0.113932  -0.000110  -0.000000
     6  H    0.003844   0.126285  -0.143888  -0.891958  -0.008600   0.000004
     7  H    0.543867  -0.009748  -0.000119  -0.008378   0.479654  -0.007991
     8  H   -0.009748   1.512008  -0.005372   0.123990  -0.009756   0.000031
     9  H   -0.000119  -0.005372   1.397715   0.157276   0.000142  -0.000000
    10  H   -0.008378   0.123990   0.157276   1.370401   0.003961   0.000004
    11  H    0.479654  -0.009756   0.000142   0.003961   0.544974  -0.008000
    12  H   -0.007991   0.000031  -0.000000   0.000004  -0.008000   1.014605
 Mulliken charges:
               1
     1  H    0.001348
     2  H   -0.002283
     3  H   -0.001280
     4  H   -0.723772
     5  H    0.361318
     6  H    0.364670
     7  H   -0.001280
     8  H   -0.723772
     9  H    0.364670
    10  H    0.361318
    11  H   -0.002283
    12  H    0.001348
 Sum of Mulliken charges =  -0.00000
 Mulliken charges with hydrogens summed into heavy atoms:
               1
 Electronic spatial extent (au):  <R**2>=            556.4766
 Charge=             -0.0000 electrons
 Dipole moment (field-independent basis, Debye):
    X=              0.0000    Y=              0.0000    Z=              0.0000  Tot=              0.0000
 Quadrupole moment (field-independent basis, Debye-Ang):
   XX=            -16.8115   YY=            -16.1657   ZZ=            -15.5072
   XY=             -0.0877   XZ=              0.0000   YZ=             -0.0000
 Traceless Quadrupole moment (field-independent basis, Debye-Ang):
   XX=             -0.6500   YY=             -0.0042   ZZ=              0.6543
   XY=             -0.0877   XZ=              0.0000   YZ=             -0.0000
 Octapole moment (field-independent basis, Debye-Ang**2):
  XXX=              0.0000  YYY=             -0.0000  ZZZ=              0.0000  XYY=             -0.0000
  XXY=              0.0000  XXZ=              0.0000  XZZ=              0.0000  YZZ=              0.0000
  YYZ=              0.0000  XYZ=             -0.0000
 Hexadecapole moment (field-independent basis, Debye-Ang**3):
 XXXX=            -35.9449 YYYY=          -1249.3230 ZZZZ=            -18.9702 XXXY=            -35.7781
 XXXZ=              0.0000 YYYX=            -43.3057 YYYZ=             -0.0000 ZZZX=              0.0000
 ZZZY=             -0.0000 XXYY=           -199.3624 XXZZ=             -9.1058 YYZZ=           -199.3529
 XXYZ=             -0.0000 YYXZ=             -0.0000 ZZXY=            -12.2360
 N-N= 1.607938140343D+01 E-N=-3.982279216611D+01  KE= 6.689840286128D+00
 Symmetry AG   KE= 1.754086339874D+00
 Symmetry BG   KE= 0.000000000000D+00
 Symmetry AU   KE= 0.000000000000D+00
 Symmetry BU   KE= 4.935753946254D+00

 Test job not archived.
 1\1\GINC-SULU\Stability\RHF\Gen\H12\LCJ1\17-Feb-2017\0\\#rhf/gen scf(s
 ymm,tight,novaracc,noincfock,fulldiag) stable(crhf) guess=read geom=no
 crowd test\\hf stability analysis of h12 triangular lattice, y= 2.5066
 432657105051\\0,1\H\H,1,2.5172031056\H,1,2.5172031056,2,10.5\H,2,2.517
 2031056,1,169.5,3,0.,0\H,2,2.5172031056,1,180.,3,0.,0\H,4,2.5172031056
 ,3,180.,5,0.,0\H,6,2.5172031056,5,180.,3,0.,0\H,4,2.5172031056,2,180.,
 3,0.,0\H,3,2.5172031056,1,180.,4,0.,0\H,9,2.5172031056,3,180.,4,0.,0\H
 ,8,2.5172031056,4,180.,3,0.,0\H,7,2.5172031056,6,180.,3,0.,0\\Version=
 ES64L-G09RevE.01\State=1-AG\HF=-4.233225\MP2=-5.3560199\RMSD=1.614e-09
 \Dipole=0.,0.,0.\Quadrupole=-0.4439679,0.4864222,-0.0424543,0.,0.14692
 95,0.\PG=C02H [SGH(H12)]\\@


 THE ATTENTION SPAN OF A COMPUTER IS AS LONG
 AS ITS EXTENSION CORD.
 Job cpu time:       0 days  0 hours  0 minutes  0.9 seconds.
 File lengths (MBytes):  RWF=     84 Int=      0 D2E=      0 Chk=      2 Scr=      2
 Normal termination of Gaussian 09 at Fri Feb 17 15:08:42 2017.
