 Entering Gaussian System, Link 0=g09
 AtFile(1): H.gbs
            H     0
            S   10   1.00
               1000.000000000000            0.000068713567
                316.227766000000            0.000169141320
                100.000000000000            0.000823394812
                 31.622776600000            0.003425569236
                 10.000000000000            0.013951996000
                  3.162277660000            0.056909313560
                  1.000000000000            0.198286399900
                  0.316227766000            0.496922426700
                  0.100000000000            0.369846276400
                  0.031622776600            0.003752720039
            ****
 Initial command:
 /projects/guscus/apps/gau/g09-e1/g09/l1.exe "/users/lcj1/gaussian/h12/rhfstability/rect/guess/ag2bu4/Gau-2230.inp" -scrdir="/users/lcj1/gaussian/h12/rhfstability/rect/guess/ag2bu4/"
 Entering Link 1 = /projects/guscus/apps/gau/g09-e1/g09/l1.exe PID=      2231.
  
 Copyright (c) 1988,1990,1992,1993,1995,1998,2003,2009,2015,
            Gaussian, Inc.  All Rights Reserved.
  
 This is part of the Gaussian(R) 09 program.  It is based on
 the Gaussian(R) 03 system (copyright 2003, Gaussian, Inc.),
 the Gaussian(R) 98 system (copyright 1998, Gaussian, Inc.),
 the Gaussian(R) 94 system (copyright 1995, Gaussian, Inc.),
 the Gaussian 92(TM) system (copyright 1992, Gaussian, Inc.),
 the Gaussian 90(TM) system (copyright 1990, Gaussian, Inc.),
 the Gaussian 88(TM) system (copyright 1988, Gaussian, Inc.),
 the Gaussian 86(TM) system (copyright 1986, Carnegie Mellon
 University), and the Gaussian 82(TM) system (copyright 1983,
 Carnegie Mellon University). Gaussian is a federally registered
 trademark of Gaussian, Inc.
  
 This software contains proprietary and confidential information,
 including trade secrets, belonging to Gaussian, Inc.
  
 This software is provided under written license and may be
 used, copied, transmitted, or stored only in accord with that
 written license.
  
 The following legend is applicable only to US Government
 contracts under FAR:
  
                    RESTRICTED RIGHTS LEGEND
  
 Use, reproduction and disclosure by the US Government is
 subject to restrictions as set forth in subparagraphs (a)
 and (c) of the Commercial Computer Software - Restricted
 Rights clause in FAR 52.227-19.
  
 Gaussian, Inc.
 340 Quinnipiac St., Bldg. 40, Wallingford CT 06492
  
  
 ---------------------------------------------------------------
 Warning -- This program may not be used in any manner that
 competes with the business of Gaussian, Inc. or will provide
 assistance to any competitor of Gaussian, Inc.  The licensee
 of this program is prohibited from giving any competitor of
 Gaussian, Inc. access to this program.  By using this program,
 the user acknowledges that Gaussian, Inc. is engaged in the
 business of creating and licensing software in the field of
 computational chemistry and represents and warrants to the
 licensee that it is not a competitor of Gaussian, Inc. and that
 it will not use this program in any manner prohibited above.
 ---------------------------------------------------------------
  

 Cite this work as:
 Gaussian 09, Revision E.01,
 M. J. Frisch, G. W. Trucks, H. B. Schlegel, G. E. Scuseria, 
 M. A. Robb, J. R. Cheeseman, G. Scalmani, V. Barone, B. Mennucci, 
 G. A. Petersson, H. Nakatsuji, M. Caricato, X. Li, H. P. Hratchian, 
 A. F. Izmaylov, J. Bloino, G. Zheng, J. L. Sonnenberg, M. Hada, 
 M. Ehara, K. Toyota, R. Fukuda, J. Hasegawa, M. Ishida, T. Nakajima, 
 Y. Honda, O. Kitao, H. Nakai, T. Vreven, J. A. Montgomery, Jr., 
 J. E. Peralta, F. Ogliaro, M. Bearpark, J. J. Heyd, E. Brothers, 
 K. N. Kudin, V. N. Staroverov, T. Keith, R. Kobayashi, J. Normand, 
 K. Raghavachari, A. Rendell, J. C. Burant, S. S. Iyengar, J. Tomasi, 
 M. Cossi, N. Rega, J. M. Millam, M. Klene, J. E. Knox, J. B. Cross, 
 V. Bakken, C. Adamo, J. Jaramillo, R. Gomperts, R. E. Stratmann, 
 O. Yazyev, A. J. Austin, R. Cammi, C. Pomelli, J. W. Ochterski, 
 R. L. Martin, K. Morokuma, V. G. Zakrzewski, G. A. Voth, 
 P. Salvador, J. J. Dannenberg, S. Dapprich, A. D. Daniels, 
 O. Farkas, J. B. Foresman, J. V. Ortiz, J. Cioslowski, 
 and D. J. Fox, Gaussian, Inc., Wallingford CT, 2013.
 
 ******************************************
 Gaussian 09:  ES64L-G09RevE.01 30-Nov-2015
                17-Feb-2017 
 ******************************************
 %chk=h12.chk
 ----------------------------------------------------------------------
 #rhf/gen scf(symm,tight,novaracc,noincfock,fulldiag) stable(crhf) gues
 s=read geom=nocrowd test
 ----------------------------------------------------------------------
 1/38=1/1;
 2/12=1,17=6,18=5,40=1/2;
 3/5=7,16=1,25=1,30=1,116=1/1,2,3;
 4/5=1,9=4/1;
 5/5=100002,15=2,16=1,32=2,38=6/2;
 8/6=1,10=90,11=11/1,4;
 9/8=4,13=1/2;
 6/7=2,8=2,9=2,10=2,28=1/1;
 99/5=1,9=1/99;
 ----------------------------------------------------------------------
 hf stability analysis of h12 triangular lattice, y= 1.0702532558662603
 ----------------------------------------------------------------------
 Symbolic Z-matrix:
 Charge =  0 Multiplicity = 1
 H
 H                    1     1.19852 
 H                    1     1.19852  2     53.5 
 H                    2     1.19852  1     126.5    3     0.       0
 H                    2     1.19852  1     180.     3     0.       0
 H                    4     1.19852  3     180.     5     0.       0
 H                    6     1.19852  5     180.     3     0.       0
 H                    4     1.19852  2     180.     3     0.       0
 H                    3     1.19852  1     180.     4     0.       0
 H                    9     1.19852  3     180.     4     0.       0
 H                    8     1.19852  4     180.     3     0.       0
 H                    7     1.19852  6     180.     3     0.       0
 
                          Input orientation:                          
 ---------------------------------------------------------------------
 Center     Atomic      Atomic             Coordinates (Angstroms)
 Number     Number       Type             X           Y           Z
 ---------------------------------------------------------------------
      1          1           0        0.000000    0.000000    0.000000
      2          1           0        0.000000    0.000000    1.198520
      3          1           0        0.963439    0.000000    0.712907
      4          1           0        0.963439    0.000000    1.911427
      5          1           0        0.000000    0.000000    2.397040
      6          1           0        0.963439    0.000000    3.109947
      7          1           0        1.926877    0.000000    3.822854
      8          1           0        1.926877    0.000000    2.624334
      9          1           0        1.926877    0.000000    1.425814
     10          1           0        2.890316    0.000000    2.138721
     11          1           0        2.890316    0.000000    3.337241
     12          1           0        2.890316    0.000000    4.535762
 ---------------------------------------------------------------------
                    Distance matrix (angstroms):
                    1          2          3          4          5
     1  H    0.000000
     2  H    1.198520   0.000000
     3  H    1.198520   1.078904   0.000000
     4  H    2.140506   1.198520   1.198520   0.000000
     5  H    2.397040   1.198520   1.940237   1.078904   0.000000
     6  H    3.255762   2.140506   2.397040   1.198520   1.198520
     7  H    4.281013   3.255762   3.255762   2.140506   2.397040
     8  H    3.255762   2.397040   2.140506   1.198520   1.940237
     9  H    2.397040   1.940237   1.198520   1.078904   2.157808
    10  H    3.595560   3.039392   2.397040   1.940237   2.901836
    11  H    4.414873   3.595560   3.255762   2.397040   3.039392
    12  H    5.378388   4.414873   4.281013   3.255762   3.595560
                    6          7          8          9         10
     6  H    0.000000
     7  H    1.198520   0.000000
     8  H    1.078904   1.198520   0.000000
     9  H    1.940237   2.397040   1.198520   0.000000
    10  H    2.157808   1.940237   1.078904   1.198520   0.000000
    11  H    1.940237   1.078904   1.198520   2.140506   1.198520
    12  H    2.397040   1.198520   2.140506   3.255762   2.397040
                   11         12
    11  H    0.000000
    12  H    1.198520   0.000000
 Stoichiometry    H12
 Framework group  C2H[SGH(H12)]
 Deg. of freedom    11
 Full point group                 C2H     NOp   4
 Largest Abelian subgroup         C2H     NOp   4
 Largest concise Abelian subgroup C2      NOp   2
                         Standard orientation:                         
 ---------------------------------------------------------------------
 Center     Atomic      Atomic             Coordinates (Angstroms)
 Number     Number       Type             X           Y           Z
 ---------------------------------------------------------------------
      1          1           0        0.963439    2.510687    0.000000
      2          1           0        0.000000    1.797780    0.000000
      3          1           0        0.963439    1.312167    0.000000
      4          1           0        0.000000    0.599260    0.000000
      5          1           0       -0.963439    1.084873   -0.000000
      6          1           0       -0.963439   -0.113647   -0.000000
      7          1           0       -0.963439   -1.312167    0.000000
      8          1           0       -0.000000   -0.599260    0.000000
      9          1           0        0.963439    0.113647   -0.000000
     10          1           0        0.963439   -1.084873   -0.000000
     11          1           0       -0.000000   -1.797780    0.000000
     12          1           0       -0.963439   -2.510687    0.000000
 ---------------------------------------------------------------------
 Rotational constants (GHZ):     85.0713390     18.4739947     15.1779652
 General basis read from cards:  (5D, 7F)
 There are     6 symmetry adapted cartesian basis functions of AG  symmetry.
 There are     0 symmetry adapted cartesian basis functions of BG  symmetry.
 There are     0 symmetry adapted cartesian basis functions of AU  symmetry.
 There are     6 symmetry adapted cartesian basis functions of BU  symmetry.
 There are     6 symmetry adapted basis functions of AG  symmetry.
 There are     0 symmetry adapted basis functions of BG  symmetry.
 There are     0 symmetry adapted basis functions of AU  symmetry.
 There are     6 symmetry adapted basis functions of BU  symmetry.
    12 basis functions,   120 primitive gaussians,    12 cartesian basis functions
     6 alpha electrons        6 beta electrons
       nuclear repulsion energy        19.2345715405 Hartrees.
 NAtoms=   12 NActive=   12 NUniq=    6 SFac= 4.00D+00 NAtFMM=   60 NAOKFM=F Big=F
 Integral buffers will be    131072 words long.
 Regular integral format.
 Two-electron integral symmetry is turned on.
 One-electron integrals computed using PRISM.
 NBasis=    12 RedAO= T EigKep=  1.88D-01  NBF=     6     0     0     6
 NBsUse=    12 1.00D-06 EigRej= -1.00D+00 NBFU=     6     0     0     6
 Initial guess from the checkpoint file:  "h12.chk"
 B after Tr=    -0.000000   -0.000000    0.000000
         Rot=    0.999999    0.000000   -0.000000   -0.001518 Ang=  -0.17 deg.
 Initial guess orbital symmetries:
       Occupied  (AG) (BU) (BU) (AG) (BU) (BU)
       Virtual   (AG) (AG) (AG) (BU) (BU) (AG)
 Keep R1 ints in memory in symmetry-blocked form, NReq=902776.
 Requested convergence on RMS density matrix=1.00D-08 within 128 cycles.
 Requested convergence on MAX density matrix=1.00D-06.
 Requested convergence on             energy=1.00D-06.
 No special actions if energy rises.
 SCF Done:  E(RHF) =  -5.21233508028     A.U. after   11 cycles
            NFock= 11  Conv=0.11D-08     -V/T= 1.7299
 Range of M.O.s used for correlation:     1    12
 NBasis=    12 NAE=     6 NBE=     6 NFC=     0 NFV=     0
 NROrb=     12 NOA=     6 NOB=     6 NVA=     6 NVB=     6

 **** Warning!!: The smallest alpha delta epsilon is -0.16635115D+00

 Semi-Direct transformation.
 ModeAB=           4 MOrb=             6 LenV=     134085109
 LASXX=         2181 LTotXX=        2181 LenRXX=        5115
 LTotAB=        2934 MaxLAS=        3024 LenRXY=           0
 NonZer=        7296 LenScr=      655360 LnRSAI=        3024
 LnScr1=      655360 LExtra=           0 Total=      1318859
 MaxDsk=          -1 SrtSym=           T ITran=            3
 JobTyp=0 Pass  1:  I=   1 to   6.
 (rs|ai) integrals will be sorted in core.
 Spin components of T(2) and E(2):
     alpha-alpha T2 =       0.1854528462D-01 E2=     -0.1611965702D-01
     alpha-beta  T2 =       0.1875570062D+01 E2=     -0.1432586597D+00
     beta-beta   T2 =       0.1854528462D-01 E2=     -0.1611965702D-01
 ANorm=    0.1706651878D+01
 E2 =    -0.1754979737D+00 EUMP2 =    -0.53878330540054D+01
 Second order stability test of a single determinant RHF wave function:
 Stabil:  MDV=134217728
 ***********************************************************************
 Matrix         Lowest Root    Major Pairs
 ***********************************************************************
 Internal RHF    -0.3453653    6A=7A
 RRHF --> CRHF   -0.4073991    6A=7A
 RRHF --> RUHF   -0.6009144    6A=7B
 Not stable.
 ***********************************************************************

 **********************************************************************

            Population analysis using the SCF density.

 **********************************************************************

 Orbital symmetries:
       Occupied  (AG) (BU) (BU) (AG) (BU) (BU)
       Virtual   (AG) (AG) (AG) (BU) (BU) (AG)
 The electronic state is 1-AG.
 Alpha  occ. eigenvalues --   -0.92654  -0.72873  -0.58030  -0.53732  -0.29865
 Alpha  occ. eigenvalues --    0.04253
 Alpha virt. eigenvalues --   -0.12382   0.14781   0.23461   0.40170   0.48740
 Alpha virt. eigenvalues --    0.52616
          Condensed to atoms (all electrons):
               1          2          3          4          5          6
     1  H    0.883508   0.075177   0.266292  -0.098038  -0.036839   0.015558
     2  H    0.075177   2.079672  -0.552314  -0.374082  -0.081999  -0.150655
     3  H    0.266292  -0.552314   1.358008   0.252056  -0.004546   0.044437
     4  H   -0.098038  -0.374082   0.252056   1.260476   0.307958   0.055949
     5  H   -0.036839  -0.081999  -0.004546   0.307958   0.450411   0.149272
     6  H    0.015558  -0.150655   0.044437   0.055949   0.149272   1.255118
     7  H   -0.000986   0.057571  -0.040219  -0.118186  -0.009195  -0.279251
     8  H    0.012157   0.071891  -0.118186  -0.373293  -0.073454   0.148494
     9  H   -0.085881   0.133348  -0.279251   0.148494  -0.023556  -0.228588
    10  H    0.003770   0.002984  -0.009195  -0.073454  -0.024556  -0.023556
    11  H    0.001919  -0.039677   0.057571   0.071891   0.002984   0.133348
    12  H   -0.000555   0.001919  -0.000986   0.012157   0.003770  -0.085881
               7          8          9         10         11         12
     1  H   -0.000986   0.012157  -0.085881   0.003770   0.001919  -0.000555
     2  H    0.057571   0.071891   0.133348   0.002984  -0.039677   0.001919
     3  H   -0.040219  -0.118186  -0.279251  -0.009195   0.057571  -0.000986
     4  H   -0.118186  -0.373293   0.148494  -0.073454   0.071891   0.012157
     5  H   -0.009195  -0.073454  -0.023556  -0.024556   0.002984   0.003770
     6  H   -0.279251   0.148494  -0.228588  -0.023556   0.133348  -0.085881
     7  H    1.358008   0.252056   0.044437  -0.004546  -0.552314   0.266292
     8  H    0.252056   1.260476   0.055949   0.307958  -0.374082  -0.098038
     9  H    0.044437   0.055949   1.255118   0.149272  -0.150655   0.015558
    10  H   -0.004546   0.307958   0.149272   0.450411  -0.081999  -0.036839
    11  H   -0.552314  -0.374082  -0.150655  -0.081999   2.079672   0.075177
    12  H    0.266292  -0.098038   0.015558  -0.036839   0.075177   0.883508
 Mulliken charges:
               1
     1  H   -0.036081
     2  H   -0.223835
     3  H    0.026334
     4  H   -0.071926
     5  H    0.339753
     6  H   -0.034245
     7  H    0.026334
     8  H   -0.071926
     9  H   -0.034245
    10  H    0.339753
    11  H   -0.223835
    12  H   -0.036081
 Sum of Mulliken charges =   0.00000
 Mulliken charges with hydrogens summed into heavy atoms:
               1
 Electronic spatial extent (au):  <R**2>=            158.5134
 Charge=              0.0000 electrons
 Dipole moment (field-independent basis, Debye):
    X=              0.0000    Y=             -0.0000    Z=             -0.0000  Tot=              0.0000
 Quadrupole moment (field-independent basis, Debye-Ang):
   XX=            -14.4805   YY=            -25.2036   ZZ=            -14.8318
   XY=             -5.0215   XZ=             -0.0000   YZ=             -0.0000
 Traceless Quadrupole moment (field-independent basis, Debye-Ang):
   XX=              3.6915   YY=             -7.0316   ZZ=              3.3402
   XY=             -5.0215   XZ=             -0.0000   YZ=             -0.0000
 Octapole moment (field-independent basis, Debye-Ang**2):
  XXX=              0.0000  YYY=             -0.0000  ZZZ=             -0.0000  XYY=             -0.0000
  XXY=              0.0000  XXZ=             -0.0000  XZZ=              0.0000  YZZ=              0.0000
  YYZ=             -0.0000  XYZ=             -0.0000
 Hexadecapole moment (field-independent basis, Debye-Ang**3):
 XXXX=            -75.9272 YYYY=           -293.1681 ZZZZ=            -17.4275 XXXY=            -32.9909
 XXXZ=             -0.0000 YYYX=            -39.2933 YYYZ=             -0.0000 ZZZX=             -0.0000
 ZZZY=             -0.0000 XXYY=            -52.8174 XXZZ=            -15.5547 YYZZ=            -41.7734
 XXYZ=             -0.0000 YYXZ=             -0.0000 ZZXY=             -8.6086
 N-N= 1.923457154055D+01 E-N=-4.997668628764D+01  KE= 7.140904446232D+00
 Symmetry AG   KE= 1.480931186349D+00
 Symmetry BG   KE= 0.000000000000D+00
 Symmetry AU   KE= 0.000000000000D+00
 Symmetry BU   KE= 5.659973259882D+00

 Test job not archived.
 1\1\GINC-SULU\Stability\RHF\Gen\H12\LCJ1\17-Feb-2017\0\\#rhf/gen scf(s
 ymm,tight,novaracc,noincfock,fulldiag) stable(crhf) guess=read geom=no
 crowd test\\hf stability analysis of h12 triangular lattice, y= 1.0702
 532558662603\\0,1\H\H,1,1.1985201299\H,1,1.1985201299,2,53.5\H,2,1.198
 5201299,1,126.5,3,0.,0\H,2,1.1985201299,1,180.,3,0.,0\H,4,1.1985201299
 ,3,180.,5,0.,0\H,6,1.1985201299,5,180.,3,0.,0\H,4,1.1985201299,2,180.,
 3,0.,0\H,3,1.1985201299,1,180.,4,0.,0\H,9,1.1985201299,3,180.,4,0.,0\H
 ,8,1.1985201299,4,180.,3,0.,0\H,7,1.1985201299,6,180.,3,0.,0\\Version=
 ES64L-G09RevE.01\State=1-AG\HF=-5.2123351\MP2=-5.3878331\RMSD=1.130e-0
 9\Dipole=0.,0.,0.\Quadrupole=1.1631399,2.4833426,-3.6464825,0.,-4.9035
 415,0.\PG=C02H [SGH(H12)]\\@


 THE ENLIGHTENED ONE, BECAUSE HE SAW MANKIND DROWNING  
 IN THE GREAT SEA OF BIRTH, DEATH, AND SORROW, LONGED TO SAVE 
 THEM, FOR THIS HE WAS MOVED TO PITY.                         
 BECAUSE HE SAW MEN OF THE WORLD STRAYING IN FALSE PATHS, AND 
 NONE TO GUIDE THEM, FOR THIS HE WAS MOVED TO PITY.           
                     ..................                       
 BECAUSE HE SAW THE MEN OF THE WORLD PLOUGHING THEIR FIELDS,  
 SOWING THE SEED, TRAFFICKING, HUCKSTERING, BUYING, SELLING,  
 AND AT THE END WINNOWING NOTHING BUT BITTERNESS,             
 FOR THIS HE WAS MOVED TO PITY......                   
                   BUDAH'S PITY - UPSAKA SILA SUTRA           
 Job cpu time:       0 days  0 hours  0 minutes  1.1 seconds.
 File lengths (MBytes):  RWF=     84 Int=      0 D2E=      0 Chk=      2 Scr=      2
 Normal termination of Gaussian 09 at Fri Feb 17 15:04:24 2017.
