 Entering Gaussian System, Link 0=g09
 AtFile(1): H.gbs
            H     0
            S   10   1.00
               1000.000000000000            0.000068713567
                316.227766000000            0.000169141320
                100.000000000000            0.000823394812
                 31.622776600000            0.003425569236
                 10.000000000000            0.013951996000
                  3.162277660000            0.056909313560
                  1.000000000000            0.198286399900
                  0.316227766000            0.496922426700
                  0.100000000000            0.369846276400
                  0.031622776600            0.003752720039
            ****
 Initial command:
 /projects/guscus/apps/gau/g09-e1/g09/l1.exe "/users/lcj1/gaussian/h12/rhfstability/rect/guess/ag2bu4/Gau-26828.inp" -scrdir="/users/lcj1/gaussian/h12/rhfstability/rect/guess/ag2bu4/"
 Entering Link 1 = /projects/guscus/apps/gau/g09-e1/g09/l1.exe PID=     26829.
  
 Copyright (c) 1988,1990,1992,1993,1995,1998,2003,2009,2015,
            Gaussian, Inc.  All Rights Reserved.
  
 This is part of the Gaussian(R) 09 program.  It is based on
 the Gaussian(R) 03 system (copyright 2003, Gaussian, Inc.),
 the Gaussian(R) 98 system (copyright 1998, Gaussian, Inc.),
 the Gaussian(R) 94 system (copyright 1995, Gaussian, Inc.),
 the Gaussian 92(TM) system (copyright 1992, Gaussian, Inc.),
 the Gaussian 90(TM) system (copyright 1990, Gaussian, Inc.),
 the Gaussian 88(TM) system (copyright 1988, Gaussian, Inc.),
 the Gaussian 86(TM) system (copyright 1986, Carnegie Mellon
 University), and the Gaussian 82(TM) system (copyright 1983,
 Carnegie Mellon University). Gaussian is a federally registered
 trademark of Gaussian, Inc.
  
 This software contains proprietary and confidential information,
 including trade secrets, belonging to Gaussian, Inc.
  
 This software is provided under written license and may be
 used, copied, transmitted, or stored only in accord with that
 written license.
  
 The following legend is applicable only to US Government
 contracts under FAR:
  
                    RESTRICTED RIGHTS LEGEND
  
 Use, reproduction and disclosure by the US Government is
 subject to restrictions as set forth in subparagraphs (a)
 and (c) of the Commercial Computer Software - Restricted
 Rights clause in FAR 52.227-19.
  
 Gaussian, Inc.
 340 Quinnipiac St., Bldg. 40, Wallingford CT 06492
  
  
 ---------------------------------------------------------------
 Warning -- This program may not be used in any manner that
 competes with the business of Gaussian, Inc. or will provide
 assistance to any competitor of Gaussian, Inc.  The licensee
 of this program is prohibited from giving any competitor of
 Gaussian, Inc. access to this program.  By using this program,
 the user acknowledges that Gaussian, Inc. is engaged in the
 business of creating and licensing software in the field of
 computational chemistry and represents and warrants to the
 licensee that it is not a competitor of Gaussian, Inc. and that
 it will not use this program in any manner prohibited above.
 ---------------------------------------------------------------
  

 Cite this work as:
 Gaussian 09, Revision E.01,
 M. J. Frisch, G. W. Trucks, H. B. Schlegel, G. E. Scuseria, 
 M. A. Robb, J. R. Cheeseman, G. Scalmani, V. Barone, B. Mennucci, 
 G. A. Petersson, H. Nakatsuji, M. Caricato, X. Li, H. P. Hratchian, 
 A. F. Izmaylov, J. Bloino, G. Zheng, J. L. Sonnenberg, M. Hada, 
 M. Ehara, K. Toyota, R. Fukuda, J. Hasegawa, M. Ishida, T. Nakajima, 
 Y. Honda, O. Kitao, H. Nakai, T. Vreven, J. A. Montgomery, Jr., 
 J. E. Peralta, F. Ogliaro, M. Bearpark, J. J. Heyd, E. Brothers, 
 K. N. Kudin, V. N. Staroverov, T. Keith, R. Kobayashi, J. Normand, 
 K. Raghavachari, A. Rendell, J. C. Burant, S. S. Iyengar, J. Tomasi, 
 M. Cossi, N. Rega, J. M. Millam, M. Klene, J. E. Knox, J. B. Cross, 
 V. Bakken, C. Adamo, J. Jaramillo, R. Gomperts, R. E. Stratmann, 
 O. Yazyev, A. J. Austin, R. Cammi, C. Pomelli, J. W. Ochterski, 
 R. L. Martin, K. Morokuma, V. G. Zakrzewski, G. A. Voth, 
 P. Salvador, J. J. Dannenberg, S. Dapprich, A. D. Daniels, 
 O. Farkas, J. B. Foresman, J. V. Ortiz, J. Cioslowski, 
 and D. J. Fox, Gaussian, Inc., Wallingford CT, 2013.
 
 ******************************************
 Gaussian 09:  ES64L-G09RevE.01 30-Nov-2015
                17-Feb-2017 
 ******************************************
 %chk=h12.chk
 ----------------------------------------------------------------------
 #rhf/gen scf(symm,tight,novaracc,noincfock,fulldiag) stable(crhf) gues
 s=read geom=nocrowd test
 ----------------------------------------------------------------------
 1/38=1/1;
 2/12=1,17=6,18=5,40=1/2;
 3/5=7,16=1,25=1,30=1,116=1/1,2,3;
 4/5=1,9=4/1;
 5/5=100002,15=2,16=1,32=2,38=6/2;
 8/6=1,10=90,11=11/1,4;
 9/8=4,13=1/2;
 6/7=2,8=2,9=2,10=2,28=1/1;
 99/5=1,9=1/99;
 ----------------------------------------------------------------------
 hf stability analysis of h12 triangular lattice, y= 0.7902999627936464
 5
 ----------------------------------------------------------------------
 Symbolic Z-matrix:
 Charge =  0 Multiplicity = 1
 H
 H                    1     1.07623 
 H                    1     1.07623  2     85.5 
 H                    2     1.07623  1     94.5     3     0.       0
 H                    2     1.07623  1     180.     3     0.       0
 H                    4     1.07623  3     180.     5     0.       0
 H                    6     1.07623  5     180.     3     0.       0
 H                    4     1.07623  2     180.     3     0.       0
 H                    3     1.07623  1     180.     4     0.       0
 H                    9     1.07623  3     180.     4     0.       0
 H                    8     1.07623  4     180.     3     0.       0
 H                    7     1.07623  6     180.     3     0.       0
 
                          Input orientation:                          
 ---------------------------------------------------------------------
 Center     Atomic      Atomic             Coordinates (Angstroms)
 Number     Number       Type             X           Y           Z
 ---------------------------------------------------------------------
      1          1           0        0.000000    0.000000    0.000000
      2          1           0        0.000000    0.000000    1.076230
      3          1           0        1.072912    0.000000    0.084440
      4          1           0        1.072912    0.000000    1.160670
      5          1           0        0.000000    0.000000    2.152460
      6          1           0        1.072912    0.000000    2.236900
      7          1           0        2.145825    0.000000    2.321340
      8          1           0        2.145825    0.000000    1.245110
      9          1           0        2.145825    0.000000    0.168880
     10          1           0        3.218737    0.000000    0.253320
     11          1           0        3.218737    0.000000    1.329550
     12          1           0        3.218737    0.000000    2.405780
 ---------------------------------------------------------------------
                    Distance matrix (angstroms):
                    1          2          3          4          5
     1  H    0.000000
     2  H    1.076230   0.000000
     3  H    1.076230   1.461092   0.000000
     4  H    1.580600   1.076230   1.076230   0.000000
     5  H    2.152460   1.076230   2.329774   1.461092   0.000000
     6  H    2.480900   1.580600   2.152460   1.076230   1.076230
     7  H    3.161200   2.480900   2.480900   1.580600   2.152460
     8  H    2.480900   2.152460   1.580600   1.076230   2.329774
     9  H    2.152460   2.329774   1.076230   1.461092   2.922183
    10  H    3.228690   3.322266   2.152460   2.329774   3.737245
    11  H    3.482524   3.228690   2.480900   2.152460   3.322266
    12  H    4.018463   3.482524   3.161200   2.480900   3.228690
                    6          7          8          9         10
     6  H    0.000000
     7  H    1.076230   0.000000
     8  H    1.461092   1.076230   0.000000
     9  H    2.329774   2.152460   1.076230   0.000000
    10  H    2.922183   2.329774   1.461092   1.076230   0.000000
    11  H    2.329774   1.461092   1.076230   1.580600   1.076230
    12  H    2.152460   1.076230   1.580600   2.480900   2.152460
                   11         12
    11  H    0.000000
    12  H    1.076230   0.000000
 Stoichiometry    H12
 Framework group  C2H[SGH(H12)]
 Deg. of freedom    11
 Full point group                 C2H     NOp   4
 Largest Abelian subgroup         C2H     NOp   4
 Largest concise Abelian subgroup C2      NOp   2
                         Standard orientation:                         
 ---------------------------------------------------------------------
 Center     Atomic      Atomic             Coordinates (Angstroms)
 Number     Number       Type             X           Y           Z
 ---------------------------------------------------------------------
      1          1           0        1.072912    1.698785   -0.000000
      2          1           0        0.000000    1.614345   -0.000000
      3          1           0        1.072912    0.622555   -0.000000
      4          1           0        0.000000    0.538115   -0.000000
      5          1           0       -1.072912    1.529905    0.000000
      6          1           0       -1.072912    0.453675    0.000000
      7          1           0       -1.072912   -0.622555   -0.000000
      8          1           0       -0.000000   -0.538115   -0.000000
      9          1           0        1.072912   -0.453675    0.000000
     10          1           0        1.072912   -1.529905   -0.000000
     11          1           0       -0.000000   -1.614345   -0.000000
     12          1           0       -1.072912   -1.698785   -0.000000
 ---------------------------------------------------------------------
 Rotational constants (GHZ):     54.8294390     28.6635725     18.8232233
 General basis read from cards:  (5D, 7F)
 There are     6 symmetry adapted cartesian basis functions of AG  symmetry.
 There are     0 symmetry adapted cartesian basis functions of BG  symmetry.
 There are     0 symmetry adapted cartesian basis functions of AU  symmetry.
 There are     6 symmetry adapted cartesian basis functions of BU  symmetry.
 There are     6 symmetry adapted basis functions of AG  symmetry.
 There are     0 symmetry adapted basis functions of BG  symmetry.
 There are     0 symmetry adapted basis functions of AU  symmetry.
 There are     6 symmetry adapted basis functions of BU  symmetry.
    12 basis functions,   120 primitive gaussians,    12 cartesian basis functions
     6 alpha electrons        6 beta electrons
       nuclear repulsion energy        20.1666237339 Hartrees.
 NAtoms=   12 NActive=   12 NUniq=    6 SFac= 4.00D+00 NAtFMM=   60 NAOKFM=F Big=F
 Integral buffers will be    131072 words long.
 Regular integral format.
 Two-electron integral symmetry is turned on.
 One-electron integrals computed using PRISM.
 NBasis=    12 RedAO= T EigKep=  1.09D-01  NBF=     6     0     0     6
 NBsUse=    12 1.00D-06 EigRej= -1.00D+00 NBFU=     6     0     0     6
 Initial guess from the checkpoint file:  "h12.chk"
 B after Tr=    -0.000000   -0.000000    0.000000
         Rot=    0.999999   -0.000000    0.000000   -0.001518 Ang=  -0.17 deg.
 Initial guess orbital symmetries:
       Occupied  (AG) (BU) (BU) (AG) (BU) (BU)
       Virtual   (AG) (AG) (BU) (AG) (AG) (BU)
 Keep R1 ints in memory in symmetry-blocked form, NReq=903868.
 Requested convergence on RMS density matrix=1.00D-08 within 128 cycles.
 Requested convergence on MAX density matrix=1.00D-06.
 Requested convergence on             energy=1.00D-06.
 No special actions if energy rises.
 SCF Done:  E(RHF) =  -5.02616669065     A.U. after   11 cycles
            NFock= 11  Conv=0.54D-08     -V/T= 1.6604
 Range of M.O.s used for correlation:     1    12
 NBasis=    12 NAE=     6 NBE=     6 NFC=     0 NFV=     0
 NROrb=     12 NOA=     6 NOB=     6 NVA=     6 NVB=     6

 **** Warning!!: The smallest alpha delta epsilon is -0.99707389D-01

 Semi-Direct transformation.
 ModeAB=           4 MOrb=             6 LenV=     134084325
 LASXX=         2181 LTotXX=        2181 LenRXX=        5115
 LTotAB=        2934 MaxLAS=        3024 LenRXY=           0
 NonZer=        7296 LenScr=      655360 LnRSAI=        3024
 LnScr1=      655360 LExtra=           0 Total=      1318859
 MaxDsk=          -1 SrtSym=           T ITran=            3
 JobTyp=0 Pass  1:  I=   1 to   6.
 (rs|ai) integrals will be sorted in core.
 Spin components of T(2) and E(2):
     alpha-alpha T2 =       0.1424616412D-01 E2=     -0.1634563224D-01
     alpha-beta  T2 =       0.7059461860D+00 E2=     -0.1159860243D+00
     beta-beta   T2 =       0.1424616412D-01 E2=     -0.1634563224D-01
 ANorm=    0.1316980833D+01
 E2 =    -0.1486772887D+00 EUMP2 =    -0.51748439793869D+01
 Second order stability test of a single determinant RHF wave function:
 Stabil:  MDV=134217728
 ***********************************************************************
 Matrix         Lowest Root    Major Pairs
 ***********************************************************************
 Internal RHF    -0.318025     6A=7A 5A=7A
 RRHF --> CRHF   -0.3606081    6A=7A 5A=7A
 RRHF --> RUHF   -0.5253973    6A=7B 5A=7B
 Not stable.
 ***********************************************************************

 **********************************************************************

            Population analysis using the SCF density.

 **********************************************************************

 Orbital symmetries:
       Occupied  (AG) (BU) (BU) (AG) (BU) (BU)
       Virtual   (AG) (AG) (BU) (AG) (AG) (BU)
 The electronic state is 1-AG.
 Alpha  occ. eigenvalues --   -0.90379  -0.72407  -0.60708  -0.49478  -0.16020
 Alpha  occ. eigenvalues --   -0.12123
 Alpha virt. eigenvalues --   -0.22094   0.06563   0.28558   0.45506   0.58867
 Alpha virt. eigenvalues --    0.99677
          Condensed to atoms (all electrons):
               1          2          3          4          5          6
     1  H    1.391067   0.369705  -0.383684  -0.240783  -0.069502   0.004299
     2  H    0.369705   0.888460  -0.130714  -0.376327   0.357469  -0.174967
     3  H   -0.383684  -0.130714   0.987258   0.583997  -0.007254   0.004063
     4  H   -0.240783  -0.376327   0.583997   1.876352  -0.235657   0.614913
     5  H   -0.069502   0.357469  -0.007254  -0.235657   1.253067  -0.484595
     6  H    0.004299  -0.174967   0.004063   0.614913  -0.484595   1.351119
     7  H    0.023133   0.016935  -0.098407  -0.249764  -0.011028   0.130831
     8  H    0.042062   0.052555  -0.249764  -0.779646   0.055644  -0.248907
     9  H   -0.071313   0.012715   0.130831  -0.248907   0.040578  -0.141218
    10  H    0.032017  -0.005491  -0.011028   0.055644  -0.019792   0.040578
    11  H    0.000735  -0.000544   0.016935   0.052555  -0.005491   0.012715
    12  H   -0.011049   0.000735   0.023133   0.042062   0.032017  -0.071313
               7          8          9         10         11         12
     1  H    0.023133   0.042062  -0.071313   0.032017   0.000735  -0.011049
     2  H    0.016935   0.052555   0.012715  -0.005491  -0.000544   0.000735
     3  H   -0.098407  -0.249764   0.130831  -0.011028   0.016935   0.023133
     4  H   -0.249764  -0.779646  -0.248907   0.055644   0.052555   0.042062
     5  H   -0.011028   0.055644   0.040578  -0.019792  -0.005491   0.032017
     6  H    0.130831  -0.248907  -0.141218   0.040578   0.012715  -0.071313
     7  H    0.987258   0.583997   0.004063  -0.007254  -0.130714  -0.383684
     8  H    0.583997   1.876352   0.614913  -0.235657  -0.376327  -0.240783
     9  H    0.004063   0.614913   1.351119  -0.484595  -0.174967   0.004299
    10  H   -0.007254  -0.235657  -0.484595   1.253067   0.357469  -0.069502
    11  H   -0.130714  -0.376327  -0.174967   0.357469   0.888460   0.369705
    12  H   -0.383684  -0.240783   0.004299  -0.069502   0.369705   1.391067
 Mulliken charges:
               1
     1  H   -0.086685
     2  H   -0.010531
     3  H    0.134633
     4  H   -0.094440
     5  H    0.094543
     6  H   -0.037519
     7  H    0.134633
     8  H   -0.094440
     9  H   -0.037519
    10  H    0.094543
    11  H   -0.010531
    12  H   -0.086685
 Sum of Mulliken charges =  -0.00000
 Mulliken charges with hydrogens summed into heavy atoms:
               1
 Electronic spatial extent (au):  <R**2>=            133.1681
 Charge=             -0.0000 electrons
 Dipole moment (field-independent basis, Debye):
    X=              0.0000    Y=             -0.0000    Z=              0.0000  Tot=              0.0000
 Quadrupole moment (field-independent basis, Debye-Ang):
   XX=            -12.3593   YY=            -24.3661   ZZ=            -14.4318
   XY=             -2.0134   XZ=             -0.0000   YZ=             -0.0000
 Traceless Quadrupole moment (field-independent basis, Debye-Ang):
   XX=              4.6931   YY=             -7.3137   ZZ=              2.6205
   XY=             -2.0134   XZ=             -0.0000   YZ=             -0.0000
 Octapole moment (field-independent basis, Debye-Ang**2):
  XXX=              0.0000  YYY=              0.0000  ZZZ=              0.0000  XYY=             -0.0000
  XXY=             -0.0000  XXZ=              0.0000  XZZ=             -0.0000  YZZ=             -0.0000
  YYZ=              0.0000  XYZ=              0.0000
 Hexadecapole moment (field-independent basis, Debye-Ang**3):
 XXXX=            -76.6682 YYYY=           -228.3934 ZZZZ=            -16.6781 XXXY=             -6.3586
 XXXZ=             -0.0000 YYYX=            -13.8961 YYYZ=             -0.0000 ZZZX=             -0.0000
 ZZZY=             -0.0000 XXYY=            -45.6175 XXZZ=            -16.3998 YYZZ=            -30.8940
 XXYZ=             -0.0000 YYXZ=             -0.0000 ZZXY=             -1.5028
 N-N= 2.016662373391D+01 E-N=-5.197410801238D+01  KE= 7.610840899775D+00
 Symmetry AG   KE= 1.695786542499D+00
 Symmetry BG   KE= 0.000000000000D+00
 Symmetry AU   KE= 0.000000000000D+00
 Symmetry BU   KE= 5.915054357277D+00

 Test job not archived.
 1\1\GINC-SULU\Stability\RHF\Gen\H12\LCJ1\17-Feb-2017\0\\#rhf/gen scf(s
 ymm,tight,novaracc,noincfock,fulldiag) stable(crhf) guess=read geom=no
 crowd test\\hf stability analysis of h12 triangular lattice, y= 0.7902
 9996279364645\\0,1\H\H,1,1.0762300432\H,1,1.0762300432,2,85.5\H,2,1.07
 62300432,1,94.5,3,0.,0\H,2,1.0762300432,1,180.,3,0.,0\H,4,1.0762300432
 ,3,180.,5,0.,0\H,6,1.0762300432,5,180.,3,0.,0\H,4,1.0762300432,2,180.,
 3,0.,0\H,3,1.0762300432,1,180.,4,0.,0\H,9,1.0762300432,3,180.,4,0.,0\H
 ,8,1.0762300432,4,180.,3,0.,0\H,7,1.0762300432,6,180.,3,0.,0\\Version=
 ES64L-G09RevE.01\State=1-AG\HF=-5.0261667\MP2=-5.174844\RMSD=5.430e-09
 \Dipole=0.,0.,0.\Quadrupole=-5.1484149,1.9483148,3.2001001,0.,-2.17673
 29,0.\PG=C02H [SGH(H12)]\\@


 IN NATURE THERE ARE NEITHER REWARDS OR
 PUNISHMENTS -- THERE ARE CONSEQUENCES.

                            -- ROBERT GREEN INGERSOLL
 Job cpu time:       0 days  0 hours  0 minutes  1.1 seconds.
 File lengths (MBytes):  RWF=     84 Int=      0 D2E=      0 Chk=      2 Scr=      2
 Normal termination of Gaussian 09 at Fri Feb 17 15:01:08 2017.
