 Entering Gaussian System, Link 0=g09
 AtFile(1): H.gbs
            H     0
            S   10   1.00
               1000.000000000000            0.000068713567
                316.227766000000            0.000169141320
                100.000000000000            0.000823394812
                 31.622776600000            0.003425569236
                 10.000000000000            0.013951996000
                  3.162277660000            0.056909313560
                  1.000000000000            0.198286399900
                  0.316227766000            0.496922426700
                  0.100000000000            0.369846276400
                  0.031622776600            0.003752720039
            ****
 Initial command:
 /projects/guscus/apps/gau/g09-e1/g09/l1.exe "/users/lcj1/gaussian/h12/rhfstability/rect/guess/ag2bu4/Gau-3829.inp" -scrdir="/users/lcj1/gaussian/h12/rhfstability/rect/guess/ag2bu4/"
 Entering Link 1 = /projects/guscus/apps/gau/g09-e1/g09/l1.exe PID=      3830.
  
 Copyright (c) 1988,1990,1992,1993,1995,1998,2003,2009,2015,
            Gaussian, Inc.  All Rights Reserved.
  
 This is part of the Gaussian(R) 09 program.  It is based on
 the Gaussian(R) 03 system (copyright 2003, Gaussian, Inc.),
 the Gaussian(R) 98 system (copyright 1998, Gaussian, Inc.),
 the Gaussian(R) 94 system (copyright 1995, Gaussian, Inc.),
 the Gaussian 92(TM) system (copyright 1992, Gaussian, Inc.),
 the Gaussian 90(TM) system (copyright 1990, Gaussian, Inc.),
 the Gaussian 88(TM) system (copyright 1988, Gaussian, Inc.),
 the Gaussian 86(TM) system (copyright 1986, Carnegie Mellon
 University), and the Gaussian 82(TM) system (copyright 1983,
 Carnegie Mellon University). Gaussian is a federally registered
 trademark of Gaussian, Inc.
  
 This software contains proprietary and confidential information,
 including trade secrets, belonging to Gaussian, Inc.
  
 This software is provided under written license and may be
 used, copied, transmitted, or stored only in accord with that
 written license.
  
 The following legend is applicable only to US Government
 contracts under FAR:
  
                    RESTRICTED RIGHTS LEGEND
  
 Use, reproduction and disclosure by the US Government is
 subject to restrictions as set forth in subparagraphs (a)
 and (c) of the Commercial Computer Software - Restricted
 Rights clause in FAR 52.227-19.
  
 Gaussian, Inc.
 340 Quinnipiac St., Bldg. 40, Wallingford CT 06492
  
  
 ---------------------------------------------------------------
 Warning -- This program may not be used in any manner that
 competes with the business of Gaussian, Inc. or will provide
 assistance to any competitor of Gaussian, Inc.  The licensee
 of this program is prohibited from giving any competitor of
 Gaussian, Inc. access to this program.  By using this program,
 the user acknowledges that Gaussian, Inc. is engaged in the
 business of creating and licensing software in the field of
 computational chemistry and represents and warrants to the
 licensee that it is not a competitor of Gaussian, Inc. and that
 it will not use this program in any manner prohibited above.
 ---------------------------------------------------------------
  

 Cite this work as:
 Gaussian 09, Revision E.01,
 M. J. Frisch, G. W. Trucks, H. B. Schlegel, G. E. Scuseria, 
 M. A. Robb, J. R. Cheeseman, G. Scalmani, V. Barone, B. Mennucci, 
 G. A. Petersson, H. Nakatsuji, M. Caricato, X. Li, H. P. Hratchian, 
 A. F. Izmaylov, J. Bloino, G. Zheng, J. L. Sonnenberg, M. Hada, 
 M. Ehara, K. Toyota, R. Fukuda, J. Hasegawa, M. Ishida, T. Nakajima, 
 Y. Honda, O. Kitao, H. Nakai, T. Vreven, J. A. Montgomery, Jr., 
 J. E. Peralta, F. Ogliaro, M. Bearpark, J. J. Heyd, E. Brothers, 
 K. N. Kudin, V. N. Staroverov, T. Keith, R. Kobayashi, J. Normand, 
 K. Raghavachari, A. Rendell, J. C. Burant, S. S. Iyengar, J. Tomasi, 
 M. Cossi, N. Rega, J. M. Millam, M. Klene, J. E. Knox, J. B. Cross, 
 V. Bakken, C. Adamo, J. Jaramillo, R. Gomperts, R. E. Stratmann, 
 O. Yazyev, A. J. Austin, R. Cammi, C. Pomelli, J. W. Ochterski, 
 R. L. Martin, K. Morokuma, V. G. Zakrzewski, G. A. Voth, 
 P. Salvador, J. J. Dannenberg, S. Dapprich, A. D. Daniels, 
 O. Farkas, J. B. Foresman, J. V. Ortiz, J. Cioslowski, 
 and D. J. Fox, Gaussian, Inc., Wallingford CT, 2013.
 
 ******************************************
 Gaussian 09:  ES64L-G09RevE.01 30-Nov-2015
                17-Feb-2017 
 ******************************************
 %chk=h12.chk
 ----------------------------------------------------------------------
 #rhf/gen scf(symm,tight,novaracc,noincfock,fulldiag) stable(crhf) gues
 s=read geom=nocrowd test
 ----------------------------------------------------------------------
 1/38=1/1;
 2/12=1,17=6,18=5,40=1/2;
 3/5=7,16=1,25=1,30=1,116=1/1,2,3;
 4/5=1,9=4/1;
 5/5=100002,15=2,16=1,32=2,38=6/2;
 8/6=1,10=90,11=11/1,4;
 9/8=4,13=1/2;
 6/7=2,8=2,9=2,10=2,28=1/1;
 99/5=1,9=1/99;
 ----------------------------------------------------------------------
 hf stability analysis of h12 triangular lattice, y= 1.1523084791052536
 ----------------------------------------------------------------------
 Symbolic Z-matrix:
 Charge =  0 Multiplicity = 1
 H
 H                    1     1.25652 
 H                    1     1.25652  2     47. 
 H                    2     1.25652  1     133.     3     0.       0
 H                    2     1.25652  1     180.     3     0.       0
 H                    4     1.25652  3     180.     5     0.       0
 H                    6     1.25652  5     180.     3     0.       0
 H                    4     1.25652  2     180.     3     0.       0
 H                    3     1.25652  1     180.     4     0.       0
 H                    9     1.25652  3     180.     4     0.       0
 H                    8     1.25652  4     180.     3     0.       0
 H                    7     1.25652  6     180.     3     0.       0
 
                          Input orientation:                          
 ---------------------------------------------------------------------
 Center     Atomic      Atomic             Coordinates (Angstroms)
 Number     Number       Type             X           Y           Z
 ---------------------------------------------------------------------
      1          1           0        0.000000    0.000000    0.000000
      2          1           0        0.000000    0.000000    1.256525
      3          1           0        0.918964    0.000000    0.856948
      4          1           0        0.918964    0.000000    2.113472
      5          1           0        0.000000    0.000000    2.513049
      6          1           0        0.918964    0.000000    3.369997
      7          1           0        1.837928    0.000000    4.226944
      8          1           0        1.837928    0.000000    2.970420
      9          1           0        1.837928    0.000000    1.713895
     10          1           0        2.756892    0.000000    2.570843
     11          1           0        2.756892    0.000000    3.827367
     12          1           0        2.756892    0.000000    5.083892
 ---------------------------------------------------------------------
                    Distance matrix (angstroms):
                    1          2          3          4          5
     1  H    0.000000
     2  H    1.256525   0.000000
     3  H    1.256525   1.002076   0.000000
     4  H    2.304617   1.256525   1.256525   0.000000
     5  H    2.513049   1.256525   1.893982   1.002076   0.000000
     6  H    3.493046   2.304617   2.513049   1.256525   1.256525
     7  H    4.609234   3.493046   3.493046   2.304617   2.513049
     8  H    3.493046   2.513049   2.304617   1.256525   1.893982
     9  H    2.513049   1.893982   1.256525   1.002076   2.004152
    10  H    3.769574   3.054158   2.513049   1.893982   2.757497
    11  H    4.716905   3.769574   3.493046   2.513049   3.054158
    12  H    5.783287   4.716905   4.609234   3.493046   3.769574
                    6          7          8          9         10
     6  H    0.000000
     7  H    1.256525   0.000000
     8  H    1.002076   1.256525   0.000000
     9  H    1.893982   2.513049   1.256525   0.000000
    10  H    2.004152   1.893982   1.002076   1.256525   0.000000
    11  H    1.893982   1.002076   1.256525   2.304617   1.256525
    12  H    2.513049   1.256525   2.304617   3.493046   2.513049
                   11         12
    11  H    0.000000
    12  H    1.256525   0.000000
 Stoichiometry    H12
 Framework group  C2H[SGH(H12)]
 Deg. of freedom    11
 Full point group                 C2H     NOp   4
 Largest Abelian subgroup         C2H     NOp   4
 Largest concise Abelian subgroup C2      NOp   2
                         Standard orientation:                         
 ---------------------------------------------------------------------
 Center     Atomic      Atomic             Coordinates (Angstroms)
 Number     Number       Type             X           Y           Z
 ---------------------------------------------------------------------
      1          1           0        0.918964    2.741734   -0.000000
      2          1           0        0.000000    1.884787    0.000000
      3          1           0        0.918964    1.485210   -0.000000
      4          1           0        0.000000    0.628262    0.000000
      5          1           0       -0.918964    1.027839    0.000000
      6          1           0       -0.918964   -0.228685    0.000000
      7          1           0       -0.918964   -1.485210    0.000000
      8          1           0       -0.000000   -0.628262    0.000000
      9          1           0        0.918964    0.228685    0.000000
     10          1           0        0.918964   -1.027839    0.000000
     11          1           0       -0.000000   -1.884787    0.000000
     12          1           0       -0.918964   -2.741734    0.000000
 ---------------------------------------------------------------------
 Rotational constants (GHZ):     97.7290917     16.0812650     13.8090018
 General basis read from cards:  (5D, 7F)
 There are     6 symmetry adapted cartesian basis functions of AG  symmetry.
 There are     0 symmetry adapted cartesian basis functions of BG  symmetry.
 There are     0 symmetry adapted cartesian basis functions of AU  symmetry.
 There are     6 symmetry adapted cartesian basis functions of BU  symmetry.
 There are     6 symmetry adapted basis functions of AG  symmetry.
 There are     0 symmetry adapted basis functions of BG  symmetry.
 There are     0 symmetry adapted basis functions of AU  symmetry.
 There are     6 symmetry adapted basis functions of BU  symmetry.
    12 basis functions,   120 primitive gaussians,    12 cartesian basis functions
     6 alpha electrons        6 beta electrons
       nuclear repulsion energy        18.8607477732 Hartrees.
 NAtoms=   12 NActive=   12 NUniq=    6 SFac= 4.00D+00 NAtFMM=   60 NAOKFM=F Big=F
 Integral buffers will be    131072 words long.
 Regular integral format.
 Two-electron integral symmetry is turned on.
 One-electron integrals computed using PRISM.
 NBasis=    12 RedAO= T EigKep=  1.78D-01  NBF=     6     0     0     6
 NBsUse=    12 1.00D-06 EigRej= -1.00D+00 NBFU=     6     0     0     6
 Initial guess from the checkpoint file:  "h12.chk"
 B after Tr=    -0.000000   -0.000000    0.000000
         Rot=    0.999999   -0.000000   -0.000000   -0.001518 Ang=  -0.17 deg.
 Initial guess orbital symmetries:
       Occupied  (AG) (BU) (BU) (AG) (BU) (BU)
       Virtual   (AG) (AG) (AG) (BU) (AG) (BU)
 Keep R1 ints in memory in symmetry-blocked form, NReq=902188.
 Requested convergence on RMS density matrix=1.00D-08 within 128 cycles.
 Requested convergence on MAX density matrix=1.00D-06.
 Requested convergence on             energy=1.00D-06.
 No special actions if energy rises.
 SCF Done:  E(RHF) =  -5.27627212531     A.U. after   11 cycles
            NFock= 11  Conv=0.50D-08     -V/T= 1.7371
 Range of M.O.s used for correlation:     1    12
 NBasis=    12 NAE=     6 NBE=     6 NFC=     0 NFV=     0
 NROrb=     12 NOA=     6 NOB=     6 NVA=     6 NVB=     6

 **** Warning!!: The smallest alpha delta epsilon is -0.13741121D+00

 Semi-Direct transformation.
 ModeAB=           4 MOrb=             6 LenV=     134086187
 LASXX=         2181 LTotXX=        2181 LenRXX=        5115
 LTotAB=        2934 MaxLAS=        3024 LenRXY=           0
 NonZer=        7296 LenScr=      655360 LnRSAI=        3024
 LnScr1=      655360 LExtra=           0 Total=      1318859
 MaxDsk=          -1 SrtSym=           T ITran=            3
 JobTyp=0 Pass  1:  I=   1 to   6.
 (rs|ai) integrals will be sorted in core.
 Spin components of T(2) and E(2):
     alpha-alpha T2 =       0.1569461220D-01 E2=     -0.1280348465D-01
     alpha-beta  T2 =       0.5991561231D+01 E2=     -0.4533543456D+00
     beta-beta   T2 =       0.1569461220D-01 E2=     -0.1280348465D-01
 ANorm=    0.2650084990D+01
 E2 =    -0.4789613149D+00 EUMP2 =    -0.57552334402012D+01
 Second order stability test of a single determinant RHF wave function:
 Stabil:  MDV=134217728
 ***********************************************************************
 Matrix         Lowest Root    Major Pairs
 ***********************************************************************
 Internal RHF    -0.3362702    6A=7A
 RRHF --> CRHF   -0.3766859    6A=7A
 RRHF --> RUHF   -0.5455538    6A=7B 6A=8B
 Not stable.
 ***********************************************************************

 **********************************************************************

            Population analysis using the SCF density.

 **********************************************************************

 Orbital symmetries:
       Occupied  (AG) (BU) (AG) (BU) (BU) (BU)
       Virtual   (AG) (AG) (AG) (BU) (AG) (BU)
 The electronic state is 1-AG.
 Alpha  occ. eigenvalues --   -0.92376  -0.74164  -0.55801  -0.55788  -0.35076
 Alpha  occ. eigenvalues --    0.05724
 Alpha virt. eigenvalues --   -0.08017   0.09051   0.25092   0.31910   0.51711
 Alpha virt. eigenvalues --    0.54867
          Condensed to atoms (all electrons):
               1          2          3          4          5          6
     1  H    1.400790  -0.381046   0.122819   0.005277   0.019408   0.000306
     2  H   -0.381046   1.975142   0.345605  -0.450289  -0.308640   0.053237
     3  H    0.122819   0.345605   0.522281  -0.084250  -0.055764  -0.019031
     4  H    0.005277  -0.450289  -0.084250   1.379367   0.474334  -0.181415
     5  H    0.019408  -0.308640  -0.055764   0.474334   0.701756   0.073638
     6  H    0.000306   0.053237  -0.019031  -0.181415   0.073638   0.991265
     7  H    0.000439  -0.000445   0.001593  -0.003916   0.009127  -0.022897
     8  H   -0.006316   0.081919  -0.003916  -0.412900  -0.131583   0.443409
     9  H   -0.020271  -0.140676  -0.022897   0.443409   0.003346  -0.185964
    10  H   -0.005297   0.026751   0.009127  -0.131583  -0.049275   0.003346
    11  H    0.004266  -0.027469  -0.000445   0.081919   0.026751  -0.140676
    12  H   -0.000677   0.004266   0.000439  -0.006316  -0.005297  -0.020271
               7          8          9         10         11         12
     1  H    0.000439  -0.006316  -0.020271  -0.005297   0.004266  -0.000677
     2  H   -0.000445   0.081919  -0.140676   0.026751  -0.027469   0.004266
     3  H    0.001593  -0.003916  -0.022897   0.009127  -0.000445   0.000439
     4  H   -0.003916  -0.412900   0.443409  -0.131583   0.081919  -0.006316
     5  H    0.009127  -0.131583   0.003346  -0.049275   0.026751  -0.005297
     6  H   -0.022897   0.443409  -0.185964   0.003346  -0.140676  -0.020271
     7  H    0.522281  -0.084250  -0.019031  -0.055764   0.345605   0.122819
     8  H   -0.084250   1.379367  -0.181415   0.474334  -0.450289   0.005277
     9  H   -0.019031  -0.181415   0.991265   0.073638   0.053237   0.000306
    10  H   -0.055764   0.474334   0.073638   0.701756  -0.308640   0.019408
    11  H    0.345605  -0.450289   0.053237  -0.308640   1.975142  -0.381046
    12  H    0.122819   0.005277   0.000306   0.019408  -0.381046   1.400790
 Mulliken charges:
               1
     1  H   -0.139699
     2  H   -0.178356
     3  H    0.184439
     4  H   -0.113637
     5  H    0.242199
     6  H    0.005053
     7  H    0.184439
     8  H   -0.113637
     9  H    0.005053
    10  H    0.242199
    11  H   -0.178356
    12  H   -0.139699
 Sum of Mulliken charges =  -0.00000
 Mulliken charges with hydrogens summed into heavy atoms:
               1
 Electronic spatial extent (au):  <R**2>=            174.0880
 Charge=             -0.0000 electrons
 Dipole moment (field-independent basis, Debye):
    X=              0.0000    Y=              0.0000    Z=              0.0000  Tot=              0.0000
 Quadrupole moment (field-independent basis, Debye-Ang):
   XX=            -14.2469   YY=            -30.6920   ZZ=            -14.7937
   XY=             -6.2144   XZ=              0.0000   YZ=              0.0000
 Traceless Quadrupole moment (field-independent basis, Debye-Ang):
   XX=              5.6640   YY=            -10.7811   ZZ=              5.1172
   XY=             -6.2144   XZ=              0.0000   YZ=              0.0000
 Octapole moment (field-independent basis, Debye-Ang**2):
  XXX=              0.0000  YYY=              0.0000  ZZZ=             -0.0000  XYY=              0.0000
  XXY=              0.0000  XXZ=             -0.0000  XZZ=              0.0000  YZZ=              0.0000
  YYZ=             -0.0000  XYZ=             -0.0000
 Hexadecapole moment (field-independent basis, Debye-Ang**3):
 XXXX=            -70.8464 YYYY=           -406.9827 ZZZZ=            -17.3804 XXXY=            -36.9085
 XXXZ=              0.0000 YYYX=            -80.9819 YYYZ=              0.0000 ZZZX=              0.0000
 ZZZY=              0.0000 XXYY=            -69.2122 XXZZ=            -14.7789 YYZZ=            -47.2786
 XXYZ=              0.0000 YYXZ=              0.0000 ZZXY=            -10.1332
 N-N= 1.886074777319D+01 E-N=-4.928267200264D+01  KE= 7.158262937014D+00
 Symmetry AG   KE= 1.497119644795D+00
 Symmetry BG   KE= 0.000000000000D+00
 Symmetry AU   KE= 0.000000000000D+00
 Symmetry BU   KE= 5.661143292219D+00

 Test job not archived.
 1\1\GINC-SULU\Stability\RHF\Gen\H12\LCJ1\17-Feb-2017\0\\#rhf/gen scf(s
 ymm,tight,novaracc,noincfock,fulldiag) stable(crhf) guess=read geom=no
 crowd test\\hf stability analysis of h12 triangular lattice, y= 1.1523
 084791052536\\0,1\H\H,1,1.2565245125\H,1,1.2565245125,2,47.\H,2,1.2565
 245125,1,133.,3,0.,0\H,2,1.2565245125,1,180.,3,0.,0\H,4,1.2565245125,3
 ,180.,5,0.,0\H,6,1.2565245125,5,180.,3,0.,0\H,4,1.2565245125,2,180.,3,
 0.,0\H,3,1.2565245125,1,180.,4,0.,0\H,9,1.2565245125,3,180.,4,0.,0\H,8
 ,1.2565245125,4,180.,3,0.,0\H,7,1.2565245125,6,180.,3,0.,0\\Version=ES
 64L-G09RevE.01\State=1-AG\HF=-5.2762721\MP2=-5.7552334\RMSD=4.972e-09\
 Dipole=0.,0.,0.\Quadrupole=2.2803481,3.8044774,-6.0848255,0.,-6.420672
 8,0.\PG=C02H [SGH(H12)]\\@


 Sometimes the fool who rushes in gets the job done.
                                    -- Al Bernstein
 Job cpu time:       0 days  0 hours  0 minutes  1.0 seconds.
 File lengths (MBytes):  RWF=     84 Int=      0 D2E=      0 Chk=      2 Scr=      2
 Normal termination of Gaussian 09 at Fri Feb 17 15:05:04 2017.
