 Entering Gaussian System, Link 0=g09
 AtFile(1): H.gbs
            H     0
            S   10   1.00
               1000.000000000000            0.000068713567
                316.227766000000            0.000169141320
                100.000000000000            0.000823394812
                 31.622776600000            0.003425569236
                 10.000000000000            0.013951996000
                  3.162277660000            0.056909313560
                  1.000000000000            0.198286399900
                  0.316227766000            0.496922426700
                  0.100000000000            0.369846276400
                  0.031622776600            0.003752720039
            ****
 Initial command:
 /projects/guscus/apps/gau/g09-e1/g09/l1.exe "/users/lcj1/gaussian/h12/rhfstability/rect/guess/ag2bu4/Gau-9325.inp" -scrdir="/users/lcj1/gaussian/h12/rhfstability/rect/guess/ag2bu4/"
 Entering Link 1 = /projects/guscus/apps/gau/g09-e1/g09/l1.exe PID=      9326.
  
 Copyright (c) 1988,1990,1992,1993,1995,1998,2003,2009,2015,
            Gaussian, Inc.  All Rights Reserved.
  
 This is part of the Gaussian(R) 09 program.  It is based on
 the Gaussian(R) 03 system (copyright 2003, Gaussian, Inc.),
 the Gaussian(R) 98 system (copyright 1998, Gaussian, Inc.),
 the Gaussian(R) 94 system (copyright 1995, Gaussian, Inc.),
 the Gaussian 92(TM) system (copyright 1992, Gaussian, Inc.),
 the Gaussian 90(TM) system (copyright 1990, Gaussian, Inc.),
 the Gaussian 88(TM) system (copyright 1988, Gaussian, Inc.),
 the Gaussian 86(TM) system (copyright 1986, Carnegie Mellon
 University), and the Gaussian 82(TM) system (copyright 1983,
 Carnegie Mellon University). Gaussian is a federally registered
 trademark of Gaussian, Inc.
  
 This software contains proprietary and confidential information,
 including trade secrets, belonging to Gaussian, Inc.
  
 This software is provided under written license and may be
 used, copied, transmitted, or stored only in accord with that
 written license.
  
 The following legend is applicable only to US Government
 contracts under FAR:
  
                    RESTRICTED RIGHTS LEGEND
  
 Use, reproduction and disclosure by the US Government is
 subject to restrictions as set forth in subparagraphs (a)
 and (c) of the Commercial Computer Software - Restricted
 Rights clause in FAR 52.227-19.
  
 Gaussian, Inc.
 340 Quinnipiac St., Bldg. 40, Wallingford CT 06492
  
  
 ---------------------------------------------------------------
 Warning -- This program may not be used in any manner that
 competes with the business of Gaussian, Inc. or will provide
 assistance to any competitor of Gaussian, Inc.  The licensee
 of this program is prohibited from giving any competitor of
 Gaussian, Inc. access to this program.  By using this program,
 the user acknowledges that Gaussian, Inc. is engaged in the
 business of creating and licensing software in the field of
 computational chemistry and represents and warrants to the
 licensee that it is not a competitor of Gaussian, Inc. and that
 it will not use this program in any manner prohibited above.
 ---------------------------------------------------------------
  

 Cite this work as:
 Gaussian 09, Revision E.01,
 M. J. Frisch, G. W. Trucks, H. B. Schlegel, G. E. Scuseria, 
 M. A. Robb, J. R. Cheeseman, G. Scalmani, V. Barone, B. Mennucci, 
 G. A. Petersson, H. Nakatsuji, M. Caricato, X. Li, H. P. Hratchian, 
 A. F. Izmaylov, J. Bloino, G. Zheng, J. L. Sonnenberg, M. Hada, 
 M. Ehara, K. Toyota, R. Fukuda, J. Hasegawa, M. Ishida, T. Nakajima, 
 Y. Honda, O. Kitao, H. Nakai, T. Vreven, J. A. Montgomery, Jr., 
 J. E. Peralta, F. Ogliaro, M. Bearpark, J. J. Heyd, E. Brothers, 
 K. N. Kudin, V. N. Staroverov, T. Keith, R. Kobayashi, J. Normand, 
 K. Raghavachari, A. Rendell, J. C. Burant, S. S. Iyengar, J. Tomasi, 
 M. Cossi, N. Rega, J. M. Millam, M. Klene, J. E. Knox, J. B. Cross, 
 V. Bakken, C. Adamo, J. Jaramillo, R. Gomperts, R. E. Stratmann, 
 O. Yazyev, A. J. Austin, R. Cammi, C. Pomelli, J. W. Ochterski, 
 R. L. Martin, K. Morokuma, V. G. Zakrzewski, G. A. Voth, 
 P. Salvador, J. J. Dannenberg, S. Dapprich, A. D. Daniels, 
 O. Farkas, J. B. Foresman, J. V. Ortiz, J. Cioslowski, 
 and D. J. Fox, Gaussian, Inc., Wallingford CT, 2013.
 
 ******************************************
 Gaussian 09:  ES64L-G09RevE.01 30-Nov-2015
                17-Feb-2017 
 ******************************************
 %chk=h12.chk
 ----------------------------------------------------------------------
 #rhf/gen scf(symm,tight,novaracc,noincfock,fulldiag) stable(crhf) gues
 s=read geom=nocrowd test
 ----------------------------------------------------------------------
 1/38=1/1;
 2/12=1,17=6,18=5,40=1/2;
 3/5=7,16=1,25=1,30=1,116=1/1,2,3;
 4/5=1,9=4/1;
 5/5=100002,15=2,16=1,32=2,38=6/2;
 8/6=1,10=90,11=11/1,4;
 9/8=4,13=1/2;
 6/7=2,8=2,9=2,10=2,28=1/1;
 99/5=1,9=1/99;
 ----------------------------------------------------------------------
 hf stability analysis of h12 triangular lattice, y= 1.6306791826473761
 ----------------------------------------------------------------------
 Symbolic Z-matrix:
 Charge =  0 Multiplicity = 1
 H
 H                    1     1.66867 
 H                    1     1.66867  2     24.5 
 H                    2     1.66867  1     155.5    3     0.       0
 H                    2     1.66867  1     180.     3     0.       0
 H                    4     1.66867  3     180.     5     0.       0
 H                    6     1.66867  5     180.     3     0.       0
 H                    4     1.66867  2     180.     3     0.       0
 H                    3     1.66867  1     180.     4     0.       0
 H                    9     1.66867  3     180.     4     0.       0
 H                    8     1.66867  4     180.     3     0.       0
 H                    7     1.66867  6     180.     3     0.       0
 
                          Input orientation:                          
 ---------------------------------------------------------------------
 Center     Atomic      Atomic             Coordinates (Angstroms)
 Number     Number       Type             X           Y           Z
 ---------------------------------------------------------------------
      1          1           0        0.000000    0.000000    0.000000
      2          1           0        0.000000    0.000000    1.668673
      3          1           0        0.691987    0.000000    1.518428
      4          1           0        0.691987    0.000000    3.187101
      5          1           0        0.000000    0.000000    3.337346
      6          1           0        0.691987    0.000000    4.855774
      7          1           0        1.383975    0.000000    6.374202
      8          1           0        1.383975    0.000000    4.705529
      9          1           0        1.383975    0.000000    3.036856
     10          1           0        2.075962    0.000000    4.555283
     11          1           0        2.075962    0.000000    6.223956
     12          1           0        2.075962    0.000000    7.892629
 ---------------------------------------------------------------------
                    Distance matrix (angstroms):
                    1          2          3          4          5
     1  H    0.000000
     2  H    1.668673   0.000000
     3  H    1.668673   0.708110   0.000000
     4  H    3.261358   1.668673   1.668673   0.000000
     5  H    3.337346   1.668673   1.946101   0.708110   0.000000
     6  H    4.904833   3.261358   3.337346   1.668673   1.668673
     7  H    6.522717   4.904833   4.904833   3.261358   3.337346
     8  H    4.904833   3.337346   3.261358   1.668673   1.946101
     9  H    3.337346   1.946101   1.668673   0.708110   1.416221
    10  H    5.006019   3.555579   3.337346   1.946101   2.406863
    11  H    6.561041   5.006019   4.904833   3.337346   3.555579
    12  H    8.161080   6.561041   6.522717   4.904833   5.006019
                    6          7          8          9         10
     6  H    0.000000
     7  H    1.668673   0.000000
     8  H    0.708110   1.668673   0.000000
     9  H    1.946101   3.337346   1.668673   0.000000
    10  H    1.416221   1.946101   0.708110   1.668673   0.000000
    11  H    1.946101   0.708110   1.668673   3.261358   1.668673
    12  H    3.337346   1.668673   3.261358   4.904833   3.337346
                   11         12
    11  H    0.000000
    12  H    1.668673   0.000000
 Stoichiometry    H12
 Framework group  C2H[SGH(H12)]
 Deg. of freedom    11
 Full point group                 C2H     NOp   4
 Largest Abelian subgroup         C2H     NOp   4
 Largest concise Abelian subgroup C2      NOp   2
                         Standard orientation:                         
 ---------------------------------------------------------------------
 Center     Atomic      Atomic             Coordinates (Angstroms)
 Number     Number       Type             X           Y           Z
 ---------------------------------------------------------------------
      1          1           0        0.691987    4.021437   -0.000000
      2          1           0        0.000000    2.503010   -0.000000
      3          1           0        0.691987    2.352764   -0.000000
      4          1           0        0.000000    0.834337   -0.000000
      5          1           0       -0.691987    0.984582   -0.000000
      6          1           0       -0.691987   -0.684091    0.000000
      7          1           0       -0.691987   -2.352764   -0.000000
      8          1           0       -0.000000   -0.834337   -0.000000
      9          1           0        0.691987    0.684091    0.000000
     10          1           0        0.691987   -0.984582   -0.000000
     11          1           0       -0.000000   -2.503010   -0.000000
     12          1           0       -0.691987   -4.021437   -0.000000
 ---------------------------------------------------------------------
 Rotational constants (GHZ):    192.5542220      8.1618937      7.8299995
 General basis read from cards:  (5D, 7F)
 There are     6 symmetry adapted cartesian basis functions of AG  symmetry.
 There are     0 symmetry adapted cartesian basis functions of BG  symmetry.
 There are     0 symmetry adapted cartesian basis functions of AU  symmetry.
 There are     6 symmetry adapted cartesian basis functions of BU  symmetry.
 There are     6 symmetry adapted basis functions of AG  symmetry.
 There are     0 symmetry adapted basis functions of BG  symmetry.
 There are     0 symmetry adapted basis functions of AU  symmetry.
 There are     6 symmetry adapted basis functions of BU  symmetry.
    12 basis functions,   120 primitive gaussians,    12 cartesian basis functions
     6 alpha electrons        6 beta electrons
       nuclear repulsion energy        17.0631361292 Hartrees.
 NAtoms=   12 NActive=   12 NUniq=    6 SFac= 4.00D+00 NAtFMM=   60 NAOKFM=F Big=F
 Integral buffers will be    131072 words long.
 Regular integral format.
 Two-electron integral symmetry is turned on.
 One-electron integrals computed using PRISM.
 NBasis=    12 RedAO= T EigKep=  8.96D-02  NBF=     6     0     0     6
 NBsUse=    12 1.00D-06 EigRej= -1.00D+00 NBFU=     6     0     0     6
 Initial guess from the checkpoint file:  "h12.chk"
 B after Tr=     0.000000    0.000000   -0.000000
         Rot=    0.999999   -0.000000    0.000000   -0.001518 Ang=  -0.17 deg.
 Initial guess orbital symmetries:
       Occupied  (AG) (BU) (AG) (BU) (BU) (BU)
       Virtual   (AG) (AG) (BU) (AG) (AG) (BU)
 Keep R1 ints in memory in symmetry-blocked form, NReq=897386.
 Requested convergence on RMS density matrix=1.00D-08 within 128 cycles.
 Requested convergence on MAX density matrix=1.00D-06.
 Requested convergence on             energy=1.00D-06.
 No special actions if energy rises.
 SCF Done:  E(RHF) =  -5.69240368289     A.U. after    7 cycles
            NFock=  7  Conv=0.57D-09     -V/T= 1.8972
 Range of M.O.s used for correlation:     1    12
 NBasis=    12 NAE=     6 NBE=     6 NFC=     0 NFV=     0
 NROrb=     12 NOA=     6 NOB=     6 NVA=     6 NVB=     6

 **** Warning!!: The smallest alpha delta epsilon is  0.63113524D-01

 Semi-Direct transformation.
 ModeAB=           4 MOrb=             6 LenV=     134090611
 LASXX=         2181 LTotXX=        2181 LenRXX=        5115
 LTotAB=        2934 MaxLAS=        3024 LenRXY=           0
 NonZer=        7296 LenScr=      655360 LnRSAI=        3024
 LnScr1=      655360 LExtra=           0 Total=      1318859
 MaxDsk=          -1 SrtSym=           T ITran=            3
 JobTyp=0 Pass  1:  I=   1 to   6.
 (rs|ai) integrals will be sorted in core.
 Spin components of T(2) and E(2):
     alpha-alpha T2 =       0.6294989641D-02 E2=     -0.5569474123D-02
     alpha-beta  T2 =       0.4799079876D+01 E2=     -0.6724697712D+00
     beta-beta   T2 =       0.6294989641D-02 E2=     -0.5569474123D-02
 ANorm=    0.2410740520D+01
 E2 =    -0.6836087195D+00 EUMP2 =    -0.63760124023891D+01
 Second order stability test of a single determinant RHF wave function:
 Stabil:  MDV=134217728
 ***********************************************************************
 Matrix         Lowest Root    Major Pairs
 ***********************************************************************
 Internal RHF     0.043034     Stable
 RRHF --> CRHF   -0.0037697    6A=7A
 RRHF --> RUHF   -0.5594393    6A=7B
 Not stable.
 ***********************************************************************

 **********************************************************************

            Population analysis using the SCF density.

 **********************************************************************

 Orbital symmetries:
       Occupied  (AG) (BU) (AG) (BU) (BU) (BU)
       Virtual   (AG) (AG) (BU) (AG) (AG) (BU)
 The electronic state is 1-AG.
 Alpha  occ. eigenvalues --   -0.88629  -0.77648  -0.64836  -0.60474  -0.36917
 Alpha  occ. eigenvalues --   -0.17080
 Alpha virt. eigenvalues --   -0.10768   0.02522   0.44748   0.47973   0.76254
 Alpha virt. eigenvalues --    0.98711
          Condensed to atoms (all electrons):
               1          2          3          4          5          6
     1  H    1.146806  -0.060922  -0.057638   0.002295   0.000879  -0.000140
     2  H   -0.060922   0.703581   0.514662  -0.082323  -0.018862   0.005608
     3  H   -0.057638   0.514662   0.669312  -0.078226  -0.047020  -0.001134
     4  H    0.002295  -0.082323  -0.078226   0.961989   0.284032  -0.056547
     5  H    0.000879  -0.018862  -0.047020   0.284032   0.761508   0.192002
     6  H   -0.000140   0.005608  -0.001134  -0.056547   0.192002   0.924418
     7  H    0.000041  -0.000190  -0.000219   0.003300   0.003949  -0.024733
     8  H   -0.000251   0.003359   0.003300  -0.094276  -0.029448   0.322667
     9  H    0.001147  -0.057427  -0.024733   0.322667  -0.212809  -0.194228
    10  H   -0.000096  -0.000952   0.003949  -0.029448  -0.089189  -0.212809
    11  H    0.000040  -0.000218  -0.000190   0.003359  -0.000952  -0.057427
    12  H   -0.000012   0.000040   0.000041  -0.000251  -0.000096   0.001147
               7          8          9         10         11         12
     1  H    0.000041  -0.000251   0.001147  -0.000096   0.000040  -0.000012
     2  H   -0.000190   0.003359  -0.057427  -0.000952  -0.000218   0.000040
     3  H   -0.000219   0.003300  -0.024733   0.003949  -0.000190   0.000041
     4  H    0.003300  -0.094276   0.322667  -0.029448   0.003359  -0.000251
     5  H    0.003949  -0.029448  -0.212809  -0.089189  -0.000952  -0.000096
     6  H   -0.024733   0.322667  -0.194228  -0.212809  -0.057427   0.001147
     7  H    0.669312  -0.078226  -0.001134  -0.047020   0.514662  -0.057638
     8  H   -0.078226   0.961989  -0.056547   0.284032  -0.082323   0.002295
     9  H   -0.001134  -0.056547   0.924418   0.192002   0.005608  -0.000140
    10  H   -0.047020   0.284032   0.192002   0.761508  -0.018862   0.000879
    11  H    0.514662  -0.082323   0.005608  -0.018862   0.703581  -0.060922
    12  H   -0.057638   0.002295  -0.000140   0.000879  -0.060922   1.146806
 Mulliken charges:
               1
     1  H   -0.032150
     2  H   -0.006356
     3  H    0.017896
     4  H   -0.236571
     5  H    0.156005
     6  H    0.101176
     7  H    0.017896
     8  H   -0.236571
     9  H    0.101176
    10  H    0.156005
    11  H   -0.006356
    12  H   -0.032150
 Sum of Mulliken charges =  -0.00000
 Mulliken charges with hydrogens summed into heavy atoms:
               1
 Electronic spatial extent (au):  <R**2>=            269.2953
 Charge=              0.0000 electrons
 Dipole moment (field-independent basis, Debye):
    X=             -0.0000    Y=             -0.0000    Z=              0.0000  Tot=              0.0000
 Quadrupole moment (field-independent basis, Debye-Ang):
   XX=            -15.6462   YY=            -23.6295   ZZ=            -15.3250
   XY=             -2.1798   XZ=             -0.0000   YZ=             -0.0000
 Traceless Quadrupole moment (field-independent basis, Debye-Ang):
   XX=              2.5540   YY=             -5.4293   ZZ=              2.8752
   XY=             -2.1798   XZ=             -0.0000   YZ=             -0.0000
 Octapole moment (field-independent basis, Debye-Ang**2):
  XXX=              0.0000  YYY=             -0.0000  ZZZ=              0.0000  XYY=             -0.0000
  XXY=             -0.0000  XXZ=              0.0000  XZZ=              0.0000  YZZ=              0.0000
  YYZ=              0.0000  XYZ=              0.0000
 Hexadecapole moment (field-independent basis, Debye-Ang**3):
 XXXX=            -50.3054 YYYY=           -695.1061 ZZZZ=            -18.3798 XXXY=            -34.1760
 XXXZ=             -0.0000 YYYX=            -70.9706 YYYZ=             -0.0000 ZZZX=             -0.0000
 ZZZY=             -0.0000 XXYY=            -93.7323 XXZZ=            -11.4838 YYZZ=            -87.1663
 XXYZ=             -0.0000 YYXZ=             -0.0000 ZZXY=            -11.5822
 N-N= 1.706313612923D+01 E-N=-4.494420524799D+01  KE= 6.344803961091D+00
 Symmetry AG   KE= 1.551398250742D+00
 Symmetry BG   KE= 0.000000000000D+00
 Symmetry AU   KE= 0.000000000000D+00
 Symmetry BU   KE= 4.793405710349D+00

 Test job not archived.
 1\1\GINC-SULU\Stability\RHF\Gen\H12\LCJ1\17-Feb-2017\0\\#rhf/gen scf(s
 ymm,tight,novaracc,noincfock,fulldiag) stable(crhf) guess=read geom=no
 crowd test\\hf stability analysis of h12 triangular lattice, y= 1.6306
 791826473761\\0,1\H\H,1,1.6686730073\H,1,1.6686730073,2,24.5\H,2,1.668
 6730073,1,155.5,3,0.,0\H,2,1.6686730073,1,180.,3,0.,0\H,4,1.6686730073
 ,3,180.,5,0.,0\H,6,1.6686730073,5,180.,3,0.,0\H,4,1.6686730073,2,180.,
 3,0.,0\H,3,1.6686730073,1,180.,4,0.,0\H,9,1.6686730073,3,180.,4,0.,0\H
 ,8,1.6686730073,4,180.,3,0.,0\H,7,1.6686730073,6,180.,3,0.,0\\Version=
 ES64L-G09RevE.01\State=1-AG\HF=-5.6924037\MP2=-6.3760124\RMSD=5.652e-1
 0\Dipole=0.,0.,0.\Quadrupole=2.1012389,2.1376693,-4.2389082,0.,-1.1765
 458,0.\PG=C02H [SGH(H12)]\\@


 COMMON SENSE IS NOT SO COMMON.   -- VOLTAIRE
 Job cpu time:       0 days  0 hours  0 minutes  1.0 seconds.
 File lengths (MBytes):  RWF=     84 Int=      0 D2E=      0 Chk=      2 Scr=      2
 Normal termination of Gaussian 09 at Fri Feb 17 15:07:21 2017.
