 Entering Gaussian System, Link 0=g09
 AtFile(1): H.gbs
            H     0
            S   10   1.00
               1000.000000000000            0.000068713567
                316.227766000000            0.000169141320
                100.000000000000            0.000823394812
                 31.622776600000            0.003425569236
                 10.000000000000            0.013951996000
                  3.162277660000            0.056909313560
                  1.000000000000            0.198286399900
                  0.316227766000            0.496922426700
                  0.100000000000            0.369846276400
                  0.031622776600            0.003752720039
            ****
 Initial command:
 /projects/guscus/apps/gau/g09-e1/g09/l1.exe "/users/lcj1/gaussian/h12/rhfstability/rect/guess/ag2bu4/Gau-22666.inp" -scrdir="/users/lcj1/gaussian/h12/rhfstability/rect/guess/ag2bu4/"
 Entering Link 1 = /projects/guscus/apps/gau/g09-e1/g09/l1.exe PID=     22667.
  
 Copyright (c) 1988,1990,1992,1993,1995,1998,2003,2009,2015,
            Gaussian, Inc.  All Rights Reserved.
  
 This is part of the Gaussian(R) 09 program.  It is based on
 the Gaussian(R) 03 system (copyright 2003, Gaussian, Inc.),
 the Gaussian(R) 98 system (copyright 1998, Gaussian, Inc.),
 the Gaussian(R) 94 system (copyright 1995, Gaussian, Inc.),
 the Gaussian 92(TM) system (copyright 1992, Gaussian, Inc.),
 the Gaussian 90(TM) system (copyright 1990, Gaussian, Inc.),
 the Gaussian 88(TM) system (copyright 1988, Gaussian, Inc.),
 the Gaussian 86(TM) system (copyright 1986, Carnegie Mellon
 University), and the Gaussian 82(TM) system (copyright 1983,
 Carnegie Mellon University). Gaussian is a federally registered
 trademark of Gaussian, Inc.
  
 This software contains proprietary and confidential information,
 including trade secrets, belonging to Gaussian, Inc.
  
 This software is provided under written license and may be
 used, copied, transmitted, or stored only in accord with that
 written license.
  
 The following legend is applicable only to US Government
 contracts under FAR:
  
                    RESTRICTED RIGHTS LEGEND
  
 Use, reproduction and disclosure by the US Government is
 subject to restrictions as set forth in subparagraphs (a)
 and (c) of the Commercial Computer Software - Restricted
 Rights clause in FAR 52.227-19.
  
 Gaussian, Inc.
 340 Quinnipiac St., Bldg. 40, Wallingford CT 06492
  
  
 ---------------------------------------------------------------
 Warning -- This program may not be used in any manner that
 competes with the business of Gaussian, Inc. or will provide
 assistance to any competitor of Gaussian, Inc.  The licensee
 of this program is prohibited from giving any competitor of
 Gaussian, Inc. access to this program.  By using this program,
 the user acknowledges that Gaussian, Inc. is engaged in the
 business of creating and licensing software in the field of
 computational chemistry and represents and warrants to the
 licensee that it is not a competitor of Gaussian, Inc. and that
 it will not use this program in any manner prohibited above.
 ---------------------------------------------------------------
  

 Cite this work as:
 Gaussian 09, Revision E.01,
 M. J. Frisch, G. W. Trucks, H. B. Schlegel, G. E. Scuseria, 
 M. A. Robb, J. R. Cheeseman, G. Scalmani, V. Barone, B. Mennucci, 
 G. A. Petersson, H. Nakatsuji, M. Caricato, X. Li, H. P. Hratchian, 
 A. F. Izmaylov, J. Bloino, G. Zheng, J. L. Sonnenberg, M. Hada, 
 M. Ehara, K. Toyota, R. Fukuda, J. Hasegawa, M. Ishida, T. Nakajima, 
 Y. Honda, O. Kitao, H. Nakai, T. Vreven, J. A. Montgomery, Jr., 
 J. E. Peralta, F. Ogliaro, M. Bearpark, J. J. Heyd, E. Brothers, 
 K. N. Kudin, V. N. Staroverov, T. Keith, R. Kobayashi, J. Normand, 
 K. Raghavachari, A. Rendell, J. C. Burant, S. S. Iyengar, J. Tomasi, 
 M. Cossi, N. Rega, J. M. Millam, M. Klene, J. E. Knox, J. B. Cross, 
 V. Bakken, C. Adamo, J. Jaramillo, R. Gomperts, R. E. Stratmann, 
 O. Yazyev, A. J. Austin, R. Cammi, C. Pomelli, J. W. Ochterski, 
 R. L. Martin, K. Morokuma, V. G. Zakrzewski, G. A. Voth, 
 P. Salvador, J. J. Dannenberg, S. Dapprich, A. D. Daniels, 
 O. Farkas, J. B. Foresman, J. V. Ortiz, J. Cioslowski, 
 and D. J. Fox, Gaussian, Inc., Wallingford CT, 2013.
 
 ******************************************
 Gaussian 09:  ES64L-G09RevE.01 30-Nov-2015
                17-Feb-2017 
 ******************************************
 %chk=h12.chk
 ----------------------------------------------------------------------
 #rhf/gen scf(symm,tight,novaracc,noincfock,fulldiag) stable(crhf) gues
 s=read geom=nocrowd test
 ----------------------------------------------------------------------
 1/38=1/1;
 2/12=1,17=6,18=5,40=1/2;
 3/5=7,16=1,25=1,30=1,116=1/1,2,3;
 4/5=1,9=4/1;
 5/5=100002,15=2,16=1,32=2,38=6/2;
 8/6=1,10=90,11=11/1,4;
 9/8=4,13=1/2;
 6/7=2,8=2,9=2,10=2,28=1/1;
 99/5=1,9=1/99;
 ----------------------------------------------------------------------
 hf stability analysis of h12 triangular lattice, y= 0.6807147699477958
 9
 ----------------------------------------------------------------------
 Symbolic Z-matrix:
 Charge =  0 Multiplicity = 1
 H
 H                    1     1.08754 
 H                    1     1.08754  2     102.5 
 H                    2     1.08754  1     77.5     3     0.       0
 H                    2     1.08754  1     180.     3     0.       0
 H                    4     1.08754  3     180.     5     0.       0
 H                    6     1.08754  5     180.     3     0.       0
 H                    4     1.08754  2     180.     3     0.       0
 H                    3     1.08754  1     180.     4     0.       0
 H                    9     1.08754  3     180.     4     0.       0
 H                    8     1.08754  4     180.     3     0.       0
 H                    7     1.08754  6     180.     3     0.       0
 
                          Input orientation:                          
 ---------------------------------------------------------------------
 Center     Atomic      Atomic             Coordinates (Angstroms)
 Number     Number       Type             X           Y           Z
 ---------------------------------------------------------------------
      1          1           0        0.000000    0.000000    0.000000
      2          1           0        0.000000    0.000000    1.087537
      3          1           0        1.061758    0.000000   -0.235386
      4          1           0        1.061758    0.000000    0.852151
      5          1           0        0.000000    0.000000    2.175073
      6          1           0        1.061758    0.000000    1.939687
      7          1           0        2.123515    0.000000    1.704301
      8          1           0        2.123515    0.000000    0.616765
      9          1           0        2.123515    0.000000   -0.470772
     10          1           0        3.185273    0.000000   -0.706158
     11          1           0        3.185273    0.000000    0.381379
     12          1           0        3.185273    0.000000    1.468915
 ---------------------------------------------------------------------
                    Distance matrix (angstroms):
                    1          2          3          4          5
     1  H    0.000000
     2  H    1.087537   0.000000
     3  H    1.087537   1.696306   0.000000
     4  H    1.361430   1.087537   1.087537   0.000000
     5  H    2.175073   1.087537   2.633941   1.696306   0.000000
     6  H    2.211270   1.361430   2.175073   1.087537   1.087537
     7  H    2.722859   2.211270   2.211270   1.361430   2.175073
     8  H    2.211270   2.175073   1.361430   1.087537   2.633941
     9  H    2.175073   2.633941   1.087537   1.696306   3.392612
    10  H    3.262610   3.655586   2.175073   2.633941   4.295051
    11  H    3.208024   3.262610   2.211270   2.175073   3.655586
    12  H    3.507660   3.208024   2.722859   2.211270   3.262610
                    6          7          8          9         10
     6  H    0.000000
     7  H    1.087537   0.000000
     8  H    1.696306   1.087537   0.000000
     9  H    2.633941   2.175073   1.087537   0.000000
    10  H    3.392612   2.633941   1.696306   1.087537   0.000000
    11  H    2.633941   1.696306   1.087537   1.361430   1.087537
    12  H    2.175073   1.087537   1.361430   2.211270   2.175073
                   11         12
    11  H    0.000000
    12  H    1.087537   0.000000
 Stoichiometry    H12
 Framework group  C2H[SGH(H12)]
 Deg. of freedom    11
 Full point group                 C2H     NOp   4
 Largest Abelian subgroup         C2H     NOp   4
 Largest concise Abelian subgroup C2      NOp   2
                         Standard orientation:                         
 ---------------------------------------------------------------------
 Center     Atomic      Atomic             Coordinates (Angstroms)
 Number     Number       Type             X           Y           Z
 ---------------------------------------------------------------------
      1          1           0        1.061758    1.395919    0.000000
      2          1           0        0.000000    1.631305    0.000000
      3          1           0        1.061758    0.308382    0.000000
      4          1           0        0.000000    0.543768    0.000000
      5          1           0       -1.061758    1.866691    0.000000
      6          1           0       -1.061758    0.779154    0.000000
      7          1           0       -1.061758   -0.308382    0.000000
      8          1           0       -0.000000   -0.543768    0.000000
      9          1           0        1.061758   -0.779154    0.000000
     10          1           0        1.061758   -1.866691    0.000000
     11          1           0       -0.000000   -1.631305    0.000000
     12          1           0       -1.061758   -1.395919    0.000000
 ---------------------------------------------------------------------
 Rotational constants (GHZ):     58.2987030     26.9578491     18.4338634
 General basis read from cards:  (5D, 7F)
 There are     6 symmetry adapted cartesian basis functions of AG  symmetry.
 There are     0 symmetry adapted cartesian basis functions of BG  symmetry.
 There are     0 symmetry adapted cartesian basis functions of AU  symmetry.
 There are     6 symmetry adapted cartesian basis functions of BU  symmetry.
 There are     6 symmetry adapted basis functions of AG  symmetry.
 There are     0 symmetry adapted basis functions of BG  symmetry.
 There are     0 symmetry adapted basis functions of AU  symmetry.
 There are     6 symmetry adapted basis functions of BU  symmetry.
    12 basis functions,   120 primitive gaussians,    12 cartesian basis functions
     6 alpha electrons        6 beta electrons
       nuclear repulsion energy        20.0709807317 Hartrees.
 NAtoms=   12 NActive=   12 NUniq=    6 SFac= 4.00D+00 NAtFMM=   60 NAOKFM=F Big=F
 Integral buffers will be    131072 words long.
 Regular integral format.
 Two-electron integral symmetry is turned on.
 One-electron integrals computed using PRISM.
 NBasis=    12 RedAO= T EigKep=  1.19D-01  NBF=     6     0     0     6
 NBsUse=    12 1.00D-06 EigRej= -1.00D+00 NBFU=     6     0     0     6
 Initial guess from the checkpoint file:  "h12.chk"
 B after Tr=    -0.000000   -0.000000    0.000000
         Rot=    0.999999   -0.000000    0.000000   -0.001518 Ang=  -0.17 deg.
 Initial guess orbital symmetries:
       Occupied  (AG) (BU) (BU) (AG) (BU) (BU)
       Virtual   (AG) (AG) (BU) (AG) (AG) (BU)
 Keep R1 ints in memory in symmetry-blocked form, NReq=903672.
 Requested convergence on RMS density matrix=1.00D-08 within 128 cycles.
 Requested convergence on MAX density matrix=1.00D-06.
 Requested convergence on             energy=1.00D-06.
 No special actions if energy rises.
 SCF Done:  E(RHF) =  -5.04768873802     A.U. after   11 cycles
            NFock= 11  Conv=0.22D-08     -V/T= 1.6695
 Range of M.O.s used for correlation:     1    12
 NBasis=    12 NAE=     6 NBE=     6 NFC=     0 NFV=     0
 NROrb=     12 NOA=     6 NOB=     6 NVA=     6 NVB=     6

 **** Warning!!: The smallest alpha delta epsilon is -0.13200647D+00

 Semi-Direct transformation.
 ModeAB=           4 MOrb=             6 LenV=     134084367
 LASXX=         2181 LTotXX=        2181 LenRXX=        5115
 LTotAB=        2934 MaxLAS=        3024 LenRXY=           0
 NonZer=        7296 LenScr=      655360 LnRSAI=        3024
 LnScr1=      655360 LExtra=           0 Total=      1318859
 MaxDsk=          -1 SrtSym=           T ITran=            3
 JobTyp=0 Pass  1:  I=   1 to   6.
 (rs|ai) integrals will be sorted in core.
 Spin components of T(2) and E(2):
     alpha-alpha T2 =       0.1389520857D-01 E2=     -0.1534783163D-01
     alpha-beta  T2 =       0.1069096392D+01 E2=     -0.1373846592D+00
     beta-beta   T2 =       0.1389520857D-01 E2=     -0.1534783163D-01
 ANorm=    0.1448063123D+01
 E2 =    -0.1680803225D+00 EUMP2 =    -0.52157690605211D+01
 Second order stability test of a single determinant RHF wave function:
 Stabil:  MDV=134217728
 ***********************************************************************
 Matrix         Lowest Root    Major Pairs
 ***********************************************************************
 Internal RHF    -0.3248055    6A=7A 5A=7A 3A=7A
 RRHF --> CRHF   -0.3845248    6A=7A
 RRHF --> RUHF   -0.5510331    6A=7B
 Not stable.
 ***********************************************************************

 **********************************************************************

            Population analysis using the SCF density.

 **********************************************************************

 Orbital symmetries:
       Occupied  (AG) (BU) (BU) (AG) (BU) (BU)
       Virtual   (AG) (AG) (BU) (AG) (AG) (BU)
 The electronic state is 1-AG.
 Alpha  occ. eigenvalues --   -0.90570  -0.73154  -0.60245  -0.50008  -0.18703
 Alpha  occ. eigenvalues --   -0.08281
 Alpha virt. eigenvalues --   -0.21482   0.07474   0.28680   0.40915   0.59857
 Alpha virt. eigenvalues --    0.91223
          Condensed to atoms (all electrons):
               1          2          3          4          5          6
     1  H    1.001142   0.329738  -0.441768  -0.167027  -0.079934  -0.030319
     2  H    0.329738   0.965025  -0.216228  -0.418683   0.329669  -0.107475
     3  H   -0.441768  -0.216228   1.675584   0.599005   0.014376   0.016115
     4  H   -0.167027  -0.418683   0.599005   1.833154  -0.216803   0.552461
     5  H   -0.079934   0.329669   0.014376  -0.216803   1.397033  -0.200205
     6  H   -0.030319  -0.107475   0.016115   0.552461  -0.200205   0.811784
     7  H    0.060286   0.039300  -0.199942  -0.246887  -0.111035  -0.015082
     8  H    0.057994   0.072128  -0.246887  -0.746177   0.031699  -0.262162
     9  H    0.039729   0.033360  -0.015082  -0.262162   0.013410  -0.072777
    10  H    0.025611   0.002696  -0.111035   0.031699  -0.006040   0.013410
    11  H   -0.016347  -0.007376   0.039300   0.072128   0.002696   0.033360
    12  H   -0.026657  -0.016347   0.060286   0.057994   0.025611   0.039729
               7          8          9         10         11         12
     1  H    0.060286   0.057994   0.039729   0.025611  -0.016347  -0.026657
     2  H    0.039300   0.072128   0.033360   0.002696  -0.007376  -0.016347
     3  H   -0.199942  -0.246887  -0.015082  -0.111035   0.039300   0.060286
     4  H   -0.246887  -0.746177  -0.262162   0.031699   0.072128   0.057994
     5  H   -0.111035   0.031699   0.013410  -0.006040   0.002696   0.025611
     6  H   -0.015082  -0.262162  -0.072777   0.013410   0.033360   0.039729
     7  H    1.675584   0.599005   0.016115   0.014376  -0.216228  -0.441768
     8  H    0.599005   1.833154   0.552461  -0.216803  -0.418683  -0.167027
     9  H    0.016115   0.552461   0.811784  -0.200205  -0.107475  -0.030319
    10  H    0.014376  -0.216803  -0.200205   1.397033   0.329669  -0.079934
    11  H   -0.216228  -0.418683  -0.107475   0.329669   0.965025   0.329738
    12  H   -0.441768  -0.167027  -0.030319  -0.079934   0.329738   1.001142
 Mulliken charges:
               1
     1  H    0.247552
     2  H   -0.005806
     3  H   -0.173723
     4  H   -0.088703
     5  H   -0.200478
     6  H    0.221158
     7  H   -0.173723
     8  H   -0.088703
     9  H    0.221158
    10  H   -0.200478
    11  H   -0.005806
    12  H    0.247552
 Sum of Mulliken charges =  -0.00000
 Mulliken charges with hydrogens summed into heavy atoms:
               1
 Electronic spatial extent (au):  <R**2>=            136.0176
 Charge=             -0.0000 electrons
 Dipole moment (field-independent basis, Debye):
    X=             -0.0000    Y=              0.0000    Z=              0.0000  Tot=              0.0000
 Quadrupole moment (field-independent basis, Debye-Ang):
   XX=            -13.0152   YY=            -24.7759   ZZ=            -14.4960
   XY=              5.3143   XZ=              0.0000   YZ=             -0.0000
 Traceless Quadrupole moment (field-independent basis, Debye-Ang):
   XX=              4.4138   YY=             -7.3469   ZZ=              2.9331
   XY=              5.3143   XZ=              0.0000   YZ=             -0.0000
 Octapole moment (field-independent basis, Debye-Ang**2):
  XXX=             -0.0000  YYY=              0.0000  ZZZ=             -0.0000  XYY=             -0.0000
  XXY=              0.0000  XXZ=             -0.0000  XZZ=              0.0000  YZZ=              0.0000
  YYZ=             -0.0000  XYZ=              0.0000
 Hexadecapole moment (field-independent basis, Debye-Ang**3):
 XXXX=            -77.9169 YYYY=           -242.5724 ZZZZ=            -16.7993 XXXY=             17.4082
 XXXZ=              0.0000 YYYX=             36.5027 YYYZ=             -0.0000 ZZZX=             -0.0000
 ZZZY=             -0.0000 XXYY=            -47.8298 XXZZ=            -16.4657 YYZZ=            -32.0844
 XXYZ=             -0.0000 YYXZ=              0.0000 ZZXY=              4.0557
 N-N= 2.007098073167D+01 E-N=-5.175762499083D+01  KE= 7.539521081445D+00
 Symmetry AG   KE= 1.637540599290D+00
 Symmetry BG   KE= 0.000000000000D+00
 Symmetry AU   KE= 0.000000000000D+00
 Symmetry BU   KE= 5.901980482154D+00

 Test job not archived.
 1\1\GINC-SULU\Stability\RHF\Gen\H12\LCJ1\17-Feb-2017\0\\#rhf/gen scf(s
 ymm,tight,novaracc,noincfock,fulldiag) stable(crhf) guess=read geom=no
 crowd test\\hf stability analysis of h12 triangular lattice, y= 0.6807
 1476994779589\\0,1\H\H,1,1.0875367105\H,1,1.0875367105,2,102.5\H,2,1.0
 875367105,1,77.5,3,0.,0\H,2,1.0875367105,1,180.,3,0.,0\H,4,1.087536710
 5,3,180.,5,0.,0\H,6,1.0875367105,5,180.,3,0.,0\H,4,1.0875367105,2,180.
 ,3,0.,0\H,3,1.0875367105,1,180.,4,0.,0\H,9,1.0875367105,3,180.,4,0.,0\
 H,8,1.0875367105,4,180.,3,0.,0\H,7,1.0875367105,6,180.,3,0.,0\\Version
 =ES64L-G09RevE.01\State=1-AG\HF=-5.0476887\MP2=-5.2157691\RMSD=2.244e-
 09\Dipole=0.,0.,0.\Quadrupole=-3.3828327,2.180656,1.2021767,0.,5.42849
 83,0.\PG=C02H [SGH(H12)]\\@


 MICRO CREDO - NEVER TRUST A COMPUTER BIGGER
               BIGGER THAN YOU CAN LIFT.
 Job cpu time:       0 days  0 hours  0 minutes  1.1 seconds.
 File lengths (MBytes):  RWF=     84 Int=      0 D2E=      0 Chk=      2 Scr=      2
 Normal termination of Gaussian 09 at Fri Feb 17 14:59:17 2017.
