 Entering Gaussian System, Link 0=g09
 AtFile(1): H.gbs
            H     0
            S   10   1.00
               1000.000000000000            0.000068713567
                316.227766000000            0.000169141320
                100.000000000000            0.000823394812
                 31.622776600000            0.003425569236
                 10.000000000000            0.013951996000
                  3.162277660000            0.056909313560
                  1.000000000000            0.198286399900
                  0.316227766000            0.496922426700
                  0.100000000000            0.369846276400
                  0.031622776600            0.003752720039
            ****
 Initial command:
 /projects/guscus/apps/gau/g09-e1/g09/l1.exe "/users/lcj1/gaussian/h12/rhfstability/rect/guess/ag2bu4/Gau-8544.inp" -scrdir="/users/lcj1/gaussian/h12/rhfstability/rect/guess/ag2bu4/"
 Entering Link 1 = /projects/guscus/apps/gau/g09-e1/g09/l1.exe PID=      8545.
  
 Copyright (c) 1988,1990,1992,1993,1995,1998,2003,2009,2015,
            Gaussian, Inc.  All Rights Reserved.
  
 This is part of the Gaussian(R) 09 program.  It is based on
 the Gaussian(R) 03 system (copyright 2003, Gaussian, Inc.),
 the Gaussian(R) 98 system (copyright 1998, Gaussian, Inc.),
 the Gaussian(R) 94 system (copyright 1995, Gaussian, Inc.),
 the Gaussian 92(TM) system (copyright 1992, Gaussian, Inc.),
 the Gaussian 90(TM) system (copyright 1990, Gaussian, Inc.),
 the Gaussian 88(TM) system (copyright 1988, Gaussian, Inc.),
 the Gaussian 86(TM) system (copyright 1986, Carnegie Mellon
 University), and the Gaussian 82(TM) system (copyright 1983,
 Carnegie Mellon University). Gaussian is a federally registered
 trademark of Gaussian, Inc.
  
 This software contains proprietary and confidential information,
 including trade secrets, belonging to Gaussian, Inc.
  
 This software is provided under written license and may be
 used, copied, transmitted, or stored only in accord with that
 written license.
  
 The following legend is applicable only to US Government
 contracts under FAR:
  
                    RESTRICTED RIGHTS LEGEND
  
 Use, reproduction and disclosure by the US Government is
 subject to restrictions as set forth in subparagraphs (a)
 and (c) of the Commercial Computer Software - Restricted
 Rights clause in FAR 52.227-19.
  
 Gaussian, Inc.
 340 Quinnipiac St., Bldg. 40, Wallingford CT 06492
  
  
 ---------------------------------------------------------------
 Warning -- This program may not be used in any manner that
 competes with the business of Gaussian, Inc. or will provide
 assistance to any competitor of Gaussian, Inc.  The licensee
 of this program is prohibited from giving any competitor of
 Gaussian, Inc. access to this program.  By using this program,
 the user acknowledges that Gaussian, Inc. is engaged in the
 business of creating and licensing software in the field of
 computational chemistry and represents and warrants to the
 licensee that it is not a competitor of Gaussian, Inc. and that
 it will not use this program in any manner prohibited above.
 ---------------------------------------------------------------
  

 Cite this work as:
 Gaussian 09, Revision E.01,
 M. J. Frisch, G. W. Trucks, H. B. Schlegel, G. E. Scuseria, 
 M. A. Robb, J. R. Cheeseman, G. Scalmani, V. Barone, B. Mennucci, 
 G. A. Petersson, H. Nakatsuji, M. Caricato, X. Li, H. P. Hratchian, 
 A. F. Izmaylov, J. Bloino, G. Zheng, J. L. Sonnenberg, M. Hada, 
 M. Ehara, K. Toyota, R. Fukuda, J. Hasegawa, M. Ishida, T. Nakajima, 
 Y. Honda, O. Kitao, H. Nakai, T. Vreven, J. A. Montgomery, Jr., 
 J. E. Peralta, F. Ogliaro, M. Bearpark, J. J. Heyd, E. Brothers, 
 K. N. Kudin, V. N. Staroverov, T. Keith, R. Kobayashi, J. Normand, 
 K. Raghavachari, A. Rendell, J. C. Burant, S. S. Iyengar, J. Tomasi, 
 M. Cossi, N. Rega, J. M. Millam, M. Klene, J. E. Knox, J. B. Cross, 
 V. Bakken, C. Adamo, J. Jaramillo, R. Gomperts, R. E. Stratmann, 
 O. Yazyev, A. J. Austin, R. Cammi, C. Pomelli, J. W. Ochterski, 
 R. L. Martin, K. Morokuma, V. G. Zakrzewski, G. A. Voth, 
 P. Salvador, J. J. Dannenberg, S. Dapprich, A. D. Daniels, 
 O. Farkas, J. B. Foresman, J. V. Ortiz, J. Cioslowski, 
 and D. J. Fox, Gaussian, Inc., Wallingford CT, 2013.
 
 ******************************************
 Gaussian 09:  ES64L-G09RevE.01 30-Nov-2015
                17-Feb-2017 
 ******************************************
 %chk=h12.chk
 ----------------------------------------------------------------------
 #rhf/gen scf(symm,tight,novaracc,noincfock,fulldiag) stable(crhf) gues
 s=read geom=nocrowd test
 ----------------------------------------------------------------------
 1/38=1/1;
 2/12=1,17=6,18=5,40=1/2;
 3/5=7,16=1,25=1,30=1,116=1/1,2,3;
 4/5=1,9=4/1;
 5/5=100002,15=2,16=1,32=2,38=6/2;
 8/6=1,10=90,11=11/1,4;
 9/8=4,13=1/2;
 6/7=2,8=2,9=2,10=2,28=1/1;
 99/5=1,9=1/99;
 ----------------------------------------------------------------------
 hf stability analysis of h12 triangular lattice, y= 0.2980984873290020
 2
 ----------------------------------------------------------------------
 Symbolic Z-matrix:
 Charge =  0 Multiplicity = 1
 H
 H                    1     1.95958 
 H                    1     1.95958  2     162.5 
 H                    2     1.95958  1     17.5     3     0.       0
 H                    2     1.95958  1     180.     3     0.       0
 H                    4     1.95958  3     180.     5     0.       0
 H                    6     1.95958  5     180.     3     0.       0
 H                    4     1.95958  2     180.     3     0.       0
 H                    3     1.95958  1     180.     4     0.       0
 H                    9     1.95958  3     180.     4     0.       0
 H                    8     1.95958  4     180.     3     0.       0
 H                    7     1.95958  6     180.     3     0.       0
 
                          Input orientation:                          
 ---------------------------------------------------------------------
 Center     Atomic      Atomic             Coordinates (Angstroms)
 Number     Number       Type             X           Y           Z
 ---------------------------------------------------------------------
      1          1           0        0.000000    0.000000    0.000000
      2          1           0        0.000000    0.000000    1.959584
      3          1           0        0.589258    0.000000   -1.868888
      4          1           0        0.589258    0.000000    0.090696
      5          1           0        0.000000    0.000000    3.919167
      6          1           0        0.589258    0.000000    2.050279
      7          1           0        1.178516    0.000000    0.181391
      8          1           0        1.178516    0.000000   -1.778193
      9          1           0        1.178516    0.000000   -3.737776
     10          1           0        1.767774    0.000000   -5.606664
     11          1           0        1.767774    0.000000   -3.647081
     12          1           0        1.767774    0.000000   -1.687497
 ---------------------------------------------------------------------
                    Distance matrix (angstroms):
                    1          2          3          4          5
     1  H    0.000000
     2  H    1.959584   0.000000
     3  H    1.959584   3.873554   0.000000
     4  H    0.596197   1.959584   1.959584   0.000000
     5  H    3.919167   1.959584   5.817973   3.873554   0.000000
     6  H    2.133277   0.596197   3.919167   1.959584   1.959584
     7  H    1.192394   2.133277   2.133277   0.596197   3.919167
     8  H    2.133277   3.919167   0.596197   1.959584   5.817973
     9  H    3.919167   5.817973   1.959584   3.873554   7.747108
    10  H    5.878751   7.770015   3.919167   5.817973   9.688472
    11  H    4.052928   5.878751   2.133277   3.919167   7.770015
    12  H    2.443905   4.052928   1.192394   2.133277   5.878751
                    6          7          8          9         10
     6  H    0.000000
     7  H    1.959584   0.000000
     8  H    3.873554   1.959584   0.000000
     9  H    5.817973   3.919167   1.959584   0.000000
    10  H    7.747108   5.817973   3.873554   1.959584   0.000000
    11  H    5.817973   3.873554   1.959584   0.596197   1.959584
    12  H    3.919167   1.959584   0.596197   2.133277   3.919167
                   11         12
    11  H    0.000000
    12  H    1.959584   0.000000
 Stoichiometry    H12
 Framework group  C2H[SGH(H12)]
 Deg. of freedom    11
 Full point group                 C2H     NOp   4
 Largest Abelian subgroup         C2H     NOp   4
 Largest concise Abelian subgroup C2      NOp   2
                         Standard orientation:                         
 ---------------------------------------------------------------------
 Center     Atomic      Atomic             Coordinates (Angstroms)
 Number     Number       Type             X           Y           Z
 ---------------------------------------------------------------------
      1          1           0        0.589258    1.070487    0.000000
      2          1           0        0.000000    2.939375    0.000000
      3          1           0        0.589258   -0.889096    0.000000
      4          1           0        0.000000    0.979792    0.000000
      5          1           0       -0.589258    4.808263    0.000000
      6          1           0       -0.589258    2.848680    0.000000
      7          1           0       -0.589258    0.889096    0.000000
      8          1           0       -0.000000   -0.979792   -0.000000
      9          1           0        0.589258   -2.848680   -0.000000
     10          1           0        0.589258   -4.808263   -0.000000
     11          1           0       -0.000000   -2.939375   -0.000000
     12          1           0       -0.589258   -1.070487   -0.000000
 ---------------------------------------------------------------------
 Rotational constants (GHZ):    271.0016346      5.7992554      5.6777552
 General basis read from cards:  (5D, 7F)
 There are     6 symmetry adapted cartesian basis functions of AG  symmetry.
 There are     0 symmetry adapted cartesian basis functions of BG  symmetry.
 There are     0 symmetry adapted cartesian basis functions of AU  symmetry.
 There are     6 symmetry adapted cartesian basis functions of BU  symmetry.
 There are     6 symmetry adapted basis functions of AG  symmetry.
 There are     0 symmetry adapted basis functions of BG  symmetry.
 There are     0 symmetry adapted basis functions of AU  symmetry.
 There are     6 symmetry adapted basis functions of BU  symmetry.
    12 basis functions,   120 primitive gaussians,    12 cartesian basis functions
     6 alpha electrons        6 beta electrons
       nuclear repulsion energy        16.4220477199 Hartrees.
 NAtoms=   12 NActive=   12 NUniq=    6 SFac= 4.00D+00 NAtFMM=   60 NAOKFM=F Big=F
 Integral buffers will be    131072 words long.
 Regular integral format.
 Two-electron integral symmetry is turned on.
 One-electron integrals computed using PRISM.
 NBasis=    12 RedAO= T EigKep=  5.88D-02  NBF=     6     0     0     6
 NBsUse=    12 1.00D-06 EigRej= -1.00D+00 NBFU=     6     0     0     6
 Initial guess from the checkpoint file:  "h12.chk"
 B after Tr=    -0.000000   -0.000000   -0.000000
         Rot=    0.999999   -0.000000   -0.000000   -0.001518 Ang=  -0.17 deg.
 Initial guess orbital symmetries:
       Occupied  (AG) (BU) (AG) (BU) (BU) (BU)
       Virtual   (AG) (AG) (BU) (AG) (AG) (BU)
 Keep R1 ints in memory in symmetry-blocked form, NReq=896098.
 Requested convergence on RMS density matrix=1.00D-08 within 128 cycles.
 Requested convergence on MAX density matrix=1.00D-06.
 Requested convergence on             energy=1.00D-06.
 No special actions if energy rises.
 SCF Done:  E(RHF) =  -5.34855795329     A.U. after    6 cycles
            NFock=  6  Conv=0.36D-08     -V/T= 1.8441
 Range of M.O.s used for correlation:     1    12
 NBasis=    12 NAE=     6 NBE=     6 NFC=     0 NFV=     0
 NROrb=     12 NOA=     6 NOB=     6 NVA=     6 NVB=     6

 **** Warning!!: The smallest alpha delta epsilon is  0.54571376D-01

 Semi-Direct transformation.
 ModeAB=           4 MOrb=             6 LenV=     134092389
 LASXX=         2181 LTotXX=        2181 LenRXX=        5115
 LTotAB=        2934 MaxLAS=        3024 LenRXY=           0
 NonZer=        7296 LenScr=      655360 LnRSAI=        3024
 LnScr1=      655360 LExtra=           0 Total=      1318859
 MaxDsk=          -1 SrtSym=           T ITran=            3
 JobTyp=0 Pass  1:  I=   1 to   6.
 (rs|ai) integrals will be sorted in core.
 Spin components of T(2) and E(2):
     alpha-alpha T2 =       0.5042838263D-02 E2=     -0.4402716716D-02
     alpha-beta  T2 =       0.6991100316D+01 E2=     -0.8272201436D+00
     beta-beta   T2 =       0.5042838263D-02 E2=     -0.4402716716D-02
 ANorm=    0.2828636773D+01
 E2 =    -0.8360255770D+00 EUMP2 =    -0.61845835302966D+01
 Second order stability test of a single determinant RHF wave function:
 Stabil:  MDV=134217728
 ***********************************************************************
 Matrix         Lowest Root    Major Pairs
 ***********************************************************************
 Internal RHF     0.0289822    Stable
 RRHF --> CRHF   -0.0003587    6A=7A
 RRHF --> RUHF   -0.5764121    6A=7B
 Not stable.
 ***********************************************************************

 **********************************************************************

            Population analysis using the SCF density.

 **********************************************************************

 Orbital symmetries:
       Occupied  (AG) (BU) (AG) (BU) (BU) (BU)
       Virtual   (AG) (AG) (BU) (AG) (AG) (BU)
 The electronic state is 1-AG.
 Alpha  occ. eigenvalues --   -0.89633  -0.83188  -0.68477  -0.67840  -0.29105
 Alpha  occ. eigenvalues --   -0.19787
 Alpha virt. eigenvalues --   -0.14330   0.04434   0.52710   0.53736   1.04940
 Alpha virt. eigenvalues --    1.22524
          Condensed to atoms (all electrons):
               1          2          3          4          5          6
     1  H    0.937459  -0.000322   0.196874   0.236687   0.000156  -0.026888
     2  H   -0.000322   0.611545   0.001535  -0.037767  -0.030426   0.491617
     3  H    0.196874   0.001535   1.022420  -0.023802  -0.000009  -0.000796
     4  H    0.236687  -0.037767  -0.023802   1.031787   0.000558  -0.037225
     5  H    0.000156  -0.030426  -0.000009   0.000558   1.064174  -0.030034
     6  H   -0.026888   0.491617  -0.000796  -0.037225  -0.030034   0.602224
     7  H   -0.417591  -0.029718  -0.181553   0.253036   0.000205  -0.002037
     8  H   -0.012839   0.000543   0.253036  -0.042057  -0.000021   0.000560
     9  H    0.001230  -0.000011  -0.002037   0.000560   0.000003  -0.000017
    10  H   -0.000006   0.000003   0.000205  -0.000021  -0.000001   0.000003
    11  H   -0.000715  -0.000016  -0.029718   0.000543   0.000003  -0.000011
    12  H   -0.111566  -0.000715  -0.417591  -0.012839  -0.000006   0.001230
               7          8          9         10         11         12
     1  H   -0.417591  -0.012839   0.001230  -0.000006  -0.000715  -0.111566
     2  H   -0.029718   0.000543  -0.000011   0.000003  -0.000016  -0.000715
     3  H   -0.181553   0.253036  -0.002037   0.000205  -0.029718  -0.417591
     4  H    0.253036  -0.042057   0.000560  -0.000021   0.000543  -0.012839
     5  H    0.000205  -0.000021   0.000003  -0.000001   0.000003  -0.000006
     6  H   -0.002037   0.000560  -0.000017   0.000003  -0.000011   0.001230
     7  H    1.022420  -0.023802  -0.000796  -0.000009   0.001535   0.196874
     8  H   -0.023802   1.031787  -0.037225   0.000558  -0.037767   0.236687
     9  H   -0.000796  -0.037225   0.602224  -0.030034   0.491617  -0.026888
    10  H   -0.000009   0.000558  -0.030034   1.064174  -0.030426   0.000156
    11  H    0.001535  -0.037767   0.491617  -0.030426   0.611545  -0.000322
    12  H    0.196874   0.236687  -0.026888   0.000156  -0.000322   0.937459
 Mulliken charges:
               1
     1  H    0.197522
     2  H   -0.006268
     3  H    0.181435
     4  H   -0.369461
     5  H   -0.004602
     6  H    0.001373
     7  H    0.181435
     8  H   -0.369461
     9  H    0.001373
    10  H   -0.004602
    11  H   -0.006268
    12  H    0.197522
 Sum of Mulliken charges =  -0.00000
 Mulliken charges with hydrogens summed into heavy atoms:
               1
 Electronic spatial extent (au):  <R**2>=            353.3962
 Charge=             -0.0000 electrons
 Dipole moment (field-independent basis, Debye):
    X=              0.0000    Y=             -0.0000    Z=              0.0000  Tot=              0.0000
 Quadrupole moment (field-independent basis, Debye-Ang):
   XX=            -16.2555   YY=            -19.3824   ZZ=            -15.4766
   XY=              0.8217   XZ=              0.0000   YZ=             -0.0000
 Traceless Quadrupole moment (field-independent basis, Debye-Ang):
   XX=              0.7827   YY=             -2.3443   ZZ=              1.5616
   XY=              0.8217   XZ=              0.0000   YZ=             -0.0000
 Octapole moment (field-independent basis, Debye-Ang**2):
  XXX=              0.0000  YYY=              0.0000  ZZZ=              0.0000  XYY=             -0.0000
  XXY=             -0.0000  XXZ=              0.0000  XZZ=              0.0000  YZZ=              0.0000
  YYZ=              0.0000  XYZ=             -0.0000
 Hexadecapole moment (field-independent basis, Debye-Ang**3):
 XXXX=            -43.5824 YYYY=           -847.7988 ZZZZ=            -18.7511 XXXY=             34.5981
 XXXZ=              0.0000 YYYX=             55.8125 YYYZ=             -0.0000 ZZZX=              0.0000
 ZZZY=             -0.0000 XXYY=           -122.6053 XXZZ=            -10.3692 YYZZ=           -120.4900
 XXYZ=             -0.0000 YYXZ=              0.0000 ZZXY=             11.8953
 N-N= 1.642204771986D+01 E-N=-4.271694090094D+01  KE= 6.336363434380D+00
 Symmetry AG   KE= 1.614011048219D+00
 Symmetry BG   KE= 0.000000000000D+00
 Symmetry AU   KE= 0.000000000000D+00
 Symmetry BU   KE= 4.722352386160D+00

 Test job not archived.
 1\1\GINC-SULU\Stability\RHF\Gen\H12\LCJ1\17-Feb-2017\0\\#rhf/gen scf(s
 ymm,tight,novaracc,noincfock,fulldiag) stable(crhf) guess=read geom=no
 crowd test\\hf stability analysis of h12 triangular lattice, y= 0.2980
 9848732900202\\0,1\H\H,1,1.9595835102\H,1,1.9595835102,2,162.5\H,2,1.9
 595835102,1,17.5,3,0.,0\H,2,1.9595835102,1,180.,3,0.,0\H,4,1.959583510
 2,3,180.,5,0.,0\H,6,1.9595835102,5,180.,3,0.,0\H,4,1.9595835102,2,180.
 ,3,0.,0\H,3,1.9595835102,1,180.,4,0.,0\H,9,1.9595835102,3,180.,4,0.,0\
 H,8,1.9595835102,4,180.,3,0.,0\H,7,1.9595835102,6,180.,3,0.,0\\Version
 =ES64L-G09RevE.01\State=1-AG\HF=-5.348558\MP2=-6.1845835\RMSD=3.574e-0
 9\Dipole=0.,0.,0.\Quadrupole=0.7220855,1.1610085,-1.883094,0.,0.166292
 ,0.\PG=C02H [SGH(H12)]\\@


 HONESTY IN A LAWYER IS LIKE A HEN'S HIND LEGS.
  -- MAGNUS OLESON, LAKE WOBEGON PATRIARCH, C.1875
 Job cpu time:       0 days  0 hours  0 minutes  0.9 seconds.
 File lengths (MBytes):  RWF=     84 Int=      0 D2E=      0 Chk=      2 Scr=      2
 Normal termination of Gaussian 09 at Fri Feb 17 14:53:14 2017.
