 Entering Gaussian System, Link 0=g09
 AtFile(1): H.gbs
            H     0
            S   10   1.00
               1000.000000000000            0.000068713567
                316.227766000000            0.000169141320
                100.000000000000            0.000823394812
                 31.622776600000            0.003425569236
                 10.000000000000            0.013951996000
                  3.162277660000            0.056909313560
                  1.000000000000            0.198286399900
                  0.316227766000            0.496922426700
                  0.100000000000            0.369846276400
                  0.031622776600            0.003752720039
            ****
 Initial command:
 /projects/guscus/apps/gau/g09-e1/g09/l1.exe "/users/lcj1/gaussian/h12/rhfstability/rect/guess/ag2bu4/Gau-32753.inp" -scrdir="/users/lcj1/gaussian/h12/rhfstability/rect/guess/ag2bu4/"
 Entering Link 1 = /projects/guscus/apps/gau/g09-e1/g09/l1.exe PID=     32755.
  
 Copyright (c) 1988,1990,1992,1993,1995,1998,2003,2009,2015,
            Gaussian, Inc.  All Rights Reserved.
  
 This is part of the Gaussian(R) 09 program.  It is based on
 the Gaussian(R) 03 system (copyright 2003, Gaussian, Inc.),
 the Gaussian(R) 98 system (copyright 1998, Gaussian, Inc.),
 the Gaussian(R) 94 system (copyright 1995, Gaussian, Inc.),
 the Gaussian 92(TM) system (copyright 1992, Gaussian, Inc.),
 the Gaussian 90(TM) system (copyright 1990, Gaussian, Inc.),
 the Gaussian 88(TM) system (copyright 1988, Gaussian, Inc.),
 the Gaussian 86(TM) system (copyright 1986, Carnegie Mellon
 University), and the Gaussian 82(TM) system (copyright 1983,
 Carnegie Mellon University). Gaussian is a federally registered
 trademark of Gaussian, Inc.
  
 This software contains proprietary and confidential information,
 including trade secrets, belonging to Gaussian, Inc.
  
 This software is provided under written license and may be
 used, copied, transmitted, or stored only in accord with that
 written license.
  
 The following legend is applicable only to US Government
 contracts under FAR:
  
                    RESTRICTED RIGHTS LEGEND
  
 Use, reproduction and disclosure by the US Government is
 subject to restrictions as set forth in subparagraphs (a)
 and (c) of the Commercial Computer Software - Restricted
 Rights clause in FAR 52.227-19.
  
 Gaussian, Inc.
 340 Quinnipiac St., Bldg. 40, Wallingford CT 06492
  
  
 ---------------------------------------------------------------
 Warning -- This program may not be used in any manner that
 competes with the business of Gaussian, Inc. or will provide
 assistance to any competitor of Gaussian, Inc.  The licensee
 of this program is prohibited from giving any competitor of
 Gaussian, Inc. access to this program.  By using this program,
 the user acknowledges that Gaussian, Inc. is engaged in the
 business of creating and licensing software in the field of
 computational chemistry and represents and warrants to the
 licensee that it is not a competitor of Gaussian, Inc. and that
 it will not use this program in any manner prohibited above.
 ---------------------------------------------------------------
  

 Cite this work as:
 Gaussian 09, Revision E.01,
 M. J. Frisch, G. W. Trucks, H. B. Schlegel, G. E. Scuseria, 
 M. A. Robb, J. R. Cheeseman, G. Scalmani, V. Barone, B. Mennucci, 
 G. A. Petersson, H. Nakatsuji, M. Caricato, X. Li, H. P. Hratchian, 
 A. F. Izmaylov, J. Bloino, G. Zheng, J. L. Sonnenberg, M. Hada, 
 M. Ehara, K. Toyota, R. Fukuda, J. Hasegawa, M. Ishida, T. Nakajima, 
 Y. Honda, O. Kitao, H. Nakai, T. Vreven, J. A. Montgomery, Jr., 
 J. E. Peralta, F. Ogliaro, M. Bearpark, J. J. Heyd, E. Brothers, 
 K. N. Kudin, V. N. Staroverov, T. Keith, R. Kobayashi, J. Normand, 
 K. Raghavachari, A. Rendell, J. C. Burant, S. S. Iyengar, J. Tomasi, 
 M. Cossi, N. Rega, J. M. Millam, M. Klene, J. E. Knox, J. B. Cross, 
 V. Bakken, C. Adamo, J. Jaramillo, R. Gomperts, R. E. Stratmann, 
 O. Yazyev, A. J. Austin, R. Cammi, C. Pomelli, J. W. Ochterski, 
 R. L. Martin, K. Morokuma, V. G. Zakrzewski, G. A. Voth, 
 P. Salvador, J. J. Dannenberg, S. Dapprich, A. D. Daniels, 
 O. Farkas, J. B. Foresman, J. V. Ortiz, J. Cioslowski, 
 and D. J. Fox, Gaussian, Inc., Wallingford CT, 2013.
 
 ******************************************
 Gaussian 09:  ES64L-G09RevE.01 30-Nov-2015
                17-Feb-2017 
 ******************************************
 %chk=h12.chk
 ----------------------------------------------------------------------
 #rhf/gen scf(symm,tight,novaracc,noincfock,fulldiag) stable(crhf) gues
 s=read geom=nocrowd test
 ----------------------------------------------------------------------
 1/38=1/1;
 2/12=1,17=6,18=5,40=1/2;
 3/5=7,16=1,25=1,30=1,116=1/1,2,3;
 4/5=1,9=4/1;
 5/5=100002,15=2,16=1,32=2,38=6/2;
 8/6=1,10=90,11=11/1,4;
 9/8=4,13=1/2;
 6/7=2,8=2,9=2,10=2,28=1/1;
 99/5=1,9=1/99;
 ----------------------------------------------------------------------
 hf stability analysis of h12 triangular lattice, y= 0.9900233955345416
 6
 ----------------------------------------------------------------------
 Symbolic Z-matrix:
 Charge =  0 Multiplicity = 1
 H
 H                    1     1.14901 
 H                    1     1.14901  2     61. 
 H                    2     1.14901  1     119.     3     0.       0
 H                    2     1.14901  1     180.     3     0.       0
 H                    4     1.14901  3     180.     5     0.       0
 H                    6     1.14901  5     180.     3     0.       0
 H                    4     1.14901  2     180.     3     0.       0
 H                    3     1.14901  1     180.     4     0.       0
 H                    9     1.14901  3     180.     4     0.       0
 H                    8     1.14901  4     180.     3     0.       0
 H                    7     1.14901  6     180.     3     0.       0
 
                          Input orientation:                          
 ---------------------------------------------------------------------
 Center     Atomic      Atomic             Coordinates (Angstroms)
 Number     Number       Type             X           Y           Z
 ---------------------------------------------------------------------
      1          1           0        0.000000    0.000000    0.000000
      2          1           0        0.000000    0.000000    1.149013
      3          1           0        1.004950    0.000000    0.557053
      4          1           0        1.004950    0.000000    1.706066
      5          1           0        0.000000    0.000000    2.298027
      6          1           0        1.004950    0.000000    2.855079
      7          1           0        2.009899    0.000000    3.412132
      8          1           0        2.009899    0.000000    2.263119
      9          1           0        2.009899    0.000000    1.114105
     10          1           0        3.014849    0.000000    1.671158
     11          1           0        3.014849    0.000000    2.820171
     12          1           0        3.014849    0.000000    3.969185
 ---------------------------------------------------------------------
                    Distance matrix (angstroms):
                    1          2          3          4          5
     1  H    0.000000
     2  H    1.149013   0.000000
     3  H    1.149013   1.166337   0.000000
     4  H    1.980047   1.149013   1.149013   0.000000
     5  H    2.298027   1.149013   2.010202   1.166337   0.000000
     6  H    3.026781   1.980047   2.298027   1.149013   1.149013
     7  H    3.960094   3.026781   3.026781   1.980047   2.298027
     8  H    3.026781   2.298027   1.980047   1.149013   2.010202
     9  H    2.298027   2.010202   1.149013   1.166337   2.332673
    10  H    3.447040   3.059730   2.298027   2.010202   3.079331
    11  H    4.128278   3.447040   3.026781   2.298027   3.059730
    12  H    4.984350   4.128278   3.960094   3.026781   3.447040
                    6          7          8          9         10
     6  H    0.000000
     7  H    1.149013   0.000000
     8  H    1.166337   1.149013   0.000000
     9  H    2.010202   2.298027   1.149013   0.000000
    10  H    2.332673   2.010202   1.166337   1.149013   0.000000
    11  H    2.010202   1.166337   1.149013   1.980047   1.149013
    12  H    2.298027   1.149013   1.980047   3.026781   2.298027
                   11         12
    11  H    0.000000
    12  H    1.149013   0.000000
 Stoichiometry    H12
 Framework group  C2H[SGH(H12)]
 Deg. of freedom    11
 Full point group                 C2H     NOp   4
 Largest Abelian subgroup         C2H     NOp   4
 Largest concise Abelian subgroup C2      NOp   2
                         Standard orientation:                         
 ---------------------------------------------------------------------
 Center     Atomic      Atomic             Coordinates (Angstroms)
 Number     Number       Type             X           Y           Z
 ---------------------------------------------------------------------
      1          1           0        1.004950    2.280573   -0.000000
      2          1           0        0.000000    1.723520   -0.000000
      3          1           0        1.004950    1.131559   -0.000000
      4          1           0        0.000000    0.574507   -0.000000
      5          1           0       -1.004950    1.166467   -0.000000
      6          1           0       -1.004950    0.017454   -0.000000
      7          1           0       -1.004950   -1.131559   -0.000000
      8          1           0       -0.000000   -0.574507   -0.000000
      9          1           0        1.004950   -0.017454   -0.000000
     10          1           0        1.004950   -1.166467   -0.000000
     11          1           0       -0.000000   -1.723520   -0.000000
     12          1           0       -1.004950   -2.280573   -0.000000
 ---------------------------------------------------------------------
 Rotational constants (GHZ):     73.9015666     21.2662272     16.5140689
 General basis read from cards:  (5D, 7F)
 There are     6 symmetry adapted cartesian basis functions of AG  symmetry.
 There are     0 symmetry adapted cartesian basis functions of BG  symmetry.
 There are     0 symmetry adapted cartesian basis functions of AU  symmetry.
 There are     6 symmetry adapted cartesian basis functions of BU  symmetry.
 There are     6 symmetry adapted basis functions of AG  symmetry.
 There are     0 symmetry adapted basis functions of BG  symmetry.
 There are     0 symmetry adapted basis functions of AU  symmetry.
 There are     6 symmetry adapted basis functions of BU  symmetry.
    12 basis functions,   120 primitive gaussians,    12 cartesian basis functions
     6 alpha electrons        6 beta electrons
       nuclear repulsion energy        19.5862011392 Hartrees.
 NAtoms=   12 NActive=   12 NUniq=    6 SFac= 4.00D+00 NAtFMM=   60 NAOKFM=F Big=F
 Integral buffers will be    131072 words long.
 Regular integral format.
 Two-electron integral symmetry is turned on.
 One-electron integrals computed using PRISM.
 NBasis=    12 RedAO= T EigKep=  1.75D-01  NBF=     6     0     0     6
 NBsUse=    12 1.00D-06 EigRej= -1.00D+00 NBFU=     6     0     0     6
 Initial guess from the checkpoint file:  "h12.chk"
 B after Tr=    -0.000000    0.000000   -0.000000
         Rot=    0.999999    0.000000   -0.000000   -0.001518 Ang=  -0.17 deg.
 Initial guess orbital symmetries:
       Occupied  (AG) (BU) (BU) (AG) (BU) (BU)
       Virtual   (AG) (AG) (AG) (BU) (AG) (BU)
 Keep R1 ints in memory in symmetry-blocked form, NReq=903686.
 Requested convergence on RMS density matrix=1.00D-08 within 128 cycles.
 Requested convergence on MAX density matrix=1.00D-06.
 Requested convergence on             energy=1.00D-06.
 No special actions if energy rises.
 SCF Done:  E(RHF) =  -5.16060932314     A.U. after   10 cycles
            NFock= 10  Conv=0.41D-08     -V/T= 1.7110
 Range of M.O.s used for correlation:     1    12
 NBasis=    12 NAE=     6 NBE=     6 NFC=     0 NFV=     0
 NROrb=     12 NOA=     6 NOB=     6 NVA=     6 NVB=     6

 **** Warning!!: The smallest alpha delta epsilon is -0.16420867D+00

 Semi-Direct transformation.
 ModeAB=           4 MOrb=             6 LenV=     134084129
 LASXX=         2181 LTotXX=        2181 LenRXX=        5115
 LTotAB=        2934 MaxLAS=        3024 LenRXY=           0
 NonZer=        7296 LenScr=      655360 LnRSAI=        3024
 LnScr1=      655360 LExtra=           0 Total=      1318859
 MaxDsk=          -1 SrtSym=           T ITran=            3
 JobTyp=0 Pass  1:  I=   1 to   6.
 (rs|ai) integrals will be sorted in core.
 Spin components of T(2) and E(2):
     alpha-alpha T2 =       0.1852976035D-01 E2=     -0.1618138647D-01
     alpha-beta  T2 =       0.1077372774D+01 E2=     -0.1380017063D+00
     beta-beta   T2 =       0.1852976035D-01 E2=     -0.1618138647D-01
 ANorm=    0.1454108763D+01
 E2 =    -0.1703644792D+00 EUMP2 =    -0.53309738023578D+01
 Second order stability test of a single determinant RHF wave function:
 Stabil:  MDV=134217728
 ***********************************************************************
 Matrix         Lowest Root    Major Pairs
 ***********************************************************************
 Internal RHF    -0.3456638    6A=7A
 RRHF --> CRHF   -0.4093967    6A=7A
 RRHF --> RUHF   -0.5839328    6A=7B
 Not stable.
 ***********************************************************************

 **********************************************************************

            Population analysis using the SCF density.

 **********************************************************************

 Orbital symmetries:
       Occupied  (AG) (BU) (BU) (AG) (BU) (BU)
       Virtual   (AG) (AG) (AG) (BU) (AG) (BU)
 The electronic state is 1-AG.
 Alpha  occ. eigenvalues --   -0.92513  -0.73557  -0.59652  -0.52581  -0.25204
 Alpha  occ. eigenvalues --    0.00138
 Alpha virt. eigenvalues --   -0.16282   0.10913   0.28716   0.36158   0.56095
 Alpha virt. eigenvalues --    0.59902
          Condensed to atoms (all electrons):
               1          2          3          4          5          6
     1  H    1.057010   0.151391   0.173836  -0.139254  -0.057641   0.021124
     2  H    0.151391   1.704943  -0.402287  -0.430958   0.094272  -0.225793
     3  H    0.173836  -0.402287   1.240634   0.391513  -0.044559   0.064480
     4  H   -0.139254  -0.430958   0.391513   1.400626   0.202859   0.213401
     5  H   -0.057641   0.094272  -0.044559   0.202859   0.433818   0.021506
     6  H    0.021124  -0.225793   0.064480   0.213401   0.021506   1.564881
     7  H    0.000639   0.066926  -0.054263  -0.189623   0.024442  -0.344863
     8  H    0.019809   0.089265  -0.189623  -0.472369  -0.039429   0.006127
     9  H   -0.108877   0.148645  -0.344863   0.006127   0.016505  -0.259493
    10  H    0.008525  -0.013952   0.024442  -0.039429  -0.019221   0.016505
    11  H    0.002387  -0.036016   0.066926   0.089265  -0.013952   0.148645
    12  H   -0.001375   0.002387   0.000639   0.019809   0.008525  -0.108877
               7          8          9         10         11         12
     1  H    0.000639   0.019809  -0.108877   0.008525   0.002387  -0.001375
     2  H    0.066926   0.089265   0.148645  -0.013952  -0.036016   0.002387
     3  H   -0.054263  -0.189623  -0.344863   0.024442   0.066926   0.000639
     4  H   -0.189623  -0.472369   0.006127  -0.039429   0.089265   0.019809
     5  H    0.024442  -0.039429   0.016505  -0.019221  -0.013952   0.008525
     6  H   -0.344863   0.006127  -0.259493   0.016505   0.148645  -0.108877
     7  H    1.240634   0.391513   0.064480  -0.044559  -0.402287   0.173836
     8  H    0.391513   1.400626   0.213401   0.202859  -0.430958  -0.139254
     9  H    0.064480   0.213401   1.564881   0.021506  -0.225793   0.021124
    10  H   -0.044559   0.202859   0.021506   0.433818   0.094272  -0.057641
    11  H   -0.402287  -0.430958  -0.225793   0.094272   1.704943   0.151391
    12  H    0.173836  -0.139254   0.021124  -0.057641   0.151391   1.057010
 Mulliken charges:
               1
     1  H   -0.127572
     2  H   -0.148822
     3  H    0.073126
     4  H   -0.051966
     5  H    0.372876
     6  H   -0.117642
     7  H    0.073126
     8  H   -0.051966
     9  H   -0.117642
    10  H    0.372876
    11  H   -0.148822
    12  H   -0.127572
 Sum of Mulliken charges =   0.00000
 Mulliken charges with hydrogens summed into heavy atoms:
               1
 Electronic spatial extent (au):  <R**2>=            149.4288
 Charge=              0.0000 electrons
 Dipole moment (field-independent basis, Debye):
    X=             -0.0000    Y=             -0.0000    Z=             -0.0000  Tot=              0.0000
 Quadrupole moment (field-independent basis, Debye-Ang):
   XX=            -14.2570   YY=            -26.1564   ZZ=            -14.7226
   XY=             -7.1104   XZ=              0.0000   YZ=              0.0000
 Traceless Quadrupole moment (field-independent basis, Debye-Ang):
   XX=              4.1217   YY=             -7.7778   ZZ=              3.6561
   XY=             -7.1104   XZ=              0.0000   YZ=              0.0000
 Octapole moment (field-independent basis, Debye-Ang**2):
  XXX=              0.0000  YYY=             -0.0000  ZZZ=              0.0000  XYY=             -0.0000
  XXY=             -0.0000  XXZ=              0.0000  XZZ=              0.0000  YZZ=             -0.0000
  YYZ=              0.0000  XYZ=              0.0000
 Hexadecapole moment (field-independent basis, Debye-Ang**3):
 XXXX=            -78.3038 YYYY=           -285.1116 ZZZZ=            -17.2151 XXXY=            -31.6495
 XXXZ=              0.0000 YYYX=            -49.5104 YYYZ=              0.0000 ZZZX=              0.0000
 ZZZY=              0.0000 XXYY=            -51.5654 XXZZ=            -16.0842 YYZZ=            -37.7437
 XXYZ=              0.0000 YYXZ=              0.0000 ZZXY=             -7.6873
 N-N= 1.958620113925D+01 E-N=-5.068492219022D+01  KE= 7.258671817560D+00
 Symmetry AG   KE= 1.521115529851D+00
 Symmetry BG   KE= 0.000000000000D+00
 Symmetry AU   KE= 0.000000000000D+00
 Symmetry BU   KE= 5.737556287709D+00

 Test job not archived.
 1\1\GINC-SULU\Stability\RHF\Gen\H12\LCJ1\17-Feb-2017\0\\#rhf/gen scf(s
 ymm,tight,novaracc,noincfock,fulldiag) stable(crhf) guess=read geom=no
 crowd test\\hf stability analysis of h12 triangular lattice, y= 0.9900
 2339553454166\\0,1\H\H,1,1.1490133159\H,1,1.1490133159,2,61.\H,2,1.149
 0133159,1,119.,3,0.,0\H,2,1.1490133159,1,180.,3,0.,0\H,4,1.1490133159,
 3,180.,5,0.,0\H,6,1.1490133159,5,180.,3,0.,0\H,4,1.1490133159,2,180.,3
 ,0.,0\H,3,1.1490133159,1,180.,4,0.,0\H,9,1.1490133159,3,180.,4,0.,0\H,
 8,1.1490133159,4,180.,3,0.,0\H,7,1.1490133159,6,180.,3,0.,0\\Version=E
 S64L-G09RevE.01\State=1-AG\HF=-5.1606093\MP2=-5.3309738\RMSD=4.108e-09
 \Dipole=0.,0.,0.\Quadrupole=0.7799271,2.7182115,-3.4981386,0.,-6.55266
 98,0.\PG=C02H [SGH(H12)]\\@


 We make a living by what we get,
 we make a life by what we give.
                   -- Sir Winston Churchill
 Job cpu time:       0 days  0 hours  0 minutes  1.1 seconds.
 File lengths (MBytes):  RWF=     84 Int=      0 D2E=      0 Chk=      2 Scr=      2
 Normal termination of Gaussian 09 at Fri Feb 17 15:03:38 2017.
