 Entering Gaussian System, Link 0=g09
 AtFile(1): H.gbs
            H     0
            S   10   1.00
               1000.000000000000            0.000068713567
                316.227766000000            0.000169141320
                100.000000000000            0.000823394812
                 31.622776600000            0.003425569236
                 10.000000000000            0.013951996000
                  3.162277660000            0.056909313560
                  1.000000000000            0.198286399900
                  0.316227766000            0.496922426700
                  0.100000000000            0.369846276400
                  0.031622776600            0.003752720039
            ****
 Initial command:
 /projects/guscus/apps/gau/g09-e1/g09/l1.exe "/users/lcj1/gaussian/h12/rhfstability/rect/guess/ag2bu4/Gau-24973.inp" -scrdir="/users/lcj1/gaussian/h12/rhfstability/rect/guess/ag2bu4/"
 Entering Link 1 = /projects/guscus/apps/gau/g09-e1/g09/l1.exe PID=     24974.
  
 Copyright (c) 1988,1990,1992,1993,1995,1998,2003,2009,2015,
            Gaussian, Inc.  All Rights Reserved.
  
 This is part of the Gaussian(R) 09 program.  It is based on
 the Gaussian(R) 03 system (copyright 2003, Gaussian, Inc.),
 the Gaussian(R) 98 system (copyright 1998, Gaussian, Inc.),
 the Gaussian(R) 94 system (copyright 1995, Gaussian, Inc.),
 the Gaussian 92(TM) system (copyright 1992, Gaussian, Inc.),
 the Gaussian 90(TM) system (copyright 1990, Gaussian, Inc.),
 the Gaussian 88(TM) system (copyright 1988, Gaussian, Inc.),
 the Gaussian 86(TM) system (copyright 1986, Carnegie Mellon
 University), and the Gaussian 82(TM) system (copyright 1983,
 Carnegie Mellon University). Gaussian is a federally registered
 trademark of Gaussian, Inc.
  
 This software contains proprietary and confidential information,
 including trade secrets, belonging to Gaussian, Inc.
  
 This software is provided under written license and may be
 used, copied, transmitted, or stored only in accord with that
 written license.
  
 The following legend is applicable only to US Government
 contracts under FAR:
  
                    RESTRICTED RIGHTS LEGEND
  
 Use, reproduction and disclosure by the US Government is
 subject to restrictions as set forth in subparagraphs (a)
 and (c) of the Commercial Computer Software - Restricted
 Rights clause in FAR 52.227-19.
  
 Gaussian, Inc.
 340 Quinnipiac St., Bldg. 40, Wallingford CT 06492
  
  
 ---------------------------------------------------------------
 Warning -- This program may not be used in any manner that
 competes with the business of Gaussian, Inc. or will provide
 assistance to any competitor of Gaussian, Inc.  The licensee
 of this program is prohibited from giving any competitor of
 Gaussian, Inc. access to this program.  By using this program,
 the user acknowledges that Gaussian, Inc. is engaged in the
 business of creating and licensing software in the field of
 computational chemistry and represents and warrants to the
 licensee that it is not a competitor of Gaussian, Inc. and that
 it will not use this program in any manner prohibited above.
 ---------------------------------------------------------------
  

 Cite this work as:
 Gaussian 09, Revision E.01,
 M. J. Frisch, G. W. Trucks, H. B. Schlegel, G. E. Scuseria, 
 M. A. Robb, J. R. Cheeseman, G. Scalmani, V. Barone, B. Mennucci, 
 G. A. Petersson, H. Nakatsuji, M. Caricato, X. Li, H. P. Hratchian, 
 A. F. Izmaylov, J. Bloino, G. Zheng, J. L. Sonnenberg, M. Hada, 
 M. Ehara, K. Toyota, R. Fukuda, J. Hasegawa, M. Ishida, T. Nakajima, 
 Y. Honda, O. Kitao, H. Nakai, T. Vreven, J. A. Montgomery, Jr., 
 J. E. Peralta, F. Ogliaro, M. Bearpark, J. J. Heyd, E. Brothers, 
 K. N. Kudin, V. N. Staroverov, T. Keith, R. Kobayashi, J. Normand, 
 K. Raghavachari, A. Rendell, J. C. Burant, S. S. Iyengar, J. Tomasi, 
 M. Cossi, N. Rega, J. M. Millam, M. Klene, J. E. Knox, J. B. Cross, 
 V. Bakken, C. Adamo, J. Jaramillo, R. Gomperts, R. E. Stratmann, 
 O. Yazyev, A. J. Austin, R. Cammi, C. Pomelli, J. W. Ochterski, 
 R. L. Martin, K. Morokuma, V. G. Zakrzewski, G. A. Voth, 
 P. Salvador, J. J. Dannenberg, S. Dapprich, A. D. Daniels, 
 O. Farkas, J. B. Foresman, J. V. Ortiz, J. Cioslowski, 
 and D. J. Fox, Gaussian, Inc., Wallingford CT, 2013.
 
 ******************************************
 Gaussian 09:  ES64L-G09RevE.01 30-Nov-2015
                17-Feb-2017 
 ******************************************
 %chk=h12.chk
 ----------------------------------------------------------------------
 #rhf/gen scf(symm,tight,novaracc,noincfock,fulldiag) stable(crhf) gues
 s=read geom=nocrowd test
 ----------------------------------------------------------------------
 1/38=1/1;
 2/12=1,17=6,18=5,40=1/2;
 3/5=7,16=1,25=1,30=1,116=1/1,2,3;
 4/5=1,9=4/1;
 5/5=100002,15=2,16=1,32=2,38=6/2;
 8/6=1,10=90,11=11/1,4;
 9/8=4,13=1/2;
 6/7=2,8=2,9=2,10=2,28=1/1;
 99/5=1,9=1/99;
 ----------------------------------------------------------------------
 hf stability analysis of h12 triangular lattice, y= 0.7401925230820305
 4
 ----------------------------------------------------------------------
 Symbolic Z-matrix:
 Charge =  0 Multiplicity = 1
 H
 H                    1     1.07531 
 H                    1     1.07531  2     93. 
 H                    2     1.07531  1     87.      3     0.       0
 H                    2     1.07531  1     180.     3     0.       0
 H                    4     1.07531  3     180.     5     0.       0
 H                    6     1.07531  5     180.     3     0.       0
 H                    4     1.07531  2     180.     3     0.       0
 H                    3     1.07531  1     180.     4     0.       0
 H                    9     1.07531  3     180.     4     0.       0
 H                    8     1.07531  4     180.     3     0.       0
 H                    7     1.07531  6     180.     3     0.       0
 
                          Input orientation:                          
 ---------------------------------------------------------------------
 Center     Atomic      Atomic             Coordinates (Angstroms)
 Number     Number       Type             X           Y           Z
 ---------------------------------------------------------------------
      1          1           0        0.000000    0.000000    0.000000
      2          1           0        0.000000    0.000000    1.075307
      3          1           0        1.073833    0.000000   -0.056277
      4          1           0        1.073833    0.000000    1.019030
      5          1           0        0.000000    0.000000    2.150614
      6          1           0        1.073833    0.000000    2.094337
      7          1           0        2.147667    0.000000    2.038060
      8          1           0        2.147667    0.000000    0.962753
      9          1           0        2.147667    0.000000   -0.112554
     10          1           0        3.221500    0.000000   -0.168832
     11          1           0        3.221500    0.000000    0.906475
     12          1           0        3.221500    0.000000    1.981782
 ---------------------------------------------------------------------
                    Distance matrix (angstroms):
                    1          2          3          4          5
     1  H    0.000000
     2  H    1.075307   0.000000
     3  H    1.075307   1.560000   0.000000
     4  H    1.480385   1.075307   1.075307   0.000000
     5  H    2.150614   1.075307   2.454279   1.560000   0.000000
     6  H    2.353586   1.480385   2.150614   1.075307   1.075307
     7  H    2.960770   2.353586   2.353586   1.480385   2.150614
     8  H    2.353586   2.150614   1.480385   1.075307   2.454279
     9  H    2.150614   2.454279   1.075307   1.560000   3.120001
    10  H    3.225921   3.453396   2.150614   2.454279   3.969621
    11  H    3.346604   3.225921   2.353586   2.150614   3.453396
    12  H    3.782264   3.346604   2.960770   2.353586   3.225921
                    6          7          8          9         10
     6  H    0.000000
     7  H    1.075307   0.000000
     8  H    1.560000   1.075307   0.000000
     9  H    2.454279   2.150614   1.075307   0.000000
    10  H    3.120001   2.454279   1.560000   1.075307   0.000000
    11  H    2.454279   1.560000   1.075307   1.480385   1.075307
    12  H    2.150614   1.075307   1.480385   2.353586   2.150614
                   11         12
    11  H    0.000000
    12  H    1.075307   0.000000
 Stoichiometry    H12
 Framework group  C2H[SGH(H12)]
 Deg. of freedom    11
 Full point group                 C2H     NOp   4
 Largest Abelian subgroup         C2H     NOp   4
 Largest concise Abelian subgroup C2      NOp   2
                         Standard orientation:                         
 ---------------------------------------------------------------------
 Center     Atomic      Atomic             Coordinates (Angstroms)
 Number     Number       Type             X           Y           Z
 ---------------------------------------------------------------------
      1          1           0        1.073833    1.556683    0.000000
      2          1           0        0.000000    1.612961    0.000000
      3          1           0        1.073833    0.481376    0.000000
      4          1           0        0.000000    0.537654    0.000000
      5          1           0       -1.073833    1.669238    0.000000
      6          1           0       -1.073833    0.593931    0.000000
      7          1           0       -1.073833   -0.481376    0.000000
      8          1           0       -0.000000   -0.537654    0.000000
      9          1           0        1.073833   -0.593931    0.000000
     10          1           0        1.073833   -1.669238    0.000000
     11          1           0       -0.000000   -1.612961    0.000000
     12          1           0       -1.073833   -1.556683    0.000000
 ---------------------------------------------------------------------
 Rotational constants (GHZ):     54.5276385     28.8222204     18.8555522
 General basis read from cards:  (5D, 7F)
 There are     6 symmetry adapted cartesian basis functions of AG  symmetry.
 There are     0 symmetry adapted cartesian basis functions of BG  symmetry.
 There are     0 symmetry adapted cartesian basis functions of AU  symmetry.
 There are     6 symmetry adapted cartesian basis functions of BU  symmetry.
 There are     6 symmetry adapted basis functions of AG  symmetry.
 There are     0 symmetry adapted basis functions of BG  symmetry.
 There are     0 symmetry adapted basis functions of AU  symmetry.
 There are     6 symmetry adapted basis functions of BU  symmetry.
    12 basis functions,   120 primitive gaussians,    12 cartesian basis functions
     6 alpha electrons        6 beta electrons
       nuclear repulsion energy        20.1745269752 Hartrees.
 NAtoms=   12 NActive=   12 NUniq=    6 SFac= 4.00D+00 NAtFMM=   60 NAOKFM=F Big=F
 Integral buffers will be    131072 words long.
 Regular integral format.
 Two-electron integral symmetry is turned on.
 One-electron integrals computed using PRISM.
 NBasis=    12 RedAO= T EigKep=  1.08D-01  NBF=     6     0     0     6
 NBsUse=    12 1.00D-06 EigRej= -1.00D+00 NBFU=     6     0     0     6
 Initial guess from the checkpoint file:  "h12.chk"
 B after Tr=     0.000000   -0.000000    0.000000
         Rot=    0.999999   -0.000000   -0.000000   -0.001518 Ang=  -0.17 deg.
 Initial guess orbital symmetries:
       Occupied  (AG) (BU) (BU) (AG) (BU) (BU)
       Virtual   (AG) (AG) (BU) (AG) (AG) (BU)
 Keep R1 ints in memory in symmetry-blocked form, NReq=903924.
 Requested convergence on RMS density matrix=1.00D-08 within 128 cycles.
 Requested convergence on MAX density matrix=1.00D-06.
 Requested convergence on             energy=1.00D-06.
 No special actions if energy rises.
 SCF Done:  E(RHF) =  -5.02450242712     A.U. after   11 cycles
            NFock= 11  Conv=0.28D-08     -V/T= 1.6597
 Range of M.O.s used for correlation:     1    12
 NBasis=    12 NAE=     6 NBE=     6 NFC=     0 NFV=     0
 NROrb=     12 NOA=     6 NOB=     6 NVA=     6 NVB=     6

 **** Warning!!: The smallest alpha delta epsilon is -0.93713866D-01

 Semi-Direct transformation.
 ModeAB=           4 MOrb=             6 LenV=     134084409
 LASXX=         2181 LTotXX=        2181 LenRXX=        5115
 LTotAB=        2934 MaxLAS=        3024 LenRXY=           0
 NonZer=        7296 LenScr=      655360 LnRSAI=        3024
 LnScr1=      655360 LExtra=           0 Total=      1318859
 MaxDsk=          -1 SrtSym=           T ITran=            3
 JobTyp=0 Pass  1:  I=   1 to   6.
 (rs|ai) integrals will be sorted in core.
 Spin components of T(2) and E(2):
     alpha-alpha T2 =       0.1428580535D-01 E2=     -0.1644727893D-01
     alpha-beta  T2 =       0.6909613553D+00 E2=     -0.1131784681D+00
     beta-beta   T2 =       0.1428580535D-01 E2=     -0.1644727893D-01
 ANorm=    0.1311309638D+01
 E2 =    -0.1460730260D+00 EUMP2 =    -0.51705754531226D+01
 Second order stability test of a single determinant RHF wave function:
 Stabil:  MDV=134217728
 ***********************************************************************
 Matrix         Lowest Root    Major Pairs
 ***********************************************************************
 Internal RHF    -0.3171381    6A=7A 5A=7A
 RRHF --> CRHF   -0.357736     6A=7A 5A=7A
 RRHF --> RUHF   -0.5211703    6A=7B 5A=7B
 Not stable.
 ***********************************************************************

 **********************************************************************

            Population analysis using the SCF density.

 **********************************************************************

 Orbital symmetries:
       Occupied  (AG) (BU) (BU) (AG) (BU) (BU)
       Virtual   (AG) (AG) (BU) (AG) (AG) (BU)
 The electronic state is 1-AG.
 Alpha  occ. eigenvalues --   -0.90371  -0.72334  -0.60761  -0.49443  -0.15489
 Alpha  occ. eigenvalues --   -0.12757
 Alpha virt. eigenvalues --   -0.22128   0.06478   0.28571   0.45984   0.58690
 Alpha virt. eigenvalues --    1.00415
          Condensed to atoms (all electrons):
               1          2          3          4          5          6
     1  H    1.285681   0.361837  -0.477103  -0.239995  -0.068391  -0.004774
     2  H    0.361837   0.884466  -0.167822  -0.372816   0.370555  -0.138242
     3  H   -0.477103  -0.167822   1.286090   0.611452   0.002675   0.003457
     4  H   -0.239995  -0.372816   0.611452   1.877781  -0.242759   0.590250
     5  H   -0.068391   0.370555   0.002675  -0.242759   1.377390  -0.409183
     6  H   -0.004774  -0.138242   0.003457   0.590250  -0.409183   1.041073
     7  H    0.037050   0.011783  -0.132652  -0.248265  -0.062021   0.142882
     8  H    0.053535   0.051028  -0.248265  -0.781501   0.044330  -0.248622
     9  H   -0.021550   0.014914   0.142882  -0.248622   0.025442  -0.104322
    10  H    0.032592   0.000068  -0.062021   0.044330  -0.012303   0.025442
    11  H   -0.004031  -0.000072   0.011783   0.051028   0.000068   0.014914
    12  H   -0.018181  -0.004031   0.037050   0.053535   0.032592  -0.021550
               7          8          9         10         11         12
     1  H    0.037050   0.053535  -0.021550   0.032592  -0.004031  -0.018181
     2  H    0.011783   0.051028   0.014914   0.000068  -0.000072  -0.004031
     3  H   -0.132652  -0.248265   0.142882  -0.062021   0.011783   0.037050
     4  H   -0.248265  -0.781501  -0.248622   0.044330   0.051028   0.053535
     5  H   -0.062021   0.044330   0.025442  -0.012303   0.000068   0.032592
     6  H    0.142882  -0.248622  -0.104322   0.025442   0.014914  -0.021550
     7  H    1.286090   0.611452   0.003457   0.002675  -0.167822  -0.477103
     8  H    0.611452   1.877781   0.590250  -0.242759  -0.372816  -0.239995
     9  H    0.003457   0.590250   1.041073  -0.409183  -0.138242  -0.004774
    10  H    0.002675  -0.242759  -0.409183   1.377390   0.370555  -0.068391
    11  H   -0.167822  -0.372816  -0.138242   0.370555   0.884466   0.361837
    12  H   -0.477103  -0.239995  -0.004774  -0.068391   0.361837   1.285681
 Mulliken charges:
               1
     1  H    0.063331
     2  H   -0.011668
     3  H   -0.007526
     4  H   -0.094417
     5  H   -0.058394
     6  H    0.108674
     7  H   -0.007526
     8  H   -0.094417
     9  H    0.108674
    10  H   -0.058394
    11  H   -0.011668
    12  H    0.063331
 Sum of Mulliken charges =  -0.00000
 Mulliken charges with hydrogens summed into heavy atoms:
               1
 Electronic spatial extent (au):  <R**2>=            132.9294
 Charge=             -0.0000 electrons
 Dipole moment (field-independent basis, Debye):
    X=              0.0000    Y=             -0.0000    Z=             -0.0000  Tot=              0.0000
 Quadrupole moment (field-independent basis, Debye-Ang):
   XX=            -12.3036   YY=            -24.3256   ZZ=            -14.4262
   XY=              1.3448   XZ=             -0.0000   YZ=              0.0000
 Traceless Quadrupole moment (field-independent basis, Debye-Ang):
   XX=              4.7149   YY=             -7.3071   ZZ=              2.5922
   XY=              1.3448   XZ=             -0.0000   YZ=              0.0000
 Octapole moment (field-independent basis, Debye-Ang**2):
  XXX=              0.0000  YYY=              0.0000  ZZZ=             -0.0000  XYY=              0.0000
  XXY=             -0.0000  XXZ=             -0.0000  XZZ=             -0.0000  YZZ=              0.0000
  YYZ=             -0.0000  XYZ=              0.0000
 Hexadecapole moment (field-independent basis, Debye-Ang**3):
 XXXX=            -76.5614 YYYY=           -227.0902 ZZZZ=            -16.6675 XXXY=              4.2396
 XXXZ=             -0.0000 YYYX=              9.2865 YYYZ=              0.0000 ZZZX=             -0.0000
 ZZZY=              0.0000 XXYY=            -45.4070 XXZZ=            -16.3936 YYZZ=            -30.7926
 XXYZ=              0.0000 YYXZ=             -0.0000 ZZXY=              1.0032
 N-N= 2.017452697517D+01 E-N=-5.199184283601D+01  KE= 7.616876310186D+00
 Symmetry AG   KE= 1.701255879486D+00
 Symmetry BG   KE= 0.000000000000D+00
 Symmetry AU   KE= 0.000000000000D+00
 Symmetry BU   KE= 5.915620430700D+00

 Test job not archived.
 1\1\GINC-SULU\Stability\RHF\Gen\H12\LCJ1\17-Feb-2017\0\\#rhf/gen scf(s
 ymm,tight,novaracc,noincfock,fulldiag) stable(crhf) guess=read geom=no
 crowd test\\hf stability analysis of h12 triangular lattice, y= 0.7401
 9252308203054\\0,1\H\H,1,1.0753070187\H,1,1.0753070187,2,93.\H,2,1.075
 3070187,1,87.,3,0.,0\H,2,1.0753070187,1,180.,3,0.,0\H,4,1.0753070187,3
 ,180.,5,0.,0\H,6,1.0753070187,5,180.,3,0.,0\H,4,1.0753070187,2,180.,3,
 0.,0\H,3,1.0753070187,1,180.,4,0.,0\H,9,1.0753070187,3,180.,4,0.,0\H,8
 ,1.0753070187,4,180.,3,0.,0\H,7,1.0753070187,6,180.,3,0.,0\\Version=ES
 64L-G09RevE.01\State=1-AG\HF=-5.0245024\MP2=-5.1705755\RMSD=2.828e-09\
 Dipole=0.,0.,0.\Quadrupole=-5.3036748,1.9272744,3.3764004,0.,1.4614586
 ,0.\PG=C02H [SGH(H12)]\\@


 A SLIP OF THE FOOT YOU MAY SOON RECOVER, BUT A SLIP OF THE TONGUE
 YOU MAY NEVER GET OVER. -- BEN FRANKLIN
 Job cpu time:       0 days  0 hours  0 minutes  1.1 seconds.
 File lengths (MBytes):  RWF=     84 Int=      0 D2E=      0 Chk=      2 Scr=      2
 Normal termination of Gaussian 09 at Fri Feb 17 15:00:18 2017.
