 Entering Gaussian System, Link 0=g09
 AtFile(1): H.gbs
            H     0
            S   10   1.00
               1000.000000000000            0.000068713567
                316.227766000000            0.000169141320
                100.000000000000            0.000823394812
                 31.622776600000            0.003425569236
                 10.000000000000            0.013951996000
                  3.162277660000            0.056909313560
                  1.000000000000            0.198286399900
                  0.316227766000            0.496922426700
                  0.100000000000            0.369846276400
                  0.031622776600            0.003752720039
            ****
 Initial command:
 /projects/guscus/apps/gau/g09-e1/g09/l1.exe "/users/lcj1/gaussian/h12/rhfstability/rect/guess/ag2bu4/Gau-25338.inp" -scrdir="/users/lcj1/gaussian/h12/rhfstability/rect/guess/ag2bu4/"
 Entering Link 1 = /projects/guscus/apps/gau/g09-e1/g09/l1.exe PID=     25342.
  
 Copyright (c) 1988,1990,1992,1993,1995,1998,2003,2009,2015,
            Gaussian, Inc.  All Rights Reserved.
  
 This is part of the Gaussian(R) 09 program.  It is based on
 the Gaussian(R) 03 system (copyright 2003, Gaussian, Inc.),
 the Gaussian(R) 98 system (copyright 1998, Gaussian, Inc.),
 the Gaussian(R) 94 system (copyright 1995, Gaussian, Inc.),
 the Gaussian 92(TM) system (copyright 1992, Gaussian, Inc.),
 the Gaussian 90(TM) system (copyright 1990, Gaussian, Inc.),
 the Gaussian 88(TM) system (copyright 1988, Gaussian, Inc.),
 the Gaussian 86(TM) system (copyright 1986, Carnegie Mellon
 University), and the Gaussian 82(TM) system (copyright 1983,
 Carnegie Mellon University). Gaussian is a federally registered
 trademark of Gaussian, Inc.
  
 This software contains proprietary and confidential information,
 including trade secrets, belonging to Gaussian, Inc.
  
 This software is provided under written license and may be
 used, copied, transmitted, or stored only in accord with that
 written license.
  
 The following legend is applicable only to US Government
 contracts under FAR:
  
                    RESTRICTED RIGHTS LEGEND
  
 Use, reproduction and disclosure by the US Government is
 subject to restrictions as set forth in subparagraphs (a)
 and (c) of the Commercial Computer Software - Restricted
 Rights clause in FAR 52.227-19.
  
 Gaussian, Inc.
 340 Quinnipiac St., Bldg. 40, Wallingford CT 06492
  
  
 ---------------------------------------------------------------
 Warning -- This program may not be used in any manner that
 competes with the business of Gaussian, Inc. or will provide
 assistance to any competitor of Gaussian, Inc.  The licensee
 of this program is prohibited from giving any competitor of
 Gaussian, Inc. access to this program.  By using this program,
 the user acknowledges that Gaussian, Inc. is engaged in the
 business of creating and licensing software in the field of
 computational chemistry and represents and warrants to the
 licensee that it is not a competitor of Gaussian, Inc. and that
 it will not use this program in any manner prohibited above.
 ---------------------------------------------------------------
  

 Cite this work as:
 Gaussian 09, Revision E.01,
 M. J. Frisch, G. W. Trucks, H. B. Schlegel, G. E. Scuseria, 
 M. A. Robb, J. R. Cheeseman, G. Scalmani, V. Barone, B. Mennucci, 
 G. A. Petersson, H. Nakatsuji, M. Caricato, X. Li, H. P. Hratchian, 
 A. F. Izmaylov, J. Bloino, G. Zheng, J. L. Sonnenberg, M. Hada, 
 M. Ehara, K. Toyota, R. Fukuda, J. Hasegawa, M. Ishida, T. Nakajima, 
 Y. Honda, O. Kitao, H. Nakai, T. Vreven, J. A. Montgomery, Jr., 
 J. E. Peralta, F. Ogliaro, M. Bearpark, J. J. Heyd, E. Brothers, 
 K. N. Kudin, V. N. Staroverov, T. Keith, R. Kobayashi, J. Normand, 
 K. Raghavachari, A. Rendell, J. C. Burant, S. S. Iyengar, J. Tomasi, 
 M. Cossi, N. Rega, J. M. Millam, M. Klene, J. E. Knox, J. B. Cross, 
 V. Bakken, C. Adamo, J. Jaramillo, R. Gomperts, R. E. Stratmann, 
 O. Yazyev, A. J. Austin, R. Cammi, C. Pomelli, J. W. Ochterski, 
 R. L. Martin, K. Morokuma, V. G. Zakrzewski, G. A. Voth, 
 P. Salvador, J. J. Dannenberg, S. Dapprich, A. D. Daniels, 
 O. Farkas, J. B. Foresman, J. V. Ortiz, J. Cioslowski, 
 and D. J. Fox, Gaussian, Inc., Wallingford CT, 2013.
 
 ******************************************
 Gaussian 09:  ES64L-G09RevE.01 30-Nov-2015
                17-Feb-2017 
 ******************************************
 %chk=h12.chk
 ----------------------------------------------------------------------
 #rhf/gen scf(symm,tight,novaracc,noincfock,fulldiag) stable(crhf) gues
 s=read geom=nocrowd test
 ----------------------------------------------------------------------
 1/38=1/1;
 2/12=1,17=6,18=5,40=1/2;
 3/5=7,16=1,25=1,30=1,116=1/1,2,3;
 4/5=1,9=4/1;
 5/5=100002,15=2,16=1,32=2,38=6/2;
 8/6=1,10=90,11=11/1,4;
 9/8=4,13=1/2;
 6/7=2,8=2,9=2,10=2,28=1/1;
 99/5=1,9=1/99;
 ----------------------------------------------------------------------
 hf stability analysis of h12 triangular lattice, y= 0.7499531690997017
 8
 ----------------------------------------------------------------------
 Symbolic Z-matrix:
 Charge =  0 Multiplicity = 1
 H
 H                    1     1.07475 
 H                    1     1.07475  2     91.5 
 H                    2     1.07475  1     88.5     3     0.       0
 H                    2     1.07475  1     180.     3     0.       0
 H                    4     1.07475  3     180.     5     0.       0
 H                    6     1.07475  5     180.     3     0.       0
 H                    4     1.07475  2     180.     3     0.       0
 H                    3     1.07475  1     180.     4     0.       0
 H                    9     1.07475  3     180.     4     0.       0
 H                    8     1.07475  4     180.     3     0.       0
 H                    7     1.07475  6     180.     3     0.       0
 
                          Input orientation:                          
 ---------------------------------------------------------------------
 Center     Atomic      Atomic             Coordinates (Angstroms)
 Number     Number       Type             X           Y           Z
 ---------------------------------------------------------------------
      1          1           0        0.000000    0.000000    0.000000
      2          1           0        0.000000    0.000000    1.074754
      3          1           0        1.074386    0.000000   -0.028134
      4          1           0        1.074386    0.000000    1.046620
      5          1           0        0.000000    0.000000    2.149508
      6          1           0        1.074386    0.000000    2.121374
      7          1           0        2.148772    0.000000    2.093241
      8          1           0        2.148772    0.000000    1.018487
      9          1           0        2.148772    0.000000   -0.056268
     10          1           0        3.223157    0.000000   -0.084401
     11          1           0        3.223157    0.000000    0.990353
     12          1           0        3.223157    0.000000    2.065107
 ---------------------------------------------------------------------
                    Distance matrix (angstroms):
                    1          2          3          4          5
     1  H    0.000000
     2  H    1.074754   0.000000
     3  H    1.074754   1.539697   0.000000
     4  H    1.499906   1.074754   1.074754   0.000000
     5  H    2.149508   1.074754   2.428256   1.539697   0.000000
     6  H    2.377926   1.499906   2.149508   1.074754   1.074754
     7  H    2.999813   2.377926   2.377926   1.499906   2.149508
     8  H    2.377926   2.149508   1.499906   1.074754   2.428256
     9  H    2.149508   2.428256   1.074754   1.539697   3.079394
    10  H    3.224262   3.425257   2.149508   2.428256   3.921619
    11  H    3.371875   3.224262   2.377926   2.149508   3.425257
    12  H    3.827977   3.371875   2.999813   2.377926   3.224262
                    6          7          8          9         10
     6  H    0.000000
     7  H    1.074754   0.000000
     8  H    1.539697   1.074754   0.000000
     9  H    2.428256   2.149508   1.074754   0.000000
    10  H    3.079394   2.428256   1.539697   1.074754   0.000000
    11  H    2.428256   1.539697   1.074754   1.499906   1.074754
    12  H    2.149508   1.074754   1.499906   2.377926   2.149508
                   11         12
    11  H    0.000000
    12  H    1.074754   0.000000
 Stoichiometry    H12
 Framework group  C2H[SGH(H12)]
 Deg. of freedom    11
 Full point group                 C2H     NOp   4
 Largest Abelian subgroup         C2H     NOp   4
 Largest concise Abelian subgroup C2      NOp   2
                         Standard orientation:                         
 ---------------------------------------------------------------------
 Center     Atomic      Atomic             Coordinates (Angstroms)
 Number     Number       Type             X           Y           Z
 ---------------------------------------------------------------------
      1          1           0        1.074386    1.583997    0.000000
      2          1           0        0.000000    1.612131    0.000000
      3          1           0        1.074386    0.509243   -0.000000
      4          1           0        0.000000    0.537377    0.000000
      5          1           0       -1.074386    1.640265    0.000000
      6          1           0       -1.074386    0.565511    0.000000
      7          1           0       -1.074386   -0.509243   -0.000000
      8          1           0       -0.000000   -0.537377    0.000000
      9          1           0        1.074386   -0.565511    0.000000
     10          1           0        1.074386   -1.640265    0.000000
     11          1           0       -0.000000   -1.612131    0.000000
     12          1           0       -1.074386   -1.583997   -0.000000
 ---------------------------------------------------------------------
 Rotational constants (GHZ):     54.3451698     28.9189935     18.8749583
 General basis read from cards:  (5D, 7F)
 There are     6 symmetry adapted cartesian basis functions of AG  symmetry.
 There are     0 symmetry adapted cartesian basis functions of BG  symmetry.
 There are     0 symmetry adapted cartesian basis functions of AU  symmetry.
 There are     6 symmetry adapted cartesian basis functions of BU  symmetry.
 There are     6 symmetry adapted basis functions of AG  symmetry.
 There are     0 symmetry adapted basis functions of BG  symmetry.
 There are     0 symmetry adapted basis functions of AU  symmetry.
 There are     6 symmetry adapted basis functions of BU  symmetry.
    12 basis functions,   120 primitive gaussians,    12 cartesian basis functions
     6 alpha electrons        6 beta electrons
       nuclear repulsion energy        20.1792682664 Hartrees.
 NAtoms=   12 NActive=   12 NUniq=    6 SFac= 4.00D+00 NAtFMM=   60 NAOKFM=F Big=F
 Integral buffers will be    131072 words long.
 Regular integral format.
 Two-electron integral symmetry is turned on.
 One-electron integrals computed using PRISM.
 NBasis=    12 RedAO= T EigKep=  1.07D-01  NBF=     6     0     0     6
 NBsUse=    12 1.00D-06 EigRej= -1.00D+00 NBFU=     6     0     0     6
 Initial guess from the checkpoint file:  "h12.chk"
 B after Tr=     0.000000    0.000000    0.000000
         Rot=    0.999999   -0.000000   -0.000000   -0.001518 Ang=  -0.17 deg.
 Initial guess orbital symmetries:
       Occupied  (AG) (BU) (BU) (AG) (BU) (BU)
       Virtual   (AG) (AG) (BU) (AG) (AG) (BU)
 Keep R1 ints in memory in symmetry-blocked form, NReq=903574.
 Requested convergence on RMS density matrix=1.00D-08 within 128 cycles.
 Requested convergence on MAX density matrix=1.00D-06.
 Requested convergence on             energy=1.00D-06.
 No special actions if energy rises.
 SCF Done:  E(RHF) =  -5.02351363098     A.U. after   10 cycles
            NFock= 10  Conv=0.10D-07     -V/T= 1.6592
 Range of M.O.s used for correlation:     1    12
 NBasis=    12 NAE=     6 NBE=     6 NFC=     0 NFV=     0
 NROrb=     12 NOA=     6 NOB=     6 NVA=     6 NVB=     6

 **** Warning!!: The smallest alpha delta epsilon is -0.88368865D-01

 Semi-Direct transformation.
 ModeAB=           4 MOrb=             6 LenV=     134084213
 LASXX=         2181 LTotXX=        2181 LenRXX=        5115
 LTotAB=        2934 MaxLAS=        3024 LenRXY=           0
 NonZer=        7296 LenScr=      655360 LnRSAI=        3024
 LnScr1=      655360 LExtra=           0 Total=      1318859
 MaxDsk=          -1 SrtSym=           T ITran=            3
 JobTyp=0 Pass  1:  I=   1 to   6.
 (rs|ai) integrals will be sorted in core.
 Spin components of T(2) and E(2):
     alpha-alpha T2 =       0.1430938830D-01 E2=     -0.1650906070D-01
     alpha-beta  T2 =       0.6825969687D+00 E2=     -0.1114450523D+00
     beta-beta   T2 =       0.1430938830D-01 E2=     -0.1650906070D-01
 ANorm=    0.1308134452D+01
 E2 =    -0.1444631737D+00 EUMP2 =    -0.51679768046398D+01
 Second order stability test of a single determinant RHF wave function:
 Stabil:  MDV=134217728
 ***********************************************************************
 Matrix         Lowest Root    Major Pairs
 ***********************************************************************
 Internal RHF    -0.3165731    6A=7A 5A=7A
 RRHF --> CRHF   -0.3559065    6A=7A 5A=7A
 RRHF --> RUHF   -0.5183588    5A=7B 6A=7B 6A=8B 4A=9B 3A=7B 5A=10B
 Not stable.
 ***********************************************************************

 **********************************************************************

            Population analysis using the SCF density.

 **********************************************************************

 Orbital symmetries:
       Occupied  (AG) (BU) (BU) (AG) (BU) (BU)
       Virtual   (AG) (AG) (BU) (AG) (AG) (BU)
 The electronic state is 1-AG.
 Alpha  occ. eigenvalues --   -0.90366  -0.72290  -0.60794  -0.49422  -0.14997
 Alpha  occ. eigenvalues --   -0.13310
 Alpha virt. eigenvalues --   -0.22147   0.06427   0.28580   0.46284   0.58572
 Alpha virt. eigenvalues --    1.00861
          Condensed to atoms (all electrons):
               1          2          3          4          5          6
     1  H    1.314284   0.365481  -0.465578  -0.242623  -0.067718  -0.002628
     2  H    0.365481   0.882187  -0.160601  -0.370715   0.370000  -0.145794
     3  H   -0.465578  -0.160601   1.221877   0.607034   0.001022   0.003118
     4  H   -0.242623  -0.370715   0.607034   1.878508  -0.243811   0.596264
     5  H   -0.067718   0.370000   0.001022  -0.243811   1.360049  -0.431428
     6  H   -0.002628  -0.145794   0.003118   0.596264  -0.431428   1.098654
     7  H    0.033769   0.011657  -0.124748  -0.247832  -0.052325   0.150090
     8  H    0.051290   0.050126  -0.247832  -0.782569   0.046645  -0.247947
     9  H   -0.032007   0.013316   0.150090  -0.247947   0.027973  -0.110646
    10  H    0.032938  -0.000726  -0.052325   0.046645  -0.013651   0.027973
    11  H   -0.002760   0.000204   0.011657   0.050126  -0.000726   0.013316
    12  H   -0.016605  -0.002760   0.033769   0.051290   0.032938  -0.032007
               7          8          9         10         11         12
     1  H    0.033769   0.051290  -0.032007   0.032938  -0.002760  -0.016605
     2  H    0.011657   0.050126   0.013316  -0.000726   0.000204  -0.002760
     3  H   -0.124748  -0.247832   0.150090  -0.052325   0.011657   0.033769
     4  H   -0.247832  -0.782569  -0.247947   0.046645   0.050126   0.051290
     5  H   -0.052325   0.046645   0.027973  -0.013651  -0.000726   0.032938
     6  H    0.150090  -0.247947  -0.110646   0.027973   0.013316  -0.032007
     7  H    1.221877   0.607034   0.003118   0.001022  -0.160601  -0.465578
     8  H    0.607034   1.878508   0.596264  -0.243811  -0.370715  -0.242623
     9  H    0.003118   0.596264   1.098654  -0.431428  -0.145794  -0.002628
    10  H    0.001022  -0.243811  -0.431428   1.360049   0.370000  -0.067718
    11  H   -0.160601  -0.370715  -0.145794   0.370000   0.882187   0.365481
    12  H   -0.465578  -0.242623  -0.002628  -0.067718   0.365481   1.314284
 Mulliken charges:
               1
     1  H    0.032157
     2  H   -0.012373
     3  H    0.022518
     4  H   -0.094371
     5  H   -0.028967
     6  H    0.081036
     7  H    0.022518
     8  H   -0.094371
     9  H    0.081036
    10  H   -0.028967
    11  H   -0.012373
    12  H    0.032157
 Sum of Mulliken charges =   0.00000
 Mulliken charges with hydrogens summed into heavy atoms:
               1
 Electronic spatial extent (au):  <R**2>=            132.7862
 Charge=              0.0000 electrons
 Dipole moment (field-independent basis, Debye):
    X=              0.0000    Y=              0.0000    Z=             -0.0000  Tot=              0.0000
 Quadrupole moment (field-independent basis, Debye-Ang):
   XX=            -12.2706   YY=            -24.3007   ZZ=            -14.4229
   XY=              0.6730   XZ=              0.0000   YZ=              0.0000
 Traceless Quadrupole moment (field-independent basis, Debye-Ang):
   XX=              4.7274   YY=             -7.3026   ZZ=              2.5752
   XY=              0.6730   XZ=              0.0000   YZ=              0.0000
 Octapole moment (field-independent basis, Debye-Ang**2):
  XXX=              0.0000  YYY=             -0.0000  ZZZ=             -0.0000  XYY=              0.0000
  XXY=             -0.0000  XXZ=             -0.0000  XZZ=              0.0000  YZZ=             -0.0000
  YYZ=             -0.0000  XYZ=             -0.0000
 Hexadecapole moment (field-independent basis, Debye-Ang**3):
 XXXX=            -76.4985 YYYY=           -226.2987 ZZZZ=            -16.6611 XXXY=              2.1197
 XXXZ=             -0.0000 YYYX=              4.6492 YYYZ=              0.0000 ZZZX=             -0.0000
 ZZZY=              0.0000 XXYY=            -45.2800 XXZZ=            -16.3900 YYZZ=            -30.7315
 XXYZ=              0.0000 YYXZ=             -0.0000 ZZXY=              0.5019
 N-N= 2.017926826639D+01 E-N=-5.200245454794D+01  KE= 7.620496086001D+00
 Symmetry AG   KE= 1.704564754552D+00
 Symmetry BG   KE= 0.000000000000D+00
 Symmetry AU   KE= 0.000000000000D+00
 Symmetry BU   KE= 5.915931331449D+00

 Test job not archived.
 1\1\GINC-SULU\Stability\RHF\Gen\H12\LCJ1\17-Feb-2017\0\\#rhf/gen scf(s
 ymm,tight,novaracc,noincfock,fulldiag) stable(crhf) guess=read geom=no
 crowd test\\hf stability analysis of h12 triangular lattice, y= 0.7499
 5316909970178\\0,1\H\H,1,1.0747540927\H,1,1.0747540927,2,91.5\H,2,1.07
 47540927,1,88.5,3,0.,0\H,2,1.0747540927,1,180.,3,0.,0\H,4,1.0747540927
 ,3,180.,5,0.,0\H,6,1.0747540927,5,180.,3,0.,0\H,4,1.0747540927,2,180.,
 3,0.,0\H,3,1.0747540927,1,180.,4,0.,0\H,9,1.0747540927,3,180.,4,0.,0\H
 ,8,1.0747540927,4,180.,3,0.,0\H,7,1.0747540927,6,180.,3,0.,0\\Version=
 ES64L-G09RevE.01\State=1-AG\HF=-5.0235136\MP2=-5.1679768\RMSD=9.970e-0
 9\Dipole=0.,0.,0.\Quadrupole=-5.3970149,1.9145877,3.4824272,0.,0.73371
 04,0.\PG=C02H [SGH(H12)]\\@


    WHAT WE HAVE LEARNED
 IS LIKE A HANDFUL OF EARTH;
  WHAT WE HAVE YET TO LEARN
   IS LIKE THE WHOLE WORLD.

         -- AVVAYIAR
 Job cpu time:       0 days  0 hours  0 minutes  1.2 seconds.
 File lengths (MBytes):  RWF=     84 Int=      0 D2E=      0 Chk=      2 Scr=      2
 Normal termination of Gaussian 09 at Fri Feb 17 15:00:29 2017.
