 Entering Gaussian System, Link 0=g09
 AtFile(1): H.gbs
            H     0
            S   10   1.00
               1000.000000000000            0.000068713567
                316.227766000000            0.000169141320
                100.000000000000            0.000823394812
                 31.622776600000            0.003425569236
                 10.000000000000            0.013951996000
                  3.162277660000            0.056909313560
                  1.000000000000            0.198286399900
                  0.316227766000            0.496922426700
                  0.100000000000            0.369846276400
                  0.031622776600            0.003752720039
            ****
 Initial command:
 /projects/guscus/apps/gau/g09-e1/g09/l1.exe "/users/lcj1/gaussian/h12/rhfstability/rect/guess/ag2bu4/Gau-17553.inp" -scrdir="/users/lcj1/gaussian/h12/rhfstability/rect/guess/ag2bu4/"
 Entering Link 1 = /projects/guscus/apps/gau/g09-e1/g09/l1.exe PID=     17555.
  
 Copyright (c) 1988,1990,1992,1993,1995,1998,2003,2009,2015,
            Gaussian, Inc.  All Rights Reserved.
  
 This is part of the Gaussian(R) 09 program.  It is based on
 the Gaussian(R) 03 system (copyright 2003, Gaussian, Inc.),
 the Gaussian(R) 98 system (copyright 1998, Gaussian, Inc.),
 the Gaussian(R) 94 system (copyright 1995, Gaussian, Inc.),
 the Gaussian 92(TM) system (copyright 1992, Gaussian, Inc.),
 the Gaussian 90(TM) system (copyright 1990, Gaussian, Inc.),
 the Gaussian 88(TM) system (copyright 1988, Gaussian, Inc.),
 the Gaussian 86(TM) system (copyright 1986, Carnegie Mellon
 University), and the Gaussian 82(TM) system (copyright 1983,
 Carnegie Mellon University). Gaussian is a federally registered
 trademark of Gaussian, Inc.
  
 This software contains proprietary and confidential information,
 including trade secrets, belonging to Gaussian, Inc.
  
 This software is provided under written license and may be
 used, copied, transmitted, or stored only in accord with that
 written license.
  
 The following legend is applicable only to US Government
 contracts under FAR:
  
                    RESTRICTED RIGHTS LEGEND
  
 Use, reproduction and disclosure by the US Government is
 subject to restrictions as set forth in subparagraphs (a)
 and (c) of the Commercial Computer Software - Restricted
 Rights clause in FAR 52.227-19.
  
 Gaussian, Inc.
 340 Quinnipiac St., Bldg. 40, Wallingford CT 06492
  
  
 ---------------------------------------------------------------
 Warning -- This program may not be used in any manner that
 competes with the business of Gaussian, Inc. or will provide
 assistance to any competitor of Gaussian, Inc.  The licensee
 of this program is prohibited from giving any competitor of
 Gaussian, Inc. access to this program.  By using this program,
 the user acknowledges that Gaussian, Inc. is engaged in the
 business of creating and licensing software in the field of
 computational chemistry and represents and warrants to the
 licensee that it is not a competitor of Gaussian, Inc. and that
 it will not use this program in any manner prohibited above.
 ---------------------------------------------------------------
  

 Cite this work as:
 Gaussian 09, Revision E.01,
 M. J. Frisch, G. W. Trucks, H. B. Schlegel, G. E. Scuseria, 
 M. A. Robb, J. R. Cheeseman, G. Scalmani, V. Barone, B. Mennucci, 
 G. A. Petersson, H. Nakatsuji, M. Caricato, X. Li, H. P. Hratchian, 
 A. F. Izmaylov, J. Bloino, G. Zheng, J. L. Sonnenberg, M. Hada, 
 M. Ehara, K. Toyota, R. Fukuda, J. Hasegawa, M. Ishida, T. Nakajima, 
 Y. Honda, O. Kitao, H. Nakai, T. Vreven, J. A. Montgomery, Jr., 
 J. E. Peralta, F. Ogliaro, M. Bearpark, J. J. Heyd, E. Brothers, 
 K. N. Kudin, V. N. Staroverov, T. Keith, R. Kobayashi, J. Normand, 
 K. Raghavachari, A. Rendell, J. C. Burant, S. S. Iyengar, J. Tomasi, 
 M. Cossi, N. Rega, J. M. Millam, M. Klene, J. E. Knox, J. B. Cross, 
 V. Bakken, C. Adamo, J. Jaramillo, R. Gomperts, R. E. Stratmann, 
 O. Yazyev, A. J. Austin, R. Cammi, C. Pomelli, J. W. Ochterski, 
 R. L. Martin, K. Morokuma, V. G. Zakrzewski, G. A. Voth, 
 P. Salvador, J. J. Dannenberg, S. Dapprich, A. D. Daniels, 
 O. Farkas, J. B. Foresman, J. V. Ortiz, J. Cioslowski, 
 and D. J. Fox, Gaussian, Inc., Wallingford CT, 2013.
 
 ******************************************
 Gaussian 09:  ES64L-G09RevE.01 30-Nov-2015
                17-Feb-2017 
 ******************************************
 %chk=h12.chk
 ----------------------------------------------------------------------
 #rhf/gen scf(symm,tight,novaracc,noincfock,fulldiag) stable(crhf) gues
 s=read geom=nocrowd test
 ----------------------------------------------------------------------
 1/38=1/1;
 2/12=1,17=6,18=5,40=1/2;
 3/5=7,16=1,25=1,30=1,116=1/1,2,3;
 4/5=1,9=4/1;
 5/5=100002,15=2,16=1,32=2,38=6/2;
 8/6=1,10=90,11=11/1,4;
 9/8=4,13=1/2;
 6/7=2,8=2,9=2,10=2,28=1/1;
 99/5=1,9=1/99;
 ----------------------------------------------------------------------
 hf stability analysis of h12 triangular lattice, y= 0.5598889440700592
 9
 ----------------------------------------------------------------------
 Symbolic Z-matrix:
 Charge =  0 Multiplicity = 1
 H
 H                    1     1.17338 
 H                    1     1.17338  2     123. 
 H                    2     1.17338  1     57.      3     0.       0
 H                    2     1.17338  1     180.     3     0.       0
 H                    4     1.17338  3     180.     5     0.       0
 H                    6     1.17338  5     180.     3     0.       0
 H                    4     1.17338  2     180.     3     0.       0
 H                    3     1.17338  1     180.     4     0.       0
 H                    9     1.17338  3     180.     4     0.       0
 H                    8     1.17338  4     180.     3     0.       0
 H                    7     1.17338  6     180.     3     0.       0
 
                          Input orientation:                          
 ---------------------------------------------------------------------
 Center     Atomic      Atomic             Coordinates (Angstroms)
 Number     Number       Type             X           Y           Z
 ---------------------------------------------------------------------
      1          1           0        0.000000    0.000000    0.000000
      2          1           0        0.000000    0.000000    1.173381
      3          1           0        0.984080    0.000000   -0.639069
      4          1           0        0.984080    0.000000    0.534312
      5          1           0        0.000000    0.000000    2.346762
      6          1           0        0.984080    0.000000    1.707693
      7          1           0        1.968160    0.000000    1.068624
      8          1           0        1.968160    0.000000   -0.104757
      9          1           0        1.968160    0.000000   -1.278138
     10          1           0        2.952240    0.000000   -1.917207
     11          1           0        2.952240    0.000000   -0.743826
     12          1           0        2.952240    0.000000    0.429555
 ---------------------------------------------------------------------
                    Distance matrix (angstroms):
                    1          2          3          4          5
     1  H    0.000000
     2  H    1.173381   0.000000
     3  H    1.173381   2.062374   0.000000
     4  H    1.119778   1.173381   1.173381   0.000000
     5  H    2.346762   1.173381   3.143819   2.062374   0.000000
     6  H    1.970946   1.119778   2.346762   1.173381   1.173381
     7  H    2.239556   1.970946   1.970946   1.119778   2.346762
     8  H    1.970946   2.346762   1.119778   1.173381   3.143819
     9  H    2.346762   3.143819   1.173381   2.062374   4.124749
    10  H    3.520142   4.274044   2.346762   3.143819   5.186246
    11  H    3.044503   3.520142   1.970946   2.346762   4.274044
    12  H    2.983327   3.044503   2.239556   1.970946   3.520142
                    6          7          8          9         10
     6  H    0.000000
     7  H    1.173381   0.000000
     8  H    2.062374   1.173381   0.000000
     9  H    3.143819   2.346762   1.173381   0.000000
    10  H    4.124749   3.143819   2.062374   1.173381   0.000000
    11  H    3.143819   2.062374   1.173381   1.119778   1.173381
    12  H    2.346762   1.173381   1.119778   1.970946   2.346762
                   11         12
    11  H    0.000000
    12  H    1.173381   0.000000
 Stoichiometry    H12
 Framework group  C2H[SGH(H12)]
 Deg. of freedom    11
 Full point group                 C2H     NOp   4
 Largest Abelian subgroup         C2H     NOp   4
 Largest concise Abelian subgroup C2      NOp   2
                         Standard orientation:                         
 ---------------------------------------------------------------------
 Center     Atomic      Atomic             Coordinates (Angstroms)
 Number     Number       Type             X           Y           Z
 ---------------------------------------------------------------------
      1          1           0        0.984080    1.121002    0.000000
      2          1           0        0.000000    1.760071   -0.000000
      3          1           0        0.984080   -0.052379    0.000000
      4          1           0        0.000000    0.586690   -0.000000
      5          1           0       -0.984080    2.399140   -0.000000
      6          1           0       -0.984080    1.225759   -0.000000
      7          1           0       -0.984080    0.052379    0.000000
      8          1           0       -0.000000   -0.586690   -0.000000
      9          1           0        0.984080   -1.225759   -0.000000
     10          1           0        0.984080   -2.399140   -0.000000
     11          1           0       -0.000000   -1.760071   -0.000000
     12          1           0       -0.984080   -1.121002    0.000000
 ---------------------------------------------------------------------
 Rotational constants (GHZ):     79.4713311     19.7757813     15.8352987
 General basis read from cards:  (5D, 7F)
 There are     6 symmetry adapted cartesian basis functions of AG  symmetry.
 There are     0 symmetry adapted cartesian basis functions of BG  symmetry.
 There are     0 symmetry adapted cartesian basis functions of AU  symmetry.
 There are     6 symmetry adapted cartesian basis functions of BU  symmetry.
 There are     6 symmetry adapted basis functions of AG  symmetry.
 There are     0 symmetry adapted basis functions of BG  symmetry.
 There are     0 symmetry adapted basis functions of AU  symmetry.
 There are     6 symmetry adapted basis functions of BU  symmetry.
    12 basis functions,   120 primitive gaussians,    12 cartesian basis functions
     6 alpha electrons        6 beta electrons
       nuclear repulsion energy        19.4091236145 Hartrees.
 NAtoms=   12 NActive=   12 NUniq=    6 SFac= 4.00D+00 NAtFMM=   60 NAOKFM=F Big=F
 Integral buffers will be    131072 words long.
 Regular integral format.
 Two-electron integral symmetry is turned on.
 One-electron integrals computed using PRISM.
 NBasis=    12 RedAO= T EigKep=  1.84D-01  NBF=     6     0     0     6
 NBsUse=    12 1.00D-06 EigRej= -1.00D+00 NBFU=     6     0     0     6
 Initial guess from the checkpoint file:  "h12.chk"
 B after Tr=     0.000000    0.000000   -0.000000
         Rot=    0.999999    0.000000    0.000000   -0.001518 Ang=  -0.17 deg.
 Initial guess orbital symmetries:
       Occupied  (AG) (BU) (BU) (AG) (BU) (BU)
       Virtual   (AG) (AG) (AG) (BU) (BU) (AG)
 Keep R1 ints in memory in symmetry-blocked form, NReq=903252.
 Requested convergence on RMS density matrix=1.00D-08 within 128 cycles.
 Requested convergence on MAX density matrix=1.00D-06.
 Requested convergence on             energy=1.00D-06.
 No special actions if energy rises.
 SCF Done:  E(RHF) =  -5.19046697591     A.U. after   11 cycles
            NFock= 11  Conv=0.15D-08     -V/T= 1.7217
 Range of M.O.s used for correlation:     1    12
 NBasis=    12 NAE=     6 NBE=     6 NFC=     0 NFV=     0
 NROrb=     12 NOA=     6 NOB=     6 NVA=     6 NVB=     6

 **** Warning!!: The smallest alpha delta epsilon is -0.16613830D+00

 Semi-Direct transformation.
 ModeAB=           4 MOrb=             6 LenV=     134084969
 LASXX=         2181 LTotXX=        2181 LenRXX=        5115
 LTotAB=        2934 MaxLAS=        3024 LenRXY=           0
 NonZer=        7296 LenScr=      655360 LnRSAI=        3024
 LnScr1=      655360 LExtra=           0 Total=      1318859
 MaxDsk=          -1 SrtSym=           T ITran=            3
 JobTyp=0 Pass  1:  I=   1 to   6.
 (rs|ai) integrals will be sorted in core.
 Spin components of T(2) and E(2):
     alpha-alpha T2 =       0.1878577666D-01 E2=     -0.1630721522D-01
     alpha-beta  T2 =       0.1234177482D+01 E2=     -0.1354087473D+00
     beta-beta   T2 =       0.1878577666D-01 E2=     -0.1630721522D-01
 ANorm=    0.1507232243D+01
 E2 =    -0.1680231777D+00 EUMP2 =    -0.53584901536328D+01
 Second order stability test of a single determinant RHF wave function:
 Stabil:  MDV=134217728
 ***********************************************************************
 Matrix         Lowest Root    Major Pairs
 ***********************************************************************
 Internal RHF    -0.3467124    6A=7A
 RRHF --> CRHF   -0.4091069    6A=7A
 RRHF --> RUHF   -0.5945959    6A=7B
 Not stable.
 ***********************************************************************

 **********************************************************************

            Population analysis using the SCF density.

 **********************************************************************

 Orbital symmetries:
       Occupied  (AG) (BU) (BU) (AG) (BU) (BU)
       Virtual   (AG) (AG) (AG) (BU) (BU) (AG)
 The electronic state is 1-AG.
 Alpha  occ. eigenvalues --   -0.92745  -0.73234  -0.58986  -0.53214  -0.27596
 Alpha  occ. eigenvalues --    0.02316
 Alpha virt. eigenvalues --   -0.14298   0.12822   0.25752   0.39363   0.52435
 Alpha virt. eigenvalues --    0.54241
          Condensed to atoms (all electrons):
               1          2          3          4          5          6
     1  H    0.425267  -0.001481   0.102370   0.266279  -0.046610  -0.024265
     2  H   -0.001481   1.901862  -0.188613  -0.396320   0.117870  -0.492920
     3  H    0.102370  -0.188613   1.401242   0.118366   0.018169   0.057301
     4  H    0.266279  -0.396320   0.118366   1.312642  -0.118240   0.315269
     5  H   -0.046610   0.117870   0.018169  -0.118240   0.957404   0.224671
     6  H   -0.024265  -0.492920   0.057301   0.315269   0.224671   1.337487
     7  H   -0.005566   0.146659  -0.245297   0.088769  -0.096596  -0.326427
     8  H   -0.060032   0.079013   0.088769  -0.412162   0.015974  -0.149763
     9  H    0.005187   0.063883  -0.326427  -0.149763  -0.000422  -0.048236
    10  H    0.005797   0.002041  -0.096596   0.015974  -0.000858  -0.000422
    11  H   -0.005288  -0.038734   0.146659   0.079013   0.002041   0.063883
    12  H   -0.020768  -0.005288  -0.005566  -0.060032   0.005797   0.005187
               7          8          9         10         11         12
     1  H   -0.005566  -0.060032   0.005187   0.005797  -0.005288  -0.020768
     2  H    0.146659   0.079013   0.063883   0.002041  -0.038734  -0.005288
     3  H   -0.245297   0.088769  -0.326427  -0.096596   0.146659  -0.005566
     4  H    0.088769  -0.412162  -0.149763   0.015974   0.079013  -0.060032
     5  H   -0.096596   0.015974  -0.000422  -0.000858   0.002041   0.005797
     6  H   -0.326427  -0.149763  -0.048236  -0.000422   0.063883   0.005187
     7  H    1.401242   0.118366   0.057301   0.018169  -0.188613   0.102370
     8  H    0.118366   1.312642   0.315269  -0.118240  -0.396320   0.266279
     9  H    0.057301   0.315269   1.337487   0.224671  -0.492920  -0.024265
    10  H    0.018169  -0.118240   0.224671   0.957404   0.117870  -0.046610
    11  H   -0.188613  -0.396320  -0.492920   0.117870   1.901862  -0.001481
    12  H    0.102370   0.266279  -0.024265  -0.046610  -0.001481   0.425267
 Mulliken charges:
               1
     1  H    0.359110
     2  H   -0.187974
     3  H   -0.070376
     4  H   -0.059796
     5  H   -0.079199
     6  H    0.038236
     7  H   -0.070376
     8  H   -0.059796
     9  H    0.038236
    10  H   -0.079199
    11  H   -0.187974
    12  H    0.359110
 Sum of Mulliken charges =   0.00000
 Mulliken charges with hydrogens summed into heavy atoms:
               1
 Electronic spatial extent (au):  <R**2>=            154.0122
 Charge=              0.0000 electrons
 Dipole moment (field-independent basis, Debye):
    X=              0.0000    Y=             -0.0000    Z=              0.0000  Tot=              0.0000
 Quadrupole moment (field-independent basis, Debye-Ang):
   XX=            -14.4102   YY=            -25.8569   ZZ=            -14.7819
   XY=              6.1845   XZ=             -0.0000   YZ=              0.0000
 Traceless Quadrupole moment (field-independent basis, Debye-Ang):
   XX=              3.9395   YY=             -7.5073   ZZ=              3.5678
   XY=              6.1845   XZ=             -0.0000   YZ=              0.0000
 Octapole moment (field-independent basis, Debye-Ang**2):
  XXX=              0.0000  YYY=             -0.0000  ZZZ=              0.0000  XYY=              0.0000
  XXY=             -0.0000  XXZ=              0.0000  XZZ=              0.0000  YZZ=             -0.0000
  YYZ=              0.0000  XYZ=             -0.0000
 Hexadecapole moment (field-independent basis, Debye-Ang**3):
 XXXX=            -77.2632 YYYY=           -291.0739 ZZZZ=            -17.3284 XXXY=             32.6126
 XXXZ=             -0.0000 YYYX=             45.0047 YYYZ=              0.0000 ZZZX=             -0.0000
 ZZZY=              0.0000 XXYY=            -52.1946 XXZZ=            -15.8279 YYZZ=            -39.7641
 XXYZ=              0.0000 YYXZ=             -0.0000 ZZXY=              8.2206
 N-N= 1.940912361448D+01 E-N=-5.032156790932D+01  KE= 7.191570948150D+00
 Symmetry AG   KE= 1.499307856162D+00
 Symmetry BG   KE= 0.000000000000D+00
 Symmetry AU   KE= 0.000000000000D+00
 Symmetry BU   KE= 5.692263091988D+00

 Test job not archived.
 1\1\GINC-SULU\Stability\RHF\Gen\H12\LCJ1\17-Feb-2017\0\\#rhf/gen scf(s
 ymm,tight,novaracc,noincfock,fulldiag) stable(crhf) guess=read geom=no
 crowd test\\hf stability analysis of h12 triangular lattice, y= 0.5598
 8894407005929\\0,1\H\H,1,1.1733808041\H,1,1.1733808041,2,123.\H,2,1.17
 33808041,1,57.,3,0.,0\H,2,1.1733808041,1,180.,3,0.,0\H,4,1.1733808041,
 3,180.,5,0.,0\H,6,1.1733808041,5,180.,3,0.,0\H,4,1.1733808041,2,180.,3
 ,0.,0\H,3,1.1733808041,1,180.,4,0.,0\H,9,1.1733808041,3,180.,4,0.,0\H,
 8,1.1733808041,4,180.,3,0.,0\H,7,1.1733808041,6,180.,3,0.,0\\Version=E
 S64L-G09RevE.01\State=1-AG\HF=-5.190467\MP2=-5.3584902\RMSD=1.542e-09\
 Dipole=0.,0.,0.\Quadrupole=1.1435187,2.6525568,-3.7960755,0.,5.7575016
 ,0.\PG=C02H [SGH(H12)]\\@


 WE SHOULD BE CAREFUL TO GET OUT OF AN EXPERIENCE ONLY THE WISDOM
 THAT IS IN IT -- AND STOP THERE;
 LEST WE BE LIKE THE CAT THAT SITS DOWN ON A HOT STOVE-LID.
 SHE WILL NEVER SIT DOWN ON A HOT STOVE LID AGAIN;
 BUT ALSO SHE WILL NEVER SIT DOWN ON A COLD ONE ANY MORE.

                                                     -- MARK TWAIN
 Job cpu time:       0 days  0 hours  0 minutes  1.1 seconds.
 File lengths (MBytes):  RWF=     84 Int=      0 D2E=      0 Chk=      2 Scr=      2
 Normal termination of Gaussian 09 at Fri Feb 17 14:57:10 2017.
