 Entering Gaussian System, Link 0=g09
 AtFile(1): H.gbs
            H     0
            S   10   1.00
               1000.000000000000            0.000068713567
                316.227766000000            0.000169141320
                100.000000000000            0.000823394812
                 31.622776600000            0.003425569236
                 10.000000000000            0.013951996000
                  3.162277660000            0.056909313560
                  1.000000000000            0.198286399900
                  0.316227766000            0.496922426700
                  0.100000000000            0.369846276400
                  0.031622776600            0.003752720039
            ****
 Initial command:
 /projects/guscus/apps/gau/g09-e1/g09/l1.exe "/users/lcj1/gaussian/h12/rhfstability/rect/guess/ag2bu4/Gau-893.inp" -scrdir="/users/lcj1/gaussian/h12/rhfstability/rect/guess/ag2bu4/"
 Entering Link 1 = /projects/guscus/apps/gau/g09-e1/g09/l1.exe PID=       899.
  
 Copyright (c) 1988,1990,1992,1993,1995,1998,2003,2009,2015,
            Gaussian, Inc.  All Rights Reserved.
  
 This is part of the Gaussian(R) 09 program.  It is based on
 the Gaussian(R) 03 system (copyright 2003, Gaussian, Inc.),
 the Gaussian(R) 98 system (copyright 1998, Gaussian, Inc.),
 the Gaussian(R) 94 system (copyright 1995, Gaussian, Inc.),
 the Gaussian 92(TM) system (copyright 1992, Gaussian, Inc.),
 the Gaussian 90(TM) system (copyright 1990, Gaussian, Inc.),
 the Gaussian 88(TM) system (copyright 1988, Gaussian, Inc.),
 the Gaussian 86(TM) system (copyright 1986, Carnegie Mellon
 University), and the Gaussian 82(TM) system (copyright 1983,
 Carnegie Mellon University). Gaussian is a federally registered
 trademark of Gaussian, Inc.
  
 This software contains proprietary and confidential information,
 including trade secrets, belonging to Gaussian, Inc.
  
 This software is provided under written license and may be
 used, copied, transmitted, or stored only in accord with that
 written license.
  
 The following legend is applicable only to US Government
 contracts under FAR:
  
                    RESTRICTED RIGHTS LEGEND
  
 Use, reproduction and disclosure by the US Government is
 subject to restrictions as set forth in subparagraphs (a)
 and (c) of the Commercial Computer Software - Restricted
 Rights clause in FAR 52.227-19.
  
 Gaussian, Inc.
 340 Quinnipiac St., Bldg. 40, Wallingford CT 06492
  
  
 ---------------------------------------------------------------
 Warning -- This program may not be used in any manner that
 competes with the business of Gaussian, Inc. or will provide
 assistance to any competitor of Gaussian, Inc.  The licensee
 of this program is prohibited from giving any competitor of
 Gaussian, Inc. access to this program.  By using this program,
 the user acknowledges that Gaussian, Inc. is engaged in the
 business of creating and licensing software in the field of
 computational chemistry and represents and warrants to the
 licensee that it is not a competitor of Gaussian, Inc. and that
 it will not use this program in any manner prohibited above.
 ---------------------------------------------------------------
  

 Cite this work as:
 Gaussian 09, Revision E.01,
 M. J. Frisch, G. W. Trucks, H. B. Schlegel, G. E. Scuseria, 
 M. A. Robb, J. R. Cheeseman, G. Scalmani, V. Barone, B. Mennucci, 
 G. A. Petersson, H. Nakatsuji, M. Caricato, X. Li, H. P. Hratchian, 
 A. F. Izmaylov, J. Bloino, G. Zheng, J. L. Sonnenberg, M. Hada, 
 M. Ehara, K. Toyota, R. Fukuda, J. Hasegawa, M. Ishida, T. Nakajima, 
 Y. Honda, O. Kitao, H. Nakai, T. Vreven, J. A. Montgomery, Jr., 
 J. E. Peralta, F. Ogliaro, M. Bearpark, J. J. Heyd, E. Brothers, 
 K. N. Kudin, V. N. Staroverov, T. Keith, R. Kobayashi, J. Normand, 
 K. Raghavachari, A. Rendell, J. C. Burant, S. S. Iyengar, J. Tomasi, 
 M. Cossi, N. Rega, J. M. Millam, M. Klene, J. E. Knox, J. B. Cross, 
 V. Bakken, C. Adamo, J. Jaramillo, R. Gomperts, R. E. Stratmann, 
 O. Yazyev, A. J. Austin, R. Cammi, C. Pomelli, J. W. Ochterski, 
 R. L. Martin, K. Morokuma, V. G. Zakrzewski, G. A. Voth, 
 P. Salvador, J. J. Dannenberg, S. Dapprich, A. D. Daniels, 
 O. Farkas, J. B. Foresman, J. V. Ortiz, J. Cioslowski, 
 and D. J. Fox, Gaussian, Inc., Wallingford CT, 2013.
 
 ******************************************
 Gaussian 09:  ES64L-G09RevE.01 30-Nov-2015
                17-Feb-2017 
 ******************************************
 %chk=h12.chk
 ----------------------------------------------------------------------
 #rhf/gen scf(symm,tight,novaracc,noincfock,fulldiag) stable(crhf) gues
 s=read geom=nocrowd test
 ----------------------------------------------------------------------
 1/38=1/1;
 2/12=1,17=6,18=5,40=1/2;
 3/5=7,16=1,25=1,30=1,116=1/1,2,3;
 4/5=1,9=4/1;
 5/5=100002,15=2,16=1,32=2,38=6/2;
 8/6=1,10=90,11=11/1,4;
 9/8=4,13=1/2;
 6/7=2,8=2,9=2,10=2,28=1/1;
 99/5=1,9=1/99;
 ----------------------------------------------------------------------
 hf stability analysis of h12 triangular lattice, y= 1.0153487862282633
 ----------------------------------------------------------------------
 Symbolic Z-matrix:
 Charge =  0 Multiplicity = 1
 H
 H                    1     1.16373 
 H                    1     1.16373  2     58.5 
 H                    2     1.16373  1     121.5    3     0.       0
 H                    2     1.16373  1     180.     3     0.       0
 H                    4     1.16373  3     180.     5     0.       0
 H                    6     1.16373  5     180.     3     0.       0
 H                    4     1.16373  2     180.     3     0.       0
 H                    3     1.16373  1     180.     4     0.       0
 H                    9     1.16373  3     180.     4     0.       0
 H                    8     1.16373  4     180.     3     0.       0
 H                    7     1.16373  6     180.     3     0.       0
 
                          Input orientation:                          
 ---------------------------------------------------------------------
 Center     Atomic      Atomic             Coordinates (Angstroms)
 Number     Number       Type             X           Y           Z
 ---------------------------------------------------------------------
      1          1           0        0.000000    0.000000    0.000000
      2          1           0        0.000000    0.000000    1.163729
      3          1           0        0.992242    0.000000    0.608047
      4          1           0        0.992242    0.000000    1.771775
      5          1           0        0.000000    0.000000    2.327458
      6          1           0        0.992242    0.000000    2.935504
      7          1           0        1.984484    0.000000    3.543551
      8          1           0        1.984484    0.000000    2.379822
      9          1           0        1.984484    0.000000    1.216093
     10          1           0        2.976726    0.000000    1.824140
     11          1           0        2.976726    0.000000    2.987869
     12          1           0        2.976726    0.000000    4.151598
 ---------------------------------------------------------------------
                    Distance matrix (angstroms):
                    1          2          3          4          5
     1  H    0.000000
     2  H    1.163729   0.000000
     3  H    1.163729   1.137245   0.000000
     4  H    2.030698   1.163729   1.163729   0.000000
     5  H    2.327458   1.163729   1.985175   1.137245   0.000000
     6  H    3.098666   2.030698   2.327458   1.163729   1.163729
     7  H    4.061395   3.098666   3.098666   2.030698   2.327458
     8  H    3.098666   2.327458   2.030698   1.163729   1.985175
     9  H    2.327458   1.985175   1.163729   1.137245   2.274491
    10  H    3.491187   3.049105   2.327458   1.985175   3.018978
    11  H    4.217613   3.491187   3.098666   2.327458   3.049105
    12  H    5.108489   4.217613   4.061395   3.098666   3.491187
                    6          7          8          9         10
     6  H    0.000000
     7  H    1.163729   0.000000
     8  H    1.137245   1.163729   0.000000
     9  H    1.985175   2.327458   1.163729   0.000000
    10  H    2.274491   1.985175   1.137245   1.163729   0.000000
    11  H    1.985175   1.137245   1.163729   2.030698   1.163729
    12  H    2.327458   1.163729   2.030698   3.098666   2.327458
                   11         12
    11  H    0.000000
    12  H    1.163729   0.000000
 Stoichiometry    H12
 Framework group  C2H[SGH(H12)]
 Deg. of freedom    11
 Full point group                 C2H     NOp   4
 Largest Abelian subgroup         C2H     NOp   4
 Largest concise Abelian subgroup C2      NOp   2
                         Standard orientation:                         
 ---------------------------------------------------------------------
 Center     Atomic      Atomic             Coordinates (Angstroms)
 Number     Number       Type             X           Y           Z
 ---------------------------------------------------------------------
      1          1           0        0.992242    2.353640    0.000000
      2          1           0        0.000000    1.745593    0.000000
      3          1           0        0.992242    1.189911    0.000000
      4          1           0        0.000000    0.581864    0.000000
      5          1           0       -0.992242    1.137547    0.000000
      6          1           0       -0.992242   -0.026182    0.000000
      7          1           0       -0.992242   -1.189911    0.000000
      8          1           0       -0.000000   -0.581864    0.000000
      9          1           0        0.992242    0.026182    0.000000
     10          1           0        0.992242   -1.137547    0.000000
     11          1           0       -0.000000   -1.745593    0.000000
     12          1           0       -0.992242   -2.353640    0.000000
 ---------------------------------------------------------------------
 Rotational constants (GHZ):     77.2861253     20.3349242     16.0990637
 General basis read from cards:  (5D, 7F)
 There are     6 symmetry adapted cartesian basis functions of AG  symmetry.
 There are     0 symmetry adapted cartesian basis functions of BG  symmetry.
 There are     0 symmetry adapted cartesian basis functions of AU  symmetry.
 There are     6 symmetry adapted cartesian basis functions of BU  symmetry.
 There are     6 symmetry adapted basis functions of AG  symmetry.
 There are     0 symmetry adapted basis functions of BG  symmetry.
 There are     0 symmetry adapted basis functions of AU  symmetry.
 There are     6 symmetry adapted basis functions of BU  symmetry.
    12 basis functions,   120 primitive gaussians,    12 cartesian basis functions
     6 alpha electrons        6 beta electrons
       nuclear repulsion energy        19.4783080846 Hartrees.
 NAtoms=   12 NActive=   12 NUniq=    6 SFac= 4.00D+00 NAtFMM=   60 NAOKFM=F Big=F
 Integral buffers will be    131072 words long.
 Regular integral format.
 Two-electron integral symmetry is turned on.
 One-electron integrals computed using PRISM.
 NBasis=    12 RedAO= T EigKep=  1.82D-01  NBF=     6     0     0     6
 NBsUse=    12 1.00D-06 EigRej= -1.00D+00 NBFU=     6     0     0     6
 Initial guess from the checkpoint file:  "h12.chk"
 B after Tr=    -0.000000    0.000000    0.000000
         Rot=    0.999999   -0.000000    0.000000   -0.001518 Ang=  -0.17 deg.
 Initial guess orbital symmetries:
       Occupied  (AG) (BU) (BU) (AG) (BU) (BU)
       Virtual   (AG) (AG) (AG) (BU) (AG) (BU)
 Keep R1 ints in memory in symmetry-blocked form, NReq=903532.
 Requested convergence on RMS density matrix=1.00D-08 within 128 cycles.
 Requested convergence on MAX density matrix=1.00D-06.
 Requested convergence on             energy=1.00D-06.
 No special actions if energy rises.
 SCF Done:  E(RHF) =  -5.17975455752     A.U. after   10 cycles
            NFock= 10  Conv=0.98D-08     -V/T= 1.7178
 Range of M.O.s used for correlation:     1    12
 NBasis=    12 NAE=     6 NBE=     6 NFC=     0 NFV=     0
 NROrb=     12 NOA=     6 NOB=     6 NVA=     6 NVB=     6

 **** Warning!!: The smallest alpha delta epsilon is -0.16562801D+00

 Semi-Direct transformation.
 ModeAB=           4 MOrb=             6 LenV=     134084437
 LASXX=         2181 LTotXX=        2181 LenRXX=        5115
 LTotAB=        2934 MaxLAS=        3024 LenRXY=           0
 NonZer=        7296 LenScr=      655360 LnRSAI=        3024
 LnScr1=      655360 LExtra=           0 Total=      1318859
 MaxDsk=          -1 SrtSym=           T ITran=            3
 JobTyp=0 Pass  1:  I=   1 to   6.
 (rs|ai) integrals will be sorted in core.
 Spin components of T(2) and E(2):
     alpha-alpha T2 =       0.1877467583D-01 E2=     -0.1630477513D-01
     alpha-beta  T2 =       0.1158725221D+01 E2=     -0.1360140980D+00
     beta-beta   T2 =       0.1877467583D-01 E2=     -0.1630477513D-01
 ANorm=    0.1481983324D+01
 E2 =    -0.1686236483D+00 EUMP2 =    -0.53483782058179D+01
 Second order stability test of a single determinant RHF wave function:
 Stabil:  MDV=134217728
 ***********************************************************************
 Matrix         Lowest Root    Major Pairs
 ***********************************************************************
 Internal RHF    -0.3467157    6A=7A
 RRHF --> CRHF   -0.4094327    6A=7A
 RRHF --> RUHF   -0.5909595    6A=7B
 Not stable.
 ***********************************************************************

 **********************************************************************

            Population analysis using the SCF density.

 **********************************************************************

 Orbital symmetries:
       Occupied  (AG) (BU) (BU) (AG) (BU) (BU)
       Virtual   (AG) (AG) (AG) (BU) (AG) (BU)
 The electronic state is 1-AG.
 Alpha  occ. eigenvalues --   -0.92698  -0.73368  -0.59289  -0.52981  -0.26668
 Alpha  occ. eigenvalues --    0.01495
 Alpha virt. eigenvalues --   -0.15068   0.12034   0.26852   0.38199   0.54945
 Alpha virt. eigenvalues --    0.55082
          Condensed to atoms (all electrons):
               1          2          3          4          5          6
     1  H    0.993477   0.131203   0.206691  -0.126316  -0.050733   0.019316
     2  H    0.131203   1.829013  -0.460904  -0.409166   0.034030  -0.203515
     3  H    0.206691  -0.460904   1.307977   0.343921  -0.032362   0.060931
     4  H   -0.126316  -0.409166   0.343921   1.342463   0.244862   0.151154
     5  H   -0.050733   0.034030  -0.032362   0.244862   0.423021   0.075648
     6  H    0.019316  -0.203515   0.060931   0.151154   0.075648   1.463384
     7  H   -0.000091   0.065588  -0.050838  -0.164501   0.012178  -0.337772
     8  H    0.017481   0.082874  -0.164501  -0.432993  -0.053085   0.059330
     9  H   -0.101289   0.148993  -0.337772   0.059330   0.002593  -0.251260
    10  H    0.006753  -0.008666   0.012178  -0.053085  -0.019843   0.002593
    11  H    0.002154  -0.037973   0.065588   0.082874  -0.008666   0.148993
    12  H   -0.001028   0.002154  -0.000091   0.017481   0.006753  -0.101289
               7          8          9         10         11         12
     1  H   -0.000091   0.017481  -0.101289   0.006753   0.002154  -0.001028
     2  H    0.065588   0.082874   0.148993  -0.008666  -0.037973   0.002154
     3  H   -0.050838  -0.164501  -0.337772   0.012178   0.065588  -0.000091
     4  H   -0.164501  -0.432993   0.059330  -0.053085   0.082874   0.017481
     5  H    0.012178  -0.053085   0.002593  -0.019843  -0.008666   0.006753
     6  H   -0.337772   0.059330  -0.251260   0.002593   0.148993  -0.101289
     7  H    1.307977   0.343921   0.060931  -0.032362  -0.460904   0.206691
     8  H    0.343921   1.342463   0.151154   0.244862  -0.409166  -0.126316
     9  H    0.060931   0.151154   1.463384   0.075648  -0.203515   0.019316
    10  H   -0.032362   0.244862   0.075648   0.423021   0.034030  -0.050733
    11  H   -0.460904  -0.409166  -0.203515   0.034030   1.829013   0.131203
    12  H    0.206691  -0.126316   0.019316  -0.050733   0.131203   0.993477
 Mulliken charges:
               1
     1  H   -0.097618
     2  H   -0.173630
     3  H    0.049182
     4  H   -0.056026
     5  H    0.365604
     6  H   -0.087512
     7  H    0.049182
     8  H   -0.056026
     9  H   -0.087512
    10  H    0.365604
    11  H   -0.173630
    12  H   -0.097618
 Sum of Mulliken charges =   0.00000
 Mulliken charges with hydrogens summed into heavy atoms:
               1
 Electronic spatial extent (au):  <R**2>=            152.2322
 Charge=              0.0000 electrons
 Dipole moment (field-independent basis, Debye):
    X=              0.0000    Y=             -0.0000    Z=              0.0000  Tot=              0.0000
 Quadrupole moment (field-independent basis, Debye-Ang):
   XX=            -14.3584   YY=            -26.0286   ZZ=            -14.7598
   XY=             -6.5854   XZ=              0.0000   YZ=              0.0000
 Traceless Quadrupole moment (field-independent basis, Debye-Ang):
   XX=              4.0239   YY=             -7.6463   ZZ=              3.6225
   XY=             -6.5854   XZ=              0.0000   YZ=              0.0000
 Octapole moment (field-independent basis, Debye-Ang**2):
  XXX=             -0.0000  YYY=              0.0000  ZZZ=             -0.0000  XYY=              0.0000
  XXY=             -0.0000  XXZ=             -0.0000  XZZ=              0.0000  YZZ=              0.0000
  YYZ=             -0.0000  XYZ=             -0.0000
 Hexadecapole moment (field-independent basis, Debye-Ang**3):
 XXXX=            -77.7109 YYYY=           -289.2685 ZZZZ=            -17.2857 XXXY=            -32.3326
 XXXZ=              0.0000 YYYX=            -46.9787 YYYZ=              0.0000 ZZZX=              0.0000
 ZZZY=              0.0000 XXYY=            -51.9595 XXZZ=            -15.9310 YYZZ=            -38.9744
 XXYZ=              0.0000 YYXZ=              0.0000 ZZXY=             -8.0332
 N-N= 1.947830808463D+01 E-N=-5.046166477170D+01  KE= 7.215719242931D+00
 Symmetry AG   KE= 1.507426335201D+00
 Symmetry BG   KE= 0.000000000000D+00
 Symmetry AU   KE= 0.000000000000D+00
 Symmetry BU   KE= 5.708292907729D+00

 Test job not archived.
 1\1\GINC-SULU\Stability\RHF\Gen\H12\LCJ1\17-Feb-2017\0\\#rhf/gen scf(s
 ymm,tight,novaracc,noincfock,fulldiag) stable(crhf) guess=read geom=no
 crowd test\\hf stability analysis of h12 triangular lattice, y= 1.0153
 487862282633\\0,1\H\H,1,1.1637288437\H,1,1.1637288437,2,58.5\H,2,1.163
 7288437,1,121.5,3,0.,0\H,2,1.1637288437,1,180.,3,0.,0\H,4,1.1637288437
 ,3,180.,5,0.,0\H,6,1.1637288437,5,180.,3,0.,0\H,4,1.1637288437,2,180.,
 3,0.,0\H,3,1.1637288437,1,180.,4,0.,0\H,9,1.1637288437,3,180.,4,0.,0\H
 ,8,1.1637288437,4,180.,3,0.,0\H,7,1.1637288437,6,180.,3,0.,0\\Version=
 ES64L-G09RevE.01\State=1-AG\HF=-5.1797546\MP2=-5.3483782\RMSD=9.807e-0
 9\Dipole=0.,0.,0.\Quadrupole=1.046347,2.693214,-3.739561,0.,-6.0881946
 ,0.\PG=C02H [SGH(H12)]\\@


 You don't have to suffer to be a poet.
 Adolescence is enough suffering for anyone.
                             -- John Ciardi
 Job cpu time:       0 days  0 hours  0 minutes  1.1 seconds.
 File lengths (MBytes):  RWF=     84 Int=      0 D2E=      0 Chk=      2 Scr=      2
 Normal termination of Gaussian 09 at Fri Feb 17 15:03:54 2017.
