 Entering Gaussian System, Link 0=g09
 AtFile(1): H.gbs
            H     0
            S   10   1.00
               1000.000000000000            0.000068713567
                316.227766000000            0.000169141320
                100.000000000000            0.000823394812
                 31.622776600000            0.003425569236
                 10.000000000000            0.013951996000
                  3.162277660000            0.056909313560
                  1.000000000000            0.198286399900
                  0.316227766000            0.496922426700
                  0.100000000000            0.369846276400
                  0.031622776600            0.003752720039
            ****
 Initial command:
 /projects/guscus/apps/gau/g09-e1/g09/l1.exe "/users/lcj1/gaussian/h12/rhfstability/rect/guess/ag2bu4/Gau-12116.inp" -scrdir="/users/lcj1/gaussian/h12/rhfstability/rect/guess/ag2bu4/"
 Entering Link 1 = /projects/guscus/apps/gau/g09-e1/g09/l1.exe PID=     12117.
  
 Copyright (c) 1988,1990,1992,1993,1995,1998,2003,2009,2015,
            Gaussian, Inc.  All Rights Reserved.
  
 This is part of the Gaussian(R) 09 program.  It is based on
 the Gaussian(R) 03 system (copyright 2003, Gaussian, Inc.),
 the Gaussian(R) 98 system (copyright 1998, Gaussian, Inc.),
 the Gaussian(R) 94 system (copyright 1995, Gaussian, Inc.),
 the Gaussian 92(TM) system (copyright 1992, Gaussian, Inc.),
 the Gaussian 90(TM) system (copyright 1990, Gaussian, Inc.),
 the Gaussian 88(TM) system (copyright 1988, Gaussian, Inc.),
 the Gaussian 86(TM) system (copyright 1986, Carnegie Mellon
 University), and the Gaussian 82(TM) system (copyright 1983,
 Carnegie Mellon University). Gaussian is a federally registered
 trademark of Gaussian, Inc.
  
 This software contains proprietary and confidential information,
 including trade secrets, belonging to Gaussian, Inc.
  
 This software is provided under written license and may be
 used, copied, transmitted, or stored only in accord with that
 written license.
  
 The following legend is applicable only to US Government
 contracts under FAR:
  
                    RESTRICTED RIGHTS LEGEND
  
 Use, reproduction and disclosure by the US Government is
 subject to restrictions as set forth in subparagraphs (a)
 and (c) of the Commercial Computer Software - Restricted
 Rights clause in FAR 52.227-19.
  
 Gaussian, Inc.
 340 Quinnipiac St., Bldg. 40, Wallingford CT 06492
  
  
 ---------------------------------------------------------------
 Warning -- This program may not be used in any manner that
 competes with the business of Gaussian, Inc. or will provide
 assistance to any competitor of Gaussian, Inc.  The licensee
 of this program is prohibited from giving any competitor of
 Gaussian, Inc. access to this program.  By using this program,
 the user acknowledges that Gaussian, Inc. is engaged in the
 business of creating and licensing software in the field of
 computational chemistry and represents and warrants to the
 licensee that it is not a competitor of Gaussian, Inc. and that
 it will not use this program in any manner prohibited above.
 ---------------------------------------------------------------
  

 Cite this work as:
 Gaussian 09, Revision E.01,
 M. J. Frisch, G. W. Trucks, H. B. Schlegel, G. E. Scuseria, 
 M. A. Robb, J. R. Cheeseman, G. Scalmani, V. Barone, B. Mennucci, 
 G. A. Petersson, H. Nakatsuji, M. Caricato, X. Li, H. P. Hratchian, 
 A. F. Izmaylov, J. Bloino, G. Zheng, J. L. Sonnenberg, M. Hada, 
 M. Ehara, K. Toyota, R. Fukuda, J. Hasegawa, M. Ishida, T. Nakajima, 
 Y. Honda, O. Kitao, H. Nakai, T. Vreven, J. A. Montgomery, Jr., 
 J. E. Peralta, F. Ogliaro, M. Bearpark, J. J. Heyd, E. Brothers, 
 K. N. Kudin, V. N. Staroverov, T. Keith, R. Kobayashi, J. Normand, 
 K. Raghavachari, A. Rendell, J. C. Burant, S. S. Iyengar, J. Tomasi, 
 M. Cossi, N. Rega, J. M. Millam, M. Klene, J. E. Knox, J. B. Cross, 
 V. Bakken, C. Adamo, J. Jaramillo, R. Gomperts, R. E. Stratmann, 
 O. Yazyev, A. J. Austin, R. Cammi, C. Pomelli, J. W. Ochterski, 
 R. L. Martin, K. Morokuma, V. G. Zakrzewski, G. A. Voth, 
 P. Salvador, J. J. Dannenberg, S. Dapprich, A. D. Daniels, 
 O. Farkas, J. B. Foresman, J. V. Ortiz, J. Cioslowski, 
 and D. J. Fox, Gaussian, Inc., Wallingford CT, 2013.
 
 ******************************************
 Gaussian 09:  ES64L-G09RevE.01 30-Nov-2015
                17-Feb-2017 
 ******************************************
 %chk=h12.chk
 ----------------------------------------------------------------------
 #rhf/gen scf(symm,tight,novaracc,noincfock,fulldiag) stable(crhf) gues
 s=read geom=nocrowd test
 ----------------------------------------------------------------------
 1/38=1/1;
 2/12=1,17=6,18=5,40=1/2;
 3/5=7,16=1,25=1,30=1,116=1/1,2,3;
 4/5=1,9=4/1;
 5/5=100002,15=2,16=1,32=2,38=6/2;
 8/6=1,10=90,11=11/1,4;
 9/8=4,13=1/2;
 6/7=2,8=2,9=2,10=2,28=1/1;
 99/5=1,9=1/99;
 ----------------------------------------------------------------------
 hf stability analysis of h12 triangular lattice, y= 2.2960291063410230
 ----------------------------------------------------------------------
 Symbolic Z-matrix:
 Charge =  0 Multiplicity = 1
 H
 H                    1     2.30976 
 H                    1     2.30976  2     12.5 
 H                    2     2.30976  1     167.5    3     0.       0
 H                    2     2.30976  1     180.     3     0.       0
 H                    4     2.30976  3     180.     5     0.       0
 H                    6     2.30976  5     180.     3     0.       0
 H                    4     2.30976  2     180.     3     0.       0
 H                    3     2.30976  1     180.     4     0.       0
 H                    9     2.30976  3     180.     4     0.       0
 H                    8     2.30976  4     180.     3     0.       0
 H                    7     2.30976  6     180.     3     0.       0
 
                          Input orientation:                          
 ---------------------------------------------------------------------
 Center     Atomic      Atomic             Coordinates (Angstroms)
 Number     Number       Type             X           Y           Z
 ---------------------------------------------------------------------
      1          1           0        0.000000    0.000000    0.000000
      2          1           0        0.000000    0.000000    2.309758
      3          1           0        0.499923    0.000000    2.255007
      4          1           0        0.499923    0.000000    4.564765
      5          1           0        0.000000    0.000000    4.619515
      6          1           0        0.499923    0.000000    6.874522
      7          1           0        0.999846    0.000000    9.129529
      8          1           0        0.999846    0.000000    6.819772
      9          1           0        0.999846    0.000000    4.510014
     10          1           0        1.499769    0.000000    6.765021
     11          1           0        1.499769    0.000000    9.074779
     12          1           0        1.499769    0.000000   11.384536
 ---------------------------------------------------------------------
                    Distance matrix (angstroms):
                    1          2          3          4          5
     1  H    0.000000
     2  H    2.309758   0.000000
     3  H    2.309758   0.502912   0.000000
     4  H    4.592058   2.309758   2.309758   0.000000
     5  H    4.619515   2.309758   2.416779   0.502912   0.000000
     6  H    6.892676   4.592058   4.619515   2.309758   2.309758
     7  H    9.184116   6.892676   6.892676   4.592058   4.619515
     8  H    6.892676   4.619515   4.592058   2.309758   2.416779
     9  H    4.619515   2.416779   2.309758   0.502912   1.005824
    10  H    6.929273   4.700923   4.619515   2.416779   2.617729
    11  H    9.197876   6.929273   6.892676   4.619515   4.700923
    12  H   11.482899   9.197876   9.184116   6.892676   6.929273
                    6          7          8          9         10
     6  H    0.000000
     7  H    2.309758   0.000000
     8  H    0.502912   2.309758   0.000000
     9  H    2.416779   4.619515   2.309758   0.000000
    10  H    1.005824   2.416779   0.502912   2.309758   0.000000
    11  H    2.416779   0.502912   2.309758   4.592058   2.309758
    12  H    4.619515   2.309758   4.592058   6.892676   4.619515
                   11         12
    11  H    0.000000
    12  H    2.309758   0.000000
 Stoichiometry    H12
 Framework group  C2H[SGH(H12)]
 Deg. of freedom    11
 Full point group                 C2H     NOp   4
 Largest Abelian subgroup         C2H     NOp   4
 Largest concise Abelian subgroup C2      NOp   2
                         Standard orientation:                         
 ---------------------------------------------------------------------
 Center     Atomic      Atomic             Coordinates (Angstroms)
 Number     Number       Type             X           Y           Z
 ---------------------------------------------------------------------
      1          1           0        0.499923    5.719643   -0.000000
      2          1           0        0.000000    3.464636   -0.000000
      3          1           0        0.499923    3.409886   -0.000000
      4          1           0        0.000000    1.154879   -0.000000
      5          1           0       -0.499923    1.209629   -0.000000
      6          1           0       -0.499923   -1.100128   -0.000000
      7          1           0       -0.499923   -3.409886   -0.000000
      8          1           0       -0.000000   -1.154879   -0.000000
      9          1           0        0.499923    1.100128   -0.000000
     10          1           0        0.499923   -1.209629   -0.000000
     11          1           0       -0.000000   -3.464636   -0.000000
     12          1           0       -0.499923   -5.719643   -0.000000
 ---------------------------------------------------------------------
 Rotational constants (GHZ):    380.4362462      4.1310639      4.0866876
 General basis read from cards:  (5D, 7F)
 There are     6 symmetry adapted cartesian basis functions of AG  symmetry.
 There are     0 symmetry adapted cartesian basis functions of BG  symmetry.
 There are     0 symmetry adapted cartesian basis functions of AU  symmetry.
 There are     6 symmetry adapted cartesian basis functions of BU  symmetry.
 There are     6 symmetry adapted basis functions of AG  symmetry.
 There are     0 symmetry adapted basis functions of BG  symmetry.
 There are     0 symmetry adapted basis functions of AU  symmetry.
 There are     6 symmetry adapted basis functions of BU  symmetry.
    12 basis functions,   120 primitive gaussians,    12 cartesian basis functions
     6 alpha electrons        6 beta electrons
       nuclear repulsion energy        16.1002334848 Hartrees.
 NAtoms=   12 NActive=   12 NUniq=    6 SFac= 4.00D+00 NAtFMM=   60 NAOKFM=F Big=F
 Integral buffers will be    131072 words long.
 Regular integral format.
 Two-electron integral symmetry is turned on.
 One-electron integrals computed using PRISM.
 NBasis=    12 RedAO= T EigKep=  3.70D-02  NBF=     6     0     0     6
 NBsUse=    12 1.00D-06 EigRej= -1.00D+00 NBFU=     6     0     0     6
 Initial guess from the checkpoint file:  "h12.chk"
 B after Tr=    -0.000000   -0.000000   -0.000000
         Rot=    0.999999    0.000000    0.000000   -0.001518 Ang=  -0.17 deg.
 Initial guess orbital symmetries:
       Occupied  (AG) (BU) (AG) (BU) (BU) (BU)
       Virtual   (AG) (AG) (BU) (AG) (AG) (BU)
 Keep R1 ints in memory in symmetry-blocked form, NReq=892094.
 Requested convergence on RMS density matrix=1.00D-08 within 128 cycles.
 Requested convergence on MAX density matrix=1.00D-06.
 Requested convergence on             energy=1.00D-06.
 No special actions if energy rises.
 SCF Done:  E(RHF) =  -4.68980103864     A.U. after    6 cycles
            NFock=  6  Conv=0.26D-08     -V/T= 1.7181
 Range of M.O.s used for correlation:     1    12
 NBasis=    12 NAE=     6 NBE=     6 NFC=     0 NFV=     0
 NROrb=     12 NOA=     6 NOB=     6 NVA=     6 NVB=     6

 **** Warning!!: The smallest alpha delta epsilon is  0.46077986D-01

 Semi-Direct transformation.
 ModeAB=           4 MOrb=             6 LenV=     134097107
 LASXX=         2181 LTotXX=        2181 LenRXX=        5115
 LTotAB=        2934 MaxLAS=        3024 LenRXY=           0
 NonZer=        7296 LenScr=      655360 LnRSAI=        3024
 LnScr1=      655360 LExtra=           0 Total=      1318859
 MaxDsk=          -1 SrtSym=           T ITran=            3
 JobTyp=0 Pass  1:  I=   1 to   6.
 (rs|ai) integrals will be sorted in core.
 Spin components of T(2) and E(2):
     alpha-alpha T2 =       0.4672757918D-02 E2=     -0.3864665680D-02
     alpha-beta  T2 =       0.1013419214D+02 E2=     -0.1008641577D+01
     beta-beta   T2 =       0.4672757918D-02 E2=     -0.3864665680D-02
 ANorm=    0.3338193772D+01
 E2 =    -0.1016370908D+01 EUMP2 =    -0.57061719471147D+01
 Second order stability test of a single determinant RHF wave function:
 Stabil:  MDV=134217728
 ***********************************************************************
 Matrix         Lowest Root    Major Pairs
 ***********************************************************************
 Internal RHF    -0.0403763    5A=7A
 RRHF --> CRHF   -0.0404002    5A=7A
 RRHF --> RUHF   -0.5838403    6A=7B
 Not stable.
 ***********************************************************************

 **********************************************************************

            Population analysis using the SCF density.

 **********************************************************************

 Orbital symmetries:
       Occupied  (AG) (BU) (AG) (BU) (BU) (BU)
       Virtual   (AG) (AG) (BU) (AG) (AG) (BU)
 The electronic state is 1-AG.
 Alpha  occ. eigenvalues --   -0.92846  -0.90902  -0.71655  -0.71638  -0.21597
 Alpha  occ. eigenvalues --   -0.20552
 Alpha virt. eigenvalues --   -0.15944   0.05757   0.60923   0.61172   1.37627
 Alpha virt. eigenvalues --    1.49876
          Condensed to atoms (all electrons):
               1          2          3          4          5          6
     1  H    1.025269  -0.013326  -0.013289   0.000094   0.000016  -0.000000
     2  H   -0.013326   0.561087   0.481230  -0.016028   0.004162   0.000347
     3  H   -0.013289   0.481230   0.558711  -0.015982  -0.013140  -0.000261
     4  H    0.000094  -0.016028  -0.015982   1.290068   0.174215  -0.009276
     5  H    0.000016   0.004162  -0.013140   0.174215   1.195791   0.175791
     6  H   -0.000000   0.000347  -0.000261  -0.009276   0.175791   1.237027
     7  H    0.000000  -0.000000  -0.000001   0.000069   0.000307   0.003838
     8  H   -0.000001   0.000064   0.000069  -0.017856  -0.004871   0.179361
     9  H    0.000020  -0.013718   0.003838   0.179361  -0.705228  -0.159899
    10  H   -0.000000  -0.000240   0.000307  -0.004871  -0.118502  -0.705228
    11  H    0.000000  -0.000001  -0.000000   0.000064  -0.000240  -0.013718
    12  H   -0.000000   0.000000   0.000000  -0.000001  -0.000000   0.000020
               7          8          9         10         11         12
     1  H    0.000000  -0.000001   0.000020  -0.000000   0.000000  -0.000000
     2  H   -0.000000   0.000064  -0.013718  -0.000240  -0.000001   0.000000
     3  H   -0.000001   0.000069   0.003838   0.000307  -0.000000   0.000000
     4  H    0.000069  -0.017856   0.179361  -0.004871   0.000064  -0.000001
     5  H    0.000307  -0.004871  -0.705228  -0.118502  -0.000240  -0.000000
     6  H    0.003838   0.179361  -0.159899  -0.705228  -0.013718   0.000020
     7  H    0.558711  -0.015982  -0.000261  -0.013140   0.481230  -0.013289
     8  H   -0.015982   1.290068  -0.009276   0.174215  -0.016028   0.000094
     9  H   -0.000261  -0.009276   1.237027   0.175791   0.000347  -0.000000
    10  H   -0.013140   0.174215   0.175791   1.195791   0.004162   0.000016
    11  H    0.481230  -0.016028   0.000347   0.004162   0.561087  -0.013326
    12  H   -0.013289   0.000094  -0.000000   0.000016  -0.013326   1.025269
 Mulliken charges:
               1
     1  H    0.001217
     2  H   -0.003577
     3  H   -0.001482
     4  H   -0.579856
     5  H    0.291700
     6  H    0.291998
     7  H   -0.001482
     8  H   -0.579856
     9  H    0.291998
    10  H    0.291700
    11  H   -0.003577
    12  H    0.001217
 Sum of Mulliken charges =   0.00000
 Mulliken charges with hydrogens summed into heavy atoms:
               1
 Electronic spatial extent (au):  <R**2>=            474.6926
 Charge=              0.0000 electrons
 Dipole moment (field-independent basis, Debye):
    X=              0.0000    Y=             -0.0000    Z=             -0.0000  Tot=              0.0000
 Quadrupole moment (field-independent basis, Debye-Ang):
   XX=            -16.6741   YY=            -16.9058   ZZ=            -15.5228
   XY=             -0.2316   XZ=              0.0000   YZ=             -0.0000
 Traceless Quadrupole moment (field-independent basis, Debye-Ang):
   XX=             -0.3065   YY=             -0.5382   ZZ=              0.8448
   XY=             -0.2316   XZ=              0.0000   YZ=             -0.0000
 Octapole moment (field-independent basis, Debye-Ang**2):
  XXX=              0.0000  YYY=              0.0000  ZZZ=              0.0000  XYY=              0.0000
  XXY=              0.0000  XXZ=              0.0000  XZZ=              0.0000  YZZ=              0.0000
  YYZ=              0.0000  XYZ=              0.0000
 Hexadecapole moment (field-independent basis, Debye-Ang**3):
 XXXX=            -38.2591 YYYY=          -1082.4975 ZZZZ=            -18.9466 XXXY=            -35.3896
 XXXZ=              0.0000 YYYX=            -46.4017 YYYZ=             -0.0000 ZZZX=              0.0000
 ZZZY=             -0.0000 XXYY=           -168.0749 XXZZ=             -9.4914 YYZZ=           -167.7873
 XXYZ=             -0.0000 YYXZ=             -0.0000 ZZXY=            -12.1399
 N-N= 1.610023348482D+01 E-N=-4.072720304598D+01  KE= 6.530932341481D+00
 Symmetry AG   KE= 1.700101718313D+00
 Symmetry BG   KE= 0.000000000000D+00
 Symmetry AU   KE= 0.000000000000D+00
 Symmetry BU   KE= 4.830830623168D+00

 Test job not archived.
 1\1\GINC-SULU\Stability\RHF\Gen\H12\LCJ1\17-Feb-2017\0\\#rhf/gen scf(s
 ymm,tight,novaracc,noincfock,fulldiag) stable(crhf) guess=read geom=no
 crowd test\\hf stability analysis of h12 triangular lattice, y= 2.2960
 291063410230\\0,1\H\H,1,2.3097575136\H,1,2.3097575136,2,12.5\H,2,2.309
 7575136,1,167.5,3,0.,0\H,2,2.3097575136,1,180.,3,0.,0\H,4,2.3097575136
 ,3,180.,5,0.,0\H,6,2.3097575136,5,180.,3,0.,0\H,4,2.3097575136,2,180.,
 3,0.,0\H,3,2.3097575136,1,180.,4,0.,0\H,9,2.3097575136,3,180.,4,0.,0\H
 ,8,2.3097575136,4,180.,3,0.,0\H,7,2.3097575136,6,180.,3,0.,0\\Version=
 ES64L-G09RevE.01\State=1-AG\HF=-4.689801\MP2=-5.7061719\RMSD=2.585e-09
 \Dipole=0.,0.,0.\Quadrupole=-0.1632161,0.6280652,-0.4648492,0.,0.11962
 31,0.\PG=C02H [SGH(H12)]\\@


 IN THE FIGHT BETWEEN YOU AND THE WORLD, BACK THE WORLD

                                        -- FRANZ KAFKA
 Job cpu time:       0 days  0 hours  0 minutes  0.9 seconds.
 File lengths (MBytes):  RWF=     84 Int=      0 D2E=      0 Chk=      2 Scr=      2
 Normal termination of Gaussian 09 at Fri Feb 17 15:08:31 2017.
