 Entering Gaussian System, Link 0=g09
 AtFile(1): H.gbs
            H     0
            S   10   1.00
               1000.000000000000            0.000068713567
                316.227766000000            0.000169141320
                100.000000000000            0.000823394812
                 31.622776600000            0.003425569236
                 10.000000000000            0.013951996000
                  3.162277660000            0.056909313560
                  1.000000000000            0.198286399900
                  0.316227766000            0.496922426700
                  0.100000000000            0.369846276400
                  0.031622776600            0.003752720039
            ****
 Initial command:
 /projects/guscus/apps/gau/g09-e1/g09/l1.exe "/users/lcj1/gaussian/h12/rhfstability/rect/guess/ag2bu4/Gau-10803.inp" -scrdir="/users/lcj1/gaussian/h12/rhfstability/rect/guess/ag2bu4/"
 Entering Link 1 = /projects/guscus/apps/gau/g09-e1/g09/l1.exe PID=     10804.
  
 Copyright (c) 1988,1990,1992,1993,1995,1998,2003,2009,2015,
            Gaussian, Inc.  All Rights Reserved.
  
 This is part of the Gaussian(R) 09 program.  It is based on
 the Gaussian(R) 03 system (copyright 2003, Gaussian, Inc.),
 the Gaussian(R) 98 system (copyright 1998, Gaussian, Inc.),
 the Gaussian(R) 94 system (copyright 1995, Gaussian, Inc.),
 the Gaussian 92(TM) system (copyright 1992, Gaussian, Inc.),
 the Gaussian 90(TM) system (copyright 1990, Gaussian, Inc.),
 the Gaussian 88(TM) system (copyright 1988, Gaussian, Inc.),
 the Gaussian 86(TM) system (copyright 1986, Carnegie Mellon
 University), and the Gaussian 82(TM) system (copyright 1983,
 Carnegie Mellon University). Gaussian is a federally registered
 trademark of Gaussian, Inc.
  
 This software contains proprietary and confidential information,
 including trade secrets, belonging to Gaussian, Inc.
  
 This software is provided under written license and may be
 used, copied, transmitted, or stored only in accord with that
 written license.
  
 The following legend is applicable only to US Government
 contracts under FAR:
  
                    RESTRICTED RIGHTS LEGEND
  
 Use, reproduction and disclosure by the US Government is
 subject to restrictions as set forth in subparagraphs (a)
 and (c) of the Commercial Computer Software - Restricted
 Rights clause in FAR 52.227-19.
  
 Gaussian, Inc.
 340 Quinnipiac St., Bldg. 40, Wallingford CT 06492
  
  
 ---------------------------------------------------------------
 Warning -- This program may not be used in any manner that
 competes with the business of Gaussian, Inc. or will provide
 assistance to any competitor of Gaussian, Inc.  The licensee
 of this program is prohibited from giving any competitor of
 Gaussian, Inc. access to this program.  By using this program,
 the user acknowledges that Gaussian, Inc. is engaged in the
 business of creating and licensing software in the field of
 computational chemistry and represents and warrants to the
 licensee that it is not a competitor of Gaussian, Inc. and that
 it will not use this program in any manner prohibited above.
 ---------------------------------------------------------------
  

 Cite this work as:
 Gaussian 09, Revision E.01,
 M. J. Frisch, G. W. Trucks, H. B. Schlegel, G. E. Scuseria, 
 M. A. Robb, J. R. Cheeseman, G. Scalmani, V. Barone, B. Mennucci, 
 G. A. Petersson, H. Nakatsuji, M. Caricato, X. Li, H. P. Hratchian, 
 A. F. Izmaylov, J. Bloino, G. Zheng, J. L. Sonnenberg, M. Hada, 
 M. Ehara, K. Toyota, R. Fukuda, J. Hasegawa, M. Ishida, T. Nakajima, 
 Y. Honda, O. Kitao, H. Nakai, T. Vreven, J. A. Montgomery, Jr., 
 J. E. Peralta, F. Ogliaro, M. Bearpark, J. J. Heyd, E. Brothers, 
 K. N. Kudin, V. N. Staroverov, T. Keith, R. Kobayashi, J. Normand, 
 K. Raghavachari, A. Rendell, J. C. Burant, S. S. Iyengar, J. Tomasi, 
 M. Cossi, N. Rega, J. M. Millam, M. Klene, J. E. Knox, J. B. Cross, 
 V. Bakken, C. Adamo, J. Jaramillo, R. Gomperts, R. E. Stratmann, 
 O. Yazyev, A. J. Austin, R. Cammi, C. Pomelli, J. W. Ochterski, 
 R. L. Martin, K. Morokuma, V. G. Zakrzewski, G. A. Voth, 
 P. Salvador, J. J. Dannenberg, S. Dapprich, A. D. Daniels, 
 O. Farkas, J. B. Foresman, J. V. Ortiz, J. Cioslowski, 
 and D. J. Fox, Gaussian, Inc., Wallingford CT, 2013.
 
 ******************************************
 Gaussian 09:  ES64L-G09RevE.01 30-Nov-2015
                17-Feb-2017 
 ******************************************
 %chk=h12.chk
 ----------------------------------------------------------------------
 #rhf/gen scf(symm,tight,novaracc,noincfock,fulldiag) stable(crhf) gues
 s=read geom=nocrowd test
 ----------------------------------------------------------------------
 1/38=1/1;
 2/12=1,17=6,18=5,40=1/2;
 3/5=7,16=1,25=1,30=1,116=1/1,2,3;
 4/5=1,9=4/1;
 5/5=100002,15=2,16=1,32=2,38=6/2;
 8/6=1,10=90,11=11/1,4;
 9/8=4,13=1/2;
 6/7=2,8=2,9=2,10=2,28=1/1;
 99/5=1,9=1/99;
 ----------------------------------------------------------------------
 hf stability analysis of h12 triangular lattice, y= 0.3898764483944726
 1
 ----------------------------------------------------------------------
 Symbolic Z-matrix:
 Charge =  0 Multiplicity = 1
 H
 H                    1     1.53132 
 H                    1     1.53132  2     150.5 
 H                    2     1.53132  1     29.5     3     0.       0
 H                    2     1.53132  1     180.     3     0.       0
 H                    4     1.53132  3     180.     5     0.       0
 H                    6     1.53132  5     180.     3     0.       0
 H                    4     1.53132  2     180.     3     0.       0
 H                    3     1.53132  1     180.     4     0.       0
 H                    9     1.53132  3     180.     4     0.       0
 H                    8     1.53132  4     180.     3     0.       0
 H                    7     1.53132  6     180.     3     0.       0
 
                          Input orientation:                          
 ---------------------------------------------------------------------
 Center     Atomic      Atomic             Coordinates (Angstroms)
 Number     Number       Type             X           Y           Z
 ---------------------------------------------------------------------
      1          1           0        0.000000    0.000000    0.000000
      2          1           0        0.000000    0.000000    1.531318
      3          1           0        0.754057    0.000000   -1.332791
      4          1           0        0.754057    0.000000    0.198527
      5          1           0        0.000000    0.000000    3.062635
      6          1           0        0.754057    0.000000    1.729844
      7          1           0        1.508114    0.000000    0.397053
      8          1           0        1.508114    0.000000   -1.134264
      9          1           0        1.508114    0.000000   -2.665582
     10          1           0        2.262171    0.000000   -3.998373
     11          1           0        2.262171    0.000000   -2.467055
     12          1           0        2.262171    0.000000   -0.935738
 ---------------------------------------------------------------------
                    Distance matrix (angstroms):
                    1          2          3          4          5
     1  H    0.000000
     2  H    1.531318   0.000000
     3  H    1.531318   2.961709   0.000000
     4  H    0.779753   1.531318   1.531318   0.000000
     5  H    3.062635   1.531318   4.459638   2.961709   0.000000
     6  H    1.887051   0.779753   3.062635   1.531318   1.531318
     7  H    1.559506   1.887051   1.887051   0.779753   3.062635
     8  H    1.887051   3.062635   0.779753   1.531318   4.459638
     9  H    3.062635   4.459638   1.531318   2.961709   5.923418
    10  H    4.593953   5.974520   3.062635   4.459638   7.414530
    11  H    3.347204   4.593953   1.887051   3.062635   5.974520
    12  H    2.448065   3.347204   1.559506   1.887051   4.593953
                    6          7          8          9         10
     6  H    0.000000
     7  H    1.531318   0.000000
     8  H    2.961709   1.531318   0.000000
     9  H    4.459638   3.062635   1.531318   0.000000
    10  H    5.923418   4.459638   2.961709   1.531318   0.000000
    11  H    4.459638   2.961709   1.531318   0.779753   1.531318
    12  H    3.062635   1.531318   0.779753   1.887051   3.062635
                   11         12
    11  H    0.000000
    12  H    1.531318   0.000000
 Stoichiometry    H12
 Framework group  C2H[SGH(H12)]
 Deg. of freedom    11
 Full point group                 C2H     NOp   4
 Largest Abelian subgroup         C2H     NOp   4
 Largest concise Abelian subgroup C2      NOp   2
                         Standard orientation:                         
 ---------------------------------------------------------------------
 Center     Atomic      Atomic             Coordinates (Angstroms)
 Number     Number       Type             X           Y           Z
 ---------------------------------------------------------------------
      1          1           0        0.754057    0.964185   -0.000000
      2          1           0        0.000000    2.296976   -0.000000
      3          1           0        0.754057   -0.567132   -0.000000
      4          1           0        0.000000    0.765659   -0.000000
      5          1           0       -0.754057    3.629767   -0.000000
      6          1           0       -0.754057    2.098450   -0.000000
      7          1           0       -0.754057    0.567132   -0.000000
      8          1           0       -0.000000   -0.765659    0.000000
      9          1           0        0.754057   -2.098450    0.000000
     10          1           0        0.754057   -3.629767    0.000000
     11          1           0       -0.000000   -2.296976    0.000000
     12          1           0       -0.754057   -0.964185   -0.000000
 ---------------------------------------------------------------------
 Rotational constants (GHZ):    159.1580890      9.8745072      9.2976605
 General basis read from cards:  (5D, 7F)
 There are     6 symmetry adapted cartesian basis functions of AG  symmetry.
 There are     0 symmetry adapted cartesian basis functions of BG  symmetry.
 There are     0 symmetry adapted cartesian basis functions of AU  symmetry.
 There are     6 symmetry adapted cartesian basis functions of BU  symmetry.
 There are     6 symmetry adapted basis functions of AG  symmetry.
 There are     0 symmetry adapted basis functions of BG  symmetry.
 There are     0 symmetry adapted basis functions of AU  symmetry.
 There are     6 symmetry adapted basis functions of BU  symmetry.
    12 basis functions,   120 primitive gaussians,    12 cartesian basis functions
     6 alpha electrons        6 beta electrons
       nuclear repulsion energy        17.5238084424 Hartrees.
 NAtoms=   12 NActive=   12 NUniq=    6 SFac= 4.00D+00 NAtFMM=   60 NAOKFM=F Big=F
 Integral buffers will be    131072 words long.
 Regular integral format.
 Two-electron integral symmetry is turned on.
 One-electron integrals computed using PRISM.
 NBasis=    12 RedAO= T EigKep=  1.11D-01  NBF=     6     0     0     6
 NBsUse=    12 1.00D-06 EigRej= -1.00D+00 NBFU=     6     0     0     6
 Initial guess from the checkpoint file:  "h12.chk"
 B after Tr=    -0.000000   -0.000000   -0.000000
         Rot=    0.999999   -0.000000   -0.000000   -0.001518 Ang=  -0.17 deg.
 Initial guess orbital symmetries:
       Occupied  (AG) (BU) (AG) (BU) (BU) (BU)
       Virtual   (AG) (AG) (BU) (AG) (AG) (BU)
 Keep R1 ints in memory in symmetry-blocked form, NReq=897974.
 Requested convergence on RMS density matrix=1.00D-08 within 128 cycles.
 Requested convergence on MAX density matrix=1.00D-06.
 Requested convergence on             energy=1.00D-06.
 No special actions if energy rises.
 SCF Done:  E(RHF) =  -5.72996278960     A.U. after    7 cycles
            NFock=  7  Conv=0.11D-08     -V/T= 1.8870
 Range of M.O.s used for correlation:     1    12
 NBasis=    12 NAE=     6 NBE=     6 NFC=     0 NFV=     0
 NROrb=     12 NOA=     6 NOB=     6 NVA=     6 NVB=     6

 **** Warning!!: The smallest alpha delta epsilon is  0.64513920D-01

 Semi-Direct transformation.
 ModeAB=           4 MOrb=             6 LenV=     134089687
 LASXX=         2181 LTotXX=        2181 LenRXX=        5115
 LTotAB=        2934 MaxLAS=        3024 LenRXY=           0
 NonZer=        7296 LenScr=      655360 LnRSAI=        3024
 LnScr1=      655360 LExtra=           0 Total=      1318859
 MaxDsk=          -1 SrtSym=           T ITran=            3
 JobTyp=0 Pass  1:  I=   1 to   6.
 (rs|ai) integrals will be sorted in core.
 Spin components of T(2) and E(2):
     alpha-alpha T2 =       0.7566732719D-02 E2=     -0.6655589372D-02
     alpha-beta  T2 =       0.4142903926D+01 E2=     -0.6112181025D+00
     beta-beta   T2 =       0.7566732719D-02 E2=     -0.6655589372D-02
 ANorm=    0.2271131302D+01
 E2 =    -0.6245292812D+00 EUMP2 =    -0.63544920708115D+01
 Second order stability test of a single determinant RHF wave function:
 Stabil:  MDV=134217728
 ***********************************************************************
 Matrix         Lowest Root    Major Pairs
 ***********************************************************************
 Internal RHF    -0.022171     6A=8A
 RRHF --> CRHF   -0.0313617    6A=8A
 RRHF --> RUHF   -0.5448272    6A=7B
 Not stable.
 ***********************************************************************

 **********************************************************************

            Population analysis using the SCF density.

 **********************************************************************

 Orbital symmetries:
       Occupied  (AG) (BU) (AG) (BU) (BU) (BU)
       Virtual   (AG) (AG) (BU) (AG) (AG) (BU)
 The electronic state is 1-AG.
 Alpha  occ. eigenvalues --   -0.89043  -0.76293  -0.62645  -0.54544  -0.41276
 Alpha  occ. eigenvalues --   -0.13867
 Alpha virt. eigenvalues --   -0.07416   0.00569   0.40470   0.45441   0.62549
 Alpha virt. eigenvalues --    0.86187
          Condensed to atoms (all electrons):
               1          2          3          4          5          6
     1  H    0.696003  -0.040917   0.174296   0.315380   0.002127  -0.060843
     2  H   -0.040917   0.788267   0.011267  -0.125297  -0.089084   0.534159
     3  H    0.174296   0.011267   0.923905  -0.089802  -0.000524  -0.000363
     4  H    0.315380  -0.125297  -0.089802   1.003684   0.004569  -0.113617
     5  H    0.002127  -0.089084  -0.000524   0.004569   1.224904  -0.078709
     6  H   -0.060843   0.534159  -0.000363  -0.113617  -0.078709   0.715705
     7  H   -0.128541  -0.080108  -0.200455   0.371444   0.002510  -0.049203
     8  H   -0.045064   0.008313   0.371444  -0.146771  -0.000821   0.007809
     9  H    0.007294  -0.000741  -0.049203   0.007809   0.000156  -0.000752
    10  H   -0.000349   0.000155   0.002510  -0.000821  -0.000041   0.000156
    11  H   -0.000085  -0.000795  -0.080108   0.008313   0.000155  -0.000741
    12  H   -0.074476  -0.000085  -0.128541  -0.045064  -0.000349   0.007294
               7          8          9         10         11         12
     1  H   -0.128541  -0.045064   0.007294  -0.000349  -0.000085  -0.074476
     2  H   -0.080108   0.008313  -0.000741   0.000155  -0.000795  -0.000085
     3  H   -0.200455   0.371444  -0.049203   0.002510  -0.080108  -0.128541
     4  H    0.371444  -0.146771   0.007809  -0.000821   0.008313  -0.045064
     5  H    0.002510  -0.000821   0.000156  -0.000041   0.000155  -0.000349
     6  H   -0.049203   0.007809  -0.000752   0.000156  -0.000741   0.007294
     7  H    0.923905  -0.089802  -0.000363  -0.000524   0.011267   0.174296
     8  H   -0.089802   1.003684  -0.113617   0.004569  -0.125297   0.315380
     9  H   -0.000363  -0.113617   0.715705  -0.078709   0.534159  -0.060843
    10  H   -0.000524   0.004569  -0.078709   1.224904  -0.089084   0.002127
    11  H    0.011267  -0.125297   0.534159  -0.089084   0.788267  -0.040917
    12  H    0.174296   0.315380  -0.060843   0.002127  -0.040917   0.696003
 Mulliken charges:
               1
     1  H    0.155176
     2  H   -0.005133
     3  H    0.065573
     4  H   -0.189827
     5  H   -0.064893
     6  H    0.039104
     7  H    0.065573
     8  H   -0.189827
     9  H    0.039104
    10  H   -0.064893
    11  H   -0.005133
    12  H    0.155176
 Sum of Mulliken charges =  -0.00000
 Mulliken charges with hydrogens summed into heavy atoms:
               1
 Electronic spatial extent (au):  <R**2>=            234.9947
 Charge=             -0.0000 electrons
 Dipole moment (field-independent basis, Debye):
    X=              0.0000    Y=             -0.0000    Z=             -0.0000  Tot=              0.0000
 Quadrupole moment (field-independent basis, Debye-Ang):
   XX=            -15.2750   YY=            -26.5482   ZZ=            -15.1993
   XY=              3.4380   XZ=             -0.0000   YZ=              0.0000
 Traceless Quadrupole moment (field-independent basis, Debye-Ang):
   XX=              3.7325   YY=             -7.5407   ZZ=              3.8082
   XY=              3.4380   XZ=             -0.0000   YZ=              0.0000
 Octapole moment (field-independent basis, Debye-Ang**2):
  XXX=              0.0000  YYY=             -0.0000  ZZZ=              0.0000  XYY=              0.0000
  XXY=             -0.0000  XXZ=              0.0000  XZZ=              0.0000  YZZ=             -0.0000
  YYZ=              0.0000  XYZ=             -0.0000
 Hexadecapole moment (field-independent basis, Debye-Ang**3):
 XXXX=            -54.8039 YYYY=           -628.0530 ZZZZ=            -18.1186 XXXY=             34.3877
 XXXZ=             -0.0000 YYYX=             81.0844 YYYZ=              0.0000 ZZZX=             -0.0000
 ZZZY=              0.0000 XXYY=            -83.8702 XXZZ=            -12.2356 YYZZ=            -73.2745
 XXYZ=              0.0000 YYXZ=             -0.0000 ZZXY=             11.3630
 N-N= 1.752380844245D+01 E-N=-4.621399638175D+01  KE= 6.459798621511D+00
 Symmetry AG   KE= 1.525804568765D+00
 Symmetry BG   KE= 0.000000000000D+00
 Symmetry AU   KE= 0.000000000000D+00
 Symmetry BU   KE= 4.933994052746D+00

 Test job not archived.
 1\1\GINC-SULU\Stability\RHF\Gen\H12\LCJ1\17-Feb-2017\0\\#rhf/gen scf(s
 ymm,tight,novaracc,noincfock,fulldiag) stable(crhf) guess=read geom=no
 crowd test\\hf stability analysis of h12 triangular lattice, y= 0.3898
 7644839447261\\0,1\H\H,1,1.5313175745\H,1,1.5313175745,2,150.5\H,2,1.5
 313175745,1,29.5,3,0.,0\H,2,1.5313175745,1,180.,3,0.,0\H,4,1.531317574
 5,3,180.,5,0.,0\H,6,1.5313175745,5,180.,3,0.,0\H,4,1.5313175745,2,180.
 ,3,0.,0\H,3,1.5313175745,1,180.,4,0.,0\H,9,1.5313175745,3,180.,4,0.,0\
 H,8,1.5313175745,4,180.,3,0.,0\H,7,1.5313175745,6,180.,3,0.,0\\Version
 =ES64L-G09RevE.01\State=1-AG\HF=-5.7299628\MP2=-6.3544921\RMSD=1.140e-
 09\Dipole=0.,0.,0.\Quadrupole=2.9336513,2.8312951,-5.7649463,0.,2.2756
 454,0.\PG=C02H [SGH(H12)]\\@


0EVERYBODY IS IGNORANT, ONLY ON DIFFERENT SUBJECTS.
0          WILL ROGERS
 Job cpu time:       0 days  0 hours  0 minutes  1.0 seconds.
 File lengths (MBytes):  RWF=     84 Int=      0 D2E=      0 Chk=      2 Scr=      2
 Normal termination of Gaussian 09 at Fri Feb 17 14:54:20 2017.
