 Entering Gaussian System, Link 0=g09
 AtFile(1): H.gbs
            H     0
            S   10   1.00
               1000.000000000000            0.000068713567
                316.227766000000            0.000169141320
                100.000000000000            0.000823394812
                 31.622776600000            0.003425569236
                 10.000000000000            0.013951996000
                  3.162277660000            0.056909313560
                  1.000000000000            0.198286399900
                  0.316227766000            0.496922426700
                  0.100000000000            0.369846276400
                  0.031622776600            0.003752720039
            ****
 Initial command:
 /projects/guscus/apps/gau/g09-e1/g09/l1.exe "/users/lcj1/gaussian/h12/rhfstability/rect/guess/ag2bu4/Gau-23745.inp" -scrdir="/users/lcj1/gaussian/h12/rhfstability/rect/guess/ag2bu4/"
 Entering Link 1 = /projects/guscus/apps/gau/g09-e1/g09/l1.exe PID=     23746.
  
 Copyright (c) 1988,1990,1992,1993,1995,1998,2003,2009,2015,
            Gaussian, Inc.  All Rights Reserved.
  
 This is part of the Gaussian(R) 09 program.  It is based on
 the Gaussian(R) 03 system (copyright 2003, Gaussian, Inc.),
 the Gaussian(R) 98 system (copyright 1998, Gaussian, Inc.),
 the Gaussian(R) 94 system (copyright 1995, Gaussian, Inc.),
 the Gaussian 92(TM) system (copyright 1992, Gaussian, Inc.),
 the Gaussian 90(TM) system (copyright 1990, Gaussian, Inc.),
 the Gaussian 88(TM) system (copyright 1988, Gaussian, Inc.),
 the Gaussian 86(TM) system (copyright 1986, Carnegie Mellon
 University), and the Gaussian 82(TM) system (copyright 1983,
 Carnegie Mellon University). Gaussian is a federally registered
 trademark of Gaussian, Inc.
  
 This software contains proprietary and confidential information,
 including trade secrets, belonging to Gaussian, Inc.
  
 This software is provided under written license and may be
 used, copied, transmitted, or stored only in accord with that
 written license.
  
 The following legend is applicable only to US Government
 contracts under FAR:
  
                    RESTRICTED RIGHTS LEGEND
  
 Use, reproduction and disclosure by the US Government is
 subject to restrictions as set forth in subparagraphs (a)
 and (c) of the Commercial Computer Software - Restricted
 Rights clause in FAR 52.227-19.
  
 Gaussian, Inc.
 340 Quinnipiac St., Bldg. 40, Wallingford CT 06492
  
  
 ---------------------------------------------------------------
 Warning -- This program may not be used in any manner that
 competes with the business of Gaussian, Inc. or will provide
 assistance to any competitor of Gaussian, Inc.  The licensee
 of this program is prohibited from giving any competitor of
 Gaussian, Inc. access to this program.  By using this program,
 the user acknowledges that Gaussian, Inc. is engaged in the
 business of creating and licensing software in the field of
 computational chemistry and represents and warrants to the
 licensee that it is not a competitor of Gaussian, Inc. and that
 it will not use this program in any manner prohibited above.
 ---------------------------------------------------------------
  

 Cite this work as:
 Gaussian 09, Revision E.01,
 M. J. Frisch, G. W. Trucks, H. B. Schlegel, G. E. Scuseria, 
 M. A. Robb, J. R. Cheeseman, G. Scalmani, V. Barone, B. Mennucci, 
 G. A. Petersson, H. Nakatsuji, M. Caricato, X. Li, H. P. Hratchian, 
 A. F. Izmaylov, J. Bloino, G. Zheng, J. L. Sonnenberg, M. Hada, 
 M. Ehara, K. Toyota, R. Fukuda, J. Hasegawa, M. Ishida, T. Nakajima, 
 Y. Honda, O. Kitao, H. Nakai, T. Vreven, J. A. Montgomery, Jr., 
 J. E. Peralta, F. Ogliaro, M. Bearpark, J. J. Heyd, E. Brothers, 
 K. N. Kudin, V. N. Staroverov, T. Keith, R. Kobayashi, J. Normand, 
 K. Raghavachari, A. Rendell, J. C. Burant, S. S. Iyengar, J. Tomasi, 
 M. Cossi, N. Rega, J. M. Millam, M. Klene, J. E. Knox, J. B. Cross, 
 V. Bakken, C. Adamo, J. Jaramillo, R. Gomperts, R. E. Stratmann, 
 O. Yazyev, A. J. Austin, R. Cammi, C. Pomelli, J. W. Ochterski, 
 R. L. Martin, K. Morokuma, V. G. Zakrzewski, G. A. Voth, 
 P. Salvador, J. J. Dannenberg, S. Dapprich, A. D. Daniels, 
 O. Farkas, J. B. Foresman, J. V. Ortiz, J. Cioslowski, 
 and D. J. Fox, Gaussian, Inc., Wallingford CT, 2013.
 
 ******************************************
 Gaussian 09:  ES64L-G09RevE.01 30-Nov-2015
                17-Feb-2017 
 ******************************************
 %chk=h12.chk
 ----------------------------------------------------------------------
 #rhf/gen scf(symm,tight,novaracc,noincfock,fulldiag) stable(crhf) gues
 s=read geom=nocrowd test
 ----------------------------------------------------------------------
 1/38=1/1;
 2/12=1,17=6,18=5,40=1/2;
 3/5=7,16=1,25=1,30=1,116=1/1,2,3;
 4/5=1,9=4/1;
 5/5=100002,15=2,16=1,32=2,38=6/2;
 8/6=1,10=90,11=11/1,4;
 9/8=4,13=1/2;
 6/7=2,8=2,9=2,10=2,28=1/1;
 99/5=1,9=1/99;
 ----------------------------------------------------------------------
 hf stability analysis of h12 triangular lattice, y= 0.7084369783301545
 1
 ----------------------------------------------------------------------
 Symbolic Z-matrix:
 Charge =  0 Multiplicity = 1
 H
 H                    1     1.07984 
 H                    1     1.07984  2     98. 
 H                    2     1.07984  1     82.      3     0.       0
 H                    2     1.07984  1     180.     3     0.       0
 H                    4     1.07984  3     180.     5     0.       0
 H                    6     1.07984  5     180.     3     0.       0
 H                    4     1.07984  2     180.     3     0.       0
 H                    3     1.07984  1     180.     4     0.       0
 H                    9     1.07984  3     180.     4     0.       0
 H                    8     1.07984  4     180.     3     0.       0
 H                    7     1.07984  6     180.     3     0.       0
 
                          Input orientation:                          
 ---------------------------------------------------------------------
 Center     Atomic      Atomic             Coordinates (Angstroms)
 Number     Number       Type             X           Y           Z
 ---------------------------------------------------------------------
      1          1           0        0.000000    0.000000    0.000000
      2          1           0        0.000000    0.000000    1.079837
      3          1           0        1.069328    0.000000   -0.150284
      4          1           0        1.069328    0.000000    0.929553
      5          1           0        0.000000    0.000000    2.159674
      6          1           0        1.069328    0.000000    2.009390
      7          1           0        2.138657    0.000000    1.859106
      8          1           0        2.138657    0.000000    0.779269
      9          1           0        2.138657    0.000000   -0.300569
     10          1           0        3.207985    0.000000   -0.450853
     11          1           0        3.207985    0.000000    0.628984
     12          1           0        3.207985    0.000000    1.708822
 ---------------------------------------------------------------------
                    Distance matrix (angstroms):
                    1          2          3          4          5
     1  H    0.000000
     2  H    1.079837   0.000000
     3  H    1.079837   1.629927   0.000000
     4  H    1.416874   1.079837   1.079837   0.000000
     5  H    2.159674   1.079837   2.545461   1.629927   0.000000
     6  H    2.276206   1.416874   2.159674   1.079837   1.079837
     7  H    2.833748   2.276206   2.276206   1.416874   2.159674
     8  H    2.276206   2.159674   1.416874   1.079837   2.545461
     9  H    2.159674   2.545461   1.079837   1.629927   3.259854
    10  H    3.239512   3.554459   2.159674   2.545461   4.135943
    11  H    3.269065   3.239512   2.276206   2.159674   3.554459
    12  H    3.634727   3.269065   2.833748   2.276206   3.239512
                    6          7          8          9         10
     6  H    0.000000
     7  H    1.079837   0.000000
     8  H    1.629927   1.079837   0.000000
     9  H    2.545461   2.159674   1.079837   0.000000
    10  H    3.259854   2.545461   1.629927   1.079837   0.000000
    11  H    2.545461   1.629927   1.079837   1.416874   1.079837
    12  H    2.159674   1.079837   1.416874   2.276206   2.159674
                   11         12
    11  H    0.000000
    12  H    1.079837   0.000000
 Stoichiometry    H12
 Framework group  C2H[SGH(H12)]
 Deg. of freedom    11
 Full point group                 C2H     NOp   4
 Largest Abelian subgroup         C2H     NOp   4
 Largest concise Abelian subgroup C2      NOp   2
                         Standard orientation:                         
 ---------------------------------------------------------------------
 Center     Atomic      Atomic             Coordinates (Angstroms)
 Number     Number       Type             X           Y           Z
 ---------------------------------------------------------------------
      1          1           0        1.069328    1.469472   -0.000000
      2          1           0        0.000000    1.619756   -0.000000
      3          1           0        1.069328    0.389634   -0.000000
      4          1           0        0.000000    0.539919   -0.000000
      5          1           0       -1.069328    1.770040    0.000000
      6          1           0       -1.069328    0.690203    0.000000
      7          1           0       -1.069328   -0.389634    0.000000
      8          1           0       -0.000000   -0.539919   -0.000000
      9          1           0        1.069328   -0.690203   -0.000000
     10          1           0        1.069328   -1.770040   -0.000000
     11          1           0       -0.000000   -1.619756   -0.000000
     12          1           0       -1.069328   -1.469472   -0.000000
 ---------------------------------------------------------------------
 Rotational constants (GHZ):     55.9783687     28.0752666     18.6976758
 General basis read from cards:  (5D, 7F)
 There are     6 symmetry adapted cartesian basis functions of AG  symmetry.
 There are     0 symmetry adapted cartesian basis functions of BG  symmetry.
 There are     0 symmetry adapted cartesian basis functions of AU  symmetry.
 There are     6 symmetry adapted cartesian basis functions of BU  symmetry.
 There are     6 symmetry adapted basis functions of AG  symmetry.
 There are     0 symmetry adapted basis functions of BG  symmetry.
 There are     0 symmetry adapted basis functions of AU  symmetry.
 There are     6 symmetry adapted basis functions of BU  symmetry.
    12 basis functions,   120 primitive gaussians,    12 cartesian basis functions
     6 alpha electrons        6 beta electrons
       nuclear repulsion energy        20.1358770885 Hartrees.
 NAtoms=   12 NActive=   12 NUniq=    6 SFac= 4.00D+00 NAtFMM=   60 NAOKFM=F Big=F
 Integral buffers will be    131072 words long.
 Regular integral format.
 Two-electron integral symmetry is turned on.
 One-electron integrals computed using PRISM.
 NBasis=    12 RedAO= T EigKep=  1.12D-01  NBF=     6     0     0     6
 NBsUse=    12 1.00D-06 EigRej= -1.00D+00 NBFU=     6     0     0     6
 Initial guess from the checkpoint file:  "h12.chk"
 B after Tr=    -0.000000    0.000000   -0.000000
         Rot=    0.999999    0.000000    0.000000   -0.001518 Ang=  -0.17 deg.
 Initial guess orbital symmetries:
       Occupied  (AG) (BU) (BU) (AG) (BU) (BU)
       Virtual   (AG) (AG) (BU) (AG) (AG) (BU)
 Keep R1 ints in memory in symmetry-blocked form, NReq=903840.
 Requested convergence on RMS density matrix=1.00D-08 within 128 cycles.
 Requested convergence on MAX density matrix=1.00D-06.
 Requested convergence on             energy=1.00D-06.
 No special actions if energy rises.
 SCF Done:  E(RHF) =  -5.03282287788     A.U. after   11 cycles
            NFock= 11  Conv=0.69D-08     -V/T= 1.6633
 Range of M.O.s used for correlation:     1    12
 NBasis=    12 NAE=     6 NBE=     6 NFC=     0 NFV=     0
 NROrb=     12 NOA=     6 NOB=     6 NVA=     6 NVB=     6

 **** Warning!!: The smallest alpha delta epsilon is -0.11426955D+00

 Semi-Direct transformation.
 ModeAB=           4 MOrb=             6 LenV=     134084311
 LASXX=         2181 LTotXX=        2181 LenRXX=        5115
 LTotAB=        2934 MaxLAS=        3024 LenRXY=           0
 NonZer=        7296 LenScr=      655360 LnRSAI=        3024
 LnScr1=      655360 LExtra=           0 Total=      1318859
 MaxDsk=          -1 SrtSym=           T ITran=            3
 JobTyp=0 Pass  1:  I=   1 to   6.
 (rs|ai) integrals will be sorted in core.
 Spin components of T(2) and E(2):
     alpha-alpha T2 =       0.1409461437D-01 E2=     -0.1597105606D-01
     alpha-beta  T2 =       0.7790218290D+00 E2=     -0.1257042720D+00
     beta-beta   T2 =       0.1409461437D-01 E2=     -0.1597105606D-01
 ANorm=    0.1344325503D+01
 E2 =    -0.1576463841D+00 EUMP2 =    -0.51904692620245D+01
 Second order stability test of a single determinant RHF wave function:
 Stabil:  MDV=134217728
 ***********************************************************************
 Matrix         Lowest Root    Major Pairs
 ***********************************************************************
 Internal RHF    -0.3208816    6A=7A 5A=7A
 RRHF --> CRHF   -0.3701481    6A=7A
 RRHF --> RUHF   -0.5378205    6A=7B 5A=7B 6A=8B 3A=7B
 Not stable.
 ***********************************************************************

 **********************************************************************

            Population analysis using the SCF density.

 **********************************************************************

 Orbital symmetries:
       Occupied  (AG) (BU) (BU) (AG) (BU) (BU)
       Virtual   (AG) (AG) (BU) (AG) (AG) (BU)
 The electronic state is 1-AG.
 Alpha  occ. eigenvalues --   -0.90424  -0.72677  -0.60526  -0.49629  -0.17242
 Alpha  occ. eigenvalues --   -0.10509
 Alpha virt. eigenvalues --   -0.21936   0.06877   0.28534   0.43829   0.59373
 Alpha virt. eigenvalues --    0.96863
          Condensed to atoms (all electrons):
               1          2          3          4          5          6
     1  H    1.160118   0.345519  -0.484541  -0.216831  -0.073584  -0.014955
     2  H    0.345519   0.906787  -0.191856  -0.390069   0.360685  -0.114713
     3  H   -0.484541  -0.191856   1.501724   0.617257   0.008295   0.006950
     4  H   -0.216831  -0.390069   0.617257   1.867932  -0.232943   0.569242
     5  H   -0.073584   0.360685   0.008295  -0.232943   1.408295  -0.312301
     6  H   -0.014955  -0.114713   0.006950   0.569242  -0.312301   0.882164
     7  H    0.049534   0.019037  -0.164171  -0.250393  -0.091028   0.083649
     8  H    0.059379   0.058735  -0.250393  -0.771336   0.037090  -0.254246
     9  H    0.013024   0.023045   0.083649  -0.254246   0.018468  -0.085968
    10  H    0.029831   0.001870  -0.091028   0.037090  -0.008514   0.018468
    11  H   -0.009684  -0.002521   0.019037   0.058735   0.001870   0.023045
    12  H   -0.023441  -0.009684   0.049534   0.059379   0.029831   0.013024
               7          8          9         10         11         12
     1  H    0.049534   0.059379   0.013024   0.029831  -0.009684  -0.023441
     2  H    0.019037   0.058735   0.023045   0.001870  -0.002521  -0.009684
     3  H   -0.164171  -0.250393   0.083649  -0.091028   0.019037   0.049534
     4  H   -0.250393  -0.771336  -0.254246   0.037090   0.058735   0.059379
     5  H   -0.091028   0.037090   0.018468  -0.008514   0.001870   0.029831
     6  H    0.083649  -0.254246  -0.085968   0.018468   0.023045   0.013024
     7  H    1.501724   0.617257   0.006950   0.008295  -0.191856  -0.484541
     8  H    0.617257   1.867932   0.569242  -0.232943  -0.390069  -0.216831
     9  H    0.006950   0.569242   0.882164  -0.312301  -0.114713  -0.014955
    10  H    0.008295  -0.232943  -0.312301   1.408295   0.360685  -0.073584
    11  H   -0.191856  -0.390069  -0.114713   0.360685   0.906787   0.345519
    12  H   -0.484541  -0.216831  -0.014955  -0.073584   0.345519   1.160118
 Mulliken charges:
               1
     1  H    0.165631
     2  H   -0.006835
     3  H   -0.104457
     4  H   -0.093816
     5  H   -0.146165
     6  H    0.185641
     7  H   -0.104457
     8  H   -0.093816
     9  H    0.185641
    10  H   -0.146165
    11  H   -0.006835
    12  H    0.165631
 Sum of Mulliken charges =   0.00000
 Mulliken charges with hydrogens summed into heavy atoms:
               1
 Electronic spatial extent (au):  <R**2>=            134.0943
 Charge=              0.0000 electrons
 Dipole moment (field-independent basis, Debye):
    X=             -0.0000    Y=              0.0000    Z=             -0.0000  Tot=              0.0000
 Quadrupole moment (field-independent basis, Debye-Ang):
   XX=            -12.5792   YY=            -24.5113   ZZ=            -14.4533
   XY=              3.5400   XZ=             -0.0000   YZ=             -0.0000
 Traceless Quadrupole moment (field-independent basis, Debye-Ang):
   XX=              4.6021   YY=             -7.3301   ZZ=              2.7280
   XY=              3.5400   XZ=             -0.0000   YZ=             -0.0000
 Octapole moment (field-independent basis, Debye-Ang**2):
  XXX=              0.0000  YYY=             -0.0000  ZZZ=              0.0000  XYY=              0.0000
  XXY=             -0.0000  XXZ=              0.0000  XZZ=              0.0000  YZZ=              0.0000
  YYZ=              0.0000  XYZ=             -0.0000
 Hexadecapole moment (field-independent basis, Debye-Ang**3):
 XXXX=            -77.0946 YYYY=           -233.2652 ZZZZ=            -16.7188 XXXY=             11.2798
 XXXZ=              0.0000 YYYX=             24.3882 YYYZ=             -0.0000 ZZZX=              0.0000
 ZZZY=             -0.0000 XXYY=            -46.4102 XXZZ=            -16.4246 YYZZ=            -31.2838
 XXYZ=             -0.0000 YYXZ=              0.0000 ZZXY=              2.6535
 N-N= 2.013587708852D+01 E-N=-5.190471493056D+01  KE= 7.587452970376D+00
 Symmetry AG   KE= 1.675248870352D+00
 Symmetry BG   KE= 0.000000000000D+00
 Symmetry AU   KE= 0.000000000000D+00
 Symmetry BU   KE= 5.912204100024D+00

 Test job not archived.
 1\1\GINC-SULU\Stability\RHF\Gen\H12\LCJ1\17-Feb-2017\0\\#rhf/gen scf(s
 ymm,tight,novaracc,noincfock,fulldiag) stable(crhf) guess=read geom=no
 crowd test\\hf stability analysis of h12 triangular lattice, y= 0.7084
 3697833015451\\0,1\H\H,1,1.0798372262\H,1,1.0798372262,2,98.\H,2,1.079
 8372262,1,82.,3,0.,0\H,2,1.0798372262,1,180.,3,0.,0\H,4,1.0798372262,3
 ,180.,5,0.,0\H,6,1.0798372262,5,180.,3,0.,0\H,4,1.0798372262,2,180.,3,
 0.,0\H,3,1.0798372262,1,180.,4,0.,0\H,9,1.0798372262,3,180.,4,0.,0\H,8
 ,1.0798372262,4,180.,3,0.,0\H,7,1.0798372262,6,180.,3,0.,0\\Version=ES
 64L-G09RevE.01\State=1-AG\HF=-5.0328229\MP2=-5.1904693\RMSD=6.874e-09\
 Dipole=0.,0.,0.\Quadrupole=-4.5524519,2.0281772,2.5242747,0.,3.7525399
 ,0.\PG=C02H [SGH(H12)]\\@


 FROM WHENCE IT HAPPENS, THAT THEY WHICH TRUST TO BOOKS, DO AS THEY THAT CAST UP MANY LITTLE SUMMS INTO GREATER,
 WITHOUT CONSIDERING WETHER THOSE LITTLE SUMMES WERE RIGHTLY CAST UP OR NOT...
 AND AT LAST FINDING THE ERROUR VISIBLE, AND NOT MISTRUSTING THEIR FIRST GROUNDS,
 KNOW NOT WHICH WAY TO CLEERE THEMSELVES...
 BUT SPEND TIME IN FLUTTERING OVER THEIR BOOKES....
 AS BIRDS THAT ENTERING BY THE CHIMNEY, AND FINDING THEMSELVES INCLOSED IN A CHAMBER,
 FLUTTER AT THE FALSE LIGHT OF A GLASSE WINDOW,
 FOR WANT OF WIT TO CONSIDER WHICH WAY THEY CAME IN....
           LEVIATHAN
 Job cpu time:       0 days  0 hours  0 minutes  1.1 seconds.
 File lengths (MBytes):  RWF=     84 Int=      0 D2E=      0 Chk=      2 Scr=      2
 Normal termination of Gaussian 09 at Fri Feb 17 14:59:45 2017.
