 Entering Gaussian System, Link 0=g09
 AtFile(1): H.gbs
            H     0
            S   10   1.00
               1000.000000000000            0.000068713567
                316.227766000000            0.000169141320
                100.000000000000            0.000823394812
                 31.622776600000            0.003425569236
                 10.000000000000            0.013951996000
                  3.162277660000            0.056909313560
                  1.000000000000            0.198286399900
                  0.316227766000            0.496922426700
                  0.100000000000            0.369846276400
                  0.031622776600            0.003752720039
            ****
 Initial command:
 /projects/guscus/apps/gau/g09-e1/g09/l1.exe "/users/lcj1/gaussian/h12/rhfstability/rect/guess/ag2bu4/Gau-29000.inp" -scrdir="/users/lcj1/gaussian/h12/rhfstability/rect/guess/ag2bu4/"
 Entering Link 1 = /projects/guscus/apps/gau/g09-e1/g09/l1.exe PID=     29005.
  
 Copyright (c) 1988,1990,1992,1993,1995,1998,2003,2009,2015,
            Gaussian, Inc.  All Rights Reserved.
  
 This is part of the Gaussian(R) 09 program.  It is based on
 the Gaussian(R) 03 system (copyright 2003, Gaussian, Inc.),
 the Gaussian(R) 98 system (copyright 1998, Gaussian, Inc.),
 the Gaussian(R) 94 system (copyright 1995, Gaussian, Inc.),
 the Gaussian 92(TM) system (copyright 1992, Gaussian, Inc.),
 the Gaussian 90(TM) system (copyright 1990, Gaussian, Inc.),
 the Gaussian 88(TM) system (copyright 1988, Gaussian, Inc.),
 the Gaussian 86(TM) system (copyright 1986, Carnegie Mellon
 University), and the Gaussian 82(TM) system (copyright 1983,
 Carnegie Mellon University). Gaussian is a federally registered
 trademark of Gaussian, Inc.
  
 This software contains proprietary and confidential information,
 including trade secrets, belonging to Gaussian, Inc.
  
 This software is provided under written license and may be
 used, copied, transmitted, or stored only in accord with that
 written license.
  
 The following legend is applicable only to US Government
 contracts under FAR:
  
                    RESTRICTED RIGHTS LEGEND
  
 Use, reproduction and disclosure by the US Government is
 subject to restrictions as set forth in subparagraphs (a)
 and (c) of the Commercial Computer Software - Restricted
 Rights clause in FAR 52.227-19.
  
 Gaussian, Inc.
 340 Quinnipiac St., Bldg. 40, Wallingford CT 06492
  
  
 ---------------------------------------------------------------
 Warning -- This program may not be used in any manner that
 competes with the business of Gaussian, Inc. or will provide
 assistance to any competitor of Gaussian, Inc.  The licensee
 of this program is prohibited from giving any competitor of
 Gaussian, Inc. access to this program.  By using this program,
 the user acknowledges that Gaussian, Inc. is engaged in the
 business of creating and licensing software in the field of
 computational chemistry and represents and warrants to the
 licensee that it is not a competitor of Gaussian, Inc. and that
 it will not use this program in any manner prohibited above.
 ---------------------------------------------------------------
  

 Cite this work as:
 Gaussian 09, Revision E.01,
 M. J. Frisch, G. W. Trucks, H. B. Schlegel, G. E. Scuseria, 
 M. A. Robb, J. R. Cheeseman, G. Scalmani, V. Barone, B. Mennucci, 
 G. A. Petersson, H. Nakatsuji, M. Caricato, X. Li, H. P. Hratchian, 
 A. F. Izmaylov, J. Bloino, G. Zheng, J. L. Sonnenberg, M. Hada, 
 M. Ehara, K. Toyota, R. Fukuda, J. Hasegawa, M. Ishida, T. Nakajima, 
 Y. Honda, O. Kitao, H. Nakai, T. Vreven, J. A. Montgomery, Jr., 
 J. E. Peralta, F. Ogliaro, M. Bearpark, J. J. Heyd, E. Brothers, 
 K. N. Kudin, V. N. Staroverov, T. Keith, R. Kobayashi, J. Normand, 
 K. Raghavachari, A. Rendell, J. C. Burant, S. S. Iyengar, J. Tomasi, 
 M. Cossi, N. Rega, J. M. Millam, M. Klene, J. E. Knox, J. B. Cross, 
 V. Bakken, C. Adamo, J. Jaramillo, R. Gomperts, R. E. Stratmann, 
 O. Yazyev, A. J. Austin, R. Cammi, C. Pomelli, J. W. Ochterski, 
 R. L. Martin, K. Morokuma, V. G. Zakrzewski, G. A. Voth, 
 P. Salvador, J. J. Dannenberg, S. Dapprich, A. D. Daniels, 
 O. Farkas, J. B. Foresman, J. V. Ortiz, J. Cioslowski, 
 and D. J. Fox, Gaussian, Inc., Wallingford CT, 2013.
 
 ******************************************
 Gaussian 09:  ES64L-G09RevE.01 30-Nov-2015
                17-Feb-2017 
 ******************************************
 %chk=h12.chk
 ----------------------------------------------------------------------
 #rhf/gen scf(symm,tight,novaracc,noincfock,fulldiag) stable(crhf) gues
 s=read geom=nocrowd test
 ----------------------------------------------------------------------
 1/38=1/1;
 2/12=1,17=6,18=5,40=1/2;
 3/5=7,16=1,25=1,30=1,116=1/1,2,3;
 4/5=1,9=4/1;
 5/5=100002,15=2,16=1,32=2,38=6/2;
 8/6=1,10=90,11=11/1,4;
 9/8=4,13=1/2;
 6/7=2,8=2,9=2,10=2,28=1/1;
 99/5=1,9=1/99;
 ----------------------------------------------------------------------
 hf stability analysis of h12 triangular lattice, y= 0.8557834790083491
 7
 ----------------------------------------------------------------------
 Symbolic Z-matrix:
 Charge =  0 Multiplicity = 1
 H
 H                    1     1.08973 
 H                    1     1.08973  2     76.5 
 H                    2     1.08973  1     103.5    3     0.       0
 H                    2     1.08973  1     180.     3     0.       0
 H                    4     1.08973  3     180.     5     0.       0
 H                    6     1.08973  5     180.     3     0.       0
 H                    4     1.08973  2     180.     3     0.       0
 H                    3     1.08973  1     180.     4     0.       0
 H                    9     1.08973  3     180.     4     0.       0
 H                    8     1.08973  4     180.     3     0.       0
 H                    7     1.08973  6     180.     3     0.       0
 
                          Input orientation:                          
 ---------------------------------------------------------------------
 Center     Atomic      Atomic             Coordinates (Angstroms)
 Number     Number       Type             X           Y           Z
 ---------------------------------------------------------------------
      1          1           0        0.000000    0.000000    0.000000
      2          1           0        0.000000    0.000000    1.089730
      3          1           0        1.059621    0.000000    0.254392
      4          1           0        1.059621    0.000000    1.344122
      5          1           0        0.000000    0.000000    2.179460
      6          1           0        1.059621    0.000000    2.433853
      7          1           0        2.119241    0.000000    2.688245
      8          1           0        2.119241    0.000000    1.598515
      9          1           0        2.119241    0.000000    0.508785
     10          1           0        3.178862    0.000000    0.763177
     11          1           0        3.178862    0.000000    1.852907
     12          1           0        3.178862    0.000000    2.942637
 ---------------------------------------------------------------------
                    Distance matrix (angstroms):
                    1          2          3          4          5
     1  H    0.000000
     2  H    1.089730   0.000000
     3  H    1.089730   1.349291   0.000000
     4  H    1.711567   1.089730   1.089730   0.000000
     5  H    2.179460   1.089730   2.197426   1.349291   0.000000
     6  H    2.654512   1.711567   2.179460   1.089730   1.089730
     7  H    3.423134   2.654512   2.654512   1.711567   2.179460
     8  H    2.654512   2.179460   1.711567   1.089730   2.197426
     9  H    2.179460   2.197426   1.089730   1.349291   2.698581
    10  H    3.269190   3.195591   2.179460   2.197426   3.480089
    11  H    3.679461   3.269190   2.654512   2.179460   3.195591
    12  H    4.331776   3.679461   3.423134   2.654512   3.269190
                    6          7          8          9         10
     6  H    0.000000
     7  H    1.089730   0.000000
     8  H    1.349291   1.089730   0.000000
     9  H    2.197426   2.179460   1.089730   0.000000
    10  H    2.698581   2.197426   1.349291   1.089730   0.000000
    11  H    2.197426   1.349291   1.089730   1.711567   1.089730
    12  H    2.179460   1.089730   1.711567   2.654512   2.179460
                   11         12
    11  H    0.000000
    12  H    1.089730   0.000000
 Stoichiometry    H12
 Framework group  C2H[SGH(H12)]
 Deg. of freedom    11
 Full point group                 C2H     NOp   4
 Largest Abelian subgroup         C2H     NOp   4
 Largest concise Abelian subgroup C2      NOp   2
                         Standard orientation:                         
 ---------------------------------------------------------------------
 Center     Atomic      Atomic             Coordinates (Angstroms)
 Number     Number       Type             X           Y           Z
 ---------------------------------------------------------------------
      1          1           0        1.059621    1.888988    0.000000
      2          1           0        0.000000    1.634595    0.000000
      3          1           0        1.059621    0.799257    0.000000
      4          1           0        0.000000    0.544865    0.000000
      5          1           0       -1.059621    1.380203    0.000000
      6          1           0       -1.059621    0.290473    0.000000
      7          1           0       -1.059621   -0.799257    0.000000
      8          1           0       -0.000000   -0.544865    0.000000
      9          1           0        1.059621   -0.290473    0.000000
     10          1           0        1.059621   -1.380203    0.000000
     11          1           0       -0.000000   -1.634595    0.000000
     12          1           0       -1.059621   -1.888988    0.000000
 ---------------------------------------------------------------------
 Rotational constants (GHZ):     58.9331572     26.6676290     18.3597329
 General basis read from cards:  (5D, 7F)
 There are     6 symmetry adapted cartesian basis functions of AG  symmetry.
 There are     0 symmetry adapted cartesian basis functions of BG  symmetry.
 There are     0 symmetry adapted cartesian basis functions of AU  symmetry.
 There are     6 symmetry adapted cartesian basis functions of BU  symmetry.
 There are     6 symmetry adapted basis functions of AG  symmetry.
 There are     0 symmetry adapted basis functions of BG  symmetry.
 There are     0 symmetry adapted basis functions of AU  symmetry.
 There are     6 symmetry adapted basis functions of BU  symmetry.
    12 basis functions,   120 primitive gaussians,    12 cartesian basis functions
     6 alpha electrons        6 beta electrons
       nuclear repulsion energy        20.0526737181 Hartrees.
 NAtoms=   12 NActive=   12 NUniq=    6 SFac= 4.00D+00 NAtFMM=   60 NAOKFM=F Big=F
 Integral buffers will be    131072 words long.
 Regular integral format.
 Two-electron integral symmetry is turned on.
 One-electron integrals computed using PRISM.
 NBasis=    12 RedAO= T EigKep=  1.21D-01  NBF=     6     0     0     6
 NBsUse=    12 1.00D-06 EigRej= -1.00D+00 NBFU=     6     0     0     6
 Initial guess from the checkpoint file:  "h12.chk"
 B after Tr=     0.000000    0.000000    0.000000
         Rot=    0.999999    0.000000   -0.000000   -0.001518 Ang=  -0.17 deg.
 Initial guess orbital symmetries:
       Occupied  (AG) (BU) (BU) (AG) (BU) (BU)
       Virtual   (AG) (AG) (BU) (AG) (AG) (BU)
 Keep R1 ints in memory in symmetry-blocked form, NReq=903672.
 Requested convergence on RMS density matrix=1.00D-08 within 128 cycles.
 Requested convergence on MAX density matrix=1.00D-06.
 Requested convergence on             energy=1.00D-06.
 No special actions if energy rises.
 SCF Done:  E(RHF) =  -5.05204666110     A.U. after   10 cycles
            NFock= 10  Conv=0.96D-08     -V/T= 1.6712
 Range of M.O.s used for correlation:     1    12
 NBasis=    12 NAE=     6 NBE=     6 NFC=     0 NFV=     0
 NROrb=     12 NOA=     6 NOB=     6 NVA=     6 NVB=     6

 **** Warning!!: The smallest alpha delta epsilon is -0.13552366D+00

 Semi-Direct transformation.
 ModeAB=           4 MOrb=             6 LenV=     134084367
 LASXX=         2181 LTotXX=        2181 LenRXX=        5115
 LTotAB=        2934 MaxLAS=        3024 LenRXY=           0
 NonZer=        7296 LenScr=      655360 LnRSAI=        3024
 LnScr1=      655360 LExtra=           0 Total=      1318859
 MaxDsk=          -1 SrtSym=           T ITran=            3
 JobTyp=0 Pass  1:  I=   1 to   6.
 (rs|ai) integrals will be sorted in core.
 Spin components of T(2) and E(2):
     alpha-alpha T2 =       0.1389781366D-01 E2=     -0.1522473934D-01
     alpha-beta  T2 =       0.1228335486D+01 E2=     -0.1378737261D+00
     beta-beta   T2 =       0.1389781366D-01 E2=     -0.1522473934D-01
 ANorm=    0.1502042314D+01
 E2 =    -0.1683232048D+00 EUMP2 =    -0.52203698658625D+01
 Second order stability test of a single determinant RHF wave function:
 Stabil:  MDV=134217728
 ***********************************************************************
 Matrix         Lowest Root    Major Pairs
 ***********************************************************************
 Internal RHF    -0.3256731    6A=7A 5A=7A 3A=7A
 RRHF --> CRHF   -0.3875582    6A=7A
 RRHF --> RUHF   -0.5528402    6A=7B
 Not stable.
 ***********************************************************************

 **********************************************************************

            Population analysis using the SCF density.

 **********************************************************************

 Orbital symmetries:
       Occupied  (AG) (BU) (BU) (AG) (BU) (BU)
       Virtual   (AG) (AG) (BU) (AG) (AG) (BU)
 The electronic state is 1-AG.
 Alpha  occ. eigenvalues --   -0.90624  -0.73262  -0.60188  -0.50122  -0.19012
 Alpha  occ. eigenvalues --   -0.07778
 Alpha virt. eigenvalues --   -0.21330   0.07626   0.28779   0.40199   0.59899
 Alpha virt. eigenvalues --    0.89703
          Condensed to atoms (all electrons):
               1          2          3          4          5          6
     1  H    1.388878   0.319547  -0.173241  -0.212459  -0.081006   0.015814
     2  H    0.319547   0.986869  -0.110171  -0.426241   0.326034  -0.222213
     3  H   -0.173241  -0.110171   0.809438   0.549181  -0.034489   0.019341
     4  H   -0.212459  -0.426241   0.549181   1.819241  -0.150983   0.589886
     5  H   -0.081006   0.326034  -0.034489  -0.150983   0.959431  -0.424796
     6  H    0.015814  -0.222213   0.019341   0.589886  -0.424796   1.707633
     7  H    0.012354   0.035999  -0.070393  -0.263674   0.044432  -0.041967
     8  H    0.030694   0.075710  -0.263674  -0.737057   0.055992  -0.243824
     9  H   -0.114457   0.046007  -0.041967  -0.243824   0.061953  -0.208477
    10  H    0.024532  -0.017850   0.044432   0.055992  -0.026932   0.061953
    11  H    0.002813  -0.008872   0.035999   0.075710  -0.017850   0.046007
    12  H   -0.005596   0.002813   0.012354   0.030694   0.024532  -0.114457
               7          8          9         10         11         12
     1  H    0.012354   0.030694  -0.114457   0.024532   0.002813  -0.005596
     2  H    0.035999   0.075710   0.046007  -0.017850  -0.008872   0.002813
     3  H   -0.070393  -0.263674  -0.041967   0.044432   0.035999   0.012354
     4  H   -0.263674  -0.737057  -0.243824   0.055992   0.075710   0.030694
     5  H    0.044432   0.055992   0.061953  -0.026932  -0.017850   0.024532
     6  H   -0.041967  -0.243824  -0.208477   0.061953   0.046007  -0.114457
     7  H    0.809438   0.549181   0.019341  -0.034489  -0.110171  -0.173241
     8  H    0.549181   1.819241   0.589886  -0.150983  -0.426241  -0.212459
     9  H    0.019341   0.589886   1.707633  -0.424796  -0.222213   0.015814
    10  H   -0.034489  -0.150983  -0.424796   0.959431   0.326034  -0.081006
    11  H   -0.110171  -0.426241  -0.222213   0.326034   0.986869   0.319547
    12  H   -0.173241  -0.212459   0.015814  -0.081006   0.319547   1.388878
 Mulliken charges:
               1
     1  H   -0.207874
     2  H   -0.007631
     3  H    0.223189
     4  H   -0.086466
     5  H    0.263682
     6  H   -0.184900
     7  H    0.223189
     8  H   -0.086466
     9  H   -0.184900
    10  H    0.263682
    11  H   -0.007631
    12  H   -0.207874
 Sum of Mulliken charges =  -0.00000
 Mulliken charges with hydrogens summed into heavy atoms:
               1
 Electronic spatial extent (au):  <R**2>=            136.5513
 Charge=              0.0000 electrons
 Dipole moment (field-independent basis, Debye):
    X=              0.0000    Y=             -0.0000    Z=              0.0000  Tot=              0.0000
 Quadrupole moment (field-independent basis, Debye-Ang):
   XX=            -13.1226   YY=            -24.8474   ZZ=            -14.5073
   XY=             -5.6596   XZ=              0.0000   YZ=             -0.0000
 Traceless Quadrupole moment (field-independent basis, Debye-Ang):
   XX=              4.3698   YY=             -7.3550   ZZ=              2.9852
   XY=             -5.6596   XZ=              0.0000   YZ=             -0.0000
 Octapole moment (field-independent basis, Debye-Ang**2):
  XXX=              0.0000  YYY=             -0.0000  ZZZ=             -0.0000  XYY=              0.0000
  XXY=             -0.0000  XXZ=             -0.0000  XZZ=             -0.0000  YZZ=             -0.0000
  YYZ=             -0.0000  XYZ=             -0.0000
 Hexadecapole moment (field-independent basis, Debye-Ang**3):
 XXXX=            -78.1061 YYYY=           -244.9924 ZZZZ=            -16.8204 XXXY=            -18.7077
 XXXZ=             -0.0000 YYYX=            -38.8337 YYYZ=             -0.0000 ZZZX=             -0.0000
 ZZZY=             -0.0000 XXYY=            -48.1538 XXZZ=            -16.4720 YYZZ=            -32.3062
 XXYZ=             -0.0000 YYXZ=             -0.0000 ZZXY=             -4.3480
 N-N= 2.005267371806D+01 E-N=-5.171615682698D+01  KE= 7.526452203728D+00
 Symmetry AG   KE= 1.628507253332D+00
 Symmetry BG   KE= 0.000000000000D+00
 Symmetry AU   KE= 0.000000000000D+00
 Symmetry BU   KE= 5.897944950396D+00

 Test job not archived.
 1\1\GINC-SULU\Stability\RHF\Gen\H12\LCJ1\17-Feb-2017\0\\#rhf/gen scf(s
 ymm,tight,novaracc,noincfock,fulldiag) stable(crhf) guess=read geom=no
 crowd test\\hf stability analysis of h12 triangular lattice, y= 0.8557
 8347900834917\\0,1\H\H,1,1.0897300547\H,1,1.0897300547,2,76.5\H,2,1.08
 97300547,1,103.5,3,0.,0\H,2,1.0897300547,1,180.,3,0.,0\H,4,1.089730054
 7,3,180.,5,0.,0\H,6,1.0897300547,5,180.,3,0.,0\H,4,1.0897300547,2,180.
 ,3,0.,0\H,3,1.0897300547,1,180.,4,0.,0\H,9,1.0897300547,3,180.,4,0.,0\
 H,8,1.0897300547,4,180.,3,0.,0\H,7,1.0897300547,6,180.,3,0.,0\\Version
 =ES64L-G09RevE.01\State=1-AG\HF=-5.0520467\MP2=-5.2203699\RMSD=9.593e-
 09\Dipole=0.,0.,0.\Quadrupole=-3.0828927,2.2194025,0.8634902,0.,-5.727
 9104,0.\PG=C02H [SGH(H12)]\\@


 IN THE FIGHT BETWEEN YOU AND THE WORLD, BACK THE WORLD

                                        -- FRANZ KAFKA
 Job cpu time:       0 days  0 hours  0 minutes  1.1 seconds.
 File lengths (MBytes):  RWF=     84 Int=      0 D2E=      0 Chk=      2 Scr=      2
 Normal termination of Gaussian 09 at Fri Feb 17 15:02:03 2017.
