 Entering Gaussian System, Link 0=g09
 AtFile(1): H.gbs
            H     0
            S   10   1.00
               1000.000000000000            0.000068713567
                316.227766000000            0.000169141320
                100.000000000000            0.000823394812
                 31.622776600000            0.003425569236
                 10.000000000000            0.013951996000
                  3.162277660000            0.056909313560
                  1.000000000000            0.198286399900
                  0.316227766000            0.496922426700
                  0.100000000000            0.369846276400
                  0.031622776600            0.003752720039
            ****
 Initial command:
 /projects/guscus/apps/gau/g09-e1/g09/l1.exe "/users/lcj1/gaussian/h12/rhfstability/rect/guess/ag2bu4/Gau-7614.inp" -scrdir="/users/lcj1/gaussian/h12/rhfstability/rect/guess/ag2bu4/"
 Entering Link 1 = /projects/guscus/apps/gau/g09-e1/g09/l1.exe PID=      7618.
  
 Copyright (c) 1988,1990,1992,1993,1995,1998,2003,2009,2015,
            Gaussian, Inc.  All Rights Reserved.
  
 This is part of the Gaussian(R) 09 program.  It is based on
 the Gaussian(R) 03 system (copyright 2003, Gaussian, Inc.),
 the Gaussian(R) 98 system (copyright 1998, Gaussian, Inc.),
 the Gaussian(R) 94 system (copyright 1995, Gaussian, Inc.),
 the Gaussian 92(TM) system (copyright 1992, Gaussian, Inc.),
 the Gaussian 90(TM) system (copyright 1990, Gaussian, Inc.),
 the Gaussian 88(TM) system (copyright 1988, Gaussian, Inc.),
 the Gaussian 86(TM) system (copyright 1986, Carnegie Mellon
 University), and the Gaussian 82(TM) system (copyright 1983,
 Carnegie Mellon University). Gaussian is a federally registered
 trademark of Gaussian, Inc.
  
 This software contains proprietary and confidential information,
 including trade secrets, belonging to Gaussian, Inc.
  
 This software is provided under written license and may be
 used, copied, transmitted, or stored only in accord with that
 written license.
  
 The following legend is applicable only to US Government
 contracts under FAR:
  
                    RESTRICTED RIGHTS LEGEND
  
 Use, reproduction and disclosure by the US Government is
 subject to restrictions as set forth in subparagraphs (a)
 and (c) of the Commercial Computer Software - Restricted
 Rights clause in FAR 52.227-19.
  
 Gaussian, Inc.
 340 Quinnipiac St., Bldg. 40, Wallingford CT 06492
  
  
 ---------------------------------------------------------------
 Warning -- This program may not be used in any manner that
 competes with the business of Gaussian, Inc. or will provide
 assistance to any competitor of Gaussian, Inc.  The licensee
 of this program is prohibited from giving any competitor of
 Gaussian, Inc. access to this program.  By using this program,
 the user acknowledges that Gaussian, Inc. is engaged in the
 business of creating and licensing software in the field of
 computational chemistry and represents and warrants to the
 licensee that it is not a competitor of Gaussian, Inc. and that
 it will not use this program in any manner prohibited above.
 ---------------------------------------------------------------
  

 Cite this work as:
 Gaussian 09, Revision E.01,
 M. J. Frisch, G. W. Trucks, H. B. Schlegel, G. E. Scuseria, 
 M. A. Robb, J. R. Cheeseman, G. Scalmani, V. Barone, B. Mennucci, 
 G. A. Petersson, H. Nakatsuji, M. Caricato, X. Li, H. P. Hratchian, 
 A. F. Izmaylov, J. Bloino, G. Zheng, J. L. Sonnenberg, M. Hada, 
 M. Ehara, K. Toyota, R. Fukuda, J. Hasegawa, M. Ishida, T. Nakajima, 
 Y. Honda, O. Kitao, H. Nakai, T. Vreven, J. A. Montgomery, Jr., 
 J. E. Peralta, F. Ogliaro, M. Bearpark, J. J. Heyd, E. Brothers, 
 K. N. Kudin, V. N. Staroverov, T. Keith, R. Kobayashi, J. Normand, 
 K. Raghavachari, A. Rendell, J. C. Burant, S. S. Iyengar, J. Tomasi, 
 M. Cossi, N. Rega, J. M. Millam, M. Klene, J. E. Knox, J. B. Cross, 
 V. Bakken, C. Adamo, J. Jaramillo, R. Gomperts, R. E. Stratmann, 
 O. Yazyev, A. J. Austin, R. Cammi, C. Pomelli, J. W. Ochterski, 
 R. L. Martin, K. Morokuma, V. G. Zakrzewski, G. A. Voth, 
 P. Salvador, J. J. Dannenberg, S. Dapprich, A. D. Daniels, 
 O. Farkas, J. B. Foresman, J. V. Ortiz, J. Cioslowski, 
 and D. J. Fox, Gaussian, Inc., Wallingford CT, 2013.
 
 ******************************************
 Gaussian 09:  ES64L-G09RevE.01 30-Nov-2015
                17-Feb-2017 
 ******************************************
 %chk=h12.chk
 ----------------------------------------------------------------------
 #rhf/gen scf(symm,tight,novaracc,noincfock,fulldiag) stable(crhf) gues
 s=read geom=nocrowd test
 ----------------------------------------------------------------------
 1/38=1/1;
 2/12=1,17=6,18=5,40=1/2;
 3/5=7,16=1,25=1,30=1,116=1/1,2,3;
 4/5=1,9=4/1;
 5/5=100002,15=2,16=1,32=2,38=6/2;
 8/6=1,10=90,11=11/1,4;
 9/8=4,13=1/2;
 6/7=2,8=2,9=2,10=2,28=1/1;
 99/5=1,9=1/99;
 ----------------------------------------------------------------------
 hf stability analysis of h12 triangular lattice, y= 1.4307794800386300
 ----------------------------------------------------------------------
 Symbolic Z-matrix:
 Charge =  0 Multiplicity = 1
 H
 H                    1     1.48659 
 H                    1     1.48659  2     31.5 
 H                    2     1.48659  1     148.5    3     0.       0
 H                    2     1.48659  1     180.     3     0.       0
 H                    4     1.48659  3     180.     5     0.       0
 H                    6     1.48659  5     180.     3     0.       0
 H                    4     1.48659  2     180.     3     0.       0
 H                    3     1.48659  1     180.     4     0.       0
 H                    9     1.48659  3     180.     4     0.       0
 H                    8     1.48659  4     180.     3     0.       0
 H                    7     1.48659  6     180.     3     0.       0
 
                          Input orientation:                          
 ---------------------------------------------------------------------
 Center     Atomic      Atomic             Coordinates (Angstroms)
 Number     Number       Type             X           Y           Z
 ---------------------------------------------------------------------
      1          1           0        0.000000    0.000000    0.000000
      2          1           0        0.000000    0.000000    1.486593
      3          1           0        0.776743    0.000000    1.267529
      4          1           0        0.776743    0.000000    2.754122
      5          1           0        0.000000    0.000000    2.973187
      6          1           0        0.776743    0.000000    4.240716
      7          1           0        1.553486    0.000000    5.508245
      8          1           0        1.553486    0.000000    4.021651
      9          1           0        1.553486    0.000000    2.535058
     10          1           0        2.330229    0.000000    3.802587
     11          1           0        2.330229    0.000000    5.289181
     12          1           0        2.330229    0.000000    6.775774
 ---------------------------------------------------------------------
                    Distance matrix (angstroms):
                    1          2          3          4          5
     1  H    0.000000
     2  H    1.486593   0.000000
     3  H    1.486593   0.807043   0.000000
     4  H    2.861559   1.486593   1.486593   0.000000
     5  H    2.973187   1.486593   1.874192   0.807043   0.000000
     6  H    4.311264   2.861559   2.973187   1.486593   1.486593
     7  H    5.723118   4.311264   4.311264   2.861559   2.973187
     8  H    4.311264   2.973187   2.861559   1.486593   1.874192
     9  H    2.973187   1.874192   1.486593   0.807043   1.614086
    10  H    4.459780   3.285391   2.973187   1.874192   2.473433
    11  H    5.779740   4.459780   4.311264   2.973187   3.285391
    12  H    7.165269   5.779740   5.723118   4.311264   4.459780
                    6          7          8          9         10
     6  H    0.000000
     7  H    1.486593   0.000000
     8  H    0.807043   1.486593   0.000000
     9  H    1.874192   2.973187   1.486593   0.000000
    10  H    1.614086   1.874192   0.807043   1.486593   0.000000
    11  H    1.874192   0.807043   1.486593   2.861559   1.486593
    12  H    2.973187   1.486593   2.861559   4.311264   2.973187
                   11         12
    11  H    0.000000
    12  H    1.486593   0.000000
 Stoichiometry    H12
 Framework group  C2H[SGH(H12)]
 Deg. of freedom    11
 Full point group                 C2H     NOp   4
 Largest Abelian subgroup         C2H     NOp   4
 Largest concise Abelian subgroup C2      NOp   2
                         Standard orientation:                         
 ---------------------------------------------------------------------
 Center     Atomic      Atomic             Coordinates (Angstroms)
 Number     Number       Type             X           Y           Z
 ---------------------------------------------------------------------
      1          1           0        0.776743    3.497419    0.000000
      2          1           0        0.000000    2.229890    0.000000
      3          1           0        0.776743    2.010826    0.000000
      4          1           0        0.000000    0.743297    0.000000
      5          1           0       -0.776743    0.962361    0.000000
      6          1           0       -0.776743   -0.524232    0.000000
      7          1           0       -0.776743   -2.010826   -0.000000
      8          1           0       -0.000000   -0.743297   -0.000000
      9          1           0        0.776743    0.524232    0.000000
     10          1           0        0.776743   -0.962361    0.000000
     11          1           0       -0.000000   -2.229890   -0.000000
     12          1           0       -0.776743   -3.497419   -0.000000
 ---------------------------------------------------------------------
 Rotational constants (GHZ):    148.7366889     10.5663724      9.8655181
 General basis read from cards:  (5D, 7F)
 There are     6 symmetry adapted cartesian basis functions of AG  symmetry.
 There are     0 symmetry adapted cartesian basis functions of BG  symmetry.
 There are     0 symmetry adapted cartesian basis functions of AU  symmetry.
 There are     6 symmetry adapted cartesian basis functions of BU  symmetry.
 There are     6 symmetry adapted basis functions of AG  symmetry.
 There are     0 symmetry adapted basis functions of BG  symmetry.
 There are     0 symmetry adapted basis functions of AU  symmetry.
 There are     6 symmetry adapted basis functions of BU  symmetry.
    12 basis functions,   120 primitive gaussians,    12 cartesian basis functions
     6 alpha electrons        6 beta electrons
       nuclear repulsion energy        17.7003002655 Hartrees.
 NAtoms=   12 NActive=   12 NUniq=    6 SFac= 4.00D+00 NAtFMM=   60 NAOKFM=F Big=F
 Integral buffers will be    131072 words long.
 Regular integral format.
 Two-electron integral symmetry is turned on.
 One-electron integrals computed using PRISM.
 NBasis=    12 RedAO= T EigKep=  1.19D-01  NBF=     6     0     0     6
 NBsUse=    12 1.00D-06 EigRej= -1.00D+00 NBFU=     6     0     0     6
 Initial guess from the checkpoint file:  "h12.chk"
 B after Tr=    -0.000000    0.000000    0.000000
         Rot=    0.999999   -0.000000    0.000000   -0.001518 Ang=  -0.17 deg.
 Initial guess orbital symmetries:
       Occupied  (AG) (BU) (AG) (BU) (BU) (BU)
       Virtual   (AG) (AG) (BU) (AG) (AG) (BU)
 Keep R1 ints in memory in symmetry-blocked form, NReq=898660.
 Requested convergence on RMS density matrix=1.00D-08 within 128 cycles.
 Requested convergence on MAX density matrix=1.00D-06.
 Requested convergence on             energy=1.00D-06.
 No special actions if energy rises.
 SCF Done:  E(RHF) =  -5.71469723337     A.U. after    7 cycles
            NFock=  7  Conv=0.53D-08     -V/T= 1.8761
 Range of M.O.s used for correlation:     1    12
 NBasis=    12 NAE=     6 NBE=     6 NFC=     0 NFV=     0
 NROrb=     12 NOA=     6 NOB=     6 NVA=     6 NVB=     6

 **** Warning!!: The smallest alpha delta epsilon is  0.63170630D-01

 Semi-Direct transformation.
 ModeAB=           4 MOrb=             6 LenV=     134089463
 LASXX=         2181 LTotXX=        2181 LenRXX=        5115
 LTotAB=        2934 MaxLAS=        3024 LenRXY=           0
 NonZer=        7296 LenScr=      655360 LnRSAI=        3024
 LnScr1=      655360 LExtra=           0 Total=      1318859
 MaxDsk=          -1 SrtSym=           T ITran=            3
 JobTyp=0 Pass  1:  I=   1 to   6.
 (rs|ai) integrals will be sorted in core.
 Spin components of T(2) and E(2):
     alpha-alpha T2 =       0.8142517566D-02 E2=     -0.7134164637D-02
     alpha-beta  T2 =       0.4077474673D+01 E2=     -0.5987485709D+00
     beta-beta   T2 =       0.8142517566D-02 E2=     -0.7134164637D-02
 ANorm=    0.2256935911D+01
 E2 =    -0.6130169002D+00 EUMP2 =    -0.63277141335941D+01
 Second order stability test of a single determinant RHF wave function:
 Stabil:  MDV=134217728
 ***********************************************************************
 Matrix         Lowest Root    Major Pairs
 ***********************************************************************
 Internal RHF    -0.0536159    6A=8A
 RRHF --> CRHF   -0.064975     6A=8A
 RRHF --> RUHF   -0.5393123    6A=7B
 Not stable.
 ***********************************************************************

 **********************************************************************

            Population analysis using the SCF density.

 **********************************************************************

 Orbital symmetries:
       Occupied  (AG) (BU) (AG) (BU) (BU) (BU)
       Virtual   (AG) (AG) (BU) (AG) (AG) (BU)
 The electronic state is 1-AG.
 Alpha  occ. eigenvalues --   -0.89328  -0.76015  -0.61838  -0.52458  -0.42640
 Alpha  occ. eigenvalues --   -0.12267
 Alpha virt. eigenvalues --   -0.05950  -0.00302   0.38997   0.44308   0.58483
 Alpha virt. eigenvalues --    0.81781
          Condensed to atoms (all electrons):
               1          2          3          4          5          6
     1  H    1.260133  -0.102806  -0.087059   0.005776   0.002924  -0.000806
     2  H   -0.102806   0.828846   0.542450  -0.145578  -0.052235   0.014471
     3  H   -0.087059   0.542450   0.732501  -0.128626  -0.066188   0.000260
     4  H    0.005776  -0.145578  -0.128626   1.033561   0.328912  -0.105519
     5  H    0.002924  -0.052235  -0.066188   0.328912   0.678821   0.164551
     6  H   -0.000806   0.014471   0.000260  -0.105519   0.164551   0.934176
     7  H    0.000245  -0.001156  -0.001117   0.010354   0.009055  -0.060283
     8  H   -0.001212   0.011299   0.010354  -0.171591  -0.052234   0.391571
     9  H    0.003233  -0.089817  -0.060283   0.391571  -0.102739  -0.202965
    10  H   -0.000534   0.000635   0.009055  -0.052234  -0.069456  -0.102739
    11  H    0.000248  -0.001229  -0.001156   0.011299   0.000635  -0.089817
    12  H   -0.000063   0.000248   0.000245  -0.001212  -0.000534   0.003233
               7          8          9         10         11         12
     1  H    0.000245  -0.001212   0.003233  -0.000534   0.000248  -0.000063
     2  H   -0.001156   0.011299  -0.089817   0.000635  -0.001229   0.000248
     3  H   -0.001117   0.010354  -0.060283   0.009055  -0.001156   0.000245
     4  H    0.010354  -0.171591   0.391571  -0.052234   0.011299  -0.001212
     5  H    0.009055  -0.052234  -0.102739  -0.069456   0.000635  -0.000534
     6  H   -0.060283   0.391571  -0.202965  -0.102739  -0.089817   0.003233
     7  H    0.732501  -0.128626   0.000260  -0.066188   0.542450  -0.087059
     8  H   -0.128626   1.033561  -0.105519   0.328912  -0.145578   0.005776
     9  H    0.000260  -0.105519   0.934176   0.164551   0.014471  -0.000806
    10  H   -0.066188   0.328912   0.164551   0.678821  -0.052235   0.002924
    11  H    0.542450  -0.145578   0.014471  -0.052235   0.828846  -0.102806
    12  H   -0.087059   0.005776  -0.000806   0.002924  -0.102806   1.260133
 Mulliken charges:
               1
     1  H   -0.080079
     2  H   -0.005126
     3  H    0.049564
     4  H   -0.176713
     5  H    0.158487
     6  H    0.053867
     7  H    0.049564
     8  H   -0.176713
     9  H    0.053867
    10  H    0.158487
    11  H   -0.005126
    12  H   -0.080079
 Sum of Mulliken charges =  -0.00000
 Mulliken charges with hydrogens summed into heavy atoms:
               1
 Electronic spatial extent (au):  <R**2>=            224.5488
 Charge=             -0.0000 electrons
 Dipole moment (field-independent basis, Debye):
    X=             -0.0000    Y=             -0.0000    Z=              0.0000  Tot=              0.0000
 Quadrupole moment (field-independent basis, Debye-Ang):
   XX=            -15.1482   YY=            -27.5872   ZZ=            -15.1479
   XY=             -3.9800   XZ=             -0.0000   YZ=             -0.0000
 Traceless Quadrupole moment (field-independent basis, Debye-Ang):
   XX=              4.1462   YY=             -8.2928   ZZ=              4.1465
   XY=             -3.9800   XZ=             -0.0000   YZ=             -0.0000
 Octapole moment (field-independent basis, Debye-Ang**2):
  XXX=             -0.0000  YYY=             -0.0000  ZZZ=             -0.0000  XYY=             -0.0000
  XXY=             -0.0000  XXZ=             -0.0000  XZZ=              0.0000  YZZ=             -0.0000
  YYZ=              0.0000  XYZ=             -0.0000
 Hexadecapole moment (field-independent basis, Debye-Ang**3):
 XXXX=            -56.5569 YYYY=           -604.8726 ZZZZ=            -18.0183 XXXY=            -34.5734
 XXXZ=             -0.0000 YYYX=            -84.6061 YYYZ=             -0.0000 ZZZX=             -0.0000
 ZZZY=             -0.0000 XXYY=            -81.2755 XXZZ=            -12.5281 YYZZ=            -68.9711
 XXYZ=             -0.0000 YYXZ=             -0.0000 ZZXY=            -11.2693
 N-N= 1.770030026551D+01 E-N=-4.666177204478D+01  KE= 6.522696344306D+00
 Symmetry AG   KE= 1.518647018568D+00
 Symmetry BG   KE= 0.000000000000D+00
 Symmetry AU   KE= 0.000000000000D+00
 Symmetry BU   KE= 5.004049325738D+00

 Test job not archived.
 1\1\GINC-SULU\Stability\RHF\Gen\H12\LCJ1\17-Feb-2017\0\\#rhf/gen scf(s
 ymm,tight,novaracc,noincfock,fulldiag) stable(crhf) guess=read geom=no
 crowd test\\hf stability analysis of h12 triangular lattice, y= 1.4307
 794800386300\\0,1\H\H,1,1.4865932578\H,1,1.4865932578,2,31.5\H,2,1.486
 5932578,1,148.5,3,0.,0\H,2,1.4865932578,1,180.,3,0.,0\H,4,1.4865932578
 ,3,180.,5,0.,0\H,6,1.4865932578,5,180.,3,0.,0\H,4,1.4865932578,2,180.,
 3,0.,0\H,3,1.4865932578,1,180.,4,0.,0\H,9,1.4865932578,3,180.,4,0.,0\H
 ,8,1.4865932578,4,180.,3,0.,0\H,7,1.4865932578,6,180.,3,0.,0\\Version=
 ES64L-G09RevE.01\State=1-AG\HF=-5.7146972\MP2=-6.3277141\RMSD=5.297e-0
 9\Dipole=0.,0.,0.\Quadrupole=3.1943693,3.0828461,-6.2772154,0.,-2.7766
 78,0.\PG=C02H [SGH(H12)]\\@


 THE SCIENTIFIC THEORIST IS NOT TO BE ENVIED. FOR NATURE, OR MORE
 PRECISELY EXPERIMENT, IS AN INEXORABLE AND NOT VERY FRIENDLY JUDGE OF HIS
 WORK.  IT NEVER SAYS "YES" TO A THEORY. IN THE MOST FAVORABLE CASES
 IT SAYS "MAYBE", AND IN THE GREAT MAJORITY OF CASES SIMPLY "NO"...
 PROBABLY EVERY THEORY WILL SOME DAY EXPERIENCE ITS "NO" - MOST
 THEORIES, SOON AFTER CONCEPTION.  -- A.EINSTEIN, NOV 11, 1922.
 Job cpu time:       0 days  0 hours  0 minutes  1.0 seconds.
 File lengths (MBytes):  RWF=     84 Int=      0 D2E=      0 Chk=      2 Scr=      2
 Normal termination of Gaussian 09 at Fri Feb 17 15:06:40 2017.
