 Entering Gaussian System, Link 0=g09
 AtFile(1): H.gbs
            H     0
            S   10   1.00
               1000.000000000000            0.000068713567
                316.227766000000            0.000169141320
                100.000000000000            0.000823394812
                 31.622776600000            0.003425569236
                 10.000000000000            0.013951996000
                  3.162277660000            0.056909313560
                  1.000000000000            0.198286399900
                  0.316227766000            0.496922426700
                  0.100000000000            0.369846276400
                  0.031622776600            0.003752720039
            ****
 Initial command:
 /projects/guscus/apps/gau/g09-e1/g09/l1.exe "/users/lcj1/gaussian/h12/rhfstability/rect/guess/ag2bu4/Gau-11537.inp" -scrdir="/users/lcj1/gaussian/h12/rhfstability/rect/guess/ag2bu4/"
 Entering Link 1 = /projects/guscus/apps/gau/g09-e1/g09/l1.exe PID=     11538.
  
 Copyright (c) 1988,1990,1992,1993,1995,1998,2003,2009,2015,
            Gaussian, Inc.  All Rights Reserved.
  
 This is part of the Gaussian(R) 09 program.  It is based on
 the Gaussian(R) 03 system (copyright 2003, Gaussian, Inc.),
 the Gaussian(R) 98 system (copyright 1998, Gaussian, Inc.),
 the Gaussian(R) 94 system (copyright 1995, Gaussian, Inc.),
 the Gaussian 92(TM) system (copyright 1992, Gaussian, Inc.),
 the Gaussian 90(TM) system (copyright 1990, Gaussian, Inc.),
 the Gaussian 88(TM) system (copyright 1988, Gaussian, Inc.),
 the Gaussian 86(TM) system (copyright 1986, Carnegie Mellon
 University), and the Gaussian 82(TM) system (copyright 1983,
 Carnegie Mellon University). Gaussian is a federally registered
 trademark of Gaussian, Inc.
  
 This software contains proprietary and confidential information,
 including trade secrets, belonging to Gaussian, Inc.
  
 This software is provided under written license and may be
 used, copied, transmitted, or stored only in accord with that
 written license.
  
 The following legend is applicable only to US Government
 contracts under FAR:
  
                    RESTRICTED RIGHTS LEGEND
  
 Use, reproduction and disclosure by the US Government is
 subject to restrictions as set forth in subparagraphs (a)
 and (c) of the Commercial Computer Software - Restricted
 Rights clause in FAR 52.227-19.
  
 Gaussian, Inc.
 340 Quinnipiac St., Bldg. 40, Wallingford CT 06492
  
  
 ---------------------------------------------------------------
 Warning -- This program may not be used in any manner that
 competes with the business of Gaussian, Inc. or will provide
 assistance to any competitor of Gaussian, Inc.  The licensee
 of this program is prohibited from giving any competitor of
 Gaussian, Inc. access to this program.  By using this program,
 the user acknowledges that Gaussian, Inc. is engaged in the
 business of creating and licensing software in the field of
 computational chemistry and represents and warrants to the
 licensee that it is not a competitor of Gaussian, Inc. and that
 it will not use this program in any manner prohibited above.
 ---------------------------------------------------------------
  

 Cite this work as:
 Gaussian 09, Revision E.01,
 M. J. Frisch, G. W. Trucks, H. B. Schlegel, G. E. Scuseria, 
 M. A. Robb, J. R. Cheeseman, G. Scalmani, V. Barone, B. Mennucci, 
 G. A. Petersson, H. Nakatsuji, M. Caricato, X. Li, H. P. Hratchian, 
 A. F. Izmaylov, J. Bloino, G. Zheng, J. L. Sonnenberg, M. Hada, 
 M. Ehara, K. Toyota, R. Fukuda, J. Hasegawa, M. Ishida, T. Nakajima, 
 Y. Honda, O. Kitao, H. Nakai, T. Vreven, J. A. Montgomery, Jr., 
 J. E. Peralta, F. Ogliaro, M. Bearpark, J. J. Heyd, E. Brothers, 
 K. N. Kudin, V. N. Staroverov, T. Keith, R. Kobayashi, J. Normand, 
 K. Raghavachari, A. Rendell, J. C. Burant, S. S. Iyengar, J. Tomasi, 
 M. Cossi, N. Rega, J. M. Millam, M. Klene, J. E. Knox, J. B. Cross, 
 V. Bakken, C. Adamo, J. Jaramillo, R. Gomperts, R. E. Stratmann, 
 O. Yazyev, A. J. Austin, R. Cammi, C. Pomelli, J. W. Ochterski, 
 R. L. Martin, K. Morokuma, V. G. Zakrzewski, G. A. Voth, 
 P. Salvador, J. J. Dannenberg, S. Dapprich, A. D. Daniels, 
 O. Farkas, J. B. Foresman, J. V. Ortiz, J. Cioslowski, 
 and D. J. Fox, Gaussian, Inc., Wallingford CT, 2013.
 
 ******************************************
 Gaussian 09:  ES64L-G09RevE.01 30-Nov-2015
                17-Feb-2017 
 ******************************************
 %chk=h12.chk
 ----------------------------------------------------------------------
 #rhf/gen scf(symm,tight,novaracc,noincfock,fulldiag) stable(crhf) gues
 s=read geom=nocrowd test
 ----------------------------------------------------------------------
 1/38=1/1;
 2/12=1,17=6,18=5,40=1/2;
 3/5=7,16=1,25=1,30=1,116=1/1,2,3;
 4/5=1,9=4/1;
 5/5=100002,15=2,16=1,32=2,38=6/2;
 8/6=1,10=90,11=11/1,4;
 9/8=4,13=1/2;
 6/7=2,8=2,9=2,10=2,28=1/1;
 99/5=1,9=1/99;
 ----------------------------------------------------------------------
 hf stability analysis of h12 triangular lattice, y= 0.4102222107631511
 3
 ----------------------------------------------------------------------
 Symbolic Z-matrix:
 Charge =  0 Multiplicity = 1
 H
 H                    1     1.46597 
 H                    1     1.46597  2     147.5 
 H                    2     1.46597  1     32.5     3     0.       0
 H                    2     1.46597  1     180.     3     0.       0
 H                    4     1.46597  3     180.     5     0.       0
 H                    6     1.46597  5     180.     3     0.       0
 H                    4     1.46597  2     180.     3     0.       0
 H                    3     1.46597  1     180.     4     0.       0
 H                    9     1.46597  3     180.     4     0.       0
 H                    8     1.46597  4     180.     3     0.       0
 H                    7     1.46597  6     180.     3     0.       0
 
                          Input orientation:                          
 ---------------------------------------------------------------------
 Center     Atomic      Atomic             Coordinates (Angstroms)
 Number     Number       Type             X           Y           Z
 ---------------------------------------------------------------------
      1          1           0        0.000000    0.000000    0.000000
      2          1           0        0.000000    0.000000    1.465975
      3          1           0        0.787668    0.000000   -1.236390
      4          1           0        0.787668    0.000000    0.229584
      5          1           0        0.000000    0.000000    2.931949
      6          1           0        0.787668    0.000000    1.695559
      7          1           0        1.575335    0.000000    0.459168
      8          1           0        1.575335    0.000000   -1.006806
      9          1           0        1.575335    0.000000   -2.472781
     10          1           0        2.363003    0.000000   -3.709171
     11          1           0        2.363003    0.000000   -2.243197
     12          1           0        2.363003    0.000000   -0.777222
 ---------------------------------------------------------------------
                    Distance matrix (angstroms):
                    1          2          3          4          5
     1  H    0.000000
     2  H    1.465975   0.000000
     3  H    1.465975   2.814817   0.000000
     4  H    0.820444   1.465975   1.465975   0.000000
     5  H    2.931949   1.465975   4.242107   2.814817   0.000000
     6  H    1.869583   0.820444   2.931949   1.465975   1.465975
     7  H    1.640889   1.869583   1.869583   0.820444   2.931949
     8  H    1.869583   2.931949   0.820444   1.465975   4.242107
     9  H    2.931949   4.242107   1.465975   2.814817   5.629634
    10  H    4.397924   5.689105   2.931949   4.242107   7.048990
    11  H    3.258176   4.397924   1.869583   2.931949   5.689105
    12  H    2.487540   3.258176   1.640889   1.869583   4.397924
                    6          7          8          9         10
     6  H    0.000000
     7  H    1.465975   0.000000
     8  H    2.814817   1.465975   0.000000
     9  H    4.242107   2.931949   1.465975   0.000000
    10  H    5.629634   4.242107   2.814817   1.465975   0.000000
    11  H    4.242107   2.814817   1.465975   0.820444   1.465975
    12  H    2.931949   1.465975   0.820444   1.869583   2.931949
                   11         12
    11  H    0.000000
    12  H    1.465975   0.000000
 Stoichiometry    H12
 Framework group  C2H[SGH(H12)]
 Deg. of freedom    11
 Full point group                 C2H     NOp   4
 Largest Abelian subgroup         C2H     NOp   4
 Largest concise Abelian subgroup C2      NOp   2
                         Standard orientation:                         
 ---------------------------------------------------------------------
 Center     Atomic      Atomic             Coordinates (Angstroms)
 Number     Number       Type             X           Y           Z
 ---------------------------------------------------------------------
      1          1           0        0.787668    0.962571   -0.000000
      2          1           0        0.000000    2.198962   -0.000000
      3          1           0        0.787668   -0.503403   -0.000000
      4          1           0        0.000000    0.732987   -0.000000
      5          1           0       -0.787668    3.435352   -0.000000
      6          1           0       -0.787668    1.969378   -0.000000
      7          1           0       -0.787668    0.503403   -0.000000
      8          1           0       -0.000000   -0.732987   -0.000000
      9          1           0        0.787668   -1.969378    0.000000
     10          1           0        0.787668   -3.435352   -0.000000
     11          1           0       -0.000000   -2.198962   -0.000000
     12          1           0       -0.787668   -0.962571   -0.000000
 ---------------------------------------------------------------------
 Rotational constants (GHZ):    144.0008704     10.9138763     10.1449844
 General basis read from cards:  (5D, 7F)
 There are     6 symmetry adapted cartesian basis functions of AG  symmetry.
 There are     0 symmetry adapted cartesian basis functions of BG  symmetry.
 There are     0 symmetry adapted cartesian basis functions of AU  symmetry.
 There are     6 symmetry adapted cartesian basis functions of BU  symmetry.
 There are     6 symmetry adapted basis functions of AG  symmetry.
 There are     0 symmetry adapted basis functions of BG  symmetry.
 There are     0 symmetry adapted basis functions of AU  symmetry.
 There are     6 symmetry adapted basis functions of BU  symmetry.
    12 basis functions,   120 primitive gaussians,    12 cartesian basis functions
     6 alpha electrons        6 beta electrons
       nuclear repulsion energy        17.7864692303 Hartrees.
 NAtoms=   12 NActive=   12 NUniq=    6 SFac= 4.00D+00 NAtFMM=   60 NAOKFM=F Big=F
 Integral buffers will be    131072 words long.
 Regular integral format.
 Two-electron integral symmetry is turned on.
 One-electron integrals computed using PRISM.
 NBasis=    12 RedAO= T EigKep=  1.23D-01  NBF=     6     0     0     6
 NBsUse=    12 1.00D-06 EigRej= -1.00D+00 NBFU=     6     0     0     6
 Initial guess from the checkpoint file:  "h12.chk"
 B after Tr=    -0.000000    0.000000    0.000000
         Rot=    0.999999   -0.000000   -0.000000   -0.001518 Ang=  -0.17 deg.
 Initial guess orbital symmetries:
       Occupied  (AG) (BU) (AG) (BU) (BU) (BU)
       Virtual   (AG) (AG) (BU) (AG) (AG) (BU)
 Keep R1 ints in memory in symmetry-blocked form, NReq=898772.
 Requested convergence on RMS density matrix=1.00D-08 within 128 cycles.
 Requested convergence on MAX density matrix=1.00D-06.
 Requested convergence on             energy=1.00D-06.
 No special actions if energy rises.
 SCF Done:  E(RHF) =  -5.70191777845     A.U. after    7 cycles
            NFock=  7  Conv=0.82D-08     -V/T= 1.8696
 Range of M.O.s used for correlation:     1    12
 NBasis=    12 NAE=     6 NBE=     6 NFC=     0 NFV=     0
 NROrb=     12 NOA=     6 NOB=     6 NVA=     6 NVB=     6

 **** Warning!!: The smallest alpha delta epsilon is  0.61874830D-01

 Semi-Direct transformation.
 ModeAB=           4 MOrb=             6 LenV=     134088987
 LASXX=         2181 LTotXX=        2181 LenRXX=        5115
 LTotAB=        2934 MaxLAS=        3024 LenRXY=           0
 NonZer=        7296 LenScr=      655360 LnRSAI=        3024
 LnScr1=      655360 LExtra=           0 Total=      1318859
 MaxDsk=          -1 SrtSym=           T ITran=            3
 JobTyp=0 Pass  1:  I=   1 to   6.
 (rs|ai) integrals will be sorted in core.
 Spin components of T(2) and E(2):
     alpha-alpha T2 =       0.8443781781D-02 E2=     -0.7381614157D-02
     alpha-beta  T2 =       0.4095176989D+01 E2=     -0.5954746982D+00
     beta-beta   T2 =       0.8443781781D-02 E2=     -0.7381614157D-02
 ANorm=    0.2260987517D+01
 E2 =    -0.6102379265D+00 EUMP2 =    -0.63121557049176D+01
 Second order stability test of a single determinant RHF wave function:
 Stabil:  MDV=134217728
 ***********************************************************************
 Matrix         Lowest Root    Major Pairs
 ***********************************************************************
 Internal RHF    -0.0701839    6A=8A
 RRHF --> CRHF   -0.0827951    6A=8A
 RRHF --> RUHF   -0.5367393    6A=7B
 Not stable.
 ***********************************************************************

 **********************************************************************

            Population analysis using the SCF density.

 **********************************************************************

 Orbital symmetries:
       Occupied  (AG) (BU) (AG) (BU) (BU) (BU)
       Virtual   (AG) (AG) (BU) (AG) (AG) (BU)
 The electronic state is 1-AG.
 Alpha  occ. eigenvalues --   -0.89486  -0.75907  -0.61447  -0.51568  -0.43173
 Alpha  occ. eigenvalues --   -0.11397
 Alpha virt. eigenvalues --   -0.05210  -0.00733   0.38307   0.43609   0.56808
 Alpha virt. eigenvalues --    0.79680
          Condensed to atoms (all electrons):
               1          2          3          4          5          6
     1  H    0.671921  -0.058557   0.159114   0.336003   0.003412  -0.068818
     2  H   -0.058557   0.851090   0.016325  -0.156480  -0.110384   0.546662
     3  H    0.159114   0.016325   0.941156  -0.113882  -0.000982   0.000634
     4  H    0.336003  -0.156480  -0.113882   1.050777   0.006448  -0.136187
     5  H    0.003412  -0.110384  -0.000982   0.006448   1.278511  -0.091091
     6  H   -0.068818   0.546662   0.000634  -0.136187  -0.091091   0.740209
     7  H   -0.091081  -0.094818  -0.204248   0.401745   0.003629  -0.065980
     8  H   -0.056030   0.013053   0.401745  -0.184819  -0.001450   0.011783
     9  H    0.010036  -0.001419  -0.065980   0.011783   0.000303  -0.001337
    10  H   -0.000651   0.000308   0.003629  -0.001450  -0.000077   0.000303
    11  H    0.001093  -0.001509  -0.094818   0.013053   0.000308  -0.001419
    12  H   -0.067150   0.001093  -0.091081  -0.056030  -0.000651   0.010036
               7          8          9         10         11         12
     1  H   -0.091081  -0.056030   0.010036  -0.000651   0.001093  -0.067150
     2  H   -0.094818   0.013053  -0.001419   0.000308  -0.001509   0.001093
     3  H   -0.204248   0.401745  -0.065980   0.003629  -0.094818  -0.091081
     4  H    0.401745  -0.184819   0.011783  -0.001450   0.013053  -0.056030
     5  H    0.003629  -0.001450   0.000303  -0.000077   0.000308  -0.000651
     6  H   -0.065980   0.011783  -0.001337   0.000303  -0.001419   0.010036
     7  H    0.941156  -0.113882   0.000634  -0.000982   0.016325   0.159114
     8  H   -0.113882   1.050777  -0.136187   0.006448  -0.156480   0.336003
     9  H    0.000634  -0.136187   0.740209  -0.091091   0.546662  -0.068818
    10  H   -0.000982   0.006448  -0.091091   1.278511  -0.110384   0.003412
    11  H    0.016325  -0.156480   0.546662  -0.110384   0.851090  -0.058557
    12  H    0.159114   0.336003  -0.068818   0.003412  -0.058557   0.671921
 Mulliken charges:
               1
     1  H    0.160707
     2  H   -0.005364
     3  H    0.048388
     4  H   -0.170960
     5  H   -0.087975
     6  H    0.055205
     7  H    0.048388
     8  H   -0.170960
     9  H    0.055205
    10  H   -0.087975
    11  H   -0.005364
    12  H    0.160707
 Sum of Mulliken charges =  -0.00000
 Mulliken charges with hydrogens summed into heavy atoms:
               1
 Electronic spatial extent (au):  <R**2>=            219.8464
 Charge=             -0.0000 electrons
 Dipole moment (field-independent basis, Debye):
    X=              0.0000    Y=             -0.0000    Z=             -0.0000  Tot=              0.0000
 Quadrupole moment (field-independent basis, Debye-Ang):
   XX=            -15.0898   YY=            -28.0720   ZZ=            -15.1222
   XY=              4.2554   XZ=             -0.0000   YZ=              0.0000
 Traceless Quadrupole moment (field-independent basis, Debye-Ang):
   XX=              4.3382   YY=             -8.6440   ZZ=              4.3058
   XY=              4.2554   XZ=             -0.0000   YZ=              0.0000
 Octapole moment (field-independent basis, Debye-Ang**2):
  XXX=              0.0000  YYY=              0.0000  ZZZ=              0.0000  XYY=              0.0000
  XXY=             -0.0000  XXZ=              0.0000  XZZ=              0.0000  YZZ=             -0.0000
  YYZ=              0.0000  XYZ=             -0.0000
 Hexadecapole moment (field-independent basis, Debye-Ang**3):
 XXXX=            -57.4259 YYYY=           -593.7243 ZZZZ=            -17.9691 XXXY=             34.6848
 XXXZ=             -0.0000 YYYX=             86.2254 YYYZ=              0.0000 ZZZX=             -0.0000
 ZZZY=              0.0000 XXYY=            -80.1857 XXZZ=            -12.6727 YYZZ=            -67.0181
 XXYZ=              0.0000 YYXZ=             -0.0000 ZZXY=             11.2205
 N-N= 1.778646923034D+01 E-N=-4.687436943713D+01  KE= 6.557153162032D+00
 Symmetry AG   KE= 1.515663941261D+00
 Symmetry BG   KE= 0.000000000000D+00
 Symmetry AU   KE= 0.000000000000D+00
 Symmetry BU   KE= 5.041489220771D+00

 Test job not archived.
 1\1\GINC-SULU\Stability\RHF\Gen\H12\LCJ1\17-Feb-2017\0\\#rhf/gen scf(s
 ymm,tight,novaracc,noincfock,fulldiag) stable(crhf) guess=read geom=no
 crowd test\\hf stability analysis of h12 triangular lattice, y= 0.4102
 2221076315113\\0,1\H\H,1,1.4659745026\H,1,1.4659745026,2,147.5\H,2,1.4
 659745026,1,32.5,3,0.,0\H,2,1.4659745026,1,180.,3,0.,0\H,4,1.465974502
 6,3,180.,5,0.,0\H,6,1.4659745026,5,180.,3,0.,0\H,4,1.4659745026,2,180.
 ,3,0.,0\H,3,1.4659745026,1,180.,4,0.,0\H,9,1.4659745026,3,180.,4,0.,0\
 H,8,1.4659745026,4,180.,3,0.,0\H,7,1.4659745026,6,180.,3,0.,0\\Version
 =ES64L-G09RevE.01\State=1-AG\HF=-5.7019178\MP2=-6.3121557\RMSD=8.189e-
 09\Dipole=0.,0.,0.\Quadrupole=3.3062438,3.2012664,-6.5075101,0.,3.0367
 604,0.\PG=C02H [SGH(H12)]\\@


 What some people mistake for the high cost
 of living is really the cost of living high.
                              -- Doug Larson
 Job cpu time:       0 days  0 hours  0 minutes  1.0 seconds.
 File lengths (MBytes):  RWF=     84 Int=      0 D2E=      0 Chk=      2 Scr=      2
 Normal termination of Gaussian 09 at Fri Feb 17 14:54:37 2017.
