 Entering Gaussian System, Link 0=g09
 AtFile(1): H.gbs
            H     0
            S   10   1.00
               1000.000000000000            0.000068713567
                316.227766000000            0.000169141320
                100.000000000000            0.000823394812
                 31.622776600000            0.003425569236
                 10.000000000000            0.013951996000
                  3.162277660000            0.056909313560
                  1.000000000000            0.198286399900
                  0.316227766000            0.496922426700
                  0.100000000000            0.369846276400
                  0.031622776600            0.003752720039
            ****
 Initial command:
 /projects/guscus/apps/gau/g09-e1/g09/l1.exe "/users/lcj1/gaussian/h12/rhfstability/rect/guess/ag2bu4/Gau-8584.inp" -scrdir="/users/lcj1/gaussian/h12/rhfstability/rect/guess/ag2bu4/"
 Entering Link 1 = /projects/guscus/apps/gau/g09-e1/g09/l1.exe PID=      8585.
  
 Copyright (c) 1988,1990,1992,1993,1995,1998,2003,2009,2015,
            Gaussian, Inc.  All Rights Reserved.
  
 This is part of the Gaussian(R) 09 program.  It is based on
 the Gaussian(R) 03 system (copyright 2003, Gaussian, Inc.),
 the Gaussian(R) 98 system (copyright 1998, Gaussian, Inc.),
 the Gaussian(R) 94 system (copyright 1995, Gaussian, Inc.),
 the Gaussian 92(TM) system (copyright 1992, Gaussian, Inc.),
 the Gaussian 90(TM) system (copyright 1990, Gaussian, Inc.),
 the Gaussian 88(TM) system (copyright 1988, Gaussian, Inc.),
 the Gaussian 86(TM) system (copyright 1986, Carnegie Mellon
 University), and the Gaussian 82(TM) system (copyright 1983,
 Carnegie Mellon University). Gaussian is a federally registered
 trademark of Gaussian, Inc.
  
 This software contains proprietary and confidential information,
 including trade secrets, belonging to Gaussian, Inc.
  
 This software is provided under written license and may be
 used, copied, transmitted, or stored only in accord with that
 written license.
  
 The following legend is applicable only to US Government
 contracts under FAR:
  
                    RESTRICTED RIGHTS LEGEND
  
 Use, reproduction and disclosure by the US Government is
 subject to restrictions as set forth in subparagraphs (a)
 and (c) of the Commercial Computer Software - Restricted
 Rights clause in FAR 52.227-19.
  
 Gaussian, Inc.
 340 Quinnipiac St., Bldg. 40, Wallingford CT 06492
  
  
 ---------------------------------------------------------------
 Warning -- This program may not be used in any manner that
 competes with the business of Gaussian, Inc. or will provide
 assistance to any competitor of Gaussian, Inc.  The licensee
 of this program is prohibited from giving any competitor of
 Gaussian, Inc. access to this program.  By using this program,
 the user acknowledges that Gaussian, Inc. is engaged in the
 business of creating and licensing software in the field of
 computational chemistry and represents and warrants to the
 licensee that it is not a competitor of Gaussian, Inc. and that
 it will not use this program in any manner prohibited above.
 ---------------------------------------------------------------
  

 Cite this work as:
 Gaussian 09, Revision E.01,
 M. J. Frisch, G. W. Trucks, H. B. Schlegel, G. E. Scuseria, 
 M. A. Robb, J. R. Cheeseman, G. Scalmani, V. Barone, B. Mennucci, 
 G. A. Petersson, H. Nakatsuji, M. Caricato, X. Li, H. P. Hratchian, 
 A. F. Izmaylov, J. Bloino, G. Zheng, J. L. Sonnenberg, M. Hada, 
 M. Ehara, K. Toyota, R. Fukuda, J. Hasegawa, M. Ishida, T. Nakajima, 
 Y. Honda, O. Kitao, H. Nakai, T. Vreven, J. A. Montgomery, Jr., 
 J. E. Peralta, F. Ogliaro, M. Bearpark, J. J. Heyd, E. Brothers, 
 K. N. Kudin, V. N. Staroverov, T. Keith, R. Kobayashi, J. Normand, 
 K. Raghavachari, A. Rendell, J. C. Burant, S. S. Iyengar, J. Tomasi, 
 M. Cossi, N. Rega, J. M. Millam, M. Klene, J. E. Knox, J. B. Cross, 
 V. Bakken, C. Adamo, J. Jaramillo, R. Gomperts, R. E. Stratmann, 
 O. Yazyev, A. J. Austin, R. Cammi, C. Pomelli, J. W. Ochterski, 
 R. L. Martin, K. Morokuma, V. G. Zakrzewski, G. A. Voth, 
 P. Salvador, J. J. Dannenberg, S. Dapprich, A. D. Daniels, 
 O. Farkas, J. B. Foresman, J. V. Ortiz, J. Cioslowski, 
 and D. J. Fox, Gaussian, Inc., Wallingford CT, 2013.
 
 ******************************************
 Gaussian 09:  ES64L-G09RevE.01 30-Nov-2015
                17-Feb-2017 
 ******************************************
 %chk=h12.chk
 ----------------------------------------------------------------------
 #rhf/gen scf(symm,tight,novaracc,noincfock,fulldiag) stable(crhf) gues
 s=read geom=nocrowd test
 ----------------------------------------------------------------------
 1/38=1/1;
 2/12=1,17=6,18=5,40=1/2;
 3/5=7,16=1,25=1,30=1,116=1/1,2,3;
 4/5=1,9=4/1;
 5/5=100002,15=2,16=1,32=2,38=6/2;
 8/6=1,10=90,11=11/1,4;
 9/8=4,13=1/2;
 6/7=2,8=2,9=2,10=2,28=1/1;
 99/5=1,9=1/99;
 ----------------------------------------------------------------------
 hf stability analysis of h12 triangular lattice, y= 0.3023959355609886
 5
 ----------------------------------------------------------------------
 Symbolic Z-matrix:
 Charge =  0 Multiplicity = 1
 H
 H                    1     1.93305 
 H                    1     1.93305  2     162. 
 H                    2     1.93305  1     18.      3     0.       0
 H                    2     1.93305  1     180.     3     0.       0
 H                    4     1.93305  3     180.     5     0.       0
 H                    6     1.93305  5     180.     3     0.       0
 H                    4     1.93305  2     180.     3     0.       0
 H                    3     1.93305  1     180.     4     0.       0
 H                    9     1.93305  3     180.     4     0.       0
 H                    8     1.93305  4     180.     3     0.       0
 H                    7     1.93305  6     180.     3     0.       0
 
                          Input orientation:                          
 ---------------------------------------------------------------------
 Center     Atomic      Atomic             Coordinates (Angstroms)
 Number     Number       Type             X           Y           Z
 ---------------------------------------------------------------------
      1          1           0        0.000000    0.000000    0.000000
      2          1           0        0.000000    0.000000    1.933052
      3          1           0        0.597346    0.000000   -1.838442
      4          1           0        0.597346    0.000000    0.094610
      5          1           0        0.000000    0.000000    3.866104
      6          1           0        0.597346    0.000000    2.027662
      7          1           0        1.194692    0.000000    0.189221
      8          1           0        1.194692    0.000000   -1.743831
      9          1           0        1.194692    0.000000   -3.676883
     10          1           0        1.792038    0.000000   -5.515325
     11          1           0        1.792038    0.000000   -3.582273
     12          1           0        1.792038    0.000000   -1.649221
 ---------------------------------------------------------------------
                    Distance matrix (angstroms):
                    1          2          3          4          5
     1  H    0.000000
     2  H    1.933052   0.000000
     3  H    1.933052   3.818505   0.000000
     4  H    0.604792   1.933052   1.933052   0.000000
     5  H    3.866104   1.933052   5.735735   3.818505   0.000000
     6  H    2.113820   0.604792   3.866104   1.933052   1.933052
     7  H    1.209584   2.113820   2.113820   0.604792   3.866104
     8  H    2.113820   3.866104   0.604792   1.933052   5.735735
     9  H    3.866104   5.735735   1.933052   3.818505   7.637011
    10  H    5.799155   7.660921   3.866104   5.735735   9.551052
    11  H    4.005506   5.799155   2.113820   3.866104   7.660921
    12  H    2.435432   4.005506   1.209584   2.113820   5.799155
                    6          7          8          9         10
     6  H    0.000000
     7  H    1.933052   0.000000
     8  H    3.818505   1.933052   0.000000
     9  H    5.735735   3.866104   1.933052   0.000000
    10  H    7.637011   5.735735   3.818505   1.933052   0.000000
    11  H    5.735735   3.818505   1.933052   0.604792   1.933052
    12  H    3.866104   1.933052   0.604792   2.113820   3.866104
                   11         12
    11  H    0.000000
    12  H    1.933052   0.000000
 Stoichiometry    H12
 Framework group  C2H[SGH(H12)]
 Deg. of freedom    11
 Full point group                 C2H     NOp   4
 Largest Abelian subgroup         C2H     NOp   4
 Largest concise Abelian subgroup C2      NOp   2
                         Standard orientation:                         
 ---------------------------------------------------------------------
 Center     Atomic      Atomic             Coordinates (Angstroms)
 Number     Number       Type             X           Y           Z
 ---------------------------------------------------------------------
      1          1           0        0.597346    1.061136   -0.000000
      2          1           0        0.000000    2.899578   -0.000000
      3          1           0        0.597346   -0.871916   -0.000000
      4          1           0        0.000000    0.966526   -0.000000
      5          1           0       -0.597346    4.738019   -0.000000
      6          1           0       -0.597346    2.804967   -0.000000
      7          1           0       -0.597346    0.871916   -0.000000
      8          1           0       -0.000000   -0.966526    0.000000
      9          1           0        0.597346   -2.804967    0.000000
     10          1           0        0.597346   -4.738019    0.000000
     11          1           0       -0.000000   -2.899578    0.000000
     12          1           0       -0.597346   -1.061136    0.000000
 ---------------------------------------------------------------------
 Rotational constants (GHZ):    263.3893040      5.9668622      5.8346824
 General basis read from cards:  (5D, 7F)
 There are     6 symmetry adapted cartesian basis functions of AG  symmetry.
 There are     0 symmetry adapted cartesian basis functions of BG  symmetry.
 There are     0 symmetry adapted cartesian basis functions of AU  symmetry.
 There are     6 symmetry adapted cartesian basis functions of BU  symmetry.
 There are     6 symmetry adapted basis functions of AG  symmetry.
 There are     0 symmetry adapted basis functions of BG  symmetry.
 There are     0 symmetry adapted basis functions of AU  symmetry.
 There are     6 symmetry adapted basis functions of BU  symmetry.
    12 basis functions,   120 primitive gaussians,    12 cartesian basis functions
     6 alpha electrons        6 beta electrons
       nuclear repulsion energy        16.4644674076 Hartrees.
 NAtoms=   12 NActive=   12 NUniq=    6 SFac= 4.00D+00 NAtFMM=   60 NAOKFM=F Big=F
 Integral buffers will be    131072 words long.
 Regular integral format.
 Two-electron integral symmetry is turned on.
 One-electron integrals computed using PRISM.
 NBasis=    12 RedAO= T EigKep=  6.10D-02  NBF=     6     0     0     6
 NBsUse=    12 1.00D-06 EigRej= -1.00D+00 NBFU=     6     0     0     6
 Initial guess from the checkpoint file:  "h12.chk"
 B after Tr=    -0.000000    0.000000    0.000000
         Rot=    0.999999   -0.000000   -0.000000   -0.001518 Ang=  -0.17 deg.
 Initial guess orbital symmetries:
       Occupied  (AG) (BU) (AG) (BU) (BU) (BU)
       Virtual   (AG) (AG) (BU) (AG) (AG) (BU)
 Keep R1 ints in memory in symmetry-blocked form, NReq=896098.
 Requested convergence on RMS density matrix=1.00D-08 within 128 cycles.
 Requested convergence on MAX density matrix=1.00D-06.
 Requested convergence on             energy=1.00D-06.
 No special actions if energy rises.
 SCF Done:  E(RHF) =  -5.38996353462     A.U. after    6 cycles
            NFock=  6  Conv=0.31D-08     -V/T= 1.8517
 Range of M.O.s used for correlation:     1    12
 NBasis=    12 NAE=     6 NBE=     6 NFC=     0 NFV=     0
 NROrb=     12 NOA=     6 NOB=     6 NVA=     6 NVB=     6

 **** Warning!!: The smallest alpha delta epsilon is  0.55332578D-01

 Semi-Direct transformation.
 ModeAB=           4 MOrb=             6 LenV=     134091969
 LASXX=         2181 LTotXX=        2181 LenRXX=        5115
 LTotAB=        2934 MaxLAS=        3024 LenRXY=           0
 NonZer=        7296 LenScr=      655360 LnRSAI=        3024
 LnScr1=      655360 LExtra=           0 Total=      1318859
 MaxDsk=          -1 SrtSym=           T ITran=            3
 JobTyp=0 Pass  1:  I=   1 to   6.
 (rs|ai) integrals will be sorted in core.
 Spin components of T(2) and E(2):
     alpha-alpha T2 =       0.5106535265D-02 E2=     -0.4469891741D-02
     alpha-beta  T2 =       0.6770839632D+01 E2=     -0.8131548483D+00
     beta-beta   T2 =       0.5106535265D-02 E2=     -0.4469891741D-02
 ANorm=    0.2789453836D+01
 E2 =    -0.8220946318D+00 EUMP2 =    -0.62120581663994D+01
 Second order stability test of a single determinant RHF wave function:
 Stabil:  MDV=134217728
 ***********************************************************************
 Matrix         Lowest Root    Major Pairs
 ***********************************************************************
 Internal RHF     0.0347985    Stable
 RRHF --> CRHF   -0.0004398    6A=7A
 RRHF --> RUHF   -0.5754608    6A=7B
 Not stable.
 ***********************************************************************

 **********************************************************************

            Population analysis using the SCF density.

 **********************************************************************

 Orbital symmetries:
       Occupied  (AG) (BU) (AG) (BU) (BU) (BU)
       Virtual   (AG) (AG) (BU) (AG) (AG) (BU)
 The electronic state is 1-AG.
 Alpha  occ. eigenvalues --   -0.89459  -0.82586  -0.68190  -0.67409  -0.29744
 Alpha  occ. eigenvalues --   -0.19659
 Alpha virt. eigenvalues --   -0.14126   0.04322   0.52035   0.53177   1.02389
 Alpha virt. eigenvalues --    1.20429
          Condensed to atoms (all electrons):
               1          2          3          4          5          6
     1  H    0.919817  -0.001182   0.197571   0.240782   0.000183  -0.028328
     2  H   -0.001182   0.617299   0.001720  -0.040399  -0.032360   0.493021
     3  H    0.197571   0.001720   1.009749  -0.025643  -0.000011  -0.000850
     4  H    0.240782  -0.040399  -0.025643   1.019010   0.000636  -0.039749
     5  H    0.000183  -0.032360  -0.000011   0.000636   1.068997  -0.031889
     6  H   -0.028328   0.493021  -0.000850  -0.039749  -0.031889   0.606896
     7  H   -0.397501  -0.031516  -0.182867   0.258524   0.000241  -0.003119
     8  H   -0.013821   0.000639   0.258524  -0.045043  -0.000026   0.000657
     9  H    0.001364  -0.000014  -0.003119   0.000657   0.000004  -0.000021
    10  H   -0.000008   0.000004   0.000241  -0.000026  -0.000001   0.000004
    11  H   -0.000762  -0.000020  -0.031516   0.000639   0.000004  -0.000014
    12  H   -0.110148  -0.000762  -0.397501  -0.013821  -0.000008   0.001364
               7          8          9         10         11         12
     1  H   -0.397501  -0.013821   0.001364  -0.000008  -0.000762  -0.110148
     2  H   -0.031516   0.000639  -0.000014   0.000004  -0.000020  -0.000762
     3  H   -0.182867   0.258524  -0.003119   0.000241  -0.031516  -0.397501
     4  H    0.258524  -0.045043   0.000657  -0.000026   0.000639  -0.013821
     5  H    0.000241  -0.000026   0.000004  -0.000001   0.000004  -0.000008
     6  H   -0.003119   0.000657  -0.000021   0.000004  -0.000014   0.001364
     7  H    1.009749  -0.025643  -0.000850  -0.000011   0.001720   0.197571
     8  H   -0.025643   1.019010  -0.039749   0.000636  -0.040399   0.240782
     9  H   -0.000850  -0.039749   0.606896  -0.031889   0.493021  -0.028328
    10  H   -0.000011   0.000636  -0.031889   1.068997  -0.032360   0.000183
    11  H    0.001720  -0.040399   0.493021  -0.032360   0.617299  -0.001182
    12  H    0.197571   0.240782  -0.028328   0.000183  -0.001182   0.919817
 Mulliken charges:
               1
     1  H    0.192031
     2  H   -0.006428
     3  H    0.173702
     4  H   -0.355565
     5  H   -0.005769
     6  H    0.002029
     7  H    0.173702
     8  H   -0.355565
     9  H    0.002029
    10  H   -0.005769
    11  H   -0.006428
    12  H    0.192031
 Sum of Mulliken charges =  -0.00000
 Mulliken charges with hydrogens summed into heavy atoms:
               1
 Electronic spatial extent (au):  <R**2>=            345.0857
 Charge=             -0.0000 electrons
 Dipole moment (field-independent basis, Debye):
    X=              0.0000    Y=              0.0000    Z=             -0.0000  Tot=              0.0000
 Quadrupole moment (field-independent basis, Debye-Ang):
   XX=            -16.2109   YY=            -19.6675   ZZ=            -15.4679
   XY=              0.8990   XZ=             -0.0000   YZ=              0.0000
 Traceless Quadrupole moment (field-independent basis, Debye-Ang):
   XX=              0.9045   YY=             -2.5521   ZZ=              1.6476
   XY=              0.8990   XZ=             -0.0000   YZ=              0.0000
 Octapole moment (field-independent basis, Debye-Ang**2):
  XXX=              0.0000  YYY=             -0.0000  ZZZ=             -0.0000  XYY=              0.0000
  XXY=             -0.0000  XXZ=             -0.0000  XZZ=              0.0000  YZZ=             -0.0000
  YYZ=             -0.0000  XYZ=             -0.0000
 Hexadecapole moment (field-independent basis, Debye-Ang**3):
 XXXX=            -44.0858 YYYY=           -832.4590 ZZZZ=            -18.7261 XXXY=             34.5391
 XXXZ=             -0.0000 YYYX=             56.8533 YYYZ=              0.0000 ZZZX=             -0.0000
 ZZZY=              0.0000 XXYY=           -119.5919 XXZZ=            -10.4522 YYZZ=           -117.2230
 XXYZ=              0.0000 YYXZ=             -0.0000 ZZXY=             11.8716
 N-N= 1.646446740757D+01 E-N=-4.289633088762D+01  KE= 6.328436836377D+00
 Symmetry AG   KE= 1.607937016639D+00
 Symmetry BG   KE= 0.000000000000D+00
 Symmetry AU   KE= 0.000000000000D+00
 Symmetry BU   KE= 4.720499819738D+00

 Test job not archived.
 1\1\GINC-SULU\Stability\RHF\Gen\H12\LCJ1\17-Feb-2017\0\\#rhf/gen scf(s
 ymm,tight,novaracc,noincfock,fulldiag) stable(crhf) guess=read geom=no
 crowd test\\hf stability analysis of h12 triangular lattice, y= 0.3023
 9593556098865\\0,1\H\H,1,1.9330518191\H,1,1.9330518191,2,162.\H,2,1.93
 30518191,1,18.,3,0.,0\H,2,1.9330518191,1,180.,3,0.,0\H,4,1.9330518191,
 3,180.,5,0.,0\H,6,1.9330518191,5,180.,3,0.,0\H,4,1.9330518191,2,180.,3
 ,0.,0\H,3,1.9330518191,1,180.,4,0.,0\H,9,1.9330518191,3,180.,4,0.,0\H,
 8,1.9330518191,4,180.,3,0.,0\H,7,1.9330518191,6,180.,3,0.,0\\Version=E
 S64L-G09RevE.01\State=1-AG\HF=-5.3899635\MP2=-6.2120582\RMSD=3.139e-09
 \Dipole=0.,0.,0.\Quadrupole=0.8199348,1.224918,-2.0448528,0.,0.2145706
 ,0.\PG=C02H [SGH(H12)]\\@


 ALMOST ALL THE CHEMICAL PROCESSES WHICH OCCUR IN NATURE,
 WHETHER IN ANIMAL OR VEGETABLE ORGANISMS,
 OR IN THE NON-LIVING SURFACE OF THE EARTH ... 
 TAKE PLACE BETWEEN SUBSTANCES IN SOLUTION

                                    -- W. OSTWALD, 1890
 Job cpu time:       0 days  0 hours  0 minutes  1.0 seconds.
 File lengths (MBytes):  RWF=     84 Int=      0 D2E=      0 Chk=      2 Scr=      2
 Normal termination of Gaussian 09 at Fri Feb 17 14:53:17 2017.
