 Entering Gaussian System, Link 0=g09
 AtFile(1): H.gbs
            H     0
            S   10   1.00
               1000.000000000000            0.000068713567
                316.227766000000            0.000169141320
                100.000000000000            0.000823394812
                 31.622776600000            0.003425569236
                 10.000000000000            0.013951996000
                  3.162277660000            0.056909313560
                  1.000000000000            0.198286399900
                  0.316227766000            0.496922426700
                  0.100000000000            0.369846276400
                  0.031622776600            0.003752720039
            ****
 Initial command:
 /projects/guscus/apps/gau/g09-e1/g09/l1.exe "/users/lcj1/gaussian/h12/rhfstability/rect/guess/ag2bu4/Gau-25583.inp" -scrdir="/users/lcj1/gaussian/h12/rhfstability/rect/guess/ag2bu4/"
 Entering Link 1 = /projects/guscus/apps/gau/g09-e1/g09/l1.exe PID=     25585.
  
 Copyright (c) 1988,1990,1992,1993,1995,1998,2003,2009,2015,
            Gaussian, Inc.  All Rights Reserved.
  
 This is part of the Gaussian(R) 09 program.  It is based on
 the Gaussian(R) 03 system (copyright 2003, Gaussian, Inc.),
 the Gaussian(R) 98 system (copyright 1998, Gaussian, Inc.),
 the Gaussian(R) 94 system (copyright 1995, Gaussian, Inc.),
 the Gaussian 92(TM) system (copyright 1992, Gaussian, Inc.),
 the Gaussian 90(TM) system (copyright 1990, Gaussian, Inc.),
 the Gaussian 88(TM) system (copyright 1988, Gaussian, Inc.),
 the Gaussian 86(TM) system (copyright 1986, Carnegie Mellon
 University), and the Gaussian 82(TM) system (copyright 1983,
 Carnegie Mellon University). Gaussian is a federally registered
 trademark of Gaussian, Inc.
  
 This software contains proprietary and confidential information,
 including trade secrets, belonging to Gaussian, Inc.
  
 This software is provided under written license and may be
 used, copied, transmitted, or stored only in accord with that
 written license.
  
 The following legend is applicable only to US Government
 contracts under FAR:
  
                    RESTRICTED RIGHTS LEGEND
  
 Use, reproduction and disclosure by the US Government is
 subject to restrictions as set forth in subparagraphs (a)
 and (c) of the Commercial Computer Software - Restricted
 Rights clause in FAR 52.227-19.
  
 Gaussian, Inc.
 340 Quinnipiac St., Bldg. 40, Wallingford CT 06492
  
  
 ---------------------------------------------------------------
 Warning -- This program may not be used in any manner that
 competes with the business of Gaussian, Inc. or will provide
 assistance to any competitor of Gaussian, Inc.  The licensee
 of this program is prohibited from giving any competitor of
 Gaussian, Inc. access to this program.  By using this program,
 the user acknowledges that Gaussian, Inc. is engaged in the
 business of creating and licensing software in the field of
 computational chemistry and represents and warrants to the
 licensee that it is not a competitor of Gaussian, Inc. and that
 it will not use this program in any manner prohibited above.
 ---------------------------------------------------------------
  

 Cite this work as:
 Gaussian 09, Revision E.01,
 M. J. Frisch, G. W. Trucks, H. B. Schlegel, G. E. Scuseria, 
 M. A. Robb, J. R. Cheeseman, G. Scalmani, V. Barone, B. Mennucci, 
 G. A. Petersson, H. Nakatsuji, M. Caricato, X. Li, H. P. Hratchian, 
 A. F. Izmaylov, J. Bloino, G. Zheng, J. L. Sonnenberg, M. Hada, 
 M. Ehara, K. Toyota, R. Fukuda, J. Hasegawa, M. Ishida, T. Nakajima, 
 Y. Honda, O. Kitao, H. Nakai, T. Vreven, J. A. Montgomery, Jr., 
 J. E. Peralta, F. Ogliaro, M. Bearpark, J. J. Heyd, E. Brothers, 
 K. N. Kudin, V. N. Staroverov, T. Keith, R. Kobayashi, J. Normand, 
 K. Raghavachari, A. Rendell, J. C. Burant, S. S. Iyengar, J. Tomasi, 
 M. Cossi, N. Rega, J. M. Millam, M. Klene, J. E. Knox, J. B. Cross, 
 V. Bakken, C. Adamo, J. Jaramillo, R. Gomperts, R. E. Stratmann, 
 O. Yazyev, A. J. Austin, R. Cammi, C. Pomelli, J. W. Ochterski, 
 R. L. Martin, K. Morokuma, V. G. Zakrzewski, G. A. Voth, 
 P. Salvador, J. J. Dannenberg, S. Dapprich, A. D. Daniels, 
 O. Farkas, J. B. Foresman, J. V. Ortiz, J. Cioslowski, 
 and D. J. Fox, Gaussian, Inc., Wallingford CT, 2013.
 
 ******************************************
 Gaussian 09:  ES64L-G09RevE.01 30-Nov-2015
                17-Feb-2017 
 ******************************************
 %chk=h12.chk
 ----------------------------------------------------------------------
 #rhf/gen scf(symm,tight,novaracc,noincfock,fulldiag) stable(crhf) gues
 s=read geom=nocrowd test
 ----------------------------------------------------------------------
 1/38=1/1;
 2/12=1,17=6,18=5,40=1/2;
 3/5=7,16=1,25=1,30=1,116=1/1,2,3;
 4/5=1,9=4/1;
 5/5=100002,15=2,16=1,32=2,38=6/2;
 8/6=1,10=90,11=11/1,4;
 9/8=4,13=1/2;
 6/7=2,8=2,9=2,10=2,28=1/1;
 99/5=1,9=1/99;
 ----------------------------------------------------------------------
 hf stability analysis of h12 triangular lattice, y= 0.7565274741654608
 4
 ----------------------------------------------------------------------
 Symbolic Z-matrix:
 Charge =  0 Multiplicity = 1
 H
 H                    1     1.07459 
 H                    1     1.07459  2     90.5 
 H                    2     1.07459  1     89.5     3     0.       0
 H                    2     1.07459  1     180.     3     0.       0
 H                    4     1.07459  3     180.     5     0.       0
 H                    6     1.07459  5     180.     3     0.       0
 H                    4     1.07459  2     180.     3     0.       0
 H                    3     1.07459  1     180.     4     0.       0
 H                    9     1.07459  3     180.     4     0.       0
 H                    8     1.07459  4     180.     3     0.       0
 H                    7     1.07459  6     180.     3     0.       0
 
                          Input orientation:                          
 ---------------------------------------------------------------------
 Center     Atomic      Atomic             Coordinates (Angstroms)
 Number     Number       Type             X           Y           Z
 ---------------------------------------------------------------------
      1          1           0        0.000000    0.000000    0.000000
      2          1           0        0.000000    0.000000    1.074590
      3          1           0        1.074549    0.000000   -0.009377
      4          1           0        1.074549    0.000000    1.065213
      5          1           0        0.000000    0.000000    2.149181
      6          1           0        1.074549    0.000000    2.139803
      7          1           0        2.149099    0.000000    2.130426
      8          1           0        2.149099    0.000000    1.055835
      9          1           0        2.149099    0.000000   -0.018755
     10          1           0        3.223648    0.000000   -0.028132
     11          1           0        3.223648    0.000000    1.046458
     12          1           0        3.223648    0.000000    2.121048
 ---------------------------------------------------------------------
                    Distance matrix (angstroms):
                    1          2          3          4          5
     1  H    0.000000
     2  H    1.074590   0.000000
     3  H    1.074590   1.526317   0.000000
     4  H    1.513055   1.074590   1.074590   0.000000
     5  H    2.149181   1.074590   2.411230   1.526317   0.000000
     6  H    2.394455   1.513055   2.149181   1.074590   1.074590
     7  H    3.026110   2.394455   2.394455   1.513055   2.149181
     8  H    2.394455   2.149181   1.513055   1.074590   2.411230
     9  H    2.149181   2.411230   1.074590   1.526317   3.052634
    10  H    3.223771   3.407038   2.149181   2.411230   3.890064
    11  H    3.389245   3.223771   2.394455   2.149181   3.407038
    12  H    3.858854   3.389245   3.026110   2.394455   3.223771
                    6          7          8          9         10
     6  H    0.000000
     7  H    1.074590   0.000000
     8  H    1.526317   1.074590   0.000000
     9  H    2.411230   2.149181   1.074590   0.000000
    10  H    3.052634   2.411230   1.526317   1.074590   0.000000
    11  H    2.411230   1.526317   1.074590   1.513055   1.074590
    12  H    2.149181   1.074590   1.513055   2.394455   2.149181
                   11         12
    11  H    0.000000
    12  H    1.074590   0.000000
 Stoichiometry    H12
 Framework group  C2H[SGH(H12)]
 Deg. of freedom    11
 Full point group                 C2H     NOp   4
 Largest Abelian subgroup         C2H     NOp   4
 Largest concise Abelian subgroup C2      NOp   2
                         Standard orientation:                         
 ---------------------------------------------------------------------
 Center     Atomic      Atomic             Coordinates (Angstroms)
 Number     Number       Type             X           Y           Z
 ---------------------------------------------------------------------
      1          1           0        1.074549    1.602508    0.000000
      2          1           0        0.000000    1.611886   -0.000000
      3          1           0        1.074549    0.527918    0.000000
      4          1           0        0.000000    0.537295   -0.000000
      5          1           0       -1.074549    1.621263   -0.000000
      6          1           0       -1.074549    0.546673   -0.000000
      7          1           0       -1.074549   -0.527918    0.000000
      8          1           0       -0.000000   -0.537295   -0.000000
      9          1           0        1.074549   -0.546673   -0.000000
     10          1           0        1.074549   -1.621263   -0.000000
     11          1           0       -0.000000   -1.611886   -0.000000
     12          1           0       -1.074549   -1.602508    0.000000
 ---------------------------------------------------------------------
 Rotational constants (GHZ):     54.2908978     28.9479024     18.8807096
 General basis read from cards:  (5D, 7F)
 There are     6 symmetry adapted cartesian basis functions of AG  symmetry.
 There are     0 symmetry adapted cartesian basis functions of BG  symmetry.
 There are     0 symmetry adapted cartesian basis functions of AU  symmetry.
 There are     6 symmetry adapted cartesian basis functions of BU  symmetry.
 There are     6 symmetry adapted basis functions of AG  symmetry.
 There are     0 symmetry adapted basis functions of BG  symmetry.
 There are     0 symmetry adapted basis functions of AU  symmetry.
 There are     6 symmetry adapted basis functions of BU  symmetry.
    12 basis functions,   120 primitive gaussians,    12 cartesian basis functions
     6 alpha electrons        6 beta electrons
       nuclear repulsion energy        20.1806730019 Hartrees.
 NAtoms=   12 NActive=   12 NUniq=    6 SFac= 4.00D+00 NAtFMM=   60 NAOKFM=F Big=F
 Integral buffers will be    131072 words long.
 Regular integral format.
 Two-electron integral symmetry is turned on.
 One-electron integrals computed using PRISM.
 NBasis=    12 RedAO= T EigKep=  1.07D-01  NBF=     6     0     0     6
 NBsUse=    12 1.00D-06 EigRej= -1.00D+00 NBFU=     6     0     0     6
 Initial guess from the checkpoint file:  "h12.chk"
 B after Tr=    -0.000000    0.000000   -0.000000
         Rot=    0.999999   -0.000000   -0.000000   -0.001518 Ang=  -0.17 deg.
 Initial guess orbital symmetries:
       Occupied  (AG) (BU) (BU) (AG) (BU) (BU)
       Virtual   (AG) (AG) (BU) (AG) (AG) (BU)
 Keep R1 ints in memory in symmetry-blocked form, NReq=903574.
 Requested convergence on RMS density matrix=1.00D-08 within 128 cycles.
 Requested convergence on MAX density matrix=1.00D-06.
 Requested convergence on             energy=1.00D-06.
 No special actions if energy rises.
 SCF Done:  E(RHF) =  -5.02322207896     A.U. after   11 cycles
            NFock= 11  Conv=0.98D-09     -V/T= 1.6591
 Range of M.O.s used for correlation:     1    12
 NBasis=    12 NAE=     6 NBE=     6 NFC=     0 NFV=     0
 NROrb=     12 NOA=     6 NOB=     6 NVA=     6 NVB=     6

 **** Warning!!: The smallest alpha delta epsilon is -0.85976563D-01

 Semi-Direct transformation.
 ModeAB=           4 MOrb=             6 LenV=     134084213
 LASXX=         2181 LTotXX=        2181 LenRXX=        5115
 LTotAB=        2934 MaxLAS=        3024 LenRXY=           0
 NonZer=        7296 LenScr=      655360 LnRSAI=        3024
 LnScr1=      655360 LExtra=           0 Total=      1318859
 MaxDsk=          -1 SrtSym=           T ITran=            3
 JobTyp=0 Pass  1:  I=   1 to   6.
 (rs|ai) integrals will be sorted in core.
 Spin components of T(2) and E(2):
     alpha-alpha T2 =       0.1431633456D-01 E2=     -0.1652746961D-01
     alpha-beta  T2 =       0.6802039875D+00 E2=     -0.1109249702D+00
     beta-beta   T2 =       0.1431633456D-01 E2=     -0.1652746961D-01
 ANorm=    0.1307224792D+01
 E2 =    -0.1439799095D+00 EUMP2 =    -0.51672019884127D+01
 Second order stability test of a single determinant RHF wave function:
 Stabil:  MDV=134217728
 ***********************************************************************
 Matrix         Lowest Root    Major Pairs
 ***********************************************************************
 Internal RHF    -0.3164009    6A=7A
 RRHF --> CRHF   -0.3553474    6A=7A
 RRHF --> RUHF   -0.5174803    5A=7B
 Not stable.
 ***********************************************************************

 **********************************************************************

            Population analysis using the SCF density.

 **********************************************************************

 Orbital symmetries:
       Occupied  (AG) (BU) (BU) (AG) (BU) (BU)
       Virtual   (AG) (AG) (BU) (AG) (AG) (BU)
 The electronic state is 1-AG.
 Alpha  occ. eigenvalues --   -0.90365  -0.72277  -0.60804  -0.49416  -0.14771
 Alpha  occ. eigenvalues --   -0.13555
 Alpha virt. eigenvalues --   -0.22153   0.06411   0.28582   0.46374   0.58535
 Alpha virt. eigenvalues --    1.00994
          Condensed to atoms (all electrons):
               1          2          3          4          5          6
     1  H    1.331205   0.367434  -0.455786  -0.243566  -0.067518  -0.001336
     2  H    0.367434   0.881527  -0.155722  -0.370093   0.368956  -0.150785
     3  H   -0.455786  -0.155722   1.179861   0.603683  -0.000127   0.003020
     4  H   -0.243566  -0.370093   0.603683   1.878706  -0.243943   0.600077
     5  H   -0.067518   0.368956  -0.000127  -0.243943   1.346451  -0.444384
     6  H   -0.001336  -0.150785   0.003020   0.600077  -0.444384   1.138718
     7  H    0.031724   0.011953  -0.119811  -0.247707  -0.045671   0.152222
     8  H    0.049752   0.049860  -0.247707  -0.782880   0.048200  -0.247739
     9  H   -0.038890   0.012515   0.152222  -0.247739   0.029793  -0.115117
    10  H    0.033041  -0.001334  -0.045671   0.048200  -0.014601   0.029793
    11  H   -0.002011   0.000284   0.011953   0.049860  -0.001334   0.012515
    12  H   -0.015586  -0.002011   0.031724   0.049752   0.033041  -0.038890
               7          8          9         10         11         12
     1  H    0.031724   0.049752  -0.038890   0.033041  -0.002011  -0.015586
     2  H    0.011953   0.049860   0.012515  -0.001334   0.000284  -0.002011
     3  H   -0.119811  -0.247707   0.152222  -0.045671   0.011953   0.031724
     4  H   -0.247707  -0.782880  -0.247739   0.048200   0.049860   0.049752
     5  H   -0.045671   0.048200   0.029793  -0.014601  -0.001334   0.033041
     6  H    0.152222  -0.247739  -0.115117   0.029793   0.012515  -0.038890
     7  H    1.179861   0.603683   0.003020  -0.000127  -0.155722  -0.455786
     8  H    0.603683   1.878706   0.600077  -0.243943  -0.370093  -0.243566
     9  H    0.003020   0.600077   1.138718  -0.444384  -0.150785  -0.001336
    10  H   -0.000127  -0.243943  -0.444384   1.346451   0.368956  -0.067518
    11  H   -0.155722  -0.370093  -0.150785   0.368956   0.881527   0.367434
    12  H   -0.455786  -0.243566  -0.001336  -0.067518   0.367434   1.331205
 Mulliken charges:
               1
     1  H    0.011536
     2  H   -0.012585
     3  H    0.042359
     4  H   -0.094352
     5  H   -0.008864
     6  H    0.061906
     7  H    0.042359
     8  H   -0.094352
     9  H    0.061906
    10  H   -0.008864
    11  H   -0.012585
    12  H    0.011536
 Sum of Mulliken charges =  -0.00000
 Mulliken charges with hydrogens summed into heavy atoms:
               1
 Electronic spatial extent (au):  <R**2>=            132.7438
 Charge=             -0.0000 electrons
 Dipole moment (field-independent basis, Debye):
    X=             -0.0000    Y=              0.0000    Z=              0.0000  Tot=              0.0000
 Quadrupole moment (field-independent basis, Debye-Ang):
   XX=            -12.2609   YY=            -24.2932   ZZ=            -14.4219
   XY=              0.2244   XZ=              0.0000   YZ=              0.0000
 Traceless Quadrupole moment (field-independent basis, Debye-Ang):
   XX=              4.7311   YY=             -7.3012   ZZ=              2.5701
   XY=              0.2244   XZ=              0.0000   YZ=              0.0000
 Octapole moment (field-independent basis, Debye-Ang**2):
  XXX=             -0.0000  YYY=              0.0000  ZZZ=              0.0000  XYY=             -0.0000
  XXY=             -0.0000  XXZ=              0.0000  XZZ=             -0.0000  YZZ=             -0.0000
  YYZ=              0.0000  XYZ=              0.0000
 Hexadecapole moment (field-independent basis, Debye-Ang**3):
 XXXX=            -76.4801 YYYY=           -226.0628 ZZZZ=            -16.6592 XXXY=              0.7066
 XXXZ=             -0.0000 YYYX=              1.5503 YYYZ=              0.0000 ZZZX=             -0.0000
 ZZZY=             -0.0000 XXYY=            -45.2423 XXZZ=            -16.3889 YYZZ=            -30.7134
 XXYZ=              0.0000 YYXZ=             -0.0000 ZZXY=              0.1673
 N-N= 2.018067300194D+01 E-N=-5.200559420538D+01  KE= 7.621568122310D+00
 Symmetry AG   KE= 1.705548624180D+00
 Symmetry BG   KE= 0.000000000000D+00
 Symmetry AU   KE= 0.000000000000D+00
 Symmetry BU   KE= 5.916019498130D+00

 Test job not archived.
 1\1\GINC-SULU\Stability\RHF\Gen\H12\LCJ1\17-Feb-2017\0\\#rhf/gen scf(s
 ymm,tight,novaracc,noincfock,fulldiag) stable(crhf) guess=read geom=no
 crowd test\\hf stability analysis of h12 triangular lattice, y= 0.7565
 2747416546084\\0,1\H\H,1,1.0745903904\H,1,1.0745903904,2,90.5\H,2,1.07
 45903904,1,89.5,3,0.,0\H,2,1.0745903904,1,180.,3,0.,0\H,4,1.0745903904
 ,3,180.,5,0.,0\H,6,1.0745903904,5,180.,3,0.,0\H,4,1.0745903904,2,180.,
 3,0.,0\H,3,1.0745903904,1,180.,4,0.,0\H,9,1.0745903904,3,180.,4,0.,0\H
 ,8,1.0745903904,4,180.,3,0.,0\H,7,1.0745903904,6,180.,3,0.,0\\Version=
 ES64L-G09RevE.01\State=1-AG\HF=-5.0232221\MP2=-5.167202\RMSD=9.805e-10
 \Dipole=0.,0.,0.\Quadrupole=-5.4246882,1.9108214,3.5138668,0.,0.244859
 2,0.\PG=C02H [SGH(H12)]\\@


 THE WORLD IS NOT A HAMBURGER - YOU CAN'T HAVE IT YOUR WAY.
 Job cpu time:       0 days  0 hours  0 minutes  1.1 seconds.
 File lengths (MBytes):  RWF=     84 Int=      0 D2E=      0 Chk=      2 Scr=      2
 Normal termination of Gaussian 09 at Fri Feb 17 15:00:36 2017.
