 Entering Gaussian System, Link 0=g09
 AtFile(1): H.gbs
            H     0
            S   10   1.00
               1000.000000000000            0.000068713567
                316.227766000000            0.000169141320
                100.000000000000            0.000823394812
                 31.622776600000            0.003425569236
                 10.000000000000            0.013951996000
                  3.162277660000            0.056909313560
                  1.000000000000            0.198286399900
                  0.316227766000            0.496922426700
                  0.100000000000            0.369846276400
                  0.031622776600            0.003752720039
            ****
 Initial command:
 /projects/guscus/apps/gau/g09-e1/g09/l1.exe "/users/lcj1/gaussian/h12/rhfstability/rect/guess/ag2bu4/Gau-11872.inp" -scrdir="/users/lcj1/gaussian/h12/rhfstability/rect/guess/ag2bu4/"
 Entering Link 1 = /projects/guscus/apps/gau/g09-e1/g09/l1.exe PID=     11873.
  
 Copyright (c) 1988,1990,1992,1993,1995,1998,2003,2009,2015,
            Gaussian, Inc.  All Rights Reserved.
  
 This is part of the Gaussian(R) 09 program.  It is based on
 the Gaussian(R) 03 system (copyright 2003, Gaussian, Inc.),
 the Gaussian(R) 98 system (copyright 1998, Gaussian, Inc.),
 the Gaussian(R) 94 system (copyright 1995, Gaussian, Inc.),
 the Gaussian 92(TM) system (copyright 1992, Gaussian, Inc.),
 the Gaussian 90(TM) system (copyright 1990, Gaussian, Inc.),
 the Gaussian 88(TM) system (copyright 1988, Gaussian, Inc.),
 the Gaussian 86(TM) system (copyright 1986, Carnegie Mellon
 University), and the Gaussian 82(TM) system (copyright 1983,
 Carnegie Mellon University). Gaussian is a federally registered
 trademark of Gaussian, Inc.
  
 This software contains proprietary and confidential information,
 including trade secrets, belonging to Gaussian, Inc.
  
 This software is provided under written license and may be
 used, copied, transmitted, or stored only in accord with that
 written license.
  
 The following legend is applicable only to US Government
 contracts under FAR:
  
                    RESTRICTED RIGHTS LEGEND
  
 Use, reproduction and disclosure by the US Government is
 subject to restrictions as set forth in subparagraphs (a)
 and (c) of the Commercial Computer Software - Restricted
 Rights clause in FAR 52.227-19.
  
 Gaussian, Inc.
 340 Quinnipiac St., Bldg. 40, Wallingford CT 06492
  
  
 ---------------------------------------------------------------
 Warning -- This program may not be used in any manner that
 competes with the business of Gaussian, Inc. or will provide
 assistance to any competitor of Gaussian, Inc.  The licensee
 of this program is prohibited from giving any competitor of
 Gaussian, Inc. access to this program.  By using this program,
 the user acknowledges that Gaussian, Inc. is engaged in the
 business of creating and licensing software in the field of
 computational chemistry and represents and warrants to the
 licensee that it is not a competitor of Gaussian, Inc. and that
 it will not use this program in any manner prohibited above.
 ---------------------------------------------------------------
  

 Cite this work as:
 Gaussian 09, Revision E.01,
 M. J. Frisch, G. W. Trucks, H. B. Schlegel, G. E. Scuseria, 
 M. A. Robb, J. R. Cheeseman, G. Scalmani, V. Barone, B. Mennucci, 
 G. A. Petersson, H. Nakatsuji, M. Caricato, X. Li, H. P. Hratchian, 
 A. F. Izmaylov, J. Bloino, G. Zheng, J. L. Sonnenberg, M. Hada, 
 M. Ehara, K. Toyota, R. Fukuda, J. Hasegawa, M. Ishida, T. Nakajima, 
 Y. Honda, O. Kitao, H. Nakai, T. Vreven, J. A. Montgomery, Jr., 
 J. E. Peralta, F. Ogliaro, M. Bearpark, J. J. Heyd, E. Brothers, 
 K. N. Kudin, V. N. Staroverov, T. Keith, R. Kobayashi, J. Normand, 
 K. Raghavachari, A. Rendell, J. C. Burant, S. S. Iyengar, J. Tomasi, 
 M. Cossi, N. Rega, J. M. Millam, M. Klene, J. E. Knox, J. B. Cross, 
 V. Bakken, C. Adamo, J. Jaramillo, R. Gomperts, R. E. Stratmann, 
 O. Yazyev, A. J. Austin, R. Cammi, C. Pomelli, J. W. Ochterski, 
 R. L. Martin, K. Morokuma, V. G. Zakrzewski, G. A. Voth, 
 P. Salvador, J. J. Dannenberg, S. Dapprich, A. D. Daniels, 
 O. Farkas, J. B. Foresman, J. V. Ortiz, J. Cioslowski, 
 and D. J. Fox, Gaussian, Inc., Wallingford CT, 2013.
 
 ******************************************
 Gaussian 09:  ES64L-G09RevE.01 30-Nov-2015
                17-Feb-2017 
 ******************************************
 %chk=h12.chk
 ----------------------------------------------------------------------
 #rhf/gen scf(symm,tight,novaracc,noincfock,fulldiag) stable(crhf) gues
 s=read geom=nocrowd test
 ----------------------------------------------------------------------
 1/38=1/1;
 2/12=1,17=6,18=5,40=1/2;
 3/5=7,16=1,25=1,30=1,116=1/1,2,3;
 4/5=1,9=4/1;
 5/5=100002,15=2,16=1,32=2,38=6/2;
 8/6=1,10=90,11=11/1,4;
 9/8=4,13=1/2;
 6/7=2,8=2,9=2,10=2,28=1/1;
 99/5=1,9=1/99;
 ----------------------------------------------------------------------
 hf stability analysis of h12 triangular lattice, y= 2.2086216254199424
 ----------------------------------------------------------------------
 Symbolic Z-matrix:
 Charge =  0 Multiplicity = 1
 H
 H                    1     2.22404 
 H                    1     2.22404  2     13.5 
 H                    2     2.22404  1     166.5    3     0.       0
 H                    2     2.22404  1     180.     3     0.       0
 H                    4     2.22404  3     180.     5     0.       0
 H                    6     2.22404  5     180.     3     0.       0
 H                    4     2.22404  2     180.     3     0.       0
 H                    3     2.22404  1     180.     4     0.       0
 H                    9     2.22404  3     180.     4     0.       0
 H                    8     2.22404  4     180.     3     0.       0
 H                    7     2.22404  6     180.     3     0.       0
 
                          Input orientation:                          
 ---------------------------------------------------------------------
 Center     Atomic      Atomic             Coordinates (Angstroms)
 Number     Number       Type             X           Y           Z
 ---------------------------------------------------------------------
      1          1           0        0.000000    0.000000    0.000000
      2          1           0        0.000000    0.000000    2.224038
      3          1           0        0.519191    0.000000    2.162587
      4          1           0        0.519191    0.000000    4.386625
      5          1           0        0.000000    0.000000    4.448075
      6          1           0        0.519191    0.000000    6.610663
      7          1           0        1.038383    0.000000    8.773250
      8          1           0        1.038383    0.000000    6.549212
      9          1           0        1.038383    0.000000    4.325175
     10          1           0        1.557574    0.000000    6.487762
     11          1           0        1.557574    0.000000    8.711799
     12          1           0        1.557574    0.000000   10.935837
 ---------------------------------------------------------------------
                    Distance matrix (angstroms):
                    1          2          3          4          5
     1  H    0.000000
     2  H    2.224038   0.000000
     3  H    2.224038   0.522815   0.000000
     4  H    4.417243   2.224038   2.224038   0.000000
     5  H    4.448075   2.224038   2.343718   0.522815   0.000000
     6  H    6.631019   4.417243   4.448075   2.224038   2.224038
     7  H    8.834486   6.631019   6.631019   4.417243   4.448075
     8  H    6.631019   4.448075   4.417243   2.224038   2.343718
     9  H    4.448075   2.343718   2.224038   0.522815   1.045630
    10  H    6.672113   4.539315   4.448075   2.343718   2.566390
    11  H    8.849943   6.672113   6.631019   4.448075   4.539315
    12  H   11.046202   8.849943   8.834486   6.631019   6.672113
                    6          7          8          9         10
     6  H    0.000000
     7  H    2.224038   0.000000
     8  H    0.522815   2.224038   0.000000
     9  H    2.343718   4.448075   2.224038   0.000000
    10  H    1.045630   2.343718   0.522815   2.224038   0.000000
    11  H    2.343718   0.522815   2.224038   4.417243   2.224038
    12  H    4.448075   2.224038   4.417243   6.631019   4.448075
                   11         12
    11  H    0.000000
    12  H    2.224038   0.000000
 Stoichiometry    H12
 Framework group  C2H[SGH(H12)]
 Deg. of freedom    11
 Full point group                 C2H     NOp   4
 Largest Abelian subgroup         C2H     NOp   4
 Largest concise Abelian subgroup C2      NOp   2
                         Standard orientation:                         
 ---------------------------------------------------------------------
 Center     Atomic      Atomic             Coordinates (Angstroms)
 Number     Number       Type             X           Y           Z
 ---------------------------------------------------------------------
      1          1           0        0.519191    5.498644   -0.000000
      2          1           0        0.000000    3.336056   -0.000000
      3          1           0        0.519191    3.274606   -0.000000
      4          1           0        0.000000    1.112019   -0.000000
      5          1           0       -0.519191    1.173469   -0.000000
      6          1           0       -0.519191   -1.050568   -0.000000
      7          1           0       -0.519191   -3.274606    0.000000
      8          1           0       -0.000000   -1.112019    0.000000
      9          1           0        0.519191    1.050568   -0.000000
     10          1           0        0.519191   -1.173469    0.000000
     11          1           0       -0.000000   -3.336056    0.000000
     12          1           0       -0.519191   -5.498644    0.000000
 ---------------------------------------------------------------------
 Rotational constants (GHZ):    352.0891586      4.4636607      4.4077805
 General basis read from cards:  (5D, 7F)
 There are     6 symmetry adapted cartesian basis functions of AG  symmetry.
 There are     0 symmetry adapted cartesian basis functions of BG  symmetry.
 There are     0 symmetry adapted cartesian basis functions of AU  symmetry.
 There are     6 symmetry adapted cartesian basis functions of BU  symmetry.
 There are     6 symmetry adapted basis functions of AG  symmetry.
 There are     0 symmetry adapted basis functions of BG  symmetry.
 There are     0 symmetry adapted basis functions of AU  symmetry.
 There are     6 symmetry adapted basis functions of BU  symmetry.
    12 basis functions,   120 primitive gaussians,    12 cartesian basis functions
     6 alpha electrons        6 beta electrons
       nuclear repulsion energy        16.1422445102 Hartrees.
 NAtoms=   12 NActive=   12 NUniq=    6 SFac= 4.00D+00 NAtFMM=   60 NAOKFM=F Big=F
 Integral buffers will be    131072 words long.
 Regular integral format.
 Two-electron integral symmetry is turned on.
 One-electron integrals computed using PRISM.
 NBasis=    12 RedAO= T EigKep=  4.13D-02  NBF=     6     0     0     6
 NBsUse=    12 1.00D-06 EigRej= -1.00D+00 NBFU=     6     0     0     6
 Initial guess from the checkpoint file:  "h12.chk"
 B after Tr=    -0.000000    0.000000   -0.000000
         Rot=    0.999999   -0.000000   -0.000000   -0.001518 Ang=  -0.17 deg.
 Initial guess orbital symmetries:
       Occupied  (AG) (BU) (AG) (BU) (BU) (BU)
       Virtual   (AG) (AG) (BU) (AG) (AG) (BU)
 Keep R1 ints in memory in symmetry-blocked form, NReq=893410.
 Requested convergence on RMS density matrix=1.00D-08 within 128 cycles.
 Requested convergence on MAX density matrix=1.00D-06.
 Requested convergence on             energy=1.00D-06.
 No special actions if energy rises.
 SCF Done:  E(RHF) =  -4.86656310870     A.U. after    6 cycles
            NFock=  6  Conv=0.29D-08     -V/T= 1.7520
 Range of M.O.s used for correlation:     1    12
 NBasis=    12 NAE=     6 NBE=     6 NFC=     0 NFV=     0
 NROrb=     12 NOA=     6 NOB=     6 NVA=     6 NVB=     6

 **** Warning!!: The smallest alpha delta epsilon is  0.47904200D-01

 Semi-Direct transformation.
 ModeAB=           4 MOrb=             6 LenV=     134095679
 LASXX=         2181 LTotXX=        2181 LenRXX=        5115
 LTotAB=        2934 MaxLAS=        3024 LenRXY=           0
 NonZer=        7296 LenScr=      655360 LnRSAI=        3024
 LnScr1=      655360 LExtra=           0 Total=      1318859
 MaxDsk=          -1 SrtSym=           T ITran=            3
 JobTyp=0 Pass  1:  I=   1 to   6.
 (rs|ai) integrals will be sorted in core.
 Spin components of T(2) and E(2):
     alpha-alpha T2 =       0.4705499969D-02 E2=     -0.3954716287D-02
     alpha-beta  T2 =       0.9324825661D+01 E2=     -0.9646603903D+00
     beta-beta   T2 =       0.4705499969D-02 E2=     -0.3954716287D-02
 ANorm=    0.3214690757D+01
 E2 =    -0.9725698228D+00 EUMP2 =    -0.58391329315416D+01
 Second order stability test of a single determinant RHF wave function:
 Stabil:  MDV=134217728
 ***********************************************************************
 Matrix         Lowest Root    Major Pairs
 ***********************************************************************
 Internal RHF    -0.0248598    5A=7A
 RRHF --> CRHF   -0.0249018    5A=7A
 RRHF --> RUHF   -0.5825902    6A=7B
 Not stable.
 ***********************************************************************

 **********************************************************************

            Population analysis using the SCF density.

 **********************************************************************

 Orbital symmetries:
       Occupied  (AG) (BU) (AG) (BU) (BU) (BU)
       Virtual   (AG) (AG) (BU) (AG) (AG) (BU)
 The electronic state is 1-AG.
 Alpha  occ. eigenvalues --   -0.91943  -0.89132  -0.70966  -0.70910  -0.23302
 Alpha  occ. eigenvalues --   -0.20471
 Alpha virt. eigenvalues --   -0.15680   0.05424   0.59017   0.59370   1.29771
 Alpha virt. eigenvalues --    1.43188
          Condensed to atoms (all electrons):
               1          2          3          4          5          6
     1  H    1.031674  -0.016367  -0.016302   0.000147   0.000029  -0.000001
     2  H   -0.016367   0.570080   0.482658  -0.019699   0.003860   0.000500
     3  H   -0.016302   0.482658   0.566797  -0.019612  -0.015737  -0.000354
     4  H    0.000147  -0.019699  -0.019612   1.212675   0.191610  -0.011629
     5  H    0.000029   0.003860  -0.015737   0.191610   1.128305   0.182501
     6  H   -0.000001   0.000500  -0.000354  -0.011629   0.182501   1.177343
     7  H    0.000000  -0.000001  -0.000002   0.000115   0.000433   0.003370
     8  H   -0.000002   0.000108   0.000115  -0.021891  -0.006183   0.198547
     9  H    0.000037  -0.016590   0.003370   0.198547  -0.631295  -0.165915
    10  H   -0.000000  -0.000324   0.000433  -0.006183  -0.118704  -0.631295
    11  H    0.000000  -0.000002  -0.000001   0.000108  -0.000324  -0.016590
    12  H   -0.000000   0.000000   0.000000  -0.000002  -0.000000   0.000037
               7          8          9         10         11         12
     1  H    0.000000  -0.000002   0.000037  -0.000000   0.000000  -0.000000
     2  H   -0.000001   0.000108  -0.016590  -0.000324  -0.000002   0.000000
     3  H   -0.000002   0.000115   0.003370   0.000433  -0.000001   0.000000
     4  H    0.000115  -0.021891   0.198547  -0.006183   0.000108  -0.000002
     5  H    0.000433  -0.006183  -0.631295  -0.118704  -0.000324  -0.000000
     6  H    0.003370   0.198547  -0.165915  -0.631295  -0.016590   0.000037
     7  H    0.566797  -0.019612  -0.000354  -0.015737   0.482658  -0.016302
     8  H   -0.019612   1.212675  -0.011629   0.191610  -0.019699   0.000147
     9  H   -0.000354  -0.011629   1.177343   0.182501   0.000500  -0.000001
    10  H   -0.015737   0.191610   0.182501   1.128305   0.003860   0.000029
    11  H    0.482658  -0.019699   0.000500   0.003860   0.570080  -0.016367
    12  H   -0.016302   0.000147  -0.000001   0.000029  -0.016367   1.031674
 Mulliken charges:
               1
     1  H    0.000785
     2  H   -0.004224
     3  H   -0.001366
     4  H   -0.524185
     5  H    0.265504
     6  H    0.263486
     7  H   -0.001366
     8  H   -0.524185
     9  H    0.263486
    10  H    0.265504
    11  H   -0.004224
    12  H    0.000785
 Sum of Mulliken charges =  -0.00000
 Mulliken charges with hydrogens summed into heavy atoms:
               1
 Electronic spatial extent (au):  <R**2>=            443.0338
 Charge=             -0.0000 electrons
 Dipole moment (field-independent basis, Debye):
    X=             -0.0000    Y=             -0.0000    Z=             -0.0000  Tot=              0.0000
 Quadrupole moment (field-independent basis, Debye-Ang):
   XX=            -16.5971   YY=            -17.3361   ZZ=            -15.5216
   XY=             -0.3230   XZ=             -0.0000   YZ=              0.0000
 Traceless Quadrupole moment (field-independent basis, Debye-Ang):
   XX=             -0.1122   YY=             -0.8512   ZZ=              0.9634
   XY=             -0.3230   XZ=             -0.0000   YZ=              0.0000
 Octapole moment (field-independent basis, Debye-Ang**2):
  XXX=              0.0000  YYY=             -0.0000  ZZZ=             -0.0000  XYY=             -0.0000
  XXY=              0.0000  XXZ=              0.0000  XZZ=              0.0000  YZZ=              0.0000
  YYZ=             -0.0000  XYZ=              0.0000
 Hexadecapole moment (field-independent basis, Debye-Ang**3):
 XXXX=            -39.3722 YYYY=          -1019.4997 ZZZZ=            -18.9194 XXXY=            -35.2064
 XXXZ=              0.0000 YYYX=            -48.1104 YYYZ=              0.0000 ZZZX=              0.0000
 ZZZY=              0.0000 XXYY=           -156.0414 XXZZ=             -9.6755 YYZZ=           -155.5037
 XXYZ=              0.0000 YYXZ=              0.0000 ZZXY=            -12.0905
 N-N= 1.614224451016D+01 E-N=-4.115497555343D+01  KE= 6.471831030527D+00
 Symmetry AG   KE= 1.678187119535D+00
 Symmetry BG   KE= 0.000000000000D+00
 Symmetry AU   KE= 0.000000000000D+00
 Symmetry BU   KE= 4.793643910992D+00

 Test job not archived.
 1\1\GINC-SULU\Stability\RHF\Gen\H12\LCJ1\17-Feb-2017\0\\#rhf/gen scf(s
 ymm,tight,novaracc,noincfock,fulldiag) stable(crhf) guess=read geom=no
 crowd test\\hf stability analysis of h12 triangular lattice, y= 2.2086
 216254199424\\0,1\H\H,1,2.2240376274\H,1,2.2240376274,2,13.5\H,2,2.224
 0376274,1,166.5,3,0.,0\H,2,2.2240376274,1,180.,3,0.,0\H,4,2.2240376274
 ,3,180.,5,0.,0\H,6,2.2240376274,5,180.,3,0.,0\H,4,2.2240376274,2,180.,
 3,0.,0\H,3,2.2240376274,1,180.,4,0.,0\H,9,2.2240376274,3,180.,4,0.,0\H
 ,8,2.2240376274,4,180.,3,0.,0\H,7,2.2240376274,6,180.,3,0.,0\\Version=
 ES64L-G09RevE.01\State=1-AG\HF=-4.8665631\MP2=-5.8391329\RMSD=2.881e-0
 9\Dipole=0.,0.,0.\Quadrupole=-0.0043055,0.7162324,-0.711927,0.,0.08923
 72,0.\PG=C02H [SGH(H12)]\\@


 Make no judgements where you have no compassion.
                               -- Anne McCaffrey
 Job cpu time:       0 days  0 hours  0 minutes  0.9 seconds.
 File lengths (MBytes):  RWF=     84 Int=      0 D2E=      0 Chk=      2 Scr=      2
 Normal termination of Gaussian 09 at Fri Feb 17 15:08:25 2017.
