 Entering Gaussian System, Link 0=g09
 AtFile(1): H.gbs
            H     0
            S   10   1.00
               1000.000000000000            0.000068713567
                316.227766000000            0.000169141320
                100.000000000000            0.000823394812
                 31.622776600000            0.003425569236
                 10.000000000000            0.013951996000
                  3.162277660000            0.056909313560
                  1.000000000000            0.198286399900
                  0.316227766000            0.496922426700
                  0.100000000000            0.369846276400
                  0.031622776600            0.003752720039
            ****
 Initial command:
 /projects/guscus/apps/gau/g09-e1/g09/l1.exe "/users/lcj1/gaussian/h12/rhfstability/rect/guess/ag2bu4/Gau-21195.inp" -scrdir="/users/lcj1/gaussian/h12/rhfstability/rect/guess/ag2bu4/"
 Entering Link 1 = /projects/guscus/apps/gau/g09-e1/g09/l1.exe PID=     21196.
  
 Copyright (c) 1988,1990,1992,1993,1995,1998,2003,2009,2015,
            Gaussian, Inc.  All Rights Reserved.
  
 This is part of the Gaussian(R) 09 program.  It is based on
 the Gaussian(R) 03 system (copyright 2003, Gaussian, Inc.),
 the Gaussian(R) 98 system (copyright 1998, Gaussian, Inc.),
 the Gaussian(R) 94 system (copyright 1995, Gaussian, Inc.),
 the Gaussian 92(TM) system (copyright 1992, Gaussian, Inc.),
 the Gaussian 90(TM) system (copyright 1990, Gaussian, Inc.),
 the Gaussian 88(TM) system (copyright 1988, Gaussian, Inc.),
 the Gaussian 86(TM) system (copyright 1986, Carnegie Mellon
 University), and the Gaussian 82(TM) system (copyright 1983,
 Carnegie Mellon University). Gaussian is a federally registered
 trademark of Gaussian, Inc.
  
 This software contains proprietary and confidential information,
 including trade secrets, belonging to Gaussian, Inc.
  
 This software is provided under written license and may be
 used, copied, transmitted, or stored only in accord with that
 written license.
  
 The following legend is applicable only to US Government
 contracts under FAR:
  
                    RESTRICTED RIGHTS LEGEND
  
 Use, reproduction and disclosure by the US Government is
 subject to restrictions as set forth in subparagraphs (a)
 and (c) of the Commercial Computer Software - Restricted
 Rights clause in FAR 52.227-19.
  
 Gaussian, Inc.
 340 Quinnipiac St., Bldg. 40, Wallingford CT 06492
  
  
 ---------------------------------------------------------------
 Warning -- This program may not be used in any manner that
 competes with the business of Gaussian, Inc. or will provide
 assistance to any competitor of Gaussian, Inc.  The licensee
 of this program is prohibited from giving any competitor of
 Gaussian, Inc. access to this program.  By using this program,
 the user acknowledges that Gaussian, Inc. is engaged in the
 business of creating and licensing software in the field of
 computational chemistry and represents and warrants to the
 licensee that it is not a competitor of Gaussian, Inc. and that
 it will not use this program in any manner prohibited above.
 ---------------------------------------------------------------
  

 Cite this work as:
 Gaussian 09, Revision E.01,
 M. J. Frisch, G. W. Trucks, H. B. Schlegel, G. E. Scuseria, 
 M. A. Robb, J. R. Cheeseman, G. Scalmani, V. Barone, B. Mennucci, 
 G. A. Petersson, H. Nakatsuji, M. Caricato, X. Li, H. P. Hratchian, 
 A. F. Izmaylov, J. Bloino, G. Zheng, J. L. Sonnenberg, M. Hada, 
 M. Ehara, K. Toyota, R. Fukuda, J. Hasegawa, M. Ishida, T. Nakajima, 
 Y. Honda, O. Kitao, H. Nakai, T. Vreven, J. A. Montgomery, Jr., 
 J. E. Peralta, F. Ogliaro, M. Bearpark, J. J. Heyd, E. Brothers, 
 K. N. Kudin, V. N. Staroverov, T. Keith, R. Kobayashi, J. Normand, 
 K. Raghavachari, A. Rendell, J. C. Burant, S. S. Iyengar, J. Tomasi, 
 M. Cossi, N. Rega, J. M. Millam, M. Klene, J. E. Knox, J. B. Cross, 
 V. Bakken, C. Adamo, J. Jaramillo, R. Gomperts, R. E. Stratmann, 
 O. Yazyev, A. J. Austin, R. Cammi, C. Pomelli, J. W. Ochterski, 
 R. L. Martin, K. Morokuma, V. G. Zakrzewski, G. A. Voth, 
 P. Salvador, J. J. Dannenberg, S. Dapprich, A. D. Daniels, 
 O. Farkas, J. B. Foresman, J. V. Ortiz, J. Cioslowski, 
 and D. J. Fox, Gaussian, Inc., Wallingford CT, 2013.
 
 ******************************************
 Gaussian 09:  ES64L-G09RevE.01 30-Nov-2015
                17-Feb-2017 
 ******************************************
 %chk=h12.chk
 ----------------------------------------------------------------------
 #rhf/gen scf(symm,tight,novaracc,noincfock,fulldiag) stable(crhf) gues
 s=read geom=nocrowd test
 ----------------------------------------------------------------------
 1/38=1/1;
 2/12=1,17=6,18=5,40=1/2;
 3/5=7,16=1,25=1,30=1,116=1/1,2,3;
 4/5=1,9=4/1;
 5/5=100002,15=2,16=1,32=2,38=6/2;
 8/6=1,10=90,11=11/1,4;
 9/8=4,13=1/2;
 6/7=2,8=2,9=2,10=2,28=1/1;
 99/5=1,9=1/99;
 ----------------------------------------------------------------------
 hf stability analysis of h12 triangular lattice, y= 0.6446958471815459
 3
 ----------------------------------------------------------------------
 Symbolic Z-matrix:
 Charge =  0 Multiplicity = 1
 H
 H                    1     1.10346 
 H                    1     1.10346  2     108.5 
 H                    2     1.10346  1     71.5     3     0.       0
 H                    2     1.10346  1     180.     3     0.       0
 H                    4     1.10346  3     180.     5     0.       0
 H                    6     1.10346  5     180.     3     0.       0
 H                    4     1.10346  2     180.     3     0.       0
 H                    3     1.10346  1     180.     4     0.       0
 H                    9     1.10346  3     180.     4     0.       0
 H                    8     1.10346  4     180.     3     0.       0
 H                    7     1.10346  6     180.     3     0.       0
 
                          Input orientation:                          
 ---------------------------------------------------------------------
 Center     Atomic      Atomic             Coordinates (Angstroms)
 Number     Number       Type             X           Y           Z
 ---------------------------------------------------------------------
      1          1           0        0.000000    0.000000    0.000000
      2          1           0        0.000000    0.000000    1.103459
      3          1           0        1.046437    0.000000   -0.350133
      4          1           0        1.046437    0.000000    0.753327
      5          1           0        0.000000    0.000000    2.206919
      6          1           0        1.046437    0.000000    1.856786
      7          1           0        2.092873    0.000000    1.506653
      8          1           0        2.092873    0.000000    0.403194
      9          1           0        2.092873    0.000000   -0.700266
     10          1           0        3.139310    0.000000   -1.050398
     11          1           0        3.139310    0.000000    0.053061
     12          1           0        3.139310    0.000000    1.156520
 ---------------------------------------------------------------------
                    Distance matrix (angstroms):
                    1          2          3          4          5
     1  H    0.000000
     2  H    1.103459   0.000000
     3  H    1.103459   1.791078   0.000000
     4  H    1.289392   1.103459   1.103459   0.000000
     5  H    2.206919   1.103459   2.762887   1.791078   0.000000
     6  H    2.131357   1.289392   2.206919   1.103459   1.103459
     7  H    2.578783   2.131357   2.131357   1.289392   2.206919
     8  H    2.131357   2.206919   1.289392   1.103459   2.762887
     9  H    2.206919   2.762887   1.103459   1.791078   3.582156
    10  H    3.310378   3.807148   2.206919   2.762887   4.523868
    11  H    3.139759   3.310378   2.131357   2.206919   3.807148
    12  H    3.345565   3.139759   2.578783   2.131357   3.310378
                    6          7          8          9         10
     6  H    0.000000
     7  H    1.103459   0.000000
     8  H    1.791078   1.103459   0.000000
     9  H    2.762887   2.206919   1.103459   0.000000
    10  H    3.582156   2.762887   1.791078   1.103459   0.000000
    11  H    2.762887   1.791078   1.103459   1.289392   1.103459
    12  H    2.206919   1.103459   1.289392   2.131357   2.206919
                   11         12
    11  H    0.000000
    12  H    1.103459   0.000000
 Stoichiometry    H12
 Framework group  C2H[SGH(H12)]
 Deg. of freedom    11
 Full point group                 C2H     NOp   4
 Largest Abelian subgroup         C2H     NOp   4
 Largest concise Abelian subgroup C2      NOp   2
                         Standard orientation:                         
 ---------------------------------------------------------------------
 Center     Atomic      Atomic             Coordinates (Angstroms)
 Number     Number       Type             X           Y           Z
 ---------------------------------------------------------------------
      1          1           0        1.046437    1.305056    0.000000
      2          1           0        0.000000    1.655189    0.000000
      3          1           0        1.046437    0.201597    0.000000
      4          1           0        0.000000    0.551730    0.000000
      5          1           0       -1.046437    2.005322   -0.000000
      6          1           0       -1.046437    0.901863   -0.000000
      7          1           0       -1.046437   -0.201597   -0.000000
      8          1           0       -0.000000   -0.551730    0.000000
      9          1           0        1.046437   -0.901863    0.000000
     10          1           0        1.046437   -2.005322    0.000000
     11          1           0       -0.000000   -1.655189    0.000000
     12          1           0       -1.046437   -1.305056   -0.000000
 ---------------------------------------------------------------------
 Rotational constants (GHZ):     62.7096963     25.0616370     17.9057055
 General basis read from cards:  (5D, 7F)
 There are     6 symmetry adapted cartesian basis functions of AG  symmetry.
 There are     0 symmetry adapted cartesian basis functions of BG  symmetry.
 There are     0 symmetry adapted cartesian basis functions of AU  symmetry.
 There are     6 symmetry adapted cartesian basis functions of BU  symmetry.
 There are     6 symmetry adapted basis functions of AG  symmetry.
 There are     0 symmetry adapted basis functions of BG  symmetry.
 There are     0 symmetry adapted basis functions of AU  symmetry.
 There are     6 symmetry adapted basis functions of BU  symmetry.
    12 basis functions,   120 primitive gaussians,    12 cartesian basis functions
     6 alpha electrons        6 beta electrons
       nuclear repulsion energy        19.9398533471 Hartrees.
 NAtoms=   12 NActive=   12 NUniq=    6 SFac= 4.00D+00 NAtFMM=   60 NAOKFM=F Big=F
 Integral buffers will be    131072 words long.
 Regular integral format.
 Two-electron integral symmetry is turned on.
 One-electron integrals computed using PRISM.
 NBasis=    12 RedAO= T EigKep=  1.34D-01  NBF=     6     0     0     6
 NBsUse=    12 1.00D-06 EigRej= -1.00D+00 NBFU=     6     0     0     6
 Initial guess from the checkpoint file:  "h12.chk"
 B after Tr=     0.000000    0.000000   -0.000000
         Rot=    0.999999   -0.000000   -0.000000   -0.001518 Ang=  -0.17 deg.
 Initial guess orbital symmetries:
       Occupied  (AG) (BU) (BU) (AG) (BU) (BU)
       Virtual   (AG) (AG) (BU) (AG) (AG) (BU)
 Keep R1 ints in memory in symmetry-blocked form, NReq=903966.
 Requested convergence on RMS density matrix=1.00D-08 within 128 cycles.
 Requested convergence on MAX density matrix=1.00D-06.
 Requested convergence on             energy=1.00D-06.
 No special actions if energy rises.
 SCF Done:  E(RHF) =  -5.07987528074     A.U. after   11 cycles
            NFock= 11  Conv=0.59D-08     -V/T= 1.6819
 Range of M.O.s used for correlation:     1    12
 NBasis=    12 NAE=     6 NBE=     6 NFC=     0 NFV=     0
 NROrb=     12 NOA=     6 NOB=     6 NVA=     6 NVB=     6

 **** Warning!!: The smallest alpha delta epsilon is -0.14970032D+00

 Semi-Direct transformation.
 ModeAB=           4 MOrb=             6 LenV=     134084339
 LASXX=         2181 LTotXX=        2181 LenRXX=        5115
 LTotAB=        2934 MaxLAS=        3024 LenRXY=           0
 NonZer=        7296 LenScr=      655360 LnRSAI=        3024
 LnScr1=      655360 LExtra=           0 Total=      1318859
 MaxDsk=          -1 SrtSym=           T ITran=            3
 JobTyp=0 Pass  1:  I=   1 to   6.
 (rs|ai) integrals will be sorted in core.
 Spin components of T(2) and E(2):
     alpha-alpha T2 =       0.1469505452D-01 E2=     -0.1499298148D-01
     alpha-beta  T2 =       0.1402010533D+02 E2=     -0.2417074408D+00
     beta-beta   T2 =       0.1469505452D-01 E2=     -0.1499298148D-01
 ANorm=    0.3879367917D+01
 E2 =    -0.2716934038D+00 EUMP2 =    -0.53515686845302D+01
 Second order stability test of a single determinant RHF wave function:
 Stabil:  MDV=134217728
 ***********************************************************************
 Matrix         Lowest Root    Major Pairs
 ***********************************************************************
 Internal RHF    -0.3311936    6A=7A
 RRHF --> CRHF   -0.3998009    6A=7A
 RRHF --> RUHF   -0.5583727    6A=7B
 Not stable.
 ***********************************************************************

 **********************************************************************

            Population analysis using the SCF density.

 **********************************************************************

 Orbital symmetries:
       Occupied  (AG) (BU) (BU) (AG) (BU) (BU)
       Virtual   (AG) (AG) (BU) (AG) (AG) (BU)
 The electronic state is 1-AG.
 Alpha  occ. eigenvalues --   -0.91074  -0.73679  -0.60016  -0.50829  -0.20568
 Alpha  occ. eigenvalues --   -0.05276
 Alpha virt. eigenvalues --   -0.20246   0.08400   0.29900   0.36499   0.59579
 Alpha virt. eigenvalues --    0.80979
          Condensed to atoms (all electrons):
               1          2          3          4          5          6
     1  H    0.731737   0.293910  -0.299398  -0.044124  -0.081186  -0.054181
     2  H    0.293910   1.160770  -0.249855  -0.459819   0.258267  -0.159799
     3  H   -0.299398  -0.249855   1.800227   0.506979   0.021837   0.040548
     4  H   -0.044124  -0.459819   0.506979   1.709051  -0.189116   0.528379
     5  H   -0.081186   0.258267   0.021837  -0.189116   1.316467  -0.037547
     6  H   -0.054181  -0.159799   0.040548   0.528379  -0.037547   0.878351
     7  H    0.061701   0.088094  -0.246909  -0.203304  -0.124550  -0.186119
     8  H    0.034006   0.092232  -0.203304  -0.668100   0.026804  -0.263016
     9  H    0.057043   0.050326  -0.186119  -0.263016   0.007343  -0.062264
    10  H    0.018832   0.003117  -0.124550   0.026804  -0.003784   0.007343
    11  H   -0.023323  -0.018290   0.088094   0.092232   0.003117   0.050326
    12  H   -0.025420  -0.023323   0.061701   0.034006   0.018832   0.057043
               7          8          9         10         11         12
     1  H    0.061701   0.034006   0.057043   0.018832  -0.023323  -0.025420
     2  H    0.088094   0.092232   0.050326   0.003117  -0.018290  -0.023323
     3  H   -0.246909  -0.203304  -0.186119  -0.124550   0.088094   0.061701
     4  H   -0.203304  -0.668100  -0.263016   0.026804   0.092232   0.034006
     5  H   -0.124550   0.026804   0.007343  -0.003784   0.003117   0.018832
     6  H   -0.186119  -0.263016  -0.062264   0.007343   0.050326   0.057043
     7  H    1.800227   0.506979   0.040548   0.021837  -0.249855  -0.299398
     8  H    0.506979   1.709051   0.528379  -0.189116  -0.459819  -0.044124
     9  H    0.040548   0.528379   0.878351  -0.037547  -0.159799  -0.054181
    10  H    0.021837  -0.189116  -0.037547   1.316467   0.258267  -0.081186
    11  H   -0.249855  -0.459819  -0.159799   0.258267   1.160770   0.293910
    12  H   -0.299398  -0.044124  -0.054181  -0.081186   0.293910   0.731737
 Mulliken charges:
               1
     1  H    0.330401
     2  H   -0.035630
     3  H   -0.209252
     4  H   -0.069972
     5  H   -0.216484
     6  H    0.200937
     7  H   -0.209252
     8  H   -0.069972
     9  H    0.200937
    10  H   -0.216484
    11  H   -0.035630
    12  H    0.330401
 Sum of Mulliken charges =   0.00000
 Mulliken charges with hydrogens summed into heavy atoms:
               1
 Electronic spatial extent (au):  <R**2>=            139.7865
 Charge=              0.0000 electrons
 Dipole moment (field-independent basis, Debye):
    X=              0.0000    Y=             -0.0000    Z=              0.0000  Tot=              0.0000
 Quadrupole moment (field-independent basis, Debye-Ang):
   XX=            -13.6178   YY=            -25.3141   ZZ=            -14.5703
   XY=              7.0119   XZ=             -0.0000   YZ=              0.0000
 Traceless Quadrupole moment (field-independent basis, Debye-Ang):
   XX=              4.2163   YY=             -7.4801   ZZ=              3.2637
   XY=              7.0119   XZ=             -0.0000   YZ=              0.0000
 Octapole moment (field-independent basis, Debye-Ang**2):
  XXX=             -0.0000  YYY=             -0.0000  ZZZ=             -0.0000  XYY=              0.0000
  XXY=              0.0000  XXZ=             -0.0000  XZZ=             -0.0000  YZZ=             -0.0000
  YYZ=             -0.0000  XYZ=              0.0000
 Hexadecapole moment (field-independent basis, Debye-Ang**3):
 XXXX=            -78.8325 YYYY=           -258.3355 ZZZZ=            -16.9366 XXXY=             24.5904
 XXXZ=             -0.0000 YYYX=             47.7258 YYYZ=              0.0000 ZZZX=             -0.0000
 ZZZY=              0.0000 XXYY=            -49.5649 XXZZ=            -16.4563 YYZZ=            -33.6515
 XXYZ=              0.0000 YYXZ=             -0.0000 ZZXY=              5.6742
 N-N= 1.993985334705D+01 E-N=-5.146053043459D+01  KE= 7.449913316001D+00
 Symmetry AG   KE= 1.586333450266D+00
 Symmetry BG   KE= 0.000000000000D+00
 Symmetry AU   KE= 0.000000000000D+00
 Symmetry BU   KE= 5.863579865735D+00

 Test job not archived.
 1\1\GINC-SULU\Stability\RHF\Gen\H12\LCJ1\17-Feb-2017\0\\#rhf/gen scf(s
 ymm,tight,novaracc,noincfock,fulldiag) stable(crhf) guess=read geom=no
 crowd test\\hf stability analysis of h12 triangular lattice, y= 0.6446
 9584718154593\\0,1\H\H,1,1.103459479\H,1,1.103459479,2,108.5\H,2,1.103
 459479,1,71.5,3,0.,0\H,2,1.103459479,1,180.,3,0.,0\H,4,1.103459479,3,1
 80.,5,0.,0\H,6,1.103459479,5,180.,3,0.,0\H,4,1.103459479,2,180.,3,0.,0
 \H,3,1.103459479,1,180.,4,0.,0\H,9,1.103459479,3,180.,4,0.,0\H,8,1.103
 459479,4,180.,3,0.,0\H,7,1.103459479,6,180.,3,0.,0\\Version=ES64L-G09R
 evE.01\State=1-AG\HF=-5.0798753\MP2=-5.3515687\RMSD=5.901e-09\Dipole=0
 .,0.,0.\Quadrupole=-1.5483271,2.4265172,-0.8781901,0.,6.780125,0.\PG=C
 02H [SGH(H12)]\\@


 AND THIS OUR LIFE, EXEMPT FROM PUBLIC HAUNT,
 FINDS TONGUES IN TREES, BOOKS IN THE RUNNING BROOKS,
 SERMONS IN STONES, AND GOOD IN EVERYTHING.
 I WOULD NOT CHANGE IT. -- W. SHAKESPEARE
 AS YOU LIKE IT, ACT II, SCENE 1.
 Job cpu time:       0 days  0 hours  0 minutes  1.1 seconds.
 File lengths (MBytes):  RWF=     84 Int=      0 D2E=      0 Chk=      2 Scr=      2
 Normal termination of Gaussian 09 at Fri Feb 17 14:58:40 2017.
