 Entering Gaussian System, Link 0=g09
 AtFile(1): H.gbs
            H     0
            S   10   1.00
               1000.000000000000            0.000068713567
                316.227766000000            0.000169141320
                100.000000000000            0.000823394812
                 31.622776600000            0.003425569236
                 10.000000000000            0.013951996000
                  3.162277660000            0.056909313560
                  1.000000000000            0.198286399900
                  0.316227766000            0.496922426700
                  0.100000000000            0.369846276400
                  0.031622776600            0.003752720039
            ****
 Initial command:
 /projects/guscus/apps/gau/g09-e1/g09/l1.exe "/users/lcj1/gaussian/h12/rhfstability/rect/guess/ag2bu4/Gau-9203.inp" -scrdir="/users/lcj1/gaussian/h12/rhfstability/rect/guess/ag2bu4/"
 Entering Link 1 = /projects/guscus/apps/gau/g09-e1/g09/l1.exe PID=      9204.
  
 Copyright (c) 1988,1990,1992,1993,1995,1998,2003,2009,2015,
            Gaussian, Inc.  All Rights Reserved.
  
 This is part of the Gaussian(R) 09 program.  It is based on
 the Gaussian(R) 03 system (copyright 2003, Gaussian, Inc.),
 the Gaussian(R) 98 system (copyright 1998, Gaussian, Inc.),
 the Gaussian(R) 94 system (copyright 1995, Gaussian, Inc.),
 the Gaussian 92(TM) system (copyright 1992, Gaussian, Inc.),
 the Gaussian 90(TM) system (copyright 1990, Gaussian, Inc.),
 the Gaussian 88(TM) system (copyright 1988, Gaussian, Inc.),
 the Gaussian 86(TM) system (copyright 1986, Carnegie Mellon
 University), and the Gaussian 82(TM) system (copyright 1983,
 Carnegie Mellon University). Gaussian is a federally registered
 trademark of Gaussian, Inc.
  
 This software contains proprietary and confidential information,
 including trade secrets, belonging to Gaussian, Inc.
  
 This software is provided under written license and may be
 used, copied, transmitted, or stored only in accord with that
 written license.
  
 The following legend is applicable only to US Government
 contracts under FAR:
  
                    RESTRICTED RIGHTS LEGEND
  
 Use, reproduction and disclosure by the US Government is
 subject to restrictions as set forth in subparagraphs (a)
 and (c) of the Commercial Computer Software - Restricted
 Rights clause in FAR 52.227-19.
  
 Gaussian, Inc.
 340 Quinnipiac St., Bldg. 40, Wallingford CT 06492
  
  
 ---------------------------------------------------------------
 Warning -- This program may not be used in any manner that
 competes with the business of Gaussian, Inc. or will provide
 assistance to any competitor of Gaussian, Inc.  The licensee
 of this program is prohibited from giving any competitor of
 Gaussian, Inc. access to this program.  By using this program,
 the user acknowledges that Gaussian, Inc. is engaged in the
 business of creating and licensing software in the field of
 computational chemistry and represents and warrants to the
 licensee that it is not a competitor of Gaussian, Inc. and that
 it will not use this program in any manner prohibited above.
 ---------------------------------------------------------------
  

 Cite this work as:
 Gaussian 09, Revision E.01,
 M. J. Frisch, G. W. Trucks, H. B. Schlegel, G. E. Scuseria, 
 M. A. Robb, J. R. Cheeseman, G. Scalmani, V. Barone, B. Mennucci, 
 G. A. Petersson, H. Nakatsuji, M. Caricato, X. Li, H. P. Hratchian, 
 A. F. Izmaylov, J. Bloino, G. Zheng, J. L. Sonnenberg, M. Hada, 
 M. Ehara, K. Toyota, R. Fukuda, J. Hasegawa, M. Ishida, T. Nakajima, 
 Y. Honda, O. Kitao, H. Nakai, T. Vreven, J. A. Montgomery, Jr., 
 J. E. Peralta, F. Ogliaro, M. Bearpark, J. J. Heyd, E. Brothers, 
 K. N. Kudin, V. N. Staroverov, T. Keith, R. Kobayashi, J. Normand, 
 K. Raghavachari, A. Rendell, J. C. Burant, S. S. Iyengar, J. Tomasi, 
 M. Cossi, N. Rega, J. M. Millam, M. Klene, J. E. Knox, J. B. Cross, 
 V. Bakken, C. Adamo, J. Jaramillo, R. Gomperts, R. E. Stratmann, 
 O. Yazyev, A. J. Austin, R. Cammi, C. Pomelli, J. W. Ochterski, 
 R. L. Martin, K. Morokuma, V. G. Zakrzewski, G. A. Voth, 
 P. Salvador, J. J. Dannenberg, S. Dapprich, A. D. Daniels, 
 O. Farkas, J. B. Foresman, J. V. Ortiz, J. Cioslowski, 
 and D. J. Fox, Gaussian, Inc., Wallingford CT, 2013.
 
 ******************************************
 Gaussian 09:  ES64L-G09RevE.01 30-Nov-2015
                17-Feb-2017 
 ******************************************
 %chk=h12.chk
 ----------------------------------------------------------------------
 #rhf/gen scf(symm,tight,novaracc,noincfock,fulldiag) stable(crhf) gues
 s=read geom=nocrowd test
 ----------------------------------------------------------------------
 1/38=1/1;
 2/12=1,17=6,18=5,40=1/2;
 3/5=7,16=1,25=1,30=1,116=1/1,2,3;
 4/5=1,9=4/1;
 5/5=100002,15=2,16=1,32=2,38=6/2;
 8/6=1,10=90,11=11/1,4;
 9/8=4,13=1/2;
 6/7=2,8=2,9=2,10=2,28=1/1;
 99/5=1,9=1/99;
 ----------------------------------------------------------------------
 hf stability analysis of h12 triangular lattice, y= 1.6137717412076256
 ----------------------------------------------------------------------
 Symbolic Z-matrix:
 Charge =  0 Multiplicity = 1
 H
 H                    1     1.65295 
 H                    1     1.65295  2     25. 
 H                    2     1.65295  1     155.     3     0.       0
 H                    2     1.65295  1     180.     3     0.       0
 H                    4     1.65295  3     180.     5     0.       0
 H                    6     1.65295  5     180.     3     0.       0
 H                    4     1.65295  2     180.     3     0.       0
 H                    3     1.65295  1     180.     4     0.       0
 H                    9     1.65295  3     180.     4     0.       0
 H                    8     1.65295  4     180.     3     0.       0
 H                    7     1.65295  6     180.     3     0.       0
 
                          Input orientation:                          
 ---------------------------------------------------------------------
 Center     Atomic      Atomic             Coordinates (Angstroms)
 Number     Number       Type             X           Y           Z
 ---------------------------------------------------------------------
      1          1           0        0.000000    0.000000    0.000000
      2          1           0        0.000000    0.000000    1.652953
      3          1           0        0.698568    0.000000    1.498084
      4          1           0        0.698568    0.000000    3.151038
      5          1           0        0.000000    0.000000    3.305907
      6          1           0        0.698568    0.000000    4.803991
      7          1           0        1.397137    0.000000    6.302076
      8          1           0        1.397137    0.000000    4.649122
      9          1           0        1.397137    0.000000    2.996169
     10          1           0        2.095705    0.000000    4.494253
     11          1           0        2.095705    0.000000    6.147207
     12          1           0        2.095705    0.000000    7.800160
 ---------------------------------------------------------------------
                    Distance matrix (angstroms):
                    1          2          3          4          5
     1  H    0.000000
     2  H    1.652953   0.000000
     3  H    1.652953   0.715529   0.000000
     4  H    3.227543   1.652953   1.652953   0.000000
     5  H    3.305907   1.652953   1.938097   0.715529   0.000000
     6  H    4.854516   3.227543   3.305907   1.652953   1.652953
     7  H    6.455087   4.854516   4.854516   3.227543   3.305907
     8  H    4.854516   3.305907   3.227543   1.652953   1.938097
     9  H    3.305907   1.938097   1.652953   0.715529   1.431058
    10  H    4.958860   3.530576   3.305907   1.938097   2.409180
    11  H    6.494623   4.958860   4.854516   3.305907   3.530576
    12  H    8.076786   6.494623   6.455087   4.854516   4.958860
                    6          7          8          9         10
     6  H    0.000000
     7  H    1.652953   0.000000
     8  H    0.715529   1.652953   0.000000
     9  H    1.938097   3.305907   1.652953   0.000000
    10  H    1.431058   1.938097   0.715529   1.652953   0.000000
    11  H    1.938097   0.715529   1.652953   3.227543   1.652953
    12  H    3.305907   1.652953   3.227543   4.854516   3.305907
                   11         12
    11  H    0.000000
    12  H    1.652953   0.000000
 Stoichiometry    H12
 Framework group  C2H[SGH(H12)]
 Deg. of freedom    11
 Full point group                 C2H     NOp   4
 Largest Abelian subgroup         C2H     NOp   4
 Largest concise Abelian subgroup C2      NOp   2
                         Standard orientation:                         
 ---------------------------------------------------------------------
 Center     Atomic      Atomic             Coordinates (Angstroms)
 Number     Number       Type             X           Y           Z
 ---------------------------------------------------------------------
      1          1           0        0.698568    3.977514   -0.000000
      2          1           0        0.000000    2.479430   -0.000000
      3          1           0        0.698568    2.324561   -0.000000
      4          1           0        0.000000    0.826477   -0.000000
      5          1           0       -0.698568    0.981346    0.000000
      6          1           0       -0.698568   -0.671608    0.000000
      7          1           0       -0.698568   -2.324561   -0.000000
      8          1           0       -0.000000   -0.826477   -0.000000
      9          1           0        0.698568    0.671608    0.000000
     10          1           0        0.698568   -0.981346   -0.000000
     11          1           0       -0.000000   -2.479430   -0.000000
     12          1           0       -0.698568   -3.977514   -0.000000
 ---------------------------------------------------------------------
 Rotational constants (GHZ):    188.6201207      8.3321286      7.9796352
 General basis read from cards:  (5D, 7F)
 There are     6 symmetry adapted cartesian basis functions of AG  symmetry.
 There are     0 symmetry adapted cartesian basis functions of BG  symmetry.
 There are     0 symmetry adapted cartesian basis functions of AU  symmetry.
 There are     6 symmetry adapted cartesian basis functions of BU  symmetry.
 There are     6 symmetry adapted basis functions of AG  symmetry.
 There are     0 symmetry adapted basis functions of BG  symmetry.
 There are     0 symmetry adapted basis functions of AU  symmetry.
 There are     6 symmetry adapted basis functions of BU  symmetry.
    12 basis functions,   120 primitive gaussians,    12 cartesian basis functions
     6 alpha electrons        6 beta electrons
       nuclear repulsion energy        17.1100745690 Hartrees.
 NAtoms=   12 NActive=   12 NUniq=    6 SFac= 4.00D+00 NAtFMM=   60 NAOKFM=F Big=F
 Integral buffers will be    131072 words long.
 Regular integral format.
 Two-electron integral symmetry is turned on.
 One-electron integrals computed using PRISM.
 NBasis=    12 RedAO= T EigKep=  9.17D-02  NBF=     6     0     0     6
 NBsUse=    12 1.00D-06 EigRej= -1.00D+00 NBFU=     6     0     0     6
 Initial guess from the checkpoint file:  "h12.chk"
 B after Tr=     0.000000   -0.000000   -0.000000
         Rot=    0.999999   -0.000000    0.000000   -0.001518 Ang=  -0.17 deg.
 Initial guess orbital symmetries:
       Occupied  (AG) (BU) (AG) (BU) (BU) (BU)
       Virtual   (AG) (AG) (BU) (AG) (AG) (BU)
 Keep R1 ints in memory in symmetry-blocked form, NReq=897218.
 Requested convergence on RMS density matrix=1.00D-08 within 128 cycles.
 Requested convergence on MAX density matrix=1.00D-06.
 Requested convergence on             energy=1.00D-06.
 No special actions if energy rises.
 SCF Done:  E(RHF) =  -5.70204677385     A.U. after    7 cycles
            NFock=  7  Conv=0.67D-09     -V/T= 1.8975
 Range of M.O.s used for correlation:     1    12
 NBasis=    12 NAE=     6 NBE=     6 NFC=     0 NFV=     0
 NROrb=     12 NOA=     6 NOB=     6 NVA=     6 NVB=     6

 **** Warning!!: The smallest alpha delta epsilon is  0.63486125D-01

 Semi-Direct transformation.
 ModeAB=           4 MOrb=             6 LenV=     134090583
 LASXX=         2181 LTotXX=        2181 LenRXX=        5115
 LTotAB=        2934 MaxLAS=        3024 LenRXY=           0
 NonZer=        7296 LenScr=      655360 LnRSAI=        3024
 LnScr1=      655360 LExtra=           0 Total=      1318859
 MaxDsk=          -1 SrtSym=           T ITran=            3
 JobTyp=0 Pass  1:  I=   1 to   6.
 (rs|ai) integrals will be sorted in core.
 Spin components of T(2) and E(2):
     alpha-alpha T2 =       0.6410197269D-02 E2=     -0.5669934420D-02
     alpha-beta  T2 =       0.4702981534D+01 E2=     -0.6645289780D+00
     beta-beta   T2 =       0.6410197269D-02 E2=     -0.5669934420D-02
 ANorm=    0.2390774337D+01
 E2 =    -0.6758688469D+00 EUMP2 =    -0.63779156207274D+01
 Second order stability test of a single determinant RHF wave function:
 Stabil:  MDV=134217728
 ***********************************************************************
 Matrix         Lowest Root    Major Pairs
 ***********************************************************************
 Internal RHF     0.0377375    Stable
 RRHF --> CRHF   -0.0043158    6A=7A
 RRHF --> RUHF   -0.5579981    6A=7B
 Not stable.
 ***********************************************************************

 **********************************************************************

            Population analysis using the SCF density.

 **********************************************************************

 Orbital symmetries:
       Occupied  (AG) (BU) (AG) (BU) (BU) (BU)
       Virtual   (AG) (AG) (BU) (AG) (AG) (BU)
 The electronic state is 1-AG.
 Alpha  occ. eigenvalues --   -0.88643  -0.77449  -0.64604  -0.59871  -0.37398
 Alpha  occ. eigenvalues --   -0.16808
 Alpha virt. eigenvalues --   -0.10460   0.02348   0.44278   0.47692   0.74665
 Alpha virt. eigenvalues --    0.97339
          Condensed to atoms (all electrons):
               1          2          3          4          5          6
     1  H    1.153931  -0.063434  -0.059715   0.002479   0.000968  -0.000163
     2  H   -0.063434   0.711199   0.516519  -0.086170  -0.020717   0.006049
     3  H   -0.059715   0.516519   0.674104  -0.081574  -0.048430  -0.001104
     4  H    0.002479  -0.086170  -0.081574   0.963617   0.287087  -0.059488
     5  H    0.000968  -0.020717  -0.048430   0.287087   0.753273   0.190681
     6  H   -0.000163   0.006049  -0.001104  -0.059488   0.190681   0.922381
     7  H    0.000047  -0.000222  -0.000252   0.003639   0.004222  -0.026917
     8  H   -0.000287   0.003718   0.003639  -0.098924  -0.030867   0.327463
     9  H    0.001255  -0.059594  -0.026917   0.327463  -0.202759  -0.194877
    10  H   -0.000111  -0.000915   0.004222  -0.030867  -0.087599  -0.202759
    11  H    0.000046  -0.000252  -0.000222   0.003718  -0.000915  -0.059594
    12  H   -0.000014   0.000046   0.000047  -0.000287  -0.000111   0.001255
               7          8          9         10         11         12
     1  H    0.000047  -0.000287   0.001255  -0.000111   0.000046  -0.000014
     2  H   -0.000222   0.003718  -0.059594  -0.000915  -0.000252   0.000046
     3  H   -0.000252   0.003639  -0.026917   0.004222  -0.000222   0.000047
     4  H    0.003639  -0.098924   0.327463  -0.030867   0.003718  -0.000287
     5  H    0.004222  -0.030867  -0.202759  -0.087599  -0.000915  -0.000111
     6  H   -0.026917   0.327463  -0.194877  -0.202759  -0.059594   0.001255
     7  H    0.674104  -0.081574  -0.001104  -0.048430   0.516519  -0.059715
     8  H   -0.081574   0.963617  -0.059488   0.287087  -0.086170   0.002479
     9  H   -0.001104  -0.059488   0.922381   0.190681   0.006049  -0.000163
    10  H   -0.048430   0.287087   0.190681   0.753273  -0.020717   0.000968
    11  H    0.516519  -0.086170   0.006049  -0.020717   0.711199  -0.063434
    12  H   -0.059715   0.002479  -0.000163   0.000968  -0.063434   1.153931
 Mulliken charges:
               1
     1  H   -0.035004
     2  H   -0.006227
     3  H    0.019682
     4  H   -0.230693
     5  H    0.155168
     6  H    0.097073
     7  H    0.019682
     8  H   -0.230693
     9  H    0.097073
    10  H    0.155168
    11  H   -0.006227
    12  H   -0.035004
 Sum of Mulliken charges =  -0.00000
 Mulliken charges with hydrogens summed into heavy atoms:
               1
 Electronic spatial extent (au):  <R**2>=            265.1954
 Charge=             -0.0000 electrons
 Dipole moment (field-independent basis, Debye):
    X=              0.0000    Y=              0.0000    Z=              0.0000  Tot=              0.0000
 Quadrupole moment (field-independent basis, Debye-Ang):
   XX=            -15.6059   YY=            -23.9359   ZZ=            -15.3127
   XY=             -2.2970   XZ=             -0.0000   YZ=             -0.0000
 Traceless Quadrupole moment (field-independent basis, Debye-Ang):
   XX=              2.6790   YY=             -5.6511   ZZ=              2.9721
   XY=             -2.2970   XZ=             -0.0000   YZ=             -0.0000
 Octapole moment (field-independent basis, Debye-Ang**2):
  XXX=              0.0000  YYY=             -0.0000  ZZZ=              0.0000  XYY=              0.0000
  XXY=              0.0000  XXZ=              0.0000  XZZ=              0.0000  YZZ=              0.0000
  YYZ=              0.0000  XYZ=              0.0000
 Hexadecapole moment (field-independent basis, Debye-Ang**3):
 XXXX=            -50.7642 YYYY=           -687.5179 ZZZZ=            -18.3531 XXXY=            -34.1791
 XXXZ=             -0.0000 YYYX=            -72.0434 YYYZ=             -0.0000 ZZZX=             -0.0000
 ZZZY=             -0.0000 XXYY=            -92.4658 XXZZ=            -11.5604 YYZZ=            -85.5201
 XXYZ=             -0.0000 YYXZ=             -0.0000 ZZXY=            -11.5607
 N-N= 1.711007456901D+01 E-N=-4.508190765674D+01  KE= 6.353120042429D+00
 Symmetry AG   KE= 1.548286619538D+00
 Symmetry BG   KE= 0.000000000000D+00
 Symmetry AU   KE= 0.000000000000D+00
 Symmetry BU   KE= 4.804833422891D+00

 Test job not archived.
 1\1\GINC-SULU\Stability\RHF\Gen\H12\LCJ1\17-Feb-2017\0\\#rhf/gen scf(s
 ymm,tight,novaracc,noincfock,fulldiag) stable(crhf) guess=read geom=no
 crowd test\\hf stability analysis of h12 triangular lattice, y= 1.6137
 717412076256\\0,1\H\H,1,1.6529533215\H,1,1.6529533215,2,25.\H,2,1.6529
 533215,1,155.,3,0.,0\H,2,1.6529533215,1,180.,3,0.,0\H,4,1.6529533215,3
 ,180.,5,0.,0\H,6,1.6529533215,5,180.,3,0.,0\H,4,1.6529533215,2,180.,3,
 0.,0\H,3,1.6529533215,1,180.,4,0.,0\H,9,1.6529533215,3,180.,4,0.,0\H,8
 ,1.6529533215,4,180.,3,0.,0\H,7,1.6529533215,6,180.,3,0.,0\\Version=ES
 64L-G09RevE.01\State=1-AG\HF=-5.7020468\MP2=-6.3779156\RMSD=6.709e-10\
 Dipole=0.,0.,0.\Quadrupole=2.1938341,2.2096872,-4.4035214,0.,-1.274376
 9,0.\PG=C02H [SGH(H12)]\\@


 HICKORY, DICKORY, DOCK
 TWO MICE RAN UP THE CLOCK
 THE CLOCK STRUCK ONE...
 THE OTHER ESCAPED WITH MINOR INJURIES.
 Job cpu time:       0 days  0 hours  0 minutes  1.0 seconds.
 File lengths (MBytes):  RWF=     84 Int=      0 D2E=      0 Chk=      2 Scr=      2
 Normal termination of Gaussian 09 at Fri Feb 17 15:07:18 2017.
