 Entering Gaussian System, Link 0=g09
 AtFile(1): H.gbs
            H     0
            S   10   1.00
               1000.000000000000            0.000068713567
                316.227766000000            0.000169141320
                100.000000000000            0.000823394812
                 31.622776600000            0.003425569236
                 10.000000000000            0.013951996000
                  3.162277660000            0.056909313560
                  1.000000000000            0.198286399900
                  0.316227766000            0.496922426700
                  0.100000000000            0.369846276400
                  0.031622776600            0.003752720039
            ****
 Initial command:
 /projects/guscus/apps/gau/g09-e1/g09/l1.exe "/users/lcj1/gaussian/h12/rhfstability/rect/guess/ag2bu4/Gau-29130.inp" -scrdir="/users/lcj1/gaussian/h12/rhfstability/rect/guess/ag2bu4/"
 Entering Link 1 = /projects/guscus/apps/gau/g09-e1/g09/l1.exe PID=     29133.
  
 Copyright (c) 1988,1990,1992,1993,1995,1998,2003,2009,2015,
            Gaussian, Inc.  All Rights Reserved.
  
 This is part of the Gaussian(R) 09 program.  It is based on
 the Gaussian(R) 03 system (copyright 2003, Gaussian, Inc.),
 the Gaussian(R) 98 system (copyright 1998, Gaussian, Inc.),
 the Gaussian(R) 94 system (copyright 1995, Gaussian, Inc.),
 the Gaussian 92(TM) system (copyright 1992, Gaussian, Inc.),
 the Gaussian 90(TM) system (copyright 1990, Gaussian, Inc.),
 the Gaussian 88(TM) system (copyright 1988, Gaussian, Inc.),
 the Gaussian 86(TM) system (copyright 1986, Carnegie Mellon
 University), and the Gaussian 82(TM) system (copyright 1983,
 Carnegie Mellon University). Gaussian is a federally registered
 trademark of Gaussian, Inc.
  
 This software contains proprietary and confidential information,
 including trade secrets, belonging to Gaussian, Inc.
  
 This software is provided under written license and may be
 used, copied, transmitted, or stored only in accord with that
 written license.
  
 The following legend is applicable only to US Government
 contracts under FAR:
  
                    RESTRICTED RIGHTS LEGEND
  
 Use, reproduction and disclosure by the US Government is
 subject to restrictions as set forth in subparagraphs (a)
 and (c) of the Commercial Computer Software - Restricted
 Rights clause in FAR 52.227-19.
  
 Gaussian, Inc.
 340 Quinnipiac St., Bldg. 40, Wallingford CT 06492
  
  
 ---------------------------------------------------------------
 Warning -- This program may not be used in any manner that
 competes with the business of Gaussian, Inc. or will provide
 assistance to any competitor of Gaussian, Inc.  The licensee
 of this program is prohibited from giving any competitor of
 Gaussian, Inc. access to this program.  By using this program,
 the user acknowledges that Gaussian, Inc. is engaged in the
 business of creating and licensing software in the field of
 computational chemistry and represents and warrants to the
 licensee that it is not a competitor of Gaussian, Inc. and that
 it will not use this program in any manner prohibited above.
 ---------------------------------------------------------------
  

 Cite this work as:
 Gaussian 09, Revision E.01,
 M. J. Frisch, G. W. Trucks, H. B. Schlegel, G. E. Scuseria, 
 M. A. Robb, J. R. Cheeseman, G. Scalmani, V. Barone, B. Mennucci, 
 G. A. Petersson, H. Nakatsuji, M. Caricato, X. Li, H. P. Hratchian, 
 A. F. Izmaylov, J. Bloino, G. Zheng, J. L. Sonnenberg, M. Hada, 
 M. Ehara, K. Toyota, R. Fukuda, J. Hasegawa, M. Ishida, T. Nakajima, 
 Y. Honda, O. Kitao, H. Nakai, T. Vreven, J. A. Montgomery, Jr., 
 J. E. Peralta, F. Ogliaro, M. Bearpark, J. J. Heyd, E. Brothers, 
 K. N. Kudin, V. N. Staroverov, T. Keith, R. Kobayashi, J. Normand, 
 K. Raghavachari, A. Rendell, J. C. Burant, S. S. Iyengar, J. Tomasi, 
 M. Cossi, N. Rega, J. M. Millam, M. Klene, J. E. Knox, J. B. Cross, 
 V. Bakken, C. Adamo, J. Jaramillo, R. Gomperts, R. E. Stratmann, 
 O. Yazyev, A. J. Austin, R. Cammi, C. Pomelli, J. W. Ochterski, 
 R. L. Martin, K. Morokuma, V. G. Zakrzewski, G. A. Voth, 
 P. Salvador, J. J. Dannenberg, S. Dapprich, A. D. Daniels, 
 O. Farkas, J. B. Foresman, J. V. Ortiz, J. Cioslowski, 
 and D. J. Fox, Gaussian, Inc., Wallingford CT, 2013.
 
 ******************************************
 Gaussian 09:  ES64L-G09RevE.01 30-Nov-2015
                17-Feb-2017 
 ******************************************
 %chk=h12.chk
 ----------------------------------------------------------------------
 #rhf/gen scf(symm,tight,novaracc,noincfock,fulldiag) stable(crhf) gues
 s=read geom=nocrowd test
 ----------------------------------------------------------------------
 1/38=1/1;
 2/12=1,17=6,18=5,40=1/2;
 3/5=7,16=1,25=1,30=1,116=1/1,2,3;
 4/5=1,9=4/1;
 5/5=100002,15=2,16=1,32=2,38=6/2;
 8/6=1,10=90,11=11/1,4;
 9/8=4,13=1/2;
 6/7=2,8=2,9=2,10=2,28=1/1;
 99/5=1,9=1/99;
 ----------------------------------------------------------------------
 hf stability analysis of h12 triangular lattice, y= 0.8596363675198261
 9
 ----------------------------------------------------------------------
 Symbolic Z-matrix:
 Charge =  0 Multiplicity = 1
 H
 H                    1     1.09089 
 H                    1     1.09089  2     76. 
 H                    2     1.09089  1     104.     3     0.       0
 H                    2     1.09089  1     180.     3     0.       0
 H                    4     1.09089  3     180.     5     0.       0
 H                    6     1.09089  5     180.     3     0.       0
 H                    4     1.09089  2     180.     3     0.       0
 H                    3     1.09089  1     180.     4     0.       0
 H                    9     1.09089  3     180.     4     0.       0
 H                    8     1.09089  4     180.     3     0.       0
 H                    7     1.09089  6     180.     3     0.       0
 
                          Input orientation:                          
 ---------------------------------------------------------------------
 Center     Atomic      Atomic             Coordinates (Angstroms)
 Number     Number       Type             X           Y           Z
 ---------------------------------------------------------------------
      1          1           0        0.000000    0.000000    0.000000
      2          1           0        0.000000    0.000000    1.090894
      3          1           0        1.058490    0.000000    0.263911
      4          1           0        1.058490    0.000000    1.354805
      5          1           0        0.000000    0.000000    2.181788
      6          1           0        1.058490    0.000000    2.445700
      7          1           0        2.116980    0.000000    2.709611
      8          1           0        2.116980    0.000000    1.618717
      9          1           0        2.116980    0.000000    0.527822
     10          1           0        3.175470    0.000000    0.791734
     11          1           0        3.175470    0.000000    1.882628
     12          1           0        3.175470    0.000000    2.973522
 ---------------------------------------------------------------------
                    Distance matrix (angstroms):
                    1          2          3          4          5
     1  H    0.000000
     2  H    1.090894   0.000000
     3  H    1.090894   1.343243   0.000000
     4  H    1.719273   1.090894   1.090894   0.000000
     5  H    2.181788   1.090894   2.190583   1.343243   0.000000
     6  H    2.664929   1.719273   2.181788   1.090894   1.090894
     7  H    3.438545   2.664929   2.664929   1.719273   2.181788
     8  H    2.664929   2.181788   1.719273   1.090894   2.190583
     9  H    2.181788   2.190583   1.090894   1.343243   2.686486
    10  H    3.272683   3.189531   2.181788   2.190583   3.466390
    11  H    3.691598   3.272683   2.664929   2.181788   3.189531
    12  H    4.350338   3.691598   3.438545   2.664929   3.272683
                    6          7          8          9         10
     6  H    0.000000
     7  H    1.090894   0.000000
     8  H    1.343243   1.090894   0.000000
     9  H    2.190583   2.181788   1.090894   0.000000
    10  H    2.686486   2.190583   1.343243   1.090894   0.000000
    11  H    2.190583   1.343243   1.090894   1.719273   1.090894
    12  H    2.181788   1.090894   1.719273   2.664929   2.181788
                   11         12
    11  H    0.000000
    12  H    1.090894   0.000000
 Stoichiometry    H12
 Framework group  C2H[SGH(H12)]
 Deg. of freedom    11
 Full point group                 C2H     NOp   4
 Largest Abelian subgroup         C2H     NOp   4
 Largest concise Abelian subgroup C2      NOp   2
                         Standard orientation:                         
 ---------------------------------------------------------------------
 Center     Atomic      Atomic             Coordinates (Angstroms)
 Number     Number       Type             X           Y           Z
 ---------------------------------------------------------------------
      1          1           0        1.058490    1.900252    0.000000
      2          1           0        0.000000    1.636341    0.000000
      3          1           0        1.058490    0.809358    0.000000
      4          1           0        0.000000    0.545447    0.000000
      5          1           0       -1.058490    1.372430    0.000000
      6          1           0       -1.058490    0.281536   -0.000000
      7          1           0       -1.058490   -0.809358   -0.000000
      8          1           0       -0.000000   -0.545447   -0.000000
      9          1           0        1.058490   -0.281536   -0.000000
     10          1           0        1.058490   -1.372430   -0.000000
     11          1           0       -0.000000   -1.636341   -0.000000
     12          1           0       -1.058490   -1.900252   -0.000000
 ---------------------------------------------------------------------
 Rotational constants (GHZ):     59.2658425     26.5179318     18.3205692
 General basis read from cards:  (5D, 7F)
 There are     6 symmetry adapted cartesian basis functions of AG  symmetry.
 There are     0 symmetry adapted cartesian basis functions of BG  symmetry.
 There are     0 symmetry adapted cartesian basis functions of AU  symmetry.
 There are     6 symmetry adapted cartesian basis functions of BU  symmetry.
 There are     6 symmetry adapted basis functions of AG  symmetry.
 There are     0 symmetry adapted basis functions of BG  symmetry.
 There are     0 symmetry adapted basis functions of AU  symmetry.
 There are     6 symmetry adapted basis functions of BU  symmetry.
    12 basis functions,   120 primitive gaussians,    12 cartesian basis functions
     6 alpha electrons        6 beta electrons
       nuclear repulsion energy        20.0429892879 Hartrees.
 NAtoms=   12 NActive=   12 NUniq=    6 SFac= 4.00D+00 NAtFMM=   60 NAOKFM=F Big=F
 Integral buffers will be    131072 words long.
 Regular integral format.
 Two-electron integral symmetry is turned on.
 One-electron integrals computed using PRISM.
 NBasis=    12 RedAO= T EigKep=  1.23D-01  NBF=     6     0     0     6
 NBsUse=    12 1.00D-06 EigRej= -1.00D+00 NBFU=     6     0     0     6
 Initial guess from the checkpoint file:  "h12.chk"
 B after Tr=     0.000000    0.000000   -0.000000
         Rot=    0.999999   -0.000000    0.000000   -0.001518 Ang=  -0.17 deg.
 Initial guess orbital symmetries:
       Occupied  (AG) (BU) (BU) (AG) (BU) (BU)
       Virtual   (AG) (AG) (BU) (AG) (AG) (BU)
 Keep R1 ints in memory in symmetry-blocked form, NReq=903672.
 Requested convergence on RMS density matrix=1.00D-08 within 128 cycles.
 Requested convergence on MAX density matrix=1.00D-06.
 Requested convergence on             energy=1.00D-06.
 No special actions if energy rises.
 SCF Done:  E(RHF) =  -5.05437611142     A.U. after   11 cycles
            NFock= 11  Conv=0.14D-08     -V/T= 1.6722
 Range of M.O.s used for correlation:     1    12
 NBasis=    12 NAE=     6 NBE=     6 NFC=     0 NFV=     0
 NROrb=     12 NOA=     6 NOB=     6 NVA=     6 NVB=     6

 **** Warning!!: The smallest alpha delta epsilon is -0.13720352D+00

 Semi-Direct transformation.
 ModeAB=           4 MOrb=             6 LenV=     134084647
 LASXX=         2181 LTotXX=        2181 LenRXX=        5115
 LTotAB=        2934 MaxLAS=        3024 LenRXY=           0
 NonZer=        7296 LenScr=      655360 LnRSAI=        3024
 LnScr1=      655360 LExtra=           0 Total=      1318859
 MaxDsk=          -1 SrtSym=           T ITran=            3
 JobTyp=0 Pass  1:  I=   1 to   6.
 (rs|ai) integrals will be sorted in core.
 Spin components of T(2) and E(2):
     alpha-alpha T2 =       0.1391300159D-01 E2=     -0.1516982807D-01
     alpha-beta  T2 =       0.1346619305D+01 E2=     -0.1374920855D+00
     beta-beta   T2 =       0.1391300159D-01 E2=     -0.1516982807D-01
 ANorm=    0.1540923524D+01
 E2 =    -0.1678317416D+00 EUMP2 =    -0.52222078530102D+01
 Second order stability test of a single determinant RHF wave function:
 Stabil:  MDV=134217728
 ***********************************************************************
 Matrix         Lowest Root    Major Pairs
 ***********************************************************************
 Internal RHF    -0.3261213    6A=7A 5A=7A 3A=7A
 RRHF --> CRHF   -0.389017     6A=7A
 RRHF --> RUHF   -0.5535941    6A=7B
 Not stable.
 ***********************************************************************

 **********************************************************************

            Population analysis using the SCF density.

 **********************************************************************

 Orbital symmetries:
       Occupied  (AG) (BU) (BU) (AG) (BU) (BU)
       Virtual   (AG) (AG) (BU) (AG) (AG) (BU)
 The electronic state is 1-AG.
 Alpha  occ. eigenvalues --   -0.90655  -0.73314  -0.60162  -0.50183  -0.19166
 Alpha  occ. eigenvalues --   -0.07526
 Alpha virt. eigenvalues --   -0.21246   0.07703   0.28842   0.39836   0.59908
 Alpha virt. eigenvalues --    0.88912
          Condensed to atoms (all electrons):
               1          2          3          4          5          6
     1  H    1.383996   0.314102  -0.159614  -0.210216  -0.081441   0.016526
     2  H    0.314102   0.999346  -0.112332  -0.430069   0.324026  -0.225247
     3  H   -0.159614  -0.112332   0.810303   0.547548  -0.036623   0.021123
     4  H   -0.210216  -0.430069   0.547548   1.811251  -0.142232   0.584459
     5  H   -0.081441   0.324026  -0.036623  -0.142232   0.937800  -0.415237
     6  H    0.016526  -0.225247   0.021123   0.584459  -0.415237   1.722325
     7  H    0.011831   0.037361  -0.069293  -0.264309   0.046553  -0.055903
     8  H    0.030220   0.077530  -0.264309  -0.731908   0.054697  -0.241790
     9  H   -0.116008   0.049647  -0.055903  -0.241790   0.062615  -0.212738
    10  H    0.023981  -0.018577   0.046553   0.054697  -0.026995   0.062615
    11  H    0.002865  -0.009677   0.037361   0.077530  -0.018577   0.049647
    12  H   -0.005386   0.002865   0.011831   0.030220   0.023981  -0.116008
               7          8          9         10         11         12
     1  H    0.011831   0.030220  -0.116008   0.023981   0.002865  -0.005386
     2  H    0.037361   0.077530   0.049647  -0.018577  -0.009677   0.002865
     3  H   -0.069293  -0.264309  -0.055903   0.046553   0.037361   0.011831
     4  H   -0.264309  -0.731908  -0.241790   0.054697   0.077530   0.030220
     5  H    0.046553   0.054697   0.062615  -0.026995  -0.018577   0.023981
     6  H   -0.055903  -0.241790  -0.212738   0.062615   0.049647  -0.116008
     7  H    0.810303   0.547548   0.021123  -0.036623  -0.112332  -0.159614
     8  H    0.547548   1.811251   0.584459  -0.142232  -0.430069  -0.210216
     9  H    0.021123   0.584459   1.722325  -0.415237  -0.225247   0.016526
    10  H   -0.036623  -0.142232  -0.415237   0.937800   0.324026  -0.081441
    11  H   -0.112332  -0.430069  -0.225247   0.324026   0.999346   0.314102
    12  H   -0.159614  -0.210216   0.016526  -0.081441   0.314102   1.383996
 Mulliken charges:
               1
     1  H   -0.210858
     2  H   -0.008974
     3  H    0.223354
     4  H   -0.085182
     5  H    0.271432
     6  H   -0.189772
     7  H    0.223354
     8  H   -0.085182
     9  H   -0.189772
    10  H    0.271432
    11  H   -0.008974
    12  H   -0.210858
 Sum of Mulliken charges =  -0.00000
 Mulliken charges with hydrogens summed into heavy atoms:
               1
 Electronic spatial extent (au):  <R**2>=            136.8323
 Charge=             -0.0000 electrons
 Dipole moment (field-independent basis, Debye):
    X=             -0.0000    Y=             -0.0000    Z=             -0.0000  Tot=              0.0000
 Quadrupole moment (field-independent basis, Debye-Ang):
   XX=            -13.1762   YY=            -24.8855   ZZ=            -14.5131
   XY=             -5.8241   XZ=             -0.0000   YZ=             -0.0000
 Traceless Quadrupole moment (field-independent basis, Debye-Ang):
   XX=              4.3488   YY=             -7.3606   ZZ=              3.0118
   XY=             -5.8241   XZ=             -0.0000   YZ=             -0.0000
 Octapole moment (field-independent basis, Debye-Ang**2):
  XXX=             -0.0000  YYY=             -0.0000  ZZZ=              0.0000  XYY=             -0.0000
  XXY=              0.0000  XXZ=              0.0000  XZZ=             -0.0000  YZZ=             -0.0000
  YYZ=             -0.0000  XYZ=              0.0000
 Hexadecapole moment (field-independent basis, Debye-Ang**3):
 XXXX=            -78.1974 YYYY=           -246.2410 ZZZZ=            -16.8312 XXXY=            -19.3454
 XXXZ=             -0.0000 YYYX=            -39.9371 YYYZ=             -0.0000 ZZZX=             -0.0000
 ZZZY=             -0.0000 XXYY=            -48.3121 XXZZ=            -16.4742 YYZZ=            -32.4229
 XXYZ=             -0.0000 YYXZ=             -0.0000 ZZXY=             -4.4909
 N-N= 2.004298928791D+01 E-N=-5.169422368289D+01  KE= 7.519617156751D+00
 Symmetry AG   KE= 1.624009973468D+00
 Symmetry BG   KE= 0.000000000000D+00
 Symmetry AU   KE= 0.000000000000D+00
 Symmetry BU   KE= 5.895607183283D+00

 Test job not archived.
 1\1\GINC-SULU\Stability\RHF\Gen\H12\LCJ1\17-Feb-2017\0\\#rhf/gen scf(s
 ymm,tight,novaracc,noincfock,fulldiag) stable(crhf) guess=read geom=no
 crowd test\\hf stability analysis of h12 triangular lattice, y= 0.8596
 3636751982619\\0,1\H\H,1,1.0908941872\H,1,1.0908941872,2,76.\H,2,1.090
 8941872,1,104.,3,0.,0\H,2,1.0908941872,1,180.,3,0.,0\H,4,1.0908941872,
 3,180.,5,0.,0\H,6,1.0908941872,5,180.,3,0.,0\H,4,1.0908941872,2,180.,3
 ,0.,0\H,3,1.0908941872,1,180.,4,0.,0\H,9,1.0908941872,3,180.,4,0.,0\H,
 8,1.0908941872,4,180.,3,0.,0\H,7,1.0908941872,6,180.,3,0.,0\\Version=E
 S64L-G09RevE.01\State=1-AG\HF=-5.0543761\MP2=-5.2222079\RMSD=1.352e-09
 \Dipole=0.,0.,0.\Quadrupole=-2.930087,2.2392248,0.6908622,0.,-5.86672,
 0.\PG=C02H [SGH(H12)]\\@


 Luck is a matter of preparation meeting opportunity.
                                    -- Oprah Winfrey
 Job cpu time:       0 days  0 hours  0 minutes  1.1 seconds.
 File lengths (MBytes):  RWF=     84 Int=      0 D2E=      0 Chk=      2 Scr=      2
 Normal termination of Gaussian 09 at Fri Feb 17 15:02:06 2017.
