 Entering Gaussian System, Link 0=g09
 AtFile(1): H.gbs
            H     0
            S   10   1.00
               1000.000000000000            0.000068713567
                316.227766000000            0.000169141320
                100.000000000000            0.000823394812
                 31.622776600000            0.003425569236
                 10.000000000000            0.013951996000
                  3.162277660000            0.056909313560
                  1.000000000000            0.198286399900
                  0.316227766000            0.496922426700
                  0.100000000000            0.369846276400
                  0.031622776600            0.003752720039
            ****
 Initial command:
 /projects/guscus/apps/gau/g09-e1/g09/l1.exe "/users/lcj1/gaussian/h12/rhfstability/rect/guess/ag2bu4/Gau-29733.inp" -scrdir="/users/lcj1/gaussian/h12/rhfstability/rect/guess/ag2bu4/"
 Entering Link 1 = /projects/guscus/apps/gau/g09-e1/g09/l1.exe PID=     29734.
  
 Copyright (c) 1988,1990,1992,1993,1995,1998,2003,2009,2015,
            Gaussian, Inc.  All Rights Reserved.
  
 This is part of the Gaussian(R) 09 program.  It is based on
 the Gaussian(R) 03 system (copyright 2003, Gaussian, Inc.),
 the Gaussian(R) 98 system (copyright 1998, Gaussian, Inc.),
 the Gaussian(R) 94 system (copyright 1995, Gaussian, Inc.),
 the Gaussian 92(TM) system (copyright 1992, Gaussian, Inc.),
 the Gaussian 90(TM) system (copyright 1990, Gaussian, Inc.),
 the Gaussian 88(TM) system (copyright 1988, Gaussian, Inc.),
 the Gaussian 86(TM) system (copyright 1986, Carnegie Mellon
 University), and the Gaussian 82(TM) system (copyright 1983,
 Carnegie Mellon University). Gaussian is a federally registered
 trademark of Gaussian, Inc.
  
 This software contains proprietary and confidential information,
 including trade secrets, belonging to Gaussian, Inc.
  
 This software is provided under written license and may be
 used, copied, transmitted, or stored only in accord with that
 written license.
  
 The following legend is applicable only to US Government
 contracts under FAR:
  
                    RESTRICTED RIGHTS LEGEND
  
 Use, reproduction and disclosure by the US Government is
 subject to restrictions as set forth in subparagraphs (a)
 and (c) of the Commercial Computer Software - Restricted
 Rights clause in FAR 52.227-19.
  
 Gaussian, Inc.
 340 Quinnipiac St., Bldg. 40, Wallingford CT 06492
  
  
 ---------------------------------------------------------------
 Warning -- This program may not be used in any manner that
 competes with the business of Gaussian, Inc. or will provide
 assistance to any competitor of Gaussian, Inc.  The licensee
 of this program is prohibited from giving any competitor of
 Gaussian, Inc. access to this program.  By using this program,
 the user acknowledges that Gaussian, Inc. is engaged in the
 business of creating and licensing software in the field of
 computational chemistry and represents and warrants to the
 licensee that it is not a competitor of Gaussian, Inc. and that
 it will not use this program in any manner prohibited above.
 ---------------------------------------------------------------
  

 Cite this work as:
 Gaussian 09, Revision E.01,
 M. J. Frisch, G. W. Trucks, H. B. Schlegel, G. E. Scuseria, 
 M. A. Robb, J. R. Cheeseman, G. Scalmani, V. Barone, B. Mennucci, 
 G. A. Petersson, H. Nakatsuji, M. Caricato, X. Li, H. P. Hratchian, 
 A. F. Izmaylov, J. Bloino, G. Zheng, J. L. Sonnenberg, M. Hada, 
 M. Ehara, K. Toyota, R. Fukuda, J. Hasegawa, M. Ishida, T. Nakajima, 
 Y. Honda, O. Kitao, H. Nakai, T. Vreven, J. A. Montgomery, Jr., 
 J. E. Peralta, F. Ogliaro, M. Bearpark, J. J. Heyd, E. Brothers, 
 K. N. Kudin, V. N. Staroverov, T. Keith, R. Kobayashi, J. Normand, 
 K. Raghavachari, A. Rendell, J. C. Burant, S. S. Iyengar, J. Tomasi, 
 M. Cossi, N. Rega, J. M. Millam, M. Klene, J. E. Knox, J. B. Cross, 
 V. Bakken, C. Adamo, J. Jaramillo, R. Gomperts, R. E. Stratmann, 
 O. Yazyev, A. J. Austin, R. Cammi, C. Pomelli, J. W. Ochterski, 
 R. L. Martin, K. Morokuma, V. G. Zakrzewski, G. A. Voth, 
 P. Salvador, J. J. Dannenberg, S. Dapprich, A. D. Daniels, 
 O. Farkas, J. B. Foresman, J. V. Ortiz, J. Cioslowski, 
 and D. J. Fox, Gaussian, Inc., Wallingford CT, 2013.
 
 ******************************************
 Gaussian 09:  ES64L-G09RevE.01 30-Nov-2015
                17-Feb-2017 
 ******************************************
 %chk=h12.chk
 ----------------------------------------------------------------------
 #rhf/gen scf(symm,tight,novaracc,noincfock,fulldiag) stable(crhf) gues
 s=read geom=nocrowd test
 ----------------------------------------------------------------------
 1/38=1/1;
 2/12=1,17=6,18=5,40=1/2;
 3/5=7,16=1,25=1,30=1,116=1/1,2,3;
 4/5=1,9=4/1;
 5/5=100002,15=2,16=1,32=2,38=6/2;
 8/6=1,10=90,11=11/1,4;
 9/8=4,13=1/2;
 6/7=2,8=2,9=2,10=2,28=1/1;
 99/5=1,9=1/99;
 ----------------------------------------------------------------------
 hf stability analysis of h12 triangular lattice, y= 0.8792984807723166
 5
 ----------------------------------------------------------------------
 Symbolic Z-matrix:
 Charge =  0 Multiplicity = 1
 H
 H                    1     1.0974 
 H                    1     1.0974   2     73.5 
 H                    2     1.0974   1     106.5    3     0.       0
 H                    2     1.0974   1     180.     3     0.       0
 H                    4     1.0974   3     180.     5     0.       0
 H                    6     1.0974   5     180.     3     0.       0
 H                    4     1.0974   2     180.     3     0.       0
 H                    3     1.0974   1     180.     4     0.       0
 H                    9     1.0974   3     180.     4     0.       0
 H                    8     1.0974   4     180.     3     0.       0
 H                    7     1.0974   6     180.     3     0.       0
 
                          Input orientation:                          
 ---------------------------------------------------------------------
 Center     Atomic      Atomic             Coordinates (Angstroms)
 Number     Number       Type             X           Y           Z
 ---------------------------------------------------------------------
      1          1           0        0.000000    0.000000    0.000000
      2          1           0        0.000000    0.000000    1.097403
      3          1           0        1.052212    0.000000    0.311679
      4          1           0        1.052212    0.000000    1.409082
      5          1           0        0.000000    0.000000    2.194806
      6          1           0        1.052212    0.000000    2.506486
      7          1           0        2.104424    0.000000    2.818165
      8          1           0        2.104424    0.000000    1.720762
      9          1           0        2.104424    0.000000    0.623359
     10          1           0        3.156635    0.000000    0.935038
     11          1           0        3.156635    0.000000    2.032441
     12          1           0        3.156635    0.000000    3.129844
 ---------------------------------------------------------------------
                    Distance matrix (angstroms):
                    1          2          3          4          5
     1  H    0.000000
     2  H    1.097403   0.000000
     3  H    1.097403   1.313207   0.000000
     4  H    1.758597   1.097403   1.097403   0.000000
     5  H    2.194806   1.097403   2.157155   1.313207   0.000000
     6  H    2.718386   1.758597   2.194806   1.097403   1.097403
     7  H    3.517194   2.718386   2.718386   1.758597   2.194806
     8  H    2.718386   2.194806   1.758597   1.097403   2.157155
     9  H    2.194806   2.157155   1.097403   1.313207   2.626413
    10  H    3.292209   3.160808   2.194806   2.157155   3.398730
    11  H    3.754353   3.292209   2.718386   2.194806   3.160808
    12  H    4.445253   3.754353   3.517194   2.718386   3.292209
                    6          7          8          9         10
     6  H    0.000000
     7  H    1.097403   0.000000
     8  H    1.313207   1.097403   0.000000
     9  H    2.157155   2.194806   1.097403   0.000000
    10  H    2.626413   2.157155   1.313207   1.097403   0.000000
    11  H    2.157155   1.313207   1.097403   1.758597   1.097403
    12  H    2.194806   1.097403   1.758597   2.718386   2.194806
                   11         12
    11  H    0.000000
    12  H    1.097403   0.000000
 Stoichiometry    H12
 Framework group  C2H[SGH(H12)]
 Deg. of freedom    11
 Full point group                 C2H     NOp   4
 Largest Abelian subgroup         C2H     NOp   4
 Largest concise Abelian subgroup C2      NOp   2
                         Standard orientation:                         
 ---------------------------------------------------------------------
 Center     Atomic      Atomic             Coordinates (Angstroms)
 Number     Number       Type             X           Y           Z
 ---------------------------------------------------------------------
      1          1           0        1.052212    1.957784    0.000000
      2          1           0        0.000000    1.646105    0.000000
      3          1           0        1.052212    0.860381    0.000000
      4          1           0        0.000000    0.548702    0.000000
      5          1           0       -1.052212    1.334425   -0.000000
      6          1           0       -1.052212    0.237022   -0.000000
      7          1           0       -1.052212   -0.860381    0.000000
      8          1           0       -0.000000   -0.548702    0.000000
      9          1           0        1.052212   -0.237022   -0.000000
     10          1           0        1.052212   -1.334425   -0.000000
     11          1           0       -0.000000   -1.646105    0.000000
     12          1           0       -1.052212   -1.957784    0.000000
 ---------------------------------------------------------------------
 Rotational constants (GHZ):     61.0803377     25.7301714     18.1038860
 General basis read from cards:  (5D, 7F)
 There are     6 symmetry adapted cartesian basis functions of AG  symmetry.
 There are     0 symmetry adapted cartesian basis functions of BG  symmetry.
 There are     0 symmetry adapted cartesian basis functions of AU  symmetry.
 There are     6 symmetry adapted cartesian basis functions of BU  symmetry.
 There are     6 symmetry adapted basis functions of AG  symmetry.
 There are     0 symmetry adapted basis functions of BG  symmetry.
 There are     0 symmetry adapted basis functions of AU  symmetry.
 There are     6 symmetry adapted basis functions of BU  symmetry.
    12 basis functions,   120 primitive gaussians,    12 cartesian basis functions
     6 alpha electrons        6 beta electrons
       nuclear repulsion energy        19.9892472166 Hartrees.
 NAtoms=   12 NActive=   12 NUniq=    6 SFac= 4.00D+00 NAtFMM=   60 NAOKFM=F Big=F
 Integral buffers will be    131072 words long.
 Regular integral format.
 Two-electron integral symmetry is turned on.
 One-electron integrals computed using PRISM.
 NBasis=    12 RedAO= T EigKep=  1.29D-01  NBF=     6     0     0     6
 NBsUse=    12 1.00D-06 EigRej= -1.00D+00 NBFU=     6     0     0     6
 Initial guess from the checkpoint file:  "h12.chk"
 B after Tr=    -0.000000    0.000000    0.000000
         Rot=    0.999999   -0.000000    0.000000   -0.001518 Ang=  -0.17 deg.
 Initial guess orbital symmetries:
       Occupied  (AG) (BU) (BU) (AG) (BU) (BU)
       Virtual   (AG) (AG) (BU) (AG) (AG) (BU)
 Keep R1 ints in memory in symmetry-blocked form, NReq=903812.
 Requested convergence on RMS density matrix=1.00D-08 within 128 cycles.
 Requested convergence on MAX density matrix=1.00D-06.
 Requested convergence on             energy=1.00D-06.
 No special actions if energy rises.
 SCF Done:  E(RHF) =  -5.06754568842     A.U. after   11 cycles
            NFock= 11  Conv=0.20D-08     -V/T= 1.6772
 Range of M.O.s used for correlation:     1    12
 NBasis=    12 NAE=     6 NBE=     6 NFC=     0 NFV=     0
 NROrb=     12 NOA=     6 NOB=     6 NVA=     6 NVB=     6

 **** Warning!!: The smallest alpha delta epsilon is -0.14473892D+00

 Semi-Direct transformation.
 ModeAB=           4 MOrb=             6 LenV=     134084535
 LASXX=         2181 LTotXX=        2181 LenRXX=        5115
 LTotAB=        2934 MaxLAS=        3024 LenRXY=           0
 NonZer=        7296 LenScr=      655360 LnRSAI=        3024
 LnScr1=      655360 LExtra=           0 Total=      1318859
 MaxDsk=          -1 SrtSym=           T ITran=            3
 JobTyp=0 Pass  1:  I=   1 to   6.
 (rs|ai) integrals will be sorted in core.
 Spin components of T(2) and E(2):
     alpha-alpha T2 =       0.1418468298D-01 E2=     -0.1499095657D-01
     alpha-beta  T2 =       0.3336837623D+01 E2=     -0.1160871423D+00
     beta-beta   T2 =       0.1418468298D-01 E2=     -0.1499095657D-01
 ANorm=    0.2089307778D+01
 E2 =    -0.1460690555D+00 EUMP2 =    -0.52136147439003D+01
 Second order stability test of a single determinant RHF wave function:
 Stabil:  MDV=134217728
 ***********************************************************************
 Matrix         Lowest Root    Major Pairs
 ***********************************************************************
 Internal RHF    -0.3286561    6A=7A
 RRHF --> CRHF   -0.3955735    6A=7A
 RRHF --> RUHF   -0.5563694    6A=7B
 Not stable.
 ***********************************************************************

 **********************************************************************

            Population analysis using the SCF density.

 **********************************************************************

 Orbital symmetries:
       Occupied  (AG) (BU) (BU) (AG) (BU) (BU)
       Virtual   (AG) (AG) (BU) (AG) (AG) (BU)
 The electronic state is 1-AG.
 Alpha  occ. eigenvalues --   -0.90855  -0.73544  -0.60060  -0.50524  -0.19932
 Alpha  occ. eigenvalues --   -0.06272
 Alpha virt. eigenvalues --   -0.20746   0.08091   0.29311   0.37989   0.59822
 Alpha virt. eigenvalues --    0.84666
          Condensed to atoms (all electrons):
               1          2          3          4          5          6
     1  H    1.351577   0.284001  -0.091091  -0.198574  -0.082302   0.019810
     2  H    0.284001   1.078334  -0.132306  -0.448380   0.310805  -0.240051
     3  H   -0.091091  -0.132306   0.835219   0.538491  -0.047121   0.031427
     4  H   -0.198574  -0.448380   0.538491   1.760775  -0.091531   0.547853
     5  H   -0.082302   0.310805  -0.047121  -0.091531   0.824130  -0.356982
     6  H    0.019810  -0.240051   0.031427   0.547853  -0.356982   1.779140
     7  H    0.009276   0.044500  -0.064763  -0.265517   0.054453  -0.128458
     8  H    0.028146   0.086365  -0.265517  -0.700129   0.045133  -0.225325
     9  H   -0.122018   0.070164  -0.128458  -0.225325   0.063777  -0.233105
    10  H    0.021142  -0.021724   0.054453   0.045133  -0.026556   0.063777
    11  H    0.003053  -0.014217   0.044500   0.086365  -0.021724   0.070164
    12  H   -0.004440   0.003053   0.009276   0.028146   0.021142  -0.122018
               7          8          9         10         11         12
     1  H    0.009276   0.028146  -0.122018   0.021142   0.003053  -0.004440
     2  H    0.044500   0.086365   0.070164  -0.021724  -0.014217   0.003053
     3  H   -0.064763  -0.265517  -0.128458   0.054453   0.044500   0.009276
     4  H   -0.265517  -0.700129  -0.225325   0.045133   0.086365   0.028146
     5  H    0.054453   0.045133   0.063777  -0.026556  -0.021724   0.021142
     6  H   -0.128458  -0.225325  -0.233105   0.063777   0.070164  -0.122018
     7  H    0.835219   0.538491   0.031427  -0.047121  -0.132306  -0.091091
     8  H    0.538491   1.760775   0.547853  -0.091531  -0.448380  -0.198574
     9  H    0.031427   0.547853   1.779140  -0.356982  -0.240051   0.019810
    10  H   -0.047121  -0.091531  -0.356982   0.824130   0.310805  -0.082302
    11  H   -0.132306  -0.448380  -0.240051   0.310805   1.078334   0.284001
    12  H   -0.091091  -0.198574   0.019810  -0.082302   0.284001   1.351577
 Mulliken charges:
               1
     1  H   -0.218581
     2  H   -0.020544
     3  H    0.215889
     4  H   -0.077307
     5  H    0.306775
     6  H   -0.206232
     7  H    0.215889
     8  H   -0.077307
     9  H   -0.206232
    10  H    0.306775
    11  H   -0.020544
    12  H   -0.218581
 Sum of Mulliken charges =   0.00000
 Mulliken charges with hydrogens summed into heavy atoms:
               1
 Electronic spatial extent (au):  <R**2>=            138.3790
 Charge=             -0.0000 electrons
 Dipole moment (field-independent basis, Debye):
    X=             -0.0000    Y=             -0.0000    Z=             -0.0000  Tot=              0.0000
 Quadrupole moment (field-independent basis, Debye-Ang):
   XX=            -13.4334   YY=            -25.1044   ZZ=            -14.5440
   XY=             -6.5542   XZ=             -0.0000   YZ=             -0.0000
 Traceless Quadrupole moment (field-independent basis, Debye-Ang):
   XX=              4.2605   YY=             -7.4105   ZZ=              3.1499
   XY=             -6.5542   XZ=             -0.0000   YZ=             -0.0000
 Octapole moment (field-independent basis, Debye-Ang**2):
  XXX=             -0.0000  YYY=             -0.0000  ZZZ=             -0.0000  XYY=             -0.0000
  XXY=             -0.0000  XXZ=             -0.0000  XZZ=              0.0000  YZZ=             -0.0000
  YYZ=             -0.0000  XYZ=             -0.0000
 Hexadecapole moment (field-independent basis, Debye-Ang**3):
 XXXX=            -78.5993 YYYY=           -252.8069 ZZZZ=            -16.8883 XXXY=            -22.3857
 XXXZ=             -0.0000 YYYX=            -44.7672 YYYZ=             -0.0000 ZZZX=             -0.0000
 ZZZY=             -0.0000 XXYY=            -49.0490 XXZZ=            -16.4737 YYZZ=            -33.0660
 XXYZ=             -0.0000 YYXZ=             -0.0000 ZZXY=             -5.1720
 N-N= 1.998924721658D+01 E-N=-5.157246911599D+01  KE= 7.482605809080D+00
 Symmetry AG   KE= 1.602277526720D+00
 Symmetry BG   KE= 0.000000000000D+00
 Symmetry AU   KE= 0.000000000000D+00
 Symmetry BU   KE= 5.880328282360D+00

 Test job not archived.
 1\1\GINC-SULU\Stability\RHF\Gen\H12\LCJ1\17-Feb-2017\0\\#rhf/gen scf(s
 ymm,tight,novaracc,noincfock,fulldiag) stable(crhf) guess=read geom=no
 crowd test\\hf stability analysis of h12 triangular lattice, y= 0.8792
 9848077231665\\0,1\H\H,1,1.0974031572\H,1,1.0974031572,2,73.5\H,2,1.09
 74031572,1,106.5,3,0.,0\H,2,1.0974031572,1,180.,3,0.,0\H,4,1.097403157
 2,3,180.,5,0.,0\H,6,1.0974031572,5,180.,3,0.,0\H,4,1.0974031572,2,180.
 ,3,0.,0\H,3,1.0974031572,1,180.,4,0.,0\H,9,1.0974031572,3,180.,4,0.,0\
 H,8,1.0974031572,4,180.,3,0.,0\H,7,1.0974031572,6,180.,3,0.,0\\Version
 =ES64L-G09RevE.01\State=1-AG\HF=-5.0675457\MP2=-5.2136147\RMSD=2.011e-
 09\Dipole=0.,0.,0.\Quadrupole=-2.1556068,2.3418999,-0.1862931,0.,-6.44
 97005,0.\PG=C02H [SGH(H12)]\\@


 Age does not diminish the extreme disappointment of
 having a scoop of ice cream fall from the cone.
 -- Jim Fiebig
 Job cpu time:       0 days  0 hours  0 minutes  1.1 seconds.
 File lengths (MBytes):  RWF=     84 Int=      0 D2E=      0 Chk=      2 Scr=      2
 Normal termination of Gaussian 09 at Fri Feb 17 15:02:21 2017.
