 Entering Gaussian System, Link 0=g09
 AtFile(1): H.gbs
            H     0
            S   10   1.00
               1000.000000000000            0.000068713567
                316.227766000000            0.000169141320
                100.000000000000            0.000823394812
                 31.622776600000            0.003425569236
                 10.000000000000            0.013951996000
                  3.162277660000            0.056909313560
                  1.000000000000            0.198286399900
                  0.316227766000            0.496922426700
                  0.100000000000            0.369846276400
                  0.031622776600            0.003752720039
            ****
 Initial command:
 /projects/guscus/apps/gau/g09-e1/g09/l1.exe "/users/lcj1/gaussian/h12/rhfstability/rect/guess/ag2bu4/Gau-19716.inp" -scrdir="/users/lcj1/gaussian/h12/rhfstability/rect/guess/ag2bu4/"
 Entering Link 1 = /projects/guscus/apps/gau/g09-e1/g09/l1.exe PID=     19717.
  
 Copyright (c) 1988,1990,1992,1993,1995,1998,2003,2009,2015,
            Gaussian, Inc.  All Rights Reserved.
  
 This is part of the Gaussian(R) 09 program.  It is based on
 the Gaussian(R) 03 system (copyright 2003, Gaussian, Inc.),
 the Gaussian(R) 98 system (copyright 1998, Gaussian, Inc.),
 the Gaussian(R) 94 system (copyright 1995, Gaussian, Inc.),
 the Gaussian 92(TM) system (copyright 1992, Gaussian, Inc.),
 the Gaussian 90(TM) system (copyright 1990, Gaussian, Inc.),
 the Gaussian 88(TM) system (copyright 1988, Gaussian, Inc.),
 the Gaussian 86(TM) system (copyright 1986, Carnegie Mellon
 University), and the Gaussian 82(TM) system (copyright 1983,
 Carnegie Mellon University). Gaussian is a federally registered
 trademark of Gaussian, Inc.
  
 This software contains proprietary and confidential information,
 including trade secrets, belonging to Gaussian, Inc.
  
 This software is provided under written license and may be
 used, copied, transmitted, or stored only in accord with that
 written license.
  
 The following legend is applicable only to US Government
 contracts under FAR:
  
                    RESTRICTED RIGHTS LEGEND
  
 Use, reproduction and disclosure by the US Government is
 subject to restrictions as set forth in subparagraphs (a)
 and (c) of the Commercial Computer Software - Restricted
 Rights clause in FAR 52.227-19.
  
 Gaussian, Inc.
 340 Quinnipiac St., Bldg. 40, Wallingford CT 06492
  
  
 ---------------------------------------------------------------
 Warning -- This program may not be used in any manner that
 competes with the business of Gaussian, Inc. or will provide
 assistance to any competitor of Gaussian, Inc.  The licensee
 of this program is prohibited from giving any competitor of
 Gaussian, Inc. access to this program.  By using this program,
 the user acknowledges that Gaussian, Inc. is engaged in the
 business of creating and licensing software in the field of
 computational chemistry and represents and warrants to the
 licensee that it is not a competitor of Gaussian, Inc. and that
 it will not use this program in any manner prohibited above.
 ---------------------------------------------------------------
  

 Cite this work as:
 Gaussian 09, Revision E.01,
 M. J. Frisch, G. W. Trucks, H. B. Schlegel, G. E. Scuseria, 
 M. A. Robb, J. R. Cheeseman, G. Scalmani, V. Barone, B. Mennucci, 
 G. A. Petersson, H. Nakatsuji, M. Caricato, X. Li, H. P. Hratchian, 
 A. F. Izmaylov, J. Bloino, G. Zheng, J. L. Sonnenberg, M. Hada, 
 M. Ehara, K. Toyota, R. Fukuda, J. Hasegawa, M. Ishida, T. Nakajima, 
 Y. Honda, O. Kitao, H. Nakai, T. Vreven, J. A. Montgomery, Jr., 
 J. E. Peralta, F. Ogliaro, M. Bearpark, J. J. Heyd, E. Brothers, 
 K. N. Kudin, V. N. Staroverov, T. Keith, R. Kobayashi, J. Normand, 
 K. Raghavachari, A. Rendell, J. C. Burant, S. S. Iyengar, J. Tomasi, 
 M. Cossi, N. Rega, J. M. Millam, M. Klene, J. E. Knox, J. B. Cross, 
 V. Bakken, C. Adamo, J. Jaramillo, R. Gomperts, R. E. Stratmann, 
 O. Yazyev, A. J. Austin, R. Cammi, C. Pomelli, J. W. Ochterski, 
 R. L. Martin, K. Morokuma, V. G. Zakrzewski, G. A. Voth, 
 P. Salvador, J. J. Dannenberg, S. Dapprich, A. D. Daniels, 
 O. Farkas, J. B. Foresman, J. V. Ortiz, J. Cioslowski, 
 and D. J. Fox, Gaussian, Inc., Wallingford CT, 2013.
 
 ******************************************
 Gaussian 09:  ES64L-G09RevE.01 30-Nov-2015
                17-Feb-2017 
 ******************************************
 %chk=h12.chk
 ----------------------------------------------------------------------
 #rhf/gen scf(symm,tight,novaracc,noincfock,fulldiag) stable(crhf) gues
 s=read geom=nocrowd test
 ----------------------------------------------------------------------
 1/38=1/1;
 2/12=1,17=6,18=5,40=1/2;
 3/5=7,16=1,25=1,30=1,116=1/1,2,3;
 4/5=1,9=4/1;
 5/5=100002,15=2,16=1,32=2,38=6/2;
 8/6=1,10=90,11=11/1,4;
 9/8=4,13=1/2;
 6/7=2,8=2,9=2,10=2,28=1/1;
 99/5=1,9=1/99;
 ----------------------------------------------------------------------
 hf stability analysis of h12 triangular lattice, y= 0.6093965744756328
 9
 ----------------------------------------------------------------------
 Symbolic Z-matrix:
 Charge =  0 Multiplicity = 1
 H
 H                    1     1.12648 
 H                    1     1.12648  2     114.5 
 H                    2     1.12648  1     65.5     3     0.       0
 H                    2     1.12648  1     180.     3     0.       0
 H                    4     1.12648  3     180.     5     0.       0
 H                    6     1.12648  5     180.     3     0.       0
 H                    4     1.12648  2     180.     3     0.       0
 H                    3     1.12648  1     180.     4     0.       0
 H                    9     1.12648  3     180.     4     0.       0
 H                    8     1.12648  4     180.     3     0.       0
 H                    7     1.12648  6     180.     3     0.       0
 
                          Input orientation:                          
 ---------------------------------------------------------------------
 Center     Atomic      Atomic             Coordinates (Angstroms)
 Number     Number       Type             X           Y           Z
 ---------------------------------------------------------------------
      1          1           0        0.000000    0.000000    0.000000
      2          1           0        0.000000    0.000000    1.126479
      3          1           0        1.025053    0.000000   -0.467143
      4          1           0        1.025053    0.000000    0.659336
      5          1           0        0.000000    0.000000    2.252959
      6          1           0        1.025053    0.000000    1.785815
      7          1           0        2.050105    0.000000    1.318672
      8          1           0        2.050105    0.000000    0.192193
      9          1           0        2.050105    0.000000   -0.934287
     10          1           0        3.075158    0.000000   -1.401430
     11          1           0        3.075158    0.000000   -0.274951
     12          1           0        3.075158    0.000000    0.851529
 ---------------------------------------------------------------------
                    Distance matrix (angstroms):
                    1          2          3          4          5
     1  H    0.000000
     2  H    1.126479   0.000000
     3  H    1.126479   1.894826   0.000000
     4  H    1.218793   1.126479   1.126479   0.000000
     5  H    2.252959   1.126479   2.906835   1.894826   0.000000
     6  H    2.059094   1.218793   2.252959   1.126479   1.126479
     7  H    2.437586   2.059094   2.059094   1.218793   2.252959
     8  H    2.059094   2.252959   1.218793   1.126479   2.906835
     9  H    2.252959   2.906835   1.126479   1.894826   3.789652
    10  H    3.379438   3.980819   2.252959   2.906835   4.776102
    11  H    3.087425   3.379438   2.059094   2.252959   3.980819
    12  H    3.190877   3.087425   2.437586   2.059094   3.379438
                    6          7          8          9         10
     6  H    0.000000
     7  H    1.126479   0.000000
     8  H    1.894826   1.126479   0.000000
     9  H    2.906835   2.252959   1.126479   0.000000
    10  H    3.789652   2.906835   1.894826   1.126479   0.000000
    11  H    2.906835   1.894826   1.126479   1.218793   1.126479
    12  H    2.252959   1.126479   1.218793   2.059094   2.252959
                   11         12
    11  H    0.000000
    12  H    1.126479   0.000000
 Stoichiometry    H12
 Framework group  C2H[SGH(H12)]
 Deg. of freedom    11
 Full point group                 C2H     NOp   4
 Largest Abelian subgroup         C2H     NOp   4
 Largest concise Abelian subgroup C2      NOp   2
                         Standard orientation:                         
 ---------------------------------------------------------------------
 Center     Atomic      Atomic             Coordinates (Angstroms)
 Number     Number       Type             X           Y           Z
 ---------------------------------------------------------------------
      1          1           0        1.025053    1.222576    0.000000
      2          1           0        0.000000    1.689719    0.000000
      3          1           0        1.025053    0.096096    0.000000
      4          1           0        0.000000    0.563240    0.000000
      5          1           0       -1.025053    2.156862    0.000000
      6          1           0       -1.025053    1.030383    0.000000
      7          1           0       -1.025053   -0.096096   -0.000000
      8          1           0       -0.000000   -0.563240    0.000000
      9          1           0        1.025053   -1.030383    0.000000
     10          1           0        1.025053   -2.156862    0.000000
     11          1           0       -0.000000   -1.689719    0.000000
     12          1           0       -1.025053   -1.222576    0.000000
 ---------------------------------------------------------------------
 Rotational constants (GHZ):     68.5427538     22.9288666     17.1813689
 General basis read from cards:  (5D, 7F)
 There are     6 symmetry adapted cartesian basis functions of AG  symmetry.
 There are     0 symmetry adapted cartesian basis functions of BG  symmetry.
 There are     0 symmetry adapted cartesian basis functions of AU  symmetry.
 There are     6 symmetry adapted cartesian basis functions of BU  symmetry.
 There are     6 symmetry adapted basis functions of AG  symmetry.
 There are     0 symmetry adapted basis functions of BG  symmetry.
 There are     0 symmetry adapted basis functions of AU  symmetry.
 There are     6 symmetry adapted basis functions of BU  symmetry.
    12 basis functions,   120 primitive gaussians,    12 cartesian basis functions
     6 alpha electrons        6 beta electrons
       nuclear repulsion energy        19.7573026847 Hartrees.
 NAtoms=   12 NActive=   12 NUniq=    6 SFac= 4.00D+00 NAtFMM=   60 NAOKFM=F Big=F
 Integral buffers will be    131072 words long.
 Regular integral format.
 Two-electron integral symmetry is turned on.
 One-electron integrals computed using PRISM.
 NBasis=    12 RedAO= T EigKep=  1.56D-01  NBF=     6     0     0     6
 NBsUse=    12 1.00D-06 EigRej= -1.00D+00 NBFU=     6     0     0     6
 Initial guess from the checkpoint file:  "h12.chk"
 B after Tr=     0.000000    0.000000   -0.000000
         Rot=    0.999999   -0.000000   -0.000000   -0.001518 Ang=  -0.17 deg.
 Initial guess orbital symmetries:
       Occupied  (AG) (BU) (BU) (AG) (BU) (BU)
       Virtual   (AG) (AG) (AG) (BU) (AG) (BU)
 Keep R1 ints in memory in symmetry-blocked form, NReq=903994.
 Requested convergence on RMS density matrix=1.00D-08 within 128 cycles.
 Requested convergence on MAX density matrix=1.00D-06.
 Requested convergence on             energy=1.00D-06.
 No special actions if energy rises.
 SCF Done:  E(RHF) =  -5.12437873281     A.U. after   11 cycles
            NFock= 11  Conv=0.71D-09     -V/T= 1.6980
 Range of M.O.s used for correlation:     1    12
 NBasis=    12 NAE=     6 NBE=     6 NFC=     0 NFV=     0
 NROrb=     12 NOA=     6 NOB=     6 NVA=     6 NVB=     6

 **** Warning!!: The smallest alpha delta epsilon is -0.15985360D+00

 Semi-Direct transformation.
 ModeAB=           4 MOrb=             6 LenV=     134084283
 LASXX=         2181 LTotXX=        2181 LenRXX=        5115
 LTotAB=        2934 MaxLAS=        3024 LenRXY=           0
 NonZer=        7296 LenScr=      655360 LnRSAI=        3024
 LnScr1=      655360 LExtra=           0 Total=      1318859
 MaxDsk=          -1 SrtSym=           T ITran=            3
 JobTyp=0 Pass  1:  I=   1 to   6.
 (rs|ai) integrals will be sorted in core.
 Spin components of T(2) and E(2):
     alpha-alpha T2 =       0.1722467837D-01 E2=     -0.1564936880D-01
     alpha-beta  T2 =       0.1016422320D+01 E2=     -0.1464908937D+00
     beta-beta   T2 =       0.1722467837D-01 E2=     -0.1564936880D-01
 ANorm=    0.1432086477D+01
 E2 =    -0.1777896313D+00 EUMP2 =    -0.53021683640911D+01
 Second order stability test of a single determinant RHF wave function:
 Stabil:  MDV=134217728
 ***********************************************************************
 Matrix         Lowest Root    Major Pairs
 ***********************************************************************
 Internal RHF    -0.3405536    6A=7A
 RRHF --> CRHF   -0.4073937    6A=7A
 RRHF --> RUHF   -0.5703947    6A=7B
 Not stable.
 ***********************************************************************

 **********************************************************************

            Population analysis using the SCF density.

 **********************************************************************

 Orbital symmetries:
       Occupied  (AG) (BU) (BU) (AG) (BU) (BU)
       Virtual   (AG) (AG) (AG) (BU) (AG) (BU)
 The electronic state is 1-AG.
 Alpha  occ. eigenvalues --   -0.91936  -0.73765  -0.59947  -0.51831  -0.22898
 Alpha  occ. eigenvalues --   -0.02245
 Alpha virt. eigenvalues --   -0.18231   0.09503   0.32059   0.32883   0.57954
 Alpha virt. eigenvalues --    0.69026
          Condensed to atoms (all electrons):
               1          2          3          4          5          6
     1  H    0.510072   0.197737  -0.104553   0.107108  -0.069776  -0.058756
     2  H    0.197737   1.468378  -0.252677  -0.460794   0.189780  -0.289222
     3  H   -0.104553  -0.252677   1.721742   0.342153   0.023374   0.061783
     4  H    0.107108  -0.460794   0.342153   1.526949  -0.161158   0.467318
     5  H   -0.069776   0.189780   0.023374  -0.161158   1.175661   0.099712
     6  H   -0.058756  -0.289222   0.061783   0.467318   0.099712   1.083079
     7  H    0.040560   0.133711  -0.265837  -0.094367  -0.120203  -0.314914
     8  H   -0.008982   0.097138  -0.094367  -0.554463   0.023266  -0.231275
     9  H    0.045137   0.064004  -0.314914  -0.231275   0.002718  -0.058102
    10  H    0.012384   0.002840  -0.120203   0.023266  -0.002212   0.002718
    11  H   -0.021284  -0.030058   0.133711   0.097138   0.002840   0.064004
    12  H   -0.020728  -0.021284   0.040560  -0.008982   0.012384   0.045137
               7          8          9         10         11         12
     1  H    0.040560  -0.008982   0.045137   0.012384  -0.021284  -0.020728
     2  H    0.133711   0.097138   0.064004   0.002840  -0.030058  -0.021284
     3  H   -0.265837  -0.094367  -0.314914  -0.120203   0.133711   0.040560
     4  H   -0.094367  -0.554463  -0.231275   0.023266   0.097138  -0.008982
     5  H   -0.120203   0.023266   0.002718  -0.002212   0.002840   0.012384
     6  H   -0.314914  -0.231275  -0.058102   0.002718   0.064004   0.045137
     7  H    1.721742   0.342153   0.061783   0.023374  -0.252677  -0.104553
     8  H    0.342153   1.526949   0.467318  -0.161158  -0.460794   0.107108
     9  H    0.061783   0.467318   1.083079   0.099712  -0.289222  -0.058756
    10  H    0.023374  -0.161158   0.099712   1.175661   0.189780  -0.069776
    11  H   -0.252677  -0.460794  -0.289222   0.189780   1.468378   0.197737
    12  H   -0.104553   0.107108  -0.058756  -0.069776   0.197737   0.510072
 Mulliken charges:
               1
     1  H    0.371083
     2  H   -0.099553
     3  H   -0.170771
     4  H   -0.052893
     5  H   -0.176387
     6  H    0.128520
     7  H   -0.170771
     8  H   -0.052893
     9  H    0.128520
    10  H   -0.176387
    11  H   -0.099553
    12  H    0.371083
 Sum of Mulliken charges =  -0.00000
 Mulliken charges with hydrogens summed into heavy atoms:
               1
 Electronic spatial extent (au):  <R**2>=            144.8642
 Charge=              0.0000 electrons
 Dipole moment (field-independent basis, Debye):
    X=             -0.0000    Y=              0.0000    Z=             -0.0000  Tot=              0.0000
 Quadrupole moment (field-independent basis, Debye-Ang):
   XX=            -14.0361   YY=            -25.9694   ZZ=            -14.6556
   XY=              7.5520   XZ=             -0.0000   YZ=              0.0000
 Traceless Quadrupole moment (field-independent basis, Debye-Ang):
   XX=              4.1843   YY=             -7.7490   ZZ=              3.5648
   XY=              7.5520   XZ=             -0.0000   YZ=              0.0000
 Octapole moment (field-independent basis, Debye-Ang**2):
  XXX=              0.0000  YYY=             -0.0000  ZZZ=             -0.0000  XYY=              0.0000
  XXY=              0.0000  XXZ=             -0.0000  XZZ=              0.0000  YZZ=             -0.0000
  YYZ=             -0.0000  XYZ=              0.0000
 Hexadecapole moment (field-independent basis, Debye-Ang**3):
 XXXX=            -78.9128 YYYY=           -274.8341 ZZZZ=            -17.0914 XXXY=             29.5551
 XXXZ=             -0.0000 YYYX=             51.4174 YYYZ=              0.0000 ZZZX=             -0.0000
 ZZZY=              0.0000 XXYY=            -50.8051 XXZZ=            -16.3002 YYZZ=            -35.7812
 XXYZ=              0.0000 YYXZ=             -0.0000 ZZXY=              6.9454
 N-N= 1.975730268475D+01 E-N=-5.105225280876D+01  KE= 7.341346006851D+00
 Symmetry AG   KE= 1.546591515946D+00
 Symmetry BG   KE= 0.000000000000D+00
 Symmetry AU   KE= 0.000000000000D+00
 Symmetry BU   KE= 5.794754490905D+00

 Test job not archived.
 1\1\GINC-SULU\Stability\RHF\Gen\H12\LCJ1\17-Feb-2017\0\\#rhf/gen scf(s
 ymm,tight,novaracc,noincfock,fulldiag) stable(crhf) guess=read geom=no
 crowd test\\hf stability analysis of h12 triangular lattice, y= 0.6093
 9657447563289\\0,1\H\H,1,1.1264793288\H,1,1.1264793288,2,114.5\H,2,1.1
 264793288,1,65.5,3,0.,0\H,2,1.1264793288,1,180.,3,0.,0\H,4,1.126479328
 8,3,180.,5,0.,0\H,6,1.1264793288,5,180.,3,0.,0\H,4,1.1264793288,2,180.
 ,3,0.,0\H,3,1.1264793288,1,180.,4,0.,0\H,9,1.1264793288,3,180.,4,0.,0\
 H,8,1.1264793288,4,180.,3,0.,0\H,7,1.1264793288,6,180.,3,0.,0\\Version
 =ES64L-G09RevE.01\State=1-AG\HF=-5.1243787\MP2=-5.3021684\RMSD=7.122e-
 10\Dipole=0.,0.,0.\Quadrupole=0.0020247,2.650336,-2.6523607,0.,7.03154
 28,0.\PG=C02H [SGH(H12)]\\@


 THERE IS MUCH PLEASURE TO BE GAINED FROM USELESS KNOWLEDGE

                                       -- BERTRAND RUSSELL
 Job cpu time:       0 days  0 hours  0 minutes  1.1 seconds.
 File lengths (MBytes):  RWF=     84 Int=      0 D2E=      0 Chk=      2 Scr=      2
 Normal termination of Gaussian 09 at Fri Feb 17 14:58:03 2017.
