 Entering Gaussian System, Link 0=g09
 AtFile(1): H.gbs
            H     0
            S   10   1.00
               1000.000000000000            0.000068713567
                316.227766000000            0.000169141320
                100.000000000000            0.000823394812
                 31.622776600000            0.003425569236
                 10.000000000000            0.013951996000
                  3.162277660000            0.056909313560
                  1.000000000000            0.198286399900
                  0.316227766000            0.496922426700
                  0.100000000000            0.369846276400
                  0.031622776600            0.003752720039
            ****
 Initial command:
 /projects/guscus/apps/gau/g09-e1/g09/l1.exe "/users/lcj1/gaussian/h12/rhfstability/rect/guess/ag2bu4/Gau-9157.inp" -scrdir="/users/lcj1/gaussian/h12/rhfstability/rect/guess/ag2bu4/"
 Entering Link 1 = /projects/guscus/apps/gau/g09-e1/g09/l1.exe PID=      9160.
  
 Copyright (c) 1988,1990,1992,1993,1995,1998,2003,2009,2015,
            Gaussian, Inc.  All Rights Reserved.
  
 This is part of the Gaussian(R) 09 program.  It is based on
 the Gaussian(R) 03 system (copyright 2003, Gaussian, Inc.),
 the Gaussian(R) 98 system (copyright 1998, Gaussian, Inc.),
 the Gaussian(R) 94 system (copyright 1995, Gaussian, Inc.),
 the Gaussian 92(TM) system (copyright 1992, Gaussian, Inc.),
 the Gaussian 90(TM) system (copyright 1990, Gaussian, Inc.),
 the Gaussian 88(TM) system (copyright 1988, Gaussian, Inc.),
 the Gaussian 86(TM) system (copyright 1986, Carnegie Mellon
 University), and the Gaussian 82(TM) system (copyright 1983,
 Carnegie Mellon University). Gaussian is a federally registered
 trademark of Gaussian, Inc.
  
 This software contains proprietary and confidential information,
 including trade secrets, belonging to Gaussian, Inc.
  
 This software is provided under written license and may be
 used, copied, transmitted, or stored only in accord with that
 written license.
  
 The following legend is applicable only to US Government
 contracts under FAR:
  
                    RESTRICTED RIGHTS LEGEND
  
 Use, reproduction and disclosure by the US Government is
 subject to restrictions as set forth in subparagraphs (a)
 and (c) of the Commercial Computer Software - Restricted
 Rights clause in FAR 52.227-19.
  
 Gaussian, Inc.
 340 Quinnipiac St., Bldg. 40, Wallingford CT 06492
  
  
 ---------------------------------------------------------------
 Warning -- This program may not be used in any manner that
 competes with the business of Gaussian, Inc. or will provide
 assistance to any competitor of Gaussian, Inc.  The licensee
 of this program is prohibited from giving any competitor of
 Gaussian, Inc. access to this program.  By using this program,
 the user acknowledges that Gaussian, Inc. is engaged in the
 business of creating and licensing software in the field of
 computational chemistry and represents and warrants to the
 licensee that it is not a competitor of Gaussian, Inc. and that
 it will not use this program in any manner prohibited above.
 ---------------------------------------------------------------
  

 Cite this work as:
 Gaussian 09, Revision E.01,
 M. J. Frisch, G. W. Trucks, H. B. Schlegel, G. E. Scuseria, 
 M. A. Robb, J. R. Cheeseman, G. Scalmani, V. Barone, B. Mennucci, 
 G. A. Petersson, H. Nakatsuji, M. Caricato, X. Li, H. P. Hratchian, 
 A. F. Izmaylov, J. Bloino, G. Zheng, J. L. Sonnenberg, M. Hada, 
 M. Ehara, K. Toyota, R. Fukuda, J. Hasegawa, M. Ishida, T. Nakajima, 
 Y. Honda, O. Kitao, H. Nakai, T. Vreven, J. A. Montgomery, Jr., 
 J. E. Peralta, F. Ogliaro, M. Bearpark, J. J. Heyd, E. Brothers, 
 K. N. Kudin, V. N. Staroverov, T. Keith, R. Kobayashi, J. Normand, 
 K. Raghavachari, A. Rendell, J. C. Burant, S. S. Iyengar, J. Tomasi, 
 M. Cossi, N. Rega, J. M. Millam, M. Klene, J. E. Knox, J. B. Cross, 
 V. Bakken, C. Adamo, J. Jaramillo, R. Gomperts, R. E. Stratmann, 
 O. Yazyev, A. J. Austin, R. Cammi, C. Pomelli, J. W. Ochterski, 
 R. L. Martin, K. Morokuma, V. G. Zakrzewski, G. A. Voth, 
 P. Salvador, J. J. Dannenberg, S. Dapprich, A. D. Daniels, 
 O. Farkas, J. B. Foresman, J. V. Ortiz, J. Cioslowski, 
 and D. J. Fox, Gaussian, Inc., Wallingford CT, 2013.
 
 ******************************************
 Gaussian 09:  ES64L-G09RevE.01 30-Nov-2015
                17-Feb-2017 
 ******************************************
 %chk=h12.chk
 ----------------------------------------------------------------------
 #rhf/gen scf(symm,tight,novaracc,noincfock,fulldiag) stable(crhf) gues
 s=read geom=nocrowd test
 ----------------------------------------------------------------------
 1/38=1/1;
 2/12=1,17=6,18=5,40=1/2;
 3/5=7,16=1,25=1,30=1,116=1/1,2,3;
 4/5=1,9=4/1;
 5/5=100002,15=2,16=1,32=2,38=6/2;
 8/6=1,10=90,11=11/1,4;
 9/8=4,13=1/2;
 6/7=2,8=2,9=2,10=2,28=1/1;
 99/5=1,9=1/99;
 ----------------------------------------------------------------------
 hf stability analysis of h12 triangular lattice, y= 0.3310791093259662
 4
 ----------------------------------------------------------------------
 Symbolic Z-matrix:
 Charge =  0 Multiplicity = 1
 H
 H                    1     1.77499 
 H                    1     1.77499  2     158.5 
 H                    2     1.77499  1     21.5     3     0.       0
 H                    2     1.77499  1     180.     3     0.       0
 H                    4     1.77499  3     180.     5     0.       0
 H                    6     1.77499  5     180.     3     0.       0
 H                    4     1.77499  2     180.     3     0.       0
 H                    3     1.77499  1     180.     4     0.       0
 H                    9     1.77499  3     180.     4     0.       0
 H                    8     1.77499  4     180.     3     0.       0
 H                    7     1.77499  6     180.     3     0.       0
 
                          Input orientation:                          
 ---------------------------------------------------------------------
 Center     Atomic      Atomic             Coordinates (Angstroms)
 Number     Number       Type             X           Y           Z
 ---------------------------------------------------------------------
      1          1           0        0.000000    0.000000    0.000000
      2          1           0        0.000000    0.000000    1.774994
      3          1           0        0.650538    0.000000   -1.651486
      4          1           0        0.650538    0.000000    0.123508
      5          1           0        0.000000    0.000000    3.549989
      6          1           0        0.650538    0.000000    1.898503
      7          1           0        1.301075    0.000000    0.247017
      8          1           0        1.301075    0.000000   -1.527977
      9          1           0        1.301075    0.000000   -3.302972
     10          1           0        1.951613    0.000000   -4.954458
     11          1           0        1.951613    0.000000   -3.179463
     12          1           0        1.951613    0.000000   -1.404469
 ---------------------------------------------------------------------
                    Distance matrix (angstroms):
                    1          2          3          4          5
     1  H    0.000000
     2  H    1.774994   0.000000
     3  H    1.774994   3.487688   0.000000
     4  H    0.662158   1.774994   1.774994   0.000000
     5  H    3.549989   1.774994   5.241997   3.487688   0.000000
     6  H    2.006866   0.662158   3.549989   1.774994   1.774994
     7  H    1.324316   2.006866   2.006866   0.662158   3.549989
     8  H    2.006866   3.549989   0.662158   1.774994   5.241997
     9  H    3.549989   5.241997   1.774994   3.487688   6.975375
    10  H    5.324983   7.006734   3.549989   5.241997   8.725503
    11  H    3.730654   5.324983   2.006866   3.549989   7.006734
    12  H    2.404439   3.730654   1.324316   2.006866   5.324983
                    6          7          8          9         10
     6  H    0.000000
     7  H    1.774994   0.000000
     8  H    3.487688   1.774994   0.000000
     9  H    5.241997   3.549989   1.774994   0.000000
    10  H    6.975375   5.241997   3.487688   1.774994   0.000000
    11  H    5.241997   3.487688   1.774994   0.662158   1.774994
    12  H    3.549989   1.774994   0.662158   2.006866   3.549989
                   11         12
    11  H    0.000000
    12  H    1.774994   0.000000
 Stoichiometry    H12
 Framework group  C2H[SGH(H12)]
 Deg. of freedom    11
 Full point group                 C2H     NOp   4
 Largest Abelian subgroup         C2H     NOp   4
 Largest concise Abelian subgroup C2      NOp   2
                         Standard orientation:                         
 ---------------------------------------------------------------------
 Center     Atomic      Atomic             Coordinates (Angstroms)
 Number     Number       Type             X           Y           Z
 ---------------------------------------------------------------------
      1          1           0        0.650538    1.011006    0.000000
      2          1           0        0.000000    2.662491    0.000000
      3          1           0        0.650538   -0.763989    0.000000
      4          1           0        0.000000    0.887497    0.000000
      5          1           0       -0.650538    4.313977    0.000000
      6          1           0       -0.650538    2.538983    0.000000
      7          1           0       -0.650538    0.763989    0.000000
      8          1           0       -0.000000   -0.887497    0.000000
      9          1           0        0.650538   -2.538983    0.000000
     10          1           0        0.650538   -4.313977    0.000000
     11          1           0       -0.000000   -2.662491    0.000000
     12          1           0       -0.650538   -1.011006    0.000000
 ---------------------------------------------------------------------
 Rotational constants (GHZ):    219.9638992      7.1448438      6.9200669
 General basis read from cards:  (5D, 7F)
 There are     6 symmetry adapted cartesian basis functions of AG  symmetry.
 There are     0 symmetry adapted cartesian basis functions of BG  symmetry.
 There are     0 symmetry adapted cartesian basis functions of AU  symmetry.
 There are     6 symmetry adapted cartesian basis functions of BU  symmetry.
 There are     6 symmetry adapted basis functions of AG  symmetry.
 There are     0 symmetry adapted basis functions of BG  symmetry.
 There are     0 symmetry adapted basis functions of AU  symmetry.
 There are     6 symmetry adapted basis functions of BU  symmetry.
    12 basis functions,   120 primitive gaussians,    12 cartesian basis functions
     6 alpha electrons        6 beta electrons
       nuclear repulsion energy        16.7811498310 Hartrees.
 NAtoms=   12 NActive=   12 NUniq=    6 SFac= 4.00D+00 NAtFMM=   60 NAOKFM=F Big=F
 Integral buffers will be    131072 words long.
 Regular integral format.
 Two-electron integral symmetry is turned on.
 One-electron integrals computed using PRISM.
 NBasis=    12 RedAO= T EigKep=  7.64D-02  NBF=     6     0     0     6
 NBsUse=    12 1.00D-06 EigRej= -1.00D+00 NBFU=     6     0     0     6
 Initial guess from the checkpoint file:  "h12.chk"
 B after Tr=    -0.000000   -0.000000    0.000000
         Rot=    0.999999    0.000000    0.000000   -0.001518 Ang=  -0.17 deg.
 Initial guess orbital symmetries:
       Occupied  (AG) (BU) (AG) (BU) (BU) (BU)
       Virtual   (AG) (AG) (BU) (AG) (AG) (BU)
 Keep R1 ints in memory in symmetry-blocked form, NReq=896630.
 Requested convergence on RMS density matrix=1.00D-08 within 128 cycles.
 Requested convergence on MAX density matrix=1.00D-06.
 Requested convergence on             energy=1.00D-06.
 No special actions if energy rises.
 SCF Done:  E(RHF) =  -5.59901179869     A.U. after    6 cycles
            NFock=  6  Conv=0.56D-08     -V/T= 1.8868
 Range of M.O.s used for correlation:     1    12
 NBasis=    12 NAE=     6 NBE=     6 NFC=     0 NFV=     0
 NROrb=     12 NOA=     6 NOB=     6 NVA=     6 NVB=     6

 **** Warning!!: The smallest alpha delta epsilon is  0.60098733D-01

 Semi-Direct transformation.
 ModeAB=           4 MOrb=             6 LenV=     134090611
 LASXX=         2181 LTotXX=        2181 LenRXX=        5115
 LTotAB=        2934 MaxLAS=        3024 LenRXY=           0
 NonZer=        7296 LenScr=      655360 LnRSAI=        3024
 LnScr1=      655360 LExtra=           0 Total=      1318859
 MaxDsk=          -1 SrtSym=           T ITran=            3
 JobTyp=0 Pass  1:  I=   1 to   6.
 (rs|ai) integrals will be sorted in core.
 Spin components of T(2) and E(2):
     alpha-alpha T2 =       0.5669714099D-02 E2=     -0.5011721763D-02
     alpha-beta  T2 =       0.5528852648D+01 E2=     -0.7284656927D+00
     beta-beta   T2 =       0.5669714099D-02 E2=     -0.5011721763D-02
 ANorm=    0.2557379924D+01
 E2 =    -0.7384891362D+00 EUMP2 =    -0.63375009348645D+01
 Second order stability test of a single determinant RHF wave function:
 Stabil:  MDV=134217728
 ***********************************************************************
 Matrix         Lowest Root    Major Pairs
 ***********************************************************************
 Internal RHF     0.060662     Stable
 RRHF --> CRHF   -0.0015514    6A=7A
 RRHF --> RUHF   -0.56759      6A=7B
 Not stable.
 ***********************************************************************

 **********************************************************************

            Population analysis using the SCF density.

 **********************************************************************

 Orbital symmetries:
       Occupied  (AG) (BU) (AG) (BU) (BU) (BU)
       Virtual   (AG) (AG) (BU) (AG) (AG) (BU)
 The electronic state is 1-AG.
 Alpha  occ. eigenvalues --   -0.88739  -0.79312  -0.66303  -0.63948  -0.33835
 Alpha  occ. eigenvalues --   -0.18486
 Alpha virt. eigenvalues --   -0.12477   0.03453   0.47815   0.49962   0.86918
 Alpha virt. eigenvalues --    1.07694
          Condensed to atoms (all electrons):
               1          2          3          4          5          6
     1  H    0.821031  -0.009222   0.197512   0.265416   0.000466  -0.038447
     2  H   -0.009222   0.661006   0.003431  -0.061159  -0.046894   0.504022
     3  H    0.197512   0.003431   0.948421  -0.040632  -0.000050  -0.001132
     4  H    0.265416  -0.061159  -0.040632   0.967616   0.001370  -0.059233
     5  H    0.000466  -0.046894  -0.000050   0.001370   1.107435  -0.045432
     6  H   -0.038447   0.504022  -0.001132  -0.059233  -0.045432   0.640344
     7  H   -0.283576  -0.044922  -0.189903   0.293894   0.000620  -0.013103
     8  H   -0.021584   0.001707   0.293894  -0.069052  -0.000101   0.001714
     9  H    0.002547  -0.000067  -0.013103   0.001714   0.000015  -0.000084
    10  H   -0.000035   0.000015   0.000620  -0.000101  -0.000005   0.000015
    11  H   -0.000992  -0.000083  -0.044922   0.001707   0.000015  -0.000067
    12  H   -0.099025  -0.000992  -0.283576  -0.021584  -0.000035   0.002547
               7          8          9         10         11         12
     1  H   -0.283576  -0.021584   0.002547  -0.000035  -0.000992  -0.099025
     2  H   -0.044922   0.001707  -0.000067   0.000015  -0.000083  -0.000992
     3  H   -0.189903   0.293894  -0.013103   0.000620  -0.044922  -0.283576
     4  H    0.293894  -0.069052   0.001714  -0.000101   0.001707  -0.021584
     5  H    0.000620  -0.000101   0.000015  -0.000005   0.000015  -0.000035
     6  H   -0.013103   0.001714  -0.000084   0.000015  -0.000067   0.002547
     7  H    0.948421  -0.040632  -0.001132  -0.000050   0.003431   0.197512
     8  H   -0.040632   0.967616  -0.059233   0.001370  -0.061159   0.265416
     9  H   -0.001132  -0.059233   0.640344  -0.045432   0.504022  -0.038447
    10  H   -0.000050   0.001370  -0.045432   1.107435  -0.046894   0.000466
    11  H    0.003431  -0.061159   0.504022  -0.046894   0.661006  -0.009222
    12  H    0.197512   0.265416  -0.038447   0.000466  -0.009222   0.821031
 Mulliken charges:
               1
     1  H    0.165908
     2  H   -0.006844
     3  H    0.129440
     4  H   -0.279955
     5  H   -0.017404
     6  H    0.008855
     7  H    0.129440
     8  H   -0.279955
     9  H    0.008855
    10  H   -0.017404
    11  H   -0.006844
    12  H    0.165908
 Sum of Mulliken charges =  -0.00000
 Mulliken charges with hydrogens summed into heavy atoms:
               1
 Electronic spatial extent (au):  <R**2>=            298.2271
 Charge=              0.0000 electrons
 Dipole moment (field-independent basis, Debye):
    X=              0.0000    Y=              0.0000    Z=              0.0000  Tot=              0.0000
 Quadrupole moment (field-independent basis, Debye-Ang):
   XX=            -15.8997   YY=            -21.7711   ZZ=            -15.3959
   XY=              1.5283   XZ=              0.0000   YZ=             -0.0000
 Traceless Quadrupole moment (field-independent basis, Debye-Ang):
   XX=              1.7892   YY=             -4.0822   ZZ=              2.2931
   XY=              1.5283   XZ=              0.0000   YZ=             -0.0000
 Octapole moment (field-independent basis, Debye-Ang**2):
  XXX=              0.0000  YYY=             -0.0000  ZZZ=             -0.0000  XYY=              0.0000
  XXY=             -0.0000  XXZ=             -0.0000  XZZ=              0.0000  YZZ=             -0.0000
  YYZ=             -0.0000  XYZ=              0.0000
 Hexadecapole moment (field-independent basis, Debye-Ang**3):
 XXXX=            -47.5003 YYYY=           -747.5125 ZZZZ=            -18.5414 XXXY=             34.2492
 XXXZ=              0.0000 YYYX=             64.4119 YYYZ=             -0.0000 ZZZX=              0.0000
 ZZZY=             -0.0000 XXYY=           -103.1497 XXZZ=            -11.0170 YYZZ=            -98.7096
 XXYZ=             -0.0000 YYXZ=              0.0000 ZZXY=             11.7125
 N-N= 1.678114983105D+01 E-N=-4.406141253434D+01  KE= 6.313542906383D+00
 Symmetry AG   KE= 1.573247839061D+00
 Symmetry BG   KE= 0.000000000000D+00
 Symmetry AU   KE= 0.000000000000D+00
 Symmetry BU   KE= 4.740295067322D+00

 Test job not archived.
 1\1\GINC-SULU\Stability\RHF\Gen\H12\LCJ1\17-Feb-2017\0\\#rhf/gen scf(s
 ymm,tight,novaracc,noincfock,fulldiag) stable(crhf) guess=read geom=no
 crowd test\\hf stability analysis of h12 triangular lattice, y= 0.3310
 7910932596624\\0,1\H\H,1,1.7749942973\H,1,1.7749942973,2,158.5\H,2,1.7
 749942973,1,21.5,3,0.,0\H,2,1.7749942973,1,180.,3,0.,0\H,4,1.774994297
 3,3,180.,5,0.,0\H,6,1.7749942973,5,180.,3,0.,0\H,4,1.7749942973,2,180.
 ,3,0.,0\H,3,1.7749942973,1,180.,4,0.,0\H,9,1.7749942973,3,180.,4,0.,0\
 H,8,1.7749942973,4,180.,3,0.,0\H,7,1.7749942973,6,180.,3,0.,0\\Version
 =ES64L-G09RevE.01\State=1-AG\HF=-5.5990118\MP2=-6.3375009\RMSD=5.564e-
 09\Dipole=0.,0.,0.\Quadrupole=1.5187703,1.7048271,-3.2235974,0.,0.6575
 462,0.\PG=C02H [SGH(H12)]\\@


 This summer one third of the nation will be ill-housed
 ill-nourished and ill-clad. Only they call it a vacation.
 -- Jonas Salk
 Job cpu time:       0 days  0 hours  0 minutes  1.0 seconds.
 File lengths (MBytes):  RWF=     84 Int=      0 D2E=      0 Chk=      2 Scr=      2
 Normal termination of Gaussian 09 at Fri Feb 17 14:53:35 2017.
