 Entering Gaussian System, Link 0=g09
 AtFile(1): H.gbs
            H     0
            S   10   1.00
               1000.000000000000            0.000068713567
                316.227766000000            0.000169141320
                100.000000000000            0.000823394812
                 31.622776600000            0.003425569236
                 10.000000000000            0.013951996000
                  3.162277660000            0.056909313560
                  1.000000000000            0.198286399900
                  0.316227766000            0.496922426700
                  0.100000000000            0.369846276400
                  0.031622776600            0.003752720039
            ****
 Initial command:
 /projects/guscus/apps/gau/g09-e1/g09/l1.exe "/users/lcj1/gaussian/h12/rhfstability/rect/guess/ag2bu4/Gau-19026.inp" -scrdir="/users/lcj1/gaussian/h12/rhfstability/rect/guess/ag2bu4/"
 Entering Link 1 = /projects/guscus/apps/gau/g09-e1/g09/l1.exe PID=     19027.
  
 Copyright (c) 1988,1990,1992,1993,1995,1998,2003,2009,2015,
            Gaussian, Inc.  All Rights Reserved.
  
 This is part of the Gaussian(R) 09 program.  It is based on
 the Gaussian(R) 03 system (copyright 2003, Gaussian, Inc.),
 the Gaussian(R) 98 system (copyright 1998, Gaussian, Inc.),
 the Gaussian(R) 94 system (copyright 1995, Gaussian, Inc.),
 the Gaussian 92(TM) system (copyright 1992, Gaussian, Inc.),
 the Gaussian 90(TM) system (copyright 1990, Gaussian, Inc.),
 the Gaussian 88(TM) system (copyright 1988, Gaussian, Inc.),
 the Gaussian 86(TM) system (copyright 1986, Carnegie Mellon
 University), and the Gaussian 82(TM) system (copyright 1983,
 Carnegie Mellon University). Gaussian is a federally registered
 trademark of Gaussian, Inc.
  
 This software contains proprietary and confidential information,
 including trade secrets, belonging to Gaussian, Inc.
  
 This software is provided under written license and may be
 used, copied, transmitted, or stored only in accord with that
 written license.
  
 The following legend is applicable only to US Government
 contracts under FAR:
  
                    RESTRICTED RIGHTS LEGEND
  
 Use, reproduction and disclosure by the US Government is
 subject to restrictions as set forth in subparagraphs (a)
 and (c) of the Commercial Computer Software - Restricted
 Rights clause in FAR 52.227-19.
  
 Gaussian, Inc.
 340 Quinnipiac St., Bldg. 40, Wallingford CT 06492
  
  
 ---------------------------------------------------------------
 Warning -- This program may not be used in any manner that
 competes with the business of Gaussian, Inc. or will provide
 assistance to any competitor of Gaussian, Inc.  The licensee
 of this program is prohibited from giving any competitor of
 Gaussian, Inc. access to this program.  By using this program,
 the user acknowledges that Gaussian, Inc. is engaged in the
 business of creating and licensing software in the field of
 computational chemistry and represents and warrants to the
 licensee that it is not a competitor of Gaussian, Inc. and that
 it will not use this program in any manner prohibited above.
 ---------------------------------------------------------------
  

 Cite this work as:
 Gaussian 09, Revision E.01,
 M. J. Frisch, G. W. Trucks, H. B. Schlegel, G. E. Scuseria, 
 M. A. Robb, J. R. Cheeseman, G. Scalmani, V. Barone, B. Mennucci, 
 G. A. Petersson, H. Nakatsuji, M. Caricato, X. Li, H. P. Hratchian, 
 A. F. Izmaylov, J. Bloino, G. Zheng, J. L. Sonnenberg, M. Hada, 
 M. Ehara, K. Toyota, R. Fukuda, J. Hasegawa, M. Ishida, T. Nakajima, 
 Y. Honda, O. Kitao, H. Nakai, T. Vreven, J. A. Montgomery, Jr., 
 J. E. Peralta, F. Ogliaro, M. Bearpark, J. J. Heyd, E. Brothers, 
 K. N. Kudin, V. N. Staroverov, T. Keith, R. Kobayashi, J. Normand, 
 K. Raghavachari, A. Rendell, J. C. Burant, S. S. Iyengar, J. Tomasi, 
 M. Cossi, N. Rega, J. M. Millam, M. Klene, J. E. Knox, J. B. Cross, 
 V. Bakken, C. Adamo, J. Jaramillo, R. Gomperts, R. E. Stratmann, 
 O. Yazyev, A. J. Austin, R. Cammi, C. Pomelli, J. W. Ochterski, 
 R. L. Martin, K. Morokuma, V. G. Zakrzewski, G. A. Voth, 
 P. Salvador, J. J. Dannenberg, S. Dapprich, A. D. Daniels, 
 O. Farkas, J. B. Foresman, J. V. Ortiz, J. Cioslowski, 
 and D. J. Fox, Gaussian, Inc., Wallingford CT, 2013.
 
 ******************************************
 Gaussian 09:  ES64L-G09RevE.01 30-Nov-2015
                17-Feb-2017 
 ******************************************
 %chk=h12.chk
 ----------------------------------------------------------------------
 #rhf/gen scf(symm,tight,novaracc,noincfock,fulldiag) stable(crhf) gues
 s=read geom=nocrowd test
 ----------------------------------------------------------------------
 1/38=1/1;
 2/12=1,17=6,18=5,40=1/2;
 3/5=7,16=1,25=1,30=1,116=1/1,2,3;
 4/5=1,9=4/1;
 5/5=100002,15=2,16=1,32=2,38=6/2;
 8/6=1,10=90,11=11/1,4;
 9/8=4,13=1/2;
 6/7=2,8=2,9=2,10=2,28=1/1;
 99/5=1,9=1/99;
 ----------------------------------------------------------------------
 hf stability analysis of h12 triangular lattice, y= 0.5948114929471706
 2
 ----------------------------------------------------------------------
 Symbolic Z-matrix:
 Charge =  0 Multiplicity = 1
 H
 H                    1     1.1384 
 H                    1     1.1384   2     117. 
 H                    2     1.1384   1     63.      3     0.       0
 H                    2     1.1384   1     180.     3     0.       0
 H                    4     1.1384   3     180.     5     0.       0
 H                    6     1.1384   5     180.     3     0.       0
 H                    4     1.1384   2     180.     3     0.       0
 H                    3     1.1384   1     180.     4     0.       0
 H                    9     1.1384   3     180.     4     0.       0
 H                    8     1.1384   4     180.     3     0.       0
 H                    7     1.1384   6     180.     3     0.       0
 
                          Input orientation:                          
 ---------------------------------------------------------------------
 Center     Atomic      Atomic             Coordinates (Angstroms)
 Number     Number       Type             X           Y           Z
 ---------------------------------------------------------------------
      1          1           0        0.000000    0.000000    0.000000
      2          1           0        0.000000    0.000000    1.138398
      3          1           0        1.014320    0.000000   -0.516822
      4          1           0        1.014320    0.000000    0.621576
      5          1           0        0.000000    0.000000    2.276797
      6          1           0        1.014320    0.000000    1.759975
      7          1           0        2.028641    0.000000    1.243153
      8          1           0        2.028641    0.000000    0.104754
      9          1           0        2.028641    0.000000   -1.033644
     10          1           0        3.042961    0.000000   -1.550466
     11          1           0        3.042961    0.000000   -0.412068
     12          1           0        3.042961    0.000000    0.726331
 ---------------------------------------------------------------------
                    Distance matrix (angstroms):
                    1          2          3          4          5
     1  H    0.000000
     2  H    1.138398   0.000000
     3  H    1.138398   1.941288   0.000000
     4  H    1.189623   1.138398   1.138398   0.000000
     5  H    2.276797   1.138398   2.972062   1.941288   0.000000
     6  H    2.031343   1.189623   2.276797   1.138398   1.138398
     7  H    2.379246   2.031343   2.031343   1.189623   2.276797
     8  H    2.031343   2.276797   1.189623   1.138398   2.972062
     9  H    2.276797   2.972062   1.138398   1.941288   3.882576
    10  H    3.415195   4.060739   2.276797   2.972062   4.889535
    11  H    3.070735   3.415195   2.031343   2.276797   4.060739
    12  H    3.128445   3.070735   2.379246   2.031343   3.415195
                    6          7          8          9         10
     6  H    0.000000
     7  H    1.138398   0.000000
     8  H    1.941288   1.138398   0.000000
     9  H    2.972062   2.276797   1.138398   0.000000
    10  H    3.882576   2.972062   1.941288   1.138398   0.000000
    11  H    2.972062   1.941288   1.138398   1.189623   1.138398
    12  H    2.276797   1.138398   1.189623   2.031343   2.276797
                   11         12
    11  H    0.000000
    12  H    1.138398   0.000000
 Stoichiometry    H12
 Framework group  C2H[SGH(H12)]
 Deg. of freedom    11
 Full point group                 C2H     NOp   4
 Largest Abelian subgroup         C2H     NOp   4
 Largest concise Abelian subgroup C2      NOp   2
                         Standard orientation:                         
 ---------------------------------------------------------------------
 Center     Atomic      Atomic             Coordinates (Angstroms)
 Number     Number       Type             X           Y           Z
 ---------------------------------------------------------------------
      1          1           0        1.014320    1.190775   -0.000000
      2          1           0        0.000000    1.707597    0.000000
      3          1           0        1.014320    0.052377   -0.000000
      4          1           0        0.000000    0.569199    0.000000
      5          1           0       -1.014320    2.224419    0.000000
      6          1           0       -1.014320    1.086021    0.000000
      7          1           0       -1.014320   -0.052377   -0.000000
      8          1           0       -0.000000   -0.569199    0.000000
      9          1           0        1.014320   -1.086021    0.000000
     10          1           0        1.014320   -2.224419    0.000000
     11          1           0       -0.000000   -1.707597    0.000000
     12          1           0       -1.014320   -1.190775   -0.000000
 ---------------------------------------------------------------------
 Rotational constants (GHZ):     71.4089944     22.0085393     16.8234762
 General basis read from cards:  (5D, 7F)
 There are     6 symmetry adapted cartesian basis functions of AG  symmetry.
 There are     0 symmetry adapted cartesian basis functions of BG  symmetry.
 There are     0 symmetry adapted cartesian basis functions of AU  symmetry.
 There are     6 symmetry adapted cartesian basis functions of BU  symmetry.
 There are     6 symmetry adapted basis functions of AG  symmetry.
 There are     0 symmetry adapted basis functions of BG  symmetry.
 There are     0 symmetry adapted basis functions of AU  symmetry.
 There are     6 symmetry adapted basis functions of BU  symmetry.
    12 basis functions,   120 primitive gaussians,    12 cartesian basis functions
     6 alpha electrons        6 beta electrons
       nuclear repulsion energy        19.6658947119 Hartrees.
 NAtoms=   12 NActive=   12 NUniq=    6 SFac= 4.00D+00 NAtFMM=   60 NAOKFM=F Big=F
 Integral buffers will be    131072 words long.
 Regular integral format.
 Two-electron integral symmetry is turned on.
 One-electron integrals computed using PRISM.
 NBasis=    12 RedAO= T EigKep=  1.66D-01  NBF=     6     0     0     6
 NBsUse=    12 1.00D-06 EigRej= -1.00D+00 NBFU=     6     0     0     6
 Initial guess from the checkpoint file:  "h12.chk"
 B after Tr=    -0.000000   -0.000000    0.000000
         Rot=    0.999999    0.000000    0.000000   -0.001518 Ang=  -0.17 deg.
 Initial guess orbital symmetries:
       Occupied  (AG) (BU) (BU) (AG) (BU) (BU)
       Virtual   (AG) (AG) (AG) (BU) (AG) (BU)
 Keep R1 ints in memory in symmetry-blocked form, NReq=903994.
 Requested convergence on RMS density matrix=1.00D-08 within 128 cycles.
 Requested convergence on MAX density matrix=1.00D-06.
 Requested convergence on             energy=1.00D-06.
 No special actions if energy rises.
 SCF Done:  E(RHF) =  -5.14458521641     A.U. after   10 cycles
            NFock= 10  Conv=0.46D-08     -V/T= 1.7052
 Range of M.O.s used for correlation:     1    12
 NBasis=    12 NAE=     6 NBE=     6 NFC=     0 NFV=     0
 NROrb=     12 NOA=     6 NOB=     6 NVA=     6 NVB=     6

 **** Warning!!: The smallest alpha delta epsilon is -0.16256137D+00

 Semi-Direct transformation.
 ModeAB=           4 MOrb=             6 LenV=     134084339
 LASXX=         2181 LTotXX=        2181 LenRXX=        5115
 LTotAB=        2934 MaxLAS=        3024 LenRXY=           0
 NonZer=        7296 LenScr=      655360 LnRSAI=        3024
 LnScr1=      655360 LExtra=           0 Total=      1318859
 MaxDsk=          -1 SrtSym=           T ITran=            3
 JobTyp=0 Pass  1:  I=   1 to   6.
 (rs|ai) integrals will be sorted in core.
 Spin components of T(2) and E(2):
     alpha-alpha T2 =       0.1808936353D-01 E2=     -0.1598312143D-01
     alpha-beta  T2 =       0.1038927971D+01 E2=     -0.1407824003D+00
     beta-beta   T2 =       0.1808936353D-01 E2=     -0.1598312143D-01
 ANorm=    0.1440523064D+01
 E2 =    -0.1727486432D+00 EUMP2 =    -0.53173338595835D+01
 Second order stability test of a single determinant RHF wave function:
 Stabil:  MDV=134217728
 ***********************************************************************
 Matrix         Lowest Root    Major Pairs
 ***********************************************************************
 Internal RHF    -0.3438455    6A=7A
 RRHF --> CRHF   -0.4088269    6A=7A
 RRHF --> RUHF   -0.5778355    6A=7B
 Not stable.
 ***********************************************************************

 **********************************************************************

            Population analysis using the SCF density.

 **********************************************************************

 Orbital symmetries:
       Occupied  (AG) (BU) (BU) (AG) (BU) (BU)
       Virtual   (AG) (AG) (AG) (BU) (AG) (BU)
 The electronic state is 1-AG.
 Alpha  occ. eigenvalues --   -0.92286  -0.73673  -0.59831  -0.52252  -0.24121
 Alpha  occ. eigenvalues --   -0.00933
 Alpha virt. eigenvalues --   -0.17189   0.10197   0.30207   0.34613   0.56967
 Alpha virt. eigenvalues --    0.63924
          Condensed to atoms (all electrons):
               1          2          3          4          5          6
     1  H    0.457930   0.141907  -0.030364   0.163333  -0.063148  -0.052407
     2  H    0.141907   1.601705  -0.240298  -0.446497   0.167560  -0.352408
     3  H   -0.030364  -0.240298   1.640716   0.268802   0.022348   0.064814
     4  H    0.163333  -0.446497   0.268802   1.453862  -0.149187   0.427526
     5  H   -0.063148   0.167560   0.022348  -0.149187   1.109651   0.143674
     6  H   -0.052407  -0.352408   0.064814   0.427526   0.143674   1.174603
     7  H    0.027559   0.144339  -0.263973  -0.038631  -0.114433  -0.338783
     8  H   -0.026685   0.093618  -0.038631  -0.507431   0.021470  -0.209190
     9  H    0.034189   0.066505  -0.338783  -0.209190   0.001426  -0.056276
    10  H    0.010127   0.002593  -0.114433   0.021470  -0.001712   0.001426
    11  H   -0.017660  -0.033759   0.144339   0.093618   0.002593   0.066505
    12  H   -0.019514  -0.017660   0.027559  -0.026685   0.010127   0.034189
               7          8          9         10         11         12
     1  H    0.027559  -0.026685   0.034189   0.010127  -0.017660  -0.019514
     2  H    0.144339   0.093618   0.066505   0.002593  -0.033759  -0.017660
     3  H   -0.263973  -0.038631  -0.338783  -0.114433   0.144339   0.027559
     4  H   -0.038631  -0.507431  -0.209190   0.021470   0.093618  -0.026685
     5  H   -0.114433   0.021470   0.001426  -0.001712   0.002593   0.010127
     6  H   -0.338783  -0.209190  -0.056276   0.001426   0.066505   0.034189
     7  H    1.640716   0.268802   0.064814   0.022348  -0.240298  -0.030364
     8  H    0.268802   1.453862   0.427526  -0.149187  -0.446497   0.163333
     9  H    0.064814   0.427526   1.174603   0.143674  -0.352408  -0.052407
    10  H    0.022348  -0.149187   0.143674   1.109651   0.167560  -0.063148
    11  H   -0.240298  -0.446497  -0.352408   0.167560   1.601705   0.141907
    12  H   -0.030364   0.163333  -0.052407  -0.063148   0.141907   0.457930
 Mulliken charges:
               1
     1  H    0.374733
     2  H   -0.127606
     3  H   -0.142096
     4  H   -0.050989
     5  H   -0.150369
     6  H    0.096328
     7  H   -0.142096
     8  H   -0.050989
     9  H    0.096328
    10  H   -0.150369
    11  H   -0.127606
    12  H    0.374733
 Sum of Mulliken charges =   0.00000
 Mulliken charges with hydrogens summed into heavy atoms:
               1
 Electronic spatial extent (au):  <R**2>=            147.3243
 Charge=              0.0000 electrons
 Dipole moment (field-independent basis, Debye):
    X=             -0.0000    Y=              0.0000    Z=             -0.0000  Tot=              0.0000
 Quadrupole moment (field-independent basis, Debye-Ang):
   XX=            -14.1653   YY=            -26.1298   ZZ=            -14.6927
   XY=              7.3909   XZ=             -0.0000   YZ=              0.0000
 Traceless Quadrupole moment (field-independent basis, Debye-Ang):
   XX=              4.1640   YY=             -7.8005   ZZ=              3.6365
   XY=              7.3909   XZ=             -0.0000   YZ=              0.0000
 Octapole moment (field-independent basis, Debye-Ang**2):
  XXX=              0.0000  YYY=              0.0000  ZZZ=             -0.0000  XYY=              0.0000
  XXY=             -0.0000  XXZ=             -0.0000  XZZ=              0.0000  YZZ=              0.0000
  YYZ=             -0.0000  XYZ=              0.0000
 Hexadecapole moment (field-independent basis, Debye-Ang**3):
 XXXX=            -78.6460 YYYY=           -280.9122 ZZZZ=            -17.1595 XXXY=             30.8709
 XXXZ=             -0.0000 YYYX=             50.8021 YYYZ=              0.0000 ZZZX=             -0.0000
 ZZZY=              0.0000 XXYY=            -51.2382 XXZZ=            -16.1900 YYZZ=            -36.8324
 XXYZ=              0.0000 YYXZ=             -0.0000 ZZXY=              7.3776
 N-N= 1.966589471192D+01 E-N=-5.085393600561D+01  KE= 7.294877380831D+00
 Symmetry AG   KE= 1.532240217251D+00
 Symmetry BG   KE= 0.000000000000D+00
 Symmetry AU   KE= 0.000000000000D+00
 Symmetry BU   KE= 5.762637163580D+00

 Test job not archived.
 1\1\GINC-SULU\Stability\RHF\Gen\H12\LCJ1\17-Feb-2017\0\\#rhf/gen scf(s
 ymm,tight,novaracc,noincfock,fulldiag) stable(crhf) guess=read geom=no
 crowd test\\hf stability analysis of h12 triangular lattice, y= 0.5948
 1149294717062\\0,1\H\H,1,1.1383983005\H,1,1.1383983005,2,117.\H,2,1.13
 83983005,1,63.,3,0.,0\H,2,1.1383983005,1,180.,3,0.,0\H,4,1.1383983005,
 3,180.,5,0.,0\H,6,1.1383983005,5,180.,3,0.,0\H,4,1.1383983005,2,180.,3
 ,0.,0\H,3,1.1383983005,1,180.,4,0.,0\H,9,1.1383983005,3,180.,4,0.,0\H,
 8,1.1383983005,4,180.,3,0.,0\H,7,1.1383983005,6,180.,3,0.,0\\Version=E
 S64L-G09RevE.01\State=1-AG\HF=-5.1445852\MP2=-5.3173339\RMSD=4.646e-09
 \Dipole=0.,0.,0.\Quadrupole=0.4794259,2.7036858,-3.1831117,0.,6.828093
 3,0.\PG=C02H [SGH(H12)]\\@


 IT IS WELL TO REMEMBER THAT MAN IS A PART OF NATURE AND THAT HIS WORKS,
 WHATEVER THEY MAY BE, ARE NO MORE "UNNATURAL" THAN 
 THE FLIGHT OF AN EAGLE OR THE PASSAGE OF A TORNADO.

                                    -- CHARLES MCCARRY IN "THE GREAT SOUTHWEST"
 Job cpu time:       0 days  0 hours  0 minutes  1.1 seconds.
 File lengths (MBytes):  RWF=     84 Int=      0 D2E=      0 Chk=      2 Scr=      2
 Normal termination of Gaussian 09 at Fri Feb 17 14:57:48 2017.
