 Entering Gaussian System, Link 0=g09
 AtFile(1): H.gbs
            H     0
            S   10   1.00
               1000.000000000000            0.000068713567
                316.227766000000            0.000169141320
                100.000000000000            0.000823394812
                 31.622776600000            0.003425569236
                 10.000000000000            0.013951996000
                  3.162277660000            0.056909313560
                  1.000000000000            0.198286399900
                  0.316227766000            0.496922426700
                  0.100000000000            0.369846276400
                  0.031622776600            0.003752720039
            ****
 Initial command:
 /projects/guscus/apps/gau/g09-e1/g09/l1.exe "/users/lcj1/gaussian/h12/rhfstability/rect/guess/ag2bu4/Gau-18120.inp" -scrdir="/users/lcj1/gaussian/h12/rhfstability/rect/guess/ag2bu4/"
 Entering Link 1 = /projects/guscus/apps/gau/g09-e1/g09/l1.exe PID=     18127.
  
 Copyright (c) 1988,1990,1992,1993,1995,1998,2003,2009,2015,
            Gaussian, Inc.  All Rights Reserved.
  
 This is part of the Gaussian(R) 09 program.  It is based on
 the Gaussian(R) 03 system (copyright 2003, Gaussian, Inc.),
 the Gaussian(R) 98 system (copyright 1998, Gaussian, Inc.),
 the Gaussian(R) 94 system (copyright 1995, Gaussian, Inc.),
 the Gaussian 92(TM) system (copyright 1992, Gaussian, Inc.),
 the Gaussian 90(TM) system (copyright 1990, Gaussian, Inc.),
 the Gaussian 88(TM) system (copyright 1988, Gaussian, Inc.),
 the Gaussian 86(TM) system (copyright 1986, Carnegie Mellon
 University), and the Gaussian 82(TM) system (copyright 1983,
 Carnegie Mellon University). Gaussian is a federally registered
 trademark of Gaussian, Inc.
  
 This software contains proprietary and confidential information,
 including trade secrets, belonging to Gaussian, Inc.
  
 This software is provided under written license and may be
 used, copied, transmitted, or stored only in accord with that
 written license.
  
 The following legend is applicable only to US Government
 contracts under FAR:
  
                    RESTRICTED RIGHTS LEGEND
  
 Use, reproduction and disclosure by the US Government is
 subject to restrictions as set forth in subparagraphs (a)
 and (c) of the Commercial Computer Software - Restricted
 Rights clause in FAR 52.227-19.
  
 Gaussian, Inc.
 340 Quinnipiac St., Bldg. 40, Wallingford CT 06492
  
  
 ---------------------------------------------------------------
 Warning -- This program may not be used in any manner that
 competes with the business of Gaussian, Inc. or will provide
 assistance to any competitor of Gaussian, Inc.  The licensee
 of this program is prohibited from giving any competitor of
 Gaussian, Inc. access to this program.  By using this program,
 the user acknowledges that Gaussian, Inc. is engaged in the
 business of creating and licensing software in the field of
 computational chemistry and represents and warrants to the
 licensee that it is not a competitor of Gaussian, Inc. and that
 it will not use this program in any manner prohibited above.
 ---------------------------------------------------------------
  

 Cite this work as:
 Gaussian 09, Revision E.01,
 M. J. Frisch, G. W. Trucks, H. B. Schlegel, G. E. Scuseria, 
 M. A. Robb, J. R. Cheeseman, G. Scalmani, V. Barone, B. Mennucci, 
 G. A. Petersson, H. Nakatsuji, M. Caricato, X. Li, H. P. Hratchian, 
 A. F. Izmaylov, J. Bloino, G. Zheng, J. L. Sonnenberg, M. Hada, 
 M. Ehara, K. Toyota, R. Fukuda, J. Hasegawa, M. Ishida, T. Nakajima, 
 Y. Honda, O. Kitao, H. Nakai, T. Vreven, J. A. Montgomery, Jr., 
 J. E. Peralta, F. Ogliaro, M. Bearpark, J. J. Heyd, E. Brothers, 
 K. N. Kudin, V. N. Staroverov, T. Keith, R. Kobayashi, J. Normand, 
 K. Raghavachari, A. Rendell, J. C. Burant, S. S. Iyengar, J. Tomasi, 
 M. Cossi, N. Rega, J. M. Millam, M. Klene, J. E. Knox, J. B. Cross, 
 V. Bakken, C. Adamo, J. Jaramillo, R. Gomperts, R. E. Stratmann, 
 O. Yazyev, A. J. Austin, R. Cammi, C. Pomelli, J. W. Ochterski, 
 R. L. Martin, K. Morokuma, V. G. Zakrzewski, G. A. Voth, 
 P. Salvador, J. J. Dannenberg, S. Dapprich, A. D. Daniels, 
 O. Farkas, J. B. Foresman, J. V. Ortiz, J. Cioslowski, 
 and D. J. Fox, Gaussian, Inc., Wallingford CT, 2013.
 
 ******************************************
 Gaussian 09:  ES64L-G09RevE.01 30-Nov-2015
                17-Feb-2017 
 ******************************************
 %chk=h12.chk
 ----------------------------------------------------------------------
 #rhf/gen scf(symm,tight,novaracc,noincfock,fulldiag) stable(crhf) gues
 s=read geom=nocrowd test
 ----------------------------------------------------------------------
 1/38=1/1;
 2/12=1,17=6,18=5,40=1/2;
 3/5=7,16=1,25=1,30=1,116=1/1,2,3;
 4/5=1,9=4/1;
 5/5=100002,15=2,16=1,32=2,38=6/2;
 8/6=1,10=90,11=11/1,4;
 9/8=4,13=1/2;
 6/7=2,8=2,9=2,10=2,28=1/1;
 99/5=1,9=1/99;
 ----------------------------------------------------------------------
 hf stability analysis of h12 triangular lattice, y= 0.5744413597680069
 2
 ----------------------------------------------------------------------
 Symbolic Z-matrix:
 Charge =  0 Multiplicity = 1
 H
 H                    1     1.15764 
 H                    1     1.15764  2     120.5 
 H                    2     1.15764  1     59.5     3     0.       0
 H                    2     1.15764  1     180.     3     0.       0
 H                    4     1.15764  3     180.     5     0.       0
 H                    6     1.15764  5     180.     3     0.       0
 H                    4     1.15764  2     180.     3     0.       0
 H                    3     1.15764  1     180.     4     0.       0
 H                    9     1.15764  3     180.     4     0.       0
 H                    8     1.15764  4     180.     3     0.       0
 H                    7     1.15764  6     180.     3     0.       0
 
                          Input orientation:                          
 ---------------------------------------------------------------------
 Center     Atomic      Atomic             Coordinates (Angstroms)
 Number     Number       Type             X           Y           Z
 ---------------------------------------------------------------------
      1          1           0        0.000000    0.000000    0.000000
      2          1           0        0.000000    0.000000    1.157643
      3          1           0        0.997459    0.000000   -0.587548
      4          1           0        0.997459    0.000000    0.570095
      5          1           0        0.000000    0.000000    2.315285
      6          1           0        0.997459    0.000000    1.727737
      7          1           0        1.994917    0.000000    1.140189
      8          1           0        1.994917    0.000000   -0.017453
      9          1           0        1.994917    0.000000   -1.175096
     10          1           0        2.992376    0.000000   -1.762644
     11          1           0        2.992376    0.000000   -0.605001
     12          1           0        2.992376    0.000000    0.552641
 ---------------------------------------------------------------------
                    Distance matrix (angstroms):
                    1          2          3          4          5
     1  H    0.000000
     2  H    1.157643   0.000000
     3  H    1.157643   2.010128   0.000000
     4  H    1.148883   1.157643   1.157643   0.000000
     5  H    2.315285   1.157643   3.069424   2.010128   0.000000
     6  H    1.994994   1.148883   2.315285   1.157643   1.157643
     7  H    2.297765   1.994994   1.994994   1.148883   2.315285
     8  H    1.994994   2.315285   1.148883   1.157643   3.069424
     9  H    2.315285   3.069424   1.157643   2.010128   4.020256
    10  H    3.472928   4.181194   2.315285   3.069424   5.058045
    11  H    3.052923   3.472928   1.994994   2.315285   4.181194
    12  H    3.042980   3.052923   2.297765   1.994994   3.472928
                    6          7          8          9         10
     6  H    0.000000
     7  H    1.157643   0.000000
     8  H    2.010128   1.157643   0.000000
     9  H    3.069424   2.315285   1.157643   0.000000
    10  H    4.020256   3.069424   2.010128   1.157643   0.000000
    11  H    3.069424   2.010128   1.157643   1.148883   1.157643
    12  H    2.315285   1.157643   1.148883   1.994994   2.315285
                   11         12
    11  H    0.000000
    12  H    1.157643   0.000000
 Stoichiometry    H12
 Framework group  C2H[SGH(H12)]
 Deg. of freedom    11
 Full point group                 C2H     NOp   4
 Largest Abelian subgroup         C2H     NOp   4
 Largest concise Abelian subgroup C2      NOp   2
                         Standard orientation:                         
 ---------------------------------------------------------------------
 Center     Atomic      Atomic             Coordinates (Angstroms)
 Number     Number       Type             X           Y           Z
 ---------------------------------------------------------------------
      1          1           0        0.997459    1.148916    0.000000
      2          1           0        0.000000    1.736464    0.000000
      3          1           0        0.997459   -0.008727    0.000000
      4          1           0        0.000000    0.578821    0.000000
      5          1           0       -0.997459    2.324012    0.000000
      6          1           0       -0.997459    1.166369    0.000000
      7          1           0       -0.997459    0.008727    0.000000
      8          1           0       -0.000000   -0.578821   -0.000000
      9          1           0        0.997459   -1.166369   -0.000000
     10          1           0        0.997459   -2.324012   -0.000000
     11          1           0       -0.000000   -1.736464   -0.000000
     12          1           0       -0.997459   -1.148916    0.000000
 ---------------------------------------------------------------------
 Rotational constants (GHZ):     75.8949448     20.7076725     16.2687897
 General basis read from cards:  (5D, 7F)
 There are     6 symmetry adapted cartesian basis functions of AG  symmetry.
 There are     0 symmetry adapted cartesian basis functions of BG  symmetry.
 There are     0 symmetry adapted cartesian basis functions of AU  symmetry.
 There are     6 symmetry adapted cartesian basis functions of BU  symmetry.
 There are     6 symmetry adapted basis functions of AG  symmetry.
 There are     0 symmetry adapted basis functions of BG  symmetry.
 There are     0 symmetry adapted basis functions of AU  symmetry.
 There are     6 symmetry adapted basis functions of BU  symmetry.
    12 basis functions,   120 primitive gaussians,    12 cartesian basis functions
     6 alpha electrons        6 beta electrons
       nuclear repulsion energy        19.5225742977 Hartrees.
 NAtoms=   12 NActive=   12 NUniq=    6 SFac= 4.00D+00 NAtFMM=   60 NAOKFM=F Big=F
 Integral buffers will be    131072 words long.
 Regular integral format.
 Two-electron integral symmetry is turned on.
 One-electron integrals computed using PRISM.
 NBasis=    12 RedAO= T EigKep=  1.81D-01  NBF=     6     0     0     6
 NBsUse=    12 1.00D-06 EigRej= -1.00D+00 NBFU=     6     0     0     6
 Initial guess from the checkpoint file:  "h12.chk"
 B after Tr=     0.000000    0.000000    0.000000
         Rot=    0.999999    0.000000   -0.000000   -0.001518 Ang=  -0.17 deg.
 Initial guess orbital symmetries:
       Occupied  (AG) (BU) (BU) (AG) (BU) (BU)
       Virtual   (AG) (AG) (AG) (BU) (AG) (BU)
 Keep R1 ints in memory in symmetry-blocked form, NReq=903532.
 Requested convergence on RMS density matrix=1.00D-08 within 128 cycles.
 Requested convergence on MAX density matrix=1.00D-06.
 Requested convergence on             energy=1.00D-06.
 No special actions if energy rises.
 SCF Done:  E(RHF) =  -5.17225988726     A.U. after   11 cycles
            NFock= 11  Conv=0.98D-09     -V/T= 1.7151
 Range of M.O.s used for correlation:     1    12
 NBasis=    12 NAE=     6 NBE=     6 NFC=     0 NFV=     0
 NROrb=     12 NOA=     6 NOB=     6 NVA=     6 NVB=     6

 **** Warning!!: The smallest alpha delta epsilon is -0.16514583D+00

 Semi-Direct transformation.
 ModeAB=           4 MOrb=             6 LenV=     134084353
 LASXX=         2181 LTotXX=        2181 LenRXX=        5115
 LTotAB=        2934 MaxLAS=        3024 LenRXY=           0
 NonZer=        7296 LenScr=      655360 LnRSAI=        3024
 LnScr1=      655360 LExtra=           0 Total=      1318859
 MaxDsk=          -1 SrtSym=           T ITran=            3
 JobTyp=0 Pass  1:  I=   1 to   6.
 (rs|ai) integrals will be sorted in core.
 Spin components of T(2) and E(2):
     alpha-alpha T2 =       0.1871402534D-01 E2=     -0.1627323094D-01
     alpha-beta  T2 =       0.1120725854D+01 E2=     -0.1366520939D+00
     beta-beta   T2 =       0.1871402534D-01 E2=     -0.1627323094D-01
 ANorm=    0.1469065657D+01
 E2 =    -0.1691985558D+00 EUMP2 =    -0.53414584430874D+01
 Second order stability test of a single determinant RHF wave function:
 Stabil:  MDV=134217728
 ***********************************************************************
 Matrix         Lowest Root    Major Pairs
 ***********************************************************************
 Internal RHF    -0.3464602    6A=7A
 RRHF --> CRHF   -0.4095066    6A=7A
 RRHF --> RUHF   -0.5882713    6A=7B
 Not stable.
 ***********************************************************************

 **********************************************************************

            Population analysis using the SCF density.

 **********************************************************************

 Orbital symmetries:
       Occupied  (AG) (BU) (BU) (AG) (BU) (BU)
       Virtual   (AG) (AG) (AG) (BU) (AG) (BU)
 The electronic state is 1-AG.
 Alpha  occ. eigenvalues --   -0.92639  -0.73449  -0.59454  -0.52823  -0.26069
 Alpha  occ. eigenvalues --    0.00951
 Alpha virt. eigenvalues --   -0.15564   0.11555   0.27595   0.37379   0.55410
 Alpha virt. eigenvalues --    0.56969
          Condensed to atoms (all electrons):
               1          2          3          4          5          6
     1  H    0.424985   0.058050   0.055447   0.229043  -0.053491  -0.037485
     2  H    0.058050   1.779962  -0.212874  -0.417991   0.139435  -0.438125
     3  H    0.055447  -0.212874   1.504488   0.174976   0.020063   0.062741
     4  H    0.229043  -0.417991   0.174976   1.364516  -0.131565   0.363113
     5  H   -0.053491   0.139435   0.020063  -0.131565   1.018466   0.194082
     6  H   -0.037485  -0.438125   0.062741   0.363113   0.194082   1.283456
     7  H    0.008131   0.149502  -0.254841   0.038581  -0.104379  -0.342448
     8  H   -0.047940   0.085488   0.038581  -0.448084   0.018442  -0.174532
     9  H    0.017028   0.066359  -0.342448  -0.174532   0.000171  -0.052339
    10  H    0.007433   0.002242  -0.104379   0.018442  -0.001157   0.000171
    11  H   -0.010845  -0.037300   0.149502   0.085488   0.002242   0.066359
    12  H   -0.019458  -0.010845   0.008131  -0.047940   0.007433   0.017028
               7          8          9         10         11         12
     1  H    0.008131  -0.047940   0.017028   0.007433  -0.010845  -0.019458
     2  H    0.149502   0.085488   0.066359   0.002242  -0.037300  -0.010845
     3  H   -0.254841   0.038581  -0.342448  -0.104379   0.149502   0.008131
     4  H    0.038581  -0.448084  -0.174532   0.018442   0.085488  -0.047940
     5  H   -0.104379   0.018442   0.000171  -0.001157   0.002242   0.007433
     6  H   -0.342448  -0.174532  -0.052339   0.000171   0.066359   0.017028
     7  H    1.504488   0.174976   0.062741   0.020063  -0.212874   0.055447
     8  H    0.174976   1.364516   0.363113  -0.131565  -0.417991   0.229043
     9  H    0.062741   0.363113   1.283456   0.194082  -0.438125  -0.037485
    10  H    0.020063  -0.131565   0.194082   1.018466   0.139435  -0.053491
    11  H   -0.212874  -0.417991  -0.438125   0.139435   1.779962   0.058050
    12  H    0.055447   0.229043  -0.037485  -0.053491   0.058050   0.424985
 Mulliken charges:
               1
     1  H    0.369101
     2  H   -0.163902
     3  H   -0.099387
     4  H   -0.054049
     5  H   -0.109742
     6  H    0.057979
     7  H   -0.099387
     8  H   -0.054049
     9  H    0.057979
    10  H   -0.109742
    11  H   -0.163902
    12  H    0.369101
 Sum of Mulliken charges =   0.00000
 Mulliken charges with hydrogens summed into heavy atoms:
               1
 Electronic spatial extent (au):  <R**2>=            151.0872
 Charge=              0.0000 electrons
 Dipole moment (field-independent basis, Debye):
    X=              0.0000    Y=             -0.0000    Z=              0.0000  Tot=              0.0000
 Quadrupole moment (field-independent basis, Debye-Ang):
   XX=            -14.3198   YY=            -26.1029   ZZ=            -14.7450
   XY=              6.8176   XZ=              0.0000   YZ=             -0.0000
 Traceless Quadrupole moment (field-independent basis, Debye-Ang):
   XX=              4.0694   YY=             -7.7137   ZZ=              3.6443
   XY=              6.8176   XZ=              0.0000   YZ=             -0.0000
 Octapole moment (field-independent basis, Debye-Ang**2):
  XXX=              0.0000  YYY=             -0.0000  ZZZ=             -0.0000  XYY=              0.0000
  XXY=             -0.0000  XXZ=              0.0000  XZZ=              0.0000  YZZ=             -0.0000
  YYZ=              0.0000  XYZ=              0.0000
 Hexadecapole moment (field-independent basis, Debye-Ang**3):
 XXXX=            -77.9706 YYYY=           -287.7679 ZZZZ=            -17.2574 XXXY=             32.0945
 XXXZ=              0.0000 YYYX=             48.1088 YYYZ=             -0.0000 ZZZX=              0.0000
 ZZZY=             -0.0000 XXYY=            -51.8031 XXZZ=            -15.9951 YYZZ=            -38.4696
 XXYZ=             -0.0000 YYXZ=              0.0000 ZZXY=              7.9001
 N-N= 1.952257429772D+01 E-N=-5.055252119363D+01  KE= 7.232530327497D+00
 Symmetry AG   KE= 1.512879638924D+00
 Symmetry BG   KE= 0.000000000000D+00
 Symmetry AU   KE= 0.000000000000D+00
 Symmetry BU   KE= 5.719650688574D+00

 Test job not archived.
 1\1\GINC-SULU\Stability\RHF\Gen\H12\LCJ1\17-Feb-2017\0\\#rhf/gen scf(s
 ymm,tight,novaracc,noincfock,fulldiag) stable(crhf) guess=read geom=no
 crowd test\\hf stability analysis of h12 triangular lattice, y= 0.5744
 4135976800692\\0,1\H\H,1,1.1576425633\H,1,1.1576425633,2,120.5\H,2,1.1
 576425633,1,59.5,3,0.,0\H,2,1.1576425633,1,180.,3,0.,0\H,4,1.157642563
 3,3,180.,5,0.,0\H,6,1.1576425633,5,180.,3,0.,0\H,4,1.1576425633,2,180.
 ,3,0.,0\H,3,1.1576425633,1,180.,4,0.,0\H,9,1.1576425633,3,180.,4,0.,0\
 H,8,1.1576425633,4,180.,3,0.,0\H,7,1.1576425633,6,180.,3,0.,0\\Version
 =ES64L-G09RevE.01\State=1-AG\HF=-5.1722599\MP2=-5.3414584\RMSD=9.801e-
 10\Dipole=0.,0.,0.\Quadrupole=0.954929,2.7094141,-3.6643431,0.,6.28840
 49,0.\PG=C02H [SGH(H12)]\\@


 ACHIEVEMENT--  THE MAN WHO ROWS THE BOAT GENERALLY 
                DOESN'T HAVE TIME TO ROCK IT.

                   -- FROM THE BACK OF A SUGAR PACKET
 Job cpu time:       0 days  0 hours  0 minutes  1.1 seconds.
 File lengths (MBytes):  RWF=     84 Int=      0 D2E=      0 Chk=      2 Scr=      2
 Normal termination of Gaussian 09 at Fri Feb 17 14:57:25 2017.
