 Entering Gaussian System, Link 0=g09
 AtFile(1): H.gbs
            H     0
            S   10   1.00
               1000.000000000000            0.000068713567
                316.227766000000            0.000169141320
                100.000000000000            0.000823394812
                 31.622776600000            0.003425569236
                 10.000000000000            0.013951996000
                  3.162277660000            0.056909313560
                  1.000000000000            0.198286399900
                  0.316227766000            0.496922426700
                  0.100000000000            0.369846276400
                  0.031622776600            0.003752720039
            ****
 Initial command:
 /projects/guscus/apps/gau/g09-e1/g09/l1.exe "/users/lcj1/gaussian/h12/rhfstability/rect/guess/ag2bu4/Gau-6905.inp" -scrdir="/users/lcj1/gaussian/h12/rhfstability/rect/guess/ag2bu4/"
 Entering Link 1 = /projects/guscus/apps/gau/g09-e1/g09/l1.exe PID=      6906.
  
 Copyright (c) 1988,1990,1992,1993,1995,1998,2003,2009,2015,
            Gaussian, Inc.  All Rights Reserved.
  
 This is part of the Gaussian(R) 09 program.  It is based on
 the Gaussian(R) 03 system (copyright 2003, Gaussian, Inc.),
 the Gaussian(R) 98 system (copyright 1998, Gaussian, Inc.),
 the Gaussian(R) 94 system (copyright 1995, Gaussian, Inc.),
 the Gaussian 92(TM) system (copyright 1992, Gaussian, Inc.),
 the Gaussian 90(TM) system (copyright 1990, Gaussian, Inc.),
 the Gaussian 88(TM) system (copyright 1988, Gaussian, Inc.),
 the Gaussian 86(TM) system (copyright 1986, Carnegie Mellon
 University), and the Gaussian 82(TM) system (copyright 1983,
 Carnegie Mellon University). Gaussian is a federally registered
 trademark of Gaussian, Inc.
  
 This software contains proprietary and confidential information,
 including trade secrets, belonging to Gaussian, Inc.
  
 This software is provided under written license and may be
 used, copied, transmitted, or stored only in accord with that
 written license.
  
 The following legend is applicable only to US Government
 contracts under FAR:
  
                    RESTRICTED RIGHTS LEGEND
  
 Use, reproduction and disclosure by the US Government is
 subject to restrictions as set forth in subparagraphs (a)
 and (c) of the Commercial Computer Software - Restricted
 Rights clause in FAR 52.227-19.
  
 Gaussian, Inc.
 340 Quinnipiac St., Bldg. 40, Wallingford CT 06492
  
  
 ---------------------------------------------------------------
 Warning -- This program may not be used in any manner that
 competes with the business of Gaussian, Inc. or will provide
 assistance to any competitor of Gaussian, Inc.  The licensee
 of this program is prohibited from giving any competitor of
 Gaussian, Inc. access to this program.  By using this program,
 the user acknowledges that Gaussian, Inc. is engaged in the
 business of creating and licensing software in the field of
 computational chemistry and represents and warrants to the
 licensee that it is not a competitor of Gaussian, Inc. and that
 it will not use this program in any manner prohibited above.
 ---------------------------------------------------------------
  

 Cite this work as:
 Gaussian 09, Revision E.01,
 M. J. Frisch, G. W. Trucks, H. B. Schlegel, G. E. Scuseria, 
 M. A. Robb, J. R. Cheeseman, G. Scalmani, V. Barone, B. Mennucci, 
 G. A. Petersson, H. Nakatsuji, M. Caricato, X. Li, H. P. Hratchian, 
 A. F. Izmaylov, J. Bloino, G. Zheng, J. L. Sonnenberg, M. Hada, 
 M. Ehara, K. Toyota, R. Fukuda, J. Hasegawa, M. Ishida, T. Nakajima, 
 Y. Honda, O. Kitao, H. Nakai, T. Vreven, J. A. Montgomery, Jr., 
 J. E. Peralta, F. Ogliaro, M. Bearpark, J. J. Heyd, E. Brothers, 
 K. N. Kudin, V. N. Staroverov, T. Keith, R. Kobayashi, J. Normand, 
 K. Raghavachari, A. Rendell, J. C. Burant, S. S. Iyengar, J. Tomasi, 
 M. Cossi, N. Rega, J. M. Millam, M. Klene, J. E. Knox, J. B. Cross, 
 V. Bakken, C. Adamo, J. Jaramillo, R. Gomperts, R. E. Stratmann, 
 O. Yazyev, A. J. Austin, R. Cammi, C. Pomelli, J. W. Ochterski, 
 R. L. Martin, K. Morokuma, V. G. Zakrzewski, G. A. Voth, 
 P. Salvador, J. J. Dannenberg, S. Dapprich, A. D. Daniels, 
 O. Farkas, J. B. Foresman, J. V. Ortiz, J. Cioslowski, 
 and D. J. Fox, Gaussian, Inc., Wallingford CT, 2013.
 
 ******************************************
 Gaussian 09:  ES64L-G09RevE.01 30-Nov-2015
                17-Feb-2017 
 ******************************************
 %chk=h12.chk
 ----------------------------------------------------------------------
 #rhf/gen scf(symm,tight,novaracc,noincfock,fulldiag) stable(crhf) gues
 s=read geom=nocrowd test
 ----------------------------------------------------------------------
 1/38=1/1;
 2/12=1,17=6,18=5,40=1/2;
 3/5=7,16=1,25=1,30=1,116=1/1,2,3;
 4/5=1,9=4/1;
 5/5=100002,15=2,16=1,32=2,38=6/2;
 8/6=1,10=90,11=11/1,4;
 9/8=4,13=1/2;
 6/7=2,8=2,9=2,10=2,28=1/1;
 99/5=1,9=1/99;
 ----------------------------------------------------------------------
 hf stability analysis of h12 triangular lattice, y= 1.3635879012585173
 ----------------------------------------------------------------------
 Symbolic Z-matrix:
 Charge =  0 Multiplicity = 1
 H
 H                    1     1.42781 
 H                    1     1.42781  2     34.5 
 H                    2     1.42781  1     145.5    3     0.       0
 H                    2     1.42781  1     180.     3     0.       0
 H                    4     1.42781  3     180.     5     0.       0
 H                    6     1.42781  5     180.     3     0.       0
 H                    4     1.42781  2     180.     3     0.       0
 H                    3     1.42781  1     180.     4     0.       0
 H                    9     1.42781  3     180.     4     0.       0
 H                    8     1.42781  4     180.     3     0.       0
 H                    7     1.42781  6     180.     3     0.       0
 
                          Input orientation:                          
 ---------------------------------------------------------------------
 Center     Atomic      Atomic             Coordinates (Angstroms)
 Number     Number       Type             X           Y           Z
 ---------------------------------------------------------------------
      1          1           0        0.000000    0.000000    0.000000
      2          1           0        0.000000    0.000000    1.427811
      3          1           0        0.808721    0.000000    1.176696
      4          1           0        0.808721    0.000000    2.604507
      5          1           0        0.000000    0.000000    2.855622
      6          1           0        0.808721    0.000000    4.032318
      7          1           0        1.617442    0.000000    5.209015
      8          1           0        1.617442    0.000000    3.781204
      9          1           0        1.617442    0.000000    2.353393
     10          1           0        2.426163    0.000000    3.530089
     11          1           0        2.426163    0.000000    4.957900
     12          1           0        2.426163    0.000000    6.385711
 ---------------------------------------------------------------------
                    Distance matrix (angstroms):
                    1          2          3          4          5
     1  H    0.000000
     2  H    1.427811   0.000000
     3  H    1.427811   0.846811   0.000000
     4  H    2.727176   1.427811   1.427811   0.000000
     5  H    2.855622   1.427811   1.863550   0.846811   0.000000
     6  H    4.112617   2.727176   2.855622   1.427811   1.427811
     7  H    5.454352   4.112617   4.112617   2.727176   2.855622
     8  H    4.112617   2.855622   2.727176   1.427811   1.863550
     9  H    2.855622   1.863550   1.427811   0.846811   1.693621
    10  H    4.283433   3.210271   2.855622   1.863550   2.518169
    11  H    5.519696   4.283433   4.112617   2.855622   3.210271
    12  H    6.831074   5.519696   5.454352   4.112617   4.283433
                    6          7          8          9         10
     6  H    0.000000
     7  H    1.427811   0.000000
     8  H    0.846811   1.427811   0.000000
     9  H    1.863550   2.855622   1.427811   0.000000
    10  H    1.693621   1.863550   0.846811   1.427811   0.000000
    11  H    1.863550   0.846811   1.427811   2.727176   1.427811
    12  H    2.855622   1.427811   2.727176   4.112617   2.855622
                   11         12
    11  H    0.000000
    12  H    1.427811   0.000000
 Stoichiometry    H12
 Framework group  C2H[SGH(H12)]
 Deg. of freedom    11
 Full point group                 C2H     NOp   4
 Largest Abelian subgroup         C2H     NOp   4
 Largest concise Abelian subgroup C2      NOp   2
                         Standard orientation:                         
 ---------------------------------------------------------------------
 Center     Atomic      Atomic             Coordinates (Angstroms)
 Number     Number       Type             X           Y           Z
 ---------------------------------------------------------------------
      1          1           0        0.808721    3.318413   -0.000000
      2          1           0       -0.000000    2.141716   -0.000000
      3          1           0        0.808721    1.890602   -0.000000
      4          1           0       -0.000000    0.713905   -0.000000
      5          1           0       -0.808721    0.965020   -0.000000
      6          1           0       -0.808721   -0.462791   -0.000000
      7          1           0       -0.808721   -1.890602    0.000000
      8          1           0       -0.000000   -0.713905    0.000000
      9          1           0        0.808721    0.462791   -0.000000
     10          1           0        0.808721   -0.965020   -0.000000
     11          1           0       -0.000000   -2.141716    0.000000
     12          1           0       -0.808721   -3.318413    0.000000
 ---------------------------------------------------------------------
 Rotational constants (GHZ):    135.3417935     11.6121358     10.6945578
 General basis read from cards:  (5D, 7F)
 There are     6 symmetry adapted cartesian basis functions of AG  symmetry.
 There are     0 symmetry adapted cartesian basis functions of BG  symmetry.
 There are     0 symmetry adapted cartesian basis functions of AU  symmetry.
 There are     6 symmetry adapted cartesian basis functions of BU  symmetry.
 There are     6 symmetry adapted basis functions of AG  symmetry.
 There are     0 symmetry adapted basis functions of BG  symmetry.
 There are     0 symmetry adapted basis functions of AU  symmetry.
 There are     6 symmetry adapted basis functions of BU  symmetry.
    12 basis functions,   120 primitive gaussians,    12 cartesian basis functions
     6 alpha electrons        6 beta electrons
       nuclear repulsion energy        17.9543677787 Hartrees.
 NAtoms=   12 NActive=   12 NUniq=    6 SFac= 4.00D+00 NAtFMM=   60 NAOKFM=F Big=F
 Integral buffers will be    131072 words long.
 Regular integral format.
 Two-electron integral symmetry is turned on.
 One-electron integrals computed using PRISM.
 NBasis=    12 RedAO= T EigKep=  1.31D-01  NBF=     6     0     0     6
 NBsUse=    12 1.00D-06 EigRej= -1.00D+00 NBFU=     6     0     0     6
 Initial guess from the checkpoint file:  "h12.chk"
 B after Tr=    -0.000000    0.000000   -0.000000
         Rot=    0.999999    0.000000   -0.000000   -0.001518 Ang=  -0.17 deg.
 Initial guess orbital symmetries:
       Occupied  (AG) (BU) (AG) (BU) (BU) (BU)
       Virtual   (AG) (AG) (BU) (AG) (AG) (BU)
 Keep R1 ints in memory in symmetry-blocked form, NReq=899108.
 Requested convergence on RMS density matrix=1.00D-08 within 128 cycles.
 Requested convergence on MAX density matrix=1.00D-06.
 Requested convergence on             energy=1.00D-06.
 No special actions if energy rises.
 SCF Done:  E(RHF) =  -5.66733957801     A.U. after    8 cycles
            NFock=  8  Conv=0.81D-09     -V/T= 1.8546
 Range of M.O.s used for correlation:     1    12
 NBasis=    12 NAE=     6 NBE=     6 NFC=     0 NFV=     0
 NROrb=     12 NOA=     6 NOB=     6 NVA=     6 NVB=     6

 **** Warning!!: The smallest alpha delta epsilon is  0.56765468D-01

 Semi-Direct transformation.
 ModeAB=           4 MOrb=             6 LenV=     134089043
 LASXX=         2181 LTotXX=        2181 LenRXX=        5115
 LTotAB=        2934 MaxLAS=        3024 LenRXY=           0
 NonZer=        7296 LenScr=      655360 LnRSAI=        3024
 LnScr1=      655360 LExtra=           0 Total=      1318859
 MaxDsk=          -1 SrtSym=           T ITran=            3
 JobTyp=0 Pass  1:  I=   1 to   6.
 (rs|ai) integrals will be sorted in core.
 Spin components of T(2) and E(2):
     alpha-alpha T2 =       0.9073744274D-02 E2=     -0.7892326827D-02
     alpha-beta  T2 =       0.4264071290D+01 E2=     -0.5959892785D+00
     beta-beta   T2 =       0.9073744274D-02 E2=     -0.7892326827D-02
 ANorm=    0.2298307808D+01
 E2 =    -0.6117739322D+00 EUMP2 =    -0.62791135102052D+01
 Second order stability test of a single determinant RHF wave function:
 Stabil:  MDV=134217728
 ***********************************************************************
 Matrix         Lowest Root    Major Pairs
 ***********************************************************************
 Internal RHF    -0.1047855    6A=8A 6A=7A
 RRHF --> CRHF   -0.1200435    6A=8A 6A=7A
 RRHF --> RUHF   -0.5320846    6A=7B 6A=8B
 Not stable.
 ***********************************************************************

 **********************************************************************

            Population analysis using the SCF density.

 **********************************************************************

 Orbital symmetries:
       Occupied  (AG) (BU) (AG) (BU) (BU) (BU)
       Virtual   (AG) (AG) (BU) (AG) (AG) (BU)
 The electronic state is 1-AG.
 Alpha  occ. eigenvalues --   -0.89824  -0.75733  -0.60683  -0.50334  -0.43714
 Alpha  occ. eigenvalues --   -0.09522
 Alpha virt. eigenvalues --   -0.03845  -0.01456   0.37011   0.41814   0.54255
 Alpha virt. eigenvalues --    0.75659
          Condensed to atoms (all electrons):
               1          2          3          4          5          6
     1  H    1.316631  -0.127316  -0.098548   0.007927   0.004607  -0.001415
     2  H   -0.127316   0.900522   0.555098  -0.179984  -0.072788   0.020610
     3  H   -0.098548   0.555098   0.753580  -0.151164  -0.073977   0.001479
     4  H    0.007927  -0.179984  -0.151164   1.089201   0.350963  -0.131549
     5  H    0.004607  -0.072788  -0.073977   0.350963   0.661405   0.147079
     6  H   -0.001415   0.020610   0.001479  -0.131549   0.147079   0.958371
     7  H    0.000446  -0.002077  -0.001848   0.014921   0.012206  -0.077455
     8  H   -0.002023   0.017151   0.014921  -0.212863  -0.064077   0.422202
     9  H    0.004477  -0.105132  -0.077455   0.422202  -0.069844  -0.206860
    10  H   -0.000945   0.002236   0.012206  -0.064077  -0.062957  -0.069844
    11  H    0.000467  -0.002227  -0.002077   0.017151   0.002236  -0.105132
    12  H   -0.000113   0.000467   0.000446  -0.002023  -0.000945   0.004477
               7          8          9         10         11         12
     1  H    0.000446  -0.002023   0.004477  -0.000945   0.000467  -0.000113
     2  H   -0.002077   0.017151  -0.105132   0.002236  -0.002227   0.000467
     3  H   -0.001848   0.014921  -0.077455   0.012206  -0.002077   0.000446
     4  H    0.014921  -0.212863   0.422202  -0.064077   0.017151  -0.002023
     5  H    0.012206  -0.064077  -0.069844  -0.062957   0.002236  -0.000945
     6  H   -0.077455   0.422202  -0.206860  -0.069844  -0.105132   0.004477
     7  H    0.753580  -0.151164   0.001479  -0.073977   0.555098  -0.098548
     8  H   -0.151164   1.089201  -0.131549   0.350963  -0.179984   0.007927
     9  H    0.001479  -0.131549   0.958371   0.147079   0.020610  -0.001415
    10  H   -0.073977   0.350963   0.147079   0.661405  -0.072788   0.004607
    11  H    0.555098  -0.179984   0.020610  -0.072788   0.900522  -0.127316
    12  H   -0.098548   0.007927  -0.001415   0.004607  -0.127316   1.316631
 Mulliken charges:
               1
     1  H   -0.104197
     2  H   -0.006562
     3  H    0.067338
     4  H   -0.160706
     5  H    0.166092
     6  H    0.038035
     7  H    0.067338
     8  H   -0.160706
     9  H    0.038035
    10  H    0.166092
    11  H   -0.006562
    12  H   -0.104197
 Sum of Mulliken charges =   0.00000
 Mulliken charges with hydrogens summed into heavy atoms:
               1
 Electronic spatial extent (au):  <R**2>=            211.3232
 Charge=              0.0000 electrons
 Dipole moment (field-independent basis, Debye):
    X=             -0.0000    Y=             -0.0000    Z=             -0.0000  Tot=              0.0000
 Quadrupole moment (field-independent basis, Debye-Ang):
   XX=            -14.9827   YY=            -28.9671   ZZ=            -15.0706
   XY=             -4.8093   XZ=              0.0000   YZ=              0.0000
 Traceless Quadrupole moment (field-independent basis, Debye-Ang):
   XX=              4.6908   YY=             -9.2937   ZZ=              4.6029
   XY=             -4.8093   XZ=              0.0000   YZ=              0.0000
 Octapole moment (field-independent basis, Debye-Ang**2):
  XXX=              0.0000  YYY=             -0.0000  ZZZ=              0.0000  XYY=             -0.0000
  XXY=              0.0000  XXZ=              0.0000  XZZ=             -0.0000  YZZ=             -0.0000
  YYZ=             -0.0000  XYZ=              0.0000
 Hexadecapole moment (field-independent basis, Debye-Ang**3):
 XXXX=            -59.1521 YYYY=           -572.0604 ZZZZ=            -17.8726 XXXY=            -34.9415
 XXXZ=              0.0000 YYYX=            -89.1550 YYYZ=              0.0000 ZZZX=              0.0000
 ZZZY=              0.0000 XXYY=            -78.3470 XXZZ=            -12.9586 YYZZ=            -63.4481
 XXYZ=              0.0000 YYXZ=              0.0000 ZZXY=            -11.1179
 N-N= 1.795436777874D+01 E-N=-4.727867828464D+01  KE= 6.631476200702D+00
 Symmetry AG   KE= 1.510831579069D+00
 Symmetry BG   KE= 0.000000000000D+00
 Symmetry AU   KE= 0.000000000000D+00
 Symmetry BU   KE= 5.120644621633D+00

 Test job not archived.
 1\1\GINC-SULU\Stability\RHF\Gen\H12\LCJ1\17-Feb-2017\0\\#rhf/gen scf(s
 ymm,tight,novaracc,noincfock,fulldiag) stable(crhf) guess=read geom=no
 crowd test\\hf stability analysis of h12 triangular lattice, y= 1.3635
 879012585173\\0,1\H\H,1,1.4278108999\H,1,1.4278108999,2,34.5\H,2,1.427
 8108999,1,145.5,3,0.,0\H,2,1.4278108999,1,180.,3,0.,0\H,4,1.4278108999
 ,3,180.,5,0.,0\H,6,1.4278108999,5,180.,3,0.,0\H,4,1.4278108999,2,180.,
 3,0.,0\H,3,1.4278108999,1,180.,4,0.,0\H,9,1.4278108999,3,180.,4,0.,0\H
 ,8,1.4278108999,4,180.,3,0.,0\H,7,1.4278108999,6,180.,3,0.,0\\Version=
 ES64L-G09RevE.01\State=1-AG\HF=-5.6673396\MP2=-6.2791135\RMSD=8.141e-1
 0\Dipole=0.,0.,0.\Quadrupole=3.4900372,3.4221297,-6.9121669,0.,-3.5718
 721,0.\PG=C02H [SGH(H12)]\\@


 A COMPUTER IS LIKE A HORSE, IT WILL SENSE WEAKNESS.
     -- GREG WETTSTEIN
 Job cpu time:       0 days  0 hours  0 minutes  1.0 seconds.
 File lengths (MBytes):  RWF=     84 Int=      0 D2E=      0 Chk=      2 Scr=      2
 Normal termination of Gaussian 09 at Fri Feb 17 15:06:22 2017.
