 Entering Gaussian System, Link 0=g09
 AtFile(1): H.gbs
            H     0
            S   10   1.00
               1000.000000000000            0.000068713567
                316.227766000000            0.000169141320
                100.000000000000            0.000823394812
                 31.622776600000            0.003425569236
                 10.000000000000            0.013951996000
                  3.162277660000            0.056909313560
                  1.000000000000            0.198286399900
                  0.316227766000            0.496922426700
                  0.100000000000            0.369846276400
                  0.031622776600            0.003752720039
            ****
 Initial command:
 /projects/guscus/apps/gau/g09-e1/g09/l1.exe "/users/lcj1/gaussian/h12/rhfstability/rect/guess/ag2bu4/Gau-9282.inp" -scrdir="/users/lcj1/gaussian/h12/rhfstability/rect/guess/ag2bu4/"
 Entering Link 1 = /projects/guscus/apps/gau/g09-e1/g09/l1.exe PID=      9283.
  
 Copyright (c) 1988,1990,1992,1993,1995,1998,2003,2009,2015,
            Gaussian, Inc.  All Rights Reserved.
  
 This is part of the Gaussian(R) 09 program.  It is based on
 the Gaussian(R) 03 system (copyright 2003, Gaussian, Inc.),
 the Gaussian(R) 98 system (copyright 1998, Gaussian, Inc.),
 the Gaussian(R) 94 system (copyright 1995, Gaussian, Inc.),
 the Gaussian 92(TM) system (copyright 1992, Gaussian, Inc.),
 the Gaussian 90(TM) system (copyright 1990, Gaussian, Inc.),
 the Gaussian 88(TM) system (copyright 1988, Gaussian, Inc.),
 the Gaussian 86(TM) system (copyright 1986, Carnegie Mellon
 University), and the Gaussian 82(TM) system (copyright 1983,
 Carnegie Mellon University). Gaussian is a federally registered
 trademark of Gaussian, Inc.
  
 This software contains proprietary and confidential information,
 including trade secrets, belonging to Gaussian, Inc.
  
 This software is provided under written license and may be
 used, copied, transmitted, or stored only in accord with that
 written license.
  
 The following legend is applicable only to US Government
 contracts under FAR:
  
                    RESTRICTED RIGHTS LEGEND
  
 Use, reproduction and disclosure by the US Government is
 subject to restrictions as set forth in subparagraphs (a)
 and (c) of the Commercial Computer Software - Restricted
 Rights clause in FAR 52.227-19.
  
 Gaussian, Inc.
 340 Quinnipiac St., Bldg. 40, Wallingford CT 06492
  
  
 ---------------------------------------------------------------
 Warning -- This program may not be used in any manner that
 competes with the business of Gaussian, Inc. or will provide
 assistance to any competitor of Gaussian, Inc.  The licensee
 of this program is prohibited from giving any competitor of
 Gaussian, Inc. access to this program.  By using this program,
 the user acknowledges that Gaussian, Inc. is engaged in the
 business of creating and licensing software in the field of
 computational chemistry and represents and warrants to the
 licensee that it is not a competitor of Gaussian, Inc. and that
 it will not use this program in any manner prohibited above.
 ---------------------------------------------------------------
  

 Cite this work as:
 Gaussian 09, Revision E.01,
 M. J. Frisch, G. W. Trucks, H. B. Schlegel, G. E. Scuseria, 
 M. A. Robb, J. R. Cheeseman, G. Scalmani, V. Barone, B. Mennucci, 
 G. A. Petersson, H. Nakatsuji, M. Caricato, X. Li, H. P. Hratchian, 
 A. F. Izmaylov, J. Bloino, G. Zheng, J. L. Sonnenberg, M. Hada, 
 M. Ehara, K. Toyota, R. Fukuda, J. Hasegawa, M. Ishida, T. Nakajima, 
 Y. Honda, O. Kitao, H. Nakai, T. Vreven, J. A. Montgomery, Jr., 
 J. E. Peralta, F. Ogliaro, M. Bearpark, J. J. Heyd, E. Brothers, 
 K. N. Kudin, V. N. Staroverov, T. Keith, R. Kobayashi, J. Normand, 
 K. Raghavachari, A. Rendell, J. C. Burant, S. S. Iyengar, J. Tomasi, 
 M. Cossi, N. Rega, J. M. Millam, M. Klene, J. E. Knox, J. B. Cross, 
 V. Bakken, C. Adamo, J. Jaramillo, R. Gomperts, R. E. Stratmann, 
 O. Yazyev, A. J. Austin, R. Cammi, C. Pomelli, J. W. Ochterski, 
 R. L. Martin, K. Morokuma, V. G. Zakrzewski, G. A. Voth, 
 P. Salvador, J. J. Dannenberg, S. Dapprich, A. D. Daniels, 
 O. Farkas, J. B. Foresman, J. V. Ortiz, J. Cioslowski, 
 and D. J. Fox, Gaussian, Inc., Wallingford CT, 2013.
 
 ******************************************
 Gaussian 09:  ES64L-G09RevE.01 30-Nov-2015
                17-Feb-2017 
 ******************************************
 %chk=h12.chk
 ----------------------------------------------------------------------
 #rhf/gen scf(symm,tight,novaracc,noincfock,fulldiag) stable(crhf) gues
 s=read geom=nocrowd test
 ----------------------------------------------------------------------
 1/38=1/1;
 2/12=1,17=6,18=5,40=1/2;
 3/5=7,16=1,25=1,30=1,116=1/1,2,3;
 4/5=1,9=4/1;
 5/5=100002,15=2,16=1,32=2,38=6/2;
 8/6=1,10=90,11=11/1,4;
 9/8=4,13=1/2;
 6/7=2,8=2,9=2,10=2,28=1/1;
 99/5=1,9=1/99;
 ----------------------------------------------------------------------
 hf stability analysis of h12 triangular lattice, y= 0.3388836262365067
 0
 ----------------------------------------------------------------------
 Symbolic Z-matrix:
 Charge =  0 Multiplicity = 1
 H
 H                    1     1.73706 
 H                    1     1.73706  2     157.5 
 H                    2     1.73706  1     22.5     3     0.       0
 H                    2     1.73706  1     180.     3     0.       0
 H                    4     1.73706  3     180.     5     0.       0
 H                    6     1.73706  5     180.     3     0.       0
 H                    4     1.73706  2     180.     3     0.       0
 H                    3     1.73706  1     180.     4     0.       0
 H                    9     1.73706  3     180.     4     0.       0
 H                    8     1.73706  4     180.     3     0.       0
 H                    7     1.73706  6     180.     3     0.       0
 
                          Input orientation:                          
 ---------------------------------------------------------------------
 Center     Atomic      Atomic             Coordinates (Angstroms)
 Number     Number       Type             X           Y           Z
 ---------------------------------------------------------------------
      1          1           0        0.000000    0.000000    0.000000
      2          1           0        0.000000    0.000000    1.737060
      3          1           0        0.664744    0.000000   -1.604834
      4          1           0        0.664744    0.000000    0.132226
      5          1           0        0.000000    0.000000    3.474120
      6          1           0        0.664744    0.000000    1.869286
      7          1           0        1.329488    0.000000    0.264452
      8          1           0        1.329488    0.000000   -1.472608
      9          1           0        1.329488    0.000000   -3.209669
     10          1           0        1.994232    0.000000   -4.814503
     11          1           0        1.994232    0.000000   -3.077443
     12          1           0        1.994232    0.000000   -1.340383
 ---------------------------------------------------------------------
                    Distance matrix (angstroms):
                    1          2          3          4          5
     1  H    0.000000
     2  H    1.737060   0.000000
     3  H    1.737060   3.407366   0.000000
     4  H    0.677767   1.737060   1.737060   0.000000
     5  H    3.474120   1.737060   5.122271   3.407366   0.000000
     6  H    1.983964   0.677767   3.474120   1.737060   1.737060
     7  H    1.355534   1.983964   1.983964   0.677767   3.474120
     8  H    1.983964   3.474120   0.677767   1.737060   5.122271
     9  H    3.474120   5.122271   1.737060   3.407366   6.814732
    10  H    5.211180   6.848353   3.474120   5.122271   8.525153
    11  H    3.667099   5.211180   1.983964   3.474120   6.848353
    12  H    2.402829   3.667099   1.355534   1.983964   5.211180
                    6          7          8          9         10
     6  H    0.000000
     7  H    1.737060   0.000000
     8  H    3.407366   1.737060   0.000000
     9  H    5.122271   3.474120   1.737060   0.000000
    10  H    6.814732   5.122271   3.407366   1.737060   0.000000
    11  H    5.122271   3.407366   1.737060   0.677767   1.737060
    12  H    3.474120   1.737060   0.677767   1.983964   3.474120
                   11         12
    11  H    0.000000
    12  H    1.737060   0.000000
 Stoichiometry    H12
 Framework group  C2H[SGH(H12)]
 Deg. of freedom    11
 Full point group                 C2H     NOp   4
 Largest Abelian subgroup         C2H     NOp   4
 Largest concise Abelian subgroup C2      NOp   2
                         Standard orientation:                         
 ---------------------------------------------------------------------
 Center     Atomic      Atomic             Coordinates (Angstroms)
 Number     Number       Type             X           Y           Z
 ---------------------------------------------------------------------
      1          1           0        0.664744    1.000756   -0.000000
      2          1           0        0.000000    2.605590   -0.000000
      3          1           0        0.664744   -0.736304    0.000000
      4          1           0        0.000000    0.868530   -0.000000
      5          1           0       -0.664744    4.210424   -0.000000
      6          1           0       -0.664744    2.473364   -0.000000
      7          1           0       -0.664744    0.736304   -0.000000
      8          1           0       -0.000000   -0.868530   -0.000000
      9          1           0        0.664744   -2.473364    0.000000
     10          1           0        0.664744   -4.210424   -0.000000
     11          1           0       -0.000000   -2.605590   -0.000000
     12          1           0       -0.664744   -1.000756   -0.000000
 ---------------------------------------------------------------------
 Rotational constants (GHZ):    210.0221331      7.4830575      7.2256101
 General basis read from cards:  (5D, 7F)
 There are     6 symmetry adapted cartesian basis functions of AG  symmetry.
 There are     0 symmetry adapted cartesian basis functions of BG  symmetry.
 There are     0 symmetry adapted cartesian basis functions of AU  symmetry.
 There are     6 symmetry adapted cartesian basis functions of BU  symmetry.
 There are     6 symmetry adapted basis functions of AG  symmetry.
 There are     0 symmetry adapted basis functions of BG  symmetry.
 There are     0 symmetry adapted basis functions of AU  symmetry.
 There are     6 symmetry adapted basis functions of BU  symmetry.
    12 basis functions,   120 primitive gaussians,    12 cartesian basis functions
     6 alpha electrons        6 beta electrons
       nuclear repulsion energy        16.8749014237 Hartrees.
 NAtoms=   12 NActive=   12 NUniq=    6 SFac= 4.00D+00 NAtFMM=   60 NAOKFM=F Big=F
 Integral buffers will be    131072 words long.
 Regular integral format.
 Two-electron integral symmetry is turned on.
 One-electron integrals computed using PRISM.
 NBasis=    12 RedAO= T EigKep=  8.08D-02  NBF=     6     0     0     6
 NBsUse=    12 1.00D-06 EigRej= -1.00D+00 NBFU=     6     0     0     6
 Initial guess from the checkpoint file:  "h12.chk"
 B after Tr=     0.000000    0.000000   -0.000000
         Rot=    0.999999    0.000000   -0.000000   -0.001518 Ang=  -0.17 deg.
 Initial guess orbital symmetries:
       Occupied  (AG) (BU) (AG) (BU) (BU) (BU)
       Virtual   (AG) (AG) (BU) (AG) (AG) (BU)
 Keep R1 ints in memory in symmetry-blocked form, NReq=896658.
 Requested convergence on RMS density matrix=1.00D-08 within 128 cycles.
 Requested convergence on MAX density matrix=1.00D-06.
 Requested convergence on             energy=1.00D-06.
 No special actions if energy rises.
 SCF Done:  E(RHF) =  -5.63751376757     A.U. after    6 cycles
            NFock=  6  Conv=0.77D-08     -V/T= 1.8920
 Range of M.O.s used for correlation:     1    12
 NBasis=    12 NAE=     6 NBE=     6 NFC=     0 NFV=     0
 NROrb=     12 NOA=     6 NOB=     6 NVA=     6 NVB=     6

 **** Warning!!: The smallest alpha delta epsilon is  0.61236483D-01

 Semi-Direct transformation.
 ModeAB=           4 MOrb=             6 LenV=     134090555
 LASXX=         2181 LTotXX=        2181 LenRXX=        5115
 LTotAB=        2934 MaxLAS=        3024 LenRXY=           0
 NonZer=        7296 LenScr=      655360 LnRSAI=        3024
 LnScr1=      655360 LExtra=           0 Total=      1318859
 MaxDsk=          -1 SrtSym=           T ITran=            3
 JobTyp=0 Pass  1:  I=   1 to   6.
 (rs|ai) integrals will be sorted in core.
 Spin components of T(2) and E(2):
     alpha-alpha T2 =       0.5864870597D-02 E2=     -0.5188659251D-02
     alpha-beta  T2 =       0.5255126048D+01 E2=     -0.7081941716D+00
     beta-beta   T2 =       0.5864870597D-02 E2=     -0.5188659251D-02
 ANorm=    0.2503368888D+01
 E2 =    -0.7185714901D+00 EUMP2 =    -0.63560852576716D+01
 Second order stability test of a single determinant RHF wave function:
 Stabil:  MDV=134217728
 ***********************************************************************
 Matrix         Lowest Root    Major Pairs
 ***********************************************************************
 Internal RHF     0.0585873    Stable
 RRHF --> CRHF   -0.0021206    6A=7A
 RRHF --> RUHF   -0.5649889    6A=7B
 Not stable.
 ***********************************************************************

 **********************************************************************

            Population analysis using the SCF density.

 **********************************************************************

 Orbital symmetries:
       Occupied  (AG) (BU) (AG) (BU) (BU) (BU)
       Virtual   (AG) (AG) (BU) (AG) (AG) (BU)
 The electronic state is 1-AG.
 Alpha  occ. eigenvalues --   -0.88661  -0.78657  -0.65800  -0.62827  -0.34901
 Alpha  occ. eigenvalues --   -0.18060
 Alpha virt. eigenvalues --   -0.11936   0.03164   0.46744   0.49234   0.83134
 Alpha virt. eigenvalues --    1.04541
          Condensed to atoms (all electrons):
               1          2          3          4          5          6
     1  H    0.799081  -0.012154   0.196162   0.271730   0.000583  -0.041322
     2  H   -0.012154   0.674635   0.004074  -0.067857  -0.051389   0.507466
     3  H    0.196162   0.004074   0.937981  -0.045613  -0.000073  -0.001164
     4  H    0.271730  -0.067857  -0.045613   0.962526   0.001645  -0.065345
     5  H    0.000583  -0.051389  -0.000073   0.001645   1.119908  -0.049448
     6  H   -0.041322   0.507466  -0.001164  -0.065345  -0.049448   0.650015
     7  H   -0.257771  -0.048993  -0.191453   0.303523   0.000774  -0.016685
     8  H   -0.024082   0.002170   0.303523  -0.076963  -0.000139   0.002162
     9  H    0.002971  -0.000097  -0.016685   0.002162   0.000021  -0.000118
    10  H   -0.000050   0.000021   0.000774  -0.000139  -0.000007   0.000021
    11  H   -0.001009  -0.000116  -0.048993   0.002170   0.000021  -0.000097
    12  H   -0.095712  -0.001009  -0.257771  -0.024082  -0.000050   0.002971
               7          8          9         10         11         12
     1  H   -0.257771  -0.024082   0.002971  -0.000050  -0.001009  -0.095712
     2  H   -0.048993   0.002170  -0.000097   0.000021  -0.000116  -0.001009
     3  H   -0.191453   0.303523  -0.016685   0.000774  -0.048993  -0.257771
     4  H    0.303523  -0.076963   0.002162  -0.000139   0.002170  -0.024082
     5  H    0.000774  -0.000139   0.000021  -0.000007   0.000021  -0.000050
     6  H   -0.016685   0.002162  -0.000118   0.000021  -0.000097   0.002971
     7  H    0.937981  -0.045613  -0.001164  -0.000073   0.004074   0.196162
     8  H   -0.045613   0.962526  -0.065345   0.001645  -0.067857   0.271730
     9  H   -0.001164  -0.065345   0.650015  -0.049448   0.507466  -0.041322
    10  H   -0.000073   0.001645  -0.049448   1.119908  -0.051389   0.000583
    11  H    0.004074  -0.067857   0.507466  -0.051389   0.674635  -0.012154
    12  H    0.196162   0.271730  -0.041322   0.000583  -0.012154   0.799081
 Mulliken charges:
               1
     1  H    0.161573
     2  H   -0.006750
     3  H    0.119237
     4  H   -0.263757
     5  H   -0.021847
     6  H    0.011544
     7  H    0.119237
     8  H   -0.263757
     9  H    0.011544
    10  H   -0.021847
    11  H   -0.006750
    12  H    0.161573
 Sum of Mulliken charges =  -0.00000
 Mulliken charges with hydrogens summed into heavy atoms:
               1
 Electronic spatial extent (au):  <R**2>=            287.6642
 Charge=             -0.0000 electrons
 Dipole moment (field-independent basis, Debye):
    X=              0.0000    Y=              0.0000    Z=             -0.0000  Tot=              0.0000
 Quadrupole moment (field-independent basis, Debye-Ang):
   XX=            -15.8132   YY=            -22.3912   ZZ=            -15.3729
   XY=              1.7349   XZ=             -0.0000   YZ=              0.0000
 Traceless Quadrupole moment (field-independent basis, Debye-Ang):
   XX=              2.0459   YY=             -4.5321   ZZ=              2.4862
   XY=              1.7349   XZ=             -0.0000   YZ=              0.0000
 Octapole moment (field-independent basis, Debye-Ang**2):
  XXX=              0.0000  YYY=             -0.0000  ZZZ=              0.0000  XYY=              0.0000
  XXY=              0.0000  XXZ=              0.0000  XZZ=              0.0000  YZZ=             -0.0000
  YYZ=              0.0000  XYZ=             -0.0000
 Hexadecapole moment (field-independent basis, Debye-Ang**3):
 XXXX=            -48.4461 YYYY=           -728.5111 ZZZZ=            -18.4875 XXXY=             34.2070
 XXXZ=             -0.0000 YYYX=             66.6103 YYYZ=              0.0000 ZZZX=             -0.0000
 ZZZY=              0.0000 XXYY=            -99.6252 XXZZ=            -11.1741 YYZZ=            -94.5081
 XXYZ=              0.0000 YYXZ=             -0.0000 ZZXY=             11.6686
 N-N= 1.687490142367D+01 E-N=-4.436685353446D+01  KE= 6.320126855880D+00
 Symmetry AG   KE= 1.565305375166D+00
 Symmetry BG   KE= 0.000000000000D+00
 Symmetry AU   KE= 0.000000000000D+00
 Symmetry BU   KE= 4.754821480713D+00

 Test job not archived.
 1\1\GINC-SULU\Stability\RHF\Gen\H12\LCJ1\17-Feb-2017\0\\#rhf/gen scf(s
 ymm,tight,novaracc,noincfock,fulldiag) stable(crhf) guess=read geom=no
 crowd test\\hf stability analysis of h12 triangular lattice, y= 0.3388
 8362623650670\\0,1\H\H,1,1.7370601136\H,1,1.7370601136,2,157.5\H,2,1.7
 370601136,1,22.5,3,0.,0\H,2,1.7370601136,1,180.,3,0.,0\H,4,1.737060113
 6,3,180.,5,0.,0\H,6,1.7370601136,5,180.,3,0.,0\H,4,1.7370601136,2,180.
 ,3,0.,0\H,3,1.7370601136,1,180.,4,0.,0\H,9,1.7370601136,3,180.,4,0.,0\
 H,8,1.7370601136,4,180.,3,0.,0\H,7,1.7370601136,6,180.,3,0.,0\\Version
 =ES64L-G09RevE.01\State=1-AG\HF=-5.6375138\MP2=-6.3560853\RMSD=7.677e-
 09\Dipole=0.,0.,0.\Quadrupole=1.7168981,1.8484481,-3.5653463,0.,0.8170
 044,0.\PG=C02H [SGH(H12)]\\@


 IF I AM NOT FOR MYSELF, WHO WILL BE?
 BUT IF I AM ONLY FOR MYSELF, WHAT AM I?
 THOUGH A SEEKER SINCE MY BIRTH,
 HERE IS ALL I'VE LEARNED ON EARTH,
 THIS IS THE GIST OF WHAT I KNOW:
 GIVE ADVICE AND BUY A FOE.

 PRESSED FOR RULES AND VERITIES,
 ALL I RECOLLECT ARE THESE:
 FEED A COLD TO STARVE A FEVER,
 ARGUE WITH NO TRUE-BELIEVER.
 THINK-TOO-LONG IS NEVER-ACT,
 SCRATCH A MYTH AND FIND A FACT.

 STITCH IN TIME SAVES TWENTY STITCHES,
 GIVE THE RICH TO PLEASE THEM, RICHES.
 GIVE TO LOVE YOU HEARTH AND HALL,
 BUT DO NOT GIVE ADVICE AT ALL.

                                  -- HILLEL
 Job cpu time:       0 days  0 hours  0 minutes  1.0 seconds.
 File lengths (MBytes):  RWF=     84 Int=      0 D2E=      0 Chk=      2 Scr=      2
 Normal termination of Gaussian 09 at Fri Feb 17 14:53:40 2017.
