 Entering Gaussian System, Link 0=g09
 AtFile(1): H.gbs
            H     0
            S   10   1.00
               1000.000000000000            0.000068713567
                316.227766000000            0.000169141320
                100.000000000000            0.000823394812
                 31.622776600000            0.003425569236
                 10.000000000000            0.013951996000
                  3.162277660000            0.056909313560
                  1.000000000000            0.198286399900
                  0.316227766000            0.496922426700
                  0.100000000000            0.369846276400
                  0.031622776600            0.003752720039
            ****
 Initial command:
 /projects/guscus/apps/gau/g09-e1/g09/l1.exe "/users/lcj1/gaussian/h12/rhfstability/rect/guess/ag2bu4/Gau-10311.inp" -scrdir="/users/lcj1/gaussian/h12/rhfstability/rect/guess/ag2bu4/"
 Entering Link 1 = /projects/guscus/apps/gau/g09-e1/g09/l1.exe PID=     10312.
  
 Copyright (c) 1988,1990,1992,1993,1995,1998,2003,2009,2015,
            Gaussian, Inc.  All Rights Reserved.
  
 This is part of the Gaussian(R) 09 program.  It is based on
 the Gaussian(R) 03 system (copyright 2003, Gaussian, Inc.),
 the Gaussian(R) 98 system (copyright 1998, Gaussian, Inc.),
 the Gaussian(R) 94 system (copyright 1995, Gaussian, Inc.),
 the Gaussian 92(TM) system (copyright 1992, Gaussian, Inc.),
 the Gaussian 90(TM) system (copyright 1990, Gaussian, Inc.),
 the Gaussian 88(TM) system (copyright 1988, Gaussian, Inc.),
 the Gaussian 86(TM) system (copyright 1986, Carnegie Mellon
 University), and the Gaussian 82(TM) system (copyright 1983,
 Carnegie Mellon University). Gaussian is a federally registered
 trademark of Gaussian, Inc.
  
 This software contains proprietary and confidential information,
 including trade secrets, belonging to Gaussian, Inc.
  
 This software is provided under written license and may be
 used, copied, transmitted, or stored only in accord with that
 written license.
  
 The following legend is applicable only to US Government
 contracts under FAR:
  
                    RESTRICTED RIGHTS LEGEND
  
 Use, reproduction and disclosure by the US Government is
 subject to restrictions as set forth in subparagraphs (a)
 and (c) of the Commercial Computer Software - Restricted
 Rights clause in FAR 52.227-19.
  
 Gaussian, Inc.
 340 Quinnipiac St., Bldg. 40, Wallingford CT 06492
  
  
 ---------------------------------------------------------------
 Warning -- This program may not be used in any manner that
 competes with the business of Gaussian, Inc. or will provide
 assistance to any competitor of Gaussian, Inc.  The licensee
 of this program is prohibited from giving any competitor of
 Gaussian, Inc. access to this program.  By using this program,
 the user acknowledges that Gaussian, Inc. is engaged in the
 business of creating and licensing software in the field of
 computational chemistry and represents and warrants to the
 licensee that it is not a competitor of Gaussian, Inc. and that
 it will not use this program in any manner prohibited above.
 ---------------------------------------------------------------
  

 Cite this work as:
 Gaussian 09, Revision E.01,
 M. J. Frisch, G. W. Trucks, H. B. Schlegel, G. E. Scuseria, 
 M. A. Robb, J. R. Cheeseman, G. Scalmani, V. Barone, B. Mennucci, 
 G. A. Petersson, H. Nakatsuji, M. Caricato, X. Li, H. P. Hratchian, 
 A. F. Izmaylov, J. Bloino, G. Zheng, J. L. Sonnenberg, M. Hada, 
 M. Ehara, K. Toyota, R. Fukuda, J. Hasegawa, M. Ishida, T. Nakajima, 
 Y. Honda, O. Kitao, H. Nakai, T. Vreven, J. A. Montgomery, Jr., 
 J. E. Peralta, F. Ogliaro, M. Bearpark, J. J. Heyd, E. Brothers, 
 K. N. Kudin, V. N. Staroverov, T. Keith, R. Kobayashi, J. Normand, 
 K. Raghavachari, A. Rendell, J. C. Burant, S. S. Iyengar, J. Tomasi, 
 M. Cossi, N. Rega, J. M. Millam, M. Klene, J. E. Knox, J. B. Cross, 
 V. Bakken, C. Adamo, J. Jaramillo, R. Gomperts, R. E. Stratmann, 
 O. Yazyev, A. J. Austin, R. Cammi, C. Pomelli, J. W. Ochterski, 
 R. L. Martin, K. Morokuma, V. G. Zakrzewski, G. A. Voth, 
 P. Salvador, J. J. Dannenberg, S. Dapprich, A. D. Daniels, 
 O. Farkas, J. B. Foresman, J. V. Ortiz, J. Cioslowski, 
 and D. J. Fox, Gaussian, Inc., Wallingford CT, 2013.
 
 ******************************************
 Gaussian 09:  ES64L-G09RevE.01 30-Nov-2015
                17-Feb-2017 
 ******************************************
 %chk=h12.chk
 ----------------------------------------------------------------------
 #rhf/gen scf(symm,tight,novaracc,noincfock,fulldiag) stable(crhf) gues
 s=read geom=nocrowd test
 ----------------------------------------------------------------------
 1/38=1/1;
 2/12=1,17=6,18=5,40=1/2;
 3/5=7,16=1,25=1,30=1,116=1/1,2,3;
 4/5=1,9=4/1;
 5/5=100002,15=2,16=1,32=2,38=6/2;
 8/6=1,10=90,11=11/1,4;
 9/8=4,13=1/2;
 6/7=2,8=2,9=2,10=2,28=1/1;
 99/5=1,9=1/99;
 ----------------------------------------------------------------------
 hf stability analysis of h12 triangular lattice, y= 0.3758679504228169
 5
 ----------------------------------------------------------------------
 Symbolic Z-matrix:
 Charge =  0 Multiplicity = 1
 H
 H                    1     1.58136 
 H                    1     1.58136  2     152.5 
 H                    2     1.58136  1     27.5     3     0.       0
 H                    2     1.58136  1     180.     3     0.       0
 H                    4     1.58136  3     180.     5     0.       0
 H                    6     1.58136  5     180.     3     0.       0
 H                    4     1.58136  2     180.     3     0.       0
 H                    3     1.58136  1     180.     4     0.       0
 H                    9     1.58136  3     180.     4     0.       0
 H                    8     1.58136  4     180.     3     0.       0
 H                    7     1.58136  6     180.     3     0.       0
 
                          Input orientation:                          
 ---------------------------------------------------------------------
 Center     Atomic      Atomic             Coordinates (Angstroms)
 Number     Number       Type             X           Y           Z
 ---------------------------------------------------------------------
      1          1           0        0.000000    0.000000    0.000000
      2          1           0        0.000000    0.000000    1.581364
      3          1           0        0.730193    0.000000   -1.402687
      4          1           0        0.730193    0.000000    0.178677
      5          1           0        0.000000    0.000000    3.162728
      6          1           0        0.730193    0.000000    1.760041
      7          1           0        1.460385    0.000000    0.357354
      8          1           0        1.460385    0.000000   -1.224010
      9          1           0        1.460385    0.000000   -2.805374
     10          1           0        2.190578    0.000000   -4.208061
     11          1           0        2.190578    0.000000   -2.626697
     12          1           0        2.190578    0.000000   -1.045333
 ---------------------------------------------------------------------
                    Distance matrix (angstroms):
                    1          2          3          4          5
     1  H    0.000000
     2  H    1.581364   0.000000
     3  H    1.581364   3.072091   0.000000
     4  H    0.751736   1.581364   1.581364   0.000000
     5  H    3.162728   1.581364   4.623440   3.072091   0.000000
     6  H    1.905499   0.751736   3.162728   1.581364   1.581364
     7  H    1.503472   1.905499   1.905499   0.751736   3.162728
     8  H    1.905499   3.162728   0.751736   1.581364   4.623440
     9  H    3.162728   4.623440   1.581364   3.072091   6.144182
    10  H    4.744092   6.189998   3.162728   4.623440   7.689419
    11  H    3.420259   4.744092   1.905499   3.162728   6.189998
    12  H    2.427211   3.420259   1.503472   1.905499   4.744092
                    6          7          8          9         10
     6  H    0.000000
     7  H    1.581364   0.000000
     8  H    3.072091   1.581364   0.000000
     9  H    4.623440   3.162728   1.581364   0.000000
    10  H    6.144182   4.623440   3.072091   1.581364   0.000000
    11  H    4.623440   3.072091   1.581364   0.751736   1.581364
    12  H    3.162728   1.581364   0.751736   1.905499   3.162728
                   11         12
    11  H    0.000000
    12  H    1.581364   0.000000
 Stoichiometry    H12
 Framework group  C2H[SGH(H12)]
 Deg. of freedom    11
 Full point group                 C2H     NOp   4
 Largest Abelian subgroup         C2H     NOp   4
 Largest concise Abelian subgroup C2      NOp   2
                         Standard orientation:                         
 ---------------------------------------------------------------------
 Center     Atomic      Atomic             Coordinates (Angstroms)
 Number     Number       Type             X           Y           Z
 ---------------------------------------------------------------------
      1          1           0        0.730193    0.969359   -0.000000
      2          1           0        0.000000    2.372046   -0.000000
      3          1           0        0.730193   -0.612005   -0.000000
      4          1           0        0.000000    0.790682   -0.000000
      5          1           0       -0.730193    3.774733   -0.000000
      6          1           0       -0.730193    2.193369   -0.000000
      7          1           0       -0.730193    0.612005   -0.000000
      8          1           0       -0.000000   -0.790682   -0.000000
      9          1           0        0.730193   -2.193369   -0.000000
     10          1           0        0.730193   -3.774733   -0.000000
     11          1           0       -0.000000   -2.372046   -0.000000
     12          1           0       -0.730193   -0.969359   -0.000000
 ---------------------------------------------------------------------
 Rotational constants (GHZ):    171.0751413      9.1866514      8.7184737
 General basis read from cards:  (5D, 7F)
 There are     6 symmetry adapted cartesian basis functions of AG  symmetry.
 There are     0 symmetry adapted cartesian basis functions of BG  symmetry.
 There are     0 symmetry adapted cartesian basis functions of AU  symmetry.
 There are     6 symmetry adapted cartesian basis functions of BU  symmetry.
 There are     6 symmetry adapted basis functions of AG  symmetry.
 There are     0 symmetry adapted basis functions of BG  symmetry.
 There are     0 symmetry adapted basis functions of AU  symmetry.
 There are     6 symmetry adapted basis functions of BU  symmetry.
    12 basis functions,   120 primitive gaussians,    12 cartesian basis functions
     6 alpha electrons        6 beta electrons
       nuclear repulsion energy        17.3423354057 Hartrees.
 NAtoms=   12 NActive=   12 NUniq=    6 SFac= 4.00D+00 NAtFMM=   60 NAOKFM=F Big=F
 Integral buffers will be    131072 words long.
 Regular integral format.
 Two-electron integral symmetry is turned on.
 One-electron integrals computed using PRISM.
 NBasis=    12 RedAO= T EigKep=  1.02D-01  NBF=     6     0     0     6
 NBsUse=    12 1.00D-06 EigRej= -1.00D+00 NBFU=     6     0     0     6
 Initial guess from the checkpoint file:  "h12.chk"
 B after Tr=     0.000000   -0.000000   -0.000000
         Rot=    0.999999   -0.000000    0.000000   -0.001518 Ang=  -0.17 deg.
 Initial guess orbital symmetries:
       Occupied  (AG) (BU) (AG) (BU) (BU) (BU)
       Virtual   (AG) (AG) (BU) (AG) (AG) (BU)
 Keep R1 ints in memory in symmetry-blocked form, NReq=897470.
 Requested convergence on RMS density matrix=1.00D-08 within 128 cycles.
 Requested convergence on MAX density matrix=1.00D-06.
 Requested convergence on             energy=1.00D-06.
 No special actions if energy rises.
 SCF Done:  E(RHF) =  -5.72946554687     A.U. after    7 cycles
            NFock=  7  Conv=0.18D-08     -V/T= 1.8944
 Range of M.O.s used for correlation:     1    12
 NBasis=    12 NAE=     6 NBE=     6 NFC=     0 NFV=     0
 NROrb=     12 NOA=     6 NOB=     6 NVA=     6 NVB=     6

 **** Warning!!: The smallest alpha delta epsilon is  0.64636248D-01

 Semi-Direct transformation.
 ModeAB=           4 MOrb=             6 LenV=     134089855
 LASXX=         2181 LTotXX=        2181 LenRXX=        5115
 LTotAB=        2934 MaxLAS=        3024 LenRXY=           0
 NonZer=        7296 LenScr=      655360 LnRSAI=        3024
 LnScr1=      655360 LExtra=           0 Total=      1318859
 MaxDsk=          -1 SrtSym=           T ITran=            3
 JobTyp=0 Pass  1:  I=   1 to   6.
 (rs|ai) integrals will be sorted in core.
 Spin components of T(2) and E(2):
     alpha-alpha T2 =       0.7027618522D-02 E2=     -0.6200604176D-02
     alpha-beta  T2 =       0.4324381753D+01 E2=     -0.6308015084D+00
     beta-beta   T2 =       0.7027618522D-02 E2=     -0.6200604176D-02
 ANorm=    0.2310505787D+01
 E2 =    -0.6432027168D+00 EUMP2 =    -0.63726682636277D+01
 Second order stability test of a single determinant RHF wave function:
 Stabil:  MDV=134217728
 ***********************************************************************
 Matrix         Lowest Root    Major Pairs
 ***********************************************************************
 Internal RHF     0.0066407    Stable
 RRHF --> CRHF   -0.00861      6A=7A
 RRHF --> RUHF   -0.5506498    6A=7B
 Not stable.
 ***********************************************************************

 **********************************************************************

            Population analysis using the SCF density.

 **********************************************************************

 Orbital symmetries:
       Occupied  (AG) (BU) (AG) (BU) (BU) (BU)
       Virtual   (AG) (AG) (BU) (AG) (AG) (BU)
 The electronic state is 1-AG.
 Alpha  occ. eigenvalues --   -0.88813  -0.76690  -0.63488  -0.56858  -0.39660
 Alpha  occ. eigenvalues --   -0.15286
 Alpha virt. eigenvalues --   -0.08822   0.01401   0.42072   0.46419   0.67454
 Alpha virt. eigenvalues --    0.90905
          Condensed to atoms (all electrons):
               1          2          3          4          5          6
     1  H    0.718007  -0.031122   0.182545   0.302536   0.001521  -0.055391
     2  H   -0.031122   0.751932   0.008644  -0.106865  -0.076926   0.526125
     3  H    0.182545   0.008644   0.919166  -0.075466  -0.000324  -0.000803
     4  H    0.302536  -0.106865  -0.075466   0.980719   0.003538  -0.098997
     5  H    0.001521  -0.076926  -0.000324   0.003538   1.191878  -0.070230
     6  H   -0.055391   0.526125  -0.000803  -0.098997  -0.070230   0.697665
     7  H   -0.158331  -0.070767  -0.197996   0.351681   0.001888  -0.038764
     8  H   -0.038433   0.005943   0.351681  -0.124150  -0.000532   0.005696
     9  H    0.005786  -0.000451  -0.038764   0.005696   0.000095  -0.000480
    10  H   -0.000217   0.000094   0.001888  -0.000532  -0.000026   0.000095
    11  H   -0.000576  -0.000493  -0.070767   0.005943   0.000094  -0.000451
    12  H   -0.080018  -0.000576  -0.158331  -0.038433  -0.000217   0.005786
               7          8          9         10         11         12
     1  H   -0.158331  -0.038433   0.005786  -0.000217  -0.000576  -0.080018
     2  H   -0.070767   0.005943  -0.000451   0.000094  -0.000493  -0.000576
     3  H   -0.197996   0.351681  -0.038764   0.001888  -0.070767  -0.158331
     4  H    0.351681  -0.124150   0.005696  -0.000532   0.005943  -0.038433
     5  H    0.001888  -0.000532   0.000095  -0.000026   0.000094  -0.000217
     6  H   -0.038764   0.005696  -0.000480   0.000095  -0.000451   0.005786
     7  H    0.919166  -0.075466  -0.000803  -0.000324   0.008644   0.182545
     8  H   -0.075466   0.980719  -0.098997   0.003538  -0.106865   0.302536
     9  H   -0.000803  -0.098997   0.697665  -0.070230   0.526125  -0.055391
    10  H   -0.000324   0.003538  -0.070230   1.191878  -0.076926   0.001521
    11  H    0.008644  -0.106865   0.526125  -0.076926   0.751932  -0.031122
    12  H    0.182545   0.302536  -0.055391   0.001521  -0.031122   0.718007
 Mulliken charges:
               1
     1  H    0.153694
     2  H   -0.005538
     3  H    0.078526
     4  H   -0.205671
     5  H   -0.050759
     6  H    0.029749
     7  H    0.078526
     8  H   -0.205671
     9  H    0.029749
    10  H   -0.050759
    11  H   -0.005538
    12  H    0.153694
 Sum of Mulliken charges =   0.00000
 Mulliken charges with hydrogens summed into heavy atoms:
               1
 Electronic spatial extent (au):  <R**2>=            247.0974
 Charge=              0.0000 electrons
 Dipole moment (field-independent basis, Debye):
    X=              0.0000    Y=             -0.0000    Z=             -0.0000  Tot=              0.0000
 Quadrupole moment (field-independent basis, Debye-Ang):
   XX=            -15.4146   YY=            -25.4266   ZZ=            -15.2502
   XY=              2.9142   XZ=              0.0000   YZ=              0.0000
 Traceless Quadrupole moment (field-independent basis, Debye-Ang):
   XX=              3.2826   YY=             -6.7295   ZZ=              3.4469
   XY=              2.9142   XZ=              0.0000   YZ=              0.0000
 Octapole moment (field-independent basis, Debye-Ang**2):
  XXX=              0.0000  YYY=              0.0000  ZZZ=              0.0000  XYY=              0.0000
  XXY=              0.0000  XXZ=              0.0000  XZZ=              0.0000  YZZ=              0.0000
  YYZ=              0.0000  XYZ=             -0.0000
 Hexadecapole moment (field-independent basis, Debye-Ang**3):
 XXXX=            -53.0268 YYYY=           -652.8850 ZZZZ=            -18.2214 XXXY=             34.2567
 XXXZ=             -0.0000 YYYX=             77.2289 YYYZ=             -0.0000 ZZZX=             -0.0000
 ZZZY=             -0.0000 XXYY=            -87.1412 XXZZ=            -11.9385 YYZZ=            -78.2113
 XXYZ=             -0.0000 YYXZ=              0.0000 ZZXY=             11.4524
 N-N= 1.734233540573D+01 E-N=-4.573354881833D+01  KE= 6.405852833431D+00
 Symmetry AG   KE= 1.534641456604D+00
 Symmetry BG   KE= 0.000000000000D+00
 Symmetry AU   KE= 0.000000000000D+00
 Symmetry BU   KE= 4.871211376827D+00

 Test job not archived.
 1\1\GINC-SULU\Stability\RHF\Gen\H12\LCJ1\17-Feb-2017\0\\#rhf/gen scf(s
 ymm,tight,novaracc,noincfock,fulldiag) stable(crhf) guess=read geom=no
 crowd test\\hf stability analysis of h12 triangular lattice, y= 0.3758
 6795042281695\\0,1\H\H,1,1.5813641125\H,1,1.5813641125,2,152.5\H,2,1.5
 813641125,1,27.5,3,0.,0\H,2,1.5813641125,1,180.,3,0.,0\H,4,1.581364112
 5,3,180.,5,0.,0\H,6,1.5813641125,5,180.,3,0.,0\H,4,1.5813641125,2,180.
 ,3,0.,0\H,3,1.5813641125,1,180.,4,0.,0\H,9,1.5813641125,3,180.,4,0.,0\
 H,8,1.5813641125,4,180.,3,0.,0\H,7,1.5813641125,6,180.,3,0.,0\\Version
 =ES64L-G09RevE.01\State=1-AG\HF=-5.7294655\MP2=-6.3726683\RMSD=1.786e-
 09\Dipole=0.,0.,0.\Quadrupole=2.6282078,2.5626986,-5.1909064,0.,1.8060
 435,0.\PG=C02H [SGH(H12)]\\@


 YOU KNOW YOU'VE SPOKEN TOO LONG WHEN THE AUDIENCE STOPS LOOKING AT
 THEIR WATCHES AND STARTS SHAKING THEM.
 Job cpu time:       0 days  0 hours  0 minutes  1.0 seconds.
 File lengths (MBytes):  RWF=     84 Int=      0 D2E=      0 Chk=      2 Scr=      2
 Normal termination of Gaussian 09 at Fri Feb 17 14:54:08 2017.
