 Entering Gaussian System, Link 0=g09
 AtFile(1): H.gbs
            H     0
            S   10   1.00
               1000.000000000000            0.000068713567
                316.227766000000            0.000169141320
                100.000000000000            0.000823394812
                 31.622776600000            0.003425569236
                 10.000000000000            0.013951996000
                  3.162277660000            0.056909313560
                  1.000000000000            0.198286399900
                  0.316227766000            0.496922426700
                  0.100000000000            0.369846276400
                  0.031622776600            0.003752720039
            ****
 Initial command:
 /projects/guscus/apps/gau/g09-e1/g09/l1.exe "/users/lcj1/gaussian/h12/rhfstability/rect/guess/ag2bu4/Gau-14936.inp" -scrdir="/users/lcj1/gaussian/h12/rhfstability/rect/guess/ag2bu4/"
 Entering Link 1 = /projects/guscus/apps/gau/g09-e1/g09/l1.exe PID=     14937.
  
 Copyright (c) 1988,1990,1992,1993,1995,1998,2003,2009,2015,
            Gaussian, Inc.  All Rights Reserved.
  
 This is part of the Gaussian(R) 09 program.  It is based on
 the Gaussian(R) 03 system (copyright 2003, Gaussian, Inc.),
 the Gaussian(R) 98 system (copyright 1998, Gaussian, Inc.),
 the Gaussian(R) 94 system (copyright 1995, Gaussian, Inc.),
 the Gaussian 92(TM) system (copyright 1992, Gaussian, Inc.),
 the Gaussian 90(TM) system (copyright 1990, Gaussian, Inc.),
 the Gaussian 88(TM) system (copyright 1988, Gaussian, Inc.),
 the Gaussian 86(TM) system (copyright 1986, Carnegie Mellon
 University), and the Gaussian 82(TM) system (copyright 1983,
 Carnegie Mellon University). Gaussian is a federally registered
 trademark of Gaussian, Inc.
  
 This software contains proprietary and confidential information,
 including trade secrets, belonging to Gaussian, Inc.
  
 This software is provided under written license and may be
 used, copied, transmitted, or stored only in accord with that
 written license.
  
 The following legend is applicable only to US Government
 contracts under FAR:
  
                    RESTRICTED RIGHTS LEGEND
  
 Use, reproduction and disclosure by the US Government is
 subject to restrictions as set forth in subparagraphs (a)
 and (c) of the Commercial Computer Software - Restricted
 Rights clause in FAR 52.227-19.
  
 Gaussian, Inc.
 340 Quinnipiac St., Bldg. 40, Wallingford CT 06492
  
  
 ---------------------------------------------------------------
 Warning -- This program may not be used in any manner that
 competes with the business of Gaussian, Inc. or will provide
 assistance to any competitor of Gaussian, Inc.  The licensee
 of this program is prohibited from giving any competitor of
 Gaussian, Inc. access to this program.  By using this program,
 the user acknowledges that Gaussian, Inc. is engaged in the
 business of creating and licensing software in the field of
 computational chemistry and represents and warrants to the
 licensee that it is not a competitor of Gaussian, Inc. and that
 it will not use this program in any manner prohibited above.
 ---------------------------------------------------------------
  

 Cite this work as:
 Gaussian 09, Revision E.01,
 M. J. Frisch, G. W. Trucks, H. B. Schlegel, G. E. Scuseria, 
 M. A. Robb, J. R. Cheeseman, G. Scalmani, V. Barone, B. Mennucci, 
 G. A. Petersson, H. Nakatsuji, M. Caricato, X. Li, H. P. Hratchian, 
 A. F. Izmaylov, J. Bloino, G. Zheng, J. L. Sonnenberg, M. Hada, 
 M. Ehara, K. Toyota, R. Fukuda, J. Hasegawa, M. Ishida, T. Nakajima, 
 Y. Honda, O. Kitao, H. Nakai, T. Vreven, J. A. Montgomery, Jr., 
 J. E. Peralta, F. Ogliaro, M. Bearpark, J. J. Heyd, E. Brothers, 
 K. N. Kudin, V. N. Staroverov, T. Keith, R. Kobayashi, J. Normand, 
 K. Raghavachari, A. Rendell, J. C. Burant, S. S. Iyengar, J. Tomasi, 
 M. Cossi, N. Rega, J. M. Millam, M. Klene, J. E. Knox, J. B. Cross, 
 V. Bakken, C. Adamo, J. Jaramillo, R. Gomperts, R. E. Stratmann, 
 O. Yazyev, A. J. Austin, R. Cammi, C. Pomelli, J. W. Ochterski, 
 R. L. Martin, K. Morokuma, V. G. Zakrzewski, G. A. Voth, 
 P. Salvador, J. J. Dannenberg, S. Dapprich, A. D. Daniels, 
 O. Farkas, J. B. Foresman, J. V. Ortiz, J. Cioslowski, 
 and D. J. Fox, Gaussian, Inc., Wallingford CT, 2013.
 
 ******************************************
 Gaussian 09:  ES64L-G09RevE.01 30-Nov-2015
                17-Feb-2017 
 ******************************************
 %chk=h12.chk
 ----------------------------------------------------------------------
 #rhf/gen scf(symm,tight,novaracc,noincfock,fulldiag) stable(crhf) gues
 s=read geom=nocrowd test
 ----------------------------------------------------------------------
 1/38=1/1;
 2/12=1,17=6,18=5,40=1/2;
 3/5=7,16=1,25=1,30=1,116=1/1,2,3;
 4/5=1,9=4/1;
 5/5=100002,15=2,16=1,32=2,38=6/2;
 8/6=1,10=90,11=11/1,4;
 9/8=4,13=1/2;
 6/7=2,8=2,9=2,10=2,28=1/1;
 99/5=1,9=1/99;
 ----------------------------------------------------------------------
 hf stability analysis of h12 triangular lattice, y= 0.4980454386758799
 1
 ----------------------------------------------------------------------
 Symbolic Z-matrix:
 Charge =  0 Multiplicity = 1
 H
 H                    1     1.26169 
 H                    1     1.26169  2     133.5 
 H                    2     1.26169  1     46.5     3     0.       0
 H                    2     1.26169  1     180.     3     0.       0
 H                    4     1.26169  3     180.     5     0.       0
 H                    6     1.26169  5     180.     3     0.       0
 H                    4     1.26169  2     180.     3     0.       0
 H                    3     1.26169  1     180.     4     0.       0
 H                    9     1.26169  3     180.     4     0.       0
 H                    8     1.26169  4     180.     3     0.       0
 H                    7     1.26169  6     180.     3     0.       0
 
                          Input orientation:                          
 ---------------------------------------------------------------------
 Center     Atomic      Atomic             Coordinates (Angstroms)
 Number     Number       Type             X           Y           Z
 ---------------------------------------------------------------------
      1          1           0        0.000000    0.000000    0.000000
      2          1           0        0.000000    0.000000    1.261693
      3          1           0        0.915200    0.000000   -0.868492
      4          1           0        0.915200    0.000000    0.393201
      5          1           0        0.000000    0.000000    2.523385
      6          1           0        0.915200    0.000000    1.654893
      7          1           0        1.830399    0.000000    0.786401
      8          1           0        1.830399    0.000000   -0.475291
      9          1           0        1.830399    0.000000   -1.736984
     10          1           0        2.745599    0.000000   -2.605476
     11          1           0        2.745599    0.000000   -1.343783
     12          1           0        2.745599    0.000000   -0.082090
 ---------------------------------------------------------------------
                    Distance matrix (angstroms):
                    1          2          3          4          5
     1  H    0.000000
     2  H    1.261693   0.000000
     3  H    1.261693   2.318464   0.000000
     4  H    0.996091   1.261693   1.261693   0.000000
     5  H    2.523385   1.261693   3.513178   2.318464   0.000000
     6  H    1.891101   0.996091   2.523385   1.261693   1.261693
     7  H    1.992182   1.891101   1.891101   0.996091   2.523385
     8  H    1.891101   2.523385   0.996091   1.261693   3.513178
     9  H    2.523385   3.513178   1.261693   2.318464   4.636928
    10  H    3.785078   4.742710   2.523385   3.513178   5.817519
    11  H    3.056806   3.785078   1.891101   2.523385   4.742710
    12  H    2.746825   3.056806   1.992182   1.891101   3.785078
                    6          7          8          9         10
     6  H    0.000000
     7  H    1.261693   0.000000
     8  H    2.318464   1.261693   0.000000
     9  H    3.513178   2.523385   1.261693   0.000000
    10  H    4.636928   3.513178   2.318464   1.261693   0.000000
    11  H    3.513178   2.318464   1.261693   0.996091   1.261693
    12  H    2.523385   1.261693   0.996091   1.891101   2.523385
                   11         12
    11  H    0.000000
    12  H    1.261693   0.000000
 Stoichiometry    H12
 Framework group  C2H[SGH(H12)]
 Deg. of freedom    11
 Full point group                 C2H     NOp   4
 Largest Abelian subgroup         C2H     NOp   4
 Largest concise Abelian subgroup C2      NOp   2
                         Standard orientation:                         
 ---------------------------------------------------------------------
 Center     Atomic      Atomic             Coordinates (Angstroms)
 Number     Number       Type             X           Y           Z
 ---------------------------------------------------------------------
      1          1           0        0.915200    1.024047    0.000000
      2          1           0        0.000000    1.892539    0.000000
      3          1           0        0.915200   -0.237646    0.000000
      4          1           0        0.000000    0.630846    0.000000
      5          1           0       -0.915200    2.761031   -0.000000
      6          1           0       -0.915200    1.499338   -0.000000
      7          1           0       -0.915200    0.237646    0.000000
      8          1           0       -0.000000   -0.630846   -0.000000
      9          1           0        0.915200   -1.499338   -0.000000
     10          1           0        0.915200   -2.761031   -0.000000
     11          1           0       -0.000000   -1.892539   -0.000000
     12          1           0       -0.915200   -1.024047   -0.000000
 ---------------------------------------------------------------------
 Rotational constants (GHZ):     98.8495251     15.8989907     13.6961046
 General basis read from cards:  (5D, 7F)
 There are     6 symmetry adapted cartesian basis functions of AG  symmetry.
 There are     0 symmetry adapted cartesian basis functions of BG  symmetry.
 There are     0 symmetry adapted cartesian basis functions of AU  symmetry.
 There are     6 symmetry adapted cartesian basis functions of BU  symmetry.
 There are     6 symmetry adapted basis functions of AG  symmetry.
 There are     0 symmetry adapted basis functions of BG  symmetry.
 There are     0 symmetry adapted basis functions of AU  symmetry.
 There are     6 symmetry adapted basis functions of BU  symmetry.
    12 basis functions,   120 primitive gaussians,    12 cartesian basis functions
     6 alpha electrons        6 beta electrons
       nuclear repulsion energy        18.8292706350 Hartrees.
 NAtoms=   12 NActive=   12 NUniq=    6 SFac= 4.00D+00 NAtFMM=   60 NAOKFM=F Big=F
 Integral buffers will be    131072 words long.
 Regular integral format.
 Two-electron integral symmetry is turned on.
 One-electron integrals computed using PRISM.
 NBasis=    12 RedAO= T EigKep=  1.76D-01  NBF=     6     0     0     6
 NBsUse=    12 1.00D-06 EigRej= -1.00D+00 NBFU=     6     0     0     6
 Initial guess from the checkpoint file:  "h12.chk"
 B after Tr=     0.000000   -0.000000    0.000000
         Rot=    0.999999   -0.000000    0.000000   -0.001518 Ang=  -0.17 deg.
 Initial guess orbital symmetries:
       Occupied  (AG) (BU) (AG) (BU) (BU) (BU)
       Virtual   (AG) (AG) (AG) (BU) (AG) (BU)
 Keep R1 ints in memory in symmetry-blocked form, NReq=902188.
 Requested convergence on RMS density matrix=1.00D-08 within 128 cycles.
 Requested convergence on MAX density matrix=1.00D-06.
 Requested convergence on             energy=1.00D-06.
 No special actions if energy rises.
 SCF Done:  E(RHF) =  -5.29311881209     A.U. after   11 cycles
            NFock= 11  Conv=0.45D-08     -V/T= 1.7405
 Range of M.O.s used for correlation:     1    12
 NBasis=    12 NAE=     6 NBE=     6 NFC=     0 NFV=     0
 NROrb=     12 NOA=     6 NOB=     6 NVA=     6 NVB=     6

 **** Warning!!: The smallest alpha delta epsilon is -0.12860867D+00

 Semi-Direct transformation.
 ModeAB=           4 MOrb=             6 LenV=     134086355
 LASXX=         2181 LTotXX=        2181 LenRXX=        5115
 LTotAB=        2934 MaxLAS=        3024 LenRXY=           0
 NonZer=        7296 LenScr=      655360 LnRSAI=        3024
 LnScr1=      655360 LExtra=           0 Total=      1318859
 MaxDsk=          -1 SrtSym=           T ITran=            3
 JobTyp=0 Pass  1:  I=   1 to   6.
 (rs|ai) integrals will be sorted in core.
 Spin components of T(2) and E(2):
     alpha-alpha T2 =       0.1500599226D-01 E2=     -0.1230217455D-01
     alpha-beta  T2 =       0.7249253940D+01 E2=     -0.5200011649D+00
     beta-beta   T2 =       0.1500599226D-01 E2=     -0.1230217455D-01
 ANorm=    0.2877371357D+01
 E2 =    -0.5446055140D+00 EUMP2 =    -0.58377243260653D+01
 Second order stability test of a single determinant RHF wave function:
 Stabil:  MDV=134217728
 ***********************************************************************
 Matrix         Lowest Root    Major Pairs
 ***********************************************************************
 Internal RHF    -0.3288225    6A=7A
 RRHF --> CRHF   -0.3663643    6A=7A
 RRHF --> RUHF   -0.5368971    6A=8B 6A=7B
 Not stable.
 ***********************************************************************

 **********************************************************************

            Population analysis using the SCF density.

 **********************************************************************

 Orbital symmetries:
       Occupied  (AG) (BU) (AG) (BU) (BU) (BU)
       Virtual   (AG) (AG) (AG) (BU) (AG) (BU)
 The electronic state is 1-AG.
 Alpha  occ. eigenvalues --   -0.92275  -0.74431  -0.56103  -0.55454  -0.35547
 Alpha  occ. eigenvalues --    0.05017
 Alpha virt. eigenvalues --   -0.07844   0.08215   0.25702   0.31885   0.51772
 Alpha virt. eigenvalues --    0.55533
          Condensed to atoms (all electrons):
               1          2          3          4          5          6
     1  H    0.703904  -0.287792   0.065233   0.472243   0.020649  -0.067633
     2  H   -0.287792   1.819803   0.058619  -0.428470  -0.366890   0.422929
     3  H    0.065233   0.058619   1.016014  -0.197419  -0.001435  -0.014341
     4  H    0.472243  -0.428470  -0.197419   1.372064   0.009433  -0.116365
     5  H    0.020649  -0.366890  -0.001435   0.009433   1.446507   0.068145
     6  H   -0.067633   0.422929  -0.014341  -0.116365   0.068145   0.551110
     7  H    0.007013  -0.152603  -0.193692   0.465324  -0.012311  -0.042367
     8  H   -0.129494   0.075891   0.465324  -0.406635  -0.006782   0.005759
     9  H    0.014539  -0.003553  -0.042367   0.005759   0.000847   0.000697
    10  H   -0.005325   0.003960  -0.012311  -0.006782  -0.000670   0.000847
    11  H    0.024427  -0.023532  -0.152603   0.075891   0.003960  -0.003553
    12  H   -0.050034   0.024427   0.007013  -0.129494  -0.005325   0.014539
               7          8          9         10         11         12
     1  H    0.007013  -0.129494   0.014539  -0.005325   0.024427  -0.050034
     2  H   -0.152603   0.075891  -0.003553   0.003960  -0.023532   0.024427
     3  H   -0.193692   0.465324  -0.042367  -0.012311  -0.152603   0.007013
     4  H    0.465324  -0.406635   0.005759  -0.006782   0.075891  -0.129494
     5  H   -0.012311  -0.006782   0.000847  -0.000670   0.003960  -0.005325
     6  H   -0.042367   0.005759   0.000697   0.000847  -0.003553   0.014539
     7  H    1.016014  -0.197419  -0.014341  -0.001435   0.058619   0.065233
     8  H   -0.197419   1.372064  -0.116365   0.009433  -0.428470   0.472243
     9  H   -0.014341  -0.116365   0.551110   0.068145   0.422929  -0.067633
    10  H   -0.001435   0.009433   0.068145   1.446507  -0.366890   0.020649
    11  H    0.058619  -0.428470   0.422929  -0.366890   1.819803  -0.287792
    12  H    0.065233   0.472243  -0.067633   0.020649  -0.287792   0.703904
 Mulliken charges:
               1
     1  H    0.232270
     2  H   -0.142789
     3  H    0.001965
     4  H   -0.115549
     5  H   -0.156131
     6  H    0.180233
     7  H    0.001965
     8  H   -0.115549
     9  H    0.180233
    10  H   -0.156131
    11  H   -0.142789
    12  H    0.232270
 Sum of Mulliken charges =  -0.00000
 Mulliken charges with hydrogens summed into heavy atoms:
               1
 Electronic spatial extent (au):  <R**2>=            175.5953
 Charge=             -0.0000 electrons
 Dipole moment (field-independent basis, Debye):
    X=              0.0000    Y=             -0.0000    Z=              0.0000  Tot=              0.0000
 Quadrupole moment (field-independent basis, Debye-Ang):
   XX=            -14.3500   YY=            -31.1775   ZZ=            -14.7946
   XY=              6.6083   XZ=              0.0000   YZ=             -0.0000
 Traceless Quadrupole moment (field-independent basis, Debye-Ang):
   XX=              5.7574   YY=            -11.0701   ZZ=              5.3128
   XY=              6.6083   XZ=              0.0000   YZ=             -0.0000
 Octapole moment (field-independent basis, Debye-Ang**2):
  XXX=              0.0000  YYY=             -0.0000  ZZZ=              0.0000  XYY=              0.0000
  XXY=              0.0000  XXZ=              0.0000  XZZ=              0.0000  YZZ=             -0.0000
  YYZ=              0.0000  XYZ=             -0.0000
 Hexadecapole moment (field-independent basis, Debye-Ang**3):
 XXXX=            -70.2320 YYYY=           -423.0517 ZZZZ=            -17.3835 XXXY=             37.0445
 XXXZ=              0.0000 YYYX=             86.0942 YYYZ=             -0.0000 ZZZX=              0.0000
 ZZZY=             -0.0000 XXYY=            -70.6006 XXZZ=            -14.6908 YYZZ=            -47.8881
 XXYZ=             -0.0000 YYXZ=              0.0000 ZZXY=             10.2421
 N-N= 1.882927063502D+01 E-N=-4.921730870370D+01  KE= 7.148396734250D+00
 Symmetry AG   KE= 1.500363732479D+00
 Symmetry BG   KE= 0.000000000000D+00
 Symmetry AU   KE= 0.000000000000D+00
 Symmetry BU   KE= 5.648033001772D+00

 Test job not archived.
 1\1\GINC-SULU\Stability\RHF\Gen\H12\LCJ1\17-Feb-2017\0\\#rhf/gen scf(s
 ymm,tight,novaracc,noincfock,fulldiag) stable(crhf) guess=read geom=no
 crowd test\\hf stability analysis of h12 triangular lattice, y= 0.4980
 4543867587991\\0,1\H\H,1,1.2616926585\H,1,1.2616926585,2,133.5\H,2,1.2
 616926585,1,46.5,3,0.,0\H,2,1.2616926585,1,180.,3,0.,0\H,4,1.261692658
 5,3,180.,5,0.,0\H,6,1.2616926585,5,180.,3,0.,0\H,4,1.2616926585,2,180.
 ,3,0.,0\H,3,1.2616926585,1,180.,4,0.,0\H,9,1.2616926585,3,180.,4,0.,0\
 H,8,1.2616926585,4,180.,3,0.,0\H,7,1.2616926585,6,180.,3,0.,0\\Version
 =ES64L-G09RevE.01\State=1-AG\HF=-5.2931188\MP2=-5.8377243\RMSD=4.506e-
 09\Dipole=0.,0.,0.\Quadrupole=2.6040247,3.9498997,-6.5539244,0.,6.5039
 833,0.\PG=C02H [SGH(H12)]\\@


 KINETICS       FACT
 ---------  =  -------
 MECHANISM     FICTION
 Job cpu time:       0 days  0 hours  0 minutes  1.1 seconds.
 File lengths (MBytes):  RWF=     84 Int=      0 D2E=      0 Chk=      2 Scr=      2
 Normal termination of Gaussian 09 at Fri Feb 17 14:56:04 2017.
