 Entering Gaussian System, Link 0=g09
 AtFile(1): H.gbs
            H     0
            S   10   1.00
               1000.000000000000            0.000068713567
                316.227766000000            0.000169141320
                100.000000000000            0.000823394812
                 31.622776600000            0.003425569236
                 10.000000000000            0.013951996000
                  3.162277660000            0.056909313560
                  1.000000000000            0.198286399900
                  0.316227766000            0.496922426700
                  0.100000000000            0.369846276400
                  0.031622776600            0.003752720039
            ****
 Initial command:
 /projects/guscus/apps/gau/g09-e1/g09/l1.exe "/users/lcj1/gaussian/h12/rhfstability/rect/guess/ag2bu4/Gau-12360.inp" -scrdir="/users/lcj1/gaussian/h12/rhfstability/rect/guess/ag2bu4/"
 Entering Link 1 = /projects/guscus/apps/gau/g09-e1/g09/l1.exe PID=     12361.
  
 Copyright (c) 1988,1990,1992,1993,1995,1998,2003,2009,2015,
            Gaussian, Inc.  All Rights Reserved.
  
 This is part of the Gaussian(R) 09 program.  It is based on
 the Gaussian(R) 03 system (copyright 2003, Gaussian, Inc.),
 the Gaussian(R) 98 system (copyright 1998, Gaussian, Inc.),
 the Gaussian(R) 94 system (copyright 1995, Gaussian, Inc.),
 the Gaussian 92(TM) system (copyright 1992, Gaussian, Inc.),
 the Gaussian 90(TM) system (copyright 1990, Gaussian, Inc.),
 the Gaussian 88(TM) system (copyright 1988, Gaussian, Inc.),
 the Gaussian 86(TM) system (copyright 1986, Carnegie Mellon
 University), and the Gaussian 82(TM) system (copyright 1983,
 Carnegie Mellon University). Gaussian is a federally registered
 trademark of Gaussian, Inc.
  
 This software contains proprietary and confidential information,
 including trade secrets, belonging to Gaussian, Inc.
  
 This software is provided under written license and may be
 used, copied, transmitted, or stored only in accord with that
 written license.
  
 The following legend is applicable only to US Government
 contracts under FAR:
  
                    RESTRICTED RIGHTS LEGEND
  
 Use, reproduction and disclosure by the US Government is
 subject to restrictions as set forth in subparagraphs (a)
 and (c) of the Commercial Computer Software - Restricted
 Rights clause in FAR 52.227-19.
  
 Gaussian, Inc.
 340 Quinnipiac St., Bldg. 40, Wallingford CT 06492
  
  
 ---------------------------------------------------------------
 Warning -- This program may not be used in any manner that
 competes with the business of Gaussian, Inc. or will provide
 assistance to any competitor of Gaussian, Inc.  The licensee
 of this program is prohibited from giving any competitor of
 Gaussian, Inc. access to this program.  By using this program,
 the user acknowledges that Gaussian, Inc. is engaged in the
 business of creating and licensing software in the field of
 computational chemistry and represents and warrants to the
 licensee that it is not a competitor of Gaussian, Inc. and that
 it will not use this program in any manner prohibited above.
 ---------------------------------------------------------------
  

 Cite this work as:
 Gaussian 09, Revision E.01,
 M. J. Frisch, G. W. Trucks, H. B. Schlegel, G. E. Scuseria, 
 M. A. Robb, J. R. Cheeseman, G. Scalmani, V. Barone, B. Mennucci, 
 G. A. Petersson, H. Nakatsuji, M. Caricato, X. Li, H. P. Hratchian, 
 A. F. Izmaylov, J. Bloino, G. Zheng, J. L. Sonnenberg, M. Hada, 
 M. Ehara, K. Toyota, R. Fukuda, J. Hasegawa, M. Ishida, T. Nakajima, 
 Y. Honda, O. Kitao, H. Nakai, T. Vreven, J. A. Montgomery, Jr., 
 J. E. Peralta, F. Ogliaro, M. Bearpark, J. J. Heyd, E. Brothers, 
 K. N. Kudin, V. N. Staroverov, T. Keith, R. Kobayashi, J. Normand, 
 K. Raghavachari, A. Rendell, J. C. Burant, S. S. Iyengar, J. Tomasi, 
 M. Cossi, N. Rega, J. M. Millam, M. Klene, J. E. Knox, J. B. Cross, 
 V. Bakken, C. Adamo, J. Jaramillo, R. Gomperts, R. E. Stratmann, 
 O. Yazyev, A. J. Austin, R. Cammi, C. Pomelli, J. W. Ochterski, 
 R. L. Martin, K. Morokuma, V. G. Zakrzewski, G. A. Voth, 
 P. Salvador, J. J. Dannenberg, S. Dapprich, A. D. Daniels, 
 O. Farkas, J. B. Foresman, J. V. Ortiz, J. Cioslowski, 
 and D. J. Fox, Gaussian, Inc., Wallingford CT, 2013.
 
 ******************************************
 Gaussian 09:  ES64L-G09RevE.01 30-Nov-2015
                17-Feb-2017 
 ******************************************
 %chk=h12.chk
 ----------------------------------------------------------------------
 #rhf/gen scf(symm,tight,novaracc,noincfock,fulldiag) stable(crhf) gues
 s=read geom=nocrowd test
 ----------------------------------------------------------------------
 1/38=1/1;
 2/12=1,17=6,18=5,40=1/2;
 3/5=7,16=1,25=1,30=1,116=1/1,2,3;
 4/5=1,9=4/1;
 5/5=100002,15=2,16=1,32=2,38=6/2;
 8/6=1,10=90,11=11/1,4;
 9/8=4,13=1/2;
 6/7=2,8=2,9=2,10=2,28=1/1;
 99/5=1,9=1/99;
 ----------------------------------------------------------------------
 hf stability analysis of h12 triangular lattice, y= 2.3945089138952178
 ----------------------------------------------------------------------
 Symbolic Z-matrix:
 Charge =  0 Multiplicity = 1
 H
 H                    1     2.40662 
 H                    1     2.40662  2     11.5 
 H                    2     2.40662  1     168.5    3     0.       0
 H                    2     2.40662  1     180.     3     0.       0
 H                    4     2.40662  3     180.     5     0.       0
 H                    6     2.40662  5     180.     3     0.       0
 H                    4     2.40662  2     180.     3     0.       0
 H                    3     2.40662  1     180.     4     0.       0
 H                    9     2.40662  3     180.     4     0.       0
 H                    8     2.40662  4     180.     3     0.       0
 H                    7     2.40662  6     180.     3     0.       0
 
                          Input orientation:                          
 ---------------------------------------------------------------------
 Center     Atomic      Atomic             Coordinates (Angstroms)
 Number     Number       Type             X           Y           Z
 ---------------------------------------------------------------------
      1          1           0        0.000000    0.000000    0.000000
      2          1           0        0.000000    0.000000    2.406618
      3          1           0        0.479802    0.000000    2.358304
      4          1           0        0.479802    0.000000    4.764922
      5          1           0        0.000000    0.000000    4.813236
      6          1           0        0.479802    0.000000    7.171540
      7          1           0        0.959605    0.000000    9.529844
      8          1           0        0.959605    0.000000    7.123226
      9          1           0        0.959605    0.000000    4.716608
     10          1           0        1.439407    0.000000    7.074913
     11          1           0        1.439407    0.000000    9.481530
     12          1           0        1.439407    0.000000   11.888148
 ---------------------------------------------------------------------
                    Distance matrix (angstroms):
                    1          2          3          4          5
     1  H    0.000000
     2  H    2.406618   0.000000
     3  H    2.406618   0.482229   0.000000
     4  H    4.789018   2.406618   2.406618   0.000000
     5  H    4.813236   2.406618   2.501379   0.482229   0.000000
     6  H    7.187572   4.789018   4.813236   2.406618   2.406618
     7  H    9.578036   7.187572   7.187572   4.789018   4.813236
     8  H    7.187572   4.813236   4.789018   2.406618   2.501379
     9  H    4.813236   2.501379   2.406618   0.482229   0.964457
    10  H    7.219853   4.885168   4.813236   2.501379   2.680872
    11  H    9.590167   7.219853   7.187572   4.813236   4.885168
    12  H   11.974972   9.590167   9.578036   7.187572   7.219853
                    6          7          8          9         10
     6  H    0.000000
     7  H    2.406618   0.000000
     8  H    0.482229   2.406618   0.000000
     9  H    2.501379   4.813236   2.406618   0.000000
    10  H    0.964457   2.501379   0.482229   2.406618   0.000000
    11  H    2.501379   0.482229   2.406618   4.789018   2.406618
    12  H    4.813236   2.406618   4.789018   7.187572   4.813236
                   11         12
    11  H    0.000000
    12  H    2.406618   0.000000
 Stoichiometry    H12
 Framework group  C2H[SGH(H12)]
 Deg. of freedom    11
 Full point group                 C2H     NOp   4
 Largest Abelian subgroup         C2H     NOp   4
 Largest concise Abelian subgroup C2      NOp   2
                         Standard orientation:                         
 ---------------------------------------------------------------------
 Center     Atomic      Atomic             Coordinates (Angstroms)
 Number     Number       Type             X           Y           Z
 ---------------------------------------------------------------------
      1          1           0        0.479802    5.968231    0.000000
      2          1           0        0.000000    3.609927    0.000000
      3          1           0        0.479802    3.561613    0.000000
      4          1           0        0.000000    1.203309    0.000000
      5          1           0       -0.479802    1.251622    0.000000
      6          1           0       -0.479802   -1.154995   -0.000000
      7          1           0       -0.479802   -3.561613   -0.000000
      8          1           0       -0.000000   -1.203309    0.000000
      9          1           0        0.479802    1.154995    0.000000
     10          1           0        0.479802   -1.251622    0.000000
     11          1           0       -0.000000   -3.609927    0.000000
     12          1           0       -0.479802   -5.968231    0.000000
 ---------------------------------------------------------------------
 Rotational constants (GHZ):    413.6984975      3.7989172      3.7643499
 General basis read from cards:  (5D, 7F)
 There are     6 symmetry adapted cartesian basis functions of AG  symmetry.
 There are     0 symmetry adapted cartesian basis functions of BG  symmetry.
 There are     0 symmetry adapted cartesian basis functions of AU  symmetry.
 There are     6 symmetry adapted cartesian basis functions of BU  symmetry.
 There are     6 symmetry adapted basis functions of AG  symmetry.
 There are     0 symmetry adapted basis functions of BG  symmetry.
 There are     0 symmetry adapted basis functions of AU  symmetry.
 There are     6 symmetry adapted basis functions of BU  symmetry.
    12 basis functions,   120 primitive gaussians,    12 cartesian basis functions
     6 alpha electrons        6 beta electrons
       nuclear repulsion energy        16.0771553749 Hartrees.
 NAtoms=   12 NActive=   12 NUniq=    6 SFac= 4.00D+00 NAtFMM=   60 NAOKFM=F Big=F
 Integral buffers will be    131072 words long.
 Regular integral format.
 Two-electron integral symmetry is turned on.
 One-electron integrals computed using PRISM.
 NBasis=    12 RedAO= T EigKep=  3.28D-02  NBF=     6     0     0     6
 NBsUse=    12 1.00D-06 EigRej= -1.00D+00 NBFU=     6     0     0     6
 Initial guess from the checkpoint file:  "h12.chk"
 B after Tr=    -0.000000    0.000000   -0.000000
         Rot=    0.999999    0.000000   -0.000000   -0.001518 Ang=  -0.17 deg.
 Initial guess orbital symmetries:
       Occupied  (AG) (BU) (AG) (BU) (BU) (BU)
       Virtual   (AG) (AG) (BU) (AG) (AG) (BU)
 Keep R1 ints in memory in symmetry-blocked form, NReq=890806.
 Requested convergence on RMS density matrix=1.00D-08 within 128 cycles.
 Requested convergence on MAX density matrix=1.00D-06.
 Requested convergence on             energy=1.00D-06.
 No special actions if energy rises.
 SCF Done:  E(RHF) =  -4.48117014056     A.U. after    6 cycles
            NFock=  6  Conv=0.22D-08     -V/T= 1.6787
 Range of M.O.s used for correlation:     1    12
 NBasis=    12 NAE=     6 NBE=     6 NFC=     0 NFV=     0
 NROrb=     12 NOA=     6 NOB=     6 NVA=     6 NVB=     6

 **** Warning!!: The smallest alpha delta epsilon is  0.35696949D-01

 Semi-Direct transformation.
 ModeAB=           4 MOrb=             6 LenV=     134097737
 LASXX=         2181 LTotXX=        2181 LenRXX=        5115
 LTotAB=        2934 MaxLAS=        3024 LenRXY=           0
 NonZer=        7296 LenScr=      655360 LnRSAI=        3024
 LnScr1=      655360 LExtra=           0 Total=      1318859
 MaxDsk=          -1 SrtSym=           T ITran=            3
 JobTyp=0 Pass  1:  I=   1 to   6.
 (rs|ai) integrals will be sorted in core.
 Spin components of T(2) and E(2):
     alpha-alpha T2 =       0.4662048878D-02 E2=     -0.3781036715D-02
     alpha-beta  T2 =       0.1108215307D+02 E2=     -0.1058366280D+01
     beta-beta   T2 =       0.4662048878D-02 E2=     -0.3781036715D-02
 ANorm=    0.3477280139D+01
 E2 =    -0.1065928354D+01 EUMP2 =    -0.55470984941352D+01
 Second order stability test of a single determinant RHF wave function:
 Stabil:  MDV=134217728
 ***********************************************************************
 Matrix         Lowest Root    Major Pairs
 ***********************************************************************
 Internal RHF    -0.0569843    6A=7A
 RRHF --> CRHF   -0.0569972    6A=7A
 RRHF --> RUHF   -0.5850447    5A=7B
 Not stable.
 ***********************************************************************

 **********************************************************************

            Population analysis using the SCF density.

 **********************************************************************

 Orbital symmetries:
       Occupied  (AG) (BU) (BU) (AG) (BU) (BU)
       Virtual   (AG) (AG) (BU) (AG) (AG) (BU)
 The electronic state is 1-AG.
 Alpha  occ. eigenvalues --   -0.93921  -0.92778  -0.72381  -0.72380  -0.20600
 Alpha  occ. eigenvalues --   -0.19751
 Alpha virt. eigenvalues --   -0.16182   0.06163   0.63006   0.63175   1.46416
 Alpha virt. eigenvalues --    1.57458
          Condensed to atoms (all electrons):
               1          2          3          4          5          6
     1  H    1.019574  -0.010526  -0.010506   0.000056   0.000008  -0.000000
     2  H   -0.010526   0.552706   0.480215  -0.012710   0.004187   0.000229
     3  H   -0.010506   0.480215   0.551047  -0.012688  -0.010675  -0.000182
     4  H    0.000056  -0.012710  -0.012688   1.387697   0.152314  -0.007191
     5  H    0.000008   0.004187  -0.010675   0.152314   1.275318   0.167460
     6  H   -0.000000   0.000229  -0.000182  -0.007191   0.167460   1.309294
     7  H    0.000000  -0.000000  -0.000000   0.000038   0.000206   0.003986
     8  H   -0.000001   0.000035   0.000038  -0.014224  -0.003710   0.155912
     9  H    0.000010  -0.011045   0.003986   0.155912  -0.791127  -0.152644
    10  H   -0.000000  -0.000168   0.000206  -0.003710  -0.117020  -0.791127
    11  H    0.000000  -0.000000  -0.000000   0.000035  -0.000168  -0.011045
    12  H   -0.000000   0.000000   0.000000  -0.000001  -0.000000   0.000010
               7          8          9         10         11         12
     1  H    0.000000  -0.000001   0.000010  -0.000000   0.000000  -0.000000
     2  H   -0.000000   0.000035  -0.011045  -0.000168  -0.000000   0.000000
     3  H   -0.000000   0.000038   0.003986   0.000206  -0.000000   0.000000
     4  H    0.000038  -0.014224   0.155912  -0.003710   0.000035  -0.000001
     5  H    0.000206  -0.003710  -0.791127  -0.117020  -0.000168  -0.000000
     6  H    0.003986   0.155912  -0.152644  -0.791127  -0.011045   0.000010
     7  H    0.551047  -0.012688  -0.000182  -0.010675   0.480215  -0.010506
     8  H   -0.012688   1.387697  -0.007191   0.152314  -0.012710   0.000056
     9  H   -0.000182  -0.007191   1.309294   0.167460   0.000229  -0.000000
    10  H   -0.010675   0.152314   0.167460   1.275318   0.004187   0.000008
    11  H    0.480215  -0.012710   0.000229   0.004187   0.552706  -0.010526
    12  H   -0.010506   0.000056  -0.000000   0.000008  -0.010526   1.019574
 Mulliken charges:
               1
     1  H    0.001385
     2  H   -0.002922
     3  H   -0.001440
     4  H   -0.645529
     5  H    0.323208
     6  H    0.325298
     7  H   -0.001440
     8  H   -0.645529
     9  H    0.325298
    10  H    0.323208
    11  H   -0.002922
    12  H    0.001385
 Sum of Mulliken charges =  -0.00000
 Mulliken charges with hydrogens summed into heavy atoms:
               1
 Electronic spatial extent (au):  <R**2>=            511.9733
 Charge=              0.0000 electrons
 Dipole moment (field-independent basis, Debye):
    X=              0.0000    Y=              0.0000    Z=              0.0000  Tot=              0.0000
 Quadrupole moment (field-independent basis, Debye-Ang):
   XX=            -16.7459   YY=            -16.5146   ZZ=            -15.5184
   XY=             -0.1532   XZ=             -0.0000   YZ=             -0.0000
 Traceless Quadrupole moment (field-independent basis, Debye-Ang):
   XX=             -0.4863   YY=             -0.2550   ZZ=              0.7413
   XY=             -0.1532   XZ=             -0.0000   YZ=             -0.0000
 Octapole moment (field-independent basis, Debye-Ang**2):
  XXX=              0.0000  YYY=              0.0000  ZZZ=             -0.0000  XYY=              0.0000
  XXY=              0.0000  XXZ=             -0.0000  XZZ=              0.0000  YZZ=              0.0000
  YYZ=             -0.0000  XYZ=             -0.0000
 Hexadecapole moment (field-independent basis, Debye-Ang**3):
 XXXX=            -37.1174 YYYY=          -1157.8962 ZZZZ=            -18.9643 XXXY=            -35.5811
 XXXZ=             -0.0000 YYYX=            -44.7972 YYYZ=             -0.0000 ZZZX=             -0.0000
 ZZZY=             -0.0000 XXYY=           -182.3123 XXZZ=             -9.3017 YYZZ=           -182.2046
 XXYZ=             -0.0000 YYXZ=             -0.0000 ZZXY=            -12.1886
 N-N= 1.607715537488D+01 E-N=-4.028341799924D+01  KE= 6.602991153496D+00
 Symmetry AG   KE= 1.725221848772D+00
 Symmetry BG   KE= 0.000000000000D+00
 Symmetry AU   KE= 0.000000000000D+00
 Symmetry BU   KE= 4.877769304725D+00

 Test job not archived.
 1\1\GINC-SULU\Stability\RHF\Gen\H12\LCJ1\17-Feb-2017\0\\#rhf/gen scf(s
 ymm,tight,novaracc,noincfock,fulldiag) stable(crhf) guess=read geom=no
 crowd test\\hf stability analysis of h12 triangular lattice, y= 2.3945
 089138952178\\0,1\H\H,1,2.4066177574\H,1,2.4066177574,2,11.5\H,2,2.406
 6177574,1,168.5,3,0.,0\H,2,2.4066177574,1,180.,3,0.,0\H,4,2.4066177574
 ,3,180.,5,0.,0\H,6,2.4066177574,5,180.,3,0.,0\H,4,2.4066177574,2,180.,
 3,0.,0\H,3,2.4066177574,1,180.,4,0.,0\H,9,2.4066177574,3,180.,4,0.,0\H
 ,8,2.4066177574,4,180.,3,0.,0\H,7,2.4066177574,6,180.,3,0.,0\\Version=
 ES64L-G09RevE.01\State=1-AG\HF=-4.4811701\MP2=-5.5470985\RMSD=2.174e-0
 9\Dipole=0.,0.,0.\Quadrupole=-0.3101927,0.5511112,-0.2409186,0.,0.1384
 451,0.\PG=C02H [SGH(H12)]\\@


 IT IS UNWORTHY OF EXCELLENT MEN TO LOSE HOURS LIKE SLAVES IN THE LABOR
 OF CALCULATION WHICH COULD BE SAFELY RELEGATED TO ANYONE ELSE
 IF A MACHINE WERE USED.
    -- G.W. VON LEIBNIZ
 Job cpu time:       0 days  0 hours  0 minutes  0.9 seconds.
 File lengths (MBytes):  RWF=     84 Int=      0 D2E=      0 Chk=      2 Scr=      2
 Normal termination of Gaussian 09 at Fri Feb 17 15:08:36 2017.
