 Entering Gaussian System, Link 0=g09
 AtFile(1): H.gbs
            H     0
            S   10   1.00
               1000.000000000000            0.000068713567
                316.227766000000            0.000169141320
                100.000000000000            0.000823394812
                 31.622776600000            0.003425569236
                 10.000000000000            0.013951996000
                  3.162277660000            0.056909313560
                  1.000000000000            0.198286399900
                  0.316227766000            0.496922426700
                  0.100000000000            0.369846276400
                  0.031622776600            0.003752720039
            ****
 Initial command:
 /projects/guscus/apps/gau/g09-e1/g09/l1.exe "/users/lcj1/gaussian/h12/rhfstability/rect/guess/ag2bu4/Gau-6369.inp" -scrdir="/users/lcj1/gaussian/h12/rhfstability/rect/guess/ag2bu4/"
 Entering Link 1 = /projects/guscus/apps/gau/g09-e1/g09/l1.exe PID=      6370.
  
 Copyright (c) 1988,1990,1992,1993,1995,1998,2003,2009,2015,
            Gaussian, Inc.  All Rights Reserved.
  
 This is part of the Gaussian(R) 09 program.  It is based on
 the Gaussian(R) 03 system (copyright 2003, Gaussian, Inc.),
 the Gaussian(R) 98 system (copyright 1998, Gaussian, Inc.),
 the Gaussian(R) 94 system (copyright 1995, Gaussian, Inc.),
 the Gaussian 92(TM) system (copyright 1992, Gaussian, Inc.),
 the Gaussian 90(TM) system (copyright 1990, Gaussian, Inc.),
 the Gaussian 88(TM) system (copyright 1988, Gaussian, Inc.),
 the Gaussian 86(TM) system (copyright 1986, Carnegie Mellon
 University), and the Gaussian 82(TM) system (copyright 1983,
 Carnegie Mellon University). Gaussian is a federally registered
 trademark of Gaussian, Inc.
  
 This software contains proprietary and confidential information,
 including trade secrets, belonging to Gaussian, Inc.
  
 This software is provided under written license and may be
 used, copied, transmitted, or stored only in accord with that
 written license.
  
 The following legend is applicable only to US Government
 contracts under FAR:
  
                    RESTRICTED RIGHTS LEGEND
  
 Use, reproduction and disclosure by the US Government is
 subject to restrictions as set forth in subparagraphs (a)
 and (c) of the Commercial Computer Software - Restricted
 Rights clause in FAR 52.227-19.
  
 Gaussian, Inc.
 340 Quinnipiac St., Bldg. 40, Wallingford CT 06492
  
  
 ---------------------------------------------------------------
 Warning -- This program may not be used in any manner that
 competes with the business of Gaussian, Inc. or will provide
 assistance to any competitor of Gaussian, Inc.  The licensee
 of this program is prohibited from giving any competitor of
 Gaussian, Inc. access to this program.  By using this program,
 the user acknowledges that Gaussian, Inc. is engaged in the
 business of creating and licensing software in the field of
 computational chemistry and represents and warrants to the
 licensee that it is not a competitor of Gaussian, Inc. and that
 it will not use this program in any manner prohibited above.
 ---------------------------------------------------------------
  

 Cite this work as:
 Gaussian 09, Revision E.01,
 M. J. Frisch, G. W. Trucks, H. B. Schlegel, G. E. Scuseria, 
 M. A. Robb, J. R. Cheeseman, G. Scalmani, V. Barone, B. Mennucci, 
 G. A. Petersson, H. Nakatsuji, M. Caricato, X. Li, H. P. Hratchian, 
 A. F. Izmaylov, J. Bloino, G. Zheng, J. L. Sonnenberg, M. Hada, 
 M. Ehara, K. Toyota, R. Fukuda, J. Hasegawa, M. Ishida, T. Nakajima, 
 Y. Honda, O. Kitao, H. Nakai, T. Vreven, J. A. Montgomery, Jr., 
 J. E. Peralta, F. Ogliaro, M. Bearpark, J. J. Heyd, E. Brothers, 
 K. N. Kudin, V. N. Staroverov, T. Keith, R. Kobayashi, J. Normand, 
 K. Raghavachari, A. Rendell, J. C. Burant, S. S. Iyengar, J. Tomasi, 
 M. Cossi, N. Rega, J. M. Millam, M. Klene, J. E. Knox, J. B. Cross, 
 V. Bakken, C. Adamo, J. Jaramillo, R. Gomperts, R. E. Stratmann, 
 O. Yazyev, A. J. Austin, R. Cammi, C. Pomelli, J. W. Ochterski, 
 R. L. Martin, K. Morokuma, V. G. Zakrzewski, G. A. Voth, 
 P. Salvador, J. J. Dannenberg, S. Dapprich, A. D. Daniels, 
 O. Farkas, J. B. Foresman, J. V. Ortiz, J. Cioslowski, 
 and D. J. Fox, Gaussian, Inc., Wallingford CT, 2013.
 
 ******************************************
 Gaussian 09:  ES64L-G09RevE.01 30-Nov-2015
                17-Feb-2017 
 ******************************************
 %chk=h12.chk
 ----------------------------------------------------------------------
 #rhf/gen scf(symm,tight,novaracc,noincfock,fulldiag) stable(crhf) gues
 s=read geom=nocrowd test
 ----------------------------------------------------------------------
 1/38=1/1;
 2/12=1,17=6,18=5,40=1/2;
 3/5=7,16=1,25=1,30=1,116=1/1,2,3;
 4/5=1,9=4/1;
 5/5=100002,15=2,16=1,32=2,38=6/2;
 8/6=1,10=90,11=11/1,4;
 9/8=4,13=1/2;
 6/7=2,8=2,9=2,10=2,28=1/1;
 99/5=1,9=1/99;
 ----------------------------------------------------------------------
 hf stability analysis of h12 triangular lattice, y= 1.3232044396011293
 ----------------------------------------------------------------------
 Symbolic Z-matrix:
 Charge =  0 Multiplicity = 1
 H
 H                    1     1.39329 
 H                    1     1.39329  2     36.5 
 H                    2     1.39329  1     143.5    3     0.       0
 H                    2     1.39329  1     180.     3     0.       0
 H                    4     1.39329  3     180.     5     0.       0
 H                    6     1.39329  5     180.     3     0.       0
 H                    4     1.39329  2     180.     3     0.       0
 H                    3     1.39329  1     180.     4     0.       0
 H                    9     1.39329  3     180.     4     0.       0
 H                    8     1.39329  4     180.     3     0.       0
 H                    7     1.39329  6     180.     3     0.       0
 
                          Input orientation:                          
 ---------------------------------------------------------------------
 Center     Atomic      Atomic             Coordinates (Angstroms)
 Number     Number       Type             X           Y           Z
 ---------------------------------------------------------------------
      1          1           0        0.000000    0.000000    0.000000
      2          1           0        0.000000    0.000000    1.393288
      3          1           0        0.828759    0.000000    1.120004
      4          1           0        0.828759    0.000000    2.513292
      5          1           0        0.000000    0.000000    2.786576
      6          1           0        0.828759    0.000000    3.906580
      7          1           0        1.657519    0.000000    5.026584
      8          1           0        1.657519    0.000000    3.633296
      9          1           0        1.657519    0.000000    2.240008
     10          1           0        2.486278    0.000000    3.360012
     11          1           0        2.486278    0.000000    4.753300
     12          1           0        2.486278    0.000000    6.146588
 ---------------------------------------------------------------------
                    Distance matrix (angstroms):
                    1          2          3          4          5
     1  H    0.000000
     2  H    1.393288   0.000000
     3  H    1.393288   0.872655   0.000000
     4  H    2.646409   1.393288   1.393288   0.000000
     5  H    2.786576   1.393288   1.861264   0.872655   0.000000
     6  H    3.993521   2.646409   2.786576   1.393288   1.393288
     7  H    5.292818   3.993521   3.993521   2.646409   2.786576
     8  H    3.993521   2.786576   2.646409   1.393288   1.861264
     9  H    2.786576   1.861264   1.393288   0.872655   1.745310
    10  H    4.179864   3.170108   2.786576   1.861264   2.551550
    11  H    5.364275   4.179864   3.993521   2.786576   3.170108
    12  H    6.630394   5.364275   5.292818   3.993521   4.179864
                    6          7          8          9         10
     6  H    0.000000
     7  H    1.393288   0.000000
     8  H    0.872655   1.393288   0.000000
     9  H    1.861264   2.786576   1.393288   0.000000
    10  H    1.745310   1.861264   0.872655   1.393288   0.000000
    11  H    1.861264   0.872655   1.393288   2.646409   1.393288
    12  H    2.786576   1.393288   2.646409   3.993521   2.786576
                   11         12
    11  H    0.000000
    12  H    1.393288   0.000000
 Stoichiometry    H12
 Framework group  C2H[SGH(H12)]
 Deg. of freedom    11
 Full point group                 C2H     NOp   4
 Largest Abelian subgroup         C2H     NOp   4
 Largest concise Abelian subgroup C2      NOp   2
                         Standard orientation:                         
 ---------------------------------------------------------------------
 Center     Atomic      Atomic             Coordinates (Angstroms)
 Number     Number       Type             X           Y           Z
 ---------------------------------------------------------------------
      1          1           0        0.828759    3.209936    0.000000
      2          1           0        0.000000    2.089932    0.000000
      3          1           0        0.828759    1.816648    0.000000
      4          1           0        0.000000    0.696644    0.000000
      5          1           0       -0.828759    0.969928    0.000000
      6          1           0       -0.828759   -0.423360   -0.000000
      7          1           0       -0.828759   -1.816648    0.000000
      8          1           0       -0.000000   -0.696644    0.000000
      9          1           0        0.828759    0.423360   -0.000000
     10          1           0        0.828759   -0.969928    0.000000
     11          1           0       -0.000000   -2.089932    0.000000
     12          1           0       -0.828759   -3.209936    0.000000
 ---------------------------------------------------------------------
 Rotational constants (GHZ):    127.6186043     12.3148762     11.2311029
 General basis read from cards:  (5D, 7F)
 There are     6 symmetry adapted cartesian basis functions of AG  symmetry.
 There are     0 symmetry adapted cartesian basis functions of BG  symmetry.
 There are     0 symmetry adapted cartesian basis functions of AU  symmetry.
 There are     6 symmetry adapted cartesian basis functions of BU  symmetry.
 There are     6 symmetry adapted basis functions of AG  symmetry.
 There are     0 symmetry adapted basis functions of BG  symmetry.
 There are     0 symmetry adapted basis functions of AU  symmetry.
 There are     6 symmetry adapted basis functions of BU  symmetry.
    12 basis functions,   120 primitive gaussians,    12 cartesian basis functions
     6 alpha electrons        6 beta electrons
       nuclear repulsion energy        18.1161175755 Hartrees.
 NAtoms=   12 NActive=   12 NUniq=    6 SFac= 4.00D+00 NAtFMM=   60 NAOKFM=F Big=F
 Integral buffers will be    131072 words long.
 Regular integral format.
 Two-electron integral symmetry is turned on.
 One-electron integrals computed using PRISM.
 NBasis=    12 RedAO= T EigKep=  1.39D-01  NBF=     6     0     0     6
 NBsUse=    12 1.00D-06 EigRej= -1.00D+00 NBFU=     6     0     0     6
 Initial guess from the checkpoint file:  "h12.chk"
 B after Tr=    -0.000000    0.000000   -0.000000
         Rot=    0.999999    0.000000   -0.000000   -0.001518 Ang=  -0.17 deg.
 Initial guess orbital symmetries:
       Occupied  (AG) (BU) (AG) (BU) (BU) (BU)
       Virtual   (AG) (AG) (BU) (AG) (AG) (BU)
 Keep R1 ints in memory in symmetry-blocked form, NReq=899864.
 Requested convergence on RMS density matrix=1.00D-08 within 128 cycles.
 Requested convergence on MAX density matrix=1.00D-06.
 Requested convergence on             energy=1.00D-06.
 No special actions if energy rises.
 SCF Done:  E(RHF) =  -5.62217950653     A.U. after    8 cycles
            NFock=  8  Conv=0.16D-08     -V/T= 1.8376
 Range of M.O.s used for correlation:     1    12
 NBasis=    12 NAE=     6 NBE=     6 NFC=     0 NFV=     0
 NROrb=     12 NOA=     6 NOB=     6 NVA=     6 NVB=     6

 **** Warning!!: The smallest alpha delta epsilon is  0.40166455D-01

 Semi-Direct transformation.
 ModeAB=           4 MOrb=             6 LenV=     134088217
 LASXX=         2181 LTotXX=        2181 LenRXX=        5115
 LTotAB=        2934 MaxLAS=        3024 LenRXY=           0
 NonZer=        7296 LenScr=      655360 LnRSAI=        3024
 LnScr1=      655360 LExtra=           0 Total=      1318859
 MaxDsk=          -1 SrtSym=           T ITran=            3
 JobTyp=0 Pass  1:  I=   1 to   6.
 (rs|ai) integrals will be sorted in core.
 Spin components of T(2) and E(2):
     alpha-alpha T2 =       0.9743746583D-02 E2=     -0.8425114520D-02
     alpha-beta  T2 =       0.4736615372D+01 E2=     -0.6095268643D+00
     beta-beta   T2 =       0.9743746583D-02 E2=     -0.8425114520D-02
 ANorm=    0.2399187960D+01
 E2 =    -0.6263770934D+00 EUMP2 =    -0.62485565998819D+01
 Second order stability test of a single determinant RHF wave function:
 Stabil:  MDV=134217728
 ***********************************************************************
 Matrix         Lowest Root    Major Pairs
 ***********************************************************************
 Internal RHF    -0.1410635    6A=7A 6A=8A
 RRHF --> CRHF   -0.1590672    6A=7A 6A=8A
 RRHF --> RUHF   -0.5282225    6A=8B 6A=7B
 Not stable.
 ***********************************************************************

 **********************************************************************

            Population analysis using the SCF density.

 **********************************************************************

 Orbital symmetries:
       Occupied  (AG) (BU) (AG) (BU) (BU) (BU)
       Virtual   (AG) (AG) (BU) (AG) (AG) (BU)
 The electronic state is 1-AG.
 Alpha  occ. eigenvalues --   -0.90183  -0.75594  -0.59942  -0.50132  -0.43269
 Alpha  occ. eigenvalues --   -0.07466
 Alpha virt. eigenvalues --   -0.03449  -0.01171   0.35824   0.39472   0.52722
 Alpha virt. eigenvalues --    0.71856
          Condensed to atoms (all electrons):
               1          2          3          4          5          6
     1  H    1.356257  -0.147254  -0.104488   0.009571   0.006167  -0.001960
     2  H   -0.147254   0.958595   0.563232  -0.206082  -0.089649   0.025782
     3  H   -0.104488   0.563232   0.762860  -0.165420  -0.078950   0.002370
     4  H    0.009571  -0.206082  -0.165420   1.132219   0.367150  -0.150282
     5  H    0.006167  -0.089649  -0.078950   0.367150   0.655323   0.133427
     6  H   -0.001960   0.025782   0.002370  -0.150282   0.133427   0.979286
     7  H    0.000632  -0.002928  -0.002432   0.018321   0.014642  -0.088551
     8  H   -0.002732   0.022148   0.018321  -0.242898  -0.072783   0.442521
     9  H    0.005351  -0.115897  -0.088551   0.442521  -0.050946  -0.209462
    10  H   -0.001333   0.003734   0.014642  -0.072783  -0.059333  -0.050946
    11  H    0.000688  -0.003215  -0.002928   0.022148   0.003734  -0.115897
    12  H   -0.000163   0.000688   0.000632  -0.002732  -0.001333   0.005351
               7          8          9         10         11         12
     1  H    0.000632  -0.002732   0.005351  -0.001333   0.000688  -0.000163
     2  H   -0.002928   0.022148  -0.115897   0.003734  -0.003215   0.000688
     3  H   -0.002432   0.018321  -0.088551   0.014642  -0.002928   0.000632
     4  H    0.018321  -0.242898   0.442521  -0.072783   0.022148  -0.002732
     5  H    0.014642  -0.072783  -0.050946  -0.059333   0.003734  -0.001333
     6  H   -0.088551   0.442521  -0.209462  -0.050946  -0.115897   0.005351
     7  H    0.762860  -0.165420   0.002370  -0.078950   0.563232  -0.104488
     8  H   -0.165420   1.132219  -0.150282   0.367150  -0.206082   0.009571
     9  H    0.002370  -0.150282   0.979286   0.133427   0.025782  -0.001960
    10  H   -0.078950   0.367150   0.133427   0.655323  -0.089649   0.006167
    11  H    0.563232  -0.206082   0.025782  -0.089649   0.958595  -0.147254
    12  H   -0.104488   0.009571  -0.001960   0.006167  -0.147254   1.356257
 Mulliken charges:
               1
     1  H   -0.120734
     2  H   -0.009155
     3  H    0.080712
     4  H   -0.151732
     5  H    0.172550
     6  H    0.028360
     7  H    0.080712
     8  H   -0.151732
     9  H    0.028360
    10  H    0.172550
    11  H   -0.009155
    12  H   -0.120734
 Sum of Mulliken charges =   0.00000
 Mulliken charges with hydrogens summed into heavy atoms:
               1
 Electronic spatial extent (au):  <R**2>=            203.8048
 Charge=              0.0000 electrons
 Dipole moment (field-independent basis, Debye):
    X=              0.0000    Y=             -0.0000    Z=             -0.0000  Tot=              0.0000
 Quadrupole moment (field-independent basis, Debye-Ang):
   XX=            -14.8883   YY=            -29.7597   ZZ=            -15.0192
   XY=             -5.3595   XZ=              0.0000   YZ=              0.0000
 Traceless Quadrupole moment (field-independent basis, Debye-Ang):
   XX=              5.0007   YY=             -9.8706   ZZ=              4.8699
   XY=             -5.3595   XZ=              0.0000   YZ=              0.0000
 Octapole moment (field-independent basis, Debye-Ang**2):
  XXX=              0.0000  YYY=             -0.0000  ZZZ=             -0.0000  XYY=              0.0000
  XXY=              0.0000  XXZ=             -0.0000  XZZ=              0.0000  YZZ=             -0.0000
  YYZ=             -0.0000  XYZ=             -0.0000
 Hexadecapole moment (field-independent basis, Debye-Ang**3):
 XXXX=            -60.8687 YYYY=           -550.9834 ZZZZ=            -17.7787 XXXY=            -35.2398
 XXXZ=              0.0000 YYYX=            -91.6405 YYYZ=              0.0000 ZZZX=              0.0000
 ZZZY=              0.0000 XXYY=            -76.8816 XXZZ=            -13.2406 YYZZ=            -60.2602
 XXYZ=              0.0000 YYXZ=              0.0000 ZZXY=            -11.0084
 N-N= 1.811611757551D+01 E-N=-4.765713658436D+01  KE= 6.712264155427D+00
 Symmetry AG   KE= 1.507436027068D+00
 Symmetry BG   KE= 0.000000000000D+00
 Symmetry AU   KE= 0.000000000000D+00
 Symmetry BU   KE= 5.204828128359D+00

 Test job not archived.
 1\1\GINC-SULU\Stability\RHF\Gen\H12\LCJ1\17-Feb-2017\0\\#rhf/gen scf(s
 ymm,tight,novaracc,noincfock,fulldiag) stable(crhf) guess=read geom=no
 crowd test\\hf stability analysis of h12 triangular lattice, y= 1.3232
 044396011293\\0,1\H\H,1,1.3932880297\H,1,1.3932880297,2,36.5\H,2,1.393
 2880297,1,143.5,3,0.,0\H,2,1.3932880297,1,180.,3,0.,0\H,4,1.3932880297
 ,3,180.,5,0.,0\H,6,1.3932880297,5,180.,3,0.,0\H,4,1.3932880297,2,180.,
 3,0.,0\H,3,1.3932880297,1,180.,4,0.,0\H,9,1.3932880297,3,180.,4,0.,0\H
 ,8,1.3932880297,4,180.,3,0.,0\H,7,1.3932880297,6,180.,3,0.,0\\Version=
 ES64L-G09RevE.01\State=1-AG\HF=-5.6221795\MP2=-6.2485566\RMSD=1.609e-0
 9\Dipole=0.,0.,0.\Quadrupole=3.6165023,3.6206389,-7.2371412,0.,-4.1216
 847,0.\PG=C02H [SGH(H12)]\\@


 BE CAREFUL NOT TO BECOME TOO GOOD OF A SONGBIRD OR 
 THEY'LL THROW YOU INTO A CAGE.

                                    -- SNOOPY TO WOODSTOCK
 Job cpu time:       0 days  0 hours  0 minutes  1.0 seconds.
 File lengths (MBytes):  RWF=     84 Int=      0 D2E=      0 Chk=      2 Scr=      2
 Normal termination of Gaussian 09 at Fri Feb 17 15:06:10 2017.
