 Entering Gaussian System, Link 0=g09
 AtFile(1): H.gbs
            H     0
            S   10   1.00
               1000.000000000000            0.000068713567
                316.227766000000            0.000169141320
                100.000000000000            0.000823394812
                 31.622776600000            0.003425569236
                 10.000000000000            0.013951996000
                  3.162277660000            0.056909313560
                  1.000000000000            0.198286399900
                  0.316227766000            0.496922426700
                  0.100000000000            0.369846276400
                  0.031622776600            0.003752720039
            ****
 Initial command:
 /projects/guscus/apps/gau/g09-e1/g09/l1.exe "/users/lcj1/gaussian/h12/rhfstability/rect/guess/ag2bu4/Gau-8219.inp" -scrdir="/users/lcj1/gaussian/h12/rhfstability/rect/guess/ag2bu4/"
 Entering Link 1 = /projects/guscus/apps/gau/g09-e1/g09/l1.exe PID=      8220.
  
 Copyright (c) 1988,1990,1992,1993,1995,1998,2003,2009,2015,
            Gaussian, Inc.  All Rights Reserved.
  
 This is part of the Gaussian(R) 09 program.  It is based on
 the Gaussian(R) 03 system (copyright 2003, Gaussian, Inc.),
 the Gaussian(R) 98 system (copyright 1998, Gaussian, Inc.),
 the Gaussian(R) 94 system (copyright 1995, Gaussian, Inc.),
 the Gaussian 92(TM) system (copyright 1992, Gaussian, Inc.),
 the Gaussian 90(TM) system (copyright 1990, Gaussian, Inc.),
 the Gaussian 88(TM) system (copyright 1988, Gaussian, Inc.),
 the Gaussian 86(TM) system (copyright 1986, Carnegie Mellon
 University), and the Gaussian 82(TM) system (copyright 1983,
 Carnegie Mellon University). Gaussian is a federally registered
 trademark of Gaussian, Inc.
  
 This software contains proprietary and confidential information,
 including trade secrets, belonging to Gaussian, Inc.
  
 This software is provided under written license and may be
 used, copied, transmitted, or stored only in accord with that
 written license.
  
 The following legend is applicable only to US Government
 contracts under FAR:
  
                    RESTRICTED RIGHTS LEGEND
  
 Use, reproduction and disclosure by the US Government is
 subject to restrictions as set forth in subparagraphs (a)
 and (c) of the Commercial Computer Software - Restricted
 Rights clause in FAR 52.227-19.
  
 Gaussian, Inc.
 340 Quinnipiac St., Bldg. 40, Wallingford CT 06492
  
  
 ---------------------------------------------------------------
 Warning -- This program may not be used in any manner that
 competes with the business of Gaussian, Inc. or will provide
 assistance to any competitor of Gaussian, Inc.  The licensee
 of this program is prohibited from giving any competitor of
 Gaussian, Inc. access to this program.  By using this program,
 the user acknowledges that Gaussian, Inc. is engaged in the
 business of creating and licensing software in the field of
 computational chemistry and represents and warrants to the
 licensee that it is not a competitor of Gaussian, Inc. and that
 it will not use this program in any manner prohibited above.
 ---------------------------------------------------------------
  

 Cite this work as:
 Gaussian 09, Revision E.01,
 M. J. Frisch, G. W. Trucks, H. B. Schlegel, G. E. Scuseria, 
 M. A. Robb, J. R. Cheeseman, G. Scalmani, V. Barone, B. Mennucci, 
 G. A. Petersson, H. Nakatsuji, M. Caricato, X. Li, H. P. Hratchian, 
 A. F. Izmaylov, J. Bloino, G. Zheng, J. L. Sonnenberg, M. Hada, 
 M. Ehara, K. Toyota, R. Fukuda, J. Hasegawa, M. Ishida, T. Nakajima, 
 Y. Honda, O. Kitao, H. Nakai, T. Vreven, J. A. Montgomery, Jr., 
 J. E. Peralta, F. Ogliaro, M. Bearpark, J. J. Heyd, E. Brothers, 
 K. N. Kudin, V. N. Staroverov, T. Keith, R. Kobayashi, J. Normand, 
 K. Raghavachari, A. Rendell, J. C. Burant, S. S. Iyengar, J. Tomasi, 
 M. Cossi, N. Rega, J. M. Millam, M. Klene, J. E. Knox, J. B. Cross, 
 V. Bakken, C. Adamo, J. Jaramillo, R. Gomperts, R. E. Stratmann, 
 O. Yazyev, A. J. Austin, R. Cammi, C. Pomelli, J. W. Ochterski, 
 R. L. Martin, K. Morokuma, V. G. Zakrzewski, G. A. Voth, 
 P. Salvador, J. J. Dannenberg, S. Dapprich, A. D. Daniels, 
 O. Farkas, J. B. Foresman, J. V. Ortiz, J. Cioslowski, 
 and D. J. Fox, Gaussian, Inc., Wallingford CT, 2013.
 
 ******************************************
 Gaussian 09:  ES64L-G09RevE.01 30-Nov-2015
                17-Feb-2017 
 ******************************************
 %chk=h12.chk
 ----------------------------------------------------------------------
 #rhf/gen scf(symm,tight,novaracc,noincfock,fulldiag) stable(crhf) gues
 s=read geom=nocrowd test
 ----------------------------------------------------------------------
 1/38=1/1;
 2/12=1,17=6,18=5,40=1/2;
 3/5=7,16=1,25=1,30=1,116=1/1,2,3;
 4/5=1,9=4/1;
 5/5=100002,15=2,16=1,32=2,38=6/2;
 8/6=1,10=90,11=11/1,4;
 9/8=4,13=1/2;
 6/7=2,8=2,9=2,10=2,28=1/1;
 99/5=1,9=1/99;
 ----------------------------------------------------------------------
 hf stability analysis of h12 triangular lattice, y= 1.4941379400594756
 ----------------------------------------------------------------------
 Symbolic Z-matrix:
 Charge =  0 Multiplicity = 1
 H
 H                    1     1.5433 
 H                    1     1.5433   2     29. 
 H                    2     1.5433   1     151.     3     0.       0
 H                    2     1.5433   1     180.     3     0.       0
 H                    4     1.5433   3     180.     5     0.       0
 H                    6     1.5433   5     180.     3     0.       0
 H                    4     1.5433   2     180.     3     0.       0
 H                    3     1.5433   1     180.     4     0.       0
 H                    9     1.5433   3     180.     4     0.       0
 H                    8     1.5433   4     180.     3     0.       0
 H                    7     1.5433   6     180.     3     0.       0
 
                          Input orientation:                          
 ---------------------------------------------------------------------
 Center     Atomic      Atomic             Coordinates (Angstroms)
 Number     Number       Type             X           Y           Z
 ---------------------------------------------------------------------
      1          1           0        0.000000    0.000000    0.000000
      2          1           0        0.000000    0.000000    1.543296
      3          1           0        0.748205    0.000000    1.349797
      4          1           0        0.748205    0.000000    2.893092
      5          1           0        0.000000    0.000000    3.086591
      6          1           0        0.748205    0.000000    4.436388
      7          1           0        1.496409    0.000000    5.786184
      8          1           0        1.496409    0.000000    4.242889
      9          1           0        1.496409    0.000000    2.699593
     10          1           0        2.244614    0.000000    4.049390
     11          1           0        2.244614    0.000000    5.592686
     12          1           0        2.244614    0.000000    7.135981
 ---------------------------------------------------------------------
                    Distance matrix (angstroms):
                    1          2          3          4          5
     1  H    0.000000
     2  H    1.543296   0.000000
     3  H    1.543296   0.772821   0.000000
     4  H    2.988276   1.543296   1.543296   0.000000
     5  H    3.086591   1.543296   1.891101   0.772821   0.000000
     6  H    4.499038   2.988276   3.086591   1.543296   1.543296
     7  H    5.976552   4.499038   4.499038   2.988276   3.086591
     8  H    4.499038   3.086591   2.988276   1.543296   1.891101
     9  H    3.086591   1.891101   1.543296   0.772821   1.545641
    10  H    4.629887   3.364342   3.086591   1.891101   2.442391
    11  H    6.026311   4.629887   4.499038   3.086591   3.364342
    12  H    7.480676   6.026311   5.976552   4.499038   4.629887
                    6          7          8          9         10
     6  H    0.000000
     7  H    1.543296   0.000000
     8  H    0.772821   1.543296   0.000000
     9  H    1.891101   3.086591   1.543296   0.000000
    10  H    1.545641   1.891101   0.772821   1.543296   0.000000
    11  H    1.891101   0.772821   1.543296   2.988276   1.543296
    12  H    3.086591   1.543296   2.988276   4.499038   3.086591
                   11         12
    11  H    0.000000
    12  H    1.543296   0.000000
 Stoichiometry    H12
 Framework group  C2H[SGH(H12)]
 Deg. of freedom    11
 Full point group                 C2H     NOp   4
 Largest Abelian subgroup         C2H     NOp   4
 Largest concise Abelian subgroup C2      NOp   2
                         Standard orientation:                         
 ---------------------------------------------------------------------
 Center     Atomic      Atomic             Coordinates (Angstroms)
 Number     Number       Type             X           Y           Z
 ---------------------------------------------------------------------
      1          1           0        0.748205    3.664740   -0.000000
      2          1           0        0.000000    2.314943   -0.000000
      3          1           0        0.748205    2.121444   -0.000000
      4          1           0        0.000000    0.771648   -0.000000
      5          1           0       -0.748205    0.965147   -0.000000
      6          1           0       -0.748205   -0.578149    0.000000
      7          1           0       -0.748205   -2.121444   -0.000000
      8          1           0       -0.000000   -0.771648   -0.000000
      9          1           0        0.748205    0.578149    0.000000
     10          1           0        0.748205   -0.965147   -0.000000
     11          1           0       -0.000000   -2.314943   -0.000000
     12          1           0       -0.748205   -3.664740   -0.000000
 ---------------------------------------------------------------------
 Rotational constants (GHZ):    161.9850536      9.7021741      9.1538970
 General basis read from cards:  (5D, 7F)
 There are     6 symmetry adapted cartesian basis functions of AG  symmetry.
 There are     0 symmetry adapted cartesian basis functions of BG  symmetry.
 There are     0 symmetry adapted cartesian basis functions of AU  symmetry.
 There are     6 symmetry adapted cartesian basis functions of BU  symmetry.
 There are     6 symmetry adapted basis functions of AG  symmetry.
 There are     0 symmetry adapted basis functions of BG  symmetry.
 There are     0 symmetry adapted basis functions of AU  symmetry.
 There are     6 symmetry adapted basis functions of BU  symmetry.
    12 basis functions,   120 primitive gaussians,    12 cartesian basis functions
     6 alpha electrons        6 beta electrons
       nuclear repulsion energy        17.4788736810 Hartrees.
 NAtoms=   12 NActive=   12 NUniq=    6 SFac= 4.00D+00 NAtFMM=   60 NAOKFM=F Big=F
 Integral buffers will be    131072 words long.
 Regular integral format.
 Two-electron integral symmetry is turned on.
 One-electron integrals computed using PRISM.
 NBasis=    12 RedAO= T EigKep=  1.09D-01  NBF=     6     0     0     6
 NBsUse=    12 1.00D-06 EigRej= -1.00D+00 NBFU=     6     0     0     6
 Initial guess from the checkpoint file:  "h12.chk"
 B after Tr=     0.000000   -0.000000   -0.000000
         Rot=    0.999999   -0.000000    0.000000   -0.001518 Ang=  -0.17 deg.
 Initial guess orbital symmetries:
       Occupied  (AG) (BU) (AG) (BU) (BU) (BU)
       Virtual   (AG) (AG) (BU) (AG) (AG) (BU)
 Keep R1 ints in memory in symmetry-blocked form, NReq=897974.
 Requested convergence on RMS density matrix=1.00D-08 within 128 cycles.
 Requested convergence on MAX density matrix=1.00D-06.
 Requested convergence on             energy=1.00D-06.
 No special actions if energy rises.
 SCF Done:  E(RHF) =  -5.73142141030     A.U. after    7 cycles
            NFock=  7  Conv=0.15D-08     -V/T= 1.8892
 Range of M.O.s used for correlation:     1    12
 NBasis=    12 NAE=     6 NBE=     6 NFC=     0 NFV=     0
 NROrb=     12 NOA=     6 NOB=     6 NVA=     6 NVB=     6

 **** Warning!!: The smallest alpha delta epsilon is  0.64645699D-01

 Semi-Direct transformation.
 ModeAB=           4 MOrb=             6 LenV=     134089687
 LASXX=         2181 LTotXX=        2181 LenRXX=        5115
 LTotAB=        2934 MaxLAS=        3024 LenRXY=           0
 NonZer=        7296 LenScr=      655360 LnRSAI=        3024
 LnScr1=      655360 LExtra=           0 Total=      1318859
 MaxDsk=          -1 SrtSym=           T ITran=            3
 JobTyp=0 Pass  1:  I=   1 to   6.
 (rs|ai) integrals will be sorted in core.
 Spin components of T(2) and E(2):
     alpha-alpha T2 =       0.7428429182D-02 E2=     -0.6539523735D-02
     alpha-beta  T2 =       0.4177920278D+01 E2=     -0.6154734794D+00
     beta-beta   T2 =       0.7428429182D-02 E2=     -0.6539523735D-02
 ANorm=    0.2278766582D+01
 E2 =    -0.6285525269D+00 EUMP2 =    -0.63599739371662D+01
 Second order stability test of a single determinant RHF wave function:
 Stabil:  MDV=134217728
 ***********************************************************************
 Matrix         Lowest Root    Major Pairs
 ***********************************************************************
 Internal RHF    -0.0147002    6A=8A
 RRHF --> CRHF   -0.0235553    6A=8A 6A=7A 5A=7A 4A=8A
 RRHF --> RUHF   -0.5462631    6A=7B
 Not stable.
 ***********************************************************************

 **********************************************************************

            Population analysis using the SCF density.

 **********************************************************************

 Orbital symmetries:
       Occupied  (AG) (BU) (AG) (BU) (BU) (BU)
       Virtual   (AG) (AG) (BU) (AG) (AG) (BU)
 The electronic state is 1-AG.
 Alpha  occ. eigenvalues --   -0.88979  -0.76379  -0.62852  -0.55107  -0.40891
 Alpha  occ. eigenvalues --   -0.14239
 Alpha virt. eigenvalues --   -0.07774   0.00782   0.40858   0.45692   0.63701
 Alpha virt. eigenvalues --    0.87335
          Condensed to atoms (all electrons):
               1          2          3          4          5          6
     1  H    1.216434  -0.085912  -0.076592   0.004295   0.001960  -0.000467
     2  H   -0.085912   0.778824   0.532123  -0.120523  -0.038335   0.010560
     3  H   -0.076592   0.532123   0.711288  -0.109916  -0.059490  -0.000490
     4  H    0.004295  -0.120523  -0.109916   0.997252   0.312113  -0.086087
     5  H    0.001960  -0.038335  -0.059490   0.312113   0.701033   0.176499
     6  H   -0.000467   0.010560  -0.000490  -0.086087   0.176499   0.922171
     7  H    0.000139  -0.000658  -0.000675   0.007241   0.006894  -0.046524
     8  H   -0.000740   0.007666   0.007241  -0.140910  -0.043357   0.366468
     9  H    0.002345  -0.077739  -0.046524   0.366468  -0.135579  -0.199838
    10  H   -0.000311  -0.000228   0.006894  -0.043357  -0.075814  -0.135579
    11  H    0.000137  -0.000708  -0.000658   0.007666  -0.000228  -0.077739
    12  H   -0.000037   0.000137   0.000139  -0.000740  -0.000311   0.002345
               7          8          9         10         11         12
     1  H    0.000139  -0.000740   0.002345  -0.000311   0.000137  -0.000037
     2  H   -0.000658   0.007666  -0.077739  -0.000228  -0.000708   0.000137
     3  H   -0.000675   0.007241  -0.046524   0.006894  -0.000658   0.000139
     4  H    0.007241  -0.140910   0.366468  -0.043357   0.007666  -0.000740
     5  H    0.006894  -0.043357  -0.135579  -0.075814  -0.000228  -0.000311
     6  H   -0.046524   0.366468  -0.199838  -0.135579  -0.077739   0.002345
     7  H    0.711288  -0.109916  -0.000490  -0.059490   0.532123  -0.076592
     8  H   -0.109916   0.997252  -0.086087   0.312113  -0.120523   0.004295
     9  H   -0.000490  -0.086087   0.922171   0.176499   0.010560  -0.000467
    10  H   -0.059490   0.312113   0.176499   0.701033  -0.038335   0.001960
    11  H    0.532123  -0.120523   0.010560  -0.038335   0.778824  -0.085912
    12  H   -0.076592   0.004295  -0.000467   0.001960  -0.085912   1.216434
 Mulliken charges:
               1
     1  H   -0.061250
     2  H   -0.005208
     3  H    0.036660
     4  H   -0.193501
     5  H    0.154617
     6  H    0.068681
     7  H    0.036660
     8  H   -0.193501
     9  H    0.068681
    10  H    0.154617
    11  H   -0.005208
    12  H   -0.061250
 Sum of Mulliken charges =  -0.00000
 Mulliken charges with hydrogens summed into heavy atoms:
               1
 Electronic spatial extent (au):  <R**2>=            237.8510
 Charge=             -0.0000 electrons
 Dipole moment (field-independent basis, Debye):
    X=              0.0000    Y=             -0.0000    Z=              0.0000  Tot=              0.0000
 Quadrupole moment (field-independent basis, Debye-Ang):
   XX=            -15.3087   YY=            -26.2749   ZZ=            -15.2121
   XY=             -3.3050   XZ=             -0.0000   YZ=             -0.0000
 Traceless Quadrupole moment (field-independent basis, Debye-Ang):
   XX=              3.6232   YY=             -7.3430   ZZ=              3.7198
   XY=             -3.3050   XZ=             -0.0000   YZ=             -0.0000
 Octapole moment (field-independent basis, Debye-Ang**2):
  XXX=              0.0000  YYY=              0.0000  ZZZ=              0.0000  XYY=              0.0000
  XXY=              0.0000  XXZ=              0.0000  XZZ=              0.0000  YZZ=             -0.0000
  YYZ=              0.0000  XYZ=              0.0000
 Hexadecapole moment (field-independent basis, Debye-Ang**3):
 XXXX=            -54.3621 YYYY=           -634.0800 ZZZZ=            -18.1440 XXXY=            -34.3496
 XXXZ=             -0.0000 YYYX=            -80.1495 YYYZ=             -0.0000 ZZZX=             -0.0000
 ZZZY=             -0.0000 XXYY=            -84.6182 XXZZ=            -12.1617 YYZZ=            -74.4439
 XXYZ=             -0.0000 YYXZ=             -0.0000 ZZXY=            -11.3856
 N-N= 1.747887368099D+01 E-N=-4.609707034092D+01  KE= 6.445424773712D+00
 Symmetry AG   KE= 1.527851407824D+00
 Symmetry BG   KE= 0.000000000000D+00
 Symmetry AU   KE= 0.000000000000D+00
 Symmetry BU   KE= 4.917573365887D+00

 Test job not archived.
 1\1\GINC-SULU\Stability\RHF\Gen\H12\LCJ1\17-Feb-2017\0\\#rhf/gen scf(s
 ymm,tight,novaracc,noincfock,fulldiag) stable(crhf) guess=read geom=no
 crowd test\\hf stability analysis of h12 triangular lattice, y= 1.4941
 379400594756\\0,1\H\H,1,1.5432955301\H,1,1.5432955301,2,29.\H,2,1.5432
 955301,1,151.,3,0.,0\H,2,1.5432955301,1,180.,3,0.,0\H,4,1.5432955301,3
 ,180.,5,0.,0\H,6,1.5432955301,5,180.,3,0.,0\H,4,1.5432955301,2,180.,3,
 0.,0\H,3,1.5432955301,1,180.,4,0.,0\H,9,1.5432955301,3,180.,4,0.,0\H,8
 ,1.5432955301,4,180.,3,0.,0\H,7,1.5432955301,6,180.,3,0.,0\\Version=ES
 64L-G09RevE.01\State=1-AG\HF=-5.7314214\MP2=-6.3599739\RMSD=1.478e-09\
 Dipole=0.,0.,0.\Quadrupole=2.8612491,2.7656002,-5.6268493,0.,-2.155014
 5,0.\PG=C02H [SGH(H12)]\\@


 IF AT FIRST YOU DON'T SUCCEED, TRY LOOKING IN 
 THE WASTEBASKET FOR THE DIRECTIONS.
 Job cpu time:       0 days  0 hours  0 minutes  1.1 seconds.
 File lengths (MBytes):  RWF=     84 Int=      0 D2E=      0 Chk=      2 Scr=      2
 Normal termination of Gaussian 09 at Fri Feb 17 15:06:54 2017.
