 Entering Gaussian System, Link 0=g09
 AtFile(1): H.gbs
            H     0
            S   10   1.00
               1000.000000000000            0.000068713567
                316.227766000000            0.000169141320
                100.000000000000            0.000823394812
                 31.622776600000            0.003425569236
                 10.000000000000            0.013951996000
                  3.162277660000            0.056909313560
                  1.000000000000            0.198286399900
                  0.316227766000            0.496922426700
                  0.100000000000            0.369846276400
                  0.031622776600            0.003752720039
            ****
 Initial command:
 /projects/guscus/apps/gau/g09-e1/g09/l1.exe "/users/lcj1/gaussian/h12/rhfstability/rect/guess/ag2bu4/Gau-10559.inp" -scrdir="/users/lcj1/gaussian/h12/rhfstability/rect/guess/ag2bu4/"
 Entering Link 1 = /projects/guscus/apps/gau/g09-e1/g09/l1.exe PID=     10560.
  
 Copyright (c) 1988,1990,1992,1993,1995,1998,2003,2009,2015,
            Gaussian, Inc.  All Rights Reserved.
  
 This is part of the Gaussian(R) 09 program.  It is based on
 the Gaussian(R) 03 system (copyright 2003, Gaussian, Inc.),
 the Gaussian(R) 98 system (copyright 1998, Gaussian, Inc.),
 the Gaussian(R) 94 system (copyright 1995, Gaussian, Inc.),
 the Gaussian 92(TM) system (copyright 1992, Gaussian, Inc.),
 the Gaussian 90(TM) system (copyright 1990, Gaussian, Inc.),
 the Gaussian 88(TM) system (copyright 1988, Gaussian, Inc.),
 the Gaussian 86(TM) system (copyright 1986, Carnegie Mellon
 University), and the Gaussian 82(TM) system (copyright 1983,
 Carnegie Mellon University). Gaussian is a federally registered
 trademark of Gaussian, Inc.
  
 This software contains proprietary and confidential information,
 including trade secrets, belonging to Gaussian, Inc.
  
 This software is provided under written license and may be
 used, copied, transmitted, or stored only in accord with that
 written license.
  
 The following legend is applicable only to US Government
 contracts under FAR:
  
                    RESTRICTED RIGHTS LEGEND
  
 Use, reproduction and disclosure by the US Government is
 subject to restrictions as set forth in subparagraphs (a)
 and (c) of the Commercial Computer Software - Restricted
 Rights clause in FAR 52.227-19.
  
 Gaussian, Inc.
 340 Quinnipiac St., Bldg. 40, Wallingford CT 06492
  
  
 ---------------------------------------------------------------
 Warning -- This program may not be used in any manner that
 competes with the business of Gaussian, Inc. or will provide
 assistance to any competitor of Gaussian, Inc.  The licensee
 of this program is prohibited from giving any competitor of
 Gaussian, Inc. access to this program.  By using this program,
 the user acknowledges that Gaussian, Inc. is engaged in the
 business of creating and licensing software in the field of
 computational chemistry and represents and warrants to the
 licensee that it is not a competitor of Gaussian, Inc. and that
 it will not use this program in any manner prohibited above.
 ---------------------------------------------------------------
  

 Cite this work as:
 Gaussian 09, Revision E.01,
 M. J. Frisch, G. W. Trucks, H. B. Schlegel, G. E. Scuseria, 
 M. A. Robb, J. R. Cheeseman, G. Scalmani, V. Barone, B. Mennucci, 
 G. A. Petersson, H. Nakatsuji, M. Caricato, X. Li, H. P. Hratchian, 
 A. F. Izmaylov, J. Bloino, G. Zheng, J. L. Sonnenberg, M. Hada, 
 M. Ehara, K. Toyota, R. Fukuda, J. Hasegawa, M. Ishida, T. Nakajima, 
 Y. Honda, O. Kitao, H. Nakai, T. Vreven, J. A. Montgomery, Jr., 
 J. E. Peralta, F. Ogliaro, M. Bearpark, J. J. Heyd, E. Brothers, 
 K. N. Kudin, V. N. Staroverov, T. Keith, R. Kobayashi, J. Normand, 
 K. Raghavachari, A. Rendell, J. C. Burant, S. S. Iyengar, J. Tomasi, 
 M. Cossi, N. Rega, J. M. Millam, M. Klene, J. E. Knox, J. B. Cross, 
 V. Bakken, C. Adamo, J. Jaramillo, R. Gomperts, R. E. Stratmann, 
 O. Yazyev, A. J. Austin, R. Cammi, C. Pomelli, J. W. Ochterski, 
 R. L. Martin, K. Morokuma, V. G. Zakrzewski, G. A. Voth, 
 P. Salvador, J. J. Dannenberg, S. Dapprich, A. D. Daniels, 
 O. Farkas, J. B. Foresman, J. V. Ortiz, J. Cioslowski, 
 and D. J. Fox, Gaussian, Inc., Wallingford CT, 2013.
 
 ******************************************
 Gaussian 09:  ES64L-G09RevE.01 30-Nov-2015
                17-Feb-2017 
 ******************************************
 %chk=h12.chk
 ----------------------------------------------------------------------
 #rhf/gen scf(symm,tight,novaracc,noincfock,fulldiag) stable(crhf) gues
 s=read geom=nocrowd test
 ----------------------------------------------------------------------
 1/38=1/1;
 2/12=1,17=6,18=5,40=1/2;
 3/5=7,16=1,25=1,30=1,116=1/1,2,3;
 4/5=1,9=4/1;
 5/5=100002,15=2,16=1,32=2,38=6/2;
 8/6=1,10=90,11=11/1,4;
 9/8=4,13=1/2;
 6/7=2,8=2,9=2,10=2,28=1/1;
 99/5=1,9=1/99;
 ----------------------------------------------------------------------
 hf stability analysis of h12 triangular lattice, y= 0.3829207402470090
 1
 ----------------------------------------------------------------------
 Symbolic Z-matrix:
 Charge =  0 Multiplicity = 1
 H
 H                    1     1.55562 
 H                    1     1.55562  2     151.5 
 H                    2     1.55562  1     28.5     3     0.       0
 H                    2     1.55562  1     180.     3     0.       0
 H                    4     1.55562  3     180.     5     0.       0
 H                    6     1.55562  5     180.     3     0.       0
 H                    4     1.55562  2     180.     3     0.       0
 H                    3     1.55562  1     180.     4     0.       0
 H                    9     1.55562  3     180.     4     0.       0
 H                    8     1.55562  4     180.     3     0.       0
 H                    7     1.55562  6     180.     3     0.       0
 
                          Input orientation:                          
 ---------------------------------------------------------------------
 Center     Atomic      Atomic             Coordinates (Angstroms)
 Number     Number       Type             X           Y           Z
 ---------------------------------------------------------------------
      1          1           0        0.000000    0.000000    0.000000
      2          1           0        0.000000    0.000000    1.555619
      3          1           0        0.742277    0.000000   -1.367105
      4          1           0        0.742277    0.000000    0.188514
      5          1           0        0.000000    0.000000    3.111238
      6          1           0        0.742277    0.000000    1.744133
      7          1           0        1.484554    0.000000    0.377029
      8          1           0        1.484554    0.000000   -1.178590
      9          1           0        1.484554    0.000000   -2.734209
     10          1           0        2.226832    0.000000   -4.101314
     11          1           0        2.226832    0.000000   -2.545695
     12          1           0        2.226832    0.000000   -0.990076
 ---------------------------------------------------------------------
                    Distance matrix (angstroms):
                    1          2          3          4          5
     1  H    0.000000
     2  H    1.555619   0.000000
     3  H    1.555619   3.015508   0.000000
     4  H    0.765841   1.555619   1.555619   0.000000
     5  H    3.111238   1.555619   4.539441   3.015508   0.000000
     6  H    1.895515   0.765841   3.111238   1.555619   1.555619
     7  H    1.531683   1.895515   1.895515   0.765841   3.111238
     8  H    1.895515   3.111238   0.765841   1.555619   4.539441
     9  H    3.111238   4.539441   1.555619   3.015508   6.031016
    10  H    4.666857   6.079446   3.111238   4.539441   7.548489
    11  H    3.382209   4.666857   1.895515   3.111238   6.079446
    12  H    2.437012   3.382209   1.531683   1.895515   4.666857
                    6          7          8          9         10
     6  H    0.000000
     7  H    1.555619   0.000000
     8  H    3.015508   1.555619   0.000000
     9  H    4.539441   3.111238   1.555619   0.000000
    10  H    6.031016   4.539441   3.015508   1.555619   0.000000
    11  H    4.539441   3.015508   1.555619   0.765841   1.555619
    12  H    3.111238   1.555619   0.765841   1.895515   3.111238
                   11         12
    11  H    0.000000
    12  H    1.555619   0.000000
 Stoichiometry    H12
 Framework group  C2H[SGH(H12)]
 Deg. of freedom    11
 Full point group                 C2H     NOp   4
 Largest Abelian subgroup         C2H     NOp   4
 Largest concise Abelian subgroup C2      NOp   2
                         Standard orientation:                         
 ---------------------------------------------------------------------
 Center     Atomic      Atomic             Coordinates (Angstroms)
 Number     Number       Type             X           Y           Z
 ---------------------------------------------------------------------
      1          1           0        0.742277    0.966324   -0.000000
      2          1           0        0.000000    2.333428   -0.000000
      3          1           0        0.742277   -0.589295   -0.000000
      4          1           0        0.000000    0.777809   -0.000000
      5          1           0       -0.742277    3.700533    0.000000
      6          1           0       -0.742277    2.144914    0.000000
      7          1           0       -0.742277    0.589295   -0.000000
      8          1           0       -0.000000   -0.777809    0.000000
      9          1           0        0.742277   -2.144914    0.000000
     10          1           0        0.742277   -3.700533    0.000000
     11          1           0       -0.000000   -2.333428    0.000000
     12          1           0       -0.742277   -0.966324   -0.000000
 ---------------------------------------------------------------------
 Rotational constants (GHZ):    164.9100314      9.5300915      9.0094392
 General basis read from cards:  (5D, 7F)
 There are     6 symmetry adapted cartesian basis functions of AG  symmetry.
 There are     0 symmetry adapted cartesian basis functions of BG  symmetry.
 There are     0 symmetry adapted cartesian basis functions of AU  symmetry.
 There are     6 symmetry adapted cartesian basis functions of BU  symmetry.
 There are     6 symmetry adapted basis functions of AG  symmetry.
 There are     0 symmetry adapted basis functions of BG  symmetry.
 There are     0 symmetry adapted basis functions of AU  symmetry.
 There are     6 symmetry adapted basis functions of BU  symmetry.
    12 basis functions,   120 primitive gaussians,    12 cartesian basis functions
     6 alpha electrons        6 beta electrons
       nuclear repulsion energy        17.4336417399 Hartrees.
 NAtoms=   12 NActive=   12 NUniq=    6 SFac= 4.00D+00 NAtFMM=   60 NAOKFM=F Big=F
 Integral buffers will be    131072 words long.
 Regular integral format.
 Two-electron integral symmetry is turned on.
 One-electron integrals computed using PRISM.
 NBasis=    12 RedAO= T EigKep=  1.07D-01  NBF=     6     0     0     6
 NBsUse=    12 1.00D-06 EigRej= -1.00D+00 NBFU=     6     0     0     6
 Initial guess from the checkpoint file:  "h12.chk"
 B after Tr=     0.000000    0.000000   -0.000000
         Rot=    0.999999   -0.000000   -0.000000   -0.001518 Ang=  -0.17 deg.
 Initial guess orbital symmetries:
       Occupied  (AG) (BU) (AG) (BU) (BU) (BU)
       Virtual   (AG) (AG) (BU) (AG) (AG) (BU)
 Keep R1 ints in memory in symmetry-blocked form, NReq=897974.
 Requested convergence on RMS density matrix=1.00D-08 within 128 cycles.
 Requested convergence on MAX density matrix=1.00D-06.
 Requested convergence on             energy=1.00D-06.
 No special actions if energy rises.
 SCF Done:  E(RHF) =  -5.73185501695     A.U. after    7 cycles
            NFock=  7  Conv=0.19D-08     -V/T= 1.8912
 Range of M.O.s used for correlation:     1    12
 NBasis=    12 NAE=     6 NBE=     6 NFC=     0 NFV=     0
 NROrb=     12 NOA=     6 NOB=     6 NVA=     6 NVB=     6

 **** Warning!!: The smallest alpha delta epsilon is  0.64707266D-01

 Semi-Direct transformation.
 ModeAB=           4 MOrb=             6 LenV=     134089883
 LASXX=         2181 LTotXX=        2181 LenRXX=        5115
 LTotAB=        2934 MaxLAS=        3024 LenRXY=           0
 NonZer=        7296 LenScr=      655360 LnRSAI=        3024
 LnScr1=      655360 LExtra=           0 Total=      1318859
 MaxDsk=          -1 SrtSym=           T ITran=            3
 JobTyp=0 Pass  1:  I=   1 to   6.
 (rs|ai) integrals will be sorted in core.
 Spin components of T(2) and E(2):
     alpha-alpha T2 =       0.7292444120D-02 E2=     -0.6424971996D-02
     alpha-beta  T2 =       0.4219922527D+01 E2=     -0.6201611344D+00
     beta-beta   T2 =       0.7292444120D-02 E2=     -0.6424971996D-02
 ANorm=    0.2287904590D+01
 E2 =    -0.6330110784D+00 EUMP2 =    -0.63648660953082D+01
 Second order stability test of a single determinant RHF wave function:
 Stabil:  MDV=134217728
 ***********************************************************************
 Matrix         Lowest Root    Major Pairs
 ***********************************************************************
 Internal RHF    -0.0074012    6A=8A
 RRHF --> CRHF   -0.0163264    6A=8A 6A=7A
 RRHF --> RUHF   -0.5477146    6A=7B
 Not stable.
 ***********************************************************************

 **********************************************************************

            Population analysis using the SCF density.

 **********************************************************************

 Orbital symmetries:
       Occupied  (AG) (BU) (AG) (BU) (BU) (BU)
       Virtual   (AG) (AG) (BU) (AG) (AG) (BU)
 The electronic state is 1-AG.
 Alpha  occ. eigenvalues --   -0.88919  -0.76473  -0.63062  -0.55682  -0.40493
 Alpha  occ. eigenvalues --   -0.14599
 Alpha virt. eigenvalues --   -0.08128   0.00992   0.41254   0.45937   0.64903
 Alpha virt. eigenvalues --    0.88504
          Condensed to atoms (all electrons):
               1          2          3          4          5          6
     1  H    0.706370  -0.035844   0.178609   0.308886   0.001803  -0.058131
     2  H   -0.035844   0.769630   0.009889  -0.115861  -0.082832   0.530106
     3  H    0.178609   0.009889   0.920794  -0.082460  -0.000415  -0.000606
     4  H    0.308886  -0.115861  -0.082460   0.991269   0.004032  -0.106244
     5  H    0.001803  -0.082832  -0.000415   0.004032   1.208105  -0.074472
     6  H   -0.058131   0.530106  -0.000606  -0.106244  -0.074472   0.706805
     7  H   -0.142880  -0.075392  -0.199223   0.361515   0.002186  -0.043889
     8  H   -0.041683   0.007056   0.361515  -0.135186  -0.000665   0.006699
     9  H    0.006510  -0.000582  -0.043889   0.006699   0.000123  -0.000605
    10  H   -0.000277   0.000121   0.002186  -0.000665  -0.000033   0.000123
    11  H   -0.000357  -0.000630  -0.075392   0.007056   0.000121  -0.000582
    12  H   -0.077184  -0.000357  -0.142880  -0.041683  -0.000277   0.006510
               7          8          9         10         11         12
     1  H   -0.142880  -0.041683   0.006510  -0.000277  -0.000357  -0.077184
     2  H   -0.075392   0.007056  -0.000582   0.000121  -0.000630  -0.000357
     3  H   -0.199223   0.361515  -0.043889   0.002186  -0.075392  -0.142880
     4  H    0.361515  -0.135186   0.006699  -0.000665   0.007056  -0.041683
     5  H    0.002186  -0.000665   0.000123  -0.000033   0.000121  -0.000277
     6  H   -0.043889   0.006699  -0.000605   0.000123  -0.000582   0.006510
     7  H    0.920794  -0.082460  -0.000606  -0.000415   0.009889   0.178609
     8  H   -0.082460   0.991269  -0.106244   0.004032  -0.115861   0.308886
     9  H   -0.000606  -0.106244   0.706805  -0.074472   0.530106  -0.058131
    10  H   -0.000415   0.004032  -0.074472   1.208105  -0.082832   0.001803
    11  H    0.009889  -0.115861   0.530106  -0.082832   0.769630  -0.035844
    12  H    0.178609   0.308886  -0.058131   0.001803  -0.035844   0.706370
 Mulliken charges:
               1
     1  H    0.154179
     2  H   -0.005303
     3  H    0.071872
     4  H   -0.197358
     5  H   -0.057677
     6  H    0.034286
     7  H    0.071872
     8  H   -0.197358
     9  H    0.034286
    10  H   -0.057677
    11  H   -0.005303
    12  H    0.154179
 Sum of Mulliken charges =  -0.00000
 Mulliken charges with hydrogens summed into heavy atoms:
               1
 Electronic spatial extent (au):  <R**2>=            240.8160
 Charge=              0.0000 electrons
 Dipole moment (field-independent basis, Debye):
    X=             -0.0000    Y=             -0.0000    Z=             -0.0000  Tot=              0.0000
 Quadrupole moment (field-independent basis, Debye-Ang):
   XX=            -15.3432   YY=            -25.9968   ZZ=            -15.2248
   XY=              3.1733   XZ=             -0.0000   YZ=              0.0000
 Traceless Quadrupole moment (field-independent basis, Debye-Ang):
   XX=              3.5117   YY=             -7.1418   ZZ=              3.6301
   XY=              3.1733   XZ=             -0.0000   YZ=              0.0000
 Octapole moment (field-independent basis, Debye-Ang**2):
  XXX=              0.0000  YYY=              0.0000  ZZZ=             -0.0000  XYY=             -0.0000
  XXY=             -0.0000  XXZ=             -0.0000  XZZ=              0.0000  YZZ=              0.0000
  YYZ=             -0.0000  XYZ=             -0.0000
 Hexadecapole moment (field-independent basis, Debye-Ang**3):
 XXXX=            -53.9186 YYYY=           -640.2195 ZZZZ=            -18.1697 XXXY=             34.3150
 XXXZ=             -0.0000 YYYX=             79.1946 YYYZ=              0.0000 ZZZX=             -0.0000
 ZZZY=              0.0000 XXYY=            -85.4108 XXZZ=            -12.0876 YYZZ=            -75.6549
 XXYZ=              0.0000 YYXZ=             -0.0000 ZZXY=             11.4081
 N-N= 1.743364173990D+01 E-N=-4.597805867226D+01  KE= 6.431629244267D+00
 Symmetry AG   KE= 1.530005117003D+00
 Symmetry BG   KE= 0.000000000000D+00
 Symmetry AU   KE= 0.000000000000D+00
 Symmetry BU   KE= 4.901624127265D+00

 Test job not archived.
 1\1\GINC-SULU\Stability\RHF\Gen\H12\LCJ1\17-Feb-2017\0\\#rhf/gen scf(s
 ymm,tight,novaracc,noincfock,fulldiag) stable(crhf) guess=read geom=no
 crowd test\\hf stability analysis of h12 triangular lattice, y= 0.3829
 2074024700901\\0,1\H\H,1,1.5556189604\H,1,1.5556189604,2,151.5\H,2,1.5
 556189604,1,28.5,3,0.,0\H,2,1.5556189604,1,180.,3,0.,0\H,4,1.555618960
 4,3,180.,5,0.,0\H,6,1.5556189604,5,180.,3,0.,0\H,4,1.5556189604,2,180.
 ,3,0.,0\H,3,1.5556189604,1,180.,4,0.,0\H,9,1.5556189604,3,180.,4,0.,0\
 H,8,1.5556189604,4,180.,3,0.,0\H,7,1.5556189604,6,180.,3,0.,0\\Version
 =ES64L-G09RevE.01\State=1-AG\HF=-5.731855\MP2=-6.3648661\RMSD=1.875e-0
 9\Dipole=0.,0.,0.\Quadrupole=2.7861396,2.6988922,-5.4850318,0.,2.03646
 07,0.\PG=C02H [SGH(H12)]\\@


 Everything starts as somebody's daydream.
                           -- Larry Niven
 Job cpu time:       0 days  0 hours  0 minutes  1.0 seconds.
 File lengths (MBytes):  RWF=     84 Int=      0 D2E=      0 Chk=      2 Scr=      2
 Normal termination of Gaussian 09 at Fri Feb 17 14:54:14 2017.
