 Entering Gaussian System, Link 0=g09
 AtFile(1): H.gbs
            H     0
            S   10   1.00
               1000.000000000000            0.000068713567
                316.227766000000            0.000169141320
                100.000000000000            0.000823394812
                 31.622776600000            0.003425569236
                 10.000000000000            0.013951996000
                  3.162277660000            0.056909313560
                  1.000000000000            0.198286399900
                  0.316227766000            0.496922426700
                  0.100000000000            0.369846276400
                  0.031622776600            0.003752720039
            ****
 Initial command:
 /projects/guscus/apps/gau/g09-e1/g09/l1.exe "/users/lcj1/gaussian/h12/rhfstability/rect/guess/ag2bu4/Gau-12395.inp" -scrdir="/users/lcj1/gaussian/h12/rhfstability/rect/guess/ag2bu4/"
 Entering Link 1 = /projects/guscus/apps/gau/g09-e1/g09/l1.exe PID=     12396.
  
 Copyright (c) 1988,1990,1992,1993,1995,1998,2003,2009,2015,
            Gaussian, Inc.  All Rights Reserved.
  
 This is part of the Gaussian(R) 09 program.  It is based on
 the Gaussian(R) 03 system (copyright 2003, Gaussian, Inc.),
 the Gaussian(R) 98 system (copyright 1998, Gaussian, Inc.),
 the Gaussian(R) 94 system (copyright 1995, Gaussian, Inc.),
 the Gaussian 92(TM) system (copyright 1992, Gaussian, Inc.),
 the Gaussian 90(TM) system (copyright 1990, Gaussian, Inc.),
 the Gaussian 88(TM) system (copyright 1988, Gaussian, Inc.),
 the Gaussian 86(TM) system (copyright 1986, Carnegie Mellon
 University), and the Gaussian 82(TM) system (copyright 1983,
 Carnegie Mellon University). Gaussian is a federally registered
 trademark of Gaussian, Inc.
  
 This software contains proprietary and confidential information,
 including trade secrets, belonging to Gaussian, Inc.
  
 This software is provided under written license and may be
 used, copied, transmitted, or stored only in accord with that
 written license.
  
 The following legend is applicable only to US Government
 contracts under FAR:
  
                    RESTRICTED RIGHTS LEGEND
  
 Use, reproduction and disclosure by the US Government is
 subject to restrictions as set forth in subparagraphs (a)
 and (c) of the Commercial Computer Software - Restricted
 Rights clause in FAR 52.227-19.
  
 Gaussian, Inc.
 340 Quinnipiac St., Bldg. 40, Wallingford CT 06492
  
  
 ---------------------------------------------------------------
 Warning -- This program may not be used in any manner that
 competes with the business of Gaussian, Inc. or will provide
 assistance to any competitor of Gaussian, Inc.  The licensee
 of this program is prohibited from giving any competitor of
 Gaussian, Inc. access to this program.  By using this program,
 the user acknowledges that Gaussian, Inc. is engaged in the
 business of creating and licensing software in the field of
 computational chemistry and represents and warrants to the
 licensee that it is not a competitor of Gaussian, Inc. and that
 it will not use this program in any manner prohibited above.
 ---------------------------------------------------------------
  

 Cite this work as:
 Gaussian 09, Revision E.01,
 M. J. Frisch, G. W. Trucks, H. B. Schlegel, G. E. Scuseria, 
 M. A. Robb, J. R. Cheeseman, G. Scalmani, V. Barone, B. Mennucci, 
 G. A. Petersson, H. Nakatsuji, M. Caricato, X. Li, H. P. Hratchian, 
 A. F. Izmaylov, J. Bloino, G. Zheng, J. L. Sonnenberg, M. Hada, 
 M. Ehara, K. Toyota, R. Fukuda, J. Hasegawa, M. Ishida, T. Nakajima, 
 Y. Honda, O. Kitao, H. Nakai, T. Vreven, J. A. Montgomery, Jr., 
 J. E. Peralta, F. Ogliaro, M. Bearpark, J. J. Heyd, E. Brothers, 
 K. N. Kudin, V. N. Staroverov, T. Keith, R. Kobayashi, J. Normand, 
 K. Raghavachari, A. Rendell, J. C. Burant, S. S. Iyengar, J. Tomasi, 
 M. Cossi, N. Rega, J. M. Millam, M. Klene, J. E. Knox, J. B. Cross, 
 V. Bakken, C. Adamo, J. Jaramillo, R. Gomperts, R. E. Stratmann, 
 O. Yazyev, A. J. Austin, R. Cammi, C. Pomelli, J. W. Ochterski, 
 R. L. Martin, K. Morokuma, V. G. Zakrzewski, G. A. Voth, 
 P. Salvador, J. J. Dannenberg, S. Dapprich, A. D. Daniels, 
 O. Farkas, J. B. Foresman, J. V. Ortiz, J. Cioslowski, 
 and D. J. Fox, Gaussian, Inc., Wallingford CT, 2013.
 
 ******************************************
 Gaussian 09:  ES64L-G09RevE.01 30-Nov-2015
                17-Feb-2017 
 ******************************************
 %chk=h12.chk
 ----------------------------------------------------------------------
 #rhf/gen scf(symm,tight,novaracc,noincfock,fulldiag) stable(crhf) gues
 s=read geom=nocrowd test
 ----------------------------------------------------------------------
 1/38=1/1;
 2/12=1,17=6,18=5,40=1/2;
 3/5=7,16=1,25=1,30=1,116=1/1,2,3;
 4/5=1,9=4/1;
 5/5=100002,15=2,16=1,32=2,38=6/2;
 8/6=1,10=90,11=11/1,4;
 9/8=4,13=1/2;
 6/7=2,8=2,9=2,10=2,28=1/1;
 99/5=1,9=1/99;
 ----------------------------------------------------------------------
 hf stability analysis of h12 triangular lattice, y= 0.4331194750473593
 1
 ----------------------------------------------------------------------
 Symbolic Z-matrix:
 Charge =  0 Multiplicity = 1
 H
 H                    1     1.4016 
 H                    1     1.4016   2     144. 
 H                    2     1.4016   1     36.      3     0.       0
 H                    2     1.4016   1     180.     3     0.       0
 H                    4     1.4016   3     180.     5     0.       0
 H                    6     1.4016   5     180.     3     0.       0
 H                    4     1.4016   2     180.     3     0.       0
 H                    3     1.4016   1     180.     4     0.       0
 H                    9     1.4016   3     180.     4     0.       0
 H                    8     1.4016   4     180.     3     0.       0
 H                    7     1.4016   6     180.     3     0.       0
 
                          Input orientation:                          
 ---------------------------------------------------------------------
 Center     Atomic      Atomic             Coordinates (Angstroms)
 Number     Number       Type             X           Y           Z
 ---------------------------------------------------------------------
      1          1           0        0.000000    0.000000    0.000000
      2          1           0        0.000000    0.000000    1.401604
      3          1           0        0.823842    0.000000   -1.133921
      4          1           0        0.823842    0.000000    0.267683
      5          1           0        0.000000    0.000000    2.803208
      6          1           0        0.823842    0.000000    1.669287
      7          1           0        1.647684    0.000000    0.535365
      8          1           0        1.647684    0.000000   -0.866239
      9          1           0        1.647684    0.000000   -2.267843
     10          1           0        2.471527    0.000000   -3.401764
     11          1           0        2.471527    0.000000   -2.000160
     12          1           0        2.471527    0.000000   -0.598556
 ---------------------------------------------------------------------
                    Distance matrix (angstroms):
                    1          2          3          4          5
     1  H    0.000000
     2  H    1.401604   0.000000
     3  H    1.401604   2.666009   0.000000
     4  H    0.866239   1.401604   1.401604   0.000000
     5  H    2.803208   1.401604   4.022400   2.666009   0.000000
     6  H    1.861514   0.866239   2.803208   1.401604   1.401604
     7  H    1.732478   1.861514   1.861514   0.866239   2.803208
     8  H    1.861514   2.803208   0.866239   1.401604   4.022400
     9  H    2.803208   4.022400   1.401604   2.666009   5.332019
    10  H    4.204812   5.401925   2.803208   4.022400   6.679081
    11  H    3.179479   4.204812   1.861514   2.803208   5.401925
    12  H    2.542973   3.179479   1.732478   1.861514   4.204812
                    6          7          8          9         10
     6  H    0.000000
     7  H    1.401604   0.000000
     8  H    2.666009   1.401604   0.000000
     9  H    4.022400   2.803208   1.401604   0.000000
    10  H    5.332019   4.022400   2.666009   1.401604   0.000000
    11  H    4.022400   2.666009   1.401604   0.866239   1.401604
    12  H    2.803208   1.401604   0.866239   1.861514   2.803208
                   11         12
    11  H    0.000000
    12  H    1.401604   0.000000
 Stoichiometry    H12
 Framework group  C2H[SGH(H12)]
 Deg. of freedom    11
 Full point group                 C2H     NOp   4
 Largest Abelian subgroup         C2H     NOp   4
 Largest concise Abelian subgroup C2      NOp   2
                         Standard orientation:                         
 ---------------------------------------------------------------------
 Center     Atomic      Atomic             Coordinates (Angstroms)
 Number     Number       Type             X           Y           Z
 ---------------------------------------------------------------------
      1          1           0        0.823842    0.968485   -0.000000
      2          1           0        0.000000    2.102406   -0.000000
      3          1           0        0.823842   -0.433119    0.000000
      4          1           0        0.000000    0.700802   -0.000000
      5          1           0       -0.823842    3.236328   -0.000000
      6          1           0       -0.823842    1.834723   -0.000000
      7          1           0       -0.823842    0.433119    0.000000
      8          1           0       -0.000000   -0.700802   -0.000000
      9          1           0        0.823842   -1.834723   -0.000000
     10          1           0        0.823842   -3.236328   -0.000000
     11          1           0       -0.000000   -2.102406   -0.000000
     12          1           0       -0.823842   -0.968485   -0.000000
 ---------------------------------------------------------------------
 Rotational constants (GHZ):    129.4701519     12.1387645     11.0982255
 General basis read from cards:  (5D, 7F)
 There are     6 symmetry adapted cartesian basis functions of AG  symmetry.
 There are     0 symmetry adapted cartesian basis functions of BG  symmetry.
 There are     0 symmetry adapted cartesian basis functions of AU  symmetry.
 There are     6 symmetry adapted cartesian basis functions of BU  symmetry.
 There are     6 symmetry adapted basis functions of AG  symmetry.
 There are     0 symmetry adapted basis functions of BG  symmetry.
 There are     0 symmetry adapted basis functions of AU  symmetry.
 There are     6 symmetry adapted basis functions of BU  symmetry.
    12 basis functions,   120 primitive gaussians,    12 cartesian basis functions
     6 alpha electrons        6 beta electrons
       nuclear repulsion energy        18.0762688695 Hartrees.
 NAtoms=   12 NActive=   12 NUniq=    6 SFac= 4.00D+00 NAtFMM=   60 NAOKFM=F Big=F
 Integral buffers will be    131072 words long.
 Regular integral format.
 Two-electron integral symmetry is turned on.
 One-electron integrals computed using PRISM.
 NBasis=    12 RedAO= T EigKep=  1.37D-01  NBF=     6     0     0     6
 NBsUse=    12 1.00D-06 EigRej= -1.00D+00 NBFU=     6     0     0     6
 Initial guess from the checkpoint file:  "h12.chk"
 B after Tr=     0.000000    0.000000   -0.000000
         Rot=    0.999999   -0.000000   -0.000000   -0.001518 Ang=  -0.17 deg.
 Initial guess orbital symmetries:
       Occupied  (AG) (BU) (AG) (BU) (BU) (BU)
       Virtual   (AG) (AG) (BU) (AG) (AG) (BU)
 Keep R1 ints in memory in symmetry-blocked form, NReq=899388.
 Requested convergence on RMS density matrix=1.00D-08 within 128 cycles.
 Requested convergence on MAX density matrix=1.00D-06.
 Requested convergence on             energy=1.00D-06.
 No special actions if energy rises.
 SCF Done:  E(RHF) =  -5.63437501478     A.U. after    8 cycles
            NFock=  8  Conv=0.13D-08     -V/T= 1.8420
 Range of M.O.s used for correlation:     1    12
 NBasis=    12 NAE=     6 NBE=     6 NFC=     0 NFV=     0
 NROrb=     12 NOA=     6 NOB=     6 NVA=     6 NVB=     6

 **** Warning!!: The smallest alpha delta epsilon is  0.46053315D-01

 Semi-Direct transformation.
 ModeAB=           4 MOrb=             6 LenV=     134088721
 LASXX=         2181 LTotXX=        2181 LenRXX=        5115
 LTotAB=        2934 MaxLAS=        3024 LenRXY=           0
 NonZer=        7296 LenScr=      655360 LnRSAI=        3024
 LnScr1=      655360 LExtra=           0 Total=      1318859
 MaxDsk=          -1 SrtSym=           T ITran=            3
 JobTyp=0 Pass  1:  I=   1 to   6.
 (rs|ai) integrals will be sorted in core.
 Spin components of T(2) and E(2):
     alpha-alpha T2 =       0.9572127238D-02 E2=     -0.8289688763D-02
     alpha-beta  T2 =       0.4572403894D+01 E2=     -0.6044758218D+00
     beta-beta   T2 =       0.9572127238D-02 E2=     -0.8289688763D-02
 ANorm=    0.2364645459D+01
 E2 =    -0.6210551993D+00 EUMP2 =    -0.62554302140714D+01
 Second order stability test of a single determinant RHF wave function:
 Stabil:  MDV=134217728
 ***********************************************************************
 Matrix         Lowest Root    Major Pairs
 ***********************************************************************
 Internal RHF    -0.1318551    6A=7A 6A=8A
 RRHF --> CRHF   -0.149167     6A=7A 6A=8A
 RRHF --> RUHF   -0.5291058    6A=8B 6A=7B
 Not stable.
 ***********************************************************************

 **********************************************************************

            Population analysis using the SCF density.

 **********************************************************************

 Orbital symmetries:
       Occupied  (AG) (BU) (AG) (BU) (BU) (BU)
       Virtual   (AG) (AG) (BU) (AG) (AG) (BU)
 The electronic state is 1-AG.
 Alpha  occ. eigenvalues --   -0.90092  -0.75627  -0.60126  -0.50085  -0.43473
 Alpha  occ. eigenvalues --   -0.07996
 Alpha virt. eigenvalues --   -0.03391  -0.01403   0.36111   0.40102   0.53021
 Alpha virt. eigenvalues --    0.72788
          Condensed to atoms (all electrons):
               1          2          3          4          5          6
     1  H    0.656416  -0.085144   0.136997   0.362975   0.005737  -0.077730
     2  H   -0.085144   0.943090   0.024398  -0.199287  -0.141935   0.561259
     3  H    0.136997   0.024398   0.973760  -0.145517  -0.001813   0.002151
     4  H    0.362975  -0.199287  -0.145517   1.121083   0.009147  -0.161969
     5  H    0.005737  -0.141935  -0.001813   0.009147   1.346237  -0.103210
     6  H   -0.077730   0.561259   0.002151  -0.161969  -0.103210   0.761041
     7  H   -0.055476  -0.113161  -0.208820   0.437480   0.005135  -0.085855
     8  H   -0.070540   0.020806   0.437480  -0.235214  -0.002542   0.017457
     9  H    0.014010  -0.002696  -0.085855   0.017457   0.000582  -0.002282
    10  H   -0.001226   0.000626   0.005135  -0.002542  -0.000149   0.000582
    11  H    0.003322  -0.002938  -0.113161   0.020806   0.000626  -0.002696
    12  H   -0.060185   0.003322  -0.055476  -0.070540  -0.001226   0.014010
               7          8          9         10         11         12
     1  H   -0.055476  -0.070540   0.014010  -0.001226   0.003322  -0.060185
     2  H   -0.113161   0.020806  -0.002696   0.000626  -0.002938   0.003322
     3  H   -0.208820   0.437480  -0.085855   0.005135  -0.113161  -0.055476
     4  H    0.437480  -0.235214   0.017457  -0.002542   0.020806  -0.070540
     5  H    0.005135  -0.002542   0.000582  -0.000149   0.000626  -0.001226
     6  H   -0.085855   0.017457  -0.002282   0.000582  -0.002696   0.014010
     7  H    0.973760  -0.145517   0.002151  -0.001813   0.024398   0.136997
     8  H   -0.145517   1.121083  -0.161969   0.009147  -0.199287   0.362975
     9  H    0.002151  -0.161969   0.761041  -0.103210   0.561259  -0.077730
    10  H   -0.001813   0.009147  -0.103210   1.346237  -0.141935   0.005737
    11  H    0.024398  -0.199287   0.561259  -0.141935   0.943090  -0.085144
    12  H    0.136997   0.362975  -0.077730   0.005737  -0.085144   0.656416
 Mulliken charges:
               1
     1  H    0.170844
     2  H   -0.008339
     3  H    0.030721
     4  H   -0.153878
     5  H   -0.116588
     6  H    0.077241
     7  H    0.030721
     8  H   -0.153878
     9  H    0.077241
    10  H   -0.116588
    11  H   -0.008339
    12  H    0.170844
 Sum of Mulliken charges =   0.00000
 Mulliken charges with hydrogens summed into heavy atoms:
               1
 Electronic spatial extent (au):  <R**2>=            205.6000
 Charge=              0.0000 electrons
 Dipole moment (field-independent basis, Debye):
    X=              0.0000    Y=             -0.0000    Z=              0.0000  Tot=              0.0000
 Quadrupole moment (field-independent basis, Debye-Ang):
   XX=            -14.9108   YY=            -29.5713   ZZ=            -15.0320
   XY=              5.2229   XZ=             -0.0000   YZ=              0.0000
 Traceless Quadrupole moment (field-independent basis, Debye-Ang):
   XX=              4.9272   YY=             -9.7333   ZZ=              4.8060
   XY=              5.2229   XZ=             -0.0000   YZ=              0.0000
 Octapole moment (field-independent basis, Debye-Ang**2):
  XXX=              0.0000  YYY=             -0.0000  ZZZ=              0.0000  XYY=              0.0000
  XXY=             -0.0000  XXZ=              0.0000  XZZ=              0.0000  YZZ=             -0.0000
  YYZ=              0.0000  XYZ=             -0.0000
 Hexadecapole moment (field-independent basis, Debye-Ang**3):
 XXXX=            -60.4400 YYYY=           -556.2128 ZZZZ=            -17.8019 XXXY=             35.1615
 XXXZ=             -0.0000 YYYX=             91.0630 YYYZ=              0.0000 ZZZX=             -0.0000
 ZZZY=              0.0000 XXYY=            -77.2177 XXZZ=            -13.1705 YYZZ=            -61.0251
 XXYZ=             -0.0000 YYXZ=             -0.0000 ZZXY=             11.0365
 N-N= 1.807626886948D+01 E-N=-4.756483040476D+01  KE= 6.691510685007D+00
 Symmetry AG   KE= 1.508155563098D+00
 Symmetry BG   KE= 0.000000000000D+00
 Symmetry AU   KE= 0.000000000000D+00
 Symmetry BU   KE= 5.183355121909D+00

 Test job not archived.
 1\1\GINC-SULU\Stability\RHF\Gen\H12\LCJ1\17-Feb-2017\0\\#rhf/gen scf(s
 ymm,tight,novaracc,noincfock,fulldiag) stable(crhf) guess=read geom=no
 crowd test\\hf stability analysis of h12 triangular lattice, y= 0.4331
 1947504735931\\0,1\H\H,1,1.4016040259\H,1,1.4016040259,2,144.\H,2,1.40
 16040259,1,36.,3,0.,0\H,2,1.4016040259,1,180.,3,0.,0\H,4,1.4016040259,
 3,180.,5,0.,0\H,6,1.4016040259,5,180.,3,0.,0\H,4,1.4016040259,2,180.,3
 ,0.,0\H,3,1.4016040259,1,180.,4,0.,0\H,9,1.4016040259,3,180.,4,0.,0\H,
 8,1.4016040259,4,180.,3,0.,0\H,7,1.4016040259,6,180.,3,0.,0\\Version=E
 S64L-G09RevE.01\State=1-AG\HF=-5.634375\MP2=-6.2554302\RMSD=1.288e-09\
 Dipole=0.,0.,0.\Quadrupole=3.590558,3.5731605,-7.1637185,0.,3.9831862,
 0.\PG=C02H [SGH(H12)]\\@


 IF AT FIRST YOU DON'T SUCCEED, TRY, TRY AGAIN.
 THEN GIVE UP;
 THERE'S NO USE BEING A DAMN FOOL ABOUT IT.

                                 -- W. C. FIELDS
 Job cpu time:       0 days  0 hours  0 minutes  1.0 seconds.
 File lengths (MBytes):  RWF=     84 Int=      0 D2E=      0 Chk=      2 Scr=      2
 Normal termination of Gaussian 09 at Fri Feb 17 14:54:58 2017.
