 Entering Gaussian System, Link 0=g09
 AtFile(1): H.gbs
            H     0
            S   10   1.00
               1000.000000000000            0.000068713567
                316.227766000000            0.000169141320
                100.000000000000            0.000823394812
                 31.622776600000            0.003425569236
                 10.000000000000            0.013951996000
                  3.162277660000            0.056909313560
                  1.000000000000            0.198286399900
                  0.316227766000            0.496922426700
                  0.100000000000            0.369846276400
                  0.031622776600            0.003752720039
            ****
 Initial command:
 /projects/guscus/apps/gau/g09-e1/g09/l1.exe "/users/lcj1/gaussian/h12/rhfstability/rect/guess/ag2bu4/Gau-11505.inp" -scrdir="/users/lcj1/gaussian/h12/rhfstability/rect/guess/ag2bu4/"
 Entering Link 1 = /projects/guscus/apps/gau/g09-e1/g09/l1.exe PID=     11506.
  
 Copyright (c) 1988,1990,1992,1993,1995,1998,2003,2009,2015,
            Gaussian, Inc.  All Rights Reserved.
  
 This is part of the Gaussian(R) 09 program.  It is based on
 the Gaussian(R) 03 system (copyright 2003, Gaussian, Inc.),
 the Gaussian(R) 98 system (copyright 1998, Gaussian, Inc.),
 the Gaussian(R) 94 system (copyright 1995, Gaussian, Inc.),
 the Gaussian 92(TM) system (copyright 1992, Gaussian, Inc.),
 the Gaussian 90(TM) system (copyright 1990, Gaussian, Inc.),
 the Gaussian 88(TM) system (copyright 1988, Gaussian, Inc.),
 the Gaussian 86(TM) system (copyright 1986, Carnegie Mellon
 University), and the Gaussian 82(TM) system (copyright 1983,
 Carnegie Mellon University). Gaussian is a federally registered
 trademark of Gaussian, Inc.
  
 This software contains proprietary and confidential information,
 including trade secrets, belonging to Gaussian, Inc.
  
 This software is provided under written license and may be
 used, copied, transmitted, or stored only in accord with that
 written license.
  
 The following legend is applicable only to US Government
 contracts under FAR:
  
                    RESTRICTED RIGHTS LEGEND
  
 Use, reproduction and disclosure by the US Government is
 subject to restrictions as set forth in subparagraphs (a)
 and (c) of the Commercial Computer Software - Restricted
 Rights clause in FAR 52.227-19.
  
 Gaussian, Inc.
 340 Quinnipiac St., Bldg. 40, Wallingford CT 06492
  
  
 ---------------------------------------------------------------
 Warning -- This program may not be used in any manner that
 competes with the business of Gaussian, Inc. or will provide
 assistance to any competitor of Gaussian, Inc.  The licensee
 of this program is prohibited from giving any competitor of
 Gaussian, Inc. access to this program.  By using this program,
 the user acknowledges that Gaussian, Inc. is engaged in the
 business of creating and licensing software in the field of
 computational chemistry and represents and warrants to the
 licensee that it is not a competitor of Gaussian, Inc. and that
 it will not use this program in any manner prohibited above.
 ---------------------------------------------------------------
  

 Cite this work as:
 Gaussian 09, Revision E.01,
 M. J. Frisch, G. W. Trucks, H. B. Schlegel, G. E. Scuseria, 
 M. A. Robb, J. R. Cheeseman, G. Scalmani, V. Barone, B. Mennucci, 
 G. A. Petersson, H. Nakatsuji, M. Caricato, X. Li, H. P. Hratchian, 
 A. F. Izmaylov, J. Bloino, G. Zheng, J. L. Sonnenberg, M. Hada, 
 M. Ehara, K. Toyota, R. Fukuda, J. Hasegawa, M. Ishida, T. Nakajima, 
 Y. Honda, O. Kitao, H. Nakai, T. Vreven, J. A. Montgomery, Jr., 
 J. E. Peralta, F. Ogliaro, M. Bearpark, J. J. Heyd, E. Brothers, 
 K. N. Kudin, V. N. Staroverov, T. Keith, R. Kobayashi, J. Normand, 
 K. Raghavachari, A. Rendell, J. C. Burant, S. S. Iyengar, J. Tomasi, 
 M. Cossi, N. Rega, J. M. Millam, M. Klene, J. E. Knox, J. B. Cross, 
 V. Bakken, C. Adamo, J. Jaramillo, R. Gomperts, R. E. Stratmann, 
 O. Yazyev, A. J. Austin, R. Cammi, C. Pomelli, J. W. Ochterski, 
 R. L. Martin, K. Morokuma, V. G. Zakrzewski, G. A. Voth, 
 P. Salvador, J. J. Dannenberg, S. Dapprich, A. D. Daniels, 
 O. Farkas, J. B. Foresman, J. V. Ortiz, J. Cioslowski, 
 and D. J. Fox, Gaussian, Inc., Wallingford CT, 2013.
 
 ******************************************
 Gaussian 09:  ES64L-G09RevE.01 30-Nov-2015
                17-Feb-2017 
 ******************************************
 %chk=h12.chk
 ----------------------------------------------------------------------
 #rhf/gen scf(symm,tight,novaracc,noincfock,fulldiag) stable(crhf) gues
 s=read geom=nocrowd test
 ----------------------------------------------------------------------
 1/38=1/1;
 2/12=1,17=6,18=5,40=1/2;
 3/5=7,16=1,25=1,30=1,116=1/1,2,3;
 4/5=1,9=4/1;
 5/5=100002,15=2,16=1,32=2,38=6/2;
 8/6=1,10=90,11=11/1,4;
 9/8=4,13=1/2;
 6/7=2,8=2,9=2,10=2,28=1/1;
 99/5=1,9=1/99;
 ----------------------------------------------------------------------
 hf stability analysis of h12 triangular lattice, y= 2.0941375407372735
 ----------------------------------------------------------------------
 Symbolic Z-matrix:
 Charge =  0 Multiplicity = 1
 H
 H                    1     2.11221 
 H                    1     2.11221  2     15. 
 H                    2     2.11221  1     165.     3     0.       0
 H                    2     2.11221  1     180.     3     0.       0
 H                    4     2.11221  3     180.     5     0.       0
 H                    6     2.11221  5     180.     3     0.       0
 H                    4     2.11221  2     180.     3     0.       0
 H                    3     2.11221  1     180.     4     0.       0
 H                    9     2.11221  3     180.     4     0.       0
 H                    8     2.11221  4     180.     3     0.       0
 H                    7     2.11221  6     180.     3     0.       0
 
                          Input orientation:                          
 ---------------------------------------------------------------------
 Center     Atomic      Atomic             Coordinates (Angstroms)
 Number     Number       Type             X           Y           Z
 ---------------------------------------------------------------------
      1          1           0        0.000000    0.000000    0.000000
      2          1           0        0.000000    0.000000    2.112208
      3          1           0        0.546680    0.000000    2.040236
      4          1           0        0.546680    0.000000    4.152444
      5          1           0        0.000000    0.000000    4.224416
      6          1           0        0.546680    0.000000    6.264652
      7          1           0        1.093359    0.000000    8.304888
      8          1           0        1.093359    0.000000    6.192680
      9          1           0        1.093359    0.000000    4.080472
     10          1           0        1.640039    0.000000    6.120708
     11          1           0        1.640039    0.000000    8.232916
     12          1           0        1.640039    0.000000   10.345124
 ---------------------------------------------------------------------
                    Distance matrix (angstroms):
                    1          2          3          4          5
     1  H    0.000000
     2  H    2.112208   0.000000
     3  H    2.112208   0.551397   0.000000
     4  H    4.188275   2.112208   2.112208   0.000000
     5  H    4.224416   2.112208   2.251555   0.551397   0.000000
     6  H    6.288459   4.188275   4.224416   2.112208   2.112208
     7  H    8.376550   6.288459   6.288459   4.188275   4.224416
     8  H    6.288459   4.224416   4.188275   2.112208   2.251555
     9  H    4.224416   2.251555   2.112208   0.551397   1.102794
    10  H    6.336623   4.331028   4.224416   2.251555   2.507120
    11  H    8.394679   6.336623   6.288459   4.224416   4.331028
    12  H   10.474317   8.394679   8.376550   6.288459   6.336623
                    6          7          8          9         10
     6  H    0.000000
     7  H    2.112208   0.000000
     8  H    0.551397   2.112208   0.000000
     9  H    2.251555   4.224416   2.112208   0.000000
    10  H    1.102794   2.251555   0.551397   2.112208   0.000000
    11  H    2.251555   0.551397   2.112208   4.188275   2.112208
    12  H    4.224416   2.112208   4.188275   6.288459   4.224416
                   11         12
    11  H    0.000000
    12  H    2.112208   0.000000
 Stoichiometry    H12
 Framework group  C2H[SGH(H12)]
 Deg. of freedom    11
 Full point group                 C2H     NOp   4
 Largest Abelian subgroup         C2H     NOp   4
 Largest concise Abelian subgroup C2      NOp   2
                         Standard orientation:                         
 ---------------------------------------------------------------------
 Center     Atomic      Atomic             Coordinates (Angstroms)
 Number     Number       Type             X           Y           Z
 ---------------------------------------------------------------------
      1          1           0        0.546680    5.208548    0.000000
      2          1           0       -0.000000    3.168312    0.000000
      3          1           0        0.546680    3.096340    0.000000
      4          1           0       -0.000000    1.056104    0.000000
      5          1           0       -0.546680    1.128076    0.000000
      6          1           0       -0.546680   -0.984132    0.000000
      7          1           0       -0.546680   -3.096340   -0.000000
      8          1           0        0.000000   -1.056104   -0.000000
      9          1           0        0.546680    0.984132    0.000000
     10          1           0        0.546680   -1.128076   -0.000000
     11          1           0        0.000000   -3.168312   -0.000000
     12          1           0       -0.546680   -5.208548   -0.000000
 ---------------------------------------------------------------------
 Rotational constants (GHZ):    316.6342080      4.9634772      4.8868718
 General basis read from cards:  (5D, 7F)
 There are     6 symmetry adapted cartesian basis functions of AG  symmetry.
 There are     0 symmetry adapted cartesian basis functions of BG  symmetry.
 There are     0 symmetry adapted cartesian basis functions of AU  symmetry.
 There are     6 symmetry adapted cartesian basis functions of BU  symmetry.
 There are     6 symmetry adapted basis functions of AG  symmetry.
 There are     0 symmetry adapted basis functions of BG  symmetry.
 There are     0 symmetry adapted basis functions of AU  symmetry.
 There are     6 symmetry adapted basis functions of BU  symmetry.
    12 basis functions,   120 primitive gaussians,    12 cartesian basis functions
     6 alpha electrons        6 beta electrons
       nuclear repulsion energy        16.2308821430 Hartrees.
 NAtoms=   12 NActive=   12 NUniq=    6 SFac= 4.00D+00 NAtFMM=   60 NAOKFM=F Big=F
 Integral buffers will be    131072 words long.
 Regular integral format.
 Two-electron integral symmetry is turned on.
 One-electron integrals computed using PRISM.
 NBasis=    12 RedAO= T EigKep=  4.78D-02  NBF=     6     0     0     6
 NBsUse=    12 1.00D-06 EigRej= -1.00D+00 NBFU=     6     0     0     6
 Initial guess from the checkpoint file:  "h12.chk"
 B after Tr=     0.000000   -0.000000    0.000000
         Rot=    0.999999   -0.000000    0.000000   -0.001518 Ang=  -0.17 deg.
 Initial guess orbital symmetries:
       Occupied  (AG) (BU) (AG) (BU) (BU) (BU)
       Virtual   (AG) (AG) (BU) (AG) (AG) (BU)
 Keep R1 ints in memory in symmetry-blocked form, NReq=894656.
 Requested convergence on RMS density matrix=1.00D-08 within 128 cycles.
 Requested convergence on MAX density matrix=1.00D-06.
 Requested convergence on             energy=1.00D-06.
 No special actions if energy rises.
 SCF Done:  E(RHF) =  -5.08373665950     A.U. after    6 cycles
            NFock=  6  Conv=0.32D-08     -V/T= 1.7938
 Range of M.O.s used for correlation:     1    12
 NBasis=    12 NAE=     6 NBE=     6 NFC=     0 NFV=     0
 NROrb=     12 NOA=     6 NOB=     6 NVA=     6 NVB=     6

 **** Warning!!: The smallest alpha delta epsilon is  0.50521093D-01

 Semi-Direct transformation.
 ModeAB=           4 MOrb=             6 LenV=     134094055
 LASXX=         2181 LTotXX=        2181 LenRXX=        5115
 LTotAB=        2934 MaxLAS=        3024 LenRXY=           0
 NonZer=        7296 LenScr=      655360 LnRSAI=        3024
 LnScr1=      655360 LExtra=           0 Total=      1318859
 MaxDsk=          -1 SrtSym=           T ITran=            3
 JobTyp=0 Pass  1:  I=   1 to   6.
 (rs|ai) integrals will be sorted in core.
 Spin components of T(2) and E(2):
     alpha-alpha T2 =       0.4794526020D-02 E2=     -0.4104930001D-02
     alpha-beta  T2 =       0.8308329476D+01 E2=     -0.9070318290D+00
     beta-beta   T2 =       0.4794526020D-02 E2=     -0.4104930001D-02
 ANorm=    0.3052526581D+01
 E2 =    -0.9152416890D+00 EUMP2 =    -0.59989783485516D+01
 Second order stability test of a single determinant RHF wave function:
 Stabil:  MDV=134217728
 ***********************************************************************
 Matrix         Lowest Root    Major Pairs
 ***********************************************************************
 Internal RHF    -0.0032455    5A=7A
 RRHF --> CRHF   -0.0033629    5A=7A
 RRHF --> RUHF   -0.5805391    6A=7B
 Not stable.
 ***********************************************************************

 **********************************************************************

            Population analysis using the SCF density.

 **********************************************************************

 Orbital symmetries:
       Occupied  (AG) (BU) (AG) (BU) (BU) (BU)
       Virtual   (AG) (AG) (BU) (AG) (AG) (BU)
 The electronic state is 1-AG.
 Alpha  occ. eigenvalues --   -0.90859  -0.86681  -0.69988  -0.69813  -0.25645
 Alpha  occ. eigenvalues --   -0.20283
 Alpha virt. eigenvalues --   -0.15231   0.05013   0.56435   0.56989   1.19392
 Alpha virt. eigenvalues --    1.34474
          Condensed to atoms (all electrons):
               1          2          3          4          5          6
     1  H    1.042585  -0.021318  -0.021179   0.000261   0.000061  -0.000002
     2  H   -0.021318   0.584642   0.485474  -0.025848   0.002856   0.000804
     3  H   -0.021179   0.485474   0.579588  -0.025657  -0.019810  -0.000513
     4  H    0.000261  -0.025848  -0.025657   1.125006   0.211955  -0.015670
     5  H    0.000061   0.002856  -0.019810   0.211955   1.044358   0.189972
     6  H   -0.000002   0.000804  -0.000513  -0.015670   0.189972   1.106028
     7  H    0.000001  -0.000002  -0.000005   0.000224   0.000676   0.002018
     8  H   -0.000006   0.000213   0.000224  -0.028693  -0.008422   0.222026
     9  H    0.000078  -0.021230   0.002018   0.222026  -0.538101  -0.173094
    10  H   -0.000001  -0.000466   0.000676  -0.008422  -0.117196  -0.538101
    11  H    0.000001  -0.000004  -0.000002   0.000213  -0.000466  -0.021230
    12  H   -0.000000   0.000001   0.000001  -0.000006  -0.000001   0.000078
               7          8          9         10         11         12
     1  H    0.000001  -0.000006   0.000078  -0.000001   0.000001  -0.000000
     2  H   -0.000002   0.000213  -0.021230  -0.000466  -0.000004   0.000001
     3  H   -0.000005   0.000224   0.002018   0.000676  -0.000002   0.000001
     4  H    0.000224  -0.028693   0.222026  -0.008422   0.000213  -0.000006
     5  H    0.000676  -0.008422  -0.538101  -0.117196  -0.000466  -0.000001
     6  H    0.002018   0.222026  -0.173094  -0.538101  -0.021230   0.000078
     7  H    0.579588  -0.025657  -0.000513  -0.019810   0.485474  -0.021179
     8  H   -0.025657   1.125006  -0.015670   0.211955  -0.025848   0.000261
     9  H   -0.000513  -0.015670   1.106028   0.189972   0.000804  -0.000002
    10  H   -0.019810   0.211955   0.189972   1.044358   0.002856   0.000061
    11  H    0.485474  -0.025848   0.000804   0.002856   0.584642  -0.021318
    12  H   -0.021179   0.000261  -0.000002   0.000061  -0.021318   1.042585
 Mulliken charges:
               1
     1  H   -0.000478
     2  H   -0.005122
     3  H   -0.000814
     4  H   -0.455390
     5  H    0.234119
     6  H    0.227685
     7  H   -0.000814
     8  H   -0.455390
     9  H    0.227685
    10  H    0.234119
    11  H   -0.005122
    12  H   -0.000478
 Sum of Mulliken charges =  -0.00000
 Mulliken charges with hydrogens summed into heavy atoms:
               1
 Electronic spatial extent (au):  <R**2>=            403.6347
 Charge=             -0.0000 electrons
 Dipole moment (field-independent basis, Debye):
    X=              0.0000    Y=              0.0000    Z=              0.0000  Tot=              0.0000
 Quadrupole moment (field-independent basis, Debye-Ang):
   XX=            -16.4738   YY=            -18.0479   ZZ=            -15.5110
   XY=             -0.4850   XZ=             -0.0000   YZ=             -0.0000
 Traceless Quadrupole moment (field-independent basis, Debye-Ang):
   XX=              0.2038   YY=             -1.3703   ZZ=              1.1665
   XY=             -0.4850   XZ=             -0.0000   YZ=             -0.0000
 Octapole moment (field-independent basis, Debye-Ang**2):
  XXX=             -0.0000  YYY=              0.0000  ZZZ=              0.0000  XYY=             -0.0000
  XXY=             -0.0000  XXZ=              0.0000  XZZ=             -0.0000  YZZ=              0.0000
  YYZ=              0.0000  XYZ=             -0.0000
 Hexadecapole moment (field-independent basis, Debye-Ang**3):
 XXXX=            -40.9930 YYYY=           -942.6889 ZZZZ=            -18.8651 XXXY=            -34.9522
 XXXZ=             -0.0000 YYYX=            -50.8501 YYYZ=             -0.0000 ZZZX=             -0.0000
 ZZZY=             -0.0000 XXYY=           -141.1887 XXZZ=             -9.9428 YYZZ=           -140.1598
 XXYZ=             -0.0000 YYXZ=             -0.0000 ZZXY=            -12.0164
 N-N= 1.623088214304D+01 E-N=-4.176793580113D+01  KE= 6.404074391912D+00
 Symmetry AG   KE= 1.650306631414D+00
 Symmetry BG   KE= 0.000000000000D+00
 Symmetry AU   KE= 0.000000000000D+00
 Symmetry BU   KE= 4.753767760498D+00

 Test job not archived.
 1\1\GINC-SULU\Stability\RHF\Gen\H12\LCJ1\17-Feb-2017\0\\#rhf/gen scf(s
 ymm,tight,novaracc,noincfock,fulldiag) stable(crhf) guess=read geom=no
 crowd test\\hf stability analysis of h12 triangular lattice, y= 2.0941
 375407372735\\0,1\H\H,1,2.1122077599\H,1,2.1122077599,2,15.\H,2,2.1122
 077599,1,165.,3,0.,0\H,2,2.1122077599,1,180.,3,0.,0\H,4,2.1122077599,3
 ,180.,5,0.,0\H,6,2.1122077599,5,180.,3,0.,0\H,4,2.1122077599,2,180.,3,
 0.,0\H,3,2.1122077599,1,180.,4,0.,0\H,9,2.1122077599,3,180.,4,0.,0\H,8
 ,2.1122077599,4,180.,3,0.,0\H,7,2.1122077599,6,180.,3,0.,0\\Version=ES
 64L-G09RevE.01\State=1-AG\HF=-5.0837367\MP2=-5.9989783\RMSD=3.176e-09\
 Dipole=0.,0.,0.\Quadrupole=0.2534075,0.8672985,-1.120706,0.,0.0197181,
 0.\PG=C02H [SGH(H12)]\\@


 Statistics are no substitute for judgment.
                            -- Henry Clay
 Job cpu time:       0 days  0 hours  0 minutes  1.0 seconds.
 File lengths (MBytes):  RWF=     84 Int=      0 D2E=      0 Chk=      2 Scr=      2
 Normal termination of Gaussian 09 at Fri Feb 17 15:08:17 2017.
