 Entering Gaussian System, Link 0=g09
 AtFile(1): H.gbs
            H     0
            S   10   1.00
               1000.000000000000            0.000068713567
                316.227766000000            0.000169141320
                100.000000000000            0.000823394812
                 31.622776600000            0.003425569236
                 10.000000000000            0.013951996000
                  3.162277660000            0.056909313560
                  1.000000000000            0.198286399900
                  0.316227766000            0.496922426700
                  0.100000000000            0.369846276400
                  0.031622776600            0.003752720039
            ****
 Initial command:
 /projects/guscus/apps/gau/g09-e1/g09/l1.exe "/users/lcj1/gaussian/h12/rhfstability/rect/guess/ag2bu4/Gau-9076.inp" -scrdir="/users/lcj1/gaussian/h12/rhfstability/rect/guess/ag2bu4/"
 Entering Link 1 = /projects/guscus/apps/gau/g09-e1/g09/l1.exe PID=      9078.
  
 Copyright (c) 1988,1990,1992,1993,1995,1998,2003,2009,2015,
            Gaussian, Inc.  All Rights Reserved.
  
 This is part of the Gaussian(R) 09 program.  It is based on
 the Gaussian(R) 03 system (copyright 2003, Gaussian, Inc.),
 the Gaussian(R) 98 system (copyright 1998, Gaussian, Inc.),
 the Gaussian(R) 94 system (copyright 1995, Gaussian, Inc.),
 the Gaussian 92(TM) system (copyright 1992, Gaussian, Inc.),
 the Gaussian 90(TM) system (copyright 1990, Gaussian, Inc.),
 the Gaussian 88(TM) system (copyright 1988, Gaussian, Inc.),
 the Gaussian 86(TM) system (copyright 1986, Carnegie Mellon
 University), and the Gaussian 82(TM) system (copyright 1983,
 Carnegie Mellon University). Gaussian is a federally registered
 trademark of Gaussian, Inc.
  
 This software contains proprietary and confidential information,
 including trade secrets, belonging to Gaussian, Inc.
  
 This software is provided under written license and may be
 used, copied, transmitted, or stored only in accord with that
 written license.
  
 The following legend is applicable only to US Government
 contracts under FAR:
  
                    RESTRICTED RIGHTS LEGEND
  
 Use, reproduction and disclosure by the US Government is
 subject to restrictions as set forth in subparagraphs (a)
 and (c) of the Commercial Computer Software - Restricted
 Rights clause in FAR 52.227-19.
  
 Gaussian, Inc.
 340 Quinnipiac St., Bldg. 40, Wallingford CT 06492
  
  
 ---------------------------------------------------------------
 Warning -- This program may not be used in any manner that
 competes with the business of Gaussian, Inc. or will provide
 assistance to any competitor of Gaussian, Inc.  The licensee
 of this program is prohibited from giving any competitor of
 Gaussian, Inc. access to this program.  By using this program,
 the user acknowledges that Gaussian, Inc. is engaged in the
 business of creating and licensing software in the field of
 computational chemistry and represents and warrants to the
 licensee that it is not a competitor of Gaussian, Inc. and that
 it will not use this program in any manner prohibited above.
 ---------------------------------------------------------------
  

 Cite this work as:
 Gaussian 09, Revision E.01,
 M. J. Frisch, G. W. Trucks, H. B. Schlegel, G. E. Scuseria, 
 M. A. Robb, J. R. Cheeseman, G. Scalmani, V. Barone, B. Mennucci, 
 G. A. Petersson, H. Nakatsuji, M. Caricato, X. Li, H. P. Hratchian, 
 A. F. Izmaylov, J. Bloino, G. Zheng, J. L. Sonnenberg, M. Hada, 
 M. Ehara, K. Toyota, R. Fukuda, J. Hasegawa, M. Ishida, T. Nakajima, 
 Y. Honda, O. Kitao, H. Nakai, T. Vreven, J. A. Montgomery, Jr., 
 J. E. Peralta, F. Ogliaro, M. Bearpark, J. J. Heyd, E. Brothers, 
 K. N. Kudin, V. N. Staroverov, T. Keith, R. Kobayashi, J. Normand, 
 K. Raghavachari, A. Rendell, J. C. Burant, S. S. Iyengar, J. Tomasi, 
 M. Cossi, N. Rega, J. M. Millam, M. Klene, J. E. Knox, J. B. Cross, 
 V. Bakken, C. Adamo, J. Jaramillo, R. Gomperts, R. E. Stratmann, 
 O. Yazyev, A. J. Austin, R. Cammi, C. Pomelli, J. W. Ochterski, 
 R. L. Martin, K. Morokuma, V. G. Zakrzewski, G. A. Voth, 
 P. Salvador, J. J. Dannenberg, S. Dapprich, A. D. Daniels, 
 O. Farkas, J. B. Foresman, J. V. Ortiz, J. Cioslowski, 
 and D. J. Fox, Gaussian, Inc., Wallingford CT, 2013.
 
 ******************************************
 Gaussian 09:  ES64L-G09RevE.01 30-Nov-2015
                17-Feb-2017 
 ******************************************
 %chk=h12.chk
 ----------------------------------------------------------------------
 #rhf/gen scf(symm,tight,novaracc,noincfock,fulldiag) stable(crhf) gues
 s=read geom=nocrowd test
 ----------------------------------------------------------------------
 1/38=1/1;
 2/12=1,17=6,18=5,40=1/2;
 3/5=7,16=1,25=1,30=1,116=1/1,2,3;
 4/5=1,9=4/1;
 5/5=100002,15=2,16=1,32=2,38=6/2;
 8/6=1,10=90,11=11/1,4;
 9/8=4,13=1/2;
 6/7=2,8=2,9=2,10=2,28=1/1;
 99/5=1,9=1/99;
 ----------------------------------------------------------------------
 hf stability analysis of h12 triangular lattice, y= 0.3271170287955045
 3
 ----------------------------------------------------------------------
 Symbolic Z-matrix:
 Charge =  0 Multiplicity = 1
 H
 H                    1     1.79502 
 H                    1     1.79502  2     159. 
 H                    2     1.79502  1     21.      3     0.       0
 H                    2     1.79502  1     180.     3     0.       0
 H                    4     1.79502  3     180.     5     0.       0
 H                    6     1.79502  5     180.     3     0.       0
 H                    4     1.79502  2     180.     3     0.       0
 H                    3     1.79502  1     180.     4     0.       0
 H                    9     1.79502  3     180.     4     0.       0
 H                    8     1.79502  4     180.     3     0.       0
 H                    7     1.79502  6     180.     3     0.       0
 
                          Input orientation:                          
 ---------------------------------------------------------------------
 Center     Atomic      Atomic             Coordinates (Angstroms)
 Number     Number       Type             X           Y           Z
 ---------------------------------------------------------------------
      1          1           0        0.000000    0.000000    0.000000
      2          1           0        0.000000    0.000000    1.795023
      3          1           0        0.643279    0.000000   -1.675799
      4          1           0        0.643279    0.000000    0.119225
      5          1           0        0.000000    0.000000    3.590047
      6          1           0        0.643279    0.000000    1.914248
      7          1           0        1.286558    0.000000    0.238449
      8          1           0        1.286558    0.000000   -1.556574
      9          1           0        1.286558    0.000000   -3.351597
     10          1           0        1.929836    0.000000   -5.027396
     11          1           0        1.929836    0.000000   -3.232373
     12          1           0        1.929836    0.000000   -1.437349
 ---------------------------------------------------------------------
                    Distance matrix (angstroms):
                    1          2          3          4          5
     1  H    0.000000
     2  H    1.795023   0.000000
     3  H    1.795023   3.529931   0.000000
     4  H    0.654234   1.795023   1.795023   0.000000
     5  H    3.590047   1.795023   5.304991   3.529931   0.000000
     6  H    2.019444   0.654234   3.590047   1.795023   1.795023
     7  H    1.308468   2.019444   2.019444   0.654234   3.590047
     8  H    2.019444   3.590047   0.654234   1.795023   5.304991
     9  H    3.590047   5.304991   1.795023   3.529931   7.059862
    10  H    5.385070   7.090111   3.590047   5.304991   8.830888
    11  H    3.764638   5.385070   2.019444   3.590047   7.090111
    12  H    2.406292   3.764638   1.308468   2.019444   5.385070
                    6          7          8          9         10
     6  H    0.000000
     7  H    1.795023   0.000000
     8  H    3.529931   1.795023   0.000000
     9  H    5.304991   3.590047   1.795023   0.000000
    10  H    7.059862   5.304991   3.529931   1.795023   0.000000
    11  H    5.304991   3.529931   1.795023   0.654234   1.795023
    12  H    3.590047   1.795023   0.654234   2.019444   3.590047
                   11         12
    11  H    0.000000
    12  H    1.795023   0.000000
 Stoichiometry    H12
 Framework group  C2H[SGH(H12)]
 Deg. of freedom    11
 Full point group                 C2H     NOp   4
 Largest Abelian subgroup         C2H     NOp   4
 Largest concise Abelian subgroup C2      NOp   2
                         Standard orientation:                         
 ---------------------------------------------------------------------
 Center     Atomic      Atomic             Coordinates (Angstroms)
 Number     Number       Type             X           Y           Z
 ---------------------------------------------------------------------
      1          1           0        0.643279    1.016736    0.000000
      2          1           0        0.000000    2.692535    0.000000
      3          1           0        0.643279   -0.778287   -0.000000
      4          1           0        0.000000    0.897512    0.000000
      5          1           0       -0.643279    4.368334    0.000000
      6          1           0       -0.643279    2.573310    0.000000
      7          1           0       -0.643279    0.778287    0.000000
      8          1           0       -0.000000   -0.897512   -0.000000
      9          1           0        0.643279   -2.573310   -0.000000
     10          1           0        0.643279   -4.368334   -0.000000
     11          1           0       -0.000000   -2.692535   -0.000000
     12          1           0       -0.643279   -1.016736   -0.000000
 ---------------------------------------------------------------------
 Rotational constants (GHZ):    225.2870258      6.9760240      6.7664990
 General basis read from cards:  (5D, 7F)
 There are     6 symmetry adapted cartesian basis functions of AG  symmetry.
 There are     0 symmetry adapted cartesian basis functions of BG  symmetry.
 There are     0 symmetry adapted cartesian basis functions of AU  symmetry.
 There are     6 symmetry adapted cartesian basis functions of BU  symmetry.
 There are     6 symmetry adapted basis functions of AG  symmetry.
 There are     0 symmetry adapted basis functions of BG  symmetry.
 There are     0 symmetry adapted basis functions of AU  symmetry.
 There are     6 symmetry adapted basis functions of BU  symmetry.
    12 basis functions,   120 primitive gaussians,    12 cartesian basis functions
     6 alpha electrons        6 beta electrons
       nuclear repulsion energy        16.7345689037 Hartrees.
 NAtoms=   12 NActive=   12 NUniq=    6 SFac= 4.00D+00 NAtFMM=   60 NAOKFM=F Big=F
 Integral buffers will be    131072 words long.
 Regular integral format.
 Two-electron integral symmetry is turned on.
 One-electron integrals computed using PRISM.
 NBasis=    12 RedAO= T EigKep=  7.42D-02  NBF=     6     0     0     6
 NBsUse=    12 1.00D-06 EigRej= -1.00D+00 NBFU=     6     0     0     6
 Initial guess from the checkpoint file:  "h12.chk"
 B after Tr=     0.000000    0.000000   -0.000000
         Rot=    0.999999    0.000000    0.000000   -0.001518 Ang=  -0.17 deg.
 Initial guess orbital symmetries:
       Occupied  (AG) (BU) (AG) (BU) (BU) (BU)
       Virtual   (AG) (AG) (BU) (AG) (AG) (BU)
 Keep R1 ints in memory in symmetry-blocked form, NReq=896574.
 Requested convergence on RMS density matrix=1.00D-08 within 128 cycles.
 Requested convergence on MAX density matrix=1.00D-06.
 Requested convergence on             energy=1.00D-06.
 No special actions if energy rises.
 SCF Done:  E(RHF) =  -5.57662999213     A.U. after    6 cycles
            NFock=  6  Conv=0.45D-08     -V/T= 1.8835
 Range of M.O.s used for correlation:     1    12
 NBasis=    12 NAE=     6 NBE=     6 NFC=     0 NFV=     0
 NROrb=     12 NOA=     6 NOB=     6 NVA=     6 NVB=     6

 **** Warning!!: The smallest alpha delta epsilon is  0.59487444D-01

 Semi-Direct transformation.
 ModeAB=           4 MOrb=             6 LenV=     134090877
 LASXX=         2181 LTotXX=        2181 LenRXX=        5115
 LTotAB=        2934 MaxLAS=        3024 LenRXY=           0
 NonZer=        7296 LenScr=      655360 LnRSAI=        3024
 LnScr1=      655360 LExtra=           0 Total=      1318859
 MaxDsk=          -1 SrtSym=           T ITran=            3
 JobTyp=0 Pass  1:  I=   1 to   6.
 (rs|ai) integrals will be sorted in core.
 Spin components of T(2) and E(2):
     alpha-alpha T2 =       0.5577499073D-02 E2=     -0.4926816920D-02
     alpha-beta  T2 =       0.5678041524D+01 E2=     -0.7392212300D+00
     beta-beta   T2 =       0.5577499073D-02 E2=     -0.4926816920D-02
 ANorm=    0.2586348105D+01
 E2 =    -0.7490748639D+00 EUMP2 =    -0.63257048559900D+01
 Second order stability test of a single determinant RHF wave function:
 Stabil:  MDV=134217728
 ***********************************************************************
 Matrix         Lowest Root    Major Pairs
 ***********************************************************************
 Internal RHF     0.0597259    Stable
 RRHF --> CRHF   -0.0013175    6A=7A
 RRHF --> RUHF   -0.5688375    6A=7B
 Not stable.
 ***********************************************************************

 **********************************************************************

            Population analysis using the SCF density.

 **********************************************************************

 Orbital symmetries:
       Occupied  (AG) (BU) (AG) (BU) (BU) (BU)
       Virtual   (AG) (AG) (BU) (AG) (AG) (BU)
 The electronic state is 1-AG.
 Alpha  occ. eigenvalues --   -0.88796  -0.79682  -0.66560  -0.64488  -0.33286
 Alpha  occ. eigenvalues --   -0.18684
 Alpha virt. eigenvalues --   -0.12736   0.03589   0.48370   0.50355   0.88906
 Alpha virt. eigenvalues --    1.09340
          Condensed to atoms (all electrons):
               1          2          3          4          5          6
     1  H    0.832914  -0.007860   0.197986   0.262184   0.000414  -0.037004
     2  H   -0.007860   0.654388   0.003137  -0.057940  -0.044708   0.502344
     3  H    0.197986   0.003137   0.954678  -0.038261  -0.000042  -0.001106
     4  H    0.262184  -0.057940  -0.038261   0.971544   0.001243  -0.056264
     5  H    0.000414  -0.044708  -0.000042   0.001243   1.101445  -0.043446
     6  H   -0.037004   0.502344  -0.001106  -0.056264  -0.043446   0.635516
     7  H   -0.297447  -0.042925  -0.189071   0.289039   0.000552  -0.011428
     8  H   -0.020381   0.001506   0.289039  -0.065278  -0.000085   0.001516
     9  H    0.002350  -0.000055  -0.011428   0.001516   0.000013  -0.000071
    10  H   -0.000029   0.000012   0.000552  -0.000085  -0.000004   0.000013
    11  H   -0.000973  -0.000069  -0.042925   0.001506   0.000012  -0.000055
    12  H   -0.100679  -0.000973  -0.297447  -0.020381  -0.000029   0.002350
               7          8          9         10         11         12
     1  H   -0.297447  -0.020381   0.002350  -0.000029  -0.000973  -0.100679
     2  H   -0.042925   0.001506  -0.000055   0.000012  -0.000069  -0.000973
     3  H   -0.189071   0.289039  -0.011428   0.000552  -0.042925  -0.297447
     4  H    0.289039  -0.065278   0.001516  -0.000085   0.001506  -0.020381
     5  H    0.000552  -0.000085   0.000013  -0.000004   0.000012  -0.000029
     6  H   -0.011428   0.001516  -0.000071   0.000013  -0.000055   0.002350
     7  H    0.954678  -0.038261  -0.001106  -0.000042   0.003137   0.197986
     8  H   -0.038261   0.971544  -0.056264   0.001243  -0.057940   0.262184
     9  H   -0.001106  -0.056264   0.635516  -0.043446   0.502344  -0.037004
    10  H   -0.000042   0.001243  -0.043446   1.101445  -0.044708   0.000414
    11  H    0.003137  -0.057940   0.502344  -0.044708   0.654388  -0.007860
    12  H    0.197986   0.262184  -0.037004   0.000414  -0.007860   0.832914
 Mulliken charges:
               1
     1  H    0.168526
     2  H   -0.006858
     3  H    0.134887
     4  H   -0.288823
     5  H   -0.015366
     6  H    0.007634
     7  H    0.134887
     8  H   -0.288823
     9  H    0.007634
    10  H   -0.015366
    11  H   -0.006858
    12  H    0.168526
 Sum of Mulliken charges =  -0.00000
 Mulliken charges with hydrogens summed into heavy atoms:
               1
 Electronic spatial extent (au):  <R**2>=            303.9116
 Charge=             -0.0000 electrons
 Dipole moment (field-independent basis, Debye):
    X=              0.0000    Y=             -0.0000    Z=              0.0000  Tot=              0.0000
 Quadrupole moment (field-independent basis, Debye-Ang):
   XX=            -15.9436   YY=            -21.4627   ZZ=            -15.4070
   XY=              1.4293   XZ=              0.0000   YZ=             -0.0000
 Traceless Quadrupole moment (field-independent basis, Debye-Ang):
   XX=              1.6609   YY=             -3.8583   ZZ=              2.1974
   XY=              1.4293   XZ=              0.0000   YZ=             -0.0000
 Octapole moment (field-independent basis, Debye-Ang**2):
  XXX=              0.0000  YYY=             -0.0000  ZZZ=              0.0000  XYY=              0.0000
  XXY=             -0.0000  XXZ=             -0.0000  XZZ=              0.0000  YZZ=             -0.0000
  YYZ=              0.0000  XYZ=              0.0000
 Hexadecapole moment (field-independent basis, Debye-Ang**3):
 XXXX=            -47.0229 YYYY=           -757.7283 ZZZZ=            -18.5684 XXXY=             34.2772
 XXXZ=              0.0000 YYYX=             63.3142 YYYZ=             -0.0000 ZZZX=              0.0000
 ZZZY=             -0.0000 XXYY=           -105.0803 XXZZ=            -10.9378 YYZZ=           -100.9655
 XXYZ=             -0.0000 YYXZ=              0.0000 ZZXY=             11.7346
 N-N= 1.673456890366D+01 E-N=-4.390429267011D+01  KE= 6.311864800095D+00
 Symmetry AG   KE= 1.577502188831D+00
 Symmetry BG   KE= 0.000000000000D+00
 Symmetry AU   KE= 0.000000000000D+00
 Symmetry BU   KE= 4.734362611264D+00

 Test job not archived.
 1\1\GINC-SULU\Stability\RHF\Gen\H12\LCJ1\17-Feb-2017\0\\#rhf/gen scf(s
 ymm,tight,novaracc,noincfock,fulldiag) stable(crhf) guess=read geom=no
 crowd test\\hf stability analysis of h12 triangular lattice, y= 0.3271
 1702879550453\\0,1\H\H,1,1.7950233299\H,1,1.7950233299,2,159.\H,2,1.79
 50233299,1,21.,3,0.,0\H,2,1.7950233299,1,180.,3,0.,0\H,4,1.7950233299,
 3,180.,5,0.,0\H,6,1.7950233299,5,180.,3,0.,0\H,4,1.7950233299,2,180.,3
 ,0.,0\H,3,1.7950233299,1,180.,4,0.,0\H,9,1.7950233299,3,180.,4,0.,0\H,
 8,1.7950233299,4,180.,3,0.,0\H,7,1.7950233299,6,180.,3,0.,0\\Version=E
 S64L-G09RevE.01\State=1-AG\HF=-5.57663\MP2=-6.3257049\RMSD=4.503e-09\D
 ipole=0.,0.,0.\Quadrupole=1.4188602,1.633706,-3.0525662,0.,0.5831585,0
 .\PG=C02H [SGH(H12)]\\@


 KEEP CLOSE TO NATURES HEART, YOURSELF;
 AND BREAK CLEAR AWAY, ONCE IN A WHILE, AND
 CLIMB A MOUNTAIN OR SPEND A WEEK IN THE
 WOODS.  WASH YOUR SPIRIT CLEAN...
                                         -- JOHN MUIR
 Job cpu time:       0 days  0 hours  0 minutes  1.0 seconds.
 File lengths (MBytes):  RWF=     84 Int=      0 D2E=      0 Chk=      2 Scr=      2
 Normal termination of Gaussian 09 at Fri Feb 17 14:53:33 2017.
