 Entering Gaussian System, Link 0=g09
 AtFile(1): H.gbs
            H     0
            S   10   1.00
               1000.000000000000            0.000068713567
                316.227766000000            0.000169141320
                100.000000000000            0.000823394812
                 31.622776600000            0.003425569236
                 10.000000000000            0.013951996000
                  3.162277660000            0.056909313560
                  1.000000000000            0.198286399900
                  0.316227766000            0.496922426700
                  0.100000000000            0.369846276400
                  0.031622776600            0.003752720039
            ****
 Initial command:
 /projects/guscus/apps/gau/g09-e1/g09/l1.exe "/users/lcj1/gaussian/h12/rhfstability/rect/guess/ag2bu4/Gau-30100.inp" -scrdir="/users/lcj1/gaussian/h12/rhfstability/rect/guess/ag2bu4/"
 Entering Link 1 = /projects/guscus/apps/gau/g09-e1/g09/l1.exe PID=     30103.
  
 Copyright (c) 1988,1990,1992,1993,1995,1998,2003,2009,2015,
            Gaussian, Inc.  All Rights Reserved.
  
 This is part of the Gaussian(R) 09 program.  It is based on
 the Gaussian(R) 03 system (copyright 2003, Gaussian, Inc.),
 the Gaussian(R) 98 system (copyright 1998, Gaussian, Inc.),
 the Gaussian(R) 94 system (copyright 1995, Gaussian, Inc.),
 the Gaussian 92(TM) system (copyright 1992, Gaussian, Inc.),
 the Gaussian 90(TM) system (copyright 1990, Gaussian, Inc.),
 the Gaussian 88(TM) system (copyright 1988, Gaussian, Inc.),
 the Gaussian 86(TM) system (copyright 1986, Carnegie Mellon
 University), and the Gaussian 82(TM) system (copyright 1983,
 Carnegie Mellon University). Gaussian is a federally registered
 trademark of Gaussian, Inc.
  
 This software contains proprietary and confidential information,
 including trade secrets, belonging to Gaussian, Inc.
  
 This software is provided under written license and may be
 used, copied, transmitted, or stored only in accord with that
 written license.
  
 The following legend is applicable only to US Government
 contracts under FAR:
  
                    RESTRICTED RIGHTS LEGEND
  
 Use, reproduction and disclosure by the US Government is
 subject to restrictions as set forth in subparagraphs (a)
 and (c) of the Commercial Computer Software - Restricted
 Rights clause in FAR 52.227-19.
  
 Gaussian, Inc.
 340 Quinnipiac St., Bldg. 40, Wallingford CT 06492
  
  
 ---------------------------------------------------------------
 Warning -- This program may not be used in any manner that
 competes with the business of Gaussian, Inc. or will provide
 assistance to any competitor of Gaussian, Inc.  The licensee
 of this program is prohibited from giving any competitor of
 Gaussian, Inc. access to this program.  By using this program,
 the user acknowledges that Gaussian, Inc. is engaged in the
 business of creating and licensing software in the field of
 computational chemistry and represents and warrants to the
 licensee that it is not a competitor of Gaussian, Inc. and that
 it will not use this program in any manner prohibited above.
 ---------------------------------------------------------------
  

 Cite this work as:
 Gaussian 09, Revision E.01,
 M. J. Frisch, G. W. Trucks, H. B. Schlegel, G. E. Scuseria, 
 M. A. Robb, J. R. Cheeseman, G. Scalmani, V. Barone, B. Mennucci, 
 G. A. Petersson, H. Nakatsuji, M. Caricato, X. Li, H. P. Hratchian, 
 A. F. Izmaylov, J. Bloino, G. Zheng, J. L. Sonnenberg, M. Hada, 
 M. Ehara, K. Toyota, R. Fukuda, J. Hasegawa, M. Ishida, T. Nakajima, 
 Y. Honda, O. Kitao, H. Nakai, T. Vreven, J. A. Montgomery, Jr., 
 J. E. Peralta, F. Ogliaro, M. Bearpark, J. J. Heyd, E. Brothers, 
 K. N. Kudin, V. N. Staroverov, T. Keith, R. Kobayashi, J. Normand, 
 K. Raghavachari, A. Rendell, J. C. Burant, S. S. Iyengar, J. Tomasi, 
 M. Cossi, N. Rega, J. M. Millam, M. Klene, J. E. Knox, J. B. Cross, 
 V. Bakken, C. Adamo, J. Jaramillo, R. Gomperts, R. E. Stratmann, 
 O. Yazyev, A. J. Austin, R. Cammi, C. Pomelli, J. W. Ochterski, 
 R. L. Martin, K. Morokuma, V. G. Zakrzewski, G. A. Voth, 
 P. Salvador, J. J. Dannenberg, S. Dapprich, A. D. Daniels, 
 O. Farkas, J. B. Foresman, J. V. Ortiz, J. Cioslowski, 
 and D. J. Fox, Gaussian, Inc., Wallingford CT, 2013.
 
 ******************************************
 Gaussian 09:  ES64L-G09RevE.01 30-Nov-2015
                17-Feb-2017 
 ******************************************
 %chk=h12.chk
 ----------------------------------------------------------------------
 #rhf/gen scf(symm,tight,novaracc,noincfock,fulldiag) stable(crhf) gues
 s=read geom=nocrowd test
 ----------------------------------------------------------------------
 1/38=1/1;
 2/12=1,17=6,18=5,40=1/2;
 3/5=7,16=1,25=1,30=1,116=1/1,2,3;
 4/5=1,9=4/1;
 5/5=100002,15=2,16=1,32=2,38=6/2;
 8/6=1,10=90,11=11/1,4;
 9/8=4,13=1/2;
 6/7=2,8=2,9=2,10=2,28=1/1;
 99/5=1,9=1/99;
 ----------------------------------------------------------------------
 hf stability analysis of h12 triangular lattice, y= 0.8914339662136427
 9
 ----------------------------------------------------------------------
 Symbolic Z-matrix:
 Charge =  0 Multiplicity = 1
 H
 H                    1     1.10187 
 H                    1     1.10187  2     72. 
 H                    2     1.10187  1     108.     3     0.       0
 H                    2     1.10187  1     180.     3     0.       0
 H                    4     1.10187  3     180.     5     0.       0
 H                    6     1.10187  5     180.     3     0.       0
 H                    4     1.10187  2     180.     3     0.       0
 H                    3     1.10187  1     180.     4     0.       0
 H                    9     1.10187  3     180.     4     0.       0
 H                    8     1.10187  4     180.     3     0.       0
 H                    7     1.10187  6     180.     3     0.       0
 
                          Input orientation:                          
 ---------------------------------------------------------------------
 Center     Atomic      Atomic             Coordinates (Angstroms)
 Number     Number       Type             X           Y           Z
 ---------------------------------------------------------------------
      1          1           0        0.000000    0.000000    0.000000
      2          1           0        0.000000    0.000000    1.101873
      3          1           0        1.047943    0.000000    0.340497
      4          1           0        1.047943    0.000000    1.442370
      5          1           0        0.000000    0.000000    2.203746
      6          1           0        1.047943    0.000000    2.544243
      7          1           0        2.095887    0.000000    2.884741
      8          1           0        2.095887    0.000000    1.782868
      9          1           0        2.095887    0.000000    0.680995
     10          1           0        3.143830    0.000000    1.021492
     11          1           0        3.143830    0.000000    2.123365
     12          1           0        3.143830    0.000000    3.225238
 ---------------------------------------------------------------------
                    Distance matrix (angstroms):
                    1          2          3          4          5
     1  H    0.000000
     2  H    1.101873   0.000000
     3  H    1.101873   1.295329   0.000000
     4  H    1.782868   1.101873   1.101873   0.000000
     5  H    2.203746   1.101873   2.137728   1.295329   0.000000
     6  H    2.751610   1.782868   2.203746   1.101873   1.101873
     7  H    3.565736   2.751610   2.751610   1.782868   2.203746
     8  H    2.751610   2.203746   1.782868   1.101873   2.137728
     9  H    2.203746   2.137728   1.101873   1.295329   2.590659
    10  H    3.305619   3.144858   2.203746   2.137728   3.358778
    11  H    3.793725   3.305619   2.751610   2.203746   3.144858
    12  H    4.503980   3.793725   3.565736   2.751610   3.305619
                    6          7          8          9         10
     6  H    0.000000
     7  H    1.101873   0.000000
     8  H    1.295329   1.101873   0.000000
     9  H    2.137728   2.203746   1.101873   0.000000
    10  H    2.590659   2.137728   1.295329   1.101873   0.000000
    11  H    2.137728   1.295329   1.101873   1.782868   1.101873
    12  H    2.203746   1.101873   1.782868   2.751610   2.203746
                   11         12
    11  H    0.000000
    12  H    1.101873   0.000000
 Stoichiometry    H12
 Framework group  C2H[SGH(H12)]
 Deg. of freedom    11
 Full point group                 C2H     NOp   4
 Largest Abelian subgroup         C2H     NOp   4
 Largest concise Abelian subgroup C2      NOp   2
                         Standard orientation:                         
 ---------------------------------------------------------------------
 Center     Atomic      Atomic             Coordinates (Angstroms)
 Number     Number       Type             X           Y           Z
 ---------------------------------------------------------------------
      1          1           0        1.047943    1.993307    0.000000
      2          1           0        0.000000    1.652809    0.000000
      3          1           0        1.047943    0.891434    0.000000
      4          1           0        0.000000    0.550936    0.000000
      5          1           0       -1.047943    1.312312    0.000000
      6          1           0       -1.047943    0.210439   -0.000000
      7          1           0       -1.047943   -0.891434    0.000000
      8          1           0       -0.000000   -0.550936   -0.000000
      9          1           0        1.047943   -0.210439   -0.000000
     10          1           0        1.047943   -1.312312   -0.000000
     11          1           0       -0.000000   -1.652809   -0.000000
     12          1           0       -1.047943   -1.993307   -0.000000
 ---------------------------------------------------------------------
 Rotational constants (GHZ):     62.2876880     25.2314319     17.9573053
 General basis read from cards:  (5D, 7F)
 There are     6 symmetry adapted cartesian basis functions of AG  symmetry.
 There are     0 symmetry adapted cartesian basis functions of BG  symmetry.
 There are     0 symmetry adapted cartesian basis functions of AU  symmetry.
 There are     6 symmetry adapted cartesian basis functions of BU  symmetry.
 There are     6 symmetry adapted basis functions of AG  symmetry.
 There are     0 symmetry adapted basis functions of BG  symmetry.
 There are     0 symmetry adapted basis functions of AU  symmetry.
 There are     6 symmetry adapted basis functions of BU  symmetry.
    12 basis functions,   120 primitive gaussians,    12 cartesian basis functions
     6 alpha electrons        6 beta electrons
       nuclear repulsion energy        19.9527361841 Hartrees.
 NAtoms=   12 NActive=   12 NUniq=    6 SFac= 4.00D+00 NAtFMM=   60 NAOKFM=F Big=F
 Integral buffers will be    131072 words long.
 Regular integral format.
 Two-electron integral symmetry is turned on.
 One-electron integrals computed using PRISM.
 NBasis=    12 RedAO= T EigKep=  1.33D-01  NBF=     6     0     0     6
 NBsUse=    12 1.00D-06 EigRej= -1.00D+00 NBFU=     6     0     0     6
 Initial guess from the checkpoint file:  "h12.chk"
 B after Tr=    -0.000000    0.000000   -0.000000
         Rot=    0.999999   -0.000000   -0.000000   -0.001518 Ang=  -0.17 deg.
 Initial guess orbital symmetries:
       Occupied  (AG) (BU) (BU) (AG) (BU) (BU)
       Virtual   (AG) (AG) (BU) (AG) (AG) (BU)
 Keep R1 ints in memory in symmetry-blocked form, NReq=903966.
 Requested convergence on RMS density matrix=1.00D-08 within 128 cycles.
 Requested convergence on MAX density matrix=1.00D-06.
 Requested convergence on             energy=1.00D-06.
 No special actions if energy rises.
 SCF Done:  E(RHF) =  -5.07664939982     A.U. after   11 cycles
            NFock= 11  Conv=0.24D-08     -V/T= 1.6807
 Range of M.O.s used for correlation:     1    12
 NBasis=    12 NAE=     6 NBE=     6 NFC=     0 NFV=     0
 NROrb=     12 NOA=     6 NOB=     6 NVA=     6 NVB=     6

 **** Warning!!: The smallest alpha delta epsilon is -0.14854675D+00

 Semi-Direct transformation.
 ModeAB=           4 MOrb=             6 LenV=     134084311
 LASXX=         2181 LTotXX=        2181 LenRXX=        5115
 LTotAB=        2934 MaxLAS=        3024 LenRXY=           0
 NonZer=        7296 LenScr=      655360 LnRSAI=        3024
 LnScr1=      655360 LExtra=           0 Total=      1318859
 MaxDsk=          -1 SrtSym=           T ITran=            3
 JobTyp=0 Pass  1:  I=   1 to   6.
 (rs|ai) integrals will be sorted in core.
 Spin components of T(2) and E(2):
     alpha-alpha T2 =       0.1454170610D-01 E2=     -0.1497938974D-01
     alpha-beta  T2 =       0.2166295282D+04 E2=     -0.1274595603D+01
     beta-beta   T2 =       0.1454170610D-01 E2=     -0.1497938974D-01
 ANorm=    0.4655453109D+02
 E2 =    -0.1304554383D+01 EUMP2 =    -0.63812037825605D+01
 Second order stability test of a single determinant RHF wave function:
 Stabil:  MDV=134217728
 ***********************************************************************
 Matrix         Lowest Root    Major Pairs
 ***********************************************************************
 Internal RHF    -0.3305125    6A=7A
 RRHF --> CRHF   -0.3988323    6A=7A
 RRHF --> RUHF   -0.5578252    6A=7B
 Not stable.
 ***********************************************************************

 **********************************************************************

            Population analysis using the SCF density.

 **********************************************************************

 Orbital symmetries:
       Occupied  (AG) (BU) (BU) (AG) (BU) (BU)
       Virtual   (AG) (AG) (BU) (AG) (AG) (BU)
 The electronic state is 1-AG.
 Alpha  occ. eigenvalues --   -0.91014  -0.73650  -0.60024  -0.50750  -0.20405
 Alpha  occ. eigenvalues --   -0.05525
 Alpha virt. eigenvalues --   -0.20380   0.08323   0.29734   0.36872   0.59655
 Alpha virt. eigenvalues --    0.81921
          Condensed to atoms (all electrons):
               1          2          3          4          5          6
     1  H    1.325957   0.264711  -0.050709  -0.191474  -0.081619   0.021395
     2  H    0.264711   1.138718  -0.151989  -0.457369   0.298804  -0.247690
     3  H   -0.050709  -0.151989   0.865830   0.531269  -0.052602   0.038260
     4  H   -0.191474  -0.457369   0.531269   1.722770  -0.056403   0.518118
     5  H   -0.081619   0.298804  -0.052602  -0.056403   0.754552  -0.314542
     6  H    0.021395  -0.247690   0.038260   0.518118  -0.314542   1.797211
     7  H    0.007814   0.048884  -0.062804  -0.263995   0.056727  -0.172014
     8  H    0.027118   0.090921  -0.263995  -0.676576   0.037041  -0.209588
     9  H   -0.124115   0.083585  -0.172014  -0.209588   0.062484  -0.243749
    10  H    0.019409  -0.023019   0.056727   0.037041  -0.025756   0.062484
    11  H    0.003109  -0.017251   0.048884   0.090921  -0.023019   0.083585
    12  H   -0.003941   0.003109   0.007814   0.027118   0.019409  -0.124115
               7          8          9         10         11         12
     1  H    0.007814   0.027118  -0.124115   0.019409   0.003109  -0.003941
     2  H    0.048884   0.090921   0.083585  -0.023019  -0.017251   0.003109
     3  H   -0.062804  -0.263995  -0.172014   0.056727   0.048884   0.007814
     4  H   -0.263995  -0.676576  -0.209588   0.037041   0.090921   0.027118
     5  H    0.056727   0.037041   0.062484  -0.025756  -0.023019   0.019409
     6  H   -0.172014  -0.209588  -0.243749   0.062484   0.083585  -0.124115
     7  H    0.865830   0.531269   0.038260  -0.052602  -0.151989  -0.050709
     8  H    0.531269   1.722770   0.518118  -0.056403  -0.457369  -0.191474
     9  H    0.038260   0.518118   1.797211  -0.314542  -0.247690   0.021395
    10  H   -0.052602  -0.056403  -0.314542   0.754552   0.298804  -0.081619
    11  H   -0.151989  -0.457369  -0.247690   0.298804   1.138718   0.264711
    12  H   -0.050709  -0.191474   0.021395  -0.081619   0.264711   1.325957
 Mulliken charges:
               1
     1  H   -0.217654
     2  H   -0.031413
     3  H    0.205329
     4  H   -0.071830
     5  H    0.324925
     6  H   -0.209356
     7  H    0.205329
     8  H   -0.071830
     9  H   -0.209356
    10  H    0.324925
    11  H   -0.031413
    12  H   -0.217654
 Sum of Mulliken charges =  -0.00000
 Mulliken charges with hydrogens summed into heavy atoms:
               1
 Electronic spatial extent (au):  <R**2>=            139.4206
 Charge=              0.0000 electrons
 Dipole moment (field-independent basis, Debye):
    X=             -0.0000    Y=              0.0000    Z=             -0.0000  Tot=              0.0000
 Quadrupole moment (field-independent basis, Debye-Ang):
   XX=            -13.5738   YY=            -25.2592   ZZ=            -14.5636
   XY=             -6.9092   XZ=             -0.0000   YZ=             -0.0000
 Traceless Quadrupole moment (field-independent basis, Debye-Ang):
   XX=              4.2251   YY=             -7.4603   ZZ=              3.2352
   XY=             -6.9092   XZ=             -0.0000   YZ=             -0.0000
 Octapole moment (field-independent basis, Debye-Ang**2):
  XXX=             -0.0000  YYY=             -0.0000  ZZZ=             -0.0000  XYY=             -0.0000
  XXY=              0.0000  XXZ=             -0.0000  XZZ=              0.0000  YZZ=             -0.0000
  YYZ=             -0.0000  XYZ=             -0.0000
 Hexadecapole moment (field-independent basis, Debye-Ang**3):
 XXXX=            -78.7828 YYYY=           -256.9388 ZZZZ=            -16.9243 XXXY=            -24.0616
 XXXZ=             -0.0000 YYYX=            -47.0659 YYYZ=             -0.0000 ZZZX=             -0.0000
 ZZZY=             -0.0000 XXYY=            -49.4419 XXZZ=            -16.4622 YYZZ=            -33.4992
 XXYZ=             -0.0000 YYXZ=             -0.0000 ZZXY=             -5.5523
 N-N= 1.995273618406D+01 E-N=-5.148971534909D+01  KE= 7.458316185016D+00
 Symmetry AG   KE= 1.590179259304D+00
 Symmetry BG   KE= 0.000000000000D+00
 Symmetry AU   KE= 0.000000000000D+00
 Symmetry BU   KE= 5.868136925712D+00

 Test job not archived.
 1\1\GINC-SULU\Stability\RHF\Gen\H12\LCJ1\17-Feb-2017\0\\#rhf/gen scf(s
 ymm,tight,novaracc,noincfock,fulldiag) stable(crhf) guess=read geom=no
 crowd test\\hf stability analysis of h12 triangular lattice, y= 0.8914
 3396621364279\\0,1\H\H,1,1.1018729587\H,1,1.1018729587,2,72.\H,2,1.101
 8729587,1,108.,3,0.,0\H,2,1.1018729587,1,180.,3,0.,0\H,4,1.1018729587,
 3,180.,5,0.,0\H,6,1.1018729587,5,180.,3,0.,0\H,4,1.1018729587,2,180.,3
 ,0.,0\H,3,1.1018729587,1,180.,4,0.,0\H,9,1.1018729587,3,180.,4,0.,0\H,
 8,1.1018729587,4,180.,3,0.,0\H,7,1.1018729587,6,180.,3,0.,0\\Version=E
 S64L-G09RevE.01\State=1-AG\HF=-5.0766494\MP2=-6.3812038\RMSD=2.351e-09
 \Dipole=0.,0.,0.\Quadrupole=-1.6976045,2.4053283,-0.7077238,0.,-6.7090
 428,0.\PG=C02H [SGH(H12)]\\@


 ARTHROPOD AXIOM: A COMPUTER SYSTEM IS LIKE A SPIDER'S WEB.
 YOU CANNOT PULL ON ONE END WITHOUT MAKING THE OTHER END MOVE.
     -- GREG WETTSTEIN
 Job cpu time:       0 days  0 hours  0 minutes  1.1 seconds.
 File lengths (MBytes):  RWF=     84 Int=      0 D2E=      0 Chk=      2 Scr=      2
 Normal termination of Gaussian 09 at Fri Feb 17 15:02:30 2017.
