 Entering Gaussian System, Link 0=g09
 AtFile(1): H.gbs
            H     0
            S   10   1.00
               1000.000000000000            0.000068713567
                316.227766000000            0.000169141320
                100.000000000000            0.000823394812
                 31.622776600000            0.003425569236
                 10.000000000000            0.013951996000
                  3.162277660000            0.056909313560
                  1.000000000000            0.198286399900
                  0.316227766000            0.496922426700
                  0.100000000000            0.369846276400
                  0.031622776600            0.003752720039
            ****
 Initial command:
 /projects/guscus/apps/gau/g09-e1/g09/l1.exe "/users/lcj1/gaussian/h12/rhfstability/rect/guess/ag2bu4/Gau-27928.inp" -scrdir="/users/lcj1/gaussian/h12/rhfstability/rect/guess/ag2bu4/"
 Entering Link 1 = /projects/guscus/apps/gau/g09-e1/g09/l1.exe PID=     27930.
  
 Copyright (c) 1988,1990,1992,1993,1995,1998,2003,2009,2015,
            Gaussian, Inc.  All Rights Reserved.
  
 This is part of the Gaussian(R) 09 program.  It is based on
 the Gaussian(R) 03 system (copyright 2003, Gaussian, Inc.),
 the Gaussian(R) 98 system (copyright 1998, Gaussian, Inc.),
 the Gaussian(R) 94 system (copyright 1995, Gaussian, Inc.),
 the Gaussian 92(TM) system (copyright 1992, Gaussian, Inc.),
 the Gaussian 90(TM) system (copyright 1990, Gaussian, Inc.),
 the Gaussian 88(TM) system (copyright 1988, Gaussian, Inc.),
 the Gaussian 86(TM) system (copyright 1986, Carnegie Mellon
 University), and the Gaussian 82(TM) system (copyright 1983,
 Carnegie Mellon University). Gaussian is a federally registered
 trademark of Gaussian, Inc.
  
 This software contains proprietary and confidential information,
 including trade secrets, belonging to Gaussian, Inc.
  
 This software is provided under written license and may be
 used, copied, transmitted, or stored only in accord with that
 written license.
  
 The following legend is applicable only to US Government
 contracts under FAR:
  
                    RESTRICTED RIGHTS LEGEND
  
 Use, reproduction and disclosure by the US Government is
 subject to restrictions as set forth in subparagraphs (a)
 and (c) of the Commercial Computer Software - Restricted
 Rights clause in FAR 52.227-19.
  
 Gaussian, Inc.
 340 Quinnipiac St., Bldg. 40, Wallingford CT 06492
  
  
 ---------------------------------------------------------------
 Warning -- This program may not be used in any manner that
 competes with the business of Gaussian, Inc. or will provide
 assistance to any competitor of Gaussian, Inc.  The licensee
 of this program is prohibited from giving any competitor of
 Gaussian, Inc. access to this program.  By using this program,
 the user acknowledges that Gaussian, Inc. is engaged in the
 business of creating and licensing software in the field of
 computational chemistry and represents and warrants to the
 licensee that it is not a competitor of Gaussian, Inc. and that
 it will not use this program in any manner prohibited above.
 ---------------------------------------------------------------
  

 Cite this work as:
 Gaussian 09, Revision E.01,
 M. J. Frisch, G. W. Trucks, H. B. Schlegel, G. E. Scuseria, 
 M. A. Robb, J. R. Cheeseman, G. Scalmani, V. Barone, B. Mennucci, 
 G. A. Petersson, H. Nakatsuji, M. Caricato, X. Li, H. P. Hratchian, 
 A. F. Izmaylov, J. Bloino, G. Zheng, J. L. Sonnenberg, M. Hada, 
 M. Ehara, K. Toyota, R. Fukuda, J. Hasegawa, M. Ishida, T. Nakajima, 
 Y. Honda, O. Kitao, H. Nakai, T. Vreven, J. A. Montgomery, Jr., 
 J. E. Peralta, F. Ogliaro, M. Bearpark, J. J. Heyd, E. Brothers, 
 K. N. Kudin, V. N. Staroverov, T. Keith, R. Kobayashi, J. Normand, 
 K. Raghavachari, A. Rendell, J. C. Burant, S. S. Iyengar, J. Tomasi, 
 M. Cossi, N. Rega, J. M. Millam, M. Klene, J. E. Knox, J. B. Cross, 
 V. Bakken, C. Adamo, J. Jaramillo, R. Gomperts, R. E. Stratmann, 
 O. Yazyev, A. J. Austin, R. Cammi, C. Pomelli, J. W. Ochterski, 
 R. L. Martin, K. Morokuma, V. G. Zakrzewski, G. A. Voth, 
 P. Salvador, J. J. Dannenberg, S. Dapprich, A. D. Daniels, 
 O. Farkas, J. B. Foresman, J. V. Ortiz, J. Cioslowski, 
 and D. J. Fox, Gaussian, Inc., Wallingford CT, 2013.
 
 ******************************************
 Gaussian 09:  ES64L-G09RevE.01 30-Nov-2015
                17-Feb-2017 
 ******************************************
 %chk=h12.chk
 ----------------------------------------------------------------------
 #rhf/gen scf(symm,tight,novaracc,noincfock,fulldiag) stable(crhf) gues
 s=read geom=nocrowd test
 ----------------------------------------------------------------------
 1/38=1/1;
 2/12=1,17=6,18=5,40=1/2;
 3/5=7,16=1,25=1,30=1,116=1/1,2,3;
 4/5=1,9=4/1;
 5/5=100002,15=2,16=1,32=2,38=6/2;
 8/6=1,10=90,11=11/1,4;
 9/8=4,13=1/2;
 6/7=2,8=2,9=2,10=2,28=1/1;
 99/5=1,9=1/99;
 ----------------------------------------------------------------------
 hf stability analysis of h12 triangular lattice, y= 0.8221863201757335
 6
 ----------------------------------------------------------------------
 Symbolic Z-matrix:
 Charge =  0 Multiplicity = 1
 H
 H                    1     1.08125 
 H                    1     1.08125  2     81. 
 H                    2     1.08125  1     99.      3     0.       0
 H                    2     1.08125  1     180.     3     0.       0
 H                    4     1.08125  3     180.     5     0.       0
 H                    6     1.08125  5     180.     3     0.       0
 H                    4     1.08125  2     180.     3     0.       0
 H                    3     1.08125  1     180.     4     0.       0
 H                    9     1.08125  3     180.     4     0.       0
 H                    8     1.08125  4     180.     3     0.       0
 H                    7     1.08125  6     180.     3     0.       0
 
                          Input orientation:                          
 ---------------------------------------------------------------------
 Center     Atomic      Atomic             Coordinates (Angstroms)
 Number     Number       Type             X           Y           Z
 ---------------------------------------------------------------------
      1          1           0        0.000000    0.000000    0.000000
      2          1           0        0.000000    0.000000    1.081247
      3          1           0        1.067935    0.000000    0.169144
      4          1           0        1.067935    0.000000    1.250391
      5          1           0        0.000000    0.000000    2.162493
      6          1           0        1.067935    0.000000    2.331637
      7          1           0        2.135869    0.000000    2.500781
      8          1           0        2.135869    0.000000    1.419535
      9          1           0        2.135869    0.000000    0.338288
     10          1           0        3.203804    0.000000    0.507433
     11          1           0        3.203804    0.000000    1.588679
     12          1           0        3.203804    0.000000    2.669926
 ---------------------------------------------------------------------
                    Distance matrix (angstroms):
                    1          2          3          4          5
     1  H    0.000000
     2  H    1.081247   0.000000
     3  H    1.081247   1.404427   0.000000
     4  H    1.644373   1.081247   1.081247   0.000000
     5  H    2.162493   1.081247   2.261399   1.404427   0.000000
     6  H    2.564569   1.644373   2.162493   1.081247   1.081247
     7  H    3.288745   2.564569   2.564569   1.644373   2.162493
     8  H    2.564569   2.162493   1.644373   1.081247   2.261399
     9  H    2.162493   2.261399   1.081247   1.404427   2.808854
    10  H    3.243740   3.254784   2.162493   2.261399   3.606048
    11  H    3.576068   3.243740   2.564569   2.162493   3.254784
    12  H    4.170475   3.576068   3.288745   2.564569   3.243740
                    6          7          8          9         10
     6  H    0.000000
     7  H    1.081247   0.000000
     8  H    1.404427   1.081247   0.000000
     9  H    2.261399   2.162493   1.081247   0.000000
    10  H    2.808854   2.261399   1.404427   1.081247   0.000000
    11  H    2.261399   1.404427   1.081247   1.644373   1.081247
    12  H    2.162493   1.081247   1.644373   2.564569   2.162493
                   11         12
    11  H    0.000000
    12  H    1.081247   0.000000
 Stoichiometry    H12
 Framework group  C2H[SGH(H12)]
 Deg. of freedom    11
 Full point group                 C2H     NOp   4
 Largest Abelian subgroup         C2H     NOp   4
 Largest concise Abelian subgroup C2      NOp   2
                         Standard orientation:                         
 ---------------------------------------------------------------------
 Center     Atomic      Atomic             Coordinates (Angstroms)
 Number     Number       Type             X           Y           Z
 ---------------------------------------------------------------------
      1          1           0        1.067935    1.791014   -0.000000
      2          1           0        0.000000    1.621870   -0.000000
      3          1           0        1.067935    0.709767   -0.000000
      4          1           0        0.000000    0.540623   -0.000000
      5          1           0       -1.067935    1.452726   -0.000000
      6          1           0       -1.067935    0.371479   -0.000000
      7          1           0       -1.067935   -0.709767   -0.000000
      8          1           0       -0.000000   -0.540623   -0.000000
      9          1           0        1.067935   -0.371479   -0.000000
     10          1           0        1.067935   -1.452726   -0.000000
     11          1           0       -0.000000   -1.621870   -0.000000
     12          1           0       -1.067935   -1.791014   -0.000000
 ---------------------------------------------------------------------
 Rotational constants (GHZ):     56.4153930     27.8577796     18.6489666
 General basis read from cards:  (5D, 7F)
 There are     6 symmetry adapted cartesian basis functions of AG  symmetry.
 There are     0 symmetry adapted cartesian basis functions of BG  symmetry.
 There are     0 symmetry adapted cartesian basis functions of AU  symmetry.
 There are     6 symmetry adapted cartesian basis functions of BU  symmetry.
 There are     6 symmetry adapted basis functions of AG  symmetry.
 There are     0 symmetry adapted basis functions of BG  symmetry.
 There are     0 symmetry adapted basis functions of AU  symmetry.
 There are     6 symmetry adapted basis functions of BU  symmetry.
    12 basis functions,   120 primitive gaussians,    12 cartesian basis functions
     6 alpha electrons        6 beta electrons
       nuclear repulsion energy        20.1239243851 Hartrees.
 NAtoms=   12 NActive=   12 NUniq=    6 SFac= 4.00D+00 NAtFMM=   60 NAOKFM=F Big=F
 Integral buffers will be    131072 words long.
 Regular integral format.
 Two-electron integral symmetry is turned on.
 One-electron integrals computed using PRISM.
 NBasis=    12 RedAO= T EigKep=  1.13D-01  NBF=     6     0     0     6
 NBsUse=    12 1.00D-06 EigRej= -1.00D+00 NBFU=     6     0     0     6
 Initial guess from the checkpoint file:  "h12.chk"
 B after Tr=    -0.000000    0.000000   -0.000000
         Rot=    0.999999    0.000000   -0.000000   -0.001518 Ang=  -0.17 deg.
 Initial guess orbital symmetries:
       Occupied  (AG) (BU) (BU) (AG) (BU) (BU)
       Virtual   (AG) (AG) (BU) (AG) (AG) (BU)
 Keep R1 ints in memory in symmetry-blocked form, NReq=903840.
 Requested convergence on RMS density matrix=1.00D-08 within 128 cycles.
 Requested convergence on MAX density matrix=1.00D-06.
 Requested convergence on             energy=1.00D-06.
 No special actions if energy rises.
 SCF Done:  E(RHF) =  -5.03548327985     A.U. after   11 cycles
            NFock= 11  Conv=0.50D-08     -V/T= 1.6644
 Range of M.O.s used for correlation:     1    12
 NBasis=    12 NAE=     6 NBE=     6 NFC=     0 NFV=     0
 NROrb=     12 NOA=     6 NOB=     6 NVA=     6 NVB=     6

 **** Warning!!: The smallest alpha delta epsilon is -0.11839634D+00

 Semi-Direct transformation.
 ModeAB=           4 MOrb=             6 LenV=     134084311
 LASXX=         2181 LTotXX=        2181 LenRXX=        5115
 LTotAB=        2934 MaxLAS=        3024 LenRXY=           0
 NonZer=        7296 LenScr=      655360 LnRSAI=        3024
 LnScr1=      655360 LExtra=           0 Total=      1318859
 MaxDsk=          -1 SrtSym=           T ITran=            3
 JobTyp=0 Pass  1:  I=   1 to   6.
 (rs|ai) integrals will be sorted in core.
 Spin components of T(2) and E(2):
     alpha-alpha T2 =       0.1404083438D-01 E2=     -0.1583692572D-01
     alpha-beta  T2 =       0.8153003578D+00 E2=     -0.1288546153D+00
     beta-beta   T2 =       0.1404083438D-01 E2=     -0.1583692572D-01
 ANorm=    0.1357712056D+01
 E2 =    -0.1605284668D+00 EUMP2 =    -0.51960117466064D+01
 Second order stability test of a single determinant RHF wave function:
 Stabil:  MDV=134217728
 ***********************************************************************
 Matrix         Lowest Root    Major Pairs
 ***********************************************************************
 Internal RHF    -0.3217736    6A=7A 5A=7A
 RRHF --> CRHF   -0.3733021    6A=7A
 RRHF --> RUHF   -0.5413397    6A=7B 5A=7B 6A=8B 3A=7B
 Not stable.
 ***********************************************************************

 **********************************************************************

            Population analysis using the SCF density.

 **********************************************************************

 Orbital symmetries:
       Occupied  (AG) (BU) (BU) (AG) (BU) (BU)
       Virtual   (AG) (AG) (BU) (AG) (AG) (BU)
 The electronic state is 1-AG.
 Alpha  occ. eigenvalues --   -0.90445  -0.72775  -0.60464  -0.49694  -0.17578
 Alpha  occ. eigenvalues --   -0.10024
 Alpha virt. eigenvalues --   -0.21864   0.06994   0.28539   0.43239   0.59511
 Alpha virt. eigenvalues --    0.95794
          Condensed to atoms (all electrons):
               1          2          3          4          5          6
     1  H    1.409222   0.355869  -0.289101  -0.229915  -0.075021   0.009550
     2  H    0.355869   0.915346  -0.111176  -0.395427   0.341951  -0.196913
     3  H   -0.289101  -0.111176   0.859095   0.565195  -0.017801   0.008325
     4  H   -0.229915  -0.395427   0.565195   1.863310  -0.208626   0.615796
     5  H   -0.075021   0.341951  -0.017801  -0.208626   1.128848  -0.479506
     6  H    0.009550  -0.196913   0.008325   0.615796  -0.479506   1.543246
     7  H    0.017280   0.025109  -0.082742  -0.255924   0.019539   0.065268
     8  H    0.035781   0.061208  -0.255924  -0.767540   0.059894  -0.250497
     9  H   -0.096057   0.022199   0.065268  -0.250497   0.052151  -0.171554
    10  H    0.029009  -0.011075   0.019539   0.059894  -0.024368   0.052151
    11  H    0.002105  -0.003351   0.025109   0.061208  -0.011075   0.022199
    12  H   -0.007890   0.002105   0.017280   0.035781   0.029009  -0.096057
               7          8          9         10         11         12
     1  H    0.017280   0.035781  -0.096057   0.029009   0.002105  -0.007890
     2  H    0.025109   0.061208   0.022199  -0.011075  -0.003351   0.002105
     3  H   -0.082742  -0.255924   0.065268   0.019539   0.025109   0.017280
     4  H   -0.255924  -0.767540  -0.250497   0.059894   0.061208   0.035781
     5  H    0.019539   0.059894   0.052151  -0.024368  -0.011075   0.029009
     6  H    0.065268  -0.250497  -0.171554   0.052151   0.022199  -0.096057
     7  H    0.859095   0.565195   0.008325  -0.017801  -0.111176  -0.289101
     8  H    0.565195   1.863310   0.615796  -0.208626  -0.395427  -0.229915
     9  H    0.008325   0.615796   1.543246  -0.479506  -0.196913   0.009550
    10  H   -0.017801  -0.208626  -0.479506   1.128848   0.341951  -0.075021
    11  H   -0.111176  -0.395427  -0.196913   0.341951   0.915346   0.355869
    12  H   -0.289101  -0.229915   0.009550  -0.075021   0.355869   1.409222
 Mulliken charges:
               1
     1  H   -0.160830
     2  H   -0.005845
     3  H    0.196933
     4  H   -0.093254
     5  H    0.185005
     6  H   -0.122007
     7  H    0.196933
     8  H   -0.093254
     9  H   -0.122007
    10  H    0.185005
    11  H   -0.005845
    12  H   -0.160830
 Sum of Mulliken charges =  -0.00000
 Mulliken charges with hydrogens summed into heavy atoms:
               1
 Electronic spatial extent (au):  <R**2>=            134.4523
 Charge=             -0.0000 electrons
 Dipole moment (field-independent basis, Debye):
    X=             -0.0000    Y=             -0.0000    Z=             -0.0000  Tot=              0.0000
 Quadrupole moment (field-independent basis, Debye-Ang):
   XX=            -12.6641   YY=            -24.5632   ZZ=            -14.4614
   XY=             -3.9591   XZ=             -0.0000   YZ=             -0.0000
 Traceless Quadrupole moment (field-independent basis, Debye-Ang):
   XX=              4.5655   YY=             -7.3336   ZZ=              2.7682
   XY=             -3.9591   XZ=             -0.0000   YZ=             -0.0000
 Octapole moment (field-independent basis, Debye-Ang**2):
  XXX=              0.0000  YYY=             -0.0000  ZZZ=              0.0000  XYY=             -0.0000
  XXY=             -0.0000  XXZ=              0.0000  XZZ=             -0.0000  YZZ=             -0.0000
  YYZ=              0.0000  XYZ=              0.0000
 Hexadecapole moment (field-independent basis, Debye-Ang**3):
 XXXX=            -77.2591 YYYY=           -235.0745 ZZZZ=            -16.7343 XXXY=            -12.6701
 XXXZ=             -0.0000 YYYX=            -27.2607 YYYZ=             -0.0000 ZZZX=             -0.0000
 ZZZY=             -0.0000 XXYY=            -46.7014 XXZZ=            -16.4339 YYZZ=            -31.4334
 XXYZ=             -0.0000 YYXZ=             -0.0000 ZZXY=             -2.9751
 N-N= 2.012392438513D+01 E-N=-5.187763884708D+01  KE= 7.578449251599D+00
 Symmetry AG   KE= 1.667669685981D+00
 Symmetry BG   KE= 0.000000000000D+00
 Symmetry AU   KE= 0.000000000000D+00
 Symmetry BU   KE= 5.910779565618D+00

 Test job not archived.
 1\1\GINC-SULU\Stability\RHF\Gen\H12\LCJ1\17-Feb-2017\0\\#rhf/gen scf(s
 ymm,tight,novaracc,noincfock,fulldiag) stable(crhf) guess=read geom=no
 crowd test\\hf stability analysis of h12 triangular lattice, y= 0.8221
 8632017573356\\0,1\H\H,1,1.0812465189\H,1,1.0812465189,2,81.\H,2,1.081
 2465189,1,99.,3,0.,0\H,2,1.0812465189,1,180.,3,0.,0\H,4,1.0812465189,3
 ,180.,5,0.,0\H,6,1.0812465189,5,180.,3,0.,0\H,4,1.0812465189,2,180.,3,
 0.,0\H,3,1.0812465189,1,180.,4,0.,0\H,9,1.0812465189,3,180.,4,0.,0\H,8
 ,1.0812465189,4,180.,3,0.,0\H,7,1.0812465189,6,180.,3,0.,0\\Version=ES
 64L-G09RevE.01\State=1-AG\HF=-5.0354833\MP2=-5.1960117\RMSD=4.957e-09\
 Dipole=0.,0.,0.\Quadrupole=-4.3263008,2.0580592,2.2682416,0.,-4.166311
 4,0.\PG=C02H [SGH(H12)]\\@


 Everywhere is walking distance if you have the time.
                                    -- Steven Wright
 Job cpu time:       0 days  0 hours  0 minutes  1.2 seconds.
 File lengths (MBytes):  RWF=     84 Int=      0 D2E=      0 Chk=      2 Scr=      2
 Normal termination of Gaussian 09 at Fri Feb 17 15:01:35 2017.
