 Entering Gaussian System, Link 0=g09
 AtFile(1): H.gbs
            H     0
            S   10   1.00
               1000.000000000000            0.000068713567
                316.227766000000            0.000169141320
                100.000000000000            0.000823394812
                 31.622776600000            0.003425569236
                 10.000000000000            0.013951996000
                  3.162277660000            0.056909313560
                  1.000000000000            0.198286399900
                  0.316227766000            0.496922426700
                  0.100000000000            0.369846276400
                  0.031622776600            0.003752720039
            ****
 Initial command:
 /projects/guscus/apps/gau/g09-e1/g09/l1.exe "/users/lcj1/gaussian/h12/rhfstability/rect/guess/ag2bu4/Gau-19152.inp" -scrdir="/users/lcj1/gaussian/h12/rhfstability/rect/guess/ag2bu4/"
 Entering Link 1 = /projects/guscus/apps/gau/g09-e1/g09/l1.exe PID=     19153.
  
 Copyright (c) 1988,1990,1992,1993,1995,1998,2003,2009,2015,
            Gaussian, Inc.  All Rights Reserved.
  
 This is part of the Gaussian(R) 09 program.  It is based on
 the Gaussian(R) 03 system (copyright 2003, Gaussian, Inc.),
 the Gaussian(R) 98 system (copyright 1998, Gaussian, Inc.),
 the Gaussian(R) 94 system (copyright 1995, Gaussian, Inc.),
 the Gaussian 92(TM) system (copyright 1992, Gaussian, Inc.),
 the Gaussian 90(TM) system (copyright 1990, Gaussian, Inc.),
 the Gaussian 88(TM) system (copyright 1988, Gaussian, Inc.),
 the Gaussian 86(TM) system (copyright 1986, Carnegie Mellon
 University), and the Gaussian 82(TM) system (copyright 1983,
 Carnegie Mellon University). Gaussian is a federally registered
 trademark of Gaussian, Inc.
  
 This software contains proprietary and confidential information,
 including trade secrets, belonging to Gaussian, Inc.
  
 This software is provided under written license and may be
 used, copied, transmitted, or stored only in accord with that
 written license.
  
 The following legend is applicable only to US Government
 contracts under FAR:
  
                    RESTRICTED RIGHTS LEGEND
  
 Use, reproduction and disclosure by the US Government is
 subject to restrictions as set forth in subparagraphs (a)
 and (c) of the Commercial Computer Software - Restricted
 Rights clause in FAR 52.227-19.
  
 Gaussian, Inc.
 340 Quinnipiac St., Bldg. 40, Wallingford CT 06492
  
  
 ---------------------------------------------------------------
 Warning -- This program may not be used in any manner that
 competes with the business of Gaussian, Inc. or will provide
 assistance to any competitor of Gaussian, Inc.  The licensee
 of this program is prohibited from giving any competitor of
 Gaussian, Inc. access to this program.  By using this program,
 the user acknowledges that Gaussian, Inc. is engaged in the
 business of creating and licensing software in the field of
 computational chemistry and represents and warrants to the
 licensee that it is not a competitor of Gaussian, Inc. and that
 it will not use this program in any manner prohibited above.
 ---------------------------------------------------------------
  

 Cite this work as:
 Gaussian 09, Revision E.01,
 M. J. Frisch, G. W. Trucks, H. B. Schlegel, G. E. Scuseria, 
 M. A. Robb, J. R. Cheeseman, G. Scalmani, V. Barone, B. Mennucci, 
 G. A. Petersson, H. Nakatsuji, M. Caricato, X. Li, H. P. Hratchian, 
 A. F. Izmaylov, J. Bloino, G. Zheng, J. L. Sonnenberg, M. Hada, 
 M. Ehara, K. Toyota, R. Fukuda, J. Hasegawa, M. Ishida, T. Nakajima, 
 Y. Honda, O. Kitao, H. Nakai, T. Vreven, J. A. Montgomery, Jr., 
 J. E. Peralta, F. Ogliaro, M. Bearpark, J. J. Heyd, E. Brothers, 
 K. N. Kudin, V. N. Staroverov, T. Keith, R. Kobayashi, J. Normand, 
 K. Raghavachari, A. Rendell, J. C. Burant, S. S. Iyengar, J. Tomasi, 
 M. Cossi, N. Rega, J. M. Millam, M. Klene, J. E. Knox, J. B. Cross, 
 V. Bakken, C. Adamo, J. Jaramillo, R. Gomperts, R. E. Stratmann, 
 O. Yazyev, A. J. Austin, R. Cammi, C. Pomelli, J. W. Ochterski, 
 R. L. Martin, K. Morokuma, V. G. Zakrzewski, G. A. Voth, 
 P. Salvador, J. J. Dannenberg, S. Dapprich, A. D. Daniels, 
 O. Farkas, J. B. Foresman, J. V. Ortiz, J. Cioslowski, 
 and D. J. Fox, Gaussian, Inc., Wallingford CT, 2013.
 
 ******************************************
 Gaussian 09:  ES64L-G09RevE.01 30-Nov-2015
                17-Feb-2017 
 ******************************************
 %chk=h12.chk
 ----------------------------------------------------------------------
 #rhf/gen scf(symm,tight,novaracc,noincfock,fulldiag) stable(crhf) gues
 s=read geom=nocrowd test
 ----------------------------------------------------------------------
 1/38=1/1;
 2/12=1,17=6,18=5,40=1/2;
 3/5=7,16=1,25=1,30=1,116=1/1,2,3;
 4/5=1,9=4/1;
 5/5=100002,15=2,16=1,32=2,38=6/2;
 8/6=1,10=90,11=11/1,4;
 9/8=4,13=1/2;
 6/7=2,8=2,9=2,10=2,28=1/1;
 99/5=1,9=1/99;
 ----------------------------------------------------------------------
 hf stability analysis of h12 triangular lattice, y= 0.5977250200806807
 4
 ----------------------------------------------------------------------
 Symbolic Z-matrix:
 Charge =  0 Multiplicity = 1
 H
 H                    1     1.1359 
 H                    1     1.1359   2     116.5 
 H                    2     1.1359   1     63.5     3     0.       0
 H                    2     1.1359   1     180.     3     0.       0
 H                    4     1.1359   3     180.     5     0.       0
 H                    6     1.1359   5     180.     3     0.       0
 H                    4     1.1359   2     180.     3     0.       0
 H                    3     1.1359   1     180.     4     0.       0
 H                    9     1.1359   3     180.     4     0.       0
 H                    8     1.1359   4     180.     3     0.       0
 H                    7     1.1359   6     180.     3     0.       0
 
                          Input orientation:                          
 ---------------------------------------------------------------------
 Center     Atomic      Atomic             Coordinates (Angstroms)
 Number     Number       Type             X           Y           Z
 ---------------------------------------------------------------------
      1          1           0        0.000000    0.000000    0.000000
      2          1           0        0.000000    0.000000    1.135897
      3          1           0        1.016554    0.000000   -0.506835
      4          1           0        1.016554    0.000000    0.629062
      5          1           0        0.000000    0.000000    2.271795
      6          1           0        1.016554    0.000000    1.764960
      7          1           0        2.033107    0.000000    1.258125
      8          1           0        2.033107    0.000000    0.122228
      9          1           0        2.033107    0.000000   -1.013670
     10          1           0        3.049661    0.000000   -1.520505
     11          1           0        3.049661    0.000000   -0.384607
     12          1           0        3.049661    0.000000    0.751290
 ---------------------------------------------------------------------
                    Distance matrix (angstroms):
                    1          2          3          4          5
     1  H    0.000000
     2  H    1.135897   0.000000
     3  H    1.135897   1.931826   0.000000
     4  H    1.195450   1.135897   1.135897   0.000000
     5  H    2.271795   1.135897   2.958744   1.931826   0.000000
     6  H    2.036778   1.195450   2.271795   1.135897   1.135897
     7  H    2.390900   2.036778   2.036778   1.195450   2.271795
     8  H    2.036778   2.271795   1.195450   1.135897   2.958744
     9  H    2.271795   2.958744   1.135897   1.931826   3.863651
    10  H    3.407692   4.044367   2.271795   2.958744   4.866412
    11  H    3.073817   3.407692   2.036778   2.271795   4.044367
    12  H    3.140839   3.073817   2.390900   2.036778   3.407692
                    6          7          8          9         10
     6  H    0.000000
     7  H    1.135897   0.000000
     8  H    1.931826   1.135897   0.000000
     9  H    2.958744   2.271795   1.135897   0.000000
    10  H    3.863651   2.958744   1.931826   1.135897   0.000000
    11  H    2.958744   1.931826   1.135897   1.195450   1.135897
    12  H    2.271795   1.135897   1.195450   2.036778   2.271795
                   11         12
    11  H    0.000000
    12  H    1.135897   0.000000
 Stoichiometry    H12
 Framework group  C2H[SGH(H12)]
 Deg. of freedom    11
 Full point group                 C2H     NOp   4
 Largest Abelian subgroup         C2H     NOp   4
 Largest concise Abelian subgroup C2      NOp   2
                         Standard orientation:                         
 ---------------------------------------------------------------------
 Center     Atomic      Atomic             Coordinates (Angstroms)
 Number     Number       Type             X           Y           Z
 ---------------------------------------------------------------------
      1          1           0        1.016554    1.197011    0.000000
      2          1           0        0.000000    1.703846   -0.000000
      3          1           0        1.016554    0.061114    0.000000
      4          1           0        0.000000    0.567949   -0.000000
      5          1           0       -1.016554    2.210681   -0.000000
      6          1           0       -1.016554    1.074784   -0.000000
      7          1           0       -1.016554   -0.061114    0.000000
      8          1           0       -0.000000   -0.567949   -0.000000
      9          1           0        1.016554   -1.074784   -0.000000
     10          1           0        1.016554   -2.210681   -0.000000
     11          1           0       -0.000000   -1.703846   -0.000000
     12          1           0       -1.016554   -1.197011    0.000000
 ---------------------------------------------------------------------
 Rotational constants (GHZ):     70.8140982     22.1934290     16.8976394
 General basis read from cards:  (5D, 7F)
 There are     6 symmetry adapted cartesian basis functions of AG  symmetry.
 There are     0 symmetry adapted cartesian basis functions of BG  symmetry.
 There are     0 symmetry adapted cartesian basis functions of AU  symmetry.
 There are     6 symmetry adapted cartesian basis functions of BU  symmetry.
 There are     6 symmetry adapted basis functions of AG  symmetry.
 There are     0 symmetry adapted basis functions of BG  symmetry.
 There are     0 symmetry adapted basis functions of AU  symmetry.
 There are     6 symmetry adapted basis functions of BU  symmetry.
    12 basis functions,   120 primitive gaussians,    12 cartesian basis functions
     6 alpha electrons        6 beta electrons
       nuclear repulsion energy        19.6849039277 Hartrees.
 NAtoms=   12 NActive=   12 NUniq=    6 SFac= 4.00D+00 NAtFMM=   60 NAOKFM=F Big=F
 Integral buffers will be    131072 words long.
 Regular integral format.
 Two-electron integral symmetry is turned on.
 One-electron integrals computed using PRISM.
 NBasis=    12 RedAO= T EigKep=  1.64D-01  NBF=     6     0     0     6
 NBsUse=    12 1.00D-06 EigRej= -1.00D+00 NBFU=     6     0     0     6
 Initial guess from the checkpoint file:  "h12.chk"
 B after Tr=     0.000000    0.000000   -0.000000
         Rot=    0.999999   -0.000000   -0.000000   -0.001518 Ang=  -0.17 deg.
 Initial guess orbital symmetries:
       Occupied  (AG) (BU) (BU) (AG) (BU) (BU)
       Virtual   (AG) (AG) (AG) (BU) (AG) (BU)
 Keep R1 ints in memory in symmetry-blocked form, NReq=903966.
 Requested convergence on RMS density matrix=1.00D-08 within 128 cycles.
 Requested convergence on MAX density matrix=1.00D-06.
 Requested convergence on             energy=1.00D-06.
 No special actions if energy rises.
 SCF Done:  E(RHF) =  -5.14053663317     A.U. after   10 cycles
            NFock= 10  Conv=0.72D-08     -V/T= 1.7038
 Range of M.O.s used for correlation:     1    12
 NBasis=    12 NAE=     6 NBE=     6 NFC=     0 NFV=     0
 NROrb=     12 NOA=     6 NOB=     6 NVA=     6 NVB=     6

 **** Warning!!: The smallest alpha delta epsilon is -0.16207841D+00

 Semi-Direct transformation.
 ModeAB=           4 MOrb=             6 LenV=     134084283
 LASXX=         2181 LTotXX=        2181 LenRXX=        5115
 LTotAB=        2934 MaxLAS=        3024 LenRXY=           0
 NonZer=        7296 LenScr=      655360 LnRSAI=        3024
 LnScr1=      655360 LExtra=           0 Total=      1318859
 MaxDsk=          -1 SrtSym=           T ITran=            3
 JobTyp=0 Pass  1:  I=   1 to   6.
 (rs|ai) integrals will be sorted in core.
 Spin components of T(2) and E(2):
     alpha-alpha T2 =       0.1794313594D-01 E2=     -0.1592221780D-01
     alpha-beta  T2 =       0.1032121350D+01 E2=     -0.1416992080D+00
     beta-beta   T2 =       0.1794313594D-01 E2=     -0.1592221780D-01
 ANorm=    0.1438056891D+01
 E2 =    -0.1735436436D+00 EUMP2 =    -0.53140802767663D+01
 Second order stability test of a single determinant RHF wave function:
 Stabil:  MDV=134217728
 ***********************************************************************
 Matrix         Lowest Root    Major Pairs
 ***********************************************************************
 Internal RHF    -0.3432671    6A=7A
 RRHF --> CRHF   -0.4086064    6A=7A
 RRHF --> RUHF   -0.5763041    6A=7B
 Not stable.
 ***********************************************************************

 **********************************************************************

            Population analysis using the SCF density.

 **********************************************************************

 Orbital symmetries:
       Occupied  (AG) (BU) (BU) (AG) (BU) (BU)
       Virtual   (AG) (AG) (AG) (BU) (AG) (BU)
 The electronic state is 1-AG.
 Alpha  occ. eigenvalues --   -0.92220  -0.73697  -0.59863  -0.52168  -0.23864
 Alpha  occ. eigenvalues --   -0.01198
 Alpha virt. eigenvalues --   -0.17405   0.10042   0.30578   0.34247   0.57175
 Alpha virt. eigenvalues --    0.64941
          Condensed to atoms (all electrons):
               1          2          3          4          5          6
     1  H    0.466342   0.153507  -0.044439   0.152658  -0.064507  -0.054015
     2  H    0.153507   1.575348  -0.243335  -0.449890   0.171773  -0.339743
     3  H   -0.044439  -0.243335   1.658396   0.283219   0.022606   0.064521
     4  H    0.152658  -0.449890   0.283219   1.467970  -0.151618   0.436025
     5  H   -0.064507   0.171773   0.022606  -0.151618   1.122908   0.135475
     6  H   -0.054015  -0.339743   0.064521   0.436025   0.135475   1.156882
     7  H    0.030258   0.142681  -0.264715  -0.049902  -0.115710  -0.335495
     8  H   -0.023279   0.094522  -0.049902  -0.516600   0.021854  -0.213874
     9  H    0.036528   0.066181  -0.335495  -0.213874   0.001656  -0.056693
    10  H    0.010555   0.002645  -0.115710   0.021854  -0.001804   0.001656
    11  H   -0.018486  -0.033095   0.142681   0.094522   0.002645   0.066181
    12  H   -0.019687  -0.018486   0.030258  -0.023279   0.010555   0.036528
               7          8          9         10         11         12
     1  H    0.030258  -0.023279   0.036528   0.010555  -0.018486  -0.019687
     2  H    0.142681   0.094522   0.066181   0.002645  -0.033095  -0.018486
     3  H   -0.264715  -0.049902  -0.335495  -0.115710   0.142681   0.030258
     4  H   -0.049902  -0.516600  -0.213874   0.021854   0.094522  -0.023279
     5  H   -0.115710   0.021854   0.001656  -0.001804   0.002645   0.010555
     6  H   -0.335495  -0.213874  -0.056693   0.001656   0.066181   0.036528
     7  H    1.658396   0.283219   0.064521   0.022606  -0.243335  -0.044439
     8  H    0.283219   1.467970   0.436025  -0.151618  -0.449890   0.152658
     9  H    0.064521   0.436025   1.156882   0.135475  -0.339743  -0.054015
    10  H    0.022606  -0.151618   0.135475   1.122908   0.171773  -0.064507
    11  H   -0.243335  -0.449890  -0.339743   0.171773   1.575348   0.153507
    12  H   -0.044439   0.152658  -0.054015  -0.064507   0.153507   0.466342
 Mulliken charges:
               1
     1  H    0.374564
     2  H   -0.122109
     3  H   -0.148088
     4  H   -0.051087
     5  H   -0.155832
     6  H    0.102552
     7  H   -0.148088
     8  H   -0.051087
     9  H    0.102552
    10  H   -0.155832
    11  H   -0.122109
    12  H    0.374564
 Sum of Mulliken charges =  -0.00000
 Mulliken charges with hydrogens summed into heavy atoms:
               1
 Electronic spatial extent (au):  <R**2>=            146.8170
 Charge=             -0.0000 electrons
 Dipole moment (field-independent basis, Debye):
    X=              0.0000    Y=             -0.0000    Z=              0.0000  Tot=              0.0000
 Quadrupole moment (field-independent basis, Debye-Ang):
   XX=            -14.1409   YY=            -26.1077   ZZ=            -14.6852
   XY=              7.4405   XZ=              0.0000   YZ=              0.0000
 Traceless Quadrupole moment (field-independent basis, Debye-Ang):
   XX=              4.1704   YY=             -7.7964   ZZ=              3.6260
   XY=              7.4405   XZ=              0.0000   YZ=              0.0000
 Octapole moment (field-independent basis, Debye-Ang**2):
  XXX=              0.0000  YYY=             -0.0000  ZZZ=              0.0000  XYY=              0.0000
  XXY=             -0.0000  XXZ=              0.0000  XZZ=              0.0000  YZZ=             -0.0000
  YYZ=              0.0000  XYZ=             -0.0000
 Hexadecapole moment (field-independent basis, Debye-Ang**3):
 XXXX=            -78.7136 YYYY=           -279.7617 ZZZZ=            -17.1457 XXXY=             30.6398
 XXXZ=             -0.0000 YYYX=             51.0169 YYYZ=              0.0000 ZZZX=             -0.0000
 ZZZY=              0.0000 XXYY=            -51.1540 XXZZ=            -16.2141 YYZZ=            -36.6144
 XXYZ=              0.0000 YYXZ=             -0.0000 ZZXY=              7.2954
 N-N= 1.968490392766D+01 E-N=-5.089478678013D+01  KE= 7.304101257849D+00
 Symmetry AG   KE= 1.535060042200D+00
 Symmetry BG   KE= 0.000000000000D+00
 Symmetry AU   KE= 0.000000000000D+00
 Symmetry BU   KE= 5.769041215649D+00

 Test job not archived.
 1\1\GINC-SULU\Stability\RHF\Gen\H12\LCJ1\17-Feb-2017\0\\#rhf/gen scf(s
 ymm,tight,novaracc,noincfock,fulldiag) stable(crhf) guess=read geom=no
 crowd test\\hf stability analysis of h12 triangular lattice, y= 0.5977
 2502008068074\\0,1\H\H,1,1.1358973572\H,1,1.1358973572,2,116.5\H,2,1.1
 358973572,1,63.5,3,0.,0\H,2,1.1358973572,1,180.,3,0.,0\H,4,1.135897357
 2,3,180.,5,0.,0\H,6,1.1358973572,5,180.,3,0.,0\H,4,1.1358973572,2,180.
 ,3,0.,0\H,3,1.1358973572,1,180.,4,0.,0\H,9,1.1358973572,3,180.,4,0.,0\
 H,8,1.1358973572,4,180.,3,0.,0\H,7,1.1358973572,6,180.,3,0.,0\\Version
 =ES64L-G09RevE.01\State=1-AG\HF=-5.1405366\MP2=-5.3140803\RMSD=7.187e-
 09\Dipole=0.,0.,0.\Quadrupole=0.3927846,2.6958659,-3.0886505,0.,6.8818
 833,0.\PG=C02H [SGH(H12)]\\@


 ABALONE: AN EXPRESSION OF DISBELIEF.
 Job cpu time:       0 days  0 hours  0 minutes  1.1 seconds.
 File lengths (MBytes):  RWF=     84 Int=      0 D2E=      0 Chk=      2 Scr=      2
 Normal termination of Gaussian 09 at Fri Feb 17 14:57:51 2017.
