 Entering Gaussian System, Link 0=g09
 AtFile(1): H.gbs
            H     0
            S   10   1.00
               1000.000000000000            0.000068713567
                316.227766000000            0.000169141320
                100.000000000000            0.000823394812
                 31.622776600000            0.003425569236
                 10.000000000000            0.013951996000
                  3.162277660000            0.056909313560
                  1.000000000000            0.198286399900
                  0.316227766000            0.496922426700
                  0.100000000000            0.369846276400
                  0.031622776600            0.003752720039
            ****
 Initial command:
 /projects/guscus/apps/gau/g09-e1/g09/l1.exe "/users/lcj1/gaussian/h12/rhfstability/rect/guess/ag2bu4/Gau-9531.inp" -scrdir="/users/lcj1/gaussian/h12/rhfstability/rect/guess/ag2bu4/"
 Entering Link 1 = /projects/guscus/apps/gau/g09-e1/g09/l1.exe PID=      9532.
  
 Copyright (c) 1988,1990,1992,1993,1995,1998,2003,2009,2015,
            Gaussian, Inc.  All Rights Reserved.
  
 This is part of the Gaussian(R) 09 program.  It is based on
 the Gaussian(R) 03 system (copyright 2003, Gaussian, Inc.),
 the Gaussian(R) 98 system (copyright 1998, Gaussian, Inc.),
 the Gaussian(R) 94 system (copyright 1995, Gaussian, Inc.),
 the Gaussian 92(TM) system (copyright 1992, Gaussian, Inc.),
 the Gaussian 90(TM) system (copyright 1990, Gaussian, Inc.),
 the Gaussian 88(TM) system (copyright 1988, Gaussian, Inc.),
 the Gaussian 86(TM) system (copyright 1986, Carnegie Mellon
 University), and the Gaussian 82(TM) system (copyright 1983,
 Carnegie Mellon University). Gaussian is a federally registered
 trademark of Gaussian, Inc.
  
 This software contains proprietary and confidential information,
 including trade secrets, belonging to Gaussian, Inc.
  
 This software is provided under written license and may be
 used, copied, transmitted, or stored only in accord with that
 written license.
  
 The following legend is applicable only to US Government
 contracts under FAR:
  
                    RESTRICTED RIGHTS LEGEND
  
 Use, reproduction and disclosure by the US Government is
 subject to restrictions as set forth in subparagraphs (a)
 and (c) of the Commercial Computer Software - Restricted
 Rights clause in FAR 52.227-19.
  
 Gaussian, Inc.
 340 Quinnipiac St., Bldg. 40, Wallingford CT 06492
  
  
 ---------------------------------------------------------------
 Warning -- This program may not be used in any manner that
 competes with the business of Gaussian, Inc. or will provide
 assistance to any competitor of Gaussian, Inc.  The licensee
 of this program is prohibited from giving any competitor of
 Gaussian, Inc. access to this program.  By using this program,
 the user acknowledges that Gaussian, Inc. is engaged in the
 business of creating and licensing software in the field of
 computational chemistry and represents and warrants to the
 licensee that it is not a competitor of Gaussian, Inc. and that
 it will not use this program in any manner prohibited above.
 ---------------------------------------------------------------
  

 Cite this work as:
 Gaussian 09, Revision E.01,
 M. J. Frisch, G. W. Trucks, H. B. Schlegel, G. E. Scuseria, 
 M. A. Robb, J. R. Cheeseman, G. Scalmani, V. Barone, B. Mennucci, 
 G. A. Petersson, H. Nakatsuji, M. Caricato, X. Li, H. P. Hratchian, 
 A. F. Izmaylov, J. Bloino, G. Zheng, J. L. Sonnenberg, M. Hada, 
 M. Ehara, K. Toyota, R. Fukuda, J. Hasegawa, M. Ishida, T. Nakajima, 
 Y. Honda, O. Kitao, H. Nakai, T. Vreven, J. A. Montgomery, Jr., 
 J. E. Peralta, F. Ogliaro, M. Bearpark, J. J. Heyd, E. Brothers, 
 K. N. Kudin, V. N. Staroverov, T. Keith, R. Kobayashi, J. Normand, 
 K. Raghavachari, A. Rendell, J. C. Burant, S. S. Iyengar, J. Tomasi, 
 M. Cossi, N. Rega, J. M. Millam, M. Klene, J. E. Knox, J. B. Cross, 
 V. Bakken, C. Adamo, J. Jaramillo, R. Gomperts, R. E. Stratmann, 
 O. Yazyev, A. J. Austin, R. Cammi, C. Pomelli, J. W. Ochterski, 
 R. L. Martin, K. Morokuma, V. G. Zakrzewski, G. A. Voth, 
 P. Salvador, J. J. Dannenberg, S. Dapprich, A. D. Daniels, 
 O. Farkas, J. B. Foresman, J. V. Ortiz, J. Cioslowski, 
 and D. J. Fox, Gaussian, Inc., Wallingford CT, 2013.
 
 ******************************************
 Gaussian 09:  ES64L-G09RevE.01 30-Nov-2015
                17-Feb-2017 
 ******************************************
 %chk=h12.chk
 ----------------------------------------------------------------------
 #rhf/gen scf(symm,tight,novaracc,noincfock,fulldiag) stable(crhf) gues
 s=read geom=nocrowd test
 ----------------------------------------------------------------------
 1/38=1/1;
 2/12=1,17=6,18=5,40=1/2;
 3/5=7,16=1,25=1,30=1,116=1/1,2,3;
 4/5=1,9=4/1;
 5/5=100002,15=2,16=1,32=2,38=6/2;
 8/6=1,10=90,11=11/1,4;
 9/8=4,13=1/2;
 6/7=2,8=2,9=2,10=2,28=1/1;
 99/5=1,9=1/99;
 ----------------------------------------------------------------------
 hf stability analysis of h12 triangular lattice, y= 1.6660489144325314
 ----------------------------------------------------------------------
 Symbolic Z-matrix:
 Charge =  0 Multiplicity = 1
 H
 H                    1     1.70171 
 H                    1     1.70171  2     23.5 
 H                    2     1.70171  1     156.5    3     0.       0
 H                    2     1.70171  1     180.     3     0.       0
 H                    4     1.70171  3     180.     5     0.       0
 H                    6     1.70171  5     180.     3     0.       0
 H                    4     1.70171  2     180.     3     0.       0
 H                    3     1.70171  1     180.     4     0.       0
 H                    9     1.70171  3     180.     4     0.       0
 H                    8     1.70171  4     180.     3     0.       0
 H                    7     1.70171  6     180.     3     0.       0
 
                          Input orientation:                          
 ---------------------------------------------------------------------
 Center     Atomic      Atomic             Coordinates (Angstroms)
 Number     Number       Type             X           Y           Z
 ---------------------------------------------------------------------
      1          1           0        0.000000    0.000000    0.000000
      2          1           0        0.000000    0.000000    1.701707
      3          1           0        0.678554    0.000000    1.560568
      4          1           0        0.678554    0.000000    3.262275
      5          1           0        0.000000    0.000000    3.403415
      6          1           0        0.678554    0.000000    4.963983
      7          1           0        1.357108    0.000000    6.524551
      8          1           0        1.357108    0.000000    4.822843
      9          1           0        1.357108    0.000000    3.121136
     10          1           0        2.035663    0.000000    4.681704
     11          1           0        2.035663    0.000000    6.383411
     12          1           0        2.035663    0.000000    8.085118
 ---------------------------------------------------------------------
                    Distance matrix (angstroms):
                    1          2          3          4          5
     1  H    0.000000
     2  H    1.701707   0.000000
     3  H    1.701707   0.693077   0.000000
     4  H    3.332098   1.701707   1.701707   0.000000
     5  H    3.403415   1.701707   1.963803   0.693077   0.000000
     6  H    5.010146   3.332098   3.403415   1.701707   1.701707
     7  H    6.664196   5.010146   5.010146   3.332098   3.403415
     8  H    5.010146   3.403415   3.332098   1.701707   1.963803
     9  H    3.403415   1.963803   1.701707   0.693077   1.386155
    10  H    5.105122   3.608920   3.403415   1.963803   2.403736
    11  H    6.700139   5.105122   5.010146   3.403415   3.608920
    12  H    8.337449   6.700139   6.664196   5.010146   5.105122
                    6          7          8          9         10
     6  H    0.000000
     7  H    1.701707   0.000000
     8  H    0.693077   1.701707   0.000000
     9  H    1.963803   3.403415   1.701707   0.000000
    10  H    1.386155   1.963803   0.693077   1.701707   0.000000
    11  H    1.963803   0.693077   1.701707   3.332098   1.701707
    12  H    3.403415   1.701707   3.332098   5.010146   3.403415
                   11         12
    11  H    0.000000
    12  H    1.701707   0.000000
 Stoichiometry    H12
 Framework group  C2H[SGH(H12)]
 Deg. of freedom    11
 Full point group                 C2H     NOp   4
 Largest Abelian subgroup         C2H     NOp   4
 Largest concise Abelian subgroup C2      NOp   2
                         Standard orientation:                         
 ---------------------------------------------------------------------
 Center     Atomic      Atomic             Coordinates (Angstroms)
 Number     Number       Type             X           Y           Z
 ---------------------------------------------------------------------
      1          1           0        0.678554    4.113129    0.000000
      2          1           0       -0.000000    2.552561    0.000000
      3          1           0        0.678554    2.411422    0.000000
      4          1           0       -0.000000    0.850854    0.000000
      5          1           0       -0.678554    0.991993    0.000000
      6          1           0       -0.678554   -0.709714   -0.000000
      7          1           0       -0.678554   -2.411422   -0.000000
      8          1           0       -0.000000   -0.850854   -0.000000
      9          1           0        0.678554    0.709714   -0.000000
     10          1           0        0.678554   -0.991993   -0.000000
     11          1           0       -0.000000   -2.552561   -0.000000
     12          1           0       -0.678554   -4.113129   -0.000000
 ---------------------------------------------------------------------
 Rotational constants (GHZ):    200.9197821      7.8220623      7.5289507
 General basis read from cards:  (5D, 7F)
 There are     6 symmetry adapted cartesian basis functions of AG  symmetry.
 There are     0 symmetry adapted cartesian basis functions of BG  symmetry.
 There are     0 symmetry adapted cartesian basis functions of AU  symmetry.
 There are     6 symmetry adapted cartesian basis functions of BU  symmetry.
 There are     6 symmetry adapted basis functions of AG  symmetry.
 There are     0 symmetry adapted basis functions of BG  symmetry.
 There are     0 symmetry adapted basis functions of AU  symmetry.
 There are     6 symmetry adapted basis functions of BU  symmetry.
    12 basis functions,   120 primitive gaussians,    12 cartesian basis functions
     6 alpha electrons        6 beta electrons
       nuclear repulsion energy        16.9690306584 Hartrees.
 NAtoms=   12 NActive=   12 NUniq=    6 SFac= 4.00D+00 NAtFMM=   60 NAOKFM=F Big=F
 Integral buffers will be    131072 words long.
 Regular integral format.
 Two-electron integral symmetry is turned on.
 One-electron integrals computed using PRISM.
 NBasis=    12 RedAO= T EigKep=  8.52D-02  NBF=     6     0     0     6
 NBsUse=    12 1.00D-06 EigRej= -1.00D+00 NBFU=     6     0     0     6
 Initial guess from the checkpoint file:  "h12.chk"
 B after Tr=     0.000000    0.000000    0.000000
         Rot=    0.999999   -0.000000    0.000000   -0.001518 Ang=  -0.17 deg.
 Initial guess orbital symmetries:
       Occupied  (AG) (BU) (AG) (BU) (BU) (BU)
       Virtual   (AG) (AG) (BU) (AG) (AG) (BU)
 Keep R1 ints in memory in symmetry-blocked form, NReq=896938.
 Requested convergence on RMS density matrix=1.00D-08 within 128 cycles.
 Requested convergence on MAX density matrix=1.00D-06.
 Requested convergence on             energy=1.00D-06.
 No special actions if energy rises.
 SCF Done:  E(RHF) =  -5.66839032996     A.U. after    6 cycles
            NFock=  6  Conv=0.92D-08     -V/T= 1.8954
 Range of M.O.s used for correlation:     1    12
 NBasis=    12 NAE=     6 NBE=     6 NFC=     0 NFV=     0
 NROrb=     12 NOA=     6 NOB=     6 NVA=     6 NVB=     6

 **** Warning!!: The smallest alpha delta epsilon is  0.62247432D-01

 Semi-Direct transformation.
 ModeAB=           4 MOrb=             6 LenV=     134090667
 LASXX=         2181 LTotXX=        2181 LenRXX=        5115
 LTotAB=        2934 MaxLAS=        3024 LenRXY=           0
 NonZer=        7296 LenScr=      655360 LnRSAI=        3024
 LnScr1=      655360 LExtra=           0 Total=      1318859
 MaxDsk=          -1 SrtSym=           T ITran=            3
 JobTyp=0 Pass  1:  I=   1 to   6.
 (rs|ai) integrals will be sorted in core.
 Spin components of T(2) and E(2):
     alpha-alpha T2 =       0.6073583214D-02 E2=     -0.5374735662D-02
     alpha-beta  T2 =       0.5012443642D+01 E2=     -0.6895374292D+00
     beta-beta   T2 =       0.6073583214D-02 E2=     -0.5374735662D-02
 ANorm=    0.2454504188D+01
 E2 =    -0.7002869005D+00 EUMP2 =    -0.63686772304961D+01
 Second order stability test of a single determinant RHF wave function:
 Stabil:  MDV=134217728
 ***********************************************************************
 Matrix         Lowest Root    Major Pairs
 ***********************************************************************
 Internal RHF     0.0522049    Stable
 RRHF --> CRHF   -0.0028488    6A=7A
 RRHF --> RUHF   -0.5622638    6A=7B
 Not stable.
 ***********************************************************************

 **********************************************************************

            Population analysis using the SCF density.

 **********************************************************************

 Orbital symmetries:
       Occupied  (AG) (BU) (AG) (BU) (BU) (BU)
       Virtual   (AG) (AG) (BU) (AG) (AG) (BU)
 The electronic state is 1-AG.
 Alpha  occ. eigenvalues --   -0.88626  -0.78107  -0.65311  -0.61665  -0.35928
 Alpha  occ. eigenvalues --   -0.17591
 Alpha virt. eigenvalues --   -0.11366   0.02854   0.45723   0.48574   0.79585
 Alpha virt. eigenvalues --    1.01553
          Condensed to atoms (all electrons):
               1          2          3          4          5          6
     1  H    1.133035  -0.056058  -0.053519   0.001953   0.000720  -0.000102
     2  H   -0.056058   0.688814   0.511015  -0.074909  -0.015367   0.004798
     3  H   -0.053519   0.511015   0.659681  -0.071680  -0.044181  -0.001166
     4  H    0.001953  -0.074909  -0.071680   0.960771   0.277912  -0.050916
     5  H    0.000720  -0.015367  -0.044181   0.277912   0.779318   0.194313
     6  H   -0.000102   0.004798  -0.001166  -0.050916   0.194313   0.930063
     7  H    0.000030  -0.000137  -0.000163   0.002689   0.003437  -0.020567
     8  H   -0.000189   0.002717   0.002689  -0.085366  -0.026703   0.313097
     9  H    0.000949  -0.053163  -0.020567   0.313097  -0.234276  -0.192883
    10  H   -0.000070  -0.000997   0.003437  -0.026703  -0.092423  -0.234276
    11  H    0.000029  -0.000161  -0.000137   0.002717  -0.000997  -0.053163
    12  H   -0.000009   0.000029   0.000030  -0.000189  -0.000070   0.000949
               7          8          9         10         11         12
     1  H    0.000030  -0.000189   0.000949  -0.000070   0.000029  -0.000009
     2  H   -0.000137   0.002717  -0.053163  -0.000997  -0.000161   0.000029
     3  H   -0.000163   0.002689  -0.020567   0.003437  -0.000137   0.000030
     4  H    0.002689  -0.085366   0.313097  -0.026703   0.002717  -0.000189
     5  H    0.003437  -0.026703  -0.234276  -0.092423  -0.000997  -0.000070
     6  H   -0.020567   0.313097  -0.192883  -0.234276  -0.053163   0.000949
     7  H    0.659681  -0.071680  -0.001166  -0.044181   0.511015  -0.053519
     8  H   -0.071680   0.960771  -0.050916   0.277912  -0.074909   0.001953
     9  H   -0.001166  -0.050916   0.930063   0.194313   0.004798  -0.000102
    10  H   -0.044181   0.277912   0.194313   0.779318  -0.015367   0.000720
    11  H    0.511015  -0.074909   0.004798  -0.015367   0.688814  -0.056058
    12  H   -0.053519   0.001953  -0.000102   0.000720  -0.056058   1.133035
 Mulliken charges:
               1
     1  H   -0.026770
     2  H   -0.006582
     3  H    0.014560
     4  H   -0.249376
     5  H    0.158316
     6  H    0.109852
     7  H    0.014560
     8  H   -0.249376
     9  H    0.109852
    10  H    0.158316
    11  H   -0.006582
    12  H   -0.026770
 Sum of Mulliken charges =  -0.00000
 Mulliken charges with hydrogens summed into heavy atoms:
               1
 Electronic spatial extent (au):  <R**2>=            278.0602
 Charge=             -0.0000 electrons
 Dipole moment (field-independent basis, Debye):
    X=             -0.0000    Y=             -0.0000    Z=             -0.0000  Tot=              0.0000
 Quadrupole moment (field-independent basis, Debye-Ang):
   XX=            -15.7286   YY=            -23.0120   ZZ=            -15.3492
   XY=             -1.9523   XZ=             -0.0000   YZ=             -0.0000
 Traceless Quadrupole moment (field-independent basis, Debye-Ang):
   XX=              2.3013   YY=             -4.9820   ZZ=              2.6807
   XY=             -1.9523   XZ=             -0.0000   YZ=             -0.0000
 Octapole moment (field-independent basis, Debye-Ang**2):
  XXX=             -0.0000  YYY=             -0.0000  ZZZ=             -0.0000  XYY=             -0.0000
  XXY=             -0.0000  XXZ=             -0.0000  XZZ=             -0.0000  YZZ=             -0.0000
  YYZ=             -0.0000  XYZ=             -0.0000
 Hexadecapole moment (field-independent basis, Debye-Ang**3):
 XXXX=            -49.3808 YYYY=           -711.1375 ZZZZ=            -18.4335 XXXY=            -34.1827
 XXXZ=             -0.0000 YYYX=            -68.8009 YYYZ=             -0.0000 ZZZX=             -0.0000
 ZZZY=             -0.0000 XXYY=            -96.5025 XXZZ=            -11.3297 YYZZ=            -90.6758
 XXYZ=             -0.0000 YYXZ=             -0.0000 ZZXY=            -11.6253
 N-N= 1.696903065840D+01 E-N=-4.466095623058D+01  KE= 6.330668156688D+00
 Symmetry AG   KE= 1.558045552114D+00
 Symmetry BG   KE= 0.000000000000D+00
 Symmetry AU   KE= 0.000000000000D+00
 Symmetry BU   KE= 4.772622604574D+00

 Test job not archived.
 1\1\GINC-SULU\Stability\RHF\Gen\H12\LCJ1\17-Feb-2017\0\\#rhf/gen scf(s
 ymm,tight,novaracc,noincfock,fulldiag) stable(crhf) guess=read geom=no
 crowd test\\hf stability analysis of h12 triangular lattice, y= 1.6660
 489144325314\\0,1\H\H,1,1.7017073753\H,1,1.7017073753,2,23.5\H,2,1.701
 7073753,1,156.5,3,0.,0\H,2,1.7017073753,1,180.,3,0.,0\H,4,1.7017073753
 ,3,180.,5,0.,0\H,6,1.7017073753,5,180.,3,0.,0\H,4,1.7017073753,2,180.,
 3,0.,0\H,3,1.7017073753,1,180.,4,0.,0\H,9,1.7017073753,3,180.,4,0.,0\H
 ,8,1.7017073753,4,180.,3,0.,0\H,7,1.7017073753,6,180.,3,0.,0\\Version=
 ES64L-G09RevE.01\State=1-AG\HF=-5.6683903\MP2=-6.3686772\RMSD=9.201e-0
 9\Dipole=0.,0.,0.\Quadrupole=1.911527,1.9930558,-3.9045828,0.,-0.99022
 89,0.\PG=C02H [SGH(H12)]\\@


 ALL OUR THINKING ABOUT NATURE MUST NECESSARILY MOVE IN CIRCLES OR SPIRALS;
 FOR WE CAN ONLY UNDERSTAND NATURE IF WE THINK ABOUT HER, AND WE CAN ONLY
 THINK BECAUSE OUR BRAIN IS BUILT IN ACCORDANCE WITH NATURE'S LAWS.

                                             -- TIMOTHY FERRIS, "GALAXIES"
 Job cpu time:       0 days  0 hours  0 minutes  1.0 seconds.
 File lengths (MBytes):  RWF=     84 Int=      0 D2E=      0 Chk=      2 Scr=      2
 Normal termination of Gaussian 09 at Fri Feb 17 15:07:27 2017.
