 Entering Gaussian System, Link 0=g09
 AtFile(1): H.gbs
            H     0
            S   10   1.00
               1000.000000000000            0.000068713567
                316.227766000000            0.000169141320
                100.000000000000            0.000823394812
                 31.622776600000            0.003425569236
                 10.000000000000            0.013951996000
                  3.162277660000            0.056909313560
                  1.000000000000            0.198286399900
                  0.316227766000            0.496922426700
                  0.100000000000            0.369846276400
                  0.031622776600            0.003752720039
            ****
 Initial command:
 /projects/guscus/apps/gau/g09-e1/g09/l1.exe "/users/lcj1/gaussian/h12/rhfstability/rect/guess/ag2bu4/Gau-23867.inp" -scrdir="/users/lcj1/gaussian/h12/rhfstability/rect/guess/ag2bu4/"
 Entering Link 1 = /projects/guscus/apps/gau/g09-e1/g09/l1.exe PID=     23868.
  
 Copyright (c) 1988,1990,1992,1993,1995,1998,2003,2009,2015,
            Gaussian, Inc.  All Rights Reserved.
  
 This is part of the Gaussian(R) 09 program.  It is based on
 the Gaussian(R) 03 system (copyright 2003, Gaussian, Inc.),
 the Gaussian(R) 98 system (copyright 1998, Gaussian, Inc.),
 the Gaussian(R) 94 system (copyright 1995, Gaussian, Inc.),
 the Gaussian 92(TM) system (copyright 1992, Gaussian, Inc.),
 the Gaussian 90(TM) system (copyright 1990, Gaussian, Inc.),
 the Gaussian 88(TM) system (copyright 1988, Gaussian, Inc.),
 the Gaussian 86(TM) system (copyright 1986, Carnegie Mellon
 University), and the Gaussian 82(TM) system (copyright 1983,
 Carnegie Mellon University). Gaussian is a federally registered
 trademark of Gaussian, Inc.
  
 This software contains proprietary and confidential information,
 including trade secrets, belonging to Gaussian, Inc.
  
 This software is provided under written license and may be
 used, copied, transmitted, or stored only in accord with that
 written license.
  
 The following legend is applicable only to US Government
 contracts under FAR:
  
                    RESTRICTED RIGHTS LEGEND
  
 Use, reproduction and disclosure by the US Government is
 subject to restrictions as set forth in subparagraphs (a)
 and (c) of the Commercial Computer Software - Restricted
 Rights clause in FAR 52.227-19.
  
 Gaussian, Inc.
 340 Quinnipiac St., Bldg. 40, Wallingford CT 06492
  
  
 ---------------------------------------------------------------
 Warning -- This program may not be used in any manner that
 competes with the business of Gaussian, Inc. or will provide
 assistance to any competitor of Gaussian, Inc.  The licensee
 of this program is prohibited from giving any competitor of
 Gaussian, Inc. access to this program.  By using this program,
 the user acknowledges that Gaussian, Inc. is engaged in the
 business of creating and licensing software in the field of
 computational chemistry and represents and warrants to the
 licensee that it is not a competitor of Gaussian, Inc. and that
 it will not use this program in any manner prohibited above.
 ---------------------------------------------------------------
  

 Cite this work as:
 Gaussian 09, Revision E.01,
 M. J. Frisch, G. W. Trucks, H. B. Schlegel, G. E. Scuseria, 
 M. A. Robb, J. R. Cheeseman, G. Scalmani, V. Barone, B. Mennucci, 
 G. A. Petersson, H. Nakatsuji, M. Caricato, X. Li, H. P. Hratchian, 
 A. F. Izmaylov, J. Bloino, G. Zheng, J. L. Sonnenberg, M. Hada, 
 M. Ehara, K. Toyota, R. Fukuda, J. Hasegawa, M. Ishida, T. Nakajima, 
 Y. Honda, O. Kitao, H. Nakai, T. Vreven, J. A. Montgomery, Jr., 
 J. E. Peralta, F. Ogliaro, M. Bearpark, J. J. Heyd, E. Brothers, 
 K. N. Kudin, V. N. Staroverov, T. Keith, R. Kobayashi, J. Normand, 
 K. Raghavachari, A. Rendell, J. C. Burant, S. S. Iyengar, J. Tomasi, 
 M. Cossi, N. Rega, J. M. Millam, M. Klene, J. E. Knox, J. B. Cross, 
 V. Bakken, C. Adamo, J. Jaramillo, R. Gomperts, R. E. Stratmann, 
 O. Yazyev, A. J. Austin, R. Cammi, C. Pomelli, J. W. Ochterski, 
 R. L. Martin, K. Morokuma, V. G. Zakrzewski, G. A. Voth, 
 P. Salvador, J. J. Dannenberg, S. Dapprich, A. D. Daniels, 
 O. Farkas, J. B. Foresman, J. V. Ortiz, J. Cioslowski, 
 and D. J. Fox, Gaussian, Inc., Wallingford CT, 2013.
 
 ******************************************
 Gaussian 09:  ES64L-G09RevE.01 30-Nov-2015
                17-Feb-2017 
 ******************************************
 %chk=h12.chk
 ----------------------------------------------------------------------
 #rhf/gen scf(symm,tight,novaracc,noincfock,fulldiag) stable(crhf) gues
 s=read geom=nocrowd test
 ----------------------------------------------------------------------
 1/38=1/1;
 2/12=1,17=6,18=5,40=1/2;
 3/5=7,16=1,25=1,30=1,116=1/1,2,3;
 4/5=1,9=4/1;
 5/5=100002,15=2,16=1,32=2,38=6/2;
 8/6=1,10=90,11=11/1,4;
 9/8=4,13=1/2;
 6/7=2,8=2,9=2,10=2,28=1/1;
 99/5=1,9=1/99;
 ----------------------------------------------------------------------
 hf stability analysis of h12 triangular lattice, y= 0.7115635020464597
 9
 ----------------------------------------------------------------------
 Symbolic Z-matrix:
 Charge =  0 Multiplicity = 1
 H
 H                    1     1.0792 
 H                    1     1.0792   2     97.5 
 H                    2     1.0792   1     82.5     3     0.       0
 H                    2     1.0792   1     180.     3     0.       0
 H                    4     1.0792   3     180.     5     0.       0
 H                    6     1.0792   5     180.     3     0.       0
 H                    4     1.0792   2     180.     3     0.       0
 H                    3     1.0792   1     180.     4     0.       0
 H                    9     1.0792   3     180.     4     0.       0
 H                    8     1.0792   4     180.     3     0.       0
 H                    7     1.0792   6     180.     3     0.       0
 
                          Input orientation:                          
 ---------------------------------------------------------------------
 Center     Atomic      Atomic             Coordinates (Angstroms)
 Number     Number       Type             X           Y           Z
 ---------------------------------------------------------------------
      1          1           0        0.000000    0.000000    0.000000
      2          1           0        0.000000    0.000000    1.079196
      3          1           0        1.069964    0.000000   -0.140863
      4          1           0        1.069964    0.000000    0.938333
      5          1           0        0.000000    0.000000    2.158392
      6          1           0        1.069964    0.000000    2.017529
      7          1           0        2.139927    0.000000    1.876666
      8          1           0        2.139927    0.000000    0.797469
      9          1           0        2.139927    0.000000   -0.281727
     10          1           0        3.209891    0.000000   -0.422590
     11          1           0        3.209891    0.000000    0.656606
     12          1           0        3.209891    0.000000    1.735802
 ---------------------------------------------------------------------
                    Distance matrix (angstroms):
                    1          2          3          4          5
     1  H    0.000000
     2  H    1.079196   0.000000
     3  H    1.079196   1.622765   0.000000
     4  H    1.423127   1.079196   1.079196   0.000000
     5  H    2.158392   1.079196   2.536020   1.622765   0.000000
     6  H    2.283691   1.423127   2.158392   1.079196   1.079196
     7  H    2.846254   2.283691   2.283691   1.423127   2.158392
     8  H    2.283691   2.158392   1.423127   1.079196   2.536020
     9  H    2.158392   2.536020   1.079196   1.622765   3.245531
    10  H    3.237589   3.543834   2.158392   2.536020   4.118843
    11  H    3.276359   3.237589   2.283691   2.158392   3.543834
    12  H    3.649165   3.276359   2.846254   2.283691   3.237589
                    6          7          8          9         10
     6  H    0.000000
     7  H    1.079196   0.000000
     8  H    1.622765   1.079196   0.000000
     9  H    2.536020   2.158392   1.079196   0.000000
    10  H    3.245531   2.536020   1.622765   1.079196   0.000000
    11  H    2.536020   1.622765   1.079196   1.423127   1.079196
    12  H    2.158392   1.079196   1.423127   2.283691   2.158392
                   11         12
    11  H    0.000000
    12  H    1.079196   0.000000
 Stoichiometry    H12
 Framework group  C2H[SGH(H12)]
 Deg. of freedom    11
 Full point group                 C2H     NOp   4
 Largest Abelian subgroup         C2H     NOp   4
 Largest concise Abelian subgroup C2      NOp   2
                         Standard orientation:                         
 ---------------------------------------------------------------------
 Center     Atomic      Atomic             Coordinates (Angstroms)
 Number     Number       Type             X           Y           Z
 ---------------------------------------------------------------------
      1          1           0        1.069964    1.477931   -0.000000
      2          1           0        0.000000    1.618794   -0.000000
      3          1           0        1.069964    0.398735   -0.000000
      4          1           0        0.000000    0.539598   -0.000000
      5          1           0       -1.069964    1.759658    0.000000
      6          1           0       -1.069964    0.680461    0.000000
      7          1           0       -1.069964   -0.398735   -0.000000
      8          1           0       -0.000000   -0.539598   -0.000000
      9          1           0        1.069964   -0.680461    0.000000
     10          1           0        1.069964   -1.759658    0.000000
     11          1           0       -0.000000   -1.618794   -0.000000
     12          1           0       -1.069964   -1.477931   -0.000000
 ---------------------------------------------------------------------
 Rotational constants (GHZ):     55.7774908     28.1763773     18.7198954
 General basis read from cards:  (5D, 7F)
 There are     6 symmetry adapted cartesian basis functions of AG  symmetry.
 There are     0 symmetry adapted cartesian basis functions of BG  symmetry.
 There are     0 symmetry adapted cartesian basis functions of AU  symmetry.
 There are     6 symmetry adapted cartesian basis functions of BU  symmetry.
 There are     6 symmetry adapted basis functions of AG  symmetry.
 There are     0 symmetry adapted basis functions of BG  symmetry.
 There are     0 symmetry adapted basis functions of AU  symmetry.
 There are     6 symmetry adapted basis functions of BU  symmetry.
    12 basis functions,   120 primitive gaussians,    12 cartesian basis functions
     6 alpha electrons        6 beta electrons
       nuclear repulsion energy        20.1413250679 Hartrees.
 NAtoms=   12 NActive=   12 NUniq=    6 SFac= 4.00D+00 NAtFMM=   60 NAOKFM=F Big=F
 Integral buffers will be    131072 words long.
 Regular integral format.
 Two-electron integral symmetry is turned on.
 One-electron integrals computed using PRISM.
 NBasis=    12 RedAO= T EigKep=  1.12D-01  NBF=     6     0     0     6
 NBsUse=    12 1.00D-06 EigRej= -1.00D+00 NBFU=     6     0     0     6
 Initial guess from the checkpoint file:  "h12.chk"
 B after Tr=     0.000000   -0.000000    0.000000
         Rot=    0.999999    0.000000    0.000000   -0.001518 Ang=  -0.17 deg.
 Initial guess orbital symmetries:
       Occupied  (AG) (BU) (BU) (AG) (BU) (BU)
       Virtual   (AG) (AG) (BU) (AG) (AG) (BU)
 Keep R1 ints in memory in symmetry-blocked form, NReq=903840.
 Requested convergence on RMS density matrix=1.00D-08 within 128 cycles.
 Requested convergence on MAX density matrix=1.00D-06.
 Requested convergence on             energy=1.00D-06.
 No special actions if energy rises.
 SCF Done:  E(RHF) =  -5.03162330806     A.U. after   11 cycles
            NFock= 11  Conv=0.69D-08     -V/T= 1.6628
 Range of M.O.s used for correlation:     1    12
 NBasis=    12 NAE=     6 NBE=     6 NFC=     0 NFV=     0
 NROrb=     12 NOA=     6 NOB=     6 NVA=     6 NVB=     6

 **** Warning!!: The smallest alpha delta epsilon is -0.11218780D+00

 Semi-Direct transformation.
 ModeAB=           4 MOrb=             6 LenV=     134084311
 LASXX=         2181 LTotXX=        2181 LenRXX=        5115
 LTotAB=        2934 MaxLAS=        3024 LenRXY=           0
 NonZer=        7296 LenScr=      655360 LnRSAI=        3024
 LnScr1=      655360 LExtra=           0 Total=      1318859
 MaxDsk=          -1 SrtSym=           T ITran=            3
 JobTyp=0 Pass  1:  I=   1 to   6.
 (rs|ai) integrals will be sorted in core.
 Spin components of T(2) and E(2):
     alpha-alpha T2 =       0.1412048296D-01 E2=     -0.1603455662D-01
     alpha-beta  T2 =       0.7641133318D+00 E2=     -0.1241419835D+00
     beta-beta   T2 =       0.1412048296D-01 E2=     -0.1603455662D-01
 ANorm=    0.1338788369D+01
 E2 =    -0.1562110968D+00 EUMP2 =    -0.51878344048437D+01
 Second order stability test of a single determinant RHF wave function:
 Stabil:  MDV=134217728
 ***********************************************************************
 Matrix         Lowest Root    Major Pairs
 ***********************************************************************
 Internal RHF    -0.3204382    6A=7A 5A=7A
 RRHF --> CRHF   -0.3686178    6A=7A
 RRHF --> RUHF   -0.5360018    6A=7B 5A=7B 6A=8B 3A=7B 4A=9B
 Not stable.
 ***********************************************************************

 **********************************************************************

            Population analysis using the SCF density.

 **********************************************************************

 Orbital symmetries:
       Occupied  (AG) (BU) (BU) (AG) (BU) (BU)
       Virtual   (AG) (AG) (BU) (AG) (AG) (BU)
 The electronic state is 1-AG.
 Alpha  occ. eigenvalues --   -0.90415  -0.72630  -0.60556  -0.49601  -0.17071
 Alpha  occ. eigenvalues --   -0.10748
 Alpha virt. eigenvalues --   -0.21967   0.06823   0.28535   0.44108   0.59301
 Alpha virt. eigenvalues --    0.97355
          Condensed to atoms (all electrons):
               1          2          3          4          5          6
     1  H    1.174932   0.347303  -0.486176  -0.220409  -0.072897  -0.013652
     2  H    0.347303   0.903174  -0.189383  -0.387627   0.362684  -0.116724
     3  H   -0.486176  -0.189383   1.480597   0.617568   0.007691   0.006372
     4  H   -0.220409  -0.387627   0.617568   1.869778  -0.234328   0.571313
     5  H   -0.072897   0.362684   0.007691  -0.234328   1.407142  -0.323461
     6  H   -0.013652  -0.116724   0.006372   0.571313  -0.323461   0.895014
     7  H    0.048220   0.017707  -0.160619  -0.250253  -0.088404   0.092029
     8  H    0.059003   0.057618  -0.250253  -0.772953   0.037765  -0.253463
     9  H    0.009685   0.022063   0.092029  -0.253463   0.019083  -0.087636
    10  H    0.030211   0.001739  -0.088404   0.037765  -0.008842   0.019083
    11  H   -0.009018  -0.002154   0.017707   0.057618   0.001739   0.022063
    12  H   -0.022949  -0.009018   0.048220   0.059003   0.030211   0.009685
               7          8          9         10         11         12
     1  H    0.048220   0.059003   0.009685   0.030211  -0.009018  -0.022949
     2  H    0.017707   0.057618   0.022063   0.001739  -0.002154  -0.009018
     3  H   -0.160619  -0.250253   0.092029  -0.088404   0.017707   0.048220
     4  H   -0.250253  -0.772953  -0.253463   0.037765   0.057618   0.059003
     5  H   -0.088404   0.037765   0.019083  -0.008842   0.001739   0.030211
     6  H    0.092029  -0.253463  -0.087636   0.019083   0.022063   0.009685
     7  H    1.480597   0.617568   0.006372   0.007691  -0.189383  -0.486176
     8  H    0.617568   1.869778   0.571313  -0.234328  -0.387627  -0.220409
     9  H    0.006372   0.571313   0.895014  -0.323461  -0.116724  -0.013652
    10  H    0.007691  -0.234328  -0.323461   1.407142   0.362684  -0.072897
    11  H   -0.189383  -0.387627  -0.116724   0.362684   0.903174   0.347303
    12  H   -0.486176  -0.220409  -0.013652  -0.072897   0.347303   1.174932
 Mulliken charges:
               1
     1  H    0.155747
     2  H   -0.007381
     3  H   -0.095348
     4  H   -0.094012
     5  H   -0.138382
     6  H    0.179376
     7  H   -0.095348
     8  H   -0.094012
     9  H    0.179376
    10  H   -0.138382
    11  H   -0.007381
    12  H    0.155747
 Sum of Mulliken charges =  -0.00000
 Mulliken charges with hydrogens summed into heavy atoms:
               1
 Electronic spatial extent (au):  <R**2>=            133.9307
 Charge=              0.0000 electrons
 Dipole moment (field-independent basis, Debye):
    X=             -0.0000    Y=              0.0000    Z=             -0.0000  Tot=              0.0000
 Quadrupole moment (field-independent basis, Debye-Ang):
   XX=            -12.5401   YY=            -24.4869   ZZ=            -14.4495
   XY=              3.3267   XZ=             -0.0000   YZ=             -0.0000
 Traceless Quadrupole moment (field-independent basis, Debye-Ang):
   XX=              4.6187   YY=             -7.3280   ZZ=              2.7093
   XY=              3.3267   XZ=             -0.0000   YZ=             -0.0000
 Octapole moment (field-independent basis, Debye-Ang**2):
  XXX=             -0.0000  YYY=              0.0000  ZZZ=              0.0000  XYY=             -0.0000
  XXY=              0.0000  XXZ=              0.0000  XZZ=              0.0000  YZZ=              0.0000
  YYZ=             -0.0000  XYZ=             -0.0000
 Hexadecapole moment (field-independent basis, Debye-Ang**3):
 XXXX=            -77.0189 YYYY=           -232.4249 ZZZZ=            -16.7117 XXXY=             10.5809
 XXXZ=              0.0000 YYYX=             22.9251 YYYZ=             -0.0000 ZZZX=              0.0000
 ZZZY=             -0.0000 XXYY=            -46.2738 XXZZ=            -16.4202 YYZZ=            -31.2153
 XXYZ=             -0.0000 YYXZ=              0.0000 ZZXY=              2.4911
 N-N= 2.014132506786D+01 E-N=-5.191704367621D+01  KE= 7.591577220957D+00
 Symmetry AG   KE= 1.678785990953D+00
 Symmetry BG   KE= 0.000000000000D+00
 Symmetry AU   KE= 0.000000000000D+00
 Symmetry BU   KE= 5.912791230004D+00

 Test job not archived.
 1\1\GINC-SULU\Stability\RHF\Gen\H12\LCJ1\17-Feb-2017\0\\#rhf/gen scf(s
 ymm,tight,novaracc,noincfock,fulldiag) stable(crhf) guess=read geom=no
 crowd test\\hf stability analysis of h12 triangular lattice, y= 0.7115
 6350204645979\\0,1\H\H,1,1.0791961813\H,1,1.0791961813,2,97.5\H,2,1.07
 91961813,1,82.5,3,0.,0\H,2,1.0791961813,1,180.,3,0.,0\H,4,1.0791961813
 ,3,180.,5,0.,0\H,6,1.0791961813,5,180.,3,0.,0\H,4,1.0791961813,2,180.,
 3,0.,0\H,3,1.0791961813,1,180.,4,0.,0\H,9,1.0791961813,3,180.,4,0.,0\H
 ,8,1.0791961813,4,180.,3,0.,0\H,7,1.0791961813,6,180.,3,0.,0\\Version=
 ES64L-G09RevE.01\State=1-AG\HF=-5.0316233\MP2=-5.1878344\RMSD=6.854e-0
 9\Dipole=0.,0.,0.\Quadrupole=-4.6567433,2.0143161,2.6424273,0.,3.53846
 71,0.\PG=C02H [SGH(H12)]\\@


 REALITY IS FOR PEOPLE WHO CAN'T FACE SCIENCE FICTION.
 Job cpu time:       0 days  0 hours  0 minutes  1.1 seconds.
 File lengths (MBytes):  RWF=     84 Int=      0 D2E=      0 Chk=      2 Scr=      2
 Normal termination of Gaussian 09 at Fri Feb 17 14:59:48 2017.
