 Entering Gaussian System, Link 0=g09
 AtFile(1): H.gbs
            H     0
            S   10   1.00
               1000.000000000000            0.000068713567
                316.227766000000            0.000169141320
                100.000000000000            0.000823394812
                 31.622776600000            0.003425569236
                 10.000000000000            0.013951996000
                  3.162277660000            0.056909313560
                  1.000000000000            0.198286399900
                  0.316227766000            0.496922426700
                  0.100000000000            0.369846276400
                  0.031622776600            0.003752720039
            ****
 Initial command:
 /projects/guscus/apps/gau/g09-e1/g09/l1.exe "/users/lcj1/gaussian/h12/rhfstability/rect/guess/ag2bu4/Gau-22176.inp" -scrdir="/users/lcj1/gaussian/h12/rhfstability/rect/guess/ag2bu4/"
 Entering Link 1 = /projects/guscus/apps/gau/g09-e1/g09/l1.exe PID=     22177.
  
 Copyright (c) 1988,1990,1992,1993,1995,1998,2003,2009,2015,
            Gaussian, Inc.  All Rights Reserved.
  
 This is part of the Gaussian(R) 09 program.  It is based on
 the Gaussian(R) 03 system (copyright 2003, Gaussian, Inc.),
 the Gaussian(R) 98 system (copyright 1998, Gaussian, Inc.),
 the Gaussian(R) 94 system (copyright 1995, Gaussian, Inc.),
 the Gaussian 92(TM) system (copyright 1992, Gaussian, Inc.),
 the Gaussian 90(TM) system (copyright 1990, Gaussian, Inc.),
 the Gaussian 88(TM) system (copyright 1988, Gaussian, Inc.),
 the Gaussian 86(TM) system (copyright 1986, Carnegie Mellon
 University), and the Gaussian 82(TM) system (copyright 1983,
 Carnegie Mellon University). Gaussian is a federally registered
 trademark of Gaussian, Inc.
  
 This software contains proprietary and confidential information,
 including trade secrets, belonging to Gaussian, Inc.
  
 This software is provided under written license and may be
 used, copied, transmitted, or stored only in accord with that
 written license.
  
 The following legend is applicable only to US Government
 contracts under FAR:
  
                    RESTRICTED RIGHTS LEGEND
  
 Use, reproduction and disclosure by the US Government is
 subject to restrictions as set forth in subparagraphs (a)
 and (c) of the Commercial Computer Software - Restricted
 Rights clause in FAR 52.227-19.
  
 Gaussian, Inc.
 340 Quinnipiac St., Bldg. 40, Wallingford CT 06492
  
  
 ---------------------------------------------------------------
 Warning -- This program may not be used in any manner that
 competes with the business of Gaussian, Inc. or will provide
 assistance to any competitor of Gaussian, Inc.  The licensee
 of this program is prohibited from giving any competitor of
 Gaussian, Inc. access to this program.  By using this program,
 the user acknowledges that Gaussian, Inc. is engaged in the
 business of creating and licensing software in the field of
 computational chemistry and represents and warrants to the
 licensee that it is not a competitor of Gaussian, Inc. and that
 it will not use this program in any manner prohibited above.
 ---------------------------------------------------------------
  

 Cite this work as:
 Gaussian 09, Revision E.01,
 M. J. Frisch, G. W. Trucks, H. B. Schlegel, G. E. Scuseria, 
 M. A. Robb, J. R. Cheeseman, G. Scalmani, V. Barone, B. Mennucci, 
 G. A. Petersson, H. Nakatsuji, M. Caricato, X. Li, H. P. Hratchian, 
 A. F. Izmaylov, J. Bloino, G. Zheng, J. L. Sonnenberg, M. Hada, 
 M. Ehara, K. Toyota, R. Fukuda, J. Hasegawa, M. Ishida, T. Nakajima, 
 Y. Honda, O. Kitao, H. Nakai, T. Vreven, J. A. Montgomery, Jr., 
 J. E. Peralta, F. Ogliaro, M. Bearpark, J. J. Heyd, E. Brothers, 
 K. N. Kudin, V. N. Staroverov, T. Keith, R. Kobayashi, J. Normand, 
 K. Raghavachari, A. Rendell, J. C. Burant, S. S. Iyengar, J. Tomasi, 
 M. Cossi, N. Rega, J. M. Millam, M. Klene, J. E. Knox, J. B. Cross, 
 V. Bakken, C. Adamo, J. Jaramillo, R. Gomperts, R. E. Stratmann, 
 O. Yazyev, A. J. Austin, R. Cammi, C. Pomelli, J. W. Ochterski, 
 R. L. Martin, K. Morokuma, V. G. Zakrzewski, G. A. Voth, 
 P. Salvador, J. J. Dannenberg, S. Dapprich, A. D. Daniels, 
 O. Farkas, J. B. Foresman, J. V. Ortiz, J. Cioslowski, 
 and D. J. Fox, Gaussian, Inc., Wallingford CT, 2013.
 
 ******************************************
 Gaussian 09:  ES64L-G09RevE.01 30-Nov-2015
                17-Feb-2017 
 ******************************************
 %chk=h12.chk
 ----------------------------------------------------------------------
 #rhf/gen scf(symm,tight,novaracc,noincfock,fulldiag) stable(crhf) gues
 s=read geom=nocrowd test
 ----------------------------------------------------------------------
 1/38=1/1;
 2/12=1,17=6,18=5,40=1/2;
 3/5=7,16=1,25=1,30=1,116=1/1,2,3;
 4/5=1,9=4/1;
 5/5=100002,15=2,16=1,32=2,38=6/2;
 8/6=1,10=90,11=11/1,4;
 9/8=4,13=1/2;
 6/7=2,8=2,9=2,10=2,28=1/1;
 99/5=1,9=1/99;
 ----------------------------------------------------------------------
 hf stability analysis of h12 triangular lattice, y= 0.6686047848167678
 8
 ----------------------------------------------------------------------
 Symbolic Z-matrix:
 Charge =  0 Multiplicity = 1
 H
 H                    1     1.0921 
 H                    1     1.0921   2     104.5 
 H                    2     1.0921   1     75.5     3     0.       0
 H                    2     1.0921   1     180.     3     0.       0
 H                    4     1.0921   3     180.     5     0.       0
 H                    6     1.0921   5     180.     3     0.       0
 H                    4     1.0921   2     180.     3     0.       0
 H                    3     1.0921   1     180.     4     0.       0
 H                    9     1.0921   3     180.     4     0.       0
 H                    8     1.0921   4     180.     3     0.       0
 H                    7     1.0921   6     180.     3     0.       0
 
                          Input orientation:                          
 ---------------------------------------------------------------------
 Center     Atomic      Atomic             Coordinates (Angstroms)
 Number     Number       Type             X           Y           Z
 ---------------------------------------------------------------------
      1          1           0        0.000000    0.000000    0.000000
      2          1           0        0.000000    0.000000    1.092104
      3          1           0        1.057318    0.000000   -0.273441
      4          1           0        1.057318    0.000000    0.818663
      5          1           0        0.000000    0.000000    2.184207
      6          1           0        1.057318    0.000000    1.910767
      7          1           0        2.114635    0.000000    1.637326
      8          1           0        2.114635    0.000000    0.545222
      9          1           0        2.114635    0.000000   -0.546882
     10          1           0        3.171953    0.000000   -0.820323
     11          1           0        3.171953    0.000000    0.271781
     12          1           0        3.171953    0.000000    1.363885
 ---------------------------------------------------------------------
                    Distance matrix (angstroms):
                    1          2          3          4          5
     1  H    0.000000
     2  H    1.092104   0.000000
     3  H    1.092104   1.727030   0.000000
     4  H    1.337210   1.092104   1.092104   0.000000
     5  H    2.184207   1.092104   2.675436   1.727030   0.000000
     6  H    2.183792   1.337210   2.184207   1.092104   1.092104
     7  H    2.674419   2.183792   2.183792   1.337210   2.184207
     8  H    2.183792   2.184207   1.337210   1.092104   2.675436
     9  H    2.184207   2.675436   1.092104   1.727030   3.454060
    10  H    3.276311   3.703871   2.184207   2.675436   4.369037
    11  H    3.183575   3.276311   2.183792   2.184207   3.703871
    12  H    3.452748   3.183575   2.674419   2.183792   3.276311
                    6          7          8          9         10
     6  H    0.000000
     7  H    1.092104   0.000000
     8  H    1.727030   1.092104   0.000000
     9  H    2.675436   2.184207   1.092104   0.000000
    10  H    3.454060   2.675436   1.727030   1.092104   0.000000
    11  H    2.675436   1.727030   1.092104   1.337210   1.092104
    12  H    2.184207   1.092104   1.337210   2.183792   2.184207
                   11         12
    11  H    0.000000
    12  H    1.092104   0.000000
 Stoichiometry    H12
 Framework group  C2H[SGH(H12)]
 Deg. of freedom    11
 Full point group                 C2H     NOp   4
 Largest Abelian subgroup         C2H     NOp   4
 Largest concise Abelian subgroup C2      NOp   2
                         Standard orientation:                         
 ---------------------------------------------------------------------
 Center     Atomic      Atomic             Coordinates (Angstroms)
 Number     Number       Type             X           Y           Z
 ---------------------------------------------------------------------
      1          1           0        1.057318    1.364715   -0.000000
      2          1           0       -0.000000    1.638156   -0.000000
      3          1           0        1.057318    0.272611   -0.000000
      4          1           0       -0.000000    0.546052   -0.000000
      5          1           0       -1.057318    1.911597   -0.000000
      6          1           0       -1.057318    0.819493   -0.000000
      7          1           0       -1.057318   -0.272611   -0.000000
      8          1           0       -0.000000   -0.546052   -0.000000
      9          1           0        1.057318   -0.819493   -0.000000
     10          1           0        1.057318   -1.911597   -0.000000
     11          1           0       -0.000000   -1.638156   -0.000000
     12          1           0       -1.057318   -1.364715   -0.000000
 ---------------------------------------------------------------------
 Rotational constants (GHZ):     59.6087048     26.3654049     18.2800106
 General basis read from cards:  (5D, 7F)
 There are     6 symmetry adapted cartesian basis functions of AG  symmetry.
 There are     0 symmetry adapted cartesian basis functions of BG  symmetry.
 There are     0 symmetry adapted cartesian basis functions of AU  symmetry.
 There are     6 symmetry adapted cartesian basis functions of BU  symmetry.
 There are     6 symmetry adapted basis functions of AG  symmetry.
 There are     0 symmetry adapted basis functions of BG  symmetry.
 There are     0 symmetry adapted basis functions of AU  symmetry.
 There are     6 symmetry adapted basis functions of BU  symmetry.
    12 basis functions,   120 primitive gaussians,    12 cartesian basis functions
     6 alpha electrons        6 beta electrons
       nuclear repulsion energy        20.0329507612 Hartrees.
 NAtoms=   12 NActive=   12 NUniq=    6 SFac= 4.00D+00 NAtFMM=   60 NAOKFM=F Big=F
 Integral buffers will be    131072 words long.
 Regular integral format.
 Two-electron integral symmetry is turned on.
 One-electron integrals computed using PRISM.
 NBasis=    12 RedAO= T EigKep=  1.24D-01  NBF=     6     0     0     6
 NBsUse=    12 1.00D-06 EigRej= -1.00D+00 NBFU=     6     0     0     6
 Initial guess from the checkpoint file:  "h12.chk"
 B after Tr=     0.000000    0.000000   -0.000000
         Rot=    0.999999   -0.000000   -0.000000   -0.001518 Ang=  -0.17 deg.
 Initial guess orbital symmetries:
       Occupied  (AG) (BU) (BU) (AG) (BU) (BU)
       Virtual   (AG) (AG) (BU) (AG) (AG) (BU)
 Keep R1 ints in memory in symmetry-blocked form, NReq=903672.
 Requested convergence on RMS density matrix=1.00D-08 within 128 cycles.
 Requested convergence on MAX density matrix=1.00D-06.
 Requested convergence on             energy=1.00D-06.
 No special actions if energy rises.
 SCF Done:  E(RHF) =  -5.05680678054     A.U. after   11 cycles
            NFock= 11  Conv=0.62D-08     -V/T= 1.6731
 Range of M.O.s used for correlation:     1    12
 NBasis=    12 NAE=     6 NBE=     6 NFC=     0 NFV=     0
 NROrb=     12 NOA=     6 NOB=     6 NVA=     6 NVB=     6

 **** Warning!!: The smallest alpha delta epsilon is -0.13882773D+00

 Semi-Direct transformation.
 ModeAB=           4 MOrb=             6 LenV=     134084647
 LASXX=         2181 LTotXX=        2181 LenRXX=        5115
 LTotAB=        2934 MaxLAS=        3024 LenRXY=           0
 NonZer=        7296 LenScr=      655360 LnRSAI=        3024
 LnScr1=      655360 LExtra=           0 Total=      1318859
 MaxDsk=          -1 SrtSym=           T ITran=            3
 JobTyp=0 Pass  1:  I=   1 to   6.
 (rs|ai) integrals will be sorted in core.
 Spin components of T(2) and E(2):
     alpha-alpha T2 =       0.1393941752D-01 E2=     -0.1512037980D-01
     alpha-beta  T2 =       0.1513011954D+01 E2=     -0.1365341815D+00
     beta-beta   T2 =       0.1393941752D-01 E2=     -0.1512037980D-01
 ANorm=    0.1594017186D+01
 E2 =    -0.1667749411D+00 EUMP2 =    -0.52235817216604D+01
 Second order stability test of a single determinant RHF wave function:
 Stabil:  MDV=134217728
 ***********************************************************************
 Matrix         Lowest Root    Major Pairs
 ***********************************************************************
 Internal RHF    -0.3265842    6A=7A 5A=7A 3A=7A
 RRHF --> CRHF   -0.3904312    6A=7A
 RRHF --> RUHF   -0.5542622    6A=7B
 Not stable.
 ***********************************************************************

 **********************************************************************

            Population analysis using the SCF density.

 **********************************************************************

 Orbital symmetries:
       Occupied  (AG) (BU) (BU) (AG) (BU) (BU)
       Virtual   (AG) (AG) (BU) (AG) (AG) (BU)
 The electronic state is 1-AG.
 Alpha  occ. eigenvalues --   -0.90689  -0.73365  -0.60137  -0.50247  -0.19318
 Alpha  occ. eigenvalues --   -0.07274
 Alpha virt. eigenvalues --   -0.21157   0.07780   0.28914   0.39471   0.59909
 Alpha virt. eigenvalues --    0.88099
          Condensed to atoms (all electrons):
               1          2          3          4          5          6
     1  H    0.915711   0.321864  -0.404965  -0.132999  -0.081796  -0.038769
     2  H    0.321864   1.012909  -0.228286  -0.433889   0.308430  -0.115077
     3  H   -0.404965  -0.228286   1.736017   0.578422   0.017226   0.023011
     4  H   -0.132999  -0.433889   0.578422   1.802554  -0.207935   0.545891
     5  H   -0.081796   0.308430   0.017226  -0.207935   1.378577  -0.145923
     6  H   -0.038769  -0.115077   0.023011   0.545891  -0.145923   0.812546
     7  H    0.063148   0.053463  -0.216967  -0.239376  -0.117447  -0.070105
     8  H    0.053198   0.079351  -0.239376  -0.726355   0.029766  -0.264838
     9  H    0.048507   0.038750  -0.070105  -0.264838   0.011311  -0.068257
    10  H    0.023422   0.002912  -0.117447   0.029766  -0.005183   0.011311
    11  H   -0.019279  -0.010520   0.053463   0.079351   0.002912   0.038750
    12  H   -0.027006  -0.019279   0.063148   0.053198   0.023422   0.048507
               7          8          9         10         11         12
     1  H    0.063148   0.053198   0.048507   0.023422  -0.019279  -0.027006
     2  H    0.053463   0.079351   0.038750   0.002912  -0.010520  -0.019279
     3  H   -0.216967  -0.239376  -0.070105  -0.117447   0.053463   0.063148
     4  H   -0.239376  -0.726355  -0.264838   0.029766   0.079351   0.053198
     5  H   -0.117447   0.029766   0.011311  -0.005183   0.002912   0.023422
     6  H   -0.070105  -0.264838  -0.068257   0.011311   0.038750   0.048507
     7  H    1.736017   0.578422   0.023011   0.017226  -0.228286  -0.404965
     8  H    0.578422   1.802554   0.545891  -0.207935  -0.433889  -0.132999
     9  H    0.023011   0.545891   0.812546  -0.145923  -0.115077  -0.038769
    10  H    0.017226  -0.207935  -0.145923   1.378577   0.308430  -0.081796
    11  H   -0.228286  -0.433889  -0.115077   0.308430   1.012909   0.321864
    12  H   -0.404965  -0.132999  -0.038769  -0.081796   0.321864   0.915711
 Mulliken charges:
               1
     1  H    0.278964
     2  H   -0.010628
     3  H   -0.194140
     4  H   -0.083790
     5  H   -0.213360
     6  H    0.222954
     7  H   -0.194140
     8  H   -0.083790
     9  H    0.222954
    10  H   -0.213360
    11  H   -0.010628
    12  H    0.278964
 Sum of Mulliken charges =  -0.00000
 Mulliken charges with hydrogens summed into heavy atoms:
               1
 Electronic spatial extent (au):  <R**2>=            137.1227
 Charge=             -0.0000 electrons
 Dipole moment (field-independent basis, Debye):
    X=             -0.0000    Y=             -0.0000    Z=             -0.0000  Tot=              0.0000
 Quadrupole moment (field-independent basis, Debye-Ang):
   XX=            -13.2293   YY=            -24.9254   ZZ=            -14.5191
   XY=              5.9827   XZ=             -0.0000   YZ=              0.0000
 Traceless Quadrupole moment (field-independent basis, Debye-Ang):
   XX=              4.3286   YY=             -7.3675   ZZ=              3.0389
   XY=              5.9827   XZ=             -0.0000   YZ=              0.0000
 Octapole moment (field-independent basis, Debye-Ang**2):
  XXX=              0.0000  YYY=             -0.0000  ZZZ=              0.0000  XYY=              0.0000
  XXY=             -0.0000  XXZ=              0.0000  XZZ=              0.0000  YZZ=             -0.0000
  YYZ=              0.0000  XYZ=             -0.0000
 Hexadecapole moment (field-independent basis, Debye-Ang**3):
 XXXX=            -78.2856 YYYY=           -247.5133 ZZZZ=            -16.8423 XXXY=             19.9743
 XXXZ=             -0.0000 YYYX=             40.9968 YYYZ=              0.0000 ZZZX=             -0.0000
 ZZZY=              0.0000 XXYY=            -48.4672 XXZZ=            -16.4758 YYZZ=            -32.5437
 XXYZ=              0.0000 YYXZ=             -0.0000 ZZXY=              4.6317
 N-N= 2.003295076117D+01 E-N=-5.167148824021D+01  KE= 7.512587304880D+00
 Symmetry AG   KE= 1.619546384651D+00
 Symmetry BG   KE= 0.000000000000D+00
 Symmetry AU   KE= 0.000000000000D+00
 Symmetry BU   KE= 5.893040920230D+00

 Test job not archived.
 1\1\GINC-SULU\Stability\RHF\Gen\H12\LCJ1\17-Feb-2017\0\\#rhf/gen scf(s
 ymm,tight,novaracc,noincfock,fulldiag) stable(crhf) guess=read geom=no
 crowd test\\hf stability analysis of h12 triangular lattice, y= 0.6686
 0478481676788\\0,1\H\H,1,1.09210372\H,1,1.09210372,2,104.5\H,2,1.09210
 372,1,75.5,3,0.,0\H,2,1.09210372,1,180.,3,0.,0\H,4,1.09210372,3,180.,5
 ,0.,0\H,6,1.09210372,5,180.,3,0.,0\H,4,1.09210372,2,180.,3,0.,0\H,3,1.
 09210372,1,180.,4,0.,0\H,9,1.09210372,3,180.,4,0.,0\H,8,1.09210372,4,1
 80.,3,0.,0\H,7,1.09210372,6,180.,3,0.,0\\Version=ES64L-G09RevE.01\Stat
 e=1-AG\HF=-5.0568068\MP2=-5.2235817\RMSD=6.247e-09\Dipole=0.,0.,0.\Qua
 drupole=-2.7759981,2.2593148,0.5166833,0.,5.998183,0.\PG=C02H [SGH(H12
 )]\\@


 NATURE GIVES TO EVERY TIME AND SEASON SOME BEAUTY OF ITS OWN.

                                                    --DICKENS
 Job cpu time:       0 days  0 hours  0 minutes  1.1 seconds.
 File lengths (MBytes):  RWF=     84 Int=      0 D2E=      0 Chk=      2 Scr=      2
 Normal termination of Gaussian 09 at Fri Feb 17 14:59:04 2017.
