 Entering Gaussian System, Link 0=g09
 AtFile(1): H.gbs
            H     0
            S   10   1.00
               1000.000000000000            0.000068713567
                316.227766000000            0.000169141320
                100.000000000000            0.000823394812
                 31.622776600000            0.003425569236
                 10.000000000000            0.013951996000
                  3.162277660000            0.056909313560
                  1.000000000000            0.198286399900
                  0.316227766000            0.496922426700
                  0.100000000000            0.369846276400
                  0.031622776600            0.003752720039
            ****
 Initial command:
 /projects/guscus/apps/gau/g09-e1/g09/l1.exe "/users/lcj1/gaussian/h12/rhfstability/rect/guess/ag2bu4/Gau-31160.inp" -scrdir="/users/lcj1/gaussian/h12/rhfstability/rect/guess/ag2bu4/"
 Entering Link 1 = /projects/guscus/apps/gau/g09-e1/g09/l1.exe PID=     31161.
  
 Copyright (c) 1988,1990,1992,1993,1995,1998,2003,2009,2015,
            Gaussian, Inc.  All Rights Reserved.
  
 This is part of the Gaussian(R) 09 program.  It is based on
 the Gaussian(R) 03 system (copyright 2003, Gaussian, Inc.),
 the Gaussian(R) 98 system (copyright 1998, Gaussian, Inc.),
 the Gaussian(R) 94 system (copyright 1995, Gaussian, Inc.),
 the Gaussian 92(TM) system (copyright 1992, Gaussian, Inc.),
 the Gaussian 90(TM) system (copyright 1990, Gaussian, Inc.),
 the Gaussian 88(TM) system (copyright 1988, Gaussian, Inc.),
 the Gaussian 86(TM) system (copyright 1986, Carnegie Mellon
 University), and the Gaussian 82(TM) system (copyright 1983,
 Carnegie Mellon University). Gaussian is a federally registered
 trademark of Gaussian, Inc.
  
 This software contains proprietary and confidential information,
 including trade secrets, belonging to Gaussian, Inc.
  
 This software is provided under written license and may be
 used, copied, transmitted, or stored only in accord with that
 written license.
  
 The following legend is applicable only to US Government
 contracts under FAR:
  
                    RESTRICTED RIGHTS LEGEND
  
 Use, reproduction and disclosure by the US Government is
 subject to restrictions as set forth in subparagraphs (a)
 and (c) of the Commercial Computer Software - Restricted
 Rights clause in FAR 52.227-19.
  
 Gaussian, Inc.
 340 Quinnipiac St., Bldg. 40, Wallingford CT 06492
  
  
 ---------------------------------------------------------------
 Warning -- This program may not be used in any manner that
 competes with the business of Gaussian, Inc. or will provide
 assistance to any competitor of Gaussian, Inc.  The licensee
 of this program is prohibited from giving any competitor of
 Gaussian, Inc. access to this program.  By using this program,
 the user acknowledges that Gaussian, Inc. is engaged in the
 business of creating and licensing software in the field of
 computational chemistry and represents and warrants to the
 licensee that it is not a competitor of Gaussian, Inc. and that
 it will not use this program in any manner prohibited above.
 ---------------------------------------------------------------
  

 Cite this work as:
 Gaussian 09, Revision E.01,
 M. J. Frisch, G. W. Trucks, H. B. Schlegel, G. E. Scuseria, 
 M. A. Robb, J. R. Cheeseman, G. Scalmani, V. Barone, B. Mennucci, 
 G. A. Petersson, H. Nakatsuji, M. Caricato, X. Li, H. P. Hratchian, 
 A. F. Izmaylov, J. Bloino, G. Zheng, J. L. Sonnenberg, M. Hada, 
 M. Ehara, K. Toyota, R. Fukuda, J. Hasegawa, M. Ishida, T. Nakajima, 
 Y. Honda, O. Kitao, H. Nakai, T. Vreven, J. A. Montgomery, Jr., 
 J. E. Peralta, F. Ogliaro, M. Bearpark, J. J. Heyd, E. Brothers, 
 K. N. Kudin, V. N. Staroverov, T. Keith, R. Kobayashi, J. Normand, 
 K. Raghavachari, A. Rendell, J. C. Burant, S. S. Iyengar, J. Tomasi, 
 M. Cossi, N. Rega, J. M. Millam, M. Klene, J. E. Knox, J. B. Cross, 
 V. Bakken, C. Adamo, J. Jaramillo, R. Gomperts, R. E. Stratmann, 
 O. Yazyev, A. J. Austin, R. Cammi, C. Pomelli, J. W. Ochterski, 
 R. L. Martin, K. Morokuma, V. G. Zakrzewski, G. A. Voth, 
 P. Salvador, J. J. Dannenberg, S. Dapprich, A. D. Daniels, 
 O. Farkas, J. B. Foresman, J. V. Ortiz, J. Cioslowski, 
 and D. J. Fox, Gaussian, Inc., Wallingford CT, 2013.
 
 ******************************************
 Gaussian 09:  ES64L-G09RevE.01 30-Nov-2015
                17-Feb-2017 
 ******************************************
 %chk=h12.chk
 ----------------------------------------------------------------------
 #rhf/gen scf(symm,tight,novaracc,noincfock,fulldiag) stable(crhf) gues
 s=read geom=nocrowd test
 ----------------------------------------------------------------------
 1/38=1/1;
 2/12=1,17=6,18=5,40=1/2;
 3/5=7,16=1,25=1,30=1,116=1/1,2,3;
 4/5=1,9=4/1;
 5/5=100002,15=2,16=1,32=2,38=6/2;
 8/6=1,10=90,11=11/1,4;
 9/8=4,13=1/2;
 6/7=2,8=2,9=2,10=2,28=1/1;
 99/5=1,9=1/99;
 ----------------------------------------------------------------------
 hf stability analysis of h12 triangular lattice, y= 0.9295513923648614
 0
 ----------------------------------------------------------------------
 Symbolic Z-matrix:
 Charge =  0 Multiplicity = 1
 H
 H                    1     1.11796 
 H                    1     1.11796  2     67.5 
 H                    2     1.11796  1     112.5    3     0.       0
 H                    2     1.11796  1     180.     3     0.       0
 H                    4     1.11796  3     180.     5     0.       0
 H                    6     1.11796  5     180.     3     0.       0
 H                    4     1.11796  2     180.     3     0.       0
 H                    3     1.11796  1     180.     4     0.       0
 H                    9     1.11796  3     180.     4     0.       0
 H                    8     1.11796  4     180.     3     0.       0
 H                    7     1.11796  6     180.     3     0.       0
 
                          Input orientation:                          
 ---------------------------------------------------------------------
 Center     Atomic      Atomic             Coordinates (Angstroms)
 Number     Number       Type             X           Y           Z
 ---------------------------------------------------------------------
      1          1           0        0.000000    0.000000    0.000000
      2          1           0        0.000000    0.000000    1.117962
      3          1           0        1.032862    0.000000    0.427826
      4          1           0        1.032862    0.000000    1.545787
      5          1           0        0.000000    0.000000    2.235924
      6          1           0        1.032862    0.000000    2.663749
      7          1           0        2.065724    0.000000    3.091575
      8          1           0        2.065724    0.000000    1.973613
      9          1           0        2.065724    0.000000    0.855651
     10          1           0        3.098586    0.000000    1.283477
     11          1           0        3.098586    0.000000    2.401438
     12          1           0        3.098586    0.000000    3.519400
 ---------------------------------------------------------------------
                    Distance matrix (angstroms):
                    1          2          3          4          5
     1  H    0.000000
     2  H    1.117962   0.000000
     3  H    1.117962   1.242213   0.000000
     4  H    1.859103   1.117962   1.117962   0.000000
     5  H    2.235924   1.117962   2.082312   1.242213   0.000000
     6  H    2.856985   1.859103   2.235924   1.117962   1.117962
     7  H    3.718206   2.856985   2.856985   1.859103   2.235924
     8  H    2.856985   2.235924   1.859103   1.117962   2.082312
     9  H    2.235924   2.082312   1.117962   1.242213   2.484425
    10  H    3.353886   3.103004   2.235924   2.082312   3.241665
    11  H    3.920223   3.353886   2.856985   2.235924   3.103004
    12  H    4.689074   3.920223   3.718206   2.856985   3.353886
                    6          7          8          9         10
     6  H    0.000000
     7  H    1.117962   0.000000
     8  H    1.242213   1.117962   0.000000
     9  H    2.082312   2.235924   1.117962   0.000000
    10  H    2.484425   2.082312   1.242213   1.117962   0.000000
    11  H    2.082312   1.242213   1.117962   1.859103   1.117962
    12  H    2.235924   1.117962   1.859103   2.856985   2.235924
                   11         12
    11  H    0.000000
    12  H    1.117962   0.000000
 Stoichiometry    H12
 Framework group  C2H[SGH(H12)]
 Deg. of freedom    11
 Full point group                 C2H     NOp   4
 Largest Abelian subgroup         C2H     NOp   4
 Largest concise Abelian subgroup C2      NOp   2
                         Standard orientation:                         
 ---------------------------------------------------------------------
 Center     Atomic      Atomic             Coordinates (Angstroms)
 Number     Number       Type             X           Y           Z
 ---------------------------------------------------------------------
      1          1           0        1.032862    2.104768    0.000000
      2          1           0        0.000000    1.676943    0.000000
      3          1           0        1.032862    0.986806    0.000000
      4          1           0        0.000000    0.558981    0.000000
      5          1           0       -1.032862    1.249117    0.000000
      6          1           0       -1.032862    0.131155   -0.000000
      7          1           0       -1.032862   -0.986806    0.000000
      8          1           0       -0.000000   -0.558981   -0.000000
      9          1           0        1.032862   -0.131155   -0.000000
     10          1           0        1.032862   -1.249117   -0.000000
     11          1           0       -0.000000   -1.676943   -0.000000
     12          1           0       -1.032862   -2.104768   -0.000000
 ---------------------------------------------------------------------
 Rotational constants (GHZ):     66.4385354     23.6550600     17.4441649
 General basis read from cards:  (5D, 7F)
 There are     6 symmetry adapted cartesian basis functions of AG  symmetry.
 There are     0 symmetry adapted cartesian basis functions of BG  symmetry.
 There are     0 symmetry adapted cartesian basis functions of AU  symmetry.
 There are     6 symmetry adapted cartesian basis functions of BU  symmetry.
 There are     6 symmetry adapted basis functions of AG  symmetry.
 There are     0 symmetry adapted basis functions of BG  symmetry.
 There are     0 symmetry adapted basis functions of AU  symmetry.
 There are     6 symmetry adapted basis functions of BU  symmetry.
    12 basis functions,   120 primitive gaussians,    12 cartesian basis functions
     6 alpha electrons        6 beta electrons
       nuclear repulsion energy        19.8239064008 Hartrees.
 NAtoms=   12 NActive=   12 NUniq=    6 SFac= 4.00D+00 NAtFMM=   60 NAOKFM=F Big=F
 Integral buffers will be    131072 words long.
 Regular integral format.
 Two-electron integral symmetry is turned on.
 One-electron integrals computed using PRISM.
 NBasis=    12 RedAO= T EigKep=  1.48D-01  NBF=     6     0     0     6
 NBsUse=    12 1.00D-06 EigRej= -1.00D+00 NBFU=     6     0     0     6
 Initial guess from the checkpoint file:  "h12.chk"
 B after Tr=     0.000000    0.000000    0.000000
         Rot=    0.999999    0.000000    0.000000   -0.001518 Ang=  -0.17 deg.
 Initial guess orbital symmetries:
       Occupied  (AG) (BU) (BU) (AG) (BU) (BU)
       Virtual   (AG) (AG) (BU) (AG) (AG) (BU)
 Keep R1 ints in memory in symmetry-blocked form, NReq=903966.
 Requested convergence on RMS density matrix=1.00D-08 within 128 cycles.
 Requested convergence on MAX density matrix=1.00D-06.
 Requested convergence on             energy=1.00D-06.
 No special actions if energy rises.
 SCF Done:  E(RHF) =  -5.10860983093     A.U. after   11 cycles
            NFock= 11  Conv=0.11D-08     -V/T= 1.6924
 Range of M.O.s used for correlation:     1    12
 NBasis=    12 NAE=     6 NBE=     6 NFC=     0 NFV=     0
 NROrb=     12 NOA=     6 NOB=     6 NVA=     6 NVB=     6

 **** Warning!!: The smallest alpha delta epsilon is -0.15712035D+00

 Semi-Direct transformation.
 ModeAB=           4 MOrb=             6 LenV=     134084199
 LASXX=         2181 LTotXX=        2181 LenRXX=        5115
 LTotAB=        2934 MaxLAS=        3024 LenRXY=           0
 NonZer=        7296 LenScr=      655360 LnRSAI=        3024
 LnScr1=      655360 LExtra=           0 Total=      1318859
 MaxDsk=          -1 SrtSym=           T ITran=            3
 JobTyp=0 Pass  1:  I=   1 to   6.
 (rs|ai) integrals will be sorted in core.
 Spin components of T(2) and E(2):
     alpha-alpha T2 =       0.1635119829D-01 E2=     -0.1536589137D-01
     alpha-beta  T2 =       0.1040244353D+01 E2=     -0.1537166213D+00
     beta-beta   T2 =       0.1635119829D-01 E2=     -0.1536589137D-01
 ANorm=    0.1439773159D+01
 E2 =    -0.1844484041D+00 EUMP2 =    -0.52930582349932D+01
 Second order stability test of a single determinant RHF wave function:
 Stabil:  MDV=134217728
 ***********************************************************************
 Matrix         Lowest Root    Major Pairs
 ***********************************************************************
 Internal RHF    -0.3374143    6A=7A
 RRHF --> CRHF   -0.405597     6A=7A
 RRHF --> RUHF   -0.5652186    6A=7B
 Not stable.
 ***********************************************************************

 **********************************************************************

            Population analysis using the SCF density.

 **********************************************************************

 Orbital symmetries:
       Occupied  (AG) (BU) (BU) (AG) (BU) (BU)
       Virtual   (AG) (AG) (BU) (AG) (AG) (BU)
 The electronic state is 1-AG.
 Alpha  occ. eigenvalues --   -0.91634  -0.73788  -0.59984  -0.51491  -0.22031
 Alpha  occ. eigenvalues --   -0.03272
 Alpha virt. eigenvalues --   -0.18984   0.09074   0.31693   0.33536   0.58630
 Alpha virt. eigenvalues --    0.73098
          Condensed to atoms (all electrons):
               1          2          3          4          5          6
     1  H    1.226743   0.210171   0.058865  -0.170490  -0.074565   0.023594
     2  H    0.210171   1.360883  -0.240658  -0.466505   0.236966  -0.256983
     3  H    0.058865  -0.240658   1.008232   0.493433  -0.060442   0.056592
     4  H   -0.170490  -0.466505   0.493433   1.588603   0.057862   0.401145
     5  H   -0.074565   0.236966  -0.060442   0.057862   0.570081  -0.169201
     6  H    0.023594  -0.256983   0.056592   0.401145  -0.169201   1.769468
     7  H    0.004024   0.060478  -0.059282  -0.245770   0.051929  -0.282362
     8  H    0.024501   0.097798  -0.245770  -0.593365   0.005913  -0.136213
     9  H   -0.123420   0.121164  -0.282362  -0.136213   0.049635  -0.263504
    10  H    0.014394  -0.023116   0.051929   0.005913  -0.022196   0.049635
    11  H    0.003000  -0.026468   0.060478   0.097798  -0.023116   0.121164
    12  H   -0.002676   0.003000   0.004024   0.024501   0.014394  -0.123420
               7          8          9         10         11         12
     1  H    0.004024   0.024501  -0.123420   0.014394   0.003000  -0.002676
     2  H    0.060478   0.097798   0.121164  -0.023116  -0.026468   0.003000
     3  H   -0.059282  -0.245770  -0.282362   0.051929   0.060478   0.004024
     4  H   -0.245770  -0.593365  -0.136213   0.005913   0.097798   0.024501
     5  H    0.051929   0.005913   0.049635  -0.022196  -0.023116   0.014394
     6  H   -0.282362  -0.136213  -0.263504   0.049635   0.121164  -0.123420
     7  H    1.008232   0.493433   0.056592  -0.060442  -0.240658   0.058865
     8  H    0.493433   1.588603   0.401145   0.057862  -0.466505  -0.170490
     9  H    0.056592   0.401145   1.769468  -0.169201  -0.256983   0.023594
    10  H   -0.060442   0.057862  -0.169201   0.570081   0.236966  -0.074565
    11  H   -0.240658  -0.466505  -0.256983   0.236966   1.360883   0.210171
    12  H    0.058865  -0.170490   0.023594  -0.074565   0.210171   1.226743
 Mulliken charges:
               1
     1  H   -0.194140
     2  H   -0.076731
     3  H    0.154961
     4  H   -0.056914
     5  H    0.362739
     6  H   -0.189916
     7  H    0.154961
     8  H   -0.056914
     9  H   -0.189916
    10  H    0.362739
    11  H   -0.076731
    12  H   -0.194140
 Sum of Mulliken charges =   0.00000
 Mulliken charges with hydrogens summed into heavy atoms:
               1
 Electronic spatial extent (au):  <R**2>=            143.0368
 Charge=              0.0000 electrons
 Dipole moment (field-independent basis, Debye):
    X=             -0.0000    Y=             -0.0000    Z=             -0.0000  Tot=              0.0000
 Quadrupole moment (field-independent basis, Debye-Ang):
   XX=            -13.9170   YY=            -25.7718   ZZ=            -14.6264
   XY=             -7.5192   XZ=             -0.0000   YZ=             -0.0000
 Traceless Quadrupole moment (field-independent basis, Debye-Ang):
   XX=              4.1881   YY=             -7.6667   ZZ=              3.4787
   XY=             -7.5192   XZ=             -0.0000   YZ=             -0.0000
 Octapole moment (field-independent basis, Debye-Ang**2):
  XXX=             -0.0000  YYY=             -0.0000  ZZZ=             -0.0000  XYY=              0.0000
  XXY=             -0.0000  XXZ=             -0.0000  XZZ=             -0.0000  YZZ=             -0.0000
  YYZ=             -0.0000  XYZ=             -0.0000
 Hexadecapole moment (field-independent basis, Debye-Ang**3):
 XXXX=            -78.9976 YYYY=           -269.5104 ZZZZ=            -17.0383 XXXY=            -28.1933
 XXXZ=             -0.0000 YYYX=            -51.0375 YYYZ=             -0.0000 ZZZX=             -0.0000
 ZZZY=             -0.0000 XXYY=            -50.4309 XXZZ=            -16.3698 YYZZ=            -35.0096
 XXYZ=             -0.0000 YYXZ=             -0.0000 ZZXY=             -6.5601
 N-N= 1.982390640078D+01 E-N=-5.119961700823D+01  KE= 7.378574983497D+00
 Symmetry AG   KE= 1.558747218744D+00
 Symmetry BG   KE= 0.000000000000D+00
 Symmetry AU   KE= 0.000000000000D+00
 Symmetry BU   KE= 5.819827764754D+00

 Test job not archived.
 1\1\GINC-SULU\Stability\RHF\Gen\H12\LCJ1\17-Feb-2017\0\\#rhf/gen scf(s
 ymm,tight,novaracc,noincfock,fulldiag) stable(crhf) guess=read geom=no
 crowd test\\hf stability analysis of h12 triangular lattice, y= 0.9295
 5139236486140\\0,1\H\H,1,1.1179619335\H,1,1.1179619335,2,67.5\H,2,1.11
 79619335,1,112.5,3,0.,0\H,2,1.1179619335,1,180.,3,0.,0\H,4,1.117961933
 5,3,180.,5,0.,0\H,6,1.1179619335,5,180.,3,0.,0\H,4,1.1179619335,2,180.
 ,3,0.,0\H,3,1.1179619335,1,180.,4,0.,0\H,9,1.1179619335,3,180.,4,0.,0\
 H,8,1.1179619335,4,180.,3,0.,0\H,7,1.1179619335,6,180.,3,0.,0\\Version
 =ES64L-G09RevE.01\State=1-AG\HF=-5.1086098\MP2=-5.2930582\RMSD=1.086e-
 09\Dipole=0.,0.,0.\Quadrupole=-0.4563295,2.586293,-2.1299634,0.,-7.069
 0819,0.\PG=C02H [SGH(H12)]\\@


 ACCORDING TO HEN3RY, LIFE IS MUCH LIKE A SEWER........
 YOU GET OUT OF IT JUST WHAT YOU PUT INTO IT...........
                         TOM LEHRER - (THE 3 IS SILENT)
 Job cpu time:       0 days  0 hours  0 minutes  1.1 seconds.
 File lengths (MBytes):  RWF=     84 Int=      0 D2E=      0 Chk=      2 Scr=      2
 Normal termination of Gaussian 09 at Fri Feb 17 15:02:59 2017.
