 Entering Gaussian System, Link 0=g09
 AtFile(1): H.gbs
            H     0
            S   10   1.00
               1000.000000000000            0.000068713567
                316.227766000000            0.000169141320
                100.000000000000            0.000823394812
                 31.622776600000            0.003425569236
                 10.000000000000            0.013951996000
                  3.162277660000            0.056909313560
                  1.000000000000            0.198286399900
                  0.316227766000            0.496922426700
                  0.100000000000            0.369846276400
                  0.031622776600            0.003752720039
            ****
 Initial command:
 /projects/guscus/apps/gau/g09-e1/g09/l1.exe "/users/lcj1/gaussian/h12/rhfstability/rect/guess/ag2bu4/Gau-3703.inp" -scrdir="/users/lcj1/gaussian/h12/rhfstability/rect/guess/ag2bu4/"
 Entering Link 1 = /projects/guscus/apps/gau/g09-e1/g09/l1.exe PID=      3704.
  
 Copyright (c) 1988,1990,1992,1993,1995,1998,2003,2009,2015,
            Gaussian, Inc.  All Rights Reserved.
  
 This is part of the Gaussian(R) 09 program.  It is based on
 the Gaussian(R) 03 system (copyright 2003, Gaussian, Inc.),
 the Gaussian(R) 98 system (copyright 1998, Gaussian, Inc.),
 the Gaussian(R) 94 system (copyright 1995, Gaussian, Inc.),
 the Gaussian 92(TM) system (copyright 1992, Gaussian, Inc.),
 the Gaussian 90(TM) system (copyright 1990, Gaussian, Inc.),
 the Gaussian 88(TM) system (copyright 1988, Gaussian, Inc.),
 the Gaussian 86(TM) system (copyright 1986, Carnegie Mellon
 University), and the Gaussian 82(TM) system (copyright 1983,
 Carnegie Mellon University). Gaussian is a federally registered
 trademark of Gaussian, Inc.
  
 This software contains proprietary and confidential information,
 including trade secrets, belonging to Gaussian, Inc.
  
 This software is provided under written license and may be
 used, copied, transmitted, or stored only in accord with that
 written license.
  
 The following legend is applicable only to US Government
 contracts under FAR:
  
                    RESTRICTED RIGHTS LEGEND
  
 Use, reproduction and disclosure by the US Government is
 subject to restrictions as set forth in subparagraphs (a)
 and (c) of the Commercial Computer Software - Restricted
 Rights clause in FAR 52.227-19.
  
 Gaussian, Inc.
 340 Quinnipiac St., Bldg. 40, Wallingford CT 06492
  
  
 ---------------------------------------------------------------
 Warning -- This program may not be used in any manner that
 competes with the business of Gaussian, Inc. or will provide
 assistance to any competitor of Gaussian, Inc.  The licensee
 of this program is prohibited from giving any competitor of
 Gaussian, Inc. access to this program.  By using this program,
 the user acknowledges that Gaussian, Inc. is engaged in the
 business of creating and licensing software in the field of
 computational chemistry and represents and warrants to the
 licensee that it is not a competitor of Gaussian, Inc. and that
 it will not use this program in any manner prohibited above.
 ---------------------------------------------------------------
  

 Cite this work as:
 Gaussian 09, Revision E.01,
 M. J. Frisch, G. W. Trucks, H. B. Schlegel, G. E. Scuseria, 
 M. A. Robb, J. R. Cheeseman, G. Scalmani, V. Barone, B. Mennucci, 
 G. A. Petersson, H. Nakatsuji, M. Caricato, X. Li, H. P. Hratchian, 
 A. F. Izmaylov, J. Bloino, G. Zheng, J. L. Sonnenberg, M. Hada, 
 M. Ehara, K. Toyota, R. Fukuda, J. Hasegawa, M. Ishida, T. Nakajima, 
 Y. Honda, O. Kitao, H. Nakai, T. Vreven, J. A. Montgomery, Jr., 
 J. E. Peralta, F. Ogliaro, M. Bearpark, J. J. Heyd, E. Brothers, 
 K. N. Kudin, V. N. Staroverov, T. Keith, R. Kobayashi, J. Normand, 
 K. Raghavachari, A. Rendell, J. C. Burant, S. S. Iyengar, J. Tomasi, 
 M. Cossi, N. Rega, J. M. Millam, M. Klene, J. E. Knox, J. B. Cross, 
 V. Bakken, C. Adamo, J. Jaramillo, R. Gomperts, R. E. Stratmann, 
 O. Yazyev, A. J. Austin, R. Cammi, C. Pomelli, J. W. Ochterski, 
 R. L. Martin, K. Morokuma, V. G. Zakrzewski, G. A. Voth, 
 P. Salvador, J. J. Dannenberg, S. Dapprich, A. D. Daniels, 
 O. Farkas, J. B. Foresman, J. V. Ortiz, J. Cioslowski, 
 and D. J. Fox, Gaussian, Inc., Wallingford CT, 2013.
 
 ******************************************
 Gaussian 09:  ES64L-G09RevE.01 30-Nov-2015
                17-Feb-2017 
 ******************************************
 %chk=h12.chk
 ----------------------------------------------------------------------
 #rhf/gen scf(symm,tight,novaracc,noincfock,fulldiag) stable(crhf) gues
 s=read geom=nocrowd test
 ----------------------------------------------------------------------
 1/38=1/1;
 2/12=1,17=6,18=5,40=1/2;
 3/5=7,16=1,25=1,30=1,116=1/1,2,3;
 4/5=1,9=4/1;
 5/5=100002,15=2,16=1,32=2,38=6/2;
 8/6=1,10=90,11=11/1,4;
 9/8=4,13=1/2;
 6/7=2,8=2,9=2,10=2,28=1/1;
 99/5=1,9=1/99;
 ----------------------------------------------------------------------
 hf stability analysis of h12 triangular lattice, y= 1.1454817383776770
 ----------------------------------------------------------------------
 Symbolic Z-matrix:
 Charge =  0 Multiplicity = 1
 H
 H                    1     1.25147 
 H                    1     1.25147  2     47.5 
 H                    2     1.25147  1     132.5    3     0.       0
 H                    2     1.25147  1     180.     3     0.       0
 H                    4     1.25147  3     180.     5     0.       0
 H                    6     1.25147  5     180.     3     0.       0
 H                    4     1.25147  2     180.     3     0.       0
 H                    3     1.25147  1     180.     4     0.       0
 H                    9     1.25147  3     180.     4     0.       0
 H                    8     1.25147  4     180.     3     0.       0
 H                    7     1.25147  6     180.     3     0.       0
 
                          Input orientation:                          
 ---------------------------------------------------------------------
 Center     Atomic      Atomic             Coordinates (Angstroms)
 Number     Number       Type             X           Y           Z
 ---------------------------------------------------------------------
      1          1           0        0.000000    0.000000    0.000000
      2          1           0        0.000000    0.000000    1.251467
      3          1           0        0.922678    0.000000    0.845479
      4          1           0        0.922678    0.000000    2.096945
      5          1           0        0.000000    0.000000    2.502933
      6          1           0        0.922678    0.000000    3.348412
      7          1           0        1.845356    0.000000    4.193890
      8          1           0        1.845356    0.000000    2.942424
      9          1           0        1.845356    0.000000    1.690957
     10          1           0        2.768034    0.000000    2.536436
     11          1           0        2.768034    0.000000    3.787902
     12          1           0        2.768034    0.000000    5.039369
 ---------------------------------------------------------------------
                    Distance matrix (angstroms):
                    1          2          3          4          5
     1  H    0.000000
     2  H    1.251467   0.000000
     3  H    1.251467   1.008048   0.000000
     4  H    2.290963   1.251467   1.251467   0.000000
     5  H    2.502933   1.251467   1.896969   1.008048   0.000000
     6  H    3.473211   2.290963   2.502933   1.251467   1.251467
     7  H    4.581927   3.473211   3.473211   2.290963   2.502933
     8  H    3.473211   2.502933   2.290963   1.251467   1.896969
     9  H    2.502933   1.896969   1.251467   1.008048   2.016096
    10  H    3.754400   3.051747   2.502933   1.896969   2.768237
    11  H    4.691505   3.754400   3.473211   2.502933   3.051747
    12  H    5.749543   4.691505   4.581927   3.473211   3.754400
                    6          7          8          9         10
     6  H    0.000000
     7  H    1.251467   0.000000
     8  H    1.008048   1.251467   0.000000
     9  H    1.896969   2.502933   1.251467   0.000000
    10  H    2.016096   1.896969   1.008048   1.251467   0.000000
    11  H    1.896969   1.008048   1.251467   2.290963   1.251467
    12  H    2.502933   1.251467   2.290963   3.473211   2.502933
                   11         12
    11  H    0.000000
    12  H    1.251467   0.000000
 Stoichiometry    H12
 Framework group  C2H[SGH(H12)]
 Deg. of freedom    11
 Full point group                 C2H     NOp   4
 Largest Abelian subgroup         C2H     NOp   4
 Largest concise Abelian subgroup C2      NOp   2
                         Standard orientation:                         
 ---------------------------------------------------------------------
 Center     Atomic      Atomic             Coordinates (Angstroms)
 Number     Number       Type             X           Y           Z
 ---------------------------------------------------------------------
      1          1           0        0.922678    2.722678   -0.000000
      2          1           0        0.000000    1.877200   -0.000000
      3          1           0        0.922678    1.471212   -0.000000
      4          1           0        0.000000    0.625733   -0.000000
      5          1           0       -0.922678    1.031721   -0.000000
      6          1           0       -0.922678   -0.219745   -0.000000
      7          1           0       -0.922678   -1.471212   -0.000000
      8          1           0       -0.000000   -0.625733   -0.000000
      9          1           0        0.922678    0.219745    0.000000
     10          1           0        0.922678   -1.031721    0.000000
     11          1           0       -0.000000   -1.877200   -0.000000
     12          1           0       -0.922678   -2.722678   -0.000000
 ---------------------------------------------------------------------
 Rotational constants (GHZ):     96.6321325     16.2638181     13.9208485
 General basis read from cards:  (5D, 7F)
 There are     6 symmetry adapted cartesian basis functions of AG  symmetry.
 There are     0 symmetry adapted cartesian basis functions of BG  symmetry.
 There are     0 symmetry adapted cartesian basis functions of AU  symmetry.
 There are     6 symmetry adapted cartesian basis functions of BU  symmetry.
 There are     6 symmetry adapted basis functions of AG  symmetry.
 There are     0 symmetry adapted basis functions of BG  symmetry.
 There are     0 symmetry adapted basis functions of AU  symmetry.
 There are     6 symmetry adapted basis functions of BU  symmetry.
    12 basis functions,   120 primitive gaussians,    12 cartesian basis functions
     6 alpha electrons        6 beta electrons
       nuclear repulsion energy        18.8918328136 Hartrees.
 NAtoms=   12 NActive=   12 NUniq=    6 SFac= 4.00D+00 NAtFMM=   60 NAOKFM=F Big=F
 Integral buffers will be    131072 words long.
 Regular integral format.
 Two-electron integral symmetry is turned on.
 One-electron integrals computed using PRISM.
 NBasis=    12 RedAO= T EigKep=  1.79D-01  NBF=     6     0     0     6
 NBsUse=    12 1.00D-06 EigRej= -1.00D+00 NBFU=     6     0     0     6
 Initial guess from the checkpoint file:  "h12.chk"
 B after Tr=    -0.000000    0.000000    0.000000
         Rot=    0.999999    0.000000    0.000000   -0.001518 Ang=  -0.17 deg.
 Initial guess orbital symmetries:
       Occupied  (AG) (BU) (BU) (AG) (BU) (BU)
       Virtual   (AG) (AG) (AG) (BU) (AG) (BU)
 Keep R1 ints in memory in symmetry-blocked form, NReq=902412.
 Requested convergence on RMS density matrix=1.00D-08 within 128 cycles.
 Requested convergence on MAX density matrix=1.00D-06.
 Requested convergence on             energy=1.00D-06.
 No special actions if energy rises.
 Rare condition: small coef for last iteration:  0.000D+00
 SCF Done:  E(RHF) =  -5.26087319045     A.U. after   13 cycles
            NFock= 13  Conv=0.85D-08     -V/T= 1.7350
 Range of M.O.s used for correlation:     1    12
 NBasis=    12 NAE=     6 NBE=     6 NFC=     0 NFV=     0
 NROrb=     12 NOA=     6 NOB=     6 NVA=     6 NVB=     6

 **** Warning!!: The smallest alpha delta epsilon is -0.14641664D+00

 Semi-Direct transformation.
 ModeAB=           4 MOrb=             6 LenV=     134086215
 LASXX=         2181 LTotXX=        2181 LenRXX=        5115
 LTotAB=        2934 MaxLAS=        3024 LenRXY=           0
 NonZer=        7296 LenScr=      655360 LnRSAI=        3024
 LnScr1=      655360 LExtra=           0 Total=      1318859
 MaxDsk=          -1 SrtSym=           T ITran=            3
 JobTyp=0 Pass  1:  I=   1 to   6.
 (rs|ai) integrals will be sorted in core.
 Spin components of T(2) and E(2):
     alpha-alpha T2 =       0.1659055538D-01 E2=     -0.1348444080D-01
     alpha-beta  T2 =       0.4207164348D+01 E2=     -0.3562836990D+00
     beta-beta   T2 =       0.1659055538D-01 E2=     -0.1348444080D-01
 ANorm=    0.2289180084D+01
 E2 =    -0.3832525806D+00 EUMP2 =    -0.56441257710181D+01
 Second order stability test of a single determinant RHF wave function:
 Stabil:  MDV=134217728
 ***********************************************************************
 Matrix         Lowest Root    Major Pairs
 ***********************************************************************
 Internal RHF    -0.3429656    6A=7A
 RRHF --> CRHF   -0.3871546    6A=7A
 RRHF --> RUHF   -0.5597685    6A=7B 6A=8B
 Not stable.
 ***********************************************************************

 **********************************************************************

            Population analysis using the SCF density.

 **********************************************************************

 Orbital symmetries:
       Occupied  (AG) (BU) (BU) (AG) (BU) (BU)
       Virtual   (AG) (AG) (AG) (BU) (AG) (BU)
 The electronic state is 1-AG.
 Alpha  occ. eigenvalues --   -0.92450  -0.73767  -0.56114  -0.55431  -0.34558
 Alpha  occ. eigenvalues --    0.06457
 Alpha virt. eigenvalues --   -0.08185   0.10161   0.24515   0.32029   0.51569
 Alpha virt. eigenvalues --    0.54235
          Condensed to atoms (all electrons):
               1          2          3          4          5          6
     1  H    1.317107  -0.381247   0.197805  -0.002466   0.015546   0.003093
     2  H   -0.381247   2.175184   0.214104  -0.472273  -0.325945   0.039734
     3  H    0.197805   0.214104   0.514089  -0.034814  -0.037332  -0.023705
     4  H   -0.002466  -0.472273  -0.034814   1.380760   0.470383  -0.153104
     5  H    0.015546  -0.325945  -0.037332   0.470383   0.688063   0.091600
     6  H    0.003093   0.039734  -0.023705  -0.153104   0.091600   0.957760
     7  H   -0.000184   0.005345   0.001803  -0.018948   0.000588  -0.002926
     8  H   -0.005185   0.088327  -0.018948  -0.416359  -0.131510   0.406464
     9  H   -0.032313  -0.115563  -0.002926   0.406464  -0.004563  -0.176147
    10  H   -0.004855   0.028778   0.000588  -0.131510  -0.047650  -0.004563
    11  H    0.004482  -0.032591   0.005345   0.088327   0.028778  -0.115563
    12  H   -0.000653   0.004482  -0.000184  -0.005185  -0.004855  -0.032313
               7          8          9         10         11         12
     1  H   -0.000184  -0.005185  -0.032313  -0.004855   0.004482  -0.000653
     2  H    0.005345   0.088327  -0.115563   0.028778  -0.032591   0.004482
     3  H    0.001803  -0.018948  -0.002926   0.000588   0.005345  -0.000184
     4  H   -0.018948  -0.416359   0.406464  -0.131510   0.088327  -0.005185
     5  H    0.000588  -0.131510  -0.004563  -0.047650   0.028778  -0.004855
     6  H   -0.002926   0.406464  -0.176147  -0.004563  -0.115563  -0.032313
     7  H    0.514089  -0.034814  -0.023705  -0.037332   0.214104   0.197805
     8  H   -0.034814   1.380760  -0.153104   0.470383  -0.472273  -0.002466
     9  H   -0.023705  -0.153104   0.957760   0.091600   0.039734   0.003093
    10  H   -0.037332   0.470383   0.091600   0.688063  -0.325945   0.015546
    11  H    0.214104  -0.472273   0.039734  -0.325945   2.175184  -0.381247
    12  H    0.197805  -0.002466   0.003093   0.015546  -0.381247   1.317107
 Mulliken charges:
               1
     1  H   -0.111131
     2  H   -0.228335
     3  H    0.184175
     4  H   -0.111275
     5  H    0.256897
     6  H    0.009670
     7  H    0.184175
     8  H   -0.111275
     9  H    0.009670
    10  H    0.256897
    11  H   -0.228335
    12  H   -0.111131
 Sum of Mulliken charges =   0.00000
 Mulliken charges with hydrogens summed into heavy atoms:
               1
 Electronic spatial extent (au):  <R**2>=            172.2929
 Charge=              0.0000 electrons
 Dipole moment (field-independent basis, Debye):
    X=              0.0000    Y=             -0.0000    Z=              0.0000  Tot=              0.0000
 Quadrupole moment (field-independent basis, Debye-Ang):
   XX=            -14.1016   YY=            -29.8169   ZZ=            -14.8009
   XY=             -5.5343   XZ=             -0.0000   YZ=             -0.0000
 Traceless Quadrupole moment (field-independent basis, Debye-Ang):
   XX=              5.4716   YY=            -10.2438   ZZ=              4.7723
   XY=             -5.5343   XZ=             -0.0000   YZ=             -0.0000
 Octapole moment (field-independent basis, Debye-Ang**2):
  XXX=              0.0000  YYY=              0.0000  ZZZ=              0.0000  XYY=              0.0000
  XXY=             -0.0000  XXZ=              0.0000  XZZ=              0.0000  YZZ=             -0.0000
  YYZ=              0.0000  XYZ=              0.0000
 Hexadecapole moment (field-independent basis, Debye-Ang**3):
 XXXX=            -71.4863 YYYY=           -384.5142 ZZZZ=            -17.3909 XXXY=            -36.5120
 XXXZ=             -0.0000 YYYX=            -72.5182 YYYZ=             -0.0000 ZZZX=             -0.0000
 ZZZY=             -0.0000 XXYY=            -66.8835 XXZZ=            -14.8707 YYZZ=            -46.6210
 XXYZ=             -0.0000 YYXZ=             -0.0000 ZZXY=             -9.9640
 N-N= 1.889183281355D+01 E-N=-4.934618405496D+01  KE= 7.158052647587D+00
 Symmetry AG   KE= 1.491334646437D+00
 Symmetry BG   KE= 0.000000000000D+00
 Symmetry AU   KE= 0.000000000000D+00
 Symmetry BU   KE= 5.666718001150D+00

 Test job not archived.
 1\1\GINC-SULU\Stability\RHF\Gen\H12\LCJ1\17-Feb-2017\0\\#rhf/gen scf(s
 ymm,tight,novaracc,noincfock,fulldiag) stable(crhf) guess=read geom=no
 crowd test\\hf stability analysis of h12 triangular lattice, y= 1.1454
 817383776770\\0,1\H\H,1,1.2514665754\H,1,1.2514665754,2,47.5\H,2,1.251
 4665754,1,132.5,3,0.,0\H,2,1.2514665754,1,180.,3,0.,0\H,4,1.2514665754
 ,3,180.,5,0.,0\H,6,1.2514665754,5,180.,3,0.,0\H,4,1.2514665754,2,180.,
 3,0.,0\H,3,1.2514665754,1,180.,4,0.,0\H,9,1.2514665754,3,180.,4,0.,0\H
 ,8,1.2514665754,4,180.,3,0.,0\H,7,1.2514665754,6,180.,3,0.,0\\Version=
 ES64L-G09RevE.01\State=1-AG\HF=-5.2608732\MP2=-5.6441258\RMSD=8.549e-0
 9\Dipole=0.,0.,0.\Quadrupole=1.8157853,3.5480537,-5.363839,0.,-6.17838
 05,0.\PG=C02H [SGH(H12)]\\@


 THE SOLUTION TO A PROBLEM CHANGES THE PROBLEM.

                                 -- JOHN PEERS
           PAUL DICKSON'S "THE OFFICIAL RULES"
 Job cpu time:       0 days  0 hours  0 minutes  1.1 seconds.
 File lengths (MBytes):  RWF=     84 Int=      0 D2E=      0 Chk=      2 Scr=      2
 Normal termination of Gaussian 09 at Fri Feb 17 15:05:01 2017.
