 Entering Gaussian System, Link 0=g09
 AtFile(1): H.gbs
            H     0
            S   10   1.00
               1000.000000000000            0.000068713567
                316.227766000000            0.000169141320
                100.000000000000            0.000823394812
                 31.622776600000            0.003425569236
                 10.000000000000            0.013951996000
                  3.162277660000            0.056909313560
                  1.000000000000            0.198286399900
                  0.316227766000            0.496922426700
                  0.100000000000            0.369846276400
                  0.031622776600            0.003752720039
            ****
 Initial command:
 /projects/guscus/apps/gau/g09-e1/g09/l1.exe "/users/lcj1/gaussian/h12/rhfstability/rect/guess/ag2bu4/Gau-22780.inp" -scrdir="/users/lcj1/gaussian/h12/rhfstability/rect/guess/ag2bu4/"
 Entering Link 1 = /projects/guscus/apps/gau/g09-e1/g09/l1.exe PID=     22784.
  
 Copyright (c) 1988,1990,1992,1993,1995,1998,2003,2009,2015,
            Gaussian, Inc.  All Rights Reserved.
  
 This is part of the Gaussian(R) 09 program.  It is based on
 the Gaussian(R) 03 system (copyright 2003, Gaussian, Inc.),
 the Gaussian(R) 98 system (copyright 1998, Gaussian, Inc.),
 the Gaussian(R) 94 system (copyright 1995, Gaussian, Inc.),
 the Gaussian 92(TM) system (copyright 1992, Gaussian, Inc.),
 the Gaussian 90(TM) system (copyright 1990, Gaussian, Inc.),
 the Gaussian 88(TM) system (copyright 1988, Gaussian, Inc.),
 the Gaussian 86(TM) system (copyright 1986, Carnegie Mellon
 University), and the Gaussian 82(TM) system (copyright 1983,
 Carnegie Mellon University). Gaussian is a federally registered
 trademark of Gaussian, Inc.
  
 This software contains proprietary and confidential information,
 including trade secrets, belonging to Gaussian, Inc.
  
 This software is provided under written license and may be
 used, copied, transmitted, or stored only in accord with that
 written license.
  
 The following legend is applicable only to US Government
 contracts under FAR:
  
                    RESTRICTED RIGHTS LEGEND
  
 Use, reproduction and disclosure by the US Government is
 subject to restrictions as set forth in subparagraphs (a)
 and (c) of the Commercial Computer Software - Restricted
 Rights clause in FAR 52.227-19.
  
 Gaussian, Inc.
 340 Quinnipiac St., Bldg. 40, Wallingford CT 06492
  
  
 ---------------------------------------------------------------
 Warning -- This program may not be used in any manner that
 competes with the business of Gaussian, Inc. or will provide
 assistance to any competitor of Gaussian, Inc.  The licensee
 of this program is prohibited from giving any competitor of
 Gaussian, Inc. access to this program.  By using this program,
 the user acknowledges that Gaussian, Inc. is engaged in the
 business of creating and licensing software in the field of
 computational chemistry and represents and warrants to the
 licensee that it is not a competitor of Gaussian, Inc. and that
 it will not use this program in any manner prohibited above.
 ---------------------------------------------------------------
  

 Cite this work as:
 Gaussian 09, Revision E.01,
 M. J. Frisch, G. W. Trucks, H. B. Schlegel, G. E. Scuseria, 
 M. A. Robb, J. R. Cheeseman, G. Scalmani, V. Barone, B. Mennucci, 
 G. A. Petersson, H. Nakatsuji, M. Caricato, X. Li, H. P. Hratchian, 
 A. F. Izmaylov, J. Bloino, G. Zheng, J. L. Sonnenberg, M. Hada, 
 M. Ehara, K. Toyota, R. Fukuda, J. Hasegawa, M. Ishida, T. Nakajima, 
 Y. Honda, O. Kitao, H. Nakai, T. Vreven, J. A. Montgomery, Jr., 
 J. E. Peralta, F. Ogliaro, M. Bearpark, J. J. Heyd, E. Brothers, 
 K. N. Kudin, V. N. Staroverov, T. Keith, R. Kobayashi, J. Normand, 
 K. Raghavachari, A. Rendell, J. C. Burant, S. S. Iyengar, J. Tomasi, 
 M. Cossi, N. Rega, J. M. Millam, M. Klene, J. E. Knox, J. B. Cross, 
 V. Bakken, C. Adamo, J. Jaramillo, R. Gomperts, R. E. Stratmann, 
 O. Yazyev, A. J. Austin, R. Cammi, C. Pomelli, J. W. Ochterski, 
 R. L. Martin, K. Morokuma, V. G. Zakrzewski, G. A. Voth, 
 P. Salvador, J. J. Dannenberg, S. Dapprich, A. D. Daniels, 
 O. Farkas, J. B. Foresman, J. V. Ortiz, J. Cioslowski, 
 and D. J. Fox, Gaussian, Inc., Wallingford CT, 2013.
 
 ******************************************
 Gaussian 09:  ES64L-G09RevE.01 30-Nov-2015
                17-Feb-2017 
 ******************************************
 %chk=h12.chk
 ----------------------------------------------------------------------
 #rhf/gen scf(symm,tight,novaracc,noincfock,fulldiag) stable(crhf) gues
 s=read geom=nocrowd test
 ----------------------------------------------------------------------
 1/38=1/1;
 2/12=1,17=6,18=5,40=1/2;
 3/5=7,16=1,25=1,30=1,116=1/1,2,3;
 4/5=1,9=4/1;
 5/5=100002,15=2,16=1,32=2,38=6/2;
 8/6=1,10=90,11=11/1,4;
 9/8=4,13=1/2;
 6/7=2,8=2,9=2,10=2,28=1/1;
 99/5=1,9=1/99;
 ----------------------------------------------------------------------
 hf stability analysis of h12 triangular lattice, y= 0.6837609579800398
 9
 ----------------------------------------------------------------------
 Symbolic Z-matrix:
 Charge =  0 Multiplicity = 1
 H
 H                    1     1.08651 
 H                    1     1.08651  2     102. 
 H                    2     1.08651  1     78.      3     0.       0
 H                    2     1.08651  1     180.     3     0.       0
 H                    4     1.08651  3     180.     5     0.       0
 H                    6     1.08651  5     180.     3     0.       0
 H                    4     1.08651  2     180.     3     0.       0
 H                    3     1.08651  1     180.     4     0.       0
 H                    9     1.08651  3     180.     4     0.       0
 H                    8     1.08651  4     180.     3     0.       0
 H                    7     1.08651  6     180.     3     0.       0
 
                          Input orientation:                          
 ---------------------------------------------------------------------
 Center     Atomic      Atomic             Coordinates (Angstroms)
 Number     Number       Type             X           Y           Z
 ---------------------------------------------------------------------
      1          1           0        0.000000    0.000000    0.000000
      2          1           0        0.000000    0.000000    1.086507
      3          1           0        1.062764    0.000000   -0.225897
      4          1           0        1.062764    0.000000    0.860609
      5          1           0        0.000000    0.000000    2.173014
      6          1           0        1.062764    0.000000    1.947116
      7          1           0        2.125528    0.000000    1.721219
      8          1           0        2.125528    0.000000    0.634712
      9          1           0        2.125528    0.000000   -0.451795
     10          1           0        3.188292    0.000000   -0.677692
     11          1           0        3.188292    0.000000    0.408814
     12          1           0        3.188292    0.000000    1.495321
 ---------------------------------------------------------------------
                    Distance matrix (angstroms):
                    1          2          3          4          5
     1  H    0.000000
     2  H    1.086507   0.000000
     3  H    1.086507   1.688749   0.000000
     4  H    1.367522   1.086507   1.086507   0.000000
     5  H    2.173014   1.086507   2.623784   1.688749   0.000000
     6  H    2.218272   1.367522   2.173014   1.086507   1.086507
     7  H    2.735044   2.218272   2.218272   1.367522   2.173014
     8  H    2.218272   2.173014   1.367522   1.086507   2.623784
     9  H    2.173014   2.623784   1.086507   1.688749   3.377498
    10  H    3.259521   3.643845   2.173014   2.623784   4.276884
    11  H    3.214395   3.259521   2.218272   2.173014   3.643845
    12  H    3.521533   3.214395   2.735044   2.218272   3.259521
                    6          7          8          9         10
     6  H    0.000000
     7  H    1.086507   0.000000
     8  H    1.688749   1.086507   0.000000
     9  H    2.623784   2.173014   1.086507   0.000000
    10  H    3.377498   2.623784   1.688749   1.086507   0.000000
    11  H    2.623784   1.688749   1.086507   1.367522   1.086507
    12  H    2.173014   1.086507   1.367522   2.218272   2.173014
                   11         12
    11  H    0.000000
    12  H    1.086507   0.000000
 Stoichiometry    H12
 Framework group  C2H[SGH(H12)]
 Deg. of freedom    11
 Full point group                 C2H     NOp   4
 Largest Abelian subgroup         C2H     NOp   4
 Largest concise Abelian subgroup C2      NOp   2
                         Standard orientation:                         
 ---------------------------------------------------------------------
 Center     Atomic      Atomic             Coordinates (Angstroms)
 Number     Number       Type             X           Y           Z
 ---------------------------------------------------------------------
      1          1           0        1.062764    1.403863   -0.000000
      2          1           0        0.000000    1.629760    0.000000
      3          1           0        1.062764    0.317356   -0.000000
      4          1           0        0.000000    0.543253    0.000000
      5          1           0       -1.062764    1.855658    0.000000
      6          1           0       -1.062764    0.769151    0.000000
      7          1           0       -1.062764   -0.317356   -0.000000
      8          1           0       -0.000000   -0.543253    0.000000
      9          1           0        1.062764   -0.769151    0.000000
     10          1           0        1.062764   -1.855658    0.000000
     11          1           0       -0.000000   -1.629760    0.000000
     12          1           0       -1.062764   -1.403863   -0.000000
 ---------------------------------------------------------------------
 Rotational constants (GHZ):     57.9971499     27.0980149     18.4688241
 General basis read from cards:  (5D, 7F)
 There are     6 symmetry adapted cartesian basis functions of AG  symmetry.
 There are     0 symmetry adapted cartesian basis functions of BG  symmetry.
 There are     0 symmetry adapted cartesian basis functions of AU  symmetry.
 There are     6 symmetry adapted cartesian basis functions of BU  symmetry.
 There are     6 symmetry adapted basis functions of AG  symmetry.
 There are     0 symmetry adapted basis functions of BG  symmetry.
 There are     0 symmetry adapted basis functions of AU  symmetry.
 There are     6 symmetry adapted basis functions of BU  symmetry.
    12 basis functions,   120 primitive gaussians,    12 cartesian basis functions
     6 alpha electrons        6 beta electrons
       nuclear repulsion energy        20.0796035506 Hartrees.
 NAtoms=   12 NActive=   12 NUniq=    6 SFac= 4.00D+00 NAtFMM=   60 NAOKFM=F Big=F
 Integral buffers will be    131072 words long.
 Regular integral format.
 Two-electron integral symmetry is turned on.
 One-electron integrals computed using PRISM.
 NBasis=    12 RedAO= T EigKep=  1.18D-01  NBF=     6     0     0     6
 NBsUse=    12 1.00D-06 EigRej= -1.00D+00 NBFU=     6     0     0     6
 Initial guess from the checkpoint file:  "h12.chk"
 B after Tr=    -0.000000    0.000000   -0.000000
         Rot=    0.999999    0.000000    0.000000   -0.001518 Ang=  -0.17 deg.
 Initial guess orbital symmetries:
       Occupied  (AG) (BU) (BU) (AG) (BU) (BU)
       Virtual   (AG) (AG) (BU) (AG) (AG) (BU)
 Keep R1 ints in memory in symmetry-blocked form, NReq=903840.
 Requested convergence on RMS density matrix=1.00D-08 within 128 cycles.
 Requested convergence on MAX density matrix=1.00D-06.
 Requested convergence on             energy=1.00D-06.
 No special actions if energy rises.
 SCF Done:  E(RHF) =  -5.04565847509     A.U. after   11 cycles
            NFock= 11  Conv=0.19D-08     -V/T= 1.6687
 Range of M.O.s used for correlation:     1    12
 NBasis=    12 NAE=     6 NBE=     6 NFC=     0 NFV=     0
 NROrb=     12 NOA=     6 NOB=     6 NVA=     6 NVB=     6

 **** Warning!!: The smallest alpha delta epsilon is -0.13017493D+00

 Semi-Direct transformation.
 ModeAB=           4 MOrb=             6 LenV=     134084339
 LASXX=         2181 LTotXX=        2181 LenRXX=        5115
 LTotAB=        2934 MaxLAS=        3024 LenRXY=           0
 NonZer=        7296 LenScr=      655360 LnRSAI=        3024
 LnScr1=      655360 LExtra=           0 Total=      1318859
 MaxDsk=          -1 SrtSym=           T ITran=            3
 JobTyp=0 Pass  1:  I=   1 to   6.
 (rs|ai) integrals will be sorted in core.
 Spin components of T(2) and E(2):
     alpha-alpha T2 =       0.1390491063D-01 E2=     -0.1541441788D-01
     alpha-beta  T2 =       0.1012332335D+01 E2=     -0.1366714301D+00
     beta-beta   T2 =       0.1390491063D-01 E2=     -0.1541441788D-01
 ANorm=    0.1428335449D+01
 E2 =    -0.1675002658D+00 EUMP2 =    -0.52131587409196D+01
 Second order stability test of a single determinant RHF wave function:
 Stabil:  MDV=134217728
 ***********************************************************************
 Matrix         Lowest Root    Major Pairs
 ***********************************************************************
 Internal RHF    -0.3243788    6A=7A 5A=7A 3A=7A
 RRHF --> CRHF   -0.3829607    6A=7A
 RRHF --> RUHF   -0.5499663    6A=7B
 Not stable.
 ***********************************************************************

 **********************************************************************

            Population analysis using the SCF density.

 **********************************************************************

 Orbital symmetries:
       Occupied  (AG) (BU) (BU) (AG) (BU) (BU)
       Virtual   (AG) (AG) (BU) (AG) (AG) (BU)
 The electronic state is 1-AG.
 Alpha  occ. eigenvalues --   -0.90547  -0.73099  -0.60275  -0.49954  -0.18547
 Alpha  occ. eigenvalues --   -0.08533
 Alpha virt. eigenvalues --   -0.21551   0.07400   0.28643   0.41266   0.59825
 Alpha virt. eigenvalues --    0.91950
          Condensed to atoms (all electrons):
               1          2          3          4          5          6
     1  H    1.021158   0.331498  -0.449190  -0.174324  -0.079314  -0.028309
     2  H    0.331498   0.955559  -0.213301  -0.415005   0.334314  -0.106870
     3  H   -0.449190  -0.213301   1.658388   0.602753   0.013657   0.014675
     4  H   -0.174324  -0.415005   0.602753   1.839122  -0.218891   0.554140
     5  H   -0.079314   0.334314   0.013657  -0.218891   1.400313  -0.213492
     6  H   -0.028309  -0.106870   0.014675   0.554140  -0.213492   0.814943
     7  H    0.059306   0.036247  -0.195705  -0.247986  -0.109171  -0.002211
     8  H    0.058718   0.070390  -0.247986  -0.750174   0.032230  -0.261318
     9  H    0.037170   0.032086  -0.002211  -0.261318   0.013945  -0.074054
    10  H    0.026137   0.002630  -0.109171   0.032230  -0.006275   0.013945
    11  H   -0.015582  -0.006687   0.036247   0.070390   0.002630   0.032086
    12  H   -0.026448  -0.015582   0.059306   0.058718   0.026137   0.037170
               7          8          9         10         11         12
     1  H    0.059306   0.058718   0.037170   0.026137  -0.015582  -0.026448
     2  H    0.036247   0.070390   0.032086   0.002630  -0.006687  -0.015582
     3  H   -0.195705  -0.247986  -0.002211  -0.109171   0.036247   0.059306
     4  H   -0.247986  -0.750174  -0.261318   0.032230   0.070390   0.058718
     5  H   -0.109171   0.032230   0.013945  -0.006275   0.002630   0.026137
     6  H   -0.002211  -0.261318  -0.074054   0.013945   0.032086   0.037170
     7  H    1.658388   0.602753   0.014675   0.013657  -0.213301  -0.449190
     8  H    0.602753   1.839122   0.554140  -0.218891  -0.415005  -0.174324
     9  H    0.014675   0.554140   0.814943  -0.213492  -0.106870  -0.028309
    10  H    0.013657  -0.218891  -0.213492   1.400313   0.334314  -0.079314
    11  H   -0.213301  -0.415005  -0.106870   0.334314   0.955559   0.331498
    12  H   -0.449190  -0.174324  -0.028309  -0.079314   0.331498   1.021158
 Mulliken charges:
               1
     1  H    0.239181
     2  H   -0.005279
     3  H   -0.167463
     4  H   -0.089653
     5  H   -0.196082
     6  H    0.219296
     7  H   -0.167463
     8  H   -0.089653
     9  H    0.219296
    10  H   -0.196082
    11  H   -0.005279
    12  H    0.239181
 Sum of Mulliken charges =   0.00000
 Mulliken charges with hydrogens summed into heavy atoms:
               1
 Electronic spatial extent (au):  <R**2>=            135.7650
 Charge=              0.0000 electrons
 Dipole moment (field-independent basis, Debye):
    X=              0.0000    Y=             -0.0000    Z=             -0.0000  Tot=              0.0000
 Quadrupole moment (field-independent basis, Debye-Ang):
   XX=            -12.9619   YY=            -24.7423   ZZ=            -14.4905
   XY=              5.1338   XZ=              0.0000   YZ=             -0.0000
 Traceless Quadrupole moment (field-independent basis, Debye-Ang):
   XX=              4.4364   YY=             -7.3440   ZZ=              2.9077
   XY=              5.1338   XZ=              0.0000   YZ=             -0.0000
 Octapole moment (field-independent basis, Debye-Ang**2):
  XXX=              0.0000  YYY=             -0.0000  ZZZ=             -0.0000  XYY=             -0.0000
  XXY=              0.0000  XXZ=             -0.0000  XZZ=              0.0000  YZZ=              0.0000
  YYZ=             -0.0000  XYZ=              0.0000
 Hexadecapole moment (field-independent basis, Debye-Ang**3):
 XXXX=            -77.8203 YYYY=           -241.4041 ZZZZ=            -16.7891 XXXY=             16.7477
 XXXZ=              0.0000 YYYX=             35.2790 YYYZ=             -0.0000 ZZZX=              0.0000
 ZZZY=             -0.0000 XXYY=            -47.6654 XXZZ=            -16.4619 YYZZ=            -31.9795
 XXYZ=             -0.0000 YYXZ=              0.0000 ZZXY=              3.9066
 N-N= 2.007960355055D+01 E-N=-5.177716303775D+01  KE= 7.545746104217D+00
 Symmetry AG   KE= 1.642042405489D+00
 Symmetry BG   KE= 0.000000000000D+00
 Symmetry AU   KE= 0.000000000000D+00
 Symmetry BU   KE= 5.903703698728D+00

 Test job not archived.
 1\1\GINC-SULU\Stability\RHF\Gen\H12\LCJ1\17-Feb-2017\0\\#rhf/gen scf(s
 ymm,tight,novaracc,noincfock,fulldiag) stable(crhf) guess=read geom=no
 crowd test\\hf stability analysis of h12 triangular lattice, y= 0.6837
 6095798003989\\0,1\H\H,1,1.0865068917\H,1,1.0865068917,2,102.\H,2,1.08
 65068917,1,78.,3,0.,0\H,2,1.0865068917,1,180.,3,0.,0\H,4,1.0865068917,
 3,180.,5,0.,0\H,6,1.0865068917,5,180.,3,0.,0\H,4,1.0865068917,2,180.,3
 ,0.,0\H,3,1.0865068917,1,180.,4,0.,0\H,9,1.0865068917,3,180.,4,0.,0\H,
 8,1.0865068917,4,180.,3,0.,0\H,7,1.0865068917,6,180.,3,0.,0\\Version=E
 S64L-G09RevE.01\State=1-AG\HF=-5.0456585\MP2=-5.2131587\RMSD=1.852e-09
 \Dipole=0.,0.,0.\Quadrupole=-3.5290507,2.1617879,1.3672628,0.,5.268073
 3,0.\PG=C02H [SGH(H12)]\\@


 BREAD HAS TO MOLD IN ORDER TO GET PENICILLIN.
          -- JERRY BOATZ
 Job cpu time:       0 days  0 hours  0 minutes  1.1 seconds.
 File lengths (MBytes):  RWF=     84 Int=      0 D2E=      0 Chk=      2 Scr=      2
 Normal termination of Gaussian 09 at Fri Feb 17 14:59:20 2017.
