 Entering Gaussian System, Link 0=g09
 AtFile(1): H.gbs
            H     0
            S   10   1.00
               1000.000000000000            0.000068713567
                316.227766000000            0.000169141320
                100.000000000000            0.000823394812
                 31.622776600000            0.003425569236
                 10.000000000000            0.013951996000
                  3.162277660000            0.056909313560
                  1.000000000000            0.198286399900
                  0.316227766000            0.496922426700
                  0.100000000000            0.369846276400
                  0.031622776600            0.003752720039
            ****
 Initial command:
 /projects/guscus/apps/gau/g09-e1/g09/l1.exe "/users/lcj1/gaussian/h12/rhfstability/rect/guess/ag2bu4/Gau-20083.inp" -scrdir="/users/lcj1/gaussian/h12/rhfstability/rect/guess/ag2bu4/"
 Entering Link 1 = /projects/guscus/apps/gau/g09-e1/g09/l1.exe PID=     20084.
  
 Copyright (c) 1988,1990,1992,1993,1995,1998,2003,2009,2015,
            Gaussian, Inc.  All Rights Reserved.
  
 This is part of the Gaussian(R) 09 program.  It is based on
 the Gaussian(R) 03 system (copyright 2003, Gaussian, Inc.),
 the Gaussian(R) 98 system (copyright 1998, Gaussian, Inc.),
 the Gaussian(R) 94 system (copyright 1995, Gaussian, Inc.),
 the Gaussian 92(TM) system (copyright 1992, Gaussian, Inc.),
 the Gaussian 90(TM) system (copyright 1990, Gaussian, Inc.),
 the Gaussian 88(TM) system (copyright 1988, Gaussian, Inc.),
 the Gaussian 86(TM) system (copyright 1986, Carnegie Mellon
 University), and the Gaussian 82(TM) system (copyright 1983,
 Carnegie Mellon University). Gaussian is a federally registered
 trademark of Gaussian, Inc.
  
 This software contains proprietary and confidential information,
 including trade secrets, belonging to Gaussian, Inc.
  
 This software is provided under written license and may be
 used, copied, transmitted, or stored only in accord with that
 written license.
  
 The following legend is applicable only to US Government
 contracts under FAR:
  
                    RESTRICTED RIGHTS LEGEND
  
 Use, reproduction and disclosure by the US Government is
 subject to restrictions as set forth in subparagraphs (a)
 and (c) of the Commercial Computer Software - Restricted
 Rights clause in FAR 52.227-19.
  
 Gaussian, Inc.
 340 Quinnipiac St., Bldg. 40, Wallingford CT 06492
  
  
 ---------------------------------------------------------------
 Warning -- This program may not be used in any manner that
 competes with the business of Gaussian, Inc. or will provide
 assistance to any competitor of Gaussian, Inc.  The licensee
 of this program is prohibited from giving any competitor of
 Gaussian, Inc. access to this program.  By using this program,
 the user acknowledges that Gaussian, Inc. is engaged in the
 business of creating and licensing software in the field of
 computational chemistry and represents and warrants to the
 licensee that it is not a competitor of Gaussian, Inc. and that
 it will not use this program in any manner prohibited above.
 ---------------------------------------------------------------
  

 Cite this work as:
 Gaussian 09, Revision E.01,
 M. J. Frisch, G. W. Trucks, H. B. Schlegel, G. E. Scuseria, 
 M. A. Robb, J. R. Cheeseman, G. Scalmani, V. Barone, B. Mennucci, 
 G. A. Petersson, H. Nakatsuji, M. Caricato, X. Li, H. P. Hratchian, 
 A. F. Izmaylov, J. Bloino, G. Zheng, J. L. Sonnenberg, M. Hada, 
 M. Ehara, K. Toyota, R. Fukuda, J. Hasegawa, M. Ishida, T. Nakajima, 
 Y. Honda, O. Kitao, H. Nakai, T. Vreven, J. A. Montgomery, Jr., 
 J. E. Peralta, F. Ogliaro, M. Bearpark, J. J. Heyd, E. Brothers, 
 K. N. Kudin, V. N. Staroverov, T. Keith, R. Kobayashi, J. Normand, 
 K. Raghavachari, A. Rendell, J. C. Burant, S. S. Iyengar, J. Tomasi, 
 M. Cossi, N. Rega, J. M. Millam, M. Klene, J. E. Knox, J. B. Cross, 
 V. Bakken, C. Adamo, J. Jaramillo, R. Gomperts, R. E. Stratmann, 
 O. Yazyev, A. J. Austin, R. Cammi, C. Pomelli, J. W. Ochterski, 
 R. L. Martin, K. Morokuma, V. G. Zakrzewski, G. A. Voth, 
 P. Salvador, J. J. Dannenberg, S. Dapprich, A. D. Daniels, 
 O. Farkas, J. B. Foresman, J. V. Ortiz, J. Cioslowski, 
 and D. J. Fox, Gaussian, Inc., Wallingford CT, 2013.
 
 ******************************************
 Gaussian 09:  ES64L-G09RevE.01 30-Nov-2015
                17-Feb-2017 
 ******************************************
 %chk=h12.chk
 ----------------------------------------------------------------------
 #rhf/gen scf(symm,tight,novaracc,noincfock,fulldiag) stable(crhf) gues
 s=read geom=nocrowd test
 ----------------------------------------------------------------------
 1/38=1/1;
 2/12=1,17=6,18=5,40=1/2;
 3/5=7,16=1,25=1,30=1,116=1/1,2,3;
 4/5=1,9=4/1;
 5/5=100002,15=2,16=1,32=2,38=6/2;
 8/6=1,10=90,11=11/1,4;
 9/8=4,13=1/2;
 6/7=2,8=2,9=2,10=2,28=1/1;
 99/5=1,9=1/99;
 ----------------------------------------------------------------------
 hf stability analysis of h12 triangular lattice, y= 0.6181745873441064
 6
 ----------------------------------------------------------------------
 Symbolic Z-matrix:
 Charge =  0 Multiplicity = 1
 H
 H                    1     1.12001 
 H                    1     1.12001  2     113. 
 H                    2     1.12001  1     67.      3     0.       0
 H                    2     1.12001  1     180.     3     0.       0
 H                    4     1.12001  3     180.     5     0.       0
 H                    6     1.12001  5     180.     3     0.       0
 H                    4     1.12001  2     180.     3     0.       0
 H                    3     1.12001  1     180.     4     0.       0
 H                    9     1.12001  3     180.     4     0.       0
 H                    8     1.12001  4     180.     3     0.       0
 H                    7     1.12001  6     180.     3     0.       0
 
                          Input orientation:                          
 ---------------------------------------------------------------------
 Center     Atomic      Atomic             Coordinates (Angstroms)
 Number     Number       Type             X           Y           Z
 ---------------------------------------------------------------------
      1          1           0        0.000000    0.000000    0.000000
      2          1           0        0.000000    0.000000    1.120009
      3          1           0        1.030974    0.000000   -0.437623
      4          1           0        1.030974    0.000000    0.682387
      5          1           0        0.000000    0.000000    2.240019
      6          1           0        1.030974    0.000000    1.802396
      7          1           0        2.061948    0.000000    1.364774
      8          1           0        2.061948    0.000000    0.244764
      9          1           0        2.061948    0.000000   -0.875245
     10          1           0        3.092922    0.000000   -1.312868
     11          1           0        3.092922    0.000000   -0.192858
     12          1           0        3.092922    0.000000    0.927151
 ---------------------------------------------------------------------
                    Distance matrix (angstroms):
                    1          2          3          4          5
     1  H    0.000000
     2  H    1.120009   0.000000
     3  H    1.120009   1.867920   0.000000
     4  H    1.236349   1.120009   1.120009   0.000000
     5  H    2.240019   1.120009   2.869263   1.867920   0.000000
     6  H    2.076425   1.236349   2.240019   1.120009   1.120009
     7  H    2.472698   2.076425   2.076425   1.236349   2.240019
     8  H    2.076425   2.240019   1.236349   1.120009   2.869263
     9  H    2.240019   2.869263   1.120009   1.867920   3.735840
    10  H    3.360028   3.935106   2.240019   2.869263   4.710538
    11  H    3.098929   3.360028   2.076425   2.240019   3.935106
    12  H    3.228897   3.098929   2.472698   2.076425   3.360028
                    6          7          8          9         10
     6  H    0.000000
     7  H    1.120009   0.000000
     8  H    1.867920   1.120009   0.000000
     9  H    2.869263   2.240019   1.120009   0.000000
    10  H    3.735840   2.869263   1.867920   1.120009   0.000000
    11  H    2.869263   1.867920   1.120009   1.236349   1.120009
    12  H    2.240019   1.120009   1.236349   2.076425   2.240019
                   11         12
    11  H    0.000000
    12  H    1.120009   0.000000
 Stoichiometry    H12
 Framework group  C2H[SGH(H12)]
 Deg. of freedom    11
 Full point group                 C2H     NOp   4
 Largest Abelian subgroup         C2H     NOp   4
 Largest concise Abelian subgroup C2      NOp   2
                         Standard orientation:                         
 ---------------------------------------------------------------------
 Center     Atomic      Atomic             Coordinates (Angstroms)
 Number     Number       Type             X           Y           Z
 ---------------------------------------------------------------------
      1          1           0        1.030974    1.242391   -0.000000
      2          1           0        0.000000    1.680014   -0.000000
      3          1           0        1.030974    0.122382   -0.000000
      4          1           0        0.000000    0.560005   -0.000000
      5          1           0       -1.030974    2.117637   -0.000000
      6          1           0       -1.030974    0.997627   -0.000000
      7          1           0       -1.030974   -0.122382    0.000000
      8          1           0       -0.000000   -0.560005    0.000000
      9          1           0        1.030974   -0.997627    0.000000
     10          1           0        1.030974   -2.117637    0.000000
     11          1           0       -0.000000   -1.680014    0.000000
     12          1           0       -1.030974   -1.242391    0.000000
 ---------------------------------------------------------------------
 Rotational constants (GHZ):     66.9492971     23.4745953     17.3804468
 General basis read from cards:  (5D, 7F)
 There are     6 symmetry adapted cartesian basis functions of AG  symmetry.
 There are     0 symmetry adapted cartesian basis functions of BG  symmetry.
 There are     0 symmetry adapted cartesian basis functions of AU  symmetry.
 There are     6 symmetry adapted cartesian basis functions of BU  symmetry.
 There are     6 symmetry adapted basis functions of AG  symmetry.
 There are     0 symmetry adapted basis functions of BG  symmetry.
 There are     0 symmetry adapted basis functions of AU  symmetry.
 There are     6 symmetry adapted basis functions of BU  symmetry.
    12 basis functions,   120 primitive gaussians,    12 cartesian basis functions
     6 alpha electrons        6 beta electrons
       nuclear repulsion energy        19.8077971933 Hartrees.
 NAtoms=   12 NActive=   12 NUniq=    6 SFac= 4.00D+00 NAtFMM=   60 NAOKFM=F Big=F
 Integral buffers will be    131072 words long.
 Regular integral format.
 Two-electron integral symmetry is turned on.
 One-electron integrals computed using PRISM.
 NBasis=    12 RedAO= T EigKep=  1.50D-01  NBF=     6     0     0     6
 NBsUse=    12 1.00D-06 EigRej= -1.00D+00 NBFU=     6     0     0     6
 Initial guess from the checkpoint file:  "h12.chk"
 B after Tr=    -0.000000    0.000000   -0.000000
         Rot=    0.999999   -0.000000   -0.000000   -0.001518 Ang=  -0.17 deg.
 Initial guess orbital symmetries:
       Occupied  (AG) (BU) (BU) (AG) (BU) (BU)
       Virtual   (AG) (AG) (BU) (AG) (AG) (BU)
 Keep R1 ints in memory in symmetry-blocked form, NReq=904022.
 Requested convergence on RMS density matrix=1.00D-08 within 128 cycles.
 Requested convergence on MAX density matrix=1.00D-06.
 Requested convergence on             energy=1.00D-06.
 No special actions if energy rises.
 SCF Done:  E(RHF) =  -5.11249181995     A.U. after   11 cycles
            NFock= 11  Conv=0.79D-09     -V/T= 1.6938
 Range of M.O.s used for correlation:     1    12
 NBasis=    12 NAE=     6 NBE=     6 NFC=     0 NFV=     0
 NROrb=     12 NOA=     6 NOB=     6 NVA=     6 NVB=     6

 **** Warning!!: The smallest alpha delta epsilon is -0.15785569D+00

 Semi-Direct transformation.
 ModeAB=           4 MOrb=             6 LenV=     134084227
 LASXX=         2181 LTotXX=        2181 LenRXX=        5115
 LTotAB=        2934 MaxLAS=        3024 LenRXY=           0
 NonZer=        7296 LenScr=      655360 LnRSAI=        3024
 LnScr1=      655360 LExtra=           0 Total=      1318859
 MaxDsk=          -1 SrtSym=           T ITran=            3
 JobTyp=0 Pass  1:  I=   1 to   6.
 (rs|ai) integrals will be sorted in core.
 Spin components of T(2) and E(2):
     alpha-alpha T2 =       0.1657783888D-01 E2=     -0.1543474125D-01
     alpha-beta  T2 =       0.1026595816D+01 E2=     -0.1516025165D+00
     beta-beta   T2 =       0.1657783888D-01 E2=     -0.1543474125D-01
 ANorm=    0.1435183435D+01
 E2 =    -0.1824719990D+00 EUMP2 =    -0.52949638189964D+01
 Second order stability test of a single determinant RHF wave function:
 Stabil:  MDV=134217728
 ***********************************************************************
 Matrix         Lowest Root    Major Pairs
 ***********************************************************************
 Internal RHF    -0.3382214    6A=7A
 RRHF --> CRHF   -0.4061061    6A=7A
 RRHF --> RUHF   -0.5664181    6A=7B
 Not stable.
 ***********************************************************************

 **********************************************************************

            Population analysis using the SCF density.

 **********************************************************************

 Orbital symmetries:
       Occupied  (AG) (BU) (BU) (AG) (BU) (BU)
       Virtual   (AG) (AG) (BU) (AG) (AG) (BU)
 The electronic state is 1-AG.
 Alpha  occ. eigenvalues --   -0.91710  -0.73787  -0.59978  -0.51576  -0.22239
 Alpha  occ. eigenvalues --   -0.03017
 Alpha virt. eigenvalues --   -0.18803   0.09173   0.31973   0.33167   0.58472
 Alpha virt. eigenvalues --    0.72084
          Condensed to atoms (all electrons):
               1          2          3          4          5          6
     1  H    0.553585   0.227735  -0.152757   0.070439  -0.073432  -0.060325
     2  H    0.227735   1.387623  -0.256407  -0.465619   0.204825  -0.252479
     3  H   -0.152757  -0.256407   1.759277   0.386550   0.023599   0.058108
     4  H    0.070439  -0.465619   0.386550   1.573062  -0.168169   0.487436
     5  H   -0.073432   0.204825   0.023599  -0.168169   1.214227   0.069566
     6  H   -0.060325  -0.252479   0.058108   0.487436   0.069566   1.026750
     7  H    0.047515   0.124614  -0.264444  -0.126120  -0.122758  -0.291600
     8  H    0.002174   0.097838  -0.126120  -0.583614   0.024206  -0.242471
     9  H    0.050446   0.061478  -0.291600  -0.242471   0.003674  -0.058992
    10  H    0.013876   0.002965  -0.122758   0.024206  -0.002555   0.003674
    11  H   -0.022759  -0.027411   0.124614   0.097838   0.002965   0.061478
    12  H   -0.021800  -0.022759   0.047515   0.002174   0.013876   0.050446
               7          8          9         10         11         12
     1  H    0.047515   0.002174   0.050446   0.013876  -0.022759  -0.021800
     2  H    0.124614   0.097838   0.061478   0.002965  -0.027411  -0.022759
     3  H   -0.264444  -0.126120  -0.291600  -0.122758   0.124614   0.047515
     4  H   -0.126120  -0.583614  -0.242471   0.024206   0.097838   0.002174
     5  H   -0.122758   0.024206   0.003674  -0.002555   0.002965   0.013876
     6  H   -0.291600  -0.242471  -0.058992   0.003674   0.061478   0.050446
     7  H    1.759277   0.386550   0.058108   0.023599  -0.256407  -0.152757
     8  H    0.386550   1.573062   0.487436  -0.168169  -0.465619   0.070439
     9  H    0.058108   0.487436   1.026750   0.069566  -0.252479  -0.060325
    10  H    0.023599  -0.168169   0.069566   1.214227   0.204825  -0.073432
    11  H   -0.256407  -0.465619  -0.252479   0.204825   1.387623   0.227735
    12  H   -0.152757   0.070439  -0.060325  -0.073432   0.227735   0.553585
 Mulliken charges:
               1
     1  H    0.365305
     2  H   -0.082401
     3  H   -0.185577
     4  H   -0.055712
     5  H   -0.190024
     6  H    0.148409
     7  H   -0.185577
     8  H   -0.055712
     9  H    0.148409
    10  H   -0.190024
    11  H   -0.082401
    12  H    0.365305
 Sum of Mulliken charges =   0.00000
 Mulliken charges with hydrogens summed into heavy atoms:
               1
 Electronic spatial extent (au):  <R**2>=            143.4816
 Charge=              0.0000 electrons
 Dipole moment (field-independent basis, Debye):
    X=              0.0000    Y=              0.0000    Z=              0.0000  Tot=              0.0000
 Quadrupole moment (field-independent basis, Debye-Ang):
   XX=            -13.9484   YY=            -25.8252   ZZ=            -14.6336
   XY=              7.5412   XZ=             -0.0000   YZ=              0.0000
 Traceless Quadrupole moment (field-independent basis, Debye-Ang):
   XX=              4.1874   YY=             -7.6894   ZZ=              3.5021
   XY=              7.5412   XZ=             -0.0000   YZ=              0.0000
 Octapole moment (field-independent basis, Debye-Ang**2):
  XXX=              0.0000  YYY=             -0.0000  ZZZ=             -0.0000  XYY=              0.0000
  XXY=             -0.0000  XXZ=              0.0000  XZZ=              0.0000  YZZ=             -0.0000
  YYZ=              0.0000  XYZ=              0.0000
 Hexadecapole moment (field-independent basis, Debye-Ang**3):
 XXXX=            -78.9871 YYYY=           -270.8694 ZZZZ=            -17.0515 XXXY=             28.5610
 XXXZ=             -0.0000 YYYX=             51.2090 YYYZ=              0.0000 ZZZX=             -0.0000
 ZZZY=              0.0000 XXYY=            -50.5273 XXZZ=            -16.3540 YYZZ=            -35.1967
 XXYZ=              0.0000 YYXZ=             -0.0000 ZZXY=              6.6599
 N-N= 1.980779719326D+01 E-N=-5.116377014881D+01  KE= 7.369311720813D+00
 Symmetry AG   KE= 1.555631223368D+00
 Symmetry BG   KE= 0.000000000000D+00
 Symmetry AU   KE= 0.000000000000D+00
 Symmetry BU   KE= 5.813680497445D+00

 Test job not archived.
 1\1\GINC-SULU\Stability\RHF\Gen\H12\LCJ1\17-Feb-2017\0\\#rhf/gen scf(s
 ymm,tight,novaracc,noincfock,fulldiag) stable(crhf) guess=read geom=no
 crowd test\\hf stability analysis of h12 triangular lattice, y= 0.6181
 7458734410646\\0,1\H\H,1,1.1200093282\H,1,1.1200093282,2,113.\H,2,1.12
 00093282,1,67.,3,0.,0\H,2,1.1200093282,1,180.,3,0.,0\H,4,1.1200093282,
 3,180.,5,0.,0\H,6,1.1200093282,5,180.,3,0.,0\H,4,1.1200093282,2,180.,3
 ,0.,0\H,3,1.1200093282,1,180.,4,0.,0\H,9,1.1200093282,3,180.,4,0.,0\H,
 8,1.1200093282,4,180.,3,0.,0\H,7,1.1200093282,6,180.,3,0.,0\\Version=E
 S64L-G09RevE.01\State=1-AG\HF=-5.1124918\MP2=-5.2949638\RMSD=7.857e-10
 \Dipole=0.,0.,0.\Quadrupole=-0.3356688,2.6037169,-2.2680482,0.,7.07068
 71,0.\PG=C02H [SGH(H12)]\\@


 ERROR IS A HARDY PLANT... IT FLOURISHETH IN EVERY SOIL.
            MARTIN FARQUHAR TUPPER
 Job cpu time:       0 days  0 hours  0 minutes  1.1 seconds.
 File lengths (MBytes):  RWF=     84 Int=      0 D2E=      0 Chk=      2 Scr=      2
 Normal termination of Gaussian 09 at Fri Feb 17 14:58:12 2017.
