 Entering Gaussian System, Link 0=g09
 AtFile(1): H.gbs
            H     0
            S   10   1.00
               1000.000000000000            0.000068713567
                316.227766000000            0.000169141320
                100.000000000000            0.000823394812
                 31.622776600000            0.003425569236
                 10.000000000000            0.013951996000
                  3.162277660000            0.056909313560
                  1.000000000000            0.198286399900
                  0.316227766000            0.496922426700
                  0.100000000000            0.369846276400
                  0.031622776600            0.003752720039
            ****
 Initial command:
 /projects/guscus/apps/gau/g09-e1/g09/l1.exe "/users/lcj1/gaussian/h12/rhfstability/rect/guess/ag2bu4/Gau-22871.inp" -scrdir="/users/lcj1/gaussian/h12/rhfstability/rect/guess/ag2bu4/"
 Entering Link 1 = /projects/guscus/apps/gau/g09-e1/g09/l1.exe PID=     22875.
  
 Copyright (c) 1988,1990,1992,1993,1995,1998,2003,2009,2015,
            Gaussian, Inc.  All Rights Reserved.
  
 This is part of the Gaussian(R) 09 program.  It is based on
 the Gaussian(R) 03 system (copyright 2003, Gaussian, Inc.),
 the Gaussian(R) 98 system (copyright 1998, Gaussian, Inc.),
 the Gaussian(R) 94 system (copyright 1995, Gaussian, Inc.),
 the Gaussian 92(TM) system (copyright 1992, Gaussian, Inc.),
 the Gaussian 90(TM) system (copyright 1990, Gaussian, Inc.),
 the Gaussian 88(TM) system (copyright 1988, Gaussian, Inc.),
 the Gaussian 86(TM) system (copyright 1986, Carnegie Mellon
 University), and the Gaussian 82(TM) system (copyright 1983,
 Carnegie Mellon University). Gaussian is a federally registered
 trademark of Gaussian, Inc.
  
 This software contains proprietary and confidential information,
 including trade secrets, belonging to Gaussian, Inc.
  
 This software is provided under written license and may be
 used, copied, transmitted, or stored only in accord with that
 written license.
  
 The following legend is applicable only to US Government
 contracts under FAR:
  
                    RESTRICTED RIGHTS LEGEND
  
 Use, reproduction and disclosure by the US Government is
 subject to restrictions as set forth in subparagraphs (a)
 and (c) of the Commercial Computer Software - Restricted
 Rights clause in FAR 52.227-19.
  
 Gaussian, Inc.
 340 Quinnipiac St., Bldg. 40, Wallingford CT 06492
  
  
 ---------------------------------------------------------------
 Warning -- This program may not be used in any manner that
 competes with the business of Gaussian, Inc. or will provide
 assistance to any competitor of Gaussian, Inc.  The licensee
 of this program is prohibited from giving any competitor of
 Gaussian, Inc. access to this program.  By using this program,
 the user acknowledges that Gaussian, Inc. is engaged in the
 business of creating and licensing software in the field of
 computational chemistry and represents and warrants to the
 licensee that it is not a competitor of Gaussian, Inc. and that
 it will not use this program in any manner prohibited above.
 ---------------------------------------------------------------
  

 Cite this work as:
 Gaussian 09, Revision E.01,
 M. J. Frisch, G. W. Trucks, H. B. Schlegel, G. E. Scuseria, 
 M. A. Robb, J. R. Cheeseman, G. Scalmani, V. Barone, B. Mennucci, 
 G. A. Petersson, H. Nakatsuji, M. Caricato, X. Li, H. P. Hratchian, 
 A. F. Izmaylov, J. Bloino, G. Zheng, J. L. Sonnenberg, M. Hada, 
 M. Ehara, K. Toyota, R. Fukuda, J. Hasegawa, M. Ishida, T. Nakajima, 
 Y. Honda, O. Kitao, H. Nakai, T. Vreven, J. A. Montgomery, Jr., 
 J. E. Peralta, F. Ogliaro, M. Bearpark, J. J. Heyd, E. Brothers, 
 K. N. Kudin, V. N. Staroverov, T. Keith, R. Kobayashi, J. Normand, 
 K. Raghavachari, A. Rendell, J. C. Burant, S. S. Iyengar, J. Tomasi, 
 M. Cossi, N. Rega, J. M. Millam, M. Klene, J. E. Knox, J. B. Cross, 
 V. Bakken, C. Adamo, J. Jaramillo, R. Gomperts, R. E. Stratmann, 
 O. Yazyev, A. J. Austin, R. Cammi, C. Pomelli, J. W. Ochterski, 
 R. L. Martin, K. Morokuma, V. G. Zakrzewski, G. A. Voth, 
 P. Salvador, J. J. Dannenberg, S. Dapprich, A. D. Daniels, 
 O. Farkas, J. B. Foresman, J. V. Ortiz, J. Cioslowski, 
 and D. J. Fox, Gaussian, Inc., Wallingford CT, 2013.
 
 ******************************************
 Gaussian 09:  ES64L-G09RevE.01 30-Nov-2015
                17-Feb-2017 
 ******************************************
 %chk=h12.chk
 ----------------------------------------------------------------------
 #rhf/gen scf(symm,tight,novaracc,noincfock,fulldiag) stable(crhf) gues
 s=read geom=nocrowd test
 ----------------------------------------------------------------------
 1/38=1/1;
 2/12=1,17=6,18=5,40=1/2;
 3/5=7,16=1,25=1,30=1,116=1/1,2,3;
 4/5=1,9=4/1;
 5/5=100002,15=2,16=1,32=2,38=6/2;
 8/6=1,10=90,11=11/1,4;
 9/8=4,13=1/2;
 6/7=2,8=2,9=2,10=2,28=1/1;
 99/5=1,9=1/99;
 ----------------------------------------------------------------------
 hf stability analysis of h12 triangular lattice, y= 0.6868150944822820
 6
 ----------------------------------------------------------------------
 Symbolic Z-matrix:
 Charge =  0 Multiplicity = 1
 H
 H                    1     1.08552 
 H                    1     1.08552  2     101.5 
 H                    2     1.08552  1     78.5     3     0.       0
 H                    2     1.08552  1     180.     3     0.       0
 H                    4     1.08552  3     180.     5     0.       0
 H                    6     1.08552  5     180.     3     0.       0
 H                    4     1.08552  2     180.     3     0.       0
 H                    3     1.08552  1     180.     4     0.       0
 H                    9     1.08552  3     180.     4     0.       0
 H                    8     1.08552  4     180.     3     0.       0
 H                    7     1.08552  6     180.     3     0.       0
 
                          Input orientation:                          
 ---------------------------------------------------------------------
 Center     Atomic      Atomic             Coordinates (Angstroms)
 Number     Number       Type             X           Y           Z
 ---------------------------------------------------------------------
      1          1           0        0.000000    0.000000    0.000000
      2          1           0        0.000000    0.000000    1.085521
      3          1           0        1.063729    0.000000   -0.216418
      4          1           0        1.063729    0.000000    0.869103
      5          1           0        0.000000    0.000000    2.171042
      6          1           0        1.063729    0.000000    1.954624
      7          1           0        2.127458    0.000000    1.738206
      8          1           0        2.127458    0.000000    0.652685
      9          1           0        2.127458    0.000000   -0.432836
     10          1           0        3.191187    0.000000   -0.649254
     11          1           0        3.191187    0.000000    0.436267
     12          1           0        3.191187    0.000000    1.521788
 ---------------------------------------------------------------------
                    Distance matrix (angstroms):
                    1          2          3          4          5
     1  H    0.000000
     2  H    1.085521   0.000000
     3  H    1.085521   1.681239   0.000000
     4  H    1.373630   1.085521   1.085521   0.000000
     5  H    2.171042   1.085521   2.613712   1.681239   0.000000
     6  H    2.225326   1.373630   2.171042   1.085521   1.085521
     7  H    2.747260   2.225326   2.225326   1.373630   2.171042
     8  H    2.225326   2.171042   1.373630   1.085521   2.613712
     9  H    2.171042   2.613712   1.085521   1.681239   3.362479
    10  H    3.256564   3.632234   2.171042   2.613712   4.258844
    11  H    3.220870   3.256564   2.225326   2.171042   3.632234
    12  H    3.535465   3.220870   2.747260   2.225326   3.256564
                    6          7          8          9         10
     6  H    0.000000
     7  H    1.085521   0.000000
     8  H    1.681239   1.085521   0.000000
     9  H    2.613712   2.171042   1.085521   0.000000
    10  H    3.362479   2.613712   1.681239   1.085521   0.000000
    11  H    2.613712   1.681239   1.085521   1.373630   1.085521
    12  H    2.171042   1.085521   1.373630   2.225326   2.171042
                   11         12
    11  H    0.000000
    12  H    1.085521   0.000000
 Stoichiometry    H12
 Framework group  C2H[SGH(H12)]
 Deg. of freedom    11
 Full point group                 C2H     NOp   4
 Largest Abelian subgroup         C2H     NOp   4
 Largest concise Abelian subgroup C2      NOp   2
                         Standard orientation:                         
 ---------------------------------------------------------------------
 Center     Atomic      Atomic             Coordinates (Angstroms)
 Number     Number       Type             X           Y           Z
 ---------------------------------------------------------------------
      1          1           0        1.063729    1.411864   -0.000000
      2          1           0        0.000000    1.628282   -0.000000
      3          1           0        1.063729    0.326342   -0.000000
      4          1           0        0.000000    0.542761   -0.000000
      5          1           0       -1.063729    1.844700   -0.000000
      6          1           0       -1.063729    0.759179   -0.000000
      7          1           0       -1.063729   -0.326342   -0.000000
      8          1           0       -0.000000   -0.542761   -0.000000
      9          1           0        1.063729   -0.759179    0.000000
     10          1           0        1.063729   -1.844700    0.000000
     11          1           0       -0.000000   -1.628282   -0.000000
     12          1           0       -1.063729   -1.411864   -0.000000
 ---------------------------------------------------------------------
 Rotational constants (GHZ):     57.7062056     27.2346383     18.5023784
 General basis read from cards:  (5D, 7F)
 There are     6 symmetry adapted cartesian basis functions of AG  symmetry.
 There are     0 symmetry adapted cartesian basis functions of BG  symmetry.
 There are     0 symmetry adapted cartesian basis functions of AU  symmetry.
 There are     6 symmetry adapted cartesian basis functions of BU  symmetry.
 There are     6 symmetry adapted basis functions of AG  symmetry.
 There are     0 symmetry adapted basis functions of BG  symmetry.
 There are     0 symmetry adapted basis functions of AU  symmetry.
 There are     6 symmetry adapted basis functions of BU  symmetry.
    12 basis functions,   120 primitive gaussians,    12 cartesian basis functions
     6 alpha electrons        6 beta electrons
       nuclear repulsion energy        20.0878729225 Hartrees.
 NAtoms=   12 NActive=   12 NUniq=    6 SFac= 4.00D+00 NAtFMM=   60 NAOKFM=F Big=F
 Integral buffers will be    131072 words long.
 Regular integral format.
 Two-electron integral symmetry is turned on.
 One-electron integrals computed using PRISM.
 NBasis=    12 RedAO= T EigKep=  1.18D-01  NBF=     6     0     0     6
 NBsUse=    12 1.00D-06 EigRej= -1.00D+00 NBFU=     6     0     0     6
 Initial guess from the checkpoint file:  "h12.chk"
 B after Tr=    -0.000000    0.000000   -0.000000
         Rot=    0.999999   -0.000000    0.000000   -0.001518 Ang=  -0.17 deg.
 Initial guess orbital symmetries:
       Occupied  (AG) (BU) (BU) (AG) (BU) (BU)
       Virtual   (AG) (AG) (BU) (AG) (AG) (BU)
 Keep R1 ints in memory in symmetry-blocked form, NReq=903840.
 Requested convergence on RMS density matrix=1.00D-08 within 128 cycles.
 Requested convergence on MAX density matrix=1.00D-06.
 Requested convergence on             energy=1.00D-06.
 No special actions if energy rises.
 SCF Done:  E(RHF) =  -5.04372589292     A.U. after   11 cycles
            NFock= 11  Conv=0.18D-08     -V/T= 1.6679
 Range of M.O.s used for correlation:     1    12
 NBasis=    12 NAE=     6 NBE=     6 NFC=     0 NFV=     0
 NROrb=     12 NOA=     6 NOB=     6 NVA=     6 NVB=     6

 **** Warning!!: The smallest alpha delta epsilon is -0.12829923D+00

 Semi-Direct transformation.
 ModeAB=           4 MOrb=             6 LenV=     134084339
 LASXX=         2181 LTotXX=        2181 LenRXX=        5115
 LTotAB=        2934 MaxLAS=        3024 LenRXY=           0
 NonZer=        7296 LenScr=      655360 LnRSAI=        3024
 LnScr1=      655360 LExtra=           0 Total=      1318859
 MaxDsk=          -1 SrtSym=           T ITran=            3
 JobTyp=0 Pass  1:  I=   1 to   6.
 (rs|ai) integrals will be sorted in core.
 Spin components of T(2) and E(2):
     alpha-alpha T2 =       0.1392014753D-01 E2=     -0.1548330887D-01
     alpha-beta  T2 =       0.9652957862D+00 E2=     -0.1357223479D+00
     beta-beta   T2 =       0.1392014753D-01 E2=     -0.1548330887D-01
 ANorm=    0.1411784715D+01
 E2 =    -0.1666889657D+00 EUMP2 =    -0.52104148585925D+01
 Second order stability test of a single determinant RHF wave function:
 Stabil:  MDV=134217728
 ***********************************************************************
 Matrix         Lowest Root    Major Pairs
 ***********************************************************************
 Internal RHF    -0.3239526    6A=7A 5A=7A 3A=7A
 RRHF --> CRHF   -0.3813726    6A=7A
 RRHF --> RUHF   -0.5487869    6A=7B
 Not stable.
 ***********************************************************************

 **********************************************************************

            Population analysis using the SCF density.

 **********************************************************************

 Orbital symmetries:
       Occupied  (AG) (BU) (BU) (AG) (BU) (BU)
       Virtual   (AG) (AG) (BU) (AG) (AG) (BU)
 The electronic state is 1-AG.
 Alpha  occ. eigenvalues --   -0.90525  -0.73044  -0.60306  -0.49904  -0.18389
 Alpha  occ. eigenvalues --   -0.08784
 Alpha virt. eigenvalues --   -0.21614   0.07328   0.28612   0.41611   0.59786
 Alpha virt. eigenvalues --    0.92653
          Condensed to atoms (all electrons):
               1          2          3          4          5          6
     1  H    1.040589   0.333231  -0.455914  -0.181148  -0.078651  -0.026363
     2  H    0.333231   0.946989  -0.210427  -0.411423   0.338664  -0.106710
     3  H   -0.455914  -0.210427   1.640511   0.606000   0.012944   0.013351
     4  H   -0.181148  -0.411423   0.606000   1.844472  -0.220914   0.555859
     5  H   -0.078651   0.338664   0.012944  -0.220914   1.403067  -0.226617
     6  H   -0.026363  -0.106710   0.013351   0.555859  -0.226617   0.819380
     7  H    0.058246   0.033400  -0.191510  -0.248841  -0.107209   0.010234
     8  H    0.059270   0.068699  -0.248841  -0.753821   0.032779  -0.260438
     9  H    0.034485   0.030843   0.010234  -0.260438   0.014483  -0.075385
    10  H    0.026651   0.002558  -0.107209   0.032779  -0.006519   0.014483
    11  H   -0.014814  -0.006037   0.033400   0.068699   0.002558   0.030843
    12  H   -0.026195  -0.014814   0.058246   0.059270   0.026651   0.034485
               7          8          9         10         11         12
     1  H    0.058246   0.059270   0.034485   0.026651  -0.014814  -0.026195
     2  H    0.033400   0.068699   0.030843   0.002558  -0.006037  -0.014814
     3  H   -0.191510  -0.248841   0.010234  -0.107209   0.033400   0.058246
     4  H   -0.248841  -0.753821  -0.260438   0.032779   0.068699   0.059270
     5  H   -0.107209   0.032779   0.014483  -0.006519   0.002558   0.026651
     6  H    0.010234  -0.260438  -0.075385   0.014483   0.030843   0.034485
     7  H    1.640511   0.606000   0.013351   0.012944  -0.210427  -0.455914
     8  H    0.606000   1.844472   0.555859  -0.220914  -0.411423  -0.181148
     9  H    0.013351   0.555859   0.819380  -0.226617  -0.106710  -0.026363
    10  H    0.012944  -0.220914  -0.226617   1.403067   0.338664  -0.078651
    11  H   -0.210427  -0.411423  -0.106710   0.338664   0.946989   0.333231
    12  H   -0.455914  -0.181148  -0.026363  -0.078651   0.333231   1.040589
 Mulliken charges:
               1
     1  H    0.230612
     2  H   -0.004975
     3  H   -0.160785
     4  H   -0.090495
     5  H   -0.191236
     6  H    0.216878
     7  H   -0.160785
     8  H   -0.090495
     9  H    0.216878
    10  H   -0.191236
    11  H   -0.004975
    12  H    0.230612
 Sum of Mulliken charges =  -0.00000
 Mulliken charges with hydrogens summed into heavy atoms:
               1
 Electronic spatial extent (au):  <R**2>=            135.5219
 Charge=             -0.0000 electrons
 Dipole moment (field-independent basis, Debye):
    X=              0.0000    Y=             -0.0000    Z=             -0.0000  Tot=              0.0000
 Quadrupole moment (field-independent basis, Debye-Ang):
   XX=            -12.9091   YY=            -24.7098   ZZ=            -14.4853
   XY=              4.9485   XZ=              0.0000   YZ=              0.0000
 Traceless Quadrupole moment (field-independent basis, Debye-Ang):
   XX=              4.4590   YY=             -7.3418   ZZ=              2.8828
   XY=              4.9485   XZ=              0.0000   YZ=              0.0000
 Octapole moment (field-independent basis, Debye-Ang**2):
  XXX=             -0.0000  YYY=              0.0000  ZZZ=              0.0000  XYY=             -0.0000
  XXY=              0.0000  XXZ=              0.0000  XZZ=             -0.0000  YZZ=              0.0000
  YYZ=              0.0000  XYZ=             -0.0000
 Hexadecapole moment (field-independent basis, Debye-Ang**3):
 XXXX=            -77.7234 YYYY=           -240.2654 ZZZZ=            -16.7792 XXXY=             16.0809
 XXXZ=             -0.0000 YYYX=             34.0192 YYYZ=              0.0000 ZZZX=             -0.0000
 ZZZY=              0.0000 XXYY=            -47.5006 XXZZ=            -16.4576 YYZZ=            -31.8784
 XXYZ=              0.0000 YYXZ=             -0.0000 ZZXY=              3.7555
 N-N= 2.008787292254D+01 E-N=-5.179590482905D+01  KE= 7.551758597645D+00
 Symmetry AG   KE= 1.646509910695D+00
 Symmetry BG   KE= 0.000000000000D+00
 Symmetry AU   KE= 0.000000000000D+00
 Symmetry BU   KE= 5.905248686951D+00

 Test job not archived.
 1\1\GINC-SULU\Stability\RHF\Gen\H12\LCJ1\17-Feb-2017\0\\#rhf/gen scf(s
 ymm,tight,novaracc,noincfock,fulldiag) stable(crhf) guess=read geom=no
 crowd test\\hf stability analysis of h12 triangular lattice, y= 0.6868
 1509448228206\\0,1\H\H,1,1.0855212489\H,1,1.0855212489,2,101.5\H,2,1.0
 855212489,1,78.5,3,0.,0\H,2,1.0855212489,1,180.,3,0.,0\H,4,1.085521248
 9,3,180.,5,0.,0\H,6,1.0855212489,5,180.,3,0.,0\H,4,1.0855212489,2,180.
 ,3,0.,0\H,3,1.0855212489,1,180.,4,0.,0\H,9,1.0855212489,3,180.,4,0.,0\
 H,8,1.0855212489,4,180.,3,0.,0\H,7,1.0855212489,6,180.,3,0.,0\\Version
 =ES64L-G09RevE.01\State=1-AG\HF=-5.0437259\MP2=-5.2104149\RMSD=1.847e-
 09\Dipole=0.,0.,0.\Quadrupole=-3.6721617,2.143301,1.5288607,0.,5.10067
 01,0.\PG=C02H [SGH(H12)]\\@


 CHARLIE BROWN.."I CAN'T GET THAT STUPID KITE IN THE
 AIR... I CAN'T... I C A N N O T..."
 LUCY.."OH COME NOW CHARLIE BROWN...THAT'S NO WAY TO TALK...
 THE TROUBLE WITH YOU IS YOU DON'T BELIEVE IN YOURSELF... YOU
 DON'T BELIEVE IN YOUR OWN ABILITIES...  YOU'VE GOT TO SAY TO
 YOURSELF...'I BELIEVE I CAN FLY THIS KITE.'... GO AHEAD SAY
 IT...."
 CHARLIE BROWN.."I BELIEVE THAT I CAN FLY THIS STUPID
 KITE.....I BELIEVE THAT I CAN FLY THIS KITE........
 I  A C T U A L L Y  B E L I E V E  T H A T  I  C A N ******"
 LUCY.."I'LL BET YOU TEN-TO-ONE YOU'RE WRONG......."    SCHULZ
 Job cpu time:       0 days  0 hours  0 minutes  1.1 seconds.
 File lengths (MBytes):  RWF=     84 Int=      0 D2E=      0 Chk=      2 Scr=      2
 Normal termination of Gaussian 09 at Fri Feb 17 14:59:23 2017.
