 Entering Gaussian System, Link 0=g09
 AtFile(1): H.gbs
            H     0
            S   10   1.00
               1000.000000000000            0.000068713567
                316.227766000000            0.000169141320
                100.000000000000            0.000823394812
                 31.622776600000            0.003425569236
                 10.000000000000            0.013951996000
                  3.162277660000            0.056909313560
                  1.000000000000            0.198286399900
                  0.316227766000            0.496922426700
                  0.100000000000            0.369846276400
                  0.031622776600            0.003752720039
            ****
 Initial command:
 /projects/guscus/apps/gau/g09-e1/g09/l1.exe "/users/lcj1/gaussian/h12/rhfstability/rect/guess/ag2bu4/Gau-15556.inp" -scrdir="/users/lcj1/gaussian/h12/rhfstability/rect/guess/ag2bu4/"
 Entering Link 1 = /projects/guscus/apps/gau/g09-e1/g09/l1.exe PID=     15557.
  
 Copyright (c) 1988,1990,1992,1993,1995,1998,2003,2009,2015,
            Gaussian, Inc.  All Rights Reserved.
  
 This is part of the Gaussian(R) 09 program.  It is based on
 the Gaussian(R) 03 system (copyright 2003, Gaussian, Inc.),
 the Gaussian(R) 98 system (copyright 1998, Gaussian, Inc.),
 the Gaussian(R) 94 system (copyright 1995, Gaussian, Inc.),
 the Gaussian 92(TM) system (copyright 1992, Gaussian, Inc.),
 the Gaussian 90(TM) system (copyright 1990, Gaussian, Inc.),
 the Gaussian 88(TM) system (copyright 1988, Gaussian, Inc.),
 the Gaussian 86(TM) system (copyright 1986, Carnegie Mellon
 University), and the Gaussian 82(TM) system (copyright 1983,
 Carnegie Mellon University). Gaussian is a federally registered
 trademark of Gaussian, Inc.
  
 This software contains proprietary and confidential information,
 including trade secrets, belonging to Gaussian, Inc.
  
 This software is provided under written license and may be
 used, copied, transmitted, or stored only in accord with that
 written license.
  
 The following legend is applicable only to US Government
 contracts under FAR:
  
                    RESTRICTED RIGHTS LEGEND
  
 Use, reproduction and disclosure by the US Government is
 subject to restrictions as set forth in subparagraphs (a)
 and (c) of the Commercial Computer Software - Restricted
 Rights clause in FAR 52.227-19.
  
 Gaussian, Inc.
 340 Quinnipiac St., Bldg. 40, Wallingford CT 06492
  
  
 ---------------------------------------------------------------
 Warning -- This program may not be used in any manner that
 competes with the business of Gaussian, Inc. or will provide
 assistance to any competitor of Gaussian, Inc.  The licensee
 of this program is prohibited from giving any competitor of
 Gaussian, Inc. access to this program.  By using this program,
 the user acknowledges that Gaussian, Inc. is engaged in the
 business of creating and licensing software in the field of
 computational chemistry and represents and warrants to the
 licensee that it is not a competitor of Gaussian, Inc. and that
 it will not use this program in any manner prohibited above.
 ---------------------------------------------------------------
  

 Cite this work as:
 Gaussian 09, Revision E.01,
 M. J. Frisch, G. W. Trucks, H. B. Schlegel, G. E. Scuseria, 
 M. A. Robb, J. R. Cheeseman, G. Scalmani, V. Barone, B. Mennucci, 
 G. A. Petersson, H. Nakatsuji, M. Caricato, X. Li, H. P. Hratchian, 
 A. F. Izmaylov, J. Bloino, G. Zheng, J. L. Sonnenberg, M. Hada, 
 M. Ehara, K. Toyota, R. Fukuda, J. Hasegawa, M. Ishida, T. Nakajima, 
 Y. Honda, O. Kitao, H. Nakai, T. Vreven, J. A. Montgomery, Jr., 
 J. E. Peralta, F. Ogliaro, M. Bearpark, J. J. Heyd, E. Brothers, 
 K. N. Kudin, V. N. Staroverov, T. Keith, R. Kobayashi, J. Normand, 
 K. Raghavachari, A. Rendell, J. C. Burant, S. S. Iyengar, J. Tomasi, 
 M. Cossi, N. Rega, J. M. Millam, M. Klene, J. E. Knox, J. B. Cross, 
 V. Bakken, C. Adamo, J. Jaramillo, R. Gomperts, R. E. Stratmann, 
 O. Yazyev, A. J. Austin, R. Cammi, C. Pomelli, J. W. Ochterski, 
 R. L. Martin, K. Morokuma, V. G. Zakrzewski, G. A. Voth, 
 P. Salvador, J. J. Dannenberg, S. Dapprich, A. D. Daniels, 
 O. Farkas, J. B. Foresman, J. V. Ortiz, J. Cioslowski, 
 and D. J. Fox, Gaussian, Inc., Wallingford CT, 2013.
 
 ******************************************
 Gaussian 09:  ES64L-G09RevE.01 30-Nov-2015
                17-Feb-2017 
 ******************************************
 %chk=h12.chk
 ----------------------------------------------------------------------
 #rhf/gen scf(symm,tight,novaracc,noincfock,fulldiag) stable(crhf) gues
 s=read geom=nocrowd test
 ----------------------------------------------------------------------
 1/38=1/1;
 2/12=1,17=6,18=5,40=1/2;
 3/5=7,16=1,25=1,30=1,116=1/1,2,3;
 4/5=1,9=4/1;
 5/5=100002,15=2,16=1,32=2,38=6/2;
 8/6=1,10=90,11=11/1,4;
 9/8=4,13=1/2;
 6/7=2,8=2,9=2,10=2,28=1/1;
 99/5=1,9=1/99;
 ----------------------------------------------------------------------
 hf stability analysis of h12 triangular lattice, y= 0.5129460835266602
 7
 ----------------------------------------------------------------------
 Symbolic Z-matrix:
 Charge =  0 Multiplicity = 1
 H
 H                    1     1.23693 
 H                    1     1.23693  2     131. 
 H                    2     1.23693  1     49.      3     0.       0
 H                    2     1.23693  1     180.     3     0.       0
 H                    4     1.23693  3     180.     5     0.       0
 H                    6     1.23693  5     180.     3     0.       0
 H                    4     1.23693  2     180.     3     0.       0
 H                    3     1.23693  1     180.     4     0.       0
 H                    9     1.23693  3     180.     4     0.       0
 H                    8     1.23693  4     180.     3     0.       0
 H                    7     1.23693  6     180.     3     0.       0
 
                          Input orientation:                          
 ---------------------------------------------------------------------
 Center     Atomic      Atomic             Coordinates (Angstroms)
 Number     Number       Type             X           Y           Z
 ---------------------------------------------------------------------
      1          1           0        0.000000    0.000000    0.000000
      2          1           0        0.000000    0.000000    1.236929
      3          1           0        0.933522    0.000000   -0.811498
      4          1           0        0.933522    0.000000    0.425431
      5          1           0        0.000000    0.000000    2.473858
      6          1           0        0.933522    0.000000    1.662359
      7          1           0        1.867044    0.000000    0.850861
      8          1           0        1.867044    0.000000   -0.386068
      9          1           0        1.867044    0.000000   -1.622997
     10          1           0        2.800566    0.000000   -2.434495
     11          1           0        2.800566    0.000000   -1.197566
     12          1           0        2.800566    0.000000    0.039363
 ---------------------------------------------------------------------
                    Distance matrix (angstroms):
                    1          2          3          4          5
     1  H    0.000000
     2  H    1.236929   0.000000
     3  H    1.236929   2.251115   0.000000
     4  H    1.025892   1.236929   1.236929   0.000000
     5  H    2.473858   1.236929   3.415411   2.251115   0.000000
     6  H    1.906542   1.025892   2.473858   1.236929   1.236929
     7  H    2.051784   1.906542   1.906542   1.025892   2.473858
     8  H    1.906542   2.473858   1.025892   1.236929   3.415411
     9  H    2.473858   3.415411   1.236929   2.251115   4.502230
    10  H    3.710787   4.617632   2.473858   3.415411   5.651115
    11  H    3.045872   3.710787   1.906542   2.473858   4.617632
    12  H    2.800843   3.045872   2.051784   1.906542   3.710787
                    6          7          8          9         10
     6  H    0.000000
     7  H    1.236929   0.000000
     8  H    2.251115   1.236929   0.000000
     9  H    3.415411   2.473858   1.236929   0.000000
    10  H    4.502230   3.415411   2.251115   1.236929   0.000000
    11  H    3.415411   2.251115   1.236929   1.025892   1.236929
    12  H    2.473858   1.236929   1.025892   1.906542   2.473858
                   11         12
    11  H    0.000000
    12  H    1.236929   0.000000
 Stoichiometry    H12
 Framework group  C2H[SGH(H12)]
 Deg. of freedom    11
 Full point group                 C2H     NOp   4
 Largest Abelian subgroup         C2H     NOp   4
 Largest concise Abelian subgroup C2      NOp   2
                         Standard orientation:                         
 ---------------------------------------------------------------------
 Center     Atomic      Atomic             Coordinates (Angstroms)
 Number     Number       Type             X           Y           Z
 ---------------------------------------------------------------------
      1          1           0        0.933522    1.043895   -0.000000
      2          1           0       -0.000000    1.855393    0.000000
      3          1           0        0.933522   -0.193034   -0.000000
      4          1           0       -0.000000    0.618464    0.000000
      5          1           0       -0.933522    2.666892    0.000000
      6          1           0       -0.933522    1.429963    0.000000
      7          1           0       -0.933522    0.193034   -0.000000
      8          1           0        0.000000   -0.618464    0.000000
      9          1           0        0.933522   -1.429963    0.000000
     10          1           0        0.933522   -2.666892    0.000000
     11          1           0        0.000000   -1.855393    0.000000
     12          1           0       -0.933522   -1.043895   -0.000000
 ---------------------------------------------------------------------
 Rotational constants (GHZ):     93.4751960     16.8130985     14.2499953
 General basis read from cards:  (5D, 7F)
 There are     6 symmetry adapted cartesian basis functions of AG  symmetry.
 There are     0 symmetry adapted cartesian basis functions of BG  symmetry.
 There are     0 symmetry adapted cartesian basis functions of AU  symmetry.
 There are     6 symmetry adapted cartesian basis functions of BU  symmetry.
 There are     6 symmetry adapted basis functions of AG  symmetry.
 There are     0 symmetry adapted basis functions of BG  symmetry.
 There are     0 symmetry adapted basis functions of AU  symmetry.
 There are     6 symmetry adapted basis functions of BU  symmetry.
    12 basis functions,   120 primitive gaussians,    12 cartesian basis functions
     6 alpha electrons        6 beta electrons
       nuclear repulsion energy        18.9827412035 Hartrees.
 NAtoms=   12 NActive=   12 NUniq=    6 SFac= 4.00D+00 NAtFMM=   60 NAOKFM=F Big=F
 Integral buffers will be    131072 words long.
 Regular integral format.
 Two-electron integral symmetry is turned on.
 One-electron integrals computed using PRISM.
 NBasis=    12 RedAO= T EigKep=  1.84D-01  NBF=     6     0     0     6
 NBsUse=    12 1.00D-06 EigRej= -1.00D+00 NBFU=     6     0     0     6
 Initial guess from the checkpoint file:  "h12.chk"
 B after Tr=     0.000000   -0.000000   -0.000000
         Rot=    0.999999    0.000000    0.000000   -0.001518 Ang=  -0.17 deg.
 Initial guess orbital symmetries:
       Occupied  (AG) (BU) (BU) (AG) (BU) (BU)
       Virtual   (AG) (AG) (AG) (BU) (AG) (BU)
 Keep R1 ints in memory in symmetry-blocked form, NReq=902692.
 Requested convergence on RMS density matrix=1.00D-08 within 128 cycles.
 Requested convergence on MAX density matrix=1.00D-06.
 Requested convergence on             energy=1.00D-06.
 No special actions if energy rises.
 SCF Done:  E(RHF) =  -5.23646329827     A.U. after   13 cycles
            NFock= 13  Conv=0.11D-08     -V/T= 1.7379
 Range of M.O.s used for correlation:     1    12
 NBasis=    12 NAE=     6 NBE=     6 NFC=     0 NFV=     0
 NROrb=     12 NOA=     6 NOB=     6 NVA=     6 NVB=     6

 **** Warning!!: The smallest alpha delta epsilon is -0.16358824D+00

 Semi-Direct transformation.
 ModeAB=           4 MOrb=             6 LenV=     134086033
 LASXX=         2181 LTotXX=        2181 LenRXX=        5115
 LTotAB=        2934 MaxLAS=        3024 LenRXY=           0
 NonZer=        7296 LenScr=      655360 LnRSAI=        3024
 LnScr1=      655360 LExtra=           0 Total=      1318859
 MaxDsk=          -1 SrtSym=           T ITran=            3
 JobTyp=0 Pass  1:  I=   1 to   6.
 (rs|ai) integrals will be sorted in core.
 Spin components of T(2) and E(2):
     alpha-alpha T2 =       0.1821886980D-01 E2=     -0.1548828113D-01
     alpha-beta  T2 =       0.1854608250D+05 E2=     -0.3742874827D+01
     beta-beta   T2 =       0.1821886980D-01 E2=     -0.1548828113D-01
 ANorm=    0.1361878076D+03
 E2 =    -0.3773851389D+01 EUMP2 =    -0.90103146872899D+01
 Second order stability test of a single determinant RHF wave function:
 Stabil:  MDV=134217728
 ***********************************************************************
 Matrix         Lowest Root    Major Pairs
 ***********************************************************************
 Internal RHF    -0.3455082    6A=7A
 RRHF --> CRHF   -0.4033248    6A=7A
 RRHF --> RUHF   -0.6033527    6A=7B
 Not stable.
 ***********************************************************************

 **********************************************************************

            Population analysis using the SCF density.

 **********************************************************************

 Orbital symmetries:
       Occupied  (AG) (BU) (BU) (AG) (BU) (BU)
       Virtual   (AG) (AG) (AG) (BU) (AG) (BU)
 The electronic state is 1-AG.
 Alpha  occ. eigenvalues --   -0.92307  -0.72464  -0.56552  -0.54396  -0.32993
 Alpha  occ. eigenvalues --    0.06883
 Alpha virt. eigenvalues --   -0.09476   0.14717   0.23261   0.34125   0.50849
 Alpha virt. eigenvalues --    0.52275
          Condensed to atoms (all electrons):
               1          2          3          4          5          6
     1  H    0.537023  -0.222352   0.174896   0.377121  -0.017360   0.017635
     2  H   -0.222352   2.437910  -0.075107  -0.417410  -0.109228  -0.467483
     3  H    0.174896  -0.075107   1.013925  -0.013195   0.012491   0.004915
     4  H    0.377121  -0.417410  -0.013195   1.274417  -0.057742   0.167062
     5  H   -0.017360  -0.109228   0.012491  -0.057742   0.889936   0.346756
     6  H    0.017635  -0.467483   0.004915   0.167062   0.346756   1.045987
     7  H   -0.040110   0.064030  -0.187266   0.227854  -0.072252  -0.117766
     8  H   -0.097889   0.079533   0.227854  -0.367205   0.004713  -0.080901
     9  H   -0.022786   0.040006  -0.117766  -0.080901  -0.001614  -0.018680
    10  H    0.000345   0.002785  -0.072252   0.004713  -0.000385  -0.001614
    11  H    0.018332  -0.041577   0.064030   0.079533   0.002785   0.040006
    12  H   -0.034645   0.018332  -0.040110  -0.097889   0.000345  -0.022786
               7          8          9         10         11         12
     1  H   -0.040110  -0.097889  -0.022786   0.000345   0.018332  -0.034645
     2  H    0.064030   0.079533   0.040006   0.002785  -0.041577   0.018332
     3  H   -0.187266   0.227854  -0.117766  -0.072252   0.064030  -0.040110
     4  H    0.227854  -0.367205  -0.080901   0.004713   0.079533  -0.097889
     5  H   -0.072252   0.004713  -0.001614  -0.000385   0.002785   0.000345
     6  H   -0.117766  -0.080901  -0.018680  -0.001614   0.040006  -0.022786
     7  H    1.013925  -0.013195   0.004915   0.012491  -0.075107   0.174896
     8  H   -0.013195   1.274417   0.167062  -0.057742  -0.417410   0.377121
     9  H    0.004915   0.167062   1.045987   0.346756  -0.467483   0.017635
    10  H    0.012491  -0.057742   0.346756   0.889936  -0.109228  -0.017360
    11  H   -0.075107  -0.417410  -0.467483  -0.109228   2.437910  -0.222352
    12  H    0.174896   0.377121   0.017635  -0.017360  -0.222352   0.537023
 Mulliken charges:
               1
     1  H    0.309790
     2  H   -0.309440
     3  H    0.007584
     4  H   -0.096359
     5  H    0.001556
     6  H    0.086869
     7  H    0.007584
     8  H   -0.096359
     9  H    0.086869
    10  H    0.001556
    11  H   -0.309440
    12  H    0.309790
 Sum of Mulliken charges =   0.00000
 Mulliken charges with hydrogens summed into heavy atoms:
               1
 Electronic spatial extent (au):  <R**2>=            165.8999
 Charge=              0.0000 electrons
 Dipole moment (field-independent basis, Debye):
    X=             -0.0000    Y=             -0.0000    Z=             -0.0000  Tot=              0.0000
 Quadrupole moment (field-independent basis, Debye-Ang):
   XX=            -14.1641   YY=            -25.0769   ZZ=            -14.8760
   XY=              3.2713   XZ=              0.0000   YZ=              0.0000
 Traceless Quadrupole moment (field-independent basis, Debye-Ang):
   XX=              3.8749   YY=             -7.0379   ZZ=              3.1630
   XY=              3.2713   XZ=              0.0000   YZ=              0.0000
 Octapole moment (field-independent basis, Debye-Ang**2):
  XXX=              0.0000  YYY=              0.0000  ZZZ=             -0.0000  XYY=             -0.0000
  XXY=              0.0000  XXZ=             -0.0000  XZZ=              0.0000  YZZ=              0.0000
  YYZ=             -0.0000  XYZ=              0.0000
 Hexadecapole moment (field-independent basis, Debye-Ang**3):
 XXXX=            -73.3144 YYYY=           -303.1060 ZZZZ=            -17.5212 XXXY=             33.6577
 XXXZ=             -0.0000 YYYX=             35.7886 YYYZ=              0.0000 ZZZX=             -0.0000
 ZZZY=              0.0000 XXYY=            -55.6877 XXZZ=            -15.1186 YYZZ=            -44.8361
 XXYZ=              0.0000 YYXZ=             -0.0000 ZZXY=              9.1416
 N-N= 1.898274120345D+01 E-N=-4.949788759262D+01  KE= 7.096054440397D+00
 Symmetry AG   KE= 1.464700084294D+00
 Symmetry BG   KE= 0.000000000000D+00
 Symmetry AU   KE= 0.000000000000D+00
 Symmetry BU   KE= 5.631354356103D+00

 Test job not archived.
 1\1\GINC-SULU\Stability\RHF\Gen\H12\LCJ1\17-Feb-2017\0\\#rhf/gen scf(s
 ymm,tight,novaracc,noincfock,fulldiag) stable(crhf) guess=read geom=no
 crowd test\\hf stability analysis of h12 triangular lattice, y= 0.5129
 4608352666027\\0,1\H\H,1,1.2369289329\H,1,1.2369289329,2,131.\H,2,1.23
 69289329,1,49.,3,0.,0\H,2,1.2369289329,1,180.,3,0.,0\H,4,1.2369289329,
 3,180.,5,0.,0\H,6,1.2369289329,5,180.,3,0.,0\H,4,1.2369289329,2,180.,3
 ,0.,0\H,3,1.2369289329,1,180.,4,0.,0\H,9,1.2369289329,3,180.,4,0.,0\H,
 8,1.2369289329,4,180.,3,0.,0\H,7,1.2369289329,6,180.,3,0.,0\\Version=E
 S64L-G09RevE.01\State=1-AG\HF=-5.2364633\MP2=-9.0103147\RMSD=1.142e-09
 \Dipole=0.,0.,0.\Quadrupole=0.6680735,2.3515799,-3.0196534,0.,4.355711
 7,0.\PG=C02H [SGH(H12)]\\@


 GARLIC THEN HAVE POWER TO SAVE FROM DEATH
 BEAR WITH IT THOUGH IT MAKETH UNSAVORY BREATH,
 AND SCORN NOT GARLIC LIKE SOME THAT THINK
 IT ONLY MAKETH MEN WINK AND DRINK AND STINK.
   --  SIR JOHN HARRINGTON,
       "THE ENGLISHMAN'S DOCTOR", 1609
 Job cpu time:       0 days  0 hours  0 minutes  1.1 seconds.
 File lengths (MBytes):  RWF=     84 Int=      0 D2E=      0 Chk=      2 Scr=      2
 Normal termination of Gaussian 09 at Fri Feb 17 14:56:19 2017.
