 Entering Gaussian System, Link 0=g09
 AtFile(1): H.gbs
            H     0
            S   10   1.00
               1000.000000000000            0.000068713567
                316.227766000000            0.000169141320
                100.000000000000            0.000823394812
                 31.622776600000            0.003425569236
                 10.000000000000            0.013951996000
                  3.162277660000            0.056909313560
                  1.000000000000            0.198286399900
                  0.316227766000            0.496922426700
                  0.100000000000            0.369846276400
                  0.031622776600            0.003752720039
            ****
 Initial command:
 /projects/guscus/apps/gau/g09-e1/g09/l1.exe "/users/lcj1/gaussian/h12/rhfstability/rect/guess/ag2bu4/Gau-27072.inp" -scrdir="/users/lcj1/gaussian/h12/rhfstability/rect/guess/ag2bu4/"
 Entering Link 1 = /projects/guscus/apps/gau/g09-e1/g09/l1.exe PID=     27073.
  
 Copyright (c) 1988,1990,1992,1993,1995,1998,2003,2009,2015,
            Gaussian, Inc.  All Rights Reserved.
  
 This is part of the Gaussian(R) 09 program.  It is based on
 the Gaussian(R) 03 system (copyright 2003, Gaussian, Inc.),
 the Gaussian(R) 98 system (copyright 1998, Gaussian, Inc.),
 the Gaussian(R) 94 system (copyright 1995, Gaussian, Inc.),
 the Gaussian 92(TM) system (copyright 1992, Gaussian, Inc.),
 the Gaussian 90(TM) system (copyright 1990, Gaussian, Inc.),
 the Gaussian 88(TM) system (copyright 1988, Gaussian, Inc.),
 the Gaussian 86(TM) system (copyright 1986, Carnegie Mellon
 University), and the Gaussian 82(TM) system (copyright 1983,
 Carnegie Mellon University). Gaussian is a federally registered
 trademark of Gaussian, Inc.
  
 This software contains proprietary and confidential information,
 including trade secrets, belonging to Gaussian, Inc.
  
 This software is provided under written license and may be
 used, copied, transmitted, or stored only in accord with that
 written license.
  
 The following legend is applicable only to US Government
 contracts under FAR:
  
                    RESTRICTED RIGHTS LEGEND
  
 Use, reproduction and disclosure by the US Government is
 subject to restrictions as set forth in subparagraphs (a)
 and (c) of the Commercial Computer Software - Restricted
 Rights clause in FAR 52.227-19.
  
 Gaussian, Inc.
 340 Quinnipiac St., Bldg. 40, Wallingford CT 06492
  
  
 ---------------------------------------------------------------
 Warning -- This program may not be used in any manner that
 competes with the business of Gaussian, Inc. or will provide
 assistance to any competitor of Gaussian, Inc.  The licensee
 of this program is prohibited from giving any competitor of
 Gaussian, Inc. access to this program.  By using this program,
 the user acknowledges that Gaussian, Inc. is engaged in the
 business of creating and licensing software in the field of
 computational chemistry and represents and warrants to the
 licensee that it is not a competitor of Gaussian, Inc. and that
 it will not use this program in any manner prohibited above.
 ---------------------------------------------------------------
  

 Cite this work as:
 Gaussian 09, Revision E.01,
 M. J. Frisch, G. W. Trucks, H. B. Schlegel, G. E. Scuseria, 
 M. A. Robb, J. R. Cheeseman, G. Scalmani, V. Barone, B. Mennucci, 
 G. A. Petersson, H. Nakatsuji, M. Caricato, X. Li, H. P. Hratchian, 
 A. F. Izmaylov, J. Bloino, G. Zheng, J. L. Sonnenberg, M. Hada, 
 M. Ehara, K. Toyota, R. Fukuda, J. Hasegawa, M. Ishida, T. Nakajima, 
 Y. Honda, O. Kitao, H. Nakai, T. Vreven, J. A. Montgomery, Jr., 
 J. E. Peralta, F. Ogliaro, M. Bearpark, J. J. Heyd, E. Brothers, 
 K. N. Kudin, V. N. Staroverov, T. Keith, R. Kobayashi, J. Normand, 
 K. Raghavachari, A. Rendell, J. C. Burant, S. S. Iyengar, J. Tomasi, 
 M. Cossi, N. Rega, J. M. Millam, M. Klene, J. E. Knox, J. B. Cross, 
 V. Bakken, C. Adamo, J. Jaramillo, R. Gomperts, R. E. Stratmann, 
 O. Yazyev, A. J. Austin, R. Cammi, C. Pomelli, J. W. Ochterski, 
 R. L. Martin, K. Morokuma, V. G. Zakrzewski, G. A. Voth, 
 P. Salvador, J. J. Dannenberg, S. Dapprich, A. D. Daniels, 
 O. Farkas, J. B. Foresman, J. V. Ortiz, J. Cioslowski, 
 and D. J. Fox, Gaussian, Inc., Wallingford CT, 2013.
 
 ******************************************
 Gaussian 09:  ES64L-G09RevE.01 30-Nov-2015
                17-Feb-2017 
 ******************************************
 %chk=h12.chk
 ----------------------------------------------------------------------
 #rhf/gen scf(symm,tight,novaracc,noincfock,fulldiag) stable(crhf) gues
 s=read geom=nocrowd test
 ----------------------------------------------------------------------
 1/38=1/1;
 2/12=1,17=6,18=5,40=1/2;
 3/5=7,16=1,25=1,30=1,116=1/1,2,3;
 4/5=1,9=4/1;
 5/5=100002,15=2,16=1,32=2,38=6/2;
 8/6=1,10=90,11=11/1,4;
 9/8=4,13=1/2;
 6/7=2,8=2,9=2,10=2,28=1/1;
 99/5=1,9=1/99;
 ----------------------------------------------------------------------
 hf stability analysis of h12 triangular lattice, y= 0.7972534768479298
 0
 ----------------------------------------------------------------------
 Symbolic Z-matrix:
 Charge =  0 Multiplicity = 1
 H
 H                    1     1.07705 
 H                    1     1.07705  2     84.5 
 H                    2     1.07705  1     95.5     3     0.       0
 H                    2     1.07705  1     180.     3     0.       0
 H                    4     1.07705  3     180.     5     0.       0
 H                    6     1.07705  5     180.     3     0.       0
 H                    4     1.07705  2     180.     3     0.       0
 H                    3     1.07705  1     180.     4     0.       0
 H                    9     1.07705  3     180.     4     0.       0
 H                    8     1.07705  4     180.     3     0.       0
 H                    7     1.07705  6     180.     3     0.       0
 
                          Input orientation:                          
 ---------------------------------------------------------------------
 Center     Atomic      Atomic             Coordinates (Angstroms)
 Number     Number       Type             X           Y           Z
 ---------------------------------------------------------------------
      1          1           0        0.000000    0.000000    0.000000
      2          1           0        0.000000    0.000000    1.077052
      3          1           0        1.072094    0.000000    0.103231
      4          1           0        1.072094    0.000000    1.180283
      5          1           0        0.000000    0.000000    2.154104
      6          1           0        1.072094    0.000000    2.257335
      7          1           0        2.144187    0.000000    2.360566
      8          1           0        2.144187    0.000000    1.283514
      9          1           0        2.144187    0.000000    0.206462
     10          1           0        3.216281    0.000000    0.309693
     11          1           0        3.216281    0.000000    1.386745
     12          1           0        3.216281    0.000000    2.463797
 ---------------------------------------------------------------------
                    Distance matrix (angstroms):
                    1          2          3          4          5
     1  H    0.000000
     2  H    1.077052   0.000000
     3  H    1.077052   1.448348   0.000000
     4  H    1.594507   1.077052   1.077052   0.000000
     5  H    2.154104   1.077052   2.314188   1.448348   0.000000
     6  H    2.498989   1.594507   2.154104   1.077052   1.077052
     7  H    3.189014   2.498989   2.498989   1.594507   2.154104
     8  H    2.498989   2.154104   1.594507   1.077052   2.314188
     9  H    2.154104   2.314188   1.077052   1.448348   2.896696
    10  H    3.231156   3.306554   2.154104   2.314188   3.707602
    11  H    3.502502   3.231156   2.498989   2.154104   3.306554
    12  H    4.051513   3.502502   3.189014   2.498989   3.231156
                    6          7          8          9         10
     6  H    0.000000
     7  H    1.077052   0.000000
     8  H    1.448348   1.077052   0.000000
     9  H    2.314188   2.154104   1.077052   0.000000
    10  H    2.896696   2.314188   1.448348   1.077052   0.000000
    11  H    2.314188   1.448348   1.077052   1.594507   1.077052
    12  H    2.154104   1.077052   1.594507   2.498989   2.154104
                   11         12
    11  H    0.000000
    12  H    1.077052   0.000000
 Stoichiometry    H12
 Framework group  C2H[SGH(H12)]
 Deg. of freedom    11
 Full point group                 C2H     NOp   4
 Largest Abelian subgroup         C2H     NOp   4
 Largest concise Abelian subgroup C2      NOp   2
                         Standard orientation:                         
 ---------------------------------------------------------------------
 Center     Atomic      Atomic             Coordinates (Angstroms)
 Number     Number       Type             X           Y           Z
 ---------------------------------------------------------------------
      1          1           0        1.072094    1.718809    0.000000
      2          1           0        0.000000    1.615578    0.000000
      3          1           0        1.072094    0.641757    0.000000
      4          1           0        0.000000    0.538526    0.000000
      5          1           0       -1.072094    1.512347    0.000000
      6          1           0       -1.072094    0.435295    0.000000
      7          1           0       -1.072094   -0.641757    0.000000
      8          1           0       -0.000000   -0.538526    0.000000
      9          1           0        1.072094   -0.435295    0.000000
     10          1           0        1.072094   -1.512347    0.000000
     11          1           0       -0.000000   -1.615578    0.000000
     12          1           0       -1.072094   -1.718809    0.000000
 ---------------------------------------------------------------------
 Rotational constants (GHZ):     55.0953952     28.5252078     18.7945021
 General basis read from cards:  (5D, 7F)
 There are     6 symmetry adapted cartesian basis functions of AG  symmetry.
 There are     0 symmetry adapted cartesian basis functions of BG  symmetry.
 There are     0 symmetry adapted cartesian basis functions of AU  symmetry.
 There are     6 symmetry adapted cartesian basis functions of BU  symmetry.
 There are     6 symmetry adapted basis functions of AG  symmetry.
 There are     0 symmetry adapted basis functions of BG  symmetry.
 There are     0 symmetry adapted basis functions of AU  symmetry.
 There are     6 symmetry adapted basis functions of BU  symmetry.
    12 basis functions,   120 primitive gaussians,    12 cartesian basis functions
     6 alpha electrons        6 beta electrons
       nuclear repulsion energy        20.1595976076 Hartrees.
 NAtoms=   12 NActive=   12 NUniq=    6 SFac= 4.00D+00 NAtFMM=   60 NAOKFM=F Big=F
 Integral buffers will be    131072 words long.
 Regular integral format.
 Two-electron integral symmetry is turned on.
 One-electron integrals computed using PRISM.
 NBasis=    12 RedAO= T EigKep=  1.10D-01  NBF=     6     0     0     6
 NBsUse=    12 1.00D-06 EigRej= -1.00D+00 NBFU=     6     0     0     6
 Initial guess from the checkpoint file:  "h12.chk"
 B after Tr=     0.000000   -0.000000   -0.000000
         Rot=    0.999999    0.000000   -0.000000   -0.001518 Ang=  -0.17 deg.
 Initial guess orbital symmetries:
       Occupied  (AG) (BU) (BU) (AG) (BU) (BU)
       Virtual   (AG) (AG) (BU) (AG) (AG) (BU)
 Keep R1 ints in memory in symmetry-blocked form, NReq=903672.
 Requested convergence on RMS density matrix=1.00D-08 within 128 cycles.
 Requested convergence on MAX density matrix=1.00D-06.
 Requested convergence on             energy=1.00D-06.
 No special actions if energy rises.
 SCF Done:  E(RHF) =  -5.02766274795     A.U. after   11 cycles
            NFock= 11  Conv=0.60D-08     -V/T= 1.6611
 Range of M.O.s used for correlation:     1    12
 NBasis=    12 NAE=     6 NBE=     6 NFC=     0 NFV=     0
 NROrb=     12 NOA=     6 NOB=     6 NVA=     6 NVB=     6

 **** Warning!!: The smallest alpha delta epsilon is -0.10383611D+00

 Semi-Direct transformation.
 ModeAB=           4 MOrb=             6 LenV=     134084479
 LASXX=         2181 LTotXX=        2181 LenRXX=        5115
 LTotAB=        2934 MaxLAS=        3024 LenRXY=           0
 NonZer=        7296 LenScr=      655360 LnRSAI=        3024
 LnScr1=      655360 LExtra=           0 Total=      1318859
 MaxDsk=          -1 SrtSym=           T ITran=            3
 JobTyp=0 Pass  1:  I=   1 to   6.
 (rs|ai) integrals will be sorted in core.
 Spin components of T(2) and E(2):
     alpha-alpha T2 =       0.1421081287D-01 E2=     -0.1625686461D-01
     alpha-beta  T2 =       0.7204488841D+00 E2=     -0.1183867632D+00
     beta-beta   T2 =       0.1421081287D-01 E2=     -0.1625686461D-01
 ANorm=    0.1322448679D+01
 E2 =    -0.1509004924D+00 EUMP2 =    -0.51785632403978D+01
 Second order stability test of a single determinant RHF wave function:
 Stabil:  MDV=134217728
 ***********************************************************************
 Matrix         Lowest Root    Major Pairs
 ***********************************************************************
 Internal RHF    -0.318758     6A=7A 5A=7A
 RRHF --> CRHF   -0.3629987    6A=7A 5A=7A
 RRHF --> RUHF   -0.5287461    6A=7B 5A=7B 6A=8B 3A=7B 4A=9B
 Not stable.
 ***********************************************************************

 **********************************************************************

            Population analysis using the SCF density.

 **********************************************************************

 Orbital symmetries:
       Occupied  (AG) (BU) (BU) (AG) (BU) (BU)
       Virtual   (AG) (AG) (BU) (AG) (AG) (BU)
 The electronic state is 1-AG.
 Alpha  occ. eigenvalues --   -0.90388  -0.72470  -0.60664  -0.49510  -0.16375
 Alpha  occ. eigenvalues --   -0.11678
 Alpha virt. eigenvalues --   -0.22061   0.06636   0.28549   0.45099   0.59006
 Alpha virt. eigenvalues --    0.99025
          Condensed to atoms (all electrons):
               1          2          3          4          5          6
     1  H    1.398126   0.368229  -0.364940  -0.238991  -0.070473   0.005395
     2  H    0.368229   0.892233  -0.125808  -0.379457   0.354241  -0.179726
     3  H   -0.364940  -0.125808   0.953949   0.579760  -0.009144   0.004645
     4  H   -0.238991  -0.379457   0.579760   1.874842  -0.231648   0.616533
     5  H   -0.070473   0.354241  -0.009144  -0.231648   1.228997  -0.487196
     6  H    0.005395  -0.179726   0.004645   0.616533  -0.487196   1.394567
     7  H    0.021705   0.018493  -0.094667  -0.250792  -0.004037   0.120083
     8  H    0.040588   0.053937  -0.250792  -0.777911   0.056926  -0.249390
     9  H   -0.077249   0.013866   0.120083  -0.249390   0.043054  -0.147333
    10  H    0.031510  -0.006576  -0.004037   0.056926  -0.020868   0.043054
    11  H    0.001115  -0.000975   0.018493   0.053937  -0.006576   0.013866
    12  H   -0.010269   0.001115   0.021705   0.040588   0.031510  -0.077249
               7          8          9         10         11         12
     1  H    0.021705   0.040588  -0.077249   0.031510   0.001115  -0.010269
     2  H    0.018493   0.053937   0.013866  -0.006576  -0.000975   0.001115
     3  H   -0.094667  -0.250792   0.120083  -0.004037   0.018493   0.021705
     4  H   -0.250792  -0.777911  -0.249390   0.056926   0.053937   0.040588
     5  H   -0.004037   0.056926   0.043054  -0.020868  -0.006576   0.031510
     6  H    0.120083  -0.249390  -0.147333   0.043054   0.013866  -0.077249
     7  H    0.953949   0.579760   0.004645  -0.009144  -0.125808  -0.364940
     8  H    0.579760   1.874842   0.616533  -0.231648  -0.379457  -0.238991
     9  H    0.004645   0.616533   1.394567  -0.487196  -0.179726   0.005395
    10  H   -0.009144  -0.231648  -0.487196   1.228997   0.354241  -0.070473
    11  H   -0.125808  -0.379457  -0.179726   0.354241   0.892233   0.368229
    12  H   -0.364940  -0.238991   0.005395  -0.070473   0.368229   1.398126
 Mulliken charges:
               1
     1  H   -0.104747
     2  H   -0.009572
     3  H    0.150754
     4  H   -0.094399
     5  H    0.115213
     6  H   -0.057250
     7  H    0.150754
     8  H   -0.094399
     9  H   -0.057250
    10  H    0.115213
    11  H   -0.009572
    12  H   -0.104747
 Sum of Mulliken charges =   0.00000
 Mulliken charges with hydrogens summed into heavy atoms:
               1
 Electronic spatial extent (au):  <R**2>=            133.3802
 Charge=              0.0000 electrons
 Dipole moment (field-independent basis, Debye):
    X=             -0.0000    Y=              0.0000    Z=             -0.0000  Tot=              0.0000
 Quadrupole moment (field-independent basis, Debye-Ang):
   XX=            -12.4092   YY=            -24.4009   ZZ=            -14.4368
   XY=             -2.4560   XZ=              0.0000   YZ=              0.0000
 Traceless Quadrupole moment (field-independent basis, Debye-Ang):
   XX=              4.6731   YY=             -7.3186   ZZ=              2.6455
   XY=             -2.4560   XZ=              0.0000   YZ=              0.0000
 Octapole moment (field-independent basis, Debye-Ang**2):
  XXX=             -0.0000  YYY=              0.0000  ZZZ=             -0.0000  XYY=             -0.0000
  XXY=              0.0000  XXZ=             -0.0000  XZZ=              0.0000  YZZ=              0.0000
  YYZ=             -0.0000  XYZ=             -0.0000
 Hexadecapole moment (field-independent basis, Debye-Ang**3):
 XXXX=            -76.7647 YYYY=           -229.5345 ZZZZ=            -16.6875 XXXY=             -7.7697
 XXXZ=              0.0000 YYYX=            -16.9424 YYYZ=              0.0000 ZZZX=              0.0000
 ZZZY=              0.0000 XXYY=            -45.8029 XXZZ=            -16.4054 YYZZ=            -30.9838
 XXYZ=              0.0000 YYXZ=              0.0000 ZZXY=             -1.8344
 N-N= 2.015959760756D+01 E-N=-5.195829902009D+01  KE= 7.605478223388D+00
 Symmetry AG   KE= 1.690980490807D+00
 Symmetry BG   KE= 0.000000000000D+00
 Symmetry AU   KE= 0.000000000000D+00
 Symmetry BU   KE= 5.914497732582D+00

 Test job not archived.
 1\1\GINC-SULU\Stability\RHF\Gen\H12\LCJ1\17-Feb-2017\0\\#rhf/gen scf(s
 ymm,tight,novaracc,noincfock,fulldiag) stable(crhf) guess=read geom=no
 crowd test\\hf stability analysis of h12 triangular lattice, y= 0.7972
 5347684792980\\0,1\H\H,1,1.0770520613\H,1,1.0770520613,2,84.5\H,2,1.07
 70520613,1,95.5,3,0.,0\H,2,1.0770520613,1,180.,3,0.,0\H,4,1.0770520613
 ,3,180.,5,0.,0\H,6,1.0770520613,5,180.,3,0.,0\H,4,1.0770520613,2,180.,
 3,0.,0\H,3,1.0770520613,1,180.,4,0.,0\H,9,1.0770520613,3,180.,4,0.,0\H
 ,8,1.0770520613,4,180.,3,0.,0\H,7,1.0770520613,6,180.,3,0.,0\\Version=
 ES64L-G09RevE.01\State=1-AG\HF=-5.0276627\MP2=-5.1785632\RMSD=5.985e-0
 9\Dipole=0.,0.,0.\Quadrupole=-5.0108939,1.9668777,3.0440161,0.,-2.6429
 848,0.\PG=C02H [SGH(H12)]\\@


    UPON JULIA'S CLOTHES

 WHENAS IN SILKS MY JULIA GOES,
 THEN, THEN, METHINKS, HOW SWEETLY FLOWS
 THAT LIQUEFACTION OF HER CLOTHES.

 NEXT, WHEN I CAST MINE EYES, AND SEE
 THAT BRAVE VIBRATION, EACH WAY FREE,
 O, HOW THAT GLITTERING TAKETH ME!
     -- ROBERT HERRICK, 1648
 Job cpu time:       0 days  0 hours  0 minutes  1.1 seconds.
 File lengths (MBytes):  RWF=     84 Int=      0 D2E=      0 Chk=      2 Scr=      2
 Normal termination of Gaussian 09 at Fri Feb 17 15:01:15 2017.
