 Entering Gaussian System, Link 0=g09
 AtFile(1): H.gbs
            H     0
            S   10   1.00
               1000.000000000000            0.000068713567
                316.227766000000            0.000169141320
                100.000000000000            0.000823394812
                 31.622776600000            0.003425569236
                 10.000000000000            0.013951996000
                  3.162277660000            0.056909313560
                  1.000000000000            0.198286399900
                  0.316227766000            0.496922426700
                  0.100000000000            0.369846276400
                  0.031622776600            0.003752720039
            ****
 Initial command:
 /projects/guscus/apps/gau/g09-e1/g09/l1.exe "/users/lcj1/gaussian/h12/rhfstability/rect/guess/ag2bu4/Gau-16166.inp" -scrdir="/users/lcj1/gaussian/h12/rhfstability/rect/guess/ag2bu4/"
 Entering Link 1 = /projects/guscus/apps/gau/g09-e1/g09/l1.exe PID=     16167.
  
 Copyright (c) 1988,1990,1992,1993,1995,1998,2003,2009,2015,
            Gaussian, Inc.  All Rights Reserved.
  
 This is part of the Gaussian(R) 09 program.  It is based on
 the Gaussian(R) 03 system (copyright 2003, Gaussian, Inc.),
 the Gaussian(R) 98 system (copyright 1998, Gaussian, Inc.),
 the Gaussian(R) 94 system (copyright 1995, Gaussian, Inc.),
 the Gaussian 92(TM) system (copyright 1992, Gaussian, Inc.),
 the Gaussian 90(TM) system (copyright 1990, Gaussian, Inc.),
 the Gaussian 88(TM) system (copyright 1988, Gaussian, Inc.),
 the Gaussian 86(TM) system (copyright 1986, Carnegie Mellon
 University), and the Gaussian 82(TM) system (copyright 1983,
 Carnegie Mellon University). Gaussian is a federally registered
 trademark of Gaussian, Inc.
  
 This software contains proprietary and confidential information,
 including trade secrets, belonging to Gaussian, Inc.
  
 This software is provided under written license and may be
 used, copied, transmitted, or stored only in accord with that
 written license.
  
 The following legend is applicable only to US Government
 contracts under FAR:
  
                    RESTRICTED RIGHTS LEGEND
  
 Use, reproduction and disclosure by the US Government is
 subject to restrictions as set forth in subparagraphs (a)
 and (c) of the Commercial Computer Software - Restricted
 Rights clause in FAR 52.227-19.
  
 Gaussian, Inc.
 340 Quinnipiac St., Bldg. 40, Wallingford CT 06492
  
  
 ---------------------------------------------------------------
 Warning -- This program may not be used in any manner that
 competes with the business of Gaussian, Inc. or will provide
 assistance to any competitor of Gaussian, Inc.  The licensee
 of this program is prohibited from giving any competitor of
 Gaussian, Inc. access to this program.  By using this program,
 the user acknowledges that Gaussian, Inc. is engaged in the
 business of creating and licensing software in the field of
 computational chemistry and represents and warrants to the
 licensee that it is not a competitor of Gaussian, Inc. and that
 it will not use this program in any manner prohibited above.
 ---------------------------------------------------------------
  

 Cite this work as:
 Gaussian 09, Revision E.01,
 M. J. Frisch, G. W. Trucks, H. B. Schlegel, G. E. Scuseria, 
 M. A. Robb, J. R. Cheeseman, G. Scalmani, V. Barone, B. Mennucci, 
 G. A. Petersson, H. Nakatsuji, M. Caricato, X. Li, H. P. Hratchian, 
 A. F. Izmaylov, J. Bloino, G. Zheng, J. L. Sonnenberg, M. Hada, 
 M. Ehara, K. Toyota, R. Fukuda, J. Hasegawa, M. Ishida, T. Nakajima, 
 Y. Honda, O. Kitao, H. Nakai, T. Vreven, J. A. Montgomery, Jr., 
 J. E. Peralta, F. Ogliaro, M. Bearpark, J. J. Heyd, E. Brothers, 
 K. N. Kudin, V. N. Staroverov, T. Keith, R. Kobayashi, J. Normand, 
 K. Raghavachari, A. Rendell, J. C. Burant, S. S. Iyengar, J. Tomasi, 
 M. Cossi, N. Rega, J. M. Millam, M. Klene, J. E. Knox, J. B. Cross, 
 V. Bakken, C. Adamo, J. Jaramillo, R. Gomperts, R. E. Stratmann, 
 O. Yazyev, A. J. Austin, R. Cammi, C. Pomelli, J. W. Ochterski, 
 R. L. Martin, K. Morokuma, V. G. Zakrzewski, G. A. Voth, 
 P. Salvador, J. J. Dannenberg, S. Dapprich, A. D. Daniels, 
 O. Farkas, J. B. Foresman, J. V. Ortiz, J. Cioslowski, 
 and D. J. Fox, Gaussian, Inc., Wallingford CT, 2013.
 
 ******************************************
 Gaussian 09:  ES64L-G09RevE.01 30-Nov-2015
                17-Feb-2017 
 ******************************************
 %chk=h12.chk
 ----------------------------------------------------------------------
 #rhf/gen scf(symm,tight,novaracc,noincfock,fulldiag) stable(crhf) gues
 s=read geom=nocrowd test
 ----------------------------------------------------------------------
 1/38=1/1;
 2/12=1,17=6,18=5,40=1/2;
 3/5=7,16=1,25=1,30=1,116=1/1,2,3;
 4/5=1,9=4/1;
 5/5=100002,15=2,16=1,32=2,38=6/2;
 8/6=1,10=90,11=11/1,4;
 9/8=4,13=1/2;
 6/7=2,8=2,9=2,10=2,28=1/1;
 99/5=1,9=1/99;
 ----------------------------------------------------------------------
 hf stability analysis of h12 triangular lattice, y= 0.5277127250247978
 2
 ----------------------------------------------------------------------
 Symbolic Z-matrix:
 Charge =  0 Multiplicity = 1
 H
 H                    1     1.21468 
 H                    1     1.21468  2     128.5 
 H                    2     1.21468  1     51.5     3     0.       0
 H                    2     1.21468  1     180.     3     0.       0
 H                    4     1.21468  3     180.     5     0.       0
 H                    6     1.21468  5     180.     3     0.       0
 H                    4     1.21468  2     180.     3     0.       0
 H                    3     1.21468  1     180.     4     0.       0
 H                    9     1.21468  3     180.     4     0.       0
 H                    8     1.21468  4     180.     3     0.       0
 H                    7     1.21468  6     180.     3     0.       0
 
                          Input orientation:                          
 ---------------------------------------------------------------------
 Center     Atomic      Atomic             Coordinates (Angstroms)
 Number     Number       Type             X           Y           Z
 ---------------------------------------------------------------------
      1          1           0        0.000000    0.000000    0.000000
      2          1           0        0.000000    0.000000    1.214682
      3          1           0        0.950620    0.000000   -0.756157
      4          1           0        0.950620    0.000000    0.458525
      5          1           0        0.000000    0.000000    2.429363
      6          1           0        0.950620    0.000000    1.673206
      7          1           0        1.901240    0.000000    0.917049
      8          1           0        1.901240    0.000000   -0.297633
      9          1           0        1.901240    0.000000   -1.512314
     10          1           0        2.851859    0.000000   -2.268471
     11          1           0        2.851859    0.000000   -1.053790
     12          1           0        2.851859    0.000000    0.160892
 ---------------------------------------------------------------------
                    Distance matrix (angstroms):
                    1          2          3          4          5
     1  H    0.000000
     2  H    1.214682   0.000000
     3  H    1.214682   2.188123   0.000000
     4  H    1.055425   1.214682   1.214682   0.000000
     5  H    2.429363   1.214682   3.324337   2.188123   0.000000
     6  H    1.924395   1.055425   2.429363   1.214682   1.214682
     7  H    2.110851   1.924395   1.924395   1.055425   2.429363
     8  H    1.924395   2.429363   1.055425   1.214682   3.324337
     9  H    2.429363   3.324337   1.214682   2.188123   4.376247
    10  H    3.644045   4.501717   2.429363   3.324337   5.495703
    11  H    3.040325   3.644045   1.924395   2.429363   4.501717
    12  H    2.856394   3.040325   2.110851   1.924395   3.644045
                    6          7          8          9         10
     6  H    0.000000
     7  H    1.214682   0.000000
     8  H    2.188123   1.214682   0.000000
     9  H    3.324337   2.429363   1.214682   0.000000
    10  H    4.376247   3.324337   2.188123   1.214682   0.000000
    11  H    3.324337   2.188123   1.214682   1.055425   1.214682
    12  H    2.429363   1.214682   1.055425   1.924395   2.429363
                   11         12
    11  H    0.000000
    12  H    1.214682   0.000000
 Stoichiometry    H12
 Framework group  C2H[SGH(H12)]
 Deg. of freedom    11
 Full point group                 C2H     NOp   4
 Largest Abelian subgroup         C2H     NOp   4
 Largest concise Abelian subgroup C2      NOp   2
                         Standard orientation:                         
 ---------------------------------------------------------------------
 Center     Atomic      Atomic             Coordinates (Angstroms)
 Number     Number       Type             X           Y           Z
 ---------------------------------------------------------------------
      1          1           0        0.950620    1.065865   -0.000000
      2          1           0       -0.000000    1.822023    0.000000
      3          1           0        0.950620   -0.148816   -0.000000
      4          1           0       -0.000000    0.607341    0.000000
      5          1           0       -0.950620    2.578180    0.000000
      6          1           0       -0.950620    1.363498    0.000000
      7          1           0       -0.950620    0.148816   -0.000000
      8          1           0       -0.000000   -0.607341    0.000000
      9          1           0        0.950620   -1.363498    0.000000
     10          1           0        0.950620   -2.578180    0.000000
     11          1           0       -0.000000   -1.822023    0.000000
     12          1           0       -0.950620   -1.065865   -0.000000
 ---------------------------------------------------------------------
 Rotational constants (GHZ):     88.6231031     17.7336114     14.7767603
 General basis read from cards:  (5D, 7F)
 There are     6 symmetry adapted cartesian basis functions of AG  symmetry.
 There are     0 symmetry adapted cartesian basis functions of BG  symmetry.
 There are     0 symmetry adapted cartesian basis functions of AU  symmetry.
 There are     6 symmetry adapted cartesian basis functions of BU  symmetry.
 There are     6 symmetry adapted basis functions of AG  symmetry.
 There are     0 symmetry adapted basis functions of BG  symmetry.
 There are     0 symmetry adapted basis functions of AU  symmetry.
 There are     6 symmetry adapted basis functions of BU  symmetry.
    12 basis functions,   120 primitive gaussians,    12 cartesian basis functions
     6 alpha electrons        6 beta electrons
       nuclear repulsion energy        19.1264893562 Hartrees.
 NAtoms=   12 NActive=   12 NUniq=    6 SFac= 4.00D+00 NAtFMM=   60 NAOKFM=F Big=F
 Integral buffers will be    131072 words long.
 Regular integral format.
 Two-electron integral symmetry is turned on.
 One-electron integrals computed using PRISM.
 NBasis=    12 RedAO= T EigKep=  1.90D-01  NBF=     6     0     0     6
 NBsUse=    12 1.00D-06 EigRej= -1.00D+00 NBFU=     6     0     0     6
 Initial guess from the checkpoint file:  "h12.chk"
 B after Tr=    -0.000000   -0.000000    0.000000
         Rot=    0.999999   -0.000000   -0.000000   -0.001518 Ang=  -0.17 deg.
 Initial guess orbital symmetries:
       Occupied  (AG) (BU) (BU) (AG) (BU) (BU)
       Virtual   (AG) (AG) (AG) (BU) (BU) (AG)
 Keep R1 ints in memory in symmetry-blocked form, NReq=902804.
 Requested convergence on RMS density matrix=1.00D-08 within 128 cycles.
 Requested convergence on MAX density matrix=1.00D-06.
 Requested convergence on             energy=1.00D-06.
 No special actions if energy rises.
 SCF Done:  E(RHF) =  -5.22279134038     A.U. after   11 cycles
            NFock= 11  Conv=0.15D-08     -V/T= 1.7339
 Range of M.O.s used for correlation:     1    12
 NBasis=    12 NAE=     6 NBE=     6 NFC=     0 NFV=     0
 NROrb=     12 NOA=     6 NOB=     6 NVA=     6 NVB=     6

 **** Warning!!: The smallest alpha delta epsilon is -0.16581621D+00

 Semi-Direct transformation.
 ModeAB=           4 MOrb=             6 LenV=     134085277
 LASXX=         2181 LTotXX=        2181 LenRXX=        5115
 LTotAB=        2934 MaxLAS=        3024 LenRXY=           0
 NonZer=        7296 LenScr=      655360 LnRSAI=        3024
 LnScr1=      655360 LExtra=           0 Total=      1318859
 MaxDsk=          -1 SrtSym=           T ITran=            3
 JobTyp=0 Pass  1:  I=   1 to   6.
 (rs|ai) integrals will be sorted in core.
 Spin components of T(2) and E(2):
     alpha-alpha T2 =       0.1833570140D-01 E2=     -0.1590929285D-01
     alpha-beta  T2 =       0.8817667205D+01 E2=     -0.1989880901D+00
     beta-beta   T2 =       0.1833570140D-01 E2=     -0.1590929285D-01
 ANorm=    0.3139162087D+01
 E2 =    -0.2308066758D+00 EUMP2 =    -0.54535980162026D+01
 Second order stability test of a single determinant RHF wave function:
 Stabil:  MDV=134217728
 ***********************************************************************
 Matrix         Lowest Root    Major Pairs
 ***********************************************************************
 Internal RHF    -0.3443803    6A=7A
 RRHF --> CRHF   -0.4058712    6A=7A
 RRHF --> RUHF   -0.6031204    6A=7B
 Not stable.
 ***********************************************************************

 **********************************************************************

            Population analysis using the SCF density.

 **********************************************************************

 Orbital symmetries:
       Occupied  (AG) (BU) (BU) (AG) (BU) (BU)
       Virtual   (AG) (AG) (AG) (BU) (BU) (AG)
 The electronic state is 1-AG.
 Alpha  occ. eigenvalues --   -0.92494  -0.72646  -0.57357  -0.54012  -0.31217
 Alpha  occ. eigenvalues --    0.05386
 Alpha virt. eigenvalues --   -0.11196   0.15530   0.22724   0.38088   0.49546
 Alpha virt. eigenvalues --    0.51736
          Condensed to atoms (all electrons):
               1          2          3          4          5          6
     1  H    0.476158  -0.130462   0.167269   0.330483  -0.030556   0.006697
     2  H   -0.130462   2.203809  -0.125745  -0.373608   0.031712  -0.565683
     3  H    0.167269  -0.125745   1.165850   0.027866   0.014225   0.033008
     4  H    0.330483  -0.373608   0.027866   1.246051  -0.084601   0.219119
     5  H   -0.030556   0.031712   0.014225  -0.084601   0.854801   0.294959
     6  H    0.006697  -0.565683   0.033008   0.219119   0.294959   1.313175
     7  H   -0.032894   0.117951  -0.215826   0.178036  -0.080214  -0.233773
     8  H   -0.080884   0.070786   0.178036  -0.359574   0.009648  -0.102354
     9  H   -0.016097   0.052301  -0.233773  -0.102354  -0.001249  -0.033694
    10  H    0.002607   0.002018  -0.080214   0.009648  -0.000438  -0.001249
    11  H    0.008263  -0.040105   0.117951   0.070786   0.002018   0.052301
    12  H   -0.027858   0.008263  -0.032894  -0.080884   0.002607  -0.016097
               7          8          9         10         11         12
     1  H   -0.032894  -0.080884  -0.016097   0.002607   0.008263  -0.027858
     2  H    0.117951   0.070786   0.052301   0.002018  -0.040105   0.008263
     3  H   -0.215826   0.178036  -0.233773  -0.080214   0.117951  -0.032894
     4  H    0.178036  -0.359574  -0.102354   0.009648   0.070786  -0.080884
     5  H   -0.080214   0.009648  -0.001249  -0.000438   0.002018   0.002607
     6  H   -0.233773  -0.102354  -0.033694  -0.001249   0.052301  -0.016097
     7  H    1.165850   0.027866   0.033008   0.014225  -0.125745   0.167269
     8  H    0.027866   1.246051   0.219119  -0.084601  -0.373608   0.330483
     9  H    0.033008   0.219119   1.313175   0.294959  -0.565683   0.006697
    10  H    0.014225  -0.084601   0.294959   0.854801   0.031712  -0.030556
    11  H   -0.125745  -0.373608  -0.565683   0.031712   2.203809  -0.130462
    12  H    0.167269   0.330483   0.006697  -0.030556  -0.130462   0.476158
 Mulliken charges:
               1
     1  H    0.327275
     2  H   -0.251237
     3  H   -0.015752
     4  H   -0.080968
     5  H   -0.012911
     6  H    0.033593
     7  H   -0.015752
     8  H   -0.080968
     9  H    0.033593
    10  H   -0.012911
    11  H   -0.251237
    12  H    0.327275
 Sum of Mulliken charges =  -0.00000
 Mulliken charges with hydrogens summed into heavy atoms:
               1
 Electronic spatial extent (au):  <R**2>=            161.4009
 Charge=             -0.0000 electrons
 Dipole moment (field-independent basis, Debye):
    X=             -0.0000    Y=              0.0000    Z=             -0.0000  Tot=              0.0000
 Quadrupole moment (field-independent basis, Debye-Ang):
   XX=            -14.4507   YY=            -24.7826   ZZ=            -14.8579
   XY=              4.2283   XZ=              0.0000   YZ=              0.0000
 Traceless Quadrupole moment (field-independent basis, Debye-Ang):
   XX=              3.5797   YY=             -6.7522   ZZ=              3.1725
   XY=              4.2283   XZ=              0.0000   YZ=              0.0000
 Octapole moment (field-independent basis, Debye-Ang**2):
  XXX=             -0.0000  YYY=              0.0000  ZZZ=             -0.0000  XYY=             -0.0000
  XXY=              0.0000  XXZ=             -0.0000  XZZ=              0.0000  YZZ=              0.0000
  YYZ=             -0.0000  XYZ=              0.0000
 Hexadecapole moment (field-independent basis, Debye-Ang**3):
 XXXX=            -74.9494 YYYY=           -293.7523 ZZZZ=            -17.4811 XXXY=             33.1281
 XXXZ=             -0.0000 YYYX=             35.8102 YYYZ=              0.0000 ZZZX=             -0.0000
 ZZZY=              0.0000 XXYY=            -53.3894 XXZZ=            -15.3766 YYZZ=            -43.0446
 XXYZ=              0.0000 YYXZ=              0.0000 ZZXY=              8.8125
 N-N= 1.912648935620D+01 E-N=-4.976784645145D+01  KE= 7.116080717549D+00
 Symmetry AG   KE= 1.471380482601D+00
 Symmetry BG   KE= 0.000000000000D+00
 Symmetry AU   KE= 0.000000000000D+00
 Symmetry BU   KE= 5.644700234948D+00

 Test job not archived.
 1\1\GINC-SULU\Stability\RHF\Gen\H12\LCJ1\17-Feb-2017\0\\#rhf/gen scf(s
 ymm,tight,novaracc,noincfock,fulldiag) stable(crhf) guess=read geom=no
 crowd test\\hf stability analysis of h12 triangular lattice, y= 0.5277
 1272502479782\\0,1\H\H,1,1.2146817173\H,1,1.2146817173,2,128.5\H,2,1.2
 146817173,1,51.5,3,0.,0\H,2,1.2146817173,1,180.,3,0.,0\H,4,1.214681717
 3,3,180.,5,0.,0\H,6,1.2146817173,5,180.,3,0.,0\H,4,1.2146817173,2,180.
 ,3,0.,0\H,3,1.2146817173,1,180.,4,0.,0\H,9,1.2146817173,3,180.,4,0.,0\
 H,8,1.2146817173,4,180.,3,0.,0\H,7,1.2146817173,6,180.,3,0.,0\\Version
 =ES64L-G09RevE.01\State=1-AG\HF=-5.2227913\MP2=-5.453598\RMSD=1.502e-0
 9\Dipole=0.,0.,0.\Quadrupole=1.0197409,2.3586438,-3.3783847,0.,4.44947
 7,0.\PG=C02H [SGH(H12)]\\@


 WHEN ALL ELSE FAILS, TRY THE BOSS'S SUGGESTION.
 Job cpu time:       0 days  0 hours  0 minutes  1.1 seconds.
 File lengths (MBytes):  RWF=     84 Int=      0 D2E=      0 Chk=      2 Scr=      2
 Normal termination of Gaussian 09 at Fri Feb 17 14:56:34 2017.
