 Entering Gaussian System, Link 0=g09
 AtFile(1): H.gbs
            H     0
            S   10   1.00
               1000.000000000000            0.000068713567
                316.227766000000            0.000169141320
                100.000000000000            0.000823394812
                 31.622776600000            0.003425569236
                 10.000000000000            0.013951996000
                  3.162277660000            0.056909313560
                  1.000000000000            0.198286399900
                  0.316227766000            0.496922426700
                  0.100000000000            0.369846276400
                  0.031622776600            0.003752720039
            ****
 Initial command:
 /projects/guscus/apps/gau/g09-e1/g09/l1.exe "/users/lcj1/gaussian/h12/rhfstability/rect/guess/ag2bu4/Gau-21931.inp" -scrdir="/users/lcj1/gaussian/h12/rhfstability/rect/guess/ag2bu4/"
 Entering Link 1 = /projects/guscus/apps/gau/g09-e1/g09/l1.exe PID=     21932.
  
 Copyright (c) 1988,1990,1992,1993,1995,1998,2003,2009,2015,
            Gaussian, Inc.  All Rights Reserved.
  
 This is part of the Gaussian(R) 09 program.  It is based on
 the Gaussian(R) 03 system (copyright 2003, Gaussian, Inc.),
 the Gaussian(R) 98 system (copyright 1998, Gaussian, Inc.),
 the Gaussian(R) 94 system (copyright 1995, Gaussian, Inc.),
 the Gaussian 92(TM) system (copyright 1992, Gaussian, Inc.),
 the Gaussian 90(TM) system (copyright 1990, Gaussian, Inc.),
 the Gaussian 88(TM) system (copyright 1988, Gaussian, Inc.),
 the Gaussian 86(TM) system (copyright 1986, Carnegie Mellon
 University), and the Gaussian 82(TM) system (copyright 1983,
 Carnegie Mellon University). Gaussian is a federally registered
 trademark of Gaussian, Inc.
  
 This software contains proprietary and confidential information,
 including trade secrets, belonging to Gaussian, Inc.
  
 This software is provided under written license and may be
 used, copied, transmitted, or stored only in accord with that
 written license.
  
 The following legend is applicable only to US Government
 contracts under FAR:
  
                    RESTRICTED RIGHTS LEGEND
  
 Use, reproduction and disclosure by the US Government is
 subject to restrictions as set forth in subparagraphs (a)
 and (c) of the Commercial Computer Software - Restricted
 Rights clause in FAR 52.227-19.
  
 Gaussian, Inc.
 340 Quinnipiac St., Bldg. 40, Wallingford CT 06492
  
  
 ---------------------------------------------------------------
 Warning -- This program may not be used in any manner that
 competes with the business of Gaussian, Inc. or will provide
 assistance to any competitor of Gaussian, Inc.  The licensee
 of this program is prohibited from giving any competitor of
 Gaussian, Inc. access to this program.  By using this program,
 the user acknowledges that Gaussian, Inc. is engaged in the
 business of creating and licensing software in the field of
 computational chemistry and represents and warrants to the
 licensee that it is not a competitor of Gaussian, Inc. and that
 it will not use this program in any manner prohibited above.
 ---------------------------------------------------------------
  

 Cite this work as:
 Gaussian 09, Revision E.01,
 M. J. Frisch, G. W. Trucks, H. B. Schlegel, G. E. Scuseria, 
 M. A. Robb, J. R. Cheeseman, G. Scalmani, V. Barone, B. Mennucci, 
 G. A. Petersson, H. Nakatsuji, M. Caricato, X. Li, H. P. Hratchian, 
 A. F. Izmaylov, J. Bloino, G. Zheng, J. L. Sonnenberg, M. Hada, 
 M. Ehara, K. Toyota, R. Fukuda, J. Hasegawa, M. Ishida, T. Nakajima, 
 Y. Honda, O. Kitao, H. Nakai, T. Vreven, J. A. Montgomery, Jr., 
 J. E. Peralta, F. Ogliaro, M. Bearpark, J. J. Heyd, E. Brothers, 
 K. N. Kudin, V. N. Staroverov, T. Keith, R. Kobayashi, J. Normand, 
 K. Raghavachari, A. Rendell, J. C. Burant, S. S. Iyengar, J. Tomasi, 
 M. Cossi, N. Rega, J. M. Millam, M. Klene, J. E. Knox, J. B. Cross, 
 V. Bakken, C. Adamo, J. Jaramillo, R. Gomperts, R. E. Stratmann, 
 O. Yazyev, A. J. Austin, R. Cammi, C. Pomelli, J. W. Ochterski, 
 R. L. Martin, K. Morokuma, V. G. Zakrzewski, G. A. Voth, 
 P. Salvador, J. J. Dannenberg, S. Dapprich, A. D. Daniels, 
 O. Farkas, J. B. Foresman, J. V. Ortiz, J. Cioslowski, 
 and D. J. Fox, Gaussian, Inc., Wallingford CT, 2013.
 
 ******************************************
 Gaussian 09:  ES64L-G09RevE.01 30-Nov-2015
                17-Feb-2017 
 ******************************************
 %chk=h12.chk
 ----------------------------------------------------------------------
 #rhf/gen scf(symm,tight,novaracc,noincfock,fulldiag) stable(crhf) gues
 s=read geom=nocrowd test
 ----------------------------------------------------------------------
 1/38=1/1;
 2/12=1,17=6,18=5,40=1/2;
 3/5=7,16=1,25=1,30=1,116=1/1,2,3;
 4/5=1,9=4/1;
 5/5=100002,15=2,16=1,32=2,38=6/2;
 8/6=1,10=90,11=11/1,4;
 9/8=4,13=1/2;
 6/7=2,8=2,9=2,10=2,28=1/1;
 99/5=1,9=1/99;
 ----------------------------------------------------------------------
 hf stability analysis of h12 triangular lattice, y= 0.6625913996779515
 5
 ----------------------------------------------------------------------
 Symbolic Z-matrix:
 Charge =  0 Multiplicity = 1
 H
 H                    1     1.09466 
 H                    1     1.09466  2     105.5 
 H                    2     1.09466  1     74.5     3     0.       0
 H                    2     1.09466  1     180.     3     0.       0
 H                    4     1.09466  3     180.     5     0.       0
 H                    6     1.09466  5     180.     3     0.       0
 H                    4     1.09466  2     180.     3     0.       0
 H                    3     1.09466  1     180.     4     0.       0
 H                    9     1.09466  3     180.     4     0.       0
 H                    8     1.09466  4     180.     3     0.       0
 H                    7     1.09466  6     180.     3     0.       0
 
                          Input orientation:                          
 ---------------------------------------------------------------------
 Center     Atomic      Atomic             Coordinates (Angstroms)
 Number     Number       Type             X           Y           Z
 ---------------------------------------------------------------------
      1          1           0        0.000000    0.000000    0.000000
      2          1           0        0.000000    0.000000    1.094660
      3          1           0        1.054848    0.000000   -0.292535
      4          1           0        1.054848    0.000000    0.802125
      5          1           0        0.000000    0.000000    2.189321
      6          1           0        1.054848    0.000000    1.896786
      7          1           0        2.109696    0.000000    1.604250
      8          1           0        2.109696    0.000000    0.509590
      9          1           0        2.109696    0.000000   -0.585071
     10          1           0        3.164544    0.000000   -0.877606
     11          1           0        3.164544    0.000000    0.217055
     12          1           0        3.164544    0.000000    1.311715
 ---------------------------------------------------------------------
                    Distance matrix (angstroms):
                    1          2          3          4          5
     1  H    0.000000
     2  H    1.094660   0.000000
     3  H    1.094660   1.742704   0.000000
     4  H    1.325183   1.094660   1.094660   0.000000
     5  H    2.189321   1.094660   2.696723   1.742704   0.000000
     6  H    2.170369   1.325183   2.189321   1.094660   1.094660
     7  H    2.650366   2.170369   2.170369   1.325183   2.189321
     8  H    2.170369   2.189321   1.325183   1.094660   2.696723
     9  H    2.189321   2.696723   1.094660   1.742704   3.485408
    10  H    3.283981   3.728830   2.189321   2.696723   4.406856
    11  H    3.171980   3.283981   2.170369   2.189321   3.728830
    12  H    3.425630   3.171980   2.650366   2.170369   3.283981
                    6          7          8          9         10
     6  H    0.000000
     7  H    1.094660   0.000000
     8  H    1.742704   1.094660   0.000000
     9  H    2.696723   2.189321   1.094660   0.000000
    10  H    3.485408   2.696723   1.742704   1.094660   0.000000
    11  H    2.696723   1.742704   1.094660   1.325183   1.094660
    12  H    2.189321   1.094660   1.325183   2.170369   2.189321
                   11         12
    11  H    0.000000
    12  H    1.094660   0.000000
 Stoichiometry    H12
 Framework group  C2H[SGH(H12)]
 Deg. of freedom    11
 Full point group                 C2H     NOp   4
 Largest Abelian subgroup         C2H     NOp   4
 Largest concise Abelian subgroup C2      NOp   2
                         Standard orientation:                         
 ---------------------------------------------------------------------
 Center     Atomic      Atomic             Coordinates (Angstroms)
 Number     Number       Type             X           Y           Z
 ---------------------------------------------------------------------
      1          1           0        1.054848    1.349455   -0.000000
      2          1           0        0.000000    1.641991   -0.000000
      3          1           0        1.054848    0.254795    0.000000
      4          1           0        0.000000    0.547330   -0.000000
      5          1           0       -1.054848    1.934526   -0.000000
      6          1           0       -1.054848    0.839865   -0.000000
      7          1           0       -1.054848   -0.254795    0.000000
      8          1           0       -0.000000   -0.547330   -0.000000
      9          1           0        1.054848   -0.839865   -0.000000
     10          1           0        1.054848   -1.934526   -0.000000
     11          1           0       -0.000000   -1.641991   -0.000000
     12          1           0       -1.054848   -1.349455   -0.000000
 ---------------------------------------------------------------------
 Rotational constants (GHZ):     60.3246210     26.0525075     18.1947197
 General basis read from cards:  (5D, 7F)
 There are     6 symmetry adapted cartesian basis functions of AG  symmetry.
 There are     0 symmetry adapted cartesian basis functions of BG  symmetry.
 There are     0 symmetry adapted cartesian basis functions of AU  symmetry.
 There are     6 symmetry adapted cartesian basis functions of BU  symmetry.
 There are     6 symmetry adapted basis functions of AG  symmetry.
 There are     0 symmetry adapted basis functions of BG  symmetry.
 There are     0 symmetry adapted basis functions of AU  symmetry.
 There are     6 symmetry adapted basis functions of BU  symmetry.
    12 basis functions,   120 primitive gaussians,    12 cartesian basis functions
     6 alpha electrons        6 beta electrons
       nuclear repulsion energy        20.0118093091 Hartrees.
 NAtoms=   12 NActive=   12 NUniq=    6 SFac= 4.00D+00 NAtFMM=   60 NAOKFM=F Big=F
 Integral buffers will be    131072 words long.
 Regular integral format.
 Two-electron integral symmetry is turned on.
 One-electron integrals computed using PRISM.
 NBasis=    12 RedAO= T EigKep=  1.26D-01  NBF=     6     0     0     6
 NBsUse=    12 1.00D-06 EigRej= -1.00D+00 NBFU=     6     0     0     6
 Initial guess from the checkpoint file:  "h12.chk"
 B after Tr=     0.000000    0.000000    0.000000
         Rot=    0.999999    0.000000    0.000000   -0.001518 Ang=  -0.17 deg.
 Initial guess orbital symmetries:
       Occupied  (AG) (BU) (BU) (AG) (BU) (BU)
       Virtual   (AG) (AG) (BU) (AG) (AG) (BU)
 Keep R1 ints in memory in symmetry-blocked form, NReq=903644.
 Requested convergence on RMS density matrix=1.00D-08 within 128 cycles.
 Requested convergence on MAX density matrix=1.00D-06.
 Requested convergence on             energy=1.00D-06.
 No special actions if energy rises.
 SCF Done:  E(RHF) =  -5.06197325956     A.U. after   11 cycles
            NFock= 11  Conv=0.71D-08     -V/T= 1.6751
 Range of M.O.s used for correlation:     1    12
 NBasis=    12 NAE=     6 NBE=     6 NFC=     0 NFV=     0
 NROrb=     12 NOA=     6 NOB=     6 NVA=     6 NVB=     6

 **** Warning!!: The smallest alpha delta epsilon is -0.14190241D+00

 Semi-Direct transformation.
 ModeAB=           4 MOrb=             6 LenV=     134084479
 LASXX=         2181 LTotXX=        2181 LenRXX=        5115
 LTotAB=        2934 MaxLAS=        3024 LenRXY=           0
 NonZer=        7296 LenScr=      655360 LnRSAI=        3024
 LnScr1=      655360 LExtra=           0 Total=      1318859
 MaxDsk=          -1 SrtSym=           T ITran=            3
 JobTyp=0 Pass  1:  I=   1 to   6.
 (rs|ai) integrals will be sorted in core.
 Spin components of T(2) and E(2):
     alpha-alpha T2 =       0.1403164574D-01 E2=     -0.1504075865D-01
     alpha-beta  T2 =       0.2235336341D+01 E2=     -0.1319654979D+00
     beta-beta   T2 =       0.1403164574D-01 E2=     -0.1504075865D-01
 ANorm=    0.1806488204D+01
 E2 =    -0.1620470152D+00 EUMP2 =    -0.52240202747126D+01
 Second order stability test of a single determinant RHF wave function:
 Stabil:  MDV=134217728
 ***********************************************************************
 Matrix         Lowest Root    Major Pairs
 ***********************************************************************
 Internal RHF    -0.3275695    6A=7A 5A=7A 3A=7A
 RRHF --> CRHF   -0.393111     6A=7A
 RRHF --> RUHF   -0.5553964    6A=7B
 Not stable.
 ***********************************************************************

 **********************************************************************

            Population analysis using the SCF density.

 **********************************************************************

 Orbital symmetries:
       Occupied  (AG) (BU) (BU) (AG) (BU) (BU)
       Virtual   (AG) (AG) (BU) (AG) (AG) (BU)
 The electronic state is 1-AG.
 Alpha  occ. eigenvalues --   -0.90766  -0.73459  -0.60094  -0.50381  -0.19624
 Alpha  occ. eigenvalues --   -0.06772
 Alpha virt. eigenvalues --   -0.20962   0.07936   0.29090   0.38733   0.59884
 Alpha virt. eigenvalues --    0.86418
          Condensed to atoms (all electrons):
               1          2          3          4          5          6
     1  H    0.870409   0.316904  -0.382314  -0.113133  -0.082242  -0.043030
     2  H    0.316904   1.043384  -0.234298  -0.441367   0.296506  -0.122411
     3  H   -0.382314  -0.234298   1.760069   0.564443   0.018571   0.027070
     4  H   -0.113133  -0.441367   0.564443   1.783036  -0.203288   0.542404
     5  H   -0.082242   0.296506   0.018571  -0.203288   1.366132  -0.118464
     6  H   -0.043030  -0.122411   0.027070   0.542404  -0.118464   0.821171
     7  H    0.063780   0.061565  -0.225239  -0.233283  -0.119977  -0.099095
     8  H    0.049576   0.082943  -0.233283  -0.714033   0.028918  -0.265505
     9  H    0.051873   0.041593  -0.099095  -0.265505   0.010284  -0.066379
    10  H    0.022290   0.002992  -0.119977   0.028918  -0.004799   0.010284
    11  H   -0.020586  -0.012308   0.061565   0.082943   0.002992   0.041593
    12  H   -0.026878  -0.020586   0.063780   0.049576   0.022290   0.051873
               7          8          9         10         11         12
     1  H    0.063780   0.049576   0.051873   0.022290  -0.020586  -0.026878
     2  H    0.061565   0.082943   0.041593   0.002992  -0.012308  -0.020586
     3  H   -0.225239  -0.233283  -0.099095  -0.119977   0.061565   0.063780
     4  H   -0.233283  -0.714033  -0.265505   0.028918   0.082943   0.049576
     5  H   -0.119977   0.028918   0.010284  -0.004799   0.002992   0.022290
     6  H   -0.099095  -0.265505  -0.066379   0.010284   0.041593   0.051873
     7  H    1.760069   0.564443   0.027070   0.018571  -0.234298  -0.382314
     8  H    0.564443   1.783036   0.542404  -0.203288  -0.441367  -0.113133
     9  H    0.027070   0.542404   0.821171  -0.118464  -0.122411  -0.043030
    10  H    0.018571  -0.203288  -0.118464   1.366132   0.296506  -0.082242
    11  H   -0.234298  -0.441367  -0.122411   0.296506   1.043384   0.316904
    12  H   -0.382314  -0.113133  -0.043030  -0.082242   0.316904   0.870409
 Mulliken charges:
               1
     1  H    0.293351
     2  H   -0.014916
     3  H   -0.201291
     4  H   -0.080712
     5  H   -0.216921
     6  H    0.220489
     7  H   -0.201291
     8  H   -0.080712
     9  H    0.220489
    10  H   -0.216921
    11  H   -0.014916
    12  H    0.293351
 Sum of Mulliken charges =  -0.00000
 Mulliken charges with hydrogens summed into heavy atoms:
               1
 Electronic spatial extent (au):  <R**2>=            137.7319
 Charge=             -0.0000 electrons
 Dipole moment (field-independent basis, Debye):
    X=              0.0000    Y=              0.0000    Z=              0.0000  Tot=              0.0000
 Quadrupole moment (field-independent basis, Debye-Ang):
   XX=            -13.3333   YY=            -25.0109   ZZ=            -14.5313
   XY=              6.2815   XZ=             -0.0000   YZ=             -0.0000
 Traceless Quadrupole moment (field-independent basis, Debye-Ang):
   XX=              4.2919   YY=             -7.3857   ZZ=              3.0939
   XY=              6.2815   XZ=             -0.0000   YZ=             -0.0000
 Octapole moment (field-independent basis, Debye-Ang**2):
  XXX=              0.0000  YYY=             -0.0000  ZZZ=              0.0000  XYY=              0.0000
  XXY=             -0.0000  XXZ=              0.0000  XZZ=              0.0000  YZZ=             -0.0000
  YYZ=              0.0000  XYZ=             -0.0000
 Hexadecapole moment (field-independent basis, Debye-Ang**3):
 XXXX=            -78.4512 YYYY=           -250.1228 ZZZZ=            -16.8650 XXXY=             21.2024
 XXXZ=             -0.0000 YYYX=             42.9786 YYYZ=              0.0000 ZZZX=             -0.0000
 ZZZY=              0.0000 XXYY=            -48.7663 XXZZ=            -16.4765 YYZZ=            -32.7970
 XXYZ=              0.0000 YYXZ=             -0.0000 ZZXY=              4.9065
 N-N= 2.001180930908D+01 E-N=-5.162359773892D+01  KE= 7.497959597556D+00
 Symmetry AG   KE= 1.610773374677D+00
 Symmetry BG   KE= 0.000000000000D+00
 Symmetry AU   KE= 0.000000000000D+00
 Symmetry BU   KE= 5.887186222879D+00

 Test job not archived.
 1\1\GINC-SULU\Stability\RHF\Gen\H12\LCJ1\17-Feb-2017\0\\#rhf/gen scf(s
 ymm,tight,novaracc,noincfock,fulldiag) stable(crhf) guess=read geom=no
 crowd test\\hf stability analysis of h12 triangular lattice, y= 0.6625
 9139967795155\\0,1\H\H,1,1.094660441\H,1,1.094660441,2,105.5\H,2,1.094
 660441,1,74.5,3,0.,0\H,2,1.094660441,1,180.,3,0.,0\H,4,1.094660441,3,1
 80.,5,0.,0\H,6,1.094660441,5,180.,3,0.,0\H,4,1.094660441,2,180.,3,0.,0
 \H,3,1.094660441,1,180.,4,0.,0\H,9,1.094660441,3,180.,4,0.,0\H,8,1.094
 660441,4,180.,3,0.,0\H,7,1.094660441,6,180.,3,0.,0\\Version=ES64L-G09R
 evE.01\State=1-AG\HF=-5.0619733\MP2=-5.2240203\RMSD=7.058e-09\Dipole=0
 .,0.,0.\Quadrupole=-2.4657511,2.3002107,0.1655404,0.,6.2388911,0.\PG=C
 02H [SGH(H12)]\\@


 MAN IS A SINGULAR CREATURE.  HE HAS A SET OF GIFTS
 WHICH MAKE HIM UNIQUE AMONG THE ANIMALS: SO THAT, 
 UNLIKE THEM, HE IS NOT A FIGURE IN THE LANDSCAPE --
 HE IS A SHAPER OF THE LANDSCAPE.

                       -- JACOB BRONOWSKI
 Job cpu time:       0 days  0 hours  0 minutes  1.1 seconds.
 File lengths (MBytes):  RWF=     84 Int=      0 D2E=      0 Chk=      2 Scr=      2
 Normal termination of Gaussian 09 at Fri Feb 17 14:58:58 2017.
