 Entering Gaussian System, Link 0=g09
 AtFile(1): H.gbs
            H     0
            S   10   1.00
               1000.000000000000            0.000068713567
                316.227766000000            0.000169141320
                100.000000000000            0.000823394812
                 31.622776600000            0.003425569236
                 10.000000000000            0.013951996000
                  3.162277660000            0.056909313560
                  1.000000000000            0.198286399900
                  0.316227766000            0.496922426700
                  0.100000000000            0.369846276400
                  0.031622776600            0.003752720039
            ****
 Initial command:
 /projects/guscus/apps/gau/g09-e1/g09/l1.exe "/users/lcj1/gaussian/h12/rhfstability/rect/guess/2au4bu/Gau-30026.inp" -scrdir="/users/lcj1/gaussian/h12/rhfstability/rect/guess/2au4bu/"
 Entering Link 1 = /projects/guscus/apps/gau/g09-e1/g09/l1.exe PID=     30027.
  
 Copyright (c) 1988,1990,1992,1993,1995,1998,2003,2009,2015,
            Gaussian, Inc.  All Rights Reserved.
  
 This is part of the Gaussian(R) 09 program.  It is based on
 the Gaussian(R) 03 system (copyright 2003, Gaussian, Inc.),
 the Gaussian(R) 98 system (copyright 1998, Gaussian, Inc.),
 the Gaussian(R) 94 system (copyright 1995, Gaussian, Inc.),
 the Gaussian 92(TM) system (copyright 1992, Gaussian, Inc.),
 the Gaussian 90(TM) system (copyright 1990, Gaussian, Inc.),
 the Gaussian 88(TM) system (copyright 1988, Gaussian, Inc.),
 the Gaussian 86(TM) system (copyright 1986, Carnegie Mellon
 University), and the Gaussian 82(TM) system (copyright 1983,
 Carnegie Mellon University). Gaussian is a federally registered
 trademark of Gaussian, Inc.
  
 This software contains proprietary and confidential information,
 including trade secrets, belonging to Gaussian, Inc.
  
 This software is provided under written license and may be
 used, copied, transmitted, or stored only in accord with that
 written license.
  
 The following legend is applicable only to US Government
 contracts under FAR:
  
                    RESTRICTED RIGHTS LEGEND
  
 Use, reproduction and disclosure by the US Government is
 subject to restrictions as set forth in subparagraphs (a)
 and (c) of the Commercial Computer Software - Restricted
 Rights clause in FAR 52.227-19.
  
 Gaussian, Inc.
 340 Quinnipiac St., Bldg. 40, Wallingford CT 06492
  
  
 ---------------------------------------------------------------
 Warning -- This program may not be used in any manner that
 competes with the business of Gaussian, Inc. or will provide
 assistance to any competitor of Gaussian, Inc.  The licensee
 of this program is prohibited from giving any competitor of
 Gaussian, Inc. access to this program.  By using this program,
 the user acknowledges that Gaussian, Inc. is engaged in the
 business of creating and licensing software in the field of
 computational chemistry and represents and warrants to the
 licensee that it is not a competitor of Gaussian, Inc. and that
 it will not use this program in any manner prohibited above.
 ---------------------------------------------------------------
  

 Cite this work as:
 Gaussian 09, Revision E.01,
 M. J. Frisch, G. W. Trucks, H. B. Schlegel, G. E. Scuseria, 
 M. A. Robb, J. R. Cheeseman, G. Scalmani, V. Barone, B. Mennucci, 
 G. A. Petersson, H. Nakatsuji, M. Caricato, X. Li, H. P. Hratchian, 
 A. F. Izmaylov, J. Bloino, G. Zheng, J. L. Sonnenberg, M. Hada, 
 M. Ehara, K. Toyota, R. Fukuda, J. Hasegawa, M. Ishida, T. Nakajima, 
 Y. Honda, O. Kitao, H. Nakai, T. Vreven, J. A. Montgomery, Jr., 
 J. E. Peralta, F. Ogliaro, M. Bearpark, J. J. Heyd, E. Brothers, 
 K. N. Kudin, V. N. Staroverov, T. Keith, R. Kobayashi, J. Normand, 
 K. Raghavachari, A. Rendell, J. C. Burant, S. S. Iyengar, J. Tomasi, 
 M. Cossi, N. Rega, J. M. Millam, M. Klene, J. E. Knox, J. B. Cross, 
 V. Bakken, C. Adamo, J. Jaramillo, R. Gomperts, R. E. Stratmann, 
 O. Yazyev, A. J. Austin, R. Cammi, C. Pomelli, J. W. Ochterski, 
 R. L. Martin, K. Morokuma, V. G. Zakrzewski, G. A. Voth, 
 P. Salvador, J. J. Dannenberg, S. Dapprich, A. D. Daniels, 
 O. Farkas, J. B. Foresman, J. V. Ortiz, J. Cioslowski, 
 and D. J. Fox, Gaussian, Inc., Wallingford CT, 2013.
 
 ******************************************
 Gaussian 09:  ES64L-G09RevE.01 30-Nov-2015
                17-Feb-2017 
 ******************************************
 %chk=h12.chk
 ----------------------------------------------------------------------
 #rhf/gen scf(symm,tight,novaracc,noincfock,fulldiag) stable(crhf) gues
 s=read geom=nocrowd test
 ----------------------------------------------------------------------
 1/38=1/1;
 2/12=1,17=6,18=5,40=1/2;
 3/5=7,16=1,25=1,30=1,116=1/1,2,3;
 4/5=1,9=4/1;
 5/5=100002,15=2,16=1,32=2,38=6/2;
 8/6=1,10=90,11=11/1,4;
 9/8=4,13=1/2;
 6/7=2,8=2,9=2,10=2,28=1/1;
 99/5=1,9=1/99;
 ----------------------------------------------------------------------
 hf stability analysis of h12 triangular lattice, y= 0.8149635215757493
 6
 ----------------------------------------------------------------------
 Symbolic Z-matrix:
 Charge =  0 Multiplicity = 1
 H
 H                    1     1.07984 
 H                    1     1.07984  2     82. 
 H                    2     1.07984  1     98.      3     0.       0
 H                    2     1.07984  1     180.     3     0.       0
 H                    4     1.07984  3     180.     5     0.       0
 H                    6     1.07984  5     180.     3     0.       0
 H                    4     1.07984  2     180.     3     0.       0
 H                    3     1.07984  1     180.     4     0.       0
 H                    9     1.07984  3     180.     4     0.       0
 H                    8     1.07984  4     180.     3     0.       0
 H                    7     1.07984  6     180.     3     0.       0
 
                          Input orientation:                          
 ---------------------------------------------------------------------
 Center     Atomic      Atomic             Coordinates (Angstroms)
 Number     Number       Type             X           Y           Z
 ---------------------------------------------------------------------
      1          1           0        0.000000    0.000000    0.000000
      2          1           0        0.000000    0.000000    1.079837
      3          1           0        1.069328    0.000000    0.150284
      4          1           0        1.069328    0.000000    1.230122
      5          1           0        0.000000    0.000000    2.159674
      6          1           0        1.069328    0.000000    2.309959
      7          1           0        2.138657    0.000000    2.460243
      8          1           0        2.138657    0.000000    1.380406
      9          1           0        2.138657    0.000000    0.300569
     10          1           0        3.207985    0.000000    0.450853
     11          1           0        3.207985    0.000000    1.530690
     12          1           0        3.207985    0.000000    2.610527
 ---------------------------------------------------------------------
                    Distance matrix (angstroms):
                    1          2          3          4          5
     1  H    0.000000
     2  H    1.079837   0.000000
     3  H    1.079837   1.416874   0.000000
     4  H    1.629927   1.079837   1.079837   0.000000
     5  H    2.159674   1.079837   2.276206   1.416874   0.000000
     6  H    2.545461   1.629927   2.159674   1.079837   1.079837
     7  H    3.259854   2.545461   2.545461   1.629927   2.159674
     8  H    2.545461   2.159674   1.629927   1.079837   2.276206
     9  H    2.159674   2.276206   1.079837   1.416874   2.833748
    10  H    3.239512   3.269065   2.159674   2.276206   3.634727
    11  H    3.554459   3.239512   2.545461   2.159674   3.269065
    12  H    4.135943   3.554459   3.259854   2.545461   3.239512
                    6          7          8          9         10
     6  H    0.000000
     7  H    1.079837   0.000000
     8  H    1.416874   1.079837   0.000000
     9  H    2.276206   2.159674   1.079837   0.000000
    10  H    2.833748   2.276206   1.416874   1.079837   0.000000
    11  H    2.276206   1.416874   1.079837   1.629927   1.079837
    12  H    2.159674   1.079837   1.629927   2.545461   2.159674
                   11         12
    11  H    0.000000
    12  H    1.079837   0.000000
 Stoichiometry    H12
 Framework group  C2H[SGH(H12)]
 Deg. of freedom    11
 Full point group                 C2H     NOp   4
 Largest Abelian subgroup         C2H     NOp   4
 Largest concise Abelian subgroup C2      NOp   2
                         Standard orientation:                         
 ---------------------------------------------------------------------
 Center     Atomic      Atomic             Coordinates (Angstroms)
 Number     Number       Type             X           Y           Z
 ---------------------------------------------------------------------
      1          1           0        1.069328    1.770040   -0.000000
      2          1           0        0.000000    1.619756   -0.000000
      3          1           0        1.069328    0.690203    0.000000
      4          1           0        0.000000    0.539919   -0.000000
      5          1           0       -1.069328    1.469472   -0.000000
      6          1           0       -1.069328    0.389634   -0.000000
      7          1           0       -1.069328   -0.690203    0.000000
      8          1           0       -0.000000   -0.539919   -0.000000
      9          1           0        1.069328   -0.389634   -0.000000
     10          1           0        1.069328   -1.469472   -0.000000
     11          1           0       -0.000000   -1.619756   -0.000000
     12          1           0       -1.069328   -1.770040    0.000000
 ---------------------------------------------------------------------
 Rotational constants (GHZ):     55.9783680     28.0752663     18.6976756
 General basis read from cards:  (5D, 7F)
 There are     6 symmetry adapted cartesian basis functions of AG  symmetry.
 There are     0 symmetry adapted cartesian basis functions of BG  symmetry.
 There are     0 symmetry adapted cartesian basis functions of AU  symmetry.
 There are     6 symmetry adapted cartesian basis functions of BU  symmetry.
 There are     6 symmetry adapted basis functions of AG  symmetry.
 There are     0 symmetry adapted basis functions of BG  symmetry.
 There are     0 symmetry adapted basis functions of AU  symmetry.
 There are     6 symmetry adapted basis functions of BU  symmetry.
    12 basis functions,   120 primitive gaussians,    12 cartesian basis functions
     6 alpha electrons        6 beta electrons
       nuclear repulsion energy        20.1358769648 Hartrees.
 NAtoms=   12 NActive=   12 NUniq=    6 SFac= 4.00D+00 NAtFMM=   60 NAOKFM=F Big=F
 Integral buffers will be    131072 words long.
 Regular integral format.
 Two-electron integral symmetry is turned on.
 One-electron integrals computed using PRISM.
 NBasis=    12 RedAO= T EigKep=  1.12D-01  NBF=     6     0     0     6
 NBsUse=    12 1.00D-06 EigRej= -1.00D+00 NBFU=     6     0     0     6
 Initial guess from the checkpoint file:  "h12.chk"
 B after Tr=    -0.000000   -0.000000   -0.000000
         Rot=    0.999982    0.000000   -0.000000   -0.006070 Ang=  -0.70 deg.
 Initial guess orbital symmetries:
       Occupied  (AG) (BU) (BU) (AG) (BU) (BU)
       Virtual   (AG) (AG) (BU) (AG) (AG) (BU)
 Keep R1 ints in memory in symmetry-blocked form, NReq=903840.
 Requested convergence on RMS density matrix=1.00D-08 within 128 cycles.
 Requested convergence on MAX density matrix=1.00D-06.
 Requested convergence on             energy=1.00D-06.
 No special actions if energy rises.
 SCF Done:  E(RHF) =  -5.03282289498     A.U. after   12 cycles
            NFock= 12  Conv=0.22D-08     -V/T= 1.6633
 Range of M.O.s used for correlation:     1    12
 NBasis=    12 NAE=     6 NBE=     6 NFC=     0 NFV=     0
 NROrb=     12 NOA=     6 NOB=     6 NVA=     6 NVB=     6

 **** Warning!!: The smallest alpha delta epsilon is -0.11426955D+00

 Semi-Direct transformation.
 ModeAB=           4 MOrb=             6 LenV=     134084311
 LASXX=         2181 LTotXX=        2181 LenRXX=        5115
 LTotAB=        2934 MaxLAS=        3024 LenRXY=           0
 NonZer=        7296 LenScr=      655360 LnRSAI=        3024
 LnScr1=      655360 LExtra=           0 Total=      1318859
 MaxDsk=          -1 SrtSym=           T ITran=            3
 JobTyp=0 Pass  1:  I=   1 to   6.
 (rs|ai) integrals will be sorted in core.
 Spin components of T(2) and E(2):
     alpha-alpha T2 =       0.1409461446D-01 E2=     -0.1597105607D-01
     alpha-beta  T2 =       0.7790218445D+00 E2=     -0.1257042691D+00
     beta-beta   T2 =       0.1409461446D-01 E2=     -0.1597105607D-01
 ANorm=    0.1344325509D+01
 E2 =    -0.1576463812D+00 EUMP2 =    -0.51904692761994D+01
 Second order stability test of a single determinant RHF wave function:
 Stabil:  MDV=134217728
 ***********************************************************************
 Matrix         Lowest Root    Major Pairs
 ***********************************************************************
 Internal RHF    -0.3208816    6A=7A 5A=7A
 RRHF --> CRHF   -0.3701481    6A=7A
 RRHF --> RUHF   -0.5378204    6A=7B 5A=7B 6A=8B 3A=7B
 Not stable.
 ***********************************************************************

 **********************************************************************

            Population analysis using the SCF density.

 **********************************************************************

 Orbital symmetries:
       Occupied  (AG) (BU) (BU) (AG) (BU) (BU)
       Virtual   (AG) (AG) (BU) (AG) (AG) (BU)
 The electronic state is 1-AG.
 Alpha  occ. eigenvalues --   -0.90424  -0.72677  -0.60526  -0.49629  -0.17242
 Alpha  occ. eigenvalues --   -0.10509
 Alpha virt. eigenvalues --   -0.21936   0.06877   0.28534   0.43829   0.59373
 Alpha virt. eigenvalues --    0.96863
          Condensed to atoms (all electrons):
               1          2          3          4          5          6
     1  H    1.408295   0.360685  -0.312301  -0.232943  -0.073584   0.008295
     2  H    0.360685   0.906787  -0.114713  -0.390069   0.345519  -0.191856
     3  H   -0.312301  -0.114713   0.882164   0.569242  -0.014955   0.006950
     4  H   -0.232943  -0.390069   0.569242   1.867932  -0.216831   0.617257
     5  H   -0.073584   0.345519  -0.014955  -0.216831   1.160118  -0.484541
     6  H    0.008295  -0.191856   0.006950   0.617257  -0.484541   1.501724
     7  H    0.018468   0.023045  -0.085968  -0.254246   0.013024   0.083649
     8  H    0.037090   0.058735  -0.254246  -0.771336   0.059379  -0.250393
     9  H   -0.091028   0.019037   0.083649  -0.250393   0.049534  -0.164171
    10  H    0.029831  -0.009684   0.013024   0.059379  -0.023441   0.049534
    11  H    0.001870  -0.002521   0.023045   0.058735  -0.009684   0.019037
    12  H   -0.008514   0.001870   0.018468   0.037090   0.029831  -0.091028
               7          8          9         10         11         12
     1  H    0.018468   0.037090  -0.091028   0.029831   0.001870  -0.008514
     2  H    0.023045   0.058735   0.019037  -0.009684  -0.002521   0.001870
     3  H   -0.085968  -0.254246   0.083649   0.013024   0.023045   0.018468
     4  H   -0.254246  -0.771336  -0.250393   0.059379   0.058735   0.037090
     5  H    0.013024   0.059379   0.049534  -0.023441  -0.009684   0.029831
     6  H    0.083649  -0.250393  -0.164171   0.049534   0.019037  -0.091028
     7  H    0.882164   0.569242   0.006950  -0.014955  -0.114713  -0.312301
     8  H    0.569242   1.867932   0.617257  -0.216831  -0.390069  -0.232943
     9  H    0.006950   0.617257   1.501724  -0.484541  -0.191856   0.008295
    10  H   -0.014955  -0.216831  -0.484541   1.160118   0.345519  -0.073584
    11  H   -0.114713  -0.390069  -0.191856   0.345519   0.906787   0.360685
    12  H   -0.312301  -0.232943   0.008295  -0.073584   0.360685   1.408295
 Mulliken charges:
               1
     1  H   -0.146165
     2  H   -0.006835
     3  H    0.185641
     4  H   -0.093816
     5  H    0.165631
     6  H   -0.104457
     7  H    0.185641
     8  H   -0.093816
     9  H   -0.104457
    10  H    0.165631
    11  H   -0.006835
    12  H   -0.146165
 Sum of Mulliken charges =  -0.00000
 Mulliken charges with hydrogens summed into heavy atoms:
               1
 Electronic spatial extent (au):  <R**2>=            134.0943
 Charge=             -0.0000 electrons
 Dipole moment (field-independent basis, Debye):
    X=             -0.0000    Y=              0.0000    Z=             -0.0000  Tot=              0.0000
 Quadrupole moment (field-independent basis, Debye-Ang):
   XX=            -12.5792   YY=            -24.5113   ZZ=            -14.4533
   XY=             -3.5400   XZ=              0.0000   YZ=              0.0000
 Traceless Quadrupole moment (field-independent basis, Debye-Ang):
   XX=              4.6021   YY=             -7.3301   ZZ=              2.7280
   XY=             -3.5400   XZ=              0.0000   YZ=              0.0000
 Octapole moment (field-independent basis, Debye-Ang**2):
  XXX=             -0.0000  YYY=             -0.0000  ZZZ=              0.0000  XYY=             -0.0000
  XXY=              0.0000  XXZ=              0.0000  XZZ=              0.0000  YZZ=             -0.0000
  YYZ=              0.0000  XYZ=              0.0000
 Hexadecapole moment (field-independent basis, Debye-Ang**3):
 XXXX=            -77.0946 YYYY=           -233.2652 ZZZZ=            -16.7188 XXXY=            -11.2798
 XXXZ=              0.0000 YYYX=            -24.3882 YYYZ=              0.0000 ZZZX=              0.0000
 ZZZY=              0.0000 XXYY=            -46.4102 XXZZ=            -16.4246 YYZZ=            -31.2838
 XXYZ=              0.0000 YYXZ=              0.0000 ZZXY=             -2.6535
 N-N= 2.013587696482D+01 E-N=-5.190471469652D+01  KE= 7.587452926208D+00
 Symmetry AG   KE= 1.675248863122D+00
 Symmetry BG   KE= 0.000000000000D+00
 Symmetry AU   KE= 0.000000000000D+00
 Symmetry BU   KE= 5.912204063087D+00

 Test job not archived.
 1\1\GINC-SULU\Stability\RHF\Gen\H12\LCJ1\17-Feb-2017\0\\#rhf/gen scf(s
 ymm,tight,novaracc,noincfock,fulldiag) stable(crhf) guess=read geom=no
 crowd test\\hf stability analysis of h12 triangular lattice, y= 0.8149
 6352157574936\\0,1\H\H,1,1.0798372329\H,1,1.0798372329,2,82.\H,2,1.079
 8372329,1,98.,3,0.,0\H,2,1.0798372329,1,180.,3,0.,0\H,4,1.0798372329,3
 ,180.,5,0.,0\H,6,1.0798372329,5,180.,3,0.,0\H,4,1.0798372329,2,180.,3,
 0.,0\H,3,1.0798372329,1,180.,4,0.,0\H,9,1.0798372329,3,180.,4,0.,0\H,8
 ,1.0798372329,4,180.,3,0.,0\H,7,1.0798372329,6,180.,3,0.,0\\Version=ES
 64L-G09RevE.01\State=1-AG\HF=-5.0328229\MP2=-5.1904693\RMSD=2.162e-09\
 Dipole=0.,0.,0.\Quadrupole=-4.5524519,2.0281772,2.5242748,0.,-3.752539
 9,0.\PG=C02H [SGH(H12)]\\@


 HE THAT WALD REACHE THE SWEITE ROSE
 SULD NOW AND THEN BE SCRATCHED WT THE SCHARPE BREERES.
 -- PROVERBS AND REASONS OF THE YEAR 1585
           AS REPRINTED IN PAISLEY MAGAZINE 1828.
 Job cpu time:       0 days  0 hours  0 minutes  1.0 seconds.
 File lengths (MBytes):  RWF=     84 Int=      0 D2E=      0 Chk=      2 Scr=      2
 Normal termination of Gaussian 09 at Fri Feb 17 12:06:23 2017.
