 Entering Gaussian System, Link 0=g09
 AtFile(1): H.gbs
            H     0
            S   10   1.00
               1000.000000000000            0.000068713567
                316.227766000000            0.000169141320
                100.000000000000            0.000823394812
                 31.622776600000            0.003425569236
                 10.000000000000            0.013951996000
                  3.162277660000            0.056909313560
                  1.000000000000            0.198286399900
                  0.316227766000            0.496922426700
                  0.100000000000            0.369846276400
                  0.031622776600            0.003752720039
            ****
 Initial command:
 /projects/guscus/apps/gau/g09-e1/g09/l1.exe "/users/lcj1/gaussian/h12/rhfstability/rect/guess/ag2bu4/Gau-8297.inp" -scrdir="/users/lcj1/gaussian/h12/rhfstability/rect/guess/ag2bu4/"
 Entering Link 1 = /projects/guscus/apps/gau/g09-e1/g09/l1.exe PID=      8298.
  
 Copyright (c) 1988,1990,1992,1993,1995,1998,2003,2009,2015,
            Gaussian, Inc.  All Rights Reserved.
  
 This is part of the Gaussian(R) 09 program.  It is based on
 the Gaussian(R) 03 system (copyright 2003, Gaussian, Inc.),
 the Gaussian(R) 98 system (copyright 1998, Gaussian, Inc.),
 the Gaussian(R) 94 system (copyright 1995, Gaussian, Inc.),
 the Gaussian 92(TM) system (copyright 1992, Gaussian, Inc.),
 the Gaussian 90(TM) system (copyright 1990, Gaussian, Inc.),
 the Gaussian 88(TM) system (copyright 1988, Gaussian, Inc.),
 the Gaussian 86(TM) system (copyright 1986, Carnegie Mellon
 University), and the Gaussian 82(TM) system (copyright 1983,
 Carnegie Mellon University). Gaussian is a federally registered
 trademark of Gaussian, Inc.
  
 This software contains proprietary and confidential information,
 including trade secrets, belonging to Gaussian, Inc.
  
 This software is provided under written license and may be
 used, copied, transmitted, or stored only in accord with that
 written license.
  
 The following legend is applicable only to US Government
 contracts under FAR:
  
                    RESTRICTED RIGHTS LEGEND
  
 Use, reproduction and disclosure by the US Government is
 subject to restrictions as set forth in subparagraphs (a)
 and (c) of the Commercial Computer Software - Restricted
 Rights clause in FAR 52.227-19.
  
 Gaussian, Inc.
 340 Quinnipiac St., Bldg. 40, Wallingford CT 06492
  
  
 ---------------------------------------------------------------
 Warning -- This program may not be used in any manner that
 competes with the business of Gaussian, Inc. or will provide
 assistance to any competitor of Gaussian, Inc.  The licensee
 of this program is prohibited from giving any competitor of
 Gaussian, Inc. access to this program.  By using this program,
 the user acknowledges that Gaussian, Inc. is engaged in the
 business of creating and licensing software in the field of
 computational chemistry and represents and warrants to the
 licensee that it is not a competitor of Gaussian, Inc. and that
 it will not use this program in any manner prohibited above.
 ---------------------------------------------------------------
  

 Cite this work as:
 Gaussian 09, Revision E.01,
 M. J. Frisch, G. W. Trucks, H. B. Schlegel, G. E. Scuseria, 
 M. A. Robb, J. R. Cheeseman, G. Scalmani, V. Barone, B. Mennucci, 
 G. A. Petersson, H. Nakatsuji, M. Caricato, X. Li, H. P. Hratchian, 
 A. F. Izmaylov, J. Bloino, G. Zheng, J. L. Sonnenberg, M. Hada, 
 M. Ehara, K. Toyota, R. Fukuda, J. Hasegawa, M. Ishida, T. Nakajima, 
 Y. Honda, O. Kitao, H. Nakai, T. Vreven, J. A. Montgomery, Jr., 
 J. E. Peralta, F. Ogliaro, M. Bearpark, J. J. Heyd, E. Brothers, 
 K. N. Kudin, V. N. Staroverov, T. Keith, R. Kobayashi, J. Normand, 
 K. Raghavachari, A. Rendell, J. C. Burant, S. S. Iyengar, J. Tomasi, 
 M. Cossi, N. Rega, J. M. Millam, M. Klene, J. E. Knox, J. B. Cross, 
 V. Bakken, C. Adamo, J. Jaramillo, R. Gomperts, R. E. Stratmann, 
 O. Yazyev, A. J. Austin, R. Cammi, C. Pomelli, J. W. Ochterski, 
 R. L. Martin, K. Morokuma, V. G. Zakrzewski, G. A. Voth, 
 P. Salvador, J. J. Dannenberg, S. Dapprich, A. D. Daniels, 
 O. Farkas, J. B. Foresman, J. V. Ortiz, J. Cioslowski, 
 and D. J. Fox, Gaussian, Inc., Wallingford CT, 2013.
 
 ******************************************
 Gaussian 09:  ES64L-G09RevE.01 30-Nov-2015
                17-Feb-2017 
 ******************************************
 %chk=h12.chk
 ----------------------------------------------------------------------
 #rhf/gen scf(symm,tight,novaracc,noincfock,fulldiag) stable(crhf) gues
 s=read geom=nocrowd test
 ----------------------------------------------------------------------
 1/38=1/1;
 2/12=1,17=6,18=5,40=1/2;
 3/5=7,16=1,25=1,30=1,116=1/1,2,3;
 4/5=1,9=4/1;
 5/5=100002,15=2,16=1,32=2,38=6/2;
 8/6=1,10=90,11=11/1,4;
 9/8=4,13=1/2;
 6/7=2,8=2,9=2,10=2,28=1/1;
 99/5=1,9=1/99;
 ----------------------------------------------------------------------
 hf stability analysis of h12 triangular lattice, y= 0.2710133450063199
 1
 ----------------------------------------------------------------------
 Symbolic Z-matrix:
 Charge =  0 Multiplicity = 1
 H
 H                    1     2.14751 
 H                    1     2.14751  2     165.5 
 H                    2     2.14751  1     14.5     3     0.       0
 H                    2     2.14751  1     180.     3     0.       0
 H                    4     2.14751  3     180.     5     0.       0
 H                    6     2.14751  5     180.     3     0.       0
 H                    4     2.14751  2     180.     3     0.       0
 H                    3     2.14751  1     180.     4     0.       0
 H                    9     2.14751  3     180.     4     0.       0
 H                    8     2.14751  4     180.     3     0.       0
 H                    7     2.14751  6     180.     3     0.       0
 
                          Input orientation:                          
 ---------------------------------------------------------------------
 Center     Atomic      Atomic             Coordinates (Angstroms)
 Number     Number       Type             X           Y           Z
 ---------------------------------------------------------------------
      1          1           0        0.000000    0.000000    0.000000
      2          1           0        0.000000    0.000000    2.147508
      3          1           0        0.537693    0.000000   -2.079105
      4          1           0        0.537693    0.000000    0.068403
      5          1           0        0.000000    0.000000    4.295017
      6          1           0        0.537693    0.000000    2.215912
      7          1           0        1.075386    0.000000    0.136806
      8          1           0        1.075386    0.000000   -2.010702
      9          1           0        1.075386    0.000000   -4.158210
     10          1           0        1.613079    0.000000   -6.237315
     11          1           0        1.613079    0.000000   -4.089807
     12          1           0        1.613079    0.000000   -1.942299
 ---------------------------------------------------------------------
                    Distance matrix (angstroms):
                    1          2          3          4          5
     1  H    0.000000
     2  H    2.147508   0.000000
     3  H    2.147508   4.260678   0.000000
     4  H    0.542027   2.147508   2.147508   0.000000
     5  H    4.295017   2.147508   6.396760   4.260678   0.000000
     6  H    2.280214   0.542027   4.295017   2.147508   2.147508
     7  H    1.084053   2.280214   2.280214   0.542027   4.295017
     8  H    2.280214   4.295017   0.542027   2.147508   6.396760
     9  H    4.295017   6.396760   2.147508   4.260678   8.521356
    10  H    6.442525   8.538577   4.295017   6.396760  10.655142
    11  H    4.396424   6.442525   2.280214   4.295017   8.538577
    12  H    2.524787   4.396424   1.084053   2.280214   6.442525
                    6          7          8          9         10
     6  H    0.000000
     7  H    2.147508   0.000000
     8  H    4.260678   2.147508   0.000000
     9  H    6.396760   4.295017   2.147508   0.000000
    10  H    8.521356   6.396760   4.260678   2.147508   0.000000
    11  H    6.396760   4.260678   2.147508   0.542027   2.147508
    12  H    4.295017   2.147508   0.542027   2.280214   4.295017
                   11         12
    11  H    0.000000
    12  H    2.147508   0.000000
 Stoichiometry    H12
 Framework group  C2H[SGH(H12)]
 Deg. of freedom    11
 Full point group                 C2H     NOp   4
 Largest Abelian subgroup         C2H     NOp   4
 Largest concise Abelian subgroup C2      NOp   2
                         Standard orientation:                         
 ---------------------------------------------------------------------
 Center     Atomic      Atomic             Coordinates (Angstroms)
 Number     Number       Type             X           Y           Z
 ---------------------------------------------------------------------
      1          1           0        0.537693    1.142157    0.000000
      2          1           0        0.000000    3.221262    0.000000
      3          1           0        0.537693   -1.005351    0.000000
      4          1           0        0.000000    1.073754    0.000000
      5          1           0       -0.537693    5.300368    0.000000
      6          1           0       -0.537693    3.152859    0.000000
      7          1           0       -0.537693    1.005351    0.000000
      8          1           0       -0.000000   -1.073754   -0.000000
      9          1           0        0.537693   -3.152859   -0.000000
     10          1           0        0.537693   -5.300368   -0.000000
     11          1           0       -0.000000   -3.221262   -0.000000
     12          1           0       -0.537693   -1.142157   -0.000000
 ---------------------------------------------------------------------
 Rotational constants (GHZ):    327.6404772      4.7967446      4.7275323
 General basis read from cards:  (5D, 7F)
 There are     6 symmetry adapted cartesian basis functions of AG  symmetry.
 There are     0 symmetry adapted cartesian basis functions of BG  symmetry.
 There are     0 symmetry adapted cartesian basis functions of AU  symmetry.
 There are     6 symmetry adapted cartesian basis functions of BU  symmetry.
 There are     6 symmetry adapted basis functions of AG  symmetry.
 There are     0 symmetry adapted basis functions of BG  symmetry.
 There are     0 symmetry adapted basis functions of AU  symmetry.
 There are     6 symmetry adapted basis functions of BU  symmetry.
    12 basis functions,   120 primitive gaussians,    12 cartesian basis functions
     6 alpha electrons        6 beta electrons
       nuclear repulsion energy        16.1985231120 Hartrees.
 NAtoms=   12 NActive=   12 NUniq=    6 SFac= 4.00D+00 NAtFMM=   60 NAOKFM=F Big=F
 Integral buffers will be    131072 words long.
 Regular integral format.
 Two-electron integral symmetry is turned on.
 One-electron integrals computed using PRISM.
 NBasis=    12 RedAO= T EigKep=  4.56D-02  NBF=     6     0     0     6
 NBsUse=    12 1.00D-06 EigRej= -1.00D+00 NBFU=     6     0     0     6
 Initial guess from the checkpoint file:  "h12.chk"
 B after Tr=     0.000000    0.000000   -0.000000
         Rot=    0.999999    0.000000    0.000000   -0.001518 Ang=  -0.17 deg.
 Initial guess orbital symmetries:
       Occupied  (AG) (BU) (AG) (BU) (BU) (BU)
       Virtual   (AG) (AG) (BU) (AG) (AG) (BU)
 Keep R1 ints in memory in symmetry-blocked form, NReq=894250.
 Requested convergence on RMS density matrix=1.00D-08 within 128 cycles.
 Requested convergence on MAX density matrix=1.00D-06.
 Requested convergence on             energy=1.00D-06.
 No special actions if energy rises.
 SCF Done:  E(RHF) =  -5.01701170460     A.U. after    6 cycles
            NFock=  6  Conv=0.43D-08     -V/T= 1.7810
 Range of M.O.s used for correlation:     1    12
 NBasis=    12 NAE=     6 NBE=     6 NFC=     0 NFV=     0
 NROrb=     12 NOA=     6 NOB=     6 NVA=     6 NVB=     6

 **** Warning!!: The smallest alpha delta epsilon is  0.49664451D-01

 Semi-Direct transformation.
 ModeAB=           4 MOrb=             6 LenV=     134094419
 LASXX=         2181 LTotXX=        2181 LenRXX=        5115
 LTotAB=        2934 MaxLAS=        3024 LenRXY=           0
 NonZer=        7296 LenScr=      655360 LnRSAI=        3024
 LnScr1=      655360 LExtra=           0 Total=      1318859
 MaxDsk=          -1 SrtSym=           T ITran=            3
 JobTyp=0 Pass  1:  I=   1 to   6.
 (rs|ai) integrals will be sorted in core.
 Spin components of T(2) and E(2):
     alpha-alpha T2 =       0.4759650103D-02 E2=     -0.4052657709D-02
     alpha-beta  T2 =       0.8624508240D+01 E2=     -0.9252756135D+00
     beta-beta   T2 =       0.4759650103D-02 E2=     -0.4052657709D-02
 ANorm=    0.3103872990D+01
 E2 =    -0.9333809289D+00 EUMP2 =    -0.59503926334962D+01
 Second order stability test of a single determinant RHF wave function:
 Stabil:  MDV=134217728
 ***********************************************************************
 Matrix         Lowest Root    Major Pairs
 ***********************************************************************
 Internal RHF    -0.0102505    5A=7A
 RRHF --> CRHF   -0.0103251    5A=7A
 RRHF --> RUHF   -0.5812521    6A=7B
 Not stable.
 ***********************************************************************

 **********************************************************************

            Population analysis using the SCF density.

 **********************************************************************

 Orbital symmetries:
       Occupied  (AG) (BU) (AG) (BU) (BU) (BU)
       Virtual   (AG) (AG) (BU) (AG) (AG) (BU)
 The electronic state is 1-AG.
 Alpha  occ. eigenvalues --   -0.91187  -0.87470  -0.70307  -0.70182  -0.24890
 Alpha  occ. eigenvalues --   -0.20355
 Alpha virt. eigenvalues --   -0.15388   0.05141   0.57263   0.57742   1.22685
 Alpha virt. eigenvalues --    1.37225
          Condensed to atoms (all electrons):
               1          2          3          4          5          6
     1  H    1.070353   0.003266   0.187797   0.205785   0.000048  -0.018433
     2  H    0.003266   0.579651   0.000692  -0.023714  -0.019620   0.484453
     3  H    0.187797   0.000692   1.127695  -0.014254  -0.000001  -0.000458
     4  H    0.205785  -0.023714  -0.014254   1.151002   0.000218  -0.023564
     5  H    0.000048  -0.019620  -0.000001   0.000218   1.038776  -0.019511
     6  H   -0.018433   0.484453  -0.000458  -0.023564  -0.019511   0.575245
     7  H   -0.567099  -0.019642  -0.170915   0.214754   0.000062   0.002558
     8  H   -0.007640   0.000172   0.214754  -0.026326  -0.000005   0.000182
     9  H    0.000588  -0.000002   0.002558   0.000182   0.000001  -0.000003
    10  H   -0.000001   0.000001   0.000062  -0.000005  -0.000000   0.000001
    11  H   -0.000417  -0.000003  -0.019642   0.000172   0.000001  -0.000002
    12  H   -0.117900  -0.000417  -0.567099  -0.007640  -0.000001   0.000588
               7          8          9         10         11         12
     1  H   -0.567099  -0.007640   0.000588  -0.000001  -0.000417  -0.117900
     2  H   -0.019642   0.000172  -0.000002   0.000001  -0.000003  -0.000417
     3  H   -0.170915   0.214754   0.002558   0.000062  -0.019642  -0.567099
     4  H    0.214754  -0.026326   0.000182  -0.000005   0.000172  -0.007640
     5  H    0.000062  -0.000005   0.000001  -0.000000   0.000001  -0.000001
     6  H    0.002558   0.000182  -0.000003   0.000001  -0.000002   0.000588
     7  H    1.127695  -0.014254  -0.000458  -0.000001   0.000692   0.187797
     8  H   -0.014254   1.151002  -0.023564   0.000218  -0.023714   0.205785
     9  H   -0.000458  -0.023564   0.575245  -0.019511   0.484453  -0.018433
    10  H   -0.000001   0.000218  -0.019511   1.038776  -0.019620   0.000048
    11  H    0.000692  -0.023714   0.484453  -0.019620   0.579651   0.003266
    12  H    0.187797   0.205785  -0.018433   0.000048   0.003266   1.070353
 Mulliken charges:
               1
     1  H    0.243654
     2  H   -0.004836
     3  H    0.238813
     4  H   -0.476610
     5  H    0.000033
     6  H   -0.001055
     7  H    0.238813
     8  H   -0.476610
     9  H   -0.001055
    10  H    0.000033
    11  H   -0.004836
    12  H    0.243654
 Sum of Mulliken charges =   0.00000
 Mulliken charges with hydrogens summed into heavy atoms:
               1
 Electronic spatial extent (au):  <R**2>=            415.8373
 Charge=              0.0000 electrons
 Dipole moment (field-independent basis, Debye):
    X=             -0.0000    Y=              0.0000    Z=              0.0000  Tot=              0.0000
 Quadrupole moment (field-independent basis, Debye-Ang):
   XX=            -16.5157   YY=            -17.8023   ZZ=            -15.5155
   XY=              0.4277   XZ=             -0.0000   YZ=             -0.0000
 Traceless Quadrupole moment (field-independent basis, Debye-Ang):
   XX=              0.0955   YY=             -1.1911   ZZ=              1.0957
   XY=              0.4277   XZ=             -0.0000   YZ=             -0.0000
 Octapole moment (field-independent basis, Debye-Ang**2):
  XXX=              0.0000  YYY=             -0.0000  ZZZ=              0.0000  XYY=              0.0000
  XXY=             -0.0000  XXZ=              0.0000  XZZ=              0.0000  YZZ=              0.0000
  YYZ=              0.0000  XYZ=             -0.0000
 Hexadecapole moment (field-independent basis, Debye-Ang**3):
 XXXX=            -40.4589 YYYY=           -966.2714 ZZZZ=            -18.8847 XXXY=             35.0339
 XXXZ=              0.0000 YYYX=             49.9147 YYYZ=             -0.0000 ZZZX=              0.0000
 ZZZY=             -0.0000 XXYY=           -145.7699 XXZZ=             -9.8548 YYZZ=           -144.9192
 XXYZ=             -0.0000 YYXZ=              0.0000 ZZXY=             12.0410
 N-N= 1.619852311201D+01 E-N=-4.156736092290D+01  KE= 6.424106796064D+00
 Symmetry AG   KE= 1.659004598521D+00
 Symmetry BG   KE= 0.000000000000D+00
 Symmetry AU   KE= 0.000000000000D+00
 Symmetry BU   KE= 4.765102197543D+00

 Test job not archived.
 1\1\GINC-SULU\Stability\RHF\Gen\H12\LCJ1\17-Feb-2017\0\\#rhf/gen scf(s
 ymm,tight,novaracc,noincfock,fulldiag) stable(crhf) guess=read geom=no
 crowd test\\hf stability analysis of h12 triangular lattice, y= 0.2710
 1334500631991\\0,1\H\H,1,2.1475083304\H,1,2.1475083304,2,165.5\H,2,2.1
 475083304,1,14.5,3,0.,0\H,2,2.1475083304,1,180.,3,0.,0\H,4,2.147508330
 4,3,180.,5,0.,0\H,6,2.1475083304,5,180.,3,0.,0\H,4,2.1475083304,2,180.
 ,3,0.,0\H,3,2.1475083304,1,180.,4,0.,0\H,9,2.1475083304,3,180.,4,0.,0\
 H,8,2.1475083304,4,180.,3,0.,0\H,7,2.1475083304,6,180.,3,0.,0\\Version
 =ES64L-G09RevE.01\State=1-AG\HF=-5.0170117\MP2=-5.9503926\RMSD=4.345e-
 09\Dipole=0.,0.,0.\Quadrupole=0.1651647,0.8146002,-0.9797649,0.,-0.046
 2327,0.\PG=C02H [SGH(H12)]\\@


 MISERY NO LONGER LOVES COMPANY.  NOWADAYS IT INSISTS ON IT.

                                              -- BAKER'S LAW
 Job cpu time:       0 days  0 hours  0 minutes  0.9 seconds.
 File lengths (MBytes):  RWF=     84 Int=      0 D2E=      0 Chk=      2 Scr=      2
 Normal termination of Gaussian 09 at Fri Feb 17 14:53:01 2017.
