 Entering Gaussian System, Link 0=g09
 AtFile(1): H.gbs
            H     0
            S   10   1.00
               1000.000000000000            0.000068713567
                316.227766000000            0.000169141320
                100.000000000000            0.000823394812
                 31.622776600000            0.003425569236
                 10.000000000000            0.013951996000
                  3.162277660000            0.056909313560
                  1.000000000000            0.198286399900
                  0.316227766000            0.496922426700
                  0.100000000000            0.369846276400
                  0.031622776600            0.003752720039
            ****
 Initial command:
 /projects/guscus/apps/gau/g09-e1/g09/l1.exe "/users/lcj1/gaussian/h12/rhfstability/rect/guess/ag2bu4/Gau-25461.inp" -scrdir="/users/lcj1/gaussian/h12/rhfstability/rect/guess/ag2bu4/"
 Entering Link 1 = /projects/guscus/apps/gau/g09-e1/g09/l1.exe PID=     25464.
  
 Copyright (c) 1988,1990,1992,1993,1995,1998,2003,2009,2015,
            Gaussian, Inc.  All Rights Reserved.
  
 This is part of the Gaussian(R) 09 program.  It is based on
 the Gaussian(R) 03 system (copyright 2003, Gaussian, Inc.),
 the Gaussian(R) 98 system (copyright 1998, Gaussian, Inc.),
 the Gaussian(R) 94 system (copyright 1995, Gaussian, Inc.),
 the Gaussian 92(TM) system (copyright 1992, Gaussian, Inc.),
 the Gaussian 90(TM) system (copyright 1990, Gaussian, Inc.),
 the Gaussian 88(TM) system (copyright 1988, Gaussian, Inc.),
 the Gaussian 86(TM) system (copyright 1986, Carnegie Mellon
 University), and the Gaussian 82(TM) system (copyright 1983,
 Carnegie Mellon University). Gaussian is a federally registered
 trademark of Gaussian, Inc.
  
 This software contains proprietary and confidential information,
 including trade secrets, belonging to Gaussian, Inc.
  
 This software is provided under written license and may be
 used, copied, transmitted, or stored only in accord with that
 written license.
  
 The following legend is applicable only to US Government
 contracts under FAR:
  
                    RESTRICTED RIGHTS LEGEND
  
 Use, reproduction and disclosure by the US Government is
 subject to restrictions as set forth in subparagraphs (a)
 and (c) of the Commercial Computer Software - Restricted
 Rights clause in FAR 52.227-19.
  
 Gaussian, Inc.
 340 Quinnipiac St., Bldg. 40, Wallingford CT 06492
  
  
 ---------------------------------------------------------------
 Warning -- This program may not be used in any manner that
 competes with the business of Gaussian, Inc. or will provide
 assistance to any competitor of Gaussian, Inc.  The licensee
 of this program is prohibited from giving any competitor of
 Gaussian, Inc. access to this program.  By using this program,
 the user acknowledges that Gaussian, Inc. is engaged in the
 business of creating and licensing software in the field of
 computational chemistry and represents and warrants to the
 licensee that it is not a competitor of Gaussian, Inc. and that
 it will not use this program in any manner prohibited above.
 ---------------------------------------------------------------
  

 Cite this work as:
 Gaussian 09, Revision E.01,
 M. J. Frisch, G. W. Trucks, H. B. Schlegel, G. E. Scuseria, 
 M. A. Robb, J. R. Cheeseman, G. Scalmani, V. Barone, B. Mennucci, 
 G. A. Petersson, H. Nakatsuji, M. Caricato, X. Li, H. P. Hratchian, 
 A. F. Izmaylov, J. Bloino, G. Zheng, J. L. Sonnenberg, M. Hada, 
 M. Ehara, K. Toyota, R. Fukuda, J. Hasegawa, M. Ishida, T. Nakajima, 
 Y. Honda, O. Kitao, H. Nakai, T. Vreven, J. A. Montgomery, Jr., 
 J. E. Peralta, F. Ogliaro, M. Bearpark, J. J. Heyd, E. Brothers, 
 K. N. Kudin, V. N. Staroverov, T. Keith, R. Kobayashi, J. Normand, 
 K. Raghavachari, A. Rendell, J. C. Burant, S. S. Iyengar, J. Tomasi, 
 M. Cossi, N. Rega, J. M. Millam, M. Klene, J. E. Knox, J. B. Cross, 
 V. Bakken, C. Adamo, J. Jaramillo, R. Gomperts, R. E. Stratmann, 
 O. Yazyev, A. J. Austin, R. Cammi, C. Pomelli, J. W. Ochterski, 
 R. L. Martin, K. Morokuma, V. G. Zakrzewski, G. A. Voth, 
 P. Salvador, J. J. Dannenberg, S. Dapprich, A. D. Daniels, 
 O. Farkas, J. B. Foresman, J. V. Ortiz, J. Cioslowski, 
 and D. J. Fox, Gaussian, Inc., Wallingford CT, 2013.
 
 ******************************************
 Gaussian 09:  ES64L-G09RevE.01 30-Nov-2015
                17-Feb-2017 
 ******************************************
 %chk=h12.chk
 ----------------------------------------------------------------------
 #rhf/gen scf(symm,tight,novaracc,noincfock,fulldiag) stable(crhf) gues
 s=read geom=nocrowd test
 ----------------------------------------------------------------------
 1/38=1/1;
 2/12=1,17=6,18=5,40=1/2;
 3/5=7,16=1,25=1,30=1,116=1/1,2,3;
 4/5=1,9=4/1;
 5/5=100002,15=2,16=1,32=2,38=6/2;
 8/6=1,10=90,11=11/1,4;
 9/8=4,13=1/2;
 6/7=2,8=2,9=2,10=2,28=1/1;
 99/5=1,9=1/99;
 ----------------------------------------------------------------------
 hf stability analysis of h12 triangular lattice, y= 0.7532333993657272
 0
 ----------------------------------------------------------------------
 Symbolic Z-matrix:
 Charge =  0 Multiplicity = 1
 H
 H                    1     1.07465 
 H                    1     1.07465  2     91. 
 H                    2     1.07465  1     89.      3     0.       0
 H                    2     1.07465  1     180.     3     0.       0
 H                    4     1.07465  3     180.     5     0.       0
 H                    6     1.07465  5     180.     3     0.       0
 H                    4     1.07465  2     180.     3     0.       0
 H                    3     1.07465  1     180.     4     0.       0
 H                    9     1.07465  3     180.     4     0.       0
 H                    8     1.07465  4     180.     3     0.       0
 H                    7     1.07465  6     180.     3     0.       0
 
                          Input orientation:                          
 ---------------------------------------------------------------------
 Center     Atomic      Atomic             Coordinates (Angstroms)
 Number     Number       Type             X           Y           Z
 ---------------------------------------------------------------------
      1          1           0        0.000000    0.000000    0.000000
      2          1           0        0.000000    0.000000    1.074652
      3          1           0        1.074488    0.000000   -0.018755
      4          1           0        1.074488    0.000000    1.055897
      5          1           0        0.000000    0.000000    2.149304
      6          1           0        1.074488    0.000000    2.130548
      7          1           0        2.148976    0.000000    2.111793
      8          1           0        2.148976    0.000000    1.037141
      9          1           0        2.148976    0.000000   -0.037511
     10          1           0        3.223464    0.000000   -0.056266
     11          1           0        3.223464    0.000000    1.018386
     12          1           0        3.223464    0.000000    2.093038
 ---------------------------------------------------------------------
                    Distance matrix (angstroms):
                    1          2          3          4          5
     1  H    0.000000
     2  H    1.074652   0.000000
     3  H    1.074652   1.532992   0.000000
     4  H    1.506467   1.074652   1.074652   0.000000
     5  H    2.149304   1.074652   2.419711   1.532992   0.000000
     6  H    2.386160   1.506467   2.149304   1.074652   1.074652
     7  H    3.012934   2.386160   2.386160   1.506467   2.149304
     8  H    2.386160   2.149304   1.506467   1.074652   2.419711
     9  H    2.149304   2.419711   1.074652   1.532992   3.065983
    10  H    3.223955   3.416094   2.149304   2.419711   3.905798
    11  H    3.380508   3.223955   2.386160   2.149304   3.416094
    12  H    3.843375   3.380508   3.012934   2.386160   3.223955
                    6          7          8          9         10
     6  H    0.000000
     7  H    1.074652   0.000000
     8  H    1.532992   1.074652   0.000000
     9  H    2.419711   2.149304   1.074652   0.000000
    10  H    3.065983   2.419711   1.532992   1.074652   0.000000
    11  H    2.419711   1.532992   1.074652   1.506467   1.074652
    12  H    2.149304   1.074652   1.506467   2.386160   2.149304
                   11         12
    11  H    0.000000
    12  H    1.074652   0.000000
 Stoichiometry    H12
 Framework group  C2H[SGH(H12)]
 Deg. of freedom    11
 Full point group                 C2H     NOp   4
 Largest Abelian subgroup         C2H     NOp   4
 Largest concise Abelian subgroup C2      NOp   2
                         Standard orientation:                         
 ---------------------------------------------------------------------
 Center     Atomic      Atomic             Coordinates (Angstroms)
 Number     Number       Type             X           Y           Z
 ---------------------------------------------------------------------
      1          1           0        1.074488    1.593222   -0.000000
      2          1           0        0.000000    1.611978   -0.000000
      3          1           0        1.074488    0.518571    0.000000
      4          1           0        0.000000    0.537326   -0.000000
      5          1           0       -1.074488    1.630733   -0.000000
      6          1           0       -1.074488    0.556081   -0.000000
      7          1           0       -1.074488   -0.518571   -0.000000
      8          1           0       -0.000000   -0.537326    0.000000
      9          1           0        1.074488   -0.556081    0.000000
     10          1           0        1.074488   -1.630733    0.000000
     11          1           0       -0.000000   -1.611978    0.000000
     12          1           0       -1.074488   -1.593222    0.000000
 ---------------------------------------------------------------------
 Rotational constants (GHZ):     54.3112610     28.9370488     18.8785528
 General basis read from cards:  (5D, 7F)
 There are     6 symmetry adapted cartesian basis functions of AG  symmetry.
 There are     0 symmetry adapted cartesian basis functions of BG  symmetry.
 There are     0 symmetry adapted cartesian basis functions of AU  symmetry.
 There are     6 symmetry adapted cartesian basis functions of BU  symmetry.
 There are     6 symmetry adapted basis functions of AG  symmetry.
 There are     0 symmetry adapted basis functions of BG  symmetry.
 There are     0 symmetry adapted basis functions of AU  symmetry.
 There are     6 symmetry adapted basis functions of BU  symmetry.
    12 basis functions,   120 primitive gaussians,    12 cartesian basis functions
     6 alpha electrons        6 beta electrons
       nuclear repulsion energy        20.1801462317 Hartrees.
 NAtoms=   12 NActive=   12 NUniq=    6 SFac= 4.00D+00 NAtFMM=   60 NAOKFM=F Big=F
 Integral buffers will be    131072 words long.
 Regular integral format.
 Two-electron integral symmetry is turned on.
 One-electron integrals computed using PRISM.
 NBasis=    12 RedAO= T EigKep=  1.07D-01  NBF=     6     0     0     6
 NBsUse=    12 1.00D-06 EigRej= -1.00D+00 NBFU=     6     0     0     6
 Initial guess from the checkpoint file:  "h12.chk"
 B after Tr=     0.000000    0.000000   -0.000000
         Rot=    0.999999   -0.000000   -0.000000   -0.001518 Ang=  -0.17 deg.
 Initial guess orbital symmetries:
       Occupied  (AG) (BU) (BU) (AG) (BU) (BU)
       Virtual   (AG) (AG) (BU) (AG) (AG) (BU)
 Keep R1 ints in memory in symmetry-blocked form, NReq=903574.
 Requested convergence on RMS density matrix=1.00D-08 within 128 cycles.
 Requested convergence on MAX density matrix=1.00D-06.
 Requested convergence on             energy=1.00D-06.
 No special actions if energy rises.
 SCF Done:  E(RHF) =  -5.02333133416     A.U. after   11 cycles
            NFock= 11  Conv=0.11D-08     -V/T= 1.6591
 Range of M.O.s used for correlation:     1    12
 NBasis=    12 NAE=     6 NBE=     6 NFC=     0 NFV=     0
 NROrb=     12 NOA=     6 NOB=     6 NVA=     6 NVB=     6

 **** Warning!!: The smallest alpha delta epsilon is -0.86966412D-01

 Semi-Direct transformation.
 ModeAB=           4 MOrb=             6 LenV=     134084213
 LASXX=         2181 LTotXX=        2181 LenRXX=        5115
 LTotAB=        2934 MaxLAS=        3024 LenRXY=           0
 NonZer=        7296 LenScr=      655360 LnRSAI=        3024
 LnScr1=      655360 LExtra=           0 Total=      1318859
 MaxDsk=          -1 SrtSym=           T ITran=            3
 JobTyp=0 Pass  1:  I=   1 to   6.
 (rs|ai) integrals will be sorted in core.
 Spin components of T(2) and E(2):
     alpha-alpha T2 =       0.1431373226D-01 E2=     -0.1652056101D-01
     alpha-beta  T2 =       0.6810968534D+00 E2=     -0.1111203401D+00
     beta-beta   T2 =       0.1431373226D-01 E2=     -0.1652056101D-01
 ANorm=    0.1307564269D+01
 E2 =    -0.1441614621D+00 EUMP2 =    -0.51674927962964D+01
 Second order stability test of a single determinant RHF wave function:
 Stabil:  MDV=134217728
 ***********************************************************************
 Matrix         Lowest Root    Major Pairs
 ***********************************************************************
 Internal RHF    -0.3164657    6A=7A
 RRHF --> CRHF   -0.355558     6A=7A
 RRHF --> RUHF   -0.5178123    5A=7B 6A=7B 6A=8B 4A=9B 3A=7B 5A=10B
 Not stable.
 ***********************************************************************

 **********************************************************************

            Population analysis using the SCF density.

 **********************************************************************

 Orbital symmetries:
       Occupied  (AG) (BU) (BU) (AG) (BU) (BU)
       Virtual   (AG) (AG) (BU) (AG) (AG) (BU)
 The electronic state is 1-AG.
 Alpha  occ. eigenvalues --   -0.90366  -0.72282  -0.60800  -0.49419  -0.14865
 Alpha  occ. eigenvalues --   -0.13454
 Alpha virt. eigenvalues --   -0.22151   0.06417   0.28581   0.46340   0.58549
 Alpha virt. eigenvalues --    1.00944
          Condensed to atoms (all electrons):
               1          2          3          4          5          6
     1  H    1.322956   0.366509  -0.460887  -0.243169  -0.067593  -0.001970
     2  H    0.366509   0.881773  -0.158169  -0.370326   0.369541  -0.148296
     3  H   -0.460887  -0.158169   1.200773   0.605394   0.000454   0.003057
     4  H   -0.243169  -0.370326   0.605394   1.878633  -0.243937   0.598194
     5  H   -0.067593   0.369541   0.000454  -0.243937   1.353454  -0.438097
     6  H   -0.001970  -0.148296   0.003057   0.598194  -0.438097   1.118537
     7  H    0.032732   0.011770  -0.122248  -0.247751  -0.049015   0.151423
     8  H    0.050524   0.049960  -0.247751  -0.782764   0.047422  -0.247820
     9  H   -0.035460   0.012887   0.151423  -0.247820   0.028869  -0.112855
    10  H    0.033003  -0.001022  -0.049015   0.047422  -0.014121   0.028869
    11  H   -0.002376   0.000254   0.011770   0.049960  -0.001022   0.012887
    12  H   -0.016092  -0.002376   0.032732   0.050524   0.033003  -0.035460
               7          8          9         10         11         12
     1  H    0.032732   0.050524  -0.035460   0.033003  -0.002376  -0.016092
     2  H    0.011770   0.049960   0.012887  -0.001022   0.000254  -0.002376
     3  H   -0.122248  -0.247751   0.151423  -0.049015   0.011770   0.032732
     4  H   -0.247751  -0.782764  -0.247820   0.047422   0.049960   0.050524
     5  H   -0.049015   0.047422   0.028869  -0.014121  -0.001022   0.033003
     6  H    0.151423  -0.247820  -0.112855   0.028869   0.012887  -0.035460
     7  H    1.200773   0.605394   0.003057   0.000454  -0.158169  -0.460887
     8  H    0.605394   1.878633   0.598194  -0.243937  -0.370326  -0.243169
     9  H    0.003057   0.598194   1.118537  -0.438097  -0.148296  -0.001970
    10  H    0.000454  -0.243937  -0.438097   1.353454   0.369541  -0.067593
    11  H   -0.158169  -0.370326  -0.148296   0.369541   0.881773   0.366509
    12  H   -0.460887  -0.243169  -0.001970  -0.067593   0.366509   1.322956
 Mulliken charges:
               1
     1  H    0.021823
     2  H   -0.012505
     3  H    0.032468
     4  H   -0.094359
     5  H   -0.018958
     6  H    0.071531
     7  H    0.032468
     8  H   -0.094359
     9  H    0.071531
    10  H   -0.018958
    11  H   -0.012505
    12  H    0.021823
 Sum of Mulliken charges =  -0.00000
 Mulliken charges with hydrogens summed into heavy atoms:
               1
 Electronic spatial extent (au):  <R**2>=            132.7597
 Charge=             -0.0000 electrons
 Dipole moment (field-independent basis, Debye):
    X=              0.0000    Y=              0.0000    Z=             -0.0000  Tot=              0.0000
 Quadrupole moment (field-independent basis, Debye-Ang):
   XX=            -12.2645   YY=            -24.2960   ZZ=            -14.4223
   XY=              0.4487   XZ=              0.0000   YZ=              0.0000
 Traceless Quadrupole moment (field-independent basis, Debye-Ang):
   XX=              4.7297   YY=             -7.3018   ZZ=              2.5720
   XY=              0.4487   XZ=              0.0000   YZ=              0.0000
 Octapole moment (field-independent basis, Debye-Ang**2):
  XXX=              0.0000  YYY=              0.0000  ZZZ=             -0.0000  XYY=              0.0000
  XXY=             -0.0000  XXZ=             -0.0000  XZZ=             -0.0000  YZZ=             -0.0000
  YYZ=             -0.0000  XYZ=              0.0000
 Hexadecapole moment (field-independent basis, Debye-Ang**3):
 XXXX=            -76.4870 YYYY=           -226.1513 ZZZZ=            -16.6599 XXXY=              1.4131
 XXXZ=             -0.0000 YYYX=              3.1002 YYYZ=              0.0000 ZZZX=             -0.0000
 ZZZY=              0.0000 XXYY=            -45.2564 XXZZ=            -16.3893 YYZZ=            -30.7202
 XXYZ=              0.0000 YYXZ=             -0.0000 ZZXY=              0.3347
 N-N= 2.018014623174D+01 E-N=-5.200441708585D+01  KE= 7.621166141089D+00
 Symmetry AG   KE= 1.705179497473D+00
 Symmetry BG   KE= 0.000000000000D+00
 Symmetry AU   KE= 0.000000000000D+00
 Symmetry BU   KE= 5.915986643616D+00

 Test job not archived.
 1\1\GINC-SULU\Stability\RHF\Gen\H12\LCJ1\17-Feb-2017\0\\#rhf/gen scf(s
 ymm,tight,novaracc,noincfock,fulldiag) stable(crhf) guess=read geom=no
 crowd test\\hf stability analysis of h12 triangular lattice, y= 0.7532
 3339936572720\\0,1\H\H,1,1.0746517719\H,1,1.0746517719,2,91.\H,2,1.074
 6517719,1,89.,3,0.,0\H,2,1.0746517719,1,180.,3,0.,0\H,4,1.0746517719,3
 ,180.,5,0.,0\H,6,1.0746517719,5,180.,3,0.,0\H,4,1.0746517719,2,180.,3,
 0.,0\H,3,1.0746517719,1,180.,4,0.,0\H,9,1.0746517719,3,180.,4,0.,0\H,8
 ,1.0746517719,4,180.,3,0.,0\H,7,1.0746517719,6,180.,3,0.,0\\Version=ES
 64L-G09RevE.01\State=1-AG\HF=-5.0233313\MP2=-5.1674928\RMSD=1.130e-09\
 Dipole=0.,0.,0.\Quadrupole=-5.41431,1.9122341,3.5020759,0.,0.4895022,0
 .\PG=C02H [SGH(H12)]\\@


 THERE'S SMALL CHOICE IN A BOWL OF ROTTEN APPLES.
                     SHAKESPEARE
 Job cpu time:       0 days  0 hours  0 minutes  1.1 seconds.
 File lengths (MBytes):  RWF=     84 Int=      0 D2E=      0 Chk=      2 Scr=      2
 Normal termination of Gaussian 09 at Fri Feb 17 15:00:32 2017.
