 Entering Gaussian System, Link 0=g09
 AtFile(1): H.gbs
            H     0
            S   10   1.00
               1000.000000000000            0.000068713567
                316.227766000000            0.000169141320
                100.000000000000            0.000823394812
                 31.622776600000            0.003425569236
                 10.000000000000            0.013951996000
                  3.162277660000            0.056909313560
                  1.000000000000            0.198286399900
                  0.316227766000            0.496922426700
                  0.100000000000            0.369846276400
                  0.031622776600            0.003752720039
            ****
 Initial command:
 /projects/guscus/apps/gau/g09-e1/g09/l1.exe "/users/lcj1/gaussian/h12/rhfstability/rect/guess/ag2bu4/Gau-5999.inp" -scrdir="/users/lcj1/gaussian/h12/rhfstability/rect/guess/ag2bu4/"
 Entering Link 1 = /projects/guscus/apps/gau/g09-e1/g09/l1.exe PID=      6000.
  
 Copyright (c) 1988,1990,1992,1993,1995,1998,2003,2009,2015,
            Gaussian, Inc.  All Rights Reserved.
  
 This is part of the Gaussian(R) 09 program.  It is based on
 the Gaussian(R) 03 system (copyright 2003, Gaussian, Inc.),
 the Gaussian(R) 98 system (copyright 1998, Gaussian, Inc.),
 the Gaussian(R) 94 system (copyright 1995, Gaussian, Inc.),
 the Gaussian 92(TM) system (copyright 1992, Gaussian, Inc.),
 the Gaussian 90(TM) system (copyright 1990, Gaussian, Inc.),
 the Gaussian 88(TM) system (copyright 1988, Gaussian, Inc.),
 the Gaussian 86(TM) system (copyright 1986, Carnegie Mellon
 University), and the Gaussian 82(TM) system (copyright 1983,
 Carnegie Mellon University). Gaussian is a federally registered
 trademark of Gaussian, Inc.
  
 This software contains proprietary and confidential information,
 including trade secrets, belonging to Gaussian, Inc.
  
 This software is provided under written license and may be
 used, copied, transmitted, or stored only in accord with that
 written license.
  
 The following legend is applicable only to US Government
 contracts under FAR:
  
                    RESTRICTED RIGHTS LEGEND
  
 Use, reproduction and disclosure by the US Government is
 subject to restrictions as set forth in subparagraphs (a)
 and (c) of the Commercial Computer Software - Restricted
 Rights clause in FAR 52.227-19.
  
 Gaussian, Inc.
 340 Quinnipiac St., Bldg. 40, Wallingford CT 06492
  
  
 ---------------------------------------------------------------
 Warning -- This program may not be used in any manner that
 competes with the business of Gaussian, Inc. or will provide
 assistance to any competitor of Gaussian, Inc.  The licensee
 of this program is prohibited from giving any competitor of
 Gaussian, Inc. access to this program.  By using this program,
 the user acknowledges that Gaussian, Inc. is engaged in the
 business of creating and licensing software in the field of
 computational chemistry and represents and warrants to the
 licensee that it is not a competitor of Gaussian, Inc. and that
 it will not use this program in any manner prohibited above.
 ---------------------------------------------------------------
  

 Cite this work as:
 Gaussian 09, Revision E.01,
 M. J. Frisch, G. W. Trucks, H. B. Schlegel, G. E. Scuseria, 
 M. A. Robb, J. R. Cheeseman, G. Scalmani, V. Barone, B. Mennucci, 
 G. A. Petersson, H. Nakatsuji, M. Caricato, X. Li, H. P. Hratchian, 
 A. F. Izmaylov, J. Bloino, G. Zheng, J. L. Sonnenberg, M. Hada, 
 M. Ehara, K. Toyota, R. Fukuda, J. Hasegawa, M. Ishida, T. Nakajima, 
 Y. Honda, O. Kitao, H. Nakai, T. Vreven, J. A. Montgomery, Jr., 
 J. E. Peralta, F. Ogliaro, M. Bearpark, J. J. Heyd, E. Brothers, 
 K. N. Kudin, V. N. Staroverov, T. Keith, R. Kobayashi, J. Normand, 
 K. Raghavachari, A. Rendell, J. C. Burant, S. S. Iyengar, J. Tomasi, 
 M. Cossi, N. Rega, J. M. Millam, M. Klene, J. E. Knox, J. B. Cross, 
 V. Bakken, C. Adamo, J. Jaramillo, R. Gomperts, R. E. Stratmann, 
 O. Yazyev, A. J. Austin, R. Cammi, C. Pomelli, J. W. Ochterski, 
 R. L. Martin, K. Morokuma, V. G. Zakrzewski, G. A. Voth, 
 P. Salvador, J. J. Dannenberg, S. Dapprich, A. D. Daniels, 
 O. Farkas, J. B. Foresman, J. V. Ortiz, J. Cioslowski, 
 and D. J. Fox, Gaussian, Inc., Wallingford CT, 2013.
 
 ******************************************
 Gaussian 09:  ES64L-G09RevE.01 30-Nov-2015
                17-Feb-2017 
 ******************************************
 %chk=h12.chk
 ----------------------------------------------------------------------
 #rhf/gen scf(symm,tight,novaracc,noincfock,fulldiag) stable(crhf) gues
 s=read geom=nocrowd test
 ----------------------------------------------------------------------
 1/38=1/1;
 2/12=1,17=6,18=5,40=1/2;
 3/5=7,16=1,25=1,30=1,116=1/1,2,3;
 4/5=1,9=4/1;
 5/5=100002,15=2,16=1,32=2,38=6/2;
 8/6=1,10=90,11=11/1,4;
 9/8=4,13=1/2;
 6/7=2,8=2,9=2,10=2,28=1/1;
 99/5=1,9=1/99;
 ----------------------------------------------------------------------
 hf stability analysis of h12 triangular lattice, y= 1.2948927059181552
 ----------------------------------------------------------------------
 Symbolic Z-matrix:
 Charge =  0 Multiplicity = 1
 H
 H                    1     1.36951 
 H                    1     1.36951  2     38. 
 H                    2     1.36951  1     142.     3     0.       0
 H                    2     1.36951  1     180.     3     0.       0
 H                    4     1.36951  3     180.     5     0.       0
 H                    6     1.36951  5     180.     3     0.       0
 H                    4     1.36951  2     180.     3     0.       0
 H                    3     1.36951  1     180.     4     0.       0
 H                    9     1.36951  3     180.     4     0.       0
 H                    8     1.36951  4     180.     3     0.       0
 H                    7     1.36951  6     180.     3     0.       0
 
                          Input orientation:                          
 ---------------------------------------------------------------------
 Center     Atomic      Atomic             Coordinates (Angstroms)
 Number     Number       Type             X           Y           Z
 ---------------------------------------------------------------------
      1          1           0        0.000000    0.000000    0.000000
      2          1           0        0.000000    0.000000    1.369505
      3          1           0        0.843152    0.000000    1.079185
      4          1           0        0.843152    0.000000    2.448690
      5          1           0        0.000000    0.000000    2.739011
      6          1           0        0.843152    0.000000    3.818195
      7          1           0        1.686303    0.000000    4.897380
      8          1           0        1.686303    0.000000    3.527875
      9          1           0        1.686303    0.000000    2.158370
     10          1           0        2.529455    0.000000    3.237555
     11          1           0        2.529455    0.000000    4.607060
     12          1           0        2.529455    0.000000    5.976565
 ---------------------------------------------------------------------
                    Distance matrix (angstroms):
                    1          2          3          4          5
     1  H    0.000000
     2  H    1.369505   0.000000
     3  H    1.369505   0.891735   0.000000
     4  H    2.589785   1.369505   1.369505   0.000000
     5  H    2.739011   1.369505   1.861700   0.891735   0.000000
     6  H    3.910182   2.589785   2.739011   1.369505   1.369505
     7  H    5.179571   3.910182   3.910182   2.589785   2.739011
     8  H    3.910182   2.739011   2.589785   1.369505   1.861700
     9  H    2.739011   1.861700   1.369505   0.891735   1.783469
    10  H    4.108516   3.144479   2.739011   1.861700   2.578117
    11  H    5.255772   4.108516   3.910182   2.739011   3.144479
    12  H    6.489798   5.255772   5.179571   3.910182   4.108516
                    6          7          8          9         10
     6  H    0.000000
     7  H    1.369505   0.000000
     8  H    0.891735   1.369505   0.000000
     9  H    1.861700   2.739011   1.369505   0.000000
    10  H    1.783469   1.861700   0.891735   1.369505   0.000000
    11  H    1.861700   0.891735   1.369505   2.589785   1.369505
    12  H    2.739011   1.369505   2.589785   3.910182   2.739011
                   11         12
    11  H    0.000000
    12  H    1.369505   0.000000
 Stoichiometry    H12
 Framework group  C2H[SGH(H12)]
 Deg. of freedom    11
 Full point group                 C2H     NOp   4
 Largest Abelian subgroup         C2H     NOp   4
 Largest concise Abelian subgroup C2      NOp   2
                         Standard orientation:                         
 ---------------------------------------------------------------------
 Center     Atomic      Atomic             Coordinates (Angstroms)
 Number     Number       Type             X           Y           Z
 ---------------------------------------------------------------------
      1          1           0        0.843152    3.133443    0.000000
      2          1           0       -0.000000    2.054258    0.000000
      3          1           0        0.843152    1.763938    0.000000
      4          1           0       -0.000000    0.684753    0.000000
      5          1           0       -0.843152    0.975073   -0.000000
      6          1           0       -0.843152   -0.394432   -0.000000
      7          1           0       -0.843152   -1.763938   -0.000000
      8          1           0       -0.000000   -0.684753   -0.000000
      9          1           0        0.843152    0.394432    0.000000
     10          1           0        0.843152   -0.975073   -0.000000
     11          1           0       -0.000000   -2.054258   -0.000000
     12          1           0       -0.843152   -3.133443   -0.000000
 ---------------------------------------------------------------------
 Rotational constants (GHZ):    122.3521080     12.8449551     11.6245671
 General basis read from cards:  (5D, 7F)
 There are     6 symmetry adapted cartesian basis functions of AG  symmetry.
 There are     0 symmetry adapted cartesian basis functions of BG  symmetry.
 There are     0 symmetry adapted cartesian basis functions of AU  symmetry.
 There are     6 symmetry adapted cartesian basis functions of BU  symmetry.
 There are     6 symmetry adapted basis functions of AG  symmetry.
 There are     0 symmetry adapted basis functions of BG  symmetry.
 There are     0 symmetry adapted basis functions of AU  symmetry.
 There are     6 symmetry adapted basis functions of BU  symmetry.
    12 basis functions,   120 primitive gaussians,    12 cartesian basis functions
     6 alpha electrons        6 beta electrons
       nuclear repulsion energy        18.2332883945 Hartrees.
 NAtoms=   12 NActive=   12 NUniq=    6 SFac= 4.00D+00 NAtFMM=   60 NAOKFM=F Big=F
 Integral buffers will be    131072 words long.
 Regular integral format.
 Two-electron integral symmetry is turned on.
 One-electron integrals computed using PRISM.
 NBasis=    12 RedAO= T EigKep=  1.45D-01  NBF=     6     0     0     6
 NBsUse=    12 1.00D-06 EigRej= -1.00D+00 NBFU=     6     0     0     6
 Initial guess from the checkpoint file:  "h12.chk"
 B after Tr=     0.000000   -0.000000    0.000000
         Rot=    0.999999    0.000000    0.000000   -0.001518 Ang=  -0.17 deg.
 Initial guess orbital symmetries:
       Occupied  (AG) (BU) (AG) (BU) (BU) (BU)
       Virtual   (AG) (AG) (BU) (AG) (AG) (BU)
 Keep R1 ints in memory in symmetry-blocked form, NReq=900410.
 Requested convergence on RMS density matrix=1.00D-08 within 128 cycles.
 Requested convergence on MAX density matrix=1.00D-06.
 Requested convergence on             energy=1.00D-06.
 No special actions if energy rises.
 SCF Done:  E(RHF) =  -5.58228633265     A.U. after    8 cycles
            NFock=  8  Conv=0.28D-08     -V/T= 1.8238
 Range of M.O.s used for correlation:     1    12
 NBasis=    12 NAE=     6 NBE=     6 NFC=     0 NFV=     0
 NROrb=     12 NOA=     6 NOB=     6 NVA=     6 NVB=     6

 **** Warning!!: The smallest alpha delta epsilon is  0.18581469D-01

 Semi-Direct transformation.
 ModeAB=           4 MOrb=             6 LenV=     134088049
 LASXX=         2181 LTotXX=        2181 LenRXX=        5115
 LTotAB=        2934 MaxLAS=        3024 LenRXY=           0
 NonZer=        7296 LenScr=      655360 LnRSAI=        3024
 LnScr1=      655360 LExtra=           0 Total=      1318859
 MaxDsk=          -1 SrtSym=           T ITran=            3
 JobTyp=0 Pass  1:  I=   1 to   6.
 (rs|ai) integrals will be sorted in core.
 Spin components of T(2) and E(2):
     alpha-alpha T2 =       0.1027749131D-01 E2=     -0.8841625269D-02
     alpha-beta  T2 =       0.5779337096D+01 E2=     -0.6377370283D+00
     beta-beta   T2 =       0.1027749131D-01 E2=     -0.8841625269D-02
 ANorm=    0.2607660269D+01
 E2 =    -0.6554202789D+00 EUMP2 =    -0.62377066115151D+01
 Second order stability test of a single determinant RHF wave function:
 Stabil:  MDV=134217728
 ***********************************************************************
 Matrix         Lowest Root    Major Pairs
 ***********************************************************************
 Internal RHF    -0.1691671    6A=7A 6A=8A
 RRHF --> CRHF   -0.1892611    6A=7A
 RRHF --> RUHF   -0.5259281    6A=8B 6A=7B 5A=8B
 Not stable.
 ***********************************************************************

 **********************************************************************

            Population analysis using the SCF density.

 **********************************************************************

 Orbital symmetries:
       Occupied  (AG) (BU) (AG) (BU) (BU) (BU)
       Virtual   (AG) (AG) (BU) (AG) (AG) (BU)
 The electronic state is 1-AG.
 Alpha  occ. eigenvalues --   -0.90463  -0.75502  -0.59397  -0.50557  -0.42394
 Alpha  occ. eigenvalues --   -0.05811
 Alpha virt. eigenvalues --   -0.03953  -0.00127   0.35003   0.37461   0.52097
 Alpha virt. eigenvalues --    0.69131
          Condensed to atoms (all electrons):
               1          2          3          4          5          6
     1  H    1.386602  -0.164841  -0.107106   0.010880   0.007641  -0.002440
     2  H   -0.164841   1.010083   0.568695  -0.227697  -0.104563   0.030339
     3  H   -0.107106   0.568695   0.765631  -0.175058  -0.082472   0.002959
     4  H    0.010880  -0.227697  -0.175058   1.166939   0.380252  -0.164784
     5  H    0.007641  -0.104563  -0.082472   0.380252   0.653849   0.122078
     6  H   -0.002440   0.030339   0.002959  -0.164784   0.122078   0.996782
     7  H    0.000801  -0.003700  -0.002883   0.020896   0.016615  -0.096078
     8  H   -0.003357   0.026592   0.020896  -0.266582  -0.079800   0.457330
     9  H    0.005954  -0.124286  -0.096078   0.457330  -0.038059  -0.211299
    10  H   -0.001701   0.005146   0.016615  -0.079800  -0.056999  -0.038059
    11  H    0.000907  -0.004196  -0.003700   0.026592   0.005146  -0.124286
    12  H   -0.000210   0.000907   0.000801  -0.003357  -0.001701   0.005954
               7          8          9         10         11         12
     1  H    0.000801  -0.003357   0.005954  -0.001701   0.000907  -0.000210
     2  H   -0.003700   0.026592  -0.124286   0.005146  -0.004196   0.000907
     3  H   -0.002883   0.020896  -0.096078   0.016615  -0.003700   0.000801
     4  H    0.020896  -0.266582   0.457330  -0.079800   0.026592  -0.003357
     5  H    0.016615  -0.079800  -0.038059  -0.056999   0.005146  -0.001701
     6  H   -0.096078   0.457330  -0.211299  -0.038059  -0.124286   0.005954
     7  H    0.765631  -0.175058   0.002959  -0.082472   0.568695  -0.107106
     8  H   -0.175058   1.166939  -0.164784   0.380252  -0.227697   0.010880
     9  H    0.002959  -0.164784   0.996782   0.122078   0.030339  -0.002440
    10  H   -0.082472   0.380252   0.122078   0.653849  -0.104563   0.007641
    11  H    0.568695  -0.227697   0.030339  -0.104563   1.010083  -0.164841
    12  H   -0.107106   0.010880  -0.002440   0.007641  -0.164841   1.386602
 Mulliken charges:
               1
     1  H   -0.133128
     2  H   -0.012478
     3  H    0.091700
     4  H   -0.145611
     5  H    0.178014
     6  H    0.021504
     7  H    0.091700
     8  H   -0.145611
     9  H    0.021504
    10  H    0.178014
    11  H   -0.012478
    12  H   -0.133128
 Sum of Mulliken charges =  -0.00000
 Mulliken charges with hydrogens summed into heavy atoms:
               1
 Electronic spatial extent (au):  <R**2>=            198.7234
 Charge=             -0.0000 electrons
 Dipole moment (field-independent basis, Debye):
    X=             -0.0000    Y=              0.0000    Z=              0.0000  Tot=              0.0000
 Quadrupole moment (field-independent basis, Debye-Ang):
   XX=            -14.8252   YY=            -30.2854   ZZ=            -14.9809
   XY=             -5.7623   XZ=             -0.0000   YZ=             -0.0000
 Traceless Quadrupole moment (field-independent basis, Debye-Ang):
   XX=              5.2053   YY=            -10.2549   ZZ=              5.0496
   XY=             -5.7623   XZ=             -0.0000   YZ=             -0.0000
 Octapole moment (field-independent basis, Debye-Ang**2):
  XXX=              0.0000  YYY=              0.0000  ZZZ=              0.0000  XYY=              0.0000
  XXY=              0.0000  XXZ=              0.0000  XZZ=              0.0000  YZZ=              0.0000
  YYZ=              0.0000  XYZ=              0.0000
 Hexadecapole moment (field-independent basis, Debye-Ang**3):
 XXXX=            -62.1559 YYYY=           -535.3903 ZZZZ=            -17.7100 XXXY=            -35.4894
 XXXZ=             -0.0000 YYYX=            -93.1840 YYYZ=             -0.0000 ZZZX=             -0.0000
 ZZZY=             -0.0000 XXYY=            -75.9778 XXZZ=            -13.4501 YYZZ=            -58.0806
 XXYZ=             -0.0000 YYXZ=             -0.0000 ZZXY=            -10.9213
 N-N= 1.823328839448D+01 E-N=-4.792523936215D+01  KE= 6.776540541582D+00
 Symmetry AG   KE= 1.505770018921D+00
 Symmetry BG   KE= 0.000000000000D+00
 Symmetry AU   KE= 0.000000000000D+00
 Symmetry BU   KE= 5.270770522662D+00

 Test job not archived.
 1\1\GINC-SULU\Stability\RHF\Gen\H12\LCJ1\17-Feb-2017\0\\#rhf/gen scf(s
 ymm,tight,novaracc,noincfock,fulldiag) stable(crhf) guess=read geom=no
 crowd test\\hf stability analysis of h12 triangular lattice, y= 1.2948
 927059181552\\0,1\H\H,1,1.3695052894\H,1,1.3695052894,2,38.\H,2,1.3695
 052894,1,142.,3,0.,0\H,2,1.3695052894,1,180.,3,0.,0\H,4,1.3695052894,3
 ,180.,5,0.,0\H,6,1.3695052894,5,180.,3,0.,0\H,4,1.3695052894,2,180.,3,
 0.,0\H,3,1.3695052894,1,180.,4,0.,0\H,9,1.3695052894,3,180.,4,0.,0\H,8
 ,1.3695052894,4,180.,3,0.,0\H,7,1.3695052894,6,180.,3,0.,0\\Version=ES
 64L-G09RevE.01\State=1-AG\HF=-5.5822863\MP2=-6.2377066\RMSD=2.818e-09\
 Dipole=0.,0.,0.\Quadrupole=3.6700772,3.7542557,-7.424333,0.,-4.5400103
 ,0.\PG=C02H [SGH(H12)]\\@


 BLACK HOLES SUCK.
 Job cpu time:       0 days  0 hours  0 minutes  1.0 seconds.
 File lengths (MBytes):  RWF=     84 Int=      0 D2E=      0 Chk=      2 Scr=      2
 Normal termination of Gaussian 09 at Fri Feb 17 15:06:01 2017.
