 Entering Gaussian System, Link 0=g09
 AtFile(1): H.gbs
            H     0
            S   10   1.00
               1000.000000000000            0.000068713567
                316.227766000000            0.000169141320
                100.000000000000            0.000823394812
                 31.622776600000            0.003425569236
                 10.000000000000            0.013951996000
                  3.162277660000            0.056909313560
                  1.000000000000            0.198286399900
                  0.316227766000            0.496922426700
                  0.100000000000            0.369846276400
                  0.031622776600            0.003752720039
            ****
 Initial command:
 /projects/guscus/apps/gau/g09-e1/g09/l1.exe "/users/lcj1/gaussian/h12/rhfstability/rect/guess/ag2bu4/Gau-2971.inp" -scrdir="/users/lcj1/gaussian/h12/rhfstability/rect/guess/ag2bu4/"
 Entering Link 1 = /projects/guscus/apps/gau/g09-e1/g09/l1.exe PID=      2972.
  
 Copyright (c) 1988,1990,1992,1993,1995,1998,2003,2009,2015,
            Gaussian, Inc.  All Rights Reserved.
  
 This is part of the Gaussian(R) 09 program.  It is based on
 the Gaussian(R) 03 system (copyright 2003, Gaussian, Inc.),
 the Gaussian(R) 98 system (copyright 1998, Gaussian, Inc.),
 the Gaussian(R) 94 system (copyright 1995, Gaussian, Inc.),
 the Gaussian 92(TM) system (copyright 1992, Gaussian, Inc.),
 the Gaussian 90(TM) system (copyright 1990, Gaussian, Inc.),
 the Gaussian 88(TM) system (copyright 1988, Gaussian, Inc.),
 the Gaussian 86(TM) system (copyright 1986, Carnegie Mellon
 University), and the Gaussian 82(TM) system (copyright 1983,
 Carnegie Mellon University). Gaussian is a federally registered
 trademark of Gaussian, Inc.
  
 This software contains proprietary and confidential information,
 including trade secrets, belonging to Gaussian, Inc.
  
 This software is provided under written license and may be
 used, copied, transmitted, or stored only in accord with that
 written license.
  
 The following legend is applicable only to US Government
 contracts under FAR:
  
                    RESTRICTED RIGHTS LEGEND
  
 Use, reproduction and disclosure by the US Government is
 subject to restrictions as set forth in subparagraphs (a)
 and (c) of the Commercial Computer Software - Restricted
 Rights clause in FAR 52.227-19.
  
 Gaussian, Inc.
 340 Quinnipiac St., Bldg. 40, Wallingford CT 06492
  
  
 ---------------------------------------------------------------
 Warning -- This program may not be used in any manner that
 competes with the business of Gaussian, Inc. or will provide
 assistance to any competitor of Gaussian, Inc.  The licensee
 of this program is prohibited from giving any competitor of
 Gaussian, Inc. access to this program.  By using this program,
 the user acknowledges that Gaussian, Inc. is engaged in the
 business of creating and licensing software in the field of
 computational chemistry and represents and warrants to the
 licensee that it is not a competitor of Gaussian, Inc. and that
 it will not use this program in any manner prohibited above.
 ---------------------------------------------------------------
  

 Cite this work as:
 Gaussian 09, Revision E.01,
 M. J. Frisch, G. W. Trucks, H. B. Schlegel, G. E. Scuseria, 
 M. A. Robb, J. R. Cheeseman, G. Scalmani, V. Barone, B. Mennucci, 
 G. A. Petersson, H. Nakatsuji, M. Caricato, X. Li, H. P. Hratchian, 
 A. F. Izmaylov, J. Bloino, G. Zheng, J. L. Sonnenberg, M. Hada, 
 M. Ehara, K. Toyota, R. Fukuda, J. Hasegawa, M. Ishida, T. Nakajima, 
 Y. Honda, O. Kitao, H. Nakai, T. Vreven, J. A. Montgomery, Jr., 
 J. E. Peralta, F. Ogliaro, M. Bearpark, J. J. Heyd, E. Brothers, 
 K. N. Kudin, V. N. Staroverov, T. Keith, R. Kobayashi, J. Normand, 
 K. Raghavachari, A. Rendell, J. C. Burant, S. S. Iyengar, J. Tomasi, 
 M. Cossi, N. Rega, J. M. Millam, M. Klene, J. E. Knox, J. B. Cross, 
 V. Bakken, C. Adamo, J. Jaramillo, R. Gomperts, R. E. Stratmann, 
 O. Yazyev, A. J. Austin, R. Cammi, C. Pomelli, J. W. Ochterski, 
 R. L. Martin, K. Morokuma, V. G. Zakrzewski, G. A. Voth, 
 P. Salvador, J. J. Dannenberg, S. Dapprich, A. D. Daniels, 
 O. Farkas, J. B. Foresman, J. V. Ortiz, J. Cioslowski, 
 and D. J. Fox, Gaussian, Inc., Wallingford CT, 2013.
 
 ******************************************
 Gaussian 09:  ES64L-G09RevE.01 30-Nov-2015
                17-Feb-2017 
 ******************************************
 %chk=h12.chk
 ----------------------------------------------------------------------
 #rhf/gen scf(symm,tight,novaracc,noincfock,fulldiag) stable(crhf) gues
 s=read geom=nocrowd test
 ----------------------------------------------------------------------
 1/38=1/1;
 2/12=1,17=6,18=5,40=1/2;
 3/5=7,16=1,25=1,30=1,116=1/1,2,3;
 4/5=1,9=4/1;
 5/5=100002,15=2,16=1,32=2,38=6/2;
 8/6=1,10=90,11=11/1,4;
 9/8=4,13=1/2;
 6/7=2,8=2,9=2,10=2,28=1/1;
 99/5=1,9=1/99;
 ----------------------------------------------------------------------
 hf stability analysis of h12 triangular lattice, y= 1.1064166633763877
 ----------------------------------------------------------------------
 Symbolic Z-matrix:
 Charge =  0 Multiplicity = 1
 H
 H                    1     1.2233 
 H                    1     1.2233   2     50.5 
 H                    2     1.2233   1     129.5    3     0.       0
 H                    2     1.2233   1     180.     3     0.       0
 H                    4     1.2233   3     180.     5     0.       0
 H                    6     1.2233   5     180.     3     0.       0
 H                    4     1.2233   2     180.     3     0.       0
 H                    3     1.2233   1     180.     4     0.       0
 H                    9     1.2233   3     180.     4     0.       0
 H                    8     1.2233   4     180.     3     0.       0
 H                    7     1.2233   6     180.     3     0.       0
 
                          Input orientation:                          
 ---------------------------------------------------------------------
 Center     Atomic      Atomic             Coordinates (Angstroms)
 Number     Number       Type             X           Y           Z
 ---------------------------------------------------------------------
      1          1           0        0.000000    0.000000    0.000000
      2          1           0        0.000000    0.000000    1.223296
      3          1           0        0.943926    0.000000    0.778112
      4          1           0        0.943926    0.000000    2.001408
      5          1           0        0.000000    0.000000    2.446593
      6          1           0        0.943926    0.000000    3.224705
      7          1           0        1.887851    0.000000    4.002817
      8          1           0        1.887851    0.000000    2.779521
      9          1           0        1.887851    0.000000    1.556224
     10          1           0        2.831777    0.000000    2.334336
     11          1           0        2.831777    0.000000    3.557633
     12          1           0        2.831777    0.000000    4.780929
 ---------------------------------------------------------------------
                    Distance matrix (angstroms):
                    1          2          3          4          5
     1  H    0.000000
     2  H    1.223296   0.000000
     3  H    1.223296   1.043640   0.000000
     4  H    2.212833   1.223296   1.223296   0.000000
     5  H    2.446593   1.223296   1.916983   1.043640   0.000000
     6  H    3.360017   2.212833   2.446593   1.223296   1.223296
     7  H    4.425667   3.360017   3.360017   2.212833   2.446593
     8  H    3.360017   2.446593   2.212833   1.223296   1.916983
     9  H    2.446593   1.916983   1.223296   1.043640   2.087280
    10  H    3.669889   3.041935   2.446593   1.916983   2.834001
    11  H    4.547055   3.669889   3.360017   2.446593   3.041935
    12  H    5.556639   4.547055   4.425667   3.360017   3.669889
                    6          7          8          9         10
     6  H    0.000000
     7  H    1.223296   0.000000
     8  H    1.043640   1.223296   0.000000
     9  H    1.916983   2.446593   1.223296   0.000000
    10  H    2.087280   1.916983   1.043640   1.223296   0.000000
    11  H    1.916983   1.043640   1.223296   2.212833   1.223296
    12  H    2.446593   1.223296   2.212833   3.360017   2.446593
                   11         12
    11  H    0.000000
    12  H    1.223296   0.000000
 Stoichiometry    H12
 Framework group  C2H[SGH(H12)]
 Deg. of freedom    11
 Full point group                 C2H     NOp   4
 Largest Abelian subgroup         C2H     NOp   4
 Largest concise Abelian subgroup C2      NOp   2
                         Standard orientation:                         
 ---------------------------------------------------------------------
 Center     Atomic      Atomic             Coordinates (Angstroms)
 Number     Number       Type             X           Y           Z
 ---------------------------------------------------------------------
      1          1           0        0.943926    2.613057   -0.000000
      2          1           0        0.000000    1.834944   -0.000000
      3          1           0        0.943926    1.389760   -0.000000
      4          1           0        0.000000    0.611648   -0.000000
      5          1           0       -0.943926    1.056832   -0.000000
      6          1           0       -0.943926   -0.166464   -0.000000
      7          1           0       -0.943926   -1.389760    0.000000
      8          1           0       -0.000000   -0.611648    0.000000
      9          1           0        0.943926    0.166464    0.000000
     10          1           0        0.943926   -1.056832    0.000000
     11          1           0       -0.000000   -1.834944    0.000000
     12          1           0       -0.943926   -2.613057    0.000000
 ---------------------------------------------------------------------
 Rotational constants (GHZ):     90.5059362     17.3646891     14.5693737
 General basis read from cards:  (5D, 7F)
 There are     6 symmetry adapted cartesian basis functions of AG  symmetry.
 There are     0 symmetry adapted cartesian basis functions of BG  symmetry.
 There are     0 symmetry adapted cartesian basis functions of AU  symmetry.
 There are     6 symmetry adapted cartesian basis functions of BU  symmetry.
 There are     6 symmetry adapted basis functions of AG  symmetry.
 There are     0 symmetry adapted basis functions of BG  symmetry.
 There are     0 symmetry adapted basis functions of AU  symmetry.
 There are     6 symmetry adapted basis functions of BU  symmetry.
    12 basis functions,   120 primitive gaussians,    12 cartesian basis functions
     6 alpha electrons        6 beta electrons
       nuclear repulsion energy        19.0701480296 Hartrees.
 NAtoms=   12 NActive=   12 NUniq=    6 SFac= 4.00D+00 NAtFMM=   60 NAOKFM=F Big=F
 Integral buffers will be    131072 words long.
 Regular integral format.
 Two-electron integral symmetry is turned on.
 One-electron integrals computed using PRISM.
 NBasis=    12 RedAO= T EigKep=  1.88D-01  NBF=     6     0     0     6
 NBsUse=    12 1.00D-06 EigRej= -1.00D+00 NBFU=     6     0     0     6
 Initial guess from the checkpoint file:  "h12.chk"
 B after Tr=    -0.000000   -0.000000    0.000000
         Rot=    0.999999    0.000000   -0.000000   -0.001518 Ang=  -0.17 deg.
 Initial guess orbital symmetries:
       Occupied  (AG) (BU) (BU) (AG) (BU) (BU)
       Virtual   (AG) (AG) (AG) (BU) (BU) (AG)
 Keep R1 ints in memory in symmetry-blocked form, NReq=902748.
 Requested convergence on RMS density matrix=1.00D-08 within 128 cycles.
 Requested convergence on MAX density matrix=1.00D-06.
 Requested convergence on             energy=1.00D-06.
 No special actions if energy rises.
 SCF Done:  E(RHF) =  -5.22776343380     A.U. after   11 cycles
            NFock= 11  Conv=0.21D-08     -V/T= 1.7358
 Range of M.O.s used for correlation:     1    12
 NBasis=    12 NAE=     6 NBE=     6 NFC=     0 NFV=     0
 NROrb=     12 NOA=     6 NOB=     6 NVA=     6 NVB=     6

 **** Warning!!: The smallest alpha delta epsilon is -0.16528623D+00

 Semi-Direct transformation.
 ModeAB=           4 MOrb=             6 LenV=     134086033
 LASXX=         2181 LTotXX=        2181 LenRXX=        5115
 LTotAB=        2934 MaxLAS=        3024 LenRXY=           0
 NonZer=        7296 LenScr=      655360 LnRSAI=        3024
 LnScr1=      655360 LExtra=           0 Total=      1318859
 MaxDsk=          -1 SrtSym=           T ITran=            3
 JobTyp=0 Pass  1:  I=   1 to   6.
 (rs|ai) integrals will be sorted in core.
 Spin components of T(2) and E(2):
     alpha-alpha T2 =       0.1825011366D-01 E2=     -0.1577684466D-01
     alpha-beta  T2 =       0.1363088601D+03 E2=     -0.4402714864D+00
     beta-beta   T2 =       0.1825011366D-01 E2=     -0.1577684466D-01
 ANorm=    0.1171944369D+02
 E2 =    -0.4718251757D+00 EUMP2 =    -0.56995886095321D+01
 Second order stability test of a single determinant RHF wave function:
 Stabil:  MDV=134217728
 ***********************************************************************
 Matrix         Lowest Root    Major Pairs
 ***********************************************************************
 Internal RHF    -0.3441837    6A=7A
 RRHF --> CRHF   -0.4049628    6A=7A
 RRHF --> RUHF   -0.6038136    6A=7B
 Not stable.
 ***********************************************************************

 **********************************************************************

            Population analysis using the SCF density.

 **********************************************************************

 Orbital symmetries:
       Occupied  (AG) (BU) (BU) (AG) (BU) (BU)
       Virtual   (AG) (AG) (AG) (BU) (BU) (AG)
 The electronic state is 1-AG.
 Alpha  occ. eigenvalues --   -0.92402  -0.72538  -0.57010  -0.54151  -0.31909
 Alpha  occ. eigenvalues --    0.05967
 Alpha virt. eigenvalues --   -0.10561   0.15550   0.22711   0.36604   0.50494
 Alpha virt. eigenvalues --    0.51328
          Condensed to atoms (all electrons):
               1          2          3          4          5          6
     1  H    0.850426  -0.003828   0.313046  -0.076424  -0.026690   0.013612
     2  H   -0.003828   2.281863  -0.556489  -0.381173  -0.159013  -0.110635
     3  H    0.313046  -0.556489   1.255427   0.202513   0.012083   0.024933
     4  H   -0.076424  -0.381173   0.202513   1.246842   0.343948   0.014508
     5  H   -0.026690  -0.159013   0.012083   0.343948   0.493634   0.173563
     6  H    0.013612  -0.110635   0.024933   0.014508   0.173563   1.114856
     7  H   -0.001388   0.048809  -0.029289  -0.094777  -0.019200  -0.200750
     8  H    0.008139   0.072051  -0.094777  -0.357028  -0.085567   0.193264
     9  H   -0.077486   0.105143  -0.200750   0.193264  -0.036999  -0.207278
    10  H    0.001928   0.011412  -0.019200  -0.085567  -0.029976  -0.036999
    11  H    0.002172  -0.040486   0.048809   0.072051   0.011412   0.105143
    12  H   -0.000398   0.002172  -0.001388   0.008139   0.001928  -0.077486
               7          8          9         10         11         12
     1  H   -0.001388   0.008139  -0.077486   0.001928   0.002172  -0.000398
     2  H    0.048809   0.072051   0.105143   0.011412  -0.040486   0.002172
     3  H   -0.029289  -0.094777  -0.200750  -0.019200   0.048809  -0.001388
     4  H   -0.094777  -0.357028   0.193264  -0.085567   0.072051   0.008139
     5  H   -0.019200  -0.085567  -0.036999  -0.029976   0.011412   0.001928
     6  H   -0.200750   0.193264  -0.207278  -0.036999   0.105143  -0.077486
     7  H    1.255427   0.202513   0.024933   0.012083  -0.556489   0.313046
     8  H    0.202513   1.246842   0.014508   0.343948  -0.381173  -0.076424
     9  H    0.024933   0.014508   1.114856   0.173563  -0.110635   0.013612
    10  H    0.012083   0.343948   0.173563   0.493634  -0.159013  -0.026690
    11  H   -0.556489  -0.381173  -0.110635  -0.159013   2.281863  -0.003828
    12  H    0.313046  -0.076424   0.013612  -0.026690  -0.003828   0.850426
 Mulliken charges:
               1
     1  H   -0.003109
     2  H   -0.269826
     3  H    0.045083
     4  H   -0.086296
     5  H    0.320877
     6  H   -0.006730
     7  H    0.045083
     8  H   -0.086296
     9  H   -0.006730
    10  H    0.320877
    11  H   -0.269826
    12  H   -0.003109
 Sum of Mulliken charges =   0.00000
 Mulliken charges with hydrogens summed into heavy atoms:
               1
 Electronic spatial extent (au):  <R**2>=            163.0005
 Charge=              0.0000 electrons
 Dipole moment (field-independent basis, Debye):
    X=              0.0000    Y=              0.0000    Z=             -0.0000  Tot=              0.0000
 Quadrupole moment (field-independent basis, Debye-Ang):
   XX=            -14.3907   YY=            -24.6626   ZZ=            -14.8691
   XY=             -3.8086   XZ=              0.0000   YZ=              0.0000
 Traceless Quadrupole moment (field-independent basis, Debye-Ang):
   XX=              3.5834   YY=             -6.6884   ZZ=              3.1050
   XY=             -3.8086   XZ=              0.0000   YZ=              0.0000
 Octapole moment (field-independent basis, Debye-Ang**2):
  XXX=              0.0000  YYY=              0.0000  ZZZ=             -0.0000  XYY=              0.0000
  XXY=              0.0000  XXZ=             -0.0000  XZZ=              0.0000  YZZ=              0.0000
  YYZ=             -0.0000  XYZ=             -0.0000
 Hexadecapole moment (field-independent basis, Debye-Ang**3):
 XXXX=            -74.3775 YYYY=           -294.8363 ZZZZ=            -17.5046 XXXY=            -33.2291
 XXXZ=              0.0000 YYYX=            -34.4876 YYYZ=              0.0000 ZZZX=              0.0000
 ZZZY=              0.0000 XXYY=            -53.8862 XXZZ=            -15.2801 YYZZ=            -43.7242
 XXYZ=              0.0000 YYXZ=              0.0000 ZZXY=             -8.9200
 N-N= 1.907014802956D+01 E-N=-4.966031389669D+01  KE= 7.105341485435D+00
 Symmetry AG   KE= 1.467349975338D+00
 Symmetry BG   KE= 0.000000000000D+00
 Symmetry AU   KE= 0.000000000000D+00
 Symmetry BU   KE= 5.637991510098D+00

 Test job not archived.
 1\1\GINC-SULU\Stability\RHF\Gen\H12\LCJ1\17-Feb-2017\0\\#rhf/gen scf(s
 ymm,tight,novaracc,noincfock,fulldiag) stable(crhf) guess=read geom=no
 crowd test\\hf stability analysis of h12 triangular lattice, y= 1.1064
 166633763877\\0,1\H\H,1,1.2232963155\H,1,1.2232963155,2,50.5\H,2,1.223
 2963155,1,129.5,3,0.,0\H,2,1.2232963155,1,180.,3,0.,0\H,4,1.2232963155
 ,3,180.,5,0.,0\H,6,1.2232963155,5,180.,3,0.,0\H,4,1.2232963155,2,180.,
 3,0.,0\H,3,1.2232963155,1,180.,4,0.,0\H,9,1.2232963155,3,180.,4,0.,0\H
 ,8,1.2232963155,4,180.,3,0.,0\H,7,1.2232963155,6,180.,3,0.,0\\Version=
 ES64L-G09RevE.01\State=1-AG\HF=-5.2277634\MP2=-5.6995886\RMSD=2.084e-0
 9\Dipole=0.,0.,0.\Quadrupole=0.8967104,2.3085136,-3.2052241,0.,-4.2885
 773,0.\PG=C02H [SGH(H12)]\\@


 I (ERNEST RUTHERFORD) CAME INTO THE ROOM, WHICH WAS HALF DARK, AND PRESENTLY
 SPOTTED LORD KELVIN IN THE AUDIENCE AND REALIZED I WAS IN TROUBLE AT
 THE LAST PART OF MY SPEECH DEALING THE AGE OF THE EARTH, WHERE MY VIEWS
 CONFLICTED WITH HIS.  TO MY RELIEF KELVIN FELL FAST ASLEEP, BUT AS I CAME
 TO THE IMPORTANT POINT, I SAW THE OLD BIRD SIT UP AND COCK A BALEFUL GLANCE
 AT ME! THEN A SUDDEN INSPIRATION CAME AND I SAID LORD KELVIN HAD LIMITED
 THE AGE OF THE EARTH PROVIDED NO NEW SOURCE WAS DISCOVERED. THAT
 PROPHETIC UTTERANCE REFERS TO WHAT WE ARE NOW CONSIDERING TONIGHT, RADIUM!
 BEHOLD!  THE OLD BOY BEAMED UPON ME.
 Job cpu time:       0 days  0 hours  0 minutes  1.1 seconds.
 File lengths (MBytes):  RWF=     84 Int=      0 D2E=      0 Chk=      2 Scr=      2
 Normal termination of Gaussian 09 at Fri Feb 17 15:04:43 2017.
