 Entering Gaussian System, Link 0=g09
 AtFile(1): H.gbs
            H     0
            S   10   1.00
               1000.000000000000            0.000068713567
                316.227766000000            0.000169141320
                100.000000000000            0.000823394812
                 31.622776600000            0.003425569236
                 10.000000000000            0.013951996000
                  3.162277660000            0.056909313560
                  1.000000000000            0.198286399900
                  0.316227766000            0.496922426700
                  0.100000000000            0.369846276400
                  0.031622776600            0.003752720039
            ****
 Initial command:
 /projects/guscus/apps/gau/g09-e1/g09/l1.exe "/users/lcj1/gaussian/h12/rhfstability/rect/guess/ag2bu4/Gau-8907.inp" -scrdir="/users/lcj1/gaussian/h12/rhfstability/rect/guess/ag2bu4/"
 Entering Link 1 = /projects/guscus/apps/gau/g09-e1/g09/l1.exe PID=      8911.
  
 Copyright (c) 1988,1990,1992,1993,1995,1998,2003,2009,2015,
            Gaussian, Inc.  All Rights Reserved.
  
 This is part of the Gaussian(R) 09 program.  It is based on
 the Gaussian(R) 03 system (copyright 2003, Gaussian, Inc.),
 the Gaussian(R) 98 system (copyright 1998, Gaussian, Inc.),
 the Gaussian(R) 94 system (copyright 1995, Gaussian, Inc.),
 the Gaussian 92(TM) system (copyright 1992, Gaussian, Inc.),
 the Gaussian 90(TM) system (copyright 1990, Gaussian, Inc.),
 the Gaussian 88(TM) system (copyright 1988, Gaussian, Inc.),
 the Gaussian 86(TM) system (copyright 1986, Carnegie Mellon
 University), and the Gaussian 82(TM) system (copyright 1983,
 Carnegie Mellon University). Gaussian is a federally registered
 trademark of Gaussian, Inc.
  
 This software contains proprietary and confidential information,
 including trade secrets, belonging to Gaussian, Inc.
  
 This software is provided under written license and may be
 used, copied, transmitted, or stored only in accord with that
 written license.
  
 The following legend is applicable only to US Government
 contracts under FAR:
  
                    RESTRICTED RIGHTS LEGEND
  
 Use, reproduction and disclosure by the US Government is
 subject to restrictions as set forth in subparagraphs (a)
 and (c) of the Commercial Computer Software - Restricted
 Rights clause in FAR 52.227-19.
  
 Gaussian, Inc.
 340 Quinnipiac St., Bldg. 40, Wallingford CT 06492
  
  
 ---------------------------------------------------------------
 Warning -- This program may not be used in any manner that
 competes with the business of Gaussian, Inc. or will provide
 assistance to any competitor of Gaussian, Inc.  The licensee
 of this program is prohibited from giving any competitor of
 Gaussian, Inc. access to this program.  By using this program,
 the user acknowledges that Gaussian, Inc. is engaged in the
 business of creating and licensing software in the field of
 computational chemistry and represents and warrants to the
 licensee that it is not a competitor of Gaussian, Inc. and that
 it will not use this program in any manner prohibited above.
 ---------------------------------------------------------------
  

 Cite this work as:
 Gaussian 09, Revision E.01,
 M. J. Frisch, G. W. Trucks, H. B. Schlegel, G. E. Scuseria, 
 M. A. Robb, J. R. Cheeseman, G. Scalmani, V. Barone, B. Mennucci, 
 G. A. Petersson, H. Nakatsuji, M. Caricato, X. Li, H. P. Hratchian, 
 A. F. Izmaylov, J. Bloino, G. Zheng, J. L. Sonnenberg, M. Hada, 
 M. Ehara, K. Toyota, R. Fukuda, J. Hasegawa, M. Ishida, T. Nakajima, 
 Y. Honda, O. Kitao, H. Nakai, T. Vreven, J. A. Montgomery, Jr., 
 J. E. Peralta, F. Ogliaro, M. Bearpark, J. J. Heyd, E. Brothers, 
 K. N. Kudin, V. N. Staroverov, T. Keith, R. Kobayashi, J. Normand, 
 K. Raghavachari, A. Rendell, J. C. Burant, S. S. Iyengar, J. Tomasi, 
 M. Cossi, N. Rega, J. M. Millam, M. Klene, J. E. Knox, J. B. Cross, 
 V. Bakken, C. Adamo, J. Jaramillo, R. Gomperts, R. E. Stratmann, 
 O. Yazyev, A. J. Austin, R. Cammi, C. Pomelli, J. W. Ochterski, 
 R. L. Martin, K. Morokuma, V. G. Zakrzewski, G. A. Voth, 
 P. Salvador, J. J. Dannenberg, S. Dapprich, A. D. Daniels, 
 O. Farkas, J. B. Foresman, J. V. Ortiz, J. Cioslowski, 
 and D. J. Fox, Gaussian, Inc., Wallingford CT, 2013.
 
 ******************************************
 Gaussian 09:  ES64L-G09RevE.01 30-Nov-2015
                17-Feb-2017 
 ******************************************
 %chk=h12.chk
 ----------------------------------------------------------------------
 #rhf/gen scf(symm,tight,novaracc,noincfock,fulldiag) stable(crhf) gues
 s=read geom=nocrowd test
 ----------------------------------------------------------------------
 1/38=1/1;
 2/12=1,17=6,18=5,40=1/2;
 3/5=7,16=1,25=1,30=1,116=1/1,2,3;
 4/5=1,9=4/1;
 5/5=100002,15=2,16=1,32=2,38=6/2;
 8/6=1,10=90,11=11/1,4;
 9/8=4,13=1/2;
 6/7=2,8=2,9=2,10=2,28=1/1;
 99/5=1,9=1/99;
 ----------------------------------------------------------------------
 hf stability analysis of h12 triangular lattice, y= 0.3190649348779894
 3
 ----------------------------------------------------------------------
 Symbolic Z-matrix:
 Charge =  0 Multiplicity = 1
 H
 H                    1     1.83742 
 H                    1     1.83742  2     160. 
 H                    2     1.83742  1     20.      3     0.       0
 H                    2     1.83742  1     180.     3     0.       0
 H                    4     1.83742  3     180.     5     0.       0
 H                    6     1.83742  5     180.     3     0.       0
 H                    4     1.83742  2     180.     3     0.       0
 H                    3     1.83742  1     180.     4     0.       0
 H                    9     1.83742  3     180.     4     0.       0
 H                    8     1.83742  4     180.     3     0.       0
 H                    7     1.83742  6     180.     3     0.       0
 
                          Input orientation:                          
 ---------------------------------------------------------------------
 Center     Atomic      Atomic             Coordinates (Angstroms)
 Number     Number       Type             X           Y           Z
 ---------------------------------------------------------------------
      1          1           0        0.000000    0.000000    0.000000
      2          1           0        0.000000    0.000000    1.837422
      3          1           0        0.628435    0.000000   -1.726612
      4          1           0        0.628435    0.000000    0.110810
      5          1           0        0.000000    0.000000    3.674843
      6          1           0        0.628435    0.000000    1.948232
      7          1           0        1.256870    0.000000    0.221620
      8          1           0        1.256870    0.000000   -1.615802
      9          1           0        1.256870    0.000000   -3.453223
     10          1           0        1.885306    0.000000   -5.179835
     11          1           0        1.885306    0.000000   -3.342413
     12          1           0        1.885306    0.000000   -1.504991
 ---------------------------------------------------------------------
                    Distance matrix (angstroms):
                    1          2          3          4          5
     1  H    0.000000
     2  H    1.837422   0.000000
     3  H    1.837422   3.619014   0.000000
     4  H    0.638130   1.837422   1.837422   0.000000
     5  H    3.674843   1.837422   5.437890   3.619014   0.000000
     6  H    2.047080   0.638130   3.674843   1.837422   1.837422
     7  H    1.276260   2.047080   2.047080   0.638130   3.674843
     8  H    2.047080   3.674843   0.638130   1.837422   5.437890
     9  H    3.674843   5.437890   1.837422   3.619014   7.238028
    10  H    5.512265   7.266104   3.674843   5.437890   9.053160
    11  H    3.837460   5.512265   2.047080   3.674843   7.266104
    12  H    2.412338   3.837460   1.276260   2.047080   5.512265
                    6          7          8          9         10
     6  H    0.000000
     7  H    1.837422   0.000000
     8  H    3.619014   1.837422   0.000000
     9  H    5.437890   3.674843   1.837422   0.000000
    10  H    7.238028   5.437890   3.619014   1.837422   0.000000
    11  H    5.437890   3.619014   1.837422   0.638130   1.837422
    12  H    3.674843   1.837422   0.638130   2.047080   3.674843
                   11         12
    11  H    0.000000
    12  H    1.837422   0.000000
 Stoichiometry    H12
 Framework group  C2H[SGH(H12)]
 Deg. of freedom    11
 Full point group                 C2H     NOp   4
 Largest Abelian subgroup         C2H     NOp   4
 Largest concise Abelian subgroup C2      NOp   2
                         Standard orientation:                         
 ---------------------------------------------------------------------
 Center     Atomic      Atomic             Coordinates (Angstroms)
 Number     Number       Type             X           Y           Z
 ---------------------------------------------------------------------
      1          1           0        0.628435    1.029521   -0.000000
      2          1           0        0.000000    2.756133    0.000000
      3          1           0        0.628435   -0.807901   -0.000000
      4          1           0        0.000000    0.918711    0.000000
      5          1           0       -0.628435    4.482744    0.000000
      6          1           0       -0.628435    2.645322    0.000000
      7          1           0       -0.628435    0.807901    0.000000
      8          1           0       -0.000000   -0.918711   -0.000000
      9          1           0        0.628435   -2.645322   -0.000000
     10          1           0        0.628435   -4.482744   -0.000000
     11          1           0       -0.000000   -2.756133   -0.000000
     12          1           0       -0.628435   -1.029521   -0.000000
 ---------------------------------------------------------------------
 Rotational constants (GHZ):    236.7257718      6.6389379      6.4578291
 General basis read from cards:  (5D, 7F)
 There are     6 symmetry adapted cartesian basis functions of AG  symmetry.
 There are     0 symmetry adapted cartesian basis functions of BG  symmetry.
 There are     0 symmetry adapted cartesian basis functions of AU  symmetry.
 There are     6 symmetry adapted cartesian basis functions of BU  symmetry.
 There are     6 symmetry adapted basis functions of AG  symmetry.
 There are     0 symmetry adapted basis functions of BG  symmetry.
 There are     0 symmetry adapted basis functions of AU  symmetry.
 There are     6 symmetry adapted basis functions of BU  symmetry.
    12 basis functions,   120 primitive gaussians,    12 cartesian basis functions
     6 alpha electrons        6 beta electrons
       nuclear repulsion energy        16.6423661095 Hartrees.
 NAtoms=   12 NActive=   12 NUniq=    6 SFac= 4.00D+00 NAtFMM=   60 NAOKFM=F Big=F
 Integral buffers will be    131072 words long.
 Regular integral format.
 Two-electron integral symmetry is turned on.
 One-electron integrals computed using PRISM.
 NBasis=    12 RedAO= T EigKep=  6.98D-02  NBF=     6     0     0     6
 NBsUse=    12 1.00D-06 EigRej= -1.00D+00 NBFU=     6     0     0     6
 Initial guess from the checkpoint file:  "h12.chk"
 B after Tr=    -0.000000    0.000000    0.000000
         Rot=    0.999999    0.000000    0.000000   -0.001518 Ang=  -0.17 deg.
 Initial guess orbital symmetries:
       Occupied  (AG) (BU) (AG) (BU) (BU) (BU)
       Virtual   (AG) (AG) (BU) (AG) (AG) (BU)
 Keep R1 ints in memory in symmetry-blocked form, NReq=896518.
 Requested convergence on RMS density matrix=1.00D-08 within 128 cycles.
 Requested convergence on MAX density matrix=1.00D-06.
 Requested convergence on             energy=1.00D-06.
 No special actions if energy rises.
 SCF Done:  E(RHF) =  -5.52498358932     A.U. after    6 cycles
            NFock=  6  Conv=0.26D-08     -V/T= 1.8753
 Range of M.O.s used for correlation:     1    12
 NBasis=    12 NAE=     6 NBE=     6 NFC=     0 NFV=     0
 NROrb=     12 NOA=     6 NOB=     6 NVA=     6 NVB=     6

 **** Warning!!: The smallest alpha delta epsilon is  0.58189197D-01

 Semi-Direct transformation.
 ModeAB=           4 MOrb=             6 LenV=     134090961
 LASXX=         2181 LTotXX=        2181 LenRXX=        5115
 LTotAB=        2934 MaxLAS=        3024 LenRXY=           0
 NonZer=        7296 LenScr=      655360 LnRSAI=        3024
 LnScr1=      655360 LExtra=           0 Total=      1318859
 MaxDsk=          -1 SrtSym=           T ITran=            3
 JobTyp=0 Pass  1:  I=   1 to   6.
 (rs|ai) integrals will be sorted in core.
 Spin components of T(2) and E(2):
     alpha-alpha T2 =       0.5404367634D-02 E2=     -0.4764371725D-02
     alpha-beta  T2 =       0.6002793090D+01 E2=     -0.7620165448D+00
     beta-beta   T2 =       0.5404367634D-02 E2=     -0.4764371725D-02
 ANorm=    0.2648320567D+01
 E2 =    -0.7715452883D+00 EUMP2 =    -0.62965288775721D+01
 Second order stability test of a single determinant RHF wave function:
 Stabil:  MDV=134217728
 ***********************************************************************
 Matrix         Lowest Root    Major Pairs
 ***********************************************************************
 Internal RHF     0.0542797    Stable
 RRHF --> CRHF   -0.0009354    6A=7A
 RRHF --> RUHF   -0.5712151    6A=7B
 Not stable.
 ***********************************************************************

 **********************************************************************

            Population analysis using the SCF density.

 **********************************************************************

 Orbital symmetries:
       Occupied  (AG) (BU) (AG) (BU) (BU) (BU)
       Virtual   (AG) (AG) (BU) (AG) (AG) (BU)
 The electronic state is 1-AG.
 Alpha  occ. eigenvalues --   -0.88953  -0.80518  -0.67087  -0.65526  -0.32156
 Alpha  occ. eigenvalues --   -0.19049
 Alpha virt. eigenvalues --   -0.13231   0.03848   0.49525   0.51202   0.93086
 Alpha virt. eigenvalues --    1.12788
          Condensed to atoms (all electrons):
               1          2          3          4          5          6
     1  H    0.858701  -0.005349   0.198501   0.255501   0.000323  -0.034112
     2  H   -0.005349   0.641533   0.002601  -0.051757  -0.040448   0.499084
     3  H    0.198501   0.002601   0.969482  -0.033751  -0.000028  -0.001038
     4  H    0.255501  -0.051757  -0.033751   0.982488   0.001013  -0.050507
     5  H    0.000323  -0.040448  -0.000028   0.001013   1.089963  -0.039521
     6  H   -0.034112   0.499084  -0.001038  -0.050507  -0.039521   0.625893
     7  H   -0.327361  -0.039009  -0.187263   0.279190   0.000429  -0.008321
     8  H   -0.018069   0.001155   0.279190  -0.058080  -0.000059   0.001171
     9  H    0.001986  -0.000036  -0.008321   0.001171   0.000009  -0.000048
    10  H   -0.000019   0.000008   0.000429  -0.000059  -0.000003   0.000009
    11  H   -0.000920  -0.000047  -0.039009   0.001155   0.000008  -0.000036
    12  H   -0.103953  -0.000920  -0.327361  -0.018069  -0.000019   0.001986
               7          8          9         10         11         12
     1  H   -0.327361  -0.018069   0.001986  -0.000019  -0.000920  -0.103953
     2  H   -0.039009   0.001155  -0.000036   0.000008  -0.000047  -0.000920
     3  H   -0.187263   0.279190  -0.008321   0.000429  -0.039009  -0.327361
     4  H    0.279190  -0.058080   0.001171  -0.000059   0.001155  -0.018069
     5  H    0.000429  -0.000059   0.000009  -0.000003   0.000008  -0.000019
     6  H   -0.008321   0.001171  -0.000048   0.000009  -0.000036   0.001986
     7  H    0.969482  -0.033751  -0.001038  -0.000028   0.002601   0.198501
     8  H   -0.033751   0.982488  -0.050507   0.001013  -0.051757   0.255501
     9  H   -0.001038  -0.050507   0.625893  -0.039521   0.499084  -0.034112
    10  H   -0.000028   0.001013  -0.039521   1.089963  -0.040448   0.000323
    11  H    0.002601  -0.051757   0.499084  -0.040448   0.641533  -0.005349
    12  H    0.198501   0.255501  -0.034112   0.000323  -0.005349   0.858701
 Mulliken charges:
               1
     1  H    0.174771
     2  H   -0.006816
     3  H    0.146566
     4  H   -0.308295
     5  H   -0.011666
     6  H    0.005440
     7  H    0.146566
     8  H   -0.308295
     9  H    0.005440
    10  H   -0.011666
    11  H   -0.006816
    12  H    0.174771
 Sum of Mulliken charges =   0.00000
 Mulliken charges with hydrogens summed into heavy atoms:
               1
 Electronic spatial extent (au):  <R**2>=            316.1887
 Charge=              0.0000 electrons
 Dipole moment (field-independent basis, Debye):
    X=              0.0000    Y=              0.0000    Z=              0.0000  Tot=              0.0000
 Quadrupole moment (field-independent basis, Debye-Ang):
   XX=            -16.0321   YY=            -20.8516   ZZ=            -15.4286
   XY=              1.2401   XZ=              0.0000   YZ=             -0.0000
 Traceless Quadrupole moment (field-independent basis, Debye-Ang):
   XX=              1.4054   YY=             -3.4142   ZZ=              2.0088
   XY=              1.2401   XZ=              0.0000   YZ=             -0.0000
 Octapole moment (field-independent basis, Debye-Ang**2):
  XXX=              0.0000  YYY=             -0.0000  ZZZ=              0.0000  XYY=              0.0000
  XXY=             -0.0000  XXZ=              0.0000  XZZ=              0.0000  YZZ=             -0.0000
  YYZ=              0.0000  XYZ=             -0.0000
 Hexadecapole moment (field-independent basis, Debye-Ang**3):
 XXXX=            -46.0584 YYYY=           -779.8355 ZZZZ=            -18.6219 XXXY=             34.3467
 XXXZ=              0.0000 YYYX=             61.1300 YYYZ=             -0.0000 ZZZX=              0.0000
 ZZZY=             -0.0000 XXYY=           -109.3194 XXZZ=            -10.7780 YYZZ=           -105.8272
 XXYZ=             -0.0000 YYXZ=              0.0000 ZZXY=             11.7794
 N-N= 1.664236610945D+01 E-N=-4.358096083412D+01  KE= 6.312032600919D+00
 Symmetry AG   KE= 1.586643577566D+00
 Symmetry BG   KE= 0.000000000000D+00
 Symmetry AU   KE= 0.000000000000D+00
 Symmetry BU   KE= 4.725389023353D+00

 Test job not archived.
 1\1\GINC-SULU\Stability\RHF\Gen\H12\LCJ1\17-Feb-2017\0\\#rhf/gen scf(s
 ymm,tight,novaracc,noincfock,fulldiag) stable(crhf) guess=read geom=no
 crowd test\\hf stability analysis of h12 triangular lattice, y= 0.3190
 6493487798943\\0,1\H\H,1,1.8374216786\H,1,1.8374216786,2,160.\H,2,1.83
 74216786,1,20.,3,0.,0\H,2,1.8374216786,1,180.,3,0.,0\H,4,1.8374216786,
 3,180.,5,0.,0\H,6,1.8374216786,5,180.,3,0.,0\H,4,1.8374216786,2,180.,3
 ,0.,0\H,3,1.8374216786,1,180.,4,0.,0\H,9,1.8374216786,3,180.,4,0.,0\H,
 8,1.8374216786,4,180.,3,0.,0\H,7,1.8374216786,6,180.,3,0.,0\\Version=E
 S64L-G09RevE.01\State=1-AG\HF=-5.5249836\MP2=-6.2965289\RMSD=2.617e-09
 \Dipole=0.,0.,0.\Quadrupole=1.2183166,1.4934969,-2.7118136,0.,0.445350
 2,0.\PG=C02H [SGH(H12)]\\@


 You never know when you're making a memory.
                        -- Rickie Lee Jones
 Job cpu time:       0 days  0 hours  0 minutes  1.0 seconds.
 File lengths (MBytes):  RWF=     84 Int=      0 D2E=      0 Chk=      2 Scr=      2
 Normal termination of Gaussian 09 at Fri Feb 17 14:53:27 2017.
