 Entering Gaussian System, Link 0=g09
 AtFile(1): H.gbs
            H     0
            S   10   1.00
               1000.000000000000            0.000068713567
                316.227766000000            0.000169141320
                100.000000000000            0.000823394812
                 31.622776600000            0.003425569236
                 10.000000000000            0.013951996000
                  3.162277660000            0.056909313560
                  1.000000000000            0.198286399900
                  0.316227766000            0.496922426700
                  0.100000000000            0.369846276400
                  0.031622776600            0.003752720039
            ****
 Initial command:
 /projects/guscus/apps/gau/g09-e1/g09/l1.exe "/users/lcj1/gaussian/h12/rhfstability/rect/guess/ag2bu4/Gau-766.inp" -scrdir="/users/lcj1/gaussian/h12/rhfstability/rect/guess/ag2bu4/"
 Entering Link 1 = /projects/guscus/apps/gau/g09-e1/g09/l1.exe PID=       773.
  
 Copyright (c) 1988,1990,1992,1993,1995,1998,2003,2009,2015,
            Gaussian, Inc.  All Rights Reserved.
  
 This is part of the Gaussian(R) 09 program.  It is based on
 the Gaussian(R) 03 system (copyright 2003, Gaussian, Inc.),
 the Gaussian(R) 98 system (copyright 1998, Gaussian, Inc.),
 the Gaussian(R) 94 system (copyright 1995, Gaussian, Inc.),
 the Gaussian 92(TM) system (copyright 1992, Gaussian, Inc.),
 the Gaussian 90(TM) system (copyright 1990, Gaussian, Inc.),
 the Gaussian 88(TM) system (copyright 1988, Gaussian, Inc.),
 the Gaussian 86(TM) system (copyright 1986, Carnegie Mellon
 University), and the Gaussian 82(TM) system (copyright 1983,
 Carnegie Mellon University). Gaussian is a federally registered
 trademark of Gaussian, Inc.
  
 This software contains proprietary and confidential information,
 including trade secrets, belonging to Gaussian, Inc.
  
 This software is provided under written license and may be
 used, copied, transmitted, or stored only in accord with that
 written license.
  
 The following legend is applicable only to US Government
 contracts under FAR:
  
                    RESTRICTED RIGHTS LEGEND
  
 Use, reproduction and disclosure by the US Government is
 subject to restrictions as set forth in subparagraphs (a)
 and (c) of the Commercial Computer Software - Restricted
 Rights clause in FAR 52.227-19.
  
 Gaussian, Inc.
 340 Quinnipiac St., Bldg. 40, Wallingford CT 06492
  
  
 ---------------------------------------------------------------
 Warning -- This program may not be used in any manner that
 competes with the business of Gaussian, Inc. or will provide
 assistance to any competitor of Gaussian, Inc.  The licensee
 of this program is prohibited from giving any competitor of
 Gaussian, Inc. access to this program.  By using this program,
 the user acknowledges that Gaussian, Inc. is engaged in the
 business of creating and licensing software in the field of
 computational chemistry and represents and warrants to the
 licensee that it is not a competitor of Gaussian, Inc. and that
 it will not use this program in any manner prohibited above.
 ---------------------------------------------------------------
  

 Cite this work as:
 Gaussian 09, Revision E.01,
 M. J. Frisch, G. W. Trucks, H. B. Schlegel, G. E. Scuseria, 
 M. A. Robb, J. R. Cheeseman, G. Scalmani, V. Barone, B. Mennucci, 
 G. A. Petersson, H. Nakatsuji, M. Caricato, X. Li, H. P. Hratchian, 
 A. F. Izmaylov, J. Bloino, G. Zheng, J. L. Sonnenberg, M. Hada, 
 M. Ehara, K. Toyota, R. Fukuda, J. Hasegawa, M. Ishida, T. Nakajima, 
 Y. Honda, O. Kitao, H. Nakai, T. Vreven, J. A. Montgomery, Jr., 
 J. E. Peralta, F. Ogliaro, M. Bearpark, J. J. Heyd, E. Brothers, 
 K. N. Kudin, V. N. Staroverov, T. Keith, R. Kobayashi, J. Normand, 
 K. Raghavachari, A. Rendell, J. C. Burant, S. S. Iyengar, J. Tomasi, 
 M. Cossi, N. Rega, J. M. Millam, M. Klene, J. E. Knox, J. B. Cross, 
 V. Bakken, C. Adamo, J. Jaramillo, R. Gomperts, R. E. Stratmann, 
 O. Yazyev, A. J. Austin, R. Cammi, C. Pomelli, J. W. Ochterski, 
 R. L. Martin, K. Morokuma, V. G. Zakrzewski, G. A. Voth, 
 P. Salvador, J. J. Dannenberg, S. Dapprich, A. D. Daniels, 
 O. Farkas, J. B. Foresman, J. V. Ortiz, J. Cioslowski, 
 and D. J. Fox, Gaussian, Inc., Wallingford CT, 2013.
 
 ******************************************
 Gaussian 09:  ES64L-G09RevE.01 30-Nov-2015
                17-Feb-2017 
 ******************************************
 %chk=h12.chk
 ----------------------------------------------------------------------
 #rhf/gen scf(symm,tight,novaracc,noincfock,fulldiag) stable(crhf) gues
 s=read geom=nocrowd test
 ----------------------------------------------------------------------
 1/38=1/1;
 2/12=1,17=6,18=5,40=1/2;
 3/5=7,16=1,25=1,30=1,116=1/1,2,3;
 4/5=1,9=4/1;
 5/5=100002,15=2,16=1,32=2,38=6/2;
 8/6=1,10=90,11=11/1,4;
 9/8=4,13=1/2;
 6/7=2,8=2,9=2,10=2,28=1/1;
 99/5=1,9=1/99;
 ----------------------------------------------------------------------
 hf stability analysis of h12 triangular lattice, y= 1.0101797939139427
 ----------------------------------------------------------------------
 Symbolic Z-matrix:
 Charge =  0 Multiplicity = 1
 H
 H                    1     1.16065 
 H                    1     1.16065  2     59. 
 H                    2     1.16065  1     121.     3     0.       0
 H                    2     1.16065  1     180.     3     0.       0
 H                    4     1.16065  3     180.     5     0.       0
 H                    6     1.16065  5     180.     3     0.       0
 H                    4     1.16065  2     180.     3     0.       0
 H                    3     1.16065  1     180.     4     0.       0
 H                    9     1.16065  3     180.     4     0.       0
 H                    8     1.16065  4     180.     3     0.       0
 H                    7     1.16065  6     180.     3     0.       0
 
                          Input orientation:                          
 ---------------------------------------------------------------------
 Center     Atomic      Atomic             Coordinates (Angstroms)
 Number     Number       Type             X           Y           Z
 ---------------------------------------------------------------------
      1          1           0        0.000000    0.000000    0.000000
      2          1           0        0.000000    0.000000    1.160652
      3          1           0        0.994873    0.000000    0.597780
      4          1           0        0.994873    0.000000    1.758431
      5          1           0        0.000000    0.000000    2.321303
      6          1           0        0.994873    0.000000    2.919083
      7          1           0        1.989745    0.000000    3.516863
      8          1           0        1.989745    0.000000    2.356211
      9          1           0        1.989745    0.000000    1.195560
     10          1           0        2.984618    0.000000    1.793339
     11          1           0        2.984618    0.000000    2.953991
     12          1           0        2.984618    0.000000    4.114643
 ---------------------------------------------------------------------
                    Distance matrix (angstroms):
                    1          2          3          4          5
     1  H    0.000000
     2  H    1.160652   0.000000
     3  H    1.160652   1.143064   0.000000
     4  H    2.020360   1.160652   1.160652   0.000000
     5  H    2.321303   1.160652   1.990051   1.143064   0.000000
     6  H    3.083961   2.020360   2.321303   1.160652   1.160652
     7  H    4.040719   3.083961   3.083961   2.020360   2.321303
     8  H    3.083961   2.321303   2.020360   1.160652   1.990051
     9  H    2.321303   1.990051   1.160652   1.143064   2.286129
    10  H    3.481955   3.050941   2.321303   1.990051   3.030955
    11  H    4.199287   3.481955   3.083961   2.321303   3.050941
    12  H    5.083132   4.199287   4.040719   3.083961   3.481955
                    6          7          8          9         10
     6  H    0.000000
     7  H    1.160652   0.000000
     8  H    1.143064   1.160652   0.000000
     9  H    1.990051   2.321303   1.160652   0.000000
    10  H    2.286129   1.990051   1.143064   1.160652   0.000000
    11  H    1.990051   1.143064   1.160652   2.020360   1.160652
    12  H    2.321303   1.160652   2.020360   3.083961   2.321303
                   11         12
    11  H    0.000000
    12  H    1.160652   0.000000
 Stoichiometry    H12
 Framework group  C2H[SGH(H12)]
 Deg. of freedom    11
 Full point group                 C2H     NOp   4
 Largest Abelian subgroup         C2H     NOp   4
 Largest concise Abelian subgroup C2      NOp   2
                         Standard orientation:                         
 ---------------------------------------------------------------------
 Center     Atomic      Atomic             Coordinates (Angstroms)
 Number     Number       Type             X           Y           Z
 ---------------------------------------------------------------------
      1          1           0        0.994873    2.338757    0.000000
      2          1           0        0.000000    1.740977    0.000000
      3          1           0        0.994873    1.178106    0.000000
      4          1           0        0.000000    0.580326    0.000000
      5          1           0       -0.994873    1.143198    0.000000
      6          1           0       -0.994873   -0.017454    0.000000
      7          1           0       -0.994873   -1.178106   -0.000000
      8          1           0       -0.000000   -0.580326   -0.000000
      9          1           0        0.994873    0.017454    0.000000
     10          1           0        0.994873   -1.143198   -0.000000
     11          1           0       -0.000000   -1.740977   -0.000000
     12          1           0       -0.994873   -2.338757   -0.000000
 ---------------------------------------------------------------------
 Rotational constants (GHZ):     76.5841469     20.5213163     16.1845425
 General basis read from cards:  (5D, 7F)
 There are     6 symmetry adapted cartesian basis functions of AG  symmetry.
 There are     0 symmetry adapted cartesian basis functions of BG  symmetry.
 There are     0 symmetry adapted cartesian basis functions of AU  symmetry.
 There are     6 symmetry adapted cartesian basis functions of BU  symmetry.
 There are     6 symmetry adapted basis functions of AG  symmetry.
 There are     0 symmetry adapted basis functions of BG  symmetry.
 There are     0 symmetry adapted basis functions of AU  symmetry.
 There are     6 symmetry adapted basis functions of BU  symmetry.
    12 basis functions,   120 primitive gaussians,    12 cartesian basis functions
     6 alpha electrons        6 beta electrons
       nuclear repulsion energy        19.5006261832 Hartrees.
 NAtoms=   12 NActive=   12 NUniq=    6 SFac= 4.00D+00 NAtFMM=   60 NAOKFM=F Big=F
 Integral buffers will be    131072 words long.
 Regular integral format.
 Two-electron integral symmetry is turned on.
 One-electron integrals computed using PRISM.
 NBasis=    12 RedAO= T EigKep=  1.82D-01  NBF=     6     0     0     6
 NBsUse=    12 1.00D-06 EigRej= -1.00D+00 NBFU=     6     0     0     6
 Initial guess from the checkpoint file:  "h12.chk"
 B after Tr=     0.000000   -0.000000   -0.000000
         Rot=    0.999999   -0.000000    0.000000   -0.001518 Ang=  -0.17 deg.
 Initial guess orbital symmetries:
       Occupied  (AG) (BU) (BU) (AG) (BU) (BU)
       Virtual   (AG) (AG) (AG) (BU) (AG) (BU)
 Keep R1 ints in memory in symmetry-blocked form, NReq=903588.
 Requested convergence on RMS density matrix=1.00D-08 within 128 cycles.
 Requested convergence on MAX density matrix=1.00D-06.
 Requested convergence on             energy=1.00D-06.
 No special actions if energy rises.
 SCF Done:  E(RHF) =  -5.17603865884     A.U. after   10 cycles
            NFock= 10  Conv=0.98D-08     -V/T= 1.7165
 Range of M.O.s used for correlation:     1    12
 NBasis=    12 NAE=     6 NBE=     6 NFC=     0 NFV=     0
 NROrb=     12 NOA=     6 NOB=     6 NVA=     6 NVB=     6

 **** Warning!!: The smallest alpha delta epsilon is -0.16540117D+00

 Semi-Direct transformation.
 ModeAB=           4 MOrb=             6 LenV=     134084437
 LASXX=         2181 LTotXX=        2181 LenRXX=        5115
 LTotAB=        2934 MaxLAS=        3024 LenRXY=           0
 NonZer=        7296 LenScr=      655360 LnRSAI=        3024
 LnScr1=      655360 LExtra=           0 Total=      1318859
 MaxDsk=          -1 SrtSym=           T ITran=            3
 JobTyp=0 Pass  1:  I=   1 to   6.
 (rs|ai) integrals will be sorted in core.
 Spin components of T(2) and E(2):
     alpha-alpha T2 =       0.1875014601D-01 E2=     -0.1629201333D-01
     alpha-beta  T2 =       0.1138692385D+01 E2=     -0.1363097194D+00
     beta-beta   T2 =       0.1875014601D-01 E2=     -0.1629201333D-01
 ANorm=    0.1475192420D+01
 E2 =    -0.1688937460D+00 EUMP2 =    -0.53449324048814D+01
 Second order stability test of a single determinant RHF wave function:
 Stabil:  MDV=134217728
 ***********************************************************************
 Matrix         Lowest Root    Major Pairs
 ***********************************************************************
 Internal RHF    -0.346615     6A=7A
 RRHF --> CRHF   -0.4094842    6A=7A
 RRHF --> RUHF   -0.5896392    6A=7B
 Not stable.
 ***********************************************************************

 **********************************************************************

            Population analysis using the SCF density.

 **********************************************************************

 Orbital symmetries:
       Occupied  (AG) (BU) (BU) (AG) (BU) (BU)
       Virtual   (AG) (AG) (AG) (BU) (AG) (BU)
 The electronic state is 1-AG.
 Alpha  occ. eigenvalues --   -0.92671  -0.73409  -0.59375  -0.52902  -0.26367
 Alpha  occ. eigenvalues --    0.01223
 Alpha virt. eigenvalues --   -0.15317   0.11790   0.27223   0.37790   0.55178
 Alpha virt. eigenvalues --    0.56017
          Condensed to atoms (all electrons):
               1          2          3          4          5          6
     1  H    1.005890   0.135363   0.200463  -0.128953  -0.052111   0.019692
     2  H    0.135363   1.804565  -0.449642  -0.413575   0.046014  -0.208260
     3  H    0.200463  -0.449642   1.296157   0.353525  -0.034957   0.061899
     4  H   -0.128953  -0.413575   0.353525   1.353280   0.237113   0.162875
     5  H   -0.052111   0.046014  -0.034957   0.237113   0.423634   0.065789
     6  H    0.019692  -0.208260   0.061899   0.162875   0.065789   1.483990
     7  H    0.000035   0.066011  -0.051611  -0.169504   0.014588  -0.340406
     8  H    0.017966   0.084184  -0.169504  -0.440423  -0.050565   0.049058
     9  H   -0.102840   0.149354  -0.340406   0.049058   0.005354  -0.253094
    10  H    0.007089  -0.009765   0.014588  -0.050565  -0.019627   0.005354
    11  H    0.002197  -0.037654   0.066011   0.084184  -0.009765   0.149354
    12  H   -0.001091   0.002197   0.000035   0.017966   0.007089  -0.102840
               7          8          9         10         11         12
     1  H    0.000035   0.017966  -0.102840   0.007089   0.002197  -0.001091
     2  H    0.066011   0.084184   0.149354  -0.009765  -0.037654   0.002197
     3  H   -0.051611  -0.169504  -0.340406   0.014588   0.066011   0.000035
     4  H   -0.169504  -0.440423   0.049058  -0.050565   0.084184   0.017966
     5  H    0.014588  -0.050565   0.005354  -0.019627  -0.009765   0.007089
     6  H   -0.340406   0.049058  -0.253094   0.005354   0.149354  -0.102840
     7  H    1.296157   0.353525   0.061899  -0.034957  -0.449642   0.200463
     8  H    0.353525   1.353280   0.162875   0.237113  -0.413575  -0.128953
     9  H    0.061899   0.162875   1.483990   0.065789  -0.208260   0.019692
    10  H   -0.034957   0.237113   0.065789   0.423634   0.046014  -0.052111
    11  H   -0.449642  -0.413575  -0.208260   0.046014   1.804565   0.135363
    12  H    0.200463  -0.128953   0.019692  -0.052111   0.135363   1.005890
 Mulliken charges:
               1
     1  H   -0.103700
     2  H   -0.168792
     3  H    0.053441
     4  H   -0.054981
     5  H    0.367443
     6  H   -0.093411
     7  H    0.053441
     8  H   -0.054981
     9  H   -0.093411
    10  H    0.367443
    11  H   -0.168792
    12  H   -0.103700
 Sum of Mulliken charges =  -0.00000
 Mulliken charges with hydrogens summed into heavy atoms:
               1
 Electronic spatial extent (au):  <R**2>=            151.6557
 Charge=             -0.0000 electrons
 Dipole moment (field-independent basis, Debye):
    X=              0.0000    Y=              0.0000    Z=              0.0000  Tot=              0.0000
 Quadrupole moment (field-independent basis, Debye-Ang):
   XX=            -14.3395   YY=            -26.0697   ZZ=            -14.7524
   XY=             -6.7051   XZ=             -0.0000   YZ=             -0.0000
 Traceless Quadrupole moment (field-independent basis, Debye-Ang):
   XX=              4.0477   YY=             -7.6825   ZZ=              3.6348
   XY=             -6.7051   XZ=             -0.0000   YZ=             -0.0000
 Octapole moment (field-independent basis, Debye-Ang**2):
  XXX=              0.0000  YYY=              0.0000  ZZZ=             -0.0000  XYY=             -0.0000
  XXY=             -0.0000  XXZ=             -0.0000  XZZ=              0.0000  YZZ=              0.0000
  YYZ=             -0.0000  XYZ=             -0.0000
 Hexadecapole moment (field-independent basis, Debye-Ang**3):
 XXXX=            -77.8446 YYYY=           -288.5467 ZZZZ=            -17.2715 XXXY=            -32.2191
 XXXZ=             -0.0000 YYYX=            -47.5628 YYYZ=             -0.0000 ZZZX=             -0.0000
 ZZZY=             -0.0000 XXYY=            -51.8814 XXZZ=            -15.9635 YYZZ=            -38.7198
 XXYZ=             -0.0000 YYXZ=             -0.0000 ZZXY=             -7.9675
 N-N= 1.950062618319D+01 E-N=-5.050734822976D+01  KE= 7.224057822735D+00
 Symmetry AG   KE= 1.510149321240D+00
 Symmetry BG   KE= 0.000000000000D+00
 Symmetry AU   KE= 0.000000000000D+00
 Symmetry BU   KE= 5.713908501495D+00

 Test job not archived.
 1\1\GINC-SULU\Stability\RHF\Gen\H12\LCJ1\17-Feb-2017\0\\#rhf/gen scf(s
 ymm,tight,novaracc,noincfock,fulldiag) stable(crhf) guess=read geom=no
 crowd test\\hf stability analysis of h12 triangular lattice, y= 1.0101
 797939139427\\0,1\H\H,1,1.1606516529\H,1,1.1606516529,2,59.\H,2,1.1606
 516529,1,121.,3,0.,0\H,2,1.1606516529,1,180.,3,0.,0\H,4,1.1606516529,3
 ,180.,5,0.,0\H,6,1.1606516529,5,180.,3,0.,0\H,4,1.1606516529,2,180.,3,
 0.,0\H,3,1.1606516529,1,180.,4,0.,0\H,9,1.1606516529,3,180.,4,0.,0\H,8
 ,1.1606516529,4,180.,3,0.,0\H,7,1.1606516529,6,180.,3,0.,0\\Version=ES
 64L-G09RevE.01\State=1-AG\HF=-5.1760387\MP2=-5.3449324\RMSD=9.763e-09\
 Dipole=0.,0.,0.\Quadrupole=1.0032271,2.7023821,-3.7056092,0.,-6.190529
 3,0.\PG=C02H [SGH(H12)]\\@


 ALL MEN WHO EXPLORE
 DEPLORE
 THAT FRUSTRATING HURDLE
 THE GIRDLE.

         -- COLIN FLETCHER
 Job cpu time:       0 days  0 hours  0 minutes  1.1 seconds.
 File lengths (MBytes):  RWF=     84 Int=      0 D2E=      0 Chk=      2 Scr=      2
 Normal termination of Gaussian 09 at Fri Feb 17 15:03:51 2017.
