 Entering Gaussian System, Link 0=g09
 AtFile(1): H.gbs
            H     0
            S   10   1.00
               1000.000000000000            0.000068713567
                316.227766000000            0.000169141320
                100.000000000000            0.000823394812
                 31.622776600000            0.003425569236
                 10.000000000000            0.013951996000
                  3.162277660000            0.056909313560
                  1.000000000000            0.198286399900
                  0.316227766000            0.496922426700
                  0.100000000000            0.369846276400
                  0.031622776600            0.003752720039
            ****
 Initial command:
 /projects/guscus/apps/gau/g09-e1/g09/l1.exe "/users/lcj1/gaussian/h12/rhfstability/rect/guess/ag2bu4/Gau-20828.inp" -scrdir="/users/lcj1/gaussian/h12/rhfstability/rect/guess/ag2bu4/"
 Entering Link 1 = /projects/guscus/apps/gau/g09-e1/g09/l1.exe PID=     20829.
  
 Copyright (c) 1988,1990,1992,1993,1995,1998,2003,2009,2015,
            Gaussian, Inc.  All Rights Reserved.
  
 This is part of the Gaussian(R) 09 program.  It is based on
 the Gaussian(R) 03 system (copyright 2003, Gaussian, Inc.),
 the Gaussian(R) 98 system (copyright 1998, Gaussian, Inc.),
 the Gaussian(R) 94 system (copyright 1995, Gaussian, Inc.),
 the Gaussian 92(TM) system (copyright 1992, Gaussian, Inc.),
 the Gaussian 90(TM) system (copyright 1990, Gaussian, Inc.),
 the Gaussian 88(TM) system (copyright 1988, Gaussian, Inc.),
 the Gaussian 86(TM) system (copyright 1986, Carnegie Mellon
 University), and the Gaussian 82(TM) system (copyright 1983,
 Carnegie Mellon University). Gaussian is a federally registered
 trademark of Gaussian, Inc.
  
 This software contains proprietary and confidential information,
 including trade secrets, belonging to Gaussian, Inc.
  
 This software is provided under written license and may be
 used, copied, transmitted, or stored only in accord with that
 written license.
  
 The following legend is applicable only to US Government
 contracts under FAR:
  
                    RESTRICTED RIGHTS LEGEND
  
 Use, reproduction and disclosure by the US Government is
 subject to restrictions as set forth in subparagraphs (a)
 and (c) of the Commercial Computer Software - Restricted
 Rights clause in FAR 52.227-19.
  
 Gaussian, Inc.
 340 Quinnipiac St., Bldg. 40, Wallingford CT 06492
  
  
 ---------------------------------------------------------------
 Warning -- This program may not be used in any manner that
 competes with the business of Gaussian, Inc. or will provide
 assistance to any competitor of Gaussian, Inc.  The licensee
 of this program is prohibited from giving any competitor of
 Gaussian, Inc. access to this program.  By using this program,
 the user acknowledges that Gaussian, Inc. is engaged in the
 business of creating and licensing software in the field of
 computational chemistry and represents and warrants to the
 licensee that it is not a competitor of Gaussian, Inc. and that
 it will not use this program in any manner prohibited above.
 ---------------------------------------------------------------
  

 Cite this work as:
 Gaussian 09, Revision E.01,
 M. J. Frisch, G. W. Trucks, H. B. Schlegel, G. E. Scuseria, 
 M. A. Robb, J. R. Cheeseman, G. Scalmani, V. Barone, B. Mennucci, 
 G. A. Petersson, H. Nakatsuji, M. Caricato, X. Li, H. P. Hratchian, 
 A. F. Izmaylov, J. Bloino, G. Zheng, J. L. Sonnenberg, M. Hada, 
 M. Ehara, K. Toyota, R. Fukuda, J. Hasegawa, M. Ishida, T. Nakajima, 
 Y. Honda, O. Kitao, H. Nakai, T. Vreven, J. A. Montgomery, Jr., 
 J. E. Peralta, F. Ogliaro, M. Bearpark, J. J. Heyd, E. Brothers, 
 K. N. Kudin, V. N. Staroverov, T. Keith, R. Kobayashi, J. Normand, 
 K. Raghavachari, A. Rendell, J. C. Burant, S. S. Iyengar, J. Tomasi, 
 M. Cossi, N. Rega, J. M. Millam, M. Klene, J. E. Knox, J. B. Cross, 
 V. Bakken, C. Adamo, J. Jaramillo, R. Gomperts, R. E. Stratmann, 
 O. Yazyev, A. J. Austin, R. Cammi, C. Pomelli, J. W. Ochterski, 
 R. L. Martin, K. Morokuma, V. G. Zakrzewski, G. A. Voth, 
 P. Salvador, J. J. Dannenberg, S. Dapprich, A. D. Daniels, 
 O. Farkas, J. B. Foresman, J. V. Ortiz, J. Cioslowski, 
 and D. J. Fox, Gaussian, Inc., Wallingford CT, 2013.
 
 ******************************************
 Gaussian 09:  ES64L-G09RevE.01 30-Nov-2015
                17-Feb-2017 
 ******************************************
 %chk=h12.chk
 ----------------------------------------------------------------------
 #rhf/gen scf(symm,tight,novaracc,noincfock,fulldiag) stable(crhf) gues
 s=read geom=nocrowd test
 ----------------------------------------------------------------------
 1/38=1/1;
 2/12=1,17=6,18=5,40=1/2;
 3/5=7,16=1,25=1,30=1,116=1/1,2,3;
 4/5=1,9=4/1;
 5/5=100002,15=2,16=1,32=2,38=6/2;
 8/6=1,10=90,11=11/1,4;
 9/8=4,13=1/2;
 6/7=2,8=2,9=2,10=2,28=1/1;
 99/5=1,9=1/99;
 ----------------------------------------------------------------------
 hf stability analysis of h12 triangular lattice, y= 0.6358183901871248
 3
 ----------------------------------------------------------------------
 Symbolic Z-matrix:
 Charge =  0 Multiplicity = 1
 H
 H                    1     1.10852 
 H                    1     1.10852  2     110. 
 H                    2     1.10852  1     70.      3     0.       0
 H                    2     1.10852  1     180.     3     0.       0
 H                    4     1.10852  3     180.     5     0.       0
 H                    6     1.10852  5     180.     3     0.       0
 H                    4     1.10852  2     180.     3     0.       0
 H                    3     1.10852  1     180.     4     0.       0
 H                    9     1.10852  3     180.     4     0.       0
 H                    8     1.10852  4     180.     3     0.       0
 H                    7     1.10852  6     180.     3     0.       0
 
                          Input orientation:                          
 ---------------------------------------------------------------------
 Center     Atomic      Atomic             Coordinates (Angstroms)
 Number     Number       Type             X           Y           Z
 ---------------------------------------------------------------------
      1          1           0        0.000000    0.000000    0.000000
      2          1           0        0.000000    0.000000    1.108516
      3          1           0        1.041664    0.000000   -0.379135
      4          1           0        1.041664    0.000000    0.729381
      5          1           0        0.000000    0.000000    2.217031
      6          1           0        1.041664    0.000000    1.837896
      7          1           0        2.083328    0.000000    1.458762
      8          1           0        2.083328    0.000000    0.350246
      9          1           0        2.083328    0.000000   -0.758269
     10          1           0        3.124992    0.000000   -1.137404
     11          1           0        3.124992    0.000000   -0.028888
     12          1           0        3.124992    0.000000    1.079627
 ---------------------------------------------------------------------
                    Distance matrix (angstroms):
                    1          2          3          4          5
     1  H    0.000000
     2  H    1.108516   0.000000
     3  H    1.108516   1.816085   0.000000
     4  H    1.271637   1.108516   1.108516   0.000000
     5  H    2.217031   1.108516   2.797345   1.816085   0.000000
     6  H    2.112564   1.271637   2.217031   1.108516   1.108516
     7  H    2.543273   2.112564   2.112564   1.271637   2.217031
     8  H    2.112564   2.217031   1.271637   1.108516   2.797345
     9  H    2.217031   2.797345   1.108516   1.816085   3.632171
    10  H    3.325547   3.848341   2.217031   2.797345   4.584518
    11  H    3.125125   3.325547   2.112564   2.217031   3.848341
    12  H    3.306232   3.125125   2.543273   2.112564   3.325547
                    6          7          8          9         10
     6  H    0.000000
     7  H    1.108516   0.000000
     8  H    1.816085   1.108516   0.000000
     9  H    2.797345   2.217031   1.108516   0.000000
    10  H    3.632171   2.797345   1.816085   1.108516   0.000000
    11  H    2.797345   1.816085   1.108516   1.271637   1.108516
    12  H    2.217031   1.108516   1.271637   2.112564   2.217031
                   11         12
    11  H    0.000000
    12  H    1.108516   0.000000
 Stoichiometry    H12
 Framework group  C2H[SGH(H12)]
 Deg. of freedom    11
 Full point group                 C2H     NOp   4
 Largest Abelian subgroup         C2H     NOp   4
 Largest concise Abelian subgroup C2      NOp   2
                         Standard orientation:                         
 ---------------------------------------------------------------------
 Center     Atomic      Atomic             Coordinates (Angstroms)
 Number     Number       Type             X           Y           Z
 ---------------------------------------------------------------------
      1          1           0        1.041664    1.283639    0.000000
      2          1           0        0.000000    1.662773    0.000000
      3          1           0        1.041664    0.175123    0.000000
      4          1           0        0.000000    0.554258    0.000000
      5          1           0       -1.041664    2.041908    0.000000
      6          1           0       -1.041664    0.933392   -0.000000
      7          1           0       -1.041664   -0.175123    0.000000
      8          1           0       -0.000000   -0.554258    0.000000
      9          1           0        1.041664   -0.933392    0.000000
     10          1           0        1.041664   -2.041908    0.000000
     11          1           0       -0.000000   -1.662773    0.000000
     12          1           0       -1.041664   -1.283639    0.000000
 ---------------------------------------------------------------------
 Rotational constants (GHZ):     64.0342891     24.5432201     17.7427393
 General basis read from cards:  (5D, 7F)
 There are     6 symmetry adapted cartesian basis functions of AG  symmetry.
 There are     0 symmetry adapted cartesian basis functions of BG  symmetry.
 There are     0 symmetry adapted cartesian basis functions of AU  symmetry.
 There are     6 symmetry adapted cartesian basis functions of BU  symmetry.
 There are     6 symmetry adapted basis functions of AG  symmetry.
 There are     0 symmetry adapted basis functions of BG  symmetry.
 There are     0 symmetry adapted basis functions of AU  symmetry.
 There are     6 symmetry adapted basis functions of BU  symmetry.
    12 basis functions,   120 primitive gaussians,    12 cartesian basis functions
     6 alpha electrons        6 beta electrons
       nuclear repulsion energy        19.8990608613 Hartrees.
 NAtoms=   12 NActive=   12 NUniq=    6 SFac= 4.00D+00 NAtFMM=   60 NAOKFM=F Big=F
 Integral buffers will be    131072 words long.
 Regular integral format.
 Two-electron integral symmetry is turned on.
 One-electron integrals computed using PRISM.
 NBasis=    12 RedAO= T EigKep=  1.39D-01  NBF=     6     0     0     6
 NBsUse=    12 1.00D-06 EigRej= -1.00D+00 NBFU=     6     0     0     6
 Initial guess from the checkpoint file:  "h12.chk"
 B after Tr=    -0.000000   -0.000000    0.000000
         Rot=    0.999999   -0.000000    0.000000   -0.001518 Ang=  -0.17 deg.
 Initial guess orbital symmetries:
       Occupied  (AG) (BU) (BU) (AG) (BU) (BU)
       Virtual   (AG) (AG) (BU) (AG) (AG) (BU)
 Keep R1 ints in memory in symmetry-blocked form, NReq=903994.
 Requested convergence on RMS density matrix=1.00D-08 within 128 cycles.
 Requested convergence on MAX density matrix=1.00D-06.
 Requested convergence on             energy=1.00D-06.
 No special actions if energy rises.
 SCF Done:  E(RHF) =  -5.09008531054     A.U. after   11 cycles
            NFock= 11  Conv=0.38D-08     -V/T= 1.6856
 Range of M.O.s used for correlation:     1    12
 NBasis=    12 NAE=     6 NBE=     6 NFC=     0 NFV=     0
 NROrb=     12 NOA=     6 NOB=     6 NVA=     6 NVB=     6

 **** Warning!!: The smallest alpha delta epsilon is -0.15283725D+00

 Semi-Direct transformation.
 ModeAB=           4 MOrb=             6 LenV=     134084339
 LASXX=         2181 LTotXX=        2181 LenRXX=        5115
 LTotAB=        2934 MaxLAS=        3024 LenRXY=           0
 NonZer=        7296 LenScr=      655360 LnRSAI=        3024
 LnScr1=      655360 LExtra=           0 Total=      1318859
 MaxDsk=          -1 SrtSym=           T ITran=            3
 JobTyp=0 Pass  1:  I=   1 to   6.
 (rs|ai) integrals will be sorted in core.
 Spin components of T(2) and E(2):
     alpha-alpha T2 =       0.1524623300D-01 E2=     -0.1508358603D-01
     alpha-beta  T2 =       0.1600174206D+01 E2=     -0.1722577184D+00
     beta-beta   T2 =       0.1524623300D-01 E2=     -0.1508358603D-01
 ANorm=    0.1621933005D+01
 E2 =    -0.2024248904D+00 EUMP2 =    -0.52925102009581D+01
 Second order stability test of a single determinant RHF wave function:
 Stabil:  MDV=134217728
 ***********************************************************************
 Matrix         Lowest Root    Major Pairs
 ***********************************************************************
 Internal RHF    -0.3334032    6A=7A
 RRHF --> CRHF   -0.4023641    6A=7A
 RRHF --> RUHF   -0.5603711    6A=7B
 Not stable.
 ***********************************************************************

 **********************************************************************

            Population analysis using the SCF density.

 **********************************************************************

 Orbital symmetries:
       Occupied  (AG) (BU) (BU) (AG) (BU) (BU)
       Virtual   (AG) (AG) (BU) (AG) (AG) (BU)
 The electronic state is 1-AG.
 Alpha  occ. eigenvalues --   -0.91269  -0.73745  -0.60001  -0.51071  -0.21080
 Alpha  occ. eigenvalues --   -0.04529
 Alpha virt. eigenvalues --   -0.19813   0.08637   0.30477   0.35385   0.59293
 Alpha virt. eigenvalues --    0.78086
          Condensed to atoms (all electrons):
               1          2          3          4          5          6
     1  H    0.665900   0.276272  -0.251805  -0.006206  -0.079308  -0.057955
     2  H    0.276272   1.231708  -0.254830  -0.465154   0.239303  -0.186651
     3  H   -0.251805  -0.254830   1.799951   0.470324   0.022868   0.047193
     4  H   -0.006206  -0.465154   0.470324   1.665520  -0.182089   0.517895
     5  H   -0.079308   0.239303   0.022868  -0.182089   1.285429   0.000662
     6  H   -0.057955  -0.186651   0.047193   0.517895   0.000662   0.921792
     7  H    0.058324   0.101354  -0.255012  -0.181433  -0.125061  -0.226233
     8  H    0.024099   0.095397  -0.181433  -0.641203   0.025920  -0.258527
     9  H    0.056664   0.054492  -0.226233  -0.258527   0.005998  -0.060921
    10  H    0.017121   0.003110  -0.125061   0.025920  -0.003340   0.005998
    11  H   -0.023805  -0.021430   0.101354   0.095397   0.003110   0.054492
    12  H   -0.024271  -0.023805   0.058324   0.024099   0.017121   0.056664
               7          8          9         10         11         12
     1  H    0.058324   0.024099   0.056664   0.017121  -0.023805  -0.024271
     2  H    0.101354   0.095397   0.054492   0.003110  -0.021430  -0.023805
     3  H   -0.255012  -0.181433  -0.226233  -0.125061   0.101354   0.058324
     4  H   -0.181433  -0.641203  -0.258527   0.025920   0.095397   0.024099
     5  H   -0.125061   0.025920   0.005998  -0.003340   0.003110   0.017121
     6  H   -0.226233  -0.258527  -0.060921   0.005998   0.054492   0.056664
     7  H    1.799951   0.470324   0.047193   0.022868  -0.254830  -0.251805
     8  H    0.470324   1.665520   0.517895  -0.182089  -0.465154  -0.006206
     9  H    0.047193   0.517895   0.921792   0.000662  -0.186651  -0.057955
    10  H    0.022868  -0.182089   0.000662   1.285429   0.239303  -0.079308
    11  H   -0.254830  -0.465154  -0.186651   0.239303   1.231708   0.276272
    12  H   -0.251805  -0.006206  -0.057955  -0.079308   0.276272   0.665900
 Mulliken charges:
               1
     1  H    0.344972
     2  H   -0.049766
     3  H   -0.205639
     4  H   -0.064543
     5  H   -0.210615
     6  H    0.185590
     7  H   -0.205639
     8  H   -0.064543
     9  H    0.185590
    10  H   -0.210615
    11  H   -0.049766
    12  H    0.344972
 Sum of Mulliken charges =  -0.00000
 Mulliken charges with hydrogens summed into heavy atoms:
               1
 Electronic spatial extent (au):  <R**2>=            140.9393
 Charge=             -0.0000 electrons
 Dipole moment (field-independent basis, Debye):
    X=              0.0000    Y=              0.0000    Z=              0.0000  Tot=              0.0000
 Quadrupole moment (field-independent basis, Debye-Ang):
   XX=            -13.7407   YY=            -25.4857   ZZ=            -14.5909
   XY=              7.2696   XZ=             -0.0000   YZ=              0.0000
 Traceless Quadrupole moment (field-independent basis, Debye-Ang):
   XX=              4.1984   YY=             -7.5466   ZZ=              3.3482
   XY=              7.2696   XZ=             -0.0000   YZ=              0.0000
 Octapole moment (field-independent basis, Debye-Ang**2):
  XXX=              0.0000  YYY=              0.0000  ZZZ=             -0.0000  XYY=              0.0000
  XXY=              0.0000  XXZ=             -0.0000  XZZ=              0.0000  YZZ=             -0.0000
  YYZ=             -0.0000  XYZ=              0.0000
 Hexadecapole moment (field-independent basis, Debye-Ang**3):
 XXXX=            -78.9446 YYYY=           -262.5509 ZZZZ=            -16.9740 XXXY=             26.0767
 XXXZ=             -0.0000 YYYX=             49.3779 YYYZ=              0.0000 ZZZX=             -0.0000
 ZZZY=              0.0000 XXYY=            -49.9122 XXZZ=            -16.4321 YYZZ=            -34.1317
 XXYZ=              0.0000 YYXZ=             -0.0000 ZZXY=              6.0249
 N-N= 1.989906086129D+01 E-N=-5.136828277847D+01  KE= 7.423911556861D+00
 Symmetry AG   KE= 1.575359139769D+00
 Symmetry BG   KE= 0.000000000000D+00
 Symmetry AU   KE= 0.000000000000D+00
 Symmetry BU   KE= 5.848552417092D+00

 Test job not archived.
 1\1\GINC-SULU\Stability\RHF\Gen\H12\LCJ1\17-Feb-2017\0\\#rhf/gen scf(s
 ymm,tight,novaracc,noincfock,fulldiag) stable(crhf) guess=read geom=no
 crowd test\\hf stability analysis of h12 triangular lattice, y= 0.6358
 1839018712483\\0,1\H\H,1,1.1085155081\H,1,1.1085155081,2,110.\H,2,1.10
 85155081,1,70.,3,0.,0\H,2,1.1085155081,1,180.,3,0.,0\H,4,1.1085155081,
 3,180.,5,0.,0\H,6,1.1085155081,5,180.,3,0.,0\H,4,1.1085155081,2,180.,3
 ,0.,0\H,3,1.1085155081,1,180.,4,0.,0\H,9,1.1085155081,3,180.,4,0.,0\H,
 8,1.1085155081,4,180.,3,0.,0\H,7,1.1085155081,6,180.,3,0.,0\\Version=E
 S64L-G09RevE.01\State=1-AG\HF=-5.0900853\MP2=-5.2925102\RMSD=3.751e-09
 \Dipole=0.,0.,0.\Quadrupole=-1.1151139,2.4893,-1.3741861,0.,6.9467279,
 0.\PG=C02H [SGH(H12)]\\@


 STEINBACH'S GUIDELINES FOR SYSTEMS PROGRAMMING:
 NEVER TEST FOR AN ERROR CONDITION YOU DON'T KNOW HOW
 TO HANDLE.
 Job cpu time:       0 days  0 hours  0 minutes  1.1 seconds.
 File lengths (MBytes):  RWF=     84 Int=      0 D2E=      0 Chk=      2 Scr=      2
 Normal termination of Gaussian 09 at Fri Feb 17 14:58:31 2017.
