 Entering Gaussian System, Link 0=g09
 AtFile(1): H.gbs
            H     0
            S   10   1.00
               1000.000000000000            0.000068713567
                316.227766000000            0.000169141320
                100.000000000000            0.000823394812
                 31.622776600000            0.003425569236
                 10.000000000000            0.013951996000
                  3.162277660000            0.056909313560
                  1.000000000000            0.198286399900
                  0.316227766000            0.496922426700
                  0.100000000000            0.369846276400
                  0.031622776600            0.003752720039
            ****
 Initial command:
 /projects/guscus/apps/gau/g09-e1/g09/l1.exe "/users/lcj1/gaussian/h12/rhfstability/2rows/alterguess/4to2/Gau-4829.inp" -scrdir="/users/lcj1/gaussian/h12/rhfstability/2rows/alterguess/4to2/"
 Entering Link 1 = /projects/guscus/apps/gau/g09-e1/g09/l1.exe PID=      4834.
  
 Copyright (c) 1988,1990,1992,1993,1995,1998,2003,2009,2015,
            Gaussian, Inc.  All Rights Reserved.
  
 This is part of the Gaussian(R) 09 program.  It is based on
 the Gaussian(R) 03 system (copyright 2003, Gaussian, Inc.),
 the Gaussian(R) 98 system (copyright 1998, Gaussian, Inc.),
 the Gaussian(R) 94 system (copyright 1995, Gaussian, Inc.),
 the Gaussian 92(TM) system (copyright 1992, Gaussian, Inc.),
 the Gaussian 90(TM) system (copyright 1990, Gaussian, Inc.),
 the Gaussian 88(TM) system (copyright 1988, Gaussian, Inc.),
 the Gaussian 86(TM) system (copyright 1986, Carnegie Mellon
 University), and the Gaussian 82(TM) system (copyright 1983,
 Carnegie Mellon University). Gaussian is a federally registered
 trademark of Gaussian, Inc.
  
 This software contains proprietary and confidential information,
 including trade secrets, belonging to Gaussian, Inc.
  
 This software is provided under written license and may be
 used, copied, transmitted, or stored only in accord with that
 written license.
  
 The following legend is applicable only to US Government
 contracts under FAR:
  
                    RESTRICTED RIGHTS LEGEND
  
 Use, reproduction and disclosure by the US Government is
 subject to restrictions as set forth in subparagraphs (a)
 and (c) of the Commercial Computer Software - Restricted
 Rights clause in FAR 52.227-19.
  
 Gaussian, Inc.
 340 Quinnipiac St., Bldg. 40, Wallingford CT 06492
  
  
 ---------------------------------------------------------------
 Warning -- This program may not be used in any manner that
 competes with the business of Gaussian, Inc. or will provide
 assistance to any competitor of Gaussian, Inc.  The licensee
 of this program is prohibited from giving any competitor of
 Gaussian, Inc. access to this program.  By using this program,
 the user acknowledges that Gaussian, Inc. is engaged in the
 business of creating and licensing software in the field of
 computational chemistry and represents and warrants to the
 licensee that it is not a competitor of Gaussian, Inc. and that
 it will not use this program in any manner prohibited above.
 ---------------------------------------------------------------
  

 Cite this work as:
 Gaussian 09, Revision E.01,
 M. J. Frisch, G. W. Trucks, H. B. Schlegel, G. E. Scuseria, 
 M. A. Robb, J. R. Cheeseman, G. Scalmani, V. Barone, B. Mennucci, 
 G. A. Petersson, H. Nakatsuji, M. Caricato, X. Li, H. P. Hratchian, 
 A. F. Izmaylov, J. Bloino, G. Zheng, J. L. Sonnenberg, M. Hada, 
 M. Ehara, K. Toyota, R. Fukuda, J. Hasegawa, M. Ishida, T. Nakajima, 
 Y. Honda, O. Kitao, H. Nakai, T. Vreven, J. A. Montgomery, Jr., 
 J. E. Peralta, F. Ogliaro, M. Bearpark, J. J. Heyd, E. Brothers, 
 K. N. Kudin, V. N. Staroverov, T. Keith, R. Kobayashi, J. Normand, 
 K. Raghavachari, A. Rendell, J. C. Burant, S. S. Iyengar, J. Tomasi, 
 M. Cossi, N. Rega, J. M. Millam, M. Klene, J. E. Knox, J. B. Cross, 
 V. Bakken, C. Adamo, J. Jaramillo, R. Gomperts, R. E. Stratmann, 
 O. Yazyev, A. J. Austin, R. Cammi, C. Pomelli, J. W. Ochterski, 
 R. L. Martin, K. Morokuma, V. G. Zakrzewski, G. A. Voth, 
 P. Salvador, J. J. Dannenberg, S. Dapprich, A. D. Daniels, 
 O. Farkas, J. B. Foresman, J. V. Ortiz, J. Cioslowski, 
 and D. J. Fox, Gaussian, Inc., Wallingford CT, 2013.
 
 ******************************************
 Gaussian 09:  ES64L-G09RevE.01 30-Nov-2015
                17-Feb-2017 
 ******************************************
 %chk=h12.chk
 ----------------------------------------------------------------------
 #rhf/gen scf(symm,tight,novaracc,noincfock,fulldiag) stable(crhf) gues
 s=read geom=nocrowd test
 ----------------------------------------------------------------------
 1/38=1/1;
 2/12=1,17=6,18=5,40=1/2;
 3/5=7,16=1,25=1,30=1,116=1/1,2,3;
 4/5=1,9=4/1;
 5/5=100002,15=2,16=1,32=2,38=6/2;
 8/6=1,10=90,11=11/1,4;
 9/8=4,13=1/2;
 6/7=2,8=2,9=2,10=2,28=1/1;
 99/5=1,9=1/99;
 ----------------------------------------------------------------------
 hf stability analysis of h10 triangular lattice, y= 0.3650915174764740
 0
 ----------------------------------------------------------------------
 Symbolic Z-matrix:
 Charge =  0 Multiplicity = 1
 H
 H                    1     1.62298 
 H                    1     1.62298  2     154. 
 H                    2     1.62298  1     26.      3     0.       0
 H                    3     1.62298  1     180.     2     0.       0
 H                    4     1.62298  2     180.     1     0.       0
 H                    5     1.62298  3     180.     2     0.       0
 H                    6     1.62298  4     180.     1     0.       0
 H                    7     1.62298  5     180.     2     0.       0
 H                    8     1.62298  6     180.     1     0.       0
 H                    9     1.62298  7     180.     2     0.       0
 H                    10    1.62298  8     180.     1     0.       0
 
                          Input orientation:                          
 ---------------------------------------------------------------------
 Center     Atomic      Atomic             Coordinates (Angstroms)
 Number     Number       Type             X           Y           Z
 ---------------------------------------------------------------------
      1          1           0        0.000000    0.000000    0.000000
      2          1           0        0.000000    0.000000    1.622982
      3          1           0        0.711468    0.000000   -1.458727
      4          1           0        0.711468    0.000000    0.164255
      5          1           0        1.422937    0.000000   -2.917453
      6          1           0        1.422937    0.000000   -1.294471
      7          1           0        2.134405    0.000000   -4.376180
      8          1           0        2.134405    0.000000   -2.753198
      9          1           0        2.845874    0.000000   -5.834906
     10          1           0        2.845874    0.000000   -4.211924
     11          1           0        3.557342    0.000000   -7.293633
     12          1           0        3.557342    0.000000   -5.670651
 ---------------------------------------------------------------------
                    Distance matrix (angstroms):
                    1          2          3          4          5
     1  H    0.000000
     2  H    1.622982   0.000000
     3  H    1.622982   3.162770   0.000000
     4  H    0.730183   1.622982   1.622982   0.000000
     5  H    3.245964   4.758182   1.622982   3.162770   0.000000
     6  H    1.923644   3.245964   0.730183   1.622982   1.622982
     7  H    4.868946   6.367545   3.245964   4.758182   1.622982
     8  H    3.483645   4.868946   1.923644   3.245964   0.730183
     9  H    6.491928   7.982424   4.868946   6.367545   3.245964
    10  H    5.083238   6.491928   3.483645   4.868946   1.923644
    11  H    8.114910   9.600037   6.491928   7.982424   4.868946
    12  H    6.694099   8.114910   5.083238   6.491928   3.483645
                    6          7          8          9         10
     6  H    0.000000
     7  H    3.162770   0.000000
     8  H    1.622982   1.622982   0.000000
     9  H    4.758182   1.622982   3.162770   0.000000
    10  H    3.245964   0.730183   1.622982   1.622982   0.000000
    11  H    6.367545   3.245964   4.758182   1.622982   3.162770
    12  H    4.868946   1.923644   3.245964   0.730183   1.622982
                   11         12
    11  H    0.000000
    12  H    1.622982   0.000000
 Stoichiometry    H12
 Framework group  C2H[SGH(H12)]
 Deg. of freedom    11
 Full point group                 C2H     NOp   4
 Largest Abelian subgroup         C2H     NOp   4
 Largest concise Abelian subgroup C2      NOp   2
                         Standard orientation:                         
 ---------------------------------------------------------------------
 Center     Atomic      Atomic             Coordinates (Angstroms)
 Number     Number       Type             X           Y           Z
 ---------------------------------------------------------------------
      1          1           0        3.162770    1.095275   -0.000000
      2          1           0        4.744155    0.730183   -0.000000
      3          1           0        1.581385    0.730183   -0.000000
      4          1           0        3.162770    0.365092   -0.000000
      5          1           0        0.000000    0.365092   -0.000000
      6          1           0        1.581385    0.000000   -0.000000
      7          1           0       -1.581385    0.000000   -0.000000
      8          1           0       -0.000000   -0.365092   -0.000000
      9          1           0       -3.162770   -0.365092   -0.000000
     10          1           0       -1.581385   -0.730183   -0.000000
     11          1           0       -4.744155   -0.730183   -0.000000
     12          1           0       -3.162770   -1.095275   -0.000000
 ---------------------------------------------------------------------
 Rotational constants (GHZ):    353.4395172      5.0818400      5.0098078
 General basis read from cards:  (5D, 7F)
 There are     6 symmetry adapted cartesian basis functions of AG  symmetry.
 There are     0 symmetry adapted cartesian basis functions of BG  symmetry.
 There are     0 symmetry adapted cartesian basis functions of AU  symmetry.
 There are     6 symmetry adapted cartesian basis functions of BU  symmetry.
 There are     6 symmetry adapted basis functions of AG  symmetry.
 There are     0 symmetry adapted basis functions of BG  symmetry.
 There are     0 symmetry adapted basis functions of AU  symmetry.
 There are     6 symmetry adapted basis functions of BU  symmetry.
    12 basis functions,   120 primitive gaussians,    12 cartesian basis functions
     6 alpha electrons        6 beta electrons
       nuclear repulsion energy        14.8150030882 Hartrees.
 NAtoms=   12 NActive=   12 NUniq=    6 SFac= 4.00D+00 NAtFMM=   60 NAOKFM=F Big=F
 Integral buffers will be    131072 words long.
 Regular integral format.
 Two-electron integral symmetry is turned on.
 One-electron integrals computed using PRISM.
 NBasis=    12 RedAO= T EigKep=  1.61D-01  NBF=     6     0     0     6
 NBsUse=    12 1.00D-06 EigRej= -1.00D+00 NBFU=     6     0     0     6
 Initial guess from the checkpoint file:  "h12.chk"
 B after Tr=     0.000000    0.000000    0.000000
         Rot=    0.999998    0.000000   -0.000000   -0.001837 Ang=  -0.21 deg.
 Initial guess orbital symmetries:
       Occupied  (AG) (BU) (AG) (BU) (AG) (AG)
       Virtual   (BU) (BU) (AG) (BU) (AG) (BU)
 Keep R1 ints in memory in symmetry-blocked form, NReq=892990.
 Requested convergence on RMS density matrix=1.00D-08 within 128 cycles.
 Requested convergence on MAX density matrix=1.00D-06.
 Requested convergence on             energy=1.00D-06.
 No special actions if energy rises.
 SCF Done:  E(RHF) =  -5.94238583568     A.U. after    6 cycles
            NFock=  6  Conv=0.79D-08     -V/T= 1.9606
 Range of M.O.s used for correlation:     1    12
 NBasis=    12 NAE=     6 NBE=     6 NFC=     0 NFV=     0
 NROrb=     12 NOA=     6 NOB=     6 NVA=     6 NVB=     6

 **** Warning!!: The smallest alpha delta epsilon is  0.54551815D-01

 Semi-Direct transformation.
 ModeAB=           4 MOrb=             6 LenV=     134094979
 LASXX=         2181 LTotXX=        2181 LenRXX=        5115
 LTotAB=        2934 MaxLAS=        3024 LenRXY=           0
 NonZer=        7296 LenScr=      655360 LnRSAI=        3024
 LnScr1=      655360 LExtra=           0 Total=      1318859
 MaxDsk=          -1 SrtSym=           T ITran=            3
 JobTyp=0 Pass  1:  I=   1 to   6.
 (rs|ai) integrals will be sorted in core.
 Spin components of T(2) and E(2):
     alpha-alpha T2 =       0.5133597847D-03 E2=     -0.1007181324D-02
     alpha-beta  T2 =       0.6255346810D+01 E2=     -0.7438590575D+00
     beta-beta   T2 =       0.5133597847D-03 E2=     -0.1007181324D-02
 ANorm=    0.2693765678D+01
 E2 =    -0.7458734202D+00 EUMP2 =    -0.66882592558640D+01
 Second order stability test of a single determinant RHF wave function:
 Stabil:  MDV=134217728
 ***********************************************************************
 Matrix         Lowest Root    Major Pairs
 ***********************************************************************
 Internal RHF     0.2415496    Stable
 RRHF --> CRHF   -0.002907     6A=7A
 RRHF --> RUHF   -0.5563582    6A=7B
 Not stable.
 ***********************************************************************

 **********************************************************************

            Population analysis using the SCF density.

 **********************************************************************

 Orbital symmetries:
       Occupied  (AG) (BU) (AG) (BU) (AG) (AG)
       Virtual   (BU) (BU) (AG) (BU) (AG) (BU)
 The electronic state is 1-AG.
 Alpha  occ. eigenvalues --   -0.75448  -0.72092  -0.65684  -0.57410  -0.48113
 Alpha  occ. eigenvalues --   -0.15322
 Alpha virt. eigenvalues --   -0.09867   0.23913   0.30601   0.41997   0.55335
 Alpha virt. eigenvalues --    0.67154
          Condensed to atoms (all electrons):
               1          2          3          4          5          6
     1  H    0.688856  -0.065092  -0.085659   0.510645   0.003335  -0.069693
     2  H   -0.065092   1.172276  -0.000851  -0.053684  -0.000116   0.001927
     3  H   -0.085659  -0.000851   0.752853  -0.071276  -0.095155   0.567326
     4  H    0.510645  -0.053684  -0.071276   0.661232   0.002395  -0.083091
     5  H    0.003335  -0.000116  -0.095155   0.002395   0.760812  -0.085020
     6  H   -0.069693   0.001927   0.567326  -0.083091  -0.085020   0.749139
     7  H   -0.000173   0.000030   0.003403  -0.000153  -0.094071   0.003292
     8  H    0.002794  -0.000080  -0.074108   0.002734   0.576251  -0.094071
     9  H    0.000014  -0.000004  -0.000095   0.000015   0.002734  -0.000153
    10  H   -0.000096   0.000013   0.002875  -0.000095  -0.074108   0.003403
    11  H   -0.000004   0.000001   0.000013  -0.000004  -0.000080   0.000030
    12  H    0.000011  -0.000004  -0.000096   0.000014   0.002794  -0.000173
               7          8          9         10         11         12
     1  H   -0.000173   0.002794   0.000014  -0.000096  -0.000004   0.000011
     2  H    0.000030  -0.000080  -0.000004   0.000013   0.000001  -0.000004
     3  H    0.003403  -0.074108  -0.000095   0.002875   0.000013  -0.000096
     4  H   -0.000153   0.002734   0.000015  -0.000095  -0.000004   0.000014
     5  H   -0.094071   0.576251   0.002734  -0.074108  -0.000080   0.002794
     6  H    0.003292  -0.094071  -0.000153   0.003403   0.000030  -0.000173
     7  H    0.749139  -0.085020  -0.083091   0.567326   0.001927  -0.069693
     8  H   -0.085020   0.760812   0.002395  -0.095155  -0.000116   0.003335
     9  H   -0.083091   0.002395   0.661232  -0.071276  -0.053684   0.510645
    10  H    0.567326  -0.095155  -0.071276   0.752853  -0.000851  -0.085659
    11  H    0.001927  -0.000116  -0.053684  -0.000851   1.172276  -0.065092
    12  H   -0.069693   0.003335   0.510645  -0.085659  -0.065092   0.688856
 Mulliken charges:
               1
     1  H    0.015062
     2  H   -0.054417
     3  H    0.000772
     4  H    0.031269
     5  H    0.000230
     6  H    0.007085
     7  H    0.007085
     8  H    0.000230
     9  H    0.031269
    10  H    0.000772
    11  H   -0.054417
    12  H    0.015062
 Sum of Mulliken charges =  -0.00000
 Mulliken charges with hydrogens summed into heavy atoms:
               1
 Electronic spatial extent (au):  <R**2>=            400.8804
 Charge=             -0.0000 electrons
 Dipole moment (field-independent basis, Debye):
    X=              0.0000    Y=              0.0000    Z=              0.0000  Tot=              0.0000
 Quadrupole moment (field-independent basis, Debye-Ang):
   XX=            -29.3394   YY=            -13.6383   ZZ=            -15.4450
   XY=             -2.1617   XZ=              0.0000   YZ=              0.0000
 Traceless Quadrupole moment (field-independent basis, Debye-Ang):
   XX=             -9.8652   YY=              5.8359   ZZ=              4.0293
   XY=             -2.1617   XZ=              0.0000   YZ=              0.0000
 Octapole moment (field-independent basis, Debye-Ang**2):
  XXX=             -0.0000  YYY=             -0.0000  ZZZ=              0.0000  XYY=              0.0000
  XXY=             -0.0000  XXZ=              0.0000  XZZ=              0.0000  YZZ=              0.0000
  YYZ=              0.0000  XYZ=              0.0000
 Hexadecapole moment (field-independent basis, Debye-Ang**3):
 XXXX=          -1223.1642 YYYY=            -51.5425 ZZZZ=            -18.6378 XXXY=           -139.9766
 XXXZ=              0.0000 YYYX=            -68.7684 YYYZ=              0.0000 ZZZX=              0.0000
 ZZZY=              0.0000 XXYY=           -140.1175 XXZZ=           -134.4949 YYZZ=            -12.2530
 XXYZ=              0.0000 YYXZ=              0.0000 ZZXY=            -24.7825
 N-N= 1.481500308821D+01 E-N=-4.101981775016D+01  KE= 6.186406254513D+00
 Symmetry AG   KE= 4.359936305354D+00
 Symmetry BG   KE= 0.000000000000D+00
 Symmetry AU   KE= 0.000000000000D+00
 Symmetry BU   KE= 1.826469949158D+00

 Test job not archived.
 1\1\GINC-SULU\Stability\RHF\Gen\H12\LCJ1\17-Feb-2017\0\\#rhf/gen scf(s
 ymm,tight,novaracc,noincfock,fulldiag) stable(crhf) guess=read geom=no
 crowd test\\hf stability analysis of h10 triangular lattice, y= 0.3650
 9151747647400\\0,1\H\H,1,1.6229819796\H,1,1.6229819796,2,154.\H,2,1.62
 29819796,1,26.,3,0.,0\H,3,1.6229819796,1,180.,2,0.,0\H,4,1.6229819796,
 2,180.,1,0.,0\H,5,1.6229819796,3,180.,2,0.,0\H,6,1.6229819796,4,180.,1
 ,0.,0\H,7,1.6229819796,5,180.,2,0.,0\H,8,1.6229819796,6,180.,1,0.,0\H,
 9,1.6229819796,7,180.,2,0.,0\H,10,1.6229819796,8,180.,1,0.,0\\Version=
 ES64L-G09RevE.01\State=1-AG\HF=-5.9423858\MP2=-6.6882593\RMSD=7.915e-0
 9\Dipole=0.,0.,0.\Quadrupole=3.0436234,2.99567,-6.0392934,0.,4.0031494
 ,0.\PG=C02H [SGH(H12)]\\@


 CONFIDENCE: THAT QUIET ASSURED FEELING YOU HAVE
 JUST BEFORE YOU FALL FLAT ON YOUR FACE.
 Job cpu time:       0 days  0 hours  0 minutes  1.0 seconds.
 File lengths (MBytes):  RWF=     84 Int=      0 D2E=      0 Chk=      2 Scr=      2
 Normal termination of Gaussian 09 at Fri Feb 17 13:49:52 2017.
