 Entering Gaussian System, Link 0=g09
 AtFile(1): H.gbs
            H     0
            S   10   1.00
               1000.000000000000            0.000068713567
                316.227766000000            0.000169141320
                100.000000000000            0.000823394812
                 31.622776600000            0.003425569236
                 10.000000000000            0.013951996000
                  3.162277660000            0.056909313560
                  1.000000000000            0.198286399900
                  0.316227766000            0.496922426700
                  0.100000000000            0.369846276400
                  0.031622776600            0.003752720039
            ****
 Initial command:
 /projects/guscus/apps/gau/g09-e1/g09/l1.exe "/users/lcj1/gaussian/h12/rhfstability/2rows/alterguess/4to2/Gau-2655.inp" -scrdir="/users/lcj1/gaussian/h12/rhfstability/2rows/alterguess/4to2/"
 Entering Link 1 = /projects/guscus/apps/gau/g09-e1/g09/l1.exe PID=      2656.
  
 Copyright (c) 1988,1990,1992,1993,1995,1998,2003,2009,2015,
            Gaussian, Inc.  All Rights Reserved.
  
 This is part of the Gaussian(R) 09 program.  It is based on
 the Gaussian(R) 03 system (copyright 2003, Gaussian, Inc.),
 the Gaussian(R) 98 system (copyright 1998, Gaussian, Inc.),
 the Gaussian(R) 94 system (copyright 1995, Gaussian, Inc.),
 the Gaussian 92(TM) system (copyright 1992, Gaussian, Inc.),
 the Gaussian 90(TM) system (copyright 1990, Gaussian, Inc.),
 the Gaussian 88(TM) system (copyright 1988, Gaussian, Inc.),
 the Gaussian 86(TM) system (copyright 1986, Carnegie Mellon
 University), and the Gaussian 82(TM) system (copyright 1983,
 Carnegie Mellon University). Gaussian is a federally registered
 trademark of Gaussian, Inc.
  
 This software contains proprietary and confidential information,
 including trade secrets, belonging to Gaussian, Inc.
  
 This software is provided under written license and may be
 used, copied, transmitted, or stored only in accord with that
 written license.
  
 The following legend is applicable only to US Government
 contracts under FAR:
  
                    RESTRICTED RIGHTS LEGEND
  
 Use, reproduction and disclosure by the US Government is
 subject to restrictions as set forth in subparagraphs (a)
 and (c) of the Commercial Computer Software - Restricted
 Rights clause in FAR 52.227-19.
  
 Gaussian, Inc.
 340 Quinnipiac St., Bldg. 40, Wallingford CT 06492
  
  
 ---------------------------------------------------------------
 Warning -- This program may not be used in any manner that
 competes with the business of Gaussian, Inc. or will provide
 assistance to any competitor of Gaussian, Inc.  The licensee
 of this program is prohibited from giving any competitor of
 Gaussian, Inc. access to this program.  By using this program,
 the user acknowledges that Gaussian, Inc. is engaged in the
 business of creating and licensing software in the field of
 computational chemistry and represents and warrants to the
 licensee that it is not a competitor of Gaussian, Inc. and that
 it will not use this program in any manner prohibited above.
 ---------------------------------------------------------------
  

 Cite this work as:
 Gaussian 09, Revision E.01,
 M. J. Frisch, G. W. Trucks, H. B. Schlegel, G. E. Scuseria, 
 M. A. Robb, J. R. Cheeseman, G. Scalmani, V. Barone, B. Mennucci, 
 G. A. Petersson, H. Nakatsuji, M. Caricato, X. Li, H. P. Hratchian, 
 A. F. Izmaylov, J. Bloino, G. Zheng, J. L. Sonnenberg, M. Hada, 
 M. Ehara, K. Toyota, R. Fukuda, J. Hasegawa, M. Ishida, T. Nakajima, 
 Y. Honda, O. Kitao, H. Nakai, T. Vreven, J. A. Montgomery, Jr., 
 J. E. Peralta, F. Ogliaro, M. Bearpark, J. J. Heyd, E. Brothers, 
 K. N. Kudin, V. N. Staroverov, T. Keith, R. Kobayashi, J. Normand, 
 K. Raghavachari, A. Rendell, J. C. Burant, S. S. Iyengar, J. Tomasi, 
 M. Cossi, N. Rega, J. M. Millam, M. Klene, J. E. Knox, J. B. Cross, 
 V. Bakken, C. Adamo, J. Jaramillo, R. Gomperts, R. E. Stratmann, 
 O. Yazyev, A. J. Austin, R. Cammi, C. Pomelli, J. W. Ochterski, 
 R. L. Martin, K. Morokuma, V. G. Zakrzewski, G. A. Voth, 
 P. Salvador, J. J. Dannenberg, S. Dapprich, A. D. Daniels, 
 O. Farkas, J. B. Foresman, J. V. Ortiz, J. Cioslowski, 
 and D. J. Fox, Gaussian, Inc., Wallingford CT, 2013.
 
 ******************************************
 Gaussian 09:  ES64L-G09RevE.01 30-Nov-2015
                17-Feb-2017 
 ******************************************
 %chk=h12.chk
 ----------------------------------------------------------------------
 #rhf/gen scf(symm,tight,novaracc,noincfock,fulldiag) stable(crhf) gues
 s=read geom=nocrowd test
 ----------------------------------------------------------------------
 1/38=1/1;
 2/12=1,17=6,18=5,40=1/2;
 3/5=7,16=1,25=1,30=1,116=1/1,2,3;
 4/5=1,9=4/1;
 5/5=100002,15=2,16=1,32=2,38=6/2;
 8/6=1,10=90,11=11/1,4;
 9/8=4,13=1/2;
 6/7=2,8=2,9=2,10=2,28=1/1;
 99/5=1,9=1/99;
 ----------------------------------------------------------------------
 hf stability analysis of h10 triangular lattice, y= 1.4678899319530556
 ----------------------------------------------------------------------
 Symbolic Z-matrix:
 Charge =  0 Multiplicity = 1
 H
 H                    1     1.51967 
 H                    1     1.51967  2     30. 
 H                    2     1.51967  1     150.     3     0.       0
 H                    3     1.51967  1     180.     2     0.       0
 H                    4     1.51967  2     180.     1     0.       0
 H                    5     1.51967  3     180.     2     0.       0
 H                    6     1.51967  4     180.     1     0.       0
 H                    7     1.51967  5     180.     2     0.       0
 H                    8     1.51967  6     180.     1     0.       0
 H                    9     1.51967  7     180.     2     0.       0
 H                    10    1.51967  8     180.     1     0.       0
 
                          Input orientation:                          
 ---------------------------------------------------------------------
 Center     Atomic      Atomic             Coordinates (Angstroms)
 Number     Number       Type             X           Y           Z
 ---------------------------------------------------------------------
      1          1           0        0.000000    0.000000    0.000000
      2          1           0        0.000000    0.000000    1.519671
      3          1           0        0.759836    0.000000    1.316074
      4          1           0        0.759836    0.000000    2.835746
      5          1           0        1.519671    0.000000    2.632148
      6          1           0        1.519671    0.000000    4.151820
      7          1           0        2.279507    0.000000    3.948222
      8          1           0        2.279507    0.000000    5.467894
      9          1           0        3.039343    0.000000    5.264296
     10          1           0        3.039343    0.000000    6.783968
     11          1           0        3.799179    0.000000    6.580370
     12          1           0        3.799179    0.000000    8.100042
 ---------------------------------------------------------------------
                    Distance matrix (angstroms):
                    1          2          3          4          5
     1  H    0.000000
     2  H    1.519671   0.000000
     3  H    1.519671   0.786640   0.000000
     4  H    2.935780   1.519671   1.519671   0.000000
     5  H    3.039343   1.883350   1.519671   0.786640   0.000000
     6  H    4.421200   3.039343   2.935780   1.519671   1.519671
     7  H    4.559014   3.330768   3.039343   1.883350   1.519671
     8  H    5.924020   4.559014   4.421200   3.039343   2.935780
     9  H    6.078686   4.822844   4.559014   3.330768   3.039343
    10  H    7.433695   6.078686   5.924020   4.559014   4.421200
    11  H    7.598357   6.328067   6.078686   4.822844   4.559014
    12  H    8.946756   7.598357   7.433695   6.078686   5.924020
                    6          7          8          9         10
     6  H    0.000000
     7  H    0.786640   0.000000
     8  H    1.519671   1.519671   0.000000
     9  H    1.883350   1.519671   0.786640   0.000000
    10  H    3.039343   2.935780   1.519671   1.519671   0.000000
    11  H    3.330768   3.039343   1.883350   1.519671   0.786640
    12  H    4.559014   4.421200   3.039343   2.935780   1.519671
                   11         12
    11  H    0.000000
    12  H    1.519671   0.000000
 Stoichiometry    H12
 Framework group  C2H[SGH(H12)]
 Deg. of freedom    11
 Full point group                 C2H     NOp   4
 Largest Abelian subgroup         C2H     NOp   4
 Largest concise Abelian subgroup C2      NOp   2
                         Standard orientation:                         
 ---------------------------------------------------------------------
 Center     Atomic      Atomic             Coordinates (Angstroms)
 Number     Number       Type             X           Y           Z
 ---------------------------------------------------------------------
      1          1           0        4.403670    0.786640    0.000000
      2          1           0        2.935780    1.179960    0.000000
      3          1           0        2.935780    0.393320    0.000000
      4          1           0        1.467890    0.786640    0.000000
      5          1           0        1.467890    0.000000    0.000000
      6          1           0        0.000000    0.393320    0.000000
      7          1           0       -0.000000   -0.393320    0.000000
      8          1           0       -1.467890    0.000000   -0.000000
      9          1           0       -1.467890   -0.786640    0.000000
     10          1           0       -2.935780   -0.393320   -0.000000
     11          1           0       -2.935780   -1.179960    0.000000
     12          1           0       -4.403670   -0.786640   -0.000000
 ---------------------------------------------------------------------
 Rotational constants (GHZ):    308.5088409      5.8219483      5.7141158
 General basis read from cards:  (5D, 7F)
 There are     6 symmetry adapted cartesian basis functions of AG  symmetry.
 There are     0 symmetry adapted cartesian basis functions of BG  symmetry.
 There are     0 symmetry adapted cartesian basis functions of AU  symmetry.
 There are     6 symmetry adapted cartesian basis functions of BU  symmetry.
 There are     6 symmetry adapted basis functions of AG  symmetry.
 There are     0 symmetry adapted basis functions of BG  symmetry.
 There are     0 symmetry adapted basis functions of AU  symmetry.
 There are     6 symmetry adapted basis functions of BU  symmetry.
    12 basis functions,   120 primitive gaussians,    12 cartesian basis functions
     6 alpha electrons        6 beta electrons
       nuclear repulsion energy        15.2649575134 Hartrees.
 NAtoms=   12 NActive=   12 NUniq=    6 SFac= 4.00D+00 NAtFMM=   60 NAOKFM=F Big=F
 Integral buffers will be    131072 words long.
 Regular integral format.
 Two-electron integral symmetry is turned on.
 One-electron integrals computed using PRISM.
 NBasis=    12 RedAO= T EigKep=  1.68D-01  NBF=     6     0     0     6
 NBsUse=    12 1.00D-06 EigRej= -1.00D+00 NBFU=     6     0     0     6
 Initial guess from the checkpoint file:  "h12.chk"
 B after Tr=    -0.000000   -0.000000   -0.000000
         Rot=    0.999998    0.000000    0.000000    0.001837 Ang=   0.21 deg.
 Initial guess orbital symmetries:
       Occupied  (AG) (BU) (AG) (BU) (AG) (AG)
       Virtual   (BU) (BU) (AG) (BU) (AG) (BU)
 Keep R1 ints in memory in symmetry-blocked form, NReq=893914.
 Requested convergence on RMS density matrix=1.00D-08 within 128 cycles.
 Requested convergence on MAX density matrix=1.00D-06.
 Requested convergence on             energy=1.00D-06.
 No special actions if energy rises.
 SCF Done:  E(RHF) =  -5.86376542758     A.U. after    7 cycles
            NFock=  7  Conv=0.71D-08     -V/T= 1.9183
 Range of M.O.s used for correlation:     1    12
 NBasis=    12 NAE=     6 NBE=     6 NFC=     0 NFV=     0
 NROrb=     12 NOA=     6 NOB=     6 NVA=     6 NVB=     6

 **** Warning!!: The smallest alpha delta epsilon is  0.56173016D-01

 Semi-Direct transformation.
 ModeAB=           4 MOrb=             6 LenV=     134093859
 LASXX=         2181 LTotXX=        2181 LenRXX=        5115
 LTotAB=        2934 MaxLAS=        3024 LenRXY=           0
 NonZer=        7296 LenScr=      655360 LnRSAI=        3024
 LnScr1=      655360 LExtra=           0 Total=      1318859
 MaxDsk=          -1 SrtSym=           T ITran=            3
 JobTyp=0 Pass  1:  I=   1 to   6.
 (rs|ai) integrals will be sorted in core.
 Spin components of T(2) and E(2):
     alpha-alpha T2 =       0.8262543571D-03 E2=     -0.1471338476D-02
     alpha-beta  T2 =       0.5273622522D+01 E2=     -0.6660134909D+00
     beta-beta   T2 =       0.8262543571D-03 E2=     -0.1471338476D-02
 ANorm=    0.2505049906D+01
 E2 =    -0.6689561678D+00 EUMP2 =    -0.65327215953898D+01
 Second order stability test of a single determinant RHF wave function:
 Stabil:  MDV=134217728
 ***********************************************************************
 Matrix         Lowest Root    Major Pairs
 ***********************************************************************
 Internal RHF     0.1602682    Stable
 RRHF --> CRHF   -0.0081889    6A=7A
 RRHF --> RUHF   -0.5367449    6A=7B
 Not stable.
 ***********************************************************************

 **********************************************************************

            Population analysis using the SCF density.

 **********************************************************************

 Orbital symmetries:
       Occupied  (AG) (BU) (AG) (BU) (AG) (AG)
       Virtual   (BU) (BU) (AG) (BU) (AG) (BU)
 The electronic state is 1-AG.
 Alpha  occ. eigenvalues --   -0.76768  -0.72794  -0.65060  -0.54984  -0.43141
 Alpha  occ. eigenvalues --   -0.12548
 Alpha virt. eigenvalues --   -0.06931   0.18282   0.25585   0.38128   0.52792
 Alpha virt. eigenvalues --    0.65808
          Condensed to atoms (all electrons):
               1          2          3          4          5          6
     1  H    1.238354  -0.090594  -0.057901  -0.003432   0.003792  -0.000328
     2  H   -0.090594   0.758156   0.513951  -0.115081  -0.095377   0.006802
     3  H   -0.057901   0.513951   0.668852  -0.082184  -0.107232   0.003678
     4  H   -0.003432  -0.115081  -0.082184   0.822341   0.594081  -0.132202
     5  H    0.003792  -0.095377  -0.107232   0.594081   0.827416  -0.113741
     6  H   -0.000328   0.006802   0.003678  -0.132202  -0.113741   0.843777
     7  H   -0.000194   0.005436   0.004514  -0.099709  -0.131402   0.612755
     8  H    0.000101  -0.000560  -0.000428   0.006502   0.006813  -0.131402
     9  H    0.000032  -0.000252  -0.000206   0.005281   0.006502  -0.099709
    10  H   -0.000011   0.000042   0.000041  -0.000206  -0.000428   0.004514
    11  H   -0.000011   0.000037   0.000042  -0.000252  -0.000560   0.005436
    12  H    0.000004  -0.000011  -0.000011   0.000032   0.000101  -0.000194
               7          8          9         10         11         12
     1  H   -0.000194   0.000101   0.000032  -0.000011  -0.000011   0.000004
     2  H    0.005436  -0.000560  -0.000252   0.000042   0.000037  -0.000011
     3  H    0.004514  -0.000428  -0.000206   0.000041   0.000042  -0.000011
     4  H   -0.099709   0.006502   0.005281  -0.000206  -0.000252   0.000032
     5  H   -0.131402   0.006813   0.006502  -0.000428  -0.000560   0.000101
     6  H    0.612755  -0.131402  -0.099709   0.004514   0.005436  -0.000194
     7  H    0.843777  -0.113741  -0.132202   0.003678   0.006802  -0.000328
     8  H   -0.113741   0.827416   0.594081  -0.107232  -0.095377   0.003792
     9  H   -0.132202   0.594081   0.822341  -0.082184  -0.115081  -0.003432
    10  H    0.003678  -0.107232  -0.082184   0.668852   0.513951  -0.057901
    11  H    0.006802  -0.095377  -0.115081   0.513951   0.758156  -0.090594
    12  H   -0.000328   0.003792  -0.003432  -0.057901  -0.090594   1.238354
 Mulliken charges:
               1
     1  H   -0.089810
     2  H    0.017451
     3  H    0.056883
     4  H    0.004830
     5  H    0.010034
     6  H    0.000613
     7  H    0.000613
     8  H    0.010034
     9  H    0.004830
    10  H    0.056883
    11  H    0.017451
    12  H   -0.089810
 Sum of Mulliken charges =  -0.00000
 Mulliken charges with hydrogens summed into heavy atoms:
               1
 Electronic spatial extent (au):  <R**2>=            359.3552
 Charge=             -0.0000 electrons
 Dipole moment (field-independent basis, Debye):
    X=              0.0000    Y=              0.0000    Z=              0.0000  Tot=              0.0000
 Quadrupole moment (field-independent basis, Debye-Ang):
   XX=            -33.0300   YY=            -13.5187   ZZ=            -15.2803
   XY=             -3.2763   XZ=             -0.0000   YZ=             -0.0000
 Traceless Quadrupole moment (field-independent basis, Debye-Ang):
   XX=            -12.4203   YY=              7.0909   ZZ=              5.3294
   XY=             -3.2763   XZ=             -0.0000   YZ=             -0.0000
 Octapole moment (field-independent basis, Debye-Ang**2):
  XXX=              0.0000  YYY=             -0.0000  ZZZ=             -0.0000  XYY=              0.0000
  XXY=             -0.0000  XXZ=             -0.0000  XZZ=              0.0000  YZZ=              0.0000
  YYZ=             -0.0000  XYZ=              0.0000
 Hexadecapole moment (field-independent basis, Debye-Ang**3):
 XXXX=          -1161.5271 YYYY=            -56.6009 ZZZZ=            -18.3126 XXXY=           -158.1632
 XXXZ=             -0.0000 YYYX=            -69.8285 YYYZ=             -0.0000 ZZZX=             -0.0000
 ZZZY=             -0.0000 XXYY=           -129.8694 XXZZ=           -117.6517 YYZZ=            -13.1403
 XXYZ=             -0.0000 YYXZ=             -0.0000 ZZXY=            -24.9169
 N-N= 1.526495751337D+01 E-N=-4.213696457223D+01  KE= 6.385428655181D+00
 Symmetry AG   KE= 4.557671245873D+00
 Symmetry BG   KE= 0.000000000000D+00
 Symmetry AU   KE= 0.000000000000D+00
 Symmetry BU   KE= 1.827757409309D+00

 Test job not archived.
 1\1\GINC-SULU\Stability\RHF\Gen\H12\LCJ1\17-Feb-2017\0\\#rhf/gen scf(s
 ymm,tight,novaracc,noincfock,fulldiag) stable(crhf) guess=read geom=no
 crowd test\\hf stability analysis of h10 triangular lattice, y= 1.4678
 899319530556\\0,1\H\H,1,1.5196714672\H,1,1.5196714672,2,30.\H,2,1.5196
 714672,1,150.,3,0.,0\H,3,1.5196714672,1,180.,2,0.,0\H,4,1.5196714672,2
 ,180.,1,0.,0\H,5,1.5196714672,3,180.,2,0.,0\H,6,1.5196714672,4,180.,1,
 0.,0\H,7,1.5196714672,5,180.,2,0.,0\H,8,1.5196714672,6,180.,1,0.,0\H,9
 ,1.5196714672,7,180.,2,0.,0\H,10,1.5196714672,8,180.,1,0.,0\\Version=E
 S64L-G09RevE.01\State=1-AG\HF=-5.8637654\MP2=-6.5327216\RMSD=7.126e-09
 \Dipole=0.,0.,0.\Quadrupole=3.0822847,3.9622818,-7.0445664,0.,-5.73603
 31,0.\PG=C02H [SGH(H12)]\\@


 THE SECRET OF SUCCESS IN LIFE IS TO EAT WHAT YOU LIKE, AND LET THE FOOD
 FIGHT IT OUT INSIDE YOU. -- FROM A FORTUNE COOKIE
 Job cpu time:       0 days  0 hours  0 minutes  1.0 seconds.
 File lengths (MBytes):  RWF=     84 Int=      0 D2E=      0 Chk=      2 Scr=      2
 Normal termination of Gaussian 09 at Fri Feb 17 14:02:23 2017.
