 Entering Gaussian System, Link 0=g09
 AtFile(1): H.gbs
            H     0
            S   10   1.00
               1000.000000000000            0.000068713567
                316.227766000000            0.000169141320
                100.000000000000            0.000823394812
                 31.622776600000            0.003425569236
                 10.000000000000            0.013951996000
                  3.162277660000            0.056909313560
                  1.000000000000            0.198286399900
                  0.316227766000            0.496922426700
                  0.100000000000            0.369846276400
                  0.031622776600            0.003752720039
            ****
 Initial command:
 /projects/guscus/apps/gau/g09-e1/g09/l1.exe "/users/lcj1/gaussian/h12/rhfstability/2rows/alterguess/4to2/Gau-15371.inp" -scrdir="/users/lcj1/gaussian/h12/rhfstability/2rows/alterguess/4to2/"
 Entering Link 1 = /projects/guscus/apps/gau/g09-e1/g09/l1.exe PID=     15374.
  
 Copyright (c) 1988,1990,1992,1993,1995,1998,2003,2009,2015,
            Gaussian, Inc.  All Rights Reserved.
  
 This is part of the Gaussian(R) 09 program.  It is based on
 the Gaussian(R) 03 system (copyright 2003, Gaussian, Inc.),
 the Gaussian(R) 98 system (copyright 1998, Gaussian, Inc.),
 the Gaussian(R) 94 system (copyright 1995, Gaussian, Inc.),
 the Gaussian 92(TM) system (copyright 1992, Gaussian, Inc.),
 the Gaussian 90(TM) system (copyright 1990, Gaussian, Inc.),
 the Gaussian 88(TM) system (copyright 1988, Gaussian, Inc.),
 the Gaussian 86(TM) system (copyright 1986, Carnegie Mellon
 University), and the Gaussian 82(TM) system (copyright 1983,
 Carnegie Mellon University). Gaussian is a federally registered
 trademark of Gaussian, Inc.
  
 This software contains proprietary and confidential information,
 including trade secrets, belonging to Gaussian, Inc.
  
 This software is provided under written license and may be
 used, copied, transmitted, or stored only in accord with that
 written license.
  
 The following legend is applicable only to US Government
 contracts under FAR:
  
                    RESTRICTED RIGHTS LEGEND
  
 Use, reproduction and disclosure by the US Government is
 subject to restrictions as set forth in subparagraphs (a)
 and (c) of the Commercial Computer Software - Restricted
 Rights clause in FAR 52.227-19.
  
 Gaussian, Inc.
 340 Quinnipiac St., Bldg. 40, Wallingford CT 06492
  
  
 ---------------------------------------------------------------
 Warning -- This program may not be used in any manner that
 competes with the business of Gaussian, Inc. or will provide
 assistance to any competitor of Gaussian, Inc.  The licensee
 of this program is prohibited from giving any competitor of
 Gaussian, Inc. access to this program.  By using this program,
 the user acknowledges that Gaussian, Inc. is engaged in the
 business of creating and licensing software in the field of
 computational chemistry and represents and warrants to the
 licensee that it is not a competitor of Gaussian, Inc. and that
 it will not use this program in any manner prohibited above.
 ---------------------------------------------------------------
  

 Cite this work as:
 Gaussian 09, Revision E.01,
 M. J. Frisch, G. W. Trucks, H. B. Schlegel, G. E. Scuseria, 
 M. A. Robb, J. R. Cheeseman, G. Scalmani, V. Barone, B. Mennucci, 
 G. A. Petersson, H. Nakatsuji, M. Caricato, X. Li, H. P. Hratchian, 
 A. F. Izmaylov, J. Bloino, G. Zheng, J. L. Sonnenberg, M. Hada, 
 M. Ehara, K. Toyota, R. Fukuda, J. Hasegawa, M. Ishida, T. Nakajima, 
 Y. Honda, O. Kitao, H. Nakai, T. Vreven, J. A. Montgomery, Jr., 
 J. E. Peralta, F. Ogliaro, M. Bearpark, J. J. Heyd, E. Brothers, 
 K. N. Kudin, V. N. Staroverov, T. Keith, R. Kobayashi, J. Normand, 
 K. Raghavachari, A. Rendell, J. C. Burant, S. S. Iyengar, J. Tomasi, 
 M. Cossi, N. Rega, J. M. Millam, M. Klene, J. E. Knox, J. B. Cross, 
 V. Bakken, C. Adamo, J. Jaramillo, R. Gomperts, R. E. Stratmann, 
 O. Yazyev, A. J. Austin, R. Cammi, C. Pomelli, J. W. Ochterski, 
 R. L. Martin, K. Morokuma, V. G. Zakrzewski, G. A. Voth, 
 P. Salvador, J. J. Dannenberg, S. Dapprich, A. D. Daniels, 
 O. Farkas, J. B. Foresman, J. V. Ortiz, J. Cioslowski, 
 and D. J. Fox, Gaussian, Inc., Wallingford CT, 2013.
 
 ******************************************
 Gaussian 09:  ES64L-G09RevE.01 30-Nov-2015
                17-Feb-2017 
 ******************************************
 %chk=h12.chk
 ----------------------------------------------------------------------
 #rhf/gen scf(symm,tight,novaracc,noincfock,fulldiag) stable(crhf) gues
 s=read geom=nocrowd test
 ----------------------------------------------------------------------
 1/38=1/1;
 2/12=1,17=6,18=5,40=1/2;
 3/5=7,16=1,25=1,30=1,116=1/1,2,3;
 4/5=1,9=4/1;
 5/5=100002,15=2,16=1,32=2,38=6/2;
 8/6=1,10=90,11=11/1,4;
 9/8=4,13=1/2;
 6/7=2,8=2,9=2,10=2,28=1/1;
 99/5=1,9=1/99;
 ----------------------------------------------------------------------
 hf stability analysis of h10 triangular lattice, y= 0.6358183901871248
 3
 ----------------------------------------------------------------------
 Symbolic Z-matrix:
 Charge =  0 Multiplicity = 1
 H
 H                    1     1.10852 
 H                    1     1.10852  2     110. 
 H                    2     1.10852  1     70.      3     0.       0
 H                    3     1.10852  1     180.     2     0.       0
 H                    4     1.10852  2     180.     1     0.       0
 H                    5     1.10852  3     180.     2     0.       0
 H                    6     1.10852  4     180.     1     0.       0
 H                    7     1.10852  5     180.     2     0.       0
 H                    8     1.10852  6     180.     1     0.       0
 H                    9     1.10852  7     180.     2     0.       0
 H                    10    1.10852  8     180.     1     0.       0
 
                          Input orientation:                          
 ---------------------------------------------------------------------
 Center     Atomic      Atomic             Coordinates (Angstroms)
 Number     Number       Type             X           Y           Z
 ---------------------------------------------------------------------
      1          1           0        0.000000    0.000000    0.000000
      2          1           0        0.000000    0.000000    1.108516
      3          1           0        1.041664    0.000000   -0.379135
      4          1           0        1.041664    0.000000    0.729381
      5          1           0        2.083328    0.000000   -0.758269
      6          1           0        2.083328    0.000000    0.350246
      7          1           0        3.124992    0.000000   -1.137404
      8          1           0        3.124992    0.000000   -0.028888
      9          1           0        4.166655    0.000000   -1.516539
     10          1           0        4.166655    0.000000   -0.408023
     11          1           0        5.208319    0.000000   -1.895673
     12          1           0        5.208319    0.000000   -0.787158
 ---------------------------------------------------------------------
                    Distance matrix (angstroms):
                    1          2          3          4          5
     1  H    0.000000
     2  H    1.108516   0.000000
     3  H    1.108516   1.816085   0.000000
     4  H    1.271637   1.108516   1.108516   0.000000
     5  H    2.217031   2.797345   1.108516   1.816085   0.000000
     6  H    2.112564   2.217031   1.271637   1.108516   1.108516
     7  H    3.325547   3.848341   2.217031   2.797345   1.108516
     8  H    3.125125   3.325547   2.112564   2.217031   1.271637
     9  H    4.434062   4.924624   3.325547   3.848341   2.217031
    10  H    4.186586   4.434062   3.125125   3.325547   2.112564
    11  H    5.542578   6.012632   4.434062   4.924624   3.325547
    12  H    5.267467   5.542578   4.186586   4.434062   3.125125
                    6          7          8          9         10
     6  H    0.000000
     7  H    1.816085   0.000000
     8  H    1.108516   1.108516   0.000000
     9  H    2.797345   1.108516   1.816085   0.000000
    10  H    2.217031   1.271637   1.108516   1.108516   0.000000
    11  H    3.848341   2.217031   2.797345   1.108516   1.816085
    12  H    3.325547   2.112564   2.217031   1.271637   1.108516
                   11         12
    11  H    0.000000
    12  H    1.108516   0.000000
 Stoichiometry    H12
 Framework group  C2H[SGH(H12)]
 Deg. of freedom    11
 Full point group                 C2H     NOp   4
 Largest Abelian subgroup         C2H     NOp   4
 Largest concise Abelian subgroup C2      NOp   2
                         Standard orientation:                         
 ---------------------------------------------------------------------
 Center     Atomic      Atomic             Coordinates (Angstroms)
 Number     Number       Type             X           Y           Z
 ---------------------------------------------------------------------
      1          1           0        1.816085    1.907455   -0.000000
      2          1           0        2.724128    1.271637   -0.000000
      3          1           0        0.908043    1.271637   -0.000000
      4          1           0        1.816085    0.635818   -0.000000
      5          1           0        0.000000    0.635818   -0.000000
      6          1           0        0.908043    0.000000    0.000000
      7          1           0       -0.908043    0.000000   -0.000000
      8          1           0       -0.000000   -0.635818    0.000000
      9          1           0       -1.816085   -0.635818   -0.000000
     10          1           0       -0.908043   -1.271637    0.000000
     11          1           0       -2.724128   -1.271637   -0.000000
     12          1           0       -1.816085   -1.907455    0.000000
 ---------------------------------------------------------------------
 Rotational constants (GHZ):    155.7174414     11.5345013     10.7390264
 General basis read from cards:  (5D, 7F)
 There are     6 symmetry adapted cartesian basis functions of AG  symmetry.
 There are     0 symmetry adapted cartesian basis functions of BG  symmetry.
 There are     0 symmetry adapted cartesian basis functions of AU  symmetry.
 There are     6 symmetry adapted cartesian basis functions of BU  symmetry.
 There are     6 symmetry adapted basis functions of AG  symmetry.
 There are     0 symmetry adapted basis functions of BG  symmetry.
 There are     0 symmetry adapted basis functions of AU  symmetry.
 There are     6 symmetry adapted basis functions of BU  symmetry.
    12 basis functions,   120 primitive gaussians,    12 cartesian basis functions
     6 alpha electrons        6 beta electrons
       nuclear repulsion energy        18.0435172779 Hartrees.
 NAtoms=   12 NActive=   12 NUniq=    6 SFac= 4.00D+00 NAtFMM=   60 NAOKFM=F Big=F
 Integral buffers will be    131072 words long.
 Regular integral format.
 Two-electron integral symmetry is turned on.
 One-electron integrals computed using PRISM.
 NBasis=    12 RedAO= T EigKep=  1.44D-01  NBF=     6     0     0     6
 NBsUse=    12 1.00D-06 EigRej= -1.00D+00 NBFU=     6     0     0     6
 Initial guess from the checkpoint file:  "h12.chk"
 B after Tr=    -0.000000   -0.000000   -0.000000
         Rot=    0.999998    0.000000   -0.000000   -0.001837 Ang=  -0.21 deg.
 Initial guess orbital symmetries:
       Occupied  (AG) (BU) (AG) (BU) (AG) (AG)
       Virtual   (BU) (BU) (BU) (AG) (BU) (AG)
 Keep R1 ints in memory in symmetry-blocked form, NReq=900606.
 Requested convergence on RMS density matrix=1.00D-08 within 128 cycles.
 Requested convergence on MAX density matrix=1.00D-06.
 Requested convergence on             energy=1.00D-06.
 No special actions if energy rises.
 SCF Done:  E(RHF) =  -5.43300560022     A.U. after   10 cycles
            NFock= 10  Conv=0.30D-08     -V/T= 1.8009
 Range of M.O.s used for correlation:     1    12
 NBasis=    12 NAE=     6 NBE=     6 NFC=     0 NFV=     0
 NROrb=     12 NOA=     6 NOB=     6 NVA=     6 NVB=     6

 **** Warning!!: The smallest alpha delta epsilon is  0.12908775D-03

 Semi-Direct transformation.
 ModeAB=           4 MOrb=             6 LenV=     134087713
 LASXX=         2181 LTotXX=        2181 LenRXX=        5115
 LTotAB=        2934 MaxLAS=        3024 LenRXY=           0
 NonZer=        7296 LenScr=      655360 LnRSAI=        3024
 LnScr1=      655360 LExtra=           0 Total=      1318859
 MaxDsk=          -1 SrtSym=           T ITran=            3
 JobTyp=0 Pass  1:  I=   1 to   6.
 (rs|ai) integrals will be sorted in core.
 Spin components of T(2) and E(2):
     alpha-alpha T2 =       0.1945971927D-01 E2=     -0.1579118553D-01
     alpha-beta  T2 =       0.6088122675D+04 E2=     -0.1822015227D+01
     beta-beta   T2 =       0.1945971927D-01 E2=     -0.1579118553D-01
 ANorm=    0.7803308013D+02
 E2 =    -0.1853597598D+01 EUMP2 =    -0.72866031978347D+01
 Second order stability test of a single determinant RHF wave function:
 Stabil:  MDV=134217728
 ***********************************************************************
 Matrix         Lowest Root    Major Pairs
 ***********************************************************************
 Internal RHF    -0.2191884    6A=7A
 RRHF --> CRHF   -0.2656902    6A=7A
 RRHF --> RUHF   -0.361719     5A=7B 6A=7B
 Not stable.
 ***********************************************************************

 **********************************************************************

            Population analysis using the SCF density.

 **********************************************************************

 Orbital symmetries:
       Occupied  (AG) (BU) (AG) (BU) (AG) (AG)
       Virtual   (BU) (BU) (BU) (AG) (BU) (AG)
 The electronic state is 1-AG.
 Alpha  occ. eigenvalues --   -0.89270  -0.78202  -0.63672  -0.44982  -0.24815
 Alpha  occ. eigenvalues --   -0.19256
 Alpha virt. eigenvalues --   -0.19243   0.10226   0.32479   0.34075   0.59672
 Alpha virt. eigenvalues --    0.73619
          Condensed to atoms (all electrons):
               1          2          3          4          5          6
     1  H    0.805552   0.348887   0.030544  -0.164522   0.021455  -0.115798
     2  H    0.348887   1.157946  -0.234290  -0.090374   0.012534  -0.050606
     3  H    0.030544  -0.234290   1.444174   0.130248  -0.091631  -0.005530
     4  H   -0.164522  -0.090374   0.130248   1.110574  -0.187816   0.304491
     5  H    0.021455   0.012534  -0.091631  -0.187816   1.027102   0.093411
     6  H   -0.115798  -0.050606  -0.005530   0.304491   0.093411   0.899136
     7  H   -0.005260   0.005072  -0.103485   0.026340  -0.172344   0.016393
     8  H    0.020312   0.019231  -0.095075  -0.134848   0.365942  -0.172344
     9  H   -0.002930  -0.000632  -0.000941   0.014564  -0.134848   0.026340
    10  H    0.002351  -0.003530   0.047627  -0.000941  -0.095075  -0.103485
    11  H   -0.000016   0.000164  -0.003530  -0.000632   0.019231   0.005072
    12  H    0.000326  -0.000016   0.002351  -0.002930   0.020312  -0.005260
               7          8          9         10         11         12
     1  H   -0.005260   0.020312  -0.002930   0.002351  -0.000016   0.000326
     2  H    0.005072   0.019231  -0.000632  -0.003530   0.000164  -0.000016
     3  H   -0.103485  -0.095075  -0.000941   0.047627  -0.003530   0.002351
     4  H    0.026340  -0.134848   0.014564  -0.000941  -0.000632  -0.002930
     5  H   -0.172344   0.365942  -0.134848  -0.095075   0.019231   0.020312
     6  H    0.016393  -0.172344   0.026340  -0.103485   0.005072  -0.005260
     7  H    0.899136   0.093411   0.304491  -0.005530  -0.050606  -0.115798
     8  H    0.093411   1.027102  -0.187816  -0.091631   0.012534   0.021455
     9  H    0.304491  -0.187816   1.110574   0.130248  -0.090374  -0.164522
    10  H   -0.005530  -0.091631   0.130248   1.444174  -0.234290   0.030544
    11  H   -0.050606   0.012534  -0.090374  -0.234290   1.157946   0.348887
    12  H   -0.115798   0.021455  -0.164522   0.030544   0.348887   0.805552
 Mulliken charges:
               1
     1  H    0.059098
     2  H   -0.164386
     3  H   -0.120464
     4  H   -0.004154
     5  H    0.121727
     6  H    0.108179
     7  H    0.108179
     8  H    0.121727
     9  H   -0.004154
    10  H   -0.120464
    11  H   -0.164386
    12  H    0.059098
 Sum of Mulliken charges =  -0.00000
 Mulliken charges with hydrogens summed into heavy atoms:
               1
 Electronic spatial extent (au):  <R**2>=            214.5167
 Charge=             -0.0000 electrons
 Dipole moment (field-independent basis, Debye):
    X=              0.0000    Y=              0.0000    Z=              0.0000  Tot=              0.0000
 Quadrupole moment (field-independent basis, Debye-Ang):
   XX=            -30.1503   YY=            -19.1468   ZZ=            -14.9511
   XY=             -8.5844   XZ=              0.0000   YZ=              0.0000
 Traceless Quadrupole moment (field-independent basis, Debye-Ang):
   XX=             -8.7342   YY=              2.2693   ZZ=              6.4650
   XY=             -8.5844   XZ=              0.0000   YZ=              0.0000
 Octapole moment (field-independent basis, Debye-Ang**2):
  XXX=              0.0000  YYY=              0.0000  ZZZ=              0.0000  XYY=              0.0000
  XXY=              0.0000  XXZ=              0.0000  XZZ=              0.0000  YZZ=              0.0000
  YYZ=              0.0000  XYZ=              0.0000
 Hexadecapole moment (field-independent basis, Debye-Ang**3):
 XXXX=           -413.0571 YYYY=           -156.6613 ZZZZ=            -17.5845 XXXY=           -147.7977
 XXXZ=              0.0000 YYYX=           -100.9120 YYYZ=              0.0000 ZZZX=              0.0000
 ZZZY=              0.0000 XXYY=           -109.8068 XXZZ=            -50.8736 YYZZ=            -27.0763
 XXYZ=              0.0000 YYXZ=              0.0000 ZZXY=            -26.5560
 N-N= 1.804351727789D+01 E-N=-4.733243731999D+01  KE= 6.783364800379D+00
 Symmetry AG   KE= 4.864471433476D+00
 Symmetry BG   KE= 0.000000000000D+00
 Symmetry AU   KE= 0.000000000000D+00
 Symmetry BU   KE= 1.918893366903D+00

 Test job not archived.
 1\1\GINC-SULU\Stability\RHF\Gen\H12\LCJ1\17-Feb-2017\0\\#rhf/gen scf(s
 ymm,tight,novaracc,noincfock,fulldiag) stable(crhf) guess=read geom=no
 crowd test\\hf stability analysis of h10 triangular lattice, y= 0.6358
 1839018712483\\0,1\H\H,1,1.1085155081\H,1,1.1085155081,2,110.\H,2,1.10
 85155081,1,70.,3,0.,0\H,3,1.1085155081,1,180.,2,0.,0\H,4,1.1085155081,
 2,180.,1,0.,0\H,5,1.1085155081,3,180.,2,0.,0\H,6,1.1085155081,4,180.,1
 ,0.,0\H,7,1.1085155081,5,180.,2,0.,0\H,8,1.1085155081,6,180.,1,0.,0\H,
 9,1.1085155081,7,180.,2,0.,0\H,10,1.1085155081,8,180.,1,0.,0\\Version=
 ES64L-G09RevE.01\State=1-AG\HF=-5.4330056\MP2=-7.2866032\RMSD=2.997e-0
 9\Dipole=0.,0.,0.\Quadrupole=-7.001629,4.8065413,2.1950876,0.,6.026600
 6,0.\PG=C02H [SGH(H12)]\\@


 BREAD HAS TO MOLD IN ORDER TO GET PENICILLIN.
          -- JERRY BOATZ
 Job cpu time:       0 days  0 hours  0 minutes  1.1 seconds.
 File lengths (MBytes):  RWF=     84 Int=      0 D2E=      0 Chk=      2 Scr=      2
 Normal termination of Gaussian 09 at Fri Feb 17 13:54:18 2017.
