 Entering Gaussian System, Link 0=g09
 AtFile(1): H.gbs
            H     0
            S   10   1.00
               1000.000000000000            0.000068713567
                316.227766000000            0.000169141320
                100.000000000000            0.000823394812
                 31.622776600000            0.003425569236
                 10.000000000000            0.013951996000
                  3.162277660000            0.056909313560
                  1.000000000000            0.198286399900
                  0.316227766000            0.496922426700
                  0.100000000000            0.369846276400
                  0.031622776600            0.003752720039
            ****
 Initial command:
 /projects/guscus/apps/gau/g09-e1/g09/l1.exe "/users/lcj1/gaussian/h12/rhfstability/2rows/alterguess/4to2/Gau-25744.inp" -scrdir="/users/lcj1/gaussian/h12/rhfstability/2rows/alterguess/4to2/"
 Entering Link 1 = /projects/guscus/apps/gau/g09-e1/g09/l1.exe PID=     25745.
  
 Copyright (c) 1988,1990,1992,1993,1995,1998,2003,2009,2015,
            Gaussian, Inc.  All Rights Reserved.
  
 This is part of the Gaussian(R) 09 program.  It is based on
 the Gaussian(R) 03 system (copyright 2003, Gaussian, Inc.),
 the Gaussian(R) 98 system (copyright 1998, Gaussian, Inc.),
 the Gaussian(R) 94 system (copyright 1995, Gaussian, Inc.),
 the Gaussian 92(TM) system (copyright 1992, Gaussian, Inc.),
 the Gaussian 90(TM) system (copyright 1990, Gaussian, Inc.),
 the Gaussian 88(TM) system (copyright 1988, Gaussian, Inc.),
 the Gaussian 86(TM) system (copyright 1986, Carnegie Mellon
 University), and the Gaussian 82(TM) system (copyright 1983,
 Carnegie Mellon University). Gaussian is a federally registered
 trademark of Gaussian, Inc.
  
 This software contains proprietary and confidential information,
 including trade secrets, belonging to Gaussian, Inc.
  
 This software is provided under written license and may be
 used, copied, transmitted, or stored only in accord with that
 written license.
  
 The following legend is applicable only to US Government
 contracts under FAR:
  
                    RESTRICTED RIGHTS LEGEND
  
 Use, reproduction and disclosure by the US Government is
 subject to restrictions as set forth in subparagraphs (a)
 and (c) of the Commercial Computer Software - Restricted
 Rights clause in FAR 52.227-19.
  
 Gaussian, Inc.
 340 Quinnipiac St., Bldg. 40, Wallingford CT 06492
  
  
 ---------------------------------------------------------------
 Warning -- This program may not be used in any manner that
 competes with the business of Gaussian, Inc. or will provide
 assistance to any competitor of Gaussian, Inc.  The licensee
 of this program is prohibited from giving any competitor of
 Gaussian, Inc. access to this program.  By using this program,
 the user acknowledges that Gaussian, Inc. is engaged in the
 business of creating and licensing software in the field of
 computational chemistry and represents and warrants to the
 licensee that it is not a competitor of Gaussian, Inc. and that
 it will not use this program in any manner prohibited above.
 ---------------------------------------------------------------
  

 Cite this work as:
 Gaussian 09, Revision E.01,
 M. J. Frisch, G. W. Trucks, H. B. Schlegel, G. E. Scuseria, 
 M. A. Robb, J. R. Cheeseman, G. Scalmani, V. Barone, B. Mennucci, 
 G. A. Petersson, H. Nakatsuji, M. Caricato, X. Li, H. P. Hratchian, 
 A. F. Izmaylov, J. Bloino, G. Zheng, J. L. Sonnenberg, M. Hada, 
 M. Ehara, K. Toyota, R. Fukuda, J. Hasegawa, M. Ishida, T. Nakajima, 
 Y. Honda, O. Kitao, H. Nakai, T. Vreven, J. A. Montgomery, Jr., 
 J. E. Peralta, F. Ogliaro, M. Bearpark, J. J. Heyd, E. Brothers, 
 K. N. Kudin, V. N. Staroverov, T. Keith, R. Kobayashi, J. Normand, 
 K. Raghavachari, A. Rendell, J. C. Burant, S. S. Iyengar, J. Tomasi, 
 M. Cossi, N. Rega, J. M. Millam, M. Klene, J. E. Knox, J. B. Cross, 
 V. Bakken, C. Adamo, J. Jaramillo, R. Gomperts, R. E. Stratmann, 
 O. Yazyev, A. J. Austin, R. Cammi, C. Pomelli, J. W. Ochterski, 
 R. L. Martin, K. Morokuma, V. G. Zakrzewski, G. A. Voth, 
 P. Salvador, J. J. Dannenberg, S. Dapprich, A. D. Daniels, 
 O. Farkas, J. B. Foresman, J. V. Ortiz, J. Cioslowski, 
 and D. J. Fox, Gaussian, Inc., Wallingford CT, 2013.
 
 ******************************************
 Gaussian 09:  ES64L-G09RevE.01 30-Nov-2015
                17-Feb-2017 
 ******************************************
 %chk=h12.chk
 ----------------------------------------------------------------------
 #rhf/gen scf(symm,tight,novaracc,noincfock,fulldiag) stable(crhf) gues
 s=read geom=nocrowd test
 ----------------------------------------------------------------------
 1/38=1/1;
 2/12=1,17=6,18=5,40=1/2;
 3/5=7,16=1,25=1,30=1,116=1/1,2,3;
 4/5=1,9=4/1;
 5/5=100002,15=2,16=1,32=2,38=6/2;
 8/6=1,10=90,11=11/1,4;
 9/8=4,13=1/2;
 6/7=2,8=2,9=2,10=2,28=1/1;
 99/5=1,9=1/99;
 ----------------------------------------------------------------------
 hf stability analysis of h10 triangular lattice, y= 0.9251794552834028
 4
 ----------------------------------------------------------------------
 Symbolic Z-matrix:
 Charge =  0 Multiplicity = 1
 H
 H                    1     1.11597 
 H                    1     1.11597  2     68. 
 H                    2     1.11597  1     112.     3     0.       0
 H                    3     1.11597  1     180.     2     0.       0
 H                    4     1.11597  2     180.     1     0.       0
 H                    5     1.11597  3     180.     2     0.       0
 H                    6     1.11597  4     180.     1     0.       0
 H                    7     1.11597  5     180.     2     0.       0
 H                    8     1.11597  6     180.     1     0.       0
 H                    9     1.11597  7     180.     2     0.       0
 H                    10    1.11597  8     180.     1     0.       0
 
                          Input orientation:                          
 ---------------------------------------------------------------------
 Center     Atomic      Atomic             Coordinates (Angstroms)
 Number     Number       Type             X           Y           Z
 ---------------------------------------------------------------------
      1          1           0        0.000000    0.000000    0.000000
      2          1           0        0.000000    0.000000    1.115968
      3          1           0        1.034708    0.000000    0.418049
      4          1           0        1.034708    0.000000    1.534017
      5          1           0        2.069415    0.000000    0.836098
      6          1           0        2.069415    0.000000    1.952066
      7          1           0        3.104123    0.000000    1.254147
      8          1           0        3.104123    0.000000    2.370115
      9          1           0        4.138830    0.000000    1.672196
     10          1           0        4.138830    0.000000    2.788164
     11          1           0        5.173538    0.000000    2.090245
     12          1           0        5.173538    0.000000    3.206213
 ---------------------------------------------------------------------
                    Distance matrix (angstroms):
                    1          2          3          4          5
     1  H    0.000000
     2  H    1.115968   0.000000
     3  H    1.115968   1.248083   0.000000
     4  H    1.850359   1.115968   1.115968   0.000000
     5  H    2.231936   2.088254   1.115968   1.248083   0.000000
     6  H    2.844827   2.231936   1.850359   1.115968   1.115968
     7  H    3.347904   3.107197   2.231936   2.088254   1.115968
     8  H    3.905512   3.347904   2.844827   2.231936   1.850359
     9  H    4.463872   4.176039   3.347904   3.107197   2.231936
    10  H    4.990368   4.463872   3.905512   3.347904   2.844827
    11  H    5.579840   5.264476   4.463872   4.176039   3.347904
    12  H    6.086485   5.579840   4.990368   4.463872   3.905512
                    6          7          8          9         10
     6  H    0.000000
     7  H    1.248083   0.000000
     8  H    1.115968   1.115968   0.000000
     9  H    2.088254   1.115968   1.248083   0.000000
    10  H    2.231936   1.850359   1.115968   1.115968   0.000000
    11  H    3.107197   2.231936   2.088254   1.115968   1.248083
    12  H    3.347904   2.844827   2.231936   1.850359   1.115968
                   11         12
    11  H    0.000000
    12  H    1.115968   0.000000
 Stoichiometry    H12
 Framework group  C2H[SGH(H12)]
 Deg. of freedom    11
 Full point group                 C2H     NOp   4
 Largest Abelian subgroup         C2H     NOp   4
 Largest concise Abelian subgroup C2      NOp   2
                         Standard orientation:                         
 ---------------------------------------------------------------------
 Center     Atomic      Atomic             Coordinates (Angstroms)
 Number     Number       Type             X           Y           Z
 ---------------------------------------------------------------------
      1          1           0        2.775538    1.248083    0.000000
      2          1           0        1.850359    1.872124    0.000000
      3          1           0        1.850359    0.624041    0.000000
      4          1           0        0.925179    1.248083    0.000000
      5          1           0        0.925179    0.000000    0.000000
      6          1           0        0.000000    0.624041    0.000000
      7          1           0       -0.000000   -0.624041    0.000000
      8          1           0       -0.925179    0.000000    0.000000
      9          1           0       -0.925179   -1.248083    0.000000
     10          1           0       -1.850359   -0.624041    0.000000
     11          1           0       -1.850359   -1.872124    0.000000
     12          1           0       -2.775538   -1.248083    0.000000
 ---------------------------------------------------------------------
 Rotational constants (GHZ):    158.1513700     11.3569861     10.5960729
 General basis read from cards:  (5D, 7F)
 There are     6 symmetry adapted cartesian basis functions of AG  symmetry.
 There are     0 symmetry adapted cartesian basis functions of BG  symmetry.
 There are     0 symmetry adapted cartesian basis functions of AU  symmetry.
 There are     6 symmetry adapted cartesian basis functions of BU  symmetry.
 There are     6 symmetry adapted basis functions of AG  symmetry.
 There are     0 symmetry adapted basis functions of BG  symmetry.
 There are     0 symmetry adapted basis functions of AU  symmetry.
 There are     6 symmetry adapted basis functions of BU  symmetry.
    12 basis functions,   120 primitive gaussians,    12 cartesian basis functions
     6 alpha electrons        6 beta electrons
       nuclear repulsion energy        17.9739235010 Hartrees.
 NAtoms=   12 NActive=   12 NUniq=    6 SFac= 4.00D+00 NAtFMM=   60 NAOKFM=F Big=F
 Integral buffers will be    131072 words long.
 Regular integral format.
 Two-electron integral symmetry is turned on.
 One-electron integrals computed using PRISM.
 NBasis=    12 RedAO= T EigKep=  1.50D-01  NBF=     6     0     0     6
 NBsUse=    12 1.00D-06 EigRej= -1.00D+00 NBFU=     6     0     0     6
 Initial guess from the checkpoint file:  "h12.chk"
 B after Tr=    -0.000000    0.000000    0.000000
         Rot=    0.999998    0.000000    0.000000    0.001837 Ang=   0.21 deg.
 Initial guess orbital symmetries:
       Occupied  (AG) (BU) (AG) (BU) (AG) (AG)
       Virtual   (BU) (BU) (BU) (AG) (BU) (AG)
 Keep R1 ints in memory in symmetry-blocked form, NReq=900606.
 Requested convergence on RMS density matrix=1.00D-08 within 128 cycles.
 Requested convergence on MAX density matrix=1.00D-06.
 Requested convergence on             energy=1.00D-06.
 No special actions if energy rises.
 SCF Done:  E(RHF) =  -5.44722287538     A.U. after   10 cycles
            NFock= 10  Conv=0.19D-08     -V/T= 1.8066
 Range of M.O.s used for correlation:     1    12
 NBasis=    12 NAE=     6 NBE=     6 NFC=     0 NFV=     0
 NROrb=     12 NOA=     6 NOB=     6 NVA=     6 NVB=     6

 **** Warning!!: The smallest alpha delta epsilon is  0.11670751D-01

 Semi-Direct transformation.
 ModeAB=           4 MOrb=             6 LenV=     134087685
 LASXX=         2181 LTotXX=        2181 LenRXX=        5115
 LTotAB=        2934 MaxLAS=        3024 LenRXY=           0
 NonZer=        7296 LenScr=      655360 LnRSAI=        3024
 LnScr1=      655360 LExtra=           0 Total=      1318859
 MaxDsk=          -1 SrtSym=           T ITran=            3
 JobTyp=0 Pass  1:  I=   1 to   6.
 (rs|ai) integrals will be sorted in core.
 Spin components of T(2) and E(2):
     alpha-alpha T2 =       0.1861348080D-01 E2=     -0.1532711417D-01
     alpha-beta  T2 =       0.1854691031D+01 E2=     -0.2664037252D+00
     beta-beta   T2 =       0.1861348080D-01 E2=     -0.1532711417D-01
 ANorm=    0.1700564022D+01
 E2 =    -0.2970579535D+00 EUMP2 =    -0.57442808289127D+01
 Second order stability test of a single determinant RHF wave function:
 Stabil:  MDV=134217728
 ***********************************************************************
 Matrix         Lowest Root    Major Pairs
 ***********************************************************************
 Internal RHF    -0.2069368    6A=7A
 RRHF --> CRHF   -0.2530743    6A=7A
 RRHF --> RUHF   -0.3593398    5A=7B 6A=7B
 Not stable.
 ***********************************************************************

 **********************************************************************

            Population analysis using the SCF density.

 **********************************************************************

 Orbital symmetries:
       Occupied  (AG) (BU) (AG) (BU) (AG) (AG)
       Virtual   (BU) (BU) (BU) (AG) (BU) (AG)
 The electronic state is 1-AG.
 Alpha  occ. eigenvalues --   -0.88987  -0.78207  -0.63802  -0.45151  -0.24410
 Alpha  occ. eigenvalues --   -0.19796
 Alpha virt. eigenvalues --   -0.18629   0.10452   0.32121   0.34315   0.59059
 Alpha virt. eigenvalues --    0.70298
          Condensed to atoms (all electrons):
               1          2          3          4          5          6
     1  H    1.155113   0.333054  -0.072952  -0.225755  -0.054059   0.013812
     2  H    0.333054   0.799245  -0.154638   0.045423  -0.121837   0.020663
     3  H   -0.072952  -0.154638   1.075540   0.106201   0.311855  -0.178991
     4  H   -0.225755   0.045423   0.106201   1.433011   0.011112  -0.097219
     5  H   -0.054059  -0.121837   0.311855   0.011112   0.914982   0.069923
     6  H    0.013812   0.020663  -0.178991  -0.097219   0.069923   1.035184
     7  H    0.019065   0.019755  -0.127928  -0.098917  -0.181579   0.390156
     8  H    0.004187  -0.006166   0.027771  -0.099069   0.020265  -0.181579
     9  H   -0.003245   0.002719  -0.001819   0.047203  -0.099069  -0.098917
    10  H   -0.000550  -0.002765   0.012763  -0.001819   0.027771  -0.127928
    11  H   -0.000025   0.000343  -0.002765   0.002719  -0.006166   0.019755
    12  H    0.000144  -0.000025  -0.000550  -0.003245   0.004187   0.019065
               7          8          9         10         11         12
     1  H    0.019065   0.004187  -0.003245  -0.000550  -0.000025   0.000144
     2  H    0.019755  -0.006166   0.002719  -0.002765   0.000343  -0.000025
     3  H   -0.127928   0.027771  -0.001819   0.012763  -0.002765  -0.000550
     4  H   -0.098917  -0.099069   0.047203  -0.001819   0.002719  -0.003245
     5  H   -0.181579   0.020265  -0.099069   0.027771  -0.006166   0.004187
     6  H    0.390156  -0.181579  -0.098917  -0.127928   0.019755   0.019065
     7  H    1.035184   0.069923  -0.097219  -0.178991   0.020663   0.013812
     8  H    0.069923   0.914982   0.011112   0.311855  -0.121837  -0.054059
     9  H   -0.097219   0.011112   1.433011   0.106201   0.045423  -0.225755
    10  H   -0.178991   0.311855   0.106201   1.075540  -0.154638  -0.072952
    11  H    0.020663  -0.121837   0.045423  -0.154638   0.799245   0.333054
    12  H    0.013812  -0.054059  -0.225755  -0.072952   0.333054   1.155113
 Mulliken charges:
               1
     1  H   -0.168790
     2  H    0.064229
     3  H    0.005514
     4  H   -0.119645
     5  H    0.102616
     6  H    0.116077
     7  H    0.116077
     8  H    0.102616
     9  H   -0.119645
    10  H    0.005514
    11  H    0.064229
    12  H   -0.168790
 Sum of Mulliken charges =   0.00000
 Mulliken charges with hydrogens summed into heavy atoms:
               1
 Electronic spatial extent (au):  <R**2>=            216.8033
 Charge=              0.0000 electrons
 Dipole moment (field-independent basis, Debye):
    X=             -0.0000    Y=             -0.0000    Z=             -0.0000  Tot=              0.0000
 Quadrupole moment (field-independent basis, Debye-Ang):
   XX=            -30.4907   YY=            -18.8292   ZZ=            -14.9781
   XY=             -8.2881   XZ=             -0.0000   YZ=             -0.0000
 Traceless Quadrupole moment (field-independent basis, Debye-Ang):
   XX=             -9.0580   YY=              2.6035   ZZ=              6.4545
   XY=             -8.2881   XZ=             -0.0000   YZ=             -0.0000
 Octapole moment (field-independent basis, Debye-Ang**2):
  XXX=              0.0000  YYY=             -0.0000  ZZZ=             -0.0000  XYY=             -0.0000
  XXY=             -0.0000  XXZ=             -0.0000  XZZ=             -0.0000  YZZ=              0.0000
  YYZ=             -0.0000  XYZ=             -0.0000
 Hexadecapole moment (field-independent basis, Debye-Ang**3):
 XXXX=           -431.7346 YYYY=           -150.4705 ZZZZ=            -17.6368 XXXY=           -148.5233
 XXXZ=             -0.0000 YYYX=            -99.0355 YYYZ=             -0.0000 ZZZX=             -0.0000
 ZZZY=             -0.0000 XXYY=           -109.3485 XXZZ=            -52.6211 YYZZ=            -26.2902
 XXYZ=             -0.0000 YYXZ=             -0.0000 ZZXY=            -26.5131
 N-N= 1.797392350102D+01 E-N=-4.718818661571D+01  KE= 6.752959673130D+00
 Symmetry AG   KE= 4.845287649250D+00
 Symmetry BG   KE= 0.000000000000D+00
 Symmetry AU   KE= 0.000000000000D+00
 Symmetry BU   KE= 1.907672023879D+00

 Test job not archived.
 1\1\GINC-SULU\Stability\RHF\Gen\H12\LCJ1\17-Feb-2017\0\\#rhf/gen scf(s
 ymm,tight,novaracc,noincfock,fulldiag) stable(crhf) guess=read geom=no
 crowd test\\hf stability analysis of h10 triangular lattice, y= 0.9251
 7945528340284\\0,1\H\H,1,1.1159680441\H,1,1.1159680441,2,68.\H,2,1.115
 9680441,1,112.,3,0.,0\H,3,1.1159680441,1,180.,2,0.,0\H,4,1.1159680441,
 2,180.,1,0.,0\H,5,1.1159680441,3,180.,2,0.,0\H,6,1.1159680441,4,180.,1
 ,0.,0\H,7,1.1159680441,5,180.,2,0.,0\H,8,1.1159680441,6,180.,1,0.,0\H,
 9,1.1159680441,7,180.,2,0.,0\H,10,1.1159680441,8,180.,1,0.,0\\Version=
 ES64L-G09RevE.01\State=1-AG\HF=-5.4472229\MP2=-5.7442808\RMSD=1.852e-0
 9\Dipole=0.,0.,0.\Quadrupole=-6.4887696,4.7987998,1.6899699,0.,-6.3276
 648,0.\PG=C02H [SGH(H12)]\\@


 FROM AN ANONYMOUS WRITER, ON PERSPECTIVE:

 MAN, DESPITE HIS ARTISTIC PRETENSIONS, HIS SOPHISTICATION AND MANY 
 ACCOMPLISHMENTS, OWES THE FACT OF HIS EXISTENCE TO A SIX-INCH LAYER OF 
 TOPSOIL AND THE FACT THAT IT RAINS.
 Job cpu time:       0 days  0 hours  0 minutes  1.1 seconds.
 File lengths (MBytes):  RWF=     84 Int=      0 D2E=      0 Chk=      2 Scr=      2
 Normal termination of Gaussian 09 at Fri Feb 17 13:58:35 2017.
