 Entering Gaussian System, Link 0=g09
 AtFile(1): H.gbs
            H     0
            S   10   1.00
               1000.000000000000            0.000068713567
                316.227766000000            0.000169141320
                100.000000000000            0.000823394812
                 31.622776600000            0.003425569236
                 10.000000000000            0.013951996000
                  3.162277660000            0.056909313560
                  1.000000000000            0.198286399900
                  0.316227766000            0.496922426700
                  0.100000000000            0.369846276400
                  0.031622776600            0.003752720039
            ****
 Initial command:
 /projects/guscus/apps/gau/g09-e1/g09/l1.exe "/users/lcj1/gaussian/h12/rhfstability/2rows/alterguess/4to2/Gau-30090.inp" -scrdir="/users/lcj1/gaussian/h12/rhfstability/2rows/alterguess/4to2/"
 Entering Link 1 = /projects/guscus/apps/gau/g09-e1/g09/l1.exe PID=     30091.
  
 Copyright (c) 1988,1990,1992,1993,1995,1998,2003,2009,2015,
            Gaussian, Inc.  All Rights Reserved.
  
 This is part of the Gaussian(R) 09 program.  It is based on
 the Gaussian(R) 03 system (copyright 2003, Gaussian, Inc.),
 the Gaussian(R) 98 system (copyright 1998, Gaussian, Inc.),
 the Gaussian(R) 94 system (copyright 1995, Gaussian, Inc.),
 the Gaussian 92(TM) system (copyright 1992, Gaussian, Inc.),
 the Gaussian 90(TM) system (copyright 1990, Gaussian, Inc.),
 the Gaussian 88(TM) system (copyright 1988, Gaussian, Inc.),
 the Gaussian 86(TM) system (copyright 1986, Carnegie Mellon
 University), and the Gaussian 82(TM) system (copyright 1983,
 Carnegie Mellon University). Gaussian is a federally registered
 trademark of Gaussian, Inc.
  
 This software contains proprietary and confidential information,
 including trade secrets, belonging to Gaussian, Inc.
  
 This software is provided under written license and may be
 used, copied, transmitted, or stored only in accord with that
 written license.
  
 The following legend is applicable only to US Government
 contracts under FAR:
  
                    RESTRICTED RIGHTS LEGEND
  
 Use, reproduction and disclosure by the US Government is
 subject to restrictions as set forth in subparagraphs (a)
 and (c) of the Commercial Computer Software - Restricted
 Rights clause in FAR 52.227-19.
  
 Gaussian, Inc.
 340 Quinnipiac St., Bldg. 40, Wallingford CT 06492
  
  
 ---------------------------------------------------------------
 Warning -- This program may not be used in any manner that
 competes with the business of Gaussian, Inc. or will provide
 assistance to any competitor of Gaussian, Inc.  The licensee
 of this program is prohibited from giving any competitor of
 Gaussian, Inc. access to this program.  By using this program,
 the user acknowledges that Gaussian, Inc. is engaged in the
 business of creating and licensing software in the field of
 computational chemistry and represents and warrants to the
 licensee that it is not a competitor of Gaussian, Inc. and that
 it will not use this program in any manner prohibited above.
 ---------------------------------------------------------------
  

 Cite this work as:
 Gaussian 09, Revision E.01,
 M. J. Frisch, G. W. Trucks, H. B. Schlegel, G. E. Scuseria, 
 M. A. Robb, J. R. Cheeseman, G. Scalmani, V. Barone, B. Mennucci, 
 G. A. Petersson, H. Nakatsuji, M. Caricato, X. Li, H. P. Hratchian, 
 A. F. Izmaylov, J. Bloino, G. Zheng, J. L. Sonnenberg, M. Hada, 
 M. Ehara, K. Toyota, R. Fukuda, J. Hasegawa, M. Ishida, T. Nakajima, 
 Y. Honda, O. Kitao, H. Nakai, T. Vreven, J. A. Montgomery, Jr., 
 J. E. Peralta, F. Ogliaro, M. Bearpark, J. J. Heyd, E. Brothers, 
 K. N. Kudin, V. N. Staroverov, T. Keith, R. Kobayashi, J. Normand, 
 K. Raghavachari, A. Rendell, J. C. Burant, S. S. Iyengar, J. Tomasi, 
 M. Cossi, N. Rega, J. M. Millam, M. Klene, J. E. Knox, J. B. Cross, 
 V. Bakken, C. Adamo, J. Jaramillo, R. Gomperts, R. E. Stratmann, 
 O. Yazyev, A. J. Austin, R. Cammi, C. Pomelli, J. W. Ochterski, 
 R. L. Martin, K. Morokuma, V. G. Zakrzewski, G. A. Voth, 
 P. Salvador, J. J. Dannenberg, S. Dapprich, A. D. Daniels, 
 O. Farkas, J. B. Foresman, J. V. Ortiz, J. Cioslowski, 
 and D. J. Fox, Gaussian, Inc., Wallingford CT, 2013.
 
 ******************************************
 Gaussian 09:  ES64L-G09RevE.01 30-Nov-2015
                17-Feb-2017 
 ******************************************
 %chk=h12.chk
 ----------------------------------------------------------------------
 #rhf/gen scf(symm,tight,novaracc,noincfock,fulldiag) stable(crhf) gues
 s=read geom=nocrowd test
 ----------------------------------------------------------------------
 1/38=1/1;
 2/12=1,17=6,18=5,40=1/2;
 3/5=7,16=1,25=1,30=1,116=1/1,2,3;
 4/5=1,9=4/1;
 5/5=100002,15=2,16=1,32=2,38=6/2;
 8/6=1,10=90,11=11/1,4;
 9/8=4,13=1/2;
 6/7=2,8=2,9=2,10=2,28=1/1;
 99/5=1,9=1/99;
 ----------------------------------------------------------------------
 hf stability analysis of h10 triangular lattice, y= 1.1127136872907215
 ----------------------------------------------------------------------
 Symbolic Z-matrix:
 Charge =  0 Multiplicity = 1
 H
 H                    1     1.22774 
 H                    1     1.22774  2     50. 
 H                    2     1.22774  1     130.     3     0.       0
 H                    3     1.22774  1     180.     2     0.       0
 H                    4     1.22774  2     180.     1     0.       0
 H                    5     1.22774  3     180.     2     0.       0
 H                    6     1.22774  4     180.     1     0.       0
 H                    7     1.22774  5     180.     2     0.       0
 H                    8     1.22774  6     180.     1     0.       0
 H                    9     1.22774  7     180.     2     0.       0
 H                    10    1.22774  8     180.     1     0.       0
 
                          Input orientation:                          
 ---------------------------------------------------------------------
 Center     Atomic      Atomic             Coordinates (Angstroms)
 Number     Number       Type             X           Y           Z
 ---------------------------------------------------------------------
      1          1           0        0.000000    0.000000    0.000000
      2          1           0        0.000000    0.000000    1.227744
      3          1           0        0.940506    0.000000    0.789178
      4          1           0        0.940506    0.000000    2.016922
      5          1           0        1.881012    0.000000    1.578357
      6          1           0        1.881012    0.000000    2.806101
      7          1           0        2.821519    0.000000    2.367535
      8          1           0        2.821519    0.000000    3.595279
      9          1           0        3.762025    0.000000    3.156714
     10          1           0        3.762025    0.000000    4.384457
     11          1           0        4.702531    0.000000    3.945892
     12          1           0        4.702531    0.000000    5.173636
 ---------------------------------------------------------------------
                    Distance matrix (angstroms):
                    1          2          3          4          5
     1  H    0.000000
     2  H    1.227744   0.000000
     3  H    1.227744   1.037734   0.000000
     4  H    2.225427   1.227744   1.227744   0.000000
     5  H    2.455487   1.913410   1.227744   1.037734   0.000000
     6  H    3.378226   2.455487   2.225427   1.227744   1.227744
     7  H    3.683231   3.043040   2.455487   1.913410   1.227744
     8  H    4.570230   3.683231   3.378226   2.455487   2.225427
     9  H    4.910975   4.227737   3.683231   3.043040   2.455487
    10  H    5.777222   4.910975   4.570230   3.683231   3.378226
    11  H    6.138718   5.431586   4.910975   4.227737   3.683231
    12  H    6.991445   6.138718   5.777222   4.910975   4.570230
                    6          7          8          9         10
     6  H    0.000000
     7  H    1.037734   0.000000
     8  H    1.227744   1.227744   0.000000
     9  H    1.913410   1.227744   1.037734   0.000000
    10  H    2.455487   2.225427   1.227744   1.227744   0.000000
    11  H    3.043040   2.455487   1.913410   1.227744   1.037734
    12  H    3.683231   3.378226   2.455487   2.225427   1.227744
                   11         12
    11  H    0.000000
    12  H    1.227744   0.000000
 Stoichiometry    H12
 Framework group  C2H[SGH(H12)]
 Deg. of freedom    11
 Full point group                 C2H     NOp   4
 Largest Abelian subgroup         C2H     NOp   4
 Largest concise Abelian subgroup C2      NOp   2
                         Standard orientation:                         
 ---------------------------------------------------------------------
 Center     Atomic      Atomic             Coordinates (Angstroms)
 Number     Number       Type             X           Y           Z
 ---------------------------------------------------------------------
      1          1           0        3.338141    1.037734    0.000000
      2          1           0        2.225427    1.556601    0.000000
      3          1           0        2.225427    0.518867    0.000000
      4          1           0        1.112714    1.037734    0.000000
      5          1           0        1.112714   -0.000000    0.000000
      6          1           0        0.000000    0.518867   -0.000000
      7          1           0       -0.000000   -0.518867   -0.000000
      8          1           0       -1.112714    0.000000    0.000000
      9          1           0       -1.112714   -1.037734    0.000000
     10          1           0       -2.225427   -0.518867    0.000000
     11          1           0       -2.225427   -1.556601    0.000000
     12          1           0       -3.338141   -1.037734    0.000000
 ---------------------------------------------------------------------
 Rotational constants (GHZ):    196.0010228      9.1638440      8.7545340
 General basis read from cards:  (5D, 7F)
 There are     6 symmetry adapted cartesian basis functions of AG  symmetry.
 There are     0 symmetry adapted cartesian basis functions of BG  symmetry.
 There are     0 symmetry adapted cartesian basis functions of AU  symmetry.
 There are     6 symmetry adapted cartesian basis functions of BU  symmetry.
 There are     6 symmetry adapted basis functions of AG  symmetry.
 There are     0 symmetry adapted basis functions of BG  symmetry.
 There are     0 symmetry adapted basis functions of AU  symmetry.
 There are     6 symmetry adapted basis functions of BU  symmetry.
    12 basis functions,   120 primitive gaussians,    12 cartesian basis functions
     6 alpha electrons        6 beta electrons
       nuclear repulsion energy        17.0329113419 Hartrees.
 NAtoms=   12 NActive=   12 NUniq=    6 SFac= 4.00D+00 NAtFMM=   60 NAOKFM=F Big=F
 Integral buffers will be    131072 words long.
 Regular integral format.
 Two-electron integral symmetry is turned on.
 One-electron integrals computed using PRISM.
 NBasis=    12 RedAO= T EigKep=  1.82D-01  NBF=     6     0     0     6
 NBsUse=    12 1.00D-06 EigRej= -1.00D+00 NBFU=     6     0     0     6
 Initial guess from the checkpoint file:  "h12.chk"
 B after Tr=     0.000000   -0.000000    0.000000
         Rot=    0.999998   -0.000000    0.000000    0.001837 Ang=   0.21 deg.
 Initial guess orbital symmetries:
       Occupied  (AG) (BU) (AG) (BU) (AG) (AG)
       Virtual   (BU) (BU) (BU) (AG) (AG) (BU)
 Keep R1 ints in memory in symmetry-blocked form, NReq=899080.
 Requested convergence on RMS density matrix=1.00D-08 within 128 cycles.
 Requested convergence on MAX density matrix=1.00D-06.
 Requested convergence on             energy=1.00D-06.
 No special actions if energy rises.
 SCF Done:  E(RHF) =  -5.56096933142     A.U. after    9 cycles
            NFock=  9  Conv=0.28D-08     -V/T= 1.8585
 Range of M.O.s used for correlation:     1    12
 NBasis=    12 NAE=     6 NBE=     6 NFC=     0 NFV=     0
 NROrb=     12 NOA=     6 NOB=     6 NVA=     6 NVB=     6

 **** Warning!!: The smallest alpha delta epsilon is  0.68212634D-01

 Semi-Direct transformation.
 ModeAB=           4 MOrb=             6 LenV=     134089715
 LASXX=         2181 LTotXX=        2181 LenRXX=        5115
 LTotAB=        2934 MaxLAS=        3024 LenRXY=           0
 NonZer=        7296 LenScr=      655360 LnRSAI=        3024
 LnScr1=      655360 LExtra=           0 Total=      1318859
 MaxDsk=          -1 SrtSym=           T ITran=            3
 JobTyp=0 Pass  1:  I=   1 to   6.
 (rs|ai) integrals will be sorted in core.
 Spin components of T(2) and E(2):
     alpha-alpha T2 =       0.1212477455D-01 E2=     -0.1118860117D-01
     alpha-beta  T2 =       0.8353701218D+00 E2=     -0.2365994941D+00
     beta-beta   T2 =       0.1212477455D-01 E2=     -0.1118860117D-01
 ANorm=    0.1363678727D+01
 E2 =    -0.2589766964D+00 EUMP2 =    -0.58199460278293D+01
 Second order stability test of a single determinant RHF wave function:
 Stabil:  MDV=134217728
 ***********************************************************************
 Matrix         Lowest Root    Major Pairs
 ***********************************************************************
 Internal RHF    -0.0555456    5A=7A 6A=7A 6A=8A
 RRHF --> CRHF   -0.1200392    6A=7A 5A=7A 6A=9A 6A=8A
 RRHF --> RUHF   -0.3417573    6A=7B
 Not stable.
 ***********************************************************************

 **********************************************************************

            Population analysis using the SCF density.

 **********************************************************************

 Orbital symmetries:
       Occupied  (AG) (BU) (AG) (BU) (AG) (AG)
       Virtual   (BU) (BU) (BU) (AG) (AG) (BU)
 The electronic state is 1-AG.
 Alpha  occ. eigenvalues --   -0.84101  -0.76562  -0.64426  -0.47166  -0.26796
 Alpha  occ. eigenvalues --   -0.15884
 Alpha virt. eigenvalues --   -0.09063   0.12531   0.25784   0.30794   0.45857
 Alpha virt. eigenvalues --    0.58990
          Condensed to atoms (all electrons):
               1          2          3          4          5          6
     1  H    0.975370   0.177863   0.106025  -0.131681  -0.051671   0.010290
     2  H    0.177863   0.920057  -0.126124   0.155149  -0.177774   0.014845
     3  H    0.106025  -0.126124   0.863117  -0.083656   0.297922  -0.081639
     4  H   -0.131681   0.155149  -0.083656   1.262911   0.114100  -0.103080
     5  H   -0.051671  -0.177774   0.297922   0.114100   1.122160  -0.103443
     6  H    0.010290   0.014845  -0.081639  -0.103080  -0.103443   0.989312
     7  H    0.010093   0.012662  -0.059025  -0.098110  -0.217823   0.550331
     8  H    0.000526  -0.009441   0.020346  -0.062920   0.057808  -0.217823
     9  H   -0.001061   0.004465  -0.005151   0.035212  -0.062920  -0.098110
    10  H   -0.000038  -0.001426   0.002819  -0.005151   0.020346  -0.059025
    11  H   -0.000042   0.000513  -0.001426   0.004465  -0.009441   0.012662
    12  H    0.000025  -0.000042  -0.000038  -0.001061   0.000526   0.010093
               7          8          9         10         11         12
     1  H    0.010093   0.000526  -0.001061  -0.000038  -0.000042   0.000025
     2  H    0.012662  -0.009441   0.004465  -0.001426   0.000513  -0.000042
     3  H   -0.059025   0.020346  -0.005151   0.002819  -0.001426  -0.000038
     4  H   -0.098110  -0.062920   0.035212  -0.005151   0.004465  -0.001061
     5  H   -0.217823   0.057808  -0.062920   0.020346  -0.009441   0.000526
     6  H    0.550331  -0.217823  -0.098110  -0.059025   0.012662   0.010093
     7  H    0.989312  -0.103443  -0.103080  -0.081639   0.014845   0.010290
     8  H   -0.103443   1.122160   0.114100   0.297922  -0.177774  -0.051671
     9  H   -0.103080   0.114100   1.262911  -0.083656   0.155149  -0.131681
    10  H   -0.081639   0.297922  -0.083656   0.863117  -0.126124   0.106025
    11  H    0.014845  -0.177774   0.155149  -0.126124   0.920057   0.177863
    12  H    0.010290  -0.051671  -0.131681   0.106025   0.177863   0.975370
 Mulliken charges:
               1
     1  H   -0.095700
     2  H    0.029253
     3  H    0.066828
     4  H   -0.086177
     5  H    0.010210
     6  H    0.075587
     7  H    0.075587
     8  H    0.010210
     9  H   -0.086177
    10  H    0.066828
    11  H    0.029253
    12  H   -0.095700
 Sum of Mulliken charges =  -0.00000
 Mulliken charges with hydrogens summed into heavy atoms:
               1
 Electronic spatial extent (au):  <R**2>=            248.7115
 Charge=             -0.0000 electrons
 Dipole moment (field-independent basis, Debye):
    X=              0.0000    Y=             -0.0000    Z=             -0.0000  Tot=              0.0000
 Quadrupole moment (field-independent basis, Debye-Ang):
   XX=            -26.7172   YY=            -17.4114   ZZ=            -15.2719
   XY=             -4.3531   XZ=              0.0000   YZ=              0.0000
 Traceless Quadrupole moment (field-independent basis, Debye-Ang):
   XX=             -6.9170   YY=              2.3887   ZZ=              4.5283
   XY=             -4.3531   XZ=              0.0000   YZ=              0.0000
 Octapole moment (field-independent basis, Debye-Ang**2):
  XXX=              0.0000  YYY=              0.0000  ZZZ=             -0.0000  XYY=             -0.0000
  XXY=             -0.0000  XXZ=             -0.0000  XZZ=              0.0000  YZZ=              0.0000
  YYZ=             -0.0000  XYZ=             -0.0000
 Hexadecapole moment (field-independent basis, Debye-Ang**3):
 XXXX=           -542.5401 YYYY=           -110.3954 ZZZZ=            -18.2390 XXXY=           -122.6971
 XXXZ=              0.0000 YYYX=            -88.5778 YYYZ=              0.0000 ZZZX=              0.0000
 ZZZY=              0.0000 XXYY=           -106.2101 XXZZ=            -72.0534 YYZZ=            -20.2341
 XXYZ=              0.0000 YYXZ=              0.0000 ZZXY=            -25.7997
 N-N= 1.703291134193D+01 E-N=-4.536695775739D+01  KE= 6.477900849704D+00
 Symmetry AG   KE= 4.686262453862D+00
 Symmetry BG   KE= 0.000000000000D+00
 Symmetry AU   KE= 0.000000000000D+00
 Symmetry BU   KE= 1.791638395842D+00

 Test job not archived.
 1\1\GINC-SULU\Stability\RHF\Gen\H12\LCJ1\17-Feb-2017\0\\#rhf/gen scf(s
 ymm,tight,novaracc,noincfock,fulldiag) stable(crhf) guess=read geom=no
 crowd test\\hf stability analysis of h10 triangular lattice, y= 1.1127
 136872907215\\0,1\H\H,1,1.2277436946\H,1,1.2277436946,2,50.\H,2,1.2277
 436946,1,130.,3,0.,0\H,3,1.2277436946,1,180.,2,0.,0\H,4,1.2277436946,2
 ,180.,1,0.,0\H,5,1.2277436946,3,180.,2,0.,0\H,6,1.2277436946,4,180.,1,
 0.,0\H,7,1.2277436946,5,180.,2,0.,0\H,8,1.2277436946,6,180.,1,0.,0\H,9
 ,1.2277436946,7,180.,2,0.,0\H,10,1.2277436946,8,180.,1,0.,0\\Version=E
 S64L-G09RevE.01\State=1-AG\HF=-5.5609693\MP2=-5.819946\RMSD=2.786e-09\
 Dipole=0.,0.,0.\Quadrupole=-1.9389932,3.3666538,-1.4276606,0.,-4.73032
 61,0.\PG=C02H [SGH(H12)]\\@


 There ain't no surer way to find out whether you
 like people or hate them than to travel with them.
                                     -- Mark Twain
 Job cpu time:       0 days  0 hours  0 minutes  1.0 seconds.
 File lengths (MBytes):  RWF=     84 Int=      0 D2E=      0 Chk=      2 Scr=      2
 Normal termination of Gaussian 09 at Fri Feb 17 14:00:26 2017.
