 Entering Gaussian System, Link 0=g09
 AtFile(1): H.gbs
            H     0
            S   10   1.00
               1000.000000000000            0.000068713567
                316.227766000000            0.000169141320
                100.000000000000            0.000823394812
                 31.622776600000            0.003425569236
                 10.000000000000            0.013951996000
                  3.162277660000            0.056909313560
                  1.000000000000            0.198286399900
                  0.316227766000            0.496922426700
                  0.100000000000            0.369846276400
                  0.031622776600            0.003752720039
            ****
 Initial command:
 /projects/guscus/apps/gau/g09-e1/g09/l1.exe "/users/lcj1/gaussian/h12/rhfstability/2rows/alterguess/4to2/Gau-10036.inp" -scrdir="/users/lcj1/gaussian/h12/rhfstability/2rows/alterguess/4to2/"
 Entering Link 1 = /projects/guscus/apps/gau/g09-e1/g09/l1.exe PID=     10037.
  
 Copyright (c) 1988,1990,1992,1993,1995,1998,2003,2009,2015,
            Gaussian, Inc.  All Rights Reserved.
  
 This is part of the Gaussian(R) 09 program.  It is based on
 the Gaussian(R) 03 system (copyright 2003, Gaussian, Inc.),
 the Gaussian(R) 98 system (copyright 1998, Gaussian, Inc.),
 the Gaussian(R) 94 system (copyright 1995, Gaussian, Inc.),
 the Gaussian 92(TM) system (copyright 1992, Gaussian, Inc.),
 the Gaussian 90(TM) system (copyright 1990, Gaussian, Inc.),
 the Gaussian 88(TM) system (copyright 1988, Gaussian, Inc.),
 the Gaussian 86(TM) system (copyright 1986, Carnegie Mellon
 University), and the Gaussian 82(TM) system (copyright 1983,
 Carnegie Mellon University). Gaussian is a federally registered
 trademark of Gaussian, Inc.
  
 This software contains proprietary and confidential information,
 including trade secrets, belonging to Gaussian, Inc.
  
 This software is provided under written license and may be
 used, copied, transmitted, or stored only in accord with that
 written license.
  
 The following legend is applicable only to US Government
 contracts under FAR:
  
                    RESTRICTED RIGHTS LEGEND
  
 Use, reproduction and disclosure by the US Government is
 subject to restrictions as set forth in subparagraphs (a)
 and (c) of the Commercial Computer Software - Restricted
 Rights clause in FAR 52.227-19.
  
 Gaussian, Inc.
 340 Quinnipiac St., Bldg. 40, Wallingford CT 06492
  
  
 ---------------------------------------------------------------
 Warning -- This program may not be used in any manner that
 competes with the business of Gaussian, Inc. or will provide
 assistance to any competitor of Gaussian, Inc.  The licensee
 of this program is prohibited from giving any competitor of
 Gaussian, Inc. access to this program.  By using this program,
 the user acknowledges that Gaussian, Inc. is engaged in the
 business of creating and licensing software in the field of
 computational chemistry and represents and warrants to the
 licensee that it is not a competitor of Gaussian, Inc. and that
 it will not use this program in any manner prohibited above.
 ---------------------------------------------------------------
  

 Cite this work as:
 Gaussian 09, Revision E.01,
 M. J. Frisch, G. W. Trucks, H. B. Schlegel, G. E. Scuseria, 
 M. A. Robb, J. R. Cheeseman, G. Scalmani, V. Barone, B. Mennucci, 
 G. A. Petersson, H. Nakatsuji, M. Caricato, X. Li, H. P. Hratchian, 
 A. F. Izmaylov, J. Bloino, G. Zheng, J. L. Sonnenberg, M. Hada, 
 M. Ehara, K. Toyota, R. Fukuda, J. Hasegawa, M. Ishida, T. Nakajima, 
 Y. Honda, O. Kitao, H. Nakai, T. Vreven, J. A. Montgomery, Jr., 
 J. E. Peralta, F. Ogliaro, M. Bearpark, J. J. Heyd, E. Brothers, 
 K. N. Kudin, V. N. Staroverov, T. Keith, R. Kobayashi, J. Normand, 
 K. Raghavachari, A. Rendell, J. C. Burant, S. S. Iyengar, J. Tomasi, 
 M. Cossi, N. Rega, J. M. Millam, M. Klene, J. E. Knox, J. B. Cross, 
 V. Bakken, C. Adamo, J. Jaramillo, R. Gomperts, R. E. Stratmann, 
 O. Yazyev, A. J. Austin, R. Cammi, C. Pomelli, J. W. Ochterski, 
 R. L. Martin, K. Morokuma, V. G. Zakrzewski, G. A. Voth, 
 P. Salvador, J. J. Dannenberg, S. Dapprich, A. D. Daniels, 
 O. Farkas, J. B. Foresman, J. V. Ortiz, J. Cioslowski, 
 and D. J. Fox, Gaussian, Inc., Wallingford CT, 2013.
 
 ******************************************
 Gaussian 09:  ES64L-G09RevE.01 30-Nov-2015
                17-Feb-2017 
 ******************************************
 %chk=h12.chk
 ----------------------------------------------------------------------
 #rhf/gen scf(symm,tight,novaracc,noincfock,fulldiag) stable(crhf) gues
 s=read geom=nocrowd test
 ----------------------------------------------------------------------
 1/38=1/1;
 2/12=1,17=6,18=5,40=1/2;
 3/5=7,16=1,25=1,30=1,116=1/1,2,3;
 4/5=1,9=4/1;
 5/5=100002,15=2,16=1,32=2,38=6/2;
 8/6=1,10=90,11=11/1,4;
 9/8=4,13=1/2;
 6/7=2,8=2,9=2,10=2,28=1/1;
 99/5=1,9=1/99;
 ----------------------------------------------------------------------
 hf stability analysis of h10 triangular lattice, y= 0.5070038553873883
 5
 ----------------------------------------------------------------------
 Symbolic Z-matrix:
 Charge =  0 Multiplicity = 1
 H
 H                    1     1.24652 
 H                    1     1.24652  2     132. 
 H                    2     1.24652  1     48.      3     0.       0
 H                    3     1.24652  1     180.     2     0.       0
 H                    4     1.24652  2     180.     1     0.       0
 H                    5     1.24652  3     180.     2     0.       0
 H                    6     1.24652  4     180.     1     0.       0
 H                    7     1.24652  5     180.     2     0.       0
 H                    8     1.24652  6     180.     1     0.       0
 H                    9     1.24652  7     180.     2     0.       0
 H                    10    1.24652  8     180.     1     0.       0
 
                          Input orientation:                          
 ---------------------------------------------------------------------
 Center     Atomic      Atomic             Coordinates (Angstroms)
 Number     Number       Type             X           Y           Z
 ---------------------------------------------------------------------
      1          1           0        0.000000    0.000000    0.000000
      2          1           0        0.000000    0.000000    1.246516
      3          1           0        0.926342    0.000000   -0.834082
      4          1           0        0.926342    0.000000    0.412434
      5          1           0        1.852684    0.000000   -1.668164
      6          1           0        1.852684    0.000000   -0.421648
      7          1           0        2.779026    0.000000   -2.502247
      8          1           0        2.779026    0.000000   -1.255730
      9          1           0        3.705368    0.000000   -3.336329
     10          1           0        3.705368    0.000000   -2.089812
     11          1           0        4.631711    0.000000   -4.170411
     12          1           0        4.631711    0.000000   -2.923895
 ---------------------------------------------------------------------
                    Distance matrix (angstroms):
                    1          2          3          4          5
     1  H    0.000000
     2  H    1.246516   0.000000
     3  H    1.246516   2.277499   0.000000
     4  H    1.014008   1.246516   1.246516   0.000000
     5  H    2.493033   3.453665   1.246516   2.277499   0.000000
     6  H    1.900059   2.493033   1.014008   1.246516   1.246516
     7  H    3.739549   4.666499   2.493033   3.453665   1.246516
     8  H    3.049565   3.739549   1.900059   2.493033   1.014008
     9  H    4.986065   5.893405   3.739549   4.666499   2.493033
    10  H    4.254065   4.986065   3.049565   3.739549   1.900059
    11  H    6.232581   7.127120   4.986065   5.893405   3.739549
    12  H    5.477399   6.232581   4.254065   4.986065   3.049565
                    6          7          8          9         10
     6  H    0.000000
     7  H    2.277499   0.000000
     8  H    1.246516   1.246516   0.000000
     9  H    3.453665   1.246516   2.277499   0.000000
    10  H    2.493033   1.014008   1.246516   1.246516   0.000000
    11  H    4.666499   2.493033   3.453665   1.246516   2.277499
    12  H    3.739549   1.900059   2.493033   1.014008   1.246516
                   11         12
    11  H    0.000000
    12  H    1.246516   0.000000
 Stoichiometry    H12
 Framework group  C2H[SGH(H12)]
 Deg. of freedom    11
 Full point group                 C2H     NOp   4
 Largest Abelian subgroup         C2H     NOp   4
 Largest concise Abelian subgroup C2      NOp   2
                         Standard orientation:                         
 ---------------------------------------------------------------------
 Center     Atomic      Atomic             Coordinates (Angstroms)
 Number     Number       Type             X           Y           Z
 ---------------------------------------------------------------------
      1          1           0        2.277499    1.521012   -0.000000
      2          1           0        3.416248    1.014008   -0.000000
      3          1           0        1.138749    1.014008   -0.000000
      4          1           0        2.277499    0.507004   -0.000000
      5          1           0        0.000000    0.507004    0.000000
      6          1           0        1.138749    0.000000   -0.000000
      7          1           0       -1.138749    0.000000   -0.000000
      8          1           0       -0.000000   -0.507004   -0.000000
      9          1           0       -2.277499   -0.507004   -0.000000
     10          1           0       -1.138749   -1.014008   -0.000000
     11          1           0       -3.416248   -1.014008   -0.000000
     12          1           0       -2.277499   -1.521012   -0.000000
 ---------------------------------------------------------------------
 Rotational constants (GHZ):    202.6225512      8.8643789      8.4928324
 General basis read from cards:  (5D, 7F)
 There are     6 symmetry adapted cartesian basis functions of AG  symmetry.
 There are     0 symmetry adapted cartesian basis functions of BG  symmetry.
 There are     0 symmetry adapted cartesian basis functions of AU  symmetry.
 There are     6 symmetry adapted cartesian basis functions of BU  symmetry.
 There are     6 symmetry adapted basis functions of AG  symmetry.
 There are     0 symmetry adapted basis functions of BG  symmetry.
 There are     0 symmetry adapted basis functions of AU  symmetry.
 There are     6 symmetry adapted basis functions of BU  symmetry.
    12 basis functions,   120 primitive gaussians,    12 cartesian basis functions
     6 alpha electrons        6 beta electrons
       nuclear repulsion energy        16.8918821720 Hartrees.
 NAtoms=   12 NActive=   12 NUniq=    6 SFac= 4.00D+00 NAtFMM=   60 NAOKFM=F Big=F
 Integral buffers will be    131072 words long.
 Regular integral format.
 Two-electron integral symmetry is turned on.
 One-electron integrals computed using PRISM.
 NBasis=    12 RedAO= T EigKep=  1.81D-01  NBF=     6     0     0     6
 NBsUse=    12 1.00D-06 EigRej= -1.00D+00 NBFU=     6     0     0     6
 Initial guess from the checkpoint file:  "h12.chk"
 B after Tr=     0.000000   -0.000000   -0.000000
         Rot=    0.999998   -0.000000    0.000000   -0.001837 Ang=  -0.21 deg.
 Initial guess orbital symmetries:
       Occupied  (AG) (BU) (AG) (BU) (AG) (AG)
       Virtual   (BU) (BU) (BU) (AG) (AG) (BU)
 Keep R1 ints in memory in symmetry-blocked form, NReq=898744.
 Requested convergence on RMS density matrix=1.00D-08 within 128 cycles.
 Requested convergence on MAX density matrix=1.00D-06.
 Requested convergence on             energy=1.00D-06.
 No special actions if energy rises.
 SCF Done:  E(RHF) =  -5.56690877372     A.U. after    9 cycles
            NFock=  9  Conv=0.24D-08     -V/T= 1.8624
 Range of M.O.s used for correlation:     1    12
 NBasis=    12 NAE=     6 NBE=     6 NFC=     0 NFV=     0
 NROrb=     12 NOA=     6 NOB=     6 NVA=     6 NVB=     6

 **** Warning!!: The smallest alpha delta epsilon is  0.69658850D-01

 Semi-Direct transformation.
 ModeAB=           4 MOrb=             6 LenV=     134089827
 LASXX=         2181 LTotXX=        2181 LenRXX=        5115
 LTotAB=        2934 MaxLAS=        3024 LenRXY=           0
 NonZer=        7296 LenScr=      655360 LnRSAI=        3024
 LnScr1=      655360 LExtra=           0 Total=      1318859
 MaxDsk=          -1 SrtSym=           T ITran=            3
 JobTyp=0 Pass  1:  I=   1 to   6.
 (rs|ai) integrals will be sorted in core.
 Spin components of T(2) and E(2):
     alpha-alpha T2 =       0.1155839551D-01 E2=     -0.1071652447D-01
     alpha-beta  T2 =       0.8303233297D+00 E2=     -0.2371188569D+00
     beta-beta   T2 =       0.1155839551D-01 E2=     -0.1071652447D-01
 ANorm=    0.1361411077D+01
 E2 =    -0.2585519058D+00 EUMP2 =    -0.58254606795525D+01
 Second order stability test of a single determinant RHF wave function:
 Stabil:  MDV=134217728
 ***********************************************************************
 Matrix         Lowest Root    Major Pairs
 ***********************************************************************
 Internal RHF    -0.0398291    6A=7A 5A=7A 6A=8A
 RRHF --> CRHF   -0.1116026    6A=7A 5A=7A 6A=9A 6A=8A
 RRHF --> RUHF   -0.339806     6A=7B
 Not stable.
 ***********************************************************************

 **********************************************************************

            Population analysis using the SCF density.

 **********************************************************************

 Orbital symmetries:
       Occupied  (AG) (BU) (AG) (BU) (AG) (AG)
       Virtual   (BU) (BU) (BU) (AG) (AG) (BU)
 The electronic state is 1-AG.
 Alpha  occ. eigenvalues --   -0.83239  -0.76144  -0.64372  -0.47426  -0.27662
 Alpha  occ. eigenvalues --   -0.14456
 Alpha virt. eigenvalues --   -0.07490   0.12149   0.25574   0.28380   0.45546
 Alpha virt. eigenvalues --    0.59664
          Condensed to atoms (all electrons):
               1          2          3          4          5          6
     1  H    0.963575   0.156058   0.162031  -0.129790   0.015021  -0.186666
     2  H    0.156058   0.943851  -0.121647   0.126800   0.009011  -0.047241
     3  H    0.162031  -0.121647   1.229340  -0.094424  -0.100039   0.123355
     4  H   -0.129790   0.126800  -0.094424   0.845127  -0.071893   0.288172
     5  H    0.015021   0.009011  -0.100039  -0.071893   0.977792  -0.117491
     6  H   -0.186666  -0.047241   0.123355   0.288172  -0.117491   1.152251
     7  H   -0.009428   0.000451  -0.058498   0.018361  -0.218505   0.060597
     8  H    0.012238   0.008754  -0.094688  -0.052281   0.562000  -0.218505
     9  H   -0.001283  -0.000015  -0.004844   0.002256  -0.052281   0.018361
    10  H    0.004396  -0.000907   0.032734  -0.004844  -0.094688  -0.058498
    11  H   -0.000041   0.000020  -0.000907  -0.000015   0.008754   0.000451
    12  H    0.000524  -0.000041   0.004396  -0.001283   0.012238  -0.009428
               7          8          9         10         11         12
     1  H   -0.009428   0.012238  -0.001283   0.004396  -0.000041   0.000524
     2  H    0.000451   0.008754  -0.000015  -0.000907   0.000020  -0.000041
     3  H   -0.058498  -0.094688  -0.004844   0.032734  -0.000907   0.004396
     4  H    0.018361  -0.052281   0.002256  -0.004844  -0.000015  -0.001283
     5  H   -0.218505   0.562000  -0.052281  -0.094688   0.008754   0.012238
     6  H    0.060597  -0.218505   0.018361  -0.058498   0.000451  -0.009428
     7  H    1.152251  -0.117491   0.288172   0.123355  -0.047241  -0.186666
     8  H   -0.117491   0.977792  -0.071893  -0.100039   0.009011   0.015021
     9  H    0.288172  -0.071893   0.845127  -0.094424   0.126800  -0.129790
    10  H    0.123355  -0.100039  -0.094424   1.229340  -0.121647   0.162031
    11  H   -0.047241   0.009011   0.126800  -0.121647   0.943851   0.156058
    12  H   -0.186666   0.015021  -0.129790   0.162031   0.156058   0.963575
 Mulliken charges:
               1
     1  H    0.013364
     2  H   -0.075092
     3  H   -0.076810
     4  H    0.073813
     5  H    0.070081
     6  H   -0.005357
     7  H   -0.005357
     8  H    0.070081
     9  H    0.073813
    10  H   -0.076810
    11  H   -0.075092
    12  H    0.013364
 Sum of Mulliken charges =  -0.00000
 Mulliken charges with hydrogens summed into heavy atoms:
               1
 Electronic spatial extent (au):  <R**2>=            253.8806
 Charge=              0.0000 electrons
 Dipole moment (field-independent basis, Debye):
    X=             -0.0000    Y=             -0.0000    Z=              0.0000  Tot=              0.0000
 Quadrupole moment (field-independent basis, Debye-Ang):
   XX=            -25.1634   YY=            -17.4064   ZZ=            -15.3054
   XY=             -3.8337   XZ=             -0.0000   YZ=             -0.0000
 Traceless Quadrupole moment (field-independent basis, Debye-Ang):
   XX=             -5.8717   YY=              1.8853   ZZ=              3.9863
   XY=             -3.8337   XZ=             -0.0000   YZ=             -0.0000
 Octapole moment (field-independent basis, Debye-Ang**2):
  XXX=             -0.0000  YYY=             -0.0000  ZZZ=              0.0000  XYY=              0.0000
  XXY=             -0.0000  XXZ=              0.0000  XZZ=             -0.0000  YZZ=             -0.0000
  YYZ=              0.0000  XYZ=              0.0000
 Hexadecapole moment (field-independent basis, Debye-Ang**3):
 XXXX=           -539.4356 YYYY=           -107.0711 ZZZZ=            -18.3129 XXXY=           -115.1891
 XXXZ=             -0.0000 YYYX=            -88.1621 YYYZ=             -0.0000 ZZZX=             -0.0000
 ZZZY=             -0.0000 XXYY=           -106.5261 XXZZ=            -74.7742 YYZZ=            -19.6472
 XXYZ=             -0.0000 YYXZ=             -0.0000 ZZXY=            -25.6832
 N-N= 1.689188217196D+01 E-N=-4.510642256592D+01  KE= 6.454816036668D+00
 Symmetry AG   KE= 4.675650511346D+00
 Symmetry BG   KE= 0.000000000000D+00
 Symmetry AU   KE= 0.000000000000D+00
 Symmetry BU   KE= 1.779165525322D+00

 Test job not archived.
 1\1\GINC-SULU\Stability\RHF\Gen\H12\LCJ1\17-Feb-2017\0\\#rhf/gen scf(s
 ymm,tight,novaracc,noincfock,fulldiag) stable(crhf) guess=read geom=no
 crowd test\\hf stability analysis of h10 triangular lattice, y= 0.5070
 0385538738835\\0,1\H\H,1,1.2465162673\H,1,1.2465162673,2,132.\H,2,1.24
 65162673,1,48.,3,0.,0\H,3,1.2465162673,1,180.,2,0.,0\H,4,1.2465162673,
 2,180.,1,0.,0\H,5,1.2465162673,3,180.,2,0.,0\H,6,1.2465162673,4,180.,1
 ,0.,0\H,7,1.2465162673,5,180.,2,0.,0\H,8,1.2465162673,6,180.,1,0.,0\H,
 9,1.2465162673,7,180.,2,0.,0\H,10,1.2465162673,8,180.,1,0.,0\\Version=
 ES64L-G09RevE.01\State=1-AG\HF=-5.5669088\MP2=-5.8254607\RMSD=2.368e-0
 9\Dipole=0.,0.,0.\Quadrupole=-1.6705225,2.9637447,-1.2932222,0.,4.0501
 028,0.\PG=C02H [SGH(H12)]\\@


 I HAVE NOT FAILED, I HAVE ONLY DISCOVERED 10,000
 WAYS THAT DIDN'T WORK.  -- THOMAS A. EDISON
 Job cpu time:       0 days  0 hours  0 minutes  1.0 seconds.
 File lengths (MBytes):  RWF=     84 Int=      0 D2E=      0 Chk=      2 Scr=      2
 Normal termination of Gaussian 09 at Fri Feb 17 13:52:04 2017.
