 Entering Gaussian System, Link 0=g09
 AtFile(1): H.gbs
            H     0
            S   10   1.00
               1000.000000000000            0.000068713567
                316.227766000000            0.000169141320
                100.000000000000            0.000823394812
                 31.622776600000            0.003425569236
                 10.000000000000            0.013951996000
                  3.162277660000            0.056909313560
                  1.000000000000            0.198286399900
                  0.316227766000            0.496922426700
                  0.100000000000            0.369846276400
                  0.031622776600            0.003752720039
            ****
 Initial command:
 /projects/guscus/apps/gau/g09-e1/g09/l1.exe "/users/lcj1/gaussian/h12/rhfstability/2rows/alterguess/4to2/Gau-12890.inp" -scrdir="/users/lcj1/gaussian/h12/rhfstability/2rows/alterguess/4to2/"
 Entering Link 1 = /projects/guscus/apps/gau/g09-e1/g09/l1.exe PID=     12892.
  
 Copyright (c) 1988,1990,1992,1993,1995,1998,2003,2009,2015,
            Gaussian, Inc.  All Rights Reserved.
  
 This is part of the Gaussian(R) 09 program.  It is based on
 the Gaussian(R) 03 system (copyright 2003, Gaussian, Inc.),
 the Gaussian(R) 98 system (copyright 1998, Gaussian, Inc.),
 the Gaussian(R) 94 system (copyright 1995, Gaussian, Inc.),
 the Gaussian 92(TM) system (copyright 1992, Gaussian, Inc.),
 the Gaussian 90(TM) system (copyright 1990, Gaussian, Inc.),
 the Gaussian 88(TM) system (copyright 1988, Gaussian, Inc.),
 the Gaussian 86(TM) system (copyright 1986, Carnegie Mellon
 University), and the Gaussian 82(TM) system (copyright 1983,
 Carnegie Mellon University). Gaussian is a federally registered
 trademark of Gaussian, Inc.
  
 This software contains proprietary and confidential information,
 including trade secrets, belonging to Gaussian, Inc.
  
 This software is provided under written license and may be
 used, copied, transmitted, or stored only in accord with that
 written license.
  
 The following legend is applicable only to US Government
 contracts under FAR:
  
                    RESTRICTED RIGHTS LEGEND
  
 Use, reproduction and disclosure by the US Government is
 subject to restrictions as set forth in subparagraphs (a)
 and (c) of the Commercial Computer Software - Restricted
 Rights clause in FAR 52.227-19.
  
 Gaussian, Inc.
 340 Quinnipiac St., Bldg. 40, Wallingford CT 06492
  
  
 ---------------------------------------------------------------
 Warning -- This program may not be used in any manner that
 competes with the business of Gaussian, Inc. or will provide
 assistance to any competitor of Gaussian, Inc.  The licensee
 of this program is prohibited from giving any competitor of
 Gaussian, Inc. access to this program.  By using this program,
 the user acknowledges that Gaussian, Inc. is engaged in the
 business of creating and licensing software in the field of
 computational chemistry and represents and warrants to the
 licensee that it is not a competitor of Gaussian, Inc. and that
 it will not use this program in any manner prohibited above.
 ---------------------------------------------------------------
  

 Cite this work as:
 Gaussian 09, Revision E.01,
 M. J. Frisch, G. W. Trucks, H. B. Schlegel, G. E. Scuseria, 
 M. A. Robb, J. R. Cheeseman, G. Scalmani, V. Barone, B. Mennucci, 
 G. A. Petersson, H. Nakatsuji, M. Caricato, X. Li, H. P. Hratchian, 
 A. F. Izmaylov, J. Bloino, G. Zheng, J. L. Sonnenberg, M. Hada, 
 M. Ehara, K. Toyota, R. Fukuda, J. Hasegawa, M. Ishida, T. Nakajima, 
 Y. Honda, O. Kitao, H. Nakai, T. Vreven, J. A. Montgomery, Jr., 
 J. E. Peralta, F. Ogliaro, M. Bearpark, J. J. Heyd, E. Brothers, 
 K. N. Kudin, V. N. Staroverov, T. Keith, R. Kobayashi, J. Normand, 
 K. Raghavachari, A. Rendell, J. C. Burant, S. S. Iyengar, J. Tomasi, 
 M. Cossi, N. Rega, J. M. Millam, M. Klene, J. E. Knox, J. B. Cross, 
 V. Bakken, C. Adamo, J. Jaramillo, R. Gomperts, R. E. Stratmann, 
 O. Yazyev, A. J. Austin, R. Cammi, C. Pomelli, J. W. Ochterski, 
 R. L. Martin, K. Morokuma, V. G. Zakrzewski, G. A. Voth, 
 P. Salvador, J. J. Dannenberg, S. Dapprich, A. D. Daniels, 
 O. Farkas, J. B. Foresman, J. V. Ortiz, J. Cioslowski, 
 and D. J. Fox, Gaussian, Inc., Wallingford CT, 2013.
 
 ******************************************
 Gaussian 09:  ES64L-G09RevE.01 30-Nov-2015
                17-Feb-2017 
 ******************************************
 %chk=h12.chk
 ----------------------------------------------------------------------
 #rhf/gen scf(symm,tight,novaracc,noincfock,fulldiag) stable(crhf) gues
 s=read geom=nocrowd test
 ----------------------------------------------------------------------
 1/38=1/1;
 2/12=1,17=6,18=5,40=1/2;
 3/5=7,16=1,25=1,30=1,116=1/1,2,3;
 4/5=1,9=4/1;
 5/5=100002,15=2,16=1,32=2,38=6/2;
 8/6=1,10=90,11=11/1,4;
 9/8=4,13=1/2;
 6/7=2,8=2,9=2,10=2,28=1/1;
 99/5=1,9=1/99;
 ----------------------------------------------------------------------
 hf stability analysis of h10 triangular lattice, y= 0.5773502789032680
 7
 ----------------------------------------------------------------------
 Symbolic Z-matrix:
 Charge =  0 Multiplicity = 1
 H
 H                    1     1.1547 
 H                    1     1.1547   2     120. 
 H                    2     1.1547   1     60.      3     0.       0
 H                    3     1.1547   1     180.     2     0.       0
 H                    4     1.1547   2     180.     1     0.       0
 H                    5     1.1547   3     180.     2     0.       0
 H                    6     1.1547   4     180.     1     0.       0
 H                    7     1.1547   5     180.     2     0.       0
 H                    8     1.1547   6     180.     1     0.       0
 H                    9     1.1547   7     180.     2     0.       0
 H                    10    1.1547   8     180.     1     0.       0
 
                          Input orientation:                          
 ---------------------------------------------------------------------
 Center     Atomic      Atomic             Coordinates (Angstroms)
 Number     Number       Type             X           Y           Z
 ---------------------------------------------------------------------
      1          1           0        0.000000    0.000000    0.000000
      2          1           0        0.000000    0.000000    1.154701
      3          1           0        1.000000    0.000000   -0.577350
      4          1           0        1.000000    0.000000    0.577350
      5          1           0        2.000000    0.000000   -1.154701
      6          1           0        2.000000    0.000000    0.000000
      7          1           0        3.000000    0.000000   -1.732051
      8          1           0        3.000000    0.000000   -0.577350
      9          1           0        4.000000    0.000000   -2.309401
     10          1           0        4.000000    0.000000   -1.154701
     11          1           0        5.000000    0.000000   -2.886751
     12          1           0        5.000000    0.000000   -1.732051
 ---------------------------------------------------------------------
                    Distance matrix (angstroms):
                    1          2          3          4          5
     1  H    0.000000
     2  H    1.154701   0.000000
     3  H    1.154701   2.000000   0.000000
     4  H    1.154701   1.154701   1.154701   0.000000
     5  H    2.309401   3.055050   1.154701   2.000000   0.000000
     6  H    2.000000   2.309401   1.154701   1.154701   1.154701
     7  H    3.464102   4.163332   2.309401   3.055050   1.154701
     8  H    3.055050   3.464102   2.000000   2.309401   1.154701
     9  H    4.618802   5.291503   3.464102   4.163332   2.309401
    10  H    4.163332   4.618802   3.055050   3.464102   2.000000
    11  H    5.773503   6.429100   4.618802   5.291503   3.464102
    12  H    5.291503   5.773503   4.163332   4.618802   3.055050
                    6          7          8          9         10
     6  H    0.000000
     7  H    2.000000   0.000000
     8  H    1.154701   1.154701   0.000000
     9  H    3.055050   1.154701   2.000000   0.000000
    10  H    2.309401   1.154701   1.154701   1.154701   0.000000
    11  H    4.163332   2.309401   3.055050   1.154701   2.000000
    12  H    3.464102   2.000000   2.309401   1.154701   1.154701
                   11         12
    11  H    0.000000
    12  H    1.154701   0.000000
 Stoichiometry    H12
 Framework group  C2H[SGH(H12)]
 Deg. of freedom    11
 Full point group                 C2H     NOp   4
 Largest Abelian subgroup         C2H     NOp   4
 Largest concise Abelian subgroup C2      NOp   2
                         Standard orientation:                         
 ---------------------------------------------------------------------
 Center     Atomic      Atomic             Coordinates (Angstroms)
 Number     Number       Type             X           Y           Z
 ---------------------------------------------------------------------
      1          1           0        2.000000    1.732051    0.000000
      2          1           0        3.000000    1.154701    0.000000
      3          1           0        1.000000    1.154701    0.000000
      4          1           0        2.000000    0.577350    0.000000
      5          1           0        0.000000    0.577350    0.000000
      6          1           0        1.000000    0.000000    0.000000
      7          1           0       -1.000000    0.000000    0.000000
      8          1           0       -0.000000   -0.577350    0.000000
      9          1           0       -2.000000   -0.577350    0.000000
     10          1           0       -1.000000   -1.154701    0.000000
     11          1           0       -3.000000   -1.154701    0.000000
     12          1           0       -2.000000   -1.732051    0.000000
 ---------------------------------------------------------------------
 Rotational constants (GHZ):    170.9737346     10.5052571      9.8971403
 General basis read from cards:  (5D, 7F)
 There are     6 symmetry adapted cartesian basis functions of AG  symmetry.
 There are     0 symmetry adapted cartesian basis functions of BG  symmetry.
 There are     0 symmetry adapted cartesian basis functions of AU  symmetry.
 There are     6 symmetry adapted cartesian basis functions of BU  symmetry.
 There are     6 symmetry adapted basis functions of AG  symmetry.
 There are     0 symmetry adapted basis functions of BG  symmetry.
 There are     0 symmetry adapted basis functions of AU  symmetry.
 There are     6 symmetry adapted basis functions of BU  symmetry.
    12 basis functions,   120 primitive gaussians,    12 cartesian basis functions
     6 alpha electrons        6 beta electrons
       nuclear repulsion energy        17.6268188457 Hartrees.
 NAtoms=   12 NActive=   12 NUniq=    6 SFac= 4.00D+00 NAtFMM=   60 NAOKFM=F Big=F
 Integral buffers will be    131072 words long.
 Regular integral format.
 Two-electron integral symmetry is turned on.
 One-electron integrals computed using PRISM.
 NBasis=    12 RedAO= T EigKep=  1.81D-01  NBF=     6     0     0     6
 NBsUse=    12 1.00D-06 EigRej= -1.00D+00 NBFU=     6     0     0     6
 Initial guess from the checkpoint file:  "h12.chk"
 B after Tr=     0.000000   -0.000000    0.000000
         Rot=    0.999998   -0.000000    0.000000   -0.001837 Ang=  -0.21 deg.
 Initial guess orbital symmetries:
       Occupied  (AG) (BU) (AG) (BU) (AG) (AG)
       Virtual   (BU) (BU) (BU) (AG) (AG) (BU)
 Keep R1 ints in memory in symmetry-blocked form, NReq=899808.
 Requested convergence on RMS density matrix=1.00D-08 within 128 cycles.
 Requested convergence on MAX density matrix=1.00D-06.
 Requested convergence on             energy=1.00D-06.
 No special actions if energy rises.
 SCF Done:  E(RHF) =  -5.50539344030     A.U. after    9 cycles
            NFock=  9  Conv=0.97D-08     -V/T= 1.8310
 Range of M.O.s used for correlation:     1    12
 NBasis=    12 NAE=     6 NBE=     6 NFC=     0 NFV=     0
 NROrb=     12 NOA=     6 NOB=     6 NVA=     6 NVB=     6

 **** Warning!!: The smallest alpha delta epsilon is  0.55569034D-01

 Semi-Direct transformation.
 ModeAB=           4 MOrb=             6 LenV=     134087909
 LASXX=         2181 LTotXX=        2181 LenRXX=        5115
 LTotAB=        2934 MaxLAS=        3024 LenRXY=           0
 NonZer=        7296 LenScr=      655360 LnRSAI=        3024
 LnScr1=      655360 LExtra=           0 Total=      1318859
 MaxDsk=          -1 SrtSym=           T ITran=            3
 JobTyp=0 Pass  1:  I=   1 to   6.
 (rs|ai) integrals will be sorted in core.
 Spin components of T(2) and E(2):
     alpha-alpha T2 =       0.1537295581D-01 E2=     -0.1345532977D-01
     alpha-beta  T2 =       0.9442402005D+00 E2=     -0.2421059785D+00
     beta-beta   T2 =       0.1537295581D-01 E2=     -0.1345532977D-01
 ANorm=    0.1405341991D+01
 E2 =    -0.2690166380D+00 EUMP2 =    -0.57744100783367D+01
 Second order stability test of a single determinant RHF wave function:
 Stabil:  MDV=134217728
 ***********************************************************************
 Matrix         Lowest Root    Major Pairs
 ***********************************************************************
 Internal RHF    -0.1472905    5A=7A 6A=7A
 RRHF --> CRHF   -0.192882     6A=7A 5A=7A
 RRHF --> RUHF   -0.3512576    6A=7B 5A=7B
 Not stable.
 ***********************************************************************

 **********************************************************************

            Population analysis using the SCF density.

 **********************************************************************

 Orbital symmetries:
       Occupied  (AG) (BU) (AG) (BU) (AG) (AG)
       Virtual   (BU) (BU) (BU) (AG) (AG) (BU)
 The electronic state is 1-AG.
 Alpha  occ. eigenvalues --   -0.87392  -0.77907  -0.64254  -0.45955  -0.23344
 Alpha  occ. eigenvalues --   -0.20898
 Alpha virt. eigenvalues --   -0.15341   0.11661   0.29627   0.35056   0.56751
 Alpha virt. eigenvalues --    0.57635
          Condensed to atoms (all electrons):
               1          2          3          4          5          6
     1  H    0.808486   0.266888   0.101009  -0.126890   0.017269  -0.144918
     2  H    0.266888   1.105878  -0.185533   0.004828   0.014833  -0.060796
     3  H    0.101009  -0.185533   1.374521   0.010628  -0.108176   0.066901
     4  H   -0.126890   0.004828   0.010628   0.957762  -0.136494   0.321658
     5  H    0.017269   0.014833  -0.108176  -0.136494   1.036249  -0.018447
     6  H   -0.144918  -0.060796   0.066901   0.321658  -0.018447   0.996411
     7  H   -0.008569   0.001731  -0.082680   0.027852  -0.208109   0.038613
     8  H    0.016601   0.016272  -0.105986  -0.097034   0.475466  -0.208109
     9  H   -0.002143  -0.000251  -0.004469   0.007041  -0.097034   0.027852
    10  H    0.003922  -0.002133   0.043623  -0.004469  -0.105986  -0.082680
    11  H   -0.000043   0.000075  -0.002133  -0.000251   0.016272   0.001731
    12  H    0.000426  -0.000043   0.003922  -0.002143   0.016601  -0.008569
               7          8          9         10         11         12
     1  H   -0.008569   0.016601  -0.002143   0.003922  -0.000043   0.000426
     2  H    0.001731   0.016272  -0.000251  -0.002133   0.000075  -0.000043
     3  H   -0.082680  -0.105986  -0.004469   0.043623  -0.002133   0.003922
     4  H    0.027852  -0.097034   0.007041  -0.004469  -0.000251  -0.002143
     5  H   -0.208109   0.475466  -0.097034  -0.105986   0.016272   0.016601
     6  H    0.038613  -0.208109   0.027852  -0.082680   0.001731  -0.008569
     7  H    0.996411  -0.018447   0.321658   0.066901  -0.060796  -0.144918
     8  H   -0.018447   1.036249  -0.136494  -0.108176   0.014833   0.017269
     9  H    0.321658  -0.136494   0.957762   0.010628   0.004828  -0.126890
    10  H    0.066901  -0.108176   0.010628   1.374521  -0.185533   0.101009
    11  H   -0.060796   0.014833   0.004828  -0.185533   1.105878   0.266888
    12  H   -0.144918   0.017269  -0.126890   0.101009   0.266888   0.808486
 Mulliken charges:
               1
     1  H    0.067961
     2  H   -0.161751
     3  H   -0.111629
     4  H    0.037511
     5  H    0.097555
     6  H    0.070353
     7  H    0.070353
     8  H    0.097555
     9  H    0.037511
    10  H   -0.111629
    11  H   -0.161751
    12  H    0.067961
 Sum of Mulliken charges =  -0.00000
 Mulliken charges with hydrogens summed into heavy atoms:
               1
 Electronic spatial extent (au):  <R**2>=            228.2436
 Charge=             -0.0000 electrons
 Dipole moment (field-independent basis, Debye):
    X=              0.0000    Y=             -0.0000    Z=             -0.0000  Tot=              0.0000
 Quadrupole moment (field-independent basis, Debye-Ang):
   XX=            -30.6402   YY=            -17.8921   ZZ=            -15.1007
   XY=             -6.7944   XZ=             -0.0000   YZ=              0.0000
 Traceless Quadrupole moment (field-independent basis, Debye-Ang):
   XX=             -9.4291   YY=              3.3189   ZZ=              6.1103
   XY=             -6.7944   XZ=             -0.0000   YZ=              0.0000
 Octapole moment (field-independent basis, Debye-Ang**2):
  XXX=             -0.0000  YYY=              0.0000  ZZZ=             -0.0000  XYY=              0.0000
  XXY=             -0.0000  XXZ=             -0.0000  XZZ=             -0.0000  YZZ=             -0.0000
  YYZ=             -0.0000  XYZ=             -0.0000
 Hexadecapole moment (field-independent basis, Debye-Ang**3):
 XXXX=           -500.0665 YYYY=           -129.8266 ZZZZ=            -17.8800 XXXY=           -145.2186
 XXXZ=             -0.0000 YYYX=            -92.9751 YYYZ=              0.0000 ZZZX=             -0.0000
 ZZZY=             -0.0000 XXYY=           -107.3753 XXZZ=            -60.3280 YYZZ=            -23.3965
 XXYZ=             -0.0000 YYXZ=             -0.0000 ZZXY=            -26.2706
 N-N= 1.762681884574D+01 E-N=-4.649416963982D+01  KE= 6.624754631660D+00
 Symmetry AG   KE= 4.767069369205D+00
 Symmetry BG   KE= 0.000000000000D+00
 Symmetry AU   KE= 0.000000000000D+00
 Symmetry BU   KE= 1.857685262456D+00

 Test job not archived.
 1\1\GINC-SULU\Stability\RHF\Gen\H12\LCJ1\17-Feb-2017\0\\#rhf/gen scf(s
 ymm,tight,novaracc,noincfock,fulldiag) stable(crhf) guess=read geom=no
 crowd test\\hf stability analysis of h10 triangular lattice, y= 0.5773
 5027890326807\\0,1\H\H,1,1.1547005287\H,1,1.1547005287,2,120.\H,2,1.15
 47005287,1,60.,3,0.,0\H,3,1.1547005287,1,180.,2,0.,0\H,4,1.1547005287,
 2,180.,1,0.,0\H,5,1.1547005287,3,180.,2,0.,0\H,6,1.1547005287,4,180.,1
 ,0.,0\H,7,1.1547005287,5,180.,2,0.,0\H,8,1.1547005287,6,180.,1,0.,0\H,
 9,1.1547005287,7,180.,2,0.,0\H,10,1.1547005287,8,180.,1,0.,0\\Version=
 ES64L-G09RevE.01\State=1-AG\HF=-5.5053934\MP2=-5.7744101\RMSD=9.701e-0
 9\Dipole=0.,0.,0.\Quadrupole=-4.2766594,4.5428337,-0.2661743,0.,6.6297
 575,0.\PG=C02H [SGH(H12)]\\@


 YOU KNOW YOU'RE A TEACHER WHEN YOU SAY 2, WRITE 3, AND MEAN 4.
 -- RONALD ANSTROM, HIGH SCHOOL TEACHER, UNDERWOOD, N.D. 1974
 Job cpu time:       0 days  0 hours  0 minutes  1.1 seconds.
 File lengths (MBytes):  RWF=     84 Int=      0 D2E=      0 Chk=      2 Scr=      2
 Normal termination of Gaussian 09 at Fri Feb 17 13:53:16 2017.
