 Entering Gaussian System, Link 0=g09
 AtFile(1): H.gbs
            H     0
            S   10   1.00
               1000.000000000000            0.000068713567
                316.227766000000            0.000169141320
                100.000000000000            0.000823394812
                 31.622776600000            0.003425569236
                 10.000000000000            0.013951996000
                  3.162277660000            0.056909313560
                  1.000000000000            0.198286399900
                  0.316227766000            0.496922426700
                  0.100000000000            0.369846276400
                  0.031622776600            0.003752720039
            ****
 Initial command:
 /projects/guscus/apps/gau/g09-e1/g09/l1.exe "/users/lcj1/gaussian/h12/rhfstability/2rows/alterguess/4to2/Gau-29610.inp" -scrdir="/users/lcj1/gaussian/h12/rhfstability/2rows/alterguess/4to2/"
 Entering Link 1 = /projects/guscus/apps/gau/g09-e1/g09/l1.exe PID=     29611.
  
 Copyright (c) 1988,1990,1992,1993,1995,1998,2003,2009,2015,
            Gaussian, Inc.  All Rights Reserved.
  
 This is part of the Gaussian(R) 09 program.  It is based on
 the Gaussian(R) 03 system (copyright 2003, Gaussian, Inc.),
 the Gaussian(R) 98 system (copyright 1998, Gaussian, Inc.),
 the Gaussian(R) 94 system (copyright 1995, Gaussian, Inc.),
 the Gaussian 92(TM) system (copyright 1992, Gaussian, Inc.),
 the Gaussian 90(TM) system (copyright 1990, Gaussian, Inc.),
 the Gaussian 88(TM) system (copyright 1988, Gaussian, Inc.),
 the Gaussian 86(TM) system (copyright 1986, Carnegie Mellon
 University), and the Gaussian 82(TM) system (copyright 1983,
 Carnegie Mellon University). Gaussian is a federally registered
 trademark of Gaussian, Inc.
  
 This software contains proprietary and confidential information,
 including trade secrets, belonging to Gaussian, Inc.
  
 This software is provided under written license and may be
 used, copied, transmitted, or stored only in accord with that
 written license.
  
 The following legend is applicable only to US Government
 contracts under FAR:
  
                    RESTRICTED RIGHTS LEGEND
  
 Use, reproduction and disclosure by the US Government is
 subject to restrictions as set forth in subparagraphs (a)
 and (c) of the Commercial Computer Software - Restricted
 Rights clause in FAR 52.227-19.
  
 Gaussian, Inc.
 340 Quinnipiac St., Bldg. 40, Wallingford CT 06492
  
  
 ---------------------------------------------------------------
 Warning -- This program may not be used in any manner that
 competes with the business of Gaussian, Inc. or will provide
 assistance to any competitor of Gaussian, Inc.  The licensee
 of this program is prohibited from giving any competitor of
 Gaussian, Inc. access to this program.  By using this program,
 the user acknowledges that Gaussian, Inc. is engaged in the
 business of creating and licensing software in the field of
 computational chemistry and represents and warrants to the
 licensee that it is not a competitor of Gaussian, Inc. and that
 it will not use this program in any manner prohibited above.
 ---------------------------------------------------------------
  

 Cite this work as:
 Gaussian 09, Revision E.01,
 M. J. Frisch, G. W. Trucks, H. B. Schlegel, G. E. Scuseria, 
 M. A. Robb, J. R. Cheeseman, G. Scalmani, V. Barone, B. Mennucci, 
 G. A. Petersson, H. Nakatsuji, M. Caricato, X. Li, H. P. Hratchian, 
 A. F. Izmaylov, J. Bloino, G. Zheng, J. L. Sonnenberg, M. Hada, 
 M. Ehara, K. Toyota, R. Fukuda, J. Hasegawa, M. Ishida, T. Nakajima, 
 Y. Honda, O. Kitao, H. Nakai, T. Vreven, J. A. Montgomery, Jr., 
 J. E. Peralta, F. Ogliaro, M. Bearpark, J. J. Heyd, E. Brothers, 
 K. N. Kudin, V. N. Staroverov, T. Keith, R. Kobayashi, J. Normand, 
 K. Raghavachari, A. Rendell, J. C. Burant, S. S. Iyengar, J. Tomasi, 
 M. Cossi, N. Rega, J. M. Millam, M. Klene, J. E. Knox, J. B. Cross, 
 V. Bakken, C. Adamo, J. Jaramillo, R. Gomperts, R. E. Stratmann, 
 O. Yazyev, A. J. Austin, R. Cammi, C. Pomelli, J. W. Ochterski, 
 R. L. Martin, K. Morokuma, V. G. Zakrzewski, G. A. Voth, 
 P. Salvador, J. J. Dannenberg, S. Dapprich, A. D. Daniels, 
 O. Farkas, J. B. Foresman, J. V. Ortiz, J. Cioslowski, 
 and D. J. Fox, Gaussian, Inc., Wallingford CT, 2013.
 
 ******************************************
 Gaussian 09:  ES64L-G09RevE.01 30-Nov-2015
                17-Feb-2017 
 ******************************************
 %chk=h12.chk
 ----------------------------------------------------------------------
 #rhf/gen scf(symm,tight,novaracc,noincfock,fulldiag) stable(crhf) gues
 s=read geom=nocrowd test
 ----------------------------------------------------------------------
 1/38=1/1;
 2/12=1,17=6,18=5,40=1/2;
 3/5=7,16=1,25=1,30=1,116=1/1,2,3;
 4/5=1,9=4/1;
 5/5=100002,15=2,16=1,32=2,38=6/2;
 8/6=1,10=90,11=11/1,4;
 9/8=4,13=1/2;
 6/7=2,8=2,9=2,10=2,28=1/1;
 99/5=1,9=1/99;
 ----------------------------------------------------------------------
 hf stability analysis of h10 triangular lattice, y= 1.0879998015825072
 ----------------------------------------------------------------------
 Symbolic Z-matrix:
 Charge =  0 Multiplicity = 1
 H
 H                    1     1.21051 
 H                    1     1.21051  2     52. 
 H                    2     1.21051  1     128.     3     0.       0
 H                    3     1.21051  1     180.     2     0.       0
 H                    4     1.21051  2     180.     1     0.       0
 H                    5     1.21051  3     180.     2     0.       0
 H                    6     1.21051  4     180.     1     0.       0
 H                    7     1.21051  5     180.     2     0.       0
 H                    8     1.21051  6     180.     1     0.       0
 H                    9     1.21051  7     180.     2     0.       0
 H                    10    1.21051  8     180.     1     0.       0
 
                          Input orientation:                          
 ---------------------------------------------------------------------
 Center     Atomic      Atomic             Coordinates (Angstroms)
 Number     Number       Type             X           Y           Z
 ---------------------------------------------------------------------
      1          1           0        0.000000    0.000000    0.000000
      2          1           0        0.000000    0.000000    1.210511
      3          1           0        0.953895    0.000000    0.745265
      4          1           0        0.953895    0.000000    1.955775
      5          1           0        1.907791    0.000000    1.490530
      6          1           0        1.907791    0.000000    2.701040
      7          1           0        2.861686    0.000000    2.235794
      8          1           0        2.861686    0.000000    3.446305
      9          1           0        3.815582    0.000000    2.981059
     10          1           0        3.815582    0.000000    4.191570
     11          1           0        4.769477    0.000000    3.726324
     12          1           0        4.769477    0.000000    4.936835
 ---------------------------------------------------------------------
                    Distance matrix (angstroms):
                    1          2          3          4          5
     1  H    0.000000
     2  H    1.210511   0.000000
     3  H    1.210511   1.061306   0.000000
     4  H    2.176000   1.210511   1.210511   0.000000
     5  H    2.421021   1.928231   1.210511   1.061306   0.000000
     6  H    3.306854   2.421021   2.176000   1.210511   1.210511
     7  H    3.631532   3.039812   2.421021   1.928231   1.210511
     8  H    4.479539   3.631532   3.306854   2.421021   2.176000
     9  H    4.842043   4.206365   3.631532   3.039812   2.421021
    10  H    5.668150   4.842043   4.479539   3.631532   3.306854
    11  H    6.052553   5.392331   4.842043   4.206365   3.631532
    12  H    6.864419   6.052553   5.668150   4.842043   4.479539
                    6          7          8          9         10
     6  H    0.000000
     7  H    1.061306   0.000000
     8  H    1.210511   1.210511   0.000000
     9  H    1.928231   1.210511   1.061306   0.000000
    10  H    2.421021   2.176000   1.210511   1.210511   0.000000
    11  H    3.039812   2.421021   1.928231   1.210511   1.061306
    12  H    3.631532   3.306854   2.421021   2.176000   1.210511
                   11         12
    11  H    0.000000
    12  H    1.210511   0.000000
 Stoichiometry    H12
 Framework group  C2H[SGH(H12)]
 Deg. of freedom    11
 Full point group                 C2H     NOp   4
 Largest Abelian subgroup         C2H     NOp   4
 Largest concise Abelian subgroup C2      NOp   2
                         Standard orientation:                         
 ---------------------------------------------------------------------
 Center     Atomic      Atomic             Coordinates (Angstroms)
 Number     Number       Type             X           Y           Z
 ---------------------------------------------------------------------
      1          1           0        3.263999    1.061306   -0.000000
      2          1           0        2.176000    1.591959   -0.000000
      3          1           0        2.176000    0.530653   -0.000000
      4          1           0        1.088000    1.061306   -0.000000
      5          1           0        1.088000    0.000000   -0.000000
      6          1           0        0.000000    0.530653    0.000000
      7          1           0       -0.000000   -0.530653    0.000000
      8          1           0       -1.088000    0.000000   -0.000000
      9          1           0       -1.088000   -1.061306   -0.000000
     10          1           0       -2.176000   -0.530653   -0.000000
     11          1           0       -2.176000   -1.591959   -0.000000
     12          1           0       -3.263999   -1.061306   -0.000000
 ---------------------------------------------------------------------
 Rotational constants (GHZ):    189.9920926      9.4536714      9.0055701
 General basis read from cards:  (5D, 7F)
 There are     6 symmetry adapted cartesian basis functions of AG  symmetry.
 There are     0 symmetry adapted cartesian basis functions of BG  symmetry.
 There are     0 symmetry adapted cartesian basis functions of AU  symmetry.
 There are     6 symmetry adapted cartesian basis functions of BU  symmetry.
 There are     6 symmetry adapted basis functions of AG  symmetry.
 There are     0 symmetry adapted basis functions of BG  symmetry.
 There are     0 symmetry adapted basis functions of AU  symmetry.
 There are     6 symmetry adapted basis functions of BU  symmetry.
    12 basis functions,   120 primitive gaussians,    12 cartesian basis functions
     6 alpha electrons        6 beta electrons
       nuclear repulsion energy        17.1663847930 Hartrees.
 NAtoms=   12 NActive=   12 NUniq=    6 SFac= 4.00D+00 NAtFMM=   60 NAOKFM=F Big=F
 Integral buffers will be    131072 words long.
 Regular integral format.
 Two-electron integral symmetry is turned on.
 One-electron integrals computed using PRISM.
 NBasis=    12 RedAO= T EigKep=  1.82D-01  NBF=     6     0     0     6
 NBsUse=    12 1.00D-06 EigRej= -1.00D+00 NBFU=     6     0     0     6
 Initial guess from the checkpoint file:  "h12.chk"
 B after Tr=    -0.000000   -0.000000   -0.000000
         Rot=    0.999998   -0.000000    0.000000    0.001837 Ang=   0.21 deg.
 Initial guess orbital symmetries:
       Occupied  (AG) (BU) (AG) (BU) (AG) (AG)
       Virtual   (BU) (BU) (BU) (AG) (AG) (BU)
 Keep R1 ints in memory in symmetry-blocked form, NReq=899192.
 Requested convergence on RMS density matrix=1.00D-08 within 128 cycles.
 Requested convergence on MAX density matrix=1.00D-06.
 Requested convergence on             energy=1.00D-06.
 No special actions if energy rises.
 SCF Done:  E(RHF) =  -5.55293374372     A.U. after    9 cycles
            NFock=  9  Conv=0.32D-08     -V/T= 1.8538
 Range of M.O.s used for correlation:     1    12
 NBasis=    12 NAE=     6 NBE=     6 NFC=     0 NFV=     0
 NROrb=     12 NOA=     6 NOB=     6 NVA=     6 NVB=     6

 **** Warning!!: The smallest alpha delta epsilon is  0.66574843D-01

 Semi-Direct transformation.
 ModeAB=           4 MOrb=             6 LenV=     134088791
 LASXX=         2181 LTotXX=        2181 LenRXX=        5115
 LTotAB=        2934 MaxLAS=        3024 LenRXY=           0
 NonZer=        7296 LenScr=      655360 LnRSAI=        3024
 LnScr1=      655360 LExtra=           0 Total=      1318859
 MaxDsk=          -1 SrtSym=           T ITran=            3
 JobTyp=0 Pass  1:  I=   1 to   6.
 (rs|ai) integrals will be sorted in core.
 Spin components of T(2) and E(2):
     alpha-alpha T2 =       0.1270348255D-01 E2=     -0.1164335729D-01
     alpha-beta  T2 =       0.8461161952D+00 E2=     -0.2366340238D+00
     beta-beta   T2 =       0.1270348255D-01 E2=     -0.1164335729D-01
 ANorm=    0.1368036242D+01
 E2 =    -0.2599207383D+00 EUMP2 =    -0.58128544820552D+01
 Second order stability test of a single determinant RHF wave function:
 Stabil:  MDV=134217728
 ***********************************************************************
 Matrix         Lowest Root    Major Pairs
 ***********************************************************************
 Internal RHF    -0.0735937    5A=7A 6A=7A 6A=8A
 RRHF --> CRHF   -0.130376     6A=7A 5A=7A
 RRHF --> RUHF   -0.3436707    6A=7B
 Not stable.
 ***********************************************************************

 **********************************************************************

            Population analysis using the SCF density.

 **********************************************************************

 Orbital symmetries:
       Occupied  (AG) (BU) (AG) (BU) (AG) (AG)
       Virtual   (BU) (BU) (BU) (AG) (AG) (BU)
 The electronic state is 1-AG.
 Alpha  occ. eigenvalues --   -0.84892  -0.76930  -0.64446  -0.46911  -0.25972
 Alpha  occ. eigenvalues --   -0.17187
 Alpha virt. eigenvalues --   -0.10529   0.12636   0.26309   0.32708   0.46792
 Alpha virt. eigenvalues --    0.58440
          Condensed to atoms (all electrons):
               1          2          3          4          5          6
     1  H    1.005941   0.197293   0.085747  -0.142121  -0.055136   0.011488
     2  H    0.197293   0.885641  -0.123210   0.146403  -0.170078   0.014986
     3  H    0.085747  -0.123210   0.879318  -0.069114   0.305614  -0.091936
     4  H   -0.142121   0.146403  -0.069114   1.290851   0.105676  -0.105481
     5  H   -0.055136  -0.170078   0.305614   0.105676   1.094653  -0.088794
     6  H    0.011488   0.014986  -0.091936  -0.105481  -0.088794   1.000939
     7  H    0.011423   0.013277  -0.066130  -0.100968  -0.217252   0.537944
     8  H    0.000648  -0.009409   0.022216  -0.067054   0.054690  -0.217252
     9  H   -0.001237   0.004466  -0.005289   0.037329  -0.067054  -0.100968
    10  H   -0.000066  -0.001567   0.003457  -0.005289   0.022216  -0.066130
    11  H   -0.000043   0.000500  -0.001567   0.004466  -0.009409   0.013277
    12  H    0.000032  -0.000043  -0.000066  -0.001237   0.000648   0.011423
               7          8          9         10         11         12
     1  H    0.011423   0.000648  -0.001237  -0.000066  -0.000043   0.000032
     2  H    0.013277  -0.009409   0.004466  -0.001567   0.000500  -0.000043
     3  H   -0.066130   0.022216  -0.005289   0.003457  -0.001567  -0.000066
     4  H   -0.100968  -0.067054   0.037329  -0.005289   0.004466  -0.001237
     5  H   -0.217252   0.054690  -0.067054   0.022216  -0.009409   0.000648
     6  H    0.537944  -0.217252  -0.100968  -0.066130   0.013277   0.011423
     7  H    1.000939  -0.088794  -0.105481  -0.091936   0.014986   0.011488
     8  H   -0.088794   1.094653   0.105676   0.305614  -0.170078  -0.055136
     9  H   -0.105481   0.105676   1.290851  -0.069114   0.146403  -0.142121
    10  H   -0.091936   0.305614  -0.069114   0.879318  -0.123210   0.085747
    11  H    0.014986  -0.170078   0.146403  -0.123210   0.885641   0.197293
    12  H    0.011488  -0.055136  -0.142121   0.085747   0.197293   1.005941
 Mulliken charges:
               1
     1  H   -0.113970
     2  H    0.041741
     3  H    0.060960
     4  H   -0.093461
     5  H    0.024226
     6  H    0.080504
     7  H    0.080504
     8  H    0.024226
     9  H   -0.093461
    10  H    0.060960
    11  H    0.041741
    12  H   -0.113970
 Sum of Mulliken charges =   0.00000
 Mulliken charges with hydrogens summed into heavy atoms:
               1
 Electronic spatial extent (au):  <R**2>=            243.9545
 Charge=             -0.0000 electrons
 Dipole moment (field-independent basis, Debye):
    X=              0.0000    Y=              0.0000    Z=              0.0000  Tot=              0.0000
 Quadrupole moment (field-independent basis, Debye-Ang):
   XX=            -27.9859   YY=            -17.4481   ZZ=            -15.2374
   XY=             -4.8755   XZ=             -0.0000   YZ=             -0.0000
 Traceless Quadrupole moment (field-independent basis, Debye-Ang):
   XX=             -7.7621   YY=              2.7757   ZZ=              4.9864
   XY=             -4.8755   XZ=             -0.0000   YZ=             -0.0000
 Octapole moment (field-independent basis, Debye-Ang**2):
  XXX=              0.0000  YYY=              0.0000  ZZZ=              0.0000  XYY=              0.0000
  XXY=             -0.0000  XXZ=              0.0000  XZZ=              0.0000  YZZ=              0.0000
  YYZ=              0.0000  XYZ=              0.0000
 Hexadecapole moment (field-independent basis, Debye-Ang**3):
 XXXX=           -540.8122 YYYY=           -113.8780 ZZZZ=            -18.1645 XXXY=           -129.1745
 XXXZ=             -0.0000 YYYX=            -89.1671 YYYZ=              0.0000 ZZZX=             -0.0000
 ZZZY=              0.0000 XXYY=           -106.1627 XXZZ=            -69.4756 YYZZ=            -20.8337
 XXYZ=             -0.0000 YYXZ=             -0.0000 ZZXY=            -25.9093
 N-N= 1.716638479302D+01 E-N=-4.561576475685D+01  KE= 6.503893771856D+00
 Symmetry AG   KE= 4.699322368272D+00
 Symmetry BG   KE= 0.000000000000D+00
 Symmetry AU   KE= 0.000000000000D+00
 Symmetry BU   KE= 1.804571403584D+00

 Test job not archived.
 1\1\GINC-SULU\Stability\RHF\Gen\H12\LCJ1\17-Feb-2017\0\\#rhf/gen scf(s
 ymm,tight,novaracc,noincfock,fulldiag) stable(crhf) guess=read geom=no
 crowd test\\hf stability analysis of h10 triangular lattice, y= 1.0879
 998015825072\\0,1\H\H,1,1.2105106721\H,1,1.2105106721,2,52.\H,2,1.2105
 106721,1,128.,3,0.,0\H,3,1.2105106721,1,180.,2,0.,0\H,4,1.2105106721,2
 ,180.,1,0.,0\H,5,1.2105106721,3,180.,2,0.,0\H,6,1.2105106721,4,180.,1,
 0.,0\H,7,1.2105106721,5,180.,2,0.,0\H,8,1.2105106721,6,180.,1,0.,0\H,9
 ,1.2105106721,7,180.,2,0.,0\H,10,1.2105106721,8,180.,1,0.,0\\Version=E
 S64L-G09RevE.01\State=1-AG\HF=-5.5529337\MP2=-5.8128545\RMSD=3.222e-09
 \Dipole=0.,0.,0.\Quadrupole=-2.2982652,3.7072396,-1.4089744,0.,-5.3185
 283,0.\PG=C02H [SGH(H12)]\\@


     ON THE SURVIVAL OF THE FITTEST -
 "STRONG REPRESENTATIVES FROM EACH PAST ERA THRIVE TODAY,
 SUCH AS PROGRAMMING IN THE THIRTY YEAR OLD LANGUAGE KNOWN
 AS FORTRAN, AND EVEN IN THE ANCIENT SCRIPT KNOWN AS DIRECT
 MACHINE CODE. SOME PEOPLE MIGHT LOOK ON SUCH RELICS AS LIVING
 FOSSILS; OTHERS WOULD POINT OUT THAT EVEN A VERY OLD SPECIES
 MIGHT STILL BE FILLING A PARTICULAR ECOLOGICAL NICHE."
     -- ALAN KAY, SCI.AM. SEPTEMBER 1984
 Job cpu time:       0 days  0 hours  0 minutes  1.1 seconds.
 File lengths (MBytes):  RWF=     84 Int=      0 D2E=      0 Chk=      2 Scr=      2
 Normal termination of Gaussian 09 at Fri Feb 17 14:00:14 2017.
