 Entering Gaussian System, Link 0=g09
 AtFile(1): H.gbs
            H     0
            S   10   1.00
               1000.000000000000            0.000068713567
                316.227766000000            0.000169141320
                100.000000000000            0.000823394812
                 31.622776600000            0.003425569236
                 10.000000000000            0.013951996000
                  3.162277660000            0.056909313560
                  1.000000000000            0.198286399900
                  0.316227766000            0.496922426700
                  0.100000000000            0.369846276400
                  0.031622776600            0.003752720039
            ****
 Initial command:
 /projects/guscus/apps/gau/g09-e1/g09/l1.exe "/users/lcj1/gaussian/h12/rhfstability/2rows/alterguess/4to2/Gau-22364.inp" -scrdir="/users/lcj1/gaussian/h12/rhfstability/2rows/alterguess/4to2/"
 Entering Link 1 = /projects/guscus/apps/gau/g09-e1/g09/l1.exe PID=     22368.
  
 Copyright (c) 1988,1990,1992,1993,1995,1998,2003,2009,2015,
            Gaussian, Inc.  All Rights Reserved.
  
 This is part of the Gaussian(R) 09 program.  It is based on
 the Gaussian(R) 03 system (copyright 2003, Gaussian, Inc.),
 the Gaussian(R) 98 system (copyright 1998, Gaussian, Inc.),
 the Gaussian(R) 94 system (copyright 1995, Gaussian, Inc.),
 the Gaussian 92(TM) system (copyright 1992, Gaussian, Inc.),
 the Gaussian 90(TM) system (copyright 1990, Gaussian, Inc.),
 the Gaussian 88(TM) system (copyright 1988, Gaussian, Inc.),
 the Gaussian 86(TM) system (copyright 1986, Carnegie Mellon
 University), and the Gaussian 82(TM) system (copyright 1983,
 Carnegie Mellon University). Gaussian is a federally registered
 trademark of Gaussian, Inc.
  
 This software contains proprietary and confidential information,
 including trade secrets, belonging to Gaussian, Inc.
  
 This software is provided under written license and may be
 used, copied, transmitted, or stored only in accord with that
 written license.
  
 The following legend is applicable only to US Government
 contracts under FAR:
  
                    RESTRICTED RIGHTS LEGEND
  
 Use, reproduction and disclosure by the US Government is
 subject to restrictions as set forth in subparagraphs (a)
 and (c) of the Commercial Computer Software - Restricted
 Rights clause in FAR 52.227-19.
  
 Gaussian, Inc.
 340 Quinnipiac St., Bldg. 40, Wallingford CT 06492
  
  
 ---------------------------------------------------------------
 Warning -- This program may not be used in any manner that
 competes with the business of Gaussian, Inc. or will provide
 assistance to any competitor of Gaussian, Inc.  The licensee
 of this program is prohibited from giving any competitor of
 Gaussian, Inc. access to this program.  By using this program,
 the user acknowledges that Gaussian, Inc. is engaged in the
 business of creating and licensing software in the field of
 computational chemistry and represents and warrants to the
 licensee that it is not a competitor of Gaussian, Inc. and that
 it will not use this program in any manner prohibited above.
 ---------------------------------------------------------------
  

 Cite this work as:
 Gaussian 09, Revision E.01,
 M. J. Frisch, G. W. Trucks, H. B. Schlegel, G. E. Scuseria, 
 M. A. Robb, J. R. Cheeseman, G. Scalmani, V. Barone, B. Mennucci, 
 G. A. Petersson, H. Nakatsuji, M. Caricato, X. Li, H. P. Hratchian, 
 A. F. Izmaylov, J. Bloino, G. Zheng, J. L. Sonnenberg, M. Hada, 
 M. Ehara, K. Toyota, R. Fukuda, J. Hasegawa, M. Ishida, T. Nakajima, 
 Y. Honda, O. Kitao, H. Nakai, T. Vreven, J. A. Montgomery, Jr., 
 J. E. Peralta, F. Ogliaro, M. Bearpark, J. J. Heyd, E. Brothers, 
 K. N. Kudin, V. N. Staroverov, T. Keith, R. Kobayashi, J. Normand, 
 K. Raghavachari, A. Rendell, J. C. Burant, S. S. Iyengar, J. Tomasi, 
 M. Cossi, N. Rega, J. M. Millam, M. Klene, J. E. Knox, J. B. Cross, 
 V. Bakken, C. Adamo, J. Jaramillo, R. Gomperts, R. E. Stratmann, 
 O. Yazyev, A. J. Austin, R. Cammi, C. Pomelli, J. W. Ochterski, 
 R. L. Martin, K. Morokuma, V. G. Zakrzewski, G. A. Voth, 
 P. Salvador, J. J. Dannenberg, S. Dapprich, A. D. Daniels, 
 O. Farkas, J. B. Foresman, J. V. Ortiz, J. Cioslowski, 
 and D. J. Fox, Gaussian, Inc., Wallingford CT, 2013.
 
 ******************************************
 Gaussian 09:  ES64L-G09RevE.01 30-Nov-2015
                17-Feb-2017 
 ******************************************
 %chk=h12.chk
 ----------------------------------------------------------------------
 #rhf/gen scf(symm,tight,novaracc,noincfock,fulldiag) stable(crhf) gues
 s=read geom=nocrowd test
 ----------------------------------------------------------------------
 1/38=1/1;
 2/12=1,17=6,18=5,40=1/2;
 3/5=7,16=1,25=1,30=1,116=1/1,2,3;
 4/5=1,9=4/1;
 5/5=100002,15=2,16=1,32=2,38=6/2;
 8/6=1,10=90,11=11/1,4;
 9/8=4,13=1/2;
 6/7=2,8=2,9=2,10=2,28=1/1;
 99/5=1,9=1/99;
 ----------------------------------------------------------------------
 hf stability analysis of h10 triangular lattice, y= 0.8149635215757493
 6
 ----------------------------------------------------------------------
 Symbolic Z-matrix:
 Charge =  0 Multiplicity = 1
 H
 H                    1     1.07984 
 H                    1     1.07984  2     82. 
 H                    2     1.07984  1     98.      3     0.       0
 H                    3     1.07984  1     180.     2     0.       0
 H                    4     1.07984  2     180.     1     0.       0
 H                    5     1.07984  3     180.     2     0.       0
 H                    6     1.07984  4     180.     1     0.       0
 H                    7     1.07984  5     180.     2     0.       0
 H                    8     1.07984  6     180.     1     0.       0
 H                    9     1.07984  7     180.     2     0.       0
 H                    10    1.07984  8     180.     1     0.       0
 
                          Input orientation:                          
 ---------------------------------------------------------------------
 Center     Atomic      Atomic             Coordinates (Angstroms)
 Number     Number       Type             X           Y           Z
 ---------------------------------------------------------------------
      1          1           0        0.000000    0.000000    0.000000
      2          1           0        0.000000    0.000000    1.079837
      3          1           0        1.069328    0.000000    0.150284
      4          1           0        1.069328    0.000000    1.230122
      5          1           0        2.138657    0.000000    0.300569
      6          1           0        2.138657    0.000000    1.380406
      7          1           0        3.207985    0.000000    0.450853
      8          1           0        3.207985    0.000000    1.530690
      9          1           0        4.277313    0.000000    0.601137
     10          1           0        4.277313    0.000000    1.680974
     11          1           0        5.346642    0.000000    0.751421
     12          1           0        5.346642    0.000000    1.831259
 ---------------------------------------------------------------------
                    Distance matrix (angstroms):
                    1          2          3          4          5
     1  H    0.000000
     2  H    1.079837   0.000000
     3  H    1.079837   1.416874   0.000000
     4  H    1.629927   1.079837   1.079837   0.000000
     5  H    2.159674   2.276206   1.079837   1.416874   0.000000
     6  H    2.545461   2.159674   1.629927   1.079837   1.079837
     7  H    3.239512   3.269065   2.159674   2.276206   1.079837
     8  H    3.554459   3.239512   2.545461   2.159674   1.629927
     9  H    4.319349   4.304017   3.239512   3.269065   2.159674
    10  H    4.595768   4.319349   3.554459   3.239512   2.545461
    11  H    5.399186   5.356719   4.319349   4.304017   3.239512
    12  H    5.651556   5.399186   4.595768   4.319349   3.554459
                    6          7          8          9         10
     6  H    0.000000
     7  H    1.416874   0.000000
     8  H    1.079837   1.079837   0.000000
     9  H    2.276206   1.079837   1.416874   0.000000
    10  H    2.159674   1.629927   1.079837   1.079837   0.000000
    11  H    3.269065   2.159674   2.276206   1.079837   1.416874
    12  H    3.239512   2.545461   2.159674   1.629927   1.079837
                   11         12
    11  H    0.000000
    12  H    1.079837   0.000000
 Stoichiometry    H12
 Framework group  C2H[SGH(H12)]
 Deg. of freedom    11
 Full point group                 C2H     NOp   4
 Largest Abelian subgroup         C2H     NOp   4
 Largest concise Abelian subgroup C2      NOp   2
                         Standard orientation:                         
 ---------------------------------------------------------------------
 Center     Atomic      Atomic             Coordinates (Angstroms)
 Number     Number       Type             X           Y           Z
 ---------------------------------------------------------------------
      1          1           0        2.444891    1.416874   -0.000000
      2          1           0        1.629927    2.125311    0.000000
      3          1           0        1.629927    0.708437   -0.000000
      4          1           0        0.814964    1.416874    0.000000
      5          1           0        0.814964    0.000000   -0.000000
      6          1           0        0.000000    0.708437    0.000000
      7          1           0       -0.000000   -0.708437    0.000000
      8          1           0       -0.814964    0.000000    0.000000
      9          1           0       -0.814964   -1.416874    0.000000
     10          1           0       -1.629927   -0.708437    0.000000
     11          1           0       -1.629927   -2.125311    0.000000
     12          1           0       -2.444891   -1.416874    0.000000
 ---------------------------------------------------------------------
 Rotational constants (GHZ):    146.4451510     12.2648169     11.3170142
 General basis read from cards:  (5D, 7F)
 There are     6 symmetry adapted cartesian basis functions of AG  symmetry.
 There are     0 symmetry adapted cartesian basis functions of BG  symmetry.
 There are     0 symmetry adapted cartesian basis functions of AU  symmetry.
 There are     6 symmetry adapted cartesian basis functions of BU  symmetry.
 There are     6 symmetry adapted basis functions of AG  symmetry.
 There are     0 symmetry adapted basis functions of BG  symmetry.
 There are     0 symmetry adapted basis functions of AU  symmetry.
 There are     6 symmetry adapted basis functions of BU  symmetry.
    12 basis functions,   120 primitive gaussians,    12 cartesian basis functions
     6 alpha electrons        6 beta electrons
       nuclear repulsion energy        18.3203148628 Hartrees.
 NAtoms=   12 NActive=   12 NUniq=    6 SFac= 4.00D+00 NAtFMM=   60 NAOKFM=F Big=F
 Integral buffers will be    131072 words long.
 Regular integral format.
 Two-electron integral symmetry is turned on.
 One-electron integrals computed using PRISM.
 NBasis=    12 RedAO= T EigKep=  1.19D-01  NBF=     6     0     0     6
 NBsUse=    12 1.00D-06 EigRej= -1.00D+00 NBFU=     6     0     0     6
 Initial guess from the checkpoint file:  "h12.chk"
 B after Tr=     0.000000   -0.000000    0.000000
         Rot=    0.999998    0.000000    0.000000    0.001837 Ang=   0.21 deg.
 Initial guess orbital symmetries:
       Occupied  (AG) (BU) (AG) (BU) (AG) (AG)
       Virtual   (BU) (BU) (AG) (BU) (BU) (AG)
 Keep R1 ints in memory in symmetry-blocked form, NReq=900550.
 Requested convergence on RMS density matrix=1.00D-08 within 128 cycles.
 Requested convergence on MAX density matrix=1.00D-06.
 Requested convergence on             energy=1.00D-06.
 No special actions if energy rises.
 SCF Done:  E(RHF) =  -5.36679839533     A.U. after   11 cycles
            NFock= 11  Conv=0.50D-08     -V/T= 1.7752
 Range of M.O.s used for correlation:     1    12
 NBasis=    12 NAE=     6 NBE=     6 NFC=     0 NFV=     0
 NROrb=     12 NOA=     6 NOB=     6 NVA=     6 NVB=     6

 **** Warning!!: The smallest alpha delta epsilon is -0.48303975D-01

 Semi-Direct transformation.
 ModeAB=           4 MOrb=             6 LenV=     134087587
 LASXX=         2181 LTotXX=        2181 LenRXX=        5115
 LTotAB=        2934 MaxLAS=        3024 LenRXY=           0
 NonZer=        7296 LenScr=      655360 LnRSAI=        3024
 LnScr1=      655360 LExtra=           0 Total=      1318859
 MaxDsk=          -1 SrtSym=           T ITran=            3
 JobTyp=0 Pass  1:  I=   1 to   6.
 (rs|ai) integrals will be sorted in core.
 Spin components of T(2) and E(2):
     alpha-alpha T2 =       0.2390942127D-01 E2=     -0.1816128479D-01
     alpha-beta  T2 =       0.3176082483D+01 E2=     -0.2638275373D+00
     beta-beta   T2 =       0.2390942127D-01 E2=     -0.1816128479D-01
 ANorm=    0.2055213207D+01
 E2 =    -0.3001501069D+00 EUMP2 =    -0.56669485022234D+01
 Second order stability test of a single determinant RHF wave function:
 Stabil:  MDV=134217728
 ***********************************************************************
 Matrix         Lowest Root    Major Pairs
 ***********************************************************************
 Internal RHF    -0.2711104    6A=7A
 RRHF --> CRHF   -0.3185035    6A=7A
 RRHF --> RUHF   -0.3961238    6A=7B
 Not stable.
 ***********************************************************************

 **********************************************************************

            Population analysis using the SCF density.

 **********************************************************************

 Orbital symmetries:
       Occupied  (AG) (BU) (AG) (BU) (AG) (AG)
       Virtual   (BU) (BU) (AG) (BU) (BU) (AG)
 The electronic state is 1-AG.
 Alpha  occ. eigenvalues --   -0.90236  -0.77855  -0.62981  -0.44306  -0.26178
 Alpha  occ. eigenvalues --   -0.16660
 Alpha virt. eigenvalues --   -0.21490   0.09540   0.32897   0.33133   0.63551
 Alpha virt. eigenvalues --    0.89368
          Condensed to atoms (all electrons):
               1          2          3          4          5          6
     1  H    1.092984   0.424377  -0.152773  -0.262899  -0.019674  -0.007219
     2  H    0.424377   0.901473  -0.232436  -0.061338  -0.073923   0.021127
     3  H   -0.152773  -0.232436   1.335670   0.248032   0.212202  -0.208637
     4  H   -0.262899  -0.061338   0.248032   1.474405  -0.116047  -0.019043
     5  H   -0.019674  -0.073923   0.212202  -0.116047   0.861093   0.219270
     6  H   -0.007219   0.021127  -0.208637  -0.019043   0.219270   0.918184
     7  H    0.014829   0.020331  -0.159803  -0.057314  -0.112554   0.209353
     8  H    0.012471   0.002836   0.001862  -0.132667   0.021195  -0.112554
     9  H   -0.004820   0.000134   0.004727   0.044917  -0.132667  -0.057314
    10  H   -0.000948  -0.003962   0.027774   0.004727   0.001862  -0.159803
    11  H    0.000056   0.000280  -0.003962   0.000134   0.002836   0.020331
    12  H    0.000281   0.000056  -0.000948  -0.004820   0.012471   0.014829
               7          8          9         10         11         12
     1  H    0.014829   0.012471  -0.004820  -0.000948   0.000056   0.000281
     2  H    0.020331   0.002836   0.000134  -0.003962   0.000280   0.000056
     3  H   -0.159803   0.001862   0.004727   0.027774  -0.003962  -0.000948
     4  H   -0.057314  -0.132667   0.044917   0.004727   0.000134  -0.004820
     5  H   -0.112554   0.021195  -0.132667   0.001862   0.002836   0.012471
     6  H    0.209353  -0.112554  -0.057314  -0.159803   0.020331   0.014829
     7  H    0.918184   0.219270  -0.019043  -0.208637   0.021127  -0.007219
     8  H    0.219270   0.861093  -0.116047   0.212202  -0.073923  -0.019674
     9  H   -0.019043  -0.116047   1.474405   0.248032  -0.061338  -0.262899
    10  H   -0.208637   0.212202   0.248032   1.335670  -0.232436  -0.152773
    11  H    0.021127  -0.073923  -0.061338  -0.232436   0.901473   0.424377
    12  H   -0.007219  -0.019674  -0.262899  -0.152773   0.424377   1.092984
 Mulliken charges:
               1
     1  H   -0.096663
     2  H    0.001045
     3  H   -0.071708
     4  H   -0.118085
     5  H    0.123936
     6  H    0.161475
     7  H    0.161475
     8  H    0.123936
     9  H   -0.118085
    10  H   -0.071708
    11  H    0.001045
    12  H   -0.096663
 Sum of Mulliken charges =  -0.00000
 Mulliken charges with hydrogens summed into heavy atoms:
               1
 Electronic spatial extent (au):  <R**2>=            205.2667
 Charge=             -0.0000 electrons
 Dipole moment (field-independent basis, Debye):
    X=             -0.0000    Y=             -0.0000    Z=             -0.0000  Tot=              0.0000
 Quadrupole moment (field-independent basis, Debye-Ang):
   XX=            -26.6649   YY=            -21.7625   ZZ=            -14.8341
   XY=             -9.6646   XZ=              0.0000   YZ=              0.0000
 Traceless Quadrupole moment (field-independent basis, Debye-Ang):
   XX=             -5.5777   YY=             -0.6753   ZZ=              6.2531
   XY=             -9.6646   XZ=              0.0000   YZ=              0.0000
 Octapole moment (field-independent basis, Debye-Ang**2):
  XXX=             -0.0000  YYY=             -0.0000  ZZZ=             -0.0000  XYY=             -0.0000
  XXY=             -0.0000  XXZ=             -0.0000  XZZ=             -0.0000  YZZ=              0.0000
  YYZ=             -0.0000  XYZ=             -0.0000
 Hexadecapole moment (field-independent basis, Debye-Ang**3):
 XXXX=           -304.3192 YYYY=           -205.4051 ZZZZ=            -17.3636 XXXY=           -134.7104
 XXXZ=              0.0000 YYYX=           -114.5796 YYYZ=              0.0000 ZZZX=              0.0000
 ZZZY=              0.0000 XXYY=           -111.0947 XXZZ=            -41.6474 YYZZ=            -32.4265
 XXYZ=              0.0000 YYXZ=              0.0000 ZZXY=            -26.6756
 N-N= 1.832031486283D+01 E-N=-4.793308154606D+01  KE= 6.923174802277D+00
 Symmetry AG   KE= 4.955816500433D+00
 Symmetry BG   KE= 0.000000000000D+00
 Symmetry AU   KE= 0.000000000000D+00
 Symmetry BU   KE= 1.967358301844D+00

 Test job not archived.
 1\1\GINC-SULU\Stability\RHF\Gen\H12\LCJ1\17-Feb-2017\0\\#rhf/gen scf(s
 ymm,tight,novaracc,noincfock,fulldiag) stable(crhf) guess=read geom=no
 crowd test\\hf stability analysis of h10 triangular lattice, y= 0.8149
 6352157574936\\0,1\H\H,1,1.0798372329\H,1,1.0798372329,2,82.\H,2,1.079
 8372329,1,98.,3,0.,0\H,3,1.0798372329,1,180.,2,0.,0\H,4,1.0798372329,2
 ,180.,1,0.,0\H,5,1.0798372329,3,180.,2,0.,0\H,6,1.0798372329,4,180.,1,
 0.,0\H,7,1.0798372329,5,180.,2,0.,0\H,8,1.0798372329,6,180.,1,0.,0\H,9
 ,1.0798372329,7,180.,2,0.,0\H,10,1.0798372329,8,180.,1,0.,0\\Version=E
 S64L-G09RevE.01\State=1-AG\HF=-5.3667984\MP2=-5.6669485\RMSD=5.035e-09
 \Dipole=0.,0.,0.\Quadrupole=-9.1863356,4.6490069,4.5373287,0.,-2.80467
 68,0.\PG=C02H [SGH(H12)]\\@


 ERROR IS THE FORCE THAT WELDS MEN TOGETHER....
 TRUTH IS COMMUNICATED TO MEN ONLY BY DEEDS OF TRUTH.
           TOLSTOI,MY RELIGION
 Job cpu time:       0 days  0 hours  0 minutes  1.0 seconds.
 File lengths (MBytes):  RWF=     84 Int=      0 D2E=      0 Chk=      2 Scr=      2
 Normal termination of Gaussian 09 at Fri Feb 17 13:57:11 2017.
