 Entering Gaussian System, Link 0=g09
 AtFile(1): H.gbs
            H     0
            S   10   1.00
               1000.000000000000            0.000068713567
                316.227766000000            0.000169141320
                100.000000000000            0.000823394812
                 31.622776600000            0.003425569236
                 10.000000000000            0.013951996000
                  3.162277660000            0.056909313560
                  1.000000000000            0.198286399900
                  0.316227766000            0.496922426700
                  0.100000000000            0.369846276400
                  0.031622776600            0.003752720039
            ****
 Initial command:
 /projects/guscus/apps/gau/g09-e1/g09/l1.exe "/users/lcj1/gaussian/h12/rhfstability/2rows/alterguess/4to2/Gau-7666.inp" -scrdir="/users/lcj1/gaussian/h12/rhfstability/2rows/alterguess/4to2/"
 Entering Link 1 = /projects/guscus/apps/gau/g09-e1/g09/l1.exe PID=      7667.
  
 Copyright (c) 1988,1990,1992,1993,1995,1998,2003,2009,2015,
            Gaussian, Inc.  All Rights Reserved.
  
 This is part of the Gaussian(R) 09 program.  It is based on
 the Gaussian(R) 03 system (copyright 2003, Gaussian, Inc.),
 the Gaussian(R) 98 system (copyright 1998, Gaussian, Inc.),
 the Gaussian(R) 94 system (copyright 1995, Gaussian, Inc.),
 the Gaussian 92(TM) system (copyright 1992, Gaussian, Inc.),
 the Gaussian 90(TM) system (copyright 1990, Gaussian, Inc.),
 the Gaussian 88(TM) system (copyright 1988, Gaussian, Inc.),
 the Gaussian 86(TM) system (copyright 1986, Carnegie Mellon
 University), and the Gaussian 82(TM) system (copyright 1983,
 Carnegie Mellon University). Gaussian is a federally registered
 trademark of Gaussian, Inc.
  
 This software contains proprietary and confidential information,
 including trade secrets, belonging to Gaussian, Inc.
  
 This software is provided under written license and may be
 used, copied, transmitted, or stored only in accord with that
 written license.
  
 The following legend is applicable only to US Government
 contracts under FAR:
  
                    RESTRICTED RIGHTS LEGEND
  
 Use, reproduction and disclosure by the US Government is
 subject to restrictions as set forth in subparagraphs (a)
 and (c) of the Commercial Computer Software - Restricted
 Rights clause in FAR 52.227-19.
  
 Gaussian, Inc.
 340 Quinnipiac St., Bldg. 40, Wallingford CT 06492
  
  
 ---------------------------------------------------------------
 Warning -- This program may not be used in any manner that
 competes with the business of Gaussian, Inc. or will provide
 assistance to any competitor of Gaussian, Inc.  The licensee
 of this program is prohibited from giving any competitor of
 Gaussian, Inc. access to this program.  By using this program,
 the user acknowledges that Gaussian, Inc. is engaged in the
 business of creating and licensing software in the field of
 computational chemistry and represents and warrants to the
 licensee that it is not a competitor of Gaussian, Inc. and that
 it will not use this program in any manner prohibited above.
 ---------------------------------------------------------------
  

 Cite this work as:
 Gaussian 09, Revision E.01,
 M. J. Frisch, G. W. Trucks, H. B. Schlegel, G. E. Scuseria, 
 M. A. Robb, J. R. Cheeseman, G. Scalmani, V. Barone, B. Mennucci, 
 G. A. Petersson, H. Nakatsuji, M. Caricato, X. Li, H. P. Hratchian, 
 A. F. Izmaylov, J. Bloino, G. Zheng, J. L. Sonnenberg, M. Hada, 
 M. Ehara, K. Toyota, R. Fukuda, J. Hasegawa, M. Ishida, T. Nakajima, 
 Y. Honda, O. Kitao, H. Nakai, T. Vreven, J. A. Montgomery, Jr., 
 J. E. Peralta, F. Ogliaro, M. Bearpark, J. J. Heyd, E. Brothers, 
 K. N. Kudin, V. N. Staroverov, T. Keith, R. Kobayashi, J. Normand, 
 K. Raghavachari, A. Rendell, J. C. Burant, S. S. Iyengar, J. Tomasi, 
 M. Cossi, N. Rega, J. M. Millam, M. Klene, J. E. Knox, J. B. Cross, 
 V. Bakken, C. Adamo, J. Jaramillo, R. Gomperts, R. E. Stratmann, 
 O. Yazyev, A. J. Austin, R. Cammi, C. Pomelli, J. W. Ochterski, 
 R. L. Martin, K. Morokuma, V. G. Zakrzewski, G. A. Voth, 
 P. Salvador, J. J. Dannenberg, S. Dapprich, A. D. Daniels, 
 O. Farkas, J. B. Foresman, J. V. Ortiz, J. Cioslowski, 
 and D. J. Fox, Gaussian, Inc., Wallingford CT, 2013.
 
 ******************************************
 Gaussian 09:  ES64L-G09RevE.01 30-Nov-2015
                17-Feb-2017 
 ******************************************
 %chk=h12.chk
 ----------------------------------------------------------------------
 #rhf/gen scf(symm,tight,novaracc,noincfock,fulldiag) stable(crhf) gues
 s=read geom=nocrowd test
 ----------------------------------------------------------------------
 1/38=1/1;
 2/12=1,17=6,18=5,40=1/2;
 3/5=7,16=1,25=1,30=1,116=1/1,2,3;
 4/5=1,9=4/1;
 5/5=100002,15=2,16=1,32=2,38=6/2;
 8/6=1,10=90,11=11/1,4;
 9/8=4,13=1/2;
 6/7=2,8=2,9=2,10=2,28=1/1;
 99/5=1,9=1/99;
 ----------------------------------------------------------------------
 hf stability analysis of h10 triangular lattice, y= 0.4458672966047664
 3
 ----------------------------------------------------------------------
 Symbolic Z-matrix:
 Charge =  0 Multiplicity = 1
 H
 H                    1     1.36951 
 H                    1     1.36951  2     142. 
 H                    2     1.36951  1     38.      3     0.       0
 H                    3     1.36951  1     180.     2     0.       0
 H                    4     1.36951  2     180.     1     0.       0
 H                    5     1.36951  3     180.     2     0.       0
 H                    6     1.36951  4     180.     1     0.       0
 H                    7     1.36951  5     180.     2     0.       0
 H                    8     1.36951  6     180.     1     0.       0
 H                    9     1.36951  7     180.     2     0.       0
 H                    10    1.36951  8     180.     1     0.       0
 
                          Input orientation:                          
 ---------------------------------------------------------------------
 Center     Atomic      Atomic             Coordinates (Angstroms)
 Number     Number       Type             X           Y           Z
 ---------------------------------------------------------------------
      1          1           0        0.000000    0.000000    0.000000
      2          1           0        0.000000    0.000000    1.369505
      3          1           0        0.843152    0.000000   -1.079185
      4          1           0        0.843152    0.000000    0.290320
      5          1           0        1.686303    0.000000   -2.158370
      6          1           0        1.686303    0.000000   -0.788864
      7          1           0        2.529455    0.000000   -3.237555
      8          1           0        2.529455    0.000000   -1.868049
      9          1           0        3.372606    0.000000   -4.316739
     10          1           0        3.372606    0.000000   -2.947234
     11          1           0        4.215758    0.000000   -5.395924
     12          1           0        4.215758    0.000000   -4.026419
 ---------------------------------------------------------------------
                    Distance matrix (angstroms):
                    1          2          3          4          5
     1  H    0.000000
     2  H    1.369505   0.000000
     3  H    1.369505   2.589785   0.000000
     4  H    0.891735   1.369505   1.369505   0.000000
     5  H    2.739010   3.910182   1.369505   2.589785   0.000000
     6  H    1.861700   2.739010   0.891735   1.369505   1.369505
     7  H    4.108516   5.255772   2.739010   3.910182   1.369505
     8  H    3.144479   4.108516   1.861700   2.739010   0.891735
     9  H    5.478021   6.611191   4.108516   5.255772   2.739010
    10  H    4.478913   5.478021   3.144479   4.108516   1.861700
    11  H    6.847526   7.971427   5.478021   6.611191   4.108516
    12  H    5.829637   6.847526   4.478913   5.478021   3.144479
                    6          7          8          9         10
     6  H    0.000000
     7  H    2.589785   0.000000
     8  H    1.369505   1.369505   0.000000
     9  H    3.910182   1.369505   2.589785   0.000000
    10  H    2.739010   0.891735   1.369505   1.369505   0.000000
    11  H    5.255772   2.739010   3.910182   1.369505   2.589785
    12  H    4.108516   1.861700   2.739010   0.891735   1.369505
                   11         12
    11  H    0.000000
    12  H    1.369505   0.000000
 Stoichiometry    H12
 Framework group  C2H[SGH(H12)]
 Deg. of freedom    11
 Full point group                 C2H     NOp   4
 Largest Abelian subgroup         C2H     NOp   4
 Largest concise Abelian subgroup C2      NOp   2
                         Standard orientation:                         
 ---------------------------------------------------------------------
 Center     Atomic      Atomic             Coordinates (Angstroms)
 Number     Number       Type             X           Y           Z
 ---------------------------------------------------------------------
      1          1           0        2.589785    1.337602    0.000000
      2          1           0        3.884678    0.891735    0.000000
      3          1           0        1.294893    0.891735    0.000000
      4          1           0        2.589785    0.445867    0.000000
      5          1           0        0.000000    0.445867    0.000000
      6          1           0        1.294893    0.000000    0.000000
      7          1           0       -1.294893    0.000000    0.000000
      8          1           0       -0.000000   -0.445867   -0.000000
      9          1           0       -2.589785   -0.445867    0.000000
     10          1           0       -1.294893   -0.891735    0.000000
     11          1           0       -3.884678   -0.891735    0.000000
     12          1           0       -2.589785   -1.337602    0.000000
 ---------------------------------------------------------------------
 Rotational constants (GHZ):    248.0376220      7.2413332      7.0359230
 General basis read from cards:  (5D, 7F)
 There are     6 symmetry adapted cartesian basis functions of AG  symmetry.
 There are     0 symmetry adapted cartesian basis functions of BG  symmetry.
 There are     0 symmetry adapted cartesian basis functions of AU  symmetry.
 There are     6 symmetry adapted cartesian basis functions of BU  symmetry.
 There are     6 symmetry adapted basis functions of AG  symmetry.
 There are     0 symmetry adapted basis functions of BG  symmetry.
 There are     0 symmetry adapted basis functions of AU  symmetry.
 There are     6 symmetry adapted basis functions of BU  symmetry.
    12 basis functions,   120 primitive gaussians,    12 cartesian basis functions
     6 alpha electrons        6 beta electrons
       nuclear repulsion energy        16.0693194254 Hartrees.
 NAtoms=   12 NActive=   12 NUniq=    6 SFac= 4.00D+00 NAtFMM=   60 NAOKFM=F Big=F
 Integral buffers will be    131072 words long.
 Regular integral format.
 Two-electron integral symmetry is turned on.
 One-electron integrals computed using PRISM.
 NBasis=    12 RedAO= T EigKep=  1.76D-01  NBF=     6     0     0     6
 NBsUse=    12 1.00D-06 EigRej= -1.00D+00 NBFU=     6     0     0     6
 Initial guess from the checkpoint file:  "h12.chk"
 B after Tr=    -0.000000   -0.000000    0.000000
         Rot=    0.999998   -0.000000    0.000000   -0.001837 Ang=  -0.21 deg.
 Initial guess orbital symmetries:
       Occupied  (AG) (BU) (AG) (BU) (AG) (AG)
       Virtual   (BU) (BU) (AG) (BU) (AG) (BU)
 Keep R1 ints in memory in symmetry-blocked form, NReq=896546.
 Requested convergence on RMS density matrix=1.00D-08 within 128 cycles.
 Requested convergence on MAX density matrix=1.00D-06.
 Requested convergence on             energy=1.00D-06.
 No special actions if energy rises.
 SCF Done:  E(RHF) =  -5.62255583340     A.U. after    9 cycles
            NFock=  9  Conv=0.76D-08     -V/T= 1.8440
 Range of M.O.s used for correlation:     1    12
 NBasis=    12 NAE=     6 NBE=     6 NFC=     0 NFV=     0
 NROrb=     12 NOA=     6 NOB=     6 NVA=     6 NVB=     6

 **** Warning!!: The smallest alpha delta epsilon is  0.54108467D-01

 Semi-Direct transformation.
 ModeAB=           4 MOrb=             6 LenV=     134092067
 LASXX=         2181 LTotXX=        2181 LenRXX=        5115
 LTotAB=        2934 MaxLAS=        3024 LenRXY=           0
 NonZer=        7296 LenScr=      655360 LnRSAI=        3024
 LnScr1=      655360 LExtra=           0 Total=      1318859
 MaxDsk=          -1 SrtSym=           T ITran=            3
 JobTyp=0 Pass  1:  I=   1 to   6.
 (rs|ai) integrals will be sorted in core.
 Spin components of T(2) and E(2):
     alpha-alpha T2 =       0.3005607204D-02 E2=     -0.3643274405D-02
     alpha-beta  T2 =       0.2951639151D+01 E2=     -0.4259689631D+00
     beta-beta   T2 =       0.3005607204D-02 E2=     -0.3643274405D-02
 ANorm=    0.1989384419D+01
 E2 =    -0.4332555119D+00 EUMP2 =    -0.60558113452997D+01
 Second order stability test of a single determinant RHF wave function:
 Stabil:  MDV=134217728
 ***********************************************************************
 Matrix         Lowest Root    Major Pairs
 ***********************************************************************
 Internal RHF    -0.0037854    6A=8A
 RRHF --> CRHF   -0.0528035    6A=7A 6A=8A 5A=8A 5A=7A
 RRHF --> RUHF   -0.4431104    6A=7B
 Not stable.
 ***********************************************************************

 **********************************************************************

            Population analysis using the SCF density.

 **********************************************************************

 Orbital symmetries:
       Occupied  (AG) (BU) (AG) (BU) (AG) (AG)
       Virtual   (BU) (BU) (AG) (BU) (AG) (BU)
 The electronic state is 1-AG.
 Alpha  occ. eigenvalues --   -0.78961  -0.74184  -0.63968  -0.50547  -0.34347
 Alpha  occ. eigenvalues --   -0.07024
 Alpha virt. eigenvalues --   -0.01613   0.09907   0.18169   0.31803   0.48618
 Alpha virt. eigenvalues --    0.63489
          Condensed to atoms (all electrons):
               1          2          3          4          5          6
     1  H    1.169911  -0.180932  -0.103275   0.355815   0.025667  -0.205936
     2  H   -0.180932   1.214713  -0.042893   0.089772  -0.000786   0.014241
     3  H   -0.103275  -0.042893   0.849990  -0.021148  -0.170348   0.545119
     4  H    0.355815   0.089772  -0.021148   0.496027  -0.007930  -0.072762
     5  H    0.025667  -0.000786  -0.170348  -0.007930   1.029026  -0.203127
     6  H   -0.205936   0.014241   0.545119  -0.072762  -0.203127   1.178123
     7  H   -0.005378   0.000720   0.006514   0.000343  -0.248577   0.041076
     8  H    0.017101  -0.000040  -0.124572  -0.003253   0.683566  -0.248577
     9  H    0.000030  -0.000011   0.000696  -0.000014  -0.003253   0.000343
    10  H   -0.000058  -0.000137   0.007644   0.000696  -0.124572   0.006514
    11  H   -0.000065   0.000014  -0.000137  -0.000011  -0.000040   0.000720
    12  H    0.000347  -0.000065  -0.000058   0.000030   0.017101  -0.005378
               7          8          9         10         11         12
     1  H   -0.005378   0.017101   0.000030  -0.000058  -0.000065   0.000347
     2  H    0.000720  -0.000040  -0.000011  -0.000137   0.000014  -0.000065
     3  H    0.006514  -0.124572   0.000696   0.007644  -0.000137  -0.000058
     4  H    0.000343  -0.003253  -0.000014   0.000696  -0.000011   0.000030
     5  H   -0.248577   0.683566  -0.003253  -0.124572  -0.000040   0.017101
     6  H    0.041076  -0.248577   0.000343   0.006514   0.000720  -0.005378
     7  H    1.178123  -0.203127  -0.072762   0.545119   0.014241  -0.205936
     8  H   -0.203127   1.029026  -0.007930  -0.170348  -0.000786   0.025667
     9  H   -0.072762  -0.007930   0.496027  -0.021148   0.089772   0.355815
    10  H    0.545119  -0.170348  -0.021148   0.849990  -0.042893  -0.103275
    11  H    0.014241  -0.000786   0.089772  -0.042893   1.214713  -0.180932
    12  H   -0.205936   0.025667   0.355815  -0.103275  -0.180932   1.169911
 Mulliken charges:
               1
     1  H   -0.073229
     2  H   -0.094595
     3  H    0.052469
     4  H    0.162435
     5  H    0.003274
     6  H   -0.050355
     7  H   -0.050355
     8  H    0.003274
     9  H    0.162435
    10  H    0.052469
    11  H   -0.094595
    12  H   -0.073229
 Sum of Mulliken charges =  -0.00000
 Mulliken charges with hydrogens summed into heavy atoms:
               1
 Electronic spatial extent (au):  <R**2>=            299.6491
 Charge=             -0.0000 electrons
 Dipole moment (field-independent basis, Debye):
    X=              0.0000    Y=              0.0000    Z=             -0.0000  Tot=              0.0000
 Quadrupole moment (field-independent basis, Debye-Ang):
   XX=            -30.3975   YY=            -15.1917   ZZ=            -15.1215
   XY=             -4.9395   XZ=              0.0000   YZ=              0.0000
 Traceless Quadrupole moment (field-independent basis, Debye-Ang):
   XX=            -10.1606   YY=              5.0452   ZZ=              5.1154
   XY=             -4.9395   XZ=              0.0000   YZ=              0.0000
 Octapole moment (field-independent basis, Debye-Ang**2):
  XXX=              0.0000  YYY=              0.0000  ZZZ=             -0.0000  XYY=             -0.0000
  XXY=              0.0000  XXZ=             -0.0000  XZZ=             -0.0000  YZZ=             -0.0000
  YYZ=             -0.0000  XYZ=             -0.0000
 Hexadecapole moment (field-independent basis, Debye-Ang**3):
 XXXX=           -844.9674 YYYY=            -76.1758 ZZZZ=            -18.0113 XXXY=           -148.7595
 XXXZ=              0.0000 YYYX=            -79.6380 YYYZ=              0.0000 ZZZX=              0.0000
 ZZZY=              0.0000 XXYY=           -120.5200 XXZZ=            -93.4858 YYZZ=            -15.5725
 XXYZ=              0.0000 YYXZ=              0.0000 ZZXY=            -25.1439
 N-N= 1.606931942541D+01 E-N=-4.386491734413D+01  KE= 6.661796409381D+00
 Symmetry AG   KE= 4.858443220761D+00
 Symmetry BG   KE= 0.000000000000D+00
 Symmetry AU   KE= 0.000000000000D+00
 Symmetry BU   KE= 1.803353188620D+00

 Test job not archived.
 1\1\GINC-SULU\Stability\RHF\Gen\H12\LCJ1\17-Feb-2017\0\\#rhf/gen scf(s
 ymm,tight,novaracc,noincfock,fulldiag) stable(crhf) guess=read geom=no
 crowd test\\hf stability analysis of h10 triangular lattice, y= 0.4458
 6729660476643\\0,1\H\H,1,1.3695052128\H,1,1.3695052128,2,142.\H,2,1.36
 95052128,1,38.,3,0.,0\H,3,1.3695052128,1,180.,2,0.,0\H,4,1.3695052128,
 2,180.,1,0.,0\H,5,1.3695052128,3,180.,2,0.,0\H,6,1.3695052128,4,180.,1
 ,0.,0\H,7,1.3695052128,5,180.,2,0.,0\H,8,1.3695052128,6,180.,1,0.,0\H,
 9,1.3695052128,7,180.,2,0.,0\H,10,1.3695052128,8,180.,1,0.,0\\Version=
 ES64L-G09RevE.01\State=1-AG\HF=-5.6225558\MP2=-6.0558113\RMSD=7.600e-0
 9\Dipole=0.,0.,0.\Quadrupole=0.2917385,3.8031821,-4.0949205,0.,6.37394
 72,0.\PG=C02H [SGH(H12)]\\@


 IN THE WOODS WE RETURN TO REASON AND FAITH.

                                 -- EMERSON
 Job cpu time:       0 days  0 hours  0 minutes  1.0 seconds.
 File lengths (MBytes):  RWF=     84 Int=      0 D2E=      0 Chk=      2 Scr=      2
 Normal termination of Gaussian 09 at Fri Feb 17 13:51:05 2017.
