 Entering Gaussian System, Link 0=g09
 AtFile(1): H.gbs
            H     0
            S   10   1.00
               1000.000000000000            0.000068713567
                316.227766000000            0.000169141320
                100.000000000000            0.000823394812
                 31.622776600000            0.003425569236
                 10.000000000000            0.013951996000
                  3.162277660000            0.056909313560
                  1.000000000000            0.198286399900
                  0.316227766000            0.496922426700
                  0.100000000000            0.369846276400
                  0.031622776600            0.003752720039
            ****
 Initial command:
 /projects/guscus/apps/gau/g09-e1/g09/l1.exe "/users/lcj1/gaussian/h12/rhfstability/rect/guess/ag3bu3/Gau-14956.inp" -scrdir="/users/lcj1/gaussian/h12/rhfstability/rect/guess/ag3bu3/"
 Entering Link 1 = /projects/guscus/apps/gau/g09-e1/g09/l1.exe PID=     14958.
  
 Copyright (c) 1988,1990,1992,1993,1995,1998,2003,2009,2015,
            Gaussian, Inc.  All Rights Reserved.
  
 This is part of the Gaussian(R) 09 program.  It is based on
 the Gaussian(R) 03 system (copyright 2003, Gaussian, Inc.),
 the Gaussian(R) 98 system (copyright 1998, Gaussian, Inc.),
 the Gaussian(R) 94 system (copyright 1995, Gaussian, Inc.),
 the Gaussian 92(TM) system (copyright 1992, Gaussian, Inc.),
 the Gaussian 90(TM) system (copyright 1990, Gaussian, Inc.),
 the Gaussian 88(TM) system (copyright 1988, Gaussian, Inc.),
 the Gaussian 86(TM) system (copyright 1986, Carnegie Mellon
 University), and the Gaussian 82(TM) system (copyright 1983,
 Carnegie Mellon University). Gaussian is a federally registered
 trademark of Gaussian, Inc.
  
 This software contains proprietary and confidential information,
 including trade secrets, belonging to Gaussian, Inc.
  
 This software is provided under written license and may be
 used, copied, transmitted, or stored only in accord with that
 written license.
  
 The following legend is applicable only to US Government
 contracts under FAR:
  
                    RESTRICTED RIGHTS LEGEND
  
 Use, reproduction and disclosure by the US Government is
 subject to restrictions as set forth in subparagraphs (a)
 and (c) of the Commercial Computer Software - Restricted
 Rights clause in FAR 52.227-19.
  
 Gaussian, Inc.
 340 Quinnipiac St., Bldg. 40, Wallingford CT 06492
  
  
 ---------------------------------------------------------------
 Warning -- This program may not be used in any manner that
 competes with the business of Gaussian, Inc. or will provide
 assistance to any competitor of Gaussian, Inc.  The licensee
 of this program is prohibited from giving any competitor of
 Gaussian, Inc. access to this program.  By using this program,
 the user acknowledges that Gaussian, Inc. is engaged in the
 business of creating and licensing software in the field of
 computational chemistry and represents and warrants to the
 licensee that it is not a competitor of Gaussian, Inc. and that
 it will not use this program in any manner prohibited above.
 ---------------------------------------------------------------
  

 Cite this work as:
 Gaussian 09, Revision E.01,
 M. J. Frisch, G. W. Trucks, H. B. Schlegel, G. E. Scuseria, 
 M. A. Robb, J. R. Cheeseman, G. Scalmani, V. Barone, B. Mennucci, 
 G. A. Petersson, H. Nakatsuji, M. Caricato, X. Li, H. P. Hratchian, 
 A. F. Izmaylov, J. Bloino, G. Zheng, J. L. Sonnenberg, M. Hada, 
 M. Ehara, K. Toyota, R. Fukuda, J. Hasegawa, M. Ishida, T. Nakajima, 
 Y. Honda, O. Kitao, H. Nakai, T. Vreven, J. A. Montgomery, Jr., 
 J. E. Peralta, F. Ogliaro, M. Bearpark, J. J. Heyd, E. Brothers, 
 K. N. Kudin, V. N. Staroverov, T. Keith, R. Kobayashi, J. Normand, 
 K. Raghavachari, A. Rendell, J. C. Burant, S. S. Iyengar, J. Tomasi, 
 M. Cossi, N. Rega, J. M. Millam, M. Klene, J. E. Knox, J. B. Cross, 
 V. Bakken, C. Adamo, J. Jaramillo, R. Gomperts, R. E. Stratmann, 
 O. Yazyev, A. J. Austin, R. Cammi, C. Pomelli, J. W. Ochterski, 
 R. L. Martin, K. Morokuma, V. G. Zakrzewski, G. A. Voth, 
 P. Salvador, J. J. Dannenberg, S. Dapprich, A. D. Daniels, 
 O. Farkas, J. B. Foresman, J. V. Ortiz, J. Cioslowski, 
 and D. J. Fox, Gaussian, Inc., Wallingford CT, 2013.
 
 ******************************************
 Gaussian 09:  ES64L-G09RevE.01 30-Nov-2015
                17-Feb-2017 
 ******************************************
 %chk=h12.chk
 ----------------------------------------------------------------------
 #rhf/gen scf(symm,tight,novaracc,noincfock,fulldiag) stable(crhf) gues
 s=read geom=nocrowd test
 ----------------------------------------------------------------------
 1/38=1/1;
 2/12=1,17=6,18=5,40=1/2;
 3/5=7,16=1,25=1,30=1,116=1/1,2,3;
 4/5=1,9=4/1;
 5/5=100002,15=2,16=1,32=2,38=6/2;
 8/6=1,10=90,11=11/1,4;
 9/8=4,13=1/2;
 6/7=2,8=2,9=2,10=2,28=1/1;
 99/5=1,9=1/99;
 ----------------------------------------------------------------------
 hf stability analysis of h12 triangular lattice, y= 2.5066432657105051
 ----------------------------------------------------------------------
 Symbolic Z-matrix:
 Charge =  0 Multiplicity = 1
 H
 H                    1     2.5172 
 H                    1     2.5172   2     10.5 
 H                    2     2.5172   1     169.5    3     0.       0
 H                    2     2.5172   1     180.     3     0.       0
 H                    4     2.5172   3     180.     5     0.       0
 H                    6     2.5172   5     180.     3     0.       0
 H                    4     2.5172   2     180.     3     0.       0
 H                    3     2.5172   1     180.     4     0.       0
 H                    9     2.5172   3     180.     4     0.       0
 H                    8     2.5172   4     180.     3     0.       0
 H                    7     2.5172   6     180.     3     0.       0
 
                          Input orientation:                          
 ---------------------------------------------------------------------
 Center     Atomic      Atomic             Coordinates (Angstroms)
 Number     Number       Type             X           Y           Z
 ---------------------------------------------------------------------
      1          1           0        0.000000    0.000000    0.000000
      2          1           0        0.000000    0.000000    2.517203
      3          1           0        0.458724    0.000000    2.475052
      4          1           0        0.458724    0.000000    4.992255
      5          1           0        0.000000    0.000000    5.034406
      6          1           0        0.458724    0.000000    7.509459
      7          1           0        0.917448    0.000000    9.984511
      8          1           0        0.917448    0.000000    7.467308
      9          1           0        0.917448    0.000000    4.950105
     10          1           0        1.376171    0.000000    7.425157
     11          1           0        1.376171    0.000000    9.942360
     12          1           0        1.376171    0.000000   12.459563
 ---------------------------------------------------------------------
                    Distance matrix (angstroms):
                    1          2          3          4          5
     1  H    0.000000
     2  H    2.517203   0.000000
     3  H    2.517203   0.460656   0.000000
     4  H    5.013287   2.517203   2.517203   0.000000
     5  H    5.034406   2.517203   2.600138   0.460656   0.000000
     6  H    7.523456   5.013287   5.034406   2.517203   2.517203
     7  H   10.026573   7.523456   7.523456   5.013287   5.034406
     8  H    7.523456   5.034406   5.013287   2.517203   2.600138
     9  H    5.034406   2.600138   2.517203   0.460656   0.921313
    10  H    7.551609   5.097240   5.034406   2.600138   2.758539
    11  H   10.037150   7.551609   7.523456   5.034406   5.097240
    12  H   12.535333  10.037150  10.026573   7.523456   7.551609
                    6          7          8          9         10
     6  H    0.000000
     7  H    2.517203   0.000000
     8  H    0.460656   2.517203   0.000000
     9  H    2.600138   5.034406   2.517203   0.000000
    10  H    0.921313   2.600138   0.460656   2.517203   0.000000
    11  H    2.600138   0.460656   2.517203   5.013287   2.517203
    12  H    5.034406   2.517203   5.013287   7.523456   5.034406
                   11         12
    11  H    0.000000
    12  H    2.517203   0.000000
 Stoichiometry    H12
 Framework group  C2H[SGH(H12)]
 Deg. of freedom    11
 Full point group                 C2H     NOp   4
 Largest Abelian subgroup         C2H     NOp   4
 Largest concise Abelian subgroup C2      NOp   2
                         Standard orientation:                         
 ---------------------------------------------------------------------
 Center     Atomic      Atomic             Coordinates (Angstroms)
 Number     Number       Type             X           Y           Z
 ---------------------------------------------------------------------
      1          1           0        0.458724    6.250857   -0.000000
      2          1           0        0.000000    3.775805    0.000000
      3          1           0        0.458724    3.733654   -0.000000
      4          1           0        0.000000    1.258602    0.000000
      5          1           0       -0.458724    1.300752    0.000000
      6          1           0       -0.458724   -1.216451    0.000000
      7          1           0       -0.458724   -3.733654   -0.000000
      8          1           0       -0.000000   -1.258602   -0.000000
      9          1           0        0.458724    1.216451    0.000000
     10          1           0        0.458724   -1.300752    0.000000
     11          1           0       -0.000000   -3.775805   -0.000000
     12          1           0       -0.458724   -6.250857   -0.000000
 ---------------------------------------------------------------------
 Rotational constants (GHZ):    453.2801669      3.4671850      3.4408655
 General basis read from cards:  (5D, 7F)
 There are     6 symmetry adapted cartesian basis functions of AG  symmetry.
 There are     0 symmetry adapted cartesian basis functions of BG  symmetry.
 There are     0 symmetry adapted cartesian basis functions of AU  symmetry.
 There are     6 symmetry adapted cartesian basis functions of BU  symmetry.
 There are     6 symmetry adapted basis functions of AG  symmetry.
 There are     0 symmetry adapted basis functions of BG  symmetry.
 There are     0 symmetry adapted basis functions of AU  symmetry.
 There are     6 symmetry adapted basis functions of BU  symmetry.
    12 basis functions,   120 primitive gaussians,    12 cartesian basis functions
     6 alpha electrons        6 beta electrons
       nuclear repulsion energy        16.0793814034 Hartrees.
 NAtoms=   12 NActive=   12 NUniq=    6 SFac= 4.00D+00 NAtFMM=   60 NAOKFM=F Big=F
 Integral buffers will be    131072 words long.
 Regular integral format.
 Two-electron integral symmetry is turned on.
 One-electron integrals computed using PRISM.
 NBasis=    12 RedAO= T EigKep=  2.87D-02  NBF=     6     0     0     6
 NBsUse=    12 1.00D-06 EigRej= -1.00D+00 NBFU=     6     0     0     6
 Initial guess from the checkpoint file:  "h12.chk"
 B after Tr=    -0.000000   -0.000000    0.000000
         Rot=    0.965408    0.000000    0.000000   -0.260743 Ang= -30.23 deg.
 Initial guess orbital symmetries:
       Occupied  (AG) (BU) (AG) (BU) (BU) (AG)
       Virtual   (BU) (AG) (BU) (AG) (AG) (BU)
 Keep R1 ints in memory in symmetry-blocked form, NReq=889854.
 Requested convergence on RMS density matrix=1.00D-08 within 128 cycles.
 Requested convergence on MAX density matrix=1.00D-06.
 Requested convergence on             energy=1.00D-06.
 No special actions if energy rises.
 SCF Done:  E(RHF) =  -4.24435020311     A.U. after   13 cycles
            NFock= 13  Conv=0.46D-08     -V/T= 1.6449
 Range of M.O.s used for correlation:     1    12
 NBasis=    12 NAE=     6 NBE=     6 NFC=     0 NFV=     0
 NROrb=     12 NOA=     6 NOB=     6 NVA=     6 NVB=     6

 **** Warning!!: The smallest alpha delta epsilon is  0.49947625D-01

 Semi-Direct transformation.
 ModeAB=           4 MOrb=             6 LenV=     134099137
 LASXX=         2181 LTotXX=        2181 LenRXX=        5115
 LTotAB=        2934 MaxLAS=        3024 LenRXY=           0
 NonZer=        7296 LenScr=      655360 LnRSAI=        3024
 LnScr1=      655360 LExtra=           0 Total=      1318859
 MaxDsk=          -1 SrtSym=           T ITran=            3
 JobTyp=0 Pass  1:  I=   1 to   6.
 (rs|ai) integrals will be sorted in core.
 Spin components of T(2) and E(2):
     alpha-alpha T2 =       0.4354044030D-02 E2=     -0.3586738860D-02
     alpha-beta  T2 =       0.6415498701D+01 E2=     -0.7205687542D+00
     beta-beta   T2 =       0.4354044030D-02 E2=     -0.3586738860D-02
 ANorm=    0.2724739765D+01
 E2 =    -0.7277422319D+00 EUMP2 =    -0.49720924350218D+01
 Second order stability test of a single determinant RHF wave function:
 Stabil:  MDV=134217728
 ***********************************************************************
 Matrix         Lowest Root    Major Pairs
 ***********************************************************************
 Internal RHF     0.0784036    Stable
 RRHF --> CRHF   -0.0001184    5A=7A
 RRHF --> RUHF   -0.4981218    6A=7B
 Not stable.
 ***********************************************************************

 **********************************************************************

            Population analysis using the SCF density.

 **********************************************************************

 Orbital symmetries:
       Occupied  (AG) (BU) (AG) (BU) (BU) (AG)
       Virtual   (BU) (AG) (BU) (AG) (AG) (BU)
 The electronic state is 1-AG.
 Alpha  occ. eigenvalues --   -1.02356  -1.02130  -0.73754  -0.73753  -0.21730
 Alpha  occ. eigenvalues --   -0.17716
 Alpha virt. eigenvalues --   -0.12721   0.01043   0.64681   0.64774   1.48590
 Alpha virt. eigenvalues --    1.58235
          Condensed to atoms (all electrons):
               1          2          3          4          5          6
     1  H    1.162509  -0.011759  -0.006456   0.000034  -0.001088  -0.000010
     2  H   -0.011759   0.546633   0.480874  -0.010096   0.005750   0.000147
     3  H   -0.006456   0.480874   0.541825  -0.010115  -0.003904  -0.000047
     4  H    0.000034  -0.010096  -0.010115   1.589675   0.102900  -0.005832
     5  H   -0.001088   0.005750  -0.003904   0.102900   1.170297   0.133084
     6  H   -0.000010   0.000147  -0.000047  -0.005832   0.133084   1.193828
     7  H   -0.000000   0.000000   0.000000   0.000018   0.000059  -0.000776
     8  H    0.000000   0.000017   0.000018  -0.010647  -0.002564   0.114537
     9  H    0.001102  -0.009833  -0.000776   0.114537  -0.763876  -0.121779
    10  H    0.000009  -0.000115   0.000059  -0.002564  -0.096458  -0.763876
    11  H   -0.000000  -0.000000   0.000000   0.000017  -0.000115  -0.009833
    12  H    0.000000  -0.000000  -0.000000   0.000000   0.000009   0.001102
               7          8          9         10         11         12
     1  H   -0.000000   0.000000   0.001102   0.000009  -0.000000   0.000000
     2  H    0.000000   0.000017  -0.009833  -0.000115  -0.000000  -0.000000
     3  H    0.000000   0.000018  -0.000776   0.000059   0.000000  -0.000000
     4  H    0.000018  -0.010647   0.114537  -0.002564   0.000017   0.000000
     5  H    0.000059  -0.002564  -0.763876  -0.096458  -0.000115   0.000009
     6  H   -0.000776   0.114537  -0.121779  -0.763876  -0.009833   0.001102
     7  H    0.541825  -0.010115  -0.000047  -0.003904   0.480874  -0.006456
     8  H   -0.010115   1.589675  -0.005832   0.102900  -0.010096   0.000034
     9  H   -0.000047  -0.005832   1.193828   0.133084   0.000147  -0.000010
    10  H   -0.003904   0.102900   0.133084   1.170297   0.005750  -0.001088
    11  H    0.480874  -0.010096   0.000147   0.005750   0.546633  -0.011759
    12  H   -0.006456   0.000034  -0.000010  -0.001088  -0.011759   1.162509
 Mulliken charges:
               1
     1  H   -0.144340
     2  H   -0.001618
     3  H   -0.001478
     4  H   -0.767926
     5  H    0.455906
     6  H    0.459457
     7  H   -0.001478
     8  H   -0.767926
     9  H    0.459457
    10  H    0.455906
    11  H   -0.001618
    12  H   -0.144340
 Sum of Mulliken charges =  -0.00000
 Mulliken charges with hydrogens summed into heavy atoms:
               1
 Electronic spatial extent (au):  <R**2>=            595.3301
 Charge=             -0.0000 electrons
 Dipole moment (field-independent basis, Debye):
    X=              0.0000    Y=             -0.0000    Z=              0.0000  Tot=              0.0000
 Quadrupole moment (field-independent basis, Debye-Ang):
   XX=            -16.3381   YY=            -68.8220   ZZ=            -15.5834
   XY=             -4.1475   XZ=              0.0000   YZ=             -0.0000
 Traceless Quadrupole moment (field-independent basis, Debye-Ang):
   XX=             17.2431   YY=            -35.2408   ZZ=             17.9977
   XY=             -4.1475   XZ=              0.0000   YZ=             -0.0000
 Octapole moment (field-independent basis, Debye-Ang**2):
  XXX=              0.0000  YYY=             -0.0000  ZZZ=              0.0000  XYY=              0.0000
  XXY=              0.0000  XXZ=              0.0000  XZZ=              0.0000  YZZ=              0.0000
  YYZ=              0.0000  XYZ=              0.0000
 Hexadecapole moment (field-independent basis, Debye-Ang**3):
 XXXX=            -34.8898 YYYY=          -3478.4251 ZZZZ=            -19.1165 XXXY=            -40.0236
 XXXZ=              0.0000 YYYX=           -205.0786 YYYZ=             -0.0000 ZZZX=              0.0000
 ZZZY=             -0.0000 XXYY=           -224.3693 XXZZ=             -8.9752 YYZZ=           -214.1247
 XXYZ=             -0.0000 YYXZ=             -0.0000 ZZXY=            -13.3645
 N-N= 1.607938140343D+01 E-N=-3.939973977016D+01  KE= 6.581068165152D+00
 Symmetry AG   KE= 2.795858399779D+00
 Symmetry BG   KE= 0.000000000000D+00
 Symmetry AU   KE= 0.000000000000D+00
 Symmetry BU   KE= 3.785209765373D+00

 Test job not archived.
 1\1\GINC-SULU\Stability\RHF\Gen\H12\LCJ1\17-Feb-2017\0\\#rhf/gen scf(s
 ymm,tight,novaracc,noincfock,fulldiag) stable(crhf) guess=read geom=no
 crowd test\\hf stability analysis of h12 triangular lattice, y= 2.5066
 432657105051\\0,1\H\H,1,2.5172031056\H,1,2.5172031056,2,10.5\H,2,2.517
 2031056,1,169.5,3,0.,0\H,2,2.5172031056,1,180.,3,0.,0\H,4,2.5172031056
 ,3,180.,5,0.,0\H,6,2.5172031056,5,180.,3,0.,0\H,4,2.5172031056,2,180.,
 3,0.,0\H,3,2.5172031056,1,180.,4,0.,0\H,9,2.5172031056,3,180.,4,0.,0\H
 ,8,2.5172031056,4,180.,3,0.,0\H,7,2.5172031056,6,180.,3,0.,0\\Version=
 ES64L-G09RevE.01\State=1-AG\HF=-4.2443502\MP2=-4.9720924\RMSD=4.612e-0
 9\Dipole=0.,0.,0.\Quadrupole=12.628975,13.3808838,-26.0098587,0.,-4.11
 31227,0.\PG=C02H [SGH(H12)]\\@


 WOE UNTO THEM THAT CALL EVIL GOOD, AND GOOD EVIL      
 Job cpu time:       0 days  0 hours  0 minutes  1.0 seconds.
 File lengths (MBytes):  RWF=     84 Int=      0 D2E=      0 Chk=      2 Scr=      2
 Normal termination of Gaussian 09 at Fri Feb 17 15:09:49 2017.
