 Entering Gaussian System, Link 0=g09
 AtFile(1): H.gbs
            H     0
            S   10   1.00
               1000.000000000000            0.000068713567
                316.227766000000            0.000169141320
                100.000000000000            0.000823394812
                 31.622776600000            0.003425569236
                 10.000000000000            0.013951996000
                  3.162277660000            0.056909313560
                  1.000000000000            0.198286399900
                  0.316227766000            0.496922426700
                  0.100000000000            0.369846276400
                  0.031622776600            0.003752720039
            ****
 Initial command:
 /projects/guscus/apps/gau/g09-e1/g09/l1.exe "/users/lcj1/gaussian/h12/rhfstability/2rows/d2hguess/bck/Gau-27850.inp" -scrdir="/users/lcj1/gaussian/h12/rhfstability/2rows/d2hguess/bck/"
 Entering Link 1 = /projects/guscus/apps/gau/g09-e1/g09/l1.exe PID=     27851.
  
 Copyright (c) 1988,1990,1992,1993,1995,1998,2003,2009,2015,
            Gaussian, Inc.  All Rights Reserved.
  
 This is part of the Gaussian(R) 09 program.  It is based on
 the Gaussian(R) 03 system (copyright 2003, Gaussian, Inc.),
 the Gaussian(R) 98 system (copyright 1998, Gaussian, Inc.),
 the Gaussian(R) 94 system (copyright 1995, Gaussian, Inc.),
 the Gaussian 92(TM) system (copyright 1992, Gaussian, Inc.),
 the Gaussian 90(TM) system (copyright 1990, Gaussian, Inc.),
 the Gaussian 88(TM) system (copyright 1988, Gaussian, Inc.),
 the Gaussian 86(TM) system (copyright 1986, Carnegie Mellon
 University), and the Gaussian 82(TM) system (copyright 1983,
 Carnegie Mellon University). Gaussian is a federally registered
 trademark of Gaussian, Inc.
  
 This software contains proprietary and confidential information,
 including trade secrets, belonging to Gaussian, Inc.
  
 This software is provided under written license and may be
 used, copied, transmitted, or stored only in accord with that
 written license.
  
 The following legend is applicable only to US Government
 contracts under FAR:
  
                    RESTRICTED RIGHTS LEGEND
  
 Use, reproduction and disclosure by the US Government is
 subject to restrictions as set forth in subparagraphs (a)
 and (c) of the Commercial Computer Software - Restricted
 Rights clause in FAR 52.227-19.
  
 Gaussian, Inc.
 340 Quinnipiac St., Bldg. 40, Wallingford CT 06492
  
  
 ---------------------------------------------------------------
 Warning -- This program may not be used in any manner that
 competes with the business of Gaussian, Inc. or will provide
 assistance to any competitor of Gaussian, Inc.  The licensee
 of this program is prohibited from giving any competitor of
 Gaussian, Inc. access to this program.  By using this program,
 the user acknowledges that Gaussian, Inc. is engaged in the
 business of creating and licensing software in the field of
 computational chemistry and represents and warrants to the
 licensee that it is not a competitor of Gaussian, Inc. and that
 it will not use this program in any manner prohibited above.
 ---------------------------------------------------------------
  

 Cite this work as:
 Gaussian 09, Revision E.01,
 M. J. Frisch, G. W. Trucks, H. B. Schlegel, G. E. Scuseria, 
 M. A. Robb, J. R. Cheeseman, G. Scalmani, V. Barone, B. Mennucci, 
 G. A. Petersson, H. Nakatsuji, M. Caricato, X. Li, H. P. Hratchian, 
 A. F. Izmaylov, J. Bloino, G. Zheng, J. L. Sonnenberg, M. Hada, 
 M. Ehara, K. Toyota, R. Fukuda, J. Hasegawa, M. Ishida, T. Nakajima, 
 Y. Honda, O. Kitao, H. Nakai, T. Vreven, J. A. Montgomery, Jr., 
 J. E. Peralta, F. Ogliaro, M. Bearpark, J. J. Heyd, E. Brothers, 
 K. N. Kudin, V. N. Staroverov, T. Keith, R. Kobayashi, J. Normand, 
 K. Raghavachari, A. Rendell, J. C. Burant, S. S. Iyengar, J. Tomasi, 
 M. Cossi, N. Rega, J. M. Millam, M. Klene, J. E. Knox, J. B. Cross, 
 V. Bakken, C. Adamo, J. Jaramillo, R. Gomperts, R. E. Stratmann, 
 O. Yazyev, A. J. Austin, R. Cammi, C. Pomelli, J. W. Ochterski, 
 R. L. Martin, K. Morokuma, V. G. Zakrzewski, G. A. Voth, 
 P. Salvador, J. J. Dannenberg, S. Dapprich, A. D. Daniels, 
 O. Farkas, J. B. Foresman, J. V. Ortiz, J. Cioslowski, 
 and D. J. Fox, Gaussian, Inc., Wallingford CT, 2013.
 
 ******************************************
 Gaussian 09:  ES64L-G09RevE.01 30-Nov-2015
                10-Feb-2017 
 ******************************************
 %chk=h12.chk
 ----------------------------------------------------------------------
 #rhf/gen scf(symm,tight,novaracc,noincfock,fulldiag) stable(crhf) gues
 s=read geom=nocrowd test
 ----------------------------------------------------------------------
 1/38=1/1;
 2/12=1,17=6,18=5,40=1/2;
 3/5=7,16=1,25=1,30=1,116=1/1,2,3;
 4/5=1,9=4/1;
 5/5=100002,15=2,16=1,32=2,38=6/2;
 8/6=1,10=90,11=11/1,4;
 9/8=4,13=1/2;
 6/7=2,8=2,9=2,10=2,28=1/1;
 99/5=1,9=1/99;
 ----------------------------------------------------------------------
 hf stability analysis of h12 triangular lattice, y= 0.4458672966047664
 3 alpha= 19.000000000000000
 ----------------------------------------------------------------------
 Symbolic Z-matrix:
 Charge =  0 Multiplicity = 1
 H
 H                    1     1.36951 
 H                    1     1.36951  2     142. 
 H                    2     1.36951  1     38.      3     0.       0
 H                    3     1.36951  1     180.     2     0.       0
 H                    4     1.36951  2     180.     1     0.       0
 H                    5     1.36951  3     180.     2     0.       0
 H                    6     1.36951  4     180.     1     0.       0
 H                    7     1.36951  5     180.     2     0.       0
 H                    8     1.36951  6     180.     1     0.       0
 H                    9     1.36951  5     180.     2     0.       0
 H                    10    1.36951  6     180.     1     0.       0
 
                          Input orientation:                          
 ---------------------------------------------------------------------
 Center     Atomic      Atomic             Coordinates (Angstroms)
 Number     Number       Type             X           Y           Z
 ---------------------------------------------------------------------
      1          1           0        0.000000    0.000000    0.000000
      2          1           0        0.000000    0.000000    1.369505
      3          1           0        0.843152    0.000000   -1.079185
      4          1           0        0.843152    0.000000    0.290320
      5          1           0        1.686303    0.000000   -2.158370
      6          1           0        1.686303    0.000000   -0.788864
      7          1           0        2.529455    0.000000   -3.237555
      8          1           0        2.529455    0.000000   -1.868049
      9          1           0        3.372606    0.000000   -4.316739
     10          1           0        3.372606    0.000000   -2.947234
     11          1           0        4.215758    0.000000   -5.395924
     12          1           0        4.215758    0.000000   -4.026419
 ---------------------------------------------------------------------
                    Distance matrix (angstroms):
                    1          2          3          4          5
     1  H    0.000000
     2  H    1.369505   0.000000
     3  H    1.369505   2.589785   0.000000
     4  H    0.891735   1.369505   1.369505   0.000000
     5  H    2.739010   3.910182   1.369505   2.589785   0.000000
     6  H    1.861700   2.739010   0.891735   1.369505   1.369505
     7  H    4.108516   5.255772   2.739010   3.910182   1.369505
     8  H    3.144479   4.108516   1.861700   2.739010   0.891735
     9  H    5.478021   6.611191   4.108516   5.255772   2.739010
    10  H    4.478913   5.478021   3.144479   4.108516   1.861700
    11  H    6.847526   7.971427   5.478021   6.611191   4.108516
    12  H    5.829637   6.847526   4.478913   5.478021   3.144479
                    6          7          8          9         10
     6  H    0.000000
     7  H    2.589785   0.000000
     8  H    1.369505   1.369505   0.000000
     9  H    3.910182   1.369505   2.589785   0.000000
    10  H    2.739010   0.891735   1.369505   1.369505   0.000000
    11  H    5.255772   2.739010   3.910182   1.369505   2.589785
    12  H    4.108516   1.861700   2.739010   0.891735   1.369505
                   11         12
    11  H    0.000000
    12  H    1.369505   0.000000
 Stoichiometry    H12
 Framework group  C2H[SGH(H12)]
 Deg. of freedom    11
 Full point group                 C2H     NOp   4
 Largest Abelian subgroup         C2H     NOp   4
 Largest concise Abelian subgroup C2      NOp   2
                         Standard orientation:                         
 ---------------------------------------------------------------------
 Center     Atomic      Atomic             Coordinates (Angstroms)
 Number     Number       Type             X           Y           Z
 ---------------------------------------------------------------------
      1          1           0        2.589785    1.337602    0.000000
      2          1           0        3.884678    0.891735    0.000000
      3          1           0        1.294893    0.891735    0.000000
      4          1           0        2.589785    0.445867    0.000000
      5          1           0        0.000000    0.445867    0.000000
      6          1           0        1.294893    0.000000    0.000000
      7          1           0       -1.294893    0.000000   -0.000000
      8          1           0       -0.000000   -0.445867    0.000000
      9          1           0       -2.589785   -0.445867   -0.000000
     10          1           0       -1.294893   -0.891735   -0.000000
     11          1           0       -3.884678   -0.891735   -0.000000
     12          1           0       -2.589785   -1.337602   -0.000000
 ---------------------------------------------------------------------
 Rotational constants (GHZ):    248.0376220      7.2413332      7.0359230
 General basis read from cards:  (5D, 7F)
 There are     6 symmetry adapted cartesian basis functions of AG  symmetry.
 There are     0 symmetry adapted cartesian basis functions of BG  symmetry.
 There are     0 symmetry adapted cartesian basis functions of AU  symmetry.
 There are     6 symmetry adapted cartesian basis functions of BU  symmetry.
 There are     6 symmetry adapted basis functions of AG  symmetry.
 There are     0 symmetry adapted basis functions of BG  symmetry.
 There are     0 symmetry adapted basis functions of AU  symmetry.
 There are     6 symmetry adapted basis functions of BU  symmetry.
    12 basis functions,   120 primitive gaussians,    12 cartesian basis functions
     6 alpha electrons        6 beta electrons
       nuclear repulsion energy        16.0693194254 Hartrees.
 NAtoms=   12 NActive=   12 NUniq=    6 SFac= 4.00D+00 NAtFMM=   60 NAOKFM=F Big=F
 Integral buffers will be    131072 words long.
 Regular integral format.
 Two-electron integral symmetry is turned on.
 One-electron integrals computed using PRISM.
 NBasis=    12 RedAO= T EigKep=  1.76D-01  NBF=     6     0     0     6
 NBsUse=    12 1.00D-06 EigRej= -1.00D+00 NBFU=     6     0     0     6
 Initial guess from the checkpoint file:  "h12.chk"
 B after Tr=    -0.000000   -0.000000   -0.000000
         Rot=    0.999973    0.000000    0.000000    0.007349 Ang=   0.84 deg.
 Initial guess orbital symmetries:
       Occupied  (AG) (BU) (AG) (BU) (AG) (BU)
       Virtual   (AG) (BU) (AG) (BU) (AG) (BU)
 Keep R1 ints in memory in symmetry-blocked form, NReq=896546.
 Requested convergence on RMS density matrix=1.00D-08 within 128 cycles.
 Requested convergence on MAX density matrix=1.00D-06.
 Requested convergence on             energy=1.00D-06.
 No special actions if energy rises.
 SCF Done:  E(RHF) =  -5.71806259867     A.U. after   13 cycles
            NFock= 13  Conv=0.91D-09     -V/T= 1.9188
 Range of M.O.s used for correlation:     1    12
 NBasis=    12 NAE=     6 NBE=     6 NFC=     0 NFV=     0
 NROrb=     12 NOA=     6 NOB=     6 NVA=     6 NVB=     6
 Semi-Direct transformation.
 ModeAB=           4 MOrb=             6 LenV=     134092067
 LASXX=         2181 LTotXX=        2181 LenRXX=        5115
 LTotAB=        2934 MaxLAS=        3024 LenRXY=           0
 NonZer=        7296 LenScr=      655360 LnRSAI=        3024
 LnScr1=      655360 LExtra=           0 Total=      1318859
 MaxDsk=          -1 SrtSym=           T ITran=            3
 JobTyp=0 Pass  1:  I=   1 to   6.
 (rs|ai) integrals will be sorted in core.
 Spin components of T(2) and E(2):
     alpha-alpha T2 =       0.4936177447D-02 E2=     -0.5390531390D-02
     alpha-beta  T2 =       0.2483630278D+00 E2=     -0.1684236065D+00
     beta-beta   T2 =       0.4936177447D-02 E2=     -0.5390531390D-02
 ANorm=    0.1121710918D+01
 E2 =    -0.1792046693D+00 EUMP2 =    -0.58972672679982D+01
 Second order stability test of a single determinant RHF wave function:
 Stabil:  MDV=134217728
 ***********************************************************************
 Matrix         Lowest Root    Major Pairs
 ***********************************************************************
 Internal RHF     0.0593357    Stable
 RRHF --> CRHF    0.0255736    Stable
 RRHF --> RUHF   -0.2591828    6A=7B 5A=8B 4A=9B 6A=9B 3A=10B
 Not stable.
 ***********************************************************************

 **********************************************************************

            Population analysis using the SCF density.

 **********************************************************************

 Orbital symmetries:
       Occupied  (AG) (BU) (AG) (BU) (AG) (BU)
       Virtual   (AG) (BU) (AG) (BU) (AG) (BU)
 The electronic state is 1-AG.
 Alpha  occ. eigenvalues --   -0.79947  -0.75460  -0.65170  -0.50556  -0.32178
 Alpha  occ. eigenvalues --   -0.14120
 Alpha virt. eigenvalues --    0.03818   0.06764   0.16100   0.29238   0.47853
 Alpha virt. eigenvalues --    0.63741
          Condensed to atoms (all electrons):
               1          2          3          4          5          6
     1  H    0.868658  -0.081339   0.076498   0.273643   0.015294  -0.171256
     2  H   -0.081339   1.130906  -0.090257   0.135250   0.000742   0.009260
     3  H    0.076498  -0.090257   1.017123  -0.009936  -0.094189   0.254623
     4  H    0.273643   0.135250  -0.009936   0.469075  -0.013950  -0.027133
     5  H    0.015294   0.000742  -0.094189  -0.013950   0.929138  -0.167455
     6  H   -0.171256   0.009260   0.254623  -0.027133  -0.167455   1.165538
     7  H    0.006390  -0.000879   0.021944   0.000442   0.071341  -0.074652
     8  H   -0.016176   0.007338  -0.149799  -0.006054   0.403705   0.071341
     9  H    0.000014  -0.000010   0.001024  -0.000015  -0.006054   0.000442
    10  H   -0.001041   0.000037   0.001967   0.001024  -0.149799   0.021944
    11  H    0.000040  -0.000004   0.000037  -0.000010   0.007338  -0.000879
    12  H   -0.000251   0.000040  -0.001041   0.000014  -0.016176   0.006390
               7          8          9         10         11         12
     1  H    0.006390  -0.016176   0.000014  -0.001041   0.000040  -0.000251
     2  H   -0.000879   0.007338  -0.000010   0.000037  -0.000004   0.000040
     3  H    0.021944  -0.149799   0.001024   0.001967   0.000037  -0.001041
     4  H    0.000442  -0.006054  -0.000015   0.001024  -0.000010   0.000014
     5  H    0.071341   0.403705  -0.006054  -0.149799   0.007338  -0.016176
     6  H   -0.074652   0.071341   0.000442   0.021944  -0.000879   0.006390
     7  H    1.165538  -0.167455  -0.027133   0.254623   0.009260  -0.171256
     8  H   -0.167455   0.929138  -0.013950  -0.094189   0.000742   0.015294
     9  H   -0.027133  -0.013950   0.469075  -0.009936   0.135250   0.273643
    10  H    0.254623  -0.094189  -0.009936   1.017123  -0.090257   0.076498
    11  H    0.009260   0.000742   0.135250  -0.090257   1.130906  -0.081339
    12  H   -0.171256   0.015294   0.273643   0.076498  -0.081339   0.868658
 Mulliken charges:
               1
     1  H    0.029527
     2  H   -0.111083
     3  H   -0.027994
     4  H    0.177650
     5  H    0.020063
     6  H   -0.088163
     7  H   -0.088163
     8  H    0.020063
     9  H    0.177650
    10  H   -0.027994
    11  H   -0.111083
    12  H    0.029527
 Sum of Mulliken charges =  -0.00000
 Mulliken charges with hydrogens summed into heavy atoms:
               1
 Electronic spatial extent (au):  <R**2>=            296.3630
 Charge=             -0.0000 electrons
 Dipole moment (field-independent basis, Debye):
    X=             -0.0000    Y=              0.0000    Z=             -0.0000  Tot=              0.0000
 Quadrupole moment (field-independent basis, Debye-Ang):
   XX=            -25.0500   YY=            -15.7277   ZZ=            -15.5129
   XY=             -1.9046   XZ=             -0.0000   YZ=             -0.0000
 Traceless Quadrupole moment (field-independent basis, Debye-Ang):
   XX=             -6.2865   YY=              3.0358   ZZ=              3.2507
   XY=             -1.9046   XZ=             -0.0000   YZ=             -0.0000
 Octapole moment (field-independent basis, Debye-Ang**2):
  XXX=              0.0000  YYY=              0.0000  ZZZ=             -0.0000  XYY=             -0.0000
  XXY=             -0.0000  XXZ=             -0.0000  XZZ=             -0.0000  YZZ=             -0.0000
  YYZ=             -0.0000  XYZ=             -0.0000
 Hexadecapole moment (field-independent basis, Debye-Ang**3):
 XXXX=           -788.2528 YYYY=            -77.9712 ZZZZ=            -18.7576 XXXY=           -123.1219
 XXXZ=             -0.0000 YYYX=            -74.2425 YYYZ=             -0.0000 ZZZX=             -0.0000
 ZZZY=             -0.0000 XXYY=           -110.9581 XXZZ=            -94.0334 YYZZ=            -16.3004
 XXYZ=             -0.0000 YYXZ=             -0.0000 ZZXY=            -24.9114
 N-N= 1.606931942541D+01 E-N=-4.344933001554D+01  KE= 6.223196215306D+00
 Symmetry AG   KE= 2.881656230547D+00
 Symmetry BG   KE= 0.000000000000D+00
 Symmetry AU   KE= 0.000000000000D+00
 Symmetry BU   KE= 3.341539984759D+00

 Test job not archived.
 1\1\GINC-SULU\Stability\RHF\Gen\H12\UNKNOWN\10-Feb-2017\0\\#rhf/gen sc
 f(symm,tight,novaracc,noincfock,fulldiag) stable(crhf) guess=read geom
 =nocrowd test\\hf stability analysis of h12 triangular lattice, y= 0.4
 4586729660476643 alpha= 19.000000000000000\\0,1\H\H,1,1.3695052128\H,1
 ,1.3695052128,2,142.\H,2,1.3695052128,1,38.,3,0.,0\H,3,1.3695052128,1,
 180.,2,0.,0\H,4,1.3695052128,2,180.,1,0.,0\H,5,1.3695052128,3,180.,2,0
 .,0\H,6,1.3695052128,4,180.,1,0.,0\H,7,1.3695052128,5,180.,2,0.,0\H,8,
 1.3695052128,6,180.,1,0.,0\H,9,1.3695052128,5,180.,2,0.,0\H,10,1.36950
 52128,6,180.,1,0.,0\\Version=ES64L-G09RevE.01\State=1-AG\HF=-5.7180626
 \MP2=-5.8972673\RMSD=9.076e-10\Dipole=0.,0.,0.\Quadrupole=0.6506236,2.
 4168013,-3.0674249,0.,3.2493759,0.\PG=C02H [SGH(H12)]\\@


 Ideas are like rabbits. You get a couple and learn
 how to handle them, and pretty soon you have a dozen.
                                    -- John Steinbeck
 Job cpu time:       0 days  0 hours  0 minutes  0.9 seconds.
 File lengths (MBytes):  RWF=     84 Int=      0 D2E=      0 Chk=      2 Scr=      2
 Normal termination of Gaussian 09 at Fri Feb 10 12:37:04 2017.
