 Entering Gaussian System, Link 0=g09
 AtFile(1): H.gbs
            H     0
            S   10   1.00
               1000.000000000000            0.000068713567
                316.227766000000            0.000169141320
                100.000000000000            0.000823394812
                 31.622776600000            0.003425569236
                 10.000000000000            0.013951996000
                  3.162277660000            0.056909313560
                  1.000000000000            0.198286399900
                  0.316227766000            0.496922426700
                  0.100000000000            0.369846276400
                  0.031622776600            0.003752720039
            ****
 Initial command:
 /projects/guscus/apps/gau/g09-e1/g09/l1.exe "/users/lcj1/gaussian/h12/rhfstability/2rows/d2hguess/fwd/Gau-29794.inp" -scrdir="/users/lcj1/gaussian/h12/rhfstability/2rows/d2hguess/fwd/"
 Entering Link 1 = /projects/guscus/apps/gau/g09-e1/g09/l1.exe PID=     29795.
  
 Copyright (c) 1988,1990,1992,1993,1995,1998,2003,2009,2015,
            Gaussian, Inc.  All Rights Reserved.
  
 This is part of the Gaussian(R) 09 program.  It is based on
 the Gaussian(R) 03 system (copyright 2003, Gaussian, Inc.),
 the Gaussian(R) 98 system (copyright 1998, Gaussian, Inc.),
 the Gaussian(R) 94 system (copyright 1995, Gaussian, Inc.),
 the Gaussian 92(TM) system (copyright 1992, Gaussian, Inc.),
 the Gaussian 90(TM) system (copyright 1990, Gaussian, Inc.),
 the Gaussian 88(TM) system (copyright 1988, Gaussian, Inc.),
 the Gaussian 86(TM) system (copyright 1986, Carnegie Mellon
 University), and the Gaussian 82(TM) system (copyright 1983,
 Carnegie Mellon University). Gaussian is a federally registered
 trademark of Gaussian, Inc.
  
 This software contains proprietary and confidential information,
 including trade secrets, belonging to Gaussian, Inc.
  
 This software is provided under written license and may be
 used, copied, transmitted, or stored only in accord with that
 written license.
  
 The following legend is applicable only to US Government
 contracts under FAR:
  
                    RESTRICTED RIGHTS LEGEND
  
 Use, reproduction and disclosure by the US Government is
 subject to restrictions as set forth in subparagraphs (a)
 and (c) of the Commercial Computer Software - Restricted
 Rights clause in FAR 52.227-19.
  
 Gaussian, Inc.
 340 Quinnipiac St., Bldg. 40, Wallingford CT 06492
  
  
 ---------------------------------------------------------------
 Warning -- This program may not be used in any manner that
 competes with the business of Gaussian, Inc. or will provide
 assistance to any competitor of Gaussian, Inc.  The licensee
 of this program is prohibited from giving any competitor of
 Gaussian, Inc. access to this program.  By using this program,
 the user acknowledges that Gaussian, Inc. is engaged in the
 business of creating and licensing software in the field of
 computational chemistry and represents and warrants to the
 licensee that it is not a competitor of Gaussian, Inc. and that
 it will not use this program in any manner prohibited above.
 ---------------------------------------------------------------
  

 Cite this work as:
 Gaussian 09, Revision E.01,
 M. J. Frisch, G. W. Trucks, H. B. Schlegel, G. E. Scuseria, 
 M. A. Robb, J. R. Cheeseman, G. Scalmani, V. Barone, B. Mennucci, 
 G. A. Petersson, H. Nakatsuji, M. Caricato, X. Li, H. P. Hratchian, 
 A. F. Izmaylov, J. Bloino, G. Zheng, J. L. Sonnenberg, M. Hada, 
 M. Ehara, K. Toyota, R. Fukuda, J. Hasegawa, M. Ishida, T. Nakajima, 
 Y. Honda, O. Kitao, H. Nakai, T. Vreven, J. A. Montgomery, Jr., 
 J. E. Peralta, F. Ogliaro, M. Bearpark, J. J. Heyd, E. Brothers, 
 K. N. Kudin, V. N. Staroverov, T. Keith, R. Kobayashi, J. Normand, 
 K. Raghavachari, A. Rendell, J. C. Burant, S. S. Iyengar, J. Tomasi, 
 M. Cossi, N. Rega, J. M. Millam, M. Klene, J. E. Knox, J. B. Cross, 
 V. Bakken, C. Adamo, J. Jaramillo, R. Gomperts, R. E. Stratmann, 
 O. Yazyev, A. J. Austin, R. Cammi, C. Pomelli, J. W. Ochterski, 
 R. L. Martin, K. Morokuma, V. G. Zakrzewski, G. A. Voth, 
 P. Salvador, J. J. Dannenberg, S. Dapprich, A. D. Daniels, 
 O. Farkas, J. B. Foresman, J. V. Ortiz, J. Cioslowski, 
 and D. J. Fox, Gaussian, Inc., Wallingford CT, 2013.
 
 ******************************************
 Gaussian 09:  ES64L-G09RevE.01 30-Nov-2015
                10-Feb-2017 
 ******************************************
 %chk=h12.chk
 ----------------------------------------------------------------------
 #rhf/gen scf(symm,tight,novaracc,noincfock,fulldiag) stable(crhf) gues
 s=read geom=nocrowd test
 ----------------------------------------------------------------------
 1/38=1/1;
 2/12=1,17=6,18=5,40=1/2;
 3/5=7,16=1,25=1,30=1,116=1/1,2,3;
 4/5=1,9=4/1;
 5/5=100002,15=2,16=1,32=2,38=6/2;
 8/6=1,10=90,11=11/1,4;
 9/8=4,13=1/2;
 6/7=2,8=2,9=2,10=2,28=1/1;
 99/5=1,9=1/99;
 ----------------------------------------------------------------------
 hf stability analysis of h12 triangular lattice, y= 1.7234297938777567
  alpha= 79.000000000000000
 ----------------------------------------------------------------------
 Symbolic Z-matrix:
 Charge =  0 Multiplicity = 1
 H
 H                    1     1.75569 
 H                    1     1.75569  2     22. 
 H                    2     1.75569  1     158.     3     0.       0
 H                    3     1.75569  1     180.     2     0.       0
 H                    4     1.75569  2     180.     1     0.       0
 H                    5     1.75569  3     180.     2     0.       0
 H                    6     1.75569  4     180.     1     0.       0
 H                    7     1.75569  5     180.     2     0.       0
 H                    8     1.75569  6     180.     1     0.       0
 H                    9     1.75569  5     180.     2     0.       0
 H                    10    1.75569  6     180.     1     0.       0
 
                          Input orientation:                          
 ---------------------------------------------------------------------
 Center     Atomic      Atomic             Coordinates (Angstroms)
 Number     Number       Type             X           Y           Z
 ---------------------------------------------------------------------
      1          1           0        0.000000    0.000000    0.000000
      2          1           0        0.000000    0.000000    1.755687
      3          1           0        0.657692    0.000000    1.627844
      4          1           0        0.657692    0.000000    3.383531
      5          1           0        1.315384    0.000000    3.255689
      6          1           0        1.315384    0.000000    5.011375
      7          1           0        1.973075    0.000000    4.883533
      8          1           0        1.973075    0.000000    6.639220
      9          1           0        2.630767    0.000000    6.511377
     10          1           0        2.630767    0.000000    8.267064
     11          1           0        3.288459    0.000000    8.139222
     12          1           0        3.288459    0.000000    9.894908
 ---------------------------------------------------------------------
                    Distance matrix (angstroms):
                    1          2          3          4          5
     1  H    0.000000
     2  H    1.755687   0.000000
     3  H    1.755687   0.670002   0.000000
     4  H    3.446860   1.755687   1.755687   0.000000
     5  H    3.511373   1.995054   1.755687   0.670002   0.000000
     6  H    5.181131   3.511373   3.446860   1.755687   1.755687
     7  H    5.267060   3.698168   3.511373   1.995054   1.755687
     8  H    6.926201   5.267060   5.181131   3.511373   3.446860
     9  H    7.022747   5.434844   5.267060   3.698168   3.511373
    10  H    8.675557   7.022747   6.926201   5.267060   5.181131
    11  H    8.778433   7.180772   7.022747   5.434844   5.267060
    12  H   10.427041   8.778433   8.675557   7.022747   6.926201
                    6          7          8          9         10
     6  H    0.000000
     7  H    0.670002   0.000000
     8  H    1.755687   1.755687   0.000000
     9  H    1.995054   1.755687   0.670002   0.000000
    10  H    3.511373   3.446860   1.755687   1.755687   0.000000
    11  H    3.698168   3.511373   1.995054   1.755687   0.670002
    12  H    5.267060   5.181131   3.511373   3.446860   1.755687
                   11         12
    11  H    0.000000
    12  H    1.755687   0.000000
 Stoichiometry    H12
 Framework group  C2H[SGH(H12)]
 Deg. of freedom    11
 Full point group                 C2H     NOp   4
 Largest Abelian subgroup         C2H     NOp   4
 Largest concise Abelian subgroup C2      NOp   2
                         Standard orientation:                         
 ---------------------------------------------------------------------
 Center     Atomic      Atomic             Coordinates (Angstroms)
 Number     Number       Type             X           Y           Z
 ---------------------------------------------------------------------
      1          1           0        5.170289    0.670002    0.000000
      2          1           0        3.446860    1.005002    0.000000
      3          1           0        3.446860    0.335001    0.000000
      4          1           0        1.723430    0.670002    0.000000
      5          1           0        1.723430    0.000000    0.000000
      6          1           0        0.000000    0.335001    0.000000
      7          1           0       -0.000000   -0.335001    0.000000
      8          1           0       -1.723430    0.000000    0.000000
      9          1           0       -1.723430   -0.670002    0.000000
     10          1           0       -3.446860   -0.335001    0.000000
     11          1           0       -3.446860   -1.005002    0.000000
     12          1           0       -5.170289   -0.670002    0.000000
 ---------------------------------------------------------------------
 Rotational constants (GHZ):    415.2221432      4.3256901      4.2810906
 General basis read from cards:  (5D, 7F)
 There are     6 symmetry adapted cartesian basis functions of AG  symmetry.
 There are     0 symmetry adapted cartesian basis functions of BG  symmetry.
 There are     0 symmetry adapted cartesian basis functions of AU  symmetry.
 There are     6 symmetry adapted cartesian basis functions of BU  symmetry.
 There are     6 symmetry adapted basis functions of AG  symmetry.
 There are     0 symmetry adapted basis functions of BG  symmetry.
 There are     0 symmetry adapted basis functions of AU  symmetry.
 There are     6 symmetry adapted basis functions of BU  symmetry.
    12 basis functions,   120 primitive gaussians,    12 cartesian basis functions
     6 alpha electrons        6 beta electrons
       nuclear repulsion energy        14.3388064566 Hartrees.
 NAtoms=   12 NActive=   12 NUniq=    6 SFac= 4.00D+00 NAtFMM=   60 NAOKFM=F Big=F
 Integral buffers will be    131072 words long.
 Regular integral format.
 Two-electron integral symmetry is turned on.
 One-electron integrals computed using PRISM.
 NBasis=    12 RedAO= T EigKep=  1.52D-01  NBF=     6     0     0     6
 NBsUse=    12 1.00D-06 EigRej= -1.00D+00 NBFU=     6     0     0     6
 Initial guess from the checkpoint file:  "h12.chk"
 B after Tr=     0.000000    0.000000   -0.000000
         Rot=    0.999973    0.000000    0.000000    0.007349 Ang=   0.84 deg.
 Initial guess orbital symmetries:
       Occupied  (AG) (BU) (AG) (BU) (AG) (BU)
       Virtual   (AG) (BU) (AG) (BU) (AG) (BU)
 Keep R1 ints in memory in symmetry-blocked form, NReq=891912.
 Requested convergence on RMS density matrix=1.00D-08 within 128 cycles.
 Requested convergence on MAX density matrix=1.00D-06.
 Requested convergence on             energy=1.00D-06.
 No special actions if energy rises.
 SCF Done:  E(RHF) =  -5.96285758454     A.U. after    7 cycles
            NFock=  7  Conv=0.20D-08     -V/T= 1.9969
 Range of M.O.s used for correlation:     1    12
 NBasis=    12 NAE=     6 NBE=     6 NFC=     0 NFV=     0
 NROrb=     12 NOA=     6 NOB=     6 NVA=     6 NVB=     6

 **** Warning!!: The smallest alpha delta epsilon is  0.52476040D-01

 Semi-Direct transformation.
 ModeAB=           4 MOrb=             6 LenV=     134095651
 LASXX=         2181 LTotXX=        2181 LenRXX=        5115
 LTotAB=        2934 MaxLAS=        3024 LenRXY=           0
 NonZer=        7296 LenScr=      655360 LnRSAI=        3024
 LnScr1=      655360 LExtra=           0 Total=      1318859
 MaxDsk=          -1 SrtSym=           T ITran=            3
 JobTyp=0 Pass  1:  I=   1 to   6.
 (rs|ai) integrals will be sorted in core.
 Spin components of T(2) and E(2):
     alpha-alpha T2 =       0.3068006119D-03 E2=     -0.6550337339D-03
     alpha-beta  T2 =       0.7284928259D+01 E2=     -0.8151135457D+00
     beta-beta   T2 =       0.3068006119D-03 E2=     -0.6550337339D-03
 ANorm=    0.2878461718D+01
 E2 =    -0.8164236131D+00 EUMP2 =    -0.67792811976796D+01
 Second order stability test of a single determinant RHF wave function:
 Stabil:  MDV=134217728
 ***********************************************************************
 Matrix         Lowest Root    Major Pairs
 ***********************************************************************
 Internal RHF     0.3044659    Stable
 RRHF --> CRHF    0.000777     Stable
 RRHF --> RUHF   -0.5691863    6A=7B
 Not stable.
 ***********************************************************************

 **********************************************************************

            Population analysis using the SCF density.

 **********************************************************************

 Orbital symmetries:
       Occupied  (AG) (BU) (AG) (BU) (AG) (BU)
       Virtual   (AG) (BU) (AG) (BU) (AG) (BU)
 The electronic state is 1-AG.
 Alpha  occ. eigenvalues --   -0.74481  -0.71733  -0.66713  -0.60419  -0.53662
 Alpha  occ. eigenvalues --   -0.17506
 Alpha virt. eigenvalues --   -0.12258   0.30256   0.36322   0.46353   0.58020
 Alpha virt. eigenvalues --    0.68185
          Condensed to atoms (all electrons):
               1          2          3          4          5          6
     1  H    1.116750  -0.045061  -0.042180  -0.000582   0.000615   0.000065
     2  H   -0.045061   0.636469   0.501811  -0.057694  -0.047564   0.001083
     3  H   -0.042180   0.501811   0.635218  -0.053009  -0.057958   0.000867
     4  H   -0.000582  -0.057694  -0.053009   0.683568   0.537683  -0.062481
     5  H    0.000615  -0.047564  -0.057958   0.537683   0.680459  -0.057961
     6  H    0.000065   0.001083   0.000867  -0.062481  -0.057961   0.686006
     7  H    0.000036   0.001037   0.001079  -0.050179  -0.061808   0.541361
     8  H   -0.000008   0.000017   0.000026   0.001212   0.000930  -0.061808
     9  H   -0.000004  -0.000000   0.000005   0.001156   0.001212  -0.050179
    10  H    0.000001  -0.000003  -0.000004   0.000005   0.000026   0.001079
    11  H    0.000001  -0.000002  -0.000003  -0.000000   0.000017   0.001037
    12  H   -0.000000   0.000001   0.000001  -0.000004  -0.000008   0.000036
               7          8          9         10         11         12
     1  H    0.000036  -0.000008  -0.000004   0.000001   0.000001  -0.000000
     2  H    0.001037   0.000017  -0.000000  -0.000003  -0.000002   0.000001
     3  H    0.001079   0.000026   0.000005  -0.000004  -0.000003   0.000001
     4  H   -0.050179   0.001212   0.001156   0.000005  -0.000000  -0.000004
     5  H   -0.061808   0.000930   0.001212   0.000026   0.000017  -0.000008
     6  H    0.541361  -0.061808  -0.050179   0.001079   0.001037   0.000036
     7  H    0.686006  -0.057961  -0.062481   0.000867   0.001083   0.000065
     8  H   -0.057961   0.680459   0.537683  -0.057958  -0.047564   0.000615
     9  H   -0.062481   0.537683   0.683568  -0.053009  -0.057694  -0.000582
    10  H    0.000867  -0.057958  -0.053009   0.635218   0.501811  -0.042180
    11  H    0.001083  -0.047564  -0.057694   0.501811   0.636469  -0.045061
    12  H    0.000065   0.000615  -0.000582  -0.042180  -0.045061   1.116750
 Mulliken charges:
               1
     1  H   -0.029634
     2  H    0.009907
     3  H    0.014146
     4  H    0.000326
     5  H    0.004358
     6  H    0.000896
     7  H    0.000896
     8  H    0.004358
     9  H    0.000326
    10  H    0.014146
    11  H    0.009907
    12  H   -0.029634
 Sum of Mulliken charges =  -0.00000
 Mulliken charges with hydrogens summed into heavy atoms:
               1
 Electronic spatial extent (au):  <R**2>=            459.7468
 Charge=             -0.0000 electrons
 Dipole moment (field-independent basis, Debye):
    X=              0.0000    Y=             -0.0000    Z=             -0.0000  Tot=              0.0000
 Quadrupole moment (field-independent basis, Debye-Ang):
   XX=            -26.1746   YY=            -13.9469   ZZ=            -15.6420
   XY=             -1.3586   XZ=             -0.0000   YZ=             -0.0000
 Traceless Quadrupole moment (field-independent basis, Debye-Ang):
   XX=             -7.5867   YY=              4.6409   ZZ=              2.9458
   XY=             -1.3586   XZ=             -0.0000   YZ=             -0.0000
 Octapole moment (field-independent basis, Debye-Ang**2):
  XXX=              0.0000  YYY=             -0.0000  ZZZ=             -0.0000  XYY=             -0.0000
  XXY=             -0.0000  XXZ=             -0.0000  XZZ=             -0.0000  YZZ=             -0.0000
  YYZ=             -0.0000  XYZ=             -0.0000
 Hexadecapole moment (field-independent basis, Debye-Ang**3):
 XXXX=          -1321.7877 YYYY=            -47.0022 ZZZZ=            -19.0388 XXXY=           -123.8686
 XXXZ=             -0.0000 YYYX=            -68.7538 YYYZ=             -0.0000 ZZZX=             -0.0000
 ZZZY=             -0.0000 XXYY=           -158.5667 XXZZ=           -158.0776 YYZZ=            -11.4360
 XXYZ=             -0.0000 YYXZ=             -0.0000 ZZXY=            -24.7532
 N-N= 1.433880645656D+01 E-N=-3.969437733235D+01  KE= 5.981306219178D+00
 Symmetry AG   KE= 2.926678673866D+00
 Symmetry BG   KE= 0.000000000000D+00
 Symmetry AU   KE= 0.000000000000D+00
 Symmetry BU   KE= 3.054627545313D+00

 Test job not archived.
 1\1\GINC-SULU\Stability\RHF\Gen\H12\LCJ1\10-Feb-2017\0\\#rhf/gen scf(s
 ymm,tight,novaracc,noincfock,fulldiag) stable(crhf) guess=read geom=no
 crowd test\\hf stability analysis of h12 triangular lattice, y= 1.7234
 297938777567 alpha= 79.000000000000000\\0,1\H\H,1,1.7556866905\H,1,1.7
 556866905,2,22.\H,2,1.7556866905,1,158.,3,0.,0\H,3,1.7556866905,1,180.
 ,2,0.,0\H,4,1.7556866905,2,180.,1,0.,0\H,5,1.7556866905,3,180.,2,0.,0\
 H,6,1.7556866905,4,180.,1,0.,0\H,7,1.7556866905,5,180.,2,0.,0\H,8,1.75
 56866905,6,180.,1,0.,0\H,9,1.7556866905,5,180.,2,0.,0\H,10,1.755686690
 5,6,180.,1,0.,0\\Version=ES64L-G09RevE.01\State=1-AG\HF=-5.9628576\MP2
 =-6.7792812\RMSD=1.952e-09\Dipole=0.,0.,0.\Quadrupole=2.7410524,2.1901
 385,-4.9311909,0.,-2.6392916,0.\PG=C02H [SGH(H12)]\\@


 When cryptography is outlawed, bayl bhgynjf jvyy unir cevinpl.
 Job cpu time:       0 days  0 hours  0 minutes  0.9 seconds.
 File lengths (MBytes):  RWF=     84 Int=      0 D2E=      0 Chk=      2 Scr=      2
 Normal termination of Gaussian 09 at Fri Feb 10 12:38:52 2017.
